years
 1997 1998 1999 2000 2001 2002 2003 2004 2005 2006 2007 2008 2009 2010 2011 2012 2013 2014 2015 2016 2017 2018 2019 2020 2021 2022 2023
reclasobs
 0 0 0 370054 412103 1.49427e+06 250295 1.28982e+06 931140 785840 897777 1.04006e+06 184774 17550 25797 100020 73551 82996 120727 218422 84188 347160 605670 569463 516374 1.08416e+06 1.01767e+06
reclaspred
 908085 192849 398720 181459 290438 345159 710875 564918 729967 963415 932070 656615 363012 132993 84645.6 89483.3 91409.9 108470 120215 135924 208140 235770 442774 574670 780528 632369 338658
pelacesobs
 0 0 0 0 0 0 0 0 0 2.06254e+06 1.5e+06 0 1.87456e+06 323000 250000 174000 83755 137374 0 501740 490994 745055 786931 1.00524e+06 1.33801e+06 1.41789e+06 0
pelacespred
 2.23615e+06 578121 487968 441768 696023 531073 1.68938e+06 1.35985e+06 1.77269e+06 2.34112e+06 1.79356e+06 1.29361e+06 738125 223911 152301 165578 167050 208508 225868 242914 479020 490245 720853 1.11271e+06 1.40443e+06 1.1393e+06 524051
mphobs
 0 0 0 0 0 0 112323 0 153150 637223 0 255016 313432 73983 77613 109348 50772 17779 17303 59886 28197 0 207744 136588 643089 65757 70829
mphpred
 287493 135472 130890 79659.4 79340.2 147937 183893 278223 268941 367689 419826 285261 168905 117291 53290.4 46361.4 41361.6 47287 34156.7 33278.1 48002.7 70057.4 94479.3 144451 195440 156557 108986
desembarqueobs
 350755 77701 442110 56441 14545 235359 269955 359681 431902 328805 639364 411747 362871 311530 167758 66681 60226 58785 57116 73181 50977 67692 138656 160484 209506 203330 245020
desembarquepred
 350738 77676.4 441780 56435.4 14544.9 235384 269980 359315 431586 328676 638823 411437 362604 310857 167419 66645.6 60233.1 58750.9 57058.6 73147.9 50966.6 67649.5 138621 160450 209482 203260 244860
Reclutas
 27341.1 41401.7 10530.8 14717.1 36780.2 19829.6 61120.3 57818.6 96723.7 113270 62760.1 47726.9 48556.8 28395.6 14947.7 10873.4 6977.04 8724.76 9282.97 10484.3 18858.8 26548.4 38137.3 55536.4 15840.2 25652.6 16099.3
log_desv_Rt
 0.0561465 0.471078 -0.897942 -0.563236 0.352715 -0.265068 0.860599 0.805065 1.31961 1.47753 0.887074 0.61325 0.630489 0.0939887 -0.547688 -0.865926 -1.30962 -1.08608 -1.02406 -0.902365 -0.315266 0.0267234 0.388949 0.764794 -0.489697 -0.00760077 -0.473466
SSB
 475328 223984 216407 131705 131177 244592 291947 451958 429523 592561 694121 471638 292494 147723 71367 61535.9 58560.9 62855.7 75484.1 79942.3 104988 148138 207241 298197 452064 380979 248256
BT
 1.32949e+06 349679 442429 236622 318605 374321 1.08635e+06 997803 1.29201e+06 1.34843e+06 1.29686e+06 911752 696562 394392 215000 126017 121361 141503 138416 161773 260311 248704 381543 593423 643062 597052 404965
Ftot
 0.923343 1.07861 2.2183 0.751782 0.14946 1.46057 1.15814 1.75081 1.82337 0.979029 1.56756 1.42357 2.40383 4.95303 4.94356 1.90589 1.64575 1.41542 1.17291 1.33571 0.691296 0.726325 0.75851 0.729446 0.586723 0.691511 1.50926
BD_Bspro_t
 0.912594 0.614221 0.498144 0.236806 0.343608 0.544174 0.444326 0.51075 0.457801 0.489683 0.491429 0.332727 0.238494 0.152039 0.0901487 0.0946927 0.123317 0.17773 0.251518 0.31273 0.4047 0.555061 0.593788 0.606096 0.635438 0.524512 0.413147
BD_Bspro
 0.890333 0.419542 0.40535 0.246696 0.245707 0.458143 0.546844 0.846559 0.804536 1.10992 1.30015 0.883421 0.547869 0.276699 0.133677 0.115262 0.10969 0.117735 0.141389 0.149739 0.196652 0.277476 0.388182 0.558551 0.846757 0.713608 0.465006
BD_Bo
 0.884883 0.416974 0.402868 0.245186 0.244203 0.455338 0.543496 0.841377 0.799611 1.10313 1.29219 0.878013 0.544515 0.275005 0.132859 0.114557 0.109018 0.117014 0.140523 0.148823 0.195448 0.275777 0.385805 0.555131 0.841573 0.70924 0.462159
BD_Brms
 1.60888 0.758134 0.732487 0.445792 0.444006 0.827887 0.988175 1.52978 1.45384 2.00569 2.34944 1.59639 0.990026 0.50001 0.241561 0.208285 0.198215 0.212752 0.255496 0.270586 0.35536 0.501412 0.701464 1.00933 1.53013 1.28953 0.84029
S_f
 0.0794475 0.62118 0.968901 0.998314 0.999911
 0.0794475 0.62118 0.968901 0.998314 0.999911
 0.0794475 0.62118 0.968901 0.998314 0.999911
 0.0794475 0.62118 0.968901 0.998314 0.999911
 0.0794475 0.62118 0.968901 0.998314 0.999911
 0.0794475 0.62118 0.968901 0.998314 0.999911
 0.0794475 0.62118 0.968901 0.998314 0.999911
 0.0794475 0.62118 0.968901 0.998314 0.999911
 0.0794475 0.62118 0.968901 0.998314 0.999911
 0.0794475 0.62118 0.968901 0.998314 0.999911
 0.0794475 0.62118 0.968901 0.998314 0.999911
 0.0794475 0.62118 0.968901 0.998314 0.999911
 0.0794475 0.62118 0.968901 0.998314 0.999911
 0.0794475 0.62118 0.968901 0.998314 0.999911
 0.0794475 0.62118 0.968901 0.998314 0.999911
 0.0794475 0.62118 0.968901 0.998314 0.999911
 0.0794475 0.62118 0.968901 0.998314 0.999911
 0.0794475 0.62118 0.968901 0.998314 0.999911
 0.0794475 0.62118 0.968901 0.998314 0.999911
 0.0794475 0.62118 0.968901 0.998314 0.999911
 0.0794475 0.62118 0.968901 0.998314 0.999911
 0.0794475 0.62118 0.968901 0.998314 0.999911
 0.0794475 0.62118 0.968901 0.998314 0.999911
 0.0794475 0.62118 0.968901 0.998314 0.999911
 0.0794475 0.62118 0.968901 0.998314 0.999911
 0.0794475 0.62118 0.968901 0.998314 0.999911
 0.0794475 0.62118 0.968901 0.998314 0.999911
Scru_reclas
 0.280982 0.662923 0.908236 0.980319 0.996027
 0.280982 0.662923 0.908236 0.980319 0.996027
 0.280982 0.662923 0.908236 0.980319 0.996027
 0.280982 0.662923 0.908236 0.980319 0.996027
 0.280982 0.662923 0.908236 0.980319 0.996027
 0.280982 0.662923 0.908236 0.980319 0.996027
 0.280982 0.662923 0.908236 0.980319 0.996027
 0.280982 0.662923 0.908236 0.980319 0.996027
 0.280982 0.662923 0.908236 0.980319 0.996027
 0.280982 0.662923 0.908236 0.980319 0.996027
 0.280982 0.662923 0.908236 0.980319 0.996027
 0.280982 0.662923 0.908236 0.980319 0.996027
 0.280982 0.662923 0.908236 0.980319 0.996027
 0.280982 0.662923 0.908236 0.980319 0.996027
 0.280982 0.662923 0.908236 0.980319 0.996027
 0.280982 0.662923 0.908236 0.980319 0.996027
 0.280982 0.662923 0.908236 0.980319 0.996027
 0.280982 0.662923 0.908236 0.980319 0.996027
 0.280982 0.662923 0.908236 0.980319 0.996027
 0.280982 0.662923 0.908236 0.980319 0.996027
 0.280982 0.662923 0.908236 0.980319 0.996027
 0.280982 0.662923 0.908236 0.980319 0.996027
 0.280982 0.662923 0.908236 0.980319 0.996027
 0.280982 0.662923 0.908236 0.980319 0.996027
 0.280982 0.662923 0.908236 0.980319 0.996027
 0.280982 0.662923 0.908236 0.980319 0.996027
 0.280982 0.662923 0.908236 0.980319 0.996027
Scru_pelaces
 0.507868 1 1 1 1
 0.507868 1 1 1 1
 0.507868 1 1 1 1
 0.507868 1 1 1 1
 0.507868 1 1 1 1
 0.507868 1 1 1 1
 0.507868 1 1 1 1
 0.507868 1 1 1 1
 0.507868 1 1 1 1
 0.507868 1 1 1 1
 0.507868 1 1 1 1
 0.507868 1 1 1 1
 0.507868 1 1 1 1
 0.507868 1 1 1 1
 0.507868 1 1 1 1
 0.507868 1 1 1 1
 0.507868 1 1 1 1
 0.507868 1 1 1 1
 0.507868 1 1 1 1
 0.507868 1 1 1 1
 0.507868 1 1 1 1
 0.507868 1 1 1 1
 0.507868 1 1 1 1
 0.507868 1 1 1 1
 0.507868 1 1 1 1
 0.507868 1 1 1 1
 0.507868 1 1 1 1
pf_obs 
 0.256992 0.487395 0.22802 0.0275931 0
 0.321318 0.546541 0.124235 0.00734118 0.000564706
 0.182869 0.594174 0.210203 0.0122559 0.00049798
 0.330522 0.361315 0.267642 0.0388342 0.00168674
 0.649043 0.306663 0.0425973 0.00169635 0
 0.582887 0.30429 0.105238 0.00758474 0
 0.465427 0.430635 0.0974691 0.00646863 0
 0.296916 0.608066 0.0921331 0.00288517 0
 0.311714 0.524322 0.152257 0.0117073 0
 0.15457 0.633149 0.183074 0.0267441 0.00246327
 0.131901 0.49318 0.331252 0.0422183 0.00144891
 0.196976 0.569456 0.194076 0.0375587 0.00193317
 0.518974 0.381816 0.0799577 0.0180837 0.00116848
 0.0928022 0.601141 0.25162 0.0475244 0.00691264
 0.122501 0.610282 0.24278 0.0234846 0.000952079
 0.383417 0.481906 0.127806 0.00687128 0
 0.0376549 0.599619 0.316969 0.0457579 0
 0.0361596 0.667082 0.258105 0.0386534 0
 0.158088 0.579412 0.248529 0.0139706 0
 0.0477256 0.309471 0.559284 0.082774 0.000745712
 0.0406174 0.521527 0.379366 0.0568643 0.0016247
 0.151134 0.462217 0.34131 0.0453401 0
 0.294876 0.26143 0.354403 0.0886775 0.000613685
 0.281977 0.475581 0.204845 0.0348837 0.00271318
 0.0841818 0.532909 0.334909 0.0458182 0.00218182
 0.115287 0.27431 0.454777 0.147771 0.00785563
 0 0 0 0 0
pf_pred 
 0.18342 0.550922 0.236038 0.0296103 1.01809e-05
 0.263978 0.494413 0.192188 0.0441314 0.0052891
 0.0822643 0.7285 0.151615 0.0302265 0.00739432
 0.217552 0.426907 0.323598 0.0259703 0.00597219
 0.329045 0.464791 0.140533 0.0599579 0.00567241
 0.13041 0.675407 0.151985 0.0290538 0.0131446
 0.414541 0.359556 0.199307 0.0210763 0.00551906
 0.256009 0.659595 0.0641781 0.0179444 0.00227375
 0.36904 0.506006 0.118473 0.00500289 0.00147711
 0.274923 0.632883 0.0834008 0.00836461 0.000428009
 0.142725 0.65949 0.18374 0.0127622 0.0012831
 0.165377 0.546495 0.253567 0.0322403 0.00232006
 0.254813 0.531495 0.171426 0.0374467 0.0048194
 0.271833 0.634369 0.0821013 0.00953048 0.00216638
 0.309293 0.655562 0.034326 0.000730066 8.941e-05
 0.282251 0.680126 0.0372915 0.000324601 6.67032e-06
 0.183914 0.671542 0.141287 0.00322997 2.6803e-05
 0.264322 0.52874 0.188788 0.0177651 0.000384916
 0.240327 0.604205 0.131184 0.0222613 0.00202237
 0.243605 0.569141 0.165907 0.0181553 0.00319186
 0.313881 0.520107 0.143209 0.0203277 0.00247555
 0.260401 0.575887 0.138744 0.0216594 0.00330886
 0.254208 0.545574 0.172772 0.0234073 0.0040383
 0.256028 0.544083 0.166055 0.0293653 0.00446913
 0.0608951 0.683309 0.212215 0.0364588 0.00712194
 0.143318 0.279931 0.474356 0.0855136 0.0168809
 0.131694 0.555908 0.145159 0.138557 0.0286813
pobs_RECLAS
 0 0 0 0 0
 0 0 0 0 0
 0 0 0 0 0
 0 0 0 0 0
 0.835266 0.146461 0.0176864 0.000547809 3.91292e-05
 0.385257 0.428462 0.181853 0.0044286 0
 0.867414 0.0963971 0.0333333 0.00285562 0
 0.441836 0.489002 0.0689373 0.000224442 0
 0.779404 0.147425 0.0564933 0.0165055 0.000172143
 0.814271 0.122319 0.05973 0.00367925 0
 0.40263 0.566651 0.0304383 0.000280538 0
 0.475488 0.404961 0.113038 0.00651328 0
 0.955842 0.0263864 0.0167828 0.000988607 0
 0.975058 0.0227948 0.00214734 0 0
 0.738997 0.206755 0.0527124 0.00153531 0
 0.850938 0.134255 0.0134407 0.00136685 0
 0.542534 0.407297 0.0501686 0 0
 0.764087 0.199537 0.0359546 0.000420521 0
 0.470689 0.182191 0.310203 0.0369168 0
 0.84361 0.089868 0.0606195 0.00523954 0.000663233
 0.607945 0.314616 0.071237 0.00620181 0
 0.523733 0.453247 0.0230204 0 0
 0.530135 0.295979 0.169645 0.0042399 0
 0.562478 0.366248 0.0663022 0.0049721 0
 0.250443 0.683176 0.0655157 0.000865301 0
 0.195077 0.31981 0.436473 0.0351445 0.0134964
 0.565238 0.351407 0.0832357 0.000118908 0
ppred_RECLAS
 0.449314 0.390523 0.141612 0.0185449 6.46688e-06
 0.568595 0.305237 0.0994546 0.0238179 0.00289495
 0.264583 0.613381 0.0970813 0.0199961 0.00495831
 0.504238 0.289119 0.187275 0.0157043 0.00366289
 0.628419 0.266511 0.0705319 0.0315139 0.0030243
 0.358683 0.518581 0.0951411 0.0189173 0.00867843
 0.72591 0.179538 0.0829758 0.00914652 0.00242894
 0.563292 0.396016 0.030655 0.00889405 0.0011426
 0.692223 0.257428 0.0476378 0.00208608 0.000624438
 0.572789 0.380285 0.0422721 0.00442438 0.000229603
 0.386026 0.493908 0.11122 0.00802832 0.000818426
 0.429964 0.397724 0.150894 0.0199613 0.00145658
 0.588889 0.315813 0.0759561 0.0171098 0.00223181
 0.681833 0.295026 0.0202509 0.00234893 0.00054023
 0.711859 0.280164 0.00779149 0.000165606 2.05206e-05
 0.596259 0.386947 0.0166408 0.000150097 3.12693e-06
 0.45899 0.461229 0.0779146 0.00184993 1.55649e-05
 0.574599 0.321939 0.0940515 0.00920863 0.000202321
 0.53455 0.382843 0.0692331 0.0122454 0.00112816
 0.544279 0.358221 0.0859612 0.00979342 0.00174597
 0.61748 0.29993 0.0707907 0.0105025 0.00129727
 0.553828 0.358373 0.0738789 0.0120524 0.00186748
 0.548049 0.343555 0.0929381 0.013156 0.00230207
 0.549861 0.341841 0.0892578 0.0164947 0.00254615
 0.185805 0.61442 0.164391 0.029533 0.00585154
 0.38576 0.220869 0.320819 0.0604487 0.0121033
 0.367374 0.431328 0.091468 0.090777 0.0190535
pobs_PELACES
 0 0 0 0 0
 0 0 0 0 0
 0 0 0 0 0
 0 0 0 0 0
 0 0 0 0 0
 0 0 0 0 0
 0 0 0 0 0
 0 0 0 0 0
 0 0 0 0 0
 0 0 0 0 0
 0.450072 0.473896 0.0757376 0.000293798 0
 0 0 0 0 0
 0.463077 0.371075 0.160297 0.00555027 0
 0.529543 0.364841 0.0842815 0.0213345 0
 0.631943 0.363953 0.00410389 0 0
 0.735681 0.248677 0.0153453 0.000297389 0
 0.695825 0.281241 0.0229344 0 0
 0.275771 0.60734 0.115278 0.00161068 0
 0 0 0 0 0
 0.896147 0.0623911 0.0374545 0.00400742 0
 0.803859 0.145111 0.0509908 3.86294e-05 0
 0.739449 0.233085 0.0266225 0.000797448 4.60066e-05
 0.878498 0.100942 0.0204185 0.000141795 0
 0.694673 0.275183 0.0284847 0.00165964 0
 0.469039 0.446079 0.0841089 0.000773354 0
 0.822795 0.102175 0.0682046 0.00682512 0
 0 0 0 0 0
ppred_PELACES
 0.562107 0.345695 0.0822992 0.009896 3.39481e-06
 0.68205 0.251983 0.0529506 0.0116261 0.00139002
 0.408996 0.53226 0.04767 0.00890298 0.00217027
 0.61843 0.25872 0.11221 0.00865433 0.00198592
 0.694615 0.23937 0.0454524 0.0187878 0.00177443
 0.484891 0.450626 0.0510324 0.00926852 0.00418173
 0.817202 0.137136 0.0405036 0.00409023 0.00106842
 0.687387 0.294926 0.0136306 0.00360217 0.000455045
 0.800099 0.179247 0.0196402 0.000782834 0.000230413
 0.665665 0.309617 0.0224514 0.00215649 0.000110089
 0.519304 0.418997 0.0575298 0.0037893 0.000379885
 0.568978 0.340553 0.0800933 0.0096815 0.000694801
 0.746854 0.217503 0.0289779 0.0059081 0.000757543
 0.866756 0.12912 0.00366445 0.000375308 8.47341e-05
 0.879258 0.119339 0.00137371 2.57837e-05 3.13635e-06
 0.716837 0.27614 0.00696525 5.71388e-05 1.17041e-06
 0.591691 0.369741 0.0377441 0.000817109 6.76067e-06
 0.696918 0.253024 0.0458651 0.00410371 8.8674e-05
 0.644974 0.312589 0.0360645 0.00584289 0.000529485
 0.664201 0.287336 0.0431759 0.00449857 0.000788803
 0.70225 0.251583 0.0400361 0.00546618 0.000664294
 0.644624 0.305731 0.0423246 0.00635206 0.000968343
 0.644277 0.294323 0.0532704 0.00693507 0.0011939
 0.644801 0.293649 0.051471 0.0087502 0.00132888
 0.248239 0.616866 0.112623 0.0186387 0.00363363
 0.520386 0.219745 0.215203 0.0373156 0.00735098
 0.512298 0.383273 0.0498909 0.0452061 0.00933143
pobs_pel_tallas
 0 0 0 0 0 0 0 0 0 0 0 0 0 0 0 0 0 0 0 0 0 0 0 0 0 0 0 0 0 0 0 0 0 0 0 0
 0 0 0 0 0 0 0 0 0 0 0 0 0 0 0 0 0 0 0 0 0 0 0 0 0 0 0 0 0 0 0 0 0 0 0 0
 0 0 0 0 0 0 0 0 0 0 0 0 0 0 0 0 0 0 0 0 0 0 0 0 0 0 0 0 0 0 0 0 0 0 0 0
 0 0 0 0 0 0 0 0 0 0 0 0 0 0 0 0 0 0 0 0 0 0 0 0 0 0 0 0 0 0 0 0 0 0 0 0
 0 0 0 0 0 0 0 0 0 0 0 0 0 0 0 0 0 0 0 0 0 0 0 0 0 0 0 0 0 0 0 0 0 0 0 0
 0 0 0 0 0 0 0 0 0 0 0 0 0 0 0 0 0 0 0 0 0 0 0 0 0 0 0 0 0 0 0 0 0 0 0 0
 0 0 0 0 0 0 0 0 0 0 0 0 0 0 0 0 0 0 0 0 0 0 0 0 0 0 0 0 0 0 0 0 0 0 0 0
 0 0 0 0 0 0 0 0 0 0 0 0 0 0 0 0 0 0 0 0 0 0 0 0 0 0 0 0 0 0 0 0 0 0 0 0
 0 0 0 0 0 0 0 0 0 0 0 0 0 0 0 0 0 0 0 0 0 0 0 0 0 0 0 0 0 0 0 0 0 0 0 0
 0 0 0 0 0 0 0 0 0 0 0 0 0 0 0 0 0 0 0 0 0 0 0 0 0 0 0 0 0 0 0 0 0 0 0 0
 0 0 0 0 0 0 0 0 1.78061e-05 0.00172719 0.00360574 0.0105946 0.0120993 0.0124554 0.0147524 0.0171206 0.0266825 0.0428682 0.0675386 0.121331 0.153587 0.119568 0.100827 0.0573624 0.0630603 0.0341343 0.0324427 0.0444173 0.0211091 0.0280891 0.0125444 0.00206551 0 0 0 0
 0 0 0 0 0 0 0 0 0 0 0 0 0 0 0 0 0 0 0 0 0 0 0 0 0 0 0 0 0 0 0 0 0 0 0 0
 0 0 0 0 0 0 0.0133647 0.0140871 0.0187388 0.0205184 0.03894 0.0496705 0.03968 0.0493445 0.0407372 0.0367815 0.0215668 0.0243155 0.0234873 0.0199281 0.019796 0.0243948 0.0301388 0.0376714 0.0412746 0.0863199 0.0771752 0.113111 0.0741005 0.0525337 0.0229764 0.00759418 0.00175318 0 0 0
 0 0 0 0 0 0 0 0 0 0 0.00219441 0.00772107 0.0458388 0.0604681 0.0671733 0.0775358 0.0609151 0.0617685 0.073594 0.0568108 0.0755445 0.0548602 0.0670107 0.0636378 0.0643287 0.046367 0.0373049 0.0286899 0.0247887 0.0153202 0.00654259 0.00121912 0.000365735 0 0 0
 0 0 0 0 0 0 0 0 0 0 0 0 0.000112435 0.00938835 0.0111873 0.0202946 0.0414886 0.0713402 0.111592 0.104902 0.108894 0.110636 0.117776 0.105296 0.107544 0.0401394 0.0192827 0.0124803 0.00416011 0.0028671 0.000618394 0 0 0 0 0
 0 0 0 0 0 0 0 0 0 0 0.00291406 0.0102884 0.027416 0.0768956 0.0749926 0.110853 0.0956884 0.0897413 0.0766577 0.0534642 0.0500743 0.0551293 0.0594112 0.0620874 0.0668451 0.0424026 0.0208742 0.0120726 0.0048766 0.00582813 0.00118941 0.000297354 0 0 0 0
 0 0.00264628 0.0354308 0.0461629 0.0458689 0.0383711 0.0214643 0.0164657 0.0346957 0.0420465 0.0363128 0.0245516 0.0311673 0.0291091 0.0169068 0.0133784 0.00837989 0.0085269 0.0148486 0.0160247 0.0276389 0.0546898 0.0760071 0.122758 0.109233 0.0665981 0.0333725 0.0166128 0.00676272 0.00308733 0.000882094 0 0 0 0 0
 0 0 0 0 0 0 0 0.000805153 0.000690131 0.00759144 0.0133425 0.0154129 0.00931677 0.000345066 0.00356568 0.00563607 0.00851162 0.0253048 0.0502646 0.0516448 0.0657925 0.0565908 0.0611916 0.0827007 0.0866115 0.110766 0.145733 0.0935128 0.0569358 0.0249597 0.0138026 0.00621118 0.00161031 0.00115022 0 0
 0 0 0 0 0 0 0 0 0 0 0 0 0 0 0 0 0 0 0 0 0 0 0 0 0 0 0 0 0 0 0 0 0 0 0 0
 0.00147267 0.00158595 0.00478618 0.00569244 0.00954404 0.0108468 0.00647125 0.017049 0.0510054 0.094081 0.124002 0.0959785 0.0687766 0.0820023 0.061753 0.0591476 0.0492212 0.0479892 0.0443925 0.0268479 0.0217502 0.0140895 0.0121071 0.0120363 0.00920419 0.00665534 0.0049561 0.00860946 0.00930331 0.0156896 0.0114698 0.00855282 0.00243557 0.00046729 0 2.83206e-05
 0 0 0 0 0.000772559 0.00158375 0.000888443 0.00281984 0.00712685 0.0440552 0.0773331 0.111326 0.0921469 0.0852325 0.0710754 0.0886704 0.0786465 0.0553345 0.0373146 0.0185414 0.00753245 0.00457741 0.012979 0.0271748 0.0457355 0.0583668 0.034881 0.0177882 0.00938659 0.00492506 0.0015258 0.00185414 0.000309023 5.79419e-05 3.86279e-05 0
 0 0.00173294 0.00326652 0 0.00397197 0.00683976 0.00946217 0.0152591 0.00757587 0.0136028 0.0228656 0.0392903 0.0559909 0.0764795 0.0681675 0.0726916 0.0566044 0.0477403 0.0527397 0.0444891 0.0609904 0.0582453 0.0661739 0.0445044 0.0529084 0.0360697 0.0280645 0.0235558 0.0158879 0.00826598 0.00280645 0.00217768 0.000904811 0.00058276 9.20147e-05 0
 0 0 0 0 0 0 0 0 0 0 0 0 0 0 0 0 0 0 0 0 0 0 0 0 0 0 0 0 0 0 0 0 0 0 0 0
 0 0 0 0 0 0 0 0 0 0 0 0 0 0 0 0 0 0 0 0 0 0 0 0 0 0 0 0 0 0 0 0 0 0 0 0
 0 0 0 0 0 0 0 0 0 0 0 0 0 0 0 0 0 0 0 0 0 0 0 0 0 0 0 0 0 0 0 0 0 0 0 0
 0 0 0 0 0 0 0 0 0 0 0 0 0 0 0 0 0 0 0 0 0 0 0 0 0 0 0 0 0 0 0 0 0 0 0 0
 0 0 0 0 0 0 0 0 0 0 0 0 0 0 0 0 0 0 0 0 0 0 0 0 0 0 0 0 0 0 0 0 0 0 0 0
ppred_pel_tallas
 1.01622e-16 2.45373e-05 0.000143985 0.000684377 0.00263478 0.00821623 0.0207538 0.0424668 0.0704 0.0945651 0.102958 0.090941 0.0653704 0.0386993 0.0198071 0.010473 0.00811707 0.00965555 0.0131606 0.0176899 0.0226869 0.0276293 0.0319548 0.0351296 0.0367596 0.0366793 0.034985 0.0319989 0.0281799 0.0240123 0.0199094 0.0161567 0.0129014 0.0101768 0.00794442 0.00613438
 1.01299e-16 2.97635e-05 0.000174676 0.000830306 0.00319668 0.00996851 0.0251798 0.0515219 0.0854062 0.114707 0.124846 0.110177 0.0789856 0.046333 0.0229278 0.0108515 0.0068972 0.00726767 0.00961591 0.0128625 0.0164806 0.0200612 0.02319 0.0254791 0.0266438 0.0265667 0.0253218 0.0231471 0.020379 0.0173709 0.0144222 0.0117375 0.00941869 0.00748461 0.00590194 0.00461577
 1.01258e-16 1.78685e-05 0.000104816 0.000498125 0.0019176 0.00597969 0.0151047 0.0309097 0.0512494 0.0688661 0.0750442 0.0664422 0.0481021 0.029163 0.0161894 0.0105963 0.0106224 0.0141003 0.0196204 0.0263688 0.0336723 0.0407612 0.0467753 0.0509059 0.0525768 0.051582 0.0481348 0.0428042 0.0363679 0.0296298 0.023261 0.0177067 0.0131686 0.00964721 0.0070158 0.00509333
 1.02068e-16 2.69899e-05 0.000158391 0.000752883 0.00289858 0.00903889 0.0228317 0.0467176 0.0774433 0.104015 0.113219 0.0999374 0.0716917 0.0421496 0.0210364 0.010259 0.00693142 0.00763103 0.0102435 0.0137919 0.0177841 0.0218173 0.0254688 0.0283313 0.0300908 0.030592 0.0298662 0.0281076 0.0256142 0.022711 0.0196846 0.0167443 0.0140153 0.0115541 0.00937427 0.00746975
 1.01452e-16 3.03109e-05 0.000177891 0.000845592 0.00325554 0.0101521 0.0256434 0.0524704 0.0869779 0.116816 0.127138 0.11219 0.0804064 0.0471223 0.0232364 0.0108605 0.00672076 0.00694457 0.00914117 0.0122183 0.0156555 0.0190604 0.0220399 0.0242269 0.0253529 0.0253079 0.0241629 0.0221438 0.0195684 0.0167691 0.014026 0.0115278 0.00936656 0.00755553 0.00606046 0.00482866
 1.01386e-16 2.11745e-05 0.000124233 0.000590452 0.00227311 0.00708836 0.017905 0.0366387 0.0607429 0.0816067 0.088885 0.0785949 0.0566796 0.0339232 0.0180408 0.0106315 0.00953094 0.0121181 0.0167237 0.0224624 0.0287061 0.0347911 0.0399876 0.0436097 0.0451653 0.0444732 0.0417044 0.037329 0.0319937 0.0263685 0.0210141 0.0163042 0.0124107 0.00933987 0.00699333 0.00522866
 1.00811e-16 3.56521e-05 0.000209258 0.000994735 0.00382981 0.0119429 0.0301669 0.061725 0.102314 0.137401 0.149507 0.131845 0.094313 0.0549082 0.026398 0.011202 0.00540476 0.00440524 0.00538719 0.00712369 0.00913245 0.0111456 0.0129291 0.0142686 0.0150046 0.0150665 0.014486 0.0133835 0.0119333 0.0103213 0.00870741 0.00720356 0.00587002 0.00472462 0.00375857 0.00295146
 1.00435e-16 2.99979e-05 0.000176048 0.000836821 0.00322175 0.0100467 0.0253773 0.0519263 0.0860776 0.115612 0.12584 0.111074 0.0796717 0.0468221 0.0233295 0.0113048 0.00752658 0.00817067 0.0108608 0.0144792 0.0184453 0.0222819 0.0255026 0.0276598 0.028439 0.0277339 0.0256736 0.0225859 0.0189141 0.0151141 0.0115644 0.00851378 0.00607065 0.00422772 0.00290379 0.00198637
 1.00375e-16 3.4908e-05 0.000204885 0.00097394 0.00374973 0.0116932 0.0295361 0.0604348 0.100177 0.134534 0.146397 0.129127 0.0924204 0.0539105 0.0261127 0.0114131 0.00599367 0.00535804 0.00674302 0.00892156 0.0113734 0.01377 0.0158085 0.0172138 0.0177904 0.017467 0.0163136 0.0145201 0.0123473 0.0100655 0.00790141 0.00600674 0.00445181 0.00323966 0.0023302 0.00166453
 1.00499e-16 2.90514e-05 0.00017049 0.000810393 0.00311999 0.00972935 0.0245757 0.0502864 0.0833599 0.111964 0.121875 0.107588 0.0772023 0.0454328 0.0227524 0.0112164 0.00771645 0.00855757 0.01144 0.0152724 0.0194714 0.0235429 0.0269772 0.0293031 0.0301871 0.0295133 0.0274112 0.024219 0.0203962 0.0164175 0.0126788 0.00944197 0.00682462 0.00482465 0.0033634 0.00232918
 1.01102e-16 2.26738e-05 0.000133038 0.000632319 0.00243432 0.00759109 0.0191748 0.0392366 0.065048 0.0873847 0.0951633 0.0841105 0.0605792 0.0361009 0.0189146 0.0107047 0.00912665 0.0113549 0.0156018 0.0209467 0.0267757 0.0324644 0.0373314 0.0407361 0.042217 0.0416006 0.0390402 0.0349686 0.0299838 0.0247083 0.0196661 0.0152101 0.0115078 0.00857352 0.00632373 0.00463204
 1.01614e-16 2.48367e-05 0.000145743 0.000692736 0.00266697 0.00831661 0.0210073 0.0429855 0.0712596 0.0957189 0.104212 0.0920431 0.0661507 0.0391372 0.019987 0.0104964 0.00804989 0.00952267 0.0129628 0.0174199 0.022339 0.0272039 0.0314602 0.0345826 0.0361833 0.0360994 0.0344269 0.0314837 0.0277221 0.0236197 0.0195834 0.0158941 0.012696 0.010021 0.00783041 0.00605449
 1.00721e-16 3.25878e-05 0.00019126 0.000909157 0.00350029 0.0109153 0.0275713 0.0564149 0.0935152 0.125592 0.136679 0.120584 0.0863699 0.0505097 0.024706 0.0112093 0.00647868 0.00633351 0.00819706 0.010905 0.0139279 0.0168923 0.0194363 0.0212267 0.022024 0.021738 0.0204473 0.0183749 0.0158288 0.0131292 0.0105448 0.0082559 0.00634707 0.00482445 0.00364457 0.00274304
 1.00112e-16 3.78125e-05 0.000221942 0.00105504 0.004062 0.012667 0.0319958 0.0654671 0.108517 0.145728 0.158562 0.139819 0.0999904 0.0581594 0.0278587 0.011643 0.00534659 0.0040769 0.00483754 0.00632405 0.00803044 0.00968793 0.0110724 0.0119865 0.0122932 0.0119477 0.0110087 0.00962255 0.00798624 0.00630197 0.0047375 0.00340264 0.00234469 0.0015592 0.00100848 0.000640615
 1.0006e-16 3.83572e-05 0.000225141 0.00107025 0.00412057 0.0128497 0.0324572 0.066411 0.110081 0.147827 0.160844 0.141824 0.10141 0.0589553 0.0281842 0.0116829 0.00522023 0.00382931 0.00447012 0.00582399 0.00738802 0.00890522 0.0101668 0.0109904 0.0112502 0.0109059 0.0100137 0.00871068 0.00718103 0.00561331 0.00416368 0.00293399 0.00196747 0.00125878 0.000771367 0.000455266
 1.00191e-16 3.12813e-05 0.000183585 0.000872653 0.00335972 0.0104769 0.0264641 0.0541498 0.0897625 0.120558 0.131216 0.115801 0.0830223 0.0487107 0.024121 0.0114398 0.00729328 0.00768283 0.0101285 0.0134764 0.0171481 0.0206875 0.0236369 0.0255775 0.0262169 0.02546 0.0234334 0.0204512 0.0169363 0.0133224 0.00996928 0.00711249 0.00485337 0.00318196 0.00201684 0.00124581
 1.00685e-16 2.58282e-05 0.000151561 0.000720392 0.00277344 0.00864864 0.021846 0.0447017 0.074105 0.0995418 0.108376 0.0957263 0.068809 0.0407319 0.0208403 0.0110037 0.00850125 0.010078 0.0136921 0.0183352 0.0234028 0.0283274 0.0325042 0.0353691 0.03652 0.0358119 0.0333917 0.0296543 0.0251407 0.0204115 0.0159367 0.0120298 0.00883586 0.00635956 0.0045158 0.00318016
 1.00879e-16 3.04119e-05 0.000178482 0.000848401 0.00326635 0.0101858 0.0257286 0.0526448 0.0872674 0.117206 0.127565 0.112573 0.0806957 0.0473209 0.0233881 0.0110207 0.00693813 0.0072565 0.0095745 0.0127874 0.0163574 0.0198693 0.0229051 0.0250753 0.0260967 0.0258574 0.0244408 0.0220969 0.0191764 0.0160461 0.0130166 0.0102995 0.00799902 0.00613072 0.0046538 0.00350274
 1.0084e-16 2.81493e-05 0.000165193 0.000785212 0.00302304 0.009427 0.023812 0.0487239 0.08077 0.108487 0.118093 0.104258 0.0748308 0.0440736 0.0221395 0.0110273 0.00773281 0.00868263 0.0116521 0.0155825 0.0199009 0.024114 0.027709 0.0302087 0.0312713 0.0307709 0.0288262 0.0257643 0.0220349 0.0181047 0.0143645 0.0110759 0.00835996 0.0062226 0.00459623 0.00338193
 1.00899e-16 2.89867e-05 0.000170112 0.0008086 0.00311309 0.00970785 0.0245214 0.0501751 0.0831748 0.111713 0.121598 0.107333 0.0769963 0.0452656 0.0225841 0.0109957 0.00739312 0.00808766 0.0107901 0.0144269 0.0184418 0.0223755 0.0257555 0.0281412 0.0292146 0.0288542 0.0271613 0.0244279 0.0210594 0.0174781 0.0140401 0.0109854 0.00842902 0.00638276 0.00479269 0.0035765
 1.0087e-16 3.06443e-05 0.000179847 0.00085489 0.00329134 0.0102637 0.0259254 0.0530475 0.0879347 0.118102 0.128539 0.11343 0.0813054 0.0476684 0.023541 0.011061 0.00692049 0.00720395 0.00949066 0.0126678 0.0161957 0.0196601 0.0226454 0.0247653 0.0257405 0.0254629 0.0240189 0.0216613 0.0187421 0.0156283 0.0126294 0.00995474 0.00770504 0.00589184 0.0044701 0.00337046
 1.00964e-16 2.81337e-05 0.000165103 0.000784782 0.00302139 0.00942185 0.023799 0.0486972 0.0807257 0.108426 0.118027 0.104196 0.074779 0.0440288 0.0220908 0.0109604 0.00763331 0.00853751 0.0114512 0.0153209 0.0195819 0.0237518 0.0273291 0.0298461 0.0309658 0.0305606 0.0287408 0.0258194 0.0222294 0.0184215 0.0147746 0.011543 0.00884729 0.00669735 0.00503306 0.00376439
 1.01147e-16 2.81182e-05 0.000165013 0.000784356 0.00301975 0.00941674 0.0237861 0.0486707 0.0806814 0.108366 0.117959 0.10413 0.0747199 0.04397 0.0220172 0.0108521 0.00746909 0.00829701 0.011118 0.0148872 0.0190533 0.0231517 0.0266998 0.0292454 0.0304594 0.0302111 0.0285964 0.0259048 0.0225418 0.0189317 0.0154333 0.0122903 0.00962247 0.00744706 0.00571684 0.00435678
 1.0119e-16 2.8141e-05 0.000165147 0.000784993 0.0030222 0.00942439 0.0238054 0.0487102 0.0807469 0.108454 0.118054 0.104214 0.0747787 0.0440021 0.0220285 0.0108499 0.00745761 0.00827718 0.0110889 0.0148473 0.0190017 0.0230883 0.0266259 0.0291639 0.0303746 0.0301283 0.0285211 0.0258425 0.0224969 0.0189072 0.0154306 0.012309 0.00966039 0.00750064 0.00578154 0.00442762
 1.0261e-16 1.08623e-05 6.36751e-05 0.00030252 0.00116444 0.00363097 0.00917216 0.0187719 0.0311336 0.0418629 0.0456906 0.0406245 0.0297832 0.0188 0.0117748 0.00970342 0.0116529 0.0164069 0.0231267 0.0312094 0.0399902 0.0486116 0.0560844 0.0614644 0.064062 0.0636019 0.0602824 0.0547066 0.04772 0.0402068 0.0329146 0.0263509 0.020764 0.01619 0.0125313 0.0096337
 1.04753e-16 2.27133e-05 0.000133287 0.000633542 0.0024391 0.00760603 0.0192123 0.0393119 0.0651675 0.0875293 0.0952786 0.0841126 0.0603637 0.0355397 0.0178344 0.00886792 0.00623316 0.00707749 0.00965447 0.0131772 0.0172646 0.0216017 0.0258399 0.029619 0.0326266 0.0346522 0.0356145 0.0355523 0.0345904 0.0328939 0.03063 0.0279479 0.0249774 0.0218369 0.0186434 0.0155144
 1.02823e-16 2.23668e-05 0.000131239 0.000623774 0.00240144 0.00748855 0.0189158 0.0387063 0.064168 0.0862001 0.0938666 0.0829489 0.0597087 0.0355146 0.0184845 0.0102693 0.00854664 0.0105254 0.0144488 0.0194297 0.0249004 0.0302963 0.0350032 0.0384413 0.0401896 0.0400829 0.0382459 0.0350493 0.0310068 0.0266496 0.022418 0.0186002 0.0153252 0.0125951 0.010338 0.00845746
pSPR Fmed_Fpbrs
0.53573   0.6 0.325
Fs Fmed_Fpbrs
0.64   0.483021 1.72738
SSBpbr Bo_Bmed_Bpbrs
537165  260917  295441 147720
Ro
25848.3
SPR SPRFo_SPRFmed_SPRFpbrs
533877 286014 173510
log_Ro
9.98
likeval ReclasPelacesDesembMPH_pf_preclas_ppelaces_ptallas_desvR_qrecl_qpela
 77.375 0.000135996 0.0798796 41.2092 337.284 210.459 56.7295 0 21.5744 2.75798e-05 0.00015596 5.44597e-14 0 0 0
q_reclas_q_pelaces
2.10472 5.91046
M
0.7
N
 27341.1 12934.4 4019.59 494.351 0.169794
 41401.7 12616.9 3619.47 815.913 97.6904
 10530.8 18871.1 3205.99 632.078 154.534
 14717.1 4384.45 2362.36 185.575 42.6266
 36780.2 6884.56 1364.89 566.238 53.4897
 19829.6 18048.9 3115.66 586.408 265.085
 61120.3 8768.26 3617.59 375.796 98.3131
 57818.6 27683.4 2120.65 584.899 74.0593
 96723.7 24983.4 4633.28 193.083 56.968
 113270 41554.1 3997.11 393.214 20.0997
 62760.1 52039 11232.9 768.733 77.2273
 47726.9 27516.4 9759.67 1221.45 87.8237
 48556.8 21166 5643.4 1220.13 156.946
 28395.6 19920.6 2361.23 272.916 62.0227
 14947.7 9513.65 456.133 9.65945 1.18271
 10873.4 5011.84 219.125 1.88318 0.038672
 6977.04 4640.86 761.78 17.1676 0.142353
 8724.76 3040.05 829.108 76.7913 1.66244
 9282.97 3871.78 626.658 104.475 9.48233
 10484.3 4199.63 927.858 99.8794 17.5444
 18858.8 4682.17 909.63 126.307 15.3639
 26548.4 8864.52 1513.37 231.19 35.2778
 38137.3 12444.3 2803.53 371.802 64.0715
 55536.4 17830.9 3857.78 667.615 101.488
 15840.2 26025.7 5628.34 944.906 184.354
 25652.6 7507.74 8976.63 1583.03 312.134
 16099.3 12057.7 2426.33 2281.01 471.789
pred_Ctot
 1396.68 4195.08 1797.35 225.472 0.0775241
 2457.35 4602.44 1789.06 410.815 49.2357
 1236.22 10947.4 2278.38 454.226 111.117
 615.766 1208.33 915.92 73.5072 16.9039
 312.442 441.338 133.442 56.9324 5.38618
 1572.9 8146.21 1833.12 350.423 158.539
 3884.5 3369.26 1867.63 197.498 51.717
 5443.09 14023.8 1364.51 381.522 48.3428
 9459.51 12970.3 3036.8 128.238 37.8623
 6123.36 14096.2 1857.58 186.305 9.53302
 5323.21 24597 6852.96 475.993 47.8559
 3694.52 12208.7 5664.69 720.247 51.8301
 6138.07 12802.9 4129.4 902.035 116.092
 6794.8 15856.8 2052.22 238.226 54.1514
 3571.11 7569.14 396.329 8.42936 1.03233
 1108.41 2670.87 146.444 1.27471 0.0261945
 619.636 2262.54 476.02 10.8823 0.0903038
 671.702 1343.65 479.754 45.1451 0.978159
 597.201 1501.42 325.985 55.3182 5.02548
 763.801 1784.49 520.188 56.9243 10.0078
 727.098 1204.82 331.741 47.0887 5.73455
 1074.13 2375.47 572.306 89.3426 13.6487
 1609.58 3454.43 1093.95 148.209 25.5694
 2256.37 4794.99 1463.44 258.796 39.3863
 520.221 5837.44 1812.94 311.464 60.8421
 989.332 1932.39 3274.52 590.307 116.53
 1317.37 5560.91 1452.07 1386.03 286.907
F
 0.0733573 0.573563 0.894629 0.921786 0.923261
 0.0856931 0.670014 1.04507 1.07679 1.07852
 0.176239 1.37797 2.14932 2.21456 2.21811
 0.0597272 0.466992 0.728403 0.750515 0.751716
 0.0118742 0.0928414 0.144812 0.149208 0.149446
 0.116039 0.907278 1.41515 1.45811 1.46044
 0.0920113 0.719414 1.12212 1.15619 1.15804
 0.139097 1.08757 1.69636 1.74786 1.75065
 0.144862 1.13264 1.76667 1.8203 1.82321
 0.0777814 0.608153 0.948582 0.977378 0.978942
 0.124538 0.973735 1.51881 1.56491 1.56742
 0.113099 0.884295 1.3793 1.42117 1.42345
 0.190978 1.49321 2.32908 2.39978 2.40362
 0.393506 3.07673 4.799 4.94468 4.95259
 0.392753 3.07084 4.78982 4.93522 4.94312
 0.151418 1.1839 1.84662 1.90268 1.90572
 0.13075 1.02231 1.59457 1.64297 1.6456
 0.112451 0.87923 1.3714 1.41303 1.41529
 0.093185 0.728591 1.13644 1.17094 1.17281
 0.106118 0.829714 1.29417 1.33345 1.33559
 0.0549217 0.429419 0.669798 0.69013 0.691235
 0.0577047 0.451179 0.703737 0.7251 0.72626
 0.0602617 0.471172 0.734921 0.757231 0.758443
 0.0579526 0.453117 0.706761 0.728216 0.729381
 0.0466137 0.364461 0.568477 0.585734 0.586671
 0.0549388 0.429553 0.670006 0.690345 0.69145
 0.119907 0.937521 1.46232 1.50671 1.50912
Np
 16492.6 7881.66 2608.64 729.194 111.816
YTP_r0W_actual
 3582.23 49396.3 21033.4 25869.9 5945.51
YTP_p0W_proyectada
 3669.74 29050.7 20326.3 3166.16 3511.15
 3669.74 32288.5 22613.8 8270.09 1409.12
CTP_r0_actual
 436.857 2286.87 669.854 645.134 133.607
CTP_p0_proyectada
 447.529 1344.94 647.334 78.9566 78.9023
 447.529 1494.84 720.184 206.237 31.6655
Wmedp
 8.2 21.6 31.4 40.1 44.5
nmprior
 10.8 10.6 4.6 0
nm_flota  nm_reclas  nm_pelaces    nm_pelaL
inf 22.0879 11.3196 29.8786
cv_recla  cv_pelaces  cv_mph
0.761782 0.425826 0.5147
 ------------------------------------------------
Talla a la edad & desviaci?n 
 7.2 14.2025 17.0495 18.207 18.6776
 1.08 2.13037 2.55742 2.73105 2.80164
