years
 1997 1998 1999 2000 2001 2002 2003 2004 2005 2006 2007 2008 2009 2010 2011 2012 2013 2014 2015 2016 2017 2018 2019 2020 2021 2022 2023
reclasobs
 0 0 0 370054 412103 1.49427e+06 250295 1.28982e+06 931140 785840 897777 1.04006e+06 184774 17550 25797 100020 73551 82996 120727 218422 84188 347160 605670 569463 516374 1.08416e+06 1.01767e+06
reclaspred
 522012 133256 329539 205632 310255 369044 788182 569779 738799 826843 728891 503564 278601 103860 74021.7 75315.3 81483.2 107170 121609 158055 248749 266478 490258 621167 780076 682788 563334
pelacesobs
 0 0 0 0 0 0 0 0 0 2.06254e+06 1.5e+06 0 1.87456e+06 323000 250000 174000 83755 137374 0 501740 490994 745055 786931 1.00524e+06 1.33801e+06 1.41789e+06 0
pelacespred
 1.73129e+06 394224 541806 565648 766283 660986 1.81915e+06 1.47202e+06 1.84108e+06 2.05229e+06 1.50859e+06 1.07278e+06 585197 179318 136520 146335 161867 222622 250718 320563 604219 603908 889968 1.31954e+06 1.58154e+06 1.4829e+06 1.15949e+06
mphobs
 0 0 0 0 0 0 112323 0 153150 637223 0 255016 313432 73983 77613 109348 50772 17779 17303 59886 28197 0 207744 136588 643089 65757 70829
mphpred
 185947 101574 110012 98152.6 105554 167958 229552 297519 282977 357502 370397 255238 147819 101585 49166.3 45577.1 44421.8 56048.8 29283.5 31972.2 49744.8 69182.3 93473 140509 181212 165153 135646
desembarqueobs
 350755 77701 442110 56441 14545 235359 269955 359681 431902 328805 639364 411747 362871 311530 167758 66681 60226 58785 57116 73181 50977 67692 138656 160484 209506 203330 245020
desembarquepred
 350760 77698.9 442086 56445.5 14545.5 235503 270036 359623 431846 328805 639361 411797 363063 311425 167527 66679.8 60262.3 58784.2 57097.1 73183.7 50977.5 67678.2 138659 160495 209544 203350 245007
Reclutas
 35562 42746.4 19946.9 26438.6 45515.5 31248.2 67839.3 69042.6 111626 113962 63715.7 44467.7 41809.1 28734.6 16310.9 12387.1 8604.52 11081.1 12416.7 16892.3 27807.7 39145.3 56264.3 73866.5 26224.6 36785.5 56294.8
log_desv_Rt
 0.0439799 0.227988 -0.534224 -0.252473 0.290756 -0.0853342 0.689845 0.707426 1.18786 1.20857 0.627135 0.267467 0.205819 -0.169195 -0.735461 -1.01064 -1.37501 -1.12205 -1.00826 -0.700436 -0.201985 0.139983 0.502764 0.774962 -0.260597 0.0778071 0.503306
SSB
 428848 234259 253720 226369 243438 387362 512666 676628 634900 806121 854245 588654 354940 160207 81465.9 74875.7 76781.2 91408.5 116278 134870 196011 265141 369014 528023 749340 706203 544618
BT
 1.50182e+06 360840 599388 401244 484524 558576 1.41142e+06 1.3216e+06 1.62737e+06 1.59036e+06 1.4751e+06 1.0181e+06 724189 405876 230636 146091 151132 188634 197767 257543 425684 411816 623180 926422 1.04126e+06 1.01386e+06 901064
Ftot
 1.07456 0.986623 1.75142 0.404279 0.0750293 0.78185 0.539911 0.999232 1.03984 0.635008 1.12678 1.0133 1.73467 4.07716 3.85301 1.38573 1.11911 0.843055 0.668656 0.686837 0.328023 0.360797 0.383815 0.374382 0.320937 0.341389 0.568048
BD_Bspro_t
 0.904471 0.626753 0.539317 0.34243 0.483136 0.652905 0.579658 0.613082 0.56149 0.571085 0.551297 0.389763 0.280939 0.167623 0.10533 0.116804 0.160879 0.244118 0.345493 0.438994 0.561189 0.694143 0.725634 0.734341 0.746853 0.677559 0.616102
BD_Bspro
 0.610111 0.333274 0.360961 0.322049 0.346334 0.55109 0.729357 0.962621 0.903256 1.14685 1.21531 0.837463 0.504964 0.227922 0.1159 0.106524 0.109235 0.130045 0.165425 0.191876 0.278861 0.37721 0.524987 0.751205 1.06607 1.0047 0.774814
BD_Bo
 0.533833 0.291607 0.315832 0.281785 0.303034 0.48219 0.63817 0.842271 0.790328 1.00346 1.06337 0.73276 0.441832 0.199426 0.101409 0.0932057 0.0955777 0.113786 0.144743 0.167887 0.243996 0.33005 0.459351 0.657286 0.932783 0.879086 0.677943
BD_Brms
 0.970605 0.530194 0.574241 0.512337 0.55097 0.876709 1.16031 1.5314 1.43696 1.82448 1.9334 1.33229 0.803331 0.362593 0.184381 0.169465 0.173778 0.206883 0.263169 0.305249 0.44363 0.60009 0.835184 1.19507 1.69597 1.59834 1.23262
S_f
 0.092455 0.659354 0.973528 0.998571 0.999925
 0.092455 0.659354 0.973528 0.998571 0.999925
 0.092455 0.659354 0.973528 0.998571 0.999925
 0.092455 0.659354 0.973528 0.998571 0.999925
 0.092455 0.659354 0.973528 0.998571 0.999925
 0.092455 0.659354 0.973528 0.998571 0.999925
 0.092455 0.659354 0.973528 0.998571 0.999925
 0.092455 0.659354 0.973528 0.998571 0.999925
 0.092455 0.659354 0.973528 0.998571 0.999925
 0.092455 0.659354 0.973528 0.998571 0.999925
 0.092455 0.659354 0.973528 0.998571 0.999925
 0.092455 0.659354 0.973528 0.998571 0.999925
 0.092455 0.659354 0.973528 0.998571 0.999925
 0.092455 0.659354 0.973528 0.998571 0.999925
 0.092455 0.659354 0.973528 0.998571 0.999925
 0.092455 0.659354 0.973528 0.998571 0.999925
 0.092455 0.659354 0.973528 0.998571 0.999925
 0.092455 0.659354 0.973528 0.998571 0.999925
 0.092455 0.659354 0.973528 0.998571 0.999925
 0.092455 0.659354 0.973528 0.998571 0.999925
 0.092455 0.659354 0.973528 0.998571 0.999925
 0.092455 0.659354 0.973528 0.998571 0.999925
 0.092455 0.659354 0.973528 0.998571 0.999925
 0.092455 0.659354 0.973528 0.998571 0.999925
 0.092455 0.659354 0.973528 0.998571 0.999925
 0.092455 0.659354 0.973528 0.998571 0.999925
 0.092455 0.659354 0.973528 0.998571 0.999925
Scru_reclas
 0.502061 0.835372 0.962317 0.992279 0.998456
 0.502061 0.835372 0.962317 0.992279 0.998456
 0.502061 0.835372 0.962317 0.992279 0.998456
 0.502061 0.835372 0.962317 0.992279 0.998456
 0.502061 0.835372 0.962317 0.992279 0.998456
 0.502061 0.835372 0.962317 0.992279 0.998456
 0.502061 0.835372 0.962317 0.992279 0.998456
 0.502061 0.835372 0.962317 0.992279 0.998456
 0.502061 0.835372 0.962317 0.992279 0.998456
 0.502061 0.835372 0.962317 0.992279 0.998456
 0.502061 0.835372 0.962317 0.992279 0.998456
 0.502061 0.835372 0.962317 0.992279 0.998456
 0.502061 0.835372 0.962317 0.992279 0.998456
 0.502061 0.835372 0.962317 0.992279 0.998456
 0.502061 0.835372 0.962317 0.992279 0.998456
 0.502061 0.835372 0.962317 0.992279 0.998456
 0.502061 0.835372 0.962317 0.992279 0.998456
 0.502061 0.835372 0.962317 0.992279 0.998456
 0.502061 0.835372 0.962317 0.992279 0.998456
 0.502061 0.835372 0.962317 0.992279 0.998456
 0.502061 0.835372 0.962317 0.992279 0.998456
 0.502061 0.835372 0.962317 0.992279 0.998456
 0.502061 0.835372 0.962317 0.992279 0.998456
 0.502061 0.835372 0.962317 0.992279 0.998456
 0.502061 0.835372 0.962317 0.992279 0.998456
 0.502061 0.835372 0.962317 0.992279 0.998456
 0.502061 0.835372 0.962317 0.992279 0.998456
Scru_pelaces
 0.677493 1 1 1 1
 0.677493 1 1 1 1
 0.677493 1 1 1 1
 0.677493 1 1 1 1
 0.677493 1 1 1 1
 0.677493 1 1 1 1
 0.677493 1 1 1 1
 0.677493 1 1 1 1
 0.677493 1 1 1 1
 0.677493 1 1 1 1
 0.677493 1 1 1 1
 0.677493 1 1 1 1
 0.677493 1 1 1 1
 0.677493 1 1 1 1
 0.677493 1 1 1 1
 0.677493 1 1 1 1
 0.677493 1 1 1 1
 0.677493 1 1 1 1
 0.677493 1 1 1 1
 0.677493 1 1 1 1
 0.677493 1 1 1 1
 0.677493 1 1 1 1
 0.677493 1 1 1 1
 0.677493 1 1 1 1
 0.677493 1 1 1 1
 0.677493 1 1 1 1
 0.677493 1 1 1 1
pf_obs 
 0.256992 0.487395 0.22802 0.0275931 0
 0.321318 0.546541 0.124235 0.00734118 0.000564706
 0.182869 0.594174 0.210203 0.0122559 0.00049798
 0.330522 0.361315 0.267642 0.0388342 0.00168674
 0.649043 0.306663 0.0425973 0.00169635 0
 0.582887 0.30429 0.105238 0.00758474 0
 0.465427 0.430635 0.0974691 0.00646863 0
 0.296916 0.608066 0.0921331 0.00288517 0
 0.311714 0.524322 0.152257 0.0117073 0
 0.15457 0.633149 0.183074 0.0267441 0.00246327
 0.131901 0.49318 0.331252 0.0422183 0.00144891
 0.196976 0.569456 0.194076 0.0375587 0.00193317
 0.518974 0.381816 0.0799577 0.0180837 0.00116848
 0.0928022 0.601141 0.25162 0.0475244 0.00691264
 0.122501 0.610282 0.24278 0.0234846 0.000952079
 0.383417 0.481906 0.127806 0.00687128 0
 0.0376549 0.599619 0.316969 0.0457579 0
 0.0361596 0.667082 0.258105 0.0386534 0
 0.158088 0.579412 0.248529 0.0139706 0
 0.0477256 0.309471 0.559284 0.082774 0.000745712
 0.0406174 0.521527 0.379366 0.0568643 0.0016247
 0.151134 0.462217 0.34131 0.0453401 0
 0.294876 0.26143 0.354403 0.0886775 0.000613685
 0.281977 0.475581 0.204845 0.0348837 0.00271318
 0.0841818 0.532909 0.334909 0.0458182 0.00218182
 0.115287 0.27431 0.454777 0.147771 0.00785563
 0 0 0 0 0
pf_pred 
 0.293988 0.481231 0.200738 0.0240299 1.35825e-05
 0.27182 0.575702 0.121096 0.0281482 0.00323363
 0.140476 0.66038 0.173399 0.0206151 0.00512952
 0.235492 0.484937 0.244449 0.0307943 0.00432782
 0.254345 0.494683 0.18317 0.059507 0.008295
 0.137062 0.583241 0.208286 0.0524784 0.0189329
 0.29258 0.389744 0.247659 0.0526289 0.0173889
 0.225697 0.591559 0.121525 0.0480703 0.013148
 0.312525 0.489875 0.168522 0.0196002 0.00947794
 0.226858 0.613857 0.12995 0.0251699 0.00416562
 0.129412 0.595484 0.237699 0.0307083 0.0066971
 0.138359 0.499378 0.289113 0.0635686 0.00958136
 0.208748 0.487416 0.216347 0.0703968 0.0170926
 0.280438 0.57333 0.113292 0.0238247 0.00911499
 0.312271 0.6417 0.043288 0.00217398 0.000567311
 0.278474 0.663717 0.0567041 0.00104526 5.9778e-05
 0.183842 0.636259 0.172119 0.00763889 0.000141936
 0.245378 0.498567 0.221515 0.033106 0.00143428
 0.225249 0.561193 0.164286 0.0428384 0.00643299
 0.247048 0.513066 0.19509 0.0347351 0.0100605
 0.274097 0.510661 0.167842 0.0387996 0.00860105
 0.239454 0.53508 0.177105 0.0379526 0.0104085
 0.235274 0.510548 0.199944 0.0428719 0.0113619
 0.219279 0.521014 0.196882 0.0497355 0.0130885
 0.067481 0.601041 0.251126 0.061354 0.0189977
 0.123145 0.277624 0.441388 0.120424 0.0374189
 0.209488 0.409649 0.159342 0.16444 0.057082
pobs_RECLAS
 0 0 0 0 0
 0 0 0 0 0
 0 0 0 0 0
 0 0 0 0 0
 0.835266 0.146461 0.0176864 0.000547809 3.91292e-05
 0.385257 0.428462 0.181853 0.0044286 0
 0.867414 0.0963971 0.0333333 0.00285562 0
 0.441836 0.489002 0.0689373 0.000224442 0
 0.779404 0.147425 0.0564933 0.0165055 0.000172143
 0.814271 0.122319 0.05973 0.00367925 0
 0.40263 0.566651 0.0304383 0.000280538 0
 0.475488 0.404961 0.113038 0.00651328 0
 0.955842 0.0263864 0.0167828 0.000988607 0
 0.975058 0.0227948 0.00214734 0 0
 0.738997 0.206755 0.0527124 0.00153531 0
 0.850938 0.134255 0.0134407 0.00136685 0
 0.542534 0.407297 0.0501686 0 0
 0.764087 0.199537 0.0359546 0.000420521 0
 0.470689 0.182191 0.310203 0.0369168 0
 0.84361 0.089868 0.0606195 0.00523954 0.000663233
 0.607945 0.314616 0.071237 0.00620181 0
 0.523733 0.453247 0.0230204 0 0
 0.530135 0.295979 0.169645 0.0042399 0
 0.562478 0.366248 0.0663022 0.0049721 0
 0.250443 0.683176 0.0655157 0.000865301 0
 0.195077 0.31981 0.436473 0.0351445 0.0134964
 0.565238 0.351407 0.0832357 0.000118908 0
ppred_RECLAS
 0.672136 0.242992 0.075782 0.0090854 5.15927e-06
 0.639283 0.300813 0.0475507 0.0110748 0.00127821
 0.45555 0.448189 0.0838378 0.00993904 0.002484
 0.594069 0.280867 0.109285 0.0138271 0.00195261
 0.612827 0.277373 0.0800123 0.0261279 0.00365979
 0.433486 0.415114 0.112625 0.0284599 0.0103162
 0.669252 0.203327 0.0992251 0.0211685 0.0070277
 0.582432 0.338877 0.0522791 0.0207188 0.00569343
 0.68874 0.239 0.0615974 0.00717633 0.0034864
 0.57603 0.353709 0.0572765 0.0111334 0.00185136
 0.423495 0.428819 0.12757 0.0165009 0.00361534
 0.44715 0.357925 0.155488 0.0342505 0.00518653
 0.58585 0.286716 0.0907875 0.0294609 0.00718489
 0.731189 0.235755 0.0257485 0.00528067 0.00202679
 0.74149 0.248389 0.00953056 0.000467931 0.000122517
 0.646302 0.332483 0.0208097 0.000383472 2.20306e-05
 0.520113 0.396327 0.0799411 0.00355239 6.63126e-05
 0.612434 0.279 0.0938851 0.0140689 0.000612396
 0.578534 0.326484 0.0730001 0.0191004 0.00288194
 0.610594 0.286937 0.0832655 0.0148748 0.00432879
 0.637188 0.273497 0.0695622 0.0161543 0.00359834
 0.594634 0.30568 0.0782117 0.0168356 0.00463942
 0.591476 0.294962 0.0892276 0.0192168 0.00511734
 0.569171 0.31092 0.0907827 0.0230352 0.00609119
 0.254447 0.52229 0.168908 0.0414568 0.0128987
 0.418929 0.21746 0.267431 0.0732952 0.0228846
 0.566929 0.252476 0.0753345 0.0780412 0.0272201
pobs_PELACES
 0 0 0 0 0
 0 0 0 0 0
 0 0 0 0 0
 0 0 0 0 0
 0 0 0 0 0
 0 0 0 0 0
 0 0 0 0 0
 0 0 0 0 0
 0 0 0 0 0
 0 0 0 0 0
 0.450072 0.473896 0.0757376 0.000293798 0
 0 0 0 0 0
 0.463077 0.371075 0.160297 0.00555027 0
 0.529543 0.364841 0.0842815 0.0213345 0
 0.631943 0.363953 0.00410389 0 0
 0.735681 0.248677 0.0153453 0.000297389 0
 0.695825 0.281241 0.0229344 0 0
 0.275771 0.60734 0.115278 0.00161068 0
 0 0 0 0 0
 0.896147 0.0623911 0.0374545 0.00400742 0
 0.803859 0.145111 0.0509908 3.86294e-05 0
 0.739449 0.233085 0.0266225 0.000797448 4.60066e-05
 0.878498 0.100942 0.0204185 0.000141795 0
 0.694673 0.275183 0.0284847 0.00165964 0
 0.469039 0.446079 0.0841089 0.000773354 0
 0.822795 0.102175 0.0682046 0.00682512 0
 0 0 0 0 0
ppred_PELACES
 0.750101 0.196753 0.0476512 0.00549135 3.09756e-06
 0.713878 0.247764 0.0306928 0.00687635 0.000788388
 0.579326 0.364354 0.0493405 0.00559122 0.00138764
 0.652583 0.253761 0.0821943 0.0100519 0.00141045
 0.653698 0.258809 0.0643066 0.0203525 0.00283309
 0.513852 0.37712 0.0819037 0.0199426 0.00718163
 0.731029 0.178092 0.0713384 0.0146939 0.00484687
 0.664489 0.284493 0.0343501 0.0130937 0.00357423
 0.761748 0.193037 0.0387747 0.00434351 0.00209613
 0.640501 0.309813 0.0407756 0.00764637 0.00126329
 0.520835 0.378923 0.0870666 0.0108206 0.00235494
 0.544805 0.320055 0.108659 0.0230188 0.00346259
 0.707377 0.222 0.0509779 0.0158147 0.00383004
 0.874213 0.116618 0.00724499 0.00139324 0.000530469
 0.871122 0.125902 0.00281251 0.000129722 3.36965e-05
 0.730447 0.257222 0.0121052 0.00021387 1.22033e-05
 0.610693 0.334831 0.0522054 0.00222912 4.13329e-05
 0.688962 0.237802 0.0636518 0.00918611 0.000397234
 0.647263 0.285929 0.0517816 0.0130671 0.00195883
 0.679481 0.249104 0.0584378 0.010067 0.00291062
 0.687055 0.246035 0.0525061 0.0117932 0.00261028
 0.64866 0.276498 0.059158 0.0123129 0.00337155
 0.64809 0.266841 0.0673388 0.0140202 0.00370977
 0.626528 0.283074 0.0690175 0.0169313 0.00444868
 0.300737 0.515701 0.140039 0.033245 0.0102782
 0.492195 0.212623 0.219095 0.0580706 0.0180161
 0.641524 0.227889 0.0556523 0.0556492 0.0192849
pobs_pel_tallas
 0 0 0 0 0 0 0 0 0 0 0 0 0 0 0 0 0 0 0 0 0 0 0 0 0 0 0 0 0 0 0 0 0 0 0 0
 0 0 0 0 0 0 0 0 0 0 0 0 0 0 0 0 0 0 0 0 0 0 0 0 0 0 0 0 0 0 0 0 0 0 0 0
 0 0 0 0 0 0 0 0 0 0 0 0 0 0 0 0 0 0 0 0 0 0 0 0 0 0 0 0 0 0 0 0 0 0 0 0
 0 0 0 0 0 0 0 0 0 0 0 0 0 0 0 0 0 0 0 0 0 0 0 0 0 0 0 0 0 0 0 0 0 0 0 0
 0 0 0 0 0 0 0 0 0 0 0 0 0 0 0 0 0 0 0 0 0 0 0 0 0 0 0 0 0 0 0 0 0 0 0 0
 0 0 0 0 0 0 0 0 0 0 0 0 0 0 0 0 0 0 0 0 0 0 0 0 0 0 0 0 0 0 0 0 0 0 0 0
 0 0 0 0 0 0 0 0 0 0 0 0 0 0 0 0 0 0 0 0 0 0 0 0 0 0 0 0 0 0 0 0 0 0 0 0
 0 0 0 0 0 0 0 0 0 0 0 0 0 0 0 0 0 0 0 0 0 0 0 0 0 0 0 0 0 0 0 0 0 0 0 0
 0 0 0 0 0 0 0 0 0 0 0 0 0 0 0 0 0 0 0 0 0 0 0 0 0 0 0 0 0 0 0 0 0 0 0 0
 0 0 0 0 0 0 0 0 0 0 0 0 0 0 0 0 0 0 0 0 0 0 0 0 0 0 0 0 0 0 0 0 0 0 0 0
 0 0 0 0 0 0 0 0 1.78061e-05 0.00172719 0.00360574 0.0105946 0.0120993 0.0124554 0.0147524 0.0171206 0.0266825 0.0428682 0.0675386 0.121331 0.153587 0.119568 0.100827 0.0573624 0.0630603 0.0341343 0.0324427 0.0444173 0.0211091 0.0280891 0.0125444 0.00206551 0 0 0 0
 0 0 0 0 0 0 0 0 0 0 0 0 0 0 0 0 0 0 0 0 0 0 0 0 0 0 0 0 0 0 0 0 0 0 0 0
 0 0 0 0 0 0 0.0133647 0.0140871 0.0187388 0.0205184 0.03894 0.0496705 0.03968 0.0493445 0.0407372 0.0367815 0.0215668 0.0243155 0.0234873 0.0199281 0.019796 0.0243948 0.0301388 0.0376714 0.0412746 0.0863199 0.0771752 0.113111 0.0741005 0.0525337 0.0229764 0.00759418 0.00175318 0 0 0
 0 0 0 0 0 0 0 0 0 0 0.00219441 0.00772107 0.0458388 0.0604681 0.0671733 0.0775358 0.0609151 0.0617685 0.073594 0.0568108 0.0755445 0.0548602 0.0670107 0.0636378 0.0643287 0.046367 0.0373049 0.0286899 0.0247887 0.0153202 0.00654259 0.00121912 0.000365735 0 0 0
 0 0 0 0 0 0 0 0 0 0 0 0 0.000112435 0.00938835 0.0111873 0.0202946 0.0414886 0.0713402 0.111592 0.104902 0.108894 0.110636 0.117776 0.105296 0.107544 0.0401394 0.0192827 0.0124803 0.00416011 0.0028671 0.000618394 0 0 0 0 0
 0 0 0 0 0 0 0 0 0 0 0.00291406 0.0102884 0.027416 0.0768956 0.0749926 0.110853 0.0956884 0.0897413 0.0766577 0.0534642 0.0500743 0.0551293 0.0594112 0.0620874 0.0668451 0.0424026 0.0208742 0.0120726 0.0048766 0.00582813 0.00118941 0.000297354 0 0 0 0
 0 0.00264628 0.0354308 0.0461629 0.0458689 0.0383711 0.0214643 0.0164657 0.0346957 0.0420465 0.0363128 0.0245516 0.0311673 0.0291091 0.0169068 0.0133784 0.00837989 0.0085269 0.0148486 0.0160247 0.0276389 0.0546898 0.0760071 0.122758 0.109233 0.0665981 0.0333725 0.0166128 0.00676272 0.00308733 0.000882094 0 0 0 0 0
 0 0 0 0 0 0 0 0.000805153 0.000690131 0.00759144 0.0133425 0.0154129 0.00931677 0.000345066 0.00356568 0.00563607 0.00851162 0.0253048 0.0502646 0.0516448 0.0657925 0.0565908 0.0611916 0.0827007 0.0866115 0.110766 0.145733 0.0935128 0.0569358 0.0249597 0.0138026 0.00621118 0.00161031 0.00115022 0 0
 0 0 0 0 0 0 0 0 0 0 0 0 0 0 0 0 0 0 0 0 0 0 0 0 0 0 0 0 0 0 0 0 0 0 0 0
 0.00147267 0.00158595 0.00478618 0.00569244 0.00954404 0.0108468 0.00647125 0.017049 0.0510054 0.094081 0.124002 0.0959785 0.0687766 0.0820023 0.061753 0.0591476 0.0492212 0.0479892 0.0443925 0.0268479 0.0217502 0.0140895 0.0121071 0.0120363 0.00920419 0.00665534 0.0049561 0.00860946 0.00930331 0.0156896 0.0114698 0.00855282 0.00243557 0.00046729 0 2.83206e-05
 0 0 0 0 0.000772559 0.00158375 0.000888443 0.00281984 0.00712685 0.0440552 0.0773331 0.111326 0.0921469 0.0852325 0.0710754 0.0886704 0.0786465 0.0553345 0.0373146 0.0185414 0.00753245 0.00457741 0.012979 0.0271748 0.0457355 0.0583668 0.034881 0.0177882 0.00938659 0.00492506 0.0015258 0.00185414 0.000309023 5.79419e-05 3.86279e-05 0
 0 0.00173294 0.00326652 0 0.00397197 0.00683976 0.00946217 0.0152591 0.00757587 0.0136028 0.0228656 0.0392903 0.0559909 0.0764795 0.0681675 0.0726916 0.0566044 0.0477403 0.0527397 0.0444891 0.0609904 0.0582453 0.0661739 0.0445044 0.0529084 0.0360697 0.0280645 0.0235558 0.0158879 0.00826598 0.00280645 0.00217768 0.000904811 0.00058276 9.20147e-05 0
 0 0 0 0 0 0 0 0 0 0 0 0 0 0 0 0 0 0 0 0 0 0 0 0 0 0 0 0 0 0 0 0 0 0 0 0
 0 0 0 0 0 0 0 0 0 0 0 0 0 0 0 0 0 0 0 0 0 0 0 0 0 0 0 0 0 0 0 0 0 0 0 0
 0 0 0 0 0 0 0 0 0 0 0 0 0 0 0 0 0 0 0 0 0 0 0 0 0 0 0 0 0 0 0 0 0 0 0 0
 0 0 0 0 0 0 0 0 0 0 0 0 0 0 0 0 0 0 0 0 0 0 0 0 0 0 0 0 0 0 0 0 0 0 0 0
 0 0 0 0 0 0 0 0 0 0 0 0 0 0 0 0 0 0 0 0 0 0 0 0 0 0 0 0 0 0 0 0 0 0 0 0
ppred_pel_tallas
 1.0093e-16 3.27287e-05 0.000192089 0.0009131 0.00351548 0.0109627 0.0276909 0.0566595 0.09392 0.126134 0.137264 0.12109 0.086708 0.0506597 0.0246909 0.0110544 0.00618743 0.00588851 0.00757404 0.0100887 0.0129252 0.0157412 0.0182085 0.0200219 0.0209567 0.0209181 0.0199605 0.0182665 0.0160967 0.0137264 0.0113904 0.00925154 0.00739372 0.00583653 0.00455869 0.00352107
 1.0079e-16 3.11512e-05 0.000182823 0.000869039 0.00334582 0.0104336 0.0263545 0.0539255 0.0893899 0.120055 0.130663 0.1153 0.082634 0.0484247 0.023872 0.0111449 0.00687591 0.00708085 0.00929698 0.0123945 0.0158303 0.0191933 0.0220736 0.0240923 0.0249777 0.0246283 0.0231355 0.0207553 0.0178406 0.0147575 0.0118132 0.00921287 0.0070522 0.00533668 0.0040149 0.00301149
 1.01077e-16 2.52889e-05 0.000148395 0.000705342 0.0027155 0.00846794 0.0213896 0.0437678 0.0725569 0.0974627 0.106114 0.0937301 0.0673794 0.0398964 0.0204331 0.0108225 0.00840402 0.00999433 0.0135979 0.0182307 0.0233027 0.0282583 0.0325031 0.0354801 0.0367885 0.0362771 0.0340789 0.0305688 0.0262653 0.0217077 0.0173491 0.013494 0.0102863 0.00773732 0.00577407 0.00428737
 1.01661e-16 2.84788e-05 0.000167133 0.000794445 0.0030586 0.00953793 0.0240922 0.0492966 0.0817178 0.109754 0.11946 0.105433 0.0756051 0.0443912 0.0220445 0.0105652 0.0068945 0.00740871 0.00986897 0.0132442 0.0170254 0.0208083 0.0241769 0.026736 0.028188 0.0283974 0.0274164 0.0254599 0.0228432 0.0199033 0.0169318 0.0141343 0.0116242 0.00943896 0.00756884 0.00598367
 1.01829e-16 2.85276e-05 0.000167419 0.000795804 0.00306384 0.00955425 0.0241334 0.049381 0.0818578 0.109943 0.119666 0.105616 0.0757403 0.0444781 0.0221013 0.0106142 0.00695322 0.00748772 0.00997267 0.013371 0.0171669 0.0209487 0.024294 0.026804 0.0281827 0.0283019 0.0272261 0.0251855 0.0225104 0.0195488 0.0165967 0.013857 0.0114335 0.00934996 0.00758195 0.00608625
 1.02307e-16 2.24344e-05 0.000131636 0.000625664 0.00240871 0.00751123 0.0189731 0.0388235 0.0643622 0.0864604 0.0941489 0.0831955 0.05988 0.0356042 0.018509 0.010249 0.00849392 0.0104448 0.0143426 0.0193033 0.0247656 0.0301725 0.0349151 0.0384151 0.040246 0.0402297 0.0384727 0.0353251 0.0312834 0.0268686 0.022522 0.0185436 0.015083 0.0121675 0.00974923 0.00775079
 1.01803e-16 3.18963e-05 0.000187204 0.000889879 0.00342608 0.0106839 0.0269867 0.0552185 0.0915311 0.122925 0.13377 0.118002 0.0844848 0.0493374 0.0240038 0.0106768 0.00588348 0.00553159 0.00711118 0.00951112 0.0122585 0.0150459 0.0175785 0.0195777 0.0208295 0.0212289 0.0207979 0.0196691 0.0180443 0.0161417 0.0141511 0.0122085 0.0103922 0.0087347 0.00724164 0.00590844
 1.01198e-16 2.89991e-05 0.000170185 0.000808948 0.00311444 0.00971204 0.024532 0.0501967 0.0832105 0.111761 0.121649 0.107376 0.0770233 0.0452731 0.0225724 0.0109642 0.00733839 0.00800351 0.0106691 0.0142625 0.0182304 0.0221185 0.0254607 0.0278236 0.0288957 0.0285597 0.0269191 0.0242641 0.0209955 0.0175282 0.014209 0.0112681 0.00881106 0.00684192 0.00530157 0.00410565
 1.00861e-16 3.32363e-05 0.00019507 0.000927273 0.00357005 0.0111329 0.0281207 0.0575389 0.0953776 0.128091 0.139392 0.122962 0.0880391 0.0514176 0.0250231 0.0111395 0.00614451 0.00576777 0.00738359 0.00981957 0.0125648 0.01528 0.0176423 0.0193539 0.0201975 0.0200849 0.0190758 0.0173562 0.0151881 0.0128463 0.0105638 0.00849937 0.00673207 0.00527523 0.00410087 0.00316338
 1.01002e-16 2.79541e-05 0.000164048 0.000779767 0.00300207 0.00936163 0.0236469 0.048386 0.08021 0.107734 0.117275 0.103535 0.0743123 0.0437687 0.0219875 0.010954 0.0076854 0.00863425 0.0115928 0.0155117 0.019824 0.0240423 0.0276589 0.0302003 0.0313258 0.0309074 0.0290577 0.0260951 0.0224592 0.0186069 0.0149217 0.0116608 0.00894456 0.00678157 0.00510931 0.00383524
 1.01842e-16 2.2739e-05 0.000133424 0.000634163 0.00244144 0.00761329 0.0192308 0.0393509 0.0652364 0.0876346 0.0954266 0.0843224 0.0606866 0.0360746 0.0187367 0.0103481 0.00854484 0.0104882 0.0143939 0.019366 0.0248364 0.0302426 0.0349705 0.0384361 0.0402088 0.040109 0.0382442 0.0349695 0.030789 0.0262342 0.0217575 0.0176701 0.0141309 0.0111734 0.0087526 0.00678947
 1.026e-16 2.37819e-05 0.000139552 0.000663307 0.00255367 0.00796329 0.0201149 0.0411593 0.0682321 0.0916522 0.0997841 0.0881317 0.0633386 0.0374717 0.0191344 0.0100484 0.00771265 0.00914148 0.0124757 0.0168189 0.0216561 0.02651 0.0308639 0.0342204 0.0362026 0.0366346 0.0355738 0.0332803 0.0301389 0.0265619 0.0229052 0.0194202 0.0162457 0.0134302 0.0109674 0.00882907
 1.01519e-16 3.08667e-05 0.000181155 0.000861115 0.00331532 0.0103385 0.0261142 0.0534337 0.088574 0.118958 0.129464 0.11423 0.0818428 0.0479116 0.0235281 0.0108338 0.00648633 0.00653638 0.00855049 0.011427 0.0146571 0.017872 0.0207063 0.0228181 0.0239552 0.0240104 0.0230427 0.0212536 0.0189303 0.0163747 0.0138423 0.0115074 0.00945746 0.00770988 0.00623973 0.00500568
 1.00214e-16 3.81372e-05 0.000223849 0.00106411 0.00409693 0.0127759 0.0322709 0.0660299 0.109449 0.146979 0.15992 0.141009 0.100826 0.0586129 0.0280154 0.0116047 0.00517385 0.00378538 0.00441832 0.00576425 0.00732684 0.00885471 0.0101441 0.0110161 0.0113455 0.011089 0.0102963 0.00909506 0.00765887 0.00616643 0.00476649 0.00355703 0.00258135 0.00183763 0.00129526 0.000911477
 1.00088e-16 3.80027e-05 0.000223059 0.00106035 0.00408246 0.0127308 0.0321569 0.0657967 0.109063 0.146461 0.159359 0.140519 0.100486 0.058438 0.0279735 0.0116589 0.00530548 0.0039949 0.00471547 0.00615762 0.00781622 0.00942629 0.0107687 0.0116511 0.0119401 0.0115924 0.0106662 0.00930487 0.00770138 0.00605364 0.00452576 0.00322503 0.00219747 0.00143828 0.000910057 0.000561362
 1.00264e-16 3.1874e-05 0.000187066 0.000889208 0.00342347 0.0106757 0.0269662 0.0551771 0.0914646 0.122842 0.133696 0.117976 0.0845533 0.049551 0.0244296 0.0114074 0.00703689 0.00723802 0.00948527 0.0126148 0.0160615 0.0193947 0.0221871 0.0240476 0.0247017 0.0240572 0.0222276 0.0195006 0.0162648 0.0129204 0.00980013 0.00712304 0.00498532 0.0033813 0.00223982 0.00146151
 1.00929e-16 2.66554e-05 0.000156421 0.000743502 0.00286243 0.00892616 0.022547 0.0461357 0.0764808 0.102729 0.111836 0.0987567 0.0709322 0.0418783 0.0212239 0.01088 0.00802052 0.00927584 0.0125424 0.016804 0.0214844 0.0260651 0.0299976 0.0327684 0.0340063 0.033569 0.0315744 0.0283634 0.0244092 0.0202059 0.0161705 0.0125855 0.00958735 0.00719177 0.00533702 0.00392727
 1.01316e-16 3.00644e-05 0.000176444 0.000838712 0.00322905 0.0100695 0.0254347 0.0520435 0.0862703 0.115866 0.126104 0.111278 0.079756 0.0467463 0.0230609 0.010796 0.00670622 0.00695283 0.00916705 0.0122678 0.0157403 0.0191955 0.0222414 0.0245092 0.025725 0.0257702 0.0247046 0.0227419 0.0201898 0.0173745 0.0145751 0.011986 0.00970943 0.00777244 0.00615482 0.00481597
 1.01369e-16 2.8248e-05 0.000165776 0.000787985 0.00303372 0.00946033 0.0238962 0.0488959 0.0810545 0.108866 0.118501 0.104604 0.0750479 0.0441395 0.0220587 0.0108012 0.00734382 0.00809649 0.010832 0.0145058 0.0185744 0.0225858 0.0260721 0.0285947 0.029834 0.0296616 0.0281682 0.0256311 0.022439 0.0189985 0.0156525 0.0126331 0.0100531 0.00792838 0.00621411 0.0048406
 1.01393e-16 2.96514e-05 0.000174018 0.000827178 0.00318464 0.00993096 0.0250849 0.0513278 0.0850843 0.114274 0.124375 0.109761 0.0786857 0.0461541 0.0228339 0.0107985 0.00685312 0.00721524 0.00954805 0.0127784 0.0163845 0.0199625 0.023103 0.0254215 0.0266345 0.0266225 0.0254538 0.0233586 0.0206642 0.0177158 0.0148069 0.0121392 0.00981517 0.00785691 0.00623611 0.0049036
 1.01353e-16 2.99816e-05 0.000175957 0.000836395 0.00322013 0.0100416 0.0253645 0.0518997 0.0860322 0.115547 0.125759 0.110978 0.0795502 0.0466448 0.0230462 0.0108476 0.00681538 0.00712218 0.00940393 0.0125768 0.0161175 0.0196251 0.022695 0.0249483 0.0261071 0.026056 0.0248661 0.0227684 0.0200896 0.0171728 0.0143087 0.0116958 0.00943301 0.0075385 0.00598041 0.00470632
 1.01511e-16 2.83086e-05 0.000166132 0.00078968 0.00304025 0.0094807 0.0239476 0.0490011 0.0812285 0.109099 0.118752 0.104821 0.0751923 0.0442021 0.0220488 0.0107289 0.00720944 0.00789138 0.0105445 0.0141283 0.0181097 0.0220505 0.0254986 0.0280285 0.0293277 0.0292668 0.0279257 0.0255642 0.0225498 0.0192685 0.0160472 0.0131092 0.010566 0.00843796 0.00668921 0.0052606
 1.01698e-16 2.82834e-05 0.000165985 0.000788983 0.00303757 0.00947234 0.0239265 0.0489578 0.0811565 0.109002 0.118644 0.10472 0.0751104 0.0441338 0.0219775 0.0106334 0.00706847 0.00768603 0.0102601 0.0137579 0.0176577 0.0215369 0.0249592 0.0275127 0.0288921 0.0289657 0.0278016 0.0256401 0.022825 0.0197198 0.016634 0.0137808 0.0112699 0.00912719 0.00732698 0.00582245
 1.01862e-16 2.73438e-05 0.000160467 0.000762749 0.00293656 0.00915733 0.0231308 0.0473299 0.0784588 0.105381 0.114709 0.101262 0.0726613 0.0427586 0.0214114 0.0105566 0.00727368 0.00809378 0.0108661 0.0145827 0.0187172 0.0228278 0.0264533 0.0291576 0.0306177 0.0306949 0.0294628 0.0271766 0.0242017 0.0209232 0.0176683 0.0146616 0.0120174 0.00976125 0.00786405 0.00627511
 1.03779e-16 1.31474e-05 7.70999e-05 0.000366363 0.00141029 0.00439766 0.0111086 0.0227334 0.0376968 0.0506673 0.0552458 0.0489915 0.0356389 0.0219483 0.0128013 0.00930516 0.0102349 0.014055 0.0197563 0.0267164 0.0343537 0.0419545 0.048696 0.0537846 0.0566268 0.0569607 0.0549073 0.050917 0.0456399 0.0397641 0.0338765 0.0283822 0.0234922 0.0192606 0.0156469 0.0125729
 1.06017e-16 2.14837e-05 0.000126069 0.000599228 0.00230698 0.00719404 0.0181717 0.0371826 0.061638 0.0827895 0.0901213 0.0795646 0.0571107 0.0336467 0.0169266 0.00848835 0.00606218 0.00695811 0.00953285 0.01305 0.0171553 0.0215539 0.0259156 0.0298943 0.0331841 0.0355702 0.0369543 0.0373474 0.0368384 0.0355537 0.0336247 0.0311727 0.0283103 0.025152 0.0218229 0.0184591
 1.03678e-16 2.79954e-05 0.000164298 0.000780972 0.00300674 0.0093762 0.0236836 0.0484605 0.0803312 0.10789 0.117426 0.103626 0.0742841 0.0435646 0.0215396 0.0101671 0.00643279 0.00677086 0.0089847 0.0120762 0.015573 0.0191178 0.0223477 0.0249184 0.0265704 0.0271834 0.0267971 0.0255864 0.0238056 0.021719 0.0195445 0.0174229 0.0154184 0.0135399 0.01177 0.0100911
pSPR Fmed_Fpbrs
0.524704   0.6 0.325
Fs Fmed_Fpbrs
0.64   0.462666 1.61104
SSBpbr Bo_Bmed_Bpbrs
803338  381348  441836 220918
Ro
34031.8
SPR SPRFo_SPRFmed_SPRFpbrs
702902 368815 228443
log_Ro
10.2551
likeval ReclasPelacesDesembMPH_pf_preclas_ppelaces_ptallas_desvR_qrecl_qpela
 65.1234 0.000158594 0.0169115 48.3552 332.016 209.677 56.2177 0 17.1373 2.16403e-08 7.67399e-05 1.9977e-14 0 0 0
q_reclas_q_pelaces
0.97937 3.47746
M
0.7
N
 35562 10478 3358.32 395.756 0.223508
 42746.4 15989.4 2561.91 585.857 67.2443
 19946.9 19376.6 4142.89 486.873 121.072
 26438.6 8424.51 3032.12 373.939 52.494
 45515.5 12647.3 3204.58 1015.81 141.413
 31248.2 22446.1 5977.34 1479.26 533.171
 67839.3 14435.3 6656.54 1386.55 457.64
 69042.6 32047.6 5021.27 1954.2 534.043
 111626 31260 8234.86 942.615 455.428
 113962 50351 7820.27 1485.97 245.678
 63715.7 53365.1 16450 2092.84 456.051
 44467.7 28510 12606.4 2727.45 410.743
 41809.1 20107.2 7258.22 2334.35 566.443
 28734.6 17685.4 3181.4 665.902 254.702
 16310.9 9787.91 597.17 29.8399 7.78483
 12387.1 5672.36 383.142 6.96702 0.398154
 8604.52 5411.54 1129.66 49.3706 0.916593
 11081.1 3852.88 1284.86 188.706 8.16793
 12416.7 5090.1 1097.41 280.806 42.1261
 16892.3 5796.31 1626.48 284.22 82.2386
 27807.7 7872.37 1830.07 413.856 91.6358
 39145.3 13396.4 3148.97 660.348 180.891
 56264.3 18801.2 5244.03 1100.57 291.34
 73866.5 26965.9 7248.92 1792.19 471.094
 26224.6 35433.1 10461.7 2500.23 773.262
 36785.5 12642 14239.7 3801.07 1179.72
 56294.8 17699.6 5012.48 5071.73 1758.7
pred_Ctot
 2432.62 3981.96 1661.01 198.837 0.112389
 2694.26 5706.32 1200.29 279.003 32.0515
 2164.67 10176.1 2671.98 317.668 79.0432
 699.078 1439.58 725.669 91.4155 12.8475
 226.369 440.272 163.023 52.9617 7.38261
 1573.69 6696.55 2391.46 602.537 217.38
 2382.43 3173.62 2016.65 428.549 141.596
 4405.07 11545.8 2371.88 938.218 256.617
 7399.32 11598.2 3989.91 464.054 224.399
 4689.05 12688.2 2686 520.251 86.1017
 4560.71 20985.9 8376.93 1082.22 236.018
 2875.45 10378.3 6008.48 1321.11 199.124
 4496.79 10499.8 4660.5 1516.47 368.205
 6631.68 13557.9 2679.08 563.396 215.547
 3588.02 7373.18 497.383 24.9792 6.51845
 1079.18 2572.13 219.748 4.05074 0.23166
 611.895 2117.71 572.876 25.4251 0.472417
 600.258 1219.62 541.883 80.9859 3.50863
 537.234 1338.48 391.832 102.172 15.3431
 750.204 1558.01 592.426 105.479 30.5506
 598.44 1114.93 366.451 84.7117 18.7788
 925.369 2067.81 684.419 146.667 40.2234
 1413.58 3067.5 1201.32 257.585 68.265
 1810.9 4302.76 1625.94 410.737 108.09
 552.34 4919.59 2055.5 502.19 155.498
 823.458 1856.44 2951.51 805.263 250.216
 2077.66 4062.83 1580.33 1630.88 566.129
F
 0.0993489 0.708519 1.04612 1.07303 1.07448
 0.0912183 0.650534 0.960506 0.985213 0.986549
 0.161927 1.1548 1.70505 1.74891 1.75129
 0.0373777 0.266563 0.393578 0.403702 0.404249
 0.00693684 0.0494709 0.0730432 0.0749221 0.0750237
 0.072286 0.515516 0.761153 0.780733 0.781791
 0.0499175 0.355993 0.525619 0.53914 0.539871
 0.092384 0.658848 0.972781 0.997804 0.999157
 0.0961381 0.685621 1.01231 1.03835 1.03976
 0.0587096 0.418695 0.618198 0.6341 0.63496
 0.104177 0.742949 1.09695 1.12517 1.1267
 0.0936843 0.668121 0.986473 1.01185 1.01322
 0.160379 1.14376 1.68875 1.73219 1.73454
 0.376954 2.68829 3.96923 4.07133 4.07685
 0.35623 2.5405 3.75101 3.8475 3.85272
 0.128118 0.913689 1.34905 1.38375 1.38563
 0.103467 0.737887 1.08948 1.11751 1.11902
 0.0779446 0.555872 0.820738 0.84185 0.842991
 0.0618206 0.440881 0.650956 0.6677 0.668606
 0.0635015 0.452869 0.668655 0.685856 0.686785
 0.0303274 0.216284 0.31934 0.327555 0.327999
 0.0333575 0.237893 0.351246 0.360282 0.36077
 0.0354856 0.25307 0.373655 0.383266 0.383786
 0.0346135 0.24685 0.364472 0.373847 0.374354
 0.0296723 0.211612 0.312442 0.320479 0.320913
 0.0315631 0.225096 0.332352 0.340901 0.341363
 0.0525188 0.374545 0.553011 0.567236 0.568005
Np
 24231 11528.9 9708.7 1912.82 588.001
YTP_r0W_actual
 13935.6 73567.3 42119.1 55563 21405
YTP_p0W_proyectada
 5998.33 110249 50783.2 15685.8 22274.5
 5998.33 47919.3 81580.6 20955.7 7156.51
CTP_r0_actual
 1699.47 3405.89 1341.37 1385.61 481.012
CTP_p0_proyectada
 731.503 5104.13 1617.3 391.167 500.55
 731.503 2218.48 2598.11 522.587 160.82
Wmedp
 8.2 21.6 31.4 40.1 44.5
nmprior
 10.8 10.6 4.6 0
nm_flota  nm_reclas  nm_pelaces    nm_pelaL
inf 21.3573 14.6049 42.6871
cv_recla  cv_pelaces  cv_mph
0.698875 0.459847 0.557544
 ------------------------------------------------
Talla a la edad & desviaci?n 
 7.2 14.2025 17.0495 18.207 18.6776
 1.08 2.13037 2.55742 2.73105 2.80164
