years
 1997 1998 1999 2000 2001 2002 2003 2004 2005 2006 2007 2008 2009 2010 2011 2012 2013 2014 2015 2016 2017 2018 2019 2020 2021 2022 2023
reclasobs
 0 0 0 370054 412103 1.49427e+06 250295 1.28982e+06 931140 785840 897777 1.04006e+06 184774 17550 25797 100020 73551 82996 120727 218422 84188 347160 605670 569463 516374 1.08416e+06 1.01767e+06
reclaspred
 597296 148982 382615 226609 321930 379221 801243 581637 753027 839202 739391 504317 286252 109552 75635.6 79583 87108.9 107913 118787 159772 246524 256557 461965 579844 712599 607587 518064
pelacesobs
 0 0 0 0 0 0 0 0 0 2.06254e+06 1.5e+06 0 1.87456e+06 323000 250000 174000 83755 137374 0 501740 490994 745055 786931 1.00524e+06 1.33801e+06 1.41789e+06 0
pelacespred
 2.27689e+06 478264 699174 667683 869342 700635 2.1535e+06 1.6682e+06 2.16746e+06 2.2891e+06 1.64246e+06 1.15856e+06 681689 217163 168793 172076 190898 245261 263731 358001 662020 605021 893582 1.32629e+06 1.46471e+06 1.37074e+06 1.15207e+06
mphobs
 0 0 0 0 0 0 112323 0 153150 637223 0 255016 313432 73983 77613 109348 50772 17779 17303 59886 28197 0 207744 136588 643089 65757 70829
mphpred
 206439 113447 121420 110578 110300 170791 232318 296921 282731 353312 371257 254540 148326 148283 66547.7 63628.7 20832.9 25194 31771.5 35896.1 56194.9 75452.8 100279 147891 189222 169969 139709
desembarqueobs
 350755 77701 442110 56441 14545 235359 269955 359681 431902 328805 639364 411747 362871 311530 167758 66681 60226 58785 57116 73181 50977 67692 138656 160484 209506 203330 245020
desembarquepred
 350758 77698.6 442086 56444.6 14545.3 235483 270013 359614 431833 328802 639292 411760 363066 311617 167559 66680.4 60266.2 58784.8 57093.4 73178.9 50977 67673.7 138660 160487 209526 203337 244998
Reclutas
 37792.9 45883.7 20697 26807.2 47795.6 32557.4 69612.6 71931.1 114247 119636 63704 44633.9 43751.3 28050.9 17055.5 13742.2 8596.16 10355.8 13300.6 17910.8 27317.3 38862.7 54655.9 72763.3 25126.6 35889.4 59074.9
log_desv_Rt
 0.0842841 0.278272 -0.517851 -0.259167 0.319096 -0.0648329 0.695109 0.727872 1.19053 1.23662 0.606411 0.250657 0.230685 -0.213816 -0.711367 -0.927362 -1.39652 -1.21029 -0.960032 -0.662432 -0.240317 0.112197 0.45322 0.739375 -0.323909 0.0326044 0.53097
SSB
 503965 276951 296414 269947 269267 416940 549943 715259 672338 843806 906324 621391 376035 176679 83474.2 79074.1 86197.2 99170.3 117349 140367 205965 269140 368317 517380 728238 676825 521920
BT
 1.64344e+06 411786 652448 451587 523864 593349 1.47188e+06 1.37989e+06 1.68463e+06 1.66149e+06 1.5275e+06 1.05269e+06 752943 414532 235712 155719 160869 191990 202680 268468 432961 415116 616003 908246 1.00955e+06 975481 885005
Ftot
 0.648251 0.597423 1.04826 0.259257 0.052417 0.551423 0.392741 0.685439 0.713046 0.43453 0.797255 0.763403 1.2813 2.66726 2.51396 0.876971 0.699456 0.579 0.491136 0.488618 0.229967 0.268496 0.292192 0.29046 0.256318 0.310171 0.482702
BD_Bspro_t
 0.922557 0.665665 0.580579 0.381085 0.506974 0.67004 0.596206 0.625547 0.573998 0.579435 0.564313 0.399754 0.290458 0.180288 0.106118 0.120966 0.175117 0.257153 0.345079 0.447176 0.57058 0.694118 0.72293 0.728416 0.73828 0.663718 0.602786
BD_Bspro
 0.702401 0.386001 0.413128 0.376238 0.375292 0.581111 0.766483 0.996893 0.937071 1.17605 1.26319 0.866064 0.524098 0.246247 0.116342 0.11021 0.120137 0.138219 0.163555 0.195637 0.287064 0.375114 0.513342 0.721098 1.01498 0.943325 0.727425
BD_Bo
 0.511833 0.281275 0.301043 0.274162 0.273472 0.42345 0.558529 0.726427 0.682835 0.856981 0.920476 0.631093 0.381906 0.179438 0.0847775 0.0803088 0.087543 0.100719 0.119181 0.142559 0.209181 0.273342 0.374068 0.525458 0.739609 0.687393 0.530069
BD_Brms
 0.930606 0.51141 0.54735 0.498476 0.497221 0.76991 1.01551 1.32078 1.24152 1.55815 1.67359 1.14744 0.694374 0.326251 0.154141 0.146016 0.159169 0.183125 0.216693 0.259198 0.380329 0.496986 0.680123 0.955378 1.34474 1.2498 0.963761
S_f
 0.146037 1 1 1 1
 0.146037 1 1 1 1
 0.146037 1 1 1 1
 0.146037 1 1 1 1
 0.146037 1 1 1 1
 0.146037 1 1 1 1
 0.146037 1 1 1 1
 0.146037 1 1 1 1
 0.146037 1 1 1 1
 0.146037 1 1 1 1
 0.146037 1 1 1 1
 0.146037 1 1 1 1
 0.146037 1 1 1 1
 0.146037 1 1 1 1
 0.146037 1 1 1 1
 0.146037 1 1 1 1
 0.146037 1 1 1 1
 0.146037 1 1 1 1
 0.146037 1 1 1 1
 0.146037 1 1 1 1
 0.146037 1 1 1 1
 0.146037 1 1 1 1
 0.146037 1 1 1 1
 0.146037 1 1 1 1
 0.146037 1 1 1 1
 0.146037 1 1 1 1
 0.146037 1 1 1 1
Scru_reclas
 0.560271 0.905864 0.986427 0.998181 0.999759
 0.560271 0.905864 0.986427 0.998181 0.999759
 0.560271 0.905864 0.986427 0.998181 0.999759
 0.560271 0.905864 0.986427 0.998181 0.999759
 0.560271 0.905864 0.986427 0.998181 0.999759
 0.560271 0.905864 0.986427 0.998181 0.999759
 0.560271 0.905864 0.986427 0.998181 0.999759
 0.560271 0.905864 0.986427 0.998181 0.999759
 0.560271 0.905864 0.986427 0.998181 0.999759
 0.560271 0.905864 0.986427 0.998181 0.999759
 0.560271 0.905864 0.986427 0.998181 0.999759
 0.560271 0.905864 0.986427 0.998181 0.999759
 0.560271 0.905864 0.986427 0.998181 0.999759
 0.560271 0.905864 0.986427 0.998181 0.999759
 0.560271 0.905864 0.986427 0.998181 0.999759
 0.560271 0.905864 0.986427 0.998181 0.999759
 0.560271 0.905864 0.986427 0.998181 0.999759
 0.560271 0.905864 0.986427 0.998181 0.999759
 0.560271 0.905864 0.986427 0.998181 0.999759
 0.560271 0.905864 0.986427 0.998181 0.999759
 0.560271 0.905864 0.986427 0.998181 0.999759
 0.560271 0.905864 0.986427 0.998181 0.999759
 0.560271 0.905864 0.986427 0.998181 0.999759
 0.560271 0.905864 0.986427 0.998181 0.999759
 0.560271 0.905864 0.986427 0.998181 0.999759
 0.560271 0.905864 0.986427 0.998181 0.999759
 0.560271 0.905864 0.986427 0.998181 0.999759
Scru_pelaces
 0.940549 1 1 1 1
 0.940549 1 1 1 1
 0.940549 1 1 1 1
 0.940549 1 1 1 1
 0.940549 1 1 1 1
 0.940549 1 1 1 1
 0.940549 1 1 1 1
 0.940549 1 1 1 1
 0.940549 1 1 1 1
 0.940549 1 1 1 1
 0.940549 1 1 1 1
 0.940549 1 1 1 1
 0.940549 1 1 1 1
 0.940549 1 1 1 1
 0.940549 1 1 1 1
 0.940549 1 1 1 1
 0.940549 1 1 1 1
 0.940549 1 1 1 1
 0.940549 1 1 1 1
 0.940549 1 1 1 1
 0.940549 1 1 1 1
 0.940549 1 1 1 1
 0.940549 1 1 1 1
 0.940549 1 1 1 1
 0.940549 1 1 1 1
 0.940549 1 1 1 1
 0.940549 1 1 1 1
pf_obs 
 0.256992 0.487395 0.22802 0.0275931 0
 0.321318 0.546541 0.124235 0.00734118 0.000564706
 0.182869 0.594174 0.210203 0.0122559 0.00049798
 0.330522 0.361315 0.267642 0.0388342 0.00168674
 0.649043 0.306663 0.0425973 0.00169635 0
 0.582887 0.30429 0.105238 0.00758474 0
 0.465427 0.430635 0.0974691 0.00646863 0
 0.296916 0.608066 0.0921331 0.00288517 0
 0.311714 0.524322 0.152257 0.0117073 0
 0.15457 0.633149 0.183074 0.0267441 0.00246327
 0.131901 0.49318 0.331252 0.0422183 0.00144891
 0.196976 0.569456 0.194076 0.0375587 0.00193317
 0.518974 0.381816 0.0799577 0.0180837 0.00116848
 0.0928022 0.601141 0.25162 0.0475244 0.00691264
 0.122501 0.610282 0.24278 0.0234846 0.000952079
 0.383417 0.481906 0.127806 0.00687128 0
 0.0376549 0.599619 0.316969 0.0457579 0
 0.0361596 0.667082 0.258105 0.0386534 0
 0.158088 0.579412 0.248529 0.0139706 0
 0.0477256 0.309471 0.559284 0.082774 0.000745712
 0.0406174 0.521527 0.379366 0.0568643 0.0016247
 0.151134 0.462217 0.34131 0.0453401 0
 0.294876 0.26143 0.354403 0.0886775 0.000613685
 0.281977 0.475581 0.204845 0.0348837 0.00271318
 0.0841818 0.532909 0.334909 0.0458182 0.00218182
 0.115287 0.27431 0.454777 0.147771 0.00785563
 0 0 0 0 0
pf_pred 
 0.295689 0.494871 0.187077 0.0223524 9.72852e-06
 0.279328 0.575953 0.101685 0.0384401 0.0045949
 0.138741 0.67311 0.150366 0.0265472 0.0112353
 0.242236 0.496117 0.204488 0.0456807 0.0114782
 0.283639 0.510707 0.134644 0.0554971 0.0155127
 0.153015 0.622923 0.159738 0.0421137 0.0222104
 0.327375 0.416681 0.188237 0.0482702 0.0194376
 0.247065 0.603632 0.0924908 0.0417829 0.0150291
 0.334979 0.50563 0.127785 0.0195797 0.0120267
 0.24949 0.624192 0.096042 0.0242721 0.00600348
 0.1397 0.635134 0.187268 0.0288142 0.00908319
 0.158725 0.525758 0.232937 0.068681 0.0138989
 0.243448 0.495785 0.162967 0.0722026 0.025597
 0.281684 0.583273 0.0884966 0.0290893 0.017457
 0.334492 0.615585 0.040537 0.00615044 0.00323493
 0.301743 0.652643 0.0421923 0.00277841 0.000643274
 0.180119 0.674245 0.136123 0.00880011 0.000713665
 0.247218 0.513018 0.197175 0.0398075 0.00278219
 0.268821 0.548485 0.124505 0.0478525 0.0103361
 0.278775 0.549973 0.128463 0.0291607 0.0136286
 0.287941 0.549191 0.124196 0.0290097 0.00966274
 0.26519 0.555417 0.138361 0.0312894 0.00974297
 0.261043 0.545335 0.146352 0.0364581 0.010812
 0.25066 0.551606 0.145923 0.0391616 0.0126487
 0.0778545 0.668759 0.186523 0.0493433 0.0175195
 0.16197 0.33164 0.367245 0.102428 0.0367173
 0.267469 0.444139 0.114128 0.12638 0.0478843
pobs_RECLAS
 0 0 0 0 0
 0 0 0 0 0
 0 0 0 0 0
 0 0 0 0 0
 0.835266 0.146461 0.0176864 0.000547809 3.91292e-05
 0.385257 0.428462 0.181853 0.0044286 0
 0.867414 0.0963971 0.0333333 0.00285562 0
 0.441836 0.489002 0.0689373 0.000224442 0
 0.779404 0.147425 0.0564933 0.0165055 0.000172143
 0.814271 0.122319 0.05973 0.00367925 0
 0.40263 0.566651 0.0304383 0.000280538 0
 0.475488 0.404961 0.113038 0.00651328 0
 0.955842 0.0263864 0.0167828 0.000988607 0
 0.975058 0.0227948 0.00214734 0 0
 0.738997 0.206755 0.0527124 0.00153531 0
 0.850938 0.134255 0.0134407 0.00136685 0
 0.542534 0.407297 0.0501686 0 0
 0.764087 0.199537 0.0359546 0.000420521 0
 0.470689 0.182191 0.310203 0.0369168 0
 0.84361 0.089868 0.0606195 0.00523954 0.000663233
 0.607945 0.314616 0.071237 0.00620181 0
 0.523733 0.453247 0.0230204 0 0
 0.530135 0.295979 0.169645 0.0042399 0
 0.562478 0.366248 0.0663022 0.0049721 0
 0.250443 0.683176 0.0655157 0.000865301 0
 0.195077 0.31981 0.436473 0.0351445 0.0134964
 0.565238 0.351407 0.0832357 0.000118908 0
ppred_RECLAS
 0.645076 0.242858 0.0999733 0.0120874 5.26914e-06
 0.627298 0.292407 0.0562157 0.0215046 0.00257459
 0.423587 0.441649 0.107435 0.0191936 0.00813596
 0.571314 0.272038 0.1221 0.027601 0.00694627
 0.620848 0.263236 0.075572 0.0315203 0.00882453
 0.43713 0.404045 0.112825 0.0300999 0.0158995
 0.671336 0.19668 0.0967524 0.0251062 0.0101258
 0.589725 0.322898 0.0538758 0.0246285 0.00887276
 0.688047 0.232087 0.0638703 0.00990306 0.00609252
 0.587977 0.337444 0.0565388 0.014459 0.00358194
 0.417307 0.420157 0.1349 0.0210039 0.00663159
 0.450666 0.331809 0.160082 0.0477623 0.00968093
 0.599559 0.254185 0.0909827 0.0407901 0.0144836
 0.70585 0.234718 0.0387796 0.012899 0.00775312
 0.750278 0.229415 0.0164508 0.00252572 0.00133055
 0.661884 0.314183 0.0221178 0.00147383 0.00034177
 0.491427 0.411668 0.090503 0.00592058 0.000480902
 0.584921 0.274884 0.115046 0.0235033 0.00164527
 0.611482 0.284812 0.0704014 0.0273807 0.00592357
 0.623568 0.280892 0.071446 0.0164113 0.00768212
 0.629629 0.279762 0.0688929 0.0162837 0.00543247
 0.603045 0.293454 0.0796042 0.0182165 0.00568125
 0.597922 0.289726 0.0846693 0.0213434 0.00633962
 0.584656 0.298463 0.0859781 0.023349 0.00755338
 0.261485 0.522314 0.158634 0.0424655 0.0151013
 0.441383 0.209348 0.252441 0.0712473 0.0255803
 0.606214 0.229967 0.0643487 0.0721063 0.0273635
pobs_PELACES
 0 0 0 0 0
 0 0 0 0 0
 0 0 0 0 0
 0 0 0 0 0
 0 0 0 0 0
 0 0 0 0 0
 0 0 0 0 0
 0 0 0 0 0
 0 0 0 0 0
 0 0 0 0 0
 0.450072 0.473896 0.0757376 0.000293798 0
 0 0 0 0 0
 0.463077 0.371075 0.160297 0.00555027 0
 0.529543 0.364841 0.0842815 0.0213345 0
 0.631943 0.363953 0.00410389 0 0
 0.735681 0.248677 0.0153453 0.000297389 0
 0.695825 0.281241 0.0229344 0 0
 0.275771 0.60734 0.115278 0.00161068 0
 0 0 0 0 0
 0.896147 0.0623911 0.0374545 0.00400742 0
 0.803859 0.145111 0.0509908 3.86294e-05 0
 0.739449 0.233085 0.0266225 0.000797448 4.60066e-05
 0.878498 0.100942 0.0204185 0.000141795 0
 0.694673 0.275183 0.0284847 0.00165964 0
 0.469039 0.446079 0.0841089 0.000773354 0
 0.822795 0.102175 0.0682046 0.00682512 0
 0 0 0 0 0
ppred_PELACES
 0.773087 0.159436 0.060272 0.00720142 3.1343e-06
 0.755221 0.195625 0.0345376 0.0130563 0.00156068
 0.605 0.308709 0.0689627 0.0121754 0.00515286
 0.692253 0.201485 0.0830478 0.0185521 0.00466158
 0.721838 0.198307 0.052282 0.0215495 0.00602355
 0.585652 0.304736 0.0781446 0.0206022 0.0108654
 0.782225 0.134908 0.060945 0.0156283 0.00629328
 0.729807 0.216615 0.0331906 0.0149939 0.00539324
 0.807345 0.14648 0.0370189 0.00567217 0.00348411
 0.713537 0.238248 0.0366584 0.00926445 0.00229147
 0.582635 0.308129 0.0908512 0.0139789 0.00440662
 0.615478 0.240309 0.106468 0.0313921 0.0063528
 0.771317 0.149861 0.0492602 0.0218247 0.00773722
 0.887314 0.0915008 0.0138829 0.00456338 0.00273856
 0.903311 0.0894362 0.00588947 0.000893575 0.000469991
 0.793126 0.19336 0.0125004 0.000823163 0.000190584
 0.645157 0.291812 0.0589136 0.00380867 0.000308873
 0.72192 0.18951 0.072837 0.014705 0.00102775
 0.737718 0.196748 0.0446612 0.0171652 0.00370768
 0.747114 0.192839 0.0450434 0.0102247 0.00477864
 0.737974 0.202094 0.0457021 0.0106751 0.00355574
 0.718133 0.213053 0.053074 0.0120023 0.00373732
 0.715491 0.209962 0.0563477 0.0140369 0.00416278
 0.704132 0.217795 0.0576161 0.0154625 0.00499421
 0.372441 0.455119 0.126937 0.0335802 0.0119227
 0.580663 0.165947 0.183764 0.0512534 0.0183727
 0.735777 0.1602 0.0411656 0.0455852 0.0172718
pobs_pel_tallas
 0 0 0 0 0 0 0 0 0 0 0 0 0 0 0 0 0 0 0 0 0 0 0 0 0 0 0 0 0 0 0 0 0 0 0 0
 0 0 0 0 0 0 0 0 0 0 0 0 0 0 0 0 0 0 0 0 0 0 0 0 0 0 0 0 0 0 0 0 0 0 0 0
 0 0 0 0 0 0 0 0 0 0 0 0 0 0 0 0 0 0 0 0 0 0 0 0 0 0 0 0 0 0 0 0 0 0 0 0
 0 0 0 0 0 0 0 0 0 0 0 0 0 0 0 0 0 0 0 0 0 0 0 0 0 0 0 0 0 0 0 0 0 0 0 0
 0 0 0 0 0 0 0 0 0 0 0 0 0 0 0 0 0 0 0 0 0 0 0 0 0 0 0 0 0 0 0 0 0 0 0 0
 0 0 0 0 0 0 0 0 0 0 0 0 0 0 0 0 0 0 0 0 0 0 0 0 0 0 0 0 0 0 0 0 0 0 0 0
 0 0 0 0 0 0 0 0 0 0 0 0 0 0 0 0 0 0 0 0 0 0 0 0 0 0 0 0 0 0 0 0 0 0 0 0
 0 0 0 0 0 0 0 0 0 0 0 0 0 0 0 0 0 0 0 0 0 0 0 0 0 0 0 0 0 0 0 0 0 0 0 0
 0 0 0 0 0 0 0 0 0 0 0 0 0 0 0 0 0 0 0 0 0 0 0 0 0 0 0 0 0 0 0 0 0 0 0 0
 0 0 0 0 0 0 0 0 0 0 0 0 0 0 0 0 0 0 0 0 0 0 0 0 0 0 0 0 0 0 0 0 0 0 0 0
 0 0 0 0 0 0 0 0 1.78061e-05 0.00172719 0.00360574 0.0105946 0.0120993 0.0124554 0.0147524 0.0171206 0.0266825 0.0428682 0.0675386 0.121331 0.153587 0.119568 0.100827 0.0573624 0.0630603 0.0341343 0.0324427 0.0444173 0.0211091 0.0280891 0.0125444 0.00206551 0 0 0 0
 0 0 0 0 0 0 0 0 0 0 0 0 0 0 0 0 0 0 0 0 0 0 0 0 0 0 0 0 0 0 0 0 0 0 0 0
 0 0 0 0 0 0 0.0133647 0.0140871 0.0187388 0.0205184 0.03894 0.0496705 0.03968 0.0493445 0.0407372 0.0367815 0.0215668 0.0243155 0.0234873 0.0199281 0.019796 0.0243948 0.0301388 0.0376714 0.0412746 0.0863199 0.0771752 0.113111 0.0741005 0.0525337 0.0229764 0.00759418 0.00175318 0 0 0
 0 0 0 0 0 0 0 0 0 0 0.00219441 0.00772107 0.0458388 0.0604681 0.0671733 0.0775358 0.0609151 0.0617685 0.073594 0.0568108 0.0755445 0.0548602 0.0670107 0.0636378 0.0643287 0.046367 0.0373049 0.0286899 0.0247887 0.0153202 0.00654259 0.00121912 0.000365735 0 0 0
 0 0 0 0 0 0 0 0 0 0 0 0 0.000112435 0.00938835 0.0111873 0.0202946 0.0414886 0.0713402 0.111592 0.104902 0.108894 0.110636 0.117776 0.105296 0.107544 0.0401394 0.0192827 0.0124803 0.00416011 0.0028671 0.000618394 0 0 0 0 0
 0 0 0 0 0 0 0 0 0 0 0.00291406 0.0102884 0.027416 0.0768956 0.0749926 0.110853 0.0956884 0.0897413 0.0766577 0.0534642 0.0500743 0.0551293 0.0594112 0.0620874 0.0668451 0.0424026 0.0208742 0.0120726 0.0048766 0.00582813 0.00118941 0.000297354 0 0 0 0
 0 0.00264628 0.0354308 0.0461629 0.0458689 0.0383711 0.0214643 0.0164657 0.0346957 0.0420465 0.0363128 0.0245516 0.0311673 0.0291091 0.0169068 0.0133784 0.00837989 0.0085269 0.0148486 0.0160247 0.0276389 0.0546898 0.0760071 0.122758 0.109233 0.0665981 0.0333725 0.0166128 0.00676272 0.00308733 0.000882094 0 0 0 0 0
 0 0 0 0 0 0 0 0.000805153 0.000690131 0.00759144 0.0133425 0.0154129 0.00931677 0.000345066 0.00356568 0.00563607 0.00851162 0.0253048 0.0502646 0.0516448 0.0657925 0.0565908 0.0611916 0.0827007 0.0866115 0.110766 0.145733 0.0935128 0.0569358 0.0249597 0.0138026 0.00621118 0.00161031 0.00115022 0 0
 0 0 0 0 0 0 0 0 0 0 0 0 0 0 0 0 0 0 0 0 0 0 0 0 0 0 0 0 0 0 0 0 0 0 0 0
 0.00147267 0.00158595 0.00478618 0.00569244 0.00954404 0.0108468 0.00647125 0.017049 0.0510054 0.094081 0.124002 0.0959785 0.0687766 0.0820023 0.061753 0.0591476 0.0492212 0.0479892 0.0443925 0.0268479 0.0217502 0.0140895 0.0121071 0.0120363 0.00920419 0.00665534 0.0049561 0.00860946 0.00930331 0.0156896 0.0114698 0.00855282 0.00243557 0.00046729 0 2.83206e-05
 0 0 0 0 0.000772559 0.00158375 0.000888443 0.00281984 0.00712685 0.0440552 0.0773331 0.111326 0.0921469 0.0852325 0.0710754 0.0886704 0.0786465 0.0553345 0.0373146 0.0185414 0.00753245 0.00457741 0.012979 0.0271748 0.0457355 0.0583668 0.034881 0.0177882 0.00938659 0.00492506 0.0015258 0.00185414 0.000309023 5.79419e-05 3.86279e-05 0
 0 0.00173294 0.00326652 0 0.00397197 0.00683976 0.00946217 0.0152591 0.00757587 0.0136028 0.0228656 0.0392903 0.0559909 0.0764795 0.0681675 0.0726916 0.0566044 0.0477403 0.0527397 0.0444891 0.0609904 0.0582453 0.0661739 0.0445044 0.0529084 0.0360697 0.0280645 0.0235558 0.0158879 0.00826598 0.00280645 0.00217768 0.000904811 0.00058276 9.20147e-05 0
 0 0 0 0 0 0 0 0 0 0 0 0 0 0 0 0 0 0 0 0 0 0 0 0 0 0 0 0 0 0 0 0 0 0 0 0
 0 0 0 0 0 0 0 0 0 0 0 0 0 0 0 0 0 0 0 0 0 0 0 0 0 0 0 0 0 0 0 0 0 0 0 0
 0 0 0 0 0 0 0 0 0 0 0 0 0 0 0 0 0 0 0 0 0 0 0 0 0 0 0 0 0 0 0 0 0 0 0 0
 0 0 0 0 0 0 0 0 0 0 0 0 0 0 0 0 0 0 0 0 0 0 0 0 0 0 0 0 0 0 0 0 0 0 0 0
 0 0 0 0 0 0 0 0 0 0 0 0 0 0 0 0 0 0 0 0 0 0 0 0 0 0 0 0 0 0 0 0 0 0 0 0
ppred_pel_tallas
 1.01156e-16 3.37295e-05 0.000197968 0.000941057 0.00362313 0.0112984 0.0285389 0.0583942 0.0967943 0.12999 0.141451 0.12476 0.0892846 0.0520618 0.0251821 0.0109496 0.00567608 0.0050216 0.00632676 0.00842335 0.0108324 0.0132634 0.0154482 0.0171361 0.0181366 0.0183593 0.0178299 0.0166756 0.015087 0.0132699 0.0114039 0.00961816 0.00798678 0.00653911 0.00527657 0.00418813
 1.01076e-16 3.29518e-05 0.000193399 0.00091933 0.00353946 0.0110375 0.0278798 0.057046 0.0945607 0.126994 0.138199 0.121913 0.0872929 0.0509925 0.0248362 0.0110901 0.00616513 0.00582887 0.00747849 0.00995037 0.0127349 0.0154909 0.017893 0.019641 0.0205162 0.0204308 0.0194458 0.0177493 0.0156049 0.0132878 0.0110297 0.00898651 0.00723321 0.00577939 0.00459442 0.00363181
 1.01739e-16 2.64061e-05 0.00015496 0.000736561 0.00283572 0.00884285 0.0223365 0.0457049 0.0757661 0.101767 0.110784 0.0978167 0.0702327 0.0414167 0.0209011 0.0105714 0.00762238 0.00871417 0.0117694 0.0157985 0.0202598 0.0246771 0.0285478 0.0313969 0.0328745 0.0328344 0.0313642 0.0287513 0.0254039 0.0217512 0.0181573 0.0148712 0.0120182 0.00962254 0.00764622 0.00602532
 1.021e-16 3.02065e-05 0.000177281 0.000842699 0.00324442 0.0101174 0.0255558 0.0522909 0.0866793 0.116412 0.126691 0.111777 0.0800711 0.0468469 0.022955 0.0104881 0.00617364 0.00614915 0.00804151 0.0107885 0.0139156 0.0170896 0.0199801 0.0222718 0.0237217 0.0242092 0.0237569 0.0225121 0.0206999 0.0185647 0.0163196 0.0141176 0.0120478 0.0101484 0.00842837 0.00688527
 1.01829e-16 3.14963e-05 0.000184854 0.000878703 0.00338304 0.0105497 0.0266477 0.054525 0.0903822 0.121384 0.132098 0.116538 0.0834625 0.0487914 0.0238329 0.0107607 0.0061527 0.00597214 0.00773737 0.0103383 0.0132844 0.0162398 0.0188785 0.0208953 0.0220622 0.0222779 0.0215862 0.0201561 0.0182311 0.0160683 0.0138856 0.0118314 0.00998118 0.00835281 0.00693078 0.00568824
 1.02425e-16 2.55623e-05 0.000150006 0.000713011 0.00274505 0.0085601 0.0216223 0.0442435 0.0733438 0.0985144 0.107245 0.0946964 0.0680025 0.0401221 0.0202862 0.0103248 0.00752745 0.00866663 0.011736 0.0157806 0.020276 0.0247581 0.028734 0.0317353 0.0334131 0.033615 0.0324149 0.0300802 0.0269956 0.0235666 0.0201372 0.0169427 0.0141028 0.0116445 0.00953959 0.00773926
 1.01741e-16 3.41269e-05 0.000200304 0.000952166 0.00366591 0.0114318 0.0288758 0.0590835 0.0979361 0.131522 0.143111 0.126209 0.0902909 0.0525855 0.0253177 0.0108085 0.00531585 0.00444293 0.00550148 0.00732402 0.00945403 0.0116373 0.0136478 0.0152736 0.0163501 0.0167926 0.0166099 0.0158927 0.014783 0.0134359 0.0119867 0.0105333 0.0091335 0.00781485 0.00658794 0.00545812
 1.0131e-16 3.18445e-05 0.000186896 0.00088841 0.00342041 0.0106662 0.0269421 0.0551274 0.0913812 0.122727 0.133562 0.117838 0.0844092 0.049377 0.0241782 0.011015 0.00643092 0.00634432 0.0082404 0.0109834 0.0140559 0.0170914 0.0197324 0.0216482 0.0225988 0.0224899 0.0213918 0.0195156 0.017155 0.0146149 0.0121507 0.00993181 0.00803727 0.00647285 0.00520011 0.00416403
 1.00932e-16 3.52227e-05 0.000206736 0.000982743 0.00378364 0.011799 0.0298032 0.0609809 0.101081 0.135746 0.147708 0.130266 0.0931964 0.0542849 0.0261486 0.0111824 0.00552264 0.00462662 0.00571184 0.00756124 0.00968808 0.0118129 0.0136876 0.0150847 0.0158365 0.0158711 0.0152262 0.0140342 0.0124844 0.0107769 0.00908196 0.00751683 0.00614174 0.00497063 0.00398887 0.00317015
 1.01024e-16 3.11359e-05 0.000182735 0.00086862 0.0033442 0.0104286 0.0263418 0.0538994 0.0893464 0.119996 0.130597 0.115236 0.0825784 0.0483714 0.0238077 0.0110516 0.00673465 0.00687358 0.00900885 0.0120176 0.0153681 0.0186641 0.0215122 0.0235472 0.0245053 0.0242839 0.0229641 0.0207832 0.0180717 0.0151736 0.0123779 0.00987881 0.0077686 0.00605615 0.00469834 0.00363065
 1.02077e-16 2.54309e-05 0.000149234 0.000709341 0.00273092 0.00851603 0.021511 0.0440158 0.0729665 0.0980082 0.106695 0.0942143 0.0676634 0.0399365 0.0202192 0.010335 0.00759031 0.00877664 0.011899 0.0160059 0.0205712 0.0251256 0.0291686 0.032223 0.033931 0.034133 0.0328984 0.0304938 0.0273068 0.0237496 0.020176 0.0168332 0.0138529 0.0112739 0.00907683 0.00721842
 1.02966e-16 2.68603e-05 0.000157632 0.00074928 0.00288471 0.00899566 0.0227224 0.046494 0.0770721 0.103515 0.112671 0.0994446 0.0713186 0.0418907 0.0208342 0.0100406 0.00663186 0.00719919 0.00964163 0.0129984 0.0168008 0.0206766 0.024238 0.0271094 0.0289982 0.0297544 0.0293953 0.0280844 0.0260766 0.0236503 0.0210486 0.0184471 0.01595 0.0136061 0.0114339 0.00944169
 1.0186e-16 3.36518e-05 0.000197513 0.000938897 0.00361482 0.0112725 0.0284734 0.0582601 0.0965718 0.129691 0.141123 0.124465 0.0890624 0.0519095 0.025066 0.0108268 0.00550862 0.00477929 0.0059866 0.00797064 0.0102645 0.0125943 0.0147113 0.0163838 0.0174359 0.0177839 0.0174504 0.0165498 0.0152519 0.0137376 0.0121604 0.0106263 0.009191 0.00787233 0.0066674 0.00556792
 1.00512e-16 3.87074e-05 0.000227199 0.00108004 0.00415828 0.0129673 0.0327542 0.0670185 0.111087 0.149176 0.162305 0.143097 0.102287 0.0593989 0.0282722 0.0115063 0.00482157 0.00320076 0.00358035 0.00464695 0.00592486 0.00719834 0.008305 0.00910341 0.00949222 0.00943183 0.00895271 0.00814489 0.00713357 0.00604881 0.00499945 0.00405796 0.00325812 0.00260235 0.00207388 0.00164863
 1.00166e-16 3.94049e-05 0.000231294 0.00109951 0.00423324 0.013201 0.0333446 0.0682265 0.113089 0.151864 0.165229 0.145672 0.104121 0.0604511 0.0287486 0.0116569 0.00481611 0.00311524 0.00343284 0.00443038 0.00562397 0.00679651 0.00778722 0.00845821 0.00871318 0.0085189 0.00791309 0.00699356 0.00589318 0.00474888 0.00367469 0.00274581 0.0019956 0.00142285 0.00100435 0.000707527
 1.00278e-16 3.46045e-05 0.000203102 0.000965461 0.00371708 0.0115914 0.0292789 0.0599086 0.0993053 0.133365 0.145128 0.128016 0.0916434 0.0534938 0.0259789 0.01147 0.00618803 0.00567876 0.00720132 0.00953059 0.0121344 0.0146643 0.0167947 0.0182303 0.0187634 0.0183227 0.0169904 0.0149792 0.0125779 0.0100842 0.00774614 0.00572779 0.00410215 0.00286696 0.00197171 0.00134508
 1.01077e-16 2.81565e-05 0.000165238 0.000785426 0.00302387 0.00942959 0.0238186 0.0487371 0.0807914 0.108514 0.118118 0.10427 0.0748172 0.0440212 0.0220317 0.0108412 0.0074392 0.00824935 0.0110516 0.0148013 0.0189498 0.0230359 0.0265803 0.0291332 0.0303661 0.0301462 0.0285652 0.0259068 0.0225705 0.0189758 0.0154792 0.012325 0.00963545 0.00743257 0.0056741 0.00428947
 1.0165e-16 3.14996e-05 0.000184874 0.000878799 0.00338341 0.0105508 0.0266506 0.0545309 0.0903919 0.121396 0.132109 0.116545 0.0834586 0.0487721 0.0237922 0.0106905 0.00604284 0.00581206 0.00751926 0.010061 0.0129573 0.015885 0.0185306 0.0205973 0.0218584 0.0222044 0.0216625 0.0203789 0.0185738 0.0164855 0.0143214 0.0122299 0.0102964 0.00855516 0.00701003 0.00565206
 1.01462e-16 3.21887e-05 0.000188919 0.000898029 0.00345745 0.0107817 0.0272338 0.0557242 0.0923699 0.124053 0.135 0.119095 0.0852842 0.0498377 0.0243088 0.0109152 0.00615527 0.00589916 0.00760771 0.0101456 0.0130135 0.0158736 0.0184004 0.0202913 0.0213228 0.0213996 0.0205732 0.0190207 0.0169946 0.0147599 0.0125408 0.0104894 0.00868132 0.00713123 0.00581712 0.00470347
 1.01277e-16 3.25982e-05 0.000191324 0.000909462 0.00350147 0.010919 0.0275806 0.0564337 0.0935457 0.125631 0.136716 0.120605 0.0863572 0.0504477 0.0245745 0.0109804 0.00611578 0.00579574 0.00744782 0.00992388 0.012723 0.0155103 0.0179657 0.0197915 0.0207686 0.0208038 0.0199488 0.0183794 0.0163459 0.014112 0.0119008 0.00986503 0.00808138 0.00656538 0.00529519 0.00423422
 1.01248e-16 3.22e-05 0.000188985 0.000898342 0.00345866 0.0107855 0.0272433 0.0557437 0.0924023 0.124097 0.135049 0.119141 0.0853233 0.0498727 0.0243487 0.0109714 0.00623985 0.00602371 0.007782 0.0103756 0.0132989 0.0162051 0.0187592 0.0206496 0.0216467 0.0216542 0.0207277 0.0190533 0.0168958 0.0145334 0.0122019 0.0100624 0.00819574 0.0066179 0.00530484 0.00421654
 1.0141e-16 3.13354e-05 0.000183908 0.000874201 0.0033657 0.0104956 0.0265111 0.0542457 0.0899197 0.120764 0.131427 0.115955 0.0830633 0.0485954 0.0238066 0.0108658 0.00637427 0.00631904 0.00822947 0.0109922 0.0141018 0.0172002 0.0199354 0.0219784 0.0230855 0.0231519 0.0222321 0.0205175 0.0182825 0.0158164 0.0133653 0.0110984 0.00910227 0.00739662 0.00596044 0.00475629
 1.01546e-16 3.122e-05 0.000183231 0.000870984 0.00335332 0.010457 0.0264136 0.0540461 0.0895887 0.120319 0.130942 0.115526 0.0827544 0.0484105 0.0237085 0.0108086 0.00632439 0.00625806 0.00814921 0.0108909 0.0139832 0.0170735 0.0198154 0.0218844 0.0230389 0.0231725 0.0223348 0.0207096 0.0185617 0.0161714 0.0137775 0.0115446 0.00955828 0.00784003 0.00637287 0.00512468
 1.01654e-16 3.0725e-05 0.000180324 0.000857163 0.0033001 0.010291 0.0259944 0.0531885 0.0881675 0.118412 0.128869 0.113704 0.0814629 0.0476837 0.0234061 0.0107612 0.00642172 0.00645691 0.00844619 0.0112962 0.0145053 0.017712 0.020558 0.0227071 0.023909 0.0240537 0.0231929 0.021517 0.0193006 0.0168335 0.0143627 0.0120579 0.0100066 0.00823023 0.00671064 0.00541429
 1.03662e-16 1.62715e-05 9.54469e-05 0.000453599 0.00174619 0.00544517 0.0137545 0.0281465 0.0466674 0.0627074 0.068329 0.0604873 0.0437706 0.0264974 0.0146416 0.00948963 0.00944019 0.012531 0.0175032 0.0236558 0.0304302 0.0371874 0.0432007 0.04777 0.05037 0.0507669 0.0490625 0.0456477 0.0410884 0.0359843 0.0308461 0.0260265 0.0217089 0.0179418 0.0146925 0.0118978
 1.05283e-16 2.53394e-05 0.000148709 0.000706874 0.00272146 0.00848659 0.0214365 0.0438623 0.0727082 0.0976498 0.106275 0.0937725 0.0671918 0.0393493 0.0193554 0.00897867 0.00549348 0.00568633 0.00759994 0.0103818 0.0136731 0.0172276 0.020786 0.0240772 0.0268577 0.0289506 0.0302661 0.030796 0.0305919 0.0297358 0.0283169 0.0264221 0.0241384 0.0215607 0.0187981 0.0159719
 1.03011e-16 3.21025e-05 0.000188416 0.000895648 0.0034483 0.0107532 0.0271617 0.0555764 0.0921239 0.123719 0.134629 0.118748 0.0849948 0.0495852 0.0240307 0.0105297 0.00557744 0.00504922 0.00641863 0.0085765 0.0110671 0.013612 0.0159525 0.0178471 0.0191123 0.0196611 0.0195165 0.0187944 0.0176648 0.0163042 0.0148569 0.0134146 0.0120182 0.0106726 0.00936835 0.00809865
pSPR Fmed_Fpbrs
0.45582   0.6 0.325
Fs Fmed_Fpbrs
0.64   0.358552 1.13037
SSBpbr Bo_Bmed_Bpbrs
984626  399581  541544 270772
Ro
34738.1
SPR SPRFo_SPRFmed_SPRFpbrs
717489 327045 233184
log_Ro
10.2756
likeval ReclasPelacesDesembMPH_pf_preclas_ppelaces_ptallas_desvR_qrecl_qpela
 66.3649 15.0996 0.0143833 44.6136 337.525 210.792 56.5807 0 17.1762 9.96748e-07 6.45015e-05 4.83776e-16 0 0 0
q_reclas_q_pelaces
0.868078 3.13494
M
0.7
N
 37792.9 11606.4 4387.58 524.237 0.228166
 45883.7 17072.2 3014.1 1139.43 136.201
 20697 20881.5 4664.73 823.559 348.547
 26807.2 8818.94 3634.97 812.018 204.035
 47795.6 12817.5 3379.22 1392.84 389.329
 32557.4 23553.6 6039.93 1592.38 839.804
 69612.6 14916.6 6738.61 1728.01 695.84
 71931.1 32641.7 5001.49 2259.43 812.707
 114247 32317.5 8167.41 1251.44 768.692
 119636 51123.1 7866.11 1987.95 491.702
 63704 55756.8 16439.8 2529.53 797.391
 44633.9 28157.7 12475.2 3678.3 744.376
 43751.3 19826.3 6517.02 2887.36 1023.62
 28050.9 18018.6 2733.86 898.635 539.286
 17055.5 9435.73 621.353 94.2742 49.5852
 13742.2 5866.98 379.29 24.9767 5.78276
 8596.16 6003.87 1212.12 78.3614 6.3549
 10355.8 3854.22 1481.34 299.067 20.9021
 13300.6 4725.56 1072.69 412.281 89.0525
 17910.8 6147.72 1435.98 325.965 152.343
 27317.3 8281.71 1872.85 437.461 145.713
 38862.7 13117.4 3267.69 738.966 230.101
 54655.9 18556.6 4980.05 1240.59 367.91
 72763.3 26007.5 6880.09 1846.42 596.372
 25126.6 34632.5 9659.34 2555.3 907.267
 35889.4 12019.1 13309.5 3712.14 1330.68
 59074.9 17032.9 4376.83 4846.73 1836.38
pred_Ctot
 2468.44 4131.23 1561.74 186.6 0.0812146
 2770.84 5713.27 1008.68 381.313 45.5799
 2131.49 10341.1 2310.1 407.848 172.609
 717.837 1470.18 605.977 135.369 34.0142
 262.229 472.157 124.48 51.308 14.3417
 1820.02 7409.3 1899.99 500.917 264.179
 2799.81 3563.59 1609.86 412.822 166.237
 4956 12108.5 1855.32 838.143 301.476
 8174.29 12338.6 3118.25 477.791 293.481
 5309.57 13283.8 2043.93 516.551 127.764
 5069.17 23046.5 6795.22 1045.55 329.593
 3408.16 11289.1 5001.63 1474.72 298.439
 5427.7 11053.6 3633.38 1609.77 570.689
 6655.19 13780.7 2090.86 687.277 412.447
 3849.22 7083.94 466.485 70.7771 37.2265
 1196.82 2588.62 167.35 11.0202 2.55146
 603.843 2260.39 456.348 29.5021 2.39254
 606.792 1259.19 483.961 97.7067 6.82883
 664.783 1356.38 307.894 118.337 25.5607
 890.764 1757.32 410.474 93.1764 43.547
 650.075 1239.89 280.393 65.4942 21.8153
 1077.11 2255.91 561.973 127.086 39.5725
 1646.01 3438.63 922.829 229.887 68.1755
 2178.59 4794.23 1268.28 340.369 109.935
 665.335 5715.14 1594.01 421.682 149.719
 1146.03 2346.54 2598.47 724.737 259.795
 2903.52 4821.36 1238.92 1371.93 519.809
F
 0.0946684 0.648251 0.648251 0.648251 0.648251
 0.0872456 0.597423 0.597423 0.597423 0.597423
 0.153085 1.04826 1.04826 1.04826 1.04826
 0.037861 0.259257 0.259257 0.259257 0.259257
 0.00765481 0.052417 0.052417 0.052417 0.052417
 0.080528 0.551423 0.551423 0.551423 0.551423
 0.0573546 0.392741 0.392741 0.392741 0.392741
 0.100099 0.685439 0.685439 0.685439 0.685439
 0.104131 0.713046 0.713046 0.713046 0.713046
 0.0634573 0.43453 0.43453 0.43453 0.43453
 0.116428 0.797255 0.797255 0.797255 0.797255
 0.111485 0.763403 0.763403 0.763403 0.763403
 0.187116 1.2813 1.2813 1.2813 1.2813
 0.389518 2.66726 2.66726 2.66726 2.66726
 0.36713 2.51396 2.51396 2.51396 2.51396
 0.12807 0.876971 0.876971 0.876971 0.876971
 0.102146 0.699456 0.699456 0.699456 0.699456
 0.0845552 0.579 0.579 0.579 0.579
 0.0717239 0.491136 0.491136 0.491136 0.491136
 0.0713561 0.488618 0.488618 0.488618 0.488618
 0.0335835 0.229967 0.229967 0.229967 0.229967
 0.0392103 0.268496 0.268496 0.268496 0.268496
 0.0426708 0.292192 0.292192 0.292192 0.292192
 0.0424178 0.29046 0.29046 0.29046 0.29046
 0.0374318 0.256318 0.256318 0.256318 0.256318
 0.0452963 0.310171 0.310171 0.310171 0.310171
 0.0704923 0.482702 0.482702 0.482702 0.482702
Np
 24453.4 11523.7 9485.48 1811.02 626.829
YTP_r0W_actual
 17826 81381 30399.8 42990.7 18076
YTP_p0W_proyectada
 7378.87 130622 36254.2 11897.2 19100.4
 7378.87 55059 65882.6 16063.8 6170.08
CTP_r0_actual
 2173.9 3767.64 968.147 1072.09 406.203
CTP_p0_proyectada
 899.862 6047.34 1154.59 296.688 429.222
 899.862 2549.03 2098.17 400.594 138.653
Wmedp
 8.2 21.6 31.4 40.1 44.5
nmprior
 10.8 10.6 4.6 0
nm_flota  nm_reclas  nm_pelaces    nm_pelaL
inf 19.7795 14.37 41.729
cv_recla  cv_pelaces  cv_mph
0.705504 0.42567 0.535538
 ------------------------------------------------
Talla a la edad & desviaci?n 
 7.2 14.2025 17.0495 18.207 18.6776
 1.08 2.13037 2.55742 2.73105 2.80164
