years
 1997 1998 1999 2000 2001 2002 2003 2004 2005 2006 2007 2008 2009 2010 2011 2012 2013 2014 2015 2016 2017 2018 2019 2020 2021 2022 2023
reclasobs
 0 0 0 370054 412103 1.49427e+06 250295 1.28982e+06 931140 785840 897777 1.04006e+06 184774 17550 25797 100020 73551 82996 120727 218422 84188 347160 605670 569463 516374 1.08416e+06 1.01767e+06
reclaspred
 556531 129824 185316 91864.9 196332 225246 757720 575174 744559 873256 755620 546698 386338 189341 112704 94726.4 97142.6 127726 140912 196595 307588 281108 449506 574612 681364 552263 360785
pelacesobs
 0 0 0 0 0 0 0 0 0 2.06254e+06 1.5e+06 0 1.87456e+06 323000 250000 174000 83755 137374 0 501740 490994 745055 786931 1.00524e+06 1.33801e+06 1.41789e+06 0
pelacespred
 1.79651e+06 332345 269665 211959 440566 326270 1.82121e+06 1.35049e+06 1.72025e+06 2.00904e+06 1.48693e+06 1.13969e+06 815703 320995 189390 173688 183343 251447 275047 380841 700625 616858 783014 1.12812e+06 1.3127e+06 1.14076e+06 661391
mphobs
 0 0 0 0 0 0 112323 0 153150 637223 0 255016 313432 73983 77613 109348 50772 17779 17303 59886 28197 0 207744 136588 643089 65757 70829
mphpred
 200228 102835 83927.3 43654.4 51614.7 106540 181351 306190 274424 353777 393615 275326 180746 130033 59153.8 41991 37314.2 47026.4 34558.3 37840.1 63262.1 81889.7 91226.7 129779 167136 147181 103066
desembarqueobs
 350755 77701 442110 56441 14545 235359 269955 359681 431902 328805 639364 411747 362871 311530 167758 66681 60226 58785 57116 73181 50977 67692 138656 160484 209506 203330 245020
desembarquepred
 350758 77697.6 442087 56451.5 14545.3 235382 269951 359621 431762 328741 639194 411649 362751 311688 167808 66708.9 60259.1 58777.9 57095.4 73171.6 50977.9 67686.2 138660 160487 209515 203343 245033
Reclutas
 32007.8 34310.3 10423.6 14094.3 32955.9 30465 74472.7 57790.9 99621.2 115396 64192.9 51571.8 57062.8 25532.6 12826.9 11359.1 8722.38 11000.3 12079.6 19395.8 26192.7 27755.6 46439.6 62407.5 22628.1 24884.9 27671.8
log_desv_Rt
 0.0872556 0.156721 -1.03465 -0.732955 0.116444 0.0378534 0.931708 0.678107 1.22265 1.36964 0.783167 0.56425 0.665428 -0.138768 -0.827178 -0.948705 -1.21283 -0.980807 -0.887207 -0.413669 -0.113245 -0.0552875 0.459427 0.754961 -0.259534 -0.164465 -0.0583116
SSB
 386420 198462 161971 84248.6 99611.3 205612 337560 582038 513219 666303 759638 531352 362629 239076 114036 81824 76964.5 91316.2 115647 134519 209941 264419 304218 410173 585745 536329 353193
BT
 1.3598e+06 309933 390978 180930 265527 358990 1.291e+06 1.13945e+06 1.40667e+06 1.44273e+06 1.37606e+06 998912 814141 465215 245896 150216 152565 188150 195679 271165 429829 381871 518941 747528 835806 765173 568806
Ftot
 1.28844 1.29179 3.31798 1.34947 0.205086 1.79605 0.993755 1.29504 1.42469 0.845704 1.38927 1.21307 1.80091 2.652 2.62745 1.27232 1.1838 0.89283 0.708183 0.72344 0.321631 0.378173 0.495608 0.515021 0.437326 0.472909 0.970259
BD_Bspro_t
 0.890413 0.585316 0.413201 0.166018 0.282523 0.496871 0.477413 0.566964 0.496529 0.516791 0.516805 0.362775 0.2834 0.23014 0.137593 0.123659 0.158898 0.247143 0.349882 0.443384 0.581233 0.694595 0.686543 0.685642 0.701104 0.61637 0.507494
BD_Bspro
 0.637807 0.327572 0.267342 0.139057 0.164414 0.339373 0.557161 0.960684 0.847095 1.09977 1.25382 0.877024 0.598539 0.394608 0.188222 0.135055 0.127034 0.150722 0.190881 0.222031 0.346518 0.436437 0.502128 0.677013 0.966803 0.88524 0.582964
BD_Bo
 0.602891 0.30964 0.252707 0.131444 0.155413 0.320795 0.526659 0.908093 0.800721 1.03956 1.18518 0.829012 0.565773 0.373005 0.177918 0.127661 0.12008 0.142471 0.180432 0.209877 0.327548 0.412545 0.47464 0.639951 0.913876 0.836778 0.55105
BD_Brms
 1.09616 0.562981 0.459467 0.238989 0.282569 0.583263 0.957563 1.65108 1.45586 1.89011 2.15488 1.50729 1.02868 0.678191 0.323488 0.232112 0.218327 0.259038 0.328058 0.381594 0.595542 0.750082 0.862981 1.16355 1.66159 1.52141 1.00191
S_f
 0.0794065 0.621048 0.968884 0.998313 0.999911
 0.0794065 0.621048 0.968884 0.998313 0.999911
 0.0794065 0.621048 0.968884 0.998313 0.999911
 0.0794065 0.621048 0.968884 0.998313 0.999911
 0.0794065 0.621048 0.968884 0.998313 0.999911
 0.0794065 0.621048 0.968884 0.998313 0.999911
 0.0794065 0.621048 0.968884 0.998313 0.999911
 0.0794065 0.621048 0.968884 0.998313 0.999911
 0.0794065 0.621048 0.968884 0.998313 0.999911
 0.0794065 0.621048 0.968884 0.998313 0.999911
 0.0794065 0.621048 0.968884 0.998313 0.999911
 0.0794065 0.621048 0.968884 0.998313 0.999911
 0.0794065 0.621048 0.968884 0.998313 0.999911
 0.0794065 0.621048 0.968884 0.998313 0.999911
 0.0794065 0.621048 0.968884 0.998313 0.999911
 0.0794065 0.621048 0.968884 0.998313 0.999911
 0.0794065 0.621048 0.968884 0.998313 0.999911
 0.0794065 0.621048 0.968884 0.998313 0.999911
 0.0794065 0.621048 0.968884 0.998313 0.999911
 0.0794065 0.621048 0.968884 0.998313 0.999911
 0.0794065 0.621048 0.968884 0.998313 0.999911
 0.0794065 0.621048 0.968884 0.998313 0.999911
 0.0794065 0.621048 0.968884 0.998313 0.999911
 0.0794065 0.621048 0.968884 0.998313 0.999911
 0.0794065 0.621048 0.968884 0.998313 0.999911
 0.0794065 0.621048 0.968884 0.998313 0.999911
 0.0794065 0.621048 0.968884 0.998313 0.999911
Scru_reclas
 0.663591 0.908487 0.980377 0.996039 0.99921
 0.663591 0.908487 0.980377 0.996039 0.99921
 0.663591 0.908487 0.980377 0.996039 0.99921
 0.663591 0.908487 0.980377 0.996039 0.99921
 0.663591 0.908487 0.980377 0.996039 0.99921
 0.663591 0.908487 0.980377 0.996039 0.99921
 0.663591 0.908487 0.980377 0.996039 0.99921
 0.663591 0.908487 0.980377 0.996039 0.99921
 0.663591 0.908487 0.980377 0.996039 0.99921
 0.663591 0.908487 0.980377 0.996039 0.99921
 0.663591 0.908487 0.980377 0.996039 0.99921
 0.663591 0.908487 0.980377 0.996039 0.99921
 0.663591 0.908487 0.980377 0.996039 0.99921
 0.663591 0.908487 0.980377 0.996039 0.99921
 0.663591 0.908487 0.980377 0.996039 0.99921
 0.663591 0.908487 0.980377 0.996039 0.99921
 0.663591 0.908487 0.980377 0.996039 0.99921
 0.663591 0.908487 0.980377 0.996039 0.99921
 0.663591 0.908487 0.980377 0.996039 0.99921
 0.663591 0.908487 0.980377 0.996039 0.99921
 0.663591 0.908487 0.980377 0.996039 0.99921
 0.663591 0.908487 0.980377 0.996039 0.99921
 0.663591 0.908487 0.980377 0.996039 0.99921
 0.663591 0.908487 0.980377 0.996039 0.99921
 0.663591 0.908487 0.980377 0.996039 0.99921
 0.663591 0.908487 0.980377 0.996039 0.99921
 0.663591 0.908487 0.980377 0.996039 0.99921
Scru_pelaces
 0.761554 1 1 1 1
 0.761554 1 1 1 1
 0.761554 1 1 1 1
 0.761554 1 1 1 1
 0.761554 1 1 1 1
 0.761554 1 1 1 1
 0.761554 1 1 1 1
 0.761554 1 1 1 1
 0.761554 1 1 1 1
 0.761554 1 1 1 1
 0.761554 1 1 1 1
 0.761554 1 1 1 1
 0.761554 1 1 1 1
 0.761554 1 1 1 1
 0.761554 1 1 1 1
 0.761554 1 1 1 1
 0.761554 1 1 1 1
 0.761554 1 1 1 1
 0.761554 1 1 1 1
 0.761554 1 1 1 1
 0.761554 1 1 1 1
 0.761554 1 1 1 1
 0.761554 1 1 1 1
 0.761554 1 1 1 1
 0.761554 1 1 1 1
 0.761554 1 1 1 1
 0.761554 1 1 1 1
pf_obs 
 0.256992 0.487395 0.22802 0.0275931 0
 0.321318 0.546541 0.124235 0.00734118 0.000564706
 0.182869 0.594174 0.210203 0.0122559 0.00049798
 0.330522 0.361315 0.267642 0.0388342 0.00168674
 0.649043 0.306663 0.0425973 0.00169635 0
 0.582887 0.30429 0.105238 0.00758474 0
 0.465427 0.430635 0.0974691 0.00646863 0
 0.296916 0.608066 0.0921331 0.00288517 0
 0.311714 0.524322 0.152257 0.0117073 0
 0.15457 0.633149 0.183074 0.0267441 0.00246327
 0.131901 0.49318 0.331252 0.0422183 0.00144891
 0.196976 0.569456 0.194076 0.0375587 0.00193317
 0.518974 0.381816 0.0799577 0.0180837 0.00116848
 0.0928022 0.601141 0.25162 0.0475244 0.00691264
 0.122501 0.610282 0.24278 0.0234846 0.000952079
 0.383417 0.481906 0.127806 0.00687128 0
 0.0376549 0.599619 0.316969 0.0457579 0
 0.0361596 0.667082 0.258105 0.0386534 0
 0.158088 0.579412 0.248529 0.0139706 0
 0.0477256 0.309471 0.559284 0.082774 0.000745712
 0.0406174 0.521527 0.379366 0.0568643 0.0016247
 0.151134 0.462217 0.34131 0.0453401 0
 0.294876 0.26143 0.354403 0.0886775 0.000613685
 0.281977 0.475581 0.204845 0.0348837 0.00271318
 0.0841818 0.532909 0.334909 0.0458182 0.00218182
 0.115287 0.27431 0.454777 0.147771 0.00785563
 0 0 0 0 0
pf_pred 
 0.276078 0.491561 0.207441 0.0249075 1.32084e-05
 0.245972 0.605502 0.120722 0.0249617 0.00284157
 0.114554 0.698705 0.167069 0.0161512 0.00352165
 0.31152 0.511504 0.164836 0.0109762 0.0011637
 0.361923 0.514522 0.105771 0.0166245 0.00115897
 0.221177 0.623918 0.134808 0.0172845 0.00281231
 0.410599 0.45258 0.123687 0.0115258 0.00160893
 0.1989 0.691911 0.0942629 0.0135539 0.00137204
 0.322028 0.479814 0.184066 0.0122547 0.00183789
 0.252136 0.623296 0.104193 0.0190006 0.00137407
 0.133057 0.641139 0.203796 0.0185407 0.00346695
 0.157688 0.522044 0.274322 0.0416903 0.00425473
 0.238014 0.517322 0.187781 0.0490839 0.0077992
 0.156606 0.691627 0.126611 0.0196002 0.00555608
 0.173247 0.639525 0.174508 0.0107612 0.00195824
 0.224847 0.604769 0.154963 0.0144539 0.000966172
 0.174139 0.612439 0.187533 0.0236582 0.00223126
 0.225335 0.5163 0.219942 0.0339691 0.00445353
 0.203504 0.570247 0.178266 0.041119 0.00686371
 0.256522 0.497204 0.201517 0.0355743 0.00918272
 0.223999 0.564062 0.165856 0.0379923 0.00809039
 0.166584 0.544822 0.234659 0.04252 0.0114143
 0.225123 0.452055 0.244551 0.0640614 0.0142091
 0.218155 0.538004 0.171756 0.0551019 0.0169828
 0.0670589 0.622784 0.2452 0.0462665 0.0186906
 0.0994919 0.304077 0.459881 0.108776 0.0277743
 0.156193 0.422478 0.195611 0.175523 0.0501947
pobs_RECLAS
 0 0 0 0 0
 0 0 0 0 0
 0 0 0 0 0
 0 0 0 0 0
 0.835266 0.146461 0.0176864 0.000547809 3.91292e-05
 0.385257 0.428462 0.181853 0.0044286 0
 0.867414 0.0963971 0.0333333 0.00285562 0
 0.441836 0.489002 0.0689373 0.000224442 0
 0.779404 0.147425 0.0564933 0.0165055 0.000172143
 0.814271 0.122319 0.05973 0.00367925 0
 0.40263 0.566651 0.0304383 0.000280538 0
 0.475488 0.404961 0.113038 0.00651328 0
 0.955842 0.0263864 0.0167828 0.000988607 0
 0.975058 0.0227948 0.00214734 0 0
 0.738997 0.206755 0.0527124 0.00153531 0
 0.850938 0.134255 0.0134407 0.00136685 0
 0.542534 0.407297 0.0501686 0 0
 0.764087 0.199537 0.0359546 0.000420521 0
 0.470689 0.182191 0.310203 0.0369168 0
 0.84361 0.089868 0.0606195 0.00523954 0.000663233
 0.607945 0.314616 0.071237 0.00620181 0
 0.523733 0.453247 0.0230204 0 0
 0.530135 0.295979 0.169645 0.0042399 0
 0.562478 0.366248 0.0663022 0.0049721 0
 0.250443 0.683176 0.0655157 0.000865301 0
 0.195077 0.31981 0.436473 0.0351445 0.0134964
 0.565238 0.351407 0.0832357 0.000118908 0
ppred_RECLAS
 0.723838 0.211317 0.058013 0.00682826 3.62559e-06
 0.681352 0.274946 0.0356521 0.00722622 0.000823648
 0.516125 0.424404 0.0534274 0.00496178 0.00108204
 0.752985 0.20185 0.0421245 0.00274848 0.000291752
 0.77649 0.191867 0.027145 0.00420499 0.000293604
 0.66069 0.293917 0.0396246 0.00496015 0.000807889
 0.818901 0.150879 0.0273657 0.00250464 0.00035011
 0.614078 0.350095 0.0310127 0.00437111 0.000443037
 0.765597 0.185223 0.0457495 0.00298283 0.000447885
 0.679133 0.283092 0.0316836 0.00567965 0.000411316
 0.50957 0.399719 0.0820319 0.00731042 0.00136865
 0.566901 0.309319 0.106314 0.0158467 0.00161933
 0.692936 0.237418 0.0537486 0.0137159 0.00218164
 0.580645 0.37287 0.038986 0.00584247 0.00165712
 0.61418 0.330517 0.0516565 0.0030845 0.000561623
 0.656868 0.290011 0.0483993 0.0044258 0.000296218
 0.583729 0.339017 0.0680386 0.00842022 0.00079516
 0.660621 0.254543 0.0724033 0.0109896 0.0014428
 0.623814 0.296985 0.0626178 0.0142082 0.00237513
 0.695142 0.228728 0.0624768 0.0108487 0.00280441
 0.646177 0.281523 0.0567591 0.0128099 0.00273203
 0.565429 0.31919 0.094075 0.0167917 0.00451453
 0.661432 0.228048 0.0840311 0.0216742 0.00481465
 0.643928 0.272417 0.0591889 0.0186955 0.00577072
 0.31839 0.509054 0.136839 0.025429 0.0102883
 0.449358 0.236055 0.243398 0.0566916 0.0144972
 0.571398 0.258716 0.0796147 0.0701756 0.0200958
pobs_PELACES
 0 0 0 0 0
 0 0 0 0 0
 0 0 0 0 0
 0 0 0 0 0
 0 0 0 0 0
 0 0 0 0 0
 0 0 0 0 0
 0 0 0 0 0
 0 0 0 0 0
 0 0 0 0 0
 0.450072 0.473896 0.0757376 0.000293798 0
 0 0 0 0 0
 0.463077 0.371075 0.160297 0.00555027 0
 0.529543 0.364841 0.0842815 0.0213345 0
 0.631943 0.363953 0.00410389 0 0
 0.735681 0.248677 0.0153453 0.000297389 0
 0.695825 0.281241 0.0229344 0 0
 0.275771 0.60734 0.115278 0.00161068 0
 0 0 0 0 0
 0.896147 0.0623911 0.0374545 0.00400742 0
 0.803859 0.145111 0.0509908 3.86294e-05 0
 0.739449 0.233085 0.0266225 0.000797448 4.60066e-05
 0.878498 0.100942 0.0204185 0.000141795 0
 0.694673 0.275183 0.0284847 0.00165964 0
 0.469039 0.446079 0.0841089 0.000773354 0
 0.822795 0.102175 0.0682046 0.00682512 0
 0 0 0 0 0
ppred_PELACES
 0.783207 0.174194 0.0382226 0.00437309 2.31303e-06
 0.742911 0.228253 0.0236474 0.00465885 0.000528971
 0.67827 0.295628 0.0235641 0.00208568 0.0004526
 0.807876 0.163198 0.0270317 0.00171339 0.000181171
 0.792088 0.180967 0.0231734 0.00352628 0.000245407
 0.743268 0.230055 0.0233864 0.00283162 0.000459303
 0.852952 0.1262 0.0189245 0.00168846 0.000235147
 0.680667 0.29529 0.0208915 0.00286204 0.000288967
 0.821434 0.147759 0.0287177 0.00181761 0.000271851
 0.723515 0.248687 0.0234059 0.00409603 0.000295558
 0.591062 0.346913 0.0562494 0.00486783 0.000907792
 0.642376 0.270647 0.074996 0.010874 0.00110695
 0.774934 0.184573 0.0314897 0.00777226 0.00123116
 0.706285 0.270796 0.0193515 0.00278186 0.000785423
 0.735497 0.237356 0.0254259 0.0014567 0.000264028
 0.721146 0.243262 0.0325087 0.00289003 0.000192686
 0.652041 0.29395 0.047722 0.0057466 0.000540617
 0.712982 0.224627 0.0534411 0.00791496 0.00103536
 0.669542 0.269379 0.0485232 0.0107627 0.00179277
 0.737626 0.204553 0.0476504 0.00808707 0.00208309
 0.673564 0.265739 0.0478486 0.0105959 0.0022523
 0.599605 0.303431 0.0793522 0.01389 0.00372179
 0.699098 0.211587 0.0682529 0.0172445 0.00381749
 0.680861 0.251975 0.0478205 0.014793 0.00455041
 0.352107 0.499359 0.1183 0.0215464 0.00868778
 0.499491 0.23127 0.209303 0.0477637 0.0121724
 0.640544 0.233881 0.0596655 0.0512792 0.0146304
pobs_pel_tallas
 0 0 0 0 0 0 0 0 0 0 0 0 0 0 0 0 0 0 0 0 0 0 0 0 0 0 0 0 0 0 0 0 0 0 0 0
 0 0 0 0 0 0 0 0 0 0 0 0 0 0 0 0 0 0 0 0 0 0 0 0 0 0 0 0 0 0 0 0 0 0 0 0
 0 0 0 0 0 0 0 0 0 0 0 0 0 0 0 0 0 0 0 0 0 0 0 0 0 0 0 0 0 0 0 0 0 0 0 0
 0 0 0 0 0 0 0 0 0 0 0 0 0 0 0 0 0 0 0 0 0 0 0 0 0 0 0 0 0 0 0 0 0 0 0 0
 0 0 0 0 0 0 0 0 0 0 0 0 0 0 0 0 0 0 0 0 0 0 0 0 0 0 0 0 0 0 0 0 0 0 0 0
 0 0 0 0 0 0 0 0 0 0 0 0 0 0 0 0 0 0 0 0 0 0 0 0 0 0 0 0 0 0 0 0 0 0 0 0
 0 0 0 0 0 0 0 0 0 0 0 0 0 0 0 0 0 0 0 0 0 0 0 0 0 0 0 0 0 0 0 0 0 0 0 0
 0 0 0 0 0 0 0 0 0 0 0 0 0 0 0 0 0 0 0 0 0 0 0 0 0 0 0 0 0 0 0 0 0 0 0 0
 0 0 0 0 0 0 0 0 0 0 0 0 0 0 0 0 0 0 0 0 0 0 0 0 0 0 0 0 0 0 0 0 0 0 0 0
 0 0 0 0 0 0 0 0 0 0 0 0 0 0 0 0 0 0 0 0 0 0 0 0 0 0 0 0 0 0 0 0 0 0 0 0
 0 0 0 0 0 0 0 0 1.78061e-05 0.00172719 0.00360574 0.0105946 0.0120993 0.0124554 0.0147524 0.0171206 0.0266825 0.0428682 0.0675386 0.121331 0.153587 0.119568 0.100827 0.0573624 0.0630603 0.0341343 0.0324427 0.0444173 0.0211091 0.0280891 0.0125444 0.00206551 0 0 0 0
 0 0 0 0 0 0 0 0 0 0 0 0 0 0 0 0 0 0 0 0 0 0 0 0 0 0 0 0 0 0 0 0 0 0 0 0
 0 0 0 0 0 0 0.0133647 0.0140871 0.0187388 0.0205184 0.03894 0.0496705 0.03968 0.0493445 0.0407372 0.0367815 0.0215668 0.0243155 0.0234873 0.0199281 0.019796 0.0243948 0.0301388 0.0376714 0.0412746 0.0863199 0.0771752 0.113111 0.0741005 0.0525337 0.0229764 0.00759418 0.00175318 0 0 0
 0 0 0 0 0 0 0 0 0 0 0.00219441 0.00772107 0.0458388 0.0604681 0.0671733 0.0775358 0.0609151 0.0617685 0.073594 0.0568108 0.0755445 0.0548602 0.0670107 0.0636378 0.0643287 0.046367 0.0373049 0.0286899 0.0247887 0.0153202 0.00654259 0.00121912 0.000365735 0 0 0
 0 0 0 0 0 0 0 0 0 0 0 0 0.000112435 0.00938835 0.0111873 0.0202946 0.0414886 0.0713402 0.111592 0.104902 0.108894 0.110636 0.117776 0.105296 0.107544 0.0401394 0.0192827 0.0124803 0.00416011 0.0028671 0.000618394 0 0 0 0 0
 0 0 0 0 0 0 0 0 0 0 0.00291406 0.0102884 0.027416 0.0768956 0.0749926 0.110853 0.0956884 0.0897413 0.0766577 0.0534642 0.0500743 0.0551293 0.0594112 0.0620874 0.0668451 0.0424026 0.0208742 0.0120726 0.0048766 0.00582813 0.00118941 0.000297354 0 0 0 0
 0 0.00264628 0.0354308 0.0461629 0.0458689 0.0383711 0.0214643 0.0164657 0.0346957 0.0420465 0.0363128 0.0245516 0.0311673 0.0291091 0.0169068 0.0133784 0.00837989 0.0085269 0.0148486 0.0160247 0.0276389 0.0546898 0.0760071 0.122758 0.109233 0.0665981 0.0333725 0.0166128 0.00676272 0.00308733 0.000882094 0 0 0 0 0
 0 0 0 0 0 0 0 0.000805153 0.000690131 0.00759144 0.0133425 0.0154129 0.00931677 0.000345066 0.00356568 0.00563607 0.00851162 0.0253048 0.0502646 0.0516448 0.0657925 0.0565908 0.0611916 0.0827007 0.0866115 0.110766 0.145733 0.0935128 0.0569358 0.0249597 0.0138026 0.00621118 0.00161031 0.00115022 0 0
 0 0 0 0 0 0 0 0 0 0 0 0 0 0 0 0 0 0 0 0 0 0 0 0 0 0 0 0 0 0 0 0 0 0 0 0
 0.00147267 0.00158595 0.00478618 0.00569244 0.00954404 0.0108468 0.00647125 0.017049 0.0510054 0.094081 0.124002 0.0959785 0.0687766 0.0820023 0.061753 0.0591476 0.0492212 0.0479892 0.0443925 0.0268479 0.0217502 0.0140895 0.0121071 0.0120363 0.00920419 0.00665534 0.0049561 0.00860946 0.00930331 0.0156896 0.0114698 0.00855282 0.00243557 0.00046729 0 2.83206e-05
 0 0 0 0 0.000772559 0.00158375 0.000888443 0.00281984 0.00712685 0.0440552 0.0773331 0.111326 0.0921469 0.0852325 0.0710754 0.0886704 0.0786465 0.0553345 0.0373146 0.0185414 0.00753245 0.00457741 0.012979 0.0271748 0.0457355 0.0583668 0.034881 0.0177882 0.00938659 0.00492506 0.0015258 0.00185414 0.000309023 5.79419e-05 3.86279e-05 0
 0 0.00173294 0.00326652 0 0.00397197 0.00683976 0.00946217 0.0152591 0.00757587 0.0136028 0.0228656 0.0392903 0.0559909 0.0764795 0.0681675 0.0726916 0.0566044 0.0477403 0.0527397 0.0444891 0.0609904 0.0582453 0.0661739 0.0445044 0.0529084 0.0360697 0.0280645 0.0235558 0.0158879 0.00826598 0.00280645 0.00217768 0.000904811 0.00058276 9.20147e-05 0
 0 0 0 0 0 0 0 0 0 0 0 0 0 0 0 0 0 0 0 0 0 0 0 0 0 0 0 0 0 0 0 0 0 0 0 0
 0 0 0 0 0 0 0 0 0 0 0 0 0 0 0 0 0 0 0 0 0 0 0 0 0 0 0 0 0 0 0 0 0 0 0 0
 0 0 0 0 0 0 0 0 0 0 0 0 0 0 0 0 0 0 0 0 0 0 0 0 0 0 0 0 0 0 0 0 0 0 0 0
 0 0 0 0 0 0 0 0 0 0 0 0 0 0 0 0 0 0 0 0 0 0 0 0 0 0 0 0 0 0 0 0 0 0 0 0
 0 0 0 0 0 0 0 0 0 0 0 0 0 0 0 0 0 0 0 0 0 0 0 0 0 0 0 0 0 0 0 0 0 0 0 0
ppred_pel_tallas
 1.0075e-16 3.41713e-05 0.000200561 0.00095338 0.00367058 0.0114464 0.0289126 0.0591589 0.0980622 0.131694 0.143307 0.126402 0.0904718 0.0527775 0.0255713 0.0111905 0.00590041 0.00530301 0.00669835 0.00889112 0.0113783 0.0138437 0.0159942 0.0175598 0.018343 0.0182625 0.0173697 0.0158301 0.0138782 0.0117608 0.00968786 0.00780387 0.00618214 0.00483748 0.00374764 0.00287421
 1.00595e-16 3.24164e-05 0.000190253 0.000904364 0.00348183 0.0108578 0.0274259 0.0561175 0.0930225 0.124931 0.135963 0.119959 0.0859354 0.0502831 0.0246462 0.0112679 0.00662996 0.00657613 0.00854164 0.0113615 0.0144961 0.0175566 0.0201634 0.0219676 0.0227206 0.0223321 0.0208908 0.0186374 0.0159024 0.0130278 0.0103 0.00790943 0.00594349 0.00440462 0.00324127 0.00237902
 1.00524e-16 2.96004e-05 0.000173715 0.000825726 0.00317903 0.00991347 0.0250408 0.0512379 0.0849365 0.11408 0.124173 0.109606 0.0786262 0.0462221 0.0230575 0.0112184 0.00752916 0.00821953 0.0109466 0.0146077 0.0186274 0.0225297 0.0258274 0.0280701 0.0289386 0.028321 0.0263392 0.0233138 0.0196818 0.0158945 0.0123288 0.00923447 0.0067242 0.00479721 0.00338015 0.00236837
 1.00505e-16 3.52465e-05 0.000206874 0.000983397 0.00378615 0.0118068 0.029823 0.0610216 0.101149 0.135838 0.147812 0.130366 0.0932863 0.0543741 0.0262599 0.0113462 0.00577144 0.00499213 0.00622025 0.00822672 0.0105049 0.0127491 0.0146823 0.0160528 0.0166788 0.0164898 0.0155419 0.0139992 0.0120906 0.0100551 0.00809474 0.0063466 0.00487735 0.00369551 0.00277241 0.00206311
 1.00521e-16 3.45588e-05 0.000202835 0.000964192 0.0037122 0.0115762 0.0292405 0.0598298 0.0991744 0.133188 0.144934 0.127838 0.0915031 0.0533858 0.0258781 0.0113442 0.00600675 0.00541621 0.00683834 0.00905823 0.0115589 0.0140116 0.0161112 0.01758 0.0182192 0.0179544 0.0168526 0.0151008 0.0129575 0.0106911 0.0085271 0.00661655 0.00503042 0.00377357 0.00280882 0.00208103
 1.00526e-16 3.2432e-05 0.000190344 0.000904799 0.00348351 0.010863 0.0274391 0.0561444 0.0930673 0.124992 0.136029 0.120018 0.0859795 0.0503127 0.0246677 0.0112893 0.00665834 0.00661653 0.00859757 0.0114347 0.014586 0.0176597 0.0202728 0.0220736 0.0228117 0.0223967 0.0209191 0.018623 0.0158433 0.0129265 0.010163 0.00774608 0.00576447 0.00422064 0.00306192 0.00221201
 1.00379e-16 3.72105e-05 0.000218408 0.00103824 0.00399732 0.0124653 0.0314863 0.0644245 0.106789 0.143407 0.156038 0.137593 0.0984002 0.0572376 0.0274234 0.0114731 0.0052891 0.00405972 0.00483994 0.00635046 0.00809794 0.00982182 0.0113037 0.0123484 0.0128162 0.0126537 0.0119056 0.0107004 0.00921639 0.00763952 0.0061264 0.00478279 0.00365938 0.00276138 0.00206505 0.00153404
 1.00505e-16 2.97049e-05 0.000174328 0.000828644 0.00319027 0.0099485 0.0251293 0.0514189 0.0852366 0.114482 0.124612 0.109992 0.0789008 0.0463793 0.0231282 0.0112396 0.00752609 0.00820312 0.0109191 0.0145674 0.0185714 0.0224551 0.0257317 0.027952 0.028798 0.0281594 0.0261598 0.0231214 0.0194826 0.0156955 0.012137 0.00905643 0.0065652 0.00466081 0.00326792 0.00227997
 1.00532e-16 3.58371e-05 0.000210343 0.00099989 0.00384966 0.0120048 0.0303232 0.062045 0.102845 0.138114 0.150285 0.132536 0.0948172 0.0552218 0.0265861 0.0113448 0.00556459 0.0046206 0.00567869 0.00749767 0.00957997 0.0116401 0.0134258 0.0147081 0.015321 0.015198 0.0143863 0.0130306 0.0113342 0.00951016 0.00773958 0.00614608 0.00479125 0.00368545 0.00280632 0.00211711
 1.00568e-16 3.15714e-05 0.00018529 0.000880769 0.00339098 0.0105744 0.0267102 0.0546533 0.0905963 0.121675 0.132425 0.116853 0.0837426 0.0490653 0.0241708 0.011255 0.00690294 0.00707392 0.00926978 0.012344 0.0157462 0.0190608 0.0218755 0.023811 0.0245971 0.024137 0.0225297 0.0200403 0.0170317 0.0138793 0.0108969 0.00829304 0.00616268 0.00450724 0.00326844 0.00236256
 1.01122e-16 2.57999e-05 0.000151397 0.000719616 0.00277046 0.00863935 0.0218225 0.0446535 0.0740244 0.0994318 0.108252 0.0956052 0.0686978 0.0406178 0.0206935 0.0107853 0.00816858 0.00958988 0.0130147 0.0174514 0.0223226 0.0270965 0.0312063 0.0341203 0.0354531 0.0350553 0.0330464 0.0297755 0.0257291 0.0214146 0.0172606 0.0135573 0.0104453 0.00794141 0.00598393 0.00447688
 1.01579e-16 2.80344e-05 0.000164522 0.00078203 0.0030108 0.00938885 0.0237156 0.0485263 0.0804415 0.108042 0.117601 0.103804 0.0744613 0.0437694 0.0218277 0.0106137 0.00712462 0.00779797 0.0104284 0.0139904 0.0179618 0.0219152 0.0254073 0.0280188 0.0294371 0.0295254 0.0283494 0.0261496 0.0232734 0.0200892 0.0169131 0.0139653 0.0113625 0.00913663 0.00726697 0.0057099
 1.00832e-16 3.38109e-05 0.000198444 0.000943316 0.00363182 0.0113255 0.0286073 0.0585344 0.0970274 0.130305 0.141799 0.125078 0.0895387 0.0522621 0.0253755 0.0111965 0.00603424 0.00554007 0.00704159 0.00934998 0.0119555 0.0145284 0.0167596 0.0183654 0.0191398 0.0190015 0.0180107 0.0163486 0.0142682 0.0120338 0.00986819 0.00792167 0.00626681 0.00491263 0.00382848 0.0029673
 1.00496e-16 3.0821e-05 0.000180883 0.000859809 0.00331027 0.0103227 0.0260745 0.0533528 0.0884413 0.118784 0.129285 0.114097 0.0818013 0.0479958 0.0237701 0.0112797 0.00720186 0.00759928 0.0100319 0.013367 0.0170396 0.0206046 0.0236144 0.0256566 0.0264397 0.0258624 0.0240376 0.0212604 0.0179322 0.0144669 0.0112096 0.00838834 0.00610507 0.00435734 0.00307621 0.0021643
 1.00501e-16 3.20934e-05 0.000188356 0.000895345 0.0034471 0.0107495 0.0271523 0.0555578 0.0920952 0.123687 0.134611 0.118773 0.0850997 0.0498223 0.0244729 0.011277 0.0067566 0.00679982 0.00886729 0.0118004 0.0150538 0.0182264 0.0209234 0.0227817 0.0235425 0.0231119 0.0215827 0.0192069 0.0163298 0.0133095 0.0104463 0.00794076 0.00588562 0.00428451 0.00308394 0.00220561
 1.0065e-16 3.14679e-05 0.000184683 0.000877883 0.00337987 0.0105398 0.0266227 0.0544742 0.0902993 0.121276 0.13199 0.116467 0.0834616 0.048892 0.0240696 0.0111821 0.0068247 0.00697048 0.00913131 0.0121685 0.0155396 0.018838 0.0216602 0.0236333 0.0244897 0.0241288 0.0226404 0.0202759 0.0173828 0.0143228 0.0113997 0.00881821 0.00667486 0.00497738 0.00367662 0.00269874
 1.00996e-16 2.84567e-05 0.000167 0.000793804 0.00305613 0.00953019 0.0240727 0.049257 0.0816532 0.109671 0.119378 0.105381 0.075611 0.0444824 0.0222514 0.0109301 0.00747404 0.00826651 0.0110613 0.0148009 0.0189292 0.0229801 0.0264709 0.0289505 0.0300923 0.0297695 0.0280826 0.0253267 0.0219127 0.0182696 0.0147593 0.0116268 0.00899075 0.00686529 0.0051985 0.00390986
 1.01153e-16 3.11112e-05 0.000182591 0.000867938 0.00334158 0.0104204 0.0263212 0.0538571 0.0892759 0.1199 0.13049 0.115135 0.082492 0.0482927 0.023717 0.0109236 0.00654314 0.00659453 0.00862382 0.0115187 0.0147638 0.0179839 0.0208074 0.0228868 0.0239662 0.0239374 0.0228624 0.0209493 0.0184946 0.015811 0.0131652 0.0107408 0.00863228 0.00686057 0.00540082 0.00420848
 1.01231e-16 2.92188e-05 0.000171477 0.000815092 0.0031381 0.00978582 0.0247183 0.0505779 0.0838419 0.112608 0.122567 0.108178 0.0775786 0.0455608 0.0226443 0.0108816 0.00713324 0.00767707 0.010208 0.0136556 0.0174809 0.0212515 0.0245251 0.0268881 0.0280395 0.0278589 0.0264325 0.0240226 0.0209969 0.0177398 0.0145758 0.0117247 0.00929328 0.00729661 0.00569193 0.0044126
 1.01119e-16 3.2185e-05 0.000188896 0.000897921 0.00345703 0.0107804 0.0272305 0.0557176 0.0923591 0.124039 0.134987 0.119087 0.085288 0.0498584 0.0243534 0.0109934 0.0062799 0.0060852 0.00786933 0.0104923 0.0134458 0.0163793 0.0189529 0.0208505 0.0218393 0.0218213 0.0208532 0.0191244 0.0169044 0.0144772 0.0120843 0.00989167 0.00798376 0.0063785 0.00505243 0.0039647
 1.01236e-16 2.93941e-05 0.000172506 0.000819985 0.00315694 0.00984457 0.0248667 0.0508815 0.0843451 0.113283 0.123301 0.108822 0.0780343 0.0458152 0.0227461 0.0108896 0.00708488 0.00758598 0.0100738 0.0134735 0.0172479 0.0209691 0.0242005 0.0265343 0.0276734 0.0274993 0.0260967 0.0237243 0.0207446 0.0175365 0.0144196 0.0116103 0.00921398 0.00724505 0.00566133 0.00439713
 1.01877e-16 2.61707e-05 0.000153578 0.000729992 0.00281043 0.00876399 0.0221373 0.0452972 0.0750903 0.100859 0.109795 0.0969433 0.0696043 0.0410436 0.0207084 0.0104677 0.00754163 0.00862167 0.0116515 0.0156546 0.0200987 0.0245175 0.0284171 0.0313289 0.0329044 0.0329929 0.0316704 0.0292089 0.025999 0.0224539 0.0189266 0.0156611 0.0127844 0.010328 0.0082648 0.00654292
 1.01809e-16 3.05053e-05 0.000179035 0.000851035 0.00327651 0.0102175 0.0258085 0.0528081 0.0875369 0.117564 0.127946 0.112888 0.0808744 0.0473315 0.0232191 0.0106525 0.00632759 0.00634284 0.00829764 0.0111114 0.0142931 0.0174922 0.0203609 0.0225708 0.0238738 0.0241553 0.0234552 0.0219467 0.0198848 0.017542 0.015152 0.0128787 0.0108108 0.00897731 0.00737121 0.00597181
 1.01482e-16 2.97117e-05 0.000174372 0.000828858 0.00319111 0.00995114 0.0251359 0.0514321 0.0852573 0.114507 0.124629 0.109985 0.0788483 0.0462528 0.0228888 0.0108342 0.0068874 0.00725783 0.00960235 0.0128431 0.0164541 0.0200268 0.0231483 0.0254321 0.0265958 0.0265244 0.025294 0.0231439 0.020411 0.0174471 0.0145487 0.011916 0.00964603 0.00775245 0.00619796 0.00492521
 1.02989e-16 1.53867e-05 9.02481e-05 0.000428874 0.00165098 0.00514825 0.0130045 0.0266124 0.0441257 0.0592984 0.0646304 0.0572513 0.0415119 0.0252954 0.0142748 0.00969513 0.0100702 0.0135622 0.0189777 0.0256201 0.0328925 0.0400922 0.0464186 0.0511044 0.0535813 0.0536085 0.0513212 0.0471774 0.0418299 0.0359666 0.0301719 0.0248471 0.0201957 0.0162612 0.012988 0.0102796
 1.05257e-16 2.18026e-05 0.000127939 0.000608117 0.0023412 0.00730074 0.0184412 0.0377342 0.0625529 0.0840194 0.0914631 0.0807564 0.0579819 0.0341911 0.0172575 0.00874611 0.00635677 0.0073595 0.0100809 0.0137603 0.0180169 0.0225243 0.0269187 0.0308252 0.033922 0.0359962 0.0369714 0.0368974 0.0359113 0.0341887 0.031902 0.0292001 0.0262074 0.0230346 0.0197914 0.0165912
 1.03369e-16 2.79529e-05 0.000164048 0.000779781 0.00300215 0.0093619 0.0236475 0.0483866 0.080209 0.107727 0.11725 0.103474 0.0741826 0.0435207 0.0215469 0.0102188 0.00652945 0.00691991 0.00919649 0.0123591 0.0159293 0.0195401 0.0228173 0.0254059 0.0270382 0.0275905 0.027105 0.0257643 0.0238347 0.021594 0.0192736 0.0170258 0.0149232 0.012979 0.0111773 0.00949843
pSPR Fmed_Fpbrs
0.535768   0.6 0.325
Fs Fmed_Fpbrs
0.64   0.483093 1.72779
SSBpbr Bo_Bmed_Bpbrs
640945  311351  352520 176260
Ro
29333.3
SPR SPRFo_SPRFmed_SPRFpbrs
605858 324599 196904
log_Ro
10.1065
likeval ReclasPelacesDesembMPH_pf_preclas_ppelaces_ptallas_desvR_qrecl_qpela
 0.00102757 11.381 0.00730268 16.4027 318.352 208.149 54.4345 0 18.9133 1.03024e-09 8.52448e-05 4.98595e-14 0 0 0
q_reclas_q_pelaces
1.00456 3.71936
M
0.7
N
 32007.8 9675.48 3079.69 363.615 0.192653
 34310.3 14348.8 2158.5 438.883 49.9168
 10423.6 15377 3194.43 306.61 66.8289
 14094.3 3977.29 972.627 63.7153 6.74922
 32955.9 6287.81 854.289 130.65 9.09487
 30465 16101 2749.02 347.778 56.546
 74472.7 13117.7 2620.72 239.567 33.408
 57790.9 34175.9 3514.12 496.891 50.2549
 99621.2 25893.6 7593.1 497.603 74.565
 115396 44178.8 5307.91 948.269 68.5013
 64192.9 53582.1 12975 1161.61 217.026
 51571.8 28547.7 11228 1676.96 170.985
 57062.8 23258 6673.86 1721.31 273.315
 25532.6 24560.7 3774.22 578.868 164.012
 12826.9 10271.5 2349.33 143.519 26.1038
 11359.1 5170.2 997.602 91.4866 6.10996
 8722.38 5098.72 1165.02 144.406 13.6065
 11000.3 3942.8 1213.85 183.742 24.0638
 12079.6 5088.7 1124.57 253.788 42.3138
 19395.8 5670.54 1627.76 281.184 72.4976
 26192.7 9093.95 1796.77 401.028 85.28
 27755.6 12678.9 3698.25 653.357 175.154
 46439.6 13375.3 4978.24 1273.1 282.017
 62407.5 22171.3 4882.27 1529.42 470.78
 22628.1 29748.8 7996.03 1471.99 593.868
 24884.9 10853.2 11259.2 2599.26 662.826
 27671.8 11902 4017.92 3536 1010.15
pred_Ctot
 2251.87 4009.49 1692.02 203.162 0.107737
 2419.85 5956.86 1187.65 245.57 27.955
 1762.79 10751.9 2570.91 248.539 54.1923
 1036.37 1701.69 548.383 36.5161 3.87142
 383.204 544.776 111.99 17.602 1.22711
 2936.14 8282.54 1789.58 229.452 37.3335
 4082.42 4499.81 1229.77 114.596 15.9969
 4085.7 14212.8 1936.29 278.417 28.1837
 7713.6 11493.1 4408.98 293.54 44.0234
 5411 13376.3 2236.05 407.764 29.4883
 4852.75 23383.1 7432.69 676.203 126.444
 3424.92 11338.6 5958.16 905.495 92.4108
 5513.54 11983.6 4349.91 1137.02 180.667
 3529.35 15586.8 2853.36 441.719 125.214
 1758.1 6489.85 1770.89 109.203 19.8721
 789.593 2123.76 544.184 50.7575 3.3929
 565.851 1990.07 609.375 76.8757 7.2503
 543.664 1245.67 530.653 81.9569 10.745
 476.584 1335.46 417.478 96.2961 16.074
 781.305 1514.37 613.774 108.351 27.9684
 475.696 1197.87 352.222 80.6824 17.1812
 591.526 1934.62 833.257 150.985 40.5312
 1291.76 2593.89 1403.23 367.584 81.5316
 1802.7 4445.74 1419.29 455.328 140.335
 556.531 5168.57 2034.95 383.972 155.116
 661.014 2020.26 3055.4 722.695 184.53
 1482.24 4009.24 1856.32 1665.69 476.339
F
 0.102311 0.800184 1.24835 1.28627 1.28833
 0.102576 0.802262 1.25159 1.28961 1.29167
 0.263469 2.06062 3.21474 3.31238 3.31768
 0.107157 0.838086 1.30748 1.34719 1.34935
 0.0162852 0.127368 0.198705 0.20474 0.205068
 0.142618 1.11543 1.74017 1.79302 1.79589
 0.0789106 0.61717 0.962834 0.992078 0.993667
 0.102834 0.804282 1.25474 1.29285 1.29492
 0.113129 0.884799 1.38036 1.42228 1.42456
 0.0671544 0.525223 0.81939 0.844277 0.845629
 0.110317 0.862802 1.34604 1.38692 1.38914
 0.0963259 0.753377 1.17533 1.21103 1.21297
 0.143004 1.11845 1.74488 1.79788 1.80075
 0.210586 1.64702 2.56948 2.64752 2.65176
 0.208636 1.63177 2.54569 2.62301 2.62721
 0.10103 0.790171 1.23273 1.27017 1.2722
 0.0940012 0.735196 1.14696 1.1818 1.18369
 0.0708965 0.554491 0.865049 0.891324 0.892751
 0.0562343 0.439816 0.686147 0.706988 0.70812
 0.0574458 0.449291 0.70093 0.722219 0.723375
 0.0255396 0.199749 0.311624 0.321089 0.321603
 0.0300293 0.234863 0.366405 0.377534 0.378139
 0.0393545 0.307797 0.480187 0.494772 0.495564
 0.040896 0.319853 0.498996 0.514152 0.514975
 0.0347265 0.2716 0.423718 0.436588 0.437287
 0.0375521 0.2937 0.458195 0.472111 0.472867
 0.0770448 0.602578 0.940069 0.968622 0.970173
Np
 20422.9 9760.06 4680.22 1006.09 312.125
YTP_r0W_actual
 6154.96 48755.7 34834.3 40108 12731.5
YTP_p0W_proyectada
 4542.62 52116.6 28049.4 8839.9 9982.22
 4542.62 39981.4 40576.2 11411.8 3933.9
CTP_r0_actual
 750.605 2257.21 1109.37 1000.2 286.102
CTP_p0_proyectada
 553.978 2412.81 893.293 220.446 224.32
 553.978 1850.99 1292.24 284.584 88.4022
Wmedp
 8.2 21.6 31.4 40.1 44.5
nmprior
 10.8 10.6 4.6 0
nm_flota  nm_reclas  nm_pelaces    nm_pelaL
inf 18.6668 19.6697 64.7616
cv_recla  cv_pelaces  cv_mph
0.925369 0.369556 0.541207
 ------------------------------------------------
Talla a la edad & desviaci?n 
 7.2 14.2025 17.0495 18.207 18.6776
 1.08 2.13037 2.55742 2.73105 2.80164
