years
 1997 1998 1999 2000 2001 2002 2003 2004 2005 2006 2007 2008 2009 2010 2011 2012 2013 2014 2015 2016 2017 2018 2019 2020 2021 2022 2023
reclasobs
 0 0 0 370054 412103 1.49427e+06 250295 1.28982e+06 931140 785840 897777 1.04006e+06 184774 17550 25797 100020 73551 82996 120727 218422 84188 347160 605670 569463 516374 1.08416e+06 1.01767e+06
reclaspred
 631818 156772 355294 201124 293060 307473 626245 452235 758972 969351 867072 635808 350778 110953 95962.8 107162 96733.3 95727.4 108062 148956 222658 274641 556783 631971 728547 526309 379452
pelacesobs
 0 0 0 0 0 0 0 0 0 2.06254e+06 1.5e+06 0 1.87456e+06 323000 250000 174000 83755 137374 0 501740 490994 745055 786931 1.00524e+06 1.33801e+06 1.41789e+06 0
pelacespred
 2.37198e+06 464111 611188 552696 749764 486416 1.75563e+06 1.19787e+06 2.33872e+06 2.5438e+06 1.79811e+06 1.43772e+06 750174 233032 218904 220062 189012 196104 230371 292062 586001 608747 968285 1.33921e+06 1.3214e+06 1.01319e+06 770979
mphobs
 0 0 0 0 0 0 112323 0 153150 637223 0 255016 313432 73983 77613 109348 50772 17779 17303 59886 28197 0 207744 136588 643089 65757 70829
mphpred
 216630 115904 118548 93073.4 94452.4 141766 170493 232847 239234 406213 413286 284594 185814 122190 68549 74961.8 26606.8 24518.7 27722.1 37045.7 51335.7 76526 123640 173909 200935 149377 100984
desembarqueobs
 350755 77701 442110 56441 14545 235359 269955 359681 431902 328805 639364 411747 362871 311530 167758 66681 60226 58785 57116 73181 50977 67692 138656 160484 209506 203330 245020
desembarquepred
 350758 77697.1 442066 56446.9 14545.7 235575 270027 359438 431633 328815 639351 411604 363121 311411 167476 66685.4 60307.4 58807.3 57058.9 73190.5 50978.3 67657.9 138679 160482 209676 203443 244983
Reclutas
 34159.3 40421 16614.8 20111.6 33920.9 20976.7 56781.4 54472.3 130918 106419 61676.3 56793.7 33815.7 29780.1 18766.5 11963.3 5719.47 7230.23 13768 10919 22855.4 42077.9 43604.9 56656.3 12986.3 21250.5 50283.4
log_desv_Rt
 0.17429 0.342605 -0.54645 -0.355451 0.167287 -0.313332 0.682464 0.640947 1.51783 1.31064 0.765154 0.682681 0.164179 0.0370963 -0.42467 -0.874905 -1.61287 -1.37847 -0.734397 -0.966241 -0.227559 0.382778 0.418424 0.680258 -0.792849 -0.300364 0.56093
SSB
 413872 221434 226485 177817 180451 270845 313077 436821 442627 758386 789583 543717 369306 136174 79378.2 85440 79910.4 70681.6 73858.4 105037 134997 195080 324967 434013 557087 435238 275290
BT
 1.44787e+06 343740 529688 314974 360643 406277 1.0591e+06 960253 1.55341e+06 1.49547e+06 1.39389e+06 1.04353e+06 696142 391685 241912 156010 137392 140240 157073 190844 322444 340933 530524 751054 742650 636018 579513
Ftot
 1.16184 1.09846 2.0946 0.54582 0.105041 1.23638 1.02025 1.77834 1.70181 0.737453 1.27113 1.155 1.75732 4.95303 4.16664 1.2479 1.11787 1.14795 1.15514 0.949157 0.507195 0.517444 0.451593 0.478805 0.453295 0.585991 1.29006
BD_Bspro_t
 0.899392 0.612989 0.508235 0.291834 0.411299 0.564544 0.459247 0.503159 0.472412 0.551924 0.523115 0.365272 0.28473 0.142663 0.101731 0.12971 0.165883 0.198617 0.251616 0.380844 0.468805 0.623275 0.696852 0.690297 0.684558 0.562923 0.44694
BD_Bspro
 0.698298 0.37361 0.382134 0.300018 0.304464 0.456979 0.528234 0.737018 0.746815 1.27957 1.33221 0.917377 0.623106 0.229758 0.13393 0.144157 0.134827 0.119256 0.124616 0.177222 0.227771 0.329145 0.548295 0.732282 0.939935 0.734348 0.464478
BD_Bo
 0.662313 0.354357 0.362441 0.284558 0.288774 0.433429 0.501012 0.699038 0.70833 1.21363 1.26356 0.870102 0.590996 0.217918 0.127028 0.136728 0.127879 0.113111 0.118195 0.168089 0.216033 0.312183 0.52004 0.694545 0.891498 0.696506 0.440542
BD_Brms
 1.20421 0.644286 0.658984 0.517378 0.525043 0.788053 0.910931 1.27098 1.28787 2.20661 2.29738 1.582 1.07454 0.396214 0.23096 0.248597 0.232508 0.205656 0.214899 0.305617 0.392787 0.567606 0.945527 1.26281 1.6209 1.26637 0.800986
S_f
 0.0836866 0.634405 0.970562 0.998406 0.999916
 0.0836866 0.634405 0.970562 0.998406 0.999916
 0.0836866 0.634405 0.970562 0.998406 0.999916
 0.0836866 0.634405 0.970562 0.998406 0.999916
 0.0836866 0.634405 0.970562 0.998406 0.999916
 0.0836866 0.634405 0.970562 0.998406 0.999916
 0.0836866 0.634405 0.970562 0.998406 0.999916
 0.0836866 0.634405 0.970562 0.998406 0.999916
 0.0836866 0.634405 0.970562 0.998406 0.999916
 0.0836866 0.634405 0.970562 0.998406 0.999916
 0.0836866 0.634405 0.970562 0.998406 0.999916
 0.0836866 0.634405 0.970562 0.998406 0.999916
 0.0836866 0.634405 0.970562 0.998406 0.999916
 0.0836866 0.634405 0.970562 0.998406 0.999916
 0.0836866 0.634405 0.970562 0.998406 0.999916
 0.0836866 0.634405 0.970562 0.998406 0.999916
 0.0836866 0.634405 0.970562 0.998406 0.999916
 0.0836866 0.634405 0.970562 0.998406 0.999916
 0.0836866 0.634405 0.970562 0.998406 0.999916
 0.0836866 0.634405 0.970562 0.998406 0.999916
 0.0836866 0.634405 0.970562 0.998406 0.999916
 0.0836866 0.634405 0.970562 0.998406 0.999916
 0.0836866 0.634405 0.970562 0.998406 0.999916
 0.0836866 0.634405 0.970562 0.998406 0.999916
 0.0836866 0.634405 0.970562 0.998406 0.999916
 0.0836866 0.634405 0.970562 0.998406 0.999916
 0.0836866 0.634405 0.970562 0.998406 0.999916
Scru_reclas
 0.408765 0.776757 0.945977 0.98878 0.99775
 0.408765 0.776757 0.945977 0.98878 0.99775
 0.408765 0.776757 0.945977 0.98878 0.99775
 0.408765 0.776757 0.945977 0.98878 0.99775
 0.408765 0.776757 0.945977 0.98878 0.99775
 0.408765 0.776757 0.945977 0.98878 0.99775
 0.408765 0.776757 0.945977 0.98878 0.99775
 0.408765 0.776757 0.945977 0.98878 0.99775
 0.408765 0.776757 0.945977 0.98878 0.99775
 0.408765 0.776757 0.945977 0.98878 0.99775
 0.408765 0.776757 0.945977 0.98878 0.99775
 0.408765 0.776757 0.945977 0.98878 0.99775
 0.408765 0.776757 0.945977 0.98878 0.99775
 0.408765 0.776757 0.945977 0.98878 0.99775
 0.408765 0.776757 0.945977 0.98878 0.99775
 0.408765 0.776757 0.945977 0.98878 0.99775
 0.408765 0.776757 0.945977 0.98878 0.99775
 0.408765 0.776757 0.945977 0.98878 0.99775
 0.408765 0.776757 0.945977 0.98878 0.99775
 0.408765 0.776757 0.945977 0.98878 0.99775
 0.408765 0.776757 0.945977 0.98878 0.99775
 0.408765 0.776757 0.945977 0.98878 0.99775
 0.408765 0.776757 0.945977 0.98878 0.99775
 0.408765 0.776757 0.945977 0.98878 0.99775
 0.408765 0.776757 0.945977 0.98878 0.99775
 0.408765 0.776757 0.945977 0.98878 0.99775
 0.408765 0.776757 0.945977 0.98878 0.99775
Scru_pelaces
 0.830726 1 1 1 1
 0.830726 1 1 1 1
 0.830726 1 1 1 1
 0.830726 1 1 1 1
 0.830726 1 1 1 1
 0.830726 1 1 1 1
 0.830726 1 1 1 1
 0.830726 1 1 1 1
 0.830726 1 1 1 1
 0.830726 1 1 1 1
 0.830726 1 1 1 1
 0.830726 1 1 1 1
 0.830726 1 1 1 1
 0.830726 1 1 1 1
 0.830726 1 1 1 1
 0.830726 1 1 1 1
 0.830726 1 1 1 1
 0.830726 1 1 1 1
 0.830726 1 1 1 1
 0.830726 1 1 1 1
 0.830726 1 1 1 1
 0.830726 1 1 1 1
 0.830726 1 1 1 1
 0.830726 1 1 1 1
 0.830726 1 1 1 1
 0.830726 1 1 1 1
 0.830726 1 1 1 1
pf_obs 
 0.256992 0.487395 0.22802 0.0275931 0
 0.321318 0.546541 0.124235 0.00734118 0.000564706
 0.182869 0.594174 0.210203 0.0122559 0.00049798
 0.330522 0.361315 0.267642 0.0388342 0.00168674
 0.649043 0.306663 0.0425973 0.00169635 0
 0.582887 0.30429 0.105238 0.00758474 0
 0.465427 0.430635 0.0974691 0.00646863 0
 0.296916 0.608066 0.0921331 0.00288517 0
 0.311714 0.524322 0.152257 0.0117073 0
 0.15457 0.633149 0.183074 0.0267441 0.00246327
 0.131901 0.49318 0.331252 0.0422183 0.00144891
 0.196976 0.569456 0.194076 0.0375587 0.00193317
 0.518974 0.381816 0.0799577 0.0180837 0.00116848
 0.0928022 0.601141 0.25162 0.0475244 0.00691264
 0.122501 0.610282 0.24278 0.0234846 0.000952079
 0.383417 0.481906 0.127806 0.00687128 0
 0.0376549 0.599619 0.316969 0.0457579 0
 0.0361596 0.667082 0.258105 0.0386534 0
 0.158088 0.579412 0.248529 0.0139706 0
 0.0477256 0.309471 0.559284 0.082774 0.000745712
 0.0406174 0.521527 0.379366 0.0568643 0.0016247
 0.151134 0.462217 0.34131 0.0453401 0
 0.294876 0.26143 0.354403 0.0886775 0.000613685
 0.281977 0.475581 0.204845 0.0348837 0.00271318
 0.0841818 0.532909 0.334909 0.0458182 0.00218182
 0.115287 0.27431 0.454777 0.147771 0.00785563
 0 0 0 0 0
pf_pred 
 0.279778 0.489589 0.205883 0.0247381 1.21412e-05
 0.260297 0.586069 0.123531 0.0270096 0.003094
 0.126309 0.677873 0.172341 0.0190504 0.00442676
 0.219118 0.503094 0.248354 0.0261138 0.00332035
 0.241452 0.501932 0.192751 0.0573132 0.00655113
 0.12991 0.594221 0.207332 0.051852 0.016685
 0.376088 0.373971 0.202476 0.0361138 0.0113512
 0.259959 0.637989 0.0753475 0.0218201 0.00488388
 0.463517 0.432415 0.0972541 0.00511197 0.00170251
 0.210583 0.712893 0.0689661 0.00709004 0.000467715
 0.127369 0.585417 0.270668 0.0149705 0.00157592
 0.175214 0.496448 0.263143 0.0616153 0.00358019
 0.151089 0.593101 0.190948 0.0524755 0.0123857
 0.318709 0.496804 0.155251 0.0221625 0.00707398
 0.343961 0.632329 0.0222914 0.00121938 0.000198918
 0.22883 0.721074 0.0496781 0.000395893 2.23146e-05
 0.116166 0.640119 0.235389 0.00826085 6.61405e-05
 0.209322 0.438241 0.293792 0.056731 0.00191397
 0.347449 0.480977 0.121164 0.0423526 0.00805731
 0.193563 0.671501 0.114023 0.0149764 0.00593603
 0.306681 0.452102 0.217395 0.0202661 0.00355538
 0.305197 0.529567 0.125046 0.0363479 0.00384274
 0.19368 0.605565 0.169168 0.0241114 0.0074766
 0.198953 0.495775 0.254029 0.0434142 0.00782789
 0.0433311 0.614263 0.249477 0.0777827 0.0151461
 0.113043 0.218271 0.500004 0.124057 0.0446244
 0.331886 0.376934 0.104274 0.141078 0.0458271
pobs_RECLAS
 0 0 0 0 0
 0 0 0 0 0
 0 0 0 0 0
 0 0 0 0 0
 0.835266 0.146461 0.0176864 0.000547809 3.91292e-05
 0.385257 0.428462 0.181853 0.0044286 0
 0.867414 0.0963971 0.0333333 0.00285562 0
 0.441836 0.489002 0.0689373 0.000224442 0
 0.779404 0.147425 0.0564933 0.0165055 0.000172143
 0.814271 0.122319 0.05973 0.00367925 0
 0.40263 0.566651 0.0304383 0.000280538 0
 0.475488 0.404961 0.113038 0.00651328 0
 0.955842 0.0263864 0.0167828 0.000988607 0
 0.975058 0.0227948 0.00214734 0 0
 0.738997 0.206755 0.0527124 0.00153531 0
 0.850938 0.134255 0.0134407 0.00136685 0
 0.542534 0.407297 0.0501686 0 0
 0.764087 0.199537 0.0359546 0.000420521 0
 0.470689 0.182191 0.310203 0.0369168 0
 0.84361 0.089868 0.0606195 0.00523954 0.000663233
 0.607945 0.314616 0.071237 0.00620181 0
 0.523733 0.453247 0.0230204 0 0
 0.530135 0.295979 0.169645 0.0042399 0
 0.562478 0.366248 0.0663022 0.0049721 0
 0.250443 0.683176 0.0655157 0.000865301 0
 0.195077 0.31981 0.436473 0.0351445 0.0134964
 0.565238 0.351407 0.0832357 0.000118908 0
ppred_RECLAS
 0.640417 0.265018 0.084315 0.0102457 5.06511e-06
 0.609214 0.325753 0.0521628 0.0115389 0.00133146
 0.414174 0.487181 0.086763 0.00962903 0.00225292
 0.553531 0.3116 0.120382 0.012842 0.00164503
 0.577707 0.29998 0.0914936 0.0276375 0.00318289
 0.407603 0.438633 0.115201 0.029123 0.00943931
 0.735953 0.17468 0.0722042 0.0130354 0.00412731
 0.618255 0.342183 0.0291484 0.00849829 0.00191552
 0.800782 0.16957 0.0276905 0.00146626 0.000491782
 0.529023 0.434731 0.0326207 0.00339951 0.000225922
 0.403823 0.435597 0.15123 0.00845312 0.000896299
 0.498328 0.334055 0.134021 0.031738 0.0018576
 0.462139 0.409855 0.095349 0.0263852 0.00627156
 0.781783 0.184883 0.0281731 0.00390769 0.00125364
 0.757282 0.237856 0.00457556 0.00024562 4.02939e-05
 0.561967 0.416279 0.0215704 0.000173748 9.8644e-06
 0.372485 0.486824 0.13583 0.00482219 3.88908e-05
 0.55619 0.275629 0.139925 0.0273276 0.000928692
 0.706083 0.23125 0.0440927 0.0155876 0.00298706
 0.510148 0.424327 0.055244 0.00734742 0.00293365
 0.660588 0.239211 0.090165 0.00852894 0.00150745
 0.653356 0.27834 0.0514973 0.0151885 0.00161774
 0.507325 0.390662 0.0857367 0.0124021 0.00387451
 0.523581 0.320926 0.129047 0.0223809 0.00406561
 0.165935 0.579288 0.184821 0.0584826 0.0114732
 0.383448 0.181166 0.324217 0.0815989 0.0295707
 0.703437 0.187242 0.038843 0.0531031 0.0173747
pobs_PELACES
 0 0 0 0 0
 0 0 0 0 0
 0 0 0 0 0
 0 0 0 0 0
 0 0 0 0 0
 0 0 0 0 0
 0 0 0 0 0
 0 0 0 0 0
 0 0 0 0 0
 0 0 0 0 0
 0.450072 0.473896 0.0757376 0.000293798 0
 0 0 0 0 0
 0.463077 0.371075 0.160297 0.00555027 0
 0.529543 0.364841 0.0842815 0.0213345 0
 0.631943 0.363953 0.00410389 0 0
 0.735681 0.248677 0.0153453 0.000297389 0
 0.695825 0.281241 0.0229344 0 0
 0.275771 0.60734 0.115278 0.00161068 0
 0 0 0 0 0
 0.896147 0.0623911 0.0374545 0.00400742 0
 0.803859 0.145111 0.0509908 3.86294e-05 0
 0.739449 0.233085 0.0266225 0.000797448 4.60066e-05
 0.878498 0.100942 0.0204185 0.000141795 0
 0.694673 0.275183 0.0284847 0.00165964 0
 0.469039 0.446079 0.0841089 0.000773354 0
 0.822795 0.102175 0.0682046 0.00682512 0
 0 0 0 0 0
ppred_PELACES
 0.789516 0.167573 0.0384826 0.00442632 2.1673e-06
 0.759152 0.21061 0.0245152 0.00513613 0.000587005
 0.634585 0.323152 0.0374579 0.00390135 0.000903655
 0.699113 0.225763 0.06741 0.00684539 0.000868762
 0.700133 0.225946 0.0559303 0.016148 0.00184287
 0.59551 0.324264 0.060967 0.0145788 0.00467988
 0.853768 0.106644 0.0323228 0.00553069 0.00173452
 0.785394 0.199319 0.0114455 0.00314077 0.000700943
 0.900809 0.0886906 0.00984638 0.000491074 0.000163087
 0.673924 0.306819 0.0174193 0.00172501 0.000113567
 0.59365 0.321979 0.0797158 0.0042134 0.000442457
 0.681349 0.234553 0.0679762 0.0152382 0.000883353
 0.669778 0.273413 0.042978 0.0111959 0.00263495
 0.938058 0.0571269 0.0041263 0.000523192 0.000165928
 0.913834 0.0852694 0.000848379 4.19337e-05 6.80323e-06
 0.72046 0.269476 0.0099834 7.60573e-05 4.27661e-06
 0.550327 0.371864 0.0752588 0.00253003 2.02099e-05
 0.731953 0.186514 0.068451 0.0126558 0.000425978
 0.832937 0.140086 0.0192945 0.00645682 0.00122549
 0.669523 0.296883 0.0285658 0.00360321 0.00142507
 0.783162 0.163832 0.0479322 0.00431759 0.000756061
 0.774098 0.190157 0.0272769 0.00766023 0.000808355
 0.649228 0.291742 0.050005 0.00689163 0.00213315
 0.671551 0.239023 0.0748375 0.0123629 0.00222507
 0.268334 0.546496 0.136148 0.0410447 0.00797797
 0.568136 0.152863 0.210491 0.050411 0.0180989
 0.842626 0.112389 0.0165915 0.021445 0.00694899
pobs_pel_tallas
 0 0 0 0 0 0 0 0 0 0 0 0 0 0 0 0 0 0 0 0 0 0 0 0 0 0 0 0 0 0 0 0 0 0 0 0
 0 0 0 0 0 0 0 0 0 0 0 0 0 0 0 0 0 0 0 0 0 0 0 0 0 0 0 0 0 0 0 0 0 0 0 0
 0 0 0 0 0 0 0 0 0 0 0 0 0 0 0 0 0 0 0 0 0 0 0 0 0 0 0 0 0 0 0 0 0 0 0 0
 0 0 0 0 0 0 0 0 0 0 0 0 0 0 0 0 0 0 0 0 0 0 0 0 0 0 0 0 0 0 0 0 0 0 0 0
 0 0 0 0 0 0 0 0 0 0 0 0 0 0 0 0 0 0 0 0 0 0 0 0 0 0 0 0 0 0 0 0 0 0 0 0
 0 0 0 0 0 0 0 0 0 0 0 0 0 0 0 0 0 0 0 0 0 0 0 0 0 0 0 0 0 0 0 0 0 0 0 0
 0 0 0 0 0 0 0 0 0 0 0 0 0 0 0 0 0 0 0 0 0 0 0 0 0 0 0 0 0 0 0 0 0 0 0 0
 0 0 0 0 0 0 0 0 0 0 0 0 0 0 0 0 0 0 0 0 0 0 0 0 0 0 0 0 0 0 0 0 0 0 0 0
 0 0 0 0 0 0 0 0 0 0 0 0 0 0 0 0 0 0 0 0 0 0 0 0 0 0 0 0 0 0 0 0 0 0 0 0
 0 0 0 0 0 0 0 0 0 0 0 0 0 0 0 0 0 0 0 0 0 0 0 0 0 0 0 0 0 0 0 0 0 0 0 0
 0 0 0 0 0 0 0 0 1.78061e-05 0.00172719 0.00360574 0.0105946 0.0120993 0.0124554 0.0147524 0.0171206 0.0266825 0.0428682 0.0675386 0.121331 0.153587 0.119568 0.100827 0.0573624 0.0630603 0.0341343 0.0324427 0.0444173 0.0211091 0.0280891 0.0125444 0.00206551 0 0 0 0
 0 0 0 0 0 0 0 0 0 0 0 0 0 0 0 0 0 0 0 0 0 0 0 0 0 0 0 0 0 0 0 0 0 0 0 0
 0 0 0 0 0 0 0.0133647 0.0140871 0.0187388 0.0205184 0.03894 0.0496705 0.03968 0.0493445 0.0407372 0.0367815 0.0215668 0.0243155 0.0234873 0.0199281 0.019796 0.0243948 0.0301388 0.0376714 0.0412746 0.0863199 0.0771752 0.113111 0.0741005 0.0525337 0.0229764 0.00759418 0.00175318 0 0 0
 0 0 0 0 0 0 0 0 0 0 0.00219441 0.00772107 0.0458388 0.0604681 0.0671733 0.0775358 0.0609151 0.0617685 0.073594 0.0568108 0.0755445 0.0548602 0.0670107 0.0636378 0.0643287 0.046367 0.0373049 0.0286899 0.0247887 0.0153202 0.00654259 0.00121912 0.000365735 0 0 0
 0 0 0 0 0 0 0 0 0 0 0 0 0.000112435 0.00938835 0.0111873 0.0202946 0.0414886 0.0713402 0.111592 0.104902 0.108894 0.110636 0.117776 0.105296 0.107544 0.0401394 0.0192827 0.0124803 0.00416011 0.0028671 0.000618394 0 0 0 0 0
 0 0 0 0 0 0 0 0 0 0 0.00291406 0.0102884 0.027416 0.0768956 0.0749926 0.110853 0.0956884 0.0897413 0.0766577 0.0534642 0.0500743 0.0551293 0.0594112 0.0620874 0.0668451 0.0424026 0.0208742 0.0120726 0.0048766 0.00582813 0.00118941 0.000297354 0 0 0 0
 0 0.00264628 0.0354308 0.0461629 0.0458689 0.0383711 0.0214643 0.0164657 0.0346957 0.0420465 0.0363128 0.0245516 0.0311673 0.0291091 0.0169068 0.0133784 0.00837989 0.0085269 0.0148486 0.0160247 0.0276389 0.0546898 0.0760071 0.122758 0.109233 0.0665981 0.0333725 0.0166128 0.00676272 0.00308733 0.000882094 0 0 0 0 0
 0 0 0 0 0 0 0 0.000805153 0.000690131 0.00759144 0.0133425 0.0154129 0.00931677 0.000345066 0.00356568 0.00563607 0.00851162 0.0253048 0.0502646 0.0516448 0.0657925 0.0565908 0.0611916 0.0827007 0.0866115 0.110766 0.145733 0.0935128 0.0569358 0.0249597 0.0138026 0.00621118 0.00161031 0.00115022 0 0
 0 0 0 0 0 0 0 0 0 0 0 0 0 0 0 0 0 0 0 0 0 0 0 0 0 0 0 0 0 0 0 0 0 0 0 0
 0.00147267 0.00158595 0.00478618 0.00569244 0.00954404 0.0108468 0.00647125 0.017049 0.0510054 0.094081 0.124002 0.0959785 0.0687766 0.0820023 0.061753 0.0591476 0.0492212 0.0479892 0.0443925 0.0268479 0.0217502 0.0140895 0.0121071 0.0120363 0.00920419 0.00665534 0.0049561 0.00860946 0.00930331 0.0156896 0.0114698 0.00855282 0.00243557 0.00046729 0 2.83206e-05
 0 0 0 0 0.000772559 0.00158375 0.000888443 0.00281984 0.00712685 0.0440552 0.0773331 0.111326 0.0921469 0.0852325 0.0710754 0.0886704 0.0786465 0.0553345 0.0373146 0.0185414 0.00753245 0.00457741 0.012979 0.0271748 0.0457355 0.0583668 0.034881 0.0177882 0.00938659 0.00492506 0.0015258 0.00185414 0.000309023 5.79419e-05 3.86279e-05 0
 0 0.00173294 0.00326652 0 0.00397197 0.00683976 0.00946217 0.0152591 0.00757587 0.0136028 0.0228656 0.0392903 0.0559909 0.0764795 0.0681675 0.0726916 0.0566044 0.0477403 0.0527397 0.0444891 0.0609904 0.0582453 0.0661739 0.0445044 0.0529084 0.0360697 0.0280645 0.0235558 0.0158879 0.00826598 0.00280645 0.00217768 0.000904811 0.00058276 9.20147e-05 0
 0 0 0 0 0 0 0 0 0 0 0 0 0 0 0 0 0 0 0 0 0 0 0 0 0 0 0 0 0 0 0 0 0 0 0 0
 0 0 0 0 0 0 0 0 0 0 0 0 0 0 0 0 0 0 0 0 0 0 0 0 0 0 0 0 0 0 0 0 0 0 0 0
 0 0 0 0 0 0 0 0 0 0 0 0 0 0 0 0 0 0 0 0 0 0 0 0 0 0 0 0 0 0 0 0 0 0 0 0
 0 0 0 0 0 0 0 0 0 0 0 0 0 0 0 0 0 0 0 0 0 0 0 0 0 0 0 0 0 0 0 0 0 0 0 0
 0 0 0 0 0 0 0 0 0 0 0 0 0 0 0 0 0 0 0 0 0 0 0 0 0 0 0 0 0 0 0 0 0 0 0 0
ppred_pel_tallas
 1.00754e-16 3.44461e-05 0.000202175 0.000961055 0.00370013 0.0115385 0.0291454 0.0596352 0.0988514 0.132753 0.144458 0.127413 0.0911852 0.0531738 0.0257262 0.0111951 0.00581224 0.00514205 0.0064629 0.00857345 0.0109742 0.0133577 0.015441 0.0169644 0.0177371 0.0176798 0.0168404 0.0153766 0.0135124 0.0114836 0.00949167 0.00767516 0.00610512 0.00479687 0.00373049 0.00287067
 1.00621e-16 3.31238e-05 0.000194408 0.000924121 0.00355791 0.011095 0.0280251 0.0573434 0.095054 0.127658 0.138924 0.122559 0.0877705 0.0513012 0.0250415 0.0112739 0.00639397 0.00614841 0.00791687 0.0105192 0.0134257 0.0162705 0.0187021 0.0203981 0.0211281 0.0208069 0.0195139 0.0174683 0.0149721 0.0123383 0.00982909 0.00761967 0.00579112 0.00434724 0.00324289 0.00241222
 1.00814e-16 2.76967e-05 0.000162535 0.000772573 0.00297437 0.00927524 0.0234287 0.0479396 0.0794705 0.106742 0.116199 0.102594 0.0736558 0.0434203 0.0218832 0.0110177 0.0078748 0.00894321 0.012034 0.0160988 0.0205591 0.024908 0.0286157 0.0311886 0.0322736 0.0317407 0.0297132 0.0265301 0.0226576 0.0185793 0.0147009 0.0112936 0.00848353 0.00627697 0.00460378 0.0033609
 1.01307e-16 3.05065e-05 0.00017904 0.000851059 0.0032766 0.0102177 0.0258093 0.0528097 0.0875399 0.11757 0.127955 0.112903 0.0809015 0.0473799 0.0233032 0.010792 0.0065468 0.00666829 0.00875333 0.0117122 0.0150375 0.0183559 0.0212943 0.0235014 0.0247145 0.024817 0.0238608 0.0220434 0.0196519 0.0169924 0.0143282 0.0118444 0.00964098 0.007748 0.00615175 0.00481917
 1.01509e-16 3.0551e-05 0.000179301 0.000852301 0.00328138 0.0102326 0.0258469 0.0528867 0.0876676 0.117741 0.128141 0.113067 0.0810178 0.0474456 0.0233309 0.0107967 0.00653783 0.00664826 0.00872034 0.0116619 0.0149647 0.0182554 0.0211621 0.0233361 0.0245191 0.0245995 0.0236346 0.0218268 0.019466 0.0168582 0.0142635 0.0118606 0.00974113 0.00792625 0.00639418 0.00510612
 1.01691e-16 2.59929e-05 0.000152533 0.000725018 0.00279127 0.00870425 0.0219864 0.0449887 0.0745794 0.100175 0.109055 0.0963015 0.0691689 0.0408378 0.0206981 0.0106143 0.00783258 0.0090703 0.0122811 0.0164806 0.021115 0.0256869 0.0296689 0.0325641 0.0340092 0.0338574 0.0322091 0.0293759 0.0257956 0.0219259 0.0181531 0.0147385 0.0118096 0.00938467 0.00741447 0.00582233
 1.00765e-16 3.72453e-05 0.000218614 0.00103922 0.00400111 0.0124771 0.0315161 0.0644855 0.106889 0.143541 0.156179 0.137708 0.0984604 0.0572291 0.0273383 0.011299 0.00500397 0.00363447 0.00424681 0.00557358 0.00714375 0.00872705 0.0101379 0.0112092 0.0118167 0.0119045 0.0114955 0.0106807 0.00959297 0.00837358 0.00714394 0.00598891 0.00495403 0.00405301 0.00328006 0.00262134
 1.00369e-16 3.42676e-05 0.000201124 0.000956053 0.00368086 0.0114784 0.0289936 0.0593249 0.0983379 0.132066 0.143717 0.126776 0.0907652 0.0530007 0.025776 0.0114426 0.00626169 0.00582482 0.00741792 0.00982462 0.0125109 0.0151213 0.0173212 0.018807 0.0193653 0.0189226 0.0175642 0.0155089 0.0130537 0.0105042 0.00811473 0.0060523 0.00439046 0.00312544 0.00220436 0.00155357
 1.00194e-16 3.92957e-05 0.000230654 0.00109646 0.00422151 0.0131645 0.0332522 0.0680375 0.112776 0.151444 0.164771 0.145269 0.103833 0.0602836 0.0286689 0.0116249 0.00480387 0.00310962 0.00343013 0.00443162 0.00563279 0.00681827 0.00782853 0.00852608 0.00881392 0.00865671 0.00808891 0.00720429 0.00613165 0.00500455 0.00393503 0.00299798 0.0022282 0.00162722 0.00117534 0.000843585
 1.00412e-16 2.94113e-05 0.000172603 0.000820442 0.00315868 0.00985001 0.0248805 0.05091 0.0843933 0.113351 0.123383 0.108916 0.0781459 0.04597 0.0229876 0.0112763 0.00768541 0.00847133 0.0113045 0.0150818 0.0192176 0.0232197 0.0265827 0.0288403 0.0296639 0.0289415 0.0268057 0.0235958 0.0197719 0.015808 0.0120985 0.00890358 0.00633825 0.00439742 0.00299899 0.00202778
 1.01402e-16 2.59118e-05 0.000152056 0.000722754 0.00278255 0.00867706 0.0219178 0.0448482 0.0743464 0.0998622 0.108715 0.0960008 0.0689532 0.0407111 0.0206354 0.0105853 0.00781678 0.00905885 0.0122736 0.0164824 0.0211354 0.0257384 0.0297654 0.0327182 0.0342287 0.0341416 0.0325461 0.0297422 0.026158 0.0222462 0.0183941 0.0148705 0.0118153 0.00926214 0.00717664 0.00549417
 1.01607e-16 2.97323e-05 0.000174494 0.000829445 0.00319337 0.0099582 0.0251537 0.0514685 0.0853171 0.114586 0.124711 0.110049 0.0788755 0.0462315 0.0228094 0.0106831 0.00664411 0.00689756 0.00910306 0.0121943 0.0156653 0.0191344 0.0222162 0.0245472 0.025855 0.0260184 0.0250897 0.0232714 0.0208578 0.0181616 0.0154509 0.0129127 0.0106466 0.00868163 0.00700325 0.00557912
 1.01208e-16 2.92293e-05 0.000171538 0.000815381 0.00313921 0.00978929 0.0247271 0.0505959 0.0838718 0.112648 0.122612 0.108219 0.0776124 0.0455887 0.0226731 0.0109198 0.00718928 0.00775827 0.0103197 0.0137998 0.0176549 0.0214462 0.0247249 0.0270727 0.0281862 0.0279472 0.0264477 0.023959 0.0208592 0.0175418 0.0143379 0.0114698 0.00904344 0.0070696 0.00549962 0.00426054
 1.00104e-16 4.09187e-05 0.000240185 0.00114178 0.00439601 0.0137086 0.0346267 0.0708496 0.117436 0.157698 0.171568 0.151241 0.108057 0.0626468 0.0296249 0.0117207 0.00439114 0.00231828 0.00226059 0.00284352 0.00359786 0.00434717 0.00498179 0.00541254 0.00557766 0.00545571 0.00507053 0.00448435 0.00378186 0.0030504 0.00236281 0.00176723 0.0012852 0.000916261 0.000645877 0.000453522
 1.00042e-16 3.98635e-05 0.000233987 0.00111231 0.00428254 0.0133548 0.0337329 0.069021 0.114406 0.153632 0.167151 0.147363 0.105323 0.0611339 0.0290454 0.0117284 0.00476904 0.0029944 0.00324535 0.0041686 0.00527816 0.00636048 0.00726089 0.00784835 0.00803284 0.00778572 0.00714716 0.00621529 0.00512177 0.00400139 0.00296578 0.00208768 0.00139794 0.000892652 0.000545573 0.000320908
 1.00233e-16 3.1439e-05 0.000184511 0.00087706 0.00337669 0.0105299 0.0265977 0.0544233 0.0902155 0.121166 0.131876 0.116379 0.0834272 0.0489294 0.0241942 0.0114164 0.00720182 0.00753021 0.00990986 0.0131853 0.0167835 0.0202578 0.0231612 0.0250845 0.025741 0.025036 0.0230905 0.0202084 0.0167993 0.0132843 0.0100133 0.00721607 0.00499243 0.00333476 0.00216625 0.00138028
 1.01278e-16 2.40247e-05 0.000140973 0.000670053 0.00257962 0.00804422 0.0203193 0.041578 0.0689276 0.0925902 0.100815 0.0890666 0.0640626 0.0380043 0.0195968 0.0105956 0.00848745 0.0102606 0.0140248 0.0188396 0.024126 0.0293239 0.0338274 0.0370637 0.0386142 0.0383101 0.0362689 0.0328534 0.0285747 0.0239693 0.0194935 0.0154604 0.0120272 0.00922244 0.00699207 0.00524515
 1.01488e-16 3.19369e-05 0.000187442 0.000891009 0.00343042 0.0106974 0.0270209 0.0552886 0.0916475 0.123082 0.133942 0.118158 0.084606 0.0494265 0.0240811 0.0107685 0.00601362 0.00572017 0.00737329 0.0098549 0.0126817 0.0155326 0.018098 0.0200859 0.0212744 0.0215581 0.0209671 0.0196494 0.0178264 0.0157365 0.0135871 0.0115261 0.00963746 0.00795353 0.00647495 0.00518908
 1.00599e-16 3.63383e-05 0.000213286 0.00101389 0.00390355 0.0121729 0.0307477 0.0629134 0.104284 0.140046 0.152384 0.134382 0.0961246 0.0559569 0.0268904 0.0113892 0.00545978 0.0044086 0.00536063 0.00706034 0.00901138 0.0109374 0.0125991 0.0137812 0.0143292 0.014184 0.0133946 0.0121022 0.0105023 0.00879802 0.00715952 0.0057005 0.00447408 0.00348398 0.00270313 0.00209203
 1.00693e-16 2.92191e-05 0.000171475 0.000815081 0.00313805 0.00978565 0.0247179 0.0505773 0.0838417 0.11261 0.122575 0.108198 0.0776235 0.0456473 0.0227981 0.0111378 0.00753493 0.00827055 0.0110335 0.0147346 0.018803 0.022763 0.0261263 0.0284403 0.0293825 0.0288371 0.026922 0.0239536 0.0203647 0.0166032 0.0130438 0.00993525 0.00739122 0.00541345 0.00393254 0.00284869
 1.00918e-16 3.41689e-05 0.000200548 0.00095332 0.00367035 0.0114456 0.0289108 0.0591551 0.0980557 0.131684 0.143295 0.126386 0.0904491 0.0527419 0.0255126 0.0110949 0.00575142 0.00508347 0.00639368 0.00849394 0.0108934 0.0132919 0.0154134 0.0170022 0.017868 0.0179269 0.0172175 0.0158844 0.0141372 0.0121991 0.0102619 0.00846042 0.00686699 0.00550288 0.00435719 0.00340474
 1.00751e-16 3.37747e-05 0.000198231 0.000942301 0.00362791 0.0113133 0.0285765 0.0584714 0.0969232 0.130166 0.141648 0.124949 0.0894521 0.0522244 0.0253811 0.0112393 0.00611386 0.00566163 0.00721201 0.00957372 0.012231 0.0148458 0.0170998 0.0187013 0.0194403 0.0192361 0.018155 0.0163887 0.014203 0.0118742 0.00963462 0.00763984 0.00596337 0.00461141 0.00354805 0.00271994
 1.01142e-16 2.8334e-05 0.00016628 0.00079038 0.00304294 0.00948907 0.0239688 0.0490445 0.0813009 0.109198 0.118863 0.104925 0.075284 0.0442889 0.0221527 0.0108788 0.00743594 0.00822363 0.0110063 0.0147325 0.0188506 0.0228987 0.0263984 0.028902 0.0300844 0.0298178 0.0281991 0.0255174 0.0221766 0.0185982 0.0151385 0.0120383 0.00941476 0.00728285 0.00559328 0.00426938
 1.0167e-16 2.93053e-05 0.000171987 0.000817523 0.00314747 0.00981505 0.0247921 0.0507287 0.084091 0.11294 0.122922 0.108475 0.0777581 0.0455981 0.0225374 0.0106238 0.00669943 0.00702744 0.00930248 0.0124716 0.0160304 0.0195925 0.0227656 0.0251782 0.026551 0.0267573 0.0258471 0.0240231 0.0215816 0.0188393 0.0160684 0.0134605 0.0111194 0.00907814 0.00732583 0.00583327
 1.03894e-16 1.17357e-05 6.88093e-05 0.000326942 0.0012585 0.00392429 0.009913 0.0202872 0.0336432 0.045227 0.0493346 0.0437991 0.0319693 0.0199019 0.011986 0.00924869 0.0106356 0.0148039 0.0208561 0.0282027 0.0362477 0.0442385 0.0513046 0.056607 0.059521 0.059776 0.0575082 0.0532037 0.0475595 0.0413107 0.035082 0.0293015 0.0241879 0.0197914 0.0160599 0.012902
 1.05616e-16 2.47927e-05 0.000145501 0.000691622 0.00266274 0.00830348 0.0209739 0.0429158 0.0711391 0.095542 0.10398 0.0917439 0.0657315 0.0384806 0.018904 0.00873103 0.00529542 0.00545614 0.00730528 0.0100205 0.0132668 0.0168212 0.0204466 0.023887 0.0269025 0.0293047 0.0309764 0.0318711 0.0319979 0.0314004 0.0301408 0.0282947 0.0259538 0.023231 0.0202617 0.0171964
 1.01334e-16 3.67596e-05 0.000215762 0.00102566 0.00394891 0.0123143 0.0311049 0.0636442 0.105495 0.141669 0.154143 0.135917 0.0971881 0.0565057 0.027023 0.0112207 0.00504782 0.00374999 0.00442164 0.00580891 0.00744123 0.00908365 0.0105451 0.0116551 0.0122892 0.0123962 0.012007 0.011222 0.0101819 0.00903129 0.00788862 0.00682977 0.00588701 0.00505945 0.00432873 0.00367305
pSPR Fmed_Fpbrs
0.531957   0.6 0.325
Fs Fmed_Fpbrs
0.64   0.475887 1.68615
SSBpbr Bo_Bmed_Bpbrs
624889  301169  343689 171844
Ro
28695.6
SPR SPRFo_SPRFmed_SPRFpbrs
592686 315284 192623
log_Ro
10.0845
likeval ReclasPelacesDesembMPH_pf_preclas_ppelaces_ptallas_desvR_qrecl_qpela
 76.0295 13.819 0.0480985 112.969 342.147 218.587 58.4224 0 21.4816 5.5381e-06 0.000102617 3.36328e-14 0 0 0
q_reclas_q_pelaces
1.39581 4.22574
M
0.7
N
 34159.3 10243.5 3253.07 384.356 0.18847
 40421 15391.3 2434.09 523.073 59.864
 16614.8 18309.6 3807.35 416.214 96.6596
 20111.6 6924.09 2407.53 247.585 31.443
 33920.9 9541.17 2432.05 703.878 80.3401
 20976.7 16697.2 4432.56 1090.66 350.653
 56781.4 9392.82 3784.37 662.985 208.19
 54472.3 25889.3 2441.7 698.14 156.156
 130918 23309.7 4160.52 215.823 71.8285
 106419 56382.3 3932.34 396.108 26.1021
 61676.3 49683.3 17537 954.556 100.399
 56793.7 27536.8 11015 2536.03 147.225
 33815.7 25604.5 6571.78 1782.93 420.536
 29780.1 14495.8 4170 592.856 189.192
 18766.5 9770.22 310.874 16.9191 2.75929
 11963.3 6575.71 345.075 2.70583 0.152384
 5719.47 5351.67 1479.51 51.0394 0.408275
 7230.23 2586.55 1307.64 248.267 8.36842
 13768 3261.55 620.062 213.115 40.5074
 10919 6207 778.315 100.352 39.7363
 22855.4 5008.18 1687.97 153.84 26.9564
 42077.9 10878 1802.74 512.356 54.1021
 43604.9 20009.8 3890.24 541.774 167.789
 56656.3 20850.5 7461.29 1246.29 224.442
 12986.3 27029.6 7641.71 2328.02 452.761
 21250.5 6208.76 10068 2444.08 878.137
 50283.4 10047.7 2125.92 2830.97 918.827
pred_Ctot
 2288.94 4005.45 1684.38 202.389 0.0993302
 2566.7 5779.02 1218.1 266.333 30.5089
 1940.71 10415.4 2647.99 292.705 68.0163
 647.507 1486.67 733.899 77.1678 9.81182
 213.611 444.055 170.526 50.7046 5.79574
 1491.74 6823.38 2380.77 595.41 191.592
 3358.38 3339.47 1808.07 322.488 101.364
 5463.71 13409 1583.62 458.606 102.647
 12601 11755.5 2643.92 138.972 46.2838
 4596.79 15561.6 1505.45 154.767 10.2097
 4503.66 20699.9 9570.65 529.347 55.7235
 3784.17 10722 5683.22 1330.73 77.3229
 3354.24 13167.1 4239.12 1164.98 274.968
 7442.03 11600.6 3625.2 517.506 165.181
 4053.47 7451.79 262.697 14.37 2.34418
 858.325 2704.7 186.339 1.48497 0.0837004
 369.335 2035.18 748.392 26.2644 0.210286
 478.931 1002.7 672.2 129.801 4.37918
 917.471 1270.06 319.946 111.836 21.2761
 602.37 2089.72 354.842 46.6067 18.473
 684.744 1009.43 485.391 45.2493 7.93829
 1285.64 2230.8 526.754 153.115 16.1875
 1165.56 3644.27 1018.05 145.102 44.9939
 1604.08 3997.23 2048.13 350.031 63.113
 348.411 4939.08 2005.96 625.424 121.785
 733.449 1416.2 3244.15 804.913 289.534
 3723.85 4229.3 1169.99 1582.93 514.191
F
 0.09723 0.737073 1.12763 1.15998 1.16174
 0.0919268 0.696871 1.06613 1.09671 1.09837
 0.17529 1.32882 2.03294 2.09126 2.09442
 0.0456778 0.346271 0.529752 0.54495 0.545774
 0.00879052 0.0666385 0.101949 0.104874 0.105032
 0.103468 0.784364 1.19998 1.23441 1.23627
 0.085381 0.647249 0.990213 1.01862 1.02016
 0.148823 1.12819 1.72599 1.77551 1.77819
 0.142418 1.07963 1.65171 1.69909 1.70166
 0.0617149 0.467844 0.715744 0.736278 0.737391
 0.106377 0.806413 1.23371 1.26911 1.27103
 0.096658 0.732737 1.121 1.15316 1.1549
 0.147064 1.11485 1.70559 1.75452 1.75717
 0.414502 3.14223 4.80723 4.94514 4.95262
 0.348692 2.64333 4.04398 4.16 4.16629
 0.104432 0.791672 1.21116 1.24591 1.24779
 0.0935505 0.70918 1.08496 1.11609 1.11777
 0.0960677 0.728262 1.11415 1.14612 1.14785
 0.0966699 0.732827 1.12114 1.1533 1.15504
 0.0794317 0.60215 0.921216 0.947645 0.949078
 0.0424454 0.321767 0.492264 0.506386 0.507152
 0.0433031 0.328269 0.502212 0.51662 0.517401
 0.0377922 0.286492 0.438299 0.450873 0.451555
 0.0400696 0.303756 0.46471 0.478042 0.478765
 0.0379347 0.287572 0.439951 0.452573 0.453257
 0.0490396 0.371755 0.56874 0.585057 0.585941
 0.10796 0.818418 1.25208 1.288 1.28995
Np
 19132.1 9129.76 8230.2 688.697 121.958
YTP_r0W_actual
 11604 41385.1 18233.3 31726.5 11441.1
YTP_p0W_proyectada
 4415.13 92322.9 18877.4 3382.64 5488.29
 4415.13 37604.3 70587.5 7718.18 1518.6
CTP_r0_actual
 1415.12 1915.97 580.678 791.185 257.102
CTP_p0_proyectada
 538.431 4274.21 601.192 84.3552 123.332
 538.431 1740.94 2248.01 192.473 34.1258
Wmedp
 8.2 21.6 31.4 40.1 44.5
nmprior
 10.8 10.6 4.6 0
nm_flota  nm_reclas  nm_pelaces    nm_pelaL
inf 14.6942 13.1667 36.9206
cv_recla  cv_pelaces  cv_mph
0.75513 0.40722 0.426095
 ------------------------------------------------
Talla a la edad & desviaci?n 
 7.2 14.2025 17.0495 18.207 18.6776
 1.08 2.13037 2.55742 2.73105 2.80164
