years
 1997 1998 1999 2000 2001 2002 2003 2004 2005 2006 2007 2008 2009 2010 2011 2012 2013 2014 2015 2016 2017 2018 2019 2020 2021 2022 2023
reclasobs
 0 0 0 370054 412103 1.49427e+06 250295 1.28982e+06 931140 785840 897777 1.04006e+06 184774 17550 25797 100020 73551 82996 120727 218422 84188 347160 605670 569463 516374 1.08416e+06 1.01767e+06
reclaspred
 517388 132564 329714 211397 330339 408575 885894 629149 750883 811313 708960 491666 286631 111710 71260.1 72876.8 82798.1 107724 119875 160620 246630 245218 425553 551041 716881 668954 592814
pelacesobs
 0 0 0 0 0 0 0 0 0 2.06254e+06 1.5e+06 0 1.87456e+06 323000 250000 174000 83755 137374 0 501740 490994 745055 786931 1.00524e+06 1.33801e+06 1.41789e+06 0
pelacespred
 2.10074e+06 414867 644883 641210 911821 782007 2.36867e+06 1.84138e+06 2.13962e+06 2.25538e+06 1.61799e+06 1.15878e+06 705241 226171 158852 160706 185944 252527 269822 367829 666873 592953 841558 1.27838e+06 1.5328e+06 1.5432e+06 1.32922e+06
mphobs
 0 0 0 0 0 0 112323 0 153150 637223 0 255016 313432 73983 77613 109348 50772 17779 17303 59886 28197 0 207744 136588 643089 65757 70829
mphpred
 178723 97755.9 106559 96793.8 107535 177647 252436 322396 293936 338671 351879 243028 143466 156668 67234.4 59608.2 19323.8 24833.8 32808.3 35960.9 57557.1 74950.9 93269.4 138562 185601 179722 159563
desembarqueobs
 350755 77701 442110 56441 14545 235359 269955 359681 431902 328805 639364 411747 362871 311530 167758 66681 60226 58785 57116 73181 50977 67692 138656 160484 209506 203330 245020
desembarquepred
 350760 77699.1 442088 56445.2 14545.4 235474 270034 359653 431906 328805 639296 411772 362971 311627 167563 66675.9 60258.4 58782.1 57096.8 73177.1 50979.1 67678.7 138661 160496 209508 203321 245001
Reclutas
 35620.7 42883.1 20419.7 28276 50293 35523.1 71953.1 71401.1 101972 114480 64150.4 45161.2 45594.3 26457.4 15494 13066.1 8873.64 10769.3 12376.6 18232.8 25537.5 33453.3 51220.9 71365.7 29967.9 42357.1 59892.4
log_desv_Rt
 0.030832 0.216384 -0.525594 -0.20008 0.375772 0.0280902 0.733921 0.726219 1.0826 1.19831 0.619136 0.268143 0.277689 -0.266559 -0.801643 -0.972072 -1.35901 -1.1654 -1.02629 -0.638873 -0.301948 -0.0319434 0.394054 0.725723 -0.141967 0.204043 0.550456
SSB
 428445 234346 255450 232040 257790 425867 586860 762725 686003 793623 843545 582602 357880 178429 81119.1 71334.3 77561 94154.7 116390 135453 202573 256618 329359 464842 686752 686791 571582
BT
 1.50299e+06 361134 607204 416931 522585 611765 1.54277e+06 1.43346e+06 1.61369e+06 1.57975e+06 1.46624e+06 1.01561e+06 747228 413070 226602 144880 153459 189569 197770 265556 416864 387713 562225 845240 995094 1.01963e+06 945603
Ftot
 1.07748 0.986886 1.74009 0.393847 0.0709503 0.701838 0.461845 0.869026 0.944311 0.638426 1.14975 1.02883 1.71695 3.61421 3.86644 1.4647 1.10364 0.815958 0.667058 0.683368 0.316885 0.373245 0.435545 0.428681 0.353692 0.35356 0.537219
BD_Bspro_t
 0.90436 0.626869 0.541193 0.347955 0.497255 0.67479 0.611504 0.640758 0.579984 0.56853 0.550667 0.389367 0.28414 0.18385 0.104482 0.111915 0.162257 0.250318 0.346082 0.440469 0.569296 0.686739 0.702668 0.710076 0.730927 0.671208 0.626874
BD_Bspro
 0.600585 0.328501 0.358084 0.325268 0.361364 0.59697 0.822647 1.06917 0.961624 1.11248 1.18246 0.816678 0.501669 0.250118 0.113711 0.0999948 0.108723 0.131984 0.163152 0.189875 0.283962 0.359722 0.461689 0.651606 0.962673 0.962728 0.801231
BD_Bo
 0.528208 0.288913 0.314931 0.286069 0.317815 0.525028 0.723508 0.940323 0.845737 0.978416 1.03996 0.718258 0.441212 0.219976 0.100007 0.0879442 0.0956208 0.116078 0.143491 0.166992 0.249741 0.316371 0.40605 0.57308 0.84666 0.846708 0.704673
BD_Brms
 0.960377 0.525296 0.572602 0.520126 0.577846 0.954597 1.31547 1.70968 1.5377 1.77894 1.89084 1.30592 0.802203 0.399956 0.181832 0.159899 0.173856 0.211052 0.260892 0.303623 0.454075 0.57522 0.738272 1.04196 1.53938 1.53947 1.28122
S_f
 0.0922315 0.658755 0.97346 0.998567 0.999924
 0.0922315 0.658755 0.97346 0.998567 0.999924
 0.0922315 0.658755 0.97346 0.998567 0.999924
 0.0922315 0.658755 0.97346 0.998567 0.999924
 0.0922315 0.658755 0.97346 0.998567 0.999924
 0.0922315 0.658755 0.97346 0.998567 0.999924
 0.0922315 0.658755 0.97346 0.998567 0.999924
 0.0922315 0.658755 0.97346 0.998567 0.999924
 0.0922315 0.658755 0.97346 0.998567 0.999924
 0.0922315 0.658755 0.97346 0.998567 0.999924
 0.0922315 0.658755 0.97346 0.998567 0.999924
 0.0922315 0.658755 0.97346 0.998567 0.999924
 0.0922315 0.658755 0.97346 0.998567 0.999924
 0.0922315 0.658755 0.97346 0.998567 0.999924
 0.0922315 0.658755 0.97346 0.998567 0.999924
 0.0922315 0.658755 0.97346 0.998567 0.999924
 0.0922315 0.658755 0.97346 0.998567 0.999924
 0.0922315 0.658755 0.97346 0.998567 0.999924
 0.0922315 0.658755 0.97346 0.998567 0.999924
 0.0922315 0.658755 0.97346 0.998567 0.999924
 0.0922315 0.658755 0.97346 0.998567 0.999924
 0.0922315 0.658755 0.97346 0.998567 0.999924
 0.0922315 0.658755 0.97346 0.998567 0.999924
 0.0922315 0.658755 0.97346 0.998567 0.999924
 0.0922315 0.658755 0.97346 0.998567 0.999924
 0.0922315 0.658755 0.97346 0.998567 0.999924
 0.0922315 0.658755 0.97346 0.998567 0.999924
Scru_reclas
 0.524391 0.847301 0.965428 0.992935 0.998588
 0.524391 0.847301 0.965428 0.992935 0.998588
 0.524391 0.847301 0.965428 0.992935 0.998588
 0.524391 0.847301 0.965428 0.992935 0.998588
 0.524391 0.847301 0.965428 0.992935 0.998588
 0.524391 0.847301 0.965428 0.992935 0.998588
 0.524391 0.847301 0.965428 0.992935 0.998588
 0.524391 0.847301 0.965428 0.992935 0.998588
 0.524391 0.847301 0.965428 0.992935 0.998588
 0.524391 0.847301 0.965428 0.992935 0.998588
 0.524391 0.847301 0.965428 0.992935 0.998588
 0.524391 0.847301 0.965428 0.992935 0.998588
 0.524391 0.847301 0.965428 0.992935 0.998588
 0.524391 0.847301 0.965428 0.992935 0.998588
 0.524391 0.847301 0.965428 0.992935 0.998588
 0.524391 0.847301 0.965428 0.992935 0.998588
 0.524391 0.847301 0.965428 0.992935 0.998588
 0.524391 0.847301 0.965428 0.992935 0.998588
 0.524391 0.847301 0.965428 0.992935 0.998588
 0.524391 0.847301 0.965428 0.992935 0.998588
 0.524391 0.847301 0.965428 0.992935 0.998588
 0.524391 0.847301 0.965428 0.992935 0.998588
 0.524391 0.847301 0.965428 0.992935 0.998588
 0.524391 0.847301 0.965428 0.992935 0.998588
 0.524391 0.847301 0.965428 0.992935 0.998588
 0.524391 0.847301 0.965428 0.992935 0.998588
 0.524391 0.847301 0.965428 0.992935 0.998588
Scru_pelaces
 0.882756 1 1 1 1
 0.882756 1 1 1 1
 0.882756 1 1 1 1
 0.882756 1 1 1 1
 0.882756 1 1 1 1
 0.882756 1 1 1 1
 0.882756 1 1 1 1
 0.882756 1 1 1 1
 0.882756 1 1 1 1
 0.882756 1 1 1 1
 0.882756 1 1 1 1
 0.882756 1 1 1 1
 0.882756 1 1 1 1
 0.882756 1 1 1 1
 0.882756 1 1 1 1
 0.882756 1 1 1 1
 0.882756 1 1 1 1
 0.882756 1 1 1 1
 0.882756 1 1 1 1
 0.882756 1 1 1 1
 0.882756 1 1 1 1
 0.882756 1 1 1 1
 0.882756 1 1 1 1
 0.882756 1 1 1 1
 0.882756 1 1 1 1
 0.882756 1 1 1 1
 0.882756 1 1 1 1
pf_obs 
 0.256992 0.487395 0.22802 0.0275931 0
 0.321318 0.546541 0.124235 0.00734118 0.000564706
 0.182869 0.594174 0.210203 0.0122559 0.00049798
 0.330522 0.361315 0.267642 0.0388342 0.00168674
 0.649043 0.306663 0.0425973 0.00169635 0
 0.582887 0.30429 0.105238 0.00758474 0
 0.465427 0.430635 0.0974691 0.00646863 0
 0.296916 0.608066 0.0921331 0.00288517 0
 0.311714 0.524322 0.152257 0.0117073 0
 0.15457 0.633149 0.183074 0.0267441 0.00246327
 0.131901 0.49318 0.331252 0.0422183 0.00144891
 0.196976 0.569456 0.194076 0.0375587 0.00193317
 0.518974 0.381816 0.0799577 0.0180837 0.00116848
 0.0928022 0.601141 0.25162 0.0475244 0.00691264
 0.122501 0.610282 0.24278 0.0234846 0.000952079
 0.383417 0.481906 0.127806 0.00687128 0
 0.0376549 0.599619 0.316969 0.0457579 0
 0.0361596 0.667082 0.258105 0.0386534 0
 0.158088 0.579412 0.248529 0.0139706 0
 0.0477256 0.309471 0.559284 0.082774 0.000745712
 0.0406174 0.521527 0.379366 0.0568643 0.0016247
 0.151134 0.462217 0.34131 0.0453401 0
 0.294876 0.26143 0.354403 0.0886775 0.000613685
 0.281977 0.475581 0.204845 0.0348837 0.00271318
 0.0841818 0.532909 0.334909 0.0458182 0.00218182
 0.115287 0.27431 0.454777 0.147771 0.00785563
 0 0 0 0 0
pf_pred 
 0.294452 0.480914 0.200611 0.0240087 1.3803e-05
 0.271994 0.576079 0.120702 0.0280078 0.00321619
 0.142455 0.658965 0.173029 0.0204679 0.00508322
 0.24318 0.48196 0.240306 0.030316 0.00423801
 0.262296 0.495546 0.177198 0.0570063 0.00795335
 0.139168 0.587274 0.205614 0.0500578 0.0178861
 0.270745 0.39728 0.259511 0.0549441 0.0175198
 0.208701 0.58245 0.136987 0.0565629 0.0152989
 0.270737 0.497349 0.192318 0.0263154 0.0132812
 0.233032 0.579102 0.148408 0.032942 0.00651577
 0.132035 0.604127 0.220564 0.0344317 0.00884213
 0.141262 0.503646 0.286973 0.0573482 0.0107703
 0.221802 0.484215 0.211281 0.0673647 0.0153382
 0.23702 0.614269 0.115789 0.0240229 0.00889885
 0.30192 0.628133 0.0654592 0.00356769 0.000920282
 0.302933 0.640682 0.0547409 0.00154863 9.5829e-05
 0.185373 0.654881 0.152899 0.00665702 0.000190362
 0.232282 0.505509 0.23105 0.0298757 0.00128244
 0.224837 0.548718 0.173588 0.0467791 0.00607762
 0.261929 0.503709 0.187667 0.0360847 0.0106108
 0.246347 0.541961 0.165273 0.037428 0.00899071
 0.218425 0.524352 0.20523 0.0408507 0.0111424
 0.243034 0.489306 0.203591 0.0514279 0.0126411
 0.237062 0.522336 0.178713 0.0474227 0.0144659
 0.0827066 0.615885 0.233279 0.0510062 0.0171231
 0.141398 0.315004 0.413332 0.101497 0.0287686
 0.205774 0.438864 0.168499 0.143095 0.0437669
pobs_RECLAS
 0 0 0 0 0
 0 0 0 0 0
 0 0 0 0 0
 0 0 0 0 0
 0.835266 0.146461 0.0176864 0.000547809 3.91292e-05
 0.385257 0.428462 0.181853 0.0044286 0
 0.867414 0.0963971 0.0333333 0.00285562 0
 0.441836 0.489002 0.0689373 0.000224442 0
 0.779404 0.147425 0.0564933 0.0165055 0.000172143
 0.814271 0.122319 0.05973 0.00367925 0
 0.40263 0.566651 0.0304383 0.000280538 0
 0.475488 0.404961 0.113038 0.00651328 0
 0.955842 0.0263864 0.0167828 0.000988607 0
 0.975058 0.0227948 0.00214734 0 0
 0.738997 0.206755 0.0527124 0.00153531 0
 0.850938 0.134255 0.0134407 0.00136685 0
 0.542534 0.407297 0.0501686 0 0
 0.764087 0.199537 0.0359546 0.000420521 0
 0.470689 0.182191 0.310203 0.0369168 0
 0.84361 0.089868 0.0606195 0.00523954 0.000663233
 0.607945 0.314616 0.071237 0.00620181 0
 0.523733 0.453247 0.0230204 0 0
 0.530135 0.295979 0.169645 0.0042399 0
 0.562478 0.366248 0.0663022 0.0049721 0
 0.250443 0.683176 0.0655157 0.000865301 0
 0.195077 0.31981 0.436473 0.0351445 0.0134964
 0.565238 0.351407 0.0832357 0.000118908 0
ppred_RECLAS
 0.680106 0.237838 0.07329 0.00876106 5.05763e-06
 0.646984 0.295203 0.0459339 0.0106513 0.00122818
 0.467467 0.439308 0.0812787 0.00956269 0.00238414
 0.612151 0.270218 0.102814 0.0129933 0.00182416
 0.63015 0.268674 0.0739746 0.0238583 0.00334302
 0.444441 0.411154 0.108492 0.02643 0.00948354
 0.652268 0.212488 0.105664 0.0224056 0.00717491
 0.565553 0.3426 0.0602275 0.0248659 0.00675377
 0.651625 0.258596 0.0744386 0.010181 0.00515965
 0.59495 0.325268 0.0630041 0.0139975 0.00278037
 0.437104 0.426067 0.114401 0.0178311 0.00459784
 0.461684 0.353619 0.149273 0.0298037 0.00562043
 0.611744 0.271877 0.0837463 0.026562 0.00607143
 0.674256 0.285873 0.0311942 0.0063263 0.00235036
 0.741382 0.243437 0.0142297 0.000756048 0.000195567
 0.681318 0.299698 0.0184326 0.000519647 3.22841e-05
 0.52885 0.399314 0.0687609 0.00298988 8.58493e-05
 0.603073 0.285809 0.0979102 0.0126621 0.000545811
 0.587161 0.314757 0.0751653 0.0202718 0.00264488
 0.636867 0.268773 0.0755341 0.0145343 0.00429188
 0.610234 0.300049 0.0700015 0.0158839 0.0038319
 0.576109 0.308326 0.0921545 0.0183764 0.00503382
 0.61192 0.273862 0.0868273 0.0219685 0.00542298
 0.601656 0.294782 0.0768709 0.0204317 0.00625915
 0.304563 0.506063 0.146471 0.0320854 0.0108174
 0.464458 0.230882 0.231497 0.0569523 0.0162118
 0.56754 0.267718 0.0780214 0.0663433 0.020378
pobs_PELACES
 0 0 0 0 0
 0 0 0 0 0
 0 0 0 0 0
 0 0 0 0 0
 0 0 0 0 0
 0 0 0 0 0
 0 0 0 0 0
 0 0 0 0 0
 0 0 0 0 0
 0 0 0 0 0
 0.450072 0.473896 0.0757376 0.000293798 0
 0 0 0 0 0
 0.463077 0.371075 0.160297 0.00555027 0
 0.529543 0.364841 0.0842815 0.0213345 0
 0.631943 0.363953 0.00410389 0 0
 0.735681 0.248677 0.0153453 0.000297389 0
 0.695825 0.281241 0.0229344 0 0
 0.275771 0.60734 0.115278 0.00161068 0
 0 0 0 0 0
 0.896147 0.0623911 0.0374545 0.00400742 0
 0.803859 0.145111 0.0509908 3.86294e-05 0
 0.739449 0.233085 0.0266225 0.000797448 4.60066e-05
 0.878498 0.100942 0.0204185 0.000141795 0
 0.694673 0.275183 0.0284847 0.00165964 0
 0.469039 0.446079 0.0841089 0.000773354 0
 0.822795 0.102175 0.0682046 0.00682512 0
 0 0 0 0 0
ppred_PELACES
 0.797128 0.159781 0.0386376 0.00445086 2.55364e-06
 0.765137 0.203524 0.0250862 0.00560986 0.000642918
 0.645382 0.307135 0.0416267 0.00469368 0.00116268
 0.718114 0.206466 0.0661824 0.00810569 0.00113134
 0.718904 0.212065 0.0508679 0.015942 0.00222108
 0.57789 0.328722 0.0707758 0.0166671 0.0059447
 0.757433 0.158684 0.0660101 0.0135575 0.00431601
 0.695567 0.251115 0.0353999 0.0141086 0.00380883
 0.770886 0.179771 0.0411741 0.00543269 0.00273651
 0.710116 0.241564 0.0384311 0.00825786 0.00163053
 0.592338 0.326504 0.0682813 0.0102497 0.00262663
 0.615671 0.272761 0.0908118 0.0174795 0.00327615
 0.771464 0.174378 0.0394425 0.0119917 0.0027234
 0.859252 0.129957 0.00855081 0.00163635 0.000603521
 0.896207 0.100139 0.0034383 0.000172022 4.41684e-05
 0.802755 0.188266 0.00872834 0.000236364 1.45919e-05
 0.670593 0.288809 0.0389206 0.0016305 4.65288e-05
 0.727636 0.207562 0.0573345 0.00716072 0.00030681
 0.706334 0.234339 0.0458267 0.0119507 0.00154992
 0.74928 0.195108 0.0448258 0.00833908 0.00244779
 0.710819 0.230942 0.0457556 0.0100682 0.00241481
 0.684958 0.239685 0.0604827 0.0116905 0.00318369
 0.719611 0.208137 0.0553538 0.0135682 0.00332975
 0.709339 0.224894 0.0492291 0.0126771 0.00386085
 0.410998 0.448154 0.109733 0.0233035 0.00781096
 0.592551 0.193304 0.163971 0.0391075 0.0110674
 0.690031 0.206399 0.0499268 0.0410944 0.0125481
pobs_pel_tallas
 0 0 0 0 0 0 0 0 0 0 0 0 0 0 0 0 0 0 0 0 0 0 0 0 0 0 0 0 0 0 0 0 0 0 0 0
 0 0 0 0 0 0 0 0 0 0 0 0 0 0 0 0 0 0 0 0 0 0 0 0 0 0 0 0 0 0 0 0 0 0 0 0
 0 0 0 0 0 0 0 0 0 0 0 0 0 0 0 0 0 0 0 0 0 0 0 0 0 0 0 0 0 0 0 0 0 0 0 0
 0 0 0 0 0 0 0 0 0 0 0 0 0 0 0 0 0 0 0 0 0 0 0 0 0 0 0 0 0 0 0 0 0 0 0 0
 0 0 0 0 0 0 0 0 0 0 0 0 0 0 0 0 0 0 0 0 0 0 0 0 0 0 0 0 0 0 0 0 0 0 0 0
 0 0 0 0 0 0 0 0 0 0 0 0 0 0 0 0 0 0 0 0 0 0 0 0 0 0 0 0 0 0 0 0 0 0 0 0
 0 0 0 0 0 0 0 0 0 0 0 0 0 0 0 0 0 0 0 0 0 0 0 0 0 0 0 0 0 0 0 0 0 0 0 0
 0 0 0 0 0 0 0 0 0 0 0 0 0 0 0 0 0 0 0 0 0 0 0 0 0 0 0 0 0 0 0 0 0 0 0 0
 0 0 0 0 0 0 0 0 0 0 0 0 0 0 0 0 0 0 0 0 0 0 0 0 0 0 0 0 0 0 0 0 0 0 0 0
 0 0 0 0 0 0 0 0 0 0 0 0 0 0 0 0 0 0 0 0 0 0 0 0 0 0 0 0 0 0 0 0 0 0 0 0
 0 0 0 0 0 0 0 0 1.78061e-05 0.00172719 0.00360574 0.0105946 0.0120993 0.0124554 0.0147524 0.0171206 0.0266825 0.0428682 0.0675386 0.121331 0.153587 0.119568 0.100827 0.0573624 0.0630603 0.0341343 0.0324427 0.0444173 0.0211091 0.0280891 0.0125444 0.00206551 0 0 0 0
 0 0 0 0 0 0 0 0 0 0 0 0 0 0 0 0 0 0 0 0 0 0 0 0 0 0 0 0 0 0 0 0 0 0 0 0
 0 0 0 0 0 0 0.0133647 0.0140871 0.0187388 0.0205184 0.03894 0.0496705 0.03968 0.0493445 0.0407372 0.0367815 0.0215668 0.0243155 0.0234873 0.0199281 0.019796 0.0243948 0.0301388 0.0376714 0.0412746 0.0863199 0.0771752 0.113111 0.0741005 0.0525337 0.0229764 0.00759418 0.00175318 0 0 0
 0 0 0 0 0 0 0 0 0 0 0.00219441 0.00772107 0.0458388 0.0604681 0.0671733 0.0775358 0.0609151 0.0617685 0.073594 0.0568108 0.0755445 0.0548602 0.0670107 0.0636378 0.0643287 0.046367 0.0373049 0.0286899 0.0247887 0.0153202 0.00654259 0.00121912 0.000365735 0 0 0
 0 0 0 0 0 0 0 0 0 0 0 0 0.000112435 0.00938835 0.0111873 0.0202946 0.0414886 0.0713402 0.111592 0.104902 0.108894 0.110636 0.117776 0.105296 0.107544 0.0401394 0.0192827 0.0124803 0.00416011 0.0028671 0.000618394 0 0 0 0 0
 0 0 0 0 0 0 0 0 0 0 0.00291406 0.0102884 0.027416 0.0768956 0.0749926 0.110853 0.0956884 0.0897413 0.0766577 0.0534642 0.0500743 0.0551293 0.0594112 0.0620874 0.0668451 0.0424026 0.0208742 0.0120726 0.0048766 0.00582813 0.00118941 0.000297354 0 0 0 0
 0 0.00264628 0.0354308 0.0461629 0.0458689 0.0383711 0.0214643 0.0164657 0.0346957 0.0420465 0.0363128 0.0245516 0.0311673 0.0291091 0.0169068 0.0133784 0.00837989 0.0085269 0.0148486 0.0160247 0.0276389 0.0546898 0.0760071 0.122758 0.109233 0.0665981 0.0333725 0.0166128 0.00676272 0.00308733 0.000882094 0 0 0 0 0
 0 0 0 0 0 0 0 0.000805153 0.000690131 0.00759144 0.0133425 0.0154129 0.00931677 0.000345066 0.00356568 0.00563607 0.00851162 0.0253048 0.0502646 0.0516448 0.0657925 0.0565908 0.0611916 0.0827007 0.0866115 0.110766 0.145733 0.0935128 0.0569358 0.0249597 0.0138026 0.00621118 0.00161031 0.00115022 0 0
 0 0 0 0 0 0 0 0 0 0 0 0 0 0 0 0 0 0 0 0 0 0 0 0 0 0 0 0 0 0 0 0 0 0 0 0
 0.00147267 0.00158595 0.00478618 0.00569244 0.00954404 0.0108468 0.00647125 0.017049 0.0510054 0.094081 0.124002 0.0959785 0.0687766 0.0820023 0.061753 0.0591476 0.0492212 0.0479892 0.0443925 0.0268479 0.0217502 0.0140895 0.0121071 0.0120363 0.00920419 0.00665534 0.0049561 0.00860946 0.00930331 0.0156896 0.0114698 0.00855282 0.00243557 0.00046729 0 2.83206e-05
 0 0 0 0 0.000772559 0.00158375 0.000888443 0.00281984 0.00712685 0.0440552 0.0773331 0.111326 0.0921469 0.0852325 0.0710754 0.0886704 0.0786465 0.0553345 0.0373146 0.0185414 0.00753245 0.00457741 0.012979 0.0271748 0.0457355 0.0583668 0.034881 0.0177882 0.00938659 0.00492506 0.0015258 0.00185414 0.000309023 5.79419e-05 3.86279e-05 0
 0 0.00173294 0.00326652 0 0.00397197 0.00683976 0.00946217 0.0152591 0.00757587 0.0136028 0.0228656 0.0392903 0.0559909 0.0764795 0.0681675 0.0726916 0.0566044 0.0477403 0.0527397 0.0444891 0.0609904 0.0582453 0.0661739 0.0445044 0.0529084 0.0360697 0.0280645 0.0235558 0.0158879 0.00826598 0.00280645 0.00217768 0.000904811 0.00058276 9.20147e-05 0
 0 0 0 0 0 0 0 0 0 0 0 0 0 0 0 0 0 0 0 0 0 0 0 0 0 0 0 0 0 0 0 0 0 0 0 0
 0 0 0 0 0 0 0 0 0 0 0 0 0 0 0 0 0 0 0 0 0 0 0 0 0 0 0 0 0 0 0 0 0 0 0 0
 0 0 0 0 0 0 0 0 0 0 0 0 0 0 0 0 0 0 0 0 0 0 0 0 0 0 0 0 0 0 0 0 0 0 0 0
 0 0 0 0 0 0 0 0 0 0 0 0 0 0 0 0 0 0 0 0 0 0 0 0 0 0 0 0 0 0 0 0 0 0 0 0
 0 0 0 0 0 0 0 0 0 0 0 0 0 0 0 0 0 0 0 0 0 0 0 0 0 0 0 0 0 0 0 0 0 0 0 0
ppred_pel_tallas
 1.00754e-16 3.47777e-05 0.000204122 0.000970315 0.00373578 0.0116497 0.0294262 0.0602097 0.0998035 0.134031 0.145846 0.128632 0.0920461 0.0536524 0.0259141 0.0112024 0.00570874 0.00495209 0.00618472 0.00819789 0.0104962 0.012782 0.014785 0.0162571 0.0170155 0.0169835 0.0162051 0.0148288 0.0130663 0.0111411 0.009244 0.00750716 0.0059988 0.00473473 0.00369763 0.00285568
 1.00646e-16 3.33845e-05 0.000195939 0.000931402 0.00358594 0.0111824 0.028246 0.0577952 0.0958026 0.128662 0.140016 0.123517 0.0884459 0.0516745 0.0251838 0.0112705 0.00629825 0.00597783 0.00766856 0.0101851 0.0130021 0.0157629 0.0181276 0.0197844 0.0205101 0.0202213 0.0189934 0.0170366 0.0146411 0.0121076 0.00968866 0.00755283 0.00577864 0.00437057 0.00328625 0.00246364
 1.00907e-16 2.81669e-05 0.000165297 0.000785706 0.00302494 0.00943294 0.023827 0.0487545 0.0808207 0.108554 0.118166 0.104319 0.0748685 0.0440836 0.022122 0.010982 0.00765582 0.0085672 0.0114913 0.0153726 0.0196441 0.023821 0.0273992 0.0299089 0.0310119 0.0305809 0.028728 0.0257692 0.0221415 0.0182995 0.0146251 0.0113752 0.00867105 0.0065221 0.00486694 0.00361353
 1.01339e-16 3.13343e-05 0.000183902 0.000874176 0.00336561 0.0104953 0.0265104 0.0542441 0.0899169 0.12076 0.131421 0.115947 0.0830508 0.048575 0.0237727 0.0108106 0.00628877 0.00619434 0.00805878 0.0107737 0.0138416 0.016914 0.0196488 0.0217239 0.0228976 0.0230598 0.0222538 0.0206549 0.0185204 0.0161251 0.0137065 0.0114321 0.00939376 0.00762166 0.0061073 0.00482546
 1.01443e-16 3.13689e-05 0.000184105 0.000875138 0.00336931 0.0105069 0.0265396 0.0543038 0.0900161 0.120893 0.131567 0.116078 0.0831498 0.0486427 0.0238237 0.0108633 0.00635846 0.00629162 0.00818934 0.0109375 0.0140315 0.0171146 0.0198367 0.0218708 0.022975 0.0230455 0.0221369 0.02044 0.0182273 0.0157862 0.0133605 0.0111171 0.00914081 0.00745007 0.00602321 0.00482282
 1.01963e-16 2.52248e-05 0.000148023 0.000703576 0.00270871 0.00844679 0.0213361 0.0436581 0.0723742 0.0972145 0.105836 0.0934675 0.0671527 0.0396863 0.0201868 0.0104708 0.00787393 0.0092172 0.0125177 0.0168176 0.0215694 0.0262738 0.0303974 0.0334356 0.0350168 0.0349863 0.0334377 0.0306774 0.0271394 0.0232791 0.019482 0.0160107 0.0129955 0.0104603 0.00836267 0.0066342
 1.01657e-16 3.30468e-05 0.00019396 0.000922004 0.00354977 0.0110696 0.027961 0.0572119 0.0948346 0.127359 0.138589 0.122237 0.0874844 0.0510222 0.0246985 0.0107731 0.00563543 0.00503657 0.00637414 0.00850616 0.0109648 0.0134656 0.015744 0.017551 0.0186951 0.0190811 0.0187266 0.0177471 0.0163201 0.0146379 0.0128684 0.0111322 0.00949985 0.0080017 0.00664494 0.00542792
 1.01248e-16 3.03529e-05 0.000178136 0.000846756 0.00326002 0.010166 0.0256787 0.0525427 0.0870981 0.116978 0.127317 0.112353 0.0805358 0.0472225 0.0233308 0.010979 0.00689198 0.00719261 0.00948397 0.0126642 0.0161983 0.0196754 0.0226828 0.0248372 0.0258616 0.025649 0.0242855 0.0220211 0.019203 0.0161912 0.0132874 0.0106924 0.00849948 0.00671492 0.0052912 0.00415973
 1.00958e-16 3.36342e-05 0.000197407 0.000938387 0.00361284 0.0112663 0.0284578 0.0582285 0.0965203 0.129624 0.141057 0.124422 0.0890658 0.0519796 0.0252265 0.0111113 0.00596218 0.00545381 0.00692991 0.00921179 0.011798 0.0143674 0.0166187 0.0182738 0.0191286 0.0190975 0.0182313 0.0166977 0.0147348 0.0125933 0.0104866 0.00856066 0.00688978 0.00548911 0.00433702 0.00339637
 1.00985e-16 3.09869e-05 0.000181859 0.000864458 0.00332818 0.0103786 0.0262156 0.0536412 0.0889185 0.119422 0.129973 0.114688 0.0821913 0.0481561 0.0237229 0.0110479 0.00678069 0.00695856 0.00913389 0.0121874 0.0155857 0.0189284 0.0218162 0.0238789 0.0248483 0.0246197 0.0232751 0.0210549 0.0182943 0.0153426 0.0124939 0.00994628 0.0077946 0.00604914 0.00466709 0.00358349
 1.01551e-16 2.58547e-05 0.000151721 0.000721159 0.00277641 0.00865791 0.0218694 0.0447492 0.0741826 0.0996425 0.108477 0.095793 0.0688092 0.0406366 0.020617 0.0106069 0.00786956 0.00914159 0.0123882 0.0166293 0.0213105 0.0259316 0.0299604 0.0328949 0.0343664 0.034224 0.0325654 0.0297016 0.026072 0.0221377 0.0182901 0.0147967 0.0117913 0.00929811 0.00727276 0.0056417
 1.02132e-16 2.687e-05 0.000157686 0.000749531 0.00288567 0.00899863 0.02273 0.0465096 0.0770989 0.103554 0.11272 0.0995044 0.0713973 0.0420089 0.0210257 0.0103512 0.00711653 0.00791565 0.0106404 0.0143081 0.018412 0.0225289 0.0262149 0.0290461 0.0307017 0.0310333 0.0300921 0.0281023 0.0253949 0.0223238 0.0191945 0.0162226 0.0135265 0.0111464 0.00907512 0.00728593
 1.01157e-16 3.36592e-05 0.000197554 0.000939088 0.00361555 0.0112748 0.0284791 0.058272 0.0965922 0.12972 0.14116 0.124511 0.0891224 0.0519995 0.0252117 0.0110634 0.00587793 0.00532568 0.00674909 0.00897188 0.0114985 0.0140164 0.016234 0.0178825 0.0187638 0.0187941 0.0180205 0.0166021 0.0147656 0.012749 0.0107539 0.00891775 0.00730933 0.00594212 0.00479598 0.00383766
 1.00249e-16 3.74853e-05 0.000220021 0.00104591 0.00402684 0.0125574 0.0317189 0.0649005 0.107577 0.144467 0.157191 0.138611 0.09913 0.0576657 0.027635 0.011572 0.00534864 0.00411646 0.00490631 0.0064257 0.00817262 0.0098791 0.0113203 0.0122971 0.0126698 0.0123899 0.0115123 0.0101789 0.00858255 0.00692203 0.00536284 0.00401407 0.00292411 0.00209119 0.00148165 0.00104827
 1.0009e-16 3.90955e-05 0.000229477 0.00109087 0.00419996 0.0130973 0.0330825 0.0676903 0.112201 0.150672 0.163934 0.144537 0.103324 0.0600153 0.0285925 0.0116823 0.00496316 0.0033671 0.00379626 0.00491672 0.00623681 0.0075247 0.00860225 0.0093157 0.00955845 0.00929538 0.00857167 0.0075003 0.00623366 0.00492827 0.00371409 0.00267637 0.00185206 0.0012381 0.000805744 0.000515211
 1.00195e-16 3.50242e-05 0.000205567 0.000977177 0.00376219 0.0117321 0.0296343 0.0606356 0.10051 0.134982 0.146887 0.129563 0.0927406 0.0541144 0.0262432 0.0115233 0.00612606 0.00554027 0.00699087 0.00924015 0.0117555 0.0141937 0.0162368 0.017598 0.0180761 0.0176038 0.0162643 0.0142681 0.0118998 0.0094523 0.0071691 0.00521048 0.00364676 0.0024737 0.00163912 0.00107021
 1.00705e-16 2.92654e-05 0.000171748 0.00081638 0.00314305 0.00980127 0.0247574 0.0506579 0.0839751 0.112788 0.122767 0.108364 0.0777333 0.0456935 0.0227876 0.0110777 0.00742519 0.00810416 0.0108018 0.014433 0.0184355 0.0223459 0.0256882 0.02802 0.0290234 0.0285794 0.0267946 0.0239687 0.0205153 0.016865 0.0133803 0.0103051 0.00775529 0.00574049 0.0042023 0.00305245
 1.01142e-16 3.17495e-05 0.00018634 0.000885765 0.00341023 0.0106345 0.0268618 0.0549632 0.0911088 0.12236 0.133162 0.117481 0.0841463 0.0492083 0.0240683 0.0109201 0.00631643 0.00618867 0.00803313 0.0107247 0.0137584 0.0167813 0.0194487 0.0214382 0.0225099 0.0225594 0.0216377 0.0199303 0.017705 0.0152458 0.0127965 0.0105272 0.00852819 0.00682429 0.0053992 0.00421868
 1.01211e-16 3.08217e-05 0.00018089 0.000859851 0.00331044 0.0103233 0.0260759 0.0533553 0.0884444 0.118785 0.129278 0.114073 0.0817444 0.0478827 0.023567 0.0109404 0.0066694 0.0068125 0.00893754 0.0119364 0.0152867 0.0186004 0.0214908 0.0235978 0.0246579 0.0245637 0.0233863 0.0213493 0.0187675 0.0159708 0.013238 0.0107584 0.00862508 0.00685305 0.00540866 0.00423841
 1.01101e-16 3.26927e-05 0.000191878 0.000912099 0.00351162 0.0109507 0.0276605 0.0565973 0.093817 0.125996 0.137113 0.120956 0.0866103 0.050599 0.0246546 0.0110268 0.00615607 0.00584531 0.00751388 0.0100087 0.0128247 0.0156229 0.0180785 0.01989 0.0208356 0.0208222 0.0199039 0.0182613 0.0161515 0.0138447 0.0115708 0.0094874 0.00767417 0.00614759 0.00488482 0.00384675
 1.01184e-16 3.10171e-05 0.000182038 0.000865308 0.00333146 0.0103888 0.0262414 0.0536939 0.0890056 0.119538 0.130097 0.114792 0.0822539 0.0481687 0.0236846 0.0109562 0.00662646 0.0067273 0.00881094 0.0117641 0.0150654 0.0183307 0.0211787 0.0232542 0.0242973 0.0242023 0.023039 0.021028 0.0184797 0.0157195 0.0130225 0.0105757 0.00847134 0.00672434 0.00530165 0.00415042
 1.01488e-16 2.98898e-05 0.000175419 0.000833839 0.00321029 0.0100109 0.025287 0.0517411 0.0857691 0.115193 0.125373 0.110635 0.0792986 0.0464862 0.0229474 0.0107677 0.00672189 0.00699458 0.00923083 0.0123547 0.0158517 0.0193314 0.0223996 0.024686 0.0259162 0.0259721 0.0249155 0.0229624 0.0204228 0.0176237 0.0148441 0.0122761 0.0100189 0.00809587 0.00648368 0.00513988
 1.01476e-16 3.13996e-05 0.000184285 0.000875998 0.00337262 0.0105172 0.0265656 0.0543572 0.0901043 0.121012 0.131695 0.116189 0.0832246 0.0486774 0.023824 0.0108354 0.00630432 0.0062085 0.00807298 0.0107852 0.0138448 0.0169006 0.0196089 0.0216479 0.0227781 0.0228946 0.0220473 0.0204193 0.0182742 0.0158912 0.013508 0.0112889 0.0093189 0.00761951 0.00617348 0.00494817
 1.01389e-16 3.09524e-05 0.000181658 0.000863504 0.00332451 0.0103672 0.0261867 0.0535819 0.0888198 0.119288 0.129824 0.114549 0.0820732 0.048051 0.0236047 0.0108826 0.00653335 0.00659658 0.00863113 0.0115302 0.0147804 0.0180076 0.020841 0.0229346 0.0240338 0.0240318 0.0229918 0.021122 0.0187177 0.0160891 0.0134988 0.0111256 0.00905884 0.00731495 0.00586604 0.00466651
 1.0287e-16 1.79525e-05 0.000105316 0.000500522 0.00192686 0.00600858 0.0151776 0.0310582 0.0514933 0.0691868 0.0753753 0.0666917 0.0481882 0.0290274 0.0157788 0.00983431 0.00939836 0.0122825 0.0170889 0.0230571 0.0296112 0.0361119 0.0418397 0.0461057 0.0483983 0.0484987 0.0465237 0.0428789 0.0381444 0.0329318 0.027761 0.0229893 0.0187989 0.0152307 0.0122382 0.00974019
 1.04252e-16 2.58588e-05 0.000151757 0.000721355 0.00277721 0.00866043 0.0218756 0.044761 0.0741985 0.0996532 0.10846 0.0957115 0.0686053 0.0402253 0.0198749 0.0093658 0.00592142 0.00626233 0.00838242 0.0113913 0.0148905 0.0185872 0.0221737 0.0253379 0.027815 0.0294338 0.0301393 0.0299829 0.0290889 0.0276113 0.0256989 0.0234761 0.0210431 0.0184852 0.0158847 0.0133263
 1.02775e-16 3.01096e-05 0.000176712 0.000839996 0.00323401 0.0100849 0.0254738 0.0521231 0.0864014 0.116039 0.126286 0.111421 0.0798206 0.0467084 0.0229017 0.0104871 0.00620278 0.00619747 0.0081028 0.0108551 0.0139753 0.017125 0.0199708 0.0221987 0.0235736 0.0239888 0.0234853 0.0222294 0.0204614 0.0184321 0.0163504 0.0143537 0.0125073 0.0108218 0.00928005 0.00786032
pSPR Fmed_Fpbrs
0.52488   0.6 0.325
Fs Fmed_Fpbrs
0.64   0.46298 1.6128
SSBpbr Bo_Bmed_Bpbrs
811131  385190  446122 223061
Ro
34539.2
SPR SPRFo_SPRFmed_SPRFpbrs
713380 374439 231848
log_Ro
10.2698
likeval ReclasPelacesDesembMPH_pf_preclas_ppelaces_ptallas_desvR_qrecl_qpela
 65.4637 14.6961 0.0117248 18.2497 330.226 209.114 55.6507 0 16.9117 1.47191e-07 7.42788e-05 2.42661e-14 0 0 0
q_reclas_q_pelaces
0.947086 3.4081
M
0.7
N
 35620.7 10461 3351.88 394.888 0.226838
 42883.1 16015.4 2554.51 583.119 66.9026
 20419.7 19442.4 4151.34 485.376 120.469
 28276 8636.59 3068.41 378.901 52.908
 50293 13540.6 3308.71 1038.49 144.696
 35523.1 24811.9 6417 1533.41 547.358
 71953.1 16534.6 7760 1609.2 512.555
 71401.1 34240.8 6056.97 2458.12 664.255
 101972 32725.7 9592.13 1290.78 650.874
 114480 46413.9 8724.12 1899.7 375.369
 64150.4 53598.4 15135.3 2327.07 597.115
 45161.2 28651 12479.8 2454.19 460.516
 45594.3 20396.2 7224.22 2276.39 517.985
 26457.4 19325.5 3268.39 674.394 249.746
 15494 9413.92 887.402 48.123 12.41
 13066.1 5386.21 366.1 10.2213 0.63205
 8873.64 5668.53 1019.15 43.6883 1.24827
 10769.3 3980.05 1360.56 172.84 7.41235
 12376.6 4960.18 1154.63 305.318 39.6276
 18232.8 5779.3 1587.27 299.52 87.9862
 25537.5 8501.08 1829.63 405.264 97.2351
 33453.3 12316.2 3426.17 667.402 181.831
 51220.9 16050.3 4782.88 1183.06 290.474
 71365.7 24434 5982.32 1554.35 473.609
 29967.9 34065.3 9148.42 1957.18 656.276
 42357.1 14404 13400.4 3219.66 911.528
 59892.4 20359.1 5666.64 4716.68 1441.1
pred_Ctot
 2437.31 3980.74 1660.55 198.731 0.114253
 2697.3 5712.83 1196.97 277.746 31.8941
 2197.68 10166 2669.35 315.762 78.42
 726.945 1440.74 718.355 90.6245 12.6688
 236.001 445.868 159.434 51.2915 7.15603
 1607.31 6782.66 2374.72 578.138 206.574
 2163.24 3174.26 2073.49 439.003 139.983
 3973.45 11089.2 2608.09 1076.9 291.276
 6147.68 11293.4 4367 597.548 301.58
 4723.93 11739.3 3008.48 667.787 132.085
 4670.32 21369.1 7801.74 1217.91 312.762
 2956.34 10540.3 6005.79 1200.19 225.401
 4846.28 10579.9 4616.4 1471.89 335.134
 5498.01 14248.8 2685.89 557.244 206.421
 3411.39 7097.29 739.625 40.3114 10.3983
 1196.7 2530.93 216.247 6.11766 0.37856
 621.262 2194.78 512.429 22.3105 0.637983
 563.912 1227.23 560.921 72.5293 3.11338
 532.997 1300.78 411.507 110.894 14.4076
 803.863 1545.89 575.95 110.744 32.5645
 529.894 1165.76 355.503 80.5078 19.3391
 815.739 1958.27 766.463 152.563 41.6131
 1453.79 2926.97 1217.85 307.635 75.6173
 1994.19 4393.95 1503.36 398.925 121.688
 693.018 5160.64 1954.7 427.392 143.478
 979.162 2181.36 2862.28 702.858 199.219
 2088.14 4453.47 1709.88 1452.09 444.134
F
 0.0993778 0.709797 1.04889 1.07594 1.0774
 0.091022 0.650116 0.960693 0.985472 0.986811
 0.160492 1.1463 1.69391 1.7376 1.73996
 0.0363252 0.259449 0.383395 0.393283 0.393818
 0.00654386 0.0467389 0.0690673 0.0708487 0.070945
 0.0647316 0.46234 0.683211 0.700833 0.701785
 0.0425967 0.304243 0.449587 0.461183 0.46181
 0.0801516 0.572475 0.845961 0.86778 0.86896
 0.0870952 0.622069 0.919248 0.942957 0.944239
 0.0588831 0.420567 0.621482 0.637512 0.638378
 0.106043 0.757405 1.11924 1.1481 1.14967
 0.0948906 0.677747 1.00152 1.02736 1.02875
 0.158357 1.13105 1.67138 1.71449 1.71682
 0.333345 2.38088 3.51829 3.60904 3.61394
 0.356608 2.54704 3.76383 3.8609 3.86615
 0.135092 0.964878 1.42583 1.4626 1.46459
 0.101791 0.72703 1.07435 1.10206 1.10356
 0.075257 0.537516 0.794302 0.814789 0.815896
 0.0615238 0.439428 0.649354 0.666102 0.667007
 0.0630281 0.450172 0.665231 0.682388 0.683316
 0.0292268 0.208749 0.308474 0.316431 0.316861
 0.034425 0.245877 0.363339 0.37271 0.373217
 0.040171 0.286918 0.423986 0.434921 0.435513
 0.0395379 0.282396 0.417304 0.428067 0.428649
 0.0326216 0.232997 0.344305 0.353186 0.353666
 0.0326094 0.23291 0.344177 0.353054 0.353534
 0.0495485 0.353896 0.522961 0.536449 0.537178
Np
 24311.5 11568.1 10360.6 2245.52 684.751
YTP_r0W_actual
 14800.9 84604.4 47639.5 51701.6 17549.2
YTP_p0W_proyectada
 6007.98 117620 59662.2 18283.9 21521.6
 6007.98 48072.4 87101.7 24614.2 8338.65
CTP_r0_actual
 1804.99 3916.87 1517.18 1289.32 394.363
CTP_p0_proyectada
 732.681 5445.38 1900.07 455.957 483.631
 732.681 2225.57 2773.94 613.82 187.385
Wmedp
 8.2 21.6 31.4 40.1 44.5
nmprior
 10.8 10.6 4.6 0
nm_flota  nm_reclas  nm_pelaces    nm_pelaL
inf 23.6918 15.9476 48.2806
cv_recla  cv_pelaces  cv_mph
0.700698 0.419944 0.570865
 ------------------------------------------------
Talla a la edad & desviaci?n 
 7.2 14.2025 17.0495 18.207 18.6776
 1.08 2.13037 2.55742 2.73105 2.80164
