years
 1991 1992 1993 1994 1995 1996 1997 1998 1999 2000 2001 2002 2003 2004 2005 2006 2007 2008 2009 2010 2011 2012 2013 2014 2015 2016 2017 2018 2019 2020 2021
reclasobs
 0 0 0 0 0 0 0 0 0 252601 567819 844713 477998 351125 339783 2.1784e+06 2.13404e+06 4.81314e+06 1.55562e+06 2.62356e+06 3.21686e+06 3.843e+06 1.13348e+06 3.07943e+06 1.97215e+06 2.03268e+06 2.025e+06 2.42433e+06 2.27542e+06 1.05018e+06 2.36338e+06
reclaspred
 3.19211e+06 1.93476e+06 590150 617398 58025.8 2.98056e+06 882054 135175 1.00436e+06 178746 1.0085e+06 337082 3.3642e+06 1.41354e+06 164881 1.9109e+06 627182 1.01222e+07 5.38935e+06 1.08973e+06 2.52277e+06 3.22547e+06 1.36383e+06 2.92066e+06 2.3483e+06 1.15459e+06 1.79117e+06 4.00832e+06 2.57029e+06 515696 1.06596e+06
pelacesobs
 0 0 0 0 0 0 0 0 0 0 0 0 0 0 0 552880 188675 0 991730 2.46772e+06 1.41603e+06 1.21717e+06 2.29649e+06 1.80582e+06 0 1.4828e+06 1.56532e+06 1.57751e+06 1.42118e+06 867257 1.10002e+06
pelacespred
 2.50026e+06 1.3247e+06 340674 299665 14533.3 2.26007e+06 450961 78333.1 694924 68469.2 750257 136380 2.76873e+06 993871 63740.4 1.10801e+06 293006 8.27087e+06 4.04967e+06 687141 1.67811e+06 1.9739e+06 796564 2.32199e+06 1.59036e+06 710108 1.49224e+06 3.44727e+06 1.81883e+06 348322 707165
mphobs
 0 0 0 0 0 0 0 0 0 0 0 498337 0 5186 125008 0 168611 109162 213762 579715 649985 157893 87575 83554 0 0 0 0 0 0 0
mphpred
 634507 209016 136632 24050.5 25438.7 1142.43 239455 37224.8 5516.79 62907.3 4571.42 86935.2 13662.1 302411 66678.1 3684.43 143848 32930.1 997807 337758 53116.5 152720 263620 92465.9 218990 210865 67140.5 120511 431568 166217 16952.9
desembarqueobs
 494567 514787 250237 358949 120608 361735 552515 73892 212993 205616 52469 317467 293654 387597 252695 516296 358380 742168 942051 627588 828172 859565 418607 520667 417249 300574 415391 372974 316634 284311 391294
desembarquepred
 494459 514707 249411 358101 120444 361370 551444 73835.8 212700 205262 52443.9 316456 293326 386320 251560 515279 357863 741439 939777 624468 826542 857570 417942 519928 416423 300026 414552 372453 316116 283343 390640
Reclutas
 244.259 172151 338.162 104907 205.395 283154 196.973 55.6558 63799.7 261.094 97045.2 10853.7 352578 3424.04 3063.33 282578 603.83 972304 41241.7 4007.43 260500 446191 610.186 168253 173006 2782.36 126392 241259 1987.81 663.039 100898
log_desv_Rt
 -3.97919 2.57871 -3.65389 2.08341 -4.15248 3.07633 -4.19435 -5.45823 1.58609 -3.91253 2.00552 -0.185158 3.29561 -1.33884 -1.45016 3.0743 -3.07412 4.31001 1.14979 -1.18151 2.99294 3.53109 -3.06365 2.55581 2.58366 -1.54636 2.26973 2.91621 -1.88262 -2.98058 2.04445
SSB
 1.18483e+06 390300 255135 44909.9 47502.1 2133.28 447139 69510.5 10301.6 117468 8536.29 162336 25511.4 564697 124509 6879.99 268610 61491 1.86322e+06 630701 99185.3 285176 492261 172663 408924 393751 125373 225033 805874 310380 31656.4
BT
 1.49771e+06 1.05423e+06 360366 411978 96303.3 1.24877e+06 674614 102780 474742 203838 350318 308848 1.40816e+06 773939 259495 858620 400940 4.06519e+06 2.5348e+06 949311 1.4371e+06 1.53484e+06 666890 1.45196e+06 1.02888e+06 538801 1.05565e+06 1.78471e+06 1.00961e+06 460784 669757
Ftot
 0.46823 1.20149 1.22088 3.12924 3.64647 0.914739 1.69043 1.41915 1.50796 2.59908 0.390895 2.48007 0.647222 0.855714 3.09515 1.91915 1.58123 0.548605 0.578016 1.4997 2.02257 1.51917 0.931026 1.07691 0.846184 0.808519 1.39202 0.602799 0.398421 1.43212 2.375
BD_Bspro_t
 0.928718 0.520955 0.353809 0.100007 0.0892356 0.0060502 0.442847 0.102895 0.0260778 0.236298 0.0344327 0.434952 0.0914055 0.588164 0.200042 0.0174844 0.280172 0.0889278 0.654226 0.357178 0.0808757 0.197794 0.305201 0.148255 0.316374 0.359802 0.191555 0.328538 0.602538 0.367476 0.0786443
BD_Bspro
 12.709 4.18655 2.7367 0.481726 0.509531 0.0228826 4.79623 0.745604 0.1105 1.26002 0.0915644 1.74129 0.273648 6.05722 1.33555 0.0737982 2.88124 0.659583 19.9858 6.76521 1.06391 3.05894 5.28024 1.85207 4.38632 4.22357 1.34481 2.41381 8.6442 3.32928 0.339562
BD_Bo
 0.856804 0.282244 0.1845 0.0324765 0.0343511 0.00154268 0.323347 0.0502664 0.00744958 0.0849467 0.006173 0.117393 0.0184485 0.408359 0.0900385 0.00497525 0.194244 0.0444671 1.34738 0.45609 0.0717256 0.206224 0.355978 0.124861 0.295713 0.28474 0.0906629 0.162732 0.582766 0.22445 0.0228922
BD_Brms
 1.55783 0.513172 0.335455 0.0590482 0.0624565 0.00280487 0.587904 0.0913934 0.0135447 0.154448 0.0112236 0.213441 0.0335427 0.742471 0.163706 0.00904591 0.353172 0.0808492 2.44979 0.829255 0.13041 0.374953 0.647232 0.22702 0.537659 0.51771 0.164842 0.295877 1.05957 0.408091 0.0416222
Sel_flota
 0.397583 0.926143 0.99582 0.999779 0.999988
 0.397583 0.926143 0.99582 0.999779 0.999988
 0.397583 0.926143 0.99582 0.999779 0.999988
 0.397583 0.926143 0.99582 0.999779 0.999988
 0.397583 0.926143 0.99582 0.999779 0.999988
 0.397583 0.926143 0.99582 0.999779 0.999988
 0.397583 0.926143 0.99582 0.999779 0.999988
 0.397583 0.926143 0.99582 0.999779 0.999988
 0.397583 0.926143 0.99582 0.999779 0.999988
 0.397583 0.926143 0.99582 0.999779 0.999988
 0.397583 0.926143 0.99582 0.999779 0.999988
 0.397583 0.926143 0.99582 0.999779 0.999988
 0.397583 0.926143 0.99582 0.999779 0.999988
 0.397583 0.926143 0.99582 0.999779 0.999988
 0.397583 0.926143 0.99582 0.999779 0.999988
 0.397583 0.926143 0.99582 0.999779 0.999988
 0.397583 0.926143 0.99582 0.999779 0.999988
 0.397583 0.926143 0.99582 0.999779 0.999988
 0.397583 0.926143 0.99582 0.999779 0.999988
 0.397583 0.926143 0.99582 0.999779 0.999988
 0.397583 0.926143 0.99582 0.999779 0.999988
 0.397583 0.926143 0.99582 0.999779 0.999988
 0.397583 0.926143 0.99582 0.999779 0.999988
 0.397583 0.926143 0.99582 0.999779 0.999988
 0.397583 0.926143 0.99582 0.999779 0.999988
 0.397583 0.926143 0.99582 0.999779 0.999988
 0.397583 0.926143 0.99582 0.999779 0.999988
 0.397583 0.926143 0.99582 0.999779 0.999988
 0.397583 0.926143 0.99582 0.999779 0.999988
 0.397583 0.926143 0.99582 0.999779 0.999988
 0.397583 0.926143 0.99582 0.999779 0.999988
Sel_reclas
 1 1 1 1 1
 1 1 1 1 1
 1 1 1 1 1
 1 1 1 1 1
 1 1 1 1 1
 1 1 1 1 1
 1 1 1 1 1
 1 1 1 1 1
 1 1 1 1 1
 1 1 1 1 1
 1 1 1 1 1
 1 1 1 1 1
 1 1 1 1 1
 1 1 1 1 1
 1 1 1 1 1
 1 1 1 1 1
 1 1 1 1 1
 1 1 1 1 1
 1 1 1 1 1
 1 1 1 1 1
 1 1 1 1 1
 1 1 1 1 1
 1 1 1 1 1
 1 1 1 1 1
 1 1 1 1 1
 1 1 1 1 1
 1 1 1 1 1
 1 1 1 1 1
 1 1 1 1 1
 1 1 1 1 1
 1 1 1 1 1
Sel_pelaces
 1 1 1 1 1
 1 1 1 1 1
 1 1 1 1 1
 1 1 1 1 1
 1 1 1 1 1
 1 1 1 1 1
 1 1 1 1 1
 1 1 1 1 1
 1 1 1 1 1
 1 1 1 1 1
 1 1 1 1 1
 1 1 1 1 1
 1 1 1 1 1
 1 1 1 1 1
 1 1 1 1 1
 1 1 1 1 1
 1 1 1 1 1
 1 1 1 1 1
 1 1 1 1 1
 1 1 1 1 1
 1 1 1 1 1
 1 1 1 1 1
 1 1 1 1 1
 1 1 1 1 1
 1 1 1 1 1
 1 1 1 1 1
 1 1 1 1 1
 1 1 1 1 1
 1 1 1 1 1
 1 1 1 1 1
 1 1 1 1 1
pf_obs 
 0.8446 0.082 0.0669 0.0065 0
 0.8095 0.147 0.0364 0.0071 0
 0.9664 0.0169 0.016 0.0007 0
 0.9276 0.0648 0.0075 0.0001 0
 0.7033 0.2144 0.0806 0.0017 0
 0.9318 0.0425 0.0243 0.0014 0
 0.5671 0.3108 0.0964 0.0239 0.0018
 0.0768 0.2599 0.5324 0.112 0.0189
 0.490249 0.384438 0.106611 0.0170017 0.00170017
 0.7925 0.1577 0.0466 0.003 0.0002
 0.840416 0.127587 0.0312969 0.00059994 9.999e-05
 0.8084 0.0986 0.0794 0.0134 0.0002
 0.7335 0.1905 0.0724 0.0035 0.0001
 0.4001 0.4547 0.1325 0.0127 0
 0.49795 0.308269 0.164784 0.0264974 0.00249975
 0.9179 0.0499 0.0305 0.0017 0
 0.2467 0.6533 0.0926 0.0074 0
 0.9418 0.0223 0.034 0.0019 0
 0.707729 0.231977 0.0356964 0.0245975 0
 0.517169 0.277429 0.184464 0.0207286 0.00020938
 0.811772 0.124168 0.05621 0.00726502 0.000585176
 0.764997 0.148141 0.077277 0.00933861 0.000247198
 0.163321 0.427699 0.378323 0.0303852 0.000271297
 0.753843 0.0900009 0.118128 0.0371064 0.000921714
 0.721811 0.176058 0.0630433 0.0369309 0.00215725
 0.143369 0.312575 0.442814 0.0836902 0.0175525
 0.692698 0.0596174 0.167031 0.0765114 0.00414204
 0.394062 0.376323 0.152708 0.0712218 0.00568511
 0.125707 0.32114 0.495352 0.0537591 0.00404204
 0.23352 0.215282 0.420074 0.123614 0.00750983
 0.796117 0.104755 0.0508955 0.0450114 0.00322123
pf_pred 
 0.00144089 0.277887 0.578249 0.142423 4.41668e-07
 0.831567 0.000668639 0.0498225 0.0947263 0.0232152
 0.00439987 0.945428 0.000226919 0.0149067 0.035038
 0.933726 0.00100152 0.0623821 1.31709e-05 0.00287749
 0.0128432 0.979869 0.000139414 0.00683634 0.000312311
 0.998864 0.000121715 0.00100845 1.09493e-07 5.52903e-06
 0.00157341 0.998089 3.99801e-05 0.000296187 1.64525e-06
 0.0052853 0.00630493 0.988125 3.39842e-05 0.000251011
 0.985363 0.000318527 0.00010406 0.01421 4.06555e-06
 0.0128883 0.983817 8.30974e-05 2.35241e-05 0.00318765
 0.989288 0.000747535 0.00993726 6.84356e-07 2.61273e-05
 0.184246 0.812594 0.00023925 0.00291331 7.82046e-06
 0.984665 0.00849486 0.00681887 1.64816e-06 1.99008e-05
 0.0169771 0.97768 0.00308825 0.00224718 7.06106e-06
 0.103199 0.0445147 0.848144 0.00240058 0.00174163
 0.996212 0.00194258 0.000114512 0.00172269 8.29943e-06
 0.00705381 0.992163 0.00043558 2.17614e-05 0.000325909
 0.990483 0.000251071 0.0092601 3.51495e-06 2.78165e-06
 0.0646203 0.932263 9.00189e-05 0.00302458 2.04579e-06
 0.0286232 0.152688 0.816221 7.16301e-05 0.00239565
 0.955947 0.00492325 0.00692593 0.0321075 9.62448e-05
 0.853704 0.145062 0.000161508 0.000191433 0.000881588
 0.00334013 0.953208 0.043136 4.16453e-05 0.000274387
 0.852643 0.00148763 0.140158 0.00566988 4.12695e-05
 0.675014 0.310006 0.00017021 0.0142344 0.000576181
 0.025834 0.837012 0.131482 6.48231e-05 0.00560678
 0.873057 0.00923632 0.102596 0.0144893 0.000621131
 0.808792 0.184547 0.000549606 0.00533227 0.000779407
 0.0120577 0.907611 0.0777914 0.000210574 0.00232916
 0.0176318 0.029723 0.881187 0.06921 0.00224817
 0.970303 0.00210321 0.000955646 0.0246541 0.00198377
pobs_RECLAS
 0 0 0 0 0
 0 0 0 0 0
 0 0 0 0 0
 0 0 0 0 0
 0 0 0 0 0
 0 0 0 0 0
 0 0 0 0 0
 0 0 0 0 0
 0 0 0 0 0
 0 0 0 0 0
 0.991045 0.00858322 0.000360255 1.14367e-05 0
 0.934742 0.0480273 0.0164251 0.00080598 0
 0.827803 0.169806 0.00239088 0 0
 0.941827 0.0461693 0.0120037 0 0
 0.791401 0.0380133 0.147996 0.0225897 0
 0.846168 0.0940531 0.0597789 0 0
 0.134021 0.677848 0.182769 0.00536245 0
 0.80878 0.0450904 0.141981 0.00414843 0
 0.846168 0.0940531 0.0597789 0 0
 0.905697 0.0802665 0.012482 0.00150086 5.37128e-05
 0.989698 0.0102097 9.19794e-05 0 0
 0.975433 0.0193895 0.00387452 0.00125025 5.28907e-05
 0.303575 0.632131 0.0575291 0.00676475 0
 0.966965 0.00978017 0.0227588 0.000495775 0
 0.843318 0.132988 0.00938335 0.0141283 0.000182051
 0.564624 0.303363 0.111486 0.0197234 0.00080311
 0.826376 0.0876187 0.0782897 0.00655872 0.00115652
 0.89761 0.0855135 0.0140674 0.00269457 0.000114338
 0.34875 0.467042 0.161289 0.0227151 0.000203297
 0.318654 0.224769 0.449479 0.00709798 0
 0.937255 0.0296025 0.0250945 0.00804832 0
ppred_RECLAS
 0.00363297 0.292982 0.564844 0.138541 4.29533e-07
 0.932269 0.000294061 0.0200953 0.0380247 0.00931663
 0.0112116 0.943129 0.000207536 0.0135682 0.0318837
 0.981779 0.000313383 0.0171201 3.58812e-06 0.000783602
 0.0458947 0.948061 0.000116564 0.00566913 0.000258876
 0.999574 4.9144e-05 0.000375127 4.05462e-08 2.04696e-06
 0.00423319 0.995462 3.62338e-05 0.000267011 1.48277e-06
 0.014949 0.00683042 0.97794 3.34661e-05 0.000247119
 0.994905 0.000121916 3.63243e-05 0.00493507 1.41157e-06
 0.0385993 0.958564 7.20276e-05 2.02575e-05 0.00274405
 0.995775 0.000316263 0.00389821 2.67351e-07 1.02047e-05
 0.405337 0.592618 0.000155694 0.00188384 5.05525e-06
 0.993827 0.00353854 0.00262627 6.32057e-07 7.63008e-06
 0.0408557 0.954345 0.00277963 0.0020136 6.32563e-06
 0.303065 0.0391368 0.654625 0.00183936 0.00133395
 0.998701 0.000700633 3.7347e-05 0.000558704 2.69088e-06
 0.0185561 0.980741 0.000392115 1.94886e-05 0.000291791
 0.996307 0.000105007 0.00358507 1.35507e-06 1.07213e-06
 0.142776 0.854591 7.63607e-05 0.00255478 1.72763e-06
 0.0773772 0.156623 0.763704 6.66809e-05 0.00222953
 0.985354 0.00179997 0.00228442 0.0105297 3.15541e-05
 0.939122 0.0604113 6.13288e-05 7.23215e-05 0.000332965
 0.00827819 0.951761 0.0396711 3.81272e-05 0.000251147
 0.940605 0.000652007 0.0564537 0.00227314 1.65415e-05
 0.837021 0.156055 7.90162e-05 0.00657863 0.000266228
 0.0617634 0.815034 0.11813 5.79834e-05 0.00501401
 0.951131 0.00386604 0.039251 0.00551578 0.00023639
 0.91105 0.0860871 0.000237178 0.00229128 0.000334837
 0.028395 0.897931 0.071355 0.000192352 0.00212715
 0.0487551 0.0314337 0.851136 0.0665152 0.00216007
 0.990834 0.000723585 0.000294144 0.00754142 0.000606615
pobs_PELACES
 0 0 0 0 0
 0 0 0 0 0
 0 0 0 0 0
 0 0 0 0 0
 0 0 0 0 0
 0 0 0 0 0
 0 0 0 0 0
 0 0 0 0 0
 0 0 0 0 0
 0 0 0 0 0
 0 0 0 0 0
 0 0 0 0 0
 0 0 0 0 0
 0 0 0 0 0
 0 0 0 0 0
 0 0 0 0 0
 0.505614 0.472636 0.0217494 0 0
 0 0 0 0 0
 0.443492 0.261883 0.143347 0.151278 0
 0.227955 0.32914 0.350689 0.0885471 0.00366901
 0.970185 0.0296113 0.000203453 0 0
 0.997202 0.00247181 0.000326279 0 0
 0.445219 0.490057 0.0546422 0.010081 0
 0.90214 0.0892962 0.00764917 0.000914606 0
 0 0 0 0 0
 0.581667 0.319106 0.0959925 0.00289975 0.000334073
 0.762889 0.0836404 0.116647 0.0363945 0.000428098
 0.88444 0.0763242 0.0277011 0.0115352 0
 0.521256 0.241999 0.230069 0.00667565 0
 0.616807 0.101726 0.260614 0.0208532 0
 0.833518 0.0704572 0.0857862 0.0102388 0
ppred_PELACES
 0.00397115 0.295138 0.562909 0.137981 4.27785e-07
 0.945847 0.000241937 0.0160828 0.0303844 0.00744402
 0.013854 0.941882 0.000201524 0.0131542 0.0309082
 0.990082 0.0001831 0.0093083 1.94292e-06 0.000424219
 0.0833366 0.911345 0.000103038 0.00498747 0.000227691
 0.999643 4.18994e-05 0.000313171 3.38091e-08 1.70673e-06
 0.0056767 0.994031 3.48024e-05 0.000255897 1.42088e-06
 0.0196831 0.00702145 0.973017 3.32359e-05 0.000245396
 0.996216 9.3843e-05 2.70072e-05 0.00366202 1.04733e-06
 0.0594331 0.937962 6.63908e-05 1.86089e-05 0.00252028
 0.996085 0.00029551 0.00360982 2.47446e-07 9.44467e-06
 0.512375 0.486046 0.000120617 0.0014547 3.90299e-06
 0.994517 0.00316299 0.00231286 5.56159e-07 6.71356e-06
 0.0471269 0.9482 0.00270792 0.00195946 6.1552e-06
 0.443784 0.0334009 0.520303 0.00145604 0.00105573
 0.999089 0.000501511 2.55788e-05 0.000381696 1.83811e-06
 0.0243068 0.97502 0.000375909 1.86446e-05 0.000279124
 0.996684 9.54604e-05 0.00321829 1.21556e-06 9.61716e-07
 0.155571 0.841872 7.4231e-05 0.00248165 1.67811e-06
 0.100798 0.157068 0.739914 6.44774e-05 0.00215563
 0.99009 0.00127097 0.00153974 0.00707849 2.1209e-05
 0.952634 0.0470157 4.60913e-05 5.42449e-05 0.000249716
 0.00973186 0.951178 0.0388071 3.72515e-05 0.000245363
 0.951417 0.000546561 0.0461663 0.0018563 1.35072e-05
 0.856275 0.137738 6.8398e-05 0.00568829 0.000230184
 0.0706177 0.809305 0.115139 5.64556e-05 0.00488163
 0.962347 0.00306838 0.0301713 0.00423214 0.00018136
 0.919245 0.0781923 0.000212461 0.00205089 0.000299695
 0.0303968 0.896702 0.0706075 0.000190238 0.00210371
 0.0636132 0.0319476 0.837029 0.0652905 0.00212008
 0.994236 0.000479809 0.000184681 0.00472027 0.000379626
pobs_pel_tallas
 0 0 0 0 0 0 0 0 0 0 0 0 0 0 0 0 0 0 0 0 0 0 0 0 0 0
 0 0 0 0 0 0 0 0 0 0 0 0 0 0 0 0 0 0 0 0 0 0 0 0 0 0
 0 0 0 0 0 0 0 0 0 0 0 0 0 0 0 0 0 0 0 0 0 0 0 0 0 0
 0 0 0 0 0 0 0 0 0 0 0 0 0 0 0 0 0 0 0 0 0 0 0 0 0 0
 0 0 0 0 0 0 0 0 0 0 0 0 0 0 0 0 0 0 0 0 0 0 0 0 0 0
 0 0 0 0 0 0 0 0 0 0 0 0 0 0 0 0 0 0 0 0 0 0 0 0 0 0
 0 0 0 0 0 0 0 0 0 0 0 0 0 0 0 0 0 0 0 0 0 0 0 0 0 0
 0 0 0 0 0 0 0 0 0 0 0 0 0 0 0 0 0 0 0 0 0 0 0 0 0 0
 0 0 0 0 0 0 0 0 0 0 0 0 0 0 0 0 0 0 0 0 0 0 0 0 0 0
 0 0 0 0 0 0 0 0 0 0 0 0 0 0 0 0 0 0 0 0 0 0 0 0 0 0
 0 0 0 0 0 0 0 0 0 0 0 0 0 0 0 0 0 0 0 0 0 0 0 0 0 0
 0 0 0 0 0 0 0 0 0 0 0 0 0 0 0 0 0 0 0 0 0 0 0 0 0 0
 0.00862536 0 0 0.000197151 0.00414017 0.0128641 0.00837892 0.0270097 0.101434 0.158115 0.152841 0.127902 0.109271 0.109419 0.0830992 0.0579132 0.0238553 0.00714673 0.00463305 0.00128148 0.00103504 0.000492878 0.000147863 0.000147863 4.92878e-05 0
 0 0 0 0 0 0 0 0 0 0 0 0 0 0 0 0 0 0 0 0 0 0 0 0 0 0
 0 0 0 0 0 0 0 0.0054083 0.00873648 0.0413646 0.0450493 0.0745869 0.0622846 0.0627006 0.0613931 0.0827291 0.12552 0.122667 0.0946155 0.0697135 0.0546179 0.0294188 0.0215738 0.0213955 0.0102223 0.00600262
 0 0 0 0 0.00359764 0.0251062 0.0480494 0.140153 0.205849 0.193036 0.1447 0.116669 0.0760912 0.0342217 0.00950174 0.001854 0.000860785 0 0 0 0.000165536 0 0.000143464 0 0 0
 0 0 0 0 0 0 0 0.000145254 0.000435761 0.0275982 0.070085 0.0708112 0.156366 0.174668 0.174014 0.160142 0.0824315 0.0480064 0.0283245 0.00493863 0.00203355 0 0 0 0 0
 0 0 0 0 0 0 0 0 0 0 0 0 0 0 0 0 0 0 0 0 0 0 0 0 0 0
 0 0 1.00437e-05 0.000401748 0.00122533 0.00171747 0.00176769 0.0269171 0.070346 0.194647 0.189555 0.159765 0.064822 0.0314167 0.0384472 0.0292271 0.0345202 0.0313363 0.0194345 0.0106764 0.0143323 0.0359363 0.0279516 0.0138201 0.00172751 0
 0 0.0021121 0.0136068 0.0755702 0.200478 0.177729 0.0527432 0.0373336 0.0318909 0.0142505 0.0149659 0.0166563 0.0217959 0.0798694 0.0677717 0.0528807 0.04013 0.0224614 0.0357745 0.0225083 0.00881397 0.00855152 0.00135912 0.000746735 0 0
 0 0 0 0 5.4009e-05 0.00500934 0.000945158 0.0243581 0.138947 0.33067 0.221406 0.137944 0.0707744 0.0437923 0.0131692 0.00525238 0.0047753 0.00276346 9.45158e-05 9.00151e-06 2.25038e-05 9.00151e-06 4.50075e-06 0 0 0
 0.000866109 0.00284123 0.00948549 0.0512746 0.133035 0.25785 0.225252 0.132002 0.0553304 0.0519788 0.0540692 0.017754 0.00435017 0.00159236 0.00146478 0.000404838 0.000125132 0.000115318 0.000107957 0.000100596 0 0 0 0 0 0
 0 0 0 0 0.00144013 0.00171154 0.00461396 0.0210425 0.0478622 0.0707936 0.0888783 0.103762 0.0637923 0.0337046 0.0602308 0.124433 0.169614 0.0934646 0.0462172 0.0250306 0.0313229 0.00938855 0.002487 0.000210481 0 0
 0 0.00764035 0.051015 0.0998891 0.058973 0.0496711 0.0374665 0.0718981 0.12319 0.153886 0.159021 0.0857701 0.0377988 0.023471 0.0147837 0.00900784 0.00315554 0.000888139 0.00291439 0.00214683 0.00393193 0.00274676 0.000635225 9.99891e-05 0 0
 0 0 0 0 0 0 0 0 0 0 0 0 0 0 0 0 0 0 0 0 0 0 0 0 0 0
 0 0 0 0 0 0 0 0 0 0 0 0 0 0 0 0 0 0 0 0 0 0 0 0 0 0
 0 0 0 0 0 0 0 0 0 0 0 0 0 0 0 0 0 0 0 0 0 0 0 0 0 0
 0 0 0 0 0 0 0 0 0 0 0 0 0 0 0 0 0 0 0 0 0 0 0 0 0 0
 0 0 0 0 0 0 0 0 0 0 0 0 0 0 0 0 0 0 0 0 0 0 0 0 0 0
 0 0 0 0 0 0 0 0 0 0 0 0 0 0 0 0 0 0 0 0 0 0 0 0 0 0
 0 0 0 0 0 0 0 0 0 0 0 0 0 0 0 0 0 0 0 0 0 0 0 0 0 0
ppred_pel_tallas
 1.30158e-16 3.27163e-07 3.18016e-06 2.11347e-05 9.60932e-05 0.000299138 0.000638424 0.000937926 0.000967221 0.000781971 0.000783599 0.00150631 0.00360227 0.00795784 0.0155103 0.0266949 0.0409209 0.0566278 0.0720882 0.086342 0.0993133 0.110883 0.119829 0.123823 0.120655 0.109719
 1.04772e-16 7.79082e-05 0.000757295 0.00503249 0.022877 0.0711788 0.151654 0.221343 0.221343 0.151654 0.0711799 0.0228809 0.00504421 0.000789629 0.000159756 0.000196289 0.000410815 0.00081583 0.00149698 0.00253535 0.00396233 0.00571496 0.0076115 0.00936892 0.0106679 0.0112466
 1.06797e-16 1.14133e-06 1.10942e-05 7.37296e-05 0.00033522 0.00104348 0.00222659 0.00326876 0.00335934 0.00266906 0.00252858 0.00462206 0.0108244 0.0234471 0.0444148 0.0731765 0.104838 0.130643 0.141701 0.13398 0.110838 0.0809575 0.053387 0.0334523 0.0218522 0.0163492
 1.00341e-16 8.15518e-05 0.000792712 0.00526785 0.0239469 0.0745077 0.158746 0.231695 0.231695 0.158747 0.0745083 0.0239488 0.00527328 0.000806842 0.000115048 7.84369e-05 0.000145243 0.000265844 0.000447943 0.00069214 0.000978239 0.00126187 0.00148334 0.001588 0.00154876 0.00137801
 1.00775e-16 6.86451e-06 6.67256e-05 0.000443419 0.00201577 0.00627229 0.013367 0.0195279 0.0196156 0.0137951 0.00770905 0.00616293 0.0108432 0.0227356 0.0429597 0.0707495 0.101306 0.126111 0.136495 0.128477 0.105217 0.0750612 0.0467876 0.0256833 0.012675 0.0059171
 1.0001e-16 8.23393e-05 0.000800367 0.00531872 0.0241781 0.0752271 0.160279 0.233932 0.233932 0.160279 0.0752272 0.0241784 0.00531931 0.000801729 8.51443e-05 1.09911e-05 9.08666e-06 1.38055e-05 2.02299e-05 2.79522e-05 3.6377e-05 4.43156e-05 5.01049e-05 5.21534e-05 4.96696e-05 4.31102e-05
 1.00281e-16 4.67789e-07 4.54717e-06 3.02222e-05 0.000137444 0.000428154 0.000915759 0.00135661 0.00145219 0.00138267 0.00199523 0.00466071 0.011373 0.0247286 0.0468459 0.0771567 0.11047 0.137495 0.148764 0.139924 0.114412 0.0813329 0.0502732 0.0270301 0.0126552 0.00517564
 1.28126e-16 1.62128e-06 1.57594e-05 0.000104727 0.000476074 0.00148125 0.00315604 0.00460677 0.00460894 0.00316738 0.00152364 0.000617544 0.000531484 0.0011838 0.00291032 0.00660191 0.0136659 0.025793 0.044345 0.0693632 0.0985853 0.127181 0.148796 0.157784 0.151586 0.131913
 1.00369e-16 8.2057e-05 0.000797623 0.00530049 0.0240952 0.0749692 0.15973 0.23313 0.23313 0.15973 0.0749694 0.0240958 0.00530191 0.000801026 8.94685e-05 2.07254e-05 2.87852e-05 5.20781e-05 9.16056e-05 0.000154457 0.000246893 0.000369887 0.000514811 0.000661859 0.000783447 0.000852411
 1.00671e-16 4.89562e-06 4.75873e-05 0.000316238 0.00143763 0.00447348 0.00953456 0.0139349 0.0140251 0.00997514 0.00595217 0.00570579 0.0110193 0.0233774 0.0442091 0.0728079 0.104246 0.129756 0.140408 0.132098 0.108077 0.0769401 0.0477331 0.0259197 0.0124773 0.00552389
 1.00106e-16 8.20462e-05 0.000797518 0.00529979 0.0240921 0.0749594 0.159709 0.2331 0.2331 0.159709 0.07496 0.0240938 0.00530445 0.000808555 0.00010554 5.11856e-05 8.09498e-05 0.000133033 0.000204973 0.000295511 0.0003972 0.000494604 0.000566747 0.000594221 0.000567774 0.00049313
 1.00275e-16 4.22038e-05 0.000410236 0.00272616 0.0123928 0.0385588 0.0821552 0.119918 0.119964 0.0823835 0.039325 0.0146045 0.00827253 0.0124999 0.0229493 0.0377332 0.0540239 0.0672465 0.0727728 0.0684756 0.0560388 0.0399128 0.0247817 0.0134718 0.00648719 0.00285349
 1.00069e-16 8.1917e-05 0.000796263 0.00529145 0.0240541 0.0748414 0.159457 0.232733 0.232733 0.159459 0.0748464 0.0240688 0.00532836 0.000877296 0.000237108 0.000265672 0.000382436 0.000496553 0.000576356 0.000607918 0.000596756 0.000560213 0.000513532 0.000461621 0.000401695 0.000331518
 1.00519e-16 3.88198e-06 3.77343e-05 0.000250762 0.00113998 0.0035474 0.00756149 0.0110553 0.0111465 0.0080069 0.00504233 0.00545505 0.0110717 0.023625 0.0446979 0.0736196 0.10542 0.131241 0.14206 0.133726 0.109515 0.0780993 0.0486008 0.0265245 0.0128534 0.00569784
 1.15349e-16 3.65539e-05 0.000355317 0.00236121 0.0107337 0.0333966 0.0711551 0.103854 0.103858 0.0711751 0.033466 0.0109443 0.00292788 0.00171785 0.00299065 0.00583803 0.0106123 0.0179147 0.0281932 0.0413449 0.0562675 0.0706514 0.0813809 0.0855983 0.0819514 0.0712757
 1.0004e-16 8.22937e-05 0.000799924 0.00531577 0.0241647 0.0751855 0.160191 0.233803 0.233803 0.160191 0.0751863 0.024167 0.00532154 0.000812532 0.000106301 4.56548e-05 5.82027e-05 7.40437e-05 8.41747e-05 8.69604e-05 8.46979e-05 8.18801e-05 8.22008e-05 8.63257e-05 9.18296e-05 9.49314e-05
 1.0031e-16 2.00232e-06 1.94633e-05 0.000129345 0.000588042 0.00183012 0.00390273 0.00571581 0.00580956 0.00436071 0.00336724 0.00502483 0.0112553 0.0242709 0.0459524 0.0756831 0.108362 0.134873 0.145934 0.137271 0.112258 0.0798225 0.0493672 0.0265764 0.0124807 0.00514492
 1.00094e-16 8.20955e-05 0.000797998 0.00530298 0.0241066 0.0750045 0.159805 0.23324 0.23324 0.159805 0.0750047 0.0241074 0.00530521 0.000803658 9.51214e-05 3.32153e-05 5.35111e-05 9.53247e-05 0.000157509 0.000239635 0.000334466 0.000426686 0.000495972 0.00052406 0.000502562 0.000436975
 1.00467e-16 1.28143e-05 0.00012456 0.000827749 0.00376288 0.0117081 0.0249484 0.0364299 0.0365109 0.0253439 0.0130354 0.00759382 0.0104345 0.0210647 0.0396894 0.0653518 0.0935717 0.116473 0.126042 0.118594 0.0970476 0.0691107 0.0428975 0.0233048 0.0112062 0.00491405
 1.21764e-16 8.30261e-06 8.07043e-05 0.000536309 0.00243799 0.00758559 0.0161625 0.023593 0.0236093 0.0162424 0.00785703 0.00323603 0.00259229 0.00474312 0.00937159 0.0168005 0.0272604 0.040615 0.0564581 0.0741605 0.092532 0.109293 0.121074 0.12446 0.117654 0.101637
 1.00759e-16 8.15524e-05 0.000792718 0.00526789 0.0239471 0.0745082 0.158748 0.231697 0.231697 0.158748 0.0745103 0.0239532 0.0052836 0.000827917 0.000151176 0.000128501 0.000196225 0.000289444 0.000406593 0.00055699 0.000753063 0.000999224 0.00127949 0.00155318 0.00176408 0.00186
 1.00062e-16 7.84672e-05 0.000762729 0.00506861 0.0230411 0.0716896 0.152742 0.222933 0.222937 0.152764 0.0717637 0.0232551 0.00560513 0.00193223 0.00229444 0.00365556 0.00522687 0.0065066 0.00704286 0.00663005 0.00543145 0.00387784 0.00242226 0.00133766 0.00067172 0.000328689
 1.01409e-16 8.01798e-07 7.79386e-06 5.17974e-05 0.00023552 0.00073328 0.00156571 0.00230439 0.00239591 0.00201281 0.00223405 0.00456815 0.0109194 0.0237055 0.0449294 0.0740717 0.106221 0.132556 0.144075 0.136615 0.113375 0.0828711 0.0540222 0.0321491 0.018156 0.0102232
 1.01521e-16 7.8367e-05 0.000761755 0.00506213 0.0230117 0.071598 0.152547 0.222647 0.222647 0.152548 0.0716003 0.0230194 0.00508499 0.00082301 0.00022791 0.000339109 0.000681362 0.00127278 0.00217465 0.0033917 0.00482036 0.00623354 0.00732708 0.00782402 0.00758932 0.00668989
 1.00647e-16 7.05303e-05 0.000685579 0.00455592 0.0207105 0.0644383 0.137293 0.200386 0.200399 0.137358 0.0646555 0.0213375 0.00612819 0.00411317 0.00656646 0.0107084 0.0153365 0.0191145 0.0207377 0.0196147 0.0162319 0.0118511 0.00778594 0.00480738 0.0030169 0.0020975
 1.04362e-16 5.81686e-06 5.6542e-05 0.000375745 0.00170813 0.00531505 0.0113272 0.0165487 0.0166267 0.0117083 0.00659463 0.00540384 0.00965188 0.0203043 0.0384529 0.0635411 0.0914799 0.114913 0.12631 0.122144 0.104957 0.08159 0.0590891 0.0414869 0.0293062 0.0211028
 1.01327e-16 7.92672e-05 0.000770506 0.00512028 0.0232761 0.0724205 0.154299 0.225205 0.225205 0.154301 0.0724263 0.0232935 0.00516645 0.000878859 0.000307257 0.000440442 0.000761843 0.0012397 0.00189247 0.00271804 0.0036635 0.00460577 0.00536451 0.00575736 0.00567506 0.00513217
 1.00283e-16 7.5717e-05 0.000735996 0.00489095 0.0222336 0.0691769 0.147389 0.21512 0.215128 0.147426 0.0693002 0.0225895 0.00578348 0.00268168 0.00376299 0.00608046 0.0087036 0.0108444 0.0117582 0.0111073 0.00916574 0.0066492 0.00430528 0.00257664 0.0015282 0.000987518
 1.02642e-16 2.50393e-06 2.43392e-05 0.000161747 0.000735331 0.00228835 0.00487876 0.00713879 0.00722512 0.00530054 0.00370427 0.00482368 0.0104192 0.0223999 0.0424491 0.070044 0.100595 0.125847 0.137369 0.131241 0.110406 0.082724 0.0563777 0.0361778 0.0228739 0.0147931
 1.3107e-16 5.23975e-06 5.09322e-05 0.000338463 0.0015386 0.00478719 0.0101998 0.0148878 0.0148922 0.0102218 0.00486501 0.00178005 0.00100738 0.00171898 0.00378126 0.00782664 0.014957 0.0264696 0.0434137 0.0658536 0.0920448 0.118077 0.138568 0.148443 0.145029 0.129243
 1.00544e-16 8.18939e-05 0.000796038 0.00528995 0.0240473 0.0748202 0.159412 0.232667 0.232667 0.159413 0.074821 0.0240497 0.00529595 0.000809566 0.00010894 5.43137e-05 8.00903e-05 0.000123304 0.000184128 0.000271072 0.000394038 0.000557509 0.000752821 0.000954497 0.00112452 0.00122409
pSPR Fmed_Fpbrs
0.274782   0.6 0.325
Fs Fmed_Fpbrs
1.21197   0.38108 1.00584
SSBpbr Bo_Bmed_Bpbrs
1.38284e+06  310839  760564 380282
Ro
13061.4
SPR SPRFo_SPRFmed_SPRFpbrs
93227.1 25617.2 30298.8
Fref
0.38108
Nvult_r0
 86460.5 132.398 58.8429 1516.26 121.997
CTP_r0
 41990.8 91.0185 41.3565 1066.93 85.8496
YTP_r0
390640
Np
 90650.1 28659.8 3731.92 1.41677 0.662434
Nvult_p0
 61990.3 21251.8 2792.57 1.06069 0.495959
CTP_p0
 8156.41 2792.82 1.15865 0.435067 11.4841
 8156.41 5543.87 768.215 0.292629 0.136848
YTP_p0
 105283 165746
CBA_c0
123422
log_Ro
9.29741
likeval ReclasPelacesDesembMPH_pf_preclas_ppelaces_ptallas_desvR_qrecl_qpela
 76.9362 44.3427 0.766433 0.00158 565.488 229.022 172.099 0 371.908 6.90719e-05 0.000147171 0.129031 5.55435e-16 0 0
q_reclas_q_pelaces
3.24689 5.61777
M
1
N
 244.259 22293.1 43686.1 10724.9 0.0332533
 172151 74.5946 5315.5 10082 2470.56
 338.162 39278.7 9.01885 591.058 1389.1
 104907 76.564 4664.47 0.983676 214.893
 205.395 11122.1 1.55271 76.0633 3.47469
 283154 17.7283 139.707 0.0151278 0.763792
 196.973 72407.4 2.79543 20.6689 0.114799
 55.6558 37.0024 5566.31 0.191021 1.41074
 63799.7 11.6459 3.65701 498.333 0.142559
 261.094 12886.9 1.06011 0.299689 40.6065
 97045.2 34.1764 427.029 0.0293096 1.11878
 10853.7 30562.2 8.75399 106.441 0.285707
 352578 1489.55 1130.74 0.27248 3.28956
 3424.04 100278 300.909 218.352 0.686004
 3063.33 896.376 16700.4 47.213 34.2511
 282578 329.204 18.7615 281.737 1.3572
 603.83 48469.5 20.4763 1.02089 15.2877
 972304 118.466 4122.62 1.55994 1.23429
 41241.7 287595 26.2203 878.25 0.59394
 4007.43 12056.9 61943.8 5.42455 181.403
 260500 812.122 1105.95 5118.15 15.3407
 446191 42882.5 45.8999 54.2901 249.989
 610.186 89725.2 3863.2 3.7197 24.5044
 168253 155.028 13936.2 562.346 4.09262
 173006 40338.6 21.036 1754.33 71.0014
 2782.36 45462.9 6777.6 3.33206 288.158
 126392 742.188 7909.71 1114.59 47.7749
 241259 26734.2 75.2181 727.521 106.323
 1987.81 69840.1 5627.49 15.182 167.899
 663.039 624.147 17764.7 1392.23 45.2192
 100898 138.027 60.9492 1570.01 126.32
pred_Ctot
 26.6277 5135.35 10686 2631.98 0.00816204
 42953.6 34.5377 2573.52 4892.97 1199.15
 85.4853 18368.8 4.40883 289.624 680.756
 51993.5 55.7684 3473.68 0.733409 160.23
 111.061 8473.39 1.20558 59.1171 2.7007
 56204.6 6.84874 56.7442 0.00616101 0.31111
 64.2992 40788 1.63383 12.104 0.0672351
 15.8747 18.9372 2967.89 0.102073 0.753927
 19083.1 6.16877 2.01528 275.199 0.0787358
 115.32 8802.85 0.743526 0.210486 28.5219
 8942.54 6.75724 89.8265 0.00618614 0.236174
 4649.12 20504.4 6.03706 73.5124 0.197336
 51635.7 445.469 357.581 0.0864291 1.04359
 641.653 36951.7 116.721 84.9326 0.266875
 1508.38 650.639 12396.7 35.0875 25.4561
 101320 197.571 11.6465 175.208 0.844099
 187.352 26352.2 11.5691 0.57799 8.65626
 122604 31.0781 1146.23 0.435088 0.344318
 5453.62 78678.2 7.59714 255.259 0.172654
 1193.56 6366.95 34035.6 2.9869 99.8961
 96996.1 499.542 702.746 3257.82 9.76557
 134230 22808.3 25.3942 30.0994 138.614
 122.965 35091.7 1588.02 1.53315 10.1014
 38348.4 66.9076 6303.73 255.008 1.85614
 32107.2 14745.5 8.09607 677.062 27.4062
 496.287 16079.5 2525.85 1.24529 107.71
 35504.9 375.616 4172.31 589.24 25.2597
 33140.2 7561.8 22.5201 218.49 31.9362
 186.473 14036.2 1203.05 3.25653 36.0206
 190.478 321.102 9519.59 747.685 24.2873
 41990.8 91.0185 41.3565 1066.93 85.8496
F
 0.18616 0.433648 0.466273 0.468127 0.468225
 0.477692 1.11275 1.19647 1.20123 1.20148
 0.4854 1.13071 1.21578 1.22061 1.22086
 1.24413 2.89813 3.11616 3.12855 3.12921
 1.44977 3.37715 3.63123 3.64566 3.64642
 0.363684 0.847179 0.910916 0.914537 0.914728
 0.672084 1.56558 1.68336 1.69005 1.69041
 0.56423 1.31434 1.41322 1.41884 1.41914
 0.599538 1.39658 1.50166 1.50763 1.50794
 1.03335 2.40711 2.58821 2.5985 2.59905
 0.155413 0.362025 0.389261 0.390809 0.390891
 0.986031 2.29689 2.4697 2.47952 2.48004
 0.257324 0.59942 0.644517 0.647079 0.647214
 0.340217 0.792513 0.852137 0.855525 0.855704
 1.23058 2.86655 3.08222 3.09447 3.09512
 0.763021 1.77741 1.91113 1.91873 1.91913
 0.62867 1.46445 1.57462 1.58088 1.58121
 0.218116 0.508087 0.546312 0.548484 0.548599
 0.229809 0.535325 0.5756 0.577888 0.578009
 0.596256 1.38894 1.49343 1.49937 1.49969
 0.804138 1.87319 2.01412 2.02212 2.02255
 0.603995 1.40697 1.51282 1.51883 1.51915
 0.37016 0.862263 0.927134 0.93082 0.931015
 0.428159 0.997368 1.0724 1.07667 1.07689
 0.336428 0.783687 0.842647 0.845997 0.846174
 0.321453 0.748804 0.80514 0.808341 0.80851
 0.553444 1.28921 1.3862 1.39171 1.39201
 0.239663 0.558278 0.60028 0.602666 0.602792
 0.158405 0.368994 0.396756 0.398333 0.398416
 0.569384 1.32634 1.42613 1.4318 1.4321
 0.944257 2.19959 2.36507 2.37447 2.37497
YTP_r0W_actual
 348524 1283.36 1141.44 36489 3202.19
YTP_p0W_proyectada
 61091.5 43763.6 26.7996 12.7779 388.508
 61091.5 86872.5 17768.8 8.59451 4.62958
CTP_r0_actual
 41990.8 91.0185 41.3565 1066.93 85.8496
CTP_p0_proyectada
 8156.41 2792.82 1.15865 0.435067 11.4841
 8156.41 5543.87 768.215 0.292629 0.136848
Wmedp
 7.49 15.67 23.13 29.37 33.83
Frms_r0
 0.944257 2.19959 2.36507 2.37447 2.37497
Zrms_r0
 1.94426 3.19959 3.36507 3.37447 3.37497
nmprior
 8.19 8.8 8.5 0
nm_flota  nm_reclas  nm_pelaces    nm_pelaL
0 2.24261 1.4907 1.68038
cv_recla  cv_pelaces  cv_mph
0.793397 0.755063 1.22669
 ------------------------------------------------
Talla a la edad & desviaci?n 
 8 13.2811 15.8009 17.003 17.5766
 0.8 1.32811 1.58009 1.7003 1.75766
