years
 1991 1992 1993 1994 1995 1996 1997 1998 1999 2000 2001 2002 2003 2004 2005 2006 2007 2008 2009 2010 2011 2012 2013 2014 2015 2016 2017 2018 2019 2020 2021
reclasobs
 0 0 0 0 0 0 0 0 0 252601 567819 844713 477998 351125 339783 2.1784e+06 2.13404e+06 4.81314e+06 1.55562e+06 2.62356e+06 3.21686e+06 3.843e+06 1.13348e+06 3.07943e+06 1.97215e+06 2.03268e+06 2.025e+06 2.42433e+06 2.27542e+06 1.05018e+06 2.36338e+06
reclaspred
 3.31498e+06 1.89596e+06 962799 959282 957681 1.4541e+06 992260 894473 657703 491285 509551 630245 630013 517596 529132 1.25939e+06 1.27976e+06 2.66751e+06 2.23663e+06 1.69776e+06 3.01835e+06 2.45616e+06 2.00707e+06 3.03785e+06 2.30017e+06 2.03726e+06 2.37792e+06 2.489e+06 2.08297e+06 1.35991e+06 1.91737e+06
pelacesobs
 0 0 0 0 0 0 0 0 0 0 0 0 0 0 0 552880 188675 0 991730 2.46772e+06 1.41603e+06 1.21717e+06 2.29649e+06 1.80582e+06 0 1.4828e+06 1.56532e+06 1.57751e+06 1.42118e+06 867257 1.10002e+06
pelacespred
 1.8649e+06 1.20029e+06 620132 502515 509168 798172 528200 555549 407778 292783 306879 320749 349668 310389 321287 627960 635236 1.50082e+06 1.3243e+06 940879 1.57452e+06 1.42554e+06 1.14315e+06 1.87221e+06 1.3817e+06 1.21309e+06 1.60498e+06 1.65998e+06 1.14495e+06 853822 1.20077e+06
mphobs
 0 0 0 0 0 0 0 0 0 0 0 498337 0 5186 125008 0 168611 109162 213762 579715 649985 157893 87575 83554 0 0 0 0 0 0 0
mphpred
 492252 330754 169383 91742.5 102284 113208 148244 101994 88433.2 63406.5 42924.1 58835.4 63737.8 56024.7 41459.9 51353.2 146022 145178 262957 206383 222899 274270 261475 220177 299908 248092 204975 215516 294482 206514 131272
desembarqueobs
 494567 514787 250237 358949 120608 361735 552515 73892 212993 205616 52469 317467 293654 387597 252695 516296 358380 742168 942051 627588 828172 859565 418607 520667 417249 300574 415391 372974 316634 284311 391294
desembarquepred
 494573 513184 251060 358969 120612 361747 552561 73895 213029 205650 52471 317527 293705 387654 252700 516282 358400 742106 941932 627511 828229 859600 418619 520687 417252 300577 415394 372966 316633 284320 391298
Reclutas
 245036 142721 139881 259520 207508 342485 144611 69206.1 63248.2 82104.2 148827 185822 156577 110654 115498 599612 139043 902836 530292 404083 619436 826310 181021 534580 448334 203301 451847 504005 151540 114142 433849
log_desv_Rt
 0.0413756 -0.499142 -0.519242 0.0988021 -0.124859 0.376195 -0.485987 -1.22294 -1.31296 -1.05204 -0.457246 -0.23524 -0.406481 -0.753622 -0.710774 0.936252 -0.525245 1.34551 0.813396 0.541589 0.968777 1.25694 -0.261416 0.821449 0.645506 -0.145344 0.653313 0.762554 -0.439183 -0.722592 0.612666
SSB
 4.83413e+06 3.24816e+06 1.66342e+06 900952 1.00448e+06 1.11175e+06 1.45582e+06 1.00163e+06 868454 622680 421534 577789 625934 550188 407154 504311 1.434e+06 1.42572e+06 2.58235e+06 2.02678e+06 2.18897e+06 2.69346e+06 2.56781e+06 2.16224e+06 2.94523e+06 2.43637e+06 2.01295e+06 2.11646e+06 2.89194e+06 2.02806e+06 1.28915e+06
BT
 6.34154e+06 4.32343e+06 2.22431e+06 1.90089e+06 1.71202e+06 2.84393e+06 2.17554e+06 1.82846e+06 1.50669e+06 1.12994e+06 1.02069e+06 1.28784e+06 1.37891e+06 1.39055e+06 1.27467e+06 2.41566e+06 2.29843e+06 5.42202e+06 5.11759e+06 3.55567e+06 5.67388e+06 5.33597e+06 3.99699e+06 6.43009e+06 4.77266e+06 4.11979e+06 5.52129e+06 5.64598e+06 3.89737e+06 2.98698e+06 4.19063e+06
Ftot
 0.0881201 0.158323 0.153274 0.226983 0.0763296 0.153079 0.324791 0.0499099 0.1942 0.249403 0.0643891 0.303572 0.280498 0.446169 0.294246 0.258682 0.166872 0.174247 0.252824 0.222504 0.167727 0.212647 0.124106 0.106741 0.109465 0.0887276 0.108389 0.0935751 0.0896329 0.124112 0.128066
BD_Bspro_t
 0.986 0.894455 0.77771 0.705774 0.700057 0.757336 0.748501 0.624585 0.672589 0.643097 0.617965 0.762398 0.663135 0.587705 0.498704 0.552731 0.687525 0.674858 0.741021 0.6633 0.639422 0.682995 0.697463 0.695905 0.779867 0.786818 0.79319 0.818461 0.849272 0.802822 0.754951
BD_Bspro
 2.88074 1.93563 0.991258 0.536892 0.598584 0.662511 0.867546 0.596887 0.517525 0.371065 0.251199 0.344314 0.373004 0.327866 0.24263 0.300527 0.854543 0.849608 1.53886 1.20779 1.30444 1.60507 1.5302 1.28851 1.75511 1.45187 1.19955 1.26123 1.72335 1.20855 0.768225
BD_Bo
 1.9484 1.30917 0.670441 0.363129 0.404854 0.448091 0.586768 0.403706 0.35003 0.250971 0.169899 0.232878 0.252283 0.221753 0.164104 0.203263 0.577973 0.574635 1.04082 0.816892 0.882263 1.0856 1.03495 0.87149 1.18708 0.981979 0.811318 0.853039 1.1656 0.817409 0.519592
BD_Brms
 3.54254 2.38031 1.21898 0.660234 0.736098 0.814711 1.06685 0.734012 0.636419 0.456311 0.308908 0.423414 0.458696 0.403187 0.29837 0.369568 1.05086 1.04479 1.89239 1.48526 1.60411 1.97381 1.88173 1.58453 2.15832 1.78542 1.47512 1.55098 2.11927 1.4862 0.944712
Sel_flota
 0.881311 1 1 1 1
 0.881311 1 1 1 1
 0.881311 1 1 1 1
 0.881311 1 1 1 1
 0.881311 1 1 1 1
 0.881311 1 1 1 1
 0.881311 1 1 1 1
 0.881311 1 1 1 1
 0.881311 1 1 1 1
 0.881311 1 1 1 1
 0.881311 1 1 1 1
 0.881311 1 1 1 1
 0.881311 1 1 1 1
 0.881311 1 1 1 1
 0.881311 1 1 1 1
 0.881311 1 1 1 1
 0.881311 1 1 1 1
 0.881311 1 1 1 1
 0.881311 1 1 1 1
 0.881311 1 1 1 1
 0.881311 1 1 1 1
 0.881311 1 1 1 1
 0.881311 1 1 1 1
 0.881311 1 1 1 1
 0.881311 1 1 1 1
 0.881311 1 1 1 1
 0.881311 1 1 1 1
 0.881311 1 1 1 1
 0.881311 1 1 1 1
 0.881311 1 1 1 1
 0.881311 1 1 1 1
Sel_reclas
 1 1 1 1 1
 1 1 1 1 1
 1 1 1 1 1
 1 1 1 1 1
 1 1 1 1 1
 1 1 1 1 1
 1 1 1 1 1
 1 1 1 1 1
 1 1 1 1 1
 1 1 1 1 1
 1 1 1 1 1
 1 1 1 1 1
 1 1 1 1 1
 1 1 1 1 1
 1 1 1 1 1
 1 1 1 1 1
 1 1 1 1 1
 1 1 1 1 1
 1 1 1 1 1
 1 1 1 1 1
 1 1 1 1 1
 1 1 1 1 1
 1 1 1 1 1
 1 1 1 1 1
 1 1 1 1 1
 1 1 1 1 1
 1 1 1 1 1
 1 1 1 1 1
 1 1 1 1 1
 1 1 1 1 1
 1 1 1 1 1
Sel_pelaces
 1 1 1 1 1
 1 1 1 1 1
 1 1 1 1 1
 1 1 1 1 1
 1 1 1 1 1
 1 1 1 1 1
 1 1 1 1 1
 1 1 1 1 1
 1 1 1 1 1
 1 1 1 1 1
 1 1 1 1 1
 1 1 1 1 1
 1 1 1 1 1
 1 1 1 1 1
 1 1 1 1 1
 1 1 1 1 1
 1 1 1 1 1
 1 1 1 1 1
 1 1 1 1 1
 1 1 1 1 1
 1 1 1 1 1
 1 1 1 1 1
 1 1 1 1 1
 1 1 1 1 1
 1 1 1 1 1
 1 1 1 1 1
 1 1 1 1 1
 1 1 1 1 1
 1 1 1 1 1
 1 1 1 1 1
 1 1 1 1 1
pf_obs 
 0.8446 0.082 0.0669 0.0065 0
 0.8095 0.147 0.0364 0.0071 0
 0.9664 0.0169 0.016 0.0007 0
 0.9276 0.0648 0.0075 0.0001 0
 0.7033 0.2144 0.0806 0.0017 0
 0.9318 0.0425 0.0243 0.0014 0
 0.5671 0.3108 0.0964 0.0239 0.0018
 0.0768 0.2599 0.5324 0.112 0.0189
 0.490249 0.384438 0.106611 0.0170017 0.00170017
 0.7925 0.1577 0.0466 0.003 0.0002
 0.840416 0.127587 0.0312969 0.00059994 9.999e-05
 0.8084 0.0986 0.0794 0.0134 0.0002
 0.7335 0.1905 0.0724 0.0035 0.0001
 0.4001 0.4547 0.1325 0.0127 0
 0.49795 0.308269 0.164784 0.0264974 0.00249975
 0.9179 0.0499 0.0305 0.0017 0
 0.2467 0.6533 0.0926 0.0074 0
 0.9418 0.0223 0.034 0.0019 0
 0.707729 0.231977 0.0356964 0.0245975 0
 0.517169 0.277429 0.184464 0.0207286 0.00020938
 0.811772 0.124168 0.05621 0.00726502 0.000585176
 0.764997 0.148141 0.077277 0.00933861 0.000247198
 0.163321 0.427699 0.378323 0.0303852 0.000271297
 0.753843 0.0900009 0.118128 0.0371064 0.000921714
 0.721811 0.176058 0.0630433 0.0369309 0.00215725
 0.143369 0.312575 0.442814 0.0836902 0.0175525
 0.692698 0.0596174 0.167031 0.0765114 0.00414204
 0.394062 0.376323 0.152708 0.0712218 0.00568511
 0.125707 0.32114 0.495352 0.0537591 0.00404204
 0.23352 0.215282 0.420074 0.123614 0.00750983
 0.796117 0.104755 0.0508955 0.0450114 0.00322123
pf_pred 
 0.423526 0.111335 0.441183 0.0239561 7.45024e-07
 0.409392 0.269411 0.062033 0.245816 0.0133482
 0.546443 0.200928 0.115239 0.0265343 0.110856
 0.748974 0.145636 0.0466881 0.0267773 0.0319244
 0.645341 0.27479 0.046337 0.0148547 0.0186771
 0.741951 0.17415 0.0650056 0.0109617 0.00793243
 0.474206 0.403454 0.0825636 0.0308189 0.00895763
 0.439102 0.286958 0.2102 0.0430157 0.0207236
 0.521144 0.225677 0.129528 0.0948803 0.0287708
 0.674909 0.180733 0.0680339 0.0390482 0.0372766
 0.792957 0.14611 0.0338752 0.0127518 0.0143058
 0.723202 0.225207 0.0364078 0.00844106 0.00674222
 0.667737 0.249812 0.0670827 0.0108448 0.00452265
 0.607444 0.274548 0.0887243 0.0238253 0.00545797
 0.707746 0.188392 0.0726392 0.0234745 0.00774771
 0.923259 0.0565801 0.0129964 0.00501108 0.00215389
 0.396212 0.56328 0.0298661 0.00686023 0.00378207
 0.886466 0.0487833 0.0604067 0.00320288 0.00114129
 0.599021 0.360757 0.0172826 0.0214005 0.00153902
 0.593444 0.257411 0.134184 0.00642831 0.0085324
 0.738576 0.163974 0.0617005 0.0321635 0.00358603
 0.740982 0.197984 0.0382826 0.014405 0.00834634
 0.32821 0.51539 0.119546 0.0231157 0.0137377
 0.739944 0.0932685 0.127958 0.0296802 0.00914972
 0.62926 0.283563 0.0312658 0.0428944 0.0130167
 0.442262 0.368077 0.145063 0.0159947 0.0286026
 0.733348 0.126702 0.0923591 0.0363998 0.0111905
 0.691438 0.234109 0.0353772 0.0257881 0.013288
 0.360991 0.459477 0.136213 0.0205837 0.0227358
 0.435129 0.221491 0.246907 0.0731958 0.0232783
 0.827273 0.0809338 0.0359927 0.0401228 0.0156772
pobs_RECLAS
 0 0 0 0 0
 0 0 0 0 0
 0 0 0 0 0
 0 0 0 0 0
 0 0 0 0 0
 0 0 0 0 0
 0 0 0 0 0
 0 0 0 0 0
 0 0 0 0 0
 0 0 0 0 0
 0.991045 0.00858322 0.000360255 1.14367e-05 0
 0.934742 0.0480273 0.0164251 0.00080598 0
 0.827803 0.169806 0.00239088 0 0
 0.941827 0.0461693 0.0120037 0 0
 0.791401 0.0380133 0.147996 0.0225897 0
 0.846168 0.0940531 0.0597789 0 0
 0.134021 0.677848 0.182769 0.00536245 0
 0.80878 0.0450904 0.141981 0.00414843 0
 0.846168 0.0940531 0.0597789 0 0
 0.905697 0.0802665 0.012482 0.00150086 5.37128e-05
 0.989698 0.0102097 9.19794e-05 0 0
 0.975433 0.0193895 0.00387452 0.00125025 5.28907e-05
 0.303575 0.632131 0.0575291 0.00676475 0
 0.966965 0.00978017 0.0227588 0.000495775 0
 0.843318 0.132988 0.00938335 0.0141283 0.000182051
 0.564624 0.303363 0.111486 0.0197234 0.00080311
 0.826376 0.0876187 0.0782897 0.00655872 0.00115652
 0.89761 0.0855135 0.0140674 0.00269457 0.000114338
 0.34875 0.467042 0.161289 0.0227151 0.000203297
 0.318654 0.224769 0.449479 0.00709798 0
 0.937255 0.0296025 0.0250945 0.00804832 0
ppred_RECLAS
 0.454862 0.105283 0.417201 0.0226539 7.04526e-07
 0.440687 0.255136 0.058746 0.232791 0.0126409
 0.577947 0.186971 0.107235 0.0246912 0.103156
 0.772442 0.132021 0.0423232 0.0242739 0.0289398
 0.673875 0.252682 0.042609 0.0136596 0.0171744
 0.765697 0.158124 0.0590236 0.00995296 0.00720246
 0.506789 0.378453 0.0774473 0.0289091 0.00840254
 0.470546 0.270872 0.198416 0.0406043 0.0195619
 0.553097 0.210618 0.120884 0.0885492 0.0268509
 0.702616 0.165329 0.0622354 0.0357201 0.0340995
 0.813035 0.131941 0.0305902 0.0115152 0.0129185
 0.748476 0.204644 0.0330834 0.0076703 0.00612659
 0.695875 0.228657 0.0614018 0.00992642 0.00413966
 0.63853 0.252807 0.0816983 0.0219386 0.00502576
 0.733886 0.171542 0.0661424 0.0213749 0.00705475
 0.931942 0.0501777 0.0115258 0.00444405 0.00191016
 0.427254 0.53432 0.0283306 0.00650752 0.00358762
 0.898753 0.0435037 0.0538692 0.00285624 0.00101778
 0.629658 0.333193 0.0159621 0.0197654 0.00142143
 0.624142 0.237974 0.124052 0.00594293 0.00788815
 0.762567 0.148926 0.0560382 0.0292118 0.00325694
 0.764928 0.179681 0.0347434 0.0130733 0.00757473
 0.356955 0.493337 0.114431 0.0221266 0.0131499
 0.763716 0.0847427 0.116261 0.0269671 0.00831333
 0.658487 0.261209 0.028801 0.0395128 0.0119905
 0.473847 0.347233 0.136849 0.015089 0.0269829
 0.757529 0.115212 0.0839837 0.0330989 0.0101757
 0.717923 0.214014 0.0323407 0.0235746 0.0121474
 0.390841 0.438014 0.12985 0.0196222 0.0216738
 0.466732 0.209099 0.233093 0.0691006 0.021976
 0.844771 0.0727352 0.0323466 0.0360584 0.0140891
pobs_PELACES
 0 0 0 0 0
 0 0 0 0 0
 0 0 0 0 0
 0 0 0 0 0
 0 0 0 0 0
 0 0 0 0 0
 0 0 0 0 0
 0 0 0 0 0
 0 0 0 0 0
 0 0 0 0 0
 0 0 0 0 0
 0 0 0 0 0
 0 0 0 0 0
 0 0 0 0 0
 0 0 0 0 0
 0 0 0 0 0
 0.505614 0.472636 0.0217494 0 0
 0 0 0 0 0
 0.443492 0.261883 0.143347 0.151278 0
 0.227955 0.32914 0.350689 0.0885471 0.00366901
 0.970185 0.0296113 0.000203453 0 0
 0.997202 0.00247181 0.000326279 0 0
 0.445219 0.490057 0.0546422 0.010081 0
 0.90214 0.0892962 0.00764917 0.000914606 0
 0 0 0 0 0
 0.581667 0.319106 0.0959925 0.00289975 0.000334073
 0.762889 0.0836404 0.116647 0.0363945 0.000428098
 0.88444 0.0763242 0.0277011 0.0115352 0
 0.521256 0.241999 0.230069 0.00667565 0
 0.616807 0.101726 0.260614 0.0208532 0
 0.833518 0.0704572 0.0857862 0.0102388 0
ppred_PELACES
 0.455718 0.105117 0.416546 0.0226184 7.03419e-07
 0.442216 0.254438 0.0585854 0.232154 0.0126063
 0.579411 0.186323 0.106863 0.0246056 0.102798
 0.774001 0.131116 0.0420333 0.0241076 0.0287416
 0.674531 0.252174 0.0425232 0.0136321 0.0171399
 0.766771 0.157399 0.0587531 0.00990734 0.00716945
 0.509968 0.376013 0.076948 0.0287228 0.00834837
 0.471033 0.270622 0.198234 0.040567 0.0195439
 0.554977 0.209732 0.120376 0.0881768 0.026738
 0.704653 0.164196 0.0618091 0.0354754 0.0338659
 0.813418 0.131671 0.0305276 0.0114916 0.012892
 0.750708 0.202828 0.0327898 0.00760224 0.00607222
 0.698195 0.226913 0.0609334 0.0098507 0.00410808
 0.642554 0.249993 0.0807889 0.0216944 0.00496981
 0.73613 0.170095 0.0655844 0.0211946 0.00699524
 0.932582 0.049706 0.0114174 0.00440227 0.00189221
 0.428855 0.532827 0.0282515 0.00648934 0.0035776
 0.899372 0.0432376 0.0535397 0.00283877 0.00101155
 0.631964 0.331118 0.0158627 0.0196423 0.00141258
 0.626184 0.236681 0.123378 0.00591064 0.00784529
 0.763754 0.148182 0.055758 0.0290658 0.00324065
 0.766422 0.178539 0.0345226 0.0129902 0.00752658
 0.358072 0.49248 0.114232 0.0220882 0.013127
 0.76447 0.0844724 0.11589 0.0268811 0.00828682
 0.65945 0.260472 0.0287197 0.0394013 0.0119567
 0.474713 0.346661 0.136623 0.0150641 0.0269384
 0.758308 0.114842 0.0837139 0.0329926 0.010143
 0.718665 0.213452 0.0322556 0.0235126 0.0121155
 0.391677 0.437412 0.129671 0.0195952 0.021644
 0.467942 0.208624 0.232564 0.0689438 0.0219261
 0.845427 0.0724275 0.0322098 0.0359059 0.0140295
pobs_pel_tallas
 0 0 0 0 0 0 0 0 0 0 0 0 0 0 0 0 0 0 0 0 0 0 0 0 0 0
 0 0 0 0 0 0 0 0 0 0 0 0 0 0 0 0 0 0 0 0 0 0 0 0 0 0
 0 0 0 0 0 0 0 0 0 0 0 0 0 0 0 0 0 0 0 0 0 0 0 0 0 0
 0 0 0 0 0 0 0 0 0 0 0 0 0 0 0 0 0 0 0 0 0 0 0 0 0 0
 0 0 0 0 0 0 0 0 0 0 0 0 0 0 0 0 0 0 0 0 0 0 0 0 0 0
 0 0 0 0 0 0 0 0 0 0 0 0 0 0 0 0 0 0 0 0 0 0 0 0 0 0
 0 0 0 0 0 0 0 0 0 0 0 0 0 0 0 0 0 0 0 0 0 0 0 0 0 0
 0 0 0 0 0 0 0 0 0 0 0 0 0 0 0 0 0 0 0 0 0 0 0 0 0 0
 0 0 0 0 0 0 0 0 0 0 0 0 0 0 0 0 0 0 0 0 0 0 0 0 0 0
 0 0 0 0 0 0 0 0 0 0 0 0 0 0 0 0 0 0 0 0 0 0 0 0 0 0
 0 0 0 0 0 0 0 0 0 0 0 0 0 0 0 0 0 0 0 0 0 0 0 0 0 0
 0 0 0 0 0 0 0 0 0 0 0 0 0 0 0 0 0 0 0 0 0 0 0 0 0 0
 0.00862536 0 0 0.000197151 0.00414017 0.0128641 0.00837892 0.0270097 0.101434 0.158115 0.152841 0.127902 0.109271 0.109419 0.0830992 0.0579132 0.0238553 0.00714673 0.00463305 0.00128148 0.00103504 0.000492878 0.000147863 0.000147863 4.92878e-05 0
 0 0 0 0 0 0 0 0 0 0 0 0 0 0 0 0 0 0 0 0 0 0 0 0 0 0
 0 0 0 0 0 0 0 0.0054083 0.00873648 0.0413646 0.0450493 0.0745869 0.0622846 0.0627006 0.0613931 0.0827291 0.12552 0.122667 0.0946155 0.0697135 0.0546179 0.0294188 0.0215738 0.0213955 0.0102223 0.00600262
 0 0 0 0 0.00359764 0.0251062 0.0480494 0.140153 0.205849 0.193036 0.1447 0.116669 0.0760912 0.0342217 0.00950174 0.001854 0.000860785 0 0 0 0.000165536 0 0.000143464 0 0 0
 0 0 0 0 0 0 0 0.000145254 0.000435761 0.0275982 0.070085 0.0708112 0.156366 0.174668 0.174014 0.160142 0.0824315 0.0480064 0.0283245 0.00493863 0.00203355 0 0 0 0 0
 0 0 0 0 0 0 0 0 0 0 0 0 0 0 0 0 0 0 0 0 0 0 0 0 0 0
 0 0 1.00437e-05 0.000401748 0.00122533 0.00171747 0.00176769 0.0269171 0.070346 0.194647 0.189555 0.159765 0.064822 0.0314167 0.0384472 0.0292271 0.0345202 0.0313363 0.0194345 0.0106764 0.0143323 0.0359363 0.0279516 0.0138201 0.00172751 0
 0 0.0021121 0.0136068 0.0755702 0.200478 0.177729 0.0527432 0.0373336 0.0318909 0.0142505 0.0149659 0.0166563 0.0217959 0.0798694 0.0677717 0.0528807 0.04013 0.0224614 0.0357745 0.0225083 0.00881397 0.00855152 0.00135912 0.000746735 0 0
 0 0 0 0 5.4009e-05 0.00500934 0.000945158 0.0243581 0.138947 0.33067 0.221406 0.137944 0.0707744 0.0437923 0.0131692 0.00525238 0.0047753 0.00276346 9.45158e-05 9.00151e-06 2.25038e-05 9.00151e-06 4.50075e-06 0 0 0
 0.000866109 0.00284123 0.00948549 0.0512746 0.133035 0.25785 0.225252 0.132002 0.0553304 0.0519788 0.0540692 0.017754 0.00435017 0.00159236 0.00146478 0.000404838 0.000125132 0.000115318 0.000107957 0.000100596 0 0 0 0 0 0
 0 0 0 0 0.00144013 0.00171154 0.00461396 0.0210425 0.0478622 0.0707936 0.0888783 0.103762 0.0637923 0.0337046 0.0602308 0.124433 0.169614 0.0934646 0.0462172 0.0250306 0.0313229 0.00938855 0.002487 0.000210481 0 0
 0 0.00764035 0.051015 0.0998891 0.058973 0.0496711 0.0374665 0.0718981 0.12319 0.153886 0.159021 0.0857701 0.0377988 0.023471 0.0147837 0.00900784 0.00315554 0.000888139 0.00291439 0.00214683 0.00393193 0.00274676 0.000635225 9.99891e-05 0 0
 0 0 0 0 0 0 0 0 0 0 0 0 0 0 0 0 0 0 0 0 0 0 0 0 0 0
 0 0 0 0 0 0 0 0 0 0 0 0 0 0 0 0 0 0 0 0 0 0 0 0 0 0
 0 0 0 0 0 0 0 0 0 0 0 0 0 0 0 0 0 0 0 0 0 0 0 0 0 0
 0 0 0 0 0 0 0 0 0 0 0 0 0 0 0 0 0 0 0 0 0 0 0 0 0 0
 0 0 0 0 0 0 0 0 0 0 0 0 0 0 0 0 0 0 0 0 0 0 0 0 0 0
 0 0 0 0 0 0 0 0 0 0 0 0 0 0 0 0 0 0 0 0 0 0 0 0 0 0
 0 0 0 0 0 0 0 0 0 0 0 0 0 0 0 0 0 0 0 0 0 0 0 0 0 0
ppred_pel_tallas
 1.14316e-16 3.75369e-05 0.000364872 0.0024247 0.0110224 0.0342947 0.0730688 0.106648 0.106659 0.0731217 0.034474 0.0115482 0.00377467 0.00341107 0.00611286 0.0108009 0.0173074 0.0254019 0.0347347 0.0449235 0.0553899 0.0650025 0.0719683 0.074341 0.0709647 0.0622024
 1.27171e-16 3.64248e-05 0.000354062 0.00235287 0.0106958 0.0332788 0.0709048 0.103493 0.103517 0.0710253 0.0336836 0.0118669 0.00529937 0.00681046 0.0123735 0.0206086 0.0302154 0.039212 0.0457125 0.0491258 0.0506066 0.0522291 0.0554675 0.0601445 0.0645442 0.0664417
 1.22996e-16 4.77253e-05 0.000463907 0.00308283 0.0140141 0.0436031 0.0929018 0.135597 0.135615 0.0929903 0.043901 0.0148763 0.00525488 0.00523174 0.00918139 0.0153146 0.0225677 0.0294951 0.0346945 0.0376431 0.0390306 0.0402163 0.0422249 0.0450667 0.047808 0.049178
 1.08529e-16 6.37535e-05 0.000619706 0.00411817 0.0187206 0.0582468 0.124101 0.181132 0.181145 0.124163 0.0584552 0.0193231 0.0056331 0.00393553 0.00638741 0.01053 0.0153361 0.0196673 0.022426 0.0231567 0.0223254 0.0209759 0.0200326 0.0197934 0.019919 0.019792
 1.0556e-16 5.55603e-05 0.000540066 0.00358893 0.0163148 0.0507614 0.108153 0.157858 0.157883 0.108272 0.0511605 0.0174677 0.00648379 0.00686242 0.0120715 0.0198923 0.0287083 0.0362307 0.0401714 0.039496 0.035042 0.0289373 0.0232981 0.0192191 0.0166419 0.0148897
 1.03943e-16 6.3158e-05 0.000613918 0.0040797 0.0185457 0.0577027 0.122942 0.179441 0.179456 0.123017 0.0579529 0.019269 0.005898 0.00459282 0.00764786 0.0126169 0.018341 0.023425 0.026483 0.0268666 0.0250163 0.0220918 0.019198 0.016833 0.0148878 0.0130181
 1.0661e-16 4.20055e-05 0.000408308 0.00271335 0.0123345 0.0383775 0.0817686 0.119351 0.119388 0.081946 0.038973 0.0140551 0.00703452 0.00984878 0.017993 0.0297374 0.0429716 0.0543328 0.0604182 0.0596652 0.0532617 0.0442815 0.0357698 0.0292863 0.0247565 0.0212854
 1.13166e-16 3.87984e-05 0.000377134 0.00250619 0.0113928 0.0354474 0.0755253 0.110237 0.110263 0.0756542 0.0358808 0.012648 0.00566968 0.00732538 0.0133593 0.0223506 0.0329583 0.0430541 0.0504576 0.0541276 0.0546496 0.0535434 0.0520066 0.0501752 0.047382 0.0429697
 1.16896e-16 4.57128e-05 0.000444344 0.00295282 0.0134231 0.0417644 0.0889843 0.129879 0.1299 0.089084 0.0420997 0.0143939 0.00539859 0.00581337 0.0103318 0.0172471 0.0254138 0.0331968 0.038982 0.0421061 0.043223 0.0437031 0.0445483 0.0457102 0.0462565 0.0450977
 1.11115e-16 5.80414e-05 0.000564183 0.00374919 0.0170433 0.0530281 0.112983 0.164905 0.164921 0.11306 0.0532894 0.017799 0.00564998 0.00472707 0.00800459 0.0132503 0.0193455 0.0249033 0.0285702 0.029783 0.0291069 0.0277994 0.0269443 0.0268383 0.0270064 0.0266713
 1.04249e-16 6.70002e-05 0.000651266 0.00432789 0.019674 0.0612131 0.130421 0.190357 0.190369 0.130484 0.0614218 0.0202771 0.00584301 0.00396285 0.00636851 0.0104552 0.0151339 0.0192042 0.021496 0.0214879 0.0196147 0.016953 0.0145416 0.0128671 0.0118187 0.0109906
 1.02789e-16 6.18349e-05 0.000601057 0.00399423 0.0181572 0.056494 0.120367 0.175683 0.175703 0.120463 0.0568149 0.0190842 0.00632139 0.00568253 0.00971628 0.0159752 0.0230311 0.0290142 0.0320618 0.0313171 0.0274323 0.0221116 0.0170754 0.0132546 0.0106813 0.00890165
 1.035e-16 5.75094e-05 0.000559012 0.00371483 0.0168871 0.0525422 0.111947 0.163395 0.163417 0.112055 0.052902 0.0179269 0.00632695 0.00626858 0.0109224 0.0180216 0.026085 0.0330729 0.0369357 0.0367133 0.033074 0.0277975 0.0226451 0.0185173 0.0153934 0.0128225
 1.05413e-16 5.29264e-05 0.000514463 0.00341879 0.0155413 0.048355 0.103026 0.150375 0.150399 0.103144 0.0487519 0.0166887 0.00630249 0.00682186 0.0120679 0.0199617 0.0289729 0.0369021 0.0415328 0.0418324 0.0385239 0.0335007 0.0285856 0.0246296 0.0214894 0.0186084
 1.05246e-16 6.06341e-05 0.000589385 0.00391667 0.0178046 0.0553969 0.11803 0.172271 0.172288 0.11811 0.0556674 0.0185867 0.00588332 0.00489423 0.00827068 0.0136677 0.0198965 0.0254725 0.0289197 0.029558 0.0278739 0.0251096 0.0224184 0.0202707 0.0184693 0.0165749
 1.01104e-16 7.68156e-05 0.000746675 0.00496192 0.0225562 0.0701806 0.149527 0.218241 0.218245 0.149551 0.0702594 0.0227838 0.00553368 0.00199621 0.00245396 0.00394608 0.00570268 0.00722617 0.00806669 0.00802063 0.00724503 0.00614145 0.00510265 0.00432177 0.003776 0.00333781
 1.02208e-16 3.53243e-05 0.000343365 0.00228178 0.0103727 0.0322735 0.0687641 0.100374 0.100425 0.0690146 0.0331145 0.0128007 0.00837265 0.0136273 0.0252273 0.0415539 0.059631 0.0745132 0.0811838 0.0773316 0.0647532 0.048193 0.0325875 0.0208329 0.0133475 0.00904542
 1.02013e-16 7.40801e-05 0.000720085 0.00478522 0.0217529 0.0676814 0.144203 0.210469 0.210473 0.144223 0.0677513 0.0219558 0.00529799 0.00185114 0.00225631 0.00370166 0.00553125 0.00738322 0.00892691 0.00998485 0.0105879 0.0108649 0.010872 0.0105299 0.0097155 0.00840799
 1.02752e-16 5.20541e-05 0.000505985 0.00336245 0.0152852 0.0475582 0.101329 0.147899 0.147931 0.101485 0.0480808 0.0167943 0.00714834 0.00876369 0.0157148 0.0258456 0.0371075 0.0464198 0.0506885 0.0485081 0.0410227 0.0311888 0.0220454 0.0153186 0.0111605 0.00878513
 1.05542e-16 5.1578e-05 0.000501357 0.00333169 0.0151454 0.0471231 0.100402 0.146544 0.146567 0.100514 0.0475003 0.0162366 0.00607736 0.00651715 0.0115409 0.0191649 0.0279903 0.0360025 0.0411497 0.0424339 0.0404133 0.0366493 0.0325953 0.0288541 0.0252564 0.0214386
 1.05111e-16 6.29094e-05 0.000611502 0.00406365 0.0184728 0.0574757 0.122459 0.178735 0.178749 0.122529 0.0577113 0.0191542 0.00577727 0.00436286 0.00721863 0.011917 0.0173572 0.0222463 0.0253108 0.025974 0.0246733 0.0224932 0.0204205 0.0188236 0.0174726 0.0159294
 1.03619e-16 6.31292e-05 0.000613638 0.00407784 0.0185373 0.0576765 0.122887 0.17936 0.179377 0.122971 0.0579592 0.0193541 0.00612904 0.00509453 0.0085825 0.0141137 0.0203855 0.0257658 0.0286382 0.0282671 0.0252292 0.0210006 0.017042 0.0140983 0.0121213 0.0106559
 1.0786e-16 2.9494e-05 0.000286692 0.00190517 0.00866067 0.0269468 0.0574148 0.0838086 0.0838561 0.0576471 0.0277271 0.0109153 0.00756825 0.012661 0.023565 0.0390013 0.0563916 0.071358 0.0794399 0.0785637 0.0702337 0.0584111 0.0470351 0.0381489 0.0317223 0.0267022
 1.07465e-16 6.29684e-05 0.000612075 0.00406745 0.0184901 0.0575295 0.122573 0.178901 0.178909 0.122614 0.0576666 0.0188884 0.00507559 0.00284046 0.00437633 0.00734829 0.0110788 0.0149815 0.0184822 0.0212947 0.0235036 0.0253165 0.0267143 0.0273387 0.0267178 0.024618
 1.06871e-16 5.43181e-05 0.000527991 0.00350869 0.01595 0.0496265 0.105736 0.154329 0.154354 0.105858 0.0500384 0.0171398 0.00649544 0.00704909 0.0124427 0.0204965 0.0295558 0.0372593 0.0412585 0.0405246 0.0359855 0.0299069 0.0245104 0.0208936 0.0188827 0.0176157
 1.10101e-16 3.91016e-05 0.000380081 0.00252578 0.0114818 0.0357244 0.0761159 0.1111 0.111134 0.0762799 0.0362755 0.0130755 0.00653301 0.0091507 0.0167631 0.0278265 0.0404929 0.0517857 0.0586751 0.0597448 0.055965 0.0498735 0.0438728 0.0390206 0.0350368 0.0311271
 1.07471e-16 6.24609e-05 0.000607142 0.00403467 0.018341 0.0570658 0.121585 0.17746 0.177471 0.12164 0.0572499 0.0188741 0.00537856 0.0035601 0.00572757 0.00952019 0.0140633 0.0184388 0.0217508 0.0235947 0.0242505 0.0243695 0.0244224 0.0243766 0.023819 0.0223374
 1.05394e-16 5.91955e-05 0.000575401 0.00382374 0.0173822 0.0540826 0.115229 0.168185 0.168206 0.11533 0.0544204 0.018358 0.00627375 0.00592612 0.0102285 0.0168368 0.0243009 0.0306804 0.0340504 0.033555 0.0299256 0.0249785 0.0204992 0.0173774 0.0154989 0.014217
 1.09482e-16 3.2262e-05 0.000313598 0.00208397 0.00947346 0.0294757 0.0628026 0.0916711 0.0917134 0.0630092 0.0301697 0.0114794 0.00712441 0.0113347 0.0210157 0.0348292 0.0504913 0.0641702 0.0719617 0.072049 0.0657267 0.0563892 0.0473491 0.0402252 0.0348523 0.0302568
 1.1739e-16 3.85438e-05 0.00037466 0.00248975 0.011318 0.0352147 0.0750295 0.109512 0.109532 0.0751296 0.0355518 0.0122958 0.00496078 0.00582437 0.010552 0.0178132 0.0266678 0.035669 0.0433342 0.0489618 0.0528946 0.0559182 0.058333 0.0595489 0.0585132 0.0545221
 1.06924e-16 6.96367e-05 0.000676894 0.0044982 0.0204482 0.0636219 0.135553 0.197846 0.197853 0.135588 0.0637374 0.0207826 0.00534024 0.00252381 0.00360368 0.00591894 0.00869412 0.0113169 0.0132311 0.0142293 0.01458 0.0148129 0.0153217 0.0160993 0.0167765 0.0168776
pSPR Fmed_Fpbrs
0.733883   0.6 0.325
Fs Fmed_Fpbrs
0.155619   0.265521 0.642411
SSBpbr Bo_Bmed_Bpbrs
2.48108e+06  1.69677e+06  1.3646e+06 682298
Ro
235105
SPR SPRFo_SPRFmed_SPRFpbrs
1.67809e+06 1.23152e+06 545379
Fref
0.265521
Nvult_r0
 291280 25457.3 11321.3 12620.4 4931.19
CTP_r0
 29541.3 2890.08 1285.27 1432.75 559.822
YTP_r0
391298
Np
 335846 97772.9 40217.8 3436.56 1959.42
Nvult_p0
 238074 70191.9 28872.7 2467.13 1406.68
CTP_p0
 45146.3 21474.7 1834.98 816.048 1204.12
 45146.3 14727.1 6057.83 517.634 295.139
YTP_p0
 781800 734225
CBA_c0
767527
log_Ro
12.1878
likeval ReclasPelacesDesembMPH_pf_preclas_ppelaces_ptallas_desvR_qrecl_qpela
 16.0779 17.3647 0.103635 0.000812182 240.859 120.56 98.0832 0 22.8727 1.22236e-05 5.10926e-06 0.527246 1.94366e-15 0 0
q_reclas_q_pelaces
0.609309 0.725001
M
1
N
 245036 57013.8 225927 12267.8 0.381522
 142721 83408.1 19205 76103.3 4132.52
 139881 45666.2 26191.2 6030.62 25195
 259520 44957 14412.3 8265.98 9854.86
 207508 78162.6 13180.3 4225.34 5312.59
 342485 71371.8 26641.3 4492.43 3250.95
 144611 110092 22529.4 8409.67 2444.3
 69206.1 39956.9 29268.9 5989.64 2885.62
 63248.2 24363.9 13983.7 10243.2 3106.07
 82104.2 19607.6 7380.95 4236.31 4044.11
 148827 24244.5 5621.02 2115.94 2373.8
 185822 51730 8362.85 1938.91 1548.68
 156577 52313.3 14047.8 2271.01 947.09
 110654 44985.7 14537.8 3903.87 894.307
 115498 27472.8 10592.8 3423.23 1129.83
 599612 32783.8 7530.42 2903.53 1248.01
 139043 175617 9311.52 2138.85 1179.16
 902836 44155.6 54676.4 2899.04 1033.03
 530292 284854 13646.4 16897.8 1215.21
 404083 156118 81381.8 3898.73 5174.84
 619436 122184 45975.4 23966.3 2672.09
 826310 196564 38008.1 14301.7 8286.48
 181021 252033 58460 11303.9 6717.93
 534580 59694.4 81896.4 18996.1 5856.08
 448334 179004 19737.1 27077.8 8217.01
 203301 149765 59024 6508 11637.9
 451847 69164.7 50417.4 19870.1 6108.73
 504005 151082 22830.6 16642.3 8575.36
 151540 170736 50614.8 7648.63 8448.33
 114142 51514 57425.2 17023.8 5414.05
 433849 37639.7 16739 18659.8 7290.97
pred_Ctot
 11647.7 3061.9 12133.3 658.835 0.0204894
 11884 7820.59 1800.72 7135.66 387.477
 11296.5 4153.75 2382.33 548.54 2291.72
 30231.6 5878.46 1884.51 1080.84 1288.6
 8580.71 3653.72 616.115 197.514 248.338
 27625.2 6484.15 2420.37 408.139 295.35
 23289.8 19814.9 4054.97 1513.62 439.938
 1889.33 1234.7 904.43 185.084 89.1678
 6377.58 2761.75 1585.11 1161.11 352.086
 10426 2791.96 1050.99 603.217 575.85
 5214.07 960.742 222.746 83.849 94.0672
 28180 8775.33 1418.65 328.911 262.714
 22118.4 8274.87 2222.07 359.227 149.81
 23476.7 10610.8 3429.04 920.808 210.941
 17032.8 4533.89 1748.15 564.942 186.458
 78716.5 4823.98 1108.07 427.242 183.639
 12165.6 17295.4 917.034 210.642 116.128
 82267.4 4527.28 5605.97 297.239 105.916
 68180.3 41061.2 1967.1 2435.8 175.171
 46216.4 20046.7 10450 500.625 664.488
 54458.6 12090.6 4549.46 2371.56 264.414
 90637.8 24217.7 4682.78 1762.04 1020.93
 11961.9 18783.9 4356.99 842.476 500.683
 30573.6 3853.74 5287.05 1226.35 378.055
 26269.5 11837.8 1305.24 1790.7 543.404
 9728.28 8096.46 3190.91 351.831 629.161
 26225.4 4531.01 3302.87 1301.7 400.186
 25390.4 8596.74 1299.09 946.969 487.949
 7323 9320.89 2763.19 417.558 461.215
 7542.8 3839.46 4280.04 1268.82 403.522
 29541.3 2890.08 1285.27 1432.75 559.822
F
 0.0776612 0.0881201 0.0881201 0.0881201 0.0881201
 0.139532 0.158323 0.158323 0.158323 0.158323
 0.135082 0.153274 0.153274 0.153274 0.153274
 0.200042 0.226983 0.226983 0.226983 0.226983
 0.0672701 0.0763296 0.0763296 0.0763296 0.0763296
 0.13491 0.153079 0.153079 0.153079 0.153079
 0.286242 0.324791 0.324791 0.324791 0.324791
 0.0439862 0.0499099 0.0499099 0.0499099 0.0499099
 0.17115 0.1942 0.1942 0.1942 0.1942
 0.219801 0.249403 0.249403 0.249403 0.249403
 0.0567468 0.0643891 0.0643891 0.0643891 0.0643891
 0.267542 0.303572 0.303572 0.303572 0.303572
 0.247206 0.280498 0.280498 0.280498 0.280498
 0.393213 0.446169 0.446169 0.446169 0.446169
 0.259322 0.294246 0.294246 0.294246 0.294246
 0.227979 0.258682 0.258682 0.258682 0.258682
 0.147066 0.166872 0.166872 0.166872 0.166872
 0.153566 0.174247 0.174247 0.174247 0.174247
 0.222816 0.252824 0.252824 0.252824 0.252824
 0.196096 0.222504 0.222504 0.222504 0.222504
 0.147819 0.167727 0.167727 0.167727 0.167727
 0.187408 0.212647 0.212647 0.212647 0.212647
 0.109376 0.124106 0.124106 0.124106 0.124106
 0.0940721 0.106741 0.106741 0.106741 0.106741
 0.0964729 0.109465 0.109465 0.109465 0.109465
 0.0781966 0.0887276 0.0887276 0.0887276 0.0887276
 0.0955247 0.108389 0.108389 0.108389 0.108389
 0.0824687 0.0935751 0.0935751 0.0935751 0.0935751
 0.0789944 0.0896329 0.0896329 0.0896329 0.0896329
 0.109381 0.124112 0.124112 0.124112 0.124112
 0.112866 0.128066 0.128066 0.128066 0.128066
YTP_r0W_actual
 245193 40750.2 35473.5 49000.2 20881.4
YTP_p0W_proyectada
 338146 336508 42443.1 23967.3 40735.3
 338146 230774 140118 15202.9 9984.54
CTP_r0_actual
 29541.3 2890.08 1285.27 1432.75 559.822
CTP_p0_proyectada
 45146.3 21474.7 1834.98 816.048 1204.12
 45146.3 14727.1 6057.83 517.634 295.139
Wmedp
 7.49 15.67 23.13 29.37 33.83
Frms_r0
 0.112866 0.128066 0.128066 0.128066 0.128066
Zrms_r0
 1.11287 1.12807 1.12807 1.12807 1.12807
nmprior
 8.19 8.8 8.5 0
nm_flota  nm_reclas  nm_pelaces    nm_pelaL
inf 11.69 17.6285 41.6947
cv_recla  cv_pelaces  cv_mph
0.362693 0.472505 0.879492
 ------------------------------------------------
Talla a la edad & desviaci?n 
 8 13.2811 15.8009 17.003 17.5766
 0.8 1.32811 1.58009 1.7003 1.75766
