years
 1991 1992 1993 1994 1995 1996 1997 1998 1999 2000 2001 2002 2003 2004 2005 2006 2007 2008 2009 2010 2011 2012 2013 2014 2015 2016 2017 2018 2019 2020 2021
reclasobs
 0 0 0 0 0 0 0 0 0 252601 567819 844713 477998 351125 339783 2.1784e+06 2.13404e+06 4.81314e+06 1.55562e+06 2.62356e+06 3.21686e+06 3.843e+06 1.13348e+06 3.07943e+06 1.97215e+06 2.03268e+06 2.025e+06 2.42433e+06 2.27542e+06 1.05018e+06 2.36338e+06
reclaspred
 6.63971e+06 1.61516e+06 1.10444e+06 887353 117221 3.65979e+06 1.35767e+06 297156 1.14792e+06 234747 327770 991643 717304 627180 395680 2.11644e+06 759714 5.40092e+06 2.41164e+06 2.33698e+06 2.83073e+06 3.53012e+06 1.54373e+06 3.41908e+06 2.59021e+06 1.4168e+06 2.14539e+06 4.17926e+06 2.98659e+06 642367 1.36722e+06
pelacesobs
 0 0 0 0 0 0 0 0 0 0 0 0 0 0 0 552880 188675 0 991730 2.46772e+06 1.41603e+06 1.21717e+06 2.29649e+06 1.80582e+06 0 1.4828e+06 1.56532e+06 1.57751e+06 1.42118e+06 867257 1.10002e+06
pelacespred
 6.97981e+06 1.5191e+06 564377 371826 43235 2.14084e+06 799250 248662 630515 96294.3 174368 441100 347939 285454 163646 940988 365614 3.15663e+06 1.37451e+06 1.059e+06 1.45039e+06 1.77154e+06 952356 2.21556e+06 1.67719e+06 958093 1.46338e+06 2.95394e+06 2.29785e+06 481176 728579
mphobs
 0 0 0 0 0 0 0 0 0 0 0 498337 0 5186 125008 0 168611 109162 213762 579715 649985 157893 87575 83554 0 0 0 0 0 0 0
mphpred
 1.86311e+06 702070 95954.8 154552 61022.3 5213.69 519991 99060.4 24742.7 117935 8691.92 43767.8 100496 45922.2 29563.2 25397.7 257791 56037.9 682070 171529 318174 255017 448405 151456 428815 345255 132966 241305 730000 284793 36510.8
desembarqueobs
 494567 514787 250237 358949 120608 361735 552515 73892 212993 205616 52469 317467 293654 387597 252695 516296 358380 742168 942051 627588 828172 859565 418607 520667 417249 300574 415391 372974 316634 284311 391294
desembarquepred
 494482 514249 250062 358221 120442 361478 551651 73848.7 212777 205304 52437.2 316999 293097 386614 252201 515527 357897 741260 939672 626148 827149 858045 418005 520125 416580 300101 414799 372561 316138 283407 390849
Reclutas
 3634.47 2190.73 179560 54077.6 2695.58 289371 2971.75 810.738 59723.4 3564.01 30685.7 124803 64197.6 71264.5 39883.7 262675 5863.62 487210 103447 250317 166393 440013 7097.03 171040 147984 17636 126144 207548 16256.8 5582.46 105193
log_desv_Rt
 -2.37781 -2.88404 1.52224 0.322148 -2.67666 1.99944 -2.57912 -3.87808 0.421453 -2.39739 -0.244476 1.15846 0.493695 0.598126 0.0176952 1.90264 -1.8995 2.52042 0.970791 1.85445 1.44608 2.41853 -1.7086 1.47363 1.32883 -0.79833 1.16915 1.66709 -0.879758 -1.94864 0.987523
SSB
 1.68948e+06 636642 87012.5 140149 55335.5 4727.81 471532 89828.7 22436.8 106944 7881.9 39688.9 91130.8 41642.5 26808.1 23030.8 233767 50815.6 618506 155544 288523 231251 406617 137341 388853 313080 120575 218817 661969 258253 33108.3
BT
 2.09273e+06 909138 410567 381669 108482 1.27933e+06 704960 130641 461081 204589 118081 447335 393066 524602 316566 821518 381290 2.06522e+06 1.31078e+06 903009 1.23561e+06 1.43149e+06 600293 1.41553e+06 930090 528574 1.03713e+06 1.5647e+06 882751 417278 691261
Ftot
 0.311673 1.18298 1.1771 1.64628 2.80648 0.584228 1.44459 0.969363 1.03501 2.54416 0.899465 1.62923 1.80258 2.73007 2.8134 1.34086 1.65069 0.789523 1.53594 1.36689 1.35097 1.24991 1.04599 0.829243 0.764966 0.877128 1.02597 0.49388 0.443695 1.57508 1.52443
BD_Bspro_t
 0.951355 0.606695 0.188599 0.276929 0.0996106 0.0129189 0.456377 0.129077 0.0542936 0.219686 0.0316224 0.207882 0.219386 0.0979085 0.0613995 0.0559395 0.254011 0.0727197 0.384672 0.136757 0.188387 0.159491 0.253396 0.116529 0.29883 0.302678 0.18315 0.317972 0.550335 0.323807 0.0806176
BD_Bspro
 6.04074 2.27631 0.311113 0.501101 0.197852 0.0169043 1.68596 0.321182 0.0802229 0.382378 0.0281817 0.141908 0.325838 0.148893 0.0958522 0.0823467 0.835832 0.181691 2.21147 0.556146 1.03161 0.826839 1.45386 0.491063 1.39034 1.11942 0.431114 0.782379 2.36687 0.923382 0.118378
BD_Bo
 1.12228 0.422904 0.0578001 0.0930971 0.0367579 0.00314056 0.313226 0.0596708 0.0149042 0.07104 0.00523574 0.0263643 0.0605358 0.027662 0.0178079 0.0152988 0.155285 0.0337554 0.410857 0.103324 0.191658 0.153614 0.270105 0.0912322 0.258305 0.207971 0.0800945 0.145354 0.439729 0.171551 0.0219929
BD_Brms
 2.04051 0.768917 0.105091 0.169268 0.0668326 0.00571011 0.569502 0.108492 0.0270986 0.129164 0.00951952 0.0479351 0.110065 0.0502946 0.032378 0.027816 0.282337 0.0613735 0.747013 0.187861 0.348469 0.279299 0.491099 0.165877 0.469645 0.378129 0.145626 0.26428 0.799507 0.31191 0.0399872
Sel_flota
 0.605386 1 1 1 1
 0.605386 1 1 1 1
 0.605386 1 1 1 1
 0.605386 1 1 1 1
 0.605386 1 1 1 1
 0.605386 1 1 1 1
 0.605386 1 1 1 1
 0.605386 1 1 1 1
 0.605386 1 1 1 1
 0.605386 1 1 1 1
 0.605386 1 1 1 1
 0.605386 1 1 1 1
 0.605386 1 1 1 1
 0.605386 1 1 1 1
 0.605386 1 1 1 1
 0.605386 1 1 1 1
 0.605386 1 1 1 1
 0.605386 1 1 1 1
 0.605386 1 1 1 1
 0.605386 1 1 1 1
 0.605386 1 1 1 1
 0.605386 1 1 1 1
 0.605386 1 1 1 1
 0.605386 1 1 1 1
 0.605386 1 1 1 1
 0.605386 1 1 1 1
 0.605386 1 1 1 1
 0.605386 1 1 1 1
 0.605386 1 1 1 1
 0.605386 1 1 1 1
 0.605386 1 1 1 1
Sel_reclas
 0.863218 1 1 1 1
 0.863218 1 1 1 1
 0.863218 1 1 1 1
 0.863218 1 1 1 1
 0.863218 1 1 1 1
 0.863218 1 1 1 1
 0.863218 1 1 1 1
 0.863218 1 1 1 1
 0.863218 1 1 1 1
 0.863218 1 1 1 1
 0.863218 1 1 1 1
 0.863218 1 1 1 1
 0.863218 1 1 1 1
 0.863218 1 1 1 1
 0.863218 1 1 1 1
 0.863218 1 1 1 1
 0.863218 1 1 1 1
 0.863218 1 1 1 1
 0.863218 1 1 1 1
 0.863218 1 1 1 1
 0.863218 1 1 1 1
 0.863218 1 1 1 1
 0.863218 1 1 1 1
 0.863218 1 1 1 1
 0.863218 1 1 1 1
 0.863218 1 1 1 1
 0.863218 1 1 1 1
 0.863218 1 1 1 1
 0.863218 1 1 1 1
 0.863218 1 1 1 1
 0.863218 1 1 1 1
Sel_pelaces
 0.49491 0.8314 0.961266 0.992057 0.998412
 0.49491 0.8314 0.961266 0.992057 0.998412
 0.49491 0.8314 0.961266 0.992057 0.998412
 0.49491 0.8314 0.961266 0.992057 0.998412
 0.49491 0.8314 0.961266 0.992057 0.998412
 0.49491 0.8314 0.961266 0.992057 0.998412
 0.49491 0.8314 0.961266 0.992057 0.998412
 0.49491 0.8314 0.961266 0.992057 0.998412
 0.49491 0.8314 0.961266 0.992057 0.998412
 0.49491 0.8314 0.961266 0.992057 0.998412
 0.49491 0.8314 0.961266 0.992057 0.998412
 0.49491 0.8314 0.961266 0.992057 0.998412
 0.49491 0.8314 0.961266 0.992057 0.998412
 0.49491 0.8314 0.961266 0.992057 0.998412
 0.49491 0.8314 0.961266 0.992057 0.998412
 0.49491 0.8314 0.961266 0.992057 0.998412
 0.49491 0.8314 0.961266 0.992057 0.998412
 0.49491 0.8314 0.961266 0.992057 0.998412
 0.49491 0.8314 0.961266 0.992057 0.998412
 0.49491 0.8314 0.961266 0.992057 0.998412
 0.49491 0.8314 0.961266 0.992057 0.998412
 0.49491 0.8314 0.961266 0.992057 0.998412
 0.49491 0.8314 0.961266 0.992057 0.998412
 0.49491 0.8314 0.961266 0.992057 0.998412
 0.49491 0.8314 0.961266 0.992057 0.998412
 0.49491 0.8314 0.961266 0.992057 0.998412
 0.49491 0.8314 0.961266 0.992057 0.998412
 0.49491 0.8314 0.961266 0.992057 0.998412
 0.49491 0.8314 0.961266 0.992057 0.998412
 0.49491 0.8314 0.961266 0.992057 0.998412
 0.49491 0.8314 0.961266 0.992057 0.998412
pf_obs 
 0.8446 0.082 0.0669 0.0065 0
 0.8095 0.147 0.0364 0.0071 0
 0.9664 0.0169 0.016 0.0007 0
 0.9276 0.0648 0.0075 0.0001 0
 0.7033 0.2144 0.0806 0.0017 0
 0.9318 0.0425 0.0243 0.0014 0
 0.5671 0.3108 0.0964 0.0239 0.0018
 0.0768 0.2599 0.5324 0.112 0.0189
 0.490249 0.384438 0.106611 0.0170017 0.00170017
 0.7925 0.1577 0.0466 0.003 0.0002
 0.840416 0.127587 0.0312969 0.00059994 9.999e-05
 0.8084 0.0986 0.0794 0.0134 0.0002
 0.7335 0.1905 0.0724 0.0035 0.0001
 0.4001 0.4547 0.1325 0.0127 0
 0.49795 0.308269 0.164784 0.0264974 0.00249975
 0.9179 0.0499 0.0305 0.0017 0
 0.2467 0.6533 0.0926 0.0074 0
 0.9418 0.0223 0.034 0.0019 0
 0.707729 0.231977 0.0356964 0.0245975 0
 0.517169 0.277429 0.184464 0.0207286 0.00020938
 0.811772 0.124168 0.05621 0.00726502 0.000585176
 0.764997 0.148141 0.077277 0.00933861 0.000247198
 0.163321 0.427699 0.378323 0.0303852 0.000271297
 0.753843 0.0900009 0.118128 0.0371064 0.000921714
 0.721811 0.176058 0.0630433 0.0369309 0.00215725
 0.143369 0.312575 0.442814 0.0836902 0.0175525
 0.692698 0.0596174 0.167031 0.0765114 0.00414204
 0.394062 0.376323 0.152708 0.0712218 0.00568511
 0.125707 0.32114 0.495352 0.0537591 0.00404204
 0.23352 0.215282 0.420074 0.123614 0.00750983
 0.796117 0.104755 0.0508955 0.0450114 0.00322123
pf_pred 
 0.0223365 0.16135 0.713321 0.102992 6.99965e-07
 0.0521383 0.0370144 0.150323 0.664571 0.0959541
 0.97267 0.00299855 0.000950139 0.0038587 0.0195223
 0.551675 0.442763 0.000610245 0.000193366 0.00475833
 0.18504 0.618922 0.193606 0.000266841 0.00216522
 0.997933 0.000945968 0.000851421 0.000266335 3.34567e-06
 0.0282464 0.970698 0.000483053 0.000434772 0.000137711
 0.0749714 0.0607058 0.863384 0.00042965 0.000509193
 0.973559 0.0038625 0.00148174 0.021074 2.29158e-05
 0.19365 0.796288 0.00146985 0.000563867 0.00802829
 0.971294 0.0129165 0.0155927 2.87822e-05 0.00016825
 0.933337 0.0657254 0.000422079 0.000509532 6.43852e-06
 0.734105 0.258658 0.00713579 4.58251e-05 5.60189e-05
 0.865244 0.118767 0.0155537 0.000429091 6.1241e-06
 0.861213 0.133066 0.00504217 0.00066032 1.84768e-05
 0.985556 0.0138447 0.00057429 2.17611e-05 2.92956e-06
 0.0920533 0.902306 0.00540699 0.000224287 9.64283e-06
 0.988522 0.00237196 0.00904982 5.42303e-05 2.34623e-06
 0.405996 0.590593 0.000704926 0.00268953 1.6814e-05
 0.883914 0.0730382 0.0428004 5.10862e-05 0.000196129
 0.739473 0.246804 0.00863395 0.0050595 2.92237e-05
 0.91037 0.0779496 0.0110655 0.000387103 0.000228153
 0.0590721 0.902038 0.033822 0.00480126 0.000266957
 0.909447 0.0107952 0.0764615 0.00286693 0.000429609
 0.714938 0.271745 0.00158754 0.0112445 0.000484792
 0.227617 0.643845 0.122533 0.000715838 0.00528884
 0.897214 0.0388071 0.0533319 0.0101498 0.000497388
 0.837613 0.15415 0.00310987 0.00427384 0.00085323
 0.144243 0.775035 0.0766283 0.00154593 0.00254869
 0.176342 0.194812 0.569528 0.0563097 0.00300889
 0.97166 0.00991003 0.00435914 0.0127439 0.00132732
pobs_RECLAS
 0 0 0 0 0
 0 0 0 0 0
 0 0 0 0 0
 0 0 0 0 0
 0 0 0 0 0
 0 0 0 0 0
 0 0 0 0 0
 0 0 0 0 0
 0 0 0 0 0
 0 0 0 0 0
 0.991045 0.00858322 0.000360255 1.14367e-05 0
 0.934742 0.0480273 0.0164251 0.00080598 0
 0.827803 0.169806 0.00239088 0 0
 0.941827 0.0461693 0.0120037 0 0
 0.791401 0.0380133 0.147996 0.0225897 0
 0.846168 0.0940531 0.0597789 0 0
 0.134021 0.677848 0.182769 0.00536245 0
 0.80878 0.0450904 0.141981 0.00414843 0
 0.846168 0.0940531 0.0597789 0 0
 0.905697 0.0802665 0.012482 0.00150086 5.37128e-05
 0.989698 0.0102097 9.19794e-05 0 0
 0.975433 0.0193895 0.00387452 0.00125025 5.28907e-05
 0.303575 0.632131 0.0575291 0.00676475 0
 0.966965 0.00978017 0.0227588 0.000495775 0
 0.843318 0.132988 0.00938335 0.0141283 0.000182051
 0.564624 0.303363 0.111486 0.0197234 0.00080311
 0.826376 0.0876187 0.0782897 0.00655872 0.00115652
 0.89761 0.0855135 0.0140674 0.00269457 0.000114338
 0.34875 0.467042 0.161289 0.0227151 0.000203297
 0.318654 0.224769 0.449479 0.00709798 0
 0.937255 0.0296025 0.0250945 0.00804832 0
ppred_RECLAS
 0.0319333 0.159766 0.706319 0.101981 6.93094e-07
 0.0776922 0.0360165 0.14627 0.646654 0.0933672
 0.981974 0.00197778 0.000626689 0.00254511 0.0128764
 0.663238 0.332584 0.000458389 0.000145248 0.00357425
 0.295112 0.535328 0.167457 0.0002308 0.00187278
 0.998588 0.000646009 0.000581442 0.000181882 2.28478e-06
 0.043604 0.955357 0.000475419 0.000427901 0.000135534
 0.108705 0.058492 0.831899 0.000413981 0.000490624
 0.982362 0.00257657 0.000988433 0.0140579 1.52866e-05
 0.299448 0.69181 0.00127699 0.000489885 0.00697493
 0.980638 0.00871212 0.0105172 1.94135e-05 0.000113484
 0.957208 0.0421901 0.000270939 0.000327076 4.13298e-06
 0.81795 0.177095 0.00488565 3.13749e-05 3.83543e-05
 0.921359 0.06931 0.00907681 0.000250409 3.5739e-06
 0.919697 0.0769929 0.00291743 0.000382065 1.06908e-05
 0.990653 0.00895984 0.000371662 1.40831e-05 1.89592e-06
 0.139669 0.854986 0.00512343 0.000212524 9.13713e-06
 0.992241 0.00160327 0.006117 3.66556e-05 1.58588e-06
 0.519624 0.477617 0.00057008 0.00217504 1.35976e-05
 0.92221 0.0489435 0.0286809 3.42333e-05 0.000131428
 0.815248 0.175021 0.00612275 0.00358794 2.07239e-05
 0.939925 0.0522458 0.00741665 0.000259457 0.00015292
 0.0867983 0.875457 0.0328254 0.00465978 0.000259091
 0.937329 0.00747124 0.0529184 0.00198418 0.000297329
 0.788051 0.202048 0.00118037 0.00836048 0.000360451
 0.305741 0.578723 0.110139 0.000643434 0.0047539
 0.929549 0.026599 0.0365547 0.00695685 0.000340919
 0.882607 0.111439 0.0022482 0.00308967 0.000616821
 0.196789 0.727445 0.0719231 0.001451 0.00239219
 0.253825 0.176485 0.515951 0.0510125 0.00272584
 0.981884 0.00633494 0.00278656 0.00814646 0.000848486
pobs_PELACES
 0 0 0 0 0
 0 0 0 0 0
 0 0 0 0 0
 0 0 0 0 0
 0 0 0 0 0
 0 0 0 0 0
 0 0 0 0 0
 0 0 0 0 0
 0 0 0 0 0
 0 0 0 0 0
 0 0 0 0 0
 0 0 0 0 0
 0 0 0 0 0
 0 0 0 0 0
 0 0 0 0 0
 0 0 0 0 0
 0.505614 0.472636 0.0217494 0 0
 0 0 0 0 0
 0.443492 0.261883 0.143347 0.151278 0
 0.227955 0.32914 0.350689 0.0885471 0.00366901
 0.970185 0.0296113 0.000203453 0 0
 0.997202 0.00247181 0.000326279 0 0
 0.445219 0.490057 0.0546422 0.010081 0
 0.90214 0.0892962 0.00764917 0.000914606 0
 0 0 0 0 0
 0.581667 0.319106 0.0959925 0.00289975 0.000334073
 0.762889 0.0836404 0.116647 0.0363945 0.000428098
 0.88444 0.0763242 0.0277011 0.0115352 0
 0.521256 0.241999 0.230069 0.00667565 0
 0.616807 0.101726 0.260614 0.0208532 0
 0.833518 0.0704572 0.0857862 0.0102388 0
ppred_PELACES
 0.0204572 0.142516 0.728476 0.10855 7.4246e-07
 0.0542828 0.0312815 0.146884 0.670169 0.0973823
 0.973842 0.00244005 0.000893939 0.00374675 0.0190773
 0.626696 0.36778 0.000586076 0.000191656 0.00474647
 0.286207 0.522393 0.188936 0.000268745 0.00219464
 0.997934 0.000867596 0.000902856 0.000291471 3.68488e-06
 0.0365533 0.962215 0.000553625 0.000514253 0.000163929
 0.0768649 0.0528638 0.869292 0.000446446 0.000532489
 0.974221 0.00323816 0.00143627 0.0210816 2.30709e-05
 0.290556 0.6989 0.00149159 0.000590539 0.00846189
 0.973082 0.0111506 0.0155636 2.96488e-05 0.000174425
 0.95006 0.0491155 0.00036468 0.000454343 5.77792e-06
 0.795979 0.197624 0.00630362 4.17776e-05 5.13983e-05
 0.918815 0.0702425 0.0106358 0.000302817 4.34957e-06
 0.918815 0.0773262 0.00338774 0.000457868 1.28939e-05
 0.988566 0.0108882 0.000522202 2.04212e-05 2.76679e-06
 0.121777 0.871912 0.00604099 0.000258612 1.11898e-05
 0.98863 0.00209014 0.00922021 5.70212e-05 2.48278e-06
 0.476477 0.519963 0.000717565 0.00282544 1.77769e-05
 0.902271 0.0581168 0.0393762 4.85045e-05 0.00018741
 0.782423 0.204287 0.0082629 0.00499716 2.90485e-05
 0.925595 0.0634008 0.010406 0.000375695 0.000222847
 0.0694324 0.886205 0.0384187 0.00562849 0.000314957
 0.909813 0.00943972 0.0773048 0.0029914 0.000451132
 0.737379 0.24816 0.00167621 0.0122528 0.000531648
 0.24908 0.609893 0.134201 0.000809122 0.00601634
 0.904255 0.0328296 0.0521646 0.0102456 0.000505301
 0.845656 0.145189 0.00338663 0.00480328 0.000965069
 0.149926 0.758558 0.0867143 0.00180544 0.0029956
 0.204253 0.167752 0.567025 0.057858 0.00311143
 0.976011 0.00748735 0.00380792 0.011489 0.00120429
pobs_pel_tallas
 0 0 0 0 0 0 0 0 0 0 0 0 0 0 0 0 0 0 0 0 0 0 0 0 0 0
 0 0 0 0 0 0 0 0 0 0 0 0 0 0 0 0 0 0 0 0 0 0 0 0 0 0
 0 0 0 0 0 0 0 0 0 0 0 0 0 0 0 0 0 0 0 0 0 0 0 0 0 0
 0 0 0 0 0 0 0 0 0 0 0 0 0 0 0 0 0 0 0 0 0 0 0 0 0 0
 0 0 0 0 0 0 0 0 0 0 0 0 0 0 0 0 0 0 0 0 0 0 0 0 0 0
 0 0 0 0 0 0 0 0 0 0 0 0 0 0 0 0 0 0 0 0 0 0 0 0 0 0
 0 0 0 0 0 0 0 0 0 0 0 0 0 0 0 0 0 0 0 0 0 0 0 0 0 0
 0 0 0 0 0 0 0 0 0 0 0 0 0 0 0 0 0 0 0 0 0 0 0 0 0 0
 0 0 0 0 0 0 0 0 0 0 0 0 0 0 0 0 0 0 0 0 0 0 0 0 0 0
 0 0 0 0 0 0 0 0 0 0 0 0 0 0 0 0 0 0 0 0 0 0 0 0 0 0
 0 0 0 0 0 0 0 0 0 0 0 0 0 0 0 0 0 0 0 0 0 0 0 0 0 0
 0 0 0 0 0 0 0 0 0 0 0 0 0 0 0 0 0 0 0 0 0 0 0 0 0 0
 0.00862536 0 0 0.000197151 0.00414017 0.0128641 0.00837892 0.0270097 0.101434 0.158115 0.152841 0.127902 0.109271 0.109419 0.0830992 0.0579132 0.0238553 0.00714673 0.00463305 0.00128148 0.00103504 0.000492878 0.000147863 0.000147863 4.92878e-05 0
 0 0 0 0 0 0 0 0 0 0 0 0 0 0 0 0 0 0 0 0 0 0 0 0 0 0
 0 0 0 0 0 0 0 0.0054083 0.00873648 0.0413646 0.0450493 0.0745869 0.0622846 0.0627006 0.0613931 0.0827291 0.12552 0.122667 0.0946155 0.0697135 0.0546179 0.0294188 0.0215738 0.0213955 0.0102223 0.00600262
 0 0 0 0 0.00359764 0.0251062 0.0480494 0.140153 0.205849 0.193036 0.1447 0.116669 0.0760912 0.0342217 0.00950174 0.001854 0.000860785 0 0 0 0.000165536 0 0.000143464 0 0 0
 0 0 0 0 0 0 0 0.000145254 0.000435761 0.0275982 0.070085 0.0708112 0.156366 0.174668 0.174014 0.160142 0.0824315 0.0480064 0.0283245 0.00493863 0.00203355 0 0 0 0 0
 0 0 0 0 0 0 0 0 0 0 0 0 0 0 0 0 0 0 0 0 0 0 0 0 0 0
 0 0 1.00437e-05 0.000401748 0.00122533 0.00171747 0.00176769 0.0269171 0.070346 0.194647 0.189555 0.159765 0.064822 0.0314167 0.0384472 0.0292271 0.0345202 0.0313363 0.0194345 0.0106764 0.0143323 0.0359363 0.0279516 0.0138201 0.00172751 0
 0 0.0021121 0.0136068 0.0755702 0.200478 0.177729 0.0527432 0.0373336 0.0318909 0.0142505 0.0149659 0.0166563 0.0217959 0.0798694 0.0677717 0.0528807 0.04013 0.0224614 0.0357745 0.0225083 0.00881397 0.00855152 0.00135912 0.000746735 0 0
 0 0 0 0 5.4009e-05 0.00500934 0.000945158 0.0243581 0.138947 0.33067 0.221406 0.137944 0.0707744 0.0437923 0.0131692 0.00525238 0.0047753 0.00276346 9.45158e-05 9.00151e-06 2.25038e-05 9.00151e-06 4.50075e-06 0 0 0
 0.000866109 0.00284123 0.00948549 0.0512746 0.133035 0.25785 0.225252 0.132002 0.0553304 0.0519788 0.0540692 0.017754 0.00435017 0.00159236 0.00146478 0.000404838 0.000125132 0.000115318 0.000107957 0.000100596 0 0 0 0 0 0
 0 0 0 0 0.00144013 0.00171154 0.00461396 0.0210425 0.0478622 0.0707936 0.0888783 0.103762 0.0637923 0.0337046 0.0602308 0.124433 0.169614 0.0934646 0.0462172 0.0250306 0.0313229 0.00938855 0.002487 0.000210481 0 0
 0 0.00764035 0.051015 0.0998891 0.058973 0.0496711 0.0374665 0.0718981 0.12319 0.153886 0.159021 0.0857701 0.0377988 0.023471 0.0147837 0.00900784 0.00315554 0.000888139 0.00291439 0.00214683 0.00393193 0.00274676 0.000635225 9.99891e-05 0 0
 0 0 0 0 0 0 0 0 0 0 0 0 0 0 0 0 0 0 0 0 0 0 0 0 0 0
 0 0 0 0 0 0 0 0 0 0 0 0 0 0 0 0 0 0 0 0 0 0 0 0 0 0
 0 0 0 0 0 0 0 0 0 0 0 0 0 0 0 0 0 0 0 0 0 0 0 0 0 0
 0 0 0 0 0 0 0 0 0 0 0 0 0 0 0 0 0 0 0 0 0 0 0 0 0 0
 0 0 0 0 0 0 0 0 0 0 0 0 0 0 0 0 0 0 0 0 0 0 0 0 0 0
 0 0 0 0 0 0 0 0 0 0 0 0 0 0 0 0 0 0 0 0 0 0 0 0 0 0
 0 0 0 0 0 0 0 0 0 0 0 0 0 0 0 0 0 0 0 0 0 0 0 0 0 0
ppred_pel_tallas
 1.31945e-16 1.68507e-06 1.63795e-05 0.000108848 0.000494816 0.00153964 0.0032809 0.00479167 0.00480653 0.00335407 0.00178859 0.00122835 0.00200468 0.00433564 0.00873427 0.0158189 0.0260098 0.0394324 0.0560008 0.0753737 0.0965096 0.117056 0.133303 0.141225 0.138237 0.124546
 1.87936e-16 4.47121e-06 4.34618e-05 0.000288819 0.00131293 0.00408503 0.00870372 0.0127041 0.0127076 0.00872103 0.00414467 0.0014921 0.000765732 0.00117842 0.00244918 0.00484238 0.00897383 0.0158003 0.0266502 0.0430365 0.0660635 0.0955031 0.128972 0.161798 0.187947 0.201812
 1.03631e-16 8.02141e-05 0.000779709 0.00518144 0.0235541 0.0732855 0.156143 0.227895 0.227895 0.156144 0.0732895 0.0235657 0.00521099 0.000845615 0.000209881 0.000233038 0.0003621 0.000536873 0.000769556 0.0011006 0.00158995 0.00229083 0.00321045 0.00427848 0.00534359 0.00620618
 1.00934e-16 5.16202e-05 0.000501767 0.00333442 0.0151578 0.0471617 0.100484 0.146667 0.146703 0.100657 0.0477416 0.0168315 0.00753158 0.00965078 0.0173878 0.0285606 0.040896 0.0509211 0.0551398 0.0519513 0.0426389 0.0305763 0.0193067 0.0109562 0.00588114 0.00330988
 1.05985e-16 2.35746e-05 0.000229154 0.00152281 0.00692251 0.0215388 0.0458925 0.066992 0.0670425 0.0461394 0.0223684 0.00932092 0.00755121 0.0134156 0.0251439 0.0417288 0.0605647 0.0770936 0.0866209 0.0868765 0.0792296 0.0675179 0.0555324 0.045208 0.0365846 0.0289399
 1.00057e-16 8.21985e-05 0.000798999 0.00530963 0.0241368 0.0750986 0.160005 0.233533 0.233533 0.160006 0.0751 0.0241409 0.00531988 0.000821583 0.000125711 7.93413e-05 0.000110072 0.000146124 0.000176137 0.000196748 0.000209316 0.000217271 0.000222277 0.0002225 0.000214262 0.000195258
 1.00342e-16 3.01105e-06 2.92686e-05 0.000194504 0.000884245 0.00275171 0.00586623 0.00858133 0.00867385 0.0063182 0.00426865 0.0052628 0.0111744 0.0239626 0.0453508 0.0746913 0.106943 0.133111 0.144034 0.135496 0.110828 0.0788371 0.048801 0.0263258 0.012425 0.00518648
 1.25235e-16 6.33127e-06 6.15422e-05 0.00040897 0.00185912 0.00578445 0.0123246 0.0179895 0.0179959 0.0123566 0.00589577 0.00219754 0.00132193 0.00226407 0.0048011 0.00951609 0.0173899 0.0294944 0.0466036 0.0685517 0.0934803 0.117501 0.135387 0.142358 0.136178 0.118272
 1.02161e-16 8.02453e-05 0.000780013 0.00518346 0.0235633 0.073314 0.156203 0.227983 0.227984 0.156205 0.0733193 0.0235787 0.00522288 0.000868014 0.000253457 0.000309155 0.000481227 0.000705721 0.00098834 0.0013594 0.00186136 0.0025181 0.00329753 0.00409383 0.00474759 0.00509919
 1.01713e-16 2.39329e-05 0.000232636 0.00154595 0.00702772 0.0218662 0.0465907 0.0680146 0.0680818 0.046919 0.0229681 0.0102083 0.00952204 0.0176191 0.0329692 0.0542712 0.0777195 0.0967745 0.104796 0.0987432 0.0810513 0.0581291 0.0367066 0.0208226 0.0111549 0.00624121
 1.00485e-16 8.01514e-05 0.000779101 0.0051774 0.0235357 0.0732283 0.156021 0.227717 0.227718 0.156026 0.0732464 0.0235882 0.00531019 0.00107237 0.00064698 0.000968297 0.00144625 0.00194089 0.00236437 0.00266918 0.0028578 0.00295436 0.00296361 0.00285894 0.00260983 0.00222
 1.0007e-16 7.82552e-05 0.000760668 0.00505491 0.0229789 0.0714958 0.15233 0.222331 0.222335 0.152353 0.0715733 0.0232024 0.00561553 0.00198279 0.00239422 0.00382101 0.0054656 0.0068076 0.00737594 0.00695615 0.00571806 0.00410964 0.00260112 0.00147433 0.000776913 0.000408734
 1.00246e-16 6.55638e-05 0.000637303 0.00423511 0.0192522 0.0599008 0.127626 0.186277 0.186296 0.127719 0.0602126 0.0201522 0.00649242 0.00555914 0.00939565 0.0153834 0.0220464 0.0274963 0.0298567 0.0282619 0.0233811 0.0169924 0.0109605 0.00640087 0.00350576 0.00189375
 1.00357e-16 7.56815e-05 0.000735652 0.00488866 0.0222232 0.0691445 0.14732 0.215019 0.215026 0.147353 0.0692556 0.022544 0.00569401 0.00249369 0.00341438 0.00552431 0.00794874 0.00999021 0.0109914 0.0106457 0.00917159 0.0071589 0.0052142 0.0036834 0.00261063 0.00187319
 1.00166e-16 7.56816e-05 0.000735652 0.00488867 0.0222232 0.0691446 0.14732 0.21502 0.215027 0.147357 0.0692666 0.0225754 0.00577228 0.00266253 0.00372914 0.00602936 0.00864077 0.0107868 0.0117324 0.0111396 0.00926886 0.00681127 0.00448919 0.00273135 0.00160723 0.000966045
 1.00021e-16 8.14269e-05 0.000791499 0.00525979 0.0239102 0.0743936 0.158503 0.231341 0.231342 0.158509 0.0744108 0.0239598 0.00538422 0.00106285 0.000595951 0.000854154 0.00121732 0.00151958 0.00165313 0.00157008 0.00130692 0.00096073 0.000633046 0.000384206 0.000224206 0.000132206
 1.00426e-16 1.00308e-05 9.75028e-05 0.000647945 0.00294551 0.00916504 0.0195302 0.0285224 0.0286063 0.0199398 0.0105398 0.00691376 0.0105994 0.0217903 0.0411164 0.067716 0.0969784 0.120757 0.130757 0.123158 0.100963 0.0721271 0.0450198 0.0246905 0.0120454 0.00536458
 1.00273e-16 8.14322e-05 0.00079155 0.00526012 0.0239118 0.0743984 0.158514 0.231355 0.231356 0.158515 0.074402 0.0239223 0.00528727 0.000852966 0.000204405 0.000225469 0.000354933 0.000524915 0.000724228 0.000944267 0.00117068 0.00137624 0.00152009 0.00156023 0.00147414 0.00127357
 1.00441e-16 3.92469e-05 0.000381493 0.00253516 0.0115245 0.0358573 0.0763995 0.111518 0.111568 0.0766438 0.036677 0.0138907 0.00846889 0.0133157 0.0245474 0.0403721 0.0578077 0.0719675 0.0779038 0.073344 0.0600899 0.0429 0.0267778 0.0147366 0.00730418 0.00342995
 1.01188e-16 7.43189e-05 0.000722406 0.00480064 0.021823 0.0678996 0.144667 0.211147 0.211153 0.144695 0.0679925 0.0220919 0.00547785 0.00220815 0.0029176 0.00476164 0.00698112 0.00904479 0.0104529 0.010954 0.010657 0.00989658 0.00897318 0.00799485 0.00691794 0.00569498
 1.00797e-16 6.44472e-05 0.00062645 0.00416298 0.0189243 0.0588807 0.125452 0.183105 0.183125 0.125548 0.0592031 0.019855 0.00649748 0.00571742 0.00971768 0.0159229 0.0228367 0.0285197 0.031044 0.0295253 0.0246593 0.0182757 0.0122777 0.00778097 0.00494252 0.00333479
 1.00392e-16 7.624e-05 0.00074108 0.00492474 0.0223871 0.0696548 0.148407 0.216606 0.216612 0.148437 0.069755 0.0226768 0.00565195 0.00232878 0.00309207 0.00499231 0.00718642 0.00904037 0.00996212 0.00967565 0.00837704 0.00659497 0.00487135 0.00351245 0.00255379 0.00188337
 1.01953e-16 5.71924e-06 5.55931e-05 0.00036944 0.00167947 0.00522592 0.0111375 0.0162734 0.0163587 0.0115541 0.00662429 0.00571656 0.010496 0.0221385 0.0418759 0.069038 0.0990225 0.123618 0.134452 0.127657 0.106219 0.0780597 0.0514608 0.0313349 0.0184759 0.0111502
 1.0261e-16 7.49401e-05 0.000728444 0.00484077 0.0220054 0.0684671 0.145876 0.212911 0.212912 0.145881 0.0684845 0.0220572 0.00497633 0.00104308 0.000727195 0.00122586 0.00208888 0.00331218 0.00492112 0.00688714 0.00906719 0.0111599 0.0127384 0.013388 0.0128897 0.0113358
 1.01431e-16 6.0737e-05 0.000590385 0.00392332 0.0178349 0.055491 0.11823 0.172566 0.172589 0.118347 0.0558824 0.0189646 0.0067568 0.006768 0.0117701 0.0193025 0.0276618 0.0344997 0.0374753 0.0355282 0.0295345 0.0217601 0.0145564 0.00929201 0.00612974 0.00448542
 1.05128e-16 2.05165e-05 0.000199428 0.00132527 0.00602452 0.0187448 0.03994 0.058306 0.0583649 0.0402276 0.0197107 0.00881502 0.00833288 0.0155072 0.0291217 0.0481856 0.0695787 0.0878333 0.0973488 0.0954775 0.0840306 0.0679291 0.0521681 0.0394978 0.0301665 0.0231434
 1.02627e-16 7.44823e-05 0.000723994 0.0048112 0.021871 0.0680488 0.144985 0.211611 0.211614 0.145001 0.0681023 0.0220266 0.00520537 0.0015968 0.00176822 0.00289978 0.0043906 0.00598255 0.00745498 0.00869043 0.00969794 0.0105173 0.0110948 0.011259 0.0108267 0.00974523
 1.0078e-16 6.96556e-05 0.000677077 0.00449941 0.0204537 0.0636391 0.13559 0.197901 0.197915 0.135659 0.0638681 0.0211149 0.00615785 0.00429327 0.00692519 0.0113066 0.0162065 0.0202258 0.021993 0.0208842 0.0174042 0.0128675 0.00864008 0.00551953 0.0036084 0.00258086
 1.03385e-16 1.23494e-05 0.000120041 0.000797716 0.00362635 0.0112833 0.024043 0.0351067 0.0351798 0.0244 0.012482 0.00708796 0.00948473 0.0190767 0.0359931 0.0594269 0.0854665 0.107174 0.117459 0.113016 0.0962758 0.0737538 0.0521902 0.0354841 0.024178 0.0168819
 1.22735e-16 1.68241e-05 0.000163536 0.00108676 0.00494026 0.0153711 0.0327503 0.0478036 0.0478206 0.0328339 0.0156542 0.00576909 0.0032085 0.00493178 0.00947213 0.016674 0.026441 0.0382956 0.0515843 0.0657431 0.0801222 0.0934149 0.103349 0.10726 0.103377 0.0919167
 1.01468e-16 8.03928e-05 0.000781446 0.00519299 0.0236066 0.0734488 0.15649 0.228402 0.228403 0.156494 0.0734608 0.0236414 0.00528091 0.000975031 0.000453073 0.000635621 0.000942197 0.00126188 0.00154751 0.00179334 0.00203816 0.00233437 0.00269967 0.00308841 0.00340412 0.00354328
pSPR Fmed_Fpbrs
0.213953   0.6 0.325
Fs Fmed_Fpbrs
1.18031   0.315088 0.79176
SSBpbr Bo_Bmed_Bpbrs
1.5054e+06  246816  827972 413986
Ro
39184.1
SPR SPRFo_SPRFmed_SPRFpbrs
279681 59838.8 90896.5
Fref
0.315088
Nvult_r0
 89815 728.04 320.244 936.227 97.5118
CTP_r0
 43106.1 439.642 193.386 565.361 58.8846
YTP_r0
390849
Np
 89386.8 27173 4128.19 17.019 9.49587
Nvult_p0
 62213.8 19878.4 3019.97 12.4503 6.9467
CTP_p0
 9966.21 2695.35 11.112 4.88784 15.4341
 9966.21 4762.75 723.569 2.98302 1.66439
YTP_p0
 117806 166159
CBA_c0
132312
log_Ro
10.396
likeval ReclasPelacesDesembMPH_pf_preclas_ppelaces_ptallas_desvR_qrecl_qpela
 18.8529 21.3172 0.389641 0.000998373 366.722 126.676 132.072 0 139.256 0.000112079 0.00027032 0.0125507 9.43961e-16 0 0
q_reclas_q_pelaces
4.48252 10.3721
M
1
N
 3634.47 16692 73794.8 10654.8 0.0724131
 2190.73 1107.14 4496.31 19878 2870.09
 179560 393.795 124.78 506.757 2563.83
 54077.6 32392 44.6447 14.1464 348.113
 2695.58 7343.3 2297.07 3.16597 25.6896
 289371 181.338 163.214 51.0553 0.641351
 2971.75 74740.9 37.1936 33.4762 10.6033
 810.738 455.946 6484.67 3.22699 3.82442
 59723.4 165.854 63.6253 904.907 0.983995
 3564.01 11741.7 21.6737 8.31453 118.382
 30685.7 281.025 339.253 0.626219 3.66063
 124803 6548.74 42.0551 50.7687 0.641521
 64197.6 17123 472.386 3.03359 3.70842
 71264.5 7930.47 1038.57 28.6519 0.408927
 39883.7 5021.11 190.261 24.9165 0.6972
 262675 2671.86 110.831 4.19963 0.565371
 5863.62 42913.3 257.154 10.667 0.458609
 487210 794.107 3029.78 18.1557 0.785494
 103447 111133 132.648 506.094 3.16394
 250317 15017.7 8800.38 10.504 40.327
 166393 40254.8 1408.23 825.226 4.76651
 440013 27017.7 3835.35 134.172 79.079
 7097.03 75953.9 2847.9 404.279 22.4785
 171040 1386.04 9817.25 368.099 55.1596
 147984 38087.5 222.508 1576.01 67.9478
 17636 34260.8 6520.3 38.0917 281.434
 126144 3815 5242.9 997.795 48.8967
 207548 24936.1 503.069 691.36 138.023
 16256.8 56620.8 5598.15 112.939 186.196
 5582.46 4571.8 13365.6 1321.46 70.6121
 105193 791.438 348.131 1017.75 106.003
pred_Ctot
 401.169 2897.88 12811.4 1849.77 0.0125716
 749.868 532.351 2161.98 9558.05 1380.04
 61235.2 188.776 59.8167 242.927 1229.04
 23327.7 18722.4 25.8044 8.17652 201.207
 1582.7 5293.8 1655.97 2.28236 18.5197
 56077.5 53.1574 47.8444 14.9663 0.188005
 1173.71 40334.8 20.072 18.0658 5.7222
 238.489 193.109 2746.48 1.36674 1.61977
 18483.2 73.3301 28.1311 400.093 0.435061
 1990.57 8185.19 15.1088 5.7961 82.5243
 8509.5 113.161 136.608 0.252161 1.47403
 53469 3765.28 24.1801 29.1901 0.36885
 29361.2 10345.3 285.403 1.83282 2.24053
 41271.8 5665.12 741.902 20.4674 0.292117
 23445.9 3622.64 137.27 17.9768 0.503017
 98462.5 1383.16 57.3747 2.17405 0.292679
 2533.88 24837 148.834 6.17376 0.26543
 121621 291.831 1113.43 6.67213 0.288665
 42607.2 61979.8 73.9785 282.252 1.76455
 95116.7 7859.53 4605.69 5.49731 21.1052
 62705 20928.2 732.132 429.03 2.47808
 156816 13427.3 1906.09 66.6808 39.3007
 2214.23 33811.6 1267.77 179.968 10.0065
 44436.3 527.459 3735.97 140.08 20.991
 35995.5 13681.8 79.9292 566.134 24.4081
 4793.56 13559.2 2580.51 15.0754 111.382
 38776.5 1677.19 2304.94 438.662 21.4965
 34738.9 6393.16 128.978 177.252 35.3866
 2474.11 13293.8 1314.36 26.5165 43.7163
 2338.53 2583.46 7552.7 746.742 39.9019
 43106.1 439.642 193.386 565.361 58.8846
F
 0.188683 0.311673 0.311673 0.311673 0.311673
 0.71616 1.18298 1.18298 1.18298 1.18298
 0.712597 1.1771 1.1771 1.1771 1.1771
 0.996632 1.64628 1.64628 1.64628 1.64628
 1.699 2.80648 2.80648 2.80648 2.80648
 0.353683 0.584228 0.584228 0.584228 0.584228
 0.874532 1.44459 1.44459 1.44459 1.44459
 0.586839 0.969363 0.969363 0.969363 0.969363
 0.626578 1.03501 1.03501 1.03501 1.03501
 1.5402 2.54416 2.54416 2.54416 2.54416
 0.544523 0.899465 0.899465 0.899465 0.899465
 0.986314 1.62923 1.62923 1.62923 1.62923
 1.09125 1.80258 1.80258 1.80258 1.80258
 1.65275 2.73007 2.73007 2.73007 2.73007
 1.70319 2.8134 2.8134 2.8134 2.8134
 0.811735 1.34086 1.34086 1.34086 1.34086
 0.999305 1.65069 1.65069 1.65069 1.65069
 0.477966 0.789523 0.789523 0.789523 0.789523
 0.929833 1.53594 1.53594 1.53594 1.53594
 0.827497 1.36689 1.36689 1.36689 1.36689
 0.817857 1.35097 1.35097 1.35097 1.35097
 0.756678 1.24991 1.24991 1.24991 1.24991
 0.633225 1.04599 1.04599 1.04599 1.04599
 0.502012 0.829243 0.829243 0.829243 0.829243
 0.463099 0.764966 0.764966 0.764966 0.764966
 0.531 0.877128 0.877128 0.877128 0.877128
 0.621107 1.02597 1.02597 1.02597 1.02597
 0.298988 0.49388 0.49388 0.49388 0.49388
 0.268607 0.443695 0.443695 0.443695 0.443695
 0.953533 1.57508 1.57508 1.57508 1.57508
 0.922868 1.52443 1.52443 1.52443 1.52443
YTP_r0W_actual
 357781 6198.96 5337.46 19335.3 2196.39
YTP_p0W_proyectada
 74646.9 42236.2 257.02 143.556 522.137
 74646.9 74632.3 16736.2 87.6112 56.3063
CTP_r0_actual
 43106.1 439.642 193.386 565.361 58.8846
CTP_p0_proyectada
 9966.21 2695.35 11.112 4.88784 15.4341
 9966.21 4762.75 723.569 2.98302 1.66439
Wmedp
 7.49 15.67 23.13 29.37 33.83
Frms_r0
 0.922868 1.52443 1.52443 1.52443 1.52443
Zrms_r0
 1.92287 2.52443 2.52443 2.52443 2.52443
nmprior
 8.19 8.8 8.5 0
nm_flota  nm_reclas  nm_pelaces    nm_pelaL
inf 16.9129 3.02407 4.21472
cv_recla  cv_pelaces  cv_mph
0.392748 0.523525 0.975106
 ------------------------------------------------
Talla a la edad & desviaci?n 
 8 13.2811 15.8009 17.003 17.5766
 0.8 1.32811 1.58009 1.7003 1.75766
