years
 1991 1992 1993 1994 1995 1996 1997 1998 1999 2000 2001 2002 2003 2004 2005 2006 2007 2008 2009 2010 2011 2012 2013 2014 2015 2016 2017 2018 2019 2020 2021
reclasobs
 0 0 0 0 0 0 0 0 0 252601 567819 844713 477998 351125 339783 2.1784e+06 2.13404e+06 4.81314e+06 1.55562e+06 2.62356e+06 3.21686e+06 3.843e+06 1.13348e+06 3.07943e+06 1.97215e+06 2.03268e+06 2.025e+06 2.42433e+06 2.27542e+06 1.05018e+06 2.36338e+06
reclaspred
 3.21453e+06 1.78101e+06 903067 922827 931267 1.52092e+06 912444 798938 575440 407726 502885 662496 650935 494311 494211 1.32278e+06 1.2322e+06 2.96749e+06 2.39881e+06 1.76566e+06 3.08924e+06 2.51252e+06 1.96035e+06 3.05454e+06 2.28522e+06 2.02197e+06 2.41324e+06 2.58297e+06 2.08499e+06 1.29841e+06 1.88699e+06
pelacesobs
 0 0 0 0 0 0 0 0 0 0 0 0 0 0 0 552880 188675 0 991730 2.46772e+06 1.41603e+06 1.21717e+06 2.29649e+06 1.80582e+06 0 1.4828e+06 1.56532e+06 1.57751e+06 1.42118e+06 867257 1.10002e+06
pelacespred
 1.78537e+06 1.09152e+06 547087 460013 492215 833429 450802 505064 343346 227871 296365 323450 350681 276233 285751 640644 599006 1.68174e+06 1.38425e+06 937740 1.62221e+06 1.40283e+06 1.106e+06 1.9038e+06 1.36112e+06 1.20623e+06 1.64536e+06 1.73559e+06 1.1529e+06 809738 1.18016e+06
mphobs
 0 0 0 0 0 0 0 0 0 0 0 498337 0 5186 125008 0 168611 109162 213762 579715 649985 157893 87575 83554 0 0 0 0 0 0 0
mphpred
 489701 327518 160622 88589.9 98204 114437 152119 88940.3 79576.5 52793.9 33970.2 60186.2 64482.4 53670.2 34611.7 44034.1 150590 138676 295601 215025 228460 280800 267177 217692 307618 254015 208449 223246 315133 210572 125458
desembarqueobs
 494567 514787 250237 358949 120608 361735 552515 73892 212993 205616 52469 317467 293654 387597 252695 516296 358380 742168 942051 627588 828172 859565 418607 520667 417249 300574 415391 372974 316634 284311 391294
desembarquepred
 494573 513629 250806 358983 120614 361750 552563 73897 213051 205669 52471.9 317536 293703 387616 252684 516248 358406 742049 941816 627422 828252 859574 418615 520694 417245 300575 415390 372953 316623 284319 391299
Reclutas
 183168 101932 102811 166574 133976 233013 94705.6 41905.1 40008.4 53495.8 99705.5 137355 114794 80184.6 77179 414297 85530.7 656983 369780 291501 413579 563015 115305 336559 287480 127701 285608 321247 94795.4 70194.2 267801
log_desv_Rt
 0.155838 -0.430256 -0.421674 0.0608724 -0.156904 0.396529 -0.503793 -1.31916 -1.36548 -1.07496 -0.452346 -0.131995 -0.311429 -0.670234 -0.708439 0.972017 -0.605691 1.43309 0.858343 0.620478 0.970281 1.27874 -0.306983 0.764208 0.606586 -0.204872 0.600054 0.717645 -0.502845 -0.803301 0.535679
SSB
 2.56737e+06 1.71708e+06 842098 464452 514856 599959 797519 466289 417197 276784 178096 315540 338063 281378 181460 230858 789501 727041 1.54976e+06 1.12732e+06 1.19775e+06 1.47215e+06 1.40073e+06 1.1413e+06 1.61275e+06 1.33173e+06 1.09284e+06 1.17042e+06 1.65215e+06 1.10397e+06 657743
BT
 3.53269e+06 2.40991e+06 1.20029e+06 1.10134e+06 953429 1.76149e+06 1.28074e+06 946073 810794 595497 562301 829601 878008 884404 751766 1.53579e+06 1.32488e+06 3.59001e+06 3.3179e+06 2.1972e+06 3.50345e+06 3.24647e+06 2.29356e+06 3.80715e+06 2.76013e+06 2.37061e+06 3.29583e+06 3.4039e+06 2.27346e+06 1.6891e+06 2.43743e+06
Ftot
 0.164777 0.30195 0.295078 0.444371 0.147787 0.281756 0.63319 0.10448 0.412095 0.556177 0.129468 0.548655 0.513664 0.874382 0.613755 0.494138 0.318893 0.310855 0.441225 0.402692 0.312276 0.3948 0.232962 0.20582 0.205857 0.165653 0.206006 0.175543 0.161908 0.235951 0.254987
BD_Bspro_t
 0.974054 0.816746 0.635668 0.54158 0.536764 0.621291 0.614372 0.436938 0.495224 0.443478 0.405548 0.632405 0.512342 0.41905 0.306993 0.362049 0.546303 0.513119 0.629038 0.522149 0.491013 0.539514 0.556134 0.545195 0.65835 0.668011 0.67492 0.713609 0.762961 0.689155 0.61214
BD_Bspro
 2.2949 1.53486 0.75273 0.415162 0.460216 0.536288 0.712882 0.416804 0.372922 0.24741 0.159196 0.282053 0.302186 0.251517 0.162202 0.206358 0.705715 0.649883 1.38529 1.00768 1.07064 1.31592 1.25208 1.02018 1.4416 1.1904 0.97686 1.04621 1.47682 0.986812 0.587939
BD_Bo
 1.5283 1.02214 0.501284 0.276479 0.306483 0.357144 0.474747 0.277572 0.248349 0.164764 0.106017 0.187834 0.201242 0.167499 0.108019 0.137425 0.469974 0.432792 0.922538 0.671069 0.712997 0.876344 0.833828 0.679393 0.960039 0.792752 0.650544 0.696726 0.983493 0.657172 0.391541
BD_Brms
 2.77873 1.85844 0.911425 0.502689 0.557242 0.649352 0.863176 0.504677 0.451544 0.29957 0.192758 0.341517 0.365895 0.304543 0.196399 0.249864 0.854498 0.786895 1.67734 1.22013 1.29636 1.59335 1.51605 1.23526 1.74553 1.44137 1.18281 1.26677 1.78817 1.19486 0.711892
Sel_flota
 0.745544 0.982354 0.999055 0.99995 0.999997
 0.745544 0.982354 0.999055 0.99995 0.999997
 0.745544 0.982354 0.999055 0.99995 0.999997
 0.745544 0.982354 0.999055 0.99995 0.999997
 0.745544 0.982354 0.999055 0.99995 0.999997
 0.745544 0.982354 0.999055 0.99995 0.999997
 0.745544 0.982354 0.999055 0.99995 0.999997
 0.745544 0.982354 0.999055 0.99995 0.999997
 0.745544 0.982354 0.999055 0.99995 0.999997
 0.745544 0.982354 0.999055 0.99995 0.999997
 0.745544 0.982354 0.999055 0.99995 0.999997
 0.745544 0.982354 0.999055 0.99995 0.999997
 0.745544 0.982354 0.999055 0.99995 0.999997
 0.745544 0.982354 0.999055 0.99995 0.999997
 0.745544 0.982354 0.999055 0.99995 0.999997
 0.745544 0.982354 0.999055 0.99995 0.999997
 0.745544 0.982354 0.999055 0.99995 0.999997
 0.745544 0.982354 0.999055 0.99995 0.999997
 0.745544 0.982354 0.999055 0.99995 0.999997
 0.745544 0.982354 0.999055 0.99995 0.999997
 0.745544 0.982354 0.999055 0.99995 0.999997
 0.745544 0.982354 0.999055 0.99995 0.999997
 0.745544 0.982354 0.999055 0.99995 0.999997
 0.745544 0.982354 0.999055 0.99995 0.999997
 0.745544 0.982354 0.999055 0.99995 0.999997
 0.745544 0.982354 0.999055 0.99995 0.999997
 0.745544 0.982354 0.999055 0.99995 0.999997
 0.745544 0.982354 0.999055 0.99995 0.999997
 0.745544 0.982354 0.999055 0.99995 0.999997
 0.745544 0.982354 0.999055 0.99995 0.999997
 0.745544 0.982354 0.999055 0.99995 0.999997
Sel_reclas
 1 1 1 1 1
 1 1 1 1 1
 1 1 1 1 1
 1 1 1 1 1
 1 1 1 1 1
 1 1 1 1 1
 1 1 1 1 1
 1 1 1 1 1
 1 1 1 1 1
 1 1 1 1 1
 1 1 1 1 1
 1 1 1 1 1
 1 1 1 1 1
 1 1 1 1 1
 1 1 1 1 1
 1 1 1 1 1
 1 1 1 1 1
 1 1 1 1 1
 1 1 1 1 1
 1 1 1 1 1
 1 1 1 1 1
 1 1 1 1 1
 1 1 1 1 1
 1 1 1 1 1
 1 1 1 1 1
 1 1 1 1 1
 1 1 1 1 1
 1 1 1 1 1
 1 1 1 1 1
 1 1 1 1 1
 1 1 1 1 1
Sel_pelaces
 1 1 1 1 1
 1 1 1 1 1
 1 1 1 1 1
 1 1 1 1 1
 1 1 1 1 1
 1 1 1 1 1
 1 1 1 1 1
 1 1 1 1 1
 1 1 1 1 1
 1 1 1 1 1
 1 1 1 1 1
 1 1 1 1 1
 1 1 1 1 1
 1 1 1 1 1
 1 1 1 1 1
 1 1 1 1 1
 1 1 1 1 1
 1 1 1 1 1
 1 1 1 1 1
 1 1 1 1 1
 1 1 1 1 1
 1 1 1 1 1
 1 1 1 1 1
 1 1 1 1 1
 1 1 1 1 1
 1 1 1 1 1
 1 1 1 1 1
 1 1 1 1 1
 1 1 1 1 1
 1 1 1 1 1
 1 1 1 1 1
pf_obs 
 0.8446 0.082 0.0669 0.0065 0
 0.8095 0.147 0.0364 0.0071 0
 0.9664 0.0169 0.016 0.0007 0
 0.9276 0.0648 0.0075 0.0001 0
 0.7033 0.2144 0.0806 0.0017 0
 0.9318 0.0425 0.0243 0.0014 0
 0.5671 0.3108 0.0964 0.0239 0.0018
 0.0768 0.2599 0.5324 0.112 0.0189
 0.490249 0.384438 0.106611 0.0170017 0.00170017
 0.7925 0.1577 0.0466 0.003 0.0002
 0.840416 0.127587 0.0312969 0.00059994 9.999e-05
 0.8084 0.0986 0.0794 0.0134 0.0002
 0.7335 0.1905 0.0724 0.0035 0.0001
 0.4001 0.4547 0.1325 0.0127 0
 0.49795 0.308269 0.164784 0.0264974 0.00249975
 0.9179 0.0499 0.0305 0.0017 0
 0.2467 0.6533 0.0926 0.0074 0
 0.9418 0.0223 0.034 0.0019 0
 0.707729 0.231977 0.0356964 0.0245975 0
 0.517169 0.277429 0.184464 0.0207286 0.00020938
 0.811772 0.124168 0.05621 0.00726502 0.000585176
 0.764997 0.148141 0.077277 0.00933861 0.000247198
 0.163321 0.427699 0.378323 0.0303852 0.000271297
 0.753843 0.0900009 0.118128 0.0371064 0.000921714
 0.721811 0.176058 0.0630433 0.0369309 0.00215725
 0.143369 0.312575 0.442814 0.0836902 0.0175525
 0.692698 0.0596174 0.167031 0.0765114 0.00414204
 0.394062 0.376323 0.152708 0.0712218 0.00568511
 0.125707 0.32114 0.495352 0.0537591 0.00404204
 0.23352 0.215282 0.420074 0.123614 0.00750983
 0.796117 0.104755 0.0508955 0.0450114 0.00322123
pf_pred 
 0.460552 0.129792 0.385485 0.0241701 8.40739e-07
 0.41666 0.311975 0.0661756 0.193094 0.0120961
 0.569746 0.212621 0.117468 0.0244452 0.0757196
 0.736554 0.169767 0.0467522 0.0253408 0.0215853
 0.651013 0.277708 0.0462774 0.0124846 0.012517
 0.745688 0.181256 0.0583457 0.00955383 0.00515656
 0.466728 0.42644 0.0765605 0.0241804 0.00609019
 0.451124 0.305122 0.195815 0.0343676 0.0135717
 0.535836 0.242257 0.124307 0.0784196 0.0191809
 0.708616 0.17969 0.0588762 0.0296012 0.0232162
 0.820465 0.139197 0.0250885 0.00804301 0.00720677
 0.738499 0.224534 0.0287751 0.00509674 0.00309505
 0.684994 0.251883 0.0543678 0.00681686 0.00193834
 0.631973 0.277504 0.0726962 0.0153563 0.00247006
 0.743363 0.184659 0.0546171 0.0139458 0.00341506
 0.936508 0.0511577 0.00893169 0.00258278 0.000819979
 0.376963 0.594279 0.0232675 0.00397713 0.00151346
 0.903309 0.0436475 0.0506403 0.00194479 0.000458446
 0.585808 0.384229 0.0136689 0.0155563 0.000737489
 0.608385 0.259376 0.122859 0.00428141 0.00509796
 0.735346 0.180693 0.0559889 0.0259902 0.00198196
 0.744266 0.202424 0.0366234 0.0111315 0.00555561
 0.317031 0.54677 0.108263 0.019198 0.00873787
 0.737488 0.100939 0.129828 0.0252386 0.00650601
 0.623815 0.297725 0.0305093 0.0385374 0.00941372
 0.428165 0.394403 0.140969 0.0141869 0.0222758
 0.726921 0.136526 0.0947032 0.0332558 0.00859352
 0.682729 0.248111 0.0348948 0.0237714 0.0104944
 0.343305 0.487099 0.133151 0.0183968 0.0180478
 0.419992 0.238258 0.254656 0.068393 0.0187017
 0.826523 0.085968 0.0363432 0.0381355 0.0130298
pobs_RECLAS
 0 0 0 0 0
 0 0 0 0 0
 0 0 0 0 0
 0 0 0 0 0
 0 0 0 0 0
 0 0 0 0 0
 0 0 0 0 0
 0 0 0 0 0
 0 0 0 0 0
 0 0 0 0 0
 0.991045 0.00858322 0.000360255 1.14367e-05 0
 0.934742 0.0480273 0.0164251 0.00080598 0
 0.827803 0.169806 0.00239088 0 0
 0.941827 0.0461693 0.0120037 0 0
 0.791401 0.0380133 0.147996 0.0225897 0
 0.846168 0.0940531 0.0597789 0 0
 0.134021 0.677848 0.182769 0.00536245 0
 0.80878 0.0450904 0.141981 0.00414843 0
 0.846168 0.0940531 0.0597789 0 0
 0.905697 0.0802665 0.012482 0.00150086 5.37128e-05
 0.989698 0.0102097 9.19794e-05 0 0
 0.975433 0.0193895 0.00387452 0.00125025 5.28907e-05
 0.303575 0.632131 0.0575291 0.00676475 0
 0.966965 0.00978017 0.0227588 0.000495775 0
 0.843318 0.132988 0.00938335 0.0141283 0.000182051
 0.564624 0.303363 0.111486 0.0197234 0.00080311
 0.826376 0.0876187 0.0782897 0.00655872 0.00115652
 0.89761 0.0855135 0.0140674 0.00269457 0.000114338
 0.34875 0.467042 0.161289 0.0227151 0.000203297
 0.318654 0.224769 0.449479 0.00709798 0
 0.937255 0.0296025 0.0250945 0.00804832 0
ppred_RECLAS
 0.533542 0.113701 0.331962 0.0207952 7.23313e-07
 0.48876 0.275714 0.0574758 0.167554 0.0104957
 0.639397 0.179808 0.097628 0.0202977 0.0628697
 0.789543 0.136496 0.0369295 0.0199978 0.0170333
 0.712199 0.229829 0.03765 0.0101479 0.0101737
 0.7963 0.145912 0.0461607 0.00755163 0.0040757
 0.541116 0.368309 0.0649291 0.020487 0.00515968
 0.522364 0.267545 0.168803 0.0295999 0.0116884
 0.607955 0.206382 0.104047 0.0655771 0.0160389
 0.766247 0.145169 0.0467162 0.0234651 0.0184027
 0.858393 0.110218 0.0195294 0.00625518 0.00560455
 0.791168 0.179769 0.0226274 0.00400401 0.00243135
 0.744672 0.204898 0.0434417 0.00544172 0.00154725
 0.700579 0.226835 0.0583038 0.0123036 0.00197893
 0.796139 0.147439 0.042823 0.0109238 0.00267489
 0.951848 0.0389337 0.00667724 0.00192903 0.000612396
 0.445715 0.529126 0.0203587 0.00347671 0.00132296
 0.926047 0.033703 0.0384278 0.00147442 0.000347548
 0.653728 0.321643 0.0112415 0.0127817 0.000605921
 0.675399 0.216272 0.100653 0.00350428 0.00417241
 0.787675 0.145778 0.0443905 0.0205871 0.00156985
 0.795426 0.162529 0.0288925 0.00877355 0.00437856
 0.381599 0.496791 0.0966849 0.0171291 0.00779587
 0.789867 0.0816647 0.103246 0.0200528 0.00516896
 0.687824 0.247976 0.0249781 0.031522 0.00769965
 0.498874 0.347485 0.122091 0.0122759 0.0192742
 0.780448 0.110725 0.0754962 0.0264869 0.00684407
 0.740754 0.203508 0.0281354 0.0191492 0.00845341
 0.40981 0.43972 0.11816 0.0163107 0.0160005
 0.492194 0.210752 0.221403 0.0594078 0.016244
 0.864359 0.0678232 0.0281809 0.0295435 0.0100937
pobs_PELACES
 0 0 0 0 0
 0 0 0 0 0
 0 0 0 0 0
 0 0 0 0 0
 0 0 0 0 0
 0 0 0 0 0
 0 0 0 0 0
 0 0 0 0 0
 0 0 0 0 0
 0 0 0 0 0
 0 0 0 0 0
 0 0 0 0 0
 0 0 0 0 0
 0 0 0 0 0
 0 0 0 0 0
 0 0 0 0 0
 0.505614 0.472636 0.0217494 0 0
 0 0 0 0 0
 0.443492 0.261883 0.143347 0.151278 0
 0.227955 0.32914 0.350689 0.0885471 0.00366901
 0.970185 0.0296113 0.000203453 0 0
 0.997202 0.00247181 0.000326279 0 0
 0.445219 0.490057 0.0546422 0.010081 0
 0.90214 0.0892962 0.00764917 0.000914606 0
 0 0 0 0 0
 0.581667 0.319106 0.0959925 0.00289975 0.000334073
 0.762889 0.0836404 0.116647 0.0363945 0.000428098
 0.88444 0.0763242 0.0277011 0.0115352 0
 0.521256 0.241999 0.230069 0.00667565 0
 0.616807 0.101726 0.260614 0.0208532 0
 0.833518 0.0704572 0.0857862 0.0102388 0
ppred_PELACES
 0.536916 0.112956 0.329488 0.0206393 7.17886e-07
 0.494857 0.272644 0.0567412 0.165398 0.0103605
 0.644888 0.177218 0.0960654 0.0199711 0.0618578
 0.795399 0.132816 0.0358457 0.0194084 0.0165311
 0.714595 0.227955 0.0373124 0.0100565 0.010082
 0.79992 0.143383 0.0452903 0.00740862 0.0039985
 0.553548 0.358581 0.062994 0.0198726 0.00500491
 0.524464 0.266437 0.168007 0.0294594 0.0116329
 0.615864 0.202441 0.101829 0.0641712 0.015695
 0.77415 0.140429 0.0450522 0.0226256 0.0177442
 0.859638 0.109267 0.0193471 0.00619653 0.00555199
 0.798232 0.173762 0.0218052 0.0038579 0.00234261
 0.752334 0.198861 0.0420426 0.00526566 0.00149718
 0.714953 0.2162 0.055303 0.0116674 0.00187657
 0.803962 0.141916 0.0410794 0.0104771 0.00256549
 0.95361 0.0375283 0.0064187 0.00185407 0.000588595
 0.4519 0.523265 0.0200979 0.00343183 0.00130588
 0.927756 0.0329549 0.0375104 0.00143909 0.000339218
 0.661531 0.31445 0.0109634 0.0124639 0.000590853
 0.682421 0.21175 0.0983303 0.00342301 0.00407562
 0.791818 0.143011 0.0434733 0.0201599 0.00153727
 0.800473 0.158591 0.0281312 0.00854137 0.00426266
 0.385965 0.493409 0.0959036 0.0169895 0.00773232
 0.79264 0.0806437 0.10184 0.0197784 0.00509822
 0.691319 0.245259 0.0246764 0.0311393 0.00760616
 0.502181 0.34529 0.121209 0.0121866 0.019134
 0.783291 0.109354 0.0744766 0.0261276 0.0067512
 0.74342 0.201458 0.027825 0.018937 0.0083597
 0.412929 0.437496 0.117457 0.016213 0.0159046
 0.496996 0.20892 0.219193 0.0588108 0.0160807
 0.866762 0.0666699 0.0276628 0.0289982 0.00990732
pobs_pel_tallas
 0 0 0 0 0 0 0 0 0 0 0 0 0 0 0 0 0 0 0 0 0 0 0 0 0 0
 0 0 0 0 0 0 0 0 0 0 0 0 0 0 0 0 0 0 0 0 0 0 0 0 0 0
 0 0 0 0 0 0 0 0 0 0 0 0 0 0 0 0 0 0 0 0 0 0 0 0 0 0
 0 0 0 0 0 0 0 0 0 0 0 0 0 0 0 0 0 0 0 0 0 0 0 0 0 0
 0 0 0 0 0 0 0 0 0 0 0 0 0 0 0 0 0 0 0 0 0 0 0 0 0 0
 0 0 0 0 0 0 0 0 0 0 0 0 0 0 0 0 0 0 0 0 0 0 0 0 0 0
 0 0 0 0 0 0 0 0 0 0 0 0 0 0 0 0 0 0 0 0 0 0 0 0 0 0
 0 0 0 0 0 0 0 0 0 0 0 0 0 0 0 0 0 0 0 0 0 0 0 0 0 0
 0 0 0 0 0 0 0 0 0 0 0 0 0 0 0 0 0 0 0 0 0 0 0 0 0 0
 0 0 0 0 0 0 0 0 0 0 0 0 0 0 0 0 0 0 0 0 0 0 0 0 0 0
 0 0 0 0 0 0 0 0 0 0 0 0 0 0 0 0 0 0 0 0 0 0 0 0 0 0
 0 0 0 0 0 0 0 0 0 0 0 0 0 0 0 0 0 0 0 0 0 0 0 0 0 0
 0.00862536 0 0 0.000197151 0.00414017 0.0128641 0.00837892 0.0270097 0.101434 0.158115 0.152841 0.127902 0.109271 0.109419 0.0830992 0.0579132 0.0238553 0.00714673 0.00463305 0.00128148 0.00103504 0.000492878 0.000147863 0.000147863 4.92878e-05 0
 0 0 0 0 0 0 0 0 0 0 0 0 0 0 0 0 0 0 0 0 0 0 0 0 0 0
 0 0 0 0 0 0 0 0.0054083 0.00873648 0.0413646 0.0450493 0.0745869 0.0622846 0.0627006 0.0613931 0.0827291 0.12552 0.122667 0.0946155 0.0697135 0.0546179 0.0294188 0.0215738 0.0213955 0.0102223 0.00600262
 0 0 0 0 0.00359764 0.0251062 0.0480494 0.140153 0.205849 0.193036 0.1447 0.116669 0.0760912 0.0342217 0.00950174 0.001854 0.000860785 0 0 0 0.000165536 0 0.000143464 0 0 0
 0 0 0 0 0 0 0 0.000145254 0.000435761 0.0275982 0.070085 0.0708112 0.156366 0.174668 0.174014 0.160142 0.0824315 0.0480064 0.0283245 0.00493863 0.00203355 0 0 0 0 0
 0 0 0 0 0 0 0 0 0 0 0 0 0 0 0 0 0 0 0 0 0 0 0 0 0 0
 0 0 1.00437e-05 0.000401748 0.00122533 0.00171747 0.00176769 0.0269171 0.070346 0.194647 0.189555 0.159765 0.064822 0.0314167 0.0384472 0.0292271 0.0345202 0.0313363 0.0194345 0.0106764 0.0143323 0.0359363 0.0279516 0.0138201 0.00172751 0
 0 0.0021121 0.0136068 0.0755702 0.200478 0.177729 0.0527432 0.0373336 0.0318909 0.0142505 0.0149659 0.0166563 0.0217959 0.0798694 0.0677717 0.0528807 0.04013 0.0224614 0.0357745 0.0225083 0.00881397 0.00855152 0.00135912 0.000746735 0 0
 0 0 0 0 5.4009e-05 0.00500934 0.000945158 0.0243581 0.138947 0.33067 0.221406 0.137944 0.0707744 0.0437923 0.0131692 0.00525238 0.0047753 0.00276346 9.45158e-05 9.00151e-06 2.25038e-05 9.00151e-06 4.50075e-06 0 0 0
 0.000866109 0.00284123 0.00948549 0.0512746 0.133035 0.25785 0.225252 0.132002 0.0553304 0.0519788 0.0540692 0.017754 0.00435017 0.00159236 0.00146478 0.000404838 0.000125132 0.000115318 0.000107957 0.000100596 0 0 0 0 0 0
 0 0 0 0 0.00144013 0.00171154 0.00461396 0.0210425 0.0478622 0.0707936 0.0888783 0.103762 0.0637923 0.0337046 0.0602308 0.124433 0.169614 0.0934646 0.0462172 0.0250306 0.0313229 0.00938855 0.002487 0.000210481 0 0
 0 0.00764035 0.051015 0.0998891 0.058973 0.0496711 0.0374665 0.0718981 0.12319 0.153886 0.159021 0.0857701 0.0377988 0.023471 0.0147837 0.00900784 0.00315554 0.000888139 0.00291439 0.00214683 0.00393193 0.00274676 0.000635225 9.99891e-05 0 0
 0 0 0 0 0 0 0 0 0 0 0 0 0 0 0 0 0 0 0 0 0 0 0 0 0 0
 0 0 0 0 0 0 0 0 0 0 0 0 0 0 0 0 0 0 0 0 0 0 0 0 0 0
 0 0 0 0 0 0 0 0 0 0 0 0 0 0 0 0 0 0 0 0 0 0 0 0 0 0
 0 0 0 0 0 0 0 0 0 0 0 0 0 0 0 0 0 0 0 0 0 0 0 0 0 0
 0 0 0 0 0 0 0 0 0 0 0 0 0 0 0 0 0 0 0 0 0 0 0 0 0 0
 0 0 0 0 0 0 0 0 0 0 0 0 0 0 0 0 0 0 0 0 0 0 0 0 0 0
 0 0 0 0 0 0 0 0 0 0 0 0 0 0 0 0 0 0 0 0 0 0 0 0 0 0
ppred_pel_tallas
 1.11608e-16 4.42251e-05 0.000429884 0.00285673 0.0129863 0.0404052 0.086088 0.12565 0.125662 0.0861438 0.040594 0.0135379 0.00426494 0.0035816 0.00625673 0.0108638 0.0170161 0.0242446 0.0319932 0.0398346 0.0474188 0.0541242 0.0588129 0.0601042 0.0570946 0.0499918
 1.20048e-16 4.07608e-05 0.000396209 0.00263295 0.011969 0.0372402 0.0793452 0.115812 0.115839 0.0794741 0.0376732 0.0132208 0.00578021 0.00728419 0.0131766 0.0218708 0.0318841 0.0409671 0.0469295 0.048954 0.0481475 0.0467517 0.046599 0.0480043 0.0497934 0.0502144
 1.15289e-16 5.31186e-05 0.000516332 0.00343121 0.0155978 0.0485306 0.1034 0.150919 0.150936 0.103484 0.0488135 0.0164166 0.00549286 0.00503841 0.00870539 0.0144784 0.0212602 0.0276171 0.0321401 0.0342424 0.0344982 0.0341621 0.0342559 0.0349514 0.0356331 0.0354255
 1.05813e-16 6.5516e-05 0.000636839 0.00423202 0.0192381 0.0598571 0.127532 0.18614 0.186153 0.127595 0.0600678 0.0198474 0.00576303 0.0039852 0.00644315 0.010598 0.0153814 0.0196074 0.0221236 0.0224292 0.0209722 0.0188205 0.0169682 0.0158228 0.0151775 0.014543
 1.0385e-16 5.88603e-05 0.000572143 0.00380209 0.0172838 0.0537763 0.114577 0.167233 0.167255 0.114684 0.054137 0.0183257 0.00641802 0.00628457 0.0109133 0.0179637 0.025908 0.0326596 0.0361346 0.0353808 0.0311407 0.0253334 0.0198854 0.0158218 0.013145 0.0113058
 1.02764e-16 6.58884e-05 0.000640458 0.00425607 0.0193475 0.0601973 0.128257 0.187198 0.187212 0.128325 0.0604249 0.0200053 0.00590923 0.00425575 0.00695084 0.0114362 0.0165829 0.0210939 0.0236868 0.0237611 0.0217284 0.018682 0.0156867 0.0132613 0.0113566 0.00967864
 1.0475e-16 4.55951e-05 0.0004432 0.00294522 0.0133886 0.041657 0.088756 0.129549 0.129584 0.088925 0.0422245 0.015028 0.00706149 0.00943276 0.0171294 0.0282753 0.0407961 0.0514489 0.0569539 0.0557977 0.0491179 0.0398918 0.0311117 0.024376 0.0197169 0.0163441
 1.0984e-16 4.31995e-05 0.000419914 0.00279048 0.0126851 0.0394683 0.0840923 0.122741 0.122766 0.0842189 0.039894 0.0139174 0.00589397 0.00722869 0.0130737 0.0218049 0.032014 0.0415307 0.048136 0.0507632 0.0500166 0.0475142 0.0446415 0.0417726 0.0384501 0.0341232
 1.12082e-16 5.07279e-05 0.000493094 0.00327678 0.0148958 0.0463464 0.0987467 0.144128 0.144147 0.0988427 0.0466694 0.0158305 0.00562991 0.00565314 0.00991961 0.0165026 0.0242067 0.0313841 0.0363994 0.038544 0.0384233 0.0374122 0.0366267 0.0362504 0.0356446 0.0339761
 1.06608e-16 6.37657e-05 0.000619825 0.00411896 0.0187242 0.058258 0.124125 0.181167 0.181181 0.124192 0.0584811 0.0193692 0.00574049 0.00416805 0.00682771 0.0112542 0.0163688 0.0209377 0.0237578 0.024305 0.0230406 0.0210582 0.0193562 0.0183113 0.0176685 0.0169052
 1.02148e-16 7.08072e-05 0.000688272 0.00457381 0.0207919 0.0646913 0.137832 0.201172 0.201183 0.137883 0.0648642 0.0212915 0.0058284 0.00342845 0.00527907 0.00862651 0.0124471 0.0157118 0.0174252 0.0171352 0.0151984 0.0125288 0.0100366 0.00819479 0.00698572 0.0061322
 1.01458e-16 6.57494e-05 0.000639107 0.00424709 0.0193067 0.0600704 0.127987 0.186804 0.186821 0.128069 0.060345 0.0201 0.00623812 0.00498473 0.00831651 0.0136385 0.0196255 0.0246476 0.0270893 0.0262039 0.0225535 0.0176242 0.0129383 0.0093535 0.0069523 0.00537964
 1.02046e-16 6.19688e-05 0.000602359 0.00400289 0.0181965 0.0566163 0.120628 0.176064 0.176083 0.120722 0.0569312 0.0191063 0.0062876 0.00559317 0.00954988 0.0157142 0.0226869 0.0286441 0.0317624 0.0311876 0.0275214 0.0223764 0.0173799 0.0134125 0.0105249 0.00834531
 1.03139e-16 5.88898e-05 0.00057243 0.003804 0.0172924 0.0538033 0.114634 0.167317 0.167338 0.114736 0.054146 0.0182828 0.00629191 0.00600992 0.0104043 0.0171559 0.0248216 0.0314505 0.0350863 0.0348143 0.0312764 0.0261785 0.0212112 0.0172423 0.0142552 0.0118166
 1.02707e-16 6.62213e-05 0.000643695 0.00427758 0.0194453 0.0605015 0.128905 0.188144 0.188158 0.128972 0.0607267 0.020096 0.00591271 0.00421882 0.00687262 0.0113005 0.0163744 0.0208054 0.0233223 0.023334 0.0212584 0.0181939 0.0152114 0.0128331 0.0110056 0.00942028
 1.00481e-16 7.85476e-05 0.000763511 0.0050738 0.0230648 0.071763 0.152899 0.223161 0.223165 0.152917 0.0718224 0.0232363 0.00550452 0.00170411 0.00186589 0.00296295 0.00426669 0.00537819 0.00594919 0.00582072 0.00511202 0.00413569 0.00320661 0.00249413 0.00200335 0.00165235
 1.01279e-16 3.72225e-05 0.000361816 0.0024044 0.0109301 0.0340078 0.072459 0.105767 0.105817 0.072705 0.0348334 0.0133135 0.00838284 0.0133984 0.0247535 0.0407518 0.0584383 0.0729342 0.0792922 0.0752308 0.062522 0.0458593 0.0301486 0.0183019 0.0107866 0.00656398
 1.01293e-16 7.64181e-05 0.000742811 0.00493624 0.0224394 0.0698174 0.148753 0.217111 0.217114 0.148769 0.0698706 0.0225937 0.0053258 0.00160124 0.00173015 0.00280017 0.00416734 0.00553256 0.00663566 0.00733858 0.00767036 0.0077448 0.00762851 0.00728552 0.00663894 0.00567629
 1.01747e-16 5.44895e-05 0.000529658 0.00351976 0.0160004 0.0497832 0.106069 0.154818 0.154848 0.106217 0.0502794 0.0174328 0.00711301 0.00836562 0.0149127 0.0245058 0.035153 0.0439083 0.0478142 0.045521 0.0381128 0.028416 0.0193595 0.0126432 0.0084735 0.00614933
 1.03925e-16 5.62101e-05 0.000546382 0.0036309 0.0165056 0.0513551 0.109418 0.159703 0.159724 0.109518 0.0516921 0.0174804 0.00608273 0.00591517 0.0103005 0.0170642 0.024864 0.031862 0.0361959 0.0369612 0.0346753 0.0307902 0.0266907 0.0230058 0.0196488 0.016313
 1.03574e-16 6.5221e-05 0.000633972 0.00421297 0.0191515 0.0595876 0.126958 0.185302 0.185316 0.127026 0.0598146 0.0198078 0.00586229 0.00424138 0.00693682 0.0114189 0.0165714 0.0211122 0.0237793 0.0239951 0.0221891 0.0194565 0.0168382 0.0147985 0.0132127 0.0117118
 1.02431e-16 6.5934e-05 0.000640902 0.00425902 0.0193609 0.060239 0.128346 0.187328 0.187343 0.128421 0.06049 0.020086 0.00607973 0.00461731 0.00762319 0.0125125 0.0180521 0.0227736 0.0252269 0.0247468 0.0218403 0.0178268 0.0140283 0.0111454 0.00917998 0.0077669
 1.05907e-16 3.17915e-05 0.000309025 0.00205358 0.00933532 0.0290459 0.0618871 0.090336 0.0903836 0.0621197 0.029827 0.0115919 0.00771997 0.0126853 0.0235558 0.0389421 0.0562103 0.0709267 0.0785761 0.0770566 0.0678969 0.0551486 0.0428942 0.0333341 0.0265606 0.0215717
 1.05806e-16 6.52887e-05 0.000634629 0.00421734 0.0191714 0.0596494 0.12709 0.185493 0.185501 0.127128 0.05978 0.0195505 0.00517595 0.00275088 0.00415378 0.00694513 0.0104228 0.0139961 0.0170882 0.0194062 0.0210349 0.0222112 0.0229901 0.0231221 0.0222424 0.0201805
 1.05185e-16 5.69431e-05 0.000553507 0.00367825 0.0167208 0.0520248 0.110845 0.161787 0.16181 0.110961 0.0524125 0.0178406 0.00648896 0.00668901 0.011709 0.0192681 0.0277579 0.034934 0.0385644 0.0376591 0.0330786 0.0269608 0.0214289 0.0175741 0.0153075 0.0138896
 1.08047e-16 4.13641e-05 0.000402073 0.00267192 0.0121462 0.0377915 0.0805199 0.117528 0.117562 0.0806832 0.0383399 0.0137317 0.00665732 0.0091207 0.0166538 0.0276083 0.0400977 0.0511165 0.0576069 0.0581336 0.053674 0.0468164 0.0400595 0.0345831 0.0302184 0.0262364
 1.0594e-16 6.45187e-05 0.000627144 0.0041676 0.0189453 0.0589459 0.125591 0.183306 0.183316 0.125643 0.0591209 0.0194521 0.00544474 0.00343163 0.00543938 0.00901834 0.013287 0.0173477 0.0203244 0.0218139 0.022079 0.0217607 0.0213553 0.0209004 0.0200754 0.0185428
 1.04169e-16 6.12346e-05 0.000595222 0.00395546 0.017981 0.0559456 0.119199 0.173978 0.173997 0.119294 0.0562642 0.0189015 0.00626639 0.00564116 0.00964812 0.0158642 0.0228753 0.0288334 0.0319066 0.0312728 0.0276156 0.0226565 0.0181063 0.0148476 0.0128237 0.0114709
 1.07819e-16 3.40125e-05 0.000330614 0.00219705 0.00998748 0.031075 0.0662101 0.0966444 0.0966867 0.0664166 0.0317687 0.0119922 0.00723346 0.0113394 0.0209835 0.0347454 0.0503042 0.0637935 0.0712741 0.0709079 0.0639986 0.0539921 0.0442912 0.036623 0.030917 0.0262536
 1.14999e-16 4.09369e-05 0.000397921 0.00264433 0.0120207 0.0374011 0.0796878 0.116311 0.116331 0.0797879 0.0377381 0.012998 0.00511271 0.00583747 0.010522 0.0177248 0.026456 0.0352205 0.0424845 0.0475094 0.0506392 0.052718 0.0541634 0.0545393 0.0529425 0.0487712
 1.05401e-16 7.1394e-05 0.000693975 0.00461171 0.0209642 0.0652274 0.138974 0.202838 0.202844 0.139006 0.0653336 0.0212716 0.00538556 0.00239038 0.00331454 0.00542435 0.00794752 0.0103025 0.0119613 0.0127173 0.0128086 0.0127266 0.0128573 0.0132376 0.0135827 0.0135079
pSPR Fmed_Fpbrs
0.591823   0.6 0.325
Fs Fmed_Fpbrs
0.297932   0.289393 0.711219
SSBpbr Bo_Bmed_Bpbrs
1.67988e+06  910199  923936 461968
Ro
156737
SPR SPRFo_SPRFmed_SPRFpbrs
1.11873e+06 662087 363586
Fref
0.289393
Nvult_r0
 186339 15455.6 6446.54 6759.62 2309.48
CTP_r0
 29765.3 3095.93 1308.82 1373.36 469.237
YTP_r0
391299
Np
 211855 62811.9 22552.7 1708.72 903.381
Nvult_p0
 149043 45422.6 16339.1 1238.07 654.555
CTP_p0
 26450 13040.1 1007.73 418.158 563.308
 26450 10054.6 3664.49 277.863 146.909
YTP_p0
 457095 453557
CBA_c0
456034
log_Ro
11.7823
likeval ReclasPelacesDesembMPH_pf_preclas_ppelaces_ptallas_desvR_qrecl_qpela
 13.4822 17.1478 0.053368 0.000816155 240.366 117.936 98.6554 0 23.7071 2.44758e-07 3.86211e-06 0.272125 7.60798e-16 0 0
q_reclas_q_pelaces
1.07262 1.32259
M
1
N
 183168 39803.1 116370 7290.34 0.253578
 101932 59594.1 12454.4 36312.2 2274.63
 102811 29939.9 16296.2 3388.58 10495.8
 166574 30353.1 8242.65 4464.4 3802.62
 133976 43997.8 7216.5 1945.21 1950.17
 233013 44145 13998.7 2290.39 1236.16
 94705.6 69479.6 12313.5 3886.36 978.801
 41905.1 21730.2 13722.2 2406.33 950.217
 40008.4 14260.8 7214.31 4547.77 1112.31
 53495.8 10825 3499.74 1758.32 1379
 99705.5 13000 2305.95 738.627 661.801
 137355 33304.6 4211.28 745.386 452.627
 114794 33566.4 7147.21 895.502 254.622
 80184.6 28794.3 7455.29 1573.88 253.15
 77179 15370.4 4487.18 1144.96 280.368
 414297 17967.2 3094.16 894.089 283.844
 85530.7 105444 4067.9 694.784 264.383
 656983 24807 28358.2 1088.21 256.514
 369780 191694 6724.5 7647.31 362.529
 291501 97901 45716.6 1591.93 1895.47
 413579 79425.5 24248.9 11247.6 857.679
 563015 120546 21500 6529.88 3258.85
 115305 154310 30090.2 5331.47 2426.49
 336559 35655.4 45155.6 8771.05 2260.91
 287480 106200 10715.7 13524.3 3303.51
 127701 90710.8 31915.8 3209.29 5038.89
 285608 41520.7 28359.1 9950.34 2571.12
 321247 90110.2 12476.2 8492.09 3748.84
 94795.4 103683 27898.9 3851.43 3778.2
 70194.2 30907.9 32534 8730.59 2387.24
 267801 21657.5 9018.01 9455.12 3230.4
pred_Ctot
 13520 3810.16 11316.3 709.536 0.0246807
 13228.7 9905.04 2101.04 6130.63 384.044
 13065.9 4876 2693.87 560.597 1736.46
 30503.5 7030.71 1936.18 1049.46 893.927
 8915.4 3803.11 633.753 170.972 171.415
 28388.8 6900.52 2221.25 363.72 196.313
 23402.1 21382 3838.8 1212.42 305.367
 1997.73 1351.18 867.132 152.191 60.1
 6858.88 3100.97 1591.17 1003.8 245.522
 11869.9 3009.95 986.222 495.844 388.89
 5845.11 991.661 178.734 57.2996 51.3421
 30130 9160.75 1173.99 207.941 126.275
 23814.4 8756.91 1890.14 236.994 67.3881
 25577.8 11231.4 2942.23 621.516 99.9706
 18588.5 4617.58 1365.75 348.729 85.3969
 83149.5 4542.12 793.015 229.316 72.8033
 11663.9 18388.1 719.94 123.06 46.8292
 87544.4 4230.1 4907.82 188.48 44.4304
 67297.7 44140.3 1570.28 1787.1 84.7228
 48968.8 20877.1 9888.91 344.609 410.333
 55338.8 13598.1 4213.47 1955.9 149.153
 92941.8 25278.1 4573.43 1390.07 693.769
 11786.7 20328 4025.05 713.749 324.86
 30645.6 4194.44 5394.88 1048.77 270.351
 26181 12495.2 1280.45 1617.38 395.086
 9473.44 8726.43 3119.02 313.895 492.866
 26028.3 4888.49 3390.96 1190.76 307.701
 25178.5 9150.13 1286.89 876.67 387.023
 6881.22 9763.42 2668.88 368.745 361.75
 7260.91 4119.06 4402.54 1182.39 323.32
 29765.3 3095.93 1308.82 1373.36 469.237
F
 0.122848 0.161869 0.164621 0.164769 0.164776
 0.225117 0.296622 0.301665 0.301935 0.30195
 0.219994 0.289871 0.294799 0.295063 0.295077
 0.331298 0.43653 0.443951 0.444349 0.44437
 0.110181 0.145179 0.147647 0.147779 0.147786
 0.210062 0.276784 0.28149 0.281742 0.281756
 0.472071 0.622016 0.632592 0.633158 0.633188
 0.0778945 0.102636 0.104381 0.104475 0.10448
 0.307235 0.404823 0.411706 0.412074 0.412094
 0.414654 0.546363 0.555652 0.556149 0.556176
 0.0965244 0.127184 0.129346 0.129462 0.129468
 0.409046 0.538973 0.548137 0.548628 0.548654
 0.382959 0.5046 0.513179 0.513639 0.513663
 0.65189 0.858953 0.873556 0.874339 0.87438
 0.457581 0.602924 0.613175 0.613724 0.613753
 0.368401 0.485418 0.493671 0.494113 0.494137
 0.237749 0.313266 0.318592 0.318878 0.318893
 0.231756 0.305369 0.310561 0.310839 0.310854
 0.328953 0.433439 0.440808 0.441203 0.441224
 0.300225 0.395586 0.402312 0.402672 0.402691
 0.232816 0.306766 0.311981 0.312261 0.312276
 0.294341 0.387833 0.394427 0.39478 0.394799
 0.173683 0.228851 0.232741 0.23295 0.232961
 0.153448 0.202188 0.205626 0.20581 0.205819
 0.153475 0.202224 0.205662 0.205846 0.205856
 0.123501 0.16273 0.165496 0.165644 0.165652
 0.153587 0.202371 0.205812 0.205996 0.206006
 0.130875 0.172445 0.175377 0.175534 0.175542
 0.12071 0.159051 0.161755 0.1619 0.161908
 0.175912 0.231788 0.235729 0.23594 0.235951
 0.190104 0.250487 0.254746 0.254974 0.254986
YTP_r0W_actual
 247052 43652.6 36123.3 46968.9 17502.5
YTP_p0W_proyectada
 198110 204338 23308.8 12281.3 19056.7
 198110 157556 84759.6 8160.84 4969.93
CTP_r0_actual
 29765.3 3095.93 1308.82 1373.36 469.237
CTP_p0_proyectada
 26450 13040.1 1007.73 418.158 563.308
 26450 10054.6 3664.49 277.863 146.909
Wmedp
 7.49 15.67 23.13 29.37 33.83
Frms_r0
 0.190104 0.250487 0.254746 0.254974 0.254986
Zrms_r0
 1.1901 1.25049 1.25475 1.25497 1.25499
nmprior
 8.19 8.8 8.5 0
nm_flota  nm_reclas  nm_pelaces    nm_pelaL
inf 12.8432 19.7605 48.3656
cv_recla  cv_pelaces  cv_mph
0.332128 0.469543 0.881641
 ------------------------------------------------
Talla a la edad & desviaci?n 
 8 13.2811 15.8009 17.003 17.5766
 0.8 1.32811 1.58009 1.7003 1.75766
