years
 1991 1992 1993 1994 1995 1996 1997 1998 1999 2000 2001 2002 2003 2004 2005 2006 2007 2008 2009 2010 2011 2012 2013 2014 2015 2016 2017 2018 2019 2020 2021
reclasobs
 0 0 0 0 0 0 0 0 0 252601 567819 844713 477998 351125 339783 2.1784e+06 2.13404e+06 4.81314e+06 1.55562e+06 2.62356e+06 3.21686e+06 3.843e+06 1.13348e+06 3.07943e+06 1.97215e+06 2.03268e+06 2.025e+06 2.42433e+06 2.27542e+06 1.05018e+06 2.36338e+06
reclaspred
 3.26393e+06 1.84328e+06 935796 945526 949278 1.47219e+06 959478 857709 627297 461587 507122 640502 634198 505072 513668 1.27984e+06 1.26407e+06 2.77444e+06 2.29709e+06 1.72243e+06 3.04564e+06 2.47504e+06 1.99085e+06 3.04534e+06 2.29639e+06 2.03558e+06 2.39419e+06 2.52319e+06 2.08499e+06 1.34117e+06 1.91403e+06
pelacesobs
 0 0 0 0 0 0 0 0 0 0 0 0 0 0 0 552880 188675 0 991730 2.46772e+06 1.41603e+06 1.21717e+06 2.29649e+06 1.80582e+06 0 1.4828e+06 1.56532e+06 1.57751e+06 1.42118e+06 867257 1.10002e+06
pelacespred
 1.82798e+06 1.15328e+06 589157 485804 503165 806304 497149 535923 383979 269279 302819 320281 347396 294532 306115 630116 622137 1.56257e+06 1.34486e+06 938528 1.59102e+06 1.41462e+06 1.12943e+06 1.88323e+06 1.37449e+06 1.2122e+06 1.62079e+06 1.68625e+06 1.14788e+06 839658 1.19762e+06
mphobs
 0 0 0 0 0 0 0 0 0 0 0 498337 0 5186 125008 0 168611 109162 213762 579715 649985 157893 87575 83554 0 0 0 0 0 0 0
mphpred
 490554 328437 165436 90351 101030 113995 149135 96948.5 85273.3 59748.1 39858.4 59420.6 63845.4 54851.9 38564.7 48414.6 147559 143341 274560 209778 225173 277060 263588 219757 303220 250744 206950 218844 302153 208451 129823
desembarqueobs
 494567 514787 250237 358949 120608 361735 552515 73892 212993 205616 52469 317467 293654 387597 252695 516296 358380 742168 942051 627588 828172 859565 418607 520667 417249 300574 415391 372974 316634 284311 391294
desembarquepred
 494574 513351 250969 358975 120613 361750 552569 73895.9 213039 205659 52471.4 317535 293709 387649 252696 516273 358404 742087 941894 627482 828242 859599 418620 520692 417252 300577 415394 372963 316631 284321 391299
Reclutas
 212046 121254 121113 213516 171011 285210 119542 55793.4 51659.3 67788.4 124222 160633 134750 94677.6 96219.1 506826 113041 778470 451006 347357 516741 693087 148788 435783 368248 166159 369056 412450 123698 92787.6 352285
log_desv_Rt
 0.0790955 -0.47982 -0.480989 0.0860042 -0.135979 0.375515 -0.494039 -1.25606 -1.33304 -1.06132 -0.45564 -0.198587 -0.374287 -0.727233 -0.711082 0.950457 -0.549961 1.37962 0.83377 0.572644 0.969831 1.26345 -0.275184 0.799436 0.631046 -0.164765 0.63324 0.744406 -0.459865 -0.747397 0.586731
SSB
 3.69078e+06 2.47106e+06 1.24469e+06 679774 760122 857667 1.12205e+06 729411 641571 449526 299883 447063 480354 412689 290149 364257 1.11019e+06 1.07846e+06 2.06571e+06 1.57831e+06 1.69413e+06 2.08452e+06 1.98316e+06 1.65338e+06 2.28134e+06 1.88652e+06 1.55703e+06 1.64652e+06 2.27331e+06 1.56832e+06 976752
BT
 4.92073e+06 3.34998e+06 1.70264e+06 1.49913e+06 1.33401e+06 2.29405e+06 1.72148e+06 1.3842e+06 1.15745e+06 862493 791584 1.05648e+06 1.12309e+06 1.12928e+06 1.00778e+06 1.97194e+06 1.81261e+06 4.50351e+06 4.22044e+06 2.87694e+06 4.59086e+06 4.28967e+06 3.14708e+06 5.12228e+06 3.77011e+06 3.25207e+06 4.41582e+06 4.5276e+06 3.08837e+06 2.34358e+06 3.32699e+06
Ftot
 0.115497 0.209355 0.203372 0.303155 0.101229 0.200612 0.433745 0.0681669 0.266037 0.346587 0.0867417 0.394317 0.367057 0.600454 0.404633 0.344242 0.220564 0.225117 0.323518 0.288255 0.21975 0.278702 0.162822 0.141805 0.143806 0.116049 0.143097 0.123258 0.115865 0.16294 0.171713
BD_Bspro_t
 0.981721 0.865511 0.722762 0.640716 0.636135 0.704705 0.694864 0.54838 0.602763 0.565266 0.535119 0.711638 0.600883 0.515947 0.414936 0.471971 0.629649 0.610401 0.695004 0.605211 0.578059 0.62478 0.640323 0.636038 0.732698 0.740875 0.747906 0.778226 0.815968 0.759162 0.700479
BD_Bspro
 2.63927 1.76705 0.890077 0.486106 0.543563 0.613317 0.802376 0.521601 0.458787 0.321456 0.214446 0.319694 0.343501 0.295114 0.207485 0.26048 0.793896 0.771203 1.47719 1.12865 1.21147 1.49064 1.41816 1.18233 1.63138 1.34905 1.11343 1.17742 1.62564 1.12151 0.698474
BD_Bo
 1.77949 1.19141 0.600121 0.327749 0.366489 0.41352 0.54099 0.351682 0.30933 0.216737 0.144587 0.215549 0.2316 0.198976 0.139894 0.175625 0.535272 0.519972 0.99597 0.760972 0.816818 1.00504 0.95617 0.79717 1.09994 0.909578 0.750714 0.793859 1.09606 0.756159 0.470936
BD_Brms
 3.23544 2.1662 1.09113 0.595908 0.666344 0.751854 0.983618 0.639422 0.562418 0.394067 0.262885 0.391908 0.421091 0.361774 0.254352 0.319318 0.973223 0.945404 1.81086 1.38359 1.48512 1.82734 1.73849 1.4494 1.99988 1.65378 1.36493 1.44338 1.99284 1.37483 0.856247
Sel_flota
 0.81629 0.988294 0.999377 0.999967 0.999998
 0.81629 0.988294 0.999377 0.999967 0.999998
 0.81629 0.988294 0.999377 0.999967 0.999998
 0.81629 0.988294 0.999377 0.999967 0.999998
 0.81629 0.988294 0.999377 0.999967 0.999998
 0.81629 0.988294 0.999377 0.999967 0.999998
 0.81629 0.988294 0.999377 0.999967 0.999998
 0.81629 0.988294 0.999377 0.999967 0.999998
 0.81629 0.988294 0.999377 0.999967 0.999998
 0.81629 0.988294 0.999377 0.999967 0.999998
 0.81629 0.988294 0.999377 0.999967 0.999998
 0.81629 0.988294 0.999377 0.999967 0.999998
 0.81629 0.988294 0.999377 0.999967 0.999998
 0.81629 0.988294 0.999377 0.999967 0.999998
 0.81629 0.988294 0.999377 0.999967 0.999998
 0.81629 0.988294 0.999377 0.999967 0.999998
 0.81629 0.988294 0.999377 0.999967 0.999998
 0.81629 0.988294 0.999377 0.999967 0.999998
 0.81629 0.988294 0.999377 0.999967 0.999998
 0.81629 0.988294 0.999377 0.999967 0.999998
 0.81629 0.988294 0.999377 0.999967 0.999998
 0.81629 0.988294 0.999377 0.999967 0.999998
 0.81629 0.988294 0.999377 0.999967 0.999998
 0.81629 0.988294 0.999377 0.999967 0.999998
 0.81629 0.988294 0.999377 0.999967 0.999998
 0.81629 0.988294 0.999377 0.999967 0.999998
 0.81629 0.988294 0.999377 0.999967 0.999998
 0.81629 0.988294 0.999377 0.999967 0.999998
 0.81629 0.988294 0.999377 0.999967 0.999998
 0.81629 0.988294 0.999377 0.999967 0.999998
 0.81629 0.988294 0.999377 0.999967 0.999998
Sel_reclas
 1 1 1 1 1
 1 1 1 1 1
 1 1 1 1 1
 1 1 1 1 1
 1 1 1 1 1
 1 1 1 1 1
 1 1 1 1 1
 1 1 1 1 1
 1 1 1 1 1
 1 1 1 1 1
 1 1 1 1 1
 1 1 1 1 1
 1 1 1 1 1
 1 1 1 1 1
 1 1 1 1 1
 1 1 1 1 1
 1 1 1 1 1
 1 1 1 1 1
 1 1 1 1 1
 1 1 1 1 1
 1 1 1 1 1
 1 1 1 1 1
 1 1 1 1 1
 1 1 1 1 1
 1 1 1 1 1
 1 1 1 1 1
 1 1 1 1 1
 1 1 1 1 1
 1 1 1 1 1
 1 1 1 1 1
 1 1 1 1 1
Sel_pelaces
 1 1 1 1 1
 1 1 1 1 1
 1 1 1 1 1
 1 1 1 1 1
 1 1 1 1 1
 1 1 1 1 1
 1 1 1 1 1
 1 1 1 1 1
 1 1 1 1 1
 1 1 1 1 1
 1 1 1 1 1
 1 1 1 1 1
 1 1 1 1 1
 1 1 1 1 1
 1 1 1 1 1
 1 1 1 1 1
 1 1 1 1 1
 1 1 1 1 1
 1 1 1 1 1
 1 1 1 1 1
 1 1 1 1 1
 1 1 1 1 1
 1 1 1 1 1
 1 1 1 1 1
 1 1 1 1 1
 1 1 1 1 1
 1 1 1 1 1
 1 1 1 1 1
 1 1 1 1 1
 1 1 1 1 1
 1 1 1 1 1
pf_obs 
 0.8446 0.082 0.0669 0.0065 0
 0.8095 0.147 0.0364 0.0071 0
 0.9664 0.0169 0.016 0.0007 0
 0.9276 0.0648 0.0075 0.0001 0
 0.7033 0.2144 0.0806 0.0017 0
 0.9318 0.0425 0.0243 0.0014 0
 0.5671 0.3108 0.0964 0.0239 0.0018
 0.0768 0.2599 0.5324 0.112 0.0189
 0.490249 0.384438 0.106611 0.0170017 0.00170017
 0.7925 0.1577 0.0466 0.003 0.0002
 0.840416 0.127587 0.0312969 0.00059994 9.999e-05
 0.8084 0.0986 0.0794 0.0134 0.0002
 0.7335 0.1905 0.0724 0.0035 0.0001
 0.4001 0.4547 0.1325 0.0127 0
 0.49795 0.308269 0.164784 0.0264974 0.00249975
 0.9179 0.0499 0.0305 0.0017 0
 0.2467 0.6533 0.0926 0.0074 0
 0.9418 0.0223 0.034 0.0019 0
 0.707729 0.231977 0.0356964 0.0245975 0
 0.517169 0.277429 0.184464 0.0207286 0.00020938
 0.811772 0.124168 0.05621 0.00726502 0.000585176
 0.764997 0.148141 0.077277 0.00933861 0.000247198
 0.163321 0.427699 0.378323 0.0303852 0.000271297
 0.753843 0.0900009 0.118128 0.0371064 0.000921714
 0.721811 0.176058 0.0630433 0.0369309 0.00215725
 0.143369 0.312575 0.442814 0.0836902 0.0175525
 0.692698 0.0596174 0.167031 0.0765114 0.00414204
 0.394062 0.376323 0.152708 0.0712218 0.00568511
 0.125707 0.32114 0.495352 0.0537591 0.00404204
 0.23352 0.215282 0.420074 0.123614 0.00750983
 0.796117 0.104755 0.0508955 0.0450114 0.00322123
pf_pred 
 0.433742 0.117865 0.424213 0.0241794 7.88433e-07
 0.409161 0.285841 0.0640595 0.227953 0.0129855
 0.554056 0.205333 0.117156 0.0259425 0.0975118
 0.742651 0.155672 0.0471282 0.0265695 0.0279794
 0.644607 0.277889 0.0471231 0.0140872 0.0162941
 0.739306 0.179265 0.0638304 0.0107028 0.00689605
 0.469955 0.411877 0.0815646 0.0286964 0.00790683
 0.441629 0.294356 0.205783 0.0402035 0.0180288
 0.522928 0.233627 0.129016 0.0892017 0.0252272
 0.683496 0.182378 0.0661095 0.0360571 0.031959
 0.800294 0.145686 0.0313029 0.0112012 0.0115161
 0.72634 0.226988 0.0341527 0.00725637 0.00526293
 0.671897 0.252238 0.0630708 0.00936408 0.0034301
 0.61415 0.277522 0.0835348 0.020614 0.00417867
 0.719913 0.188092 0.0664458 0.0197059 0.00584395
 0.927857 0.0550881 0.0115041 0.0040099 0.00154079
 0.387962 0.576093 0.0275332 0.00567586 0.00273669
 0.891604 0.0474197 0.057436 0.00271208 0.000828114
 0.592627 0.370878 0.0160751 0.0192357 0.00118486
 0.596469 0.259709 0.131091 0.00560963 0.00712121
 0.735201 0.171341 0.0604183 0.0301167 0.00292276
 0.739682 0.20141 0.0382822 0.0133369 0.00728853
 0.322704 0.527259 0.116417 0.0218535 0.0117661
 0.736177 0.0970476 0.130169 0.0284076 0.00819853
 0.624696 0.290332 0.031488 0.0417506 0.0117338
 0.434829 0.378573 0.144739 0.0155177 0.0263415
 0.728083 0.13148 0.0944266 0.0356944 0.0103165
 0.685451 0.240961 0.0357977 0.0254145 0.012376
 0.352787 0.469922 0.136185 0.0200027 0.0211032
 0.427402 0.228263 0.250797 0.0718612 0.021677
 0.824893 0.0837087 0.0366954 0.03985 0.0148533
pobs_RECLAS
 0 0 0 0 0
 0 0 0 0 0
 0 0 0 0 0
 0 0 0 0 0
 0 0 0 0 0
 0 0 0 0 0
 0 0 0 0 0
 0 0 0 0 0
 0 0 0 0 0
 0 0 0 0 0
 0.991045 0.00858322 0.000360255 1.14367e-05 0
 0.934742 0.0480273 0.0164251 0.00080598 0
 0.827803 0.169806 0.00239088 0 0
 0.941827 0.0461693 0.0120037 0 0
 0.791401 0.0380133 0.147996 0.0225897 0
 0.846168 0.0940531 0.0597789 0 0
 0.134021 0.677848 0.182769 0.00536245 0
 0.80878 0.0450904 0.141981 0.00414843 0
 0.846168 0.0940531 0.0597789 0 0
 0.905697 0.0802665 0.012482 0.00150086 5.37128e-05
 0.989698 0.0102097 9.19794e-05 0 0
 0.975433 0.0193895 0.00387452 0.00125025 5.28907e-05
 0.303575 0.632131 0.0575291 0.00676475 0
 0.966965 0.00978017 0.0227588 0.000495775 0
 0.843318 0.132988 0.00938335 0.0141283 0.000182051
 0.564624 0.303363 0.111486 0.0197234 0.00080311
 0.826376 0.0876187 0.0782897 0.00655872 0.00115652
 0.89761 0.0855135 0.0140674 0.00269457 0.000114338
 0.34875 0.467042 0.161289 0.0227151 0.000203297
 0.318654 0.224769 0.449479 0.00709798 0
 0.937255 0.0296025 0.0250945 0.00804832 0
ppred_RECLAS
 0.483841 0.108402 0.385781 0.0219757 7.16555e-07
 0.458437 0.263606 0.0584078 0.207716 0.0118324
 0.602993 0.183955 0.103771 0.0229648 0.0863167
 0.779208 0.134183 0.0401578 0.022626 0.0238258
 0.687976 0.244587 0.0410119 0.0122529 0.014172
 0.775647 0.154828 0.0545062 0.00913384 0.00588497
 0.520466 0.373612 0.0731259 0.0257115 0.00708416
 0.490757 0.269897 0.186579 0.0364301 0.0163361
 0.572871 0.210423 0.114879 0.0793789 0.0224485
 0.72561 0.158907 0.056939 0.0310364 0.027508
 0.829736 0.124593 0.0264716 0.00946678 0.00973266
 0.76437 0.195836 0.0291246 0.00618424 0.00448518
 0.71453 0.220055 0.054389 0.00807013 0.00295602
 0.661989 0.243942 0.0725509 0.0178921 0.00362679
 0.758925 0.162521 0.0567472 0.0168192 0.00498771
 0.940167 0.0458151 0.00945756 0.00329455 0.00126587
 0.43529 0.531903 0.0251332 0.00517799 0.00249655
 0.909591 0.0398057 0.0476671 0.00224944 0.00068683
 0.63944 0.328606 0.0140795 0.0168375 0.00103711
 0.64363 0.230298 0.114918 0.00491457 0.00623866
 0.77209 0.148075 0.0516226 0.0257167 0.00249568
 0.776092 0.173696 0.0326381 0.0113637 0.00620997
 0.367022 0.494006 0.107847 0.0202325 0.0108931
 0.773268 0.0840071 0.111412 0.0242996 0.00701272
 0.66944 0.256392 0.0274946 0.0364339 0.0102393
 0.483653 0.347169 0.131245 0.0140626 0.0238707
 0.765723 0.113952 0.0809191 0.0305701 0.00883522
 0.726069 0.210412 0.0309087 0.0219305 0.0106791
 0.398747 0.437913 0.125487 0.0184203 0.0194332
 0.477083 0.209899 0.228025 0.065297 0.0196963
 0.851945 0.071209 0.0308641 0.0334973 0.012485
pobs_PELACES
 0 0 0 0 0
 0 0 0 0 0
 0 0 0 0 0
 0 0 0 0 0
 0 0 0 0 0
 0 0 0 0 0
 0 0 0 0 0
 0 0 0 0 0
 0 0 0 0 0
 0 0 0 0 0
 0 0 0 0 0
 0 0 0 0 0
 0 0 0 0 0
 0 0 0 0 0
 0 0 0 0 0
 0 0 0 0 0
 0.505614 0.472636 0.0217494 0 0
 0 0 0 0 0
 0.443492 0.261883 0.143347 0.151278 0
 0.227955 0.32914 0.350689 0.0885471 0.00366901
 0.970185 0.0296113 0.000203453 0 0
 0.997202 0.00247181 0.000326279 0 0
 0.445219 0.490057 0.0546422 0.010081 0
 0.90214 0.0892962 0.00764917 0.000914606 0
 0 0 0 0 0
 0.581667 0.319106 0.0959925 0.00289975 0.000334073
 0.762889 0.0836404 0.116647 0.0363945 0.000428098
 0.88444 0.0763242 0.0277011 0.0115352 0
 0.521256 0.241999 0.230069 0.00667565 0
 0.616807 0.101726 0.260614 0.0208532 0
 0.833518 0.0704572 0.0857862 0.0102388 0
ppred_PELACES
 0.485562 0.108076 0.384461 0.0219 7.14086e-07
 0.461491 0.262227 0.0580578 0.206463 0.0117609
 0.605851 0.182705 0.10299 0.022791 0.0856631
 0.78223 0.132405 0.0395819 0.0223002 0.0234827
 0.689226 0.243627 0.0408358 0.0122001 0.0141109
 0.777662 0.153473 0.0539895 0.00904689 0.00582893
 0.526696 0.36889 0.0720871 0.0253442 0.0069829
 0.491754 0.269401 0.18619 0.0363535 0.0163018
 0.576685 0.20865 0.1138 0.0786293 0.0222364
 0.729617 0.156672 0.056067 0.030559 0.0270848
 0.830442 0.124087 0.0263557 0.00942516 0.00968986
 0.768421 0.192517 0.0285896 0.00607019 0.00440245
 0.718823 0.216813 0.0535157 0.00793999 0.00290834
 0.669709 0.238517 0.070782 0.0174538 0.00353793
 0.76319 0.159724 0.055688 0.0165039 0.00489421
 0.941273 0.0449815 0.00927379 0.00323031 0.00124119
 0.438381 0.529016 0.0249766 0.00514551 0.00248089
 0.910674 0.0393471 0.0470791 0.0022216 0.000678326
 0.643688 0.32477 0.0138987 0.0166202 0.00102372
 0.64746 0.227909 0.113606 0.00485818 0.00616706
 0.774328 0.146663 0.0510893 0.02545 0.00246979
 0.778869 0.171582 0.0322079 0.0112133 0.00612778
 0.369202 0.492369 0.107426 0.0201529 0.0108502
 0.774734 0.0834916 0.110671 0.0241373 0.00696587
 0.671271 0.255004 0.0273313 0.0362165 0.0101781
 0.485333 0.346088 0.130781 0.0140125 0.0237857
 0.767226 0.113252 0.08038 0.0303655 0.00877609
 0.72748 0.209351 0.030739 0.0218096 0.0106202
 0.400353 0.436794 0.125113 0.0183651 0.0193749
 0.479481 0.209012 0.226926 0.0649802 0.0196007
 0.853212 0.0706232 0.030591 0.0331998 0.0123741
pobs_pel_tallas
 0 0 0 0 0 0 0 0 0 0 0 0 0 0 0 0 0 0 0 0 0 0 0 0 0 0
 0 0 0 0 0 0 0 0 0 0 0 0 0 0 0 0 0 0 0 0 0 0 0 0 0 0
 0 0 0 0 0 0 0 0 0 0 0 0 0 0 0 0 0 0 0 0 0 0 0 0 0 0
 0 0 0 0 0 0 0 0 0 0 0 0 0 0 0 0 0 0 0 0 0 0 0 0 0 0
 0 0 0 0 0 0 0 0 0 0 0 0 0 0 0 0 0 0 0 0 0 0 0 0 0 0
 0 0 0 0 0 0 0 0 0 0 0 0 0 0 0 0 0 0 0 0 0 0 0 0 0 0
 0 0 0 0 0 0 0 0 0 0 0 0 0 0 0 0 0 0 0 0 0 0 0 0 0 0
 0 0 0 0 0 0 0 0 0 0 0 0 0 0 0 0 0 0 0 0 0 0 0 0 0 0
 0 0 0 0 0 0 0 0 0 0 0 0 0 0 0 0 0 0 0 0 0 0 0 0 0 0
 0 0 0 0 0 0 0 0 0 0 0 0 0 0 0 0 0 0 0 0 0 0 0 0 0 0
 0 0 0 0 0 0 0 0 0 0 0 0 0 0 0 0 0 0 0 0 0 0 0 0 0 0
 0 0 0 0 0 0 0 0 0 0 0 0 0 0 0 0 0 0 0 0 0 0 0 0 0 0
 0.00862536 0 0 0.000197151 0.00414017 0.0128641 0.00837892 0.0270097 0.101434 0.158115 0.152841 0.127902 0.109271 0.109419 0.0830992 0.0579132 0.0238553 0.00714673 0.00463305 0.00128148 0.00103504 0.000492878 0.000147863 0.000147863 4.92878e-05 0
 0 0 0 0 0 0 0 0 0 0 0 0 0 0 0 0 0 0 0 0 0 0 0 0 0 0
 0 0 0 0 0 0 0 0.0054083 0.00873648 0.0413646 0.0450493 0.0745869 0.0622846 0.0627006 0.0613931 0.0827291 0.12552 0.122667 0.0946155 0.0697135 0.0546179 0.0294188 0.0215738 0.0213955 0.0102223 0.00600262
 0 0 0 0 0.00359764 0.0251062 0.0480494 0.140153 0.205849 0.193036 0.1447 0.116669 0.0760912 0.0342217 0.00950174 0.001854 0.000860785 0 0 0 0.000165536 0 0.000143464 0 0 0
 0 0 0 0 0 0 0 0.000145254 0.000435761 0.0275982 0.070085 0.0708112 0.156366 0.174668 0.174014 0.160142 0.0824315 0.0480064 0.0283245 0.00493863 0.00203355 0 0 0 0 0
 0 0 0 0 0 0 0 0 0 0 0 0 0 0 0 0 0 0 0 0 0 0 0 0 0 0
 0 0 1.00437e-05 0.000401748 0.00122533 0.00171747 0.00176769 0.0269171 0.070346 0.194647 0.189555 0.159765 0.064822 0.0314167 0.0384472 0.0292271 0.0345202 0.0313363 0.0194345 0.0106764 0.0143323 0.0359363 0.0279516 0.0138201 0.00172751 0
 0 0.0021121 0.0136068 0.0755702 0.200478 0.177729 0.0527432 0.0373336 0.0318909 0.0142505 0.0149659 0.0166563 0.0217959 0.0798694 0.0677717 0.0528807 0.04013 0.0224614 0.0357745 0.0225083 0.00881397 0.00855152 0.00135912 0.000746735 0 0
 0 0 0 0 5.4009e-05 0.00500934 0.000945158 0.0243581 0.138947 0.33067 0.221406 0.137944 0.0707744 0.0437923 0.0131692 0.00525238 0.0047753 0.00276346 9.45158e-05 9.00151e-06 2.25038e-05 9.00151e-06 4.50075e-06 0 0 0
 0.000866109 0.00284123 0.00948549 0.0512746 0.133035 0.25785 0.225252 0.132002 0.0553304 0.0519788 0.0540692 0.017754 0.00435017 0.00159236 0.00146478 0.000404838 0.000125132 0.000115318 0.000107957 0.000100596 0 0 0 0 0 0
 0 0 0 0 0.00144013 0.00171154 0.00461396 0.0210425 0.0478622 0.0707936 0.0888783 0.103762 0.0637923 0.0337046 0.0602308 0.124433 0.169614 0.0934646 0.0462172 0.0250306 0.0313229 0.00938855 0.002487 0.000210481 0 0
 0 0.00764035 0.051015 0.0998891 0.058973 0.0496711 0.0374665 0.0718981 0.12319 0.153886 0.159021 0.0857701 0.0377988 0.023471 0.0147837 0.00900784 0.00315554 0.000888139 0.00291439 0.00214683 0.00393193 0.00274676 0.000635225 9.99891e-05 0 0
 0 0 0 0 0 0 0 0 0 0 0 0 0 0 0 0 0 0 0 0 0 0 0 0 0 0
 0 0 0 0 0 0 0 0 0 0 0 0 0 0 0 0 0 0 0 0 0 0 0 0 0 0
 0 0 0 0 0 0 0 0 0 0 0 0 0 0 0 0 0 0 0 0 0 0 0 0 0 0
 0 0 0 0 0 0 0 0 0 0 0 0 0 0 0 0 0 0 0 0 0 0 0 0 0 0
 0 0 0 0 0 0 0 0 0 0 0 0 0 0 0 0 0 0 0 0 0 0 0 0 0 0
 0 0 0 0 0 0 0 0 0 0 0 0 0 0 0 0 0 0 0 0 0 0 0 0 0 0
 0 0 0 0 0 0 0 0 0 0 0 0 0 0 0 0 0 0 0 0 0 0 0 0 0 0
ppred_pel_tallas
 1.13319e-16 3.99951e-05 0.000388767 0.00258349 0.0117442 0.0365406 0.077854 0.113632 0.113643 0.077908 0.0367235 0.0122799 0.00395573 0.0034756 0.00616919 0.0108295 0.0172079 0.0249852 0.0337351 0.0430583 0.0524609 0.0610002 0.067125 0.0690979 0.0658562 0.0577051
 1.24439e-16 3.80125e-05 0.000369495 0.00245542 0.011162 0.0347293 0.0739954 0.108004 0.108029 0.0741194 0.0351462 0.0123677 0.00548818 0.00701163 0.0127199 0.0211563 0.030947 0.0400005 0.0463063 0.0491832 0.0497696 0.0502104 0.0521242 0.0555265 0.05891 0.0602305
 1.19802e-16 4.99032e-05 0.000485076 0.0032235 0.0146536 0.0455929 0.0971411 0.141784 0.141802 0.0972279 0.0458848 0.0154986 0.0053518 0.00515555 0.00899301 0.0149839 0.0220511 0.0287536 0.0336857 0.0362972 0.0372287 0.0377945 0.0390152 0.0409653 0.0428419 0.0435395
 1.07387e-16 6.44313e-05 0.000626295 0.00416195 0.0189196 0.0588661 0.125421 0.183058 0.183071 0.125483 0.0590764 0.0195276 0.00569026 0.00397025 0.00643831 0.0106043 0.0154214 0.0197262 0.0223931 0.022945 0.0218419 0.0201421 0.0188034 0.0181717 0.0179631 0.0176132
 1.04853e-16 5.67707e-05 0.000551831 0.00366711 0.0166702 0.0518672 0.11051 0.161297 0.16132 0.110624 0.0522528 0.017784 0.00646356 0.00665897 0.0116629 0.0192116 0.0277196 0.0349688 0.038742 0.0380324 0.033642 0.0276232 0.0220247 0.0179184 0.0152717 0.0134592
 1.03492e-16 6.4055e-05 0.000622637 0.00413764 0.0188091 0.0585223 0.124689 0.18199 0.182004 0.124761 0.0587661 0.0195139 0.00590929 0.00449855 0.00744978 0.0122791 0.0178332 0.0227418 0.0256455 0.0259078 0.0239621 0.0209537 0.0179832 0.0155625 0.0136063 0.0117877
 1.05898e-16 4.33833e-05 0.000421702 0.00280236 0.0127391 0.0396364 0.0844508 0.123266 0.123301 0.0846247 0.0402204 0.0144267 0.00704012 0.00967884 0.0176424 0.0291457 0.0420949 0.0531783 0.059045 0.058153 0.0516681 0.0426205 0.0340276 0.0274587 0.0228788 0.0194354
 1.11847e-16 4.05052e-05 0.000393725 0.00261644 0.011894 0.0370067 0.0788477 0.115086 0.115112 0.0789759 0.0374378 0.0131421 0.00576113 0.00729755 0.0132666 0.0221681 0.0326324 0.0425104 0.0496024 0.0528553 0.0528638 0.0511908 0.0491123 0.0468612 0.0438532 0.0394717
 1.14986e-16 4.75008e-05 0.000461725 0.00306833 0.0139482 0.0433981 0.0924649 0.134959 0.13498 0.092564 0.0437314 0.014913 0.00549826 0.00579363 0.0102554 0.0170969 0.0251459 0.0327469 0.0382607 0.0409982 0.041598 0.0414446 0.0415976 0.0421072 0.0421583 0.0407622
 1.09307e-16 6.00976e-05 0.00058417 0.00388202 0.0176471 0.0549068 0.116985 0.170747 0.170762 0.117059 0.0551559 0.0183676 0.00569407 0.0045515 0.00762961 0.0126117 0.0183879 0.0236158 0.0269844 0.0279373 0.0270022 0.0253839 0.0241443 0.0236176 0.023417 0.0228662
 1.03378e-16 6.84025e-05 0.000664896 0.00441847 0.0200857 0.0624942 0.133151 0.19434 0.194352 0.13321 0.0626908 0.0206538 0.0058452 0.00378246 0.00599824 0.00983227 0.0142157 0.0180041 0.0200843 0.0199561 0.0180265 0.0153177 0.0128282 0.011046 0.00989957 0.00903435
 1.02229e-16 6.32938e-05 0.000615239 0.00408848 0.0185856 0.0578269 0.123207 0.179828 0.179847 0.123298 0.0581314 0.0194651 0.00629625 0.00543525 0.00921866 0.0151436 0.0218169 0.0274529 0.0302749 0.0294641 0.0256403 0.0204311 0.0154891 0.0117234 0.00918838 0.00746935
 1.02889e-16 5.92085e-05 0.000575528 0.00382459 0.017386 0.0540945 0.115255 0.168222 0.168243 0.115357 0.0544381 0.0183789 0.00631857 0.00602556 0.0104264 0.0171862 0.0248513 0.0314581 0.0350363 0.0346631 0.030983 0.0257182 0.0205864 0.0164869 0.0134299 0.010996
 1.04453e-16 5.51631e-05 0.000536205 0.00356327 0.0161981 0.0503985 0.10738 0.156729 0.156752 0.107493 0.050777 0.017292 0.00631199 0.00654651 0.0114988 0.0189983 0.02754 0.0350048 0.0392604 0.0393113 0.035854 0.0307243 0.025711 0.0216847 0.0185573 0.0158213
 1.04132e-16 6.2863e-05 0.000611051 0.00406065 0.0184591 0.0574333 0.122368 0.178603 0.178619 0.122444 0.057687 0.0191927 0.00590487 0.00464613 0.00775315 0.0127888 0.0185834 0.0237212 0.0267979 0.0271636 0.0252792 0.0223374 0.0194689 0.017174 0.0153193 0.0135216
 1.00814e-16 7.75314e-05 0.000753633 0.00500816 0.0227664 0.0708346 0.150921 0.220274 0.220279 0.150942 0.0709059 0.0229722 0.00552511 0.00188303 0.0022251 0.00356283 0.00514151 0.00650105 0.00723009 0.00714161 0.00637783 0.00530651 0.00429204 0.00352098 0.0029842 0.00257415
 1.01792e-16 3.6109e-05 0.000350992 0.00233247 0.0106031 0.0329905 0.0702915 0.102603 0.102654 0.0705402 0.0338253 0.0130133 0.0083785 0.0135362 0.0250382 0.0412335 0.0591541 0.0738805 0.0804233 0.0764822 0.0638436 0.0472312 0.0315699 0.0197636 0.0122524 0.00797182
 1.01707e-16 7.5011e-05 0.000729134 0.00484535 0.0220263 0.0685319 0.146015 0.213113 0.213117 0.146033 0.0685955 0.0222107 0.00531135 0.0017566 0.00205612 0.00335783 0.00500929 0.00667142 0.00803938 0.00895019 0.00943466 0.00961766 0.00956231 0.00920861 0.00845317 0.00727903
 1.02325e-16 5.30198e-05 0.000515371 0.00342482 0.0155688 0.0484404 0.103209 0.150642 0.150674 0.103361 0.048953 0.0170487 0.00713727 0.00861225 0.0154088 0.025334 0.0363601 0.0454572 0.0495822 0.0473503 0.0398823 0.0300854 0.020958 0.0142187 0.0100432 0.00768055
 1.04868e-16 5.33304e-05 0.000518391 0.00344489 0.01566 0.0487242 0.103813 0.151522 0.151545 0.103921 0.0490872 0.0167101 0.00608678 0.00630543 0.0111017 0.0184189 0.0268756 0.0345168 0.039355 0.040424 0.0382685 0.034416 0.0303021 0.0265467 0.0230157 0.0193682
 1.04483e-16 6.37804e-05 0.000619968 0.00411991 0.0187285 0.0582714 0.124154 0.181209 0.181223 0.124223 0.0585045 0.0194024 0.00581416 0.00432763 0.00713231 0.0117617 0.0171066 0.0218737 0.0247888 0.0252724 0.0237595 0.0213426 0.019034 0.0172427 0.0157819 0.0142416
 1.03135e-16 6.41544e-05 0.000623604 0.00414407 0.0188383 0.0586132 0.124882 0.182273 0.182289 0.124963 0.0588848 0.0196232 0.00611481 0.00492836 0.00824746 0.013554 0.0195687 0.0247158 0.0274361 0.0270173 0.024011 0.0198386 0.0159135 0.0129679 0.0109746 0.0095135
 1.07084e-16 3.04108e-05 0.000295604 0.00196439 0.00892988 0.0277844 0.0591994 0.0864133 0.0864608 0.0594316 0.0285643 0.0111832 0.00762347 0.0126592 0.02354 0.0389435 0.0562725 0.0711323 0.0790458 0.0779302 0.0692967 0.057135 0.0454336 0.0362923 0.029728 0.0247102
 1.06815e-16 6.38138e-05 0.000620293 0.00412207 0.0187383 0.0583019 0.124219 0.181303 0.181311 0.124259 0.0584373 0.0191315 0.00511683 0.00281795 0.00431429 0.0072324 0.0108832 0.0146745 0.0180262 0.0206474 0.0226236 0.0241773 0.0253213 0.0257413 0.0250073 0.0229103
 1.06209e-16 5.52917e-05 0.000537455 0.00357158 0.0162359 0.050516 0.107631 0.157095 0.15712 0.107751 0.0509193 0.0174005 0.00649505 0.00691992 0.0121789 0.0200546 0.0289087 0.0364213 0.0402853 0.0394847 0.0349224 0.0288172 0.0233555 0.0196342 0.0175127 0.0161767
 1.09294e-16 3.99763e-05 0.000388584 0.00258228 0.0117387 0.0365236 0.0778186 0.113586 0.113619 0.0779823 0.0370736 0.013329 0.00658062 0.00913814 0.0167191 0.0277395 0.0403367 0.0515237 0.0582601 0.0591224 0.055083 0.0486979 0.0424054 0.0373096 0.0331735 0.0292291
 1.0688e-16 6.31954e-05 0.000614282 0.00408212 0.0185567 0.0577369 0.123015 0.179546 0.179557 0.123069 0.0579183 0.0190821 0.00540636 0.00352331 0.00564179 0.00936893 0.0138254 0.0180965 0.0212893 0.0229972 0.0234949 0.0234333 0.0232963 0.0230804 0.0224083 0.0208963
 1.04926e-16 5.99216e-05 0.000582459 0.00387065 0.0175954 0.054746 0.116643 0.170248 0.170268 0.116741 0.0550772 0.0185523 0.00627308 0.00582891 0.0100299 0.0165037 0.0238121 0.0300459 0.0333113 0.0327633 0.029116 0.024153 0.0196347 0.0164498 0.0145061 0.0131881
 1.08843e-16 3.29766e-05 0.000320544 0.00213013 0.0096833 0.0301286 0.0641936 0.0937013 0.0937435 0.0643999 0.0308214 0.0116858 0.00716165 0.0113209 0.0209731 0.0347475 0.050349 0.0639392 0.0716067 0.0715293 0.0650026 0.055434 0.0461633 0.0388464 0.0333531 0.0287322
 1.16436e-16 3.94942e-05 0.000383898 0.00255114 0.0115971 0.0360831 0.0768795 0.112212 0.112233 0.0769797 0.0364205 0.0125759 0.0050241 0.00583599 0.010552 0.0177972 0.0266098 0.0355206 0.0430239 0.0484023 0.0520008 0.0546324 0.0566486 0.0575238 0.0562653 0.0522081
 1.06325e-16 7.02779e-05 0.000683127 0.00453962 0.0206364 0.0642077 0.136801 0.199667 0.199674 0.136835 0.0643203 0.0209624 0.00536015 0.00248246 0.00351203 0.00576117 0.00845381 0.0109858 0.0128078 0.0137107 0.0139522 0.0140502 0.0143987 0.0150096 0.015547 0.0155708
pSPR Fmed_Fpbrs
0.678012   0.6 0.325
Fs Fmed_Fpbrs
0.206057   0.276708 0.674131
SSBpbr Bo_Bmed_Bpbrs
2.07407e+06  1.30254e+06  1.14074e+06 570368
Ro
195921
SPR SPRFo_SPRFmed_SPRFpbrs
1.39841e+06 948137 454482
Fref
0.276708
Nvult_r0
 239637 20605.9 8947.36 9711.65 3619.72
CTP_r0
 29459.9 2989.54 1310.52 1423.19 530.464
YTP_r0
391299
Np
 274362 80525.5 31525.8 2588.47 1433.29
Nvult_p0
 193836 57989.7 22730 1866.4 1033.47
CTP_p0
 35715.4 17420.6 1449.07 627.802 892.454
 35715.4 12452.9 4924 404.506 223.989
YTP_p0
 622637 595996
CBA_c0
614645
log_Ro
12.0055
likeval ReclasPelacesDesembMPH_pf_preclas_ppelaces_ptallas_desvR_qrecl_qpela
 15.0226 17.2763 0.0831528 0.000812308 240.484 119.434 98.2006 0 23.1393 3.17872e-06 2.17574e-07 0.424041 7.83424e-16 0 0
q_reclas_q_pelaces
0.776744 0.935792
M
1
N
 212046 47982 170868 9733.71 0.317384
 121254 70989.1 15747.5 56006.4 3190.36
 121113 37599.7 21234.4 4699.51 17663.8
 213516 37739.6 11313.6 6374.95 6713.04
 171011 61328.9 10289.3 3074.18 3555.68
 285210 57922.1 20413.7 3421.02 2204.18
 119542 89074 17476.1 6145.51 1693.25
 55793.4 30864.6 21344.6 4167.68 1868.89
 51659.3 19414.3 10614.7 7335.13 2074.4
 67788.4 15294.7 5490.88 2993.28 2653.01
 124222 18792.8 3994.73 1428.63 1468.76
 160633 42574.8 6345.53 1347.55 977.331
 134750 42830.3 10607.5 1574.09 576.581
 94677.6 36737.5 10962.5 2704 548.116
 96219.1 21334.7 7466.11 2213.12 656.305
 506826 25440.2 5261.61 1833.07 704.329
 113041 140775 6659.99 1372.19 661.601
 778470 34733.5 41645.1 1965.39 600.102
 451006 238309 10229 12233.9 753.55
 347357 127408 63678 2723.47 3457.25
 516741 100993 35251.8 17562.5 1704.35
 693087 158882 29900.6 10411.4 5689.61
 148788 203091 44377.1 8325.72 4482.53
 435783 47924 63607.9 13873.8 4003.91
 368248 142792 15324.8 20308.1 5707.34
 166159 120466 45570.8 4882.97 8288.66
 369056 55601.8 39514.9 14928.8 4314.66
 412450 120801 17757.2 12599.7 6135.42
 123698 137209 39343.3 5775.43 6093.01
 92787.6 41399.3 45014.9 12891 3888.48
 352285 29883.5 12964.7 14071.5 5244.73
pred_Ctot
 12153 3302.46 11886 677.482 0.0220911
 12209.5 8529.62 1911.56 6802.2 387.493
 11870.2 4399.11 2509.98 555.798 2089.12
 30189.8 6328.28 1915.83 1080.09 1137.4
 8631.59 3721.06 631.001 188.634 218.185
 27599.1 6692.15 2382.86 399.547 257.437
 23187.6 20322 4024.4 1415.88 390.123
 1917.57 1278.11 893.518 174.565 78.2819
 6488.08 2898.66 1600.73 1106.74 313
 10804.8 2883.05 1045.06 569.994 505.211
 5398.86 982.809 211.172 75.5642 77.6888
 28685 8964.3 1348.77 286.572 207.846
 22596.6 8483.04 2121.14 314.924 115.358
 24124.2 10901.3 3281.31 809.732 164.141
 17573.6 4591.45 1621.99 481.034 142.655
 80296.9 4767.34 995.564 347.018 133.34
 11947.6 17741.3 847.911 174.794 84.2788
 83851.5 4459.62 5401.61 255.059 77.8806
 67604 42307.9 1833.76 2194.32 135.164
 46927.3 20432.7 10313.6 441.339 560.263
 54429 12684.9 4472.94 2229.62 216.38
 90814.3 24728.1 4700.09 1637.44 894.848
 11833.2 19334 4268.88 801.34 431.45
 30396.4 4007.05 5374.64 1172.94 338.514
 26030.8 12098 1312.09 1739.73 488.943
 9566.74 8329.03 3184.43 341.407 579.544
 25965.4 4688.92 3367.5 1272.96 367.915
 25161.6 8845.24 1314.07 932.92 454.299
 7111.22 9472.33 2745.12 403.199 425.383
 7384.47 3943.82 4333.16 1241.59 374.526
 29459.9 2989.54 1310.52 1423.19 530.464
F
 0.0942793 0.114145 0.115425 0.115494 0.115497
 0.170894 0.206904 0.209224 0.209348 0.209354
 0.166011 0.200992 0.203246 0.203366 0.203372
 0.247462 0.299606 0.302966 0.303145 0.303154
 0.0826323 0.100044 0.101166 0.101226 0.101229
 0.163757 0.198264 0.200487 0.200605 0.200612
 0.354062 0.428668 0.433475 0.433731 0.433745
 0.0556439 0.0673689 0.0681244 0.0681646 0.0681667
 0.217163 0.262923 0.265871 0.266028 0.266037
 0.282916 0.34253 0.346371 0.346576 0.346587
 0.0708063 0.0857262 0.0866876 0.0867388 0.0867415
 0.321877 0.389701 0.394071 0.394304 0.394316
 0.299625 0.362761 0.366829 0.367045 0.367057
 0.490144 0.593424 0.600079 0.600434 0.600453
 0.330298 0.399896 0.404381 0.40462 0.404632
 0.281001 0.340212 0.344027 0.34423 0.344241
 0.180044 0.217982 0.220426 0.220556 0.220563
 0.18376 0.222481 0.224976 0.225109 0.225116
 0.264085 0.319731 0.323317 0.323508 0.323518
 0.235299 0.28488 0.288075 0.288245 0.288254
 0.179379 0.217177 0.219613 0.219742 0.219749
 0.227501 0.275439 0.278528 0.278692 0.278701
 0.13291 0.160916 0.162721 0.162817 0.162822
 0.115754 0.140145 0.141717 0.141801 0.141805
 0.117388 0.142123 0.143717 0.143802 0.143806
 0.0947292 0.11469 0.115976 0.116045 0.116048
 0.116808 0.141422 0.143008 0.143092 0.143096
 0.100614 0.121815 0.123181 0.123254 0.123258
 0.0945796 0.114509 0.115793 0.115861 0.115865
 0.133006 0.161033 0.162839 0.162935 0.16294
 0.140167 0.169702 0.171606 0.171707 0.171712
YTP_r0W_actual
 244517 42152.5 36170.4 48673 19786.3
YTP_p0W_proyectada
 267509 272981 33517 18438.5 30191.7
 267509 195137 113892 11880.3 7577.53
CTP_r0_actual
 29459.9 2989.54 1310.52 1423.19 530.464
CTP_p0_proyectada
 35715.4 17420.6 1449.07 627.802 892.454
 35715.4 12452.9 4924 404.506 223.989
Wmedp
 7.49 15.67 23.13 29.37 33.83
Frms_r0
 0.140167 0.169702 0.171606 0.171707 0.171712
Zrms_r0
 1.14017 1.1697 1.17161 1.17171 1.17171
nmprior
 8.19 8.8 8.5 0
nm_flota  nm_reclas  nm_pelaces    nm_pelaL
inf 12.0112 18.4755 44.3175
cv_recla  cv_pelaces  cv_mph
0.350588 0.471301 0.87956
 ------------------------------------------------
Talla a la edad & desviaci?n 
 8 13.2811 15.8009 17.003 17.5766
 0.8 1.32811 1.58009 1.7003 1.75766
