years
 1991 1992 1993 1994 1995 1996 1997 1998 1999 2000 2001 2002 2003 2004 2005 2006 2007 2008 2009 2010 2011 2012 2013 2014 2015 2016 2017 2018 2019 2020 2021
reclasobs
 0 0 0 0 0 0 0 0 0 252601 567819 844713 477998 351125 339783 2.1784e+06 2.13404e+06 4.81314e+06 1.55562e+06 2.62356e+06 3.21686e+06 3.843e+06 1.13348e+06 3.07943e+06 1.97215e+06 2.03268e+06 2.025e+06 2.42433e+06 2.27542e+06 1.05018e+06 2.36338e+06
reclaspred
 3.25206e+06 1.69959e+06 859843 803533 760906 2.03939e+06 993238 766217 515362 287974 501794 762429 755187 529971 468614 1.50782e+06 1.08605e+06 3.65801e+06 2.74585e+06 1.87187e+06 3.1863e+06 2.70058e+06 1.79025e+06 3.12737e+06 2.20766e+06 1.8426e+06 2.37786e+06 2.7642e+06 2.01752e+06 1.04383e+06 1.75338e+06
pelacesobs
 0 0 0 0 0 0 0 0 0 0 0 0 0 0 0 552880 188675 0 991730 2.46772e+06 1.41603e+06 1.21717e+06 2.29649e+06 1.80582e+06 0 1.4828e+06 1.56532e+06 1.57751e+06 1.42118e+06 867257 1.10002e+06
pelacespred
 2.17087e+06 1.16752e+06 541382 362325 416127 1.07851e+06 506074 542031 297054 131114 265354 340070 383462 250773 221340 614275 550549 1.90546e+06 1.58063e+06 968651 1.64332e+06 1.41378e+06 1.105e+06 1.90614e+06 1.41461e+06 1.21368e+06 1.60195e+06 1.83e+06 1.344e+06 745843 1.00234e+06
mphobs
 0 0 0 0 0 0 0 0 0 0 0 498337 0 5186 125008 0 168611 109162 213762 579715 649985 157893 87575 83554 0 0 0 0 0 0 0
mphpred
 525483 339106 152029 85406.9 77935.8 97785.5 208316 90477 75290 38327.9 19333.7 61922.6 69478.5 54492.1 28651.3 34093 161799 113732 372642 231586 228907 284737 283505 195053 322605 252929 192059 225282 355391 202842 93451.6
desembarqueobs
 494567 514787 250237 358949 120608 361735 552515 73892 212993 205616 52469 317467 293654 387597 252695 516296 358380 742168 942051 627588 828172 859565 418607 520667 417249 300574 415391 372974 316634 284311 391294
desembarquepred
 494543 514379 250250 358946 120605 361677 552330 73893.9 213010 205624 52469.1 317439 293586 387349 252587 516092 358382 741843 941386 627069 828153 859277 418531 520626 417150 300524 415313 372872 316552 284250 391249
Reclutas
 138803 88032.7 86474.9 95789.3 74182.4 216603 63945.4 23105.2 27414.4 37178.8 63070.3 112631 93148.6 67060.8 52384.2 289327 46564.6 495025 265123 211648 278087 409381 61487.2 211993 171628 70122.4 172836 199988 52001.5 36202.4 157662
log_desv_Rt
 0.283956 -0.171393 -0.189247 -0.0869502 -0.342575 0.728963 -0.491072 -1.50904 -1.33803 -1.03336 -0.504852 0.0750156 -0.114906 -0.443502 -0.690496 1.01846 -0.80826 1.55551 0.931094 0.705825 0.978834 1.36554 -0.530272 0.707453 0.496225 -0.398858 0.503243 0.649158 -0.697829 -1.05998 0.411352
SSB
 1.19444e+06 770802 345568 194133 177151 222270 473510 205658 171137 87120.8 43946.2 140752 157927 123863 65125.6 77494.8 367775 258518 847030 526405 520314 647219 644418 443364 733293 574918 436558 512076 807817 461068 212419
BT
 1.81456e+06 1.26011e+06 588657 567258 406911 1.2355e+06 833357 465398 432484 299789 274930 544549 579789 614406 446933 974626 675957 2.36332e+06 2.11274e+06 1.27626e+06 2.04221e+06 1.88763e+06 1.13552e+06 2.08649e+06 1.40563e+06 1.13804e+06 1.7451e+06 1.87744e+06 1.15674e+06 773097 1.23771e+06
Ftot
 0.348244 0.66445 0.661899 1.08552 0.403652 0.507084 1.17168 0.236484 0.997353 1.65265 0.316177 1.079 0.995498 1.77648 1.45791 1.02264 0.75177 0.604198 0.834619 0.839544 0.682579 0.825709 0.532866 0.466134 0.463132 0.38995 0.478893 0.378072 0.346586 0.606245 0.642735
BD_Bspro_t
 0.946178 0.665496 0.4101 0.308495 0.270581 0.368756 0.471272 0.250576 0.27915 0.196649 0.14409 0.4283 0.324483 0.23743 0.136445 0.161328 0.357059 0.274169 0.475973 0.33618 0.293207 0.33754 0.360148 0.311171 0.459175 0.459519 0.450363 0.520181 0.608159 0.477179 0.340755
BD_Bspro
 1.60152 1.0335 0.463342 0.260296 0.237526 0.298023 0.634888 0.275748 0.229463 0.116813 0.0589236 0.188723 0.211751 0.166076 0.0873212 0.103906 0.493117 0.346624 1.13571 0.705809 0.697643 0.867798 0.864043 0.594467 0.983208 0.770856 0.585341 0.686597 1.08313 0.618205 0.284814
BD_Bo
 0.975232 0.629339 0.282147 0.158505 0.144639 0.181478 0.386608 0.167914 0.139729 0.0711318 0.0358809 0.114921 0.128944 0.101131 0.0531733 0.0632724 0.300278 0.211073 0.691577 0.429795 0.424823 0.528436 0.52615 0.361995 0.598714 0.469405 0.356437 0.418096 0.659561 0.37645 0.173435
BD_Brms
 1.77315 1.14425 0.512995 0.28819 0.26298 0.32996 0.702924 0.305298 0.254053 0.129331 0.065238 0.208947 0.234443 0.183874 0.0966788 0.115041 0.545961 0.383769 1.25741 0.781446 0.772405 0.960794 0.956636 0.658172 1.08857 0.853463 0.648068 0.760174 1.1992 0.684454 0.315336
Sel_flota
 0.624307 0.9693 0.998336 0.999912 0.999995
 0.624307 0.9693 0.998336 0.999912 0.999995
 0.624307 0.9693 0.998336 0.999912 0.999995
 0.624307 0.9693 0.998336 0.999912 0.999995
 0.624307 0.9693 0.998336 0.999912 0.999995
 0.624307 0.9693 0.998336 0.999912 0.999995
 0.624307 0.9693 0.998336 0.999912 0.999995
 0.624307 0.9693 0.998336 0.999912 0.999995
 0.624307 0.9693 0.998336 0.999912 0.999995
 0.624307 0.9693 0.998336 0.999912 0.999995
 0.624307 0.9693 0.998336 0.999912 0.999995
 0.624307 0.9693 0.998336 0.999912 0.999995
 0.624307 0.9693 0.998336 0.999912 0.999995
 0.624307 0.9693 0.998336 0.999912 0.999995
 0.624307 0.9693 0.998336 0.999912 0.999995
 0.624307 0.9693 0.998336 0.999912 0.999995
 0.624307 0.9693 0.998336 0.999912 0.999995
 0.624307 0.9693 0.998336 0.999912 0.999995
 0.624307 0.9693 0.998336 0.999912 0.999995
 0.624307 0.9693 0.998336 0.999912 0.999995
 0.624307 0.9693 0.998336 0.999912 0.999995
 0.624307 0.9693 0.998336 0.999912 0.999995
 0.624307 0.9693 0.998336 0.999912 0.999995
 0.624307 0.9693 0.998336 0.999912 0.999995
 0.624307 0.9693 0.998336 0.999912 0.999995
 0.624307 0.9693 0.998336 0.999912 0.999995
 0.624307 0.9693 0.998336 0.999912 0.999995
 0.624307 0.9693 0.998336 0.999912 0.999995
 0.624307 0.9693 0.998336 0.999912 0.999995
 0.624307 0.9693 0.998336 0.999912 0.999995
 0.624307 0.9693 0.998336 0.999912 0.999995
Sel_reclas
 1 1 1 1 1
 1 1 1 1 1
 1 1 1 1 1
 1 1 1 1 1
 1 1 1 1 1
 1 1 1 1 1
 1 1 1 1 1
 1 1 1 1 1
 1 1 1 1 1
 1 1 1 1 1
 1 1 1 1 1
 1 1 1 1 1
 1 1 1 1 1
 1 1 1 1 1
 1 1 1 1 1
 1 1 1 1 1
 1 1 1 1 1
 1 1 1 1 1
 1 1 1 1 1
 1 1 1 1 1
 1 1 1 1 1
 1 1 1 1 1
 1 1 1 1 1
 1 1 1 1 1
 1 1 1 1 1
 1 1 1 1 1
 1 1 1 1 1
 1 1 1 1 1
 1 1 1 1 1
 1 1 1 1 1
 1 1 1 1 1
Sel_pelaces
 0.60115 0.883521 0.974473 0.994822 0.998967
 0.60115 0.883521 0.974473 0.994822 0.998967
 0.60115 0.883521 0.974473 0.994822 0.998967
 0.60115 0.883521 0.974473 0.994822 0.998967
 0.60115 0.883521 0.974473 0.994822 0.998967
 0.60115 0.883521 0.974473 0.994822 0.998967
 0.60115 0.883521 0.974473 0.994822 0.998967
 0.60115 0.883521 0.974473 0.994822 0.998967
 0.60115 0.883521 0.974473 0.994822 0.998967
 0.60115 0.883521 0.974473 0.994822 0.998967
 0.60115 0.883521 0.974473 0.994822 0.998967
 0.60115 0.883521 0.974473 0.994822 0.998967
 0.60115 0.883521 0.974473 0.994822 0.998967
 0.60115 0.883521 0.974473 0.994822 0.998967
 0.60115 0.883521 0.974473 0.994822 0.998967
 0.60115 0.883521 0.974473 0.994822 0.998967
 0.60115 0.883521 0.974473 0.994822 0.998967
 0.60115 0.883521 0.974473 0.994822 0.998967
 0.60115 0.883521 0.974473 0.994822 0.998967
 0.60115 0.883521 0.974473 0.994822 0.998967
 0.60115 0.883521 0.974473 0.994822 0.998967
 0.60115 0.883521 0.974473 0.994822 0.998967
 0.60115 0.883521 0.974473 0.994822 0.998967
 0.60115 0.883521 0.974473 0.994822 0.998967
 0.60115 0.883521 0.974473 0.994822 0.998967
 0.60115 0.883521 0.974473 0.994822 0.998967
 0.60115 0.883521 0.974473 0.994822 0.998967
 0.60115 0.883521 0.974473 0.994822 0.998967
 0.60115 0.883521 0.974473 0.994822 0.998967
 0.60115 0.883521 0.974473 0.994822 0.998967
 0.60115 0.883521 0.974473 0.994822 0.998967
pf_obs 
 0.8446 0.082 0.0669 0.0065 0
 0.8095 0.147 0.0364 0.0071 0
 0.9664 0.0169 0.016 0.0007 0
 0.9276 0.0648 0.0075 0.0001 0
 0.7033 0.2144 0.0806 0.0017 0
 0.9318 0.0425 0.0243 0.0014 0
 0.5671 0.3108 0.0964 0.0239 0.0018
 0.0768 0.2599 0.5324 0.112 0.0189
 0.490249 0.384438 0.106611 0.0170017 0.00170017
 0.7925 0.1577 0.0466 0.003 0.0002
 0.840416 0.127587 0.0312969 0.00059994 9.999e-05
 0.8084 0.0986 0.0794 0.0134 0.0002
 0.7335 0.1905 0.0724 0.0035 0.0001
 0.4001 0.4547 0.1325 0.0127 0
 0.49795 0.308269 0.164784 0.0264974 0.00249975
 0.9179 0.0499 0.0305 0.0017 0
 0.2467 0.6533 0.0926 0.0074 0
 0.9418 0.0223 0.034 0.0019 0
 0.707729 0.231977 0.0356964 0.0245975 0
 0.517169 0.277429 0.184464 0.0207286 0.00020938
 0.811772 0.124168 0.05621 0.00726502 0.000585176
 0.764997 0.148141 0.077277 0.00933861 0.000247198
 0.163321 0.427699 0.378323 0.0303852 0.000271297
 0.753843 0.0900009 0.118128 0.0371064 0.000921714
 0.721811 0.176058 0.0630433 0.0369309 0.00215725
 0.143369 0.312575 0.442814 0.0836902 0.0175525
 0.692698 0.0596174 0.167031 0.0765114 0.00414204
 0.394062 0.376323 0.152708 0.0712218 0.00568511
 0.125707 0.32114 0.495352 0.0537591 0.00404204
 0.23352 0.215282 0.420074 0.123614 0.00750983
 0.796117 0.104755 0.0508955 0.0450114 0.00322123
pf_pred 
 0.52281 0.170396 0.28097 0.0258235 9.67363e-07
 0.493089 0.327693 0.0654274 0.104229 0.00956216
 0.642609 0.226403 0.0859238 0.0164745 0.0285897
 0.718347 0.214685 0.0430641 0.0156924 0.00821157
 0.701371 0.248681 0.0385181 0.00735678 0.00407263
 0.848496 0.120568 0.0259146 0.0038742 0.00114736
 0.42508 0.520573 0.0435815 0.00902088 0.00174443
 0.446495 0.328636 0.20458 0.0162792 0.00401012
 0.606718 0.222779 0.102577 0.0618074 0.00611895
 0.799625 0.150342 0.0289384 0.0127039 0.00839081
 0.886821 0.101886 0.00860445 0.00155729 0.00113134
 0.801164 0.184418 0.0130233 0.00106299 0.000331531
 0.740118 0.230456 0.0273878 0.00184127 0.000196633
 0.706535 0.248059 0.0404794 0.00458658 0.000340403
 0.806344 0.164526 0.0248658 0.00380235 0.000461179
 0.960797 0.035261 0.00337727 0.000481904 8.23707e-05
 0.365223 0.621539 0.0119637 0.00109231 0.00018203
 0.94231 0.029247 0.0278736 0.000514343 5.46612e-05
 0.594957 0.391454 0.00702314 0.00643465 0.000131076
 0.655985 0.25063 0.0903863 0.00155181 0.00144731
 0.76776 0.180851 0.0378828 0.0130733 0.000432733
 0.789264 0.180081 0.0240887 0.00484338 0.00172297
 0.291965 0.617752 0.0776372 0.00994139 0.00270347
 0.787217 0.0878347 0.109539 0.0132552 0.00215446
 0.635326 0.314845 0.021015 0.0252667 0.00354744
 0.4287 0.425668 0.126371 0.00813276 0.011129
 0.764978 0.130329 0.0787035 0.0225581 0.0034317
 0.708999 0.246518 0.0250761 0.0145964 0.00481051
 0.326064 0.539465 0.114529 0.0112509 0.00869083
 0.420466 0.256579 0.260286 0.0533897 0.00927864
 0.871802 0.0720053 0.0254312 0.024803 0.00595901
pobs_RECLAS
 0 0 0 0 0
 0 0 0 0 0
 0 0 0 0 0
 0 0 0 0 0
 0 0 0 0 0
 0 0 0 0 0
 0 0 0 0 0
 0 0 0 0 0
 0 0 0 0 0
 0 0 0 0 0
 0.991045 0.00858322 0.000360255 1.14367e-05 0
 0.934742 0.0480273 0.0164251 0.00080598 0
 0.827803 0.169806 0.00239088 0 0
 0.941827 0.0461693 0.0120037 0 0
 0.791401 0.0380133 0.147996 0.0225897 0
 0.846168 0.0940531 0.0597789 0 0
 0.134021 0.677848 0.182769 0.00536245 0
 0.80878 0.0450904 0.141981 0.00414843 0
 0.846168 0.0940531 0.0597789 0 0
 0.905697 0.0802665 0.012482 0.00150086 5.37128e-05
 0.989698 0.0102097 9.19794e-05 0 0
 0.975433 0.0193895 0.00387452 0.00125025 5.28907e-05
 0.303575 0.632131 0.0575291 0.00676475 0
 0.966965 0.00978017 0.0227588 0.000495775 0
 0.843318 0.132988 0.00938335 0.0141283 0.000182051
 0.564624 0.303363 0.111486 0.0197234 0.00080311
 0.826376 0.0876187 0.0782897 0.00655872 0.00115652
 0.89761 0.0855135 0.0140674 0.00269457 0.000114338
 0.34875 0.467042 0.161289 0.0227151 0.000203297
 0.318654 0.224769 0.449479 0.00709798 0
 0.937255 0.0296025 0.0250945 0.00804832 0
ppred_RECLAS
 0.637227 0.132112 0.211274 0.0193861 7.26152e-07
 0.611118 0.254325 0.0491766 0.078206 0.00717414
 0.743926 0.164153 0.0603341 0.0115482 0.0200389
 0.808384 0.147269 0.0285366 0.0103794 0.00543081
 0.788153 0.177326 0.0266318 0.00507817 0.00281097
 0.899255 0.0806853 0.0168081 0.00250859 0.000742863
 0.550492 0.408365 0.0330054 0.00681885 0.00131848
 0.560996 0.263857 0.159368 0.012661 0.00311857
 0.718545 0.161829 0.0720212 0.0433171 0.004288
 0.873794 0.0956259 0.0177028 0.00775519 0.00512168
 0.92503 0.0676951 0.00554528 0.00100198 0.000727857
 0.868822 0.121968 0.00832064 0.000677891 0.000211404
 0.823329 0.157264 0.0180648 0.00121228 0.000129449
 0.808048 0.16325 0.0255937 0.00289369 0.000214737
 0.876112 0.105841 0.0154098 0.00235166 0.000285198
 0.975707 0.0219249 0.0020294 0.000289046 4.94012e-05
 0.48026 0.509243 0.00948841 0.000864803 0.000144103
 0.963511 0.0187888 0.0173468 0.000319552 3.39569e-05
 0.703444 0.286927 0.00498067 0.00455527 9.27837e-05
 0.756351 0.179092 0.0624882 0.00107094 0.000998727
 0.841831 0.124051 0.0251626 0.00866866 0.000286911
 0.858497 0.121498 0.0157256 0.00315627 0.0011227
 0.396319 0.528806 0.0644038 0.008233 0.0022387
 0.856221 0.0604445 0.0730719 0.00882767 0.00143469
 0.734401 0.2303 0.0149013 0.0178863 0.00251101
 0.543608 0.342719 0.0986609 0.00633901 0.00867369
 0.839226 0.0904071 0.0529203 0.0151428 0.00230343
 0.79396 0.175375 0.0172994 0.0100531 0.00331291
 0.433485 0.456244 0.0939414 0.00921337 0.00711629
 0.540356 0.207146 0.203569 0.041685 0.00724382
 0.916684 0.0474693 0.0162383 0.0158101 0.00379809
pobs_PELACES
 0 0 0 0 0
 0 0 0 0 0
 0 0 0 0 0
 0 0 0 0 0
 0 0 0 0 0
 0 0 0 0 0
 0 0 0 0 0
 0 0 0 0 0
 0 0 0 0 0
 0 0 0 0 0
 0 0 0 0 0
 0 0 0 0 0
 0 0 0 0 0
 0 0 0 0 0
 0 0 0 0 0
 0 0 0 0 0
 0.505614 0.472636 0.0217494 0 0
 0 0 0 0 0
 0.443492 0.261883 0.143347 0.151278 0
 0.227955 0.32914 0.350689 0.0885471 0.00366901
 0.970185 0.0296113 0.000203453 0 0
 0.997202 0.00247181 0.000326279 0 0
 0.445219 0.490057 0.0546422 0.010081 0
 0.90214 0.0892962 0.00764917 0.000914606 0
 0 0 0 0 0
 0.581667 0.319106 0.0959925 0.00289975 0.000334073
 0.762889 0.0836404 0.116647 0.0363945 0.000428098
 0.88444 0.0763242 0.0277011 0.0115352 0
 0.521256 0.241999 0.230069 0.00667565 0
 0.616807 0.101726 0.260614 0.0208532 0
 0.833518 0.0704572 0.0857862 0.0102388 0
ppred_PELACES
 0.538816 0.157799 0.277403 0.0259809 9.77218e-07
 0.526246 0.298424 0.0632399 0.102636 0.00945422
 0.672576 0.202287 0.0814855 0.0159169 0.0277342
 0.760455 0.179941 0.0380588 0.0141239 0.00742064
 0.722695 0.22824 0.0376612 0.00732969 0.00407414
 0.863142 0.107438 0.0245654 0.00374192 0.00111269
 0.485582 0.4633 0.040839 0.00860821 0.00167134
 0.461811 0.310752 0.206545 0.0167496 0.00414282
 0.651016 0.19236 0.0935239 0.0573947 0.00570507
 0.847501 0.112935 0.0226971 0.010142 0.00672556
 0.895993 0.0929624 0.00837357 0.00154437 0.00112652
 0.835042 0.152372 0.011347 0.000943226 0.000295367
 0.778519 0.195137 0.024488 0.00167676 0.000179789
 0.775854 0.18819 0.0319916 0.00368917 0.000274896
 0.848627 0.127633 0.0202111 0.0031464 0.000383154
 0.968172 0.0284605 0.00287719 0.000418131 7.17591e-05
 0.406019 0.580843 0.0118509 0.00110225 0.000184432
 0.948402 0.0253744 0.0256894 0.000482965 5.15349e-05
 0.638832 0.348254 0.00661443 0.00617313 0.000126258
 0.693908 0.219471 0.0837838 0.00146526 0.00137212
 0.792959 0.158896 0.0353166 0.0124164 0.000412657
 0.817255 0.154738 0.0219154 0.00448856 0.00160321
 0.31916 0.589043 0.0787223 0.0102707 0.00280437
 0.801456 0.0788564 0.104675 0.0129065 0.00210631
 0.661507 0.289221 0.0205488 0.0251741 0.0035488
 0.452411 0.400995 0.126846 0.00831842 0.0114294
 0.782035 0.117248 0.0753504 0.0220058 0.00336128
 0.729243 0.226768 0.0245825 0.014581 0.00482498
 0.346808 0.515714 0.116729 0.0116853 0.00906308
 0.448112 0.235636 0.253926 0.0530657 0.00925978
 0.884975 0.0626006 0.0234739 0.0233243 0.0056265
pobs_pel_tallas
 0 0 0 0 0 0 0 0 0 0 0 0 0 0 0 0 0 0 0 0 0 0 0 0 0 0
 0 0 0 0 0 0 0 0 0 0 0 0 0 0 0 0 0 0 0 0 0 0 0 0 0 0
 0 0 0 0 0 0 0 0 0 0 0 0 0 0 0 0 0 0 0 0 0 0 0 0 0 0
 0 0 0 0 0 0 0 0 0 0 0 0 0 0 0 0 0 0 0 0 0 0 0 0 0 0
 0 0 0 0 0 0 0 0 0 0 0 0 0 0 0 0 0 0 0 0 0 0 0 0 0 0
 0 0 0 0 0 0 0 0 0 0 0 0 0 0 0 0 0 0 0 0 0 0 0 0 0 0
 0 0 0 0 0 0 0 0 0 0 0 0 0 0 0 0 0 0 0 0 0 0 0 0 0 0
 0 0 0 0 0 0 0 0 0 0 0 0 0 0 0 0 0 0 0 0 0 0 0 0 0 0
 0 0 0 0 0 0 0 0 0 0 0 0 0 0 0 0 0 0 0 0 0 0 0 0 0 0
 0 0 0 0 0 0 0 0 0 0 0 0 0 0 0 0 0 0 0 0 0 0 0 0 0 0
 0 0 0 0 0 0 0 0 0 0 0 0 0 0 0 0 0 0 0 0 0 0 0 0 0 0
 0 0 0 0 0 0 0 0 0 0 0 0 0 0 0 0 0 0 0 0 0 0 0 0 0 0
 0.00862536 0 0 0.000197151 0.00414017 0.0128641 0.00837892 0.0270097 0.101434 0.158115 0.152841 0.127902 0.109271 0.109419 0.0830992 0.0579132 0.0238553 0.00714673 0.00463305 0.00128148 0.00103504 0.000492878 0.000147863 0.000147863 4.92878e-05 0
 0 0 0 0 0 0 0 0 0 0 0 0 0 0 0 0 0 0 0 0 0 0 0 0 0 0
 0 0 0 0 0 0 0 0.0054083 0.00873648 0.0413646 0.0450493 0.0745869 0.0622846 0.0627006 0.0613931 0.0827291 0.12552 0.122667 0.0946155 0.0697135 0.0546179 0.0294188 0.0215738 0.0213955 0.0102223 0.00600262
 0 0 0 0 0.00359764 0.0251062 0.0480494 0.140153 0.205849 0.193036 0.1447 0.116669 0.0760912 0.0342217 0.00950174 0.001854 0.000860785 0 0 0 0.000165536 0 0.000143464 0 0 0
 0 0 0 0 0 0 0 0.000145254 0.000435761 0.0275982 0.070085 0.0708112 0.156366 0.174668 0.174014 0.160142 0.0824315 0.0480064 0.0283245 0.00493863 0.00203355 0 0 0 0 0
 0 0 0 0 0 0 0 0 0 0 0 0 0 0 0 0 0 0 0 0 0 0 0 0 0 0
 0 0 1.00437e-05 0.000401748 0.00122533 0.00171747 0.00176769 0.0269171 0.070346 0.194647 0.189555 0.159765 0.064822 0.0314167 0.0384472 0.0292271 0.0345202 0.0313363 0.0194345 0.0106764 0.0143323 0.0359363 0.0279516 0.0138201 0.00172751 0
 0 0.0021121 0.0136068 0.0755702 0.200478 0.177729 0.0527432 0.0373336 0.0318909 0.0142505 0.0149659 0.0166563 0.0217959 0.0798694 0.0677717 0.0528807 0.04013 0.0224614 0.0357745 0.0225083 0.00881397 0.00855152 0.00135912 0.000746735 0 0
 0 0 0 0 5.4009e-05 0.00500934 0.000945158 0.0243581 0.138947 0.33067 0.221406 0.137944 0.0707744 0.0437923 0.0131692 0.00525238 0.0047753 0.00276346 9.45158e-05 9.00151e-06 2.25038e-05 9.00151e-06 4.50075e-06 0 0 0
 0.000866109 0.00284123 0.00948549 0.0512746 0.133035 0.25785 0.225252 0.132002 0.0553304 0.0519788 0.0540692 0.017754 0.00435017 0.00159236 0.00146478 0.000404838 0.000125132 0.000115318 0.000107957 0.000100596 0 0 0 0 0 0
 0 0 0 0 0.00144013 0.00171154 0.00461396 0.0210425 0.0478622 0.0707936 0.0888783 0.103762 0.0637923 0.0337046 0.0602308 0.124433 0.169614 0.0934646 0.0462172 0.0250306 0.0313229 0.00938855 0.002487 0.000210481 0 0
 0 0.00764035 0.051015 0.0998891 0.058973 0.0496711 0.0374665 0.0718981 0.12319 0.153886 0.159021 0.0857701 0.0377988 0.023471 0.0147837 0.00900784 0.00315554 0.000888139 0.00291439 0.00214683 0.00393193 0.00274676 0.000635225 9.99891e-05 0 0
 0 0 0 0 0 0 0 0 0 0 0 0 0 0 0 0 0 0 0 0 0 0 0 0 0 0
 0 0 0 0 0 0 0 0 0 0 0 0 0 0 0 0 0 0 0 0 0 0 0 0 0 0
 0 0 0 0 0 0 0 0 0 0 0 0 0 0 0 0 0 0 0 0 0 0 0 0 0 0
 0 0 0 0 0 0 0 0 0 0 0 0 0 0 0 0 0 0 0 0 0 0 0 0 0 0
 0 0 0 0 0 0 0 0 0 0 0 0 0 0 0 0 0 0 0 0 0 0 0 0 0 0
 0 0 0 0 0 0 0 0 0 0 0 0 0 0 0 0 0 0 0 0 0 0 0 0 0 0
 0 0 0 0 0 0 0 0 0 0 0 0 0 0 0 0 0 0 0 0 0 0 0 0 0 0
ppred_pel_tallas
 1.10652e-16 4.43816e-05 0.000431405 0.00286684 0.0130322 0.0405482 0.0863928 0.126096 0.126112 0.0864693 0.0408061 0.0137822 0.00476869 0.00464682 0.00823645 0.0140312 0.0213357 0.0291746 0.0364981 0.0426899 0.0476865 0.0515392 0.0538728 0.0538432 0.0506913 0.0444041
 1.13795e-16 4.33463e-05 0.000421341 0.00279996 0.0127282 0.0396024 0.0843782 0.123158 0.123187 0.0845191 0.0400757 0.0140963 0.00623782 0.00793919 0.0143609 0.0237827 0.0345286 0.0440342 0.0497546 0.0506253 0.0477218 0.0434833 0.0401084 0.0383732 0.0375928 0.0364467
 1.08693e-16 5.53993e-05 0.0005385 0.00357853 0.0162675 0.0506142 0.10784 0.157399 0.157419 0.107935 0.050936 0.017198 0.00591881 0.00566228 0.00983058 0.0162811 0.023725 0.0304246 0.0346461 0.0356053 0.0339059 0.0310425 0.0283866 0.0264689 0.02499 0.0233305
 1.03817e-16 6.26377e-05 0.000608861 0.0040461 0.018393 0.0572275 0.12193 0.177964 0.177981 0.122015 0.0575125 0.0192166 0.00611465 0.00512855 0.00865833 0.0142468 0.0205933 0.0260611 0.0290275 0.0287531 0.0258127 0.0216774 0.0177953 0.0148928 0.012906 0.0113758
 1.0257e-16 5.95275e-05 0.000578628 0.00384519 0.0174797 0.0543859 0.115876 0.169129 0.169151 0.115983 0.054747 0.0185228 0.00646392 0.00629673 0.0109233 0.0179747 0.0259121 0.0326362 0.0360459 0.035168 0.0307261 0.0246287 0.0188101 0.0143285 0.011245 0.00908392
 1.01301e-16 7.10959e-05 0.000691078 0.00459245 0.0208766 0.064955 0.138394 0.201992 0.202003 0.138445 0.0651252 0.0213684 0.00582757 0.00338963 0.00520285 0.00850623 0.0122869 0.0155342 0.0172657 0.0170226 0.0151276 0.0124435 0.00983476 0.00776055 0.00623463 0.00505006
 1.02444e-16 3.99968e-05 0.000388783 0.0025836 0.0117447 0.0365424 0.0778591 0.113647 0.113692 0.0780771 0.0372742 0.0138578 0.00788569 0.0119566 0.0219895 0.0362378 0.0520752 0.065226 0.0713546 0.0684554 0.0580538 0.0441907 0.0310434 0.0210233 0.0144382 0.0103635
 1.08421e-16 3.80388e-05 0.000369751 0.00245712 0.0111697 0.0347534 0.0740469 0.10808 0.10811 0.0741946 0.0352501 0.0126076 0.00607843 0.00831522 0.0152452 0.0254483 0.0373638 0.0484561 0.0561049 0.0590083 0.0577936 0.0542764 0.050048 0.0456087 0.040591 0.0345847
 1.0947e-16 5.36234e-05 0.000521238 0.00346381 0.015746 0.0489918 0.104383 0.152354 0.152372 0.104474 0.0492985 0.0166335 0.00569777 0.00541845 0.00941514 0.0156418 0.0229118 0.029635 0.03423 0.0359948 0.0354835 0.0340016 0.0326404 0.0316414 0.0304926 0.0285045
 1.0284e-16 6.98075e-05 0.000678554 0.00450923 0.0204983 0.0637779 0.135886 0.198332 0.198343 0.135939 0.0639568 0.0210152 0.00580731 0.00351471 0.00546352 0.0089416 0.0129219 0.0163544 0.018223 0.0180709 0.0162688 0.0137499 0.0114275 0.00975118 0.00866088 0.00783864
 1.00612e-16 7.38018e-05 0.00071738 0.00476724 0.0216712 0.0674272 0.143661 0.209679 0.209688 0.143705 0.067574 0.0220952 0.00583121 0.00303875 0.00447876 0.0072776 0.0104533 0.0130961 0.0143335 0.0137643 0.0116957 0.00893906 0.00633191 0.00435559 0.00306764 0.00227724
 1.00512e-16 6.87813e-05 0.000668579 0.00444294 0.020197 0.0628404 0.133889 0.195417 0.195432 0.13396 0.063081 0.0208917 0.00618579 0.00447034 0.00728051 0.0119048 0.0170894 0.0213771 0.0233315 0.0222883 0.0187502 0.0140562 0.0095986 0.00619393 0.00396476 0.00261953
 1.00956e-16 6.41256e-05 0.000623324 0.00414221 0.0188299 0.0585868 0.124826 0.182191 0.18221 0.124918 0.0588953 0.0197206 0.00637777 0.00550234 0.00932652 0.0153069 0.022019 0.0276341 0.0303295 0.0292554 0.0250327 0.0193256 0.0138505 0.00959283 0.00668107 0.00475779
 1.01388e-16 6.39061e-05 0.000621191 0.00412803 0.0187654 0.0583863 0.124399 0.181568 0.181586 0.124488 0.0586841 0.0196255 0.00628719 0.00533567 0.00902045 0.0148187 0.0213564 0.0268865 0.0296671 0.0288841 0.0251202 0.0199386 0.014934 0.010996 0.00821012 0.00623042
 1.00997e-16 6.99003e-05 0.000679456 0.00451522 0.0205256 0.0638627 0.136067 0.198596 0.198608 0.136127 0.0640646 0.0211087 0.00597913 0.00387557 0.00614101 0.0100444 0.0144683 0.018205 0.0200708 0.0195153 0.0169387 0.013409 0.0100159 0.00736723 0.00551893 0.00422714
 1.00145e-16 7.97471e-05 0.00077517 0.00515128 0.023417 0.0728589 0.155234 0.226569 0.226571 0.155247 0.0729038 0.0235468 0.0054771 0.00148612 0.00142898 0.00223355 0.00320349 0.00401486 0.00439694 0.004226 0.00359463 0.00274912 0.00194396 0.00132582 0.000913681 0.000652481
 1.00633e-16 3.34434e-05 0.000325082 0.00216028 0.00982037 0.0305551 0.065103 0.0950314 0.0950873 0.0653759 0.0314712 0.0124648 0.00879253 0.0147845 0.0274389 0.0451632 0.0647131 0.0806554 0.0874765 0.0826345 0.0681134 0.0491732 0.0313356 0.0179131 0.00948054 0.00489753
 1.00806e-16 7.81186e-05 0.000759341 0.00504609 0.0229388 0.071371 0.152064 0.221942 0.221944 0.152076 0.0714119 0.0230571 0.00534483 0.00141683 0.00134239 0.00213598 0.00316284 0.00417042 0.00495106 0.00539635 0.00553459 0.00546906 0.00527373 0.00494364 0.00443406 0.00373619
 1.00921e-16 5.26198e-05 0.000511484 0.00339899 0.0154513 0.048075 0.10243 0.149507 0.14954 0.102594 0.0486243 0.017037 0.0073758 0.00918191 0.0164871 0.0270889 0.0388201 0.0484036 0.0525413 0.0497205 0.0411412 0.0299598 0.0194763 0.0116489 0.0067822 0.00415059
 1.02854e-16 5.71563e-05 0.00055558 0.00369202 0.0167834 0.0522195 0.11126 0.162392 0.162413 0.111364 0.0525682 0.0177916 0.00622643 0.00610053 0.0106239 0.0175655 0.0255113 0.0325189 0.0366227 0.0368732 0.0338385 0.0291097 0.024247 0.0200285 0.0164465 0.0131913
 1.02375e-16 6.5315e-05 0.000634885 0.00421903 0.0191791 0.0596735 0.127141 0.18557 0.185585 0.127216 0.0599252 0.0199065 0.00604593 0.00462665 0.00765716 0.0125837 0.0181876 0.0230119 0.0256151 0.0253306 0.0226463 0.0188414 0.0151838 0.0123242 0.0102417 0.00858868
 1.01394e-16 6.73162e-05 0.000654338 0.0043483 0.0197668 0.0615018 0.131037 0.191255 0.19127 0.13111 0.0617465 0.0204735 0.00612231 0.00452697 0.007422 0.0121631 0.0175136 0.0220205 0.0242493 0.0235366 0.0203775 0.016082 0.0119866 0.00883611 0.00669268 0.00524105
 1.03927e-16 2.62889e-05 0.000255537 0.00169814 0.00771952 0.0240186 0.0511763 0.0747051 0.0747619 0.0514536 0.0249498 0.0104091 0.00844877 0.0149902 0.0280039 0.0462376 0.0665625 0.0836103 0.0919093 0.0889118 0.0764947 0.0596621 0.0435499 0.0310688 0.0225404 0.0168358
 1.04692e-16 6.60149e-05 0.000641688 0.00426424 0.0193846 0.0603128 0.128503 0.187556 0.187563 0.128541 0.0604406 0.0197556 0.00520266 0.00271392 0.00407085 0.00680613 0.0102189 0.0137277 0.0167586 0.0190058 0.0205224 0.0215087 0.0220015 0.0217711 0.0205148 0.0181478
 1.03793e-16 5.44875e-05 0.000529638 0.00351963 0.0159998 0.0497813 0.106065 0.154811 0.154839 0.106201 0.0502381 0.0173189 0.00682975 0.007752 0.0137607 0.0226371 0.0325471 0.0408177 0.0447745 0.0432126 0.0371344 0.0290934 0.0216795 0.0163098 0.0130241 0.0110682
 1.06532e-16 3.72646e-05 0.000362225 0.00240712 0.0109424 0.0340461 0.0725403 0.105883 0.105922 0.0727298 0.0346825 0.0127818 0.00702939 0.0104697 0.019283 0.031949 0.0463197 0.0588693 0.0659976 0.0660002 0.0600084 0.0510777 0.0422174 0.0349439 0.0292119 0.0242886
 1.04981e-16 6.44152e-05 0.000626138 0.00416091 0.0189149 0.0588513 0.125389 0.183012 0.183023 0.125445 0.0590388 0.0194576 0.00552788 0.00362612 0.00580868 0.00962369 0.0141451 0.0183943 0.0214078 0.0227316 0.0226384 0.0218307 0.0208858 0.0199155 0.018658 0.0168224
 1.03047e-16 6.00669e-05 0.000583871 0.00388003 0.0176381 0.0548787 0.116926 0.170661 0.170683 0.117032 0.0552371 0.0186732 0.00647802 0.00625419 0.0108259 0.0177949 0.0256128 0.0321804 0.0354061 0.0343395 0.0297432 0.0235803 0.0178383 0.0136011 0.0109034 0.00918872
 1.06207e-16 2.85662e-05 0.000277674 0.00184524 0.00838824 0.0260992 0.0556089 0.0811733 0.081223 0.0558521 0.0269161 0.0107486 0.00777314 0.0132287 0.0246553 0.0407936 0.0589434 0.0744971 0.08275 0.081496 0.0722866 0.0592749 0.0466348 0.0366 0.0292632 0.0236422
 1.14277e-16 3.69104e-05 0.000358782 0.00238424 0.0108384 0.0337224 0.0718501 0.104872 0.104895 0.071963 0.0341025 0.0119409 0.00516894 0.0064955 0.0118611 0.0199938 0.0298355 0.0396925 0.0478057 0.0532944 0.0564868 0.0582842 0.0591476 0.0586461 0.0559012 0.0504222
 1.03985e-16 7.28942e-05 0.000708558 0.00470861 0.0214047 0.0665979 0.141894 0.2071 0.207106 0.141924 0.0666976 0.0216929 0.00543378 0.00229713 0.00310656 0.00506535 0.00739876 0.0095425 0.0109833 0.0115106 0.0113379 0.0109323 0.010683 0.0106721 0.0106917 0.0104377
pSPR Fmed_Fpbrs
0.377751   0.6 0.325
Fs Fmed_Fpbrs
0.661648   0.314665 0.787617
SSBpbr Bo_Bmed_Bpbrs
1.22478e+06  401423  673629 336815
Ro
104491
SPR SPRFo_SPRFmed_SPRFpbrs
745817 281733 242391
Fref
0.314665
Nvult_r0
 118832 7321.84 2539.63 2474.51 594.48
CTP_r0
 34028.6 2810.55 992.644 968.121 232.595
YTP_r0
391249
Np
 125991 38082.9 10529.5 483.598 207.805
Nvult_p0
 87908.3 27755.9 7700.2 353.717 151.996
CTP_p0
 14433.9 6614.34 314.619 106.773 124.014
 14433.9 6487.09 1840.71 84.6566 36.3802
YTP_p0
 226365 256055
CBA_c0
235272
log_Ro
11.3769
likeval ReclasPelacesDesembMPH_pf_preclas_ppelaces_ptallas_desvR_qrecl_qpela
 11.8414 16.2751 0.017192 0.000837062 244.993 116.609 101.909 0 26.4796 3.03678e-05 9.61906e-05 0.0180097 1.27172e-15 0 0
q_reclas_q_pelaces
2.18341 4.03634
M
1
N
 138803 30558.7 49117.4 4508.16 0.168866
 88032.7 41085.1 8021.27 12763 1170.83
 86474.9 21389.2 7937.47 1520.06 2637.74
 95789.3 21044.2 4142.54 1508.02 789.079
 74182.4 17893.7 2703.18 515.608 285.415
 216603 21211.1 4451.28 664.613 196.815
 63945.4 58060.6 4773.15 987.036 190.86
 23105.2 11319.7 6860.52 545.137 134.276
 27414.4 7333.25 3311.23 1993.1 197.307
 37178.8 5410.89 1026.02 450.06 297.249
 63070.3 4874.3 401.118 72.4966 52.6634
 112631 19046 1319.83 107.62 33.5633
 93148.6 21125.6 2462.01 165.348 17.6569
 67060.8 18406.4 2961.07 335.255 24.8808
 52384.2 8137.91 1210.17 184.895 22.4245
 289327 7755.66 728.611 103.859 17.7515
 46564.6 56211.2 1058.84 96.5634 16.091
 495025 10713.5 9978.43 183.904 19.5429
 265123 124886 2194.29 2008.19 40.9051
 211648 57924.3 20458.7 350.858 327.211
 278087 46099.1 9443.88 3255.22 107.743
 409381 66806.2 8751.01 1757.56 625.191
 61487.2 89940.6 11039 1411.76 383.889
 211993 16218.6 19739.9 2385.62 387.723
 171628 58296.6 3797.46 4559.83 640.154
 70122.4 47284.9 13689.5 879.829 1203.89
 172836 20222.5 11919.9 3412.1 519.037
 199988 47151.6 4676.75 2718.59 895.899
 52001.5 58103.5 12024 1179.58 911.107
 36202.4 15408.1 15276 3129.56 543.854
 157662 9121.58 3149.56 3068.06 737.067
pred_Ctot
 17451 5687.69 9378.57 861.97 0.0322899
 19539.7 12985.5 2592.69 4130.27 378.92
 19131.9 6740.53 2558.15 490.483 851.18
 31465.6 9403.77 1886.32 687.37 359.689
 10662 3780.38 585.54 111.836 61.9109
 38122.1 5416.98 1164.32 174.064 51.5497
 22232.3 27226.7 2279.38 471.805 91.2362
 2028.99 1493.4 929.664 73.9768 18.223
 8443.31 3100.28 1427.5 860.134 85.1536
 16404.7 3084.35 593.688 260.627 172.142
 7257.46 833.804 70.4161 12.7444 9.25849
 36830.6 8477.94 598.699 48.867 15.2409
 28647.6 8920.21 1060.09 71.2696 7.61102
 30985 10878.6 1775.22 201.144 14.9283
 21265 4338.91 655.763 100.276 12.1623
 90837 3333.69 319.298 45.5608 7.7876
 11451.6 19488.4 375.122 34.2494 5.70755
 101378 3146.52 2998.76 55.3352 5.88068
 70978.7 46700.7 837.865 767.658 15.6375
 56930.6 21751.3 7844.32 134.676 125.607
 63132.1 14871.2 3115.06 1075 35.5832
 108657 24791.6 3316.28 666.785 237.2
 11300.3 23909.6 3004.89 384.774 104.636
 34645.2 3865.59 4820.79 583.36 94.8173
 27888.4 13820.5 922.481 1109.11 155.719
 9769.67 9700.58 2879.87 185.338 253.621
 28928 4928.44 2976.21 853.045 129.771
 27094.3 9420.68 958.282 557.8 183.833
 6509.44 10769.7 2286.43 224.61 173.501
 7435.45 4537.29 4602.85 944.133 164.082
 34028.6 2810.55 992.644 968.121 232.595
F
 0.217411 0.337553 0.347665 0.348214 0.348243
 0.414821 0.644052 0.663344 0.664392 0.664447
 0.413228 0.641578 0.660797 0.661841 0.661896
 0.6777 1.0522 1.08372 1.08543 1.08552
 0.252003 0.391259 0.40298 0.403616 0.40365
 0.316576 0.491517 0.50624 0.50704 0.507082
 0.731486 1.13571 1.16973 1.17157 1.17167
 0.147639 0.229224 0.23609 0.236463 0.236483
 0.622655 0.966734 0.995693 0.997266 0.997349
 1.03176 1.60191 1.6499 1.65251 1.65264
 0.197392 0.306471 0.315651 0.31615 0.316176
 0.67363 1.04588 1.07721 1.07891 1.079
 0.621497 0.964937 0.993842 0.995411 0.995494
 1.10907 1.72194 1.77352 1.77632 1.77647
 0.910182 1.41315 1.45548 1.45778 1.4579
 0.638442 0.991246 1.02094 1.02255 1.02264
 0.469335 0.728691 0.750519 0.751704 0.751767
 0.377205 0.585649 0.603192 0.604145 0.604195
 0.521058 0.808996 0.83323 0.834546 0.834615
 0.524133 0.81377 0.838147 0.83947 0.83954
 0.426139 0.661624 0.681443 0.682519 0.682576
 0.515496 0.800359 0.824334 0.825636 0.825705
 0.332672 0.516507 0.531979 0.532819 0.532863
 0.291011 0.451824 0.465358 0.466093 0.466132
 0.289137 0.448914 0.462361 0.463091 0.46313
 0.243449 0.377979 0.389301 0.389916 0.389949
 0.298976 0.464191 0.478096 0.478851 0.478891
 0.236033 0.366465 0.377443 0.378039 0.37807
 0.216376 0.335946 0.346009 0.346556 0.346585
 0.378483 0.587633 0.605236 0.606192 0.606242
 0.401264 0.623003 0.641665 0.642678 0.642732
YTP_r0W_actual
 282437 39628.7 27397 33109.7 8675.8
YTP_p0W_proyectada
 108110 103647 7277.14 3135.92 4195.39
 108110 101653 42575.6 2486.37 1230.74
CTP_r0_actual
 34028.6 2810.55 992.644 968.121 232.595
CTP_p0_proyectada
 14433.9 6614.34 314.619 106.773 124.014
 14433.9 6487.09 1840.71 84.6566 36.3802
Wmedp
 7.49 15.67 23.13 29.37 33.83
Frms_r0
 0.401264 0.623003 0.641665 0.642678 0.642732
Zrms_r0
 1.40126 1.623 1.64166 1.64268 1.64273
nmprior
 8.19 8.8 8.5 0
nm_flota  nm_reclas  nm_pelaces    nm_pelaL
inf 18.9753 12.2539 25.9871
cv_recla  cv_pelaces  cv_mph
0.311263 0.45744 0.892862
 ------------------------------------------------
Talla a la edad & desviaci?n 
 8 13.2811 15.8009 17.003 17.5766
 0.8 1.32811 1.58009 1.7003 1.75766
