years
 1991 1992 1993 1994 1995 1996 1997 1998 1999 2000 2001 2002 2003 2004 2005 2006 2007 2008 2009 2010 2011 2012 2013 2014 2015 2016 2017 2018 2019 2020 2021
reclasobs
 0 0 0 0 0 0 0 0 0 252601 567819 844713 477998 351125 339783 2.1784e+06 2.13404e+06 4.81314e+06 1.55562e+06 2.62356e+06 3.21686e+06 3.843e+06 1.13348e+06 3.07943e+06 1.97215e+06 2.03268e+06 2.025e+06 2.42433e+06 2.27542e+06 1.05018e+06 2.36338e+06
reclaspred
 3.32897e+06 2.10996e+06 708553 759284 112167 3.47236e+06 1.33131e+06 246848 1.13062e+06 228509 275084 1.2733e+06 552318 700117 370852 2.05536e+06 732420 4.8222e+06 5.44547e+06 1.50636e+06 2.99953e+06 3.46462e+06 1.49029e+06 3.61811e+06 2.67595e+06 1.28726e+06 2.09068e+06 4.26518e+06 3.22382e+06 585968 1.3617e+06
pelacesobs
 0 0 0 0 0 0 0 0 0 0 0 0 0 0 0 552880 188675 0 991730 2.46772e+06 1.41603e+06 1.21717e+06 2.29649e+06 1.80582e+06 0 1.4828e+06 1.56532e+06 1.57751e+06 1.42118e+06 867257 1.10002e+06
pelacespred
 3.47225e+06 1.21929e+06 435392 261403 37055.9 1.74881e+06 783446 209974 535809 92490.5 124863 528784 241864 291215 133995 791844 352575 2.41843e+06 3.28076e+06 968266 1.39454e+06 1.59341e+06 933887 2.10461e+06 1.73787e+06 895318 1.25764e+06 2.71707e+06 2.58286e+06 469431 630440
mphobs
 0 0 0 0 0 0 0 0 0 0 0 498337 0 5186 125008 0 168611 109162 213762 579715 649985 157893 87575 83554 0 0 0 0 0 0 0
mphpred
 1.01595e+06 268049 248173 42866.3 60759.8 4416.02 524177 88430.7 16330.3 125082 7098.62 38761.7 149159 28616.7 36274.9 24548.3 267132 47471.8 710606 600992 126017 324654 457739 135598 495371 357799 105736 252055 801836 287609 25983.2
desembarqueobs
 494567 514787 250237 358949 120608 361735 552515 73892 212993 205616 52469 317467 293654 387597 252695 516296 358380 742168 942051 627588 828172 859565 418607 520667 417249 300574 415391 372974 316634 284311 391294
desembarquepred
 494420 514526 249544 358258 120463 361423 551539 73841 212736 205265 52425.5 316954 292944 386471 252084 515394 357906 741058 939825 625053 826782 857774 417950 520047 416478 299984 414666 372520 316113 283252 390749
Reclutas
 929.773 202531 1319.99 112264 751.931 286013 745.373 209.169 61901.6 971.196 27920.6 154540 30716.1 81241.9 37546.2 264221 2073.9 461011 364837 18923.5 255291 405897 2158.81 187632 135518 8161.96 132126 216416 6879.68 2134.13 109495
log_desv_Rt
 -3.33562 2.04809 -2.98518 1.45804 -3.54792 2.39323 -3.55668 -4.82742 0.86274 -3.29203 0.066558 1.77765 0.161979 1.13462 0.362766 2.31398 -2.53337 2.87061 2.63665 -0.322405 2.2796 2.74329 -2.49325 1.97167 1.6463 -1.16332 1.62095 2.1144 -1.33423 -2.50475 1.43307
SSB
 888389 234392 217012 37483.9 53130.7 3861.53 458360 77327.1 14279.8 109376 6207.3 33894.7 130430 25023.5 31720.1 21465.9 233591 41511.1 621380 525530 110194 283890 400264 118572 433171 312873 92459.9 220406 701155 251496 22720.7
BT
 1.15991e+06 930838 317738 415255 101098 1.26356e+06 687200 112241 466238 199272 106641 529715 334364 559339 314421 825097 370130 1.94781e+06 2.19483e+06 845301 1.41984e+06 1.42998e+06 572287 1.51264e+06 955719 478832 1.04424e+06 1.62392e+06 901853 403374 703772
Ftot
 0.660066 1.38999 1.40794 2.66265 3.06286 0.744289 1.59894 1.22378 1.27606 2.75632 1.27456 1.59287 2.22611 3.11225 3.45618 1.66452 1.8285 1.06108 0.972183 1.64766 1.68901 1.45083 1.16902 0.942675 0.825412 1.02274 1.26542 0.572154 0.450232 1.79777 1.86113
BD_Bspro_t
 0.900542 0.417584 0.307301 0.0779806 0.0916048 0.0100304 0.443069 0.112042 0.0353946 0.222416 0.0252293 0.188324 0.271831 0.0630384 0.0724824 0.0534705 0.254652 0.0606396 0.405935 0.315512 0.0819487 0.183716 0.250918 0.105874 0.32457 0.306167 0.151888 0.323183 0.566491 0.316343 0.0583877
BD_Bspro
 4.76465 1.2571 1.16389 0.201035 0.284953 0.0207103 2.4583 0.414724 0.076586 0.586612 0.0332913 0.181785 0.699527 0.134207 0.170123 0.115127 1.2528 0.222634 3.33262 2.81854 0.590999 1.52257 2.14671 0.635932 2.3232 1.67801 0.495885 1.18209 3.76047 1.34884 0.121857
BD_Bo
 0.655579 0.172967 0.160142 0.0276609 0.0392073 0.00284958 0.338243 0.0570629 0.0105376 0.0807134 0.00458062 0.0250123 0.0962496 0.0184659 0.0234076 0.0158406 0.172376 0.0306328 0.458543 0.38781 0.0813169 0.209494 0.295371 0.0874993 0.319655 0.230882 0.06823 0.162647 0.517412 0.18559 0.0167666
BD_Brms
 1.19196 0.314486 0.291167 0.0502926 0.071286 0.00518106 0.614987 0.103751 0.0191594 0.146752 0.0083284 0.0454769 0.174999 0.0335744 0.0425592 0.0288011 0.313411 0.055696 0.833714 0.705109 0.147849 0.380898 0.537039 0.15909 0.581191 0.419785 0.124055 0.295722 0.940749 0.337436 0.0304847
Sel_flota
 0.481629 0.946392 0.997028 0.999843 0.999992
 0.481629 0.946392 0.997028 0.999843 0.999992
 0.481629 0.946392 0.997028 0.999843 0.999992
 0.481629 0.946392 0.997028 0.999843 0.999992
 0.481629 0.946392 0.997028 0.999843 0.999992
 0.481629 0.946392 0.997028 0.999843 0.999992
 0.481629 0.946392 0.997028 0.999843 0.999992
 0.481629 0.946392 0.997028 0.999843 0.999992
 0.481629 0.946392 0.997028 0.999843 0.999992
 0.481629 0.946392 0.997028 0.999843 0.999992
 0.481629 0.946392 0.997028 0.999843 0.999992
 0.481629 0.946392 0.997028 0.999843 0.999992
 0.481629 0.946392 0.997028 0.999843 0.999992
 0.481629 0.946392 0.997028 0.999843 0.999992
 0.481629 0.946392 0.997028 0.999843 0.999992
 0.481629 0.946392 0.997028 0.999843 0.999992
 0.481629 0.946392 0.997028 0.999843 0.999992
 0.481629 0.946392 0.997028 0.999843 0.999992
 0.481629 0.946392 0.997028 0.999843 0.999992
 0.481629 0.946392 0.997028 0.999843 0.999992
 0.481629 0.946392 0.997028 0.999843 0.999992
 0.481629 0.946392 0.997028 0.999843 0.999992
 0.481629 0.946392 0.997028 0.999843 0.999992
 0.481629 0.946392 0.997028 0.999843 0.999992
 0.481629 0.946392 0.997028 0.999843 0.999992
 0.481629 0.946392 0.997028 0.999843 0.999992
 0.481629 0.946392 0.997028 0.999843 0.999992
 0.481629 0.946392 0.997028 0.999843 0.999992
 0.481629 0.946392 0.997028 0.999843 0.999992
 0.481629 0.946392 0.997028 0.999843 0.999992
 0.481629 0.946392 0.997028 0.999843 0.999992
Sel_reclas
 0.74451 0.936165 0.986632 0.997315 0.999465
 0.74451 0.936165 0.986632 0.997315 0.999465
 0.74451 0.936165 0.986632 0.997315 0.999465
 0.74451 0.936165 0.986632 0.997315 0.999465
 0.74451 0.936165 0.986632 0.997315 0.999465
 0.74451 0.936165 0.986632 0.997315 0.999465
 0.74451 0.936165 0.986632 0.997315 0.999465
 0.74451 0.936165 0.986632 0.997315 0.999465
 0.74451 0.936165 0.986632 0.997315 0.999465
 0.74451 0.936165 0.986632 0.997315 0.999465
 0.74451 0.936165 0.986632 0.997315 0.999465
 0.74451 0.936165 0.986632 0.997315 0.999465
 0.74451 0.936165 0.986632 0.997315 0.999465
 0.74451 0.936165 0.986632 0.997315 0.999465
 0.74451 0.936165 0.986632 0.997315 0.999465
 0.74451 0.936165 0.986632 0.997315 0.999465
 0.74451 0.936165 0.986632 0.997315 0.999465
 0.74451 0.936165 0.986632 0.997315 0.999465
 0.74451 0.936165 0.986632 0.997315 0.999465
 0.74451 0.936165 0.986632 0.997315 0.999465
 0.74451 0.936165 0.986632 0.997315 0.999465
 0.74451 0.936165 0.986632 0.997315 0.999465
 0.74451 0.936165 0.986632 0.997315 0.999465
 0.74451 0.936165 0.986632 0.997315 0.999465
 0.74451 0.936165 0.986632 0.997315 0.999465
 0.74451 0.936165 0.986632 0.997315 0.999465
 0.74451 0.936165 0.986632 0.997315 0.999465
 0.74451 0.936165 0.986632 0.997315 0.999465
 0.74451 0.936165 0.986632 0.997315 0.999465
 0.74451 0.936165 0.986632 0.997315 0.999465
 0.74451 0.936165 0.986632 0.997315 0.999465
Sel_pelaces
 0.330825 0.713304 0.926043 0.984379 0.996857
 0.330825 0.713304 0.926043 0.984379 0.996857
 0.330825 0.713304 0.926043 0.984379 0.996857
 0.330825 0.713304 0.926043 0.984379 0.996857
 0.330825 0.713304 0.926043 0.984379 0.996857
 0.330825 0.713304 0.926043 0.984379 0.996857
 0.330825 0.713304 0.926043 0.984379 0.996857
 0.330825 0.713304 0.926043 0.984379 0.996857
 0.330825 0.713304 0.926043 0.984379 0.996857
 0.330825 0.713304 0.926043 0.984379 0.996857
 0.330825 0.713304 0.926043 0.984379 0.996857
 0.330825 0.713304 0.926043 0.984379 0.996857
 0.330825 0.713304 0.926043 0.984379 0.996857
 0.330825 0.713304 0.926043 0.984379 0.996857
 0.330825 0.713304 0.926043 0.984379 0.996857
 0.330825 0.713304 0.926043 0.984379 0.996857
 0.330825 0.713304 0.926043 0.984379 0.996857
 0.330825 0.713304 0.926043 0.984379 0.996857
 0.330825 0.713304 0.926043 0.984379 0.996857
 0.330825 0.713304 0.926043 0.984379 0.996857
 0.330825 0.713304 0.926043 0.984379 0.996857
 0.330825 0.713304 0.926043 0.984379 0.996857
 0.330825 0.713304 0.926043 0.984379 0.996857
 0.330825 0.713304 0.926043 0.984379 0.996857
 0.330825 0.713304 0.926043 0.984379 0.996857
 0.330825 0.713304 0.926043 0.984379 0.996857
 0.330825 0.713304 0.926043 0.984379 0.996857
 0.330825 0.713304 0.926043 0.984379 0.996857
 0.330825 0.713304 0.926043 0.984379 0.996857
 0.330825 0.713304 0.926043 0.984379 0.996857
 0.330825 0.713304 0.926043 0.984379 0.996857
pf_obs 
 0.8446 0.082 0.0669 0.0065 0
 0.8095 0.147 0.0364 0.0071 0
 0.9664 0.0169 0.016 0.0007 0
 0.9276 0.0648 0.0075 0.0001 0
 0.7033 0.2144 0.0806 0.0017 0
 0.9318 0.0425 0.0243 0.0014 0
 0.5671 0.3108 0.0964 0.0239 0.0018
 0.0768 0.2599 0.5324 0.112 0.0189
 0.490249 0.384438 0.106611 0.0170017 0.00170017
 0.7925 0.1577 0.0466 0.003 0.0002
 0.840416 0.127587 0.0312969 0.00059994 9.999e-05
 0.8084 0.0986 0.0794 0.0134 0.0002
 0.7335 0.1905 0.0724 0.0035 0.0001
 0.4001 0.4547 0.1325 0.0127 0
 0.49795 0.308269 0.164784 0.0264974 0.00249975
 0.9179 0.0499 0.0305 0.0017 0
 0.2467 0.6533 0.0926 0.0074 0
 0.9418 0.0223 0.034 0.0019 0
 0.707729 0.231977 0.0356964 0.0245975 0
 0.517169 0.277429 0.184464 0.0207286 0.00020938
 0.811772 0.124168 0.05621 0.00726502 0.000585176
 0.764997 0.148141 0.077277 0.00933861 0.000247198
 0.163321 0.427699 0.378323 0.0303852 0.000271297
 0.753843 0.0900009 0.118128 0.0371064 0.000921714
 0.721811 0.176058 0.0630433 0.0369309 0.00215725
 0.143369 0.312575 0.442814 0.0836902 0.0175525
 0.692698 0.0596174 0.167031 0.0765114 0.00414204
 0.394062 0.376323 0.152708 0.0712218 0.00568511
 0.125707 0.32114 0.495352 0.0537591 0.00404204
 0.23352 0.215282 0.420074 0.123614 0.00750983
 0.796117 0.104755 0.0508955 0.0450114 0.00322123
pf_pred 
 0.0091277 0.254287 0.528731 0.207853 1.42304e-06
 0.918953 0.00177666 0.0214624 0.041541 0.0162668
 0.0210076 0.952904 0.000632084 0.00692003 0.0185367
 0.952005 0.002878 0.0440323 2.6436e-05 0.00105865
 0.0464664 0.944693 0.000611469 0.0080332 0.000196216
 0.998156 0.000380836 0.00145223 7.93735e-07 1.05828e-05
 0.00656538 0.992705 0.000159685 0.000565105 4.40801e-06
 0.0202986 0.0198107 0.95926 0.000138714 0.000491826
 0.981606 0.00108072 0.000383076 0.0169196 1.10633e-05
 0.0542527 0.940096 0.000364635 0.000117578 0.00516961
 0.975413 0.00528543 0.0192036 6.37449e-06 9.15962e-05
 0.947287 0.0522773 0.000100801 0.000333357 1.69148e-06
 0.443914 0.546435 0.00957942 1.65995e-05 5.48509e-05
 0.923147 0.0584399 0.0181326 0.000278194 2.05914e-06
 0.810152 0.187157 0.00212744 0.000555416 8.5027e-06
 0.984632 0.0148183 0.00054282 5.11371e-06 1.34144e-06
 0.030734 0.964602 0.00451416 0.000148208 1.75176e-06
 0.988472 0.0011153 0.0103684 4.32205e-05 1.42665e-06
 0.681892 0.316793 0.000137445 0.00117289 5.02687e-06
 0.111032 0.751465 0.136981 5.4707e-05 0.00046672
 0.939089 0.0175647 0.0372349 0.00608789 2.3029e-05
 0.85977 0.137672 0.000797093 0.00151328 0.000246853
 0.0167295 0.932112 0.0503162 0.000263433 0.000578477
 0.916008 0.00369457 0.0764609 0.00377356 6.28195e-05
 0.637104 0.350978 0.000566562 0.010811 0.000540025
 0.106552 0.723297 0.164986 0.000246554 0.00491881
 0.91467 0.0203104 0.053463 0.0112076 0.000349184
 0.817454 0.176979 0.00142235 0.00341166 0.000733718
 0.0540553 0.859478 0.084004 0.000630814 0.00183162
 0.07211 0.103128 0.753704 0.069042 0.00201643
 0.980434 0.00439903 0.00186662 0.0121608 0.00113926
pobs_RECLAS
 0 0 0 0 0
 0 0 0 0 0
 0 0 0 0 0
 0 0 0 0 0
 0 0 0 0 0
 0 0 0 0 0
 0 0 0 0 0
 0 0 0 0 0
 0 0 0 0 0
 0 0 0 0 0
 0.991045 0.00858322 0.000360255 1.14367e-05 0
 0.934742 0.0480273 0.0164251 0.00080598 0
 0.827803 0.169806 0.00239088 0 0
 0.941827 0.0461693 0.0120037 0 0
 0.791401 0.0380133 0.147996 0.0225897 0
 0.846168 0.0940531 0.0597789 0 0
 0.134021 0.677848 0.182769 0.00536245 0
 0.80878 0.0450904 0.141981 0.00414843 0
 0.846168 0.0940531 0.0597789 0 0
 0.905697 0.0802665 0.012482 0.00150086 5.37128e-05
 0.989698 0.0102097 9.19794e-05 0 0
 0.975433 0.0193895 0.00387452 0.00125025 5.28907e-05
 0.303575 0.632131 0.0575291 0.00676475 0
 0.966965 0.00978017 0.0227588 0.000495775 0
 0.843318 0.132988 0.00938335 0.0141283 0.000182051
 0.564624 0.303363 0.111486 0.0197234 0.00080311
 0.826376 0.0876187 0.0782897 0.00655872 0.00115652
 0.89761 0.0855135 0.0140674 0.00269457 0.000114338
 0.34875 0.467042 0.161289 0.0227151 0.000203297
 0.318654 0.224769 0.449479 0.00709798 0
 0.937255 0.0296025 0.0250945 0.00804832 0
ppred_RECLAS
 0.0147276 0.253191 0.524353 0.207726 1.42501e-06
 0.951741 0.00106475 0.0127053 0.0247701 0.00971869
 0.035826 0.938582 0.000614836 0.00677999 0.0181973
 0.976525 0.00145206 0.0214888 1.29797e-05 0.000520773
 0.0953622 0.896543 0.000556925 0.0073578 0.000180058
 0.998872 0.000233732 0.000887034 4.88549e-07 6.52674e-06
 0.0115476 0.987734 0.000156485 0.00055771 4.35885e-06
 0.0343415 0.019721 0.945311 0.000137706 0.000489218
 0.989186 0.00063753 0.00022356 0.00994669 6.51669e-06
 0.105782 0.889019 0.00033294 0.000107998 0.00475746
 0.985576 0.00312675 0.0112389 3.7581e-06 5.41073e-05
 0.969463 0.0302865 5.75211e-05 0.000191578 9.73988e-07
 0.604122 0.389176 0.00665199 1.16019e-05 3.84111e-05
 0.963561 0.027985 0.008325 0.000128435 9.52445e-07
 0.907842 0.0909122 0.000983771 0.000258163 3.95948e-06
 0.991317 0.00837696 0.000301934 2.86443e-06 7.52877e-07
 0.0544458 0.941087 0.00432248 0.000142894 1.69224e-06
 0.993131 0.000669451 0.00617307 2.59254e-05 8.57457e-07
 0.780706 0.218387 9.40772e-05 0.000808872 3.47362e-06
 0.182039 0.693133 0.12435 5.00127e-05 0.000427507
 0.965328 0.0101095 0.0210789 0.00347058 1.31541e-05
 0.914275 0.0841735 0.000480998 0.000919762 0.000150331
 0.0279731 0.921897 0.0492978 0.000260017 0.000572106
 0.947859 0.00230771 0.0474351 0.00235879 3.93453e-05
 0.742297 0.249225 0.000400072 0.00769239 0.000385012
 0.166125 0.676019 0.15302 0.000230391 0.00460548
 0.948512 0.0123425 0.0321453 0.00678829 0.000211913
 0.878226 0.118049 0.000945683 0.00228597 0.000492606
 0.0836941 0.8327 0.0812033 0.000614558 0.00178799
 0.124962 0.0987878 0.708945 0.0653916 0.00191355
 0.98928 0.00243482 0.00101348 0.00664806 0.000624024
pobs_PELACES
 0 0 0 0 0
 0 0 0 0 0
 0 0 0 0 0
 0 0 0 0 0
 0 0 0 0 0
 0 0 0 0 0
 0 0 0 0 0
 0 0 0 0 0
 0 0 0 0 0
 0 0 0 0 0
 0 0 0 0 0
 0 0 0 0 0
 0 0 0 0 0
 0 0 0 0 0
 0 0 0 0 0
 0 0 0 0 0
 0.505614 0.472636 0.0217494 0 0
 0 0 0 0 0
 0.443492 0.261883 0.143347 0.151278 0
 0.227955 0.32914 0.350689 0.0885471 0.00366901
 0.970185 0.0296113 0.000203453 0 0
 0.997202 0.00247181 0.000326279 0 0
 0.445219 0.490057 0.0546422 0.010081 0
 0.90214 0.0892962 0.00764917 0.000914606 0
 0 0 0 0 0
 0.581667 0.319106 0.0959925 0.00289975 0.000334073
 0.762889 0.0836404 0.116647 0.0363945 0.000428098
 0.88444 0.0763242 0.0277011 0.0115352 0
 0.521256 0.241999 0.230069 0.00667565 0
 0.616807 0.101726 0.260614 0.0208532 0
 0.833518 0.0704572 0.0857862 0.0102388 0
ppred_PELACES
 0.00814037 0.216865 0.547177 0.227815 1.57918e-06
 0.919573 0.00142535 0.0204705 0.0419144 0.0166169
 0.0260056 0.941356 0.000741954 0.00859276 0.0233033
 0.968968 0.00164229 0.0286357 1.81443e-05 0.000735533
 0.0893704 0.900679 0.00065482 0.00907175 0.000224298
 0.99798 0.00035723 0.00164938 9.54648e-07 1.2887e-05
 0.00862981 0.990472 0.000188202 0.000704318 5.56204e-06
 0.0203801 0.016634 0.96231 0.000147249 0.000528582
 0.981102 0.000891528 0.000376982 0.0176175 1.16628e-05
 0.0951356 0.898341 0.000395773 0.00013466 0.00599341
 0.976589 0.00436931 0.0189386 6.65167e-06 9.67668e-05
 0.959334 0.0402516 9.1697e-05 0.000320689 1.64738e-06
 0.555193 0.435894 0.0088427 1.61852e-05 5.4142e-05
 0.959856 0.0296582 0.0103174 0.000166905 1.25053e-06
 0.906873 0.0916519 0.00115315 0.000317208 4.91531e-06
 0.98842 0.0110953 0.000479113 4.77251e-06 1.26745e-06
 0.042521 0.952071 0.00522463 0.000181323 2.16969e-06
 0.988149 0.000970625 0.0108315 4.77899e-05 1.59712e-06
 0.706519 0.291946 0.000152425 0.00137694 5.9749e-06
 0.139553 0.707681 0.152147 6.4252e-05 0.000554945
 0.948342 0.0131436 0.0328191 0.00567353 2.17275e-05
 0.885525 0.111907 0.000768862 0.00154401 0.000254991
 0.0194774 0.92003 0.0594314 0.000329286 0.000732079
 0.910378 0.00328899 0.0819774 0.00428308 7.21898e-05
 0.653916 0.331705 0.000646934 0.0130709 0.000661051
 0.115546 0.689204 0.188915 0.000298832 0.006036
 0.918014 0.0168701 0.0529908 0.011754 0.000370759
 0.819959 0.173114 0.00169206 0.00429896 0.000936088
 0.0529665 0.843335 0.100547 0.000799894 0.00235158
 0.0852121 0.0876748 0.752127 0.0728331 0.00215349
 0.983635 0.00312039 0.00155097 0.0106804 0.00101295
pobs_pel_tallas
 0 0 0 0 0 0 0 0 0 0 0 0 0 0 0 0 0 0 0 0 0 0 0 0 0 0
 0 0 0 0 0 0 0 0 0 0 0 0 0 0 0 0 0 0 0 0 0 0 0 0 0 0
 0 0 0 0 0 0 0 0 0 0 0 0 0 0 0 0 0 0 0 0 0 0 0 0 0 0
 0 0 0 0 0 0 0 0 0 0 0 0 0 0 0 0 0 0 0 0 0 0 0 0 0 0
 0 0 0 0 0 0 0 0 0 0 0 0 0 0 0 0 0 0 0 0 0 0 0 0 0 0
 0 0 0 0 0 0 0 0 0 0 0 0 0 0 0 0 0 0 0 0 0 0 0 0 0 0
 0 0 0 0 0 0 0 0 0 0 0 0 0 0 0 0 0 0 0 0 0 0 0 0 0 0
 0 0 0 0 0 0 0 0 0 0 0 0 0 0 0 0 0 0 0 0 0 0 0 0 0 0
 0 0 0 0 0 0 0 0 0 0 0 0 0 0 0 0 0 0 0 0 0 0 0 0 0 0
 0 0 0 0 0 0 0 0 0 0 0 0 0 0 0 0 0 0 0 0 0 0 0 0 0 0
 0 0 0 0 0 0 0 0 0 0 0 0 0 0 0 0 0 0 0 0 0 0 0 0 0 0
 0 0 0 0 0 0 0 0 0 0 0 0 0 0 0 0 0 0 0 0 0 0 0 0 0 0
 0.00862536 0 0 0.000197151 0.00414017 0.0128641 0.00837892 0.0270097 0.101434 0.158115 0.152841 0.127902 0.109271 0.109419 0.0830992 0.0579132 0.0238553 0.00714673 0.00463305 0.00128148 0.00103504 0.000492878 0.000147863 0.000147863 4.92878e-05 0
 0 0 0 0 0 0 0 0 0 0 0 0 0 0 0 0 0 0 0 0 0 0 0 0 0 0
 0 0 0 0 0 0 0 0.0054083 0.00873648 0.0413646 0.0450493 0.0745869 0.0622846 0.0627006 0.0613931 0.0827291 0.12552 0.122667 0.0946155 0.0697135 0.0546179 0.0294188 0.0215738 0.0213955 0.0102223 0.00600262
 0 0 0 0 0.00359764 0.0251062 0.0480494 0.140153 0.205849 0.193036 0.1447 0.116669 0.0760912 0.0342217 0.00950174 0.001854 0.000860785 0 0 0 0.000165536 0 0.000143464 0 0 0
 0 0 0 0 0 0 0 0.000145254 0.000435761 0.0275982 0.070085 0.0708112 0.156366 0.174668 0.174014 0.160142 0.0824315 0.0480064 0.0283245 0.00493863 0.00203355 0 0 0 0 0
 0 0 0 0 0 0 0 0 0 0 0 0 0 0 0 0 0 0 0 0 0 0 0 0 0 0
 0 0 1.00437e-05 0.000401748 0.00122533 0.00171747 0.00176769 0.0269171 0.070346 0.194647 0.189555 0.159765 0.064822 0.0314167 0.0384472 0.0292271 0.0345202 0.0313363 0.0194345 0.0106764 0.0143323 0.0359363 0.0279516 0.0138201 0.00172751 0
 0 0.0021121 0.0136068 0.0755702 0.200478 0.177729 0.0527432 0.0373336 0.0318909 0.0142505 0.0149659 0.0166563 0.0217959 0.0798694 0.0677717 0.0528807 0.04013 0.0224614 0.0357745 0.0225083 0.00881397 0.00855152 0.00135912 0.000746735 0 0
 0 0 0 0 5.4009e-05 0.00500934 0.000945158 0.0243581 0.138947 0.33067 0.221406 0.137944 0.0707744 0.0437923 0.0131692 0.00525238 0.0047753 0.00276346 9.45158e-05 9.00151e-06 2.25038e-05 9.00151e-06 4.50075e-06 0 0 0
 0.000866109 0.00284123 0.00948549 0.0512746 0.133035 0.25785 0.225252 0.132002 0.0553304 0.0519788 0.0540692 0.017754 0.00435017 0.00159236 0.00146478 0.000404838 0.000125132 0.000115318 0.000107957 0.000100596 0 0 0 0 0 0
 0 0 0 0 0.00144013 0.00171154 0.00461396 0.0210425 0.0478622 0.0707936 0.0888783 0.103762 0.0637923 0.0337046 0.0602308 0.124433 0.169614 0.0934646 0.0462172 0.0250306 0.0313229 0.00938855 0.002487 0.000210481 0 0
 0 0.00764035 0.051015 0.0998891 0.058973 0.0496711 0.0374665 0.0718981 0.12319 0.153886 0.159021 0.0857701 0.0377988 0.023471 0.0147837 0.00900784 0.00315554 0.000888139 0.00291439 0.00214683 0.00393193 0.00274676 0.000635225 9.99891e-05 0 0
 0 0 0 0 0 0 0 0 0 0 0 0 0 0 0 0 0 0 0 0 0 0 0 0 0 0
 0 0 0 0 0 0 0 0 0 0 0 0 0 0 0 0 0 0 0 0 0 0 0 0 0 0
 0 0 0 0 0 0 0 0 0 0 0 0 0 0 0 0 0 0 0 0 0 0 0 0 0 0
 0 0 0 0 0 0 0 0 0 0 0 0 0 0 0 0 0 0 0 0 0 0 0 0 0 0
 0 0 0 0 0 0 0 0 0 0 0 0 0 0 0 0 0 0 0 0 0 0 0 0 0 0
 0 0 0 0 0 0 0 0 0 0 0 0 0 0 0 0 0 0 0 0 0 0 0 0 0 0
 0 0 0 0 0 0 0 0 0 0 0 0 0 0 0 0 0 0 0 0 0 0 0 0 0 0
ppred_pel_tallas
 1.38693e-16 6.7056e-07 6.5181e-06 4.33161e-05 0.000196922 0.000612813 0.00130646 0.00191137 0.00193315 0.00141329 0.000974064 0.0012517 0.00273405 0.00602382 0.0118518 0.0207056 0.0324486 0.0463419 0.0615476 0.0776374 0.094449 0.111231 0.125882 0.135213 0.136295 0.127988
 1.07607e-16 7.5744e-05 0.000736259 0.0048927 0.0222415 0.0692015 0.147441 0.215195 0.215195 0.147442 0.0692048 0.0222517 0.00492106 0.00080734 0.000238652 0.000350838 0.000685397 0.00127833 0.00224743 0.00371419 0.0057455 0.00828486 0.0111031 0.0138066 0.0159197 0.0170196
 1.05068e-16 2.14224e-06 2.08234e-05 0.000138383 0.000629126 0.00195793 0.00417492 0.0061124 0.00620292 0.00461714 0.00344215 0.00491339 0.0108824 0.0234417 0.0443851 0.07312 0.10474 0.130482 0.141437 0.13355 0.11015 0.0798971 0.0518429 0.0313556 0.0192157 0.0132886
 1.00954e-16 7.98126e-05 0.000775807 0.00515551 0.0234362 0.0729187 0.155361 0.226754 0.226754 0.155362 0.0729223 0.0234469 0.00518449 0.000846019 0.000233442 0.000312314 0.000564402 0.000963088 0.00153121 0.00226513 0.00310509 0.00392341 0.00454686 0.00481528 0.00465012 0.00409223
 1.01197e-16 7.3615e-06 7.15565e-05 0.000475523 0.00216171 0.00672635 0.0143344 0.0209396 0.0210262 0.0147575 0.00814634 0.0062605 0.0107541 0.0224769 0.0424622 0.0699334 0.100147 0.124692 0.135009 0.12717 0.104305 0.0746602 0.0468964 0.0262128 0.0134925 0.00688183
 1.00051e-16 8.22023e-05 0.000799035 0.00530987 0.0241379 0.075102 0.160013 0.233543 0.233543 0.160013 0.0751026 0.0241397 0.00531453 0.000809607 0.000103414 4.37906e-05 6.18636e-05 9.15952e-05 0.000127055 0.00016658 0.000207553 0.000244972 0.000271394 0.000279217 0.000264386 0.000228995
 1.00331e-16 7.11032e-07 6.91158e-06 4.59345e-05 0.00020887 0.000650383 0.00138923 0.00204759 0.00214283 0.00185447 0.00221186 0.00471597 0.0113482 0.0246427 0.0466792 0.0768823 0.110079 0.137011 0.148248 0.139451 0.114047 0.081106 0.0501792 0.0270393 0.0127302 0.00528309
 1.27879e-16 1.67869e-06 1.63175e-05 0.000108436 0.000492934 0.00153372 0.00326785 0.00477015 0.00477323 0.00328362 0.00159092 0.000676948 0.000641092 0.0014126 0.00333524 0.00728199 0.0145939 0.0268527 0.0453138 0.0699764 0.0986375 0.12661 0.147701 0.156382 0.150131 0.130616
 1.0178e-16 8.08121e-05 0.000785522 0.00522007 0.0237297 0.0738319 0.157307 0.229594 0.229594 0.157307 0.0738334 0.0237343 0.00523202 0.000813089 0.000137864 0.000113344 0.00018962 0.000317724 0.000517648 0.000822564 0.00126358 0.00184817 0.00253745 0.00323724 0.00381461 0.00413838
 1.01269e-16 7.83638e-06 7.61725e-05 0.000506197 0.00230115 0.0071602 0.0152588 0.0222887 0.0223751 0.0156807 0.00857646 0.00638912 0.0107575 0.0224215 0.0423475 0.0697395 0.0998591 0.12431 0.134548 0.126649 0.103737 0.0740464 0.0462402 0.025537 0.0128481 0.00633924
 1.00565e-16 8.04403e-05 0.000781909 0.00519606 0.0236205 0.0734922 0.156583 0.228537 0.228538 0.156585 0.0734997 0.0236425 0.00525267 0.000909936 0.000336574 0.000462816 0.000736965 0.00108821 0.00149805 0.00194871 0.00241104 0.00282996 0.0031226 0.0032034 0.00302646 0.00261578
 1.00046e-16 7.90191e-05 0.000768094 0.00510425 0.0232032 0.0721938 0.153817 0.224501 0.224505 0.153836 0.0722573 0.0233864 0.00556362 0.00176943 0.00197643 0.00313108 0.00447626 0.00557318 0.00603446 0.00568416 0.00466185 0.0033357 0.00209256 0.00116492 0.00059278 0.000294102
 1.00378e-16 4.57306e-05 0.000444517 0.00295398 0.0134284 0.0417809 0.0890201 0.129936 0.129978 0.089225 0.0424683 0.0154129 0.00793106 0.0112953 0.0206114 0.0338921 0.0485592 0.0605175 0.0656264 0.0619763 0.0510547 0.0368089 0.0233853 0.0132747 0.00691518 0.00345768
 1.00323e-16 7.90621e-05 0.000768512 0.00510703 0.0232158 0.072233 0.1539 0.224623 0.224625 0.153914 0.0722801 0.0233519 0.00544915 0.00151676 0.00150422 0.00237217 0.00343367 0.00436717 0.0049009 0.00490576 0.00446037 0.00378447 0.00309559 0.00250552 0.00201727 0.00158906
 1.0009e-16 7.46979e-05 0.000726091 0.00482513 0.0219343 0.0682459 0.145405 0.212225 0.212234 0.145448 0.0683904 0.0223515 0.00587139 0.00300696 0.00439724 0.00712703 0.0102025 0.0127098 0.0137737 0.0129934 0.0106836 0.00767783 0.00485186 0.00273178 0.00140927 0.000702268
 1.00018e-16 8.14148e-05 0.000791381 0.005259 0.0239067 0.0743825 0.15848 0.231306 0.231307 0.158485 0.0744 0.0239572 0.00538578 0.00106784 0.00060557 0.000869922 0.00123968 0.00154695 0.00168185 0.00159556 0.00132534 0.000970402 0.000634585 0.000379784 0.000216456 0.000123402
 1.00413e-16 3.5026e-06 3.40466e-05 0.000226256 0.00102858 0.0032008 0.00682302 0.00997759 0.0100691 0.00727026 0.00470189 0.00536149 0.0110921 0.0237197 0.0448852 0.0739321 0.105875 0.131822 0.142714 0.134379 0.1101 0.0785688 0.0489342 0.0267184 0.0129156 0.00564582
 1.00318e-16 8.13925e-05 0.000791164 0.00525756 0.0239001 0.0743621 0.158436 0.231243 0.231243 0.158437 0.074364 0.0239058 0.0052725 0.000826377 0.000155867 0.000148579 0.000251808 0.000411064 0.000628171 0.000899527 0.0012031 0.0014933 0.00170788 0.00178892 0.00170856 0.00148369
 1.00219e-16 5.81951e-05 0.000565677 0.00375912 0.0170885 0.0531687 0.113283 0.165345 0.165373 0.11342 0.0536289 0.018417 0.00709065 0.0078276 0.0138181 0.0226684 0.0324533 0.0403993 0.0437254 0.0411551 0.0337002 0.0240338 0.0149674 0.00819548 0.00401671 0.0018423
 1.04672e-16 1.1495e-05 0.000111735 0.000742523 0.00337544 0.0105026 0.0223795 0.0326778 0.0327461 0.0227131 0.0116232 0.00661282 0.008872 0.0178689 0.0337654 0.0558783 0.0806626 0.10177 0.112684 0.110316 0.0967587 0.0777285 0.0590472 0.0439515 0.032787 0.0244145
 1.01524e-16 7.81137e-05 0.000759293 0.00504577 0.0229373 0.0713665 0.152054 0.221928 0.221929 0.15206 0.0713884 0.023001 0.00520797 0.00112133 0.000788997 0.00124162 0.00192304 0.00271477 0.00354569 0.00437241 0.00517261 0.005902 0.00645623 0.00668881 0.00648434 0.00583286
 1.00249e-16 7.29396e-05 0.000708999 0.00471155 0.021418 0.0666394 0.141983 0.20723 0.207241 0.142035 0.0668159 0.0219274 0.00598893 0.00349365 0.0053501 0.00869951 0.0124551 0.0155162 0.0168171 0.0158712 0.0130669 0.00942572 0.00601815 0.00348316 0.00192406 0.00110667
 1.02108e-16 1.60452e-06 1.55966e-05 0.000103649 0.000471229 0.00146664 0.00312811 0.00458413 0.00467269 0.00356075 0.00291897 0.00466446 0.0106232 0.0229598 0.0435174 0.0717836 0.103035 0.12878 0.140345 0.133705 0.111906 0.0830761 0.0556962 0.034782 0.0211449 0.0130572
 1.02809e-16 7.49867e-05 0.000728897 0.00484378 0.0220191 0.0685096 0.145967 0.213043 0.213044 0.145969 0.0685175 0.0220434 0.00491091 0.000895622 0.000450601 0.000779687 0.00147226 0.00259143 0.00422978 0.0063879 0.00889166 0.0113592 0.0132703 0.0141411 0.0137264 0.0121328
 1.01527e-16 5.38623e-05 0.000523561 0.00347925 0.0158162 0.0492101 0.104849 0.153036 0.153068 0.105004 0.0497332 0.017326 0.00726576 0.00877833 0.0156984 0.0257821 0.036937 0.0460385 0.049951 0.0472498 0.0391041 0.0285505 0.0187508 0.0115621 0.00723157 0.00500032
 1.0668e-16 9.51748e-06 9.25133e-05 0.000614787 0.00279477 0.00869593 0.0185301 0.0270591 0.0271257 0.0188554 0.00978856 0.00595231 0.00854685 0.0174286 0.0329929 0.0546805 0.0791148 0.100194 0.111642 0.110466 0.0986234 0.0814856 0.064453 0.0504215 0.0395828 0.0308498
 1.02776e-16 7.56156e-05 0.000735011 0.00488441 0.0222038 0.0690843 0.147191 0.214831 0.214832 0.1472 0.0691127 0.0222869 0.0050969 0.00121211 0.00102057 0.00166916 0.00263481 0.003811 0.00513281 0.00655565 0.00803354 0.00945585 0.0106055 0.0112053 0.0110425 0.0100877
 1.00683e-16 6.75389e-05 0.000656503 0.00436269 0.0198322 0.0617053 0.13147 0.191888 0.191905 0.131552 0.0619783 0.0206202 0.00633913 0.00496537 0.00823417 0.0134623 0.0192849 0.0240395 0.0260856 0.0246756 0.0204139 0.0148793 0.00971943 0.00590772 0.00358473 0.00237022
 1.03596e-16 4.36295e-06 4.24095e-05 0.00028183 0.00128121 0.00398675 0.0084972 0.0124189 0.0125002 0.00889416 0.00531951 0.00513011 0.00994101 0.0211214 0.0400159 0.0660898 0.0950641 0.119237 0.130731 0.125864 0.107325 0.0823346 0.0583631 0.0397302 0.0270437 0.0187831
 1.29396e-16 7.01883e-06 6.82255e-05 0.000453383 0.00206102 0.00641265 0.0136632 0.0199438 0.0199534 0.0137107 0.00657564 0.0025467 0.00172865 0.00303781 0.00619037 0.0116393 0.0200624 0.0320912 0.0481337 0.0680198 0.0904097 0.112331 0.129481 0.137564 0.134131 0.119785
 1.01289e-16 8.10207e-05 0.00078755 0.00523355 0.023791 0.0740225 0.157713 0.230186 0.230187 0.157714 0.0740275 0.0238056 0.00527076 0.000869952 0.000241185 0.000280753 0.000422485 0.000590435 0.000773846 0.000983808 0.0012475 0.00158827 0.00199867 0.00242582 0.00278188 0.00297567
pSPR Fmed_Fpbrs
0.209766   0.6 0.325
Fs Fmed_Fpbrs
1.39981   0.352503 0.908699
SSBpbr Bo_Bmed_Bpbrs
1.35512e+06  216502  745316 372658
Ro
26122.8
SPR SPRFo_SPRFmed_SPRFpbrs
186454 39111.8 60597.6
Fref
0.352503
Nvult_r0
 93058.3 309.409 128.875 838.78 78.5754
CTP_r0
 43986.6 197.36 83.7447 545.587 51.1122
YTP_r0
390749
Np
 88946.8 27612.4 4331.42 5.404 2.56007
Nvult_p0
 61334.5 20335.8 3210.17 4.00649 1.89805
CTP_p0
 8901.78 3028.11 4.02356 1.51967 10.3999
 8901.78 5087.06 834.827 1.04409 0.494686
YTP_p0
 114614 165746
CBA_c0
129954
log_Ro
9.99056
likeval ReclasPelacesDesembMPH_pf_preclas_ppelaces_ptallas_desvR_qrecl_qpela
 31.8747 29.8553 0.579464 0.000975009 440.541 149.848 149.764 0 233.31 0.000129115 0.000322441 0.0831004 6.31975e-16 0 0
q_reclas_q_pelaces
5.00366 12.8673
M
1
N
 929.773 14819.3 29611.3 11615.8 0.0795178
 202531 248.896 2919.02 5640.95 2208.72
 1319.99 38146.5 24.5708 268.58 719.386
 112264 246.478 3702.37 2.22066 88.9236
 751.931 11455.2 7.29629 95.7743 2.33925
 286013 63.2744 232.183 0.126642 1.68831
 745.373 73520.7 11.5086 40.6683 0.317203
 209.169 126.949 5955.66 0.859765 3.04813
 61901.6 42.6801 14.6672 646.746 0.422852
 971.196 12316.7 4.69304 1.51187 66.4699
 27920.6 94.7277 333.672 0.110577 1.58876
 154540 5559.46 10.4309 34.4458 0.174768
 30716.1 26397.8 452.947 0.783987 2.59044
 81241.9 3867.58 1181.18 18.1068 0.134017
 37546.2 6675.76 74.8121 19.5167 0.298764
 264221 2614.25 93.2549 0.87728 0.230114
 2073.9 43602.2 199.028 6.52581 0.0771271
 461011 316.248 2842.33 11.8269 0.390352
 364837 101735 42.6202 363.018 1.5557
 18923.5 84033.9 14914.1 5.94788 50.7391
 255291 3148.24 6500.59 1061.36 4.01457
 405897 41634.5 234.191 443.928 72.4096
 2158.81 74242.7 3880.16 20.2797 44.5285
 187632 452.27 9033.98 445.007 7.40741
 135518 43836.3 68.1791 1298.38 64.8495
 8161.96 33500.7 7383.87 11.0141 219.714
 132126 1834.74 4681.65 979.803 30.524
 216416 26424.6 203.788 487.725 104.879
 6879.68 60439.2 5656.54 42.3778 123.032
 2134.13 2037.51 14520.2 1328.32 38.7921
 109495 330.285 136.741 889.689 83.343
pred_Ctot
 164.242 4575.59 9513.87 3740.06 0.025606
 65918.7 127.444 1539.55 2979.83 1166.86
 433.794 19676.8 13.0521 142.894 382.771
 56640.9 171.231 2619.76 1.57285 62.9859
 410.43 8344.33 5.40101 70.956 1.73315
 56072.2 21.3938 81.5801 0.0445887 0.594496
 269.051 40681.3 6.54393 23.1581 0.180641
 61.7398 60.2558 2917.67 0.421909 1.49593
 18874.3 20.7801 7.36579 325.33 0.212724
 499.901 8662.34 3.35986 1.0834 47.6344
 8505.49 46.0883 167.453 0.0555849 0.798709
 55629.7 3070 5.91956 19.5765 0.0993327
 13891.7 17100 299.775 0.519458 1.71649
 44727.1 2831.45 878.535 13.4787 0.0997668
 21822.3 5041.26 57.305 14.9607 0.229029
 98167.3 1477.37 54.1189 0.509834 0.133741
 823.061 25832.1 120.89 3.96903 0.0469124
 121510 137.101 1274.55 5.31296 0.175374
 89550.6 41603.4 18.0502 154.032 0.660162
 6979.73 47238.9 8610.97 3.43901 29.3391
 95840.2 1792.6 3800.07 621.309 2.35026
 136421 21844.7 126.476 240.115 39.1686
 614.724 34250.5 1848.87 9.67986 21.2562
 44900.3 181.098 3747.91 184.97 3.07925
 29019.8 15986.9 25.8066 492.434 24.5979
 2088.11 14174.6 3233.27 4.83176 96.3948
 40026.3 888.793 2339.56 490.451 15.2804
 33696.4 7295.26 58.6307 140.632 30.2447
 862.887 13719.9 1340.96 10.0697 29.2383
 837.08 1197.14 8749.27 801.465 23.4075
 43986.6 197.36 83.7447 545.587 51.1122
F
 0.317907 0.624681 0.658104 0.659962 0.66006
 0.669459 1.31547 1.38586 1.38977 1.38998
 0.678104 1.33246 1.40375 1.40772 1.40793
 1.28241 2.51991 2.65473 2.66223 2.66263
 1.47516 2.89867 3.05376 3.06238 3.06284
 0.358471 0.70439 0.742077 0.744173 0.744283
 0.770096 1.51322 1.59419 1.59869 1.59893
 0.589408 1.15818 1.22014 1.22359 1.22377
 0.614587 1.20765 1.27227 1.27586 1.27605
 1.32752 2.60856 2.74812 2.75588 2.75629
 0.613865 1.20623 1.27077 1.27436 1.27455
 0.767172 1.50748 1.58814 1.59262 1.59286
 1.07216 2.10677 2.21949 2.22576 2.22609
 1.49895 2.9454 3.10299 3.11176 3.11222
 1.6646 3.2709 3.44591 3.45564 3.45615
 0.80168 1.57529 1.65957 1.66426 1.66451
 0.880661 1.73048 1.82307 1.82822 1.82849
 0.511047 1.0042 1.05793 1.06091 1.06107
 0.468231 0.920066 0.969293 0.972031 0.972175
 0.793558 1.55933 1.64276 1.6474 1.64764
 0.813474 1.59846 1.68399 1.68874 1.68899
 0.698761 1.37305 1.44652 1.4506 1.45082
 0.563031 1.10635 1.16554 1.16883 1.16901
 0.45402 0.892141 0.939874 0.942528 0.942668
 0.397542 0.781164 0.822959 0.825283 0.825405
 0.492582 0.967914 1.0197 1.02258 1.02273
 0.609461 1.19758 1.26165 1.26522 1.26541
 0.275566 0.541482 0.570453 0.572064 0.572149
 0.216845 0.426096 0.448894 0.450162 0.450229
 0.865857 1.70139 1.79243 1.79749 1.79775
 0.896376 1.76136 1.8556 1.86084 1.86112
YTP_r0W_actual
 365089 2782.77 2311.35 18659.1 1906.49
YTP_p0W_proyectada
 66674.3 47450.4 93.065 44.6327 351.827
 66674.3 79714.3 19309.5 30.6649 16.7352
CTP_r0_actual
 43986.6 197.36 83.7447 545.587 51.1122
CTP_p0_proyectada
 8901.78 3028.11 4.02356 1.51967 10.3999
 8901.78 5087.06 834.827 1.04409 0.494686
Wmedp
 7.49 15.67 23.13 29.37 33.83
Frms_r0
 0.896376 1.76136 1.8556 1.86084 1.86112
Zrms_r0
 1.89638 2.76136 2.8556 2.86084 2.86112
nmprior
 8.19 8.8 8.5 0
nm_flota  nm_reclas  nm_pelaces    nm_pelaL
inf 6.9676 2.53251 3.34669
cv_recla  cv_pelaces  cv_mph
0.510679 0.619559 0.963629
 ------------------------------------------------
Talla a la edad & desviaci?n 
 8 13.2811 15.8009 17.003 17.5766
 0.8 1.32811 1.58009 1.7003 1.75766
