years
 1991 1992 1993 1994 1995 1996 1997 1998 1999 2000 2001 2002 2003 2004 2005 2006 2007 2008 2009 2010 2011 2012 2013 2014 2015 2016 2017 2018 2019 2020 2021
reclasobs
 0 0 0 0 0 0 0 0 0 252601 567819 844713 477998 351125 339783 2.1784e+06 2.13404e+06 4.81314e+06 1.55562e+06 2.62356e+06 3.21686e+06 3.843e+06 1.13348e+06 3.07943e+06 1.97215e+06 2.03268e+06 2.025e+06 2.42433e+06 2.27542e+06 1.05018e+06 2.36338e+06
reclaspred
 3.34503e+06 1.9405e+06 987160 966562 958353 1.42511e+06 1.02004e+06 929158 686995 521034 511881 620803 630316 537123 551217 1.24022e+06 1.29637e+06 2.54991e+06 2.16703e+06 1.67135e+06 2.9867e+06 2.43467e+06 2.02406e+06 3.02567e+06 2.30088e+06 2.03533e+06 2.35535e+06 2.44886e+06 2.07834e+06 1.37765e+06 1.91503e+06
pelacesobs
 0 0 0 0 0 0 0 0 0 0 0 0 0 0 0 552880 188675 0 991730 2.46772e+06 1.41603e+06 1.21717e+06 2.29649e+06 1.80582e+06 0 1.4828e+06 1.56532e+06 1.57751e+06 1.42118e+06 867257 1.10002e+06
pelacespred
 1.88965e+06 1.2428e+06 650509 516970 511440 785098 557996 573364 431061 316912 311144 322984 355736 332605 341801 628770 650295 1.43617e+06 1.30244e+06 944881 1.55756e+06 1.43885e+06 1.15836e+06 1.8592e+06 1.38818e+06 1.21251e+06 1.58585e+06 1.63077e+06 1.14104e+06 867846 1.20115e+06
mphobs
 0 0 0 0 0 0 0 0 0 0 0 498337 0 5186 125008 0 168611 109162 213762 579715 649985 157893 87575 83554 0 0 0 0 0 0 0
mphpred
 488968 330026 172097 92539.5 102544 111114 145987 106485 90970.9 66731.4 45874 58073.8 63852.4 57737.6 45195.6 55052.3 144546 146697 250347 202333 220311 270795 258938 220113 295535 244557 202131 211252 285699 203865 132277
desembarqueobs
 494567 514787 250237 358949 120608 361735 552515 73892 212993 205616 52469 317467 293654 387597 252695 516296 358380 742168 942051 627588 828172 859565 418607 520667 417249 300574 415391 372974 316634 284311 391294
desembarquepred
 494571 512985 251164 358962 120610 361743 552549 73894 213018 205640 52470.4 317514 293696 387648 252701 516290 358394 742125 941969 627538 828213 859595 418616 520681 417252 300576 415393 372969 316634 284317 391296
Reclutas
 310656 186464 178550 348284 278602 456583 193720 95542.3 86330.8 110826 198810 238584 202794 144570 155025 786264 190175 1.15458e+06 687783 519882 824728 1.09481e+06 245012 731955 608349 277107 617191 687755 206808 156387 595800
log_desv_Rt
 -0.00902744 -0.519477 -0.562845 0.105304 -0.117928 0.376058 -0.481302 -1.18814 -1.28953 -1.03975 -0.455364 -0.272994 -0.435523 -0.77395 -0.704128 0.919579 -0.49977 1.30378 0.785761 0.505889 0.96734 1.25062 -0.246407 0.848006 0.663035 -0.123308 0.677465 0.785719 -0.415924 -0.69538 0.642191
SSB
 7.07118e+06 4.77266e+06 2.48877e+06 1.33826e+06 1.48294e+06 1.60688e+06 2.11119e+06 1.53992e+06 1.31557e+06 965032 663404 839831 923398 834969 653593 796136 2.09035e+06 2.12146e+06 3.62038e+06 2.92603e+06 3.18601e+06 3.91609e+06 3.74462e+06 3.18315e+06 4.27386e+06 3.53665e+06 2.92311e+06 3.05502e+06 4.13162e+06 2.94819e+06 1.91292e+06
BT
 9.12429e+06 6.23865e+06 3.2551e+06 2.68908e+06 2.4513e+06 3.92674e+06 3.0696e+06 2.70518e+06 2.19719e+06 1.66082e+06 1.47971e+06 1.75879e+06 1.90815e+06 1.9378e+06 1.82933e+06 3.31949e+06 3.27763e+06 7.27227e+06 6.91625e+06 4.92317e+06 7.84931e+06 7.44096e+06 5.70392e+06 9.04879e+06 6.77918e+06 5.85355e+06 7.72957e+06 7.88595e+06 5.51746e+06 4.27313e+06 5.91019e+06
Ftot
 0.0604256 0.107465 0.10363 0.153101 0.0520273 0.105453 0.219194 0.0328504 0.127304 0.161414 0.0429221 0.209719 0.191076 0.293798 0.189916 0.174286 0.113287 0.121652 0.178218 0.154193 0.114825 0.145673 0.0847645 0.0719515 0.0747953 0.0608528 0.0736257 0.0637812 0.0622509 0.0845092 0.0856755
BD_Bspro_t
 0.990378 0.9258 0.840324 0.783741 0.777276 0.820259 0.813177 0.71863 0.756973 0.736546 0.718069 0.824412 0.744533 0.684528 0.61491 0.660831 0.762821 0.756082 0.801362 0.740144 0.72138 0.7585 0.770973 0.771578 0.837468 0.842766 0.847878 0.866815 0.889439 0.85535 0.820261
BD_Bspro
 3.16037 2.13308 1.11232 0.598116 0.662781 0.718172 0.943568 0.688248 0.587977 0.431309 0.2965 0.375352 0.412701 0.373179 0.292115 0.355823 0.934254 0.948158 1.61808 1.30775 1.42395 1.75024 1.67361 1.42267 1.91015 1.58066 1.30645 1.3654 1.84657 1.31766 0.854955
BD_Bo
 2.1431 1.44647 0.754284 0.405592 0.449443 0.487004 0.639849 0.466712 0.398717 0.292477 0.201061 0.254532 0.279859 0.253058 0.198088 0.241289 0.633533 0.642961 1.09725 0.886806 0.9656 1.18687 1.1349 0.964734 1.2953 1.07187 0.885923 0.9259 1.25219 0.893523 0.579759
BD_Brms
 3.89654 2.62995 1.37142 0.73744 0.817169 0.885462 1.16336 0.848568 0.724939 0.531777 0.365566 0.462786 0.508835 0.460106 0.36016 0.438708 1.15188 1.16902 1.995 1.61237 1.75564 2.15794 2.06346 1.75406 2.35509 1.94886 1.61077 1.68345 2.27671 1.62459 1.05411
Sel_flota
 0.946827 1 1 1 1
 0.946827 1 1 1 1
 0.946827 1 1 1 1
 0.946827 1 1 1 1
 0.946827 1 1 1 1
 0.946827 1 1 1 1
 0.946827 1 1 1 1
 0.946827 1 1 1 1
 0.946827 1 1 1 1
 0.946827 1 1 1 1
 0.946827 1 1 1 1
 0.946827 1 1 1 1
 0.946827 1 1 1 1
 0.946827 1 1 1 1
 0.946827 1 1 1 1
 0.946827 1 1 1 1
 0.946827 1 1 1 1
 0.946827 1 1 1 1
 0.946827 1 1 1 1
 0.946827 1 1 1 1
 0.946827 1 1 1 1
 0.946827 1 1 1 1
 0.946827 1 1 1 1
 0.946827 1 1 1 1
 0.946827 1 1 1 1
 0.946827 1 1 1 1
 0.946827 1 1 1 1
 0.946827 1 1 1 1
 0.946827 1 1 1 1
 0.946827 1 1 1 1
 0.946827 1 1 1 1
Sel_reclas
 1 1 1 1 1
 1 1 1 1 1
 1 1 1 1 1
 1 1 1 1 1
 1 1 1 1 1
 1 1 1 1 1
 1 1 1 1 1
 1 1 1 1 1
 1 1 1 1 1
 1 1 1 1 1
 1 1 1 1 1
 1 1 1 1 1
 1 1 1 1 1
 1 1 1 1 1
 1 1 1 1 1
 1 1 1 1 1
 1 1 1 1 1
 1 1 1 1 1
 1 1 1 1 1
 1 1 1 1 1
 1 1 1 1 1
 1 1 1 1 1
 1 1 1 1 1
 1 1 1 1 1
 1 1 1 1 1
 1 1 1 1 1
 1 1 1 1 1
 1 1 1 1 1
 1 1 1 1 1
 1 1 1 1 1
 1 1 1 1 1
Sel_pelaces
 1 1 1 1 1
 1 1 1 1 1
 1 1 1 1 1
 1 1 1 1 1
 1 1 1 1 1
 1 1 1 1 1
 1 1 1 1 1
 1 1 1 1 1
 1 1 1 1 1
 1 1 1 1 1
 1 1 1 1 1
 1 1 1 1 1
 1 1 1 1 1
 1 1 1 1 1
 1 1 1 1 1
 1 1 1 1 1
 1 1 1 1 1
 1 1 1 1 1
 1 1 1 1 1
 1 1 1 1 1
 1 1 1 1 1
 1 1 1 1 1
 1 1 1 1 1
 1 1 1 1 1
 1 1 1 1 1
 1 1 1 1 1
 1 1 1 1 1
 1 1 1 1 1
 1 1 1 1 1
 1 1 1 1 1
 1 1 1 1 1
pf_obs 
 0.8446 0.082 0.0669 0.0065 0
 0.8095 0.147 0.0364 0.0071 0
 0.9664 0.0169 0.016 0.0007 0
 0.9276 0.0648 0.0075 0.0001 0
 0.7033 0.2144 0.0806 0.0017 0
 0.9318 0.0425 0.0243 0.0014 0
 0.5671 0.3108 0.0964 0.0239 0.0018
 0.0768 0.2599 0.5324 0.112 0.0189
 0.490249 0.384438 0.106611 0.0170017 0.00170017
 0.7925 0.1577 0.0466 0.003 0.0002
 0.840416 0.127587 0.0312969 0.00059994 9.999e-05
 0.8084 0.0986 0.0794 0.0134 0.0002
 0.7335 0.1905 0.0724 0.0035 0.0001
 0.4001 0.4547 0.1325 0.0127 0
 0.49795 0.308269 0.164784 0.0264974 0.00249975
 0.9179 0.0499 0.0305 0.0017 0
 0.2467 0.6533 0.0926 0.0074 0
 0.9418 0.0223 0.034 0.0019 0
 0.707729 0.231977 0.0356964 0.0245975 0
 0.517169 0.277429 0.184464 0.0207286 0.00020938
 0.811772 0.124168 0.05621 0.00726502 0.000585176
 0.764997 0.148141 0.077277 0.00933861 0.000247198
 0.163321 0.427699 0.378323 0.0303852 0.000271297
 0.753843 0.0900009 0.118128 0.0371064 0.000921714
 0.721811 0.176058 0.0630433 0.0369309 0.00215725
 0.143369 0.312575 0.442814 0.0836902 0.0175525
 0.692698 0.0596174 0.167031 0.0765114 0.00414204
 0.394062 0.376323 0.152708 0.0712218 0.00568511
 0.125707 0.32114 0.495352 0.0537591 0.00404204
 0.23352 0.215282 0.420074 0.123614 0.00750983
 0.796117 0.104755 0.0508955 0.0450114 0.00322123
pf_pred 
 0.408743 0.104671 0.462804 0.0237812 7.07012e-07
 0.409225 0.249585 0.0604015 0.267065 0.0137236
 0.536529 0.196196 0.112915 0.0273264 0.127033
 0.753751 0.135656 0.0468163 0.0269438 0.0368331
 0.645625 0.270963 0.0459509 0.0158581 0.0216032
 0.745157 0.167786 0.0665659 0.0112885 0.00920289
 0.478218 0.394469 0.0838213 0.0332546 0.010237
 0.435553 0.278616 0.216089 0.0459171 0.0238246
 0.519426 0.215913 0.130639 0.101321 0.0327008
 0.666384 0.178165 0.069841 0.0422574 0.0433517
 0.785359 0.145855 0.0367347 0.0144 0.0176511
 0.719704 0.222736 0.0391142 0.00985118 0.0085952
 0.662262 0.247191 0.0719522 0.0126354 0.00595889
 0.599175 0.270838 0.0951375 0.0276925 0.00715645
 0.6922 0.189131 0.0801845 0.0281665 0.0103174
 0.917059 0.0584712 0.0150359 0.00637464 0.00305945
 0.404143 0.549095 0.0329661 0.00847722 0.00531894
 0.879436 0.0504238 0.0646359 0.00388055 0.00162399
 0.60462 0.350108 0.018934 0.0242707 0.00206695
 0.58851 0.254686 0.13885 0.00750906 0.0104452
 0.740622 0.156364 0.0637594 0.0347603 0.00449477
 0.74174 0.194122 0.0386651 0.0157662 0.00970686
 0.332772 0.502371 0.123915 0.0246813 0.0162604
 0.742532 0.088984 0.126855 0.0312902 0.0103383
 0.633394 0.276148 0.0312632 0.0445688 0.0146255
 0.448935 0.356275 0.146727 0.0166112 0.0314519
 0.737932 0.121327 0.0909924 0.0374738 0.0122753
 0.697503 0.226508 0.0351799 0.0263842 0.0144253
 0.368658 0.447821 0.137419 0.0213432 0.0247586
 0.441311 0.213376 0.244936 0.0751616 0.0252154
 0.82898 0.0778959 0.0355662 0.0408268 0.0167312
pobs_RECLAS
 0 0 0 0 0
 0 0 0 0 0
 0 0 0 0 0
 0 0 0 0 0
 0 0 0 0 0
 0 0 0 0 0
 0 0 0 0 0
 0 0 0 0 0
 0 0 0 0 0
 0 0 0 0 0
 0.991045 0.00858322 0.000360255 1.14367e-05 0
 0.934742 0.0480273 0.0164251 0.00080598 0
 0.827803 0.169806 0.00239088 0 0
 0.941827 0.0461693 0.0120037 0 0
 0.791401 0.0380133 0.147996 0.0225897 0
 0.846168 0.0940531 0.0597789 0 0
 0.134021 0.677848 0.182769 0.00536245 0
 0.80878 0.0450904 0.141981 0.00414843 0
 0.846168 0.0940531 0.0597789 0 0
 0.905697 0.0802665 0.012482 0.00150086 5.37128e-05
 0.989698 0.0102097 9.19794e-05 0 0
 0.975433 0.0193895 0.00387452 0.00125025 5.28907e-05
 0.303575 0.632131 0.0575291 0.00676475 0
 0.966965 0.00978017 0.0227588 0.000495775 0
 0.843318 0.132988 0.00938335 0.0141283 0.000182051
 0.564624 0.303363 0.111486 0.0197234 0.00080311
 0.826376 0.0876187 0.0782897 0.00655872 0.00115652
 0.89761 0.0855135 0.0140674 0.00269457 0.000114338
 0.34875 0.467042 0.161289 0.0227151 0.000203297
 0.318654 0.224769 0.449479 0.00709798 0
 0.937255 0.0296025 0.0250945 0.00804832 0
ppred_RECLAS
 0.422078 0.10231 0.452366 0.0232449 6.91066e-07
 0.422623 0.243925 0.0590317 0.261009 0.0134124
 0.550208 0.190406 0.109583 0.0265199 0.123283
 0.763889 0.130071 0.0448889 0.0258345 0.0353167
 0.658077 0.261442 0.0443362 0.0153008 0.020844
 0.755486 0.160985 0.0638679 0.0108309 0.00882988
 0.492152 0.383935 0.0815829 0.0323665 0.00996358
 0.449066 0.271945 0.210916 0.0448178 0.0232542
 0.533202 0.209724 0.126894 0.0984167 0.0317634
 0.678596 0.171644 0.0672847 0.0407106 0.041765
 0.794457 0.139672 0.0351775 0.0137896 0.0169029
 0.730808 0.213912 0.0375647 0.00946093 0.0082547
 0.674588 0.23817 0.0693262 0.0121742 0.00574141
 0.61261 0.26176 0.0919487 0.0267643 0.00691658
 0.703921 0.181929 0.0771312 0.0270939 0.00992453
 0.921185 0.0555622 0.0142878 0.00605749 0.00290724
 0.417499 0.536787 0.0322271 0.0082872 0.00519972
 0.88517 0.0480255 0.0615617 0.00369598 0.00154675
 0.617818 0.338422 0.018302 0.0234605 0.00199795
 0.601859 0.246424 0.134345 0.00726546 0.0101064
 0.751083 0.150057 0.0611879 0.0333584 0.00431349
 0.752202 0.186258 0.0370987 0.0151275 0.00931363
 0.345103 0.493087 0.121625 0.0242252 0.0159599
 0.752901 0.0854004 0.121747 0.03003 0.00992196
 0.646067 0.266603 0.0301825 0.0430282 0.01412
 0.462556 0.347469 0.1431 0.0162006 0.0306745
 0.748425 0.116469 0.0873491 0.0359734 0.0117838
 0.708966 0.217924 0.0338467 0.0253843 0.0138786
 0.381532 0.438689 0.134617 0.020908 0.0242537
 0.454921 0.208178 0.238969 0.0733307 0.0246011
 0.836643 0.0744057 0.0339726 0.0389975 0.0159815
pobs_PELACES
 0 0 0 0 0
 0 0 0 0 0
 0 0 0 0 0
 0 0 0 0 0
 0 0 0 0 0
 0 0 0 0 0
 0 0 0 0 0
 0 0 0 0 0
 0 0 0 0 0
 0 0 0 0 0
 0 0 0 0 0
 0 0 0 0 0
 0 0 0 0 0
 0 0 0 0 0
 0 0 0 0 0
 0 0 0 0 0
 0.505614 0.472636 0.0217494 0 0
 0 0 0 0 0
 0.443492 0.261883 0.143347 0.151278 0
 0.227955 0.32914 0.350689 0.0885471 0.00366901
 0.970185 0.0296113 0.000203453 0 0
 0.997202 0.00247181 0.000326279 0 0
 0.445219 0.490057 0.0546422 0.010081 0
 0.90214 0.0892962 0.00764917 0.000914606 0
 0 0 0 0 0
 0.581667 0.319106 0.0959925 0.00289975 0.000334073
 0.762889 0.0836404 0.116647 0.0363945 0.000428098
 0.88444 0.0763242 0.0277011 0.0115352 0
 0.521256 0.241999 0.230069 0.00667565 0
 0.616807 0.101726 0.260614 0.0208532 0
 0.833518 0.0704572 0.0857862 0.0102388 0
ppred_PELACES
 0.422337 0.102265 0.452164 0.0232345 6.90757e-07
 0.423083 0.24373 0.0589846 0.260801 0.0134017
 0.550658 0.190215 0.109473 0.0264934 0.12316
 0.764373 0.129805 0.0447968 0.0257816 0.0352442
 0.658283 0.261285 0.0443096 0.0152917 0.0208315
 0.755828 0.16076 0.0637786 0.0108158 0.00881754
 0.493113 0.383208 0.0814285 0.0323053 0.00994472
 0.449209 0.271875 0.210862 0.0448062 0.0232482
 0.533758 0.209475 0.126743 0.0982994 0.0317256
 0.679213 0.171314 0.0671554 0.0406324 0.0416847
 0.79458 0.139589 0.0351565 0.0137814 0.0168928
 0.731531 0.213337 0.0374637 0.00943551 0.00823252
 0.675324 0.237632 0.0691695 0.0121467 0.00572844
 0.613833 0.260934 0.0916584 0.0266798 0.00689475
 0.704615 0.181503 0.0769504 0.0270304 0.00990127
 0.921407 0.0554058 0.0142476 0.00604045 0.00289906
 0.417983 0.536341 0.0322004 0.00828032 0.0051954
 0.885387 0.0479349 0.0614454 0.00368901 0.00154383
 0.618556 0.337768 0.0182667 0.0234152 0.00199409
 0.602507 0.246023 0.134127 0.00725364 0.0100899
 0.751459 0.14983 0.0610954 0.0333079 0.00430697
 0.752678 0.1859 0.0370275 0.0150984 0.00929574
 0.345439 0.492834 0.121563 0.0242127 0.0159517
 0.753136 0.0853193 0.121631 0.0300015 0.00991253
 0.646367 0.266377 0.0301569 0.0429917 0.014108
 0.462822 0.347297 0.143029 0.0161926 0.0306593
 0.748668 0.116356 0.0872647 0.0359387 0.0117724
 0.709197 0.217751 0.0338199 0.0253642 0.0138676
 0.381789 0.438507 0.134561 0.0208993 0.0242436
 0.455289 0.208037 0.238808 0.0732812 0.0245845
 0.836848 0.0743122 0.0339299 0.0389485 0.0159614
pobs_pel_tallas
 0 0 0 0 0 0 0 0 0 0 0 0 0 0 0 0 0 0 0 0 0 0 0 0 0 0
 0 0 0 0 0 0 0 0 0 0 0 0 0 0 0 0 0 0 0 0 0 0 0 0 0 0
 0 0 0 0 0 0 0 0 0 0 0 0 0 0 0 0 0 0 0 0 0 0 0 0 0 0
 0 0 0 0 0 0 0 0 0 0 0 0 0 0 0 0 0 0 0 0 0 0 0 0 0 0
 0 0 0 0 0 0 0 0 0 0 0 0 0 0 0 0 0 0 0 0 0 0 0 0 0 0
 0 0 0 0 0 0 0 0 0 0 0 0 0 0 0 0 0 0 0 0 0 0 0 0 0 0
 0 0 0 0 0 0 0 0 0 0 0 0 0 0 0 0 0 0 0 0 0 0 0 0 0 0
 0 0 0 0 0 0 0 0 0 0 0 0 0 0 0 0 0 0 0 0 0 0 0 0 0 0
 0 0 0 0 0 0 0 0 0 0 0 0 0 0 0 0 0 0 0 0 0 0 0 0 0 0
 0 0 0 0 0 0 0 0 0 0 0 0 0 0 0 0 0 0 0 0 0 0 0 0 0 0
 0 0 0 0 0 0 0 0 0 0 0 0 0 0 0 0 0 0 0 0 0 0 0 0 0 0
 0 0 0 0 0 0 0 0 0 0 0 0 0 0 0 0 0 0 0 0 0 0 0 0 0 0
 0.00862536 0 0 0.000197151 0.00414017 0.0128641 0.00837892 0.0270097 0.101434 0.158115 0.152841 0.127902 0.109271 0.109419 0.0830992 0.0579132 0.0238553 0.00714673 0.00463305 0.00128148 0.00103504 0.000492878 0.000147863 0.000147863 4.92878e-05 0
 0 0 0 0 0 0 0 0 0 0 0 0 0 0 0 0 0 0 0 0 0 0 0 0 0 0
 0 0 0 0 0 0 0 0.0054083 0.00873648 0.0413646 0.0450493 0.0745869 0.0622846 0.0627006 0.0613931 0.0827291 0.12552 0.122667 0.0946155 0.0697135 0.0546179 0.0294188 0.0215738 0.0213955 0.0102223 0.00600262
 0 0 0 0 0.00359764 0.0251062 0.0480494 0.140153 0.205849 0.193036 0.1447 0.116669 0.0760912 0.0342217 0.00950174 0.001854 0.000860785 0 0 0 0.000165536 0 0.000143464 0 0 0
 0 0 0 0 0 0 0 0.000145254 0.000435761 0.0275982 0.070085 0.0708112 0.156366 0.174668 0.174014 0.160142 0.0824315 0.0480064 0.0283245 0.00493863 0.00203355 0 0 0 0 0
 0 0 0 0 0 0 0 0 0 0 0 0 0 0 0 0 0 0 0 0 0 0 0 0 0 0
 0 0 1.00437e-05 0.000401748 0.00122533 0.00171747 0.00176769 0.0269171 0.070346 0.194647 0.189555 0.159765 0.064822 0.0314167 0.0384472 0.0292271 0.0345202 0.0313363 0.0194345 0.0106764 0.0143323 0.0359363 0.0279516 0.0138201 0.00172751 0
 0 0.0021121 0.0136068 0.0755702 0.200478 0.177729 0.0527432 0.0373336 0.0318909 0.0142505 0.0149659 0.0166563 0.0217959 0.0798694 0.0677717 0.0528807 0.04013 0.0224614 0.0357745 0.0225083 0.00881397 0.00855152 0.00135912 0.000746735 0 0
 0 0 0 0 5.4009e-05 0.00500934 0.000945158 0.0243581 0.138947 0.33067 0.221406 0.137944 0.0707744 0.0437923 0.0131692 0.00525238 0.0047753 0.00276346 9.45158e-05 9.00151e-06 2.25038e-05 9.00151e-06 4.50075e-06 0 0 0
 0.000866109 0.00284123 0.00948549 0.0512746 0.133035 0.25785 0.225252 0.132002 0.0553304 0.0519788 0.0540692 0.017754 0.00435017 0.00159236 0.00146478 0.000404838 0.000125132 0.000115318 0.000107957 0.000100596 0 0 0 0 0 0
 0 0 0 0 0.00144013 0.00171154 0.00461396 0.0210425 0.0478622 0.0707936 0.0888783 0.103762 0.0637923 0.0337046 0.0602308 0.124433 0.169614 0.0934646 0.0462172 0.0250306 0.0313229 0.00938855 0.002487 0.000210481 0 0
 0 0.00764035 0.051015 0.0998891 0.058973 0.0496711 0.0374665 0.0718981 0.12319 0.153886 0.159021 0.0857701 0.0377988 0.023471 0.0147837 0.00900784 0.00315554 0.000888139 0.00291439 0.00214683 0.00393193 0.00274676 0.000635225 9.99891e-05 0 0
 0 0 0 0 0 0 0 0 0 0 0 0 0 0 0 0 0 0 0 0 0 0 0 0 0 0
 0 0 0 0 0 0 0 0 0 0 0 0 0 0 0 0 0 0 0 0 0 0 0 0 0 0
 0 0 0 0 0 0 0 0 0 0 0 0 0 0 0 0 0 0 0 0 0 0 0 0 0 0
 0 0 0 0 0 0 0 0 0 0 0 0 0 0 0 0 0 0 0 0 0 0 0 0 0 0
 0 0 0 0 0 0 0 0 0 0 0 0 0 0 0 0 0 0 0 0 0 0 0 0 0 0
 0 0 0 0 0 0 0 0 0 0 0 0 0 0 0 0 0 0 0 0 0 0 0 0 0 0
 0 0 0 0 0 0 0 0 0 0 0 0 0 0 0 0 0 0 0 0 0 0 0 0 0 0
ppred_pel_tallas
 1.15405e-16 3.47873e-05 0.000338145 0.00224709 0.010215 0.0317826 0.0677166 0.0988366 0.0988471 0.0677684 0.0319586 0.0107319 0.00357726 0.00334992 0.00607051 0.0108022 0.0174649 0.0259223 0.0359053 0.047048 0.0586795 0.0694631 0.0773417 0.0801407 0.0766028 0.067155
 1.30188e-16 3.48488e-05 0.000338743 0.00225107 0.010233 0.0318389 0.067837 0.0990151 0.0990387 0.0679525 0.0322271 0.0113563 0.00507824 0.00653749 0.0118915 0.0198396 0.0291719 0.0380472 0.044737 0.0487596 0.0512805 0.0542775 0.0590455 0.0651821 0.0707377 0.0732911
 1.26707e-16 4.5357e-05 0.000440886 0.00292985 0.0133187 0.0414394 0.0882917 0.128868 0.128887 0.0883822 0.0417435 0.0141993 0.00514853 0.00531219 0.00938084 0.0156631 0.0231088 0.0302664 0.0357384 0.0390352 0.0409077 0.0427755 0.0456776 0.0495589 0.053337 0.0555441
 1.09876e-16 6.29604e-05 0.000611997 0.00406694 0.0184877 0.0575222 0.122558 0.178879 0.178892 0.122619 0.0577287 0.0190847 0.00556839 0.00389959 0.00633663 0.0104572 0.0152557 0.0196207 0.0224852 0.023418 0.022893 0.0219402 0.0214484 0.0216626 0.0221802 0.0223213
 1.06405e-16 5.42219e-05 0.000527056 0.00350248 0.0159218 0.0495387 0.105548 0.154056 0.154081 0.105671 0.0499522 0.0171165 0.0065023 0.00707894 0.0125074 0.0206187 0.0297642 0.0375804 0.0417044 0.0410738 0.0365655 0.0303886 0.0247311 0.0207098 0.0182349 0.0165701
 1.04459e-16 6.22566e-05 0.000605156 0.00402148 0.0182811 0.0568792 0.121188 0.17688 0.176896 0.121264 0.0571348 0.0190202 0.00588009 0.00467332 0.00782019 0.012913 0.0187907 0.0240395 0.0272533 0.027775 0.0260506 0.0232484 0.02047 0.0181938 0.0162837 0.0143761
 1.07371e-16 4.06172e-05 0.000394813 0.00262367 0.0119269 0.0371091 0.0790662 0.115407 0.115444 0.079247 0.0377161 0.0136809 0.00702896 0.0100201 0.0183462 0.0303331 0.043853 0.0554914 0.061793 0.0611752 0.0548503 0.0459383 0.0375152 0.0311319 0.0266722 0.0231944
 1.14583e-16 3.70008e-05 0.000359661 0.00239008 0.010865 0.033805 0.0720262 0.10513 0.105156 0.0721558 0.0342409 0.0121275 0.00557295 0.00735378 0.0134552 0.0225398 0.033297 0.0436205 0.0513508 0.0554596 0.056523 0.056016 0.0550539 0.0536715 0.0511137 0.046679
 1.18939e-16 4.3965e-05 0.000427355 0.00283993 0.0129099 0.0401676 0.0855821 0.124914 0.124934 0.0856818 0.0405028 0.0138806 0.00528623 0.00580019 0.0103453 0.0172938 0.0255343 0.0334656 0.0395126 0.0430465 0.0447344 0.0459219 0.0475407 0.0494322 0.0505386 0.0496635
 1.13111e-16 5.59459e-05 0.000543814 0.00361384 0.016428 0.0511137 0.108904 0.158952 0.158968 0.108985 0.0513864 0.0172169 0.00559865 0.00489199 0.00836003 0.0138566 0.0202571 0.0261346 0.0300982 0.0315828 0.0311937 0.0302412 0.029829 0.0302117 0.0308182 0.0307595
 1.05292e-16 6.54486e-05 0.000636183 0.00422766 0.0192184 0.0597955 0.127401 0.185948 0.185962 0.127467 0.0600169 0.0198582 0.00583522 0.00415077 0.00675615 0.0111084 0.0160989 0.0204703 0.0229947 0.0231305 0.0213425 0.0187643 0.0164743 0.0149534 0.0140438 0.0132801
 1.03476e-16 6.02553e-05 0.000585703 0.0038922 0.0176934 0.0550508 0.117292 0.171196 0.171217 0.117393 0.0553885 0.0186688 0.00634123 0.00593423 0.0102249 0.0168265 0.0242767 0.0306219 0.0339132 0.0332569 0.0293392 0.0239408 0.0188481 0.0150091 0.012427 0.0106027
 1.04245e-16 5.56256e-05 0.0005407 0.00359315 0.0163339 0.0508211 0.10828 0.158043 0.158066 0.108393 0.051198 0.0174235 0.0063308 0.0065262 0.0114501 0.0189115 0.0274015 0.0348013 0.0389783 0.0389348 0.0353645 0.030107 0.0249667 0.0208408 0.0176705 0.014967
 1.06555e-16 5.05607e-05 0.000491468 0.00326598 0.0148467 0.0461936 0.0984214 0.143654 0.143679 0.0985448 0.0466082 0.0160452 0.00627896 0.00708384 0.0126149 0.0208912 0.030363 0.0387588 0.0437866 0.0443815 0.0412917 0.0364601 0.0317305 0.0279207 0.0248203 0.0218167
 1.06654e-16 5.80382e-05 0.000564152 0.00374899 0.0170424 0.0530253 0.112977 0.164896 0.164914 0.113063 0.0533141 0.0178779 0.00585056 0.00516648 0.00884186 0.0146394 0.0213522 0.0274224 0.0312978 0.0322683 0.0308499 0.0283377 0.0259051 0.0239816 0.0222892 0.0203174
 1.01522e-16 7.58951e-05 0.000737727 0.00490246 0.0222859 0.0693396 0.147736 0.215626 0.215631 0.147762 0.0694275 0.0225398 0.00554048 0.00213256 0.00273095 0.00441071 0.00638472 0.00811117 0.00909487 0.00911319 0.00834146 0.00722112 0.00617705 0.00540692 0.00486769 0.00440453
 1.02776e-16 3.44288e-05 0.00033466 0.00222394 0.0101097 0.0314554 0.0670209 0.0978298 0.0978814 0.0672731 0.032302 0.0125542 0.00835657 0.0137108 0.0254047 0.0418569 0.0600876 0.0751304 0.081947 0.0782186 0.0657517 0.0493059 0.0338211 0.022176 0.0147582 0.0104545
 1.02417e-16 7.29282e-05 0.000708888 0.00471081 0.0214147 0.066629 0.14196 0.207196 0.207201 0.141983 0.0667065 0.0216398 0.0052801 0.00196518 0.0024984 0.00411781 0.00616375 0.00824733 0.0100073 0.0112492 0.0120044 0.0124057 0.0125005 0.0121843 0.0113082 0.00984514
 1.033e-16 5.09497e-05 0.000495249 0.00329111 0.0149609 0.0465492 0.0991791 0.144762 0.144794 0.0993379 0.0470824 0.0165006 0.00715412 0.00892198 0.0160368 0.0263851 0.0378984 0.0474447 0.051878 0.0497733 0.0422998 0.0324639 0.0233434 0.0166664 0.0125536 0.0101773
 1.06369e-16 4.96278e-05 0.000482399 0.00320571 0.0145727 0.0453413 0.0966053 0.141003 0.141027 0.096722 0.0457336 0.0157077 0.00606205 0.00674227 0.0120098 0.0199624 0.0291844 0.037599 0.0430876 0.04462 0.0427691 0.0391323 0.0351785 0.0314878 0.0278479 0.023866
 1.05871e-16 6.18967e-05 0.000601658 0.00399823 0.0181754 0.0565505 0.120487 0.175858 0.175872 0.120558 0.0567889 0.0188651 0.00573302 0.00440087 0.00731336 0.0120882 0.017635 0.0226627 0.0258995 0.0267734 0.0257245 0.0238277 0.0220399 0.0206809 0.0194699 0.0179342
 1.04204e-16 6.19971e-05 0.000602634 0.00400472 0.0182049 0.0566422 0.120683 0.176144 0.176162 0.120771 0.0569366 0.0190555 0.0061411 0.00527008 0.00893748 0.0147073 0.0212526 0.0268828 0.0299218 0.0296107 0.0265534 0.0222842 0.0183129 0.0153957 0.0134582 0.0120039
 1.08762e-16 2.84534e-05 0.000276578 0.00183796 0.00835512 0.0259961 0.0553892 0.0808522 0.0808998 0.0556218 0.0267772 0.0106123 0.00750804 0.0126682 0.0236031 0.0390824 0.0565473 0.0716366 0.0799057 0.079291 0.0712915 0.0598397 0.0488247 0.0402283 0.033967 0.0289596
 1.08219e-16 6.20348e-05 0.000603 0.00400715 0.0182159 0.0566766 0.120756 0.176248 0.176257 0.120797 0.0568153 0.0186189 0.00502737 0.00285947 0.00443379 0.0074582 0.0112692 0.0152895 0.0189538 0.021983 0.0244603 0.0265752 0.0282711 0.0291387 0.0286579 0.0265662
 1.07638e-16 5.32404e-05 0.000517516 0.00343908 0.0156336 0.0486419 0.103638 0.151268 0.151293 0.103763 0.0490632 0.0168505 0.00649417 0.00718833 0.0127277 0.0209738 0.0302553 0.0381658 0.0423133 0.0416555 0.0371488 0.0311097 0.0257983 0.0223117 0.0204375 0.0192591
 1.11029e-16 3.81221e-05 0.00037056 0.0024625 0.0111942 0.0348295 0.0742092 0.108318 0.108351 0.0743736 0.0353819 0.0127916 0.00647959 0.00916449 0.0168118 0.0279229 0.0406658 0.0520757 0.0591347 0.0604351 0.056945 0.0511831 0.0455125 0.0409395 0.0371355 0.0332746
 1.08145e-16 6.16668e-05 0.000599423 0.00398338 0.0181079 0.0563404 0.12004 0.175204 0.175215 0.120095 0.0565269 0.0186484 0.00534617 0.00359478 0.00581068 0.00966791 0.014298 0.0187814 0.0222213 0.0242165 0.025053 0.0253812 0.0256552 0.0258095 0.0253905 0.0239529
 1.05923e-16 5.84157e-05 0.000567821 0.00377337 0.0171532 0.0533701 0.113711 0.16597 0.165991 0.113814 0.0537147 0.0181488 0.00627326 0.0060279 0.0104368 0.0171863 0.024814 0.031347 0.0348283 0.0343912 0.0307856 0.0258627 0.0214343 0.0183905 0.0165922 0.0153577
 1.10194e-16 3.14476e-05 0.000305682 0.00203136 0.00923432 0.0287316 0.0612173 0.0893573 0.0893997 0.0614244 0.0294275 0.0112458 0.00708629 0.0113598 0.0210817 0.0349506 0.0506922 0.0644787 0.0724092 0.0726714 0.0665606 0.0574617 0.0486619 0.0417428 0.0365007 0.031936
 1.18455e-16 3.75016e-05 0.000364529 0.00242242 0.011012 0.0342625 0.0730007 0.106551 0.106571 0.0731005 0.0345988 0.011988 0.00488953 0.00580771 0.0105446 0.0178188 0.0267148 0.0358117 0.0436545 0.0495599 0.0538675 0.0573314 0.0601939 0.061793 0.061009 0.0570946
 1.07606e-16 6.89301e-05 0.000670025 0.00445255 0.0202407 0.0629762 0.134178 0.195838 0.195845 0.134213 0.0630948 0.020584 0.0053171 0.00256676 0.00369971 0.00608462 0.00894721 0.0116673 0.0136821 0.014787 0.0152629 0.0156517 0.0163459 0.017317 0.0181576 0.018352
pSPR Fmed_Fpbrs
0.802537   0.6 0.325
Fs Fmed_Fpbrs
0.105467   0.256103 0.615678
SSBpbr Bo_Bmed_Bpbrs
3.29951e+06  2.48301e+06  1.81473e+06 907365
Ro
313473
SPR SPRFo_SPRFmed_SPRFpbrs
2.23745e+06 1.79564e+06 727172
Fref
0.256103
Nvult_r0
 393695 35174.5 16060.2 18435.6 7555.09
CTP_r0
 29540.2 2775.78 1267.38 1454.84 596.206
YTP_r0
391296
Np
 458485 132349 57551.5 5106.63 2995.57
Nvult_p0
 326136 94661 41163.1 3652.46 2142.55
CTP_p0
 63649.3 29472.5 2615.13 1194.03 1833.47
 63649.3 19300.2 8392.63 744.689 436.838
YTP_p0
 1.09615e+06 1.00994e+06
CBA_c0
1.07029e+06
log_Ro
12.4755
likeval ReclasPelacesDesembMPH_pf_preclas_ppelaces_ptallas_desvR_qrecl_qpela
 17.3712 17.4864 0.130455 0.000814131 241.381 122.051 98.0947 0 22.5765 3.64369e-05 2.38375e-05 0.661055 2.95812e-15 0 0
q_reclas_q_pelaces
0.425127 0.499267
M
1
N
 310656 75423.1 333484 17136.1 0.509453
 186464 107929 26119.7 115488 5934.55
 178550 61959.8 35659.2 8629.81 40117.5
 348284 59546 20549.9 11826.9 16167.8
 278602 110837 18796.1 6486.7 8836.71
 456583 97565.6 38707.4 6564.14 5351.38
 193720 152007 32300.1 12814.5 3944.76
 95542.3 57909 44913.2 9543.67 4951.83
 86330.8 34071.6 20615.1 15988.7 5160.26
 110826 28153 11036 6677.33 6850.26
 198810 34992.4 8813.09 3454.74 4234.72
 238584 70225.4 12332.1 3105.94 2709.94
 202794 71963 20946.9 3678.45 1734.77
 144570 62257.2 21869.1 6365.64 1645.04
 155025 40269.2 17072.6 5997.11 2196.75
 786264 47644.5 12251.8 5194.29 2492.96
 190175 245249 14724 3786.29 2375.66
 1.15458e+06 62845.6 80558.8 4836.52 2024.06
 687783 378536 20471.4 26241.3 2234.77
 519882 213734 116523 6301.65 8765.71
 824728 165275 67392.9 36741.3 4750.92
 1.09481e+06 272145 54205.6 22103 13608.3
 245012 350866 86544.7 17237.9 11356.6
 731955 83183.6 118586 29250.5 9664.4
 608349 251538 28477 40596.8 13322.1
 277107 208498 85866.9 9721.14 18406.2
 617191 96234.5 72173.9 29723.7 9736.57
 687755 211763 32889.8 24666.7 13486.2
 206808 238184 73089.6 11351.9 13168.4
 156387 71725.7 82334.6 25265.4 8476.09
 595800 53107.5 24248.1 27834.7 11406.9
pred_Ctot
 10970.9 2809.43 12421.9 638.301 0.0189766
 11498.4 7012.86 1697.17 7504.04 385.607
 10633.3 3888.36 2237.84 541.575 2517.63
 30062.5 5410.49 1867.21 1074.62 1469.04
 8499.34 3567.1 604.922 208.764 284.396
 27649.9 6225.89 2470.01 418.873 341.484
 23341.7 19253.9 4091.3 1623.15 499.663
 1854.29 1186.15 919.961 195.484 101.429
 6258.13 2601.36 1573.95 1220.73 393.984
 10053.3 2687.87 1053.65 637.511 654.021
 5021.58 932.598 234.881 92.0738 112.861
 27604.1 8542.99 1500.22 377.841 329.668
 21530.2 8036.21 2339.17 410.777 193.724
 22699.5 10260.6 3604.25 1049.12 271.119
 16366 4471.72 1895.84 665.953 243.939
 76631.8 4886.01 1256.44 532.681 255.656
 12334.7 16758.7 1006.15 258.73 162.338
 80154.9 4595.8 5891.14 353.687 148.017
 68442.6 39632 2143.32 2747.42 233.977
 45175.2 19550.2 10658.4 576.411 801.798
 54185.4 11439.9 4664.77 2543.14 328.847
 90172.3 23599.2 4700.46 1916.68 1180.05
 12023 18150.6 4477.02 891.73 587.483
 30641.3 3672.01 5234.81 1291.22 426.62
 26444 11529.1 1305.23 1860.73 610.612
 9853.63 7819.86 3220.49 364.597 690.335
 26420.9 4343.97 3257.89 1341.71 439.503
 25603.3 8314.44 1291.35 968.486 529.51
 7518.7 9133.2 2802.64 435.289 504.945
 7651.71 3699.63 4246.85 1303.2 437.199
 29540.2 2775.78 1267.38 1454.84 596.206
F
 0.0572126 0.0604256 0.0604256 0.0604256 0.0604256
 0.101751 0.107465 0.107465 0.107465 0.107465
 0.0981199 0.10363 0.10363 0.10363 0.10363
 0.14496 0.153101 0.153101 0.153101 0.153101
 0.0492609 0.0520273 0.0520273 0.0520273 0.0520273
 0.0998457 0.105453 0.105453 0.105453 0.105453
 0.207539 0.219194 0.219194 0.219194 0.219194
 0.0311037 0.0328504 0.0328504 0.0328504 0.0328504
 0.120535 0.127304 0.127304 0.127304 0.127304
 0.152832 0.161414 0.161414 0.161414 0.161414
 0.0406399 0.0429221 0.0429221 0.0429221 0.0429221
 0.198567 0.209719 0.209719 0.209719 0.209719
 0.180916 0.191076 0.191076 0.191076 0.191076
 0.278176 0.293798 0.293798 0.293798 0.293798
 0.179818 0.189916 0.189916 0.189916 0.189916
 0.165018 0.174286 0.174286 0.174286 0.174286
 0.107263 0.113287 0.113287 0.113287 0.113287
 0.115183 0.121652 0.121652 0.121652 0.121652
 0.168741 0.178218 0.178218 0.178218 0.178218
 0.145994 0.154193 0.154193 0.154193 0.154193
 0.108719 0.114825 0.114825 0.114825 0.114825
 0.137927 0.145673 0.145673 0.145673 0.145673
 0.0802573 0.0847645 0.0847645 0.0847645 0.0847645
 0.0681256 0.0719515 0.0719515 0.0719515 0.0719515
 0.0708182 0.0747953 0.0747953 0.0747953 0.0747953
 0.0576171 0.0608528 0.0608528 0.0608528 0.0608528
 0.0697108 0.0736257 0.0736257 0.0736257 0.0736257
 0.0603898 0.0637812 0.0637812 0.0637812 0.0637812
 0.0589409 0.0622509 0.0622509 0.0622509 0.0622509
 0.0800156 0.0845092 0.0845092 0.0845092 0.0845092
 0.0811199 0.0856755 0.0856755 0.0856755 0.0856755
YTP_r0W_actual
 245184 39138.5 34979.7 49755.5 22238.5
YTP_p0W_proyectada
 476733 461834 60488 35068.8 62026.4
 476733 302434 194121 21871.5 14778.2
CTP_r0_actual
 29540.2 2775.78 1267.38 1454.84 596.206
CTP_p0_proyectada
 63649.3 29472.5 2615.13 1194.03 1833.47
 63649.3 19300.2 8392.63 744.689 436.838
Wmedp
 7.49 15.67 23.13 29.37 33.83
Frms_r0
 0.0811199 0.0856755 0.0856755 0.0856755 0.0856755
Zrms_r0
 1.08112 1.08568 1.08568 1.08568 1.08568
nmprior
 8.19 8.8 8.5 0
nm_flota  nm_reclas  nm_pelaces    nm_pelaL
inf 11.4318 16.6544 38.7248
cv_recla  cv_pelaces  cv_mph
0.376999 0.474158 0.880547
 ------------------------------------------------
Talla a la edad & desviaci?n 
 8 13.2811 15.8009 17.003 17.5766
 0.8 1.32811 1.58009 1.7003 1.75766
