years
 1991 1992 1993 1994 1995 1996 1997 1998 1999 2000 2001 2002 2003 2004 2005 2006 2007 2008 2009 2010 2011 2012 2013 2014 2015 2016 2017 2018 2019 2020 2021
reclasobs
 0 0 0 0 0 0 0 0 0 252601 567819 844713 477998 351125 339783 2.1784e+06 2.13404e+06 4.81314e+06 1.55562e+06 2.62356e+06 3.21686e+06 3.843e+06 1.13348e+06 3.07943e+06 1.97215e+06 2.03268e+06 2.025e+06 2.42433e+06 2.27542e+06 1.05018e+06 2.36338e+06
reclaspred
 3.33841e+06 1.93936e+06 987157 965360 956872 1.41954e+06 1.02131e+06 932006 689734 524161 512118 619791 630610 539692 554215 1.23816e+06 1.29827e+06 2.5363e+06 2.15867e+06 1.66847e+06 2.98305e+06 2.43183e+06 2.02589e+06 3.02372e+06 2.30051e+06 2.03506e+06 2.35251e+06 2.44395e+06 2.07761e+06 1.37978e+06 1.91524e+06
pelacesobs
 0 0 0 0 0 0 0 0 0 0 0 0 0 0 0 552880 188675 0 991730 2.46772e+06 1.41603e+06 1.21717e+06 2.29649e+06 1.80582e+06 0 1.4828e+06 1.56532e+06 1.57751e+06 1.42118e+06 867257 1.10002e+06
pelacespred
 1.88666e+06 1.24349e+06 651900 517342 510807 782358 560245 574701 433282 319458 311601 323296 356604 335399 344460 629000 652056 1.42886e+06 1.29981e+06 945341 1.55574e+06 1.44015e+06 1.16006e+06 1.85751e+06 1.38866e+06 1.21244e+06 1.58361e+06 1.62733e+06 1.14053e+06 869477 1.20154e+06
mphobs
 0 0 0 0 0 0 0 0 0 0 0 498337 0 5186 125008 0 168611 109162 213762 579715 649985 157893 87575 83554 0 0 0 0 0 0 0
mphpred
 487133 328912 171819 92385 102366 110704 145472 106791 91135.3 67044.3 46181.7 57984.1 63874.1 57949.7 45649.6 55514.8 144386 146858 248904 201836 220041 270395 258622 220086 294987 244124 201807 210748 284690 203554 132398
desembarqueobs
 494567 514787 250237 358949 120608 361735 552515 73892 212993 205616 52469 317467 293654 387597 252695 516296 358380 742168 942051 627588 828172 859565 418607 520667 417249 300574 415391 372974 316634 284311 391294
desembarquepred
 494571 512960 251177 358961 120610 361743 552548 73893.9 213017 205639 52470.3 317512 293694 387647 252701 516290 358393 742127 941973 627540 828212 859594 418616 520680 417252 300576 415392 372969 316634 284317 391296
Reclutas
 320849 193298 185244 362529 290217 474941 201741 99956.4 90219.1 115662 207209 247495 210684 150395 161790 817368 198793 1.19645e+06 714026 539569 858962 1.13944e+06 255798 764831 635076 289545 644772 718448 216125 163571 623138
log_desv_Rt
 -0.0175651 -0.524303 -0.566863 0.104568 -0.117907 0.374656 -0.481549 -1.1838 -1.28629 -1.03786 -0.454809 -0.277146 -0.438174 -0.77527 -0.702233 0.917554 -0.496273 1.29858 0.782383 0.502234 0.96719 1.24975 -0.244148 0.85112 0.665209 -0.120225 0.680361 0.788557 -0.412677 -0.691291 0.646233
SSB
 7.42446e+06 5.013e+06 2.61872e+06 1.40805e+06 1.56017e+06 1.68726e+06 2.21716e+06 1.62762e+06 1.38901e+06 1.02183e+06 703862 883744 973515 883221 695752 846109 2.20061e+06 2.23828e+06 3.79358e+06 3.07621e+06 3.35368e+06 4.12114e+06 3.94169e+06 3.35437e+06 4.49595e+06 3.72073e+06 3.07577e+06 3.21204e+06 4.339e+06 3.10239e+06 2.01789e+06
BT
 9.56343e+06 6.54052e+06 3.41839e+06 2.81524e+06 2.571e+06 4.10193e+06 3.21465e+06 2.84917e+06 2.31137e+06 1.74928e+06 1.55663e+06 1.83803e+06 1.99782e+06 2.03118e+06 1.92429e+06 3.47175e+06 3.44235e+06 7.58144e+06 7.21664e+06 5.15272e+06 8.21398e+06 7.79338e+06 5.99023e+06 9.48655e+06 7.11468e+06 6.14424e+06 8.0991e+06 8.26056e+06 5.78875e+06 4.48929e+06 6.20025e+06
Ftot
 0.0576502 0.102425 0.0987206 0.146039 0.0496547 0.100853 0.208839 0.0311949 0.120795 0.152933 0.0408488 0.200282 0.182064 0.27886 0.179983 0.166285 0.107902 0.116469 0.170611 0.1472 0.109523 0.139009 0.0807348 0.068552 0.0713019 0.0579977 0.0701995 0.0608761 0.0593829 0.080381 0.0815664
BD_Bspro_t
 0.990822 0.92912 0.847179 0.792667 0.786327 0.827648 0.820716 0.729805 0.767006 0.747651 0.730036 0.831821 0.754596 0.696663 0.629684 0.674342 0.77211 0.765976 0.808846 0.749758 0.73174 0.76787 0.780063 0.780881 0.84438 0.849478 0.85442 0.872544 0.894206 0.861587 0.82802
BD_Bspro
 3.18554 2.15087 1.12359 0.604139 0.669406 0.723937 0.951295 0.698347 0.595966 0.438427 0.301999 0.379179 0.417696 0.378954 0.298519 0.363031 0.944191 0.960355 1.62767 1.31988 1.43893 1.76821 1.69122 1.43922 1.92903 1.59642 1.31969 1.37815 1.86169 1.33111 0.865796
BD_Bo
 2.16177 1.45963 0.762489 0.409981 0.454273 0.491278 0.645568 0.473913 0.404435 0.297526 0.204943 0.257319 0.283457 0.257166 0.202581 0.246361 0.640747 0.651717 1.10457 0.895696 0.976486 1.19995 1.1477 0.976687 1.30908 1.08336 0.895568 0.935244 1.26338 0.90332 0.587547
BD_Brms
 3.93049 2.65387 1.38634 0.74542 0.82595 0.893233 1.17376 0.861659 0.735337 0.540956 0.372623 0.467852 0.515377 0.467575 0.36833 0.447928 1.165 1.18494 2.00831 1.62854 1.77543 2.18172 2.08672 1.77579 2.38014 1.96975 1.6283 1.70044 2.29705 1.6424 1.06827
Sel_flota
 0.94699 0.997063 0.999845 0.999992 1
 0.94699 0.997063 0.999845 0.999992 1
 0.94699 0.997063 0.999845 0.999992 1
 0.94699 0.997063 0.999845 0.999992 1
 0.94699 0.997063 0.999845 0.999992 1
 0.94699 0.997063 0.999845 0.999992 1
 0.94699 0.997063 0.999845 0.999992 1
 0.94699 0.997063 0.999845 0.999992 1
 0.94699 0.997063 0.999845 0.999992 1
 0.94699 0.997063 0.999845 0.999992 1
 0.94699 0.997063 0.999845 0.999992 1
 0.94699 0.997063 0.999845 0.999992 1
 0.94699 0.997063 0.999845 0.999992 1
 0.94699 0.997063 0.999845 0.999992 1
 0.94699 0.997063 0.999845 0.999992 1
 0.94699 0.997063 0.999845 0.999992 1
 0.94699 0.997063 0.999845 0.999992 1
 0.94699 0.997063 0.999845 0.999992 1
 0.94699 0.997063 0.999845 0.999992 1
 0.94699 0.997063 0.999845 0.999992 1
 0.94699 0.997063 0.999845 0.999992 1
 0.94699 0.997063 0.999845 0.999992 1
 0.94699 0.997063 0.999845 0.999992 1
 0.94699 0.997063 0.999845 0.999992 1
 0.94699 0.997063 0.999845 0.999992 1
 0.94699 0.997063 0.999845 0.999992 1
 0.94699 0.997063 0.999845 0.999992 1
 0.94699 0.997063 0.999845 0.999992 1
 0.94699 0.997063 0.999845 0.999992 1
 0.94699 0.997063 0.999845 0.999992 1
 0.94699 0.997063 0.999845 0.999992 1
Sel_reclas
 1 1 1 1 1
 1 1 1 1 1
 1 1 1 1 1
 1 1 1 1 1
 1 1 1 1 1
 1 1 1 1 1
 1 1 1 1 1
 1 1 1 1 1
 1 1 1 1 1
 1 1 1 1 1
 1 1 1 1 1
 1 1 1 1 1
 1 1 1 1 1
 1 1 1 1 1
 1 1 1 1 1
 1 1 1 1 1
 1 1 1 1 1
 1 1 1 1 1
 1 1 1 1 1
 1 1 1 1 1
 1 1 1 1 1
 1 1 1 1 1
 1 1 1 1 1
 1 1 1 1 1
 1 1 1 1 1
 1 1 1 1 1
 1 1 1 1 1
 1 1 1 1 1
 1 1 1 1 1
 1 1 1 1 1
 1 1 1 1 1
Sel_pelaces
 1 1 1 1 1
 1 1 1 1 1
 1 1 1 1 1
 1 1 1 1 1
 1 1 1 1 1
 1 1 1 1 1
 1 1 1 1 1
 1 1 1 1 1
 1 1 1 1 1
 1 1 1 1 1
 1 1 1 1 1
 1 1 1 1 1
 1 1 1 1 1
 1 1 1 1 1
 1 1 1 1 1
 1 1 1 1 1
 1 1 1 1 1
 1 1 1 1 1
 1 1 1 1 1
 1 1 1 1 1
 1 1 1 1 1
 1 1 1 1 1
 1 1 1 1 1
 1 1 1 1 1
 1 1 1 1 1
 1 1 1 1 1
 1 1 1 1 1
 1 1 1 1 1
 1 1 1 1 1
 1 1 1 1 1
 1 1 1 1 1
pf_obs 
 0.8446 0.082 0.0669 0.0065 0
 0.8095 0.147 0.0364 0.0071 0
 0.9664 0.0169 0.016 0.0007 0
 0.9276 0.0648 0.0075 0.0001 0
 0.7033 0.2144 0.0806 0.0017 0
 0.9318 0.0425 0.0243 0.0014 0
 0.5671 0.3108 0.0964 0.0239 0.0018
 0.0768 0.2599 0.5324 0.112 0.0189
 0.490249 0.384438 0.106611 0.0170017 0.00170017
 0.7925 0.1577 0.0466 0.003 0.0002
 0.840416 0.127587 0.0312969 0.00059994 9.999e-05
 0.8084 0.0986 0.0794 0.0134 0.0002
 0.7335 0.1905 0.0724 0.0035 0.0001
 0.4001 0.4547 0.1325 0.0127 0
 0.49795 0.308269 0.164784 0.0264974 0.00249975
 0.9179 0.0499 0.0305 0.0017 0
 0.2467 0.6533 0.0926 0.0074 0
 0.9418 0.0223 0.034 0.0019 0
 0.707729 0.231977 0.0356964 0.0245975 0
 0.517169 0.277429 0.184464 0.0207286 0.00020938
 0.811772 0.124168 0.05621 0.00726502 0.000585176
 0.764997 0.148141 0.077277 0.00933861 0.000247198
 0.163321 0.427699 0.378323 0.0303852 0.000271297
 0.753843 0.0900009 0.118128 0.0371064 0.000921714
 0.721811 0.176058 0.0630433 0.0369309 0.00215725
 0.143369 0.312575 0.442814 0.0836902 0.0175525
 0.692698 0.0596174 0.167031 0.0765114 0.00414204
 0.394062 0.376323 0.152708 0.0712218 0.00568511
 0.125707 0.32114 0.495352 0.0537591 0.00404204
 0.23352 0.215282 0.420074 0.123614 0.00750983
 0.796117 0.104755 0.0508955 0.0450114 0.00322123
pf_pred 
 0.405291 0.10396 0.466936 0.0238128 7.06991e-07
 0.407661 0.247646 0.0603917 0.270508 0.0137938
 0.534697 0.195735 0.112894 0.0274533 0.129221
 0.753032 0.135333 0.0470392 0.0270547 0.0375406
 0.644479 0.271271 0.0462294 0.0160222 0.0219985
 0.744339 0.167732 0.0671365 0.0114101 0.0093827
 0.477513 0.394102 0.0843123 0.033652 0.0104208
 0.433945 0.278183 0.217298 0.046349 0.0242243
 0.517944 0.215265 0.131295 0.102282 0.033214
 0.664238 0.178436 0.0703687 0.0427972 0.0441601
 0.783492 0.146431 0.0372934 0.0146646 0.0181188
 0.718231 0.223169 0.0396689 0.0100755 0.00885576
 0.660423 0.247667 0.0728419 0.0129092 0.00615972
 0.596978 0.271116 0.0962813 0.0282339 0.00739005
 0.689222 0.189868 0.0814211 0.028825 0.0106634
 0.915815 0.0590117 0.0153975 0.00658348 0.00319241
 0.40393 0.548347 0.0334823 0.00871084 0.00552964
 0.877849 0.0508857 0.0655746 0.00399272 0.0016979
 0.60401 0.349868 0.0192456 0.0247308 0.00214584
 0.586591 0.255045 0.139968 0.00767688 0.0107191
 0.739574 0.156179 0.0643847 0.0352322 0.00462985
 0.740682 0.194412 0.0389693 0.0160197 0.0099167
 0.33211 0.501492 0.124841 0.0249522 0.0166046
 0.741482 0.0888577 0.12748 0.0316469 0.010533
 0.632557 0.276114 0.0314489 0.0449943 0.0148852
 0.448294 0.355557 0.1475 0.0167537 0.0318947
 0.737152 0.12119 0.0913843 0.0378063 0.0124674
 0.696979 0.22641 0.0353762 0.0266022 0.0146327
 0.368278 0.447072 0.138064 0.0215132 0.0250723
 0.440531 0.212773 0.245558 0.075625 0.0255136
 0.828254 0.0779072 0.0357506 0.0411448 0.0169439
pobs_RECLAS
 0 0 0 0 0
 0 0 0 0 0
 0 0 0 0 0
 0 0 0 0 0
 0 0 0 0 0
 0 0 0 0 0
 0 0 0 0 0
 0 0 0 0 0
 0 0 0 0 0
 0 0 0 0 0
 0.991045 0.00858322 0.000360255 1.14367e-05 0
 0.934742 0.0480273 0.0164251 0.00080598 0
 0.827803 0.169806 0.00239088 0 0
 0.941827 0.0461693 0.0120037 0 0
 0.791401 0.0380133 0.147996 0.0225897 0
 0.846168 0.0940531 0.0597789 0 0
 0.134021 0.677848 0.182769 0.00536245 0
 0.80878 0.0450904 0.141981 0.00414843 0
 0.846168 0.0940531 0.0597789 0 0
 0.905697 0.0802665 0.012482 0.00150086 5.37128e-05
 0.989698 0.0102097 9.19794e-05 0 0
 0.975433 0.0193895 0.00387452 0.00125025 5.28907e-05
 0.303575 0.632131 0.0575291 0.00676475 0
 0.966965 0.00978017 0.0227588 0.000495775 0
 0.843318 0.132988 0.00938335 0.0141283 0.000182051
 0.564624 0.303363 0.111486 0.0197234 0.00080311
 0.826376 0.0876187 0.0782897 0.00655872 0.00115652
 0.89761 0.0855135 0.0140674 0.00269457 0.000114338
 0.34875 0.467042 0.161289 0.0227151 0.000203297
 0.318654 0.224769 0.449479 0.00709798 0
 0.937255 0.0296025 0.0250945 0.00804832 0
ppred_RECLAS
 0.418392 0.101905 0.456429 0.0232735 6.90974e-07
 0.420687 0.242614 0.0589983 0.264227 0.0134734
 0.548016 0.190451 0.109538 0.0266334 0.12536
 0.762851 0.130124 0.045101 0.0259361 0.0359882
 0.656397 0.262356 0.0445851 0.01545 0.0212128
 0.754286 0.161364 0.0644064 0.0109445 0.00899974
 0.490814 0.384343 0.0819909 0.0327206 0.0101322
 0.44703 0.272144 0.211988 0.0452096 0.0236286
 0.53133 0.209623 0.127493 0.0993064 0.0322474
 0.676086 0.172375 0.0677863 0.0412205 0.0425329
 0.792286 0.140614 0.0357118 0.0140406 0.0173477
 0.728851 0.214886 0.0380882 0.00967259 0.00850154
 0.672244 0.23923 0.0701614 0.0124323 0.00593211
 0.60988 0.262687 0.0930207 0.0272736 0.00713865
 0.700566 0.183143 0.0783148 0.0277211 0.010255
 0.919825 0.0562492 0.0146353 0.00625662 0.00303389
 0.416569 0.536843 0.0326878 0.00850286 0.00539758
 0.883492 0.0486151 0.0624724 0.00380327 0.00161732
 0.616538 0.338914 0.0185904 0.0238853 0.00207245
 0.599455 0.247378 0.135378 0.007424 0.010366
 0.749684 0.150289 0.0617823 0.0338032 0.00444202
 0.750711 0.187028 0.0373835 0.0153655 0.00951167
 0.343876 0.493006 0.122385 0.0244576 0.0162753
 0.751639 0.0855258 0.122357 0.0303705 0.010108
 0.644686 0.267193 0.0303476 0.0434121 0.0143617
 0.461382 0.347473 0.143743 0.0163246 0.0310775
 0.747361 0.116662 0.0877237 0.0362866 0.0119661
 0.707955 0.218368 0.0340242 0.0255818 0.0140713
 0.380601 0.438715 0.135104 0.0210489 0.024531
 0.453791 0.208097 0.239488 0.0737448 0.0248791
 0.835727 0.0746354 0.0341532 0.0393005 0.0161843
pobs_PELACES
 0 0 0 0 0
 0 0 0 0 0
 0 0 0 0 0
 0 0 0 0 0
 0 0 0 0 0
 0 0 0 0 0
 0 0 0 0 0
 0 0 0 0 0
 0 0 0 0 0
 0 0 0 0 0
 0 0 0 0 0
 0 0 0 0 0
 0 0 0 0 0
 0 0 0 0 0
 0 0 0 0 0
 0 0 0 0 0
 0.505614 0.472636 0.0217494 0 0
 0 0 0 0 0
 0.443492 0.261883 0.143347 0.151278 0
 0.227955 0.32914 0.350689 0.0885471 0.00366901
 0.970185 0.0296113 0.000203453 0 0
 0.997202 0.00247181 0.000326279 0 0
 0.445219 0.490057 0.0546422 0.010081 0
 0.90214 0.0892962 0.00764917 0.000914606 0
 0 0 0 0 0
 0.581667 0.319106 0.0959925 0.00289975 0.000334073
 0.762889 0.0836404 0.116647 0.0363945 0.000428098
 0.88444 0.0763242 0.0277011 0.0115352 0
 0.521256 0.241999 0.230069 0.00667565 0
 0.616807 0.101726 0.260614 0.0208532 0
 0.833518 0.0704572 0.0857862 0.0102388 0
ppred_PELACES
 0.418634 0.101867 0.456234 0.0232635 6.90678e-07
 0.421114 0.242449 0.0589527 0.264022 0.0134629
 0.548434 0.190286 0.109433 0.0266077 0.125239
 0.763298 0.129886 0.0450127 0.0258851 0.0359174
 0.656584 0.262215 0.0445593 0.015441 0.0212005
 0.7546 0.161162 0.06432 0.0109298 0.00898763
 0.491688 0.383701 0.0818383 0.0326594 0.0101133
 0.447162 0.272083 0.211934 0.0451982 0.0236226
 0.531843 0.209407 0.127348 0.0991924 0.0322104
 0.676654 0.172084 0.0676625 0.0411449 0.0424549
 0.792399 0.140539 0.0356915 0.0140326 0.0173378
 0.729513 0.214371 0.0379898 0.00964751 0.00847949
 0.672917 0.23875 0.0700089 0.0124052 0.00591917
 0.610996 0.261958 0.0927387 0.0271906 0.00711691
 0.701203 0.182765 0.0781404 0.0276591 0.010232
 0.920031 0.0561074 0.0145961 0.00623984 0.00302575
 0.417004 0.536447 0.0326604 0.0084957 0.00539303
 0.883696 0.0485328 0.0623601 0.00379641 0.0016144
 0.617209 0.338328 0.0185553 0.02384 0.00206852
 0.600051 0.247022 0.135165 0.00741228 0.0103496
 0.750031 0.150086 0.0616929 0.0337541 0.00443558
 0.751147 0.186708 0.0373147 0.0153371 0.00949408
 0.344182 0.492786 0.122321 0.0244447 0.0162668
 0.751858 0.0854538 0.122246 0.0303429 0.0100989
 0.64496 0.266991 0.0303227 0.0433764 0.0143499
 0.461625 0.347323 0.143673 0.0163166 0.0310623
 0.747587 0.116562 0.0876428 0.036253 0.0119551
 0.708166 0.218213 0.0339982 0.0255622 0.0140605
 0.380836 0.438556 0.135048 0.02104 0.0245207
 0.454132 0.207977 0.239332 0.0736964 0.0248627
 0.835917 0.0745519 0.0341124 0.0392535 0.0161649
pobs_pel_tallas
 0 0 0 0 0 0 0 0 0 0 0 0 0 0 0 0 0 0 0 0 0 0 0 0 0 0
 0 0 0 0 0 0 0 0 0 0 0 0 0 0 0 0 0 0 0 0 0 0 0 0 0 0
 0 0 0 0 0 0 0 0 0 0 0 0 0 0 0 0 0 0 0 0 0 0 0 0 0 0
 0 0 0 0 0 0 0 0 0 0 0 0 0 0 0 0 0 0 0 0 0 0 0 0 0 0
 0 0 0 0 0 0 0 0 0 0 0 0 0 0 0 0 0 0 0 0 0 0 0 0 0 0
 0 0 0 0 0 0 0 0 0 0 0 0 0 0 0 0 0 0 0 0 0 0 0 0 0 0
 0 0 0 0 0 0 0 0 0 0 0 0 0 0 0 0 0 0 0 0 0 0 0 0 0 0
 0 0 0 0 0 0 0 0 0 0 0 0 0 0 0 0 0 0 0 0 0 0 0 0 0 0
 0 0 0 0 0 0 0 0 0 0 0 0 0 0 0 0 0 0 0 0 0 0 0 0 0 0
 0 0 0 0 0 0 0 0 0 0 0 0 0 0 0 0 0 0 0 0 0 0 0 0 0 0
 0 0 0 0 0 0 0 0 0 0 0 0 0 0 0 0 0 0 0 0 0 0 0 0 0 0
 0 0 0 0 0 0 0 0 0 0 0 0 0 0 0 0 0 0 0 0 0 0 0 0 0 0
 0.00862536 0 0 0.000197151 0.00414017 0.0128641 0.00837892 0.0270097 0.101434 0.158115 0.152841 0.127902 0.109271 0.109419 0.0830992 0.0579132 0.0238553 0.00714673 0.00463305 0.00128148 0.00103504 0.000492878 0.000147863 0.000147863 4.92878e-05 0
 0 0 0 0 0 0 0 0 0 0 0 0 0 0 0 0 0 0 0 0 0 0 0 0 0 0
 0 0 0 0 0 0 0 0.0054083 0.00873648 0.0413646 0.0450493 0.0745869 0.0622846 0.0627006 0.0613931 0.0827291 0.12552 0.122667 0.0946155 0.0697135 0.0546179 0.0294188 0.0215738 0.0213955 0.0102223 0.00600262
 0 0 0 0 0.00359764 0.0251062 0.0480494 0.140153 0.205849 0.193036 0.1447 0.116669 0.0760912 0.0342217 0.00950174 0.001854 0.000860785 0 0 0 0.000165536 0 0.000143464 0 0 0
 0 0 0 0 0 0 0 0.000145254 0.000435761 0.0275982 0.070085 0.0708112 0.156366 0.174668 0.174014 0.160142 0.0824315 0.0480064 0.0283245 0.00493863 0.00203355 0 0 0 0 0
 0 0 0 0 0 0 0 0 0 0 0 0 0 0 0 0 0 0 0 0 0 0 0 0 0 0
 0 0 1.00437e-05 0.000401748 0.00122533 0.00171747 0.00176769 0.0269171 0.070346 0.194647 0.189555 0.159765 0.064822 0.0314167 0.0384472 0.0292271 0.0345202 0.0313363 0.0194345 0.0106764 0.0143323 0.0359363 0.0279516 0.0138201 0.00172751 0
 0 0.0021121 0.0136068 0.0755702 0.200478 0.177729 0.0527432 0.0373336 0.0318909 0.0142505 0.0149659 0.0166563 0.0217959 0.0798694 0.0677717 0.0528807 0.04013 0.0224614 0.0357745 0.0225083 0.00881397 0.00855152 0.00135912 0.000746735 0 0
 0 0 0 0 5.4009e-05 0.00500934 0.000945158 0.0243581 0.138947 0.33067 0.221406 0.137944 0.0707744 0.0437923 0.0131692 0.00525238 0.0047753 0.00276346 9.45158e-05 9.00151e-06 2.25038e-05 9.00151e-06 4.50075e-06 0 0 0
 0.000866109 0.00284123 0.00948549 0.0512746 0.133035 0.25785 0.225252 0.132002 0.0553304 0.0519788 0.0540692 0.017754 0.00435017 0.00159236 0.00146478 0.000404838 0.000125132 0.000115318 0.000107957 0.000100596 0 0 0 0 0 0
 0 0 0 0 0.00144013 0.00171154 0.00461396 0.0210425 0.0478622 0.0707936 0.0888783 0.103762 0.0637923 0.0337046 0.0602308 0.124433 0.169614 0.0934646 0.0462172 0.0250306 0.0313229 0.00938855 0.002487 0.000210481 0 0
 0 0.00764035 0.051015 0.0998891 0.058973 0.0496711 0.0374665 0.0718981 0.12319 0.153886 0.159021 0.0857701 0.0377988 0.023471 0.0147837 0.00900784 0.00315554 0.000888139 0.00291439 0.00214683 0.00393193 0.00274676 0.000635225 9.99891e-05 0 0
 0 0 0 0 0 0 0 0 0 0 0 0 0 0 0 0 0 0 0 0 0 0 0 0 0 0
 0 0 0 0 0 0 0 0 0 0 0 0 0 0 0 0 0 0 0 0 0 0 0 0 0 0
 0 0 0 0 0 0 0 0 0 0 0 0 0 0 0 0 0 0 0 0 0 0 0 0 0 0
 0 0 0 0 0 0 0 0 0 0 0 0 0 0 0 0 0 0 0 0 0 0 0 0 0 0
 0 0 0 0 0 0 0 0 0 0 0 0 0 0 0 0 0 0 0 0 0 0 0 0 0 0
 0 0 0 0 0 0 0 0 0 0 0 0 0 0 0 0 0 0 0 0 0 0 0 0 0 0
 0 0 0 0 0 0 0 0 0 0 0 0 0 0 0 0 0 0 0 0 0 0 0 0 0 0
ppred_pel_tallas
 1.15526e-16 3.44824e-05 0.000335181 0.0022274 0.0101254 0.031504 0.067123 0.0979702 0.0979807 0.0671747 0.0316795 0.010641 0.00355448 0.00334124 0.00606228 0.0107967 0.0174748 0.0259715 0.0360275 0.0472792 0.0590446 0.069963 0.0779465 0.0807941 0.0772374 0.0677111
 1.3052e-16 3.46866e-05 0.000337167 0.00224059 0.0101854 0.0316907 0.0675213 0.0985543 0.0985778 0.0676362 0.0320769 0.0113029 0.00505343 0.00650493 0.0118335 0.0197466 0.0290448 0.0379033 0.0446119 0.0487013 0.0513382 0.0544891 0.0594285 0.0657289 0.0714147 0.0740427
 1.2707e-16 4.51738e-05 0.000439106 0.00291801 0.0132649 0.041272 0.0879351 0.128348 0.128366 0.0880256 0.0415763 0.0141458 0.00513761 0.00531251 0.00938498 0.0156713 0.0231233 0.0302913 0.0357808 0.0391068 0.041026 0.0429625 0.0459561 0.0499451 0.0538331 0.0561328
 1.10007e-16 6.28719e-05 0.000611137 0.00406122 0.0184617 0.0574414 0.122385 0.178628 0.17864 0.122447 0.0576479 0.0190591 0.00556374 0.00390113 0.00634138 0.0104659 0.0152703 0.0196435 0.0225193 0.0234681 0.0229653 0.0220418 0.0215856 0.0218382 0.0223913 0.0225586
 1.0649e-16 5.4082e-05 0.000525696 0.00349344 0.0158807 0.0494108 0.105276 0.153659 0.153684 0.1054 0.0498259 0.0170797 0.006504 0.00710109 0.0125521 0.0206933 0.0298728 0.0377198 0.0418634 0.0412387 0.0367261 0.0305429 0.0248839 0.0208679 0.018402 0.0167439
 1.04515e-16 6.21555e-05 0.000604173 0.00401494 0.0182514 0.0567869 0.120991 0.176593 0.176609 0.121067 0.0570431 0.0189924 0.00587836 0.00468296 0.00784065 0.0129481 0.0188436 0.0241113 0.0273425 0.0278789 0.0261673 0.0233772 0.0206104 0.0183431 0.0164363 0.0145243
 1.07447e-16 4.04998e-05 0.000393672 0.00261609 0.0118924 0.0370019 0.0788378 0.115074 0.115111 0.0790187 0.0376097 0.0136487 0.00702719 0.0100318 0.0183707 0.0303748 0.0439154 0.0555749 0.0618948 0.0612917 0.0549793 0.0460807 0.037673 0.0313049 0.0268561 0.0233805
 1.14716e-16 3.68322e-05 0.000358022 0.00237918 0.0108154 0.033651 0.0716979 0.104651 0.104677 0.0718276 0.0340872 0.012079 0.00556487 0.00735859 0.0134681 0.0225639 0.0333375 0.0436835 0.0514435 0.05559 0.056699 0.0562426 0.05533 0.0539876 0.0514525 0.0470183
 1.19128e-16 4.38072e-05 0.000425822 0.00282974 0.0128636 0.0400235 0.085275 0.124466 0.124486 0.0853747 0.0403586 0.0138341 0.00527559 0.00579793 0.0103445 0.0172948 0.0255406 0.0334845 0.0395553 0.0431275 0.0448692 0.0461234 0.0478147 0.0497743 0.0509328 0.0500842
 1.13308e-16 5.57351e-05 0.000541765 0.00360022 0.0163661 0.0509211 0.108493 0.158353 0.158369 0.108575 0.051195 0.0171586 0.00559409 0.00490988 0.00839821 0.0139215 0.0203543 0.0262649 0.0302582 0.0317685 0.0314054 0.0304852 0.0301142 0.0305434 0.0311924 0.0311609
 1.05408e-16 6.52689e-05 0.000634437 0.00421606 0.0191656 0.0596313 0.127051 0.185438 0.185452 0.127118 0.0598542 0.0198098 0.00583469 0.00417335 0.00680258 0.0111865 0.0162143 0.0206212 0.0231726 0.0233242 0.0215445 0.0189737 0.0166954 0.01519 0.0142946 0.0135371
 1.03554e-16 6.0089e-05 0.000584087 0.00388146 0.0176446 0.0548989 0.116969 0.170724 0.170744 0.11707 0.0552382 0.0186247 0.00634251 0.00595896 0.0102751 0.0169107 0.0244003 0.0307822 0.0340993 0.0334546 0.0295371 0.0241354 0.0190414 0.0152042 0.0126237 0.0107958
 1.04328e-16 5.54273e-05 0.000538773 0.00358034 0.0162757 0.0506399 0.107895 0.15748 0.157503 0.108007 0.0510187 0.0173704 0.00633109 0.00655306 0.0115051 0.0190044 0.0275388 0.0349815 0.0391913 0.0391666 0.0356039 0.0303491 0.0252113 0.0210873 0.017914 0.0151984
 1.06675e-16 5.0327e-05 0.000489196 0.00325088 0.0147781 0.0459801 0.0979665 0.14299 0.143016 0.0980904 0.0463963 0.0159814 0.006276 0.00710832 0.0126663 0.0209787 0.0304942 0.038935 0.0440019 0.0446273 0.041562 0.0367532 0.0320458 0.0282542 0.0251609 0.0221471
 1.06808e-16 5.77572e-05 0.000561421 0.00373084 0.0169599 0.0527685 0.11243 0.164098 0.164116 0.112516 0.0530594 0.0178013 0.00584731 0.0051966 0.00890488 0.0147465 0.0215123 0.0276363 0.0315577 0.0325631 0.0311718 0.0286852 0.0262794 0.0243798 0.0226998 0.0207209
 1.01574e-16 7.57817e-05 0.000736625 0.00489514 0.0222526 0.0692361 0.147515 0.215304 0.215309 0.147541 0.069325 0.0225098 0.00554131 0.00214934 0.00276504 0.0044679 0.00646866 0.00822009 0.00922142 0.00924767 0.00847642 0.00735405 0.00630936 0.00554061 0.00500224 0.00453609
 1.02845e-16 3.43482e-05 0.000333877 0.00221873 0.0100861 0.0313817 0.066864 0.0976008 0.0976524 0.0671163 0.0322286 0.0125311 0.00835276 0.0137133 0.0254111 0.0418687 0.0601071 0.0751605 0.0819908 0.0782797 0.0658339 0.0494122 0.0339516 0.022327 0.0149223 0.0106212
 1.02467e-16 7.27889e-05 0.000707534 0.00470181 0.0213738 0.0665017 0.141689 0.2068 0.206805 0.141712 0.0665803 0.0216018 0.00527827 0.00197968 0.00252898 0.00417022 0.00624306 0.008355 0.0101408 0.0114038 0.0121755 0.01259 0.0126941 0.0123804 0.0114971 0.0100162
 1.03363e-16 5.08387e-05 0.000494171 0.00328394 0.0149283 0.0464477 0.098963 0.144446 0.144479 0.0991221 0.0469819 0.0164706 0.00715348 0.00893525 0.0160642 0.0264313 0.0379667 0.0475344 0.0519845 0.0498907 0.0424241 0.0325951 0.0234839 0.0168176 0.012713 0.0103379
 1.06459e-16 4.94254e-05 0.000480433 0.00319265 0.0145133 0.0451565 0.0962115 0.140429 0.140453 0.0963287 0.0455503 0.015653 0.00606079 0.00676632 0.0120598 0.0200471 0.0293108 0.0377673 0.0432906 0.0448472 0.0430119 0.0393866 0.0354424 0.0317577 0.0281155 0.0241193
 1.05955e-16 6.17791e-05 0.000600515 0.00399063 0.0181408 0.056443 0.120258 0.175524 0.175538 0.120329 0.0566819 0.0188318 0.0057286 0.00440684 0.00732731 0.0121129 0.0176739 0.0227189 0.0259756 0.026872 0.025849 0.0239809 0.022222 0.0208873 0.0196904 0.0181548
 1.0427e-16 6.1871e-05 0.000601408 0.00399657 0.0181678 0.056527 0.120437 0.175786 0.175804 0.120525 0.0568227 0.0190222 0.0061423 0.00528933 0.00897645 0.0147725 0.0213479 0.0270057 0.0300634 0.0297593 0.0267005 0.0224276 0.0184557 0.0155421 0.0136094 0.0121564
 1.08861e-16 2.83499e-05 0.000275571 0.00183127 0.00832471 0.0259015 0.0551877 0.080558 0.0806056 0.0554202 0.0266826 0.0105818 0.00750111 0.0126669 0.0236031 0.0390842 0.0565541 0.0716539 0.0799417 0.0793555 0.0713931 0.0599837 0.0490102 0.0404474 0.034206 0.0292017
 1.08302e-16 6.19296e-05 0.000601978 0.00400035 0.018185 0.0565804 0.120551 0.175949 0.175958 0.120592 0.0567194 0.0185887 0.00502237 0.00286255 0.00444202 0.00747341 0.0112946 0.0153287 0.0190112 0.0220636 0.0245689 0.0267154 0.0284426 0.0293362 0.0288706 0.0267801
 1.07722e-16 5.31245e-05 0.000516389 0.00343159 0.0155995 0.048536 0.103412 0.150938 0.150964 0.103538 0.0489583 0.0168193 0.00649381 0.00720282 0.0127574 0.0210237 0.0303285 0.0382608 0.0424243 0.0417753 0.0372732 0.0312397 0.0259387 0.0224671 0.0206083 0.0194397
 1.11128e-16 3.80235e-05 0.000369602 0.00245614 0.0111653 0.0347395 0.0740173 0.108038 0.108071 0.0741817 0.0352919 0.0127629 0.00647377 0.00916493 0.0168149 0.0279296 0.040679 0.0520999 0.0591758 0.0605003 0.0570413 0.0513151 0.0456805 0.0411384 0.0373548 0.0335007
 1.08218e-16 6.15778e-05 0.000598558 0.00397763 0.0180817 0.056259 0.119866 0.174951 0.174962 0.119922 0.0564459 0.0186232 0.00534294 0.00359954 0.00582163 0.00968711 0.014328 0.0188242 0.0222782 0.0242893 0.025144 0.0254934 0.02579 0.025965 0.0255606 0.0241278
 1.0598e-16 5.83307e-05 0.000566995 0.00376788 0.0171283 0.0532925 0.113546 0.165728 0.165749 0.113649 0.0536379 0.018126 0.00627314 0.00603884 0.0104593 0.0172239 0.0248692 0.0314189 0.0349124 0.0344819 0.0308792 0.0259593 0.0215368 0.0185017 0.0167121 0.0154827
 1.10269e-16 3.13691e-05 0.000304918 0.00202629 0.00921126 0.0286599 0.0610644 0.0891342 0.0891766 0.0612716 0.0293559 0.0112231 0.00708198 0.0113608 0.0210855 0.0349581 0.0507057 0.0645013 0.0724453 0.0727259 0.0666383 0.0575661 0.0487933 0.0418974 0.0366705 0.0321103
 1.18559e-16 3.74063e-05 0.000363602 0.00241627 0.010984 0.0341754 0.0728152 0.10628 0.106301 0.072915 0.0345117 0.0119598 0.00488292 0.00580597 0.0105435 0.0178186 0.0267178 0.0358231 0.0436816 0.049612 0.0539539 0.0574588 0.0603636 0.062 0.0612418 0.0573373
 1.07676e-16 6.88534e-05 0.00066928 0.0044476 0.0202181 0.0629062 0.134029 0.19562 0.195627 0.134064 0.0630252 0.0205626 0.00531498 0.00257229 0.00371176 0.00610525 0.00897839 0.0117098 0.0137355 0.0148511 0.0153387 0.015742 0.016454 0.0174439 0.0183005 0.0185041
pSPR Fmed_Fpbrs
0.810766   0.6 0.325
Fs Fmed_Fpbrs
0.1005   0.256313 0.616142
SSBpbr Bo_Bmed_Bpbrs
3.43443e+06  2.6128e+06  1.88894e+06 944470
Ro
326534
SPR SPRFo_SPRFmed_SPRFpbrs
2.33068e+06 1.88963e+06 757471
Fref
0.256313
Nvult_r0
 410939 36851.8 16867.2 19409.6 7993.04
CTP_r0
 29466 2771.63 1271.86 1463.77 602.796
YTP_r0
391296
Np
 479034 138247 60459 5384.5 3164.96
Nvult_p0
 340786 98858.5 43245.5 3851.52 2263.89
CTP_p0
 66561.5 30885.7 2759.55 1262.79 1945.81
 66561.5 20121.9 8821.87 785.783 461.879
YTP_p0
 1.14927e+06 1.05661e+06
CBA_c0
1.12147e+06
log_Ro
12.5163
likeval ReclasPelacesDesembMPH_pf_preclas_ppelaces_ptallas_desvR_qrecl_qpela
 17.528 17.5026 0.134121 0.000814464 241.442 122.232 98.1043 0 22.5337 4.07755e-05 2.74586e-05 0.679255 8.38113e-16 0 0
q_reclas_q_pelaces
0.404598 0.474493
M
1
N
 320849 78260.1 350551 17874.8 0.530692
 193298 111763 27182.1 121737 6207.6
 185244 64536.8 37123.6 9026.35 42486.1
 362529 62065.2 21516.2 12373.4 17168.9
 290217 116141 19738.6 6840.01 9391.32
 474941 101861 40662.2 6909.72 5681.92
 201741 158806 33887.6 13523.9 4187.82
 99956.4 60899.1 47439.7 10117.3 5287.74
 90219.1 35701.5 21717.4 16916.2 5493.13
 115662 29602.2 11643.6 7080.46 7305.89
 207209 36812.8 9349.9 3676.07 4541.91
 247495 73335.3 13002.2 3301.98 2902.22
 210684 75318.4 22094.9 3915.19 1868.14
 150395 65231.9 23108.4 6775.5 1773.43
 161790 42486.6 18172.5 6432.59 2379.64
 817368 50192.2 13062.3 5584.26 2707.86
 198793 256883 15643.6 4069.31 2583.18
 1.19645e+06 66028.1 84862.6 5166.41 2196.99
 714026 394184 21627.2 27787.4 2411.03
 539569 223487 122328 6708.45 9366.88
 858962 172668 70993.2 38843.1 5104.32
 1.13944e+06 284863 56949.9 23408 14490.2
 255798 367473 91232.2 18232.1 12132.6
 764831 87176.3 124730 30959.7 10304.2
 635076 263680 29951.6 42845.9 14174.4
 289545 218377 90345.8 10260.4 19533
 644772 100825 75822.5 31363.8 10342.8
 718448 221942 34584.1 26002.9 14302.9
 216125 249496 76839.7 11971.5 13951.9
 163571 75160.3 86507.9 26638.2 8986.86
 623138 55763.8 25520.4 29366.9 12093.5
pred_Ctot
 10824 2776.42 12470.3 635.961 0.0188814
 11385 6916.16 1686.59 7554.63 385.227
 10531.1 3855.09 2223.5 540.706 2545.07
 29934.8 5379.81 1869.92 1075.49 1492.33
 8459.2 3560.6 606.789 210.301 288.745
 27560.7 6210.6 2485.87 422.483 347.414
 23255 19192.9 4106.03 1638.86 507.494
 1843.71 1181.92 923.236 196.923 102.922
 6222.27 2586.07 1577.29 1228.76 399.014
 9974.81 2679.57 1056.72 642.683 663.15
 4985.81 931.826 237.319 93.3194 115.3
 27449.6 8529.17 1516.08 385.07 338.453
 21389.9 8021.49 2359.22 418.108 199.503
 22543.1 10237.9 3635.78 1066.17 279.063
 16251.2 4476.9 1919.83 679.663 251.432
 76252.4 4913.42 1282.03 548.153 265.806
 12308.5 16709.2 1020.27 265.436 168.499
 79696 4619.68 5953.23 362.481 154.145
 68230.8 39522.1 2174.05 2793.67 242.4
 44887.5 19516.7 10710.7 587.455 820.258
 53948.4 11392.5 4696.55 2570.02 337.725
 89799.8 23570.4 4724.61 1942.22 1202.29
 11976.3 18084.5 4501.93 899.807 598.783
 30550.5 3661.11 5252.44 1303.91 433.978
 26356.8 11504.9 1310.38 1874.78 620.222
 9825.46 7792.9 3232.82 367.198 699.05
 26356.8 4333.13 3267.43 1351.76 445.771
 25561 8303.35 1297.39 975.61 536.639
 7505.12 9110.85 2813.59 438.415 510.947
 7625.78 3683.19 4250.72 1309.1 441.651
 29466 2771.63 1271.86 1463.77 602.796
F
 0.0545942 0.0574809 0.0576413 0.0576498 0.0576502
 0.0969958 0.102124 0.102409 0.102425 0.102425
 0.0934874 0.0984306 0.0987053 0.0987198 0.0987205
 0.138297 0.14561 0.146016 0.146037 0.146039
 0.0470225 0.0495088 0.049647 0.0496543 0.0496546
 0.0955064 0.100556 0.100837 0.100852 0.100853
 0.197768 0.208225 0.208806 0.208837 0.208839
 0.0295413 0.0311033 0.0311901 0.0311947 0.0311949
 0.114391 0.12044 0.120776 0.120794 0.120795
 0.144826 0.152484 0.15291 0.152932 0.152933
 0.0386834 0.0407288 0.0408425 0.0408485 0.0408488
 0.189665 0.199694 0.200251 0.200281 0.200282
 0.172413 0.181529 0.182036 0.182062 0.182064
 0.264078 0.278041 0.278817 0.278858 0.27886
 0.170442 0.179454 0.179955 0.179981 0.179983
 0.157471 0.165797 0.16626 0.166284 0.166285
 0.102182 0.107585 0.107886 0.107901 0.107902
 0.110295 0.116127 0.116451 0.116468 0.116469
 0.161567 0.170109 0.170584 0.170609 0.170611
 0.139397 0.146768 0.147177 0.147199 0.1472
 0.103717 0.109201 0.109506 0.109522 0.109523
 0.13164 0.1386 0.138987 0.139007 0.139008
 0.0764551 0.0804977 0.0807223 0.0807342 0.0807348
 0.064918 0.0683506 0.0685414 0.0685514 0.068552
 0.0675222 0.0710925 0.0712909 0.0713013 0.0713019
 0.0549233 0.0578274 0.0579888 0.0579973 0.0579977
 0.0664782 0.0699933 0.0701886 0.0701989 0.0701995
 0.057649 0.0606973 0.0608666 0.0608756 0.0608761
 0.056235 0.0592085 0.0593737 0.0593824 0.0593829
 0.07612 0.0801449 0.0803685 0.0803803 0.080381
 0.0772426 0.0813268 0.0815538 0.0815657 0.0815664
YTP_r0W_actual
 244567 39080 35103.4 50060.8 22484.3
YTP_p0W_proyectada
 498546 483978 63828.3 37088.2 65826.9
 498546 315311 204050 23078.4 15625.4
CTP_r0_actual
 29466 2771.63 1271.86 1463.77 602.796
CTP_p0_proyectada
 66561.5 30885.7 2759.55 1262.79 1945.81
 66561.5 20121.9 8821.87 785.783 461.879
Wmedp
 7.49 15.67 23.13 29.37 33.83
Frms_r0
 0.0772426 0.0813268 0.0815538 0.0815657 0.0815664
Zrms_r0
 1.07724 1.08133 1.08155 1.08157 1.08157
nmprior
 8.19 8.8 8.5 0
nm_flota  nm_reclas  nm_pelaces    nm_pelaL
inf 11.4066 16.5564 38.4286
cv_recla  cv_pelaces  cv_mph
0.378696 0.474376 0.880727
 ------------------------------------------------
Talla a la edad & desviaci?n 
 8 13.2811 15.8009 17.003 17.5766
 0.8 1.32811 1.58009 1.7003 1.75766
