years
 1991 1992 1993 1994 1995 1996 1997 1998 1999 2000 2001 2002 2003 2004 2005 2006 2007 2008 2009 2010 2011 2012 2013 2014 2015 2016 2017 2018 2019 2020 2021
reclasobs
 0 0 0 0 0 0 0 0 0 252601 567819 844713 477998 351125 339783 2.1784e+06 2.13404e+06 4.81314e+06 1.55562e+06 2.62356e+06 3.21686e+06 3.843e+06 1.13348e+06 3.07943e+06 1.97215e+06 2.03268e+06 2.025e+06 2.42433e+06 2.27542e+06 1.05018e+06 2.36338e+06
reclaspred
 3.35754e+06 1.97131e+06 1.00527e+06 967687 953104 1.39435e+06 1.0366e+06 952974 707519 542896 513459 614560 634527 557622 573252 1.22724e+06 1.30994e+06 2.45284e+06 2.10738e+06 1.65046e+06 2.96004e+06 2.4168e+06 2.03781e+06 3.01274e+06 2.29878e+06 2.03095e+06 2.33336e+06 2.4138e+06 2.07259e+06 1.39006e+06 1.90842e+06
pelacesobs
 0 0 0 0 0 0 0 0 0 0 0 0 0 0 0 552880 188675 0 991730 2.46772e+06 1.41603e+06 1.21717e+06 2.29649e+06 1.80582e+06 0 1.4828e+06 1.56532e+06 1.57751e+06 1.42118e+06 867257 1.10002e+06
pelacespred
 1.90201e+06 1.27362e+06 674245 526679 510506 771226 579233 584949 447725 335176 314352 326145 363485 354441 361485 631898 663362 1.38505e+06 1.2851e+06 949405 1.54469e+06 1.45104e+06 1.17111e+06 1.8476e+06 1.39223e+06 1.21078e+06 1.56866e+06 1.60615e+06 1.1371e+06 878130 1.19896e+06
mphobs
 0 0 0 0 0 0 0 0 0 0 0 498337 0 5186 125008 0 168611 109162 213762 579715 649985 157893 87575 83554 0 0 0 0 0 0 0
mphpred
 483273 327881 173533 92831.7 102038 108587 143228 109366 92334.9 68893.5 47935 57358 64131.1 59469.9 48645 58409.8 143508 147601 240080 198791 218123 267712 256705 219690 291397 241182 199308 207319 278207 201297 132662
desembarqueobs
 494567 514787 250237 358949 120608 361735 552515 73892 212993 205616 52469 317467 293654 387597 252695 516296 358380 742168 942051 627588 828172 859565 418607 520667 417249 300574 415391 372974 316634 284311 391294
desembarquepred
 494569 512808 251254 358956 120609 361739 552537 73893.1 213009 205631 52469.8 317499 293683 387635 252700 516293 358389 742139 941998 627557 828198 859586 418613 520675 417250 300575 415391 372970 316634 284315 391294
Reclutas
 434238 266804 250970 507312 406891 664580 282407 143099 128335 163411 291409 338208 290589 208975 228580 1.12981e+06 282954 1.61889e+06 975434 735132 1.20128e+06 1.58899e+06 361863 1.0931e+06 901110 411809 919754 1.02484e+06 307515 233197 890904
log_desv_Rt
 -0.0514139 -0.538495 -0.599676 0.104119 -0.116462 0.374148 -0.481659 -1.16147 -1.27036 -1.02874 -0.450278 -0.301348 -0.453097 -0.782792 -0.693122 0.904797 -0.479722 1.26449 0.757875 0.475042 0.966133 1.24584 -0.233742 0.871764 0.67862 -0.104448 0.699099 0.807287 -0.396485 -0.673126 0.667229
SSB
 1.11239e+07 7.54715e+06 3.99438e+06 2.13679e+06 2.3487e+06 2.49946e+06 3.29682e+06 2.51739e+06 2.12536e+06 1.58579e+06 1.10337e+06 1.32026e+06 1.47617e+06 1.36888e+06 1.11971e+06 1.34447e+06 3.30325e+06 3.39747e+06 5.52614e+06 4.57577e+06 5.02075e+06 6.16217e+06 5.90882e+06 5.05681e+06 6.70735e+06 5.55152e+06 4.58767e+06 4.77205e+06 6.40375e+06 4.63343e+06 3.05361e+06
BT
 1.41769e+07 9.72705e+06 5.13815e+06 4.11923e+06 3.78809e+06 5.88922e+06 4.68957e+06 4.29461e+06 3.44965e+06 2.62585e+06 2.3203e+06 2.63135e+06 2.89922e+06 2.96972e+06 2.86977e+06 4.99502e+06 5.08101e+06 1.0675e+07 1.02157e+07 7.44021e+06 1.18473e+07 1.13117e+07 8.83933e+06 1.38476e+07 1.04542e+07 9.02608e+06 1.17702e+07 1.19904e+07 8.48559e+06 6.62671e+06 9.04878e+06
Ftot
 0.0385129 0.0678426 0.0651977 0.0964958 0.0331009 0.0676603 0.138134 0.0203044 0.0784437 0.0985135 0.0267446 0.133937 0.120144 0.179449 0.114487 0.109311 0.07133 0.0788316 0.116075 0.0988908 0.0729367 0.0925556 0.0536397 0.0451606 0.0474208 0.0386944 0.0465135 0.0403927 0.0399385 0.0534089 0.053539
BD_Bspro_t
 0.993857 0.951831 0.894552 0.854375 0.848254 0.8777 0.872574 0.806685 0.834407 0.82144 0.809155 0.881251 0.823678 0.78094 0.732316 0.76672 0.835964 0.83291 0.860933 0.816945 0.803724 0.832135 0.841832 0.843333 0.890201 0.893871 0.897523 0.910479 0.925741 0.902806 0.879179
BD_Bspro
 3.40917 2.31298 1.22416 0.654866 0.719808 0.766012 1.01038 0.771507 0.651361 0.485998 0.33815 0.404622 0.452403 0.419521 0.343159 0.412042 1.01235 1.04123 1.6936 1.40234 1.53871 1.88853 1.81088 1.54977 2.05561 1.70138 1.40599 1.4625 1.96256 1.42001 0.935843
BD_Bo
 2.31444 1.57026 0.831068 0.444581 0.488669 0.520037 0.685935 0.523767 0.442202 0.329938 0.229566 0.274693 0.307131 0.284808 0.232966 0.279731 0.687273 0.706877 1.14977 0.952033 1.04462 1.2821 1.22939 1.05212 1.39553 1.15505 0.954508 0.992872 1.33236 0.964031 0.635333
BD_Brms
 4.20808 2.85501 1.51103 0.808329 0.88849 0.945522 1.24715 0.952304 0.804003 0.599888 0.417393 0.499443 0.55842 0.517832 0.423575 0.508601 1.24959 1.28523 2.09049 1.73097 1.8993 2.33109 2.23525 1.91294 2.53733 2.10008 1.73547 1.80522 2.42248 1.75278 1.15515
Sel_flota
 1 1 1 1 1
 1 1 1 1 1
 1 1 1 1 1
 1 1 1 1 1
 1 1 1 1 1
 1 1 1 1 1
 1 1 1 1 1
 1 1 1 1 1
 1 1 1 1 1
 1 1 1 1 1
 1 1 1 1 1
 1 1 1 1 1
 1 1 1 1 1
 1 1 1 1 1
 1 1 1 1 1
 1 1 1 1 1
 1 1 1 1 1
 1 1 1 1 1
 1 1 1 1 1
 1 1 1 1 1
 1 1 1 1 1
 1 1 1 1 1
 1 1 1 1 1
 1 1 1 1 1
 1 1 1 1 1
 1 1 1 1 1
 1 1 1 1 1
 1 1 1 1 1
 1 1 1 1 1
 1 1 1 1 1
 1 1 1 1 1
Sel_reclas
 1 1 1 1 1
 1 1 1 1 1
 1 1 1 1 1
 1 1 1 1 1
 1 1 1 1 1
 1 1 1 1 1
 1 1 1 1 1
 1 1 1 1 1
 1 1 1 1 1
 1 1 1 1 1
 1 1 1 1 1
 1 1 1 1 1
 1 1 1 1 1
 1 1 1 1 1
 1 1 1 1 1
 1 1 1 1 1
 1 1 1 1 1
 1 1 1 1 1
 1 1 1 1 1
 1 1 1 1 1
 1 1 1 1 1
 1 1 1 1 1
 1 1 1 1 1
 1 1 1 1 1
 1 1 1 1 1
 1 1 1 1 1
 1 1 1 1 1
 1 1 1 1 1
 1 1 1 1 1
 1 1 1 1 1
 1 1 1 1 1
Sel_pelaces
 1 1 1 1 1
 1 1 1 1 1
 1 1 1 1 1
 1 1 1 1 1
 1 1 1 1 1
 1 1 1 1 1
 1 1 1 1 1
 1 1 1 1 1
 1 1 1 1 1
 1 1 1 1 1
 1 1 1 1 1
 1 1 1 1 1
 1 1 1 1 1
 1 1 1 1 1
 1 1 1 1 1
 1 1 1 1 1
 1 1 1 1 1
 1 1 1 1 1
 1 1 1 1 1
 1 1 1 1 1
 1 1 1 1 1
 1 1 1 1 1
 1 1 1 1 1
 1 1 1 1 1
 1 1 1 1 1
 1 1 1 1 1
 1 1 1 1 1
 1 1 1 1 1
 1 1 1 1 1
 1 1 1 1 1
 1 1 1 1 1
pf_obs 
 0.8446 0.082 0.0669 0.0065 0
 0.8095 0.147 0.0364 0.0071 0
 0.9664 0.0169 0.016 0.0007 0
 0.9276 0.0648 0.0075 0.0001 0
 0.7033 0.2144 0.0806 0.0017 0
 0.9318 0.0425 0.0243 0.0014 0
 0.5671 0.3108 0.0964 0.0239 0.0018
 0.0768 0.2599 0.5324 0.112 0.0189
 0.490249 0.384438 0.106611 0.0170017 0.00170017
 0.7925 0.1577 0.0466 0.003 0.0002
 0.840416 0.127587 0.0312969 0.00059994 9.999e-05
 0.8084 0.0986 0.0794 0.0134 0.0002
 0.7335 0.1905 0.0724 0.0035 0.0001
 0.4001 0.4547 0.1325 0.0127 0
 0.49795 0.308269 0.164784 0.0264974 0.00249975
 0.9179 0.0499 0.0305 0.0017 0
 0.2467 0.6533 0.0926 0.0074 0
 0.9418 0.0223 0.034 0.0019 0
 0.707729 0.231977 0.0356964 0.0245975 0
 0.517169 0.277429 0.184464 0.0207286 0.00020938
 0.811772 0.124168 0.05621 0.00726502 0.000585176
 0.764997 0.148141 0.077277 0.00933861 0.000247198
 0.163321 0.427699 0.378323 0.0303852 0.000271297
 0.753843 0.0900009 0.118128 0.0371064 0.000921714
 0.721811 0.176058 0.0630433 0.0369309 0.00215725
 0.143369 0.312575 0.442814 0.0836902 0.0175525
 0.692698 0.0596174 0.167031 0.0765114 0.00414204
 0.394062 0.376323 0.152708 0.0712218 0.00568511
 0.125707 0.32114 0.495352 0.0537591 0.00404204
 0.23352 0.215282 0.420074 0.123614 0.00750983
 0.796117 0.104755 0.0508955 0.0450114 0.00322123
pf_pred 
 0.395644 0.0994728 0.481254 0.0236283 6.77712e-07
 0.407138 0.234562 0.0589736 0.285317 0.0140087
 0.526989 0.192581 0.110951 0.0278952 0.141584
 0.755546 0.128824 0.0470771 0.0271223 0.0414299
 0.644649 0.268484 0.0457778 0.0167289 0.0243601
 0.747375 0.162854 0.0678257 0.0115646 0.0103801
 0.480177 0.388503 0.0846555 0.0352574 0.0114074
 0.431611 0.272927 0.220821 0.0481172 0.0265237
 0.517788 0.208128 0.131609 0.106482 0.0359927
 0.659683 0.176212 0.0708295 0.0447887 0.0484867
 0.779194 0.145662 0.0389087 0.0156396 0.0205957
 0.7163 0.221058 0.0413243 0.0110384 0.01028
 0.656679 0.24592 0.0758937 0.0141875 0.00731904
 0.591432 0.268298 0.100475 0.0310077 0.00878688
 0.67785 0.19053 0.0864321 0.0323681 0.0128198
 0.910811 0.0604568 0.0169931 0.0077088 0.00403026
 0.408873 0.538405 0.0357377 0.0100451 0.00693928
 0.872271 0.0522251 0.0687702 0.00456475 0.00216941
 0.607202 0.342626 0.0205139 0.0270128 0.00264516
 0.582817 0.253314 0.142938 0.00855805 0.0123728
 0.740794 0.15107 0.0656606 0.0370503 0.0054254
 0.741277 0.19166 0.0390852 0.0169879 0.0109895
 0.334832 0.493074 0.127486 0.0259983 0.0186097
 0.743648 0.0858347 0.1264 0.0326814 0.0114353
 0.635487 0.271069 0.0312878 0.0460745 0.0160811
 0.452888 0.347683 0.148305 0.017118 0.0340061
 0.7408 0.117389 0.0901195 0.0384408 0.0132514
 0.701547 0.221094 0.0350349 0.0268964 0.0154277
 0.373356 0.43962 0.138547 0.0219544 0.0265221
 0.444745 0.207308 0.244101 0.0769289 0.0269168
 0.829701 0.0757396 0.0353043 0.0415702 0.0176848
pobs_RECLAS
 0 0 0 0 0
 0 0 0 0 0
 0 0 0 0 0
 0 0 0 0 0
 0 0 0 0 0
 0 0 0 0 0
 0 0 0 0 0
 0 0 0 0 0
 0 0 0 0 0
 0 0 0 0 0
 0.991045 0.00858322 0.000360255 1.14367e-05 0
 0.934742 0.0480273 0.0164251 0.00080598 0
 0.827803 0.169806 0.00239088 0 0
 0.941827 0.0461693 0.0120037 0 0
 0.791401 0.0380133 0.147996 0.0225897 0
 0.846168 0.0940531 0.0597789 0 0
 0.134021 0.677848 0.182769 0.00536245 0
 0.80878 0.0450904 0.141981 0.00414843 0
 0.846168 0.0940531 0.0597789 0 0
 0.905697 0.0802665 0.012482 0.00150086 5.37128e-05
 0.989698 0.0102097 9.19794e-05 0 0
 0.975433 0.0193895 0.00387452 0.00125025 5.28907e-05
 0.303575 0.632131 0.0575291 0.00676475 0
 0.966965 0.00978017 0.0227588 0.000495775 0
 0.843318 0.132988 0.00938335 0.0141283 0.000182051
 0.564624 0.303363 0.111486 0.0197234 0.00080311
 0.826376 0.0876187 0.0782897 0.00655872 0.00115652
 0.89761 0.0855135 0.0140674 0.00269457 0.000114338
 0.34875 0.467042 0.161289 0.0227151 0.000203297
 0.318654 0.224769 0.449479 0.00709798 0
 0.937255 0.0296025 0.0250945 0.00804832 0
ppred_RECLAS
 0.395644 0.0994728 0.481254 0.0236283 6.77712e-07
 0.407138 0.234562 0.0589736 0.285317 0.0140087
 0.526989 0.192581 0.110951 0.0278952 0.141584
 0.755546 0.128824 0.0470771 0.0271223 0.0414299
 0.644649 0.268484 0.0457778 0.0167289 0.0243601
 0.747375 0.162854 0.0678257 0.0115646 0.0103801
 0.480177 0.388503 0.0846555 0.0352574 0.0114074
 0.431611 0.272927 0.220821 0.0481172 0.0265237
 0.517788 0.208128 0.131609 0.106482 0.0359927
 0.659683 0.176212 0.0708295 0.0447887 0.0484867
 0.779194 0.145662 0.0389087 0.0156396 0.0205957
 0.7163 0.221058 0.0413243 0.0110384 0.01028
 0.656679 0.24592 0.0758937 0.0141875 0.00731904
 0.591432 0.268298 0.100475 0.0310077 0.00878688
 0.67785 0.19053 0.0864321 0.0323681 0.0128198
 0.910811 0.0604568 0.0169931 0.0077088 0.00403026
 0.408873 0.538405 0.0357377 0.0100451 0.00693928
 0.872271 0.0522251 0.0687702 0.00456475 0.00216941
 0.607202 0.342626 0.0205139 0.0270128 0.00264516
 0.582817 0.253314 0.142938 0.00855805 0.0123728
 0.740794 0.15107 0.0656606 0.0370503 0.0054254
 0.741277 0.19166 0.0390852 0.0169879 0.0109895
 0.334832 0.493074 0.127486 0.0259983 0.0186097
 0.743648 0.0858347 0.1264 0.0326814 0.0114353
 0.635487 0.271069 0.0312878 0.0460745 0.0160811
 0.452888 0.347683 0.148305 0.017118 0.0340061
 0.7408 0.117389 0.0901195 0.0384408 0.0132514
 0.701547 0.221094 0.0350349 0.0268964 0.0154277
 0.373356 0.43962 0.138547 0.0219544 0.0265221
 0.444745 0.207308 0.244101 0.0769289 0.0269168
 0.829701 0.0757396 0.0353043 0.0415702 0.0176848
pobs_PELACES
 0 0 0 0 0
 0 0 0 0 0
 0 0 0 0 0
 0 0 0 0 0
 0 0 0 0 0
 0 0 0 0 0
 0 0 0 0 0
 0 0 0 0 0
 0 0 0 0 0
 0 0 0 0 0
 0 0 0 0 0
 0 0 0 0 0
 0 0 0 0 0
 0 0 0 0 0
 0 0 0 0 0
 0 0 0 0 0
 0.505614 0.472636 0.0217494 0 0
 0 0 0 0 0
 0.443492 0.261883 0.143347 0.151278 0
 0.227955 0.32914 0.350689 0.0885471 0.00366901
 0.970185 0.0296113 0.000203453 0 0
 0.997202 0.00247181 0.000326279 0 0
 0.445219 0.490057 0.0546422 0.010081 0
 0.90214 0.0892962 0.00764917 0.000914606 0
 0 0 0 0 0
 0.581667 0.319106 0.0959925 0.00289975 0.000334073
 0.762889 0.0836404 0.116647 0.0363945 0.000428098
 0.88444 0.0763242 0.0277011 0.0115352 0
 0.521256 0.241999 0.230069 0.00667565 0
 0.616807 0.101726 0.260614 0.0208532 0
 0.833518 0.0704572 0.0857862 0.0102388 0
ppred_PELACES
 0.395644 0.0994728 0.481254 0.0236283 6.77712e-07
 0.407138 0.234562 0.0589736 0.285317 0.0140087
 0.526989 0.192581 0.110951 0.0278952 0.141584
 0.755546 0.128824 0.0470771 0.0271223 0.0414299
 0.644649 0.268484 0.0457778 0.0167289 0.0243601
 0.747375 0.162854 0.0678257 0.0115646 0.0103801
 0.480177 0.388503 0.0846555 0.0352574 0.0114074
 0.431611 0.272927 0.220821 0.0481172 0.0265237
 0.517788 0.208128 0.131609 0.106482 0.0359927
 0.659683 0.176212 0.0708295 0.0447887 0.0484867
 0.779194 0.145662 0.0389087 0.0156396 0.0205957
 0.7163 0.221058 0.0413243 0.0110384 0.01028
 0.656679 0.24592 0.0758937 0.0141875 0.00731904
 0.591432 0.268298 0.100475 0.0310077 0.00878688
 0.67785 0.19053 0.0864321 0.0323681 0.0128198
 0.910811 0.0604568 0.0169931 0.0077088 0.00403026
 0.408873 0.538405 0.0357377 0.0100451 0.00693928
 0.872271 0.0522251 0.0687702 0.00456475 0.00216941
 0.607202 0.342626 0.0205139 0.0270128 0.00264516
 0.582817 0.253314 0.142938 0.00855805 0.0123728
 0.740794 0.15107 0.0656606 0.0370503 0.0054254
 0.741277 0.19166 0.0390852 0.0169879 0.0109895
 0.334832 0.493074 0.127486 0.0259983 0.0186097
 0.743648 0.0858347 0.1264 0.0326814 0.0114353
 0.635487 0.271069 0.0312878 0.0460745 0.0160811
 0.452888 0.347683 0.148305 0.017118 0.0340061
 0.7408 0.117389 0.0901195 0.0384408 0.0132514
 0.701547 0.221094 0.0350349 0.0268964 0.0154277
 0.373356 0.43962 0.138547 0.0219544 0.0265221
 0.444745 0.207308 0.244101 0.0769289 0.0269168
 0.829701 0.0757396 0.0353043 0.0415702 0.0176848
pobs_pel_tallas
 0 0 0 0 0 0 0 0 0 0 0 0 0 0 0 0 0 0 0 0 0 0 0 0 0 0
 0 0 0 0 0 0 0 0 0 0 0 0 0 0 0 0 0 0 0 0 0 0 0 0 0 0
 0 0 0 0 0 0 0 0 0 0 0 0 0 0 0 0 0 0 0 0 0 0 0 0 0 0
 0 0 0 0 0 0 0 0 0 0 0 0 0 0 0 0 0 0 0 0 0 0 0 0 0 0
 0 0 0 0 0 0 0 0 0 0 0 0 0 0 0 0 0 0 0 0 0 0 0 0 0 0
 0 0 0 0 0 0 0 0 0 0 0 0 0 0 0 0 0 0 0 0 0 0 0 0 0 0
 0 0 0 0 0 0 0 0 0 0 0 0 0 0 0 0 0 0 0 0 0 0 0 0 0 0
 0 0 0 0 0 0 0 0 0 0 0 0 0 0 0 0 0 0 0 0 0 0 0 0 0 0
 0 0 0 0 0 0 0 0 0 0 0 0 0 0 0 0 0 0 0 0 0 0 0 0 0 0
 0 0 0 0 0 0 0 0 0 0 0 0 0 0 0 0 0 0 0 0 0 0 0 0 0 0
 0 0 0 0 0 0 0 0 0 0 0 0 0 0 0 0 0 0 0 0 0 0 0 0 0 0
 0 0 0 0 0 0 0 0 0 0 0 0 0 0 0 0 0 0 0 0 0 0 0 0 0 0
 0.00862536 0 0 0.000197151 0.00414017 0.0128641 0.00837892 0.0270097 0.101434 0.158115 0.152841 0.127902 0.109271 0.109419 0.0830992 0.0579132 0.0238553 0.00714673 0.00463305 0.00128148 0.00103504 0.000492878 0.000147863 0.000147863 4.92878e-05 0
 0 0 0 0 0 0 0 0 0 0 0 0 0 0 0 0 0 0 0 0 0 0 0 0 0 0
 0 0 0 0 0 0 0 0.0054083 0.00873648 0.0413646 0.0450493 0.0745869 0.0622846 0.0627006 0.0613931 0.0827291 0.12552 0.122667 0.0946155 0.0697135 0.0546179 0.0294188 0.0215738 0.0213955 0.0102223 0.00600262
 0 0 0 0 0.00359764 0.0251062 0.0480494 0.140153 0.205849 0.193036 0.1447 0.116669 0.0760912 0.0342217 0.00950174 0.001854 0.000860785 0 0 0 0.000165536 0 0.000143464 0 0 0
 0 0 0 0 0 0 0 0.000145254 0.000435761 0.0275982 0.070085 0.0708112 0.156366 0.174668 0.174014 0.160142 0.0824315 0.0480064 0.0283245 0.00493863 0.00203355 0 0 0 0 0
 0 0 0 0 0 0 0 0 0 0 0 0 0 0 0 0 0 0 0 0 0 0 0 0 0 0
 0 0 1.00437e-05 0.000401748 0.00122533 0.00171747 0.00176769 0.0269171 0.070346 0.194647 0.189555 0.159765 0.064822 0.0314167 0.0384472 0.0292271 0.0345202 0.0313363 0.0194345 0.0106764 0.0143323 0.0359363 0.0279516 0.0138201 0.00172751 0
 0 0.0021121 0.0136068 0.0755702 0.200478 0.177729 0.0527432 0.0373336 0.0318909 0.0142505 0.0149659 0.0166563 0.0217959 0.0798694 0.0677717 0.0528807 0.04013 0.0224614 0.0357745 0.0225083 0.00881397 0.00855152 0.00135912 0.000746735 0 0
 0 0 0 0 5.4009e-05 0.00500934 0.000945158 0.0243581 0.138947 0.33067 0.221406 0.137944 0.0707744 0.0437923 0.0131692 0.00525238 0.0047753 0.00276346 9.45158e-05 9.00151e-06 2.25038e-05 9.00151e-06 4.50075e-06 0 0 0
 0.000866109 0.00284123 0.00948549 0.0512746 0.133035 0.25785 0.225252 0.132002 0.0553304 0.0519788 0.0540692 0.017754 0.00435017 0.00159236 0.00146478 0.000404838 0.000125132 0.000115318 0.000107957 0.000100596 0 0 0 0 0 0
 0 0 0 0 0.00144013 0.00171154 0.00461396 0.0210425 0.0478622 0.0707936 0.0888783 0.103762 0.0637923 0.0337046 0.0602308 0.124433 0.169614 0.0934646 0.0462172 0.0250306 0.0313229 0.00938855 0.002487 0.000210481 0 0
 0 0.00764035 0.051015 0.0998891 0.058973 0.0496711 0.0374665 0.0718981 0.12319 0.153886 0.159021 0.0857701 0.0377988 0.023471 0.0147837 0.00900784 0.00315554 0.000888139 0.00291439 0.00214683 0.00393193 0.00274676 0.000635225 9.99891e-05 0 0
 0 0 0 0 0 0 0 0 0 0 0 0 0 0 0 0 0 0 0 0 0 0 0 0 0 0
 0 0 0 0 0 0 0 0 0 0 0 0 0 0 0 0 0 0 0 0 0 0 0 0 0 0
 0 0 0 0 0 0 0 0 0 0 0 0 0 0 0 0 0 0 0 0 0 0 0 0 0 0
 0 0 0 0 0 0 0 0 0 0 0 0 0 0 0 0 0 0 0 0 0 0 0 0 0 0
 0 0 0 0 0 0 0 0 0 0 0 0 0 0 0 0 0 0 0 0 0 0 0 0 0 0
 0 0 0 0 0 0 0 0 0 0 0 0 0 0 0 0 0 0 0 0 0 0 0 0 0 0
 0 0 0 0 0 0 0 0 0 0 0 0 0 0 0 0 0 0 0 0 0 0 0 0 0 0
ppred_pel_tallas
 1.16284e-16 3.25887e-05 0.000316774 0.00210508 0.00956937 0.0297739 0.0634369 0.0925901 0.0926004 0.0634876 0.0299464 0.0100768 0.00341378 0.00328892 0.00601412 0.0107672 0.0175418 0.0262823 0.0367899 0.048714 0.0613061 0.0730578 0.0816919 0.0848454 0.0811784 0.0711723
 1.32746e-16 3.35355e-05 0.000325977 0.00216623 0.0098474 0.030639 0.0652805 0.0952836 0.0953063 0.0653918 0.031013 0.0109296 0.0048911 0.00630375 0.011478 0.0191788 0.0282734 0.0370402 0.0438847 0.0484187 0.0518177 0.0559782 0.0620442 0.0694229 0.0759663 0.0790851
 1.30009e-16 4.34074e-05 0.000421935 0.00280391 0.0127462 0.0396582 0.0844966 0.123329 0.123348 0.0845882 0.0399662 0.013638 0.00505125 0.00535712 0.00950441 0.0158826 0.0234567 0.0307786 0.0364641 0.0400583 0.0423648 0.0448515 0.0485661 0.0533943 0.0581226 0.0611078
 1.11123e-16 6.22334e-05 0.000604931 0.00401998 0.0182742 0.056858 0.121142 0.176814 0.176826 0.121203 0.057063 0.0188672 0.00551152 0.0038719 0.00629983 0.010406 0.0152031 0.0196018 0.0225608 0.0236702 0.0234127 0.0228093 0.0227208 0.0233466 0.0242269 0.0246233
 1.0719e-16 5.3099e-05 0.000516141 0.00342994 0.015592 0.0485127 0.103362 0.150866 0.150892 0.103489 0.0489377 0.0168197 0.00651276 0.0072496 0.0128523 0.0211941 0.0306019 0.0386542 0.0429301 0.042347 0.0378144 0.0316066 0.0259674 0.0220283 0.0196696 0.0181015
 1.04916e-16 6.15603e-05 0.000598388 0.0039765 0.0180766 0.0562431 0.119833 0.174902 0.174918 0.11991 0.0565022 0.0188258 0.00586061 0.00472326 0.00793028 0.0131043 0.0190856 0.0244515 0.0277858 0.0284278 0.0268263 0.0241512 0.0214959 0.0193181 0.0174577 0.0155348
 1.08009e-16 3.95516e-05 0.000384456 0.00255484 0.011614 0.0361356 0.0769921 0.11238 0.112418 0.0771754 0.0367511 0.0133925 0.00702205 0.0101458 0.0186063 0.0307721 0.044503 0.0563475 0.0628124 0.0623018 0.0560471 0.0472035 0.0388693 0.0325864 0.0282042 0.0247414
 1.15757e-16 3.55513e-05 0.000345571 0.00229644 0.0104393 0.0324807 0.0692046 0.101012 0.101038 0.0693348 0.0329186 0.0117079 0.00549536 0.00737752 0.0135339 0.0226944 0.0335723 0.0440783 0.0520696 0.0565281 0.0580241 0.0579981 0.0575012 0.0564879 0.0541319 0.0496938
 1.20621e-16 4.26496e-05 0.000414569 0.00275496 0.0125237 0.0389658 0.0830216 0.121177 0.121197 0.0831207 0.0392992 0.0134891 0.00518862 0.00576193 0.010302 0.0172418 0.0255023 0.03352 0.0397623 0.0436336 0.0458091 0.0476058 0.0498893 0.0524065 0.0539961 0.0533748
 1.14787e-16 5.43372e-05 0.000528177 0.00350992 0.0159556 0.0496439 0.105772 0.154381 0.154398 0.105856 0.0499246 0.0167675 0.00555269 0.00500426 0.00860561 0.0142769 0.0208919 0.0269983 0.0311834 0.0328852 0.0327409 0.0321001 0.0320785 0.032894 0.0338957 0.0341006
 1.06214e-16 6.41812e-05 0.000623864 0.0041458 0.0188462 0.0586376 0.124934 0.182348 0.182362 0.125003 0.0588687 0.0195142 0.00582436 0.00429448 0.00705431 0.0116116 0.0168443 0.0214521 0.0241648 0.0244267 0.0227271 0.0202432 0.0180824 0.0167175 0.0159492 0.0152602
 1.04096e-16 5.90007e-05 0.000573508 0.00381116 0.017325 0.0539046 0.11485 0.167632 0.167653 0.114955 0.0542546 0.018336 0.00634992 0.00611881 0.0106 0.0174556 0.0252 0.0318197 0.0353045 0.034735 0.0308229 0.0254041 0.0203096 0.016495 0.0139359 0.0120951
 1.04915e-16 5.40899e-05 0.000525773 0.00349395 0.015883 0.049418 0.105291 0.15368 0.153704 0.105407 0.0498083 0.0170111 0.00632886 0.00672515 0.0118594 0.0196029 0.0284267 0.0361522 0.0405844 0.0406976 0.0372058 0.0319937 0.0268959 0.0228027 0.0196205 0.016827
 1.07565e-16 4.87155e-05 0.000473532 0.00314679 0.0143049 0.0445079 0.0948297 0.138412 0.138438 0.0949567 0.0449344 0.0155381 0.00624745 0.00725962 0.0129878 0.0215288 0.0313251 0.0400613 0.0453995 0.0462568 0.043398 0.0387928 0.0342865 0.0306589 0.0276392 0.0245672
 1.07959e-16 5.58337e-05 0.000542723 0.00360659 0.016395 0.0510111 0.108685 0.158633 0.158652 0.108776 0.0513146 0.0172729 0.00581519 0.00538126 0.00929584 0.0154136 0.022516 0.0289897 0.0332256 0.0344925 0.0333315 0.0310782 0.0289169 0.0272359 0.0256827 0.0236804
 1.01962e-16 7.50223e-05 0.000729244 0.00484608 0.0220296 0.0685422 0.146037 0.213146 0.213152 0.146065 0.0686382 0.0223069 0.00554293 0.00225317 0.00297726 0.00482468 0.00699407 0.00890546 0.0100247 0.0101132 0.00936302 0.00825015 0.00722577 0.0064883 0.00597292 0.00549737
 1.03351e-16 3.36784e-05 0.000327366 0.00217547 0.00988939 0.0307698 0.0655603 0.095698 0.0957498 0.0658135 0.0316199 0.0123438 0.00833317 0.0137593 0.0255129 0.042045 0.0603779 0.0755372 0.0824763 0.0788753 0.0665467 0.0502548 0.0349311 0.0234308 0.0161099 0.0118287
 1.02823e-16 7.18478e-05 0.000698386 0.00464102 0.0210974 0.0656419 0.139857 0.204127 0.204132 0.139882 0.0657265 0.021343 0.00526199 0.00206922 0.00271991 0.00449894 0.00674374 0.00904125 0.0110029 0.0124191 0.013322 0.013848 0.0140353 0.0137547 0.012832 0.0112329
 1.03837e-16 5.00145e-05 0.000486159 0.0032307 0.0146863 0.0456947 0.0973586 0.142105 0.142138 0.0975198 0.0462357 0.0162485 0.00715032 0.00903715 0.0162739 0.0267844 0.0384876 0.0482164 0.0527898 0.0507707 0.0433474 0.0335608 0.0245116 0.0179214 0.0138785 0.0115174
 1.07142e-16 4.80059e-05 0.000466635 0.00310095 0.0140965 0.0438596 0.0934483 0.136396 0.13642 0.0935685 0.0442636 0.0152657 0.00604387 0.00691762 0.0123773 0.0205887 0.030125 0.0388624 0.0446322 0.046381 0.044694 0.0411952 0.0373622 0.0337522 0.0301125 0.0260219
 1.06568e-16 6.10182e-05 0.000593119 0.00394149 0.0179174 0.0557479 0.118777 0.173362 0.173377 0.118849 0.0559884 0.0186134 0.00569245 0.00442906 0.00738651 0.0122219 0.0178549 0.0229978 0.0263828 0.0274433 0.0266217 0.0249837 0.0234584 0.022322 0.0212476 0.0197307
 1.04741e-16 6.1058e-05 0.000593506 0.00394406 0.0179291 0.0557842 0.118855 0.173476 0.173495 0.118945 0.0560878 0.0188063 0.00614717 0.00540715 0.00921578 0.0151732 0.0219345 0.027764 0.0309402 0.0306869 0.0276304 0.0233508 0.0193948 0.0165247 0.0146415 0.0132119
 1.09562e-16 2.75797e-05 0.000268085 0.00178152 0.00809857 0.0251979 0.0536886 0.07837 0.0784176 0.0539213 0.0259796 0.0103576 0.00745676 0.0126727 0.0236319 0.0391449 0.0566694 0.0718587 0.0802822 0.0798858 0.0721647 0.0610289 0.050326 0.0419866 0.0358812 0.0309019
 1.08883e-16 6.12533e-05 0.000595404 0.00395667 0.0179865 0.0559626 0.119235 0.174028 0.174037 0.119276 0.0561023 0.0183924 0.00498481 0.00287059 0.00447281 0.0075353 0.0114075 0.0155215 0.0193219 0.0225367 0.0252478 0.0276286 0.029589 0.0306752 0.0303253 0.0282509
 1.08315e-16 5.23443e-05 0.000508805 0.00338119 0.0153704 0.0478232 0.101893 0.148722 0.148748 0.102021 0.048252 0.016609 0.00649063 0.00729871 0.0129543 0.0213539 0.030813 0.0388902 0.0431598 0.0425698 0.0381003 0.0321089 0.0268854 0.0235248 0.0217805 0.0206886
 1.11841e-16 3.73038e-05 0.000362606 0.00240965 0.0109539 0.0340819 0.0726164 0.105993 0.106027 0.072781 0.0346351 0.0125538 0.00643328 0.00917235 0.0168455 0.0279918 0.0407936 0.0522974 0.0594967 0.0609921 0.0577505 0.0522737 0.0468914 0.0425658 0.038926 0.0351187
 1.08729e-16 6.10187e-05 0.000593124 0.00394152 0.0179176 0.0557483 0.118778 0.173362 0.173374 0.118834 0.0559366 0.0184632 0.00531742 0.00361803 0.00586896 0.00977281 0.0144673 0.0190339 0.0225771 0.0247004 0.025694 0.0262067 0.0266771 0.0270105 0.0267187 0.0253278
 1.06376e-16 5.77856e-05 0.000561696 0.00373267 0.0169682 0.0527944 0.112485 0.16418 0.164201 0.112589 0.0531444 0.0179792 0.00627136 0.00610685 0.0105989 0.0174584 0.0252139 0.0318676 0.035438 0.0350504 0.0314701 0.0265757 0.0221992 0.0192298 0.0175071 0.01632
 1.10801e-16 3.07529e-05 0.000298929 0.00198649 0.00903034 0.028097 0.0598651 0.0873838 0.0874263 0.0600728 0.0287948 0.0110474 0.00705577 0.0113855 0.021146 0.0350669 0.0508811 0.0647618 0.0728095 0.0732143 0.0672736 0.0583667 0.0497625 0.0430129 0.0378821 0.0333477
 1.19368e-16 3.66331e-05 0.000356087 0.00236632 0.010757 0.0334691 0.0713101 0.104083 0.104104 0.0714097 0.0338044 0.0117304 0.00482746 0.00578795 0.0105274 0.0178056 0.0267288 0.0359008 0.0438919 0.0500353 0.0546677 0.0585142 0.0617657 0.0636978 0.0631335 0.0592889
 1.082e-16 6.83414e-05 0.000664303 0.00441453 0.0200678 0.0624384 0.133032 0.194165 0.194173 0.133068 0.0625593 0.0204179 0.00529618 0.00259898 0.00377296 0.00621154 0.00914221 0.0119397 0.0140374 0.0152341 0.0158209 0.0163492 0.0172096 0.018354 0.0193419 0.0196228
pSPR Fmed_Fpbrs
0.865924   0.6 0.325
Fs Fmed_Fpbrs
0.0664918   0.248967 0.595728
SSBpbr Bo_Bmed_Bpbrs
4.80631e+06  3.92159e+06  2.64347e+06 1.32174e+06
Ro
457148
SPR SPRFo_SPRFmed_SPRFpbrs
3.26295e+06 2.82547e+06 1.06046e+06
Fref
0.248967
Nvult_r0
 580244 52967.9 24689.7 29071.7 12367.7
CTP_r0
 29487 2691.73 1254.69 1477.37 628.506
YTP_r0
391294
Np
 682677 195792 89097.4 8133.3 4878.45
Nvult_p0
 486885 139639 63544.2 5800.66 3479.31
CTP_p0
 97054.9 44165.9 4031.7 1879.28 2984.44
 97054.9 27835.4 12666.8 1156.3 693.56
YTP_p0
 1.66843e+06 1.51353e+06
CBA_c0
1.62196e+06
log_Ro
12.8528
likeval ReclasPelacesDesembMPH_pf_preclas_ppelaces_ptallas_desvR_qrecl_qpela
 18.5362 17.6079 0.156691 0.000817709 241.998 123.489 98.2084 0 22.3293 8.37679e-05 6.49687e-05 0.790745 9.04799e-16 0 0
q_reclas_q_pelaces
0.273366 0.317671
M
1
N
 434238 109176 528199 25933.2 0.743821
 266804 153712 38646.2 186972 9180.12
 250970 91713.5 52838.4 13284.6 67427.2
 507312 86499.1 31610 18211.3 27818.1
 406891 169462 28894.1 10559 15375.6
 664580 144813 60311.9 10283.5 9230.17
 282407 228491 49788.5 20736 6709.02
 143099 90487.7 73212.1 15953.1 8793.82
 128335 51585 32619.5 26391.9 8920.88
 163411 43649.9 17545.3 11094.7 12010.7
 291409 54475.8 14551.4 5849.02 7702.57
 338208 104374 19511.7 5211.89 4853.78
 290589 108823 33583.9 6278.15 3238.77
 208975 94799.8 35501.7 10956.2 3104.73
 228580 64249 29146 10914.9 4323
 1.12981e+06 74993.3 21079.1 9562.33 4999.31
 282954 372596 24731.7 6951.58 4802.23
 1.61889e+06 96926.8 127634 8471.92 4026.3
 975434 550409 32954.4 43394.5 4249.3
 735132 319516 180294 10794.6 15606.3
 1.20128e+06 244976 106476 60081.1 8797.87
 1.58899e+06 410840 83782.4 36415 23556.8
 361863 532880 137779 28097.1 20112
 1.0931e+06 126169 185797 48038.8 16808.9
 901110 384372 44365.6 65333 22802.7
 411809 316147 134854 15565.3 30921.7
 919754 145746 111890 47726.9 16452.5
 1.02484e+06 322981 51180.2 39291.1 22537.2
 307515 362093 114114 18082.8 21845
 233197 108699 127991 40336.7 14113.5
 890904 81326.6 37908.5 44636.6 18989.3
pred_Ctot
 10403.2 2615.58 12654.3 621.293 0.01782
 11123.9 6408.74 1611.28 7795.46 382.748
 10066.8 3678.77 2119.43 532.866 2704.61
 29732 5069.45 1852.57 1067.31 1630.34
 8397.07 3497.22 596.292 217.907 317.309
 27636.1 6021.95 2508.03 427.63 383.83
 23293.1 18846 4106.58 1710.31 553.364
 1821.15 1151.6 931.737 203.027 111.915
 6159.82 2475.97 1565.67 1266.76 428.184
 9769.21 2609.52 1048.91 663.273 718.037
 4871.88 910.745 243.275 97.7858 128.774
 27094.1 8361.52 1563.09 417.528 388.841
 20999.9 7864.27 2427 453.7 234.055
 22019.5 9988.97 3740.78 1154.44 327.143
 15777.4 4434.69 2011.76 753.385 298.389
 74615.9 4952.77 1392.12 631.523 330.169
 12385.9 16309.8 1082.59 304.294 210.21
 78075 4674.55 6155.46 408.58 194.179
 68217.5 38493.1 2304.68 3034.81 297.177
 44109.9 19171.8 10818.1 647.707 936.422
 53732.8 10957.7 4762.63 2687.41 393.526
 89467.9 23132.3 4717.36 2050.34 1326.36
 11998.9 17669.6 4568.56 931.664 666.889
 30623.5 3534.68 5205.18 1345.82 470.908
 26483.6 11296.7 1303.9 1920.13 670.171
 9911.62 7609.18 3245.72 374.633 744.237
 26524.3 4203.09 3226.72 1376.37 474.465
 25730.9 8109.14 1284.99 986.491 565.847
 7635.45 8990.61 2833.41 448.987 542.4
 7699.96 3589.16 4226.17 1331.88 466.016
 29487 2691.73 1254.69 1477.37 628.506
F
 0.0385129 0.0385129 0.0385129 0.0385129 0.0385129
 0.0678426 0.0678426 0.0678426 0.0678426 0.0678426
 0.0651977 0.0651977 0.0651977 0.0651977 0.0651977
 0.0964958 0.0964958 0.0964958 0.0964958 0.0964958
 0.0331009 0.0331009 0.0331009 0.0331009 0.0331009
 0.0676603 0.0676603 0.0676603 0.0676603 0.0676603
 0.138134 0.138134 0.138134 0.138134 0.138134
 0.0203044 0.0203044 0.0203044 0.0203044 0.0203044
 0.0784437 0.0784437 0.0784437 0.0784437 0.0784437
 0.0985135 0.0985135 0.0985135 0.0985135 0.0985135
 0.0267446 0.0267446 0.0267446 0.0267446 0.0267446
 0.133937 0.133937 0.133937 0.133937 0.133937
 0.120144 0.120144 0.120144 0.120144 0.120144
 0.179449 0.179449 0.179449 0.179449 0.179449
 0.114487 0.114487 0.114487 0.114487 0.114487
 0.109311 0.109311 0.109311 0.109311 0.109311
 0.07133 0.07133 0.07133 0.07133 0.07133
 0.0788316 0.0788316 0.0788316 0.0788316 0.0788316
 0.116075 0.116075 0.116075 0.116075 0.116075
 0.0988908 0.0988908 0.0988908 0.0988908 0.0988908
 0.0729367 0.0729367 0.0729367 0.0729367 0.0729367
 0.0925556 0.0925556 0.0925556 0.0925556 0.0925556
 0.0536397 0.0536397 0.0536397 0.0536397 0.0536397
 0.0451606 0.0451606 0.0451606 0.0451606 0.0451606
 0.0474208 0.0474208 0.0474208 0.0474208 0.0474208
 0.0386944 0.0386944 0.0386944 0.0386944 0.0386944
 0.0465135 0.0465135 0.0465135 0.0465135 0.0465135
 0.0403927 0.0403927 0.0403927 0.0403927 0.0403927
 0.0399385 0.0399385 0.0399385 0.0399385 0.0399385
 0.0534089 0.0534089 0.0534089 0.0534089 0.0534089
 0.053539 0.053539 0.053539 0.053539 0.053539
YTP_r0W_actual
 244742 37953.4 34629.4 50526.2 23443.3
YTP_p0W_proyectada
 726941 692080 93253.3 55194.6 100964
 726941 436181 292983 33960.4 23463.1
CTP_r0_actual
 29487 2691.73 1254.69 1477.37 628.506
CTP_p0_proyectada
 97054.9 44165.9 4031.7 1879.28 2984.44
 97054.9 27835.4 12666.8 1156.3 693.56
Wmedp
 7.49 15.67 23.13 29.37 33.83
Frms_r0
 0.053539 0.053539 0.053539 0.053539 0.053539
Zrms_r0
 1.05354 1.05354 1.05354 1.05354 1.05354
nmprior
 8.19 8.8 8.5 0
nm_flota  nm_reclas  nm_pelaces    nm_pelaL
inf 11.3036 15.8338 36.2628
cv_recla  cv_pelaces  cv_mph
0.389435 0.475802 0.88248
 ------------------------------------------------
Talla a la edad & desviaci?n 
 8 13.2811 15.8009 17.003 17.5766
 0.8 1.32811 1.58009 1.7003 1.75766
