years
 1991 1992 1993 1994 1995 1996 1997 1998 1999 2000 2001 2002 2003 2004 2005 2006 2007 2008 2009 2010 2011 2012 2013 2014 2015 2016 2017 2018 2019 2020 2021
reclasobs
 0 0 0 0 0 0 0 0 0 252601 567819 844713 477998 351125 339783 2.1784e+06 2.13404e+06 4.81314e+06 1.55562e+06 2.62356e+06 3.21686e+06 3.843e+06 1.13348e+06 3.07943e+06 1.97215e+06 2.03268e+06 2.025e+06 2.42433e+06 2.27542e+06 1.05018e+06 2.36338e+06
reclaspred
 3.33728e+06 1.92871e+06 980648 964995 958728 1.43308e+06 1.01335e+06 920636 679808 513668 511321 623029 629712 531496 545051 1.24479e+06 1.29213e+06 2.58025e+06 2.18525e+06 1.6781e+06 2.99499e+06 2.44016e+06 2.01972e+06 3.02911e+06 2.30098e+06 2.03625e+06 2.36163e+06 2.45943e+06 2.07977e+06 1.37343e+06 1.91646e+06
pelacesobs
 0 0 0 0 0 0 0 0 0 0 0 0 0 0 0 552880 188675 0 991730 2.46772e+06 1.41603e+06 1.21717e+06 2.29649e+06 1.80582e+06 0 1.4828e+06 1.56532e+06 1.57751e+06 1.42118e+06 867257 1.10002e+06
pelacespred
 1.88337e+06 1.23165e+06 642468 513311 511091 788637 550522 569050 425307 310862 310074 322221 353796 326390 336154 628226 646333 1.45254e+06 1.30796e+06 943678 1.56181e+06 1.43519e+06 1.1544e+06 1.86262e+06 1.38662e+06 1.21284e+06 1.59098e+06 1.63835e+06 1.14213e+06 864418 1.20151e+06
mphobs
 0 0 0 0 0 0 0 0 0 0 0 498337 0 5186 125008 0 168611 109162 213762 579715 649985 157893 87575 83554 0 0 0 0 0 0 0
mphpred
 489972 330255 171399 92339.5 102540 111739 146642 105396 90392 65940 45157.9 58281.6 63795.5 57248.7 44177.1 54056.1 144900 146354 253578 203399 220990 271724 259602 220177 296725 245526 202935 212409 287996 204600 132083
desembarqueobs
 494567 514787 250237 358949 120608 361735 552515 73892 212993 205616 52469 317467 293654 387597 252695 516296 358380 742168 942051 627588 828172 859565 418607 520667 417249 300574 415391 372974 316634 284311 391294
desembarquepred
 494572 513038 251137 358964 120611 361744 552553 73894.2 213021 205643 52470.5 317518 293699 387651 252701 516288 358396 742120 941960 627531 828218 859597 418617 520682 417252 300577 415393 372968 316634 284318 391297
Reclutas
 288474 171734 165591 318905 255047 418491 177427 86827.3 78665.9 101263 182080 220768 187158 133100 141790 723934 173241 1.07038e+06 635388 481115 756293 1.00509e+06 223753 666202 555060 252588 562120 626480 188457 142388 542036
log_desv_Rt
 0.00390275 -0.514758 -0.551184 0.104192 -0.119255 0.375954 -0.482142 -1.19678 -1.29549 -1.04298 -0.456254 -0.263588 -0.42875 -0.7696 -0.706354 0.923998 -0.506017 1.31507 0.793534 0.515404 0.967726 1.25213 -0.250159 0.84089 0.658374 -0.128944 0.671014 0.779415 -0.421833 -0.702145 0.634631
SSB
 6.32634e+06 4.26414e+06 2.21305e+06 1.19225e+06 1.32396e+06 1.44274e+06 1.89339e+06 1.36083e+06 1.16711e+06 851393 583062 752510 823704 739174 570398 697952 1.87089e+06 1.88967e+06 3.27411e+06 2.62621e+06 2.85334e+06 3.5084e+06 3.35189e+06 2.84285e+06 3.83121e+06 3.17014e+06 2.62022e+06 2.74254e+06 3.7185e+06 2.64172e+06 1.70541e+06
BT
 8.19698e+06 5.59935e+06 2.91072e+06 2.42671e+06 2.20583e+06 3.56661e+06 2.77235e+06 2.41394e+06 1.96788e+06 1.48447e+06 1.32682e+06 1.60114e+06 1.73021e+06 1.75329e+06 1.64287e+06 3.01691e+06 2.95084e+06 6.65464e+06 6.3166e+06 4.46679e+06 7.12374e+06 6.73852e+06 5.13474e+06 8.17615e+06 6.1107e+06 5.2764e+06 6.99433e+06 7.13955e+06 4.97773e+06 3.84506e+06 5.33882e+06
Ftot
 0.0674973 0.120381 0.116204 0.171755 0.058186 0.117658 0.245792 0.0370686 0.143793 0.182881 0.0483008 0.233941 0.214022 0.332059 0.215698 0.195714 0.126902 0.135279 0.197682 0.171805 0.128355 0.16282 0.094799 0.0807605 0.0836392 0.0679762 0.0824681 0.0713882 0.0693117 0.094566 0.0963276
BD_Bspro_t
 0.989259 0.917641 0.823746 0.762756 0.756437 0.803346 0.795722 0.693067 0.734252 0.711487 0.691205 0.807695 0.722042 0.657489 0.582229 0.63082 0.742038 0.733919 0.784623 0.718742 0.698509 0.737663 0.750773 0.750929 0.821955 0.827716 0.833209 0.853861 0.878671 0.841276 0.802782
BD_Bspro
 3.08452 2.07906 1.07901 0.581305 0.645522 0.703433 0.923157 0.663497 0.569044 0.415112 0.284282 0.3669 0.401611 0.360397 0.278108 0.340299 0.912187 0.921343 1.59635 1.28046 1.3912 1.71058 1.63427 1.38608 1.86797 1.54566 1.27754 1.33718 1.81302 1.28802 0.831502
BD_Bo
 2.09074 1.40922 0.731372 0.394019 0.437546 0.476799 0.625732 0.44973 0.385708 0.28137 0.192691 0.248691 0.272219 0.244284 0.188506 0.230661 0.618296 0.624502 1.08203 0.867915 0.942978 1.15946 1.10774 0.93951 1.26615 1.04767 0.865936 0.906361 1.2289 0.873042 0.563606
BD_Brms
 3.80135 2.56222 1.32977 0.716397 0.795538 0.866907 1.13769 0.817691 0.701288 0.511582 0.350348 0.452165 0.494944 0.444152 0.342739 0.419383 1.12417 1.13546 1.96733 1.57803 1.71451 2.10811 2.01407 1.7082 2.30208 1.90486 1.57443 1.64793 2.23436 1.58735 1.02474
Sel_flota
 0.928535 1 1 1 1
 0.928535 1 1 1 1
 0.928535 1 1 1 1
 0.928535 1 1 1 1
 0.928535 1 1 1 1
 0.928535 1 1 1 1
 0.928535 1 1 1 1
 0.928535 1 1 1 1
 0.928535 1 1 1 1
 0.928535 1 1 1 1
 0.928535 1 1 1 1
 0.928535 1 1 1 1
 0.928535 1 1 1 1
 0.928535 1 1 1 1
 0.928535 1 1 1 1
 0.928535 1 1 1 1
 0.928535 1 1 1 1
 0.928535 1 1 1 1
 0.928535 1 1 1 1
 0.928535 1 1 1 1
 0.928535 1 1 1 1
 0.928535 1 1 1 1
 0.928535 1 1 1 1
 0.928535 1 1 1 1
 0.928535 1 1 1 1
 0.928535 1 1 1 1
 0.928535 1 1 1 1
 0.928535 1 1 1 1
 0.928535 1 1 1 1
 0.928535 1 1 1 1
 0.928535 1 1 1 1
Sel_reclas
 1 1 1 1 1
 1 1 1 1 1
 1 1 1 1 1
 1 1 1 1 1
 1 1 1 1 1
 1 1 1 1 1
 1 1 1 1 1
 1 1 1 1 1
 1 1 1 1 1
 1 1 1 1 1
 1 1 1 1 1
 1 1 1 1 1
 1 1 1 1 1
 1 1 1 1 1
 1 1 1 1 1
 1 1 1 1 1
 1 1 1 1 1
 1 1 1 1 1
 1 1 1 1 1
 1 1 1 1 1
 1 1 1 1 1
 1 1 1 1 1
 1 1 1 1 1
 1 1 1 1 1
 1 1 1 1 1
 1 1 1 1 1
 1 1 1 1 1
 1 1 1 1 1
 1 1 1 1 1
 1 1 1 1 1
 1 1 1 1 1
Sel_pelaces
 1 1 1 1 1
 1 1 1 1 1
 1 1 1 1 1
 1 1 1 1 1
 1 1 1 1 1
 1 1 1 1 1
 1 1 1 1 1
 1 1 1 1 1
 1 1 1 1 1
 1 1 1 1 1
 1 1 1 1 1
 1 1 1 1 1
 1 1 1 1 1
 1 1 1 1 1
 1 1 1 1 1
 1 1 1 1 1
 1 1 1 1 1
 1 1 1 1 1
 1 1 1 1 1
 1 1 1 1 1
 1 1 1 1 1
 1 1 1 1 1
 1 1 1 1 1
 1 1 1 1 1
 1 1 1 1 1
 1 1 1 1 1
 1 1 1 1 1
 1 1 1 1 1
 1 1 1 1 1
 1 1 1 1 1
 1 1 1 1 1
pf_obs 
 0.8446 0.082 0.0669 0.0065 0
 0.8095 0.147 0.0364 0.0071 0
 0.9664 0.0169 0.016 0.0007 0
 0.9276 0.0648 0.0075 0.0001 0
 0.7033 0.2144 0.0806 0.0017 0
 0.9318 0.0425 0.0243 0.0014 0
 0.5671 0.3108 0.0964 0.0239 0.0018
 0.0768 0.2599 0.5324 0.112 0.0189
 0.490249 0.384438 0.106611 0.0170017 0.00170017
 0.7925 0.1577 0.0466 0.003 0.0002
 0.840416 0.127587 0.0312969 0.00059994 9.999e-05
 0.8084 0.0986 0.0794 0.0134 0.0002
 0.7335 0.1905 0.0724 0.0035 0.0001
 0.4001 0.4547 0.1325 0.0127 0
 0.49795 0.308269 0.164784 0.0264974 0.00249975
 0.9179 0.0499 0.0305 0.0017 0
 0.2467 0.6533 0.0926 0.0074 0
 0.9418 0.0223 0.034 0.0019 0
 0.707729 0.231977 0.0356964 0.0245975 0
 0.517169 0.277429 0.184464 0.0207286 0.00020938
 0.811772 0.124168 0.05621 0.00726502 0.000585176
 0.764997 0.148141 0.077277 0.00933861 0.000247198
 0.163321 0.427699 0.378323 0.0303852 0.000271297
 0.753843 0.0900009 0.118128 0.0371064 0.000921714
 0.721811 0.176058 0.0630433 0.0369309 0.00215725
 0.143369 0.312575 0.442814 0.0836902 0.0175525
 0.692698 0.0596174 0.167031 0.0765114 0.00414204
 0.394062 0.376323 0.152708 0.0712218 0.00568511
 0.125707 0.32114 0.495352 0.0537591 0.00404204
 0.23352 0.215282 0.420074 0.123614 0.00750983
 0.796117 0.104755 0.0508955 0.0450114 0.00322123
pf_pred 
 0.412379 0.106367 0.457416 0.0238371 7.17265e-07
 0.409045 0.254791 0.0608501 0.261677 0.0136371
 0.539103 0.197414 0.113601 0.0271306 0.122751
 0.752486 0.13828 0.046788 0.0269238 0.0355226
 0.645378 0.272116 0.0460939 0.0155961 0.0208157
 0.744046 0.169622 0.0662464 0.0112215 0.0088644
 0.477024 0.396844 0.0835879 0.0326455 0.00989811
 0.436286 0.280832 0.214656 0.0452134 0.0230122
 0.519553 0.218596 0.13045 0.0997103 0.0316915
 0.668217 0.17901 0.0695092 0.0414805 0.0417833
 0.787031 0.146123 0.0360659 0.0140043 0.0167755
 0.720374 0.223566 0.038464 0.00949362 0.00810215
 0.663495 0.248008 0.0707553 0.0121733 0.00556879
 0.601108 0.271977 0.0935374 0.0266857 0.0066915
 0.696149 0.189037 0.0782835 0.026923 0.00960701
 0.91868 0.0580213 0.0144953 0.00600272 0.00280109
 0.402012 0.55292 0.0321557 0.00803335 0.00487913
 0.88124 0.0500296 0.0635504 0.00369585 0.00148411
 0.60309 0.352991 0.0185016 0.0235017 0.00191561
 0.589652 0.255515 0.1377 0.00721738 0.00991519
 0.739977 0.158408 0.0632737 0.034099 0.00424257
 0.741372 0.195263 0.0386028 0.0154193 0.00934355
 0.331507 0.505787 0.122842 0.0242854 0.0155786
 0.741686 0.0901633 0.127224 0.0308992 0.0100273
 0.632142 0.278197 0.0312958 0.0441596 0.0142056
 0.447058 0.359418 0.146355 0.0164642 0.0307051
 0.736553 0.122808 0.0914163 0.0372247 0.0119973
 0.695727 0.228611 0.0352707 0.0262549 0.0141366
 0.366557 0.450888 0.137159 0.0211613 0.0242336
 0.439595 0.215547 0.245473 0.0746722 0.0247139
 0.828409 0.0787472 0.0357103 0.0406682 0.0164656
pobs_RECLAS
 0 0 0 0 0
 0 0 0 0 0
 0 0 0 0 0
 0 0 0 0 0
 0 0 0 0 0
 0 0 0 0 0
 0 0 0 0 0
 0 0 0 0 0
 0 0 0 0 0
 0 0 0 0 0
 0.991045 0.00858322 0.000360255 1.14367e-05 0
 0.934742 0.0480273 0.0164251 0.00080598 0
 0.827803 0.169806 0.00239088 0 0
 0.941827 0.0461693 0.0120037 0 0
 0.791401 0.0380133 0.147996 0.0225897 0
 0.846168 0.0940531 0.0597789 0 0
 0.134021 0.677848 0.182769 0.00536245 0
 0.80878 0.0450904 0.141981 0.00414843 0
 0.846168 0.0940531 0.0597789 0 0
 0.905697 0.0802665 0.012482 0.00150086 5.37128e-05
 0.989698 0.0102097 9.19794e-05 0 0
 0.975433 0.0193895 0.00387452 0.00125025 5.28907e-05
 0.303575 0.632131 0.0575291 0.00676475 0
 0.966965 0.00978017 0.0227588 0.000495775 0
 0.843318 0.132988 0.00938335 0.0141283 0.000182051
 0.564624 0.303363 0.111486 0.0197234 0.00080311
 0.826376 0.0876187 0.0782897 0.00655872 0.00115652
 0.89761 0.0855135 0.0140674 0.00269457 0.000114338
 0.34875 0.467042 0.161289 0.0227151 0.000203297
 0.318654 0.224769 0.449479 0.00709798 0
 0.937255 0.0296025 0.0250945 0.00804832 0
ppred_RECLAS
 0.430559 0.103076 0.443264 0.0230996 6.95074e-07
 0.427274 0.246931 0.0589732 0.253605 0.0132164
 0.557651 0.18947 0.109029 0.0260387 0.117811
 0.766245 0.130593 0.0441871 0.0254271 0.0335479
 0.662239 0.259178 0.0439022 0.0148546 0.0198259
 0.758049 0.160342 0.0626219 0.0106075 0.00837942
 0.495986 0.382455 0.0805571 0.0314618 0.00953922
 0.454655 0.271681 0.207662 0.04374 0.0222623
 0.538263 0.210083 0.12537 0.0958272 0.0304574
 0.684716 0.170108 0.0660526 0.0394177 0.0397054
 0.799242 0.137745 0.033998 0.0132013 0.0158136
 0.735387 0.211563 0.0363989 0.0089839 0.00766714
 0.68017 0.235718 0.0672489 0.01157 0.00529282
 0.619345 0.259542 0.089261 0.0254657 0.00638557
 0.711912 0.179231 0.0742224 0.0255263 0.00910862
 0.924145 0.054122 0.0135211 0.00559931 0.00261285
 0.420161 0.536138 0.0311798 0.00778954 0.00473104
 0.888871 0.0468148 0.0594667 0.00345836 0.00138874
 0.621018 0.337047 0.0176659 0.0224402 0.00182909
 0.607744 0.24425 0.131629 0.00689916 0.00947803
 0.754144 0.149777 0.0598263 0.0322411 0.00401142
 0.755535 0.184569 0.0364887 0.0145749 0.00883186
 0.348276 0.493099 0.11976 0.0236762 0.0151878
 0.755729 0.0852616 0.120307 0.0292194 0.00948212
 0.64933 0.265199 0.0298336 0.0420963 0.0135419
 0.465556 0.347394 0.141459 0.0159134 0.0296778
 0.750784 0.116175 0.0864782 0.035214 0.0113492
 0.711283 0.216923 0.0334675 0.0249126 0.0134139
 0.38404 0.438444 0.133374 0.0205772 0.0235647
 0.458084 0.208435 0.237374 0.0722086 0.0238985
 0.838777 0.0739892 0.0335526 0.038211 0.0154707
pobs_PELACES
 0 0 0 0 0
 0 0 0 0 0
 0 0 0 0 0
 0 0 0 0 0
 0 0 0 0 0
 0 0 0 0 0
 0 0 0 0 0
 0 0 0 0 0
 0 0 0 0 0
 0 0 0 0 0
 0 0 0 0 0
 0 0 0 0 0
 0 0 0 0 0
 0 0 0 0 0
 0 0 0 0 0
 0 0 0 0 0
 0.505614 0.472636 0.0217494 0 0
 0 0 0 0 0
 0.443492 0.261883 0.143347 0.151278 0
 0.227955 0.32914 0.350689 0.0885471 0.00366901
 0.970185 0.0296113 0.000203453 0 0
 0.997202 0.00247181 0.000326279 0 0
 0.445219 0.490057 0.0546422 0.010081 0
 0.90214 0.0892962 0.00764917 0.000914606 0
 0 0 0 0 0
 0.581667 0.319106 0.0959925 0.00289975 0.000334073
 0.762889 0.0836404 0.116647 0.0363945 0.000428098
 0.88444 0.0763242 0.0277011 0.0115352 0
 0.521256 0.241999 0.230069 0.00667565 0
 0.616807 0.101726 0.260614 0.0208532 0
 0.833518 0.0704572 0.0857862 0.0102388 0
ppred_PELACES
 0.430949 0.103006 0.44296 0.0230838 6.94598e-07
 0.427969 0.246632 0.0589016 0.253298 0.0132004
 0.558327 0.18918 0.108862 0.025999 0.117631
 0.766969 0.130188 0.0440501 0.0253483 0.0334439
 0.662546 0.258942 0.0438623 0.0148411 0.0198079
 0.758558 0.160005 0.0624903 0.0105852 0.0083618
 0.497435 0.381356 0.0803255 0.0313714 0.0095118
 0.454872 0.271573 0.207579 0.0437227 0.0222535
 0.539106 0.209699 0.125141 0.0956523 0.0304018
 0.685646 0.169606 0.0658577 0.0393014 0.0395883
 0.799425 0.13762 0.033967 0.0131893 0.0157992
 0.736459 0.210706 0.0362514 0.0089475 0.00763607
 0.681267 0.234909 0.0670183 0.0115303 0.00527467
 0.62119 0.258285 0.0888285 0.0253423 0.00635463
 0.712954 0.178582 0.0739539 0.025434 0.00907567
 0.924468 0.0538915 0.0134635 0.00557547 0.00260172
 0.420891 0.535464 0.0311406 0.00777974 0.00472509
 0.889186 0.0466822 0.0592983 0.00344857 0.00138481
 0.622115 0.336071 0.0176147 0.0223752 0.00182379
 0.60871 0.243648 0.131305 0.00688218 0.0094547
 0.754705 0.149435 0.0596899 0.0321676 0.00400227
 0.756244 0.184034 0.036383 0.0145327 0.00880626
 0.348784 0.492715 0.119667 0.0236578 0.015176
 0.756081 0.0851389 0.120134 0.0291774 0.00946848
 0.649779 0.264859 0.0297954 0.0420424 0.0135246
 0.465955 0.347135 0.141353 0.0159016 0.0296557
 0.751148 0.116005 0.086352 0.0351626 0.0113327
 0.711629 0.216664 0.0334274 0.0248827 0.0133978
 0.384427 0.438169 0.13329 0.0205643 0.0235499
 0.458638 0.208222 0.237131 0.0721348 0.0238741
 0.839084 0.0738483 0.0334887 0.0381382 0.0154413
pobs_pel_tallas
 0 0 0 0 0 0 0 0 0 0 0 0 0 0 0 0 0 0 0 0 0 0 0 0 0 0
 0 0 0 0 0 0 0 0 0 0 0 0 0 0 0 0 0 0 0 0 0 0 0 0 0 0
 0 0 0 0 0 0 0 0 0 0 0 0 0 0 0 0 0 0 0 0 0 0 0 0 0 0
 0 0 0 0 0 0 0 0 0 0 0 0 0 0 0 0 0 0 0 0 0 0 0 0 0 0
 0 0 0 0 0 0 0 0 0 0 0 0 0 0 0 0 0 0 0 0 0 0 0 0 0 0
 0 0 0 0 0 0 0 0 0 0 0 0 0 0 0 0 0 0 0 0 0 0 0 0 0 0
 0 0 0 0 0 0 0 0 0 0 0 0 0 0 0 0 0 0 0 0 0 0 0 0 0 0
 0 0 0 0 0 0 0 0 0 0 0 0 0 0 0 0 0 0 0 0 0 0 0 0 0 0
 0 0 0 0 0 0 0 0 0 0 0 0 0 0 0 0 0 0 0 0 0 0 0 0 0 0
 0 0 0 0 0 0 0 0 0 0 0 0 0 0 0 0 0 0 0 0 0 0 0 0 0 0
 0 0 0 0 0 0 0 0 0 0 0 0 0 0 0 0 0 0 0 0 0 0 0 0 0 0
 0 0 0 0 0 0 0 0 0 0 0 0 0 0 0 0 0 0 0 0 0 0 0 0 0 0
 0.00862536 0 0 0.000197151 0.00414017 0.0128641 0.00837892 0.0270097 0.101434 0.158115 0.152841 0.127902 0.109271 0.109419 0.0830992 0.0579132 0.0238553 0.00714673 0.00463305 0.00128148 0.00103504 0.000492878 0.000147863 0.000147863 4.92878e-05 0
 0 0 0 0 0 0 0 0 0 0 0 0 0 0 0 0 0 0 0 0 0 0 0 0 0 0
 0 0 0 0 0 0 0 0.0054083 0.00873648 0.0413646 0.0450493 0.0745869 0.0622846 0.0627006 0.0613931 0.0827291 0.12552 0.122667 0.0946155 0.0697135 0.0546179 0.0294188 0.0215738 0.0213955 0.0102223 0.00600262
 0 0 0 0 0.00359764 0.0251062 0.0480494 0.140153 0.205849 0.193036 0.1447 0.116669 0.0760912 0.0342217 0.00950174 0.001854 0.000860785 0 0 0 0.000165536 0 0.000143464 0 0 0
 0 0 0 0 0 0 0 0.000145254 0.000435761 0.0275982 0.070085 0.0708112 0.156366 0.174668 0.174014 0.160142 0.0824315 0.0480064 0.0283245 0.00493863 0.00203355 0 0 0 0 0
 0 0 0 0 0 0 0 0 0 0 0 0 0 0 0 0 0 0 0 0 0 0 0 0 0 0
 0 0 1.00437e-05 0.000401748 0.00122533 0.00171747 0.00176769 0.0269171 0.070346 0.194647 0.189555 0.159765 0.064822 0.0314167 0.0384472 0.0292271 0.0345202 0.0313363 0.0194345 0.0106764 0.0143323 0.0359363 0.0279516 0.0138201 0.00172751 0
 0 0.0021121 0.0136068 0.0755702 0.200478 0.177729 0.0527432 0.0373336 0.0318909 0.0142505 0.0149659 0.0166563 0.0217959 0.0798694 0.0677717 0.0528807 0.04013 0.0224614 0.0357745 0.0225083 0.00881397 0.00855152 0.00135912 0.000746735 0 0
 0 0 0 0 5.4009e-05 0.00500934 0.000945158 0.0243581 0.138947 0.33067 0.221406 0.137944 0.0707744 0.0437923 0.0131692 0.00525238 0.0047753 0.00276346 9.45158e-05 9.00151e-06 2.25038e-05 9.00151e-06 4.50075e-06 0 0 0
 0.000866109 0.00284123 0.00948549 0.0512746 0.133035 0.25785 0.225252 0.132002 0.0553304 0.0519788 0.0540692 0.017754 0.00435017 0.00159236 0.00146478 0.000404838 0.000125132 0.000115318 0.000107957 0.000100596 0 0 0 0 0 0
 0 0 0 0 0.00144013 0.00171154 0.00461396 0.0210425 0.0478622 0.0707936 0.0888783 0.103762 0.0637923 0.0337046 0.0602308 0.124433 0.169614 0.0934646 0.0462172 0.0250306 0.0313229 0.00938855 0.002487 0.000210481 0 0
 0 0.00764035 0.051015 0.0998891 0.058973 0.0496711 0.0374665 0.0718981 0.12319 0.153886 0.159021 0.0857701 0.0377988 0.023471 0.0147837 0.00900784 0.00315554 0.000888139 0.00291439 0.00214683 0.00393193 0.00274676 0.000635225 9.99891e-05 0 0
 0 0 0 0 0 0 0 0 0 0 0 0 0 0 0 0 0 0 0 0 0 0 0 0 0 0
 0 0 0 0 0 0 0 0 0 0 0 0 0 0 0 0 0 0 0 0 0 0 0 0 0 0
 0 0 0 0 0 0 0 0 0 0 0 0 0 0 0 0 0 0 0 0 0 0 0 0 0 0
 0 0 0 0 0 0 0 0 0 0 0 0 0 0 0 0 0 0 0 0 0 0 0 0 0 0
 0 0 0 0 0 0 0 0 0 0 0 0 0 0 0 0 0 0 0 0 0 0 0 0 0 0
 0 0 0 0 0 0 0 0 0 0 0 0 0 0 0 0 0 0 0 0 0 0 0 0 0 0
 0 0 0 0 0 0 0 0 0 0 0 0 0 0 0 0 0 0 0 0 0 0 0 0 0 0
ppred_pel_tallas
 1.15125e-16 3.54968e-05 0.000345041 0.00229292 0.0104233 0.0324308 0.0690976 0.100852 0.100863 0.0691497 0.0326076 0.0109425 0.00362825 0.00336581 0.00608164 0.0108022 0.0174247 0.0257884 0.0356036 0.0464999 0.0578305 0.0683117 0.0759547 0.0786437 0.0751478 0.0658773
 1.29399e-16 3.52513e-05 0.000342655 0.00227706 0.0103512 0.0322066 0.0686204 0.100159 0.100182 0.0687373 0.0325993 0.0114874 0.0051366 0.00661132 0.0120224 0.0200487 0.0294563 0.0383663 0.045008 0.0488708 0.0511177 0.0537523 0.0581174 0.06387 0.0691217 0.0715024
 1.25704e-16 4.59887e-05 0.000447027 0.00297065 0.0135042 0.0420165 0.0895213 0.130663 0.130681 0.0896113 0.042319 0.0143799 0.00517696 0.00529088 0.00932797 0.0155708 0.0229657 0.0300627 0.035463 0.0386679 0.0404115 0.0420969 0.0447586 0.0483589 0.0518551 0.0538331
 1.09507e-16 6.31743e-05 0.000614076 0.00408075 0.0185505 0.0577176 0.122974 0.179487 0.179499 0.123036 0.0579246 0.0191491 0.00558619 0.00391002 0.00635173 0.0104791 0.0152806 0.0196373 0.0224733 0.023351 0.022742 0.0216802 0.0210645 0.021154 0.0215637 0.0216306
 1.06173e-16 5.45731e-05 0.00053047 0.00352516 0.0160249 0.0498595 0.106232 0.155054 0.155079 0.106354 0.0502693 0.0172089 0.006498 0.00702334 0.0123953 0.0204319 0.0294926 0.037233 0.0413092 0.040666 0.0361697 0.0300084 0.0243517 0.0203109 0.0178051 0.0161138
 1.04321e-16 6.24814e-05 0.000607342 0.004036 0.0183471 0.0570847 0.121626 0.177519 0.177535 0.121701 0.0573391 0.0190826 0.00588549 0.00465526 0.007781 0.0128453 0.0186871 0.0238964 0.0270713 0.0275562 0.0257961 0.022958 0.0201454 0.0178424 0.0159201 0.01402
 1.07172e-16 4.09732e-05 0.000398274 0.00264667 0.0120314 0.0374344 0.0797593 0.116419 0.116455 0.0799391 0.0380384 0.0137768 0.00703032 0.00997603 0.0182554 0.03018 0.0436266 0.0551941 0.0614407 0.0607889 0.0544445 0.0455153 0.0370692 0.0306589 0.0261794 0.0227011
 1.14211e-16 3.74673e-05 0.000364195 0.00242021 0.0110019 0.0342312 0.0729342 0.106455 0.106482 0.0730636 0.0346664 0.0122626 0.00559831 0.00734698 0.0134313 0.0224924 0.0332116 0.0434765 0.0511221 0.0551164 0.0560383 0.0553743 0.0542614 0.0527609 0.0501406 0.0457105
 1.18403e-16 4.44055e-05 0.000431637 0.00286838 0.0130393 0.0405701 0.0864396 0.126165 0.126186 0.0865393 0.0409056 0.0140107 0.00531636 0.00580745 0.0103494 0.0172942 0.025521 0.0334186 0.0393999 0.0428266 0.0443626 0.0453611 0.0467732 0.0484698 0.0494261 0.0484735
 1.12585e-16 5.64758e-05 0.000548965 0.00364807 0.0165836 0.0515978 0.109935 0.160457 0.160473 0.110015 0.0518678 0.0173645 0.00561269 0.0048526 0.00827454 0.0137105 0.020037 0.0258362 0.0297256 0.03114 0.0306742 0.0296256 0.0290935 0.0293438 0.0298308 0.0296947
 1.05012e-16 6.58476e-05 0.000640062 0.00425344 0.0193355 0.06016 0.128178 0.187082 0.187095 0.128243 0.0603783 0.0199662 0.00583798 0.0041041 0.00665959 0.0109455 0.015858 0.0201535 0.0226183 0.0227156 0.0209024 0.0182983 0.0159721 0.0144067 0.0134571 0.0126734
 1.0329e-16 6.06612e-05 0.000589649 0.00391842 0.0178126 0.0554217 0.118083 0.172349 0.17237 0.118182 0.0557552 0.0187759 0.00633692 0.00587125 0.0100974 0.016613 0.0239639 0.0302175 0.0334463 0.0327655 0.0288528 0.0234698 0.0183867 0.0145479 0.0119644 0.0101492
 1.04044e-16 5.61151e-05 0.000545459 0.00362477 0.0164777 0.0512683 0.109233 0.159434 0.159457 0.109344 0.0516409 0.0175546 0.00633052 0.0064608 0.0113159 0.018685 0.0270661 0.0343602 0.0384556 0.0383639 0.0347725 0.0295059 0.024358 0.0202276 0.0170662 0.0143951
 1.06247e-16 5.11666e-05 0.000497358 0.00330512 0.0150246 0.0467473 0.0996009 0.145376 0.145401 0.099723 0.0471575 0.0162107 0.00628671 0.00702048 0.0124818 0.0206645 0.0300229 0.0383023 0.0432283 0.0437432 0.0405895 0.0356988 0.0309113 0.0270552 0.0239383 0.0209626
 1.06267e-16 5.87251e-05 0.000570829 0.00379336 0.0172441 0.0536528 0.114314 0.166848 0.166865 0.114398 0.053937 0.0180659 0.00586034 0.00509686 0.00869528 0.0143898 0.0209776 0.0269193 0.0306817 0.031562 0.0300686 0.0274831 0.0249747 0.0229847 0.0212573 0.0193015
 1.01402e-16 7.61472e-05 0.000740178 0.00491874 0.0223599 0.0695699 0.148226 0.216342 0.216347 0.148252 0.0696554 0.0226068 0.00553915 0.00209636 0.00265724 0.00428698 0.00620286 0.0078747 0.00881921 0.00881867 0.00804351 0.00692467 0.00587879 0.00510278 0.00455948 0.00410175
 1.02616e-16 3.46683e-05 0.000336988 0.00223941 0.0101801 0.0316742 0.0674872 0.0985103 0.0985619 0.067739 0.0325195 0.0126204 0.00836158 0.01369 0.0253602 0.0417806 0.0599722 0.0749734 0.0817511 0.077988 0.0654882 0.0490076 0.033486 0.0218073 0.0143679 0.0100622
 1.02304e-16 7.32411e-05 0.00071193 0.00473102 0.0215065 0.0669149 0.142569 0.208085 0.20809 0.142592 0.0669904 0.0217258 0.00528523 0.00193478 0.00243372 0.00400654 0.00599444 0.00801563 0.00971691 0.0109083 0.011621 0.0119869 0.0120562 0.0117313 0.0108706 0.0094488
 1.03147e-16 5.12428e-05 0.000498099 0.00331004 0.015047 0.046817 0.0997497 0.145594 0.145627 0.0999077 0.0473475 0.0165789 0.00715336 0.00888164 0.0159545 0.026247 0.0376957 0.0471812 0.0515708 0.0494442 0.041964 0.0321242 0.0229928 0.0162986 0.0121707 0.00979295
 1.06142e-16 5.01387e-05 0.000487366 0.00323872 0.0147228 0.0458081 0.0975998 0.142455 0.142478 0.0977154 0.0461965 0.0158466 0.00606688 0.00668509 0.0118904 0.019759 0.0288794 0.0371901 0.0425894 0.044055 0.0421561 0.0384812 0.0344959 0.030787 0.0271541 0.0232123
 1.05665e-16 6.21641e-05 0.000604257 0.0040155 0.0182539 0.0567947 0.121008 0.176617 0.176632 0.121078 0.0570325 0.0189416 0.00574516 0.00439183 0.00729023 0.0120461 0.017566 0.022558 0.0257494 0.0265668 0.0254495 0.0234752 0.0216092 0.0201845 0.018934 0.0173945
 1.04045e-16 6.22908e-05 0.000605489 0.00402369 0.0182911 0.0569105 0.121255 0.176978 0.176996 0.121341 0.057202 0.0191332 0.00613847 0.00522563 0.00884745 0.0145567 0.0210324 0.0265988 0.0295948 0.0292671 0.0262127 0.021951 0.0179797 0.0150524 0.0131018 0.0116425
 1.08521e-16 2.8729e-05 0.000279256 0.00185576 0.00843603 0.0262479 0.0559256 0.0816351 0.0816826 0.0561581 0.0270287 0.0106925 0.00752371 0.0126657 0.0235919 0.0390592 0.0565038 0.0715604 0.0797803 0.0790975 0.0710121 0.0594637 0.048354 0.0396808 0.0333746 0.028362
 1.08018e-16 6.22774e-05 0.000605358 0.00402282 0.0182872 0.0568982 0.121228 0.176937 0.176946 0.121269 0.0570365 0.0186891 0.00504035 0.00285551 0.0044207 0.00743264 0.011224 0.0152146 0.0188364 0.0218083 0.0242138 0.0262477 0.0278633 0.028665 0.0281458 0.0260505
 1.07433e-16 5.35215e-05 0.000520248 0.00345723 0.0157161 0.0488987 0.104185 0.152066 0.152092 0.10431 0.0493176 0.016926 0.00649476 0.00715258 0.0126544 0.0208511 0.0300754 0.0379325 0.0420415 0.0413635 0.0368474 0.0307965 0.0254609 0.0219383 0.0200265 0.0188233
 1.10782e-16 3.83802e-05 0.000373069 0.00247918 0.01127 0.0350653 0.0747116 0.109051 0.109084 0.0748759 0.0356174 0.0128664 0.00649372 0.00916099 0.0167992 0.0278979 0.0406209 0.0520002 0.0590147 0.0602543 0.0566878 0.0508386 0.0450804 0.040433 0.0365804 0.0327055
 1.07966e-16 6.18711e-05 0.000601409 0.00399657 0.0181678 0.056527 0.120437 0.175784 0.175795 0.120492 0.056713 0.0187066 0.00535494 0.0035868 0.00579109 0.00963283 0.0142417 0.0186983 0.0221053 0.0240608 0.0248488 0.0251206 0.025335 0.0254351 0.0249782 0.0235277
 1.05783e-16 5.86159e-05 0.000569768 0.00378631 0.017212 0.0535531 0.114101 0.166539 0.166559 0.114203 0.053896 0.0182026 0.00627357 0.00600217 0.0103841 0.0170978 0.0246841 0.0311781 0.034631 0.0341786 0.0305661 0.0256359 0.0211931 0.0181277 0.0163072 0.0150593
 1.10007e-16 3.16648e-05 0.000307793 0.0020454 0.00929811 0.0289301 0.0616402 0.0899745 0.0900169 0.0618472 0.0296254 0.0113079 0.00709595 0.011352 0.021062 0.0349149 0.050634 0.064391 0.0722848 0.0725018 0.066337 0.0571774 0.0483162 0.0413444 0.0360682 0.0314953
 1.18171e-16 3.77774e-05 0.00036721 0.00244024 0.011093 0.0345145 0.0735376 0.107335 0.107355 0.0736375 0.0348511 0.0120696 0.00490871 0.00581282 0.0105479 0.0178195 0.0267053 0.0357774 0.043573 0.0494039 0.0536107 0.0569563 0.0596985 0.061195 0.0603438 0.0564091
 1.07424e-16 6.91142e-05 0.000671815 0.00446445 0.0202947 0.0631445 0.134536 0.196361 0.196368 0.134571 0.0632623 0.0206359 0.00532343 0.00255624 0.00367596 0.00604355 0.00888424 0.0115796 0.0135684 0.0146448 0.0150868 0.0154331 0.0160769 0.0169955 0.0177916 0.0179603
pSPR Fmed_Fpbrs
0.78398   0.6 0.325
Fs Fmed_Fpbrs
0.118189   0.25866 0.62289
SSBpbr Bo_Bmed_Bpbrs
3.02588e+06  2.22094e+06  1.66424e+06 832118
Ro
287350
SPR SPRFo_SPRFmed_SPRFpbrs
2.051e+06 1.60794e+06 666574
Fref
0.25866
Nvult_r0
 359693 31949 14488.2 16499.7 6680.35
CTP_r0
 29530.9 2807.16 1272.99 1449.73 586.962
YTP_r0
391297
Np
 417676 120848 51791.6 4552.88 2651.07
Nvult_p0
 296828 86522.8 37081 3259.71 1898.08
CTP_p0
 57484.5 26828.9 2358.47 1069.52 1624.94
 57484.5 17780.8 7620.32 669.885 390.063
YTP_p0
 991902 918313
CBA_c0
969825
log_Ro
12.3885
likeval ReclasPelacesDesembMPH_pf_preclas_ppelaces_ptallas_desvR_qrecl_qpela
 17.0246 17.4526 0.123102 0.000813375 241.224 121.639 98.0783 0 22.6512 2.79475e-05 1.69087e-05 0.624503 9.14827e-16 0 0
q_reclas_q_pelaces
0.47278 0.557096
M
1
N
 288474 69227.7 297704 15514.1 0.466823
 171734 99676.6 23805.2 102371 5334.96
 165591 56495.8 32510.1 7764.19 35128.8
 318905 54686.6 18503.5 10647.7 14048.3
 255047 100024 16943.1 5732.82 7651.4
 418491 88891.7 34716.9 5880.71 4645.46
 177427 138021 29071.6 11354 3442.53
 86827.3 51952.7 39710.5 8364.28 4257.15
 78665.9 30861.2 18416.8 14077.1 4474.2
 101263 25322.5 9832.64 5867.76 5910.58
 182080 31434.8 7758.67 3012.67 3608.82
 220768 64045.8 11018.9 2719.67 2321.05
 187158 65358.8 18646.5 3208.08 1467.57
 133100 56442.7 19411.6 5538.01 1388.67
 141790 35973.2 14897.1 5123.36 1828.18
 723934 42694.3 10666.2 4417.03 2061.15
 173241 222066 12914.5 3226.38 1959.57
 1.07038e+06 56647.7 71957.1 4184.75 1680.43
 635388 347290 18202.8 23122.2 1884.68
 481115 194549 104845 5495.29 7549.39
 756293 150894 60272.6 32481.6 4041.34
 1.00509e+06 246965 48824.1 19502.1 11817.5
 223753 317871 77202.1 15262.6 9790.63
 666202 75378.3 106362 25832.3 8382.98
 555060 227376 25578.7 36092.5 11610.5
 252588 188937 76935.2 8654.85 16140.9
 562120 87238 64938.3 26442.9 8522.38
 626480 191549 29552.6 21998.4 11844.8
 188457 215688 65611.6 10122.7 11592.4
 142388 65008 74033.6 22520.9 7453.6
 542036 47978.3 21757.2 24777.9 10032
pred_Ctot
 11134.8 2872.04 12350.8 643.631 0.019367
 11586 7216.8 1723.55 7411.86 386.263
 10801.1 3955.24 2276.01 543.567 2459.35
 30106 5532.42 1871.93 1077.19 1421.21
 8516.84 3591.03 608.285 205.817 274.697
 27623.4 6297.37 2459.46 416.608 329.099
 23315.4 19396.4 4085.5 1595.6 483.787
 1862.22 1198.69 916.231 192.987 98.2243
 6283.33 2643.63 1577.62 1205.87 383.269
 10136.4 2715.47 1054.41 629.233 633.826
 5066.5 940.668 232.174 90.1525 107.992
 27734 8607.2 1480.85 365.5 311.929
 21670.2 8100.12 2310.92 397.588 181.881
 22889.5 10356.6 3561.8 1016.16 254.805
 16535.4 4490.15 1859.45 639.494 228.192
 77178 4874.35 1217.74 504.287 235.319
 12290.4 16904 983.072 245.597 149.166
 80692.7 4581.07 5819.14 338.419 135.896
 68368.7 40016.5 2097.41 2664.25 217.162
 45431.4 19686.9 10609.5 556.084 763.945
 54238.6 11610.9 4637.82 2499.38 310.971
 90251.3 23770.4 4699.33 1877.08 1137.44
 12003.9 18314.6 4448.12 879.378 564.103
 30611.6 3721.31 5250.91 1275.3 413.854
 26384.7 11611.5 1306.24 1843.16 592.922
 9816.96 7892.47 3213.81 361.539 674.253
 26358 4394.78 3271.39 1332.11 429.331
 25537.2 8391.37 1294.64 963.707 518.897
 7464.55 9181.86 2793.1 430.927 493.491
 7620.77 3736.69 4255.49 1294.51 428.437
 29530.9 2807.16 1272.99 1449.73 586.962
F
 0.0626736 0.0674973 0.0674973 0.0674973 0.0674973
 0.111778 0.120381 0.120381 0.120381 0.120381
 0.1079 0.116204 0.116204 0.116204 0.116204
 0.159481 0.171755 0.171755 0.171755 0.171755
 0.0540278 0.058186 0.058186 0.058186 0.058186
 0.109249 0.117658 0.117658 0.117658 0.117658
 0.228226 0.245792 0.245792 0.245792 0.245792
 0.0344195 0.0370686 0.0370686 0.0370686 0.0370686
 0.133517 0.143793 0.143793 0.143793 0.143793
 0.169811 0.182881 0.182881 0.182881 0.182881
 0.044849 0.0483008 0.0483008 0.0483008 0.0483008
 0.217223 0.233941 0.233941 0.233941 0.233941
 0.198727 0.214022 0.214022 0.214022 0.214022
 0.308329 0.332059 0.332059 0.332059 0.332059
 0.200283 0.215698 0.215698 0.215698 0.215698
 0.181728 0.195714 0.195714 0.195714 0.195714
 0.117833 0.126902 0.126902 0.126902 0.126902
 0.125611 0.135279 0.135279 0.135279 0.135279
 0.183555 0.197682 0.197682 0.197682 0.197682
 0.159527 0.171805 0.171805 0.171805 0.171805
 0.119182 0.128355 0.128355 0.128355 0.128355
 0.151184 0.16282 0.16282 0.16282 0.16282
 0.0880242 0.094799 0.094799 0.094799 0.094799
 0.074989 0.0807605 0.0807605 0.0807605 0.0807605
 0.0776619 0.0836392 0.0836392 0.0836392 0.0836392
 0.0631183 0.0679762 0.0679762 0.0679762 0.0679762
 0.0765745 0.0824681 0.0824681 0.0824681 0.0824681
 0.0662865 0.0713882 0.0713882 0.0713882 0.0713882
 0.0643583 0.0693117 0.0693117 0.0693117 0.0693117
 0.0878079 0.094566 0.094566 0.094566 0.094566
 0.0894436 0.0963276 0.0963276 0.0963276 0.0963276
YTP_r0W_actual
 245107 39581 35134.5 49580.8 21893.7
YTP_p0W_proyectada
 430559 420409 54551.3 31411.7 54971.6
 430559 278626 176258 19674.5 13195.8
CTP_r0_actual
 29530.9 2807.16 1272.99 1449.73 586.962
CTP_p0_proyectada
 57484.5 26828.9 2358.47 1069.52 1624.94
 57484.5 17780.8 7620.32 669.885 390.063
Wmedp
 7.49 15.67 23.13 29.37 33.83
Frms_r0
 0.0894436 0.0963276 0.0963276 0.0963276 0.0963276
Zrms_r0
 1.08944 1.09633 1.09633 1.09633 1.09633
nmprior
 8.19 8.8 8.5 0
nm_flota  nm_reclas  nm_pelaces    nm_pelaL
inf 11.4875 16.9135 39.5098
cv_recla  cv_pelaces  cv_mph
0.373219 0.473699 0.880138
 ------------------------------------------------
Talla a la edad & desviaci?n 
 8 13.2811 15.8009 17.003 17.5766
 0.8 1.32811 1.58009 1.7003 1.75766
