years
 1991 1992 1993 1994 1995 1996 1997 1998 1999 2000 2001 2002 2003 2004 2005 2006 2007 2008 2009 2010 2011 2012 2013 2014 2015 2016 2017 2018 2019 2020 2021
reclasobs
 0 0 0 0 0 0 0 0 0 252601 567819 844713 477998 351125 339783 2.1784e+06 2.13404e+06 4.81314e+06 1.55562e+06 2.62356e+06 3.21686e+06 3.843e+06 1.13348e+06 3.07943e+06 1.97215e+06 2.03268e+06 2.025e+06 2.42433e+06 2.27542e+06 1.05018e+06 2.36338e+06
reclaspred
 6.32018e+06 1.82642e+06 1.01673e+06 802468 213191 3.74978e+06 1.96487e+06 862148 326725 252049 409728 842885 768926 576096 416781 1.84232e+06 873251 4.28416e+06 2.91878e+06 2.05871e+06 3.07189e+06 3.21576e+06 1.64609e+06 3.30664e+06 2.40237e+06 1.58374e+06 2.2048e+06 3.4233e+06 2.55117e+06 774478 1.49024e+06
pelacesobs
 0 0 0 0 0 0 0 0 0 0 0 0 0 0 0 552880 188675 0 991730 2.46772e+06 1.41603e+06 1.21717e+06 2.29649e+06 1.80582e+06 0 1.4828e+06 1.56532e+06 1.57751e+06 1.42118e+06 867257 1.10002e+06
pelacespred
 6.76404e+06 1.82767e+06 582104 325726 98890.1 2.01851e+06 1.28229e+06 853479 159726 86837.8 214155 351408 367673 245398 170007 745097 427307 2.25704e+06 1.6631e+06 994576 1.55327e+06 1.60264e+06 1.0345e+06 2.05112e+06 1.58638e+06 1.09371e+06 1.474e+06 2.31541e+06 1.90592e+06 582646 785575
mphobs
 0 0 0 0 0 0 0 0 0 0 0 498337 0 5186 125008 0 168611 109162 213762 579715 649985 157893 87575 83554 0 0 0 0 0 0 0
mphpred
 1.4971e+06 619013 114231 123610 56569.4 15503.5 539906 180866 72968.2 15144.7 15171.1 55330.8 78112.1 51632.9 27387.4 27597.6 212548 69074.4 506849 230275 254998 279210 368412 157340 388579 285530 151972 232774 528709 230341 51300.3
desembarqueobs
 494567 514787 250237 358949 120608 361735 552515 73892 212993 205616 52469 317467 293654 387597 252695 516296 358380 742168 942051 627588 828172 859565 418607 520667 417249 300574 415391 372974 316634 284311 391294
desembarquepred
 494497 514413 249971 358573 120519 361570 551910 73871.7 212746 205409 52454.2 317156 293302 386900 252365 515757 358102 741459 940381 626411 827584 858508 418186 520328 416798 300278 415019 372671 316279 283783 391023
Reclutas
 22369.8 14196.9 158871 58418.3 12334.2 320926 20158.5 5490.23 17901.6 46133.4 36976 109870 78300.9 67906.6 42482.6 255468 17921.9 432970 200504 206477 207017 408146 23510.4 175140 137566 35262.9 130834 181057 30581.7 16344.7 114360
log_desv_Rt
 -1.07138 -1.52607 0.888995 -0.111468 -1.66672 1.59211 -1.17547 -2.47613 -1.29421 -0.347561 -0.568828 0.520196 0.181462 0.0390351 -0.430002 1.364 -1.29308 1.89157 1.12174 1.15109 1.1537 1.83253 -1.02165 0.98649 0.745008 -0.616265 0.694835 1.01971 -0.758697 -1.38519 0.560256
SSB
 1.63705e+06 676878 124910 135165 61857.5 16952.7 590377 197773 79789.3 16560.4 16589.3 60503.1 85414.1 56459.5 29947.6 30177.5 232417 75531.5 554229 251801 278835 305310 402851 172048 424903 312222 166178 254534 578133 251873 56095.8
BT
 2.07263e+06 976511 426798 385870 128591 1.43343e+06 868160 296281 261797 237759 150725 430590 432153 524333 334626 809208 416141 1.87544e+06 1.5331e+06 916475 1.40363e+06 1.44714e+06 670125 1.48648e+06 943258 624475 1.12464e+06 1.44496e+06 825224 444569 776354
Ftot
 0.311512 1.02303 1.02406 1.6294 1.88747 0.448289 1.04486 0.345474 2.19735 2.79555 0.577536 1.51351 1.49905 2.3958 2.24899 1.21047 1.45942 0.776668 1.25322 1.2345 1.10506 1.11405 0.967679 0.694173 0.71863 0.758274 0.814897 0.487021 0.497293 1.31689 1.12913
BD_Bspro_t
 0.951535 0.626208 0.238648 0.263759 0.112073 0.04389 0.516086 0.240146 0.152744 0.0487664 0.0620688 0.244749 0.201277 0.124006 0.0675872 0.0709866 0.25537 0.102553 0.370593 0.19739 0.180931 0.194506 0.250586 0.142557 0.31876 0.304866 0.234549 0.349323 0.517771 0.32295 0.124363
BD_Bspro
 3.51196 1.4521 0.267968 0.289968 0.132703 0.0363686 1.26653 0.424283 0.171172 0.035527 0.0355891 0.129797 0.183239 0.121123 0.0642464 0.0647397 0.498603 0.162038 1.18899 0.540188 0.598184 0.654981 0.864235 0.369095 0.911544 0.669808 0.356501 0.546052 1.24027 0.540344 0.120342
BD_Bo
 1.14418 0.473087 0.0873025 0.09447 0.0432338 0.0118487 0.412629 0.138229 0.0557668 0.0115745 0.0115947 0.0422872 0.0596981 0.039461 0.0209311 0.0210918 0.162442 0.0527909 0.387365 0.17599 0.194885 0.213389 0.281563 0.120249 0.296976 0.21822 0.116146 0.1779 0.404072 0.176041 0.0392068
BD_Brms
 2.08032 0.860159 0.158732 0.171764 0.0786069 0.0215431 0.750235 0.251325 0.101394 0.0210445 0.0210813 0.0768858 0.108542 0.0717473 0.0380566 0.0383488 0.295349 0.0959835 0.7043 0.319982 0.354336 0.38798 0.511932 0.218635 0.539956 0.396763 0.211175 0.323455 0.734676 0.320074 0.0712851
Sel_flota
 0.689107 0.976806 0.998752 0.999934 0.999997
 0.689107 0.976806 0.998752 0.999934 0.999997
 0.689107 0.976806 0.998752 0.999934 0.999997
 0.689107 0.976806 0.998752 0.999934 0.999997
 0.689107 0.976806 0.998752 0.999934 0.999997
 0.689107 0.976806 0.998752 0.999934 0.999997
 0.689107 0.976806 0.998752 0.999934 0.999997
 0.689107 0.976806 0.998752 0.999934 0.999997
 0.689107 0.976806 0.998752 0.999934 0.999997
 0.689107 0.976806 0.998752 0.999934 0.999997
 0.689107 0.976806 0.998752 0.999934 0.999997
 0.689107 0.976806 0.998752 0.999934 0.999997
 0.689107 0.976806 0.998752 0.999934 0.999997
 0.689107 0.976806 0.998752 0.999934 0.999997
 0.689107 0.976806 0.998752 0.999934 0.999997
 0.689107 0.976806 0.998752 0.999934 0.999997
 0.689107 0.976806 0.998752 0.999934 0.999997
 0.689107 0.976806 0.998752 0.999934 0.999997
 0.689107 0.976806 0.998752 0.999934 0.999997
 0.689107 0.976806 0.998752 0.999934 0.999997
 0.689107 0.976806 0.998752 0.999934 0.999997
 0.689107 0.976806 0.998752 0.999934 0.999997
 0.689107 0.976806 0.998752 0.999934 0.999997
 0.689107 0.976806 0.998752 0.999934 0.999997
 0.689107 0.976806 0.998752 0.999934 0.999997
 0.689107 0.976806 0.998752 0.999934 0.999997
 0.689107 0.976806 0.998752 0.999934 0.999997
 0.689107 0.976806 0.998752 0.999934 0.999997
 0.689107 0.976806 0.998752 0.999934 0.999997
 0.689107 0.976806 0.998752 0.999934 0.999997
 0.689107 0.976806 0.998752 0.999934 0.999997
Sel_reclas
 0.815164 1 1 1 1
 0.815164 1 1 1 1
 0.815164 1 1 1 1
 0.815164 1 1 1 1
 0.815164 1 1 1 1
 0.815164 1 1 1 1
 0.815164 1 1 1 1
 0.815164 1 1 1 1
 0.815164 1 1 1 1
 0.815164 1 1 1 1
 0.815164 1 1 1 1
 0.815164 1 1 1 1
 0.815164 1 1 1 1
 0.815164 1 1 1 1
 0.815164 1 1 1 1
 0.815164 1 1 1 1
 0.815164 1 1 1 1
 0.815164 1 1 1 1
 0.815164 1 1 1 1
 0.815164 1 1 1 1
 0.815164 1 1 1 1
 0.815164 1 1 1 1
 0.815164 1 1 1 1
 0.815164 1 1 1 1
 0.815164 1 1 1 1
 0.815164 1 1 1 1
 0.815164 1 1 1 1
 0.815164 1 1 1 1
 0.815164 1 1 1 1
 0.815164 1 1 1 1
 0.815164 1 1 1 1
Sel_pelaces
 0.389736 0.762697 0.941776 0.987864 0.997565
 0.389736 0.762697 0.941776 0.987864 0.997565
 0.389736 0.762697 0.941776 0.987864 0.997565
 0.389736 0.762697 0.941776 0.987864 0.997565
 0.389736 0.762697 0.941776 0.987864 0.997565
 0.389736 0.762697 0.941776 0.987864 0.997565
 0.389736 0.762697 0.941776 0.987864 0.997565
 0.389736 0.762697 0.941776 0.987864 0.997565
 0.389736 0.762697 0.941776 0.987864 0.997565
 0.389736 0.762697 0.941776 0.987864 0.997565
 0.389736 0.762697 0.941776 0.987864 0.997565
 0.389736 0.762697 0.941776 0.987864 0.997565
 0.389736 0.762697 0.941776 0.987864 0.997565
 0.389736 0.762697 0.941776 0.987864 0.997565
 0.389736 0.762697 0.941776 0.987864 0.997565
 0.389736 0.762697 0.941776 0.987864 0.997565
 0.389736 0.762697 0.941776 0.987864 0.997565
 0.389736 0.762697 0.941776 0.987864 0.997565
 0.389736 0.762697 0.941776 0.987864 0.997565
 0.389736 0.762697 0.941776 0.987864 0.997565
 0.389736 0.762697 0.941776 0.987864 0.997565
 0.389736 0.762697 0.941776 0.987864 0.997565
 0.389736 0.762697 0.941776 0.987864 0.997565
 0.389736 0.762697 0.941776 0.987864 0.997565
 0.389736 0.762697 0.941776 0.987864 0.997565
 0.389736 0.762697 0.941776 0.987864 0.997565
 0.389736 0.762697 0.941776 0.987864 0.997565
 0.389736 0.762697 0.941776 0.987864 0.997565
 0.389736 0.762697 0.941776 0.987864 0.997565
 0.389736 0.762697 0.941776 0.987864 0.997565
 0.389736 0.762697 0.941776 0.987864 0.997565
pf_obs 
 0.8446 0.082 0.0669 0.0065 0
 0.8095 0.147 0.0364 0.0071 0
 0.9664 0.0169 0.016 0.0007 0
 0.9276 0.0648 0.0075 0.0001 0
 0.7033 0.2144 0.0806 0.0017 0
 0.9318 0.0425 0.0243 0.0014 0
 0.5671 0.3108 0.0964 0.0239 0.0018
 0.0768 0.2599 0.5324 0.112 0.0189
 0.490249 0.384438 0.106611 0.0170017 0.00170017
 0.7925 0.1577 0.0466 0.003 0.0002
 0.840416 0.127587 0.0312969 0.00059994 9.999e-05
 0.8084 0.0986 0.0794 0.0134 0.0002
 0.7335 0.1905 0.0724 0.0035 0.0001
 0.4001 0.4547 0.1325 0.0127 0
 0.49795 0.308269 0.164784 0.0264974 0.00249975
 0.9179 0.0499 0.0305 0.0017 0
 0.2467 0.6533 0.0926 0.0074 0
 0.9418 0.0223 0.034 0.0019 0
 0.707729 0.231977 0.0356964 0.0245975 0
 0.517169 0.277429 0.184464 0.0207286 0.00020938
 0.811772 0.124168 0.05621 0.00726502 0.000585176
 0.764997 0.148141 0.077277 0.00933861 0.000247198
 0.163321 0.427699 0.378323 0.0303852 0.000271297
 0.753843 0.0900009 0.118128 0.0371064 0.000921714
 0.721811 0.176058 0.0630433 0.0369309 0.00215725
 0.143369 0.312575 0.442814 0.0836902 0.0175525
 0.692698 0.0596174 0.167031 0.0765114 0.00414204
 0.394062 0.376323 0.152708 0.0712218 0.00568511
 0.125707 0.32114 0.495352 0.0537591 0.00404204
 0.23352 0.215282 0.420074 0.123614 0.00750983
 0.796117 0.104755 0.0508955 0.0450114 0.00322123
pf_pred 
 0.136733 0.182015 0.601005 0.0802466 9.63836e-07
 0.24368 0.145564 0.131411 0.422949 0.0563961
 0.945435 0.0196142 0.00693421 0.00603739 0.0219796
 0.616221 0.371436 0.00454517 0.00154943 0.00624762
 0.526396 0.358192 0.111869 0.00130663 0.00223563
 0.992589 0.00515278 0.00172872 0.000513216 1.62049e-05
 0.153624 0.842251 0.00289214 0.000943956 0.000288661
 0.207558 0.185978 0.603615 0.00199881 0.000850211
 0.731005 0.076666 0.0460543 0.145588 0.000686186
 0.959898 0.0345656 0.00164553 0.000933764 0.00295669
 0.917076 0.0815839 0.00116646 5.18907e-05 0.000122219
 0.90234 0.0922878 0.00528822 7.34099e-05 1.09395e-05
 0.808517 0.181075 0.00985945 0.000540385 8.59868e-06
 0.834413 0.147091 0.0175319 0.000913135 5.07232e-05
 0.874084 0.115996 0.00886985 0.000995056 5.45273e-05
 0.982904 0.0160573 0.000961416 6.94018e-05 8.18699e-06
 0.260476 0.732306 0.0067958 0.000391184 3.15027e-05
 0.981901 0.00713971 0.010857 9.64812e-05 5.98697e-06
 0.62904 0.366843 0.00165592 0.00243773 2.29672e-05
 0.798755 0.151058 0.0496528 0.000215341 0.000319311
 0.815061 0.162044 0.0173534 0.00548225 5.89023e-05
 0.888916 0.0981851 0.0113544 0.00117113 0.000373206
 0.196904 0.748944 0.0480711 0.00535367 0.00072668
 0.897072 0.029917 0.0682484 0.00422897 0.000533894
 0.710189 0.270589 0.00571098 0.0126305 0.000879976
 0.410339 0.469317 0.112602 0.0023031 0.00543927
 0.873588 0.0668195 0.0477382 0.0110929 0.000761379
 0.818639 0.166658 0.00789329 0.00545755 0.00135283
 0.294735 0.615576 0.082606 0.00380485 0.00327791
 0.390484 0.238039 0.325396 0.0424473 0.00363386
 0.952725 0.0255939 0.00868151 0.0113903 0.00160949
pobs_RECLAS
 0 0 0 0 0
 0 0 0 0 0
 0 0 0 0 0
 0 0 0 0 0
 0 0 0 0 0
 0 0 0 0 0
 0 0 0 0 0
 0 0 0 0 0
 0 0 0 0 0
 0 0 0 0 0
 0.991045 0.00858322 0.000360255 1.14367e-05 0
 0.934742 0.0480273 0.0164251 0.00080598 0
 0.827803 0.169806 0.00239088 0 0
 0.941827 0.0461693 0.0120037 0 0
 0.791401 0.0380133 0.147996 0.0225897 0
 0.846168 0.0940531 0.0597789 0 0
 0.134021 0.677848 0.182769 0.00536245 0
 0.80878 0.0450904 0.141981 0.00414843 0
 0.846168 0.0940531 0.0597789 0 0
 0.905697 0.0802665 0.012482 0.00150086 5.37128e-05
 0.989698 0.0102097 9.19794e-05 0 0
 0.975433 0.0193895 0.00387452 0.00125025 5.28907e-05
 0.303575 0.632131 0.0575291 0.00676475 0
 0.966965 0.00978017 0.0227588 0.000495775 0
 0.843318 0.132988 0.00938335 0.0141283 0.000182051
 0.564624 0.303363 0.111486 0.0197234 0.00080311
 0.826376 0.0876187 0.0782897 0.00655872 0.00115652
 0.89761 0.0855135 0.0140674 0.00269457 0.000114338
 0.34875 0.467042 0.161289 0.0227151 0.000203297
 0.318654 0.224769 0.449479 0.00709798 0
 0.937255 0.0296025 0.0250945 0.00804832 0
ppred_RECLAS
 0.158314 0.180719 0.583192 0.0777732 9.34068e-07
 0.284254 0.140765 0.123848 0.39806 0.0530735
 0.955083 0.0164251 0.00565912 0.00492044 0.0179119
 0.668967 0.320695 0.00381119 0.00129719 0.00523011
 0.589739 0.312612 0.0946563 0.00110375 0.00188834
 0.993715 0.00440098 0.00144241 0.000427683 1.35033e-05
 0.179832 0.816274 0.00273139 0.00089026 0.000272221
 0.23736 0.18216 0.577757 0.00191084 0.000812738
 0.786017 0.0625064 0.0363211 0.114615 0.000540152
 0.971124 0.0250238 0.00114681 0.000649438 0.00205617
 0.928771 0.0701044 0.000978744 4.34848e-05 0.000102413
 0.920219 0.075509 0.00420521 5.82868e-05 8.68515e-06
 0.840391 0.151164 0.00800024 0.000437818 6.96607e-06
 0.871718 0.114391 0.0131684 0.000684589 3.80241e-05
 0.902177 0.0903537 0.00668058 0.000748105 4.0991e-05
 0.985971 0.0131981 0.000769379 5.54601e-05 6.54185e-06
 0.304301 0.689095 0.0062172 0.000357339 2.87749e-05
 0.984967 0.00601891 0.00893021 7.92543e-05 4.91765e-06
 0.674899 0.321591 0.00141303 0.00207718 1.95687e-05
 0.830045 0.12842 0.041093 0.000177962 0.000263865
 0.842772 0.138212 0.0144189 0.00454883 4.887e-05
 0.906854 0.0825795 0.00930265 0.000958167 0.000305317
 0.227981 0.721194 0.0451255 0.00501879 0.000681176
 0.913099 0.0256971 0.0572164 0.0035408 0.000446984
 0.744391 0.239052 0.00492392 0.0108757 0.000757665
 0.45397 0.436758 0.102251 0.00208866 0.00493248
 0.892895 0.0572817 0.0399227 0.00926455 0.000635844
 0.84151 0.145922 0.00675076 0.00466174 0.00115548
 0.329892 0.586632 0.0768915 0.0035372 0.00304713
 0.444654 0.220531 0.293336 0.0382093 0.0032708
 0.961198 0.0212678 0.00702689 0.00920648 0.00130081
pobs_PELACES
 0 0 0 0 0
 0 0 0 0 0
 0 0 0 0 0
 0 0 0 0 0
 0 0 0 0 0
 0 0 0 0 0
 0 0 0 0 0
 0 0 0 0 0
 0 0 0 0 0
 0 0 0 0 0
 0 0 0 0 0
 0 0 0 0 0
 0 0 0 0 0
 0 0 0 0 0
 0 0 0 0 0
 0 0 0 0 0
 0.505614 0.472636 0.0217494 0 0
 0 0 0 0 0
 0.443492 0.261883 0.143347 0.151278 0
 0.227955 0.32914 0.350689 0.0885471 0.00366901
 0.970185 0.0296113 0.000203453 0 0
 0.997202 0.00247181 0.000326279 0 0
 0.445219 0.490057 0.0546422 0.010081 0
 0.90214 0.0892962 0.00764917 0.000914606 0
 0 0 0 0 0
 0.581667 0.319106 0.0959925 0.00289975 0.000334073
 0.762889 0.0836404 0.116647 0.0363945 0.000428098
 0.88444 0.0763242 0.0277011 0.0115352 0
 0.521256 0.241999 0.230069 0.00667565 0
 0.616807 0.101726 0.260614 0.0208532 0
 0.833518 0.0704572 0.0857862 0.0102388 0
ppred_PELACES
 0.0927643 0.164001 0.652035 0.0911981 1.10605e-06
 0.183626 0.131634 0.141951 0.478382 0.0644078
 0.925741 0.0230439 0.00973135 0.00887166 0.032612
 0.594592 0.389537 0.00564922 0.00201561 0.00820619
 0.506002 0.357683 0.131917 0.00161232 0.00278541
 0.989728 0.00670109 0.00270315 0.000840577 2.68e-05
 0.131647 0.86323 0.00353983 0.00120973 0.000373532
 0.146283 0.173308 0.677051 0.00234851 0.00100869
 0.705556 0.072652 0.0513059 0.169679 0.000807469
 0.963739 0.0303806 0.00168476 0.000999679 0.00319596
 0.895856 0.102115 0.00175304 8.16792e-05 0.000194254
 0.891887 0.10112 0.00687799 9.99397e-05 1.50375e-05
 0.78995 0.196599 0.0127092 0.000729131 1.17147e-05
 0.839362 0.13996 0.0195528 0.00106524 5.97448e-05
 0.8756 0.112994 0.0101495 0.00119114 6.5904e-05
 0.979904 0.0186529 0.00133096 0.000100589 1.19812e-05
 0.239122 0.752048 0.00829022 0.000499522 4.0618e-05
 0.97493 0.00882819 0.0160831 0.000149675 9.3782e-06
 0.593774 0.400719 0.00215448 0.00332048 3.1588e-05
 0.765435 0.168021 0.0657979 0.000298752 0.0004473
 0.783868 0.184646 0.0235964 0.00780508 8.46746e-05
 0.86859 0.113512 0.0156627 0.00169146 0.00054426
 0.166571 0.766797 0.0588305 0.00686066 0.000940288
 0.858058 0.036065 0.0986587 0.00640248 0.000816162
 0.657624 0.314676 0.00796192 0.0184412 0.00129733
 0.348612 0.497872 0.143138 0.00306603 0.00731157
 0.835532 0.0791416 0.0677082 0.0164762 0.00114188
 0.773531 0.204308 0.01163 0.00842254 0.00210813
 0.239139 0.647092 0.104354 0.00503451 0.00437953
 0.333048 0.232531 0.378295 0.0516609 0.00446558
 0.939249 0.0297824 0.0120516 0.0165552 0.00236204
pobs_pel_tallas
 0 0 0 0 0 0 0 0 0 0 0 0 0 0 0 0 0 0 0 0 0 0 0 0 0 0
 0 0 0 0 0 0 0 0 0 0 0 0 0 0 0 0 0 0 0 0 0 0 0 0 0 0
 0 0 0 0 0 0 0 0 0 0 0 0 0 0 0 0 0 0 0 0 0 0 0 0 0 0
 0 0 0 0 0 0 0 0 0 0 0 0 0 0 0 0 0 0 0 0 0 0 0 0 0 0
 0 0 0 0 0 0 0 0 0 0 0 0 0 0 0 0 0 0 0 0 0 0 0 0 0 0
 0 0 0 0 0 0 0 0 0 0 0 0 0 0 0 0 0 0 0 0 0 0 0 0 0 0
 0 0 0 0 0 0 0 0 0 0 0 0 0 0 0 0 0 0 0 0 0 0 0 0 0 0
 0 0 0 0 0 0 0 0 0 0 0 0 0 0 0 0 0 0 0 0 0 0 0 0 0 0
 0 0 0 0 0 0 0 0 0 0 0 0 0 0 0 0 0 0 0 0 0 0 0 0 0 0
 0 0 0 0 0 0 0 0 0 0 0 0 0 0 0 0 0 0 0 0 0 0 0 0 0 0
 0 0 0 0 0 0 0 0 0 0 0 0 0 0 0 0 0 0 0 0 0 0 0 0 0 0
 0 0 0 0 0 0 0 0 0 0 0 0 0 0 0 0 0 0 0 0 0 0 0 0 0 0
 0.00862536 0 0 0.000197151 0.00414017 0.0128641 0.00837892 0.0270097 0.101434 0.158115 0.152841 0.127902 0.109271 0.109419 0.0830992 0.0579132 0.0238553 0.00714673 0.00463305 0.00128148 0.00103504 0.000492878 0.000147863 0.000147863 4.92878e-05 0
 0 0 0 0 0 0 0 0 0 0 0 0 0 0 0 0 0 0 0 0 0 0 0 0 0 0
 0 0 0 0 0 0 0 0.0054083 0.00873648 0.0413646 0.0450493 0.0745869 0.0622846 0.0627006 0.0613931 0.0827291 0.12552 0.122667 0.0946155 0.0697135 0.0546179 0.0294188 0.0215738 0.0213955 0.0102223 0.00600262
 0 0 0 0 0.00359764 0.0251062 0.0480494 0.140153 0.205849 0.193036 0.1447 0.116669 0.0760912 0.0342217 0.00950174 0.001854 0.000860785 0 0 0 0.000165536 0 0.000143464 0 0 0
 0 0 0 0 0 0 0 0.000145254 0.000435761 0.0275982 0.070085 0.0708112 0.156366 0.174668 0.174014 0.160142 0.0824315 0.0480064 0.0283245 0.00493863 0.00203355 0 0 0 0 0
 0 0 0 0 0 0 0 0 0 0 0 0 0 0 0 0 0 0 0 0 0 0 0 0 0 0
 0 0 1.00437e-05 0.000401748 0.00122533 0.00171747 0.00176769 0.0269171 0.070346 0.194647 0.189555 0.159765 0.064822 0.0314167 0.0384472 0.0292271 0.0345202 0.0313363 0.0194345 0.0106764 0.0143323 0.0359363 0.0279516 0.0138201 0.00172751 0
 0 0.0021121 0.0136068 0.0755702 0.200478 0.177729 0.0527432 0.0373336 0.0318909 0.0142505 0.0149659 0.0166563 0.0217959 0.0798694 0.0677717 0.0528807 0.04013 0.0224614 0.0357745 0.0225083 0.00881397 0.00855152 0.00135912 0.000746735 0 0
 0 0 0 0 5.4009e-05 0.00500934 0.000945158 0.0243581 0.138947 0.33067 0.221406 0.137944 0.0707744 0.0437923 0.0131692 0.00525238 0.0047753 0.00276346 9.45158e-05 9.00151e-06 2.25038e-05 9.00151e-06 4.50075e-06 0 0 0
 0.000866109 0.00284123 0.00948549 0.0512746 0.133035 0.25785 0.225252 0.132002 0.0553304 0.0519788 0.0540692 0.017754 0.00435017 0.00159236 0.00146478 0.000404838 0.000125132 0.000115318 0.000107957 0.000100596 0 0 0 0 0 0
 0 0 0 0 0.00144013 0.00171154 0.00461396 0.0210425 0.0478622 0.0707936 0.0888783 0.103762 0.0637923 0.0337046 0.0602308 0.124433 0.169614 0.0934646 0.0462172 0.0250306 0.0313229 0.00938855 0.002487 0.000210481 0 0
 0 0.00764035 0.051015 0.0998891 0.058973 0.0496711 0.0374665 0.0718981 0.12319 0.153886 0.159021 0.0857701 0.0377988 0.023471 0.0147837 0.00900784 0.00315554 0.000888139 0.00291439 0.00214683 0.00393193 0.00274676 0.000635225 9.99891e-05 0 0
 0 0 0 0 0 0 0 0 0 0 0 0 0 0 0 0 0 0 0 0 0 0 0 0 0 0
 0 0 0 0 0 0 0 0 0 0 0 0 0 0 0 0 0 0 0 0 0 0 0 0 0 0
 0 0 0 0 0 0 0 0 0 0 0 0 0 0 0 0 0 0 0 0 0 0 0 0 0 0
 0 0 0 0 0 0 0 0 0 0 0 0 0 0 0 0 0 0 0 0 0 0 0 0 0 0
 0 0 0 0 0 0 0 0 0 0 0 0 0 0 0 0 0 0 0 0 0 0 0 0 0 0
 0 0 0 0 0 0 0 0 0 0 0 0 0 0 0 0 0 0 0 0 0 0 0 0 0 0
 0 0 0 0 0 0 0 0 0 0 0 0 0 0 0 0 0 0 0 0 0 0 0 0 0 0
ppred_pel_tallas
 1.28005e-16 7.64091e-06 7.42724e-05 0.000493567 0.00224369 0.00698106 0.0148745 0.0217133 0.0217301 0.0149571 0.00726129 0.00306591 0.00260572 0.00484495 0.00953642 0.0169756 0.0273013 0.0402724 0.0554535 0.0723667 0.0901962 0.10717 0.120334 0.12633 0.122927 0.110284
 1.63005e-16 1.5125e-05 0.000147021 0.000977006 0.00444133 0.0138187 0.0294427 0.0429752 0.0429883 0.0295067 0.0140348 0.0050707 0.00257763 0.00371284 0.00700712 0.0121658 0.019028 0.0273068 0.0369549 0.0485644 0.0632015 0.0815087 0.102594 0.123559 0.140149 0.148253
 1.06696e-16 7.62521e-05 0.000741197 0.00492552 0.0223907 0.0696657 0.14843 0.216639 0.216641 0.148441 0.0697026 0.0224974 0.00519453 0.00133235 0.00121102 0.0019151 0.00283672 0.00376328 0.00455624 0.00520802 0.00587121 0.00676847 0.00803375 0.00959537 0.0111744 0.0123887
 1.01854e-16 4.89758e-05 0.000476063 0.00316361 0.0143813 0.0447458 0.0953371 0.139155 0.139193 0.0955201 0.0453601 0.0161547 0.0076112 0.0101725 0.0184271 0.0302889 0.0434007 0.0541037 0.058711 0.0555389 0.0459455 0.0334848 0.0218716 0.0133088 0.00812613 0.00547388
 1.04532e-16 4.16788e-05 0.000405132 0.00269225 0.0122386 0.038079 0.0811326 0.118423 0.118457 0.0813017 0.0386471 0.0138811 0.00682101 0.00943717 0.0172501 0.028594 0.0415136 0.0528754 0.059472 0.0597552 0.054662 0.0468097 0.0387733 0.0318511 0.0260445 0.0208416
 1.00169e-16 8.15226e-05 0.000792429 0.00526597 0.0239383 0.074481 0.15869 0.231612 0.231613 0.158693 0.0744917 0.0239691 0.00534348 0.000962104 0.000405165 0.000544446 0.000784927 0.00100484 0.00114101 0.00116587 0.00109769 0.000984327 0.000870443 0.000774608 0.000690296 0.000602575
 1.00508e-16 1.08438e-05 0.000105406 0.000700462 0.00318425 0.00990783 0.0211127 0.0308321 0.0309151 0.0215182 0.0112688 0.00711274 0.010552 0.02158 0.0407023 0.0670289 0.0959861 0.119505 0.129371 0.121806 0.0997917 0.0712152 0.0443771 0.0242844 0.0118313 0.00530024
 1.19989e-16 1.20492e-05 0.000117122 0.00077832 0.00353814 0.0110086 0.0234556 0.0342378 0.0342555 0.0235426 0.0113036 0.00440305 0.00299738 0.00511975 0.00997543 0.0176732 0.0282402 0.0412735 0.0561221 0.0720832 0.0881715 0.10257 0.112476 0.114926 0.108298 0.0934216
 1.18653e-16 5.81157e-05 0.000564906 0.003754 0.0170651 0.053096 0.113127 0.165113 0.165121 0.113162 0.0532135 0.0174063 0.00461712 0.00247266 0.00375342 0.00631139 0.00957708 0.0131424 0.0167046 0.0203095 0.0243682 0.029301 0.0350364 0.0407604 0.0451305 0.0468347
 1.00698e-16 7.93819e-05 0.00077162 0.00512769 0.0233097 0.0725252 0.154523 0.225531 0.225534 0.154537 0.0725732 0.0234482 0.00547522 0.0015298 0.00151793 0.00238038 0.00341383 0.0042786 0.00469027 0.00452497 0.00389343 0.00307134 0.00233794 0.00184526 0.00159287 0.00148788
 1.00118e-16 7.37905e-05 0.00071727 0.00476651 0.0216679 0.0674169 0.143639 0.209648 0.209657 0.143687 0.0675779 0.0221327 0.00593237 0.00325895 0.0048909 0.00794257 0.0113726 0.0141711 0.0153641 0.0145047 0.0119426 0.00860453 0.00546369 0.00310448 0.00162862 0.000834445
 1.00237e-16 7.34636e-05 0.000714092 0.00474539 0.0215719 0.0671181 0.143003 0.208719 0.208728 0.14305 0.0672778 0.0220328 0.00590172 0.00323625 0.00485721 0.00789707 0.0113295 0.0141632 0.015441 0.0147203 0.012335 0.0091766 0.00617478 0.00387863 0.00237639 0.00147888
 1.00493e-16 6.50672e-05 0.000632476 0.00420303 0.0191064 0.0594471 0.126659 0.184867 0.184886 0.126752 0.0597575 0.0200024 0.00645099 0.00553556 0.00936436 0.0153451 0.0220205 0.0275249 0.030002 0.0285927 0.0239485 0.0178059 0.0119756 0.00752603 0.00462659 0.0029045
 1.00718e-16 6.91372e-05 0.000672038 0.00446593 0.0203015 0.0631655 0.134581 0.196428 0.196442 0.134647 0.0633868 0.0209406 0.00607006 0.00417346 0.00671765 0.0109924 0.0158185 0.0198692 0.0218382 0.0211157 0.018142 0.0141006 0.0102097 0.00716553 0.00505643 0.00363121
 1.00453e-16 7.2122e-05 0.000701051 0.00465873 0.0211779 0.0658925 0.140391 0.204907 0.204918 0.140444 0.0660709 0.0216933 0.00595182 0.00352219 0.00542499 0.00884127 0.0126978 0.0159008 0.017387 0.0166644 0.0141023 0.0106845 0.00743098 0.00493475 0.00327944 0.00224964
 1.00056e-16 8.07134e-05 0.000784563 0.00521369 0.0237007 0.0737417 0.157115 0.229314 0.229315 0.157123 0.0737711 0.0237857 0.00542702 0.00124989 0.00096337 0.001462 0.00209135 0.0026151 0.00285291 0.00272311 0.00228731 0.00170965 0.00116103 0.000741865 0.000467601 0.000302762
 1.00489e-16 1.96963e-05 0.000191455 0.00127229 0.00578369 0.0179956 0.0383442 0.0559797 0.056052 0.0386975 0.0191815 0.00920677 0.00985679 0.0189053 0.0354834 0.0584274 0.0836887 0.104238 0.112924 0.106455 0.0874119 0.0626419 0.0393426 0.0218498 0.0109346 0.00511673
 1.00484e-16 8.03037e-05 0.00078058 0.00518723 0.0235804 0.0733674 0.156317 0.228149 0.22815 0.156321 0.0733818 0.0236224 0.00529371 0.00101662 0.000539075 0.000791307 0.00119509 0.00163298 0.00203995 0.00237858 0.00264188 0.00282981 0.002921 0.00287208 0.00264887 0.00226118
 1.00504e-16 4.89085e-05 0.000475408 0.00315925 0.0143615 0.0446843 0.095206 0.138964 0.139003 0.0953942 0.0453161 0.0161853 0.00773288 0.0104454 0.0189418 0.0311272 0.0445775 0.0555161 0.0601334 0.0566805 0.0465441 0.0333835 0.0210412 0.0118239 0.00612523 0.00312984
 1.02048e-16 6.30479e-05 0.000612848 0.00407259 0.0185134 0.0576022 0.122728 0.179129 0.179145 0.122808 0.0578692 0.0192854 0.00601335 0.00485927 0.00815605 0.0134568 0.0195469 0.0249248 0.0280848 0.0282967 0.0259887 0.0223695 0.0186247 0.0153467 0.0125354 0.00996797
 1.01526e-16 6.45662e-05 0.000627606 0.00417067 0.0189593 0.0589894 0.125684 0.183443 0.183461 0.125771 0.0592813 0.0198023 0.00628677 0.00524651 0.00883505 0.0144996 0.0208707 0.0262239 0.0288462 0.0279465 0.0241214 0.0189437 0.0140187 0.0102425 0.00768922 0.00597621
 1.00743e-16 7.15446e-05 0.000695439 0.00462144 0.0210084 0.065365 0.139267 0.203267 0.203278 0.139321 0.0655444 0.0215267 0.00592247 0.00353531 0.00546406 0.00891738 0.0128323 0.0161217 0.0177274 0.0171575 0.0147723 0.0115334 0.00842815 0.00601611 0.00436008 0.00324547
 1.02741e-16 1.37204e-05 0.000133367 0.000886277 0.00402893 0.0125359 0.0267118 0.0390021 0.0390759 0.0270725 0.0137467 0.00752501 0.00965773 0.0192676 0.0363119 0.0599006 0.0860308 0.10764 0.117526 0.11235 0.0946388 0.071122 0.0487898 0.0317307 0.0205448 0.0137571
 1.03637e-16 7.06771e-05 0.000687006 0.0045654 0.0207536 0.0645723 0.137578 0.2008 0.200804 0.137596 0.0646324 0.0209291 0.00501272 0.00168671 0.00203715 0.00343257 0.00534822 0.00757798 0.00993225 0.0122754 0.0145128 0.0164804 0.0178585 0.018243 0.0173587 0.0152547
 1.0238e-16 5.41677e-05 0.000526529 0.00349897 0.0159058 0.0494891 0.105443 0.153903 0.153934 0.105591 0.0499856 0.0173392 0.00709431 0.00836685 0.0149201 0.0245177 0.0351694 0.0439306 0.0478496 0.0455897 0.0382543 0.0286888 0.0198289 0.0133578 0.00944094 0.0073208
 1.05803e-16 2.87148e-05 0.000279118 0.00185484 0.00843188 0.026235 0.0558981 0.081595 0.0816431 0.0561332 0.0270245 0.0107137 0.00758766 0.0128106 0.0238769 0.0395532 0.057263 0.0725998 0.0810488 0.0804616 0.0722475 0.0602595 0.0483471 0.0385387 0.0309145 0.0246539
 1.0382e-16 6.88217e-05 0.000668971 0.00444555 0.0202088 0.0628772 0.133967 0.19553 0.195538 0.134005 0.0630043 0.0205771 0.00537434 0.00271141 0.00399153 0.00660443 0.00977531 0.0128546 0.0152166 0.0165565 0.0170189 0.0169912 0.0167477 0.01626 0.015302 0.0137053
 1.0159e-16 6.37148e-05 0.00061933 0.00411567 0.0187092 0.0582115 0.124026 0.181024 0.181044 0.124123 0.058534 0.0196405 0.00645204 0.00571558 0.00973059 0.0159551 0.0229068 0.0286593 0.0312995 0.0299553 0.0253251 0.0192261 0.0135306 0.00930943 0.00667146 0.00515142
 1.04423e-16 1.96977e-05 0.000191469 0.00127238 0.0057841 0.0179968 0.0383464 0.0559808 0.0560432 0.0386512 0.0190204 0.00874059 0.00869414 0.0163949 0.0307975 0.0508937 0.0733327 0.0922497 0.101651 0.0987297 0.0854977 0.0673646 0.0498704 0.0361388 0.0265145 0.0198235
 1.16913e-16 2.74327e-05 0.000266656 0.00177202 0.00805538 0.0250634 0.0534011 0.0779452 0.0779682 0.0535135 0.0254426 0.00915758 0.00456521 0.00645189 0.0120313 0.0205171 0.0311152 0.0423862 0.052773 0.0614036 0.0682893 0.073668 0.0771539 0.0775936 0.0738192 0.0656195
 1.02416e-16 7.73647e-05 0.000752012 0.00499739 0.0227174 0.0706823 0.150596 0.2198 0.219803 0.15061 0.0707297 0.0228548 0.00534319 0.00151018 0.00152717 0.00242913 0.00355723 0.00461738 0.00537374 0.00573685 0.00581443 0.00582407 0.0059311 0.00614027 0.00631134 0.0062636
pSPR Fmed_Fpbrs
0.233375   0.6 0.325
Fs Fmed_Fpbrs
1.02224   0.300535 0.74448
SSBpbr Bo_Bmed_Bpbrs
1.43077e+06  262367  786922 393461
Ro
65306.9
SPR SPRFo_SPRFmed_SPRFpbrs
466136 108784 151494
Fref
0.300535
Nvult_r0
 95037.9 2130.18 715.013 937.589 132.481
CTP_r0
 41588.6 1117.23 378.967 497.212 70.2577
YTP_r0
391023
Np
 93850.9 28067.3 5299.94 80.7273 33.5077
Nvult_p0
 65783.5 20368.7 3855.77 58.7379 24.3807
CTP_p0
 11286.4 3182.26 49.7586 16.2548 23.8151
 11286.4 4622.52 890.157 13.5728 5.63401
YTP_p0
 136835 178148
CBA_c0
149229
log_Ro
10.9069
likeval ReclasPelacesDesembMPH_pf_preclas_ppelaces_ptallas_desvR_qrecl_qpela
 14.6576 17.711 0.180582 0.000897197 289.016 117.853 112.219 0 57.4725 0.000103617 0.000274321 0.0037892 8.41196e-16 0 0
q_reclas_q_pelaces
4.231 10.5525
M
1
N
 22369.8 21769.8 70492.9 9402.49 0.112927
 14196.9 6639.57 5907.57 18999 2533.23
 158871 2580.66 899.193 782.296 2847.89
 58418.3 28858.5 349.147 118.951 479.621
 12334.2 6992.25 2161.5 25.2325 43.1714
 320926 1235.79 407.022 120.717 3.81146
 20158.5 86685.9 293.41 95.6923 29.2614
 5490.23 3609.63 11492.2 38.0163 16.1696
 17901.6 1591.86 947.568 2994.03 14.1111
 46133.4 1448.72 68.4614 38.8338 122.962
 36976 2472.19 34.7342 1.54374 3.63582
 109870 9136.57 517.35 7.17721 1.06951
 78300.9 14243.9 766.349 41.9761 0.667908
 67906.6 10252.8 1211.73 63.0836 3.50411
 42482.6 4793.05 363.244 40.7309 2.23193
 255468 3317.8 195.996 14.1383 1.66777
 17921.9 40811.1 374.152 21.5233 1.73325
 432970 2411.68 3608.82 32.0424 1.98825
 200504 93266.5 415.476 611.208 5.7583
 206477 31100.8 10087.6 43.7185 64.8242
 207017 32443.1 3425.9 1081.5 11.6194
 408146 35562.6 4055.43 417.981 133.193
 23510.4 69680.9 4406.51 490.366 66.557
 175140 4439.81 9961.14 616.691 77.8516
 137566 39934 829.061 1831.96 127.628
 35262.9 30842.5 7280.98 148.794 351.392
 130834 7692.93 5409.77 1256.01 86.2045
 181057 27450.4 1276.73 881.903 218.597
 30581.7 47617.6 6275.52 288.775 248.769
 16344.7 7986.18 10777.3 1404.93 120.27
 114360 2426.44 811.692 1064.17 150.365
pred_Ctot
 2779.97 3700.6 12219.2 1631.52 0.0195961
 4803.12 2869.19 2590.22 8336.67 1111.61
 53789.5 1115.93 394.515 343.491 1250.5
 27200.8 16395.7 200.63 68.3938 275.778
 6274.41 4269.49 1333.43 15.5744 26.6477
 55283.1 286.988 96.2827 28.584 0.902547
 6927.55 37980.7 130.419 42.567 13.0169
 749.619 671.677 2180.02 7.21892 3.07062
 9908.92 1039.22 624.276 1973.48 9.30138
 28741.6 1034.97 49.2709 27.9591 88.5302
 7925.44 705.054 10.0806 0.448444 1.05622
 48818.4 4992.96 286.104 3.97163 0.591848
 34576.4 7743.72 421.642 23.1097 0.367725
 39305.8 6928.85 825.855 43.014 2.38936
 23804.9 3159.05 241.562 27.0994 1.485
 97622.8 1594.83 95.4886 6.89305 0.813138
 7777.13 21864.8 202.905 11.6797 0.940589
 118428 861.128 1309.48 11.6367 0.722095
 78502.1 45780.8 206.653 304.221 2.86623
 79997.5 15128.9 4972.87 21.5669 31.9798
 74120.3 14736 1578.08 498.546 5.35648
 146993 16236.1 1877.59 193.661 61.7141
 7629.4 29019.2 1862.6 207.438 28.1565
 43749.3 1459.02 3328.41 206.243 26.0375
 35346.8 13467.5 284.241 628.63 43.7972
 9462.01 10822 2596.49 53.1073 125.424
 37178 2843.7 2031.64 472.089 32.4027
 33530.4 6826.08 323.299 223.534 55.41
 5766.94 12044.7 1616.31 74.4478 64.1373
 6621.58 4036.52 5517.85 719.794 61.6207
 41588.6 1117.23 378.967 497.212 70.2577
F
 0.214665 0.304287 0.311123 0.311491 0.311511
 0.704979 0.999305 1.02176 1.02297 1.02303
 0.705687 1.00031 1.02278 1.02399 1.02406
 1.12283 1.5916 1.62736 1.62929 1.62939
 1.30067 1.84369 1.88511 1.88734 1.88746
 0.308919 0.437891 0.447729 0.448259 0.448287
 0.720021 1.02063 1.04356 1.04479 1.04486
 0.238068 0.337461 0.345043 0.345451 0.345473
 1.51421 2.14639 2.19461 2.19721 2.19734
 1.92643 2.73071 2.79206 2.79537 2.79554
 0.397984 0.56414 0.576815 0.577498 0.577534
 1.04297 1.4784 1.51162 1.51341 1.5135
 1.033 1.46428 1.49718 1.49895 1.49904
 1.65096 2.34024 2.39281 2.39565 2.3958
 1.54979 2.19683 2.24618 2.24884 2.24898
 0.834142 1.18239 1.20896 1.21039 1.21046
 1.0057 1.42557 1.4576 1.45933 1.45942
 0.535207 0.758654 0.775698 0.776617 0.776665
 0.8636 1.22415 1.25165 1.25313 1.25321
 0.850703 1.20587 1.23296 1.23442 1.2345
 0.761506 1.07943 1.10368 1.10499 1.10506
 0.767699 1.08821 1.11266 1.11398 1.11405
 0.666834 0.945235 0.966471 0.967615 0.967676
 0.478359 0.678072 0.693307 0.694128 0.694171
 0.495212 0.701962 0.717733 0.718582 0.718627
 0.522532 0.740686 0.757327 0.758224 0.758271
 0.561551 0.795997 0.81388 0.814844 0.814895
 0.335609 0.475725 0.486413 0.486989 0.487019
 0.342688 0.485759 0.496672 0.49726 0.497291
 0.907478 1.28635 1.31525 1.3168 1.31689
 0.778093 1.10294 1.12772 1.12906 1.12913
YTP_r0W_actual
 345185 15752.9 10459.5 17004.7 2620.61
YTP_p0W_proyectada
 84535.1 49866.1 1150.92 477.403 805.665
 84535.1 72434.9 20589.3 398.633 190.599
CTP_r0_actual
 41588.6 1117.23 378.967 497.212 70.2577
CTP_p0_proyectada
 11286.4 3182.26 49.7586 16.2548 23.8151
 11286.4 4622.52 890.157 13.5728 5.63401
Wmedp
 7.49 15.67 23.13 29.37 33.83
Frms_r0
 0.778093 1.10294 1.12772 1.12906 1.12913
Zrms_r0
 1.77809 2.10294 2.12772 2.12906 2.12913
nmprior
 8.19 8.8 8.5 0
nm_flota  nm_reclas  nm_pelaces    nm_pelaL
inf 17.8282 5.7438 9.70419
cv_recla  cv_pelaces  cv_mph
0.346303 0.477193 0.924377
 ------------------------------------------------
Talla a la edad & desviaci?n 
 8 13.2811 15.8009 17.003 17.5766
 0.8 1.32811 1.58009 1.7003 1.75766
