years
 1991 1992 1993 1994 1995 1996 1997 1998 1999 2000 2001 2002 2003 2004 2005 2006 2007 2008 2009 2010 2011 2012 2013 2014 2015 2016 2017 2018 2019 2020 2021
reclasobs
 0 0 0 0 0 0 0 0 0 252601 567819 844713 477998 351125 339783 2.1784e+06 2.13404e+06 4.81314e+06 1.55562e+06 2.62356e+06 3.21686e+06 3.843e+06 1.13348e+06 3.07943e+06 1.97215e+06 2.03268e+06 2.025e+06 2.42433e+06 2.27542e+06 1.05018e+06 2.36338e+06
reclaspred
 3.35887e+06 1.96215e+06 999241 968852 956727 1.40974e+06 1.03097e+06 943543 699130 533637 512811 617186 632314 548191 563044 1.23273e+06 1.30393e+06 2.49562e+06 2.13399e+06 1.65944e+06 2.97169e+06 2.42491e+06 2.03181e+06 3.01898e+06 2.3002e+06 2.03301e+06 2.34332e+06 2.42952e+06 2.07536e+06 1.38462e+06 1.91107e+06
pelacesobs
 0 0 0 0 0 0 0 0 0 0 0 0 0 0 0 552880 188675 0 991730 2.46772e+06 1.41603e+06 1.21717e+06 2.29649e+06 1.80582e+06 0 1.4828e+06 1.56532e+06 1.57751e+06 1.42118e+06 867257 1.10002e+06
pelacespred
 1.90064e+06 1.26302e+06 665250 523408 511649 778332 570886 580510 440857 327402 312991 324665 359844 344534 352493 630331 657550 1.40739e+06 1.29279e+06 947359 1.55016e+06 1.44579e+06 1.16551e+06 1.85293e+06 1.39075e+06 1.21158e+06 1.57632e+06 1.61708e+06 1.13893e+06 873654 1.19973e+06
mphobs
 0 0 0 0 0 0 0 0 0 0 0 498337 0 5186 125008 0 168611 109162 213762 579715 649985 157893 87575 83554 0 0 0 0 0 0 0
mphpred
 486872 329526 173330 92886.3 102442 109845 144659 108288 91860.2 68022.5 47072.1 57680.4 63998 58687.8 47102.6 56897.6 143958 147227 244595 200388 219071 269074 257720 219909 293283 242716 200569 209079 281519 202453 132510
desembarqueobs
 494567 514787 250237 358949 120608 361735 552515 73892 212993 205616 52469 317467 293654 387597 252695 516296 358380 742168 942051 627588 828172 859565 418607 520667 417249 300574 415391 372974 316634 284311 391294
desembarquepred
 494570 512889 251213 358959 120610 361741 552542 73893.5 213013 205635 52470.1 317506 293689 387642 252701 516292 358391 742133 941986 627549 828205 859590 418614 520677 417251 300576 415392 372970 316634 284316 391295
Reclutas
 366864 223636 211130 421219 337137 551792 234227 117173 105411 134698 240818 283664 242429 173618 188251 942439 232259 1.36577e+06 818580 617238 995850 1.31958e+06 298007 896237 741450 338224 754760 840977 252521 191196 729690
log_desv_Rt
 -0.031965 -0.526935 -0.584481 0.106198 -0.116466 0.376216 -0.480665 -1.1733 -1.27909 -1.03392 -0.452916 -0.289165 -0.446248 -0.780098 -0.699179 0.911516 -0.489102 1.28252 0.770616 0.488299 0.966641 1.24811 -0.239838 0.861249 0.671652 -0.113247 0.689444 0.797609 -0.405461 -0.683656 0.655664
SSB
 8.93114e+06 6.0448e+06 3.17955e+06 1.7039e+06 1.87919e+06 2.01499e+06 2.65362e+06 1.98643e+06 1.68508e+06 1.2478e+06 863487 1.05808e+06 1.17397e+06 1.07657e+06 864047 1.04372e+06 2.64075e+06 2.70073e+06 4.48683e+06 3.6759e+06 4.01863e+06 4.93587e+06 4.72759e+06 4.03399e+06 5.37997e+06 4.45236e+06 3.67922e+06 3.83533e+06 5.16416e+06 3.71379e+06 2.43076e+06
BT
 1.14419e+07 7.83897e+06 4.11804e+06 3.34421e+06 3.06266e+06 4.8244e+06 3.81024e+06 3.43037e+06 2.76798e+06 2.09999e+06 1.86163e+06 2.15454e+06 2.3567e+06 2.40399e+06 2.29919e+06 4.07921e+06 4.0958e+06 8.81867e+06 8.41593e+06 6.06577e+06 9.6646e+06 9.19903e+06 7.12751e+06 1.12298e+07 8.44953e+06 7.29469e+06 9.56572e+06 9.75124e+06 6.86606e+06 5.34183e+06 7.33442e+06
Ftot
 0.0478831 0.0847023 0.0815269 0.120379 0.0411639 0.0837428 0.172606 0.0255852 0.0989772 0.124855 0.0335589 0.166428 0.150401 0.227485 0.145853 0.136632 0.089278 0.0971588 0.142984 0.122691 0.090822 0.115237 0.0670014 0.0564837 0.0591365 0.0482113 0.0580226 0.0503196 0.0496111 0.0667595 0.0670831
BD_Bspro_t
 0.992368 0.940536 0.870766 0.822949 0.816426 0.851934 0.845953 0.76698 0.79958 0.783339 0.768248 0.855739 0.787675 0.736873 0.678502 0.718514 0.802687 0.798132 0.833697 0.781693 0.76585 0.798531 0.809582 0.810778 0.866512 0.870918 0.875249 0.890945 0.909499 0.881565 0.852804
BD_Bspro
 3.30344 2.23584 1.17605 0.630236 0.695071 0.745304 0.981517 0.73474 0.623275 0.461535 0.319386 0.391363 0.434228 0.398199 0.319593 0.386052 0.976759 0.998943 1.65958 1.35964 1.48641 1.82567 1.74864 1.49209 1.98994 1.64683 1.36087 1.41861 1.91012 1.37365 0.899088
BD_Bo
 2.24098 1.51674 0.797805 0.427538 0.47152 0.505597 0.665838 0.49843 0.422815 0.313094 0.216664 0.265492 0.29457 0.270129 0.216804 0.261889 0.66261 0.67766 1.12582 0.922346 1.00834 1.23849 1.18623 1.0122 1.34993 1.11717 0.92318 0.962349 1.29578 0.931853 0.60992
BD_Brms
 4.0745 2.75772 1.45055 0.777341 0.857309 0.919266 1.21061 0.906236 0.768754 0.569263 0.393934 0.482712 0.535582 0.491143 0.394189 0.476161 1.20475 1.23211 2.04695 1.67699 1.83335 2.25181 2.15679 1.84036 2.45441 2.03122 1.67851 1.74973 2.35596 1.69428 1.10895
Sel_flota
 0.982298 1 1 1 1
 0.982298 1 1 1 1
 0.982298 1 1 1 1
 0.982298 1 1 1 1
 0.982298 1 1 1 1
 0.982298 1 1 1 1
 0.982298 1 1 1 1
 0.982298 1 1 1 1
 0.982298 1 1 1 1
 0.982298 1 1 1 1
 0.982298 1 1 1 1
 0.982298 1 1 1 1
 0.982298 1 1 1 1
 0.982298 1 1 1 1
 0.982298 1 1 1 1
 0.982298 1 1 1 1
 0.982298 1 1 1 1
 0.982298 1 1 1 1
 0.982298 1 1 1 1
 0.982298 1 1 1 1
 0.982298 1 1 1 1
 0.982298 1 1 1 1
 0.982298 1 1 1 1
 0.982298 1 1 1 1
 0.982298 1 1 1 1
 0.982298 1 1 1 1
 0.982298 1 1 1 1
 0.982298 1 1 1 1
 0.982298 1 1 1 1
 0.982298 1 1 1 1
 0.982298 1 1 1 1
Sel_reclas
 1 1 1 1 1
 1 1 1 1 1
 1 1 1 1 1
 1 1 1 1 1
 1 1 1 1 1
 1 1 1 1 1
 1 1 1 1 1
 1 1 1 1 1
 1 1 1 1 1
 1 1 1 1 1
 1 1 1 1 1
 1 1 1 1 1
 1 1 1 1 1
 1 1 1 1 1
 1 1 1 1 1
 1 1 1 1 1
 1 1 1 1 1
 1 1 1 1 1
 1 1 1 1 1
 1 1 1 1 1
 1 1 1 1 1
 1 1 1 1 1
 1 1 1 1 1
 1 1 1 1 1
 1 1 1 1 1
 1 1 1 1 1
 1 1 1 1 1
 1 1 1 1 1
 1 1 1 1 1
 1 1 1 1 1
 1 1 1 1 1
Sel_pelaces
 1 1 1 1 1
 1 1 1 1 1
 1 1 1 1 1
 1 1 1 1 1
 1 1 1 1 1
 1 1 1 1 1
 1 1 1 1 1
 1 1 1 1 1
 1 1 1 1 1
 1 1 1 1 1
 1 1 1 1 1
 1 1 1 1 1
 1 1 1 1 1
 1 1 1 1 1
 1 1 1 1 1
 1 1 1 1 1
 1 1 1 1 1
 1 1 1 1 1
 1 1 1 1 1
 1 1 1 1 1
 1 1 1 1 1
 1 1 1 1 1
 1 1 1 1 1
 1 1 1 1 1
 1 1 1 1 1
 1 1 1 1 1
 1 1 1 1 1
 1 1 1 1 1
 1 1 1 1 1
 1 1 1 1 1
 1 1 1 1 1
pf_obs 
 0.8446 0.082 0.0669 0.0065 0
 0.8095 0.147 0.0364 0.0071 0
 0.9664 0.0169 0.016 0.0007 0
 0.9276 0.0648 0.0075 0.0001 0
 0.7033 0.2144 0.0806 0.0017 0
 0.9318 0.0425 0.0243 0.0014 0
 0.5671 0.3108 0.0964 0.0239 0.0018
 0.0768 0.2599 0.5324 0.112 0.0189
 0.490249 0.384438 0.106611 0.0170017 0.00170017
 0.7925 0.1577 0.0466 0.003 0.0002
 0.840416 0.127587 0.0312969 0.00059994 9.999e-05
 0.8084 0.0986 0.0794 0.0134 0.0002
 0.7335 0.1905 0.0724 0.0035 0.0001
 0.4001 0.4547 0.1325 0.0127 0
 0.49795 0.308269 0.164784 0.0264974 0.00249975
 0.9179 0.0499 0.0305 0.0017 0
 0.2467 0.6533 0.0926 0.0074 0
 0.9418 0.0223 0.034 0.0019 0
 0.707729 0.231977 0.0356964 0.0245975 0
 0.517169 0.277429 0.184464 0.0207286 0.00020938
 0.811772 0.124168 0.05621 0.00726502 0.000585176
 0.764997 0.148141 0.077277 0.00933861 0.000247198
 0.163321 0.427699 0.378323 0.0303852 0.000271297
 0.753843 0.0900009 0.118128 0.0371064 0.000921714
 0.721811 0.176058 0.0630433 0.0369309 0.00215725
 0.143369 0.312575 0.442814 0.0836902 0.0175525
 0.692698 0.0596174 0.167031 0.0765114 0.00414204
 0.394062 0.376323 0.152708 0.0712218 0.00568511
 0.125707 0.32114 0.495352 0.0537591 0.00404204
 0.23352 0.215282 0.420074 0.123614 0.00750983
 0.796117 0.104755 0.0508955 0.0450114 0.00322123
pf_pred 
 0.402566 0.101678 0.472093 0.0236629 6.88041e-07
 0.409956 0.240141 0.0595503 0.276493 0.0138592
 0.531882 0.194034 0.111549 0.027662 0.134873
 0.756052 0.130887 0.0468634 0.0269416 0.0392558
 0.646345 0.268623 0.0456231 0.0163351 0.0230743
 0.747604 0.164187 0.0670001 0.0113794 0.00982952
 0.480652 0.390094 0.0840817 0.0343113 0.0108612
 0.434577 0.27455 0.218481 0.0470918 0.0252999
 0.519748 0.210848 0.130813 0.104099 0.0344921
 0.66375 0.176351 0.0702017 0.0435543 0.0461437
 0.782891 0.145032 0.0378018 0.0150481 0.0192273
 0.71894 0.220904 0.0401846 0.0104739 0.00949682
 0.660409 0.245486 0.0739639 0.0134548 0.00668666
 0.596115 0.268484 0.097879 0.0294906 0.00803069
 0.685332 0.189112 0.0834644 0.0304279 0.0116643
 0.914143 0.0591985 0.0160216 0.00707114 0.00356607
 0.40812 0.541952 0.0344253 0.00931694 0.00618578
 0.876214 0.0510826 0.0665709 0.00422865 0.00190428
 0.607514 0.3447 0.01972 0.0256991 0.00236757
 0.586699 0.25299 0.140792 0.00805461 0.0114638
 0.74198 0.152576 0.0645445 0.0359199 0.00497967
 0.742699 0.191834 0.0387125 0.0163766 0.0103773
 0.335209 0.496151 0.125732 0.025373 0.0175351
 0.74436 0.0867534 0.126045 0.0319416 0.0109006
 0.635969 0.272242 0.0311492 0.045257 0.0153827
 0.452584 0.350475 0.147283 0.0168517 0.0328061
 0.740744 0.118515 0.0901071 0.0378664 0.012767
 0.701054 0.222498 0.0349473 0.0265704 0.0149306
 0.372654 0.442212 0.137791 0.0216425 0.0257012
 0.444615 0.209358 0.243912 0.0760017 0.0261135
 0.830228 0.0762619 0.0352496 0.0410675 0.0171931
pobs_RECLAS
 0 0 0 0 0
 0 0 0 0 0
 0 0 0 0 0
 0 0 0 0 0
 0 0 0 0 0
 0 0 0 0 0
 0 0 0 0 0
 0 0 0 0 0
 0 0 0 0 0
 0 0 0 0 0
 0.991045 0.00858322 0.000360255 1.14367e-05 0
 0.934742 0.0480273 0.0164251 0.00080598 0
 0.827803 0.169806 0.00239088 0 0
 0.941827 0.0461693 0.0120037 0 0
 0.791401 0.0380133 0.147996 0.0225897 0
 0.846168 0.0940531 0.0597789 0 0
 0.134021 0.677848 0.182769 0.00536245 0
 0.80878 0.0450904 0.141981 0.00414843 0
 0.846168 0.0940531 0.0597789 0 0
 0.905697 0.0802665 0.012482 0.00150086 5.37128e-05
 0.989698 0.0102097 9.19794e-05 0 0
 0.975433 0.0193895 0.00387452 0.00125025 5.28907e-05
 0.303575 0.632131 0.0575291 0.00676475 0
 0.966965 0.00978017 0.0227588 0.000495775 0
 0.843318 0.132988 0.00938335 0.0141283 0.000182051
 0.564624 0.303363 0.111486 0.0197234 0.00080311
 0.826376 0.0876187 0.0782897 0.00655872 0.00115652
 0.89761 0.0855135 0.0140674 0.00269457 0.000114338
 0.34875 0.467042 0.161289 0.0227151 0.000203297
 0.318654 0.224769 0.449479 0.00709798 0
 0.937255 0.0296025 0.0250945 0.00804832 0
ppred_RECLAS
 0.406886 0.100942 0.468679 0.0234918 6.83065e-07
 0.414315 0.238367 0.0591103 0.274451 0.0137568
 0.536358 0.192178 0.110483 0.0273975 0.133584
 0.759367 0.129109 0.0462266 0.0265755 0.0387224
 0.650431 0.265519 0.045096 0.0161463 0.0228077
 0.750984 0.161989 0.0661029 0.011227 0.00969789
 0.485184 0.38669 0.0833478 0.0340119 0.0107665
 0.43898 0.272412 0.21678 0.0467251 0.0251029
 0.524244 0.208874 0.129589 0.103124 0.0341692
 0.667769 0.174243 0.0693625 0.0430336 0.0455921
 0.78592 0.143009 0.0372744 0.0148382 0.018959
 0.722591 0.218035 0.0396626 0.0103378 0.00937346
 0.664458 0.242558 0.0730819 0.0132943 0.00660692
 0.600504 0.265567 0.0968154 0.0291701 0.00794342
 0.689222 0.186773 0.0824325 0.0300517 0.0115201
 0.915551 0.0582272 0.0157587 0.00695511 0.00350755
 0.412476 0.537964 0.034172 0.00924838 0.00614027
 0.878154 0.0502817 0.0655272 0.00416236 0.00187443
 0.61182 0.340917 0.0195036 0.0254171 0.00234159
 0.591071 0.250314 0.139303 0.0079694 0.0113425
 0.745412 0.150547 0.063686 0.0354421 0.00491344
 0.746133 0.189274 0.038196 0.0161581 0.0102388
 0.339224 0.493154 0.124973 0.0252198 0.0174292
 0.74776 0.0855995 0.124368 0.0315168 0.0107556
 0.640115 0.269142 0.0307945 0.0447416 0.0152075
 0.457031 0.347628 0.146087 0.0167149 0.0325396
 0.744176 0.116946 0.0889142 0.0373651 0.012598
 0.7048 0.21971 0.0345094 0.0262375 0.0147435
 0.376857 0.439249 0.136868 0.0214976 0.025529
 0.449055 0.207684 0.241962 0.0753941 0.0259047
 0.832745 0.0751312 0.034727 0.0404586 0.0169382
pobs_PELACES
 0 0 0 0 0
 0 0 0 0 0
 0 0 0 0 0
 0 0 0 0 0
 0 0 0 0 0
 0 0 0 0 0
 0 0 0 0 0
 0 0 0 0 0
 0 0 0 0 0
 0 0 0 0 0
 0 0 0 0 0
 0 0 0 0 0
 0 0 0 0 0
 0 0 0 0 0
 0 0 0 0 0
 0 0 0 0 0
 0.505614 0.472636 0.0217494 0 0
 0 0 0 0 0
 0.443492 0.261883 0.143347 0.151278 0
 0.227955 0.32914 0.350689 0.0885471 0.00366901
 0.970185 0.0296113 0.000203453 0 0
 0.997202 0.00247181 0.000326279 0 0
 0.445219 0.490057 0.0546422 0.010081 0
 0.90214 0.0892962 0.00764917 0.000914606 0
 0 0 0 0 0
 0.581667 0.319106 0.0959925 0.00289975 0.000334073
 0.762889 0.0836404 0.116647 0.0363945 0.000428098
 0.88444 0.0763242 0.0277011 0.0115352 0
 0.521256 0.241999 0.230069 0.00667565 0
 0.616807 0.101726 0.260614 0.0208532 0
 0.833518 0.0704572 0.0857862 0.0102388 0
ppred_PELACES
 0.406954 0.100931 0.468625 0.0234891 6.82987e-07
 0.414435 0.238318 0.0590982 0.274394 0.013754
 0.536476 0.192129 0.110454 0.0273905 0.133549
 0.759495 0.12904 0.0462019 0.0265614 0.0387018
 0.650485 0.265478 0.0450889 0.0161438 0.0228041
 0.751075 0.161929 0.0660787 0.0112228 0.00969433
 0.485436 0.3865 0.083307 0.0339952 0.0107612
 0.439017 0.272394 0.216766 0.0467221 0.0251013
 0.524388 0.208811 0.12955 0.103093 0.0341589
 0.667931 0.174158 0.0693287 0.0430127 0.0455699
 0.785953 0.142987 0.0372686 0.0148359 0.0189561
 0.722786 0.217882 0.0396348 0.0103306 0.00936688
 0.664654 0.242417 0.0730393 0.0132865 0.00660306
 0.600823 0.265355 0.0967381 0.0291468 0.00793708
 0.689405 0.186664 0.0823841 0.030034 0.0115133
 0.915613 0.0581846 0.0157472 0.00695003 0.00350499
 0.412602 0.537848 0.0341647 0.00924639 0.00613894
 0.878215 0.0502566 0.0654946 0.00416028 0.00187349
 0.612019 0.340743 0.0194936 0.0254041 0.00234039
 0.591245 0.250208 0.139244 0.00796603 0.0113377
 0.745513 0.150487 0.0636608 0.0354281 0.00491149
 0.74626 0.189179 0.0381768 0.01615 0.0102337
 0.339312 0.493089 0.124956 0.0252164 0.0174269
 0.747822 0.0855784 0.124338 0.031509 0.010753
 0.640194 0.269082 0.0307877 0.0447317 0.0152042
 0.457101 0.347583 0.146068 0.0167127 0.0325354
 0.744241 0.116917 0.0888918 0.0373557 0.0125948
 0.704861 0.219664 0.0345023 0.026232 0.0147404
 0.376925 0.439201 0.136853 0.0214952 0.0255262
 0.449152 0.207648 0.241919 0.0753809 0.0259002
 0.8328 0.0751067 0.0347156 0.0404454 0.0169327
pobs_pel_tallas
 0 0 0 0 0 0 0 0 0 0 0 0 0 0 0 0 0 0 0 0 0 0 0 0 0 0
 0 0 0 0 0 0 0 0 0 0 0 0 0 0 0 0 0 0 0 0 0 0 0 0 0 0
 0 0 0 0 0 0 0 0 0 0 0 0 0 0 0 0 0 0 0 0 0 0 0 0 0 0
 0 0 0 0 0 0 0 0 0 0 0 0 0 0 0 0 0 0 0 0 0 0 0 0 0 0
 0 0 0 0 0 0 0 0 0 0 0 0 0 0 0 0 0 0 0 0 0 0 0 0 0 0
 0 0 0 0 0 0 0 0 0 0 0 0 0 0 0 0 0 0 0 0 0 0 0 0 0 0
 0 0 0 0 0 0 0 0 0 0 0 0 0 0 0 0 0 0 0 0 0 0 0 0 0 0
 0 0 0 0 0 0 0 0 0 0 0 0 0 0 0 0 0 0 0 0 0 0 0 0 0 0
 0 0 0 0 0 0 0 0 0 0 0 0 0 0 0 0 0 0 0 0 0 0 0 0 0 0
 0 0 0 0 0 0 0 0 0 0 0 0 0 0 0 0 0 0 0 0 0 0 0 0 0 0
 0 0 0 0 0 0 0 0 0 0 0 0 0 0 0 0 0 0 0 0 0 0 0 0 0 0
 0 0 0 0 0 0 0 0 0 0 0 0 0 0 0 0 0 0 0 0 0 0 0 0 0 0
 0.00862536 0 0 0.000197151 0.00414017 0.0128641 0.00837892 0.0270097 0.101434 0.158115 0.152841 0.127902 0.109271 0.109419 0.0830992 0.0579132 0.0238553 0.00714673 0.00463305 0.00128148 0.00103504 0.000492878 0.000147863 0.000147863 4.92878e-05 0
 0 0 0 0 0 0 0 0 0 0 0 0 0 0 0 0 0 0 0 0 0 0 0 0 0 0
 0 0 0 0 0 0 0 0.0054083 0.00873648 0.0413646 0.0450493 0.0745869 0.0622846 0.0627006 0.0613931 0.0827291 0.12552 0.122667 0.0946155 0.0697135 0.0546179 0.0294188 0.0215738 0.0213955 0.0102223 0.00600262
 0 0 0 0 0.00359764 0.0251062 0.0480494 0.140153 0.205849 0.193036 0.1447 0.116669 0.0760912 0.0342217 0.00950174 0.001854 0.000860785 0 0 0 0.000165536 0 0.000143464 0 0 0
 0 0 0 0 0 0 0 0.000145254 0.000435761 0.0275982 0.070085 0.0708112 0.156366 0.174668 0.174014 0.160142 0.0824315 0.0480064 0.0283245 0.00493863 0.00203355 0 0 0 0 0
 0 0 0 0 0 0 0 0 0 0 0 0 0 0 0 0 0 0 0 0 0 0 0 0 0 0
 0 0 1.00437e-05 0.000401748 0.00122533 0.00171747 0.00176769 0.0269171 0.070346 0.194647 0.189555 0.159765 0.064822 0.0314167 0.0384472 0.0292271 0.0345202 0.0313363 0.0194345 0.0106764 0.0143323 0.0359363 0.0279516 0.0138201 0.00172751 0
 0 0.0021121 0.0136068 0.0755702 0.200478 0.177729 0.0527432 0.0373336 0.0318909 0.0142505 0.0149659 0.0166563 0.0217959 0.0798694 0.0677717 0.0528807 0.04013 0.0224614 0.0357745 0.0225083 0.00881397 0.00855152 0.00135912 0.000746735 0 0
 0 0 0 0 5.4009e-05 0.00500934 0.000945158 0.0243581 0.138947 0.33067 0.221406 0.137944 0.0707744 0.0437923 0.0131692 0.00525238 0.0047753 0.00276346 9.45158e-05 9.00151e-06 2.25038e-05 9.00151e-06 4.50075e-06 0 0 0
 0.000866109 0.00284123 0.00948549 0.0512746 0.133035 0.25785 0.225252 0.132002 0.0553304 0.0519788 0.0540692 0.017754 0.00435017 0.00159236 0.00146478 0.000404838 0.000125132 0.000115318 0.000107957 0.000100596 0 0 0 0 0 0
 0 0 0 0 0.00144013 0.00171154 0.00461396 0.0210425 0.0478622 0.0707936 0.0888783 0.103762 0.0637923 0.0337046 0.0602308 0.124433 0.169614 0.0934646 0.0462172 0.0250306 0.0313229 0.00938855 0.002487 0.000210481 0 0
 0 0.00764035 0.051015 0.0998891 0.058973 0.0496711 0.0374665 0.0718981 0.12319 0.153886 0.159021 0.0857701 0.0377988 0.023471 0.0147837 0.00900784 0.00315554 0.000888139 0.00291439 0.00214683 0.00393193 0.00274676 0.000635225 9.99891e-05 0 0
 0 0 0 0 0 0 0 0 0 0 0 0 0 0 0 0 0 0 0 0 0 0 0 0 0 0
 0 0 0 0 0 0 0 0 0 0 0 0 0 0 0 0 0 0 0 0 0 0 0 0 0 0
 0 0 0 0 0 0 0 0 0 0 0 0 0 0 0 0 0 0 0 0 0 0 0 0 0 0
 0 0 0 0 0 0 0 0 0 0 0 0 0 0 0 0 0 0 0 0 0 0 0 0 0 0
 0 0 0 0 0 0 0 0 0 0 0 0 0 0 0 0 0 0 0 0 0 0 0 0 0 0
 0 0 0 0 0 0 0 0 0 0 0 0 0 0 0 0 0 0 0 0 0 0 0 0 0 0
 0 0 0 0 0 0 0 0 0 0 0 0 0 0 0 0 0 0 0 0 0 0 0 0 0 0
ppred_pel_tallas
 1.15906e-16 3.35203e-05 0.000325829 0.00216525 0.00984291 0.030625 0.0652502 0.0952368 0.0952472 0.0653015 0.0307994 0.0103556 0.00348608 0.00332132 0.0060502 0.0108016 0.0175359 0.0261604 0.0364434 0.0480266 0.0601962 0.0715205 0.0798202 0.0828153 0.0792019 0.069437
 1.31612e-16 3.41365e-05 0.000331819 0.00220506 0.0100239 0.0311881 0.0664505 0.0969913 0.0970144 0.0665634 0.0315679 0.0111229 0.0049718 0.0064 0.0116471 0.0194485 0.0286388 0.0374466 0.0442208 0.0485332 0.0515534 0.0552105 0.0607118 0.0675468 0.0736549 0.0765225
 1.28584e-16 4.41889e-05 0.000429532 0.00285439 0.0129757 0.0403722 0.0860179 0.12555 0.125568 0.0861093 0.0406794 0.0138653 0.00509591 0.00535146 0.00947825 0.015833 0.0233719 0.0306403 0.0362432 0.0397082 0.0418177 0.0440232 0.047373 0.0517805 0.0560886 0.0587292
 1.1058e-16 6.25586e-05 0.000608092 0.00404099 0.0183697 0.0571552 0.121776 0.177738 0.17775 0.121837 0.0573605 0.0189635 0.00553448 0.00387891 0.00630622 0.0104126 0.0152041 0.0195838 0.0225014 0.0235388 0.0231736 0.0224282 0.0221728 0.0226246 0.0233483 0.0236317
 1.06848e-16 5.35797e-05 0.000520814 0.00346099 0.0157332 0.0489519 0.104298 0.152232 0.152257 0.104423 0.0493721 0.0169471 0.00650912 0.00717836 0.0127081 0.0209533 0.0302509 0.0382034 0.042414 0.0418082 0.037282 0.0310827 0.0254312 0.0214534 0.019043 0.0174327
 1.04715e-16 6.18651e-05 0.000601351 0.00399619 0.0181661 0.0565216 0.120426 0.175768 0.175784 0.120502 0.0567791 0.0189109 0.00586905 0.0047012 0.00788174 0.01302 0.0189558 0.0242704 0.0275522 0.028142 0.0264872 0.023757 0.021048 0.0188269 0.0169441 0.0150272
 1.07734e-16 3.99848e-05 0.000388667 0.00258283 0.0117412 0.0365314 0.0778354 0.113611 0.113648 0.0780177 0.0371437 0.0135104 0.00702655 0.0100984 0.0185074 0.0306048 0.0442545 0.0560182 0.0624167 0.0618585 0.0555675 0.0466862 0.0383057 0.031973 0.0275526 0.0240799
 1.15259e-16 3.61613e-05 0.000351501 0.00233585 0.0106184 0.033038 0.070392 0.102745 0.102771 0.0705219 0.0334749 0.011884 0.00552703 0.00736543 0.0134969 0.0226231 0.0334481 0.0438764 0.051759 0.056074 0.0573933 0.0571704 0.0564816 0.0553141 0.0528713 0.0484306
 1.19912e-16 4.31932e-05 0.000419853 0.00279007 0.0126833 0.0394625 0.0840798 0.122721 0.122741 0.0841792 0.0397968 0.0136515 0.00523038 0.00578082 0.0103257 0.0172727 0.0255286 0.0335132 0.0396746 0.0434031 0.0453705 0.0469073 0.0489077 0.051159 0.0525435 0.0518142
 1.14071e-16 5.50166e-05 0.000534781 0.00355381 0.0161551 0.0502647 0.107095 0.156311 0.156328 0.107177 0.050542 0.0169573 0.00557228 0.00495723 0.00850264 0.0141007 0.0206258 0.0266362 0.0307284 0.0323387 0.0320906 0.031317 0.0311285 0.0317582 0.0325895 0.0326797
 1.05808e-16 6.47379e-05 0.000629275 0.00418176 0.0190097 0.0591462 0.126018 0.18393 0.183943 0.126085 0.059373 0.0196652 0.00582905 0.00423118 0.00692301 0.01139 0.0165162 0.02102 0.0236501 0.0238569 0.022119 0.0195942 0.017377 0.0159436 0.0151131 0.0143908
 1.03821e-16 5.9535e-05 0.000578701 0.00384567 0.0174819 0.0543927 0.11589 0.16915 0.169171 0.115993 0.0547376 0.0184782 0.00634748 0.00604293 0.0104453 0.017196 0.0248184 0.0313234 0.0347255 0.034116 0.0301956 0.0247783 0.0196772 0.015846 0.0132729 0.0114369
 1.0462e-16 5.47467e-05 0.000532158 0.00353638 0.0160759 0.0500181 0.10657 0.155547 0.15557 0.106684 0.0504028 0.0171877 0.00633017 0.0066411 0.0116863 0.0193105 0.0279929 0.0355802 0.0399035 0.0399489 0.0364216 0.0311872 0.0260677 0.0219568 0.0187762 0.0160184
 1.07126e-16 4.9489e-05 0.000481051 0.00319676 0.014532 0.0452146 0.0963354 0.14061 0.140635 0.0964609 0.0456363 0.0157513 0.00626229 0.00718945 0.0128381 0.0212723 0.0309368 0.0395333 0.0447413 0.0454846 0.0425216 0.037812 0.0332023 0.0294898 0.0264301 0.0233831
 1.07386e-16 5.67854e-05 0.000551974 0.00366806 0.0166745 0.0518807 0.110538 0.161337 0.161355 0.110626 0.0521779 0.0175342 0.00583082 0.00528934 0.00910138 0.015082 0.0220173 0.0283179 0.0323987 0.0335374 0.032264 0.0298967 0.0276151 0.0258256 0.0242081 0.0222153
 1.0176e-16 7.54179e-05 0.000733088 0.00487163 0.0221457 0.0689036 0.146807 0.21427 0.214275 0.146834 0.0689959 0.0224125 0.00554201 0.00219892 0.00286642 0.00463835 0.00671971 0.00854767 0.00960549 0.0096618 0.008901 0.00778364 0.00674911 0.00599568 0.00546852 0.00499789
 1.0309e-16 3.39856e-05 0.000330352 0.00219531 0.00997958 0.0310505 0.0661582 0.0965707 0.0966225 0.0664111 0.0318996 0.0124312 0.00834597 0.0137465 0.0254817 0.0419893 0.0602888 0.0754059 0.0822942 0.0786328 0.0662325 0.0498589 0.0344506 0.0228757 0.0155047 0.0112095
 1.02638e-16 7.23374e-05 0.000703145 0.00467265 0.0212412 0.0660892 0.14081 0.205518 0.205523 0.140834 0.0661706 0.0214774 0.00526994 0.00202151 0.00261849 0.00432458 0.00647872 0.00867907 0.0105497 0.011888 0.0127253 0.0131963 0.0133426 0.0130459 0.0121435 0.0106046
 1.03594e-16 5.04112e-05 0.000490015 0.00325632 0.0148028 0.0460572 0.0981309 0.143232 0.143265 0.0982912 0.0465952 0.0163563 0.00715393 0.00899262 0.0161815 0.0266282 0.038256 0.0479108 0.0524245 0.050364 0.04291 0.0330909 0.0239998 0.0173632 0.0132842 0.0109138
 1.068e-16 4.87001e-05 0.000473382 0.00314579 0.0143003 0.0444938 0.0947996 0.138368 0.138392 0.0949183 0.0448928 0.015455 0.00605184 0.00684298 0.0122209 0.0203221 0.0297247 0.0383248 0.0439751 0.0456317 0.0438744 0.0403153 0.0364281 0.0327796 0.029135 0.0250861
 1.0626e-16 6.14069e-05 0.000596897 0.00396659 0.0180316 0.0561029 0.119534 0.174466 0.174481 0.119605 0.0563425 0.0187246 0.00571002 0.00441576 0.0073526 0.0121602 0.0177541 0.0228455 0.0261651 0.0271442 0.0262239 0.0244737 0.0228343 0.0216009 0.0204665 0.0189409
 1.04502e-16 6.14685e-05 0.000597496 0.00397057 0.0180496 0.0561592 0.119654 0.174642 0.17466 0.119743 0.0564589 0.0189154 0.00614493 0.00534814 0.00909582 0.0149723 0.0216403 0.0273834 0.0304997 0.0302201 0.0271614 0.0228839 0.0189188 0.0160258 0.0141172 0.0126759
 1.0921e-16 2.79488e-05 0.000271672 0.00180536 0.00820693 0.0255351 0.0544069 0.0794184 0.0794661 0.0546396 0.0263167 0.0104657 0.00747973 0.0126736 0.0236251 0.0391272 0.05663 0.0717795 0.0801378 0.0796461 0.0718015 0.0605247 0.049682 0.0412269 0.0350501 0.0300555
 1.0859e-16 6.15971e-05 0.000598746 0.00397888 0.0180874 0.0562767 0.119904 0.175005 0.175013 0.119945 0.0564159 0.0184919 0.00500321 0.002865 0.00445434 0.0074993 0.0113438 0.0154162 0.0191571 0.0222913 0.0249013 0.027167 0.0290124 0.0300032 0.0295955 0.0275125
 1.08017e-16 5.2732e-05 0.000512574 0.00340624 0.0154843 0.0481775 0.102648 0.149823 0.149849 0.102775 0.0486031 0.0167137 0.00649265 0.00725201 0.0128582 0.0211927 0.0305762 0.0385822 0.0427989 0.0421785 0.0376907 0.0316759 0.0264114 0.0229935 0.021191 0.0200604
 1.11487e-16 3.76508e-05 0.00036598 0.00243206 0.0110558 0.034399 0.0732919 0.106979 0.107012 0.0734565 0.0349519 0.0126549 0.00645365 0.0091706 0.0168342 0.0279675 0.0407463 0.0522118 0.0593517 0.0607629 0.0574128 0.0518109 0.0463015 0.0418664 0.038153 0.03432
 1.08473e-16 6.13022e-05 0.000595879 0.00395982 0.0180008 0.0560072 0.11933 0.174168 0.174179 0.119385 0.0561947 0.0185441 0.00532977 0.00360738 0.00584258 0.0097255 0.0143913 0.0189213 0.0224194 0.0244875 0.0254135 0.0258468 0.0262324 0.026488 0.0261405 0.0247287
 1.06178e-16 5.80585e-05 0.000564349 0.0037503 0.0170483 0.0530438 0.113016 0.164955 0.164976 0.11312 0.0533915 0.0180528 0.00627239 0.0060731 0.0105296 0.0173419 0.0250426 0.0316444 0.0351762 0.0347667 0.0311744 0.0262665 0.0218663 0.0188635 0.0171072 0.0158991
 1.10537e-16 3.10469e-05 0.000301787 0.00200548 0.00911665 0.0283655 0.0604373 0.0882189 0.0882613 0.0606448 0.0290626 0.0111316 0.00706928 0.0113759 0.0211212 0.0350216 0.0508067 0.0646487 0.0726468 0.07299 0.0669747 0.0579831 0.0492924 0.0424677 0.0372871 0.0327379
 1.18978e-16 3.69961e-05 0.000359615 0.00238977 0.0108636 0.0338007 0.0720167 0.105115 0.105135 0.0721164 0.0341365 0.0118382 0.00485381 0.00579709 0.0105363 0.0178139 0.026727 0.0358686 0.0437982 0.0498416 0.0543367 0.0580208 0.0611066 0.0628959 0.0622362 0.0583592
 1.07943e-16 6.85966e-05 0.000666784 0.00443101 0.0201427 0.0626716 0.133529 0.194891 0.194898 0.133564 0.0627915 0.0204898 0.00530509 0.00258467 0.00374057 0.00615549 0.00905624 0.0118199 0.0138818 0.0150391 0.0155786 0.0160473 0.0168366 0.0179064 0.0188308 0.0190741
pSPR Fmed_Fpbrs
0.837413   0.6 0.325
Fs Fmed_Fpbrs
0.0830667   0.251296 0.602209
SSBpbr Bo_Bmed_Bpbrs
3.98538e+06  3.13814e+06  2.19196e+06 1.09598e+06
Ro
378780
SPR SPRFo_SPRFmed_SPRFpbrs
2.70359e+06 2.26402e+06 878666
Fref
0.251296
Nvult_r0
 478371 43211.7 19973.2 23269.8 9742.02
CTP_r0
 29573.7 2716.54 1255.63 1462.87 612.441
YTP_r0
391295
Np
 560340 161047 71910.9 6484.03 3854.59
Nvult_p0
 399293 114966 51334.8 4628.73 2751.66
CTP_p0
 79050.9 36030.3 3248.76 1501.64 2351.32
 79050.9 23088.5 10309.5 929.581 552.611
YTP_p0
 1.35548e+06 1.23834e+06
CBA_c0
1.32034e+06
log_Ro
12.6647
likeval ReclasPelacesDesembMPH_pf_preclas_ppelaces_ptallas_desvR_qrecl_qpela
 18.0133 17.5517 0.144435 0.000815944 241.703 122.84 98.1484 0 22.4452 5.81058e-05 4.23091e-05 0.730283 5.65116e-16 0 0
q_reclas_q_pelaces
0.339538 0.396373
M
1
N
 366864 91052 422757 21190 0.616138
 223636 128761 31930.1 148252 7431.12
 211130 75703 43521.4 10792.4 52621.3
 421219 71692.8 25669.2 14757.1 21502.2
 337137 137676 23383.1 8372.15 11826.2
 551792 119111 48605.7 8255.24 7130.9
 234227 186963 40298.4 16444.6 5205.54
 117173 72729 57876.1 12474.7 6702.01
 105411 42035.7 26079.6 20753.6 6876.52
 134698 35185.8 14006.8 8690.04 9206.68
 240818 43833.1 11424.8 4548 5811.06
 283664 85719 15593.1 4064.25 3685.12
 242429 88615.6 26699.6 4856.9 2413.75
 173618 76935.6 28047.7 8450.67 2301.23
 188251 51080.3 22544.3 8218.78 3150.61
 942439 60009.7 16241.1 7168.03 3614.93
 232259 303159 19257 5211.75 3460.23
 1.36577e+06 78269.3 102001 6479.19 2917.77
 818580 456705 26127.7 34049.7 3136.88
 617238 261679 145628 8331.25 11857.5
 995850 201288 85151.2 47387.8 6569.5
 1.31958e+06 335084 67620.7 28605.7 18126.4
 298007 433491 109853 22168.6 15320.5
 896237 102648 149138 37793.8 12897.7
 741450 311912 35688.1 51851.6 17624.2
 338224 257371 108157 12375 24091.1
 754760 118670 90225 37916 12783.7
 840977 262278 41195.5 31320.9 17600
 252521 294458 91751.5 14411.2 17113.8
 191196 88478.7 103082 32119.8 11036.1
 729690 65872.6 30447.4 35472.8 14850.9
pred_Ctot
 10696.2 2701.58 12543.5 628.724 0.0182813
 11363 6656.16 1650.6 7663.76 384.145
 10338.7 3771.61 2168.29 537.692 2621.66
 29983 5190.64 1858.48 1068.43 1556.78
 8473.31 3521.53 598.099 214.146 302.494
 27729.9 6089.98 2485.15 422.08 364.593
 23412.4 19001.4 4095.59 1671.3 529.048
 1842.07 1163.76 926.093 199.612 107.241
 6222.66 2524.37 1566.16 1246.32 412.956
 9926.59 2637.38 1049.89 651.368 690.094
 4949.63 916.93 238.992 95.1381 121.56
 27406.4 8421.01 1531.86 399.271 362.025
 21302.5 7918.53 2385.82 434.004 215.689
 22380.9 10080.1 3674.82 1107.21 301.509
 16070.8 4434.6 1957.21 713.523 273.524
 75646.9 4898.78 1325.81 585.149 295.098
 12415.7 16487.1 1047.28 283.437 188.182
 79201.7 4617.4 6017.4 382.231 172.13
 68585.2 38914.8 2226.28 2901.3 267.286
 44738.1 19291.5 10736 614.195 874.16
 54121.3 11129.1 4707.98 2620.06 363.226
 90102.9 23273 4696.53 1986.78 1258.95
 12063.7 17855.7 4524.91 913.137 631.061
 30716.3 3579.91 5201.28 1318.08 449.817
 26576.2 11376.6 1301.68 1891.22 642.82
 9927.43 7687.68 3230.66 369.643 719.602
 26555.7 4248.78 3230.34 1357.51 457.698
 25741.5 8169.72 1283.2 975.617 548.224
 7622.77 9045.6 2818.56 442.706 525.727
 7712.66 3631.69 4231.09 1318.39 452.986
 29573.7 2716.54 1255.63 1462.87 612.441
F
 0.0470354 0.0478831 0.0478831 0.0478831 0.0478831
 0.0832028 0.0847023 0.0847023 0.0847023 0.0847023
 0.0800837 0.0815269 0.0815269 0.0815269 0.0815269
 0.118248 0.120379 0.120379 0.120379 0.120379
 0.0404352 0.0411639 0.0411639 0.0411639 0.0411639
 0.0822604 0.0837428 0.0837428 0.0837428 0.0837428
 0.16955 0.172606 0.172606 0.172606 0.172606
 0.0251323 0.0255852 0.0255852 0.0255852 0.0255852
 0.0972251 0.0989772 0.0989772 0.0989772 0.0989772
 0.122644 0.124855 0.124855 0.124855 0.124855
 0.0329648 0.0335589 0.0335589 0.0335589 0.0335589
 0.163482 0.166428 0.166428 0.166428 0.166428
 0.147739 0.150401 0.150401 0.150401 0.150401
 0.223458 0.227485 0.227485 0.227485 0.227485
 0.143271 0.145853 0.145853 0.145853 0.145853
 0.134213 0.136632 0.136632 0.136632 0.136632
 0.0876975 0.089278 0.089278 0.089278 0.089278
 0.0954389 0.0971588 0.0971588 0.0971588 0.0971588
 0.140452 0.142984 0.142984 0.142984 0.142984
 0.120519 0.122691 0.122691 0.122691 0.122691
 0.0892143 0.090822 0.090822 0.090822 0.090822
 0.113197 0.115237 0.115237 0.115237 0.115237
 0.0658154 0.0670014 0.0670014 0.0670014 0.0670014
 0.0554838 0.0564837 0.0564837 0.0564837 0.0564837
 0.0580897 0.0591365 0.0591365 0.0591365 0.0591365
 0.0473578 0.0482113 0.0482113 0.0482113 0.0482113
 0.0569955 0.0580226 0.0580226 0.0580226 0.0580226
 0.0494289 0.0503196 0.0503196 0.0503196 0.0503196
 0.0487328 0.0496111 0.0496111 0.0496111 0.0496111
 0.0655778 0.0667595 0.0667595 0.0667595 0.0667595
 0.0658956 0.0670831 0.0670831 0.0670831 0.0670831
YTP_r0W_actual
 245462 38303.2 34655.5 50030.3 22844
YTP_p0W_proyectada
 592091 564595 75143.9 44103 79545.1
 592091 361796 238458 27301.8 18694.8
CTP_r0_actual
 29573.7 2716.54 1255.63 1462.87 612.441
CTP_p0_proyectada
 79050.9 36030.3 3248.76 1501.64 2351.32
 79050.9 23088.5 10309.5 929.581 552.611
Wmedp
 7.49 15.67 23.13 29.37 33.83
Frms_r0
 0.0658956 0.0670831 0.0670831 0.0670831 0.0670831
Zrms_r0
 1.0659 1.06708 1.06708 1.06708 1.06708
nmprior
 8.19 8.8 8.5 0
nm_flota  nm_reclas  nm_pelaces    nm_pelaL
inf 11.3515 16.1804 37.298
cv_recla  cv_pelaces  cv_mph
0.383903 0.475042 0.881527
 ------------------------------------------------
Talla a la edad & desviaci?n 
 8 13.2811 15.8009 17.003 17.5766
 0.8 1.32811 1.58009 1.7003 1.75766
