years
 1991 1992 1993 1994 1995 1996 1997 1998 1999 2000 2001 2002 2003 2004 2005 2006 2007 2008 2009 2010 2011 2012 2013 2014 2015 2016 2017 2018 2019 2020 2021
reclasobs
 0 0 0 0 0 0 0 0 0 252601 567819 844713 477998 351125 339783 2.1784e+06 2.13404e+06 4.81314e+06 1.55562e+06 2.62356e+06 3.21686e+06 3.843e+06 1.13348e+06 3.07943e+06 1.97215e+06 2.03268e+06 2.025e+06 2.42433e+06 2.27542e+06 1.05018e+06 2.36338e+06
reclaspred
 5.54647e+06 1.94002e+06 1.00131e+06 749169 330530 2.95257e+06 1.56036e+06 842551 531884 253989 447548 807011 777248 564412 436384 1.66335e+06 951215 3.94523e+06 2.9901e+06 1.99801e+06 3.15475e+06 2.98465e+06 1.72931e+06 3.19789e+06 2.31792e+06 1.69969e+06 2.24132e+06 3.0719e+06 2.38115e+06 882264 1.55717e+06
pelacesobs
 0 0 0 0 0 0 0 0 0 0 0 0 0 0 0 552880 188675 0 991730 2.46772e+06 1.41603e+06 1.21717e+06 2.29649e+06 1.80582e+06 0 1.4828e+06 1.56532e+06 1.57751e+06 1.42118e+06 867257 1.10002e+06
pelacespred
 5.08935e+06 1.64099e+06 587502 304365 166198 1.57574e+06 904365 709813 294098 96509.6 237522 344066 378985 247377 188156 674817 465202 2.07917e+06 1.7071e+06 996828 1.60998e+06 1.51284e+06 1.06721e+06 1.98068e+06 1.52328e+06 1.15001e+06 1.51196e+06 2.08821e+06 1.69521e+06 630392 848807
mphobs
 0 0 0 0 0 0 0 0 0 0 0 498337 0 5186 125008 0 168611 109162 213762 579715 649985 157893 87575 83554 0 0 0 0 0 0 0
mphpred
 1.10036e+06 502942 127978 109828 55419.9 31570.7 388105 133472 75417.6 33883.9 14929.4 60781.6 73624.4 53181 27936.2 30322.4 190446 79859.7 455410 239430 240426 284984 327778 164534 361268 263697 162411 228598 447445 208719 60718.3
desembarqueobs
 494567 514787 250237 358949 120608 361735 552515 73892 212993 205616 52469 317467 293654 387597 252695 516296 358380 742168 942051 627588 828172 859565 418607 520667 417249 300574 415391 372974 316634 284311 391294
desembarquepred
 494506 514546 249925 358758 120561 361591 552021 73880.2 212860 205473 52460.5 317256 293406 387049 252447 515875 358233 741582 940761 626604 827815 858758 418317 520437 416928 300377 415128 372737 316380 283976 391109
Reclutas
 52693.7 40221.1 139343 59361.7 23888.6 280555 36410.3 10708.8 26419.7 36934 44118 106401 82845.6 67513.3 44738.8 254775 25602.3 433530 225921 198114 224930 390630 34792.3 178623 137499 44370.5 136888 173429 36305.9 22237.2 123202
log_desv_Rt
 -0.396922 -0.667029 0.575519 -0.27777 -1.18802 1.27535 -0.766568 -1.99035 -1.08731 -0.752287 -0.574552 0.305795 0.0555601 -0.149094 -0.560579 1.17896 -1.11874 1.71054 1.05876 0.927421 1.05437 1.60634 -0.812022 0.823858 0.562194 -0.568843 0.557741 0.794351 -0.769438 -1.25965 0.452407
SSB
 1.40765e+06 643395 163717 140499 70896.8 40387.2 496489 170746 96479 43346.5 19098.7 77755.8 94185.1 68032.6 35737.8 38790.4 243631 102162 582590 306294 307569 364570 419315 210482 462158 337339 207767 292437 572401 267007 77674.7
BT
 1.87153e+06 996237 446827 396679 161691 1.28588e+06 797661 311178 332877 241952 178619 444447 460540 539741 357534 819537 454511 1.91307e+06 1.6542e+06 967616 1.52508e+06 1.4852e+06 741783 1.56066e+06 989186 706141 1.21889e+06 1.4463e+06 835043 484635 858518
Ftot
 0.344553 0.958455 0.96276 1.62451 1.29303 0.520385 1.20432 0.343082 1.45568 2.5401 0.492374 1.45953 1.39338 2.29658 2.05016 1.23591 1.28897 0.778101 1.15231 1.17956 1.01027 1.1044 0.875584 0.66679 0.690543 0.670609 0.746788 0.498785 0.497605 1.14206 1.011
BD_Bspro_t
 0.946607 0.61956 0.274447 0.256564 0.126625 0.0976636 0.473638 0.213844 0.178864 0.109816 0.0690624 0.29459 0.221014 0.146534 0.0797266 0.0888541 0.266167 0.132679 0.383526 0.228367 0.195695 0.222427 0.260711 0.171091 0.33993 0.324826 0.277627 0.381113 0.517459 0.339066 0.162142
BD_Bspro
 2.51652 1.15023 0.292685 0.251176 0.126746 0.0722022 0.887598 0.30525 0.17248 0.0774927 0.0341436 0.139008 0.168379 0.121625 0.0638902 0.0693475 0.435551 0.182639 1.04152 0.547577 0.549856 0.65176 0.749629 0.376289 0.826221 0.603077 0.371434 0.522803 1.02331 0.477342 0.138863
BD_Bo
 1.08621 0.496478 0.126333 0.108416 0.0547077 0.0311649 0.383117 0.131756 0.0744483 0.0334485 0.0147376 0.0600005 0.0726782 0.0524975 0.0275772 0.0299327 0.187999 0.0788333 0.449557 0.236353 0.237336 0.281322 0.323565 0.162419 0.356625 0.260308 0.160324 0.22566 0.441695 0.206037 0.0599379
BD_Brms
 1.97493 0.902687 0.229696 0.19712 0.0994685 0.0566635 0.696577 0.239557 0.135361 0.0608154 0.0267955 0.109092 0.132142 0.09545 0.0501403 0.0544232 0.341816 0.143333 0.817377 0.429732 0.431521 0.511494 0.588301 0.295308 0.648409 0.473288 0.291498 0.41029 0.803082 0.374613 0.108978
Sel_flota
 0.661247 0.973745 0.998583 0.999925 0.999996
 0.661247 0.973745 0.998583 0.999925 0.999996
 0.661247 0.973745 0.998583 0.999925 0.999996
 0.661247 0.973745 0.998583 0.999925 0.999996
 0.661247 0.973745 0.998583 0.999925 0.999996
 0.661247 0.973745 0.998583 0.999925 0.999996
 0.661247 0.973745 0.998583 0.999925 0.999996
 0.661247 0.973745 0.998583 0.999925 0.999996
 0.661247 0.973745 0.998583 0.999925 0.999996
 0.661247 0.973745 0.998583 0.999925 0.999996
 0.661247 0.973745 0.998583 0.999925 0.999996
 0.661247 0.973745 0.998583 0.999925 0.999996
 0.661247 0.973745 0.998583 0.999925 0.999996
 0.661247 0.973745 0.998583 0.999925 0.999996
 0.661247 0.973745 0.998583 0.999925 0.999996
 0.661247 0.973745 0.998583 0.999925 0.999996
 0.661247 0.973745 0.998583 0.999925 0.999996
 0.661247 0.973745 0.998583 0.999925 0.999996
 0.661247 0.973745 0.998583 0.999925 0.999996
 0.661247 0.973745 0.998583 0.999925 0.999996
 0.661247 0.973745 0.998583 0.999925 0.999996
 0.661247 0.973745 0.998583 0.999925 0.999996
 0.661247 0.973745 0.998583 0.999925 0.999996
 0.661247 0.973745 0.998583 0.999925 0.999996
 0.661247 0.973745 0.998583 0.999925 0.999996
 0.661247 0.973745 0.998583 0.999925 0.999996
 0.661247 0.973745 0.998583 0.999925 0.999996
 0.661247 0.973745 0.998583 0.999925 0.999996
 0.661247 0.973745 0.998583 0.999925 0.999996
 0.661247 0.973745 0.998583 0.999925 0.999996
 0.661247 0.973745 0.998583 0.999925 0.999996
Sel_reclas
 0.728447 0.931035 0.985495 0.997084 0.999419
 0.728447 0.931035 0.985495 0.997084 0.999419
 0.728447 0.931035 0.985495 0.997084 0.999419
 0.728447 0.931035 0.985495 0.997084 0.999419
 0.728447 0.931035 0.985495 0.997084 0.999419
 0.728447 0.931035 0.985495 0.997084 0.999419
 0.728447 0.931035 0.985495 0.997084 0.999419
 0.728447 0.931035 0.985495 0.997084 0.999419
 0.728447 0.931035 0.985495 0.997084 0.999419
 0.728447 0.931035 0.985495 0.997084 0.999419
 0.728447 0.931035 0.985495 0.997084 0.999419
 0.728447 0.931035 0.985495 0.997084 0.999419
 0.728447 0.931035 0.985495 0.997084 0.999419
 0.728447 0.931035 0.985495 0.997084 0.999419
 0.728447 0.931035 0.985495 0.997084 0.999419
 0.728447 0.931035 0.985495 0.997084 0.999419
 0.728447 0.931035 0.985495 0.997084 0.999419
 0.728447 0.931035 0.985495 0.997084 0.999419
 0.728447 0.931035 0.985495 0.997084 0.999419
 0.728447 0.931035 0.985495 0.997084 0.999419
 0.728447 0.931035 0.985495 0.997084 0.999419
 0.728447 0.931035 0.985495 0.997084 0.999419
 0.728447 0.931035 0.985495 0.997084 0.999419
 0.728447 0.931035 0.985495 0.997084 0.999419
 0.728447 0.931035 0.985495 0.997084 0.999419
 0.728447 0.931035 0.985495 0.997084 0.999419
 0.728447 0.931035 0.985495 0.997084 0.999419
 0.728447 0.931035 0.985495 0.997084 0.999419
 0.728447 0.931035 0.985495 0.997084 0.999419
 0.728447 0.931035 0.985495 0.997084 0.999419
 0.728447 0.931035 0.985495 0.997084 0.999419
Sel_pelaces
 0.387345 0.76087 0.941221 0.987743 0.99754
 0.387345 0.76087 0.941221 0.987743 0.99754
 0.387345 0.76087 0.941221 0.987743 0.99754
 0.387345 0.76087 0.941221 0.987743 0.99754
 0.387345 0.76087 0.941221 0.987743 0.99754
 0.387345 0.76087 0.941221 0.987743 0.99754
 0.387345 0.76087 0.941221 0.987743 0.99754
 0.387345 0.76087 0.941221 0.987743 0.99754
 0.387345 0.76087 0.941221 0.987743 0.99754
 0.387345 0.76087 0.941221 0.987743 0.99754
 0.387345 0.76087 0.941221 0.987743 0.99754
 0.387345 0.76087 0.941221 0.987743 0.99754
 0.387345 0.76087 0.941221 0.987743 0.99754
 0.387345 0.76087 0.941221 0.987743 0.99754
 0.387345 0.76087 0.941221 0.987743 0.99754
 0.387345 0.76087 0.941221 0.987743 0.99754
 0.387345 0.76087 0.941221 0.987743 0.99754
 0.387345 0.76087 0.941221 0.987743 0.99754
 0.387345 0.76087 0.941221 0.987743 0.99754
 0.387345 0.76087 0.941221 0.987743 0.99754
 0.387345 0.76087 0.941221 0.987743 0.99754
 0.387345 0.76087 0.941221 0.987743 0.99754
 0.387345 0.76087 0.941221 0.987743 0.99754
 0.387345 0.76087 0.941221 0.987743 0.99754
 0.387345 0.76087 0.941221 0.987743 0.99754
 0.387345 0.76087 0.941221 0.987743 0.99754
 0.387345 0.76087 0.941221 0.987743 0.99754
 0.387345 0.76087 0.941221 0.987743 0.99754
 0.387345 0.76087 0.941221 0.987743 0.99754
 0.387345 0.76087 0.941221 0.987743 0.99754
 0.387345 0.76087 0.941221 0.987743 0.99754
pf_obs 
 0.8446 0.082 0.0669 0.0065 0
 0.8095 0.147 0.0364 0.0071 0
 0.9664 0.0169 0.016 0.0007 0
 0.9276 0.0648 0.0075 0.0001 0
 0.7033 0.2144 0.0806 0.0017 0
 0.9318 0.0425 0.0243 0.0014 0
 0.5671 0.3108 0.0964 0.0239 0.0018
 0.0768 0.2599 0.5324 0.112 0.0189
 0.490249 0.384438 0.106611 0.0170017 0.00170017
 0.7925 0.1577 0.0466 0.003 0.0002
 0.840416 0.127587 0.0312969 0.00059994 9.999e-05
 0.8084 0.0986 0.0794 0.0134 0.0002
 0.7335 0.1905 0.0724 0.0035 0.0001
 0.4001 0.4547 0.1325 0.0127 0
 0.49795 0.308269 0.164784 0.0264974 0.00249975
 0.9179 0.0499 0.0305 0.0017 0
 0.2467 0.6533 0.0926 0.0074 0
 0.9418 0.0223 0.034 0.0019 0
 0.707729 0.231977 0.0356964 0.0245975 0
 0.517169 0.277429 0.184464 0.0207286 0.00020938
 0.811772 0.124168 0.05621 0.00726502 0.000585176
 0.764997 0.148141 0.077277 0.00933861 0.000247198
 0.163321 0.427699 0.378323 0.0303852 0.000271297
 0.753843 0.0900009 0.118128 0.0371064 0.000921714
 0.721811 0.176058 0.0630433 0.0369309 0.00215725
 0.143369 0.312575 0.442814 0.0836902 0.0175525
 0.692698 0.0596174 0.167031 0.0765114 0.00414204
 0.394062 0.376323 0.152708 0.0712218 0.00568511
 0.125707 0.32114 0.495352 0.0537591 0.00404204
 0.23352 0.215282 0.420074 0.123614 0.00750983
 0.796117 0.104755 0.0508955 0.0450114 0.00322123
pf_pred 
 0.285007 0.197871 0.458124 0.0589974 1.02555e-06
 0.43212 0.219324 0.0985453 0.221527 0.0284838
 0.885828 0.0659809 0.0190871 0.00824123 0.0208632
 0.62016 0.354379 0.0149707 0.00416044 0.00632977
 0.65775 0.263657 0.0735827 0.00294957 0.0020608
 0.977076 0.0180039 0.00382998 0.00102105 6.93504e-05
 0.274966 0.714645 0.00821598 0.00169205 0.000480892
 0.340839 0.271347 0.382496 0.00420792 0.00111024
 0.748916 0.112765 0.057936 0.0792824 0.00110057
 0.878458 0.104345 0.007941 0.00388292 0.00537302
 0.922568 0.0735009 0.00340917 0.000241634 0.000280535
 0.871969 0.121645 0.00607183 0.000272749 4.17023e-05
 0.802442 0.183887 0.0130196 0.00061861 3.19516e-05
 0.805007 0.173181 0.020369 0.00137424 6.84896e-05
 0.860307 0.127103 0.0112633 0.00123959 8.74854e-05
 0.977509 0.0209977 0.00136577 0.000113859 1.3371e-05
 0.3224 0.669389 0.00768842 0.000478073 4.44275e-05
 0.974321 0.01215 0.0133727 0.000146716 9.94611e-06
 0.642376 0.352235 0.00259908 0.00275746 3.22401e-05
 0.751421 0.190723 0.057022 0.000402875 0.000431415
 0.812855 0.15891 0.0218822 0.00626149 9.13905e-05
 0.862083 0.122177 0.0134471 0.00177764 0.00051496
 0.25733 0.682646 0.0534292 0.00563626 0.000958713
 0.872462 0.0477086 0.0736023 0.00554455 0.000682971
 0.687772 0.287257 0.00954538 0.0142245 0.0012013
 0.444073 0.436443 0.110242 0.00353712 0.0057054
 0.846529 0.0874876 0.0521864 0.0127318 0.00106536
 0.78619 0.19317 0.0119491 0.00687611 0.00181441
 0.327709 0.574225 0.0888739 0.00532561 0.00386662
 0.438239 0.24634 0.270661 0.0405708 0.00418889
 0.935299 0.0384082 0.011812 0.0124298 0.00205075
pobs_RECLAS
 0 0 0 0 0
 0 0 0 0 0
 0 0 0 0 0
 0 0 0 0 0
 0 0 0 0 0
 0 0 0 0 0
 0 0 0 0 0
 0 0 0 0 0
 0 0 0 0 0
 0 0 0 0 0
 0.991045 0.00858322 0.000360255 1.14367e-05 0
 0.934742 0.0480273 0.0164251 0.00080598 0
 0.827803 0.169806 0.00239088 0 0
 0.941827 0.0461693 0.0120037 0 0
 0.791401 0.0380133 0.147996 0.0225897 0
 0.846168 0.0940531 0.0597789 0 0
 0.134021 0.677848 0.182769 0.00536245 0
 0.80878 0.0450904 0.141981 0.00414843 0
 0.846168 0.0940531 0.0597789 0 0
 0.905697 0.0802665 0.012482 0.00150086 5.37128e-05
 0.989698 0.0102097 9.19794e-05 0 0
 0.975433 0.0193895 0.00387452 0.00125025 5.28907e-05
 0.303575 0.632131 0.0575291 0.00676475 0
 0.966965 0.00978017 0.0227588 0.000495775 0
 0.843318 0.132988 0.00938335 0.0141283 0.000182051
 0.564624 0.303363 0.111486 0.0197234 0.00080311
 0.826376 0.0876187 0.0782897 0.00655872 0.00115652
 0.89761 0.0855135 0.0140674 0.00269457 0.000114338
 0.34875 0.467042 0.161289 0.0227151 0.000203297
 0.318654 0.224769 0.449479 0.00709798 0
 0.937255 0.0296025 0.0250945 0.00804832 0
ppred_RECLAS
 0.312146 0.185998 0.444074 0.05778 1.00666e-06
 0.47223 0.19941 0.0921441 0.20925 0.0269661
 0.901859 0.0558733 0.0166221 0.00725013 0.0183957
 0.67271 0.304763 0.0131842 0.0037005 0.00564266
 0.701303 0.228682 0.0655054 0.00265229 0.00185727
 0.980269 0.015387 0.00337326 0.000908569 6.18504e-05
 0.316506 0.673418 0.00795068 0.00165399 0.000471136
 0.371669 0.253969 0.369174 0.0041034 0.00108512
 0.784893 0.0949715 0.0500272 0.0691465 0.000962024
 0.908329 0.0784541 0.00606791 0.00299537 0.00415409
 0.933092 0.0634075 0.00303118 0.00021706 0.000252576
 0.894367 0.100235 0.00512948 0.00023273 3.56636e-05
 0.833923 0.154305 0.011206 0.00053779 2.78398e-05
 0.846759 0.135808 0.0162691 0.00110825 5.53561e-05
 0.889502 0.100342 0.00907556 0.00100859 7.13417e-05
 0.98152 0.0172217 0.00115013 9.68518e-05 1.13994e-05
 0.368896 0.623252 0.00734753 0.000461488 4.29829e-05
 0.97799 0.0102543 0.0116177 0.000128768 8.74917e-06
 0.686053 0.309064 0.00234274 0.00251071 2.94213e-05
 0.785544 0.163504 0.0502092 0.000358335 0.000384586
 0.839062 0.136031 0.0192585 0.00556688 8.14359e-05
 0.883158 0.103164 0.0116676 0.00155806 0.000452369
 0.292482 0.648759 0.052243 0.00556747 0.000949156
 0.888081 0.0410751 0.0652637 0.00496694 0.000613207
 0.722219 0.254822 0.00871989 0.0131279 0.0011112
 0.484105 0.402349 0.104668 0.0033928 0.00548501
 0.865965 0.0753782 0.0462909 0.0114094 0.000956866
 0.811235 0.169963 0.0108357 0.00629972 0.00166609
 0.362648 0.541874 0.0864365 0.00523301 0.003808
 0.48287 0.223154 0.25189 0.0381401 0.00394681
 0.945038 0.0321816 0.0101754 0.0108166 0.00178864
pobs_PELACES
 0 0 0 0 0
 0 0 0 0 0
 0 0 0 0 0
 0 0 0 0 0
 0 0 0 0 0
 0 0 0 0 0
 0 0 0 0 0
 0 0 0 0 0
 0 0 0 0 0
 0 0 0 0 0
 0 0 0 0 0
 0 0 0 0 0
 0 0 0 0 0
 0 0 0 0 0
 0 0 0 0 0
 0 0 0 0 0
 0.505614 0.472636 0.0217494 0 0
 0 0 0 0 0
 0.443492 0.261883 0.143347 0.151278 0
 0.227955 0.32914 0.350689 0.0885471 0.00366901
 0.970185 0.0296113 0.000203453 0 0
 0.997202 0.00247181 0.000326279 0 0
 0.445219 0.490057 0.0546422 0.010081 0
 0.90214 0.0892962 0.00764917 0.000914606 0
 0 0 0 0 0
 0.581667 0.319106 0.0959925 0.00289975 0.000334073
 0.762889 0.0836404 0.116647 0.0363945 0.000428098
 0.88444 0.0763242 0.0277011 0.0115352 0
 0.521256 0.241999 0.230069 0.00667565 0
 0.616807 0.101726 0.260614 0.0208532 0
 0.833518 0.0704572 0.0857862 0.0102388 0
ppred_PELACES
 0.213915 0.189062 0.526039 0.0709821 1.24601e-06
 0.364848 0.214498 0.114928 0.270592 0.0351341
 0.859264 0.074083 0.0255544 0.0115562 0.0295424
 0.609782 0.359086 0.0179144 0.00521157 0.00800657
 0.627247 0.275106 0.0911243 0.00382476 0.00269846
 0.970462 0.0221883 0.00566059 0.00158105 0.000108441
 0.253904 0.733297 0.0100186 0.00216061 0.000620081
 0.266242 0.269887 0.457196 0.00527018 0.00140419
 0.714882 0.114411 0.0695972 0.0997127 0.00139773
 0.891039 0.0910232 0.00805799 0.0041212 0.0057583
 0.904419 0.0897798 0.00499562 0.00037097 0.000434927
 0.863998 0.128025 0.00756564 0.00035581 5.49348e-05
 0.788602 0.194246 0.0162987 0.00081082 4.22896e-05
 0.817513 0.15902 0.0218476 0.0015421 7.76047e-05
 0.864513 0.121321 0.0126101 0.00145224 0.000103495
 0.974894 0.0231434 0.0017881 0.000156095 1.85107e-05
 0.302426 0.687534 0.00937296 0.000610271 5.72685e-05
 0.966484 0.0143735 0.0189104 0.000217327 1.48777e-05
 0.614911 0.378042 0.00331747 0.00368581 4.35168e-05
 0.721773 0.204444 0.0726648 0.000537623 0.000581354
 0.785819 0.176427 0.0289499 0.00867594 0.000127874
 0.843923 0.135199 0.0177088 0.00245163 0.000717171
 0.225053 0.70097 0.0654968 0.00723698 0.00124308
 0.833482 0.05531 0.102145 0.00806083 0.00100268
 0.641397 0.323901 0.0128802 0.0201071 0.00171477
 0.38696 0.461254 0.139463 0.00468757 0.00763537
 0.808599 0.100156 0.0714434 0.0182583 0.00154281
 0.743009 0.227253 0.0168627 0.0101665 0.00270902
 0.27543 0.600873 0.111559 0.00700384 0.00513508
 0.384694 0.242877 0.31741 0.0498249 0.00519481
 0.920257 0.0433943 0.0159027 0.0175264 0.00292
pobs_pel_tallas
 0 0 0 0 0 0 0 0 0 0 0 0 0 0 0 0 0 0 0 0 0 0 0 0 0 0
 0 0 0 0 0 0 0 0 0 0 0 0 0 0 0 0 0 0 0 0 0 0 0 0 0 0
 0 0 0 0 0 0 0 0 0 0 0 0 0 0 0 0 0 0 0 0 0 0 0 0 0 0
 0 0 0 0 0 0 0 0 0 0 0 0 0 0 0 0 0 0 0 0 0 0 0 0 0 0
 0 0 0 0 0 0 0 0 0 0 0 0 0 0 0 0 0 0 0 0 0 0 0 0 0 0
 0 0 0 0 0 0 0 0 0 0 0 0 0 0 0 0 0 0 0 0 0 0 0 0 0 0
 0 0 0 0 0 0 0 0 0 0 0 0 0 0 0 0 0 0 0 0 0 0 0 0 0 0
 0 0 0 0 0 0 0 0 0 0 0 0 0 0 0 0 0 0 0 0 0 0 0 0 0 0
 0 0 0 0 0 0 0 0 0 0 0 0 0 0 0 0 0 0 0 0 0 0 0 0 0 0
 0 0 0 0 0 0 0 0 0 0 0 0 0 0 0 0 0 0 0 0 0 0 0 0 0 0
 0 0 0 0 0 0 0 0 0 0 0 0 0 0 0 0 0 0 0 0 0 0 0 0 0 0
 0 0 0 0 0 0 0 0 0 0 0 0 0 0 0 0 0 0 0 0 0 0 0 0 0 0
 0.00862536 0 0 0.000197151 0.00414017 0.0128641 0.00837892 0.0270097 0.101434 0.158115 0.152841 0.127902 0.109271 0.109419 0.0830992 0.0579132 0.0238553 0.00714673 0.00463305 0.00128148 0.00103504 0.000492878 0.000147863 0.000147863 4.92878e-05 0
 0 0 0 0 0 0 0 0 0 0 0 0 0 0 0 0 0 0 0 0 0 0 0 0 0 0
 0 0 0 0 0 0 0 0.0054083 0.00873648 0.0413646 0.0450493 0.0745869 0.0622846 0.0627006 0.0613931 0.0827291 0.12552 0.122667 0.0946155 0.0697135 0.0546179 0.0294188 0.0215738 0.0213955 0.0102223 0.00600262
 0 0 0 0 0.00359764 0.0251062 0.0480494 0.140153 0.205849 0.193036 0.1447 0.116669 0.0760912 0.0342217 0.00950174 0.001854 0.000860785 0 0 0 0.000165536 0 0.000143464 0 0 0
 0 0 0 0 0 0 0 0.000145254 0.000435761 0.0275982 0.070085 0.0708112 0.156366 0.174668 0.174014 0.160142 0.0824315 0.0480064 0.0283245 0.00493863 0.00203355 0 0 0 0 0
 0 0 0 0 0 0 0 0 0 0 0 0 0 0 0 0 0 0 0 0 0 0 0 0 0 0
 0 0 1.00437e-05 0.000401748 0.00122533 0.00171747 0.00176769 0.0269171 0.070346 0.194647 0.189555 0.159765 0.064822 0.0314167 0.0384472 0.0292271 0.0345202 0.0313363 0.0194345 0.0106764 0.0143323 0.0359363 0.0279516 0.0138201 0.00172751 0
 0 0.0021121 0.0136068 0.0755702 0.200478 0.177729 0.0527432 0.0373336 0.0318909 0.0142505 0.0149659 0.0166563 0.0217959 0.0798694 0.0677717 0.0528807 0.04013 0.0224614 0.0357745 0.0225083 0.00881397 0.00855152 0.00135912 0.000746735 0 0
 0 0 0 0 5.4009e-05 0.00500934 0.000945158 0.0243581 0.138947 0.33067 0.221406 0.137944 0.0707744 0.0437923 0.0131692 0.00525238 0.0047753 0.00276346 9.45158e-05 9.00151e-06 2.25038e-05 9.00151e-06 4.50075e-06 0 0 0
 0.000866109 0.00284123 0.00948549 0.0512746 0.133035 0.25785 0.225252 0.132002 0.0553304 0.0519788 0.0540692 0.017754 0.00435017 0.00159236 0.00146478 0.000404838 0.000125132 0.000115318 0.000107957 0.000100596 0 0 0 0 0 0
 0 0 0 0 0.00144013 0.00171154 0.00461396 0.0210425 0.0478622 0.0707936 0.0888783 0.103762 0.0637923 0.0337046 0.0602308 0.124433 0.169614 0.0934646 0.0462172 0.0250306 0.0313229 0.00938855 0.002487 0.000210481 0 0
 0 0.00764035 0.051015 0.0998891 0.058973 0.0496711 0.0374665 0.0718981 0.12319 0.153886 0.159021 0.0857701 0.0377988 0.023471 0.0147837 0.00900784 0.00315554 0.000888139 0.00291439 0.00214683 0.00393193 0.00274676 0.000635225 9.99891e-05 0 0
 0 0 0 0 0 0 0 0 0 0 0 0 0 0 0 0 0 0 0 0 0 0 0 0 0 0
 0 0 0 0 0 0 0 0 0 0 0 0 0 0 0 0 0 0 0 0 0 0 0 0 0 0
 0 0 0 0 0 0 0 0 0 0 0 0 0 0 0 0 0 0 0 0 0 0 0 0 0 0
 0 0 0 0 0 0 0 0 0 0 0 0 0 0 0 0 0 0 0 0 0 0 0 0 0 0
 0 0 0 0 0 0 0 0 0 0 0 0 0 0 0 0 0 0 0 0 0 0 0 0 0 0
 0 0 0 0 0 0 0 0 0 0 0 0 0 0 0 0 0 0 0 0 0 0 0 0 0 0
 0 0 0 0 0 0 0 0 0 0 0 0 0 0 0 0 0 0 0 0 0 0 0 0 0 0
ppred_pel_tallas
 1.22348e-16 1.76199e-05 0.000171272 0.00113816 0.00517394 0.0160981 0.0342995 0.0500651 0.0500841 0.0343928 0.0164137 0.00609544 0.00348952 0.0054309 0.0103776 0.0180958 0.0283201 0.0403129 0.0531768 0.0662722 0.0791329 0.090849 0.0995908 0.102995 0.0993418 0.088665
 1.36454e-16 3.00521e-05 0.000292117 0.00194122 0.00882452 0.0274565 0.0584997 0.0853864 0.0854073 0.0586019 0.0278006 0.00982164 0.00445685 0.00582738 0.0106758 0.0179668 0.0267806 0.0356899 0.0433818 0.0495769 0.0552783 0.0619551 0.0702251 0.0790677 0.0861406 0.0889153
 1.06915e-16 7.07765e-05 0.000687972 0.00457182 0.0207828 0.0646631 0.137772 0.201084 0.201091 0.137807 0.064781 0.0211236 0.00542895 0.00256498 0.00365338 0.00597632 0.00872151 0.0112325 0.0129081 0.013517 0.0133478 0.0130056 0.0130056 0.0134758 0.0141495 0.0145786
 1.02487e-16 5.0227e-05 0.000488224 0.00324442 0.0147487 0.0458889 0.0977724 0.142709 0.142743 0.0979412 0.0464556 0.016385 0.0073492 0.00944066 0.0170282 0.028008 0.0401939 0.0502367 0.0547633 0.0522304 0.0438668 0.0328859 0.0226194 0.0150041 0.0102822 0.0076643
 1.03541e-16 5.16656e-05 0.000502208 0.00333735 0.0151711 0.0472031 0.100572 0.146794 0.14682 0.100702 0.0476398 0.0164334 0.0065095 0.00743931 0.0132622 0.0219356 0.0318069 0.0404356 0.0453441 0.0453477 0.0411969 0.0349579 0.0286731 0.0233851 0.0190994 0.0153799
 1.00347e-16 7.99356e-05 0.000777003 0.00516346 0.0234723 0.0730311 0.155601 0.227104 0.227106 0.155611 0.0730663 0.023574 0.00541881 0.00133513 0.0011419 0.00176647 0.00254905 0.00323076 0.00360692 0.00358405 0.00322846 0.00271518 0.00221684 0.00182072 0.00152282 0.00127656
 1.00799e-16 2.09139e-05 0.000203291 0.00135094 0.00614122 0.019108 0.0407142 0.0594384 0.0595089 0.0410588 0.0202644 0.00947923 0.00972228 0.0184531 0.0346072 0.056987 0.0816377 0.10171 0.110238 0.104017 0.0855634 0.0615446 0.038962 0.0220209 0.0114518 0.00579717
 1.14029e-16 2.19301e-05 0.000213168 0.00141658 0.00643958 0.0200361 0.04269 0.0623128 0.0623395 0.0428205 0.0204763 0.00771931 0.00465965 0.00739438 0.0139568 0.0238083 0.0360772 0.0490573 0.0608605 0.0703518 0.0774025 0.082187 0.0842776 0.0825429 0.0760164 0.0649217
 1.12275e-16 5.88839e-05 0.000572372 0.00380362 0.0172907 0.0537978 0.114622 0.167297 0.167308 0.114677 0.0539812 0.0178219 0.00514328 0.00351766 0.00571514 0.00952397 0.0141234 0.0186556 0.0223178 0.0248275 0.0265841 0.0282943 0.0303477 0.0324509 0.0337811 0.0334867
 1.01644e-16 7.33937e-05 0.000713413 0.00474088 0.0215514 0.0670544 0.142867 0.20852 0.208529 0.14291 0.0671982 0.0219667 0.0057831 0.00298775 0.00439044 0.00713638 0.0102608 0.0128802 0.0141526 0.0137012 0.0118431 0.00938216 0.00713249 0.00553749 0.00460414 0.00408492
 1.00279e-16 7.44958e-05 0.000724126 0.00481207 0.021875 0.0680612 0.145012 0.211651 0.21166 0.145054 0.0682029 0.0222841 0.00583837 0.00296244 0.00431924 0.00700629 0.010047 0.0125525 0.0136721 0.0130143 0.0108797 0.0080661 0.00540559 0.00338931 0.00209366 0.0013429
 1.00297e-16 7.11664e-05 0.000691763 0.00459701 0.0208973 0.0650195 0.138531 0.202193 0.202205 0.138591 0.0652215 0.0214808 0.00606062 0.00388389 0.00612489 0.0099901 0.01433 0.0179051 0.0195039 0.0185664 0.0155187 0.0114951 0.0076797 0.00477303 0.00288782 0.0017805
 1.00609e-16 6.49562e-05 0.000631397 0.00419586 0.0190738 0.0593457 0.126443 0.184551 0.18457 0.126534 0.0596524 0.0199595 0.00641825 0.00547963 0.00926293 0.0151849 0.021807 0.027292 0.0298117 0.0285177 0.0240451 0.018091 0.0124193 0.0080634 0.00517979 0.00340588
 1.00839e-16 6.73375e-05 0.000654544 0.00434968 0.019773 0.0615213 0.131078 0.191316 0.191331 0.131153 0.0617727 0.0204991 0.00617216 0.0046325 0.00762052 0.012487 0.0179694 0.0225691 0.0248027 0.0239783 0.0205972 0.0160062 0.011591 0.00814282 0.00576047 0.00415536
 1.00559e-16 7.12089e-05 0.000692175 0.00459975 0.0209098 0.0650582 0.138614 0.202313 0.202325 0.138671 0.0652499 0.0214633 0.00598875 0.00372301 0.00582324 0.00950342 0.0136572 0.0171183 0.0187486 0.0180203 0.0153263 0.0117144 0.00826792 0.00561252 0.00383198 0.00269648
 1.00077e-16 8.03007e-05 0.000780552 0.00518704 0.0235795 0.0733647 0.156311 0.228141 0.228144 0.156322 0.0734012 0.0236851 0.00545178 0.00135805 0.00117584 0.00181349 0.00259672 0.0032485 0.0035465 0.00338957 0.00285387 0.00214239 0.00146617 0.000948843 0.000608934 0.000402409
 1.00518e-16 2.49106e-05 0.000242139 0.00160911 0.0073148 0.0227594 0.0484938 0.0707919 0.0708581 0.0488168 0.0238436 0.0104444 0.00945785 0.0173525 0.0324513 0.0534272 0.0765341 0.0953432 0.10332 0.0974549 0.0801044 0.0575183 0.036265 0.0202969 0.0103131 0.00496185
 1.00574e-16 7.9608e-05 0.000773818 0.00514229 0.0233761 0.0727318 0.154963 0.226173 0.226174 0.15497 0.0727551 0.0234437 0.00531306 0.00115069 0.000807256 0.00123942 0.00184913 0.00247285 0.00299708 0.00336048 0.00356869 0.00365828 0.0036425 0.00349343 0.00317479 0.00268984
 1.0057e-16 5.06495e-05 0.000492331 0.00327171 0.0148728 0.0462749 0.0985948 0.14391 0.143946 0.0987724 0.046871 0.0165935 0.00758702 0.00989958 0.0178782 0.0293752 0.0420746 0.0524131 0.0567993 0.0535846 0.0440752 0.0317168 0.0201246 0.0114641 0.00609923 0.00325862
 1.02302e-16 5.94515e-05 0.00057789 0.00384028 0.0174574 0.0543165 0.115728 0.168912 0.168932 0.115824 0.0546411 0.0183959 0.00619912 0.00573732 0.00988737 0.0163271 0.023687 0.0301413 0.0338479 0.0339186 0.0308922 0.0262766 0.0215627 0.0175137 0.0141471 0.0111773
 1.01773e-16 6.47269e-05 0.000629169 0.00418105 0.0190065 0.0591362 0.125997 0.183899 0.183916 0.12608 0.0594153 0.0198128 0.00620536 0.00504937 0.00846278 0.0138968 0.0200326 0.0252331 0.0278732 0.0272002 0.0237712 0.0190568 0.0145457 0.0110497 0.00861315 0.00687256
 1.00913e-16 6.95129e-05 0.00067569 0.0044902 0.0204118 0.0635087 0.135313 0.197495 0.197508 0.135376 0.0637224 0.0210291 0.00603951 0.00405732 0.0064902 0.0106151 0.0152738 0.0191829 0.0210824 0.0203878 0.017531 0.0136625 0.00996324 0.00710271 0.00515445 0.00385735
 1.03006e-16 1.85374e-05 0.000180191 0.00119743 0.0054434 0.0169368 0.0360881 0.0526858 0.0527534 0.036418 0.018044 0.0086407 0.00922017 0.0176841 0.0332327 0.0548342 0.0788064 0.0987113 0.107984 0.103576 0.0877728 0.0666675 0.0465707 0.0311447 0.0208977 0.0144913
 1.0394e-16 6.86528e-05 0.00066733 0.00443464 0.0201592 0.0627229 0.133638 0.19505 0.195055 0.133665 0.0628134 0.0204227 0.00510297 0.00214976 0.00295272 0.00495155 0.00754172 0.0103475 0.0130047 0.0152976 0.017193 0.0186861 0.0196156 0.0196594 0.0185402 0.0162608
 1.02762e-16 5.28311e-05 0.000513537 0.00341264 0.0155134 0.048268 0.102841 0.150106 0.150138 0.102994 0.0487792 0.0169893 0.00711517 0.00858888 0.0153681 0.0252682 0.0362691 0.0453525 0.0494899 0.0473091 0.0399377 0.0302815 0.0213285 0.0147767 0.0107729 0.00853408
 1.05905e-16 3.18735e-05 0.000309822 0.00205888 0.00935939 0.0291208 0.0620465 0.090568 0.0906126 0.0622643 0.0298525 0.0114742 0.00737271 0.0119273 0.0221461 0.036692 0.0531538 0.0674606 0.0754441 0.0751204 0.0677842 0.0569724 0.0462014 0.0372973 0.0302972 0.0244316
 1.0418e-16 6.66033e-05 0.000647408 0.00430225 0.0195574 0.0608504 0.129649 0.189228 0.189238 0.129696 0.0610108 0.0200217 0.00547235 0.00321692 0.00499117 0.00826283 0.0121701 0.0158782 0.0185708 0.0198562 0.0199467 0.0194042 0.0186766 0.0178251 0.0166201 0.0148414
 1.02023e-16 6.12007e-05 0.000594893 0.00395327 0.017971 0.0559146 0.119133 0.173882 0.173904 0.11924 0.0562735 0.0190073 0.00655352 0.00626777 0.0108249 0.0177728 0.0255363 0.031989 0.0350113 0.0336361 0.0286333 0.0220049 0.0158057 0.0111982 0.00828486 0.00654598
 1.04945e-16 2.26869e-05 0.000220525 0.00146547 0.00666184 0.0207278 0.0441649 0.0644721 0.06453 0.044448 0.0216787 0.0094089 0.00836261 0.0152824 0.0286433 0.0473562 0.0683036 0.0860666 0.0951074 0.0928271 0.0810669 0.0647779 0.0490019 0.0365375 0.0276417 0.0212239
 1.15098e-16 3.16868e-05 0.000308007 0.00204682 0.00930454 0.02895 0.061682 0.0900316 0.0900555 0.0617988 0.0293435 0.0104469 0.00493623 0.006688 0.0123607 0.0209386 0.0314521 0.0422501 0.051585 0.0585331 0.063283 0.0664751 0.0682298 0.0678179 0.0642519 0.0571991
 1.02722e-16 7.58003e-05 0.000736806 0.00489634 0.022258 0.069253 0.147551 0.215356 0.21536 0.147572 0.0693221 0.0224578 0.00539896 0.00183784 0.00217834 0.00351225 0.00512742 0.00661257 0.00761074 0.00797643 0.00785838 0.00758055 0.00741166 0.00740627 0.0074175 0.00723239
pSPR Fmed_Fpbrs
0.258112   0.6 0.325
Fs Fmed_Fpbrs
0.958902   0.30642 0.762314
SSBpbr Bo_Bmed_Bpbrs
1.29592e+06  269697  712756 356378
Ro
78368.3
SPR SPRFo_SPRFmed_SPRFpbrs
559363 144378 181793
Fref
0.30642
Nvult_r0
 99975.3 3315.84 1006.97 1058.93 174.703
CTP_r0
 40056.7 1644.93 505.88 532.338 87.8288
YTP_r0
391109
Np
 98594 29618.3 6340.34 143.151 53.6401
Nvult_p0
 68975.8 21533.2 4622.7 104.386 39.115
CTP_p0
 11621.2 3880.62 90.2656 26.6586 31.7389
 11621.2 4948.48 1083.08 24.4823 9.17438
YTP_p0
 151796 190666
CBA_c0
163457
log_Ro
11.0892
likeval ReclasPelacesDesembMPH_pf_preclas_ppelaces_ptallas_desvR_qrecl_qpela
 13.4693 16.5271 0.0992689 0.000854799 267.203 116.909 107.489 0 38.4071 0.00010219 0.000246203 0.0163424 7.04277e-16 0 0
q_reclas_q_pelaces
4.18905 9.3216
M
1
N
 52693.7 25925.2 58727.2 7554.13 0.131305
 40221.1 15435.4 6818.98 15315.1 1969.12
 139343 7850.79 2233.06 963.303 2438.55
 59361.7 27121.2 1131.03 314.106 477.869
 23888.6 7459.2 2051.27 82.161 57.4017
 280555 3737.39 779.084 207.476 14.0911
 36410.3 73161.2 828.338 170.455 48.4424
 10708.8 6040.58 8330.87 91.5433 24.1518
 26419.7 3139.94 1591.1 2175.75 30.2017
 36934 3711.91 279.919 136.806 189.302
 44118 2533.23 115.11 8.14984 9.46133
 106401 11719.9 576.978 25.8992 3.95973
 82845.6 14911 1040.89 49.4192 2.55243
 67513.3 12129.1 1412.42 95.2421 4.74655
 44738.8 5439.68 476.795 52.4436 3.70116
 254775 4242.6 271.82 22.6425 2.6589
 25602.3 41393.9 468.466 29.1069 2.7048
 433530 4016.27 4340.57 47.5756 3.22506
 225921 95339.5 692.588 734.185 8.58368
 198114 38792.3 11420.2 80.6209 86.3285
 224930 33410.1 4525.06 1293.69 18.8814
 390630 42425.7 4595.68 607.013 175.836
 34792.3 69233.4 5324.69 561.18 95.4507
 178623 7173.68 10857.8 817.104 100.645
 137499 42282.1 1378.69 2052.47 173.327
 44370.5 32040.3 7940.3 254.506 410.499
 136888 10476.5 6134.88 1495.25 125.112
 173429 30733.3 1862.57 1070.65 282.497
 36305.9 45876.4 6956.38 416.395 302.303
 22237.2 9611.32 10395.9 1557 160.751
 123202 3844.26 1162.84 1222.59 201.701
pred_Ctot
 6913.59 4799.88 11113 1431.13 0.0248773
 12557.1 6373.38 2863.65 6437.4 827.719
 43652.6 3251.47 940.591 406.119 1028.12
 26879.6 15359.9 648.876 180.326 274.352
 9288.12 3723.11 1039.07 41.651 29.1006
 53094.7 978.338 208.123 55.4844 3.76853
 13463.4 34991.7 402.285 82.8491 23.5463
 1399.58 1114.22 1570.63 17.2788 4.55894
 11137.3 1676.95 861.579 1179.03 16.3668
 21562.9 2561.27 194.922 95.3113 131.888
 7957.42 633.967 29.4051 2.08417 2.41969
 44932.8 6268.4 312.883 14.0548 2.14893
 33911.2 7771.08 550.21 26.1425 1.35027
 37427.6 8051.8 947.026 63.8934 3.18432
 23305.2 3443.14 305.116 33.5797 2.36993
 95960.9 2061.31 134.076 11.1774 1.31262
 9932.57 20622.7 236.866 14.7286 1.36873
 114891 1432.72 1576.9 17.3007 1.17284
 80923.8 44373.1 327.421 347.374 4.06147
 72172.4 18318.5 5476.84 38.6953 41.4365
 73091.6 14289.1 1967.64 563.031 8.2178
 135648 19224.4 2115.9 279.711 81.0286
 10127.2 26865.4 2102.7 221.814 37.73
 41719.7 2281.35 3519.55 265.131 32.6586
 33059 13807.5 458.816 683.728 57.7425
 10412.6 10233.7 2584.95 82.9381 133.78
 35091.5 3626.66 2163.31 527.778 44.163
 31635.5 7772.97 480.821 276.688 73.01
 6608.98 11580.5 1792.34 107.403 77.979
 7913.71 4448.39 4887.59 732.626 75.6429
 40056.7 1644.93 505.88 532.338 87.8288
F
 0.227835 0.335506 0.344064 0.344527 0.344551
 0.633776 0.933291 0.957097 0.958383 0.958451
 0.636623 0.937483 0.961396 0.962689 0.962757
 1.0742 1.58186 1.62221 1.62439 1.6245
 0.855014 1.25908 1.2912 1.29294 1.29303
 0.344104 0.506723 0.519648 0.520347 0.520383
 0.796351 1.1727 1.20261 1.20423 1.20431
 0.226862 0.334074 0.342596 0.343056 0.343081
 0.962563 1.41746 1.45361 1.45557 1.45567
 1.67964 2.47341 2.5365 2.53991 2.54009
 0.325581 0.479447 0.491676 0.492337 0.492372
 0.965113 1.42121 1.45747 1.45942 1.45953
 0.921369 1.3568 1.39141 1.39328 1.39337
 1.5186 2.23628 2.29332 2.2964 2.29657
 1.35567 1.99634 2.04726 2.05001 2.05016
 0.817246 1.20347 1.23416 1.23582 1.23591
 0.852329 1.25513 1.28714 1.28888 1.28897
 0.514517 0.757672 0.776998 0.778043 0.778098
 0.761962 1.12206 1.15068 1.15222 1.15231
 0.779981 1.14859 1.17789 1.17947 1.17956
 0.668036 0.983742 1.00883 1.01019 1.01026
 0.730278 1.0754 1.10283 1.10431 1.10439
 0.578978 0.852595 0.874343 0.875518 0.87558
 0.440913 0.649284 0.665845 0.66674 0.666788
 0.45662 0.672413 0.689564 0.690491 0.69054
 0.443439 0.653003 0.669659 0.670559 0.670607
 0.493812 0.727181 0.74573 0.746732 0.746785
 0.32982 0.485689 0.498078 0.498747 0.498783
 0.32904 0.48454 0.4969 0.497568 0.497603
 0.755184 1.11207 1.14044 1.14197 1.14205
 0.668519 0.984454 1.00956 1.01092 1.01099
YTP_r0W_actual
 332471 23193.6 13962.3 18206 3276.01
YTP_p0W_proyectada
 87042.5 60809.3 2087.84 782.964 1073.73
 87042.5 77542.6 25051.6 719.046 310.369
CTP_r0_actual
 40056.7 1644.93 505.88 532.338 87.8288
CTP_p0_proyectada
 11621.2 3880.62 90.2656 26.6586 31.7389
 11621.2 4948.48 1083.08 24.4823 9.17438
Wmedp
 7.49 15.67 23.13 29.37 33.83
Frms_r0
 0.668519 0.984454 1.00956 1.01092 1.01099
Zrms_r0
 1.66852 1.98445 2.00956 2.01092 2.01099
nmprior
 8.19 8.8 8.5 0
nm_flota  nm_reclas  nm_pelaces    nm_pelaL
inf 21.8593 7.52593 13.7889
cv_recla  cv_pelaces  cv_mph
0.331969 0.460967 0.902272
 ------------------------------------------------
Talla a la edad & desviaci?n 
 8 13.2811 15.8009 17.003 17.5766
 0.8 1.32811 1.58009 1.7003 1.75766
