years
 1991 1992 1993 1994 1995 1996 1997 1998 1999 2000 2001 2002 2003 2004 2005 2006 2007 2008 2009 2010 2011 2012 2013 2014 2015 2016 2017 2018 2019 2020 2021
reclasobs
 0 0 0 0 0 0 0 0 0 252601 567819 844713 477998 351125 339783 2.1784e+06 2.13404e+06 4.81314e+06 1.55562e+06 2.62356e+06 3.21686e+06 3.843e+06 1.13348e+06 3.07943e+06 1.97215e+06 2.03268e+06 2.025e+06 2.42433e+06 2.27542e+06 1.05018e+06 2.36338e+06
reclaspred
 3.34136e+06 1.9349e+06 984058 965847 958579 1.42893e+06 1.01692e+06 925167 683629 517577 511620 621838 629984 534410 548259 1.24235e+06 1.29437e+06 2.56427e+06 2.17568e+06 1.67453e+06 2.99063e+06 2.43727e+06 2.02201e+06 3.02732e+06 2.30095e+06 2.0358e+06 2.35836e+06 2.45388e+06 2.07904e+06 1.37569e+06 1.91577e+06
pelacesobs
 0 0 0 0 0 0 0 0 0 0 0 0 0 0 0 552880 188675 0 991730 2.46772e+06 1.41603e+06 1.21717e+06 2.29649e+06 1.80582e+06 0 1.4828e+06 1.56532e+06 1.57751e+06 1.42118e+06 867257 1.10002e+06
pelacespred
 1.88669e+06 1.23751e+06 646686 515245 511296 786792 554482 571350 428362 314065 310640 322607 354786 329623 339099 628483 648412 1.44389e+06 1.30504e+06 944296 1.55956e+06 1.4371e+06 1.15648e+06 1.86083e+06 1.38745e+06 1.21268e+06 1.5883e+06 1.63436e+06 1.14157e+06 866240 1.20136e+06
mphobs
 0 0 0 0 0 0 0 0 0 0 0 498337 0 5186 125008 0 168611 109162 213762 579715 649985 157893 87575 83554 0 0 0 0 0 0 0
mphpred
 489453 330136 171766 92444.5 102547 111417 146303 105975 90703.2 66362.3 45538.8 58172.6 63822.6 57501.8 44708.7 54577 144710 146538 251872 202837 220631 271235 259251 220146 296101 245019 202516 211803 286786 204216 132190
desembarqueobs
 494567 514787 250237 358949 120608 361735 552515 73892 212993 205616 52469 317467 293654 387597 252695 516296 358380 742168 942051 627588 828172 859565 418607 520667 417249 300574 415391 372974 316634 284311 391294
desembarquepred
 494572 513010 251151 358963 120610 361743 552551 73894.1 213020 205641 52470.5 317516 293697 387650 252701 516289 358395 742123 941965 627535 828215 859596 418617 520681 417252 300576 415393 372969 316634 284318 391296
Reclutas
 299537 179085 172064 333614 266838 437536 185581 91190.7 82501.3 106046 190438 229655 194955 138821 148402 755087 181718 1.11246e+06 661594 500482 790509 1.04993e+06 234389 699082 581709 264855 589660 657116 197639 149395 568938
log_desv_Rt
 -0.00291741 -0.517291 -0.557289 0.10483 -0.118512 0.376005 -0.48166 -1.1922 -1.29234 -1.04128 -0.455825 -0.268575 -0.432385 -0.771972 -0.705228 0.921679 -0.502699 1.30917 0.789498 0.510419 0.967524 1.25132 -0.248174 0.844614 0.660817 -0.125973 0.674392 0.782706 -0.418714 -0.698561 0.638617
SSB
 6.69884e+06 4.51837e+06 2.35085e+06 1.26523e+06 1.4035e+06 1.52489e+06 2.00236e+06 1.45042e+06 1.2414e+06 908261 623261 796173 873500 786991 611901 746962 1.98056e+06 2.00557e+06 3.44722e+06 2.77611e+06 3.01964e+06 3.71222e+06 3.54821e+06 3.013e+06 4.05255e+06 3.35342e+06 2.77171e+06 2.89881e+06 3.92507e+06 2.79498e+06 1.8092e+06
BT
 8.66066e+06 5.91892e+06 3.08284e+06 2.55793e+06 2.32866e+06 3.74676e+06 2.92106e+06 2.55967e+06 2.08262e+06 1.57271e+06 1.40328e+06 1.67991e+06 1.81904e+06 1.84536e+06 1.73596e+06 3.16808e+06 3.11419e+06 6.96337e+06 6.61641e+06 4.69492e+06 7.48648e+06 7.08967e+06 5.41931e+06 8.61249e+06 6.44497e+06 5.56504e+06 7.36203e+06 7.51278e+06 5.24762e+06 4.05915e+06 5.62467e+06
Ftot
 0.063766 0.113559 0.10956 0.161894 0.054933 0.111221 0.231727 0.0348316 0.135044 0.171474 0.045454 0.22118 0.201918 0.311802 0.202014 0.184393 0.119712 0.128105 0.187448 0.162526 0.121217 0.153775 0.089503 0.0761053 0.0789718 0.0642181 0.077799 0.0673736 0.0655921 0.0892552 0.0906923
BD_Bspro_t
 0.989849 0.921932 0.832441 0.773731 0.767328 0.812191 0.804845 0.706412 0.746131 0.724598 0.705258 0.816434 0.733752 0.671543 0.599199 0.646437 0.75286 0.745482 0.793329 0.729865 0.710393 0.748511 0.761298 0.761701 0.830066 0.835587 0.840884 0.86064 0.884306 0.848641 0.811931
BD_Bspro
 3.12413 2.10723 1.09636 0.590065 0.654548 0.711162 0.93384 0.67643 0.57895 0.423585 0.29067 0.37131 0.407374 0.367028 0.285372 0.34836 0.92367 0.935337 1.60768 1.29469 1.40827 1.73127 1.65478 1.40517 1.88999 1.56393 1.29264 1.35192 1.83053 1.30349 0.843755
BD_Bo
 2.11813 1.42868 0.743322 0.400057 0.443776 0.48216 0.633133 0.458612 0.392521 0.287186 0.197071 0.251744 0.276195 0.248841 0.193479 0.236184 0.626237 0.634148 1.08999 0.877786 0.954789 1.17378 1.12192 0.952688 1.28139 1.06033 0.876395 0.916584 1.24108 0.883752 0.572056
BD_Brms
 3.85114 2.59759 1.35149 0.727377 0.806866 0.876654 1.15115 0.833839 0.713675 0.522156 0.358311 0.457717 0.502172 0.452438 0.351779 0.429426 1.13861 1.153 1.98179 1.59597 1.73598 2.13414 2.03985 1.73216 2.3298 1.92787 1.59345 1.66652 2.25651 1.60682 1.0401
Sel_flota
 0.938042 1 1 1 1
 0.938042 1 1 1 1
 0.938042 1 1 1 1
 0.938042 1 1 1 1
 0.938042 1 1 1 1
 0.938042 1 1 1 1
 0.938042 1 1 1 1
 0.938042 1 1 1 1
 0.938042 1 1 1 1
 0.938042 1 1 1 1
 0.938042 1 1 1 1
 0.938042 1 1 1 1
 0.938042 1 1 1 1
 0.938042 1 1 1 1
 0.938042 1 1 1 1
 0.938042 1 1 1 1
 0.938042 1 1 1 1
 0.938042 1 1 1 1
 0.938042 1 1 1 1
 0.938042 1 1 1 1
 0.938042 1 1 1 1
 0.938042 1 1 1 1
 0.938042 1 1 1 1
 0.938042 1 1 1 1
 0.938042 1 1 1 1
 0.938042 1 1 1 1
 0.938042 1 1 1 1
 0.938042 1 1 1 1
 0.938042 1 1 1 1
 0.938042 1 1 1 1
 0.938042 1 1 1 1
Sel_reclas
 1 1 1 1 1
 1 1 1 1 1
 1 1 1 1 1
 1 1 1 1 1
 1 1 1 1 1
 1 1 1 1 1
 1 1 1 1 1
 1 1 1 1 1
 1 1 1 1 1
 1 1 1 1 1
 1 1 1 1 1
 1 1 1 1 1
 1 1 1 1 1
 1 1 1 1 1
 1 1 1 1 1
 1 1 1 1 1
 1 1 1 1 1
 1 1 1 1 1
 1 1 1 1 1
 1 1 1 1 1
 1 1 1 1 1
 1 1 1 1 1
 1 1 1 1 1
 1 1 1 1 1
 1 1 1 1 1
 1 1 1 1 1
 1 1 1 1 1
 1 1 1 1 1
 1 1 1 1 1
 1 1 1 1 1
 1 1 1 1 1
Sel_pelaces
 1 1 1 1 1
 1 1 1 1 1
 1 1 1 1 1
 1 1 1 1 1
 1 1 1 1 1
 1 1 1 1 1
 1 1 1 1 1
 1 1 1 1 1
 1 1 1 1 1
 1 1 1 1 1
 1 1 1 1 1
 1 1 1 1 1
 1 1 1 1 1
 1 1 1 1 1
 1 1 1 1 1
 1 1 1 1 1
 1 1 1 1 1
 1 1 1 1 1
 1 1 1 1 1
 1 1 1 1 1
 1 1 1 1 1
 1 1 1 1 1
 1 1 1 1 1
 1 1 1 1 1
 1 1 1 1 1
 1 1 1 1 1
 1 1 1 1 1
 1 1 1 1 1
 1 1 1 1 1
 1 1 1 1 1
 1 1 1 1 1
pf_obs 
 0.8446 0.082 0.0669 0.0065 0
 0.8095 0.147 0.0364 0.0071 0
 0.9664 0.0169 0.016 0.0007 0
 0.9276 0.0648 0.0075 0.0001 0
 0.7033 0.2144 0.0806 0.0017 0
 0.9318 0.0425 0.0243 0.0014 0
 0.5671 0.3108 0.0964 0.0239 0.0018
 0.0768 0.2599 0.5324 0.112 0.0189
 0.490249 0.384438 0.106611 0.0170017 0.00170017
 0.7925 0.1577 0.0466 0.003 0.0002
 0.840416 0.127587 0.0312969 0.00059994 9.999e-05
 0.8084 0.0986 0.0794 0.0134 0.0002
 0.7335 0.1905 0.0724 0.0035 0.0001
 0.4001 0.4547 0.1325 0.0127 0
 0.49795 0.308269 0.164784 0.0264974 0.00249975
 0.9179 0.0499 0.0305 0.0017 0
 0.2467 0.6533 0.0926 0.0074 0
 0.9418 0.0223 0.034 0.0019 0
 0.707729 0.231977 0.0356964 0.0245975 0
 0.517169 0.277429 0.184464 0.0207286 0.00020938
 0.811772 0.124168 0.05621 0.00726502 0.000585176
 0.764997 0.148141 0.077277 0.00933861 0.000247198
 0.163321 0.427699 0.378323 0.0303852 0.000271297
 0.753843 0.0900009 0.118128 0.0371064 0.000921714
 0.721811 0.176058 0.0630433 0.0369309 0.00215725
 0.143369 0.312575 0.442814 0.0836902 0.0175525
 0.692698 0.0596174 0.167031 0.0765114 0.00414204
 0.394062 0.376323 0.152708 0.0712218 0.00568511
 0.125707 0.32114 0.495352 0.0537591 0.00404204
 0.23352 0.215282 0.420074 0.123614 0.00750983
 0.796117 0.104755 0.0508955 0.0450114 0.00322123
pf_pred 
 0.410447 0.105472 0.460272 0.0238086 7.1375e-07
 0.40912 0.252055 0.0606162 0.264525 0.0136836
 0.537749 0.196772 0.113247 0.0272345 0.124998
 0.75315 0.136902 0.0468031 0.0269362 0.0362091
 0.645493 0.271523 0.0460222 0.0157338 0.0212275
 0.744608 0.168671 0.0664217 0.0112583 0.00904172
 0.477638 0.395599 0.0837187 0.032968 0.0100758
 0.435883 0.27967 0.21542 0.0455882 0.0234391
 0.519458 0.217196 0.130558 0.100564 0.0322239
 0.667219 0.178581 0.0696957 0.0418944 0.04261
 0.786124 0.145999 0.0364245 0.0142156 0.0172361
 0.72 0.223146 0.038811 0.00968272 0.00836079
 0.662829 0.24759 0.0713918 0.0124169 0.00577272
 0.600071 0.271393 0.0943859 0.0272159 0.00693423
 0.694061 0.189096 0.0792902 0.0275758 0.00997729
 0.917827 0.0582619 0.014779 0.00619701 0.002935
 0.403127 0.55092 0.032582 0.00826489 0.00510691
 0.880289 0.0502397 0.0641227 0.00379228 0.00155637
 0.603888 0.351485 0.0187288 0.0239042 0.00199392
 0.589039 0.255089 0.138311 0.00736989 0.0101911
 0.740306 0.157338 0.0635337 0.0344484 0.00437381
 0.741551 0.194674 0.0386388 0.0156025 0.0095339
 0.332165 0.503993 0.123412 0.0244947 0.015935
 0.742116 0.0895482 0.127037 0.0311075 0.0101908
 0.632786 0.277129 0.0312814 0.0443772 0.0144265
 0.448033 0.357771 0.146556 0.0165427 0.0310976
 0.737262 0.122036 0.0911992 0.0373585 0.012144
 0.696644 0.227515 0.0352264 0.0263252 0.0142892
 0.367653 0.449278 0.137301 0.0212584 0.0245099
 0.440488 0.21441 0.245193 0.0749317 0.024978
 0.828698 0.0783044 0.0356373 0.0407538 0.0166061
pobs_RECLAS
 0 0 0 0 0
 0 0 0 0 0
 0 0 0 0 0
 0 0 0 0 0
 0 0 0 0 0
 0 0 0 0 0
 0 0 0 0 0
 0 0 0 0 0
 0 0 0 0 0
 0 0 0 0 0
 0.991045 0.00858322 0.000360255 1.14367e-05 0
 0.934742 0.0480273 0.0164251 0.00080598 0
 0.827803 0.169806 0.00239088 0 0
 0.941827 0.0461693 0.0120037 0 0
 0.791401 0.0380133 0.147996 0.0225897 0
 0.846168 0.0940531 0.0597789 0 0
 0.134021 0.677848 0.182769 0.00536245 0
 0.80878 0.0450904 0.141981 0.00414843 0
 0.846168 0.0940531 0.0597789 0 0
 0.905697 0.0802665 0.012482 0.00150086 5.37128e-05
 0.989698 0.0102097 9.19794e-05 0 0
 0.975433 0.0193895 0.00387452 0.00125025 5.28907e-05
 0.303575 0.632131 0.0575291 0.00676475 0
 0.966965 0.00978017 0.0227588 0.000495775 0
 0.843318 0.132988 0.00938335 0.0141283 0.000182051
 0.564624 0.303363 0.111486 0.0197234 0.00080311
 0.826376 0.0876187 0.0782897 0.00655872 0.00115652
 0.89761 0.0855135 0.0140674 0.00269457 0.000114338
 0.34875 0.467042 0.161289 0.0227151 0.000203297
 0.318654 0.224769 0.449479 0.00709798 0
 0.937255 0.0296025 0.0250945 0.00804832 0
ppred_RECLAS
 0.426092 0.102673 0.448057 0.0231768 6.94809e-07
 0.424823 0.245357 0.0590053 0.257496 0.0133199
 0.553756 0.189958 0.109325 0.0262914 0.120669
 0.765018 0.13032 0.0445529 0.0256412 0.0344682
 0.660056 0.260369 0.0441317 0.0150875 0.0203556
 0.756694 0.160688 0.0632783 0.0107255 0.00861382
 0.493971 0.38323 0.0811011 0.0319372 0.00976073
 0.451715 0.271821 0.209374 0.0443088 0.0227813
 0.535591 0.209905 0.126174 0.0971877 0.031142
 0.681485 0.170925 0.0667079 0.0400984 0.0407833
 0.79672 0.138766 0.0346199 0.0135113 0.0163821
 0.732976 0.212804 0.0370123 0.00923398 0.00797332
 0.677237 0.23701 0.0683409 0.0118863 0.00552603
 0.615801 0.260719 0.0906737 0.0261454 0.0066615
 0.707723 0.180651 0.0757493 0.0263443 0.00953173
 0.922602 0.0548762 0.0139202 0.00583689 0.00276444
 0.418772 0.536479 0.0317279 0.00804825 0.00497305
 0.88694 0.0474484 0.0605601 0.00358159 0.0014699
 0.619346 0.337769 0.017998 0.0229714 0.00191611
 0.604656 0.245395 0.133055 0.00708981 0.00980378
 0.752541 0.149926 0.0605406 0.0328255 0.00416776
 0.753784 0.18546 0.0368098 0.014864 0.00908262
 0.346614 0.493089 0.120742 0.0239648 0.0155903
 0.754243 0.0853373 0.121063 0.0296447 0.00971157
 0.647616 0.265937 0.030018 0.042585 0.0138439
 0.463983 0.347432 0.142321 0.0160647 0.0301989
 0.749542 0.116332 0.0869367 0.0356125 0.0115764
 0.710063 0.217451 0.0336681 0.0251606 0.0136571
 0.382728 0.438567 0.134028 0.0207516 0.0239256
 0.456428 0.208301 0.238207 0.0727969 0.0242664
 0.837656 0.0742097 0.0337738 0.0386227 0.0157378
pobs_PELACES
 0 0 0 0 0
 0 0 0 0 0
 0 0 0 0 0
 0 0 0 0 0
 0 0 0 0 0
 0 0 0 0 0
 0 0 0 0 0
 0 0 0 0 0
 0 0 0 0 0
 0 0 0 0 0
 0 0 0 0 0
 0 0 0 0 0
 0 0 0 0 0
 0 0 0 0 0
 0 0 0 0 0
 0 0 0 0 0
 0.505614 0.472636 0.0217494 0 0
 0 0 0 0 0
 0.443492 0.261883 0.143347 0.151278 0
 0.227955 0.32914 0.350689 0.0885471 0.00366901
 0.970185 0.0296113 0.000203453 0 0
 0.997202 0.00247181 0.000326279 0 0
 0.445219 0.490057 0.0546422 0.010081 0
 0.90214 0.0892962 0.00764917 0.000914606 0
 0 0 0 0 0
 0.581667 0.319106 0.0959925 0.00289975 0.000334073
 0.762889 0.0836404 0.116647 0.0363945 0.000428098
 0.88444 0.0763242 0.0277011 0.0115352 0
 0.521256 0.241999 0.230069 0.00667565 0
 0.616807 0.101726 0.260614 0.0208532 0
 0.833518 0.0704572 0.0857862 0.0102388 0
ppred_PELACES
 0.426411 0.102616 0.447808 0.0231639 6.94423e-07
 0.42539 0.245115 0.0589471 0.257241 0.0133068
 0.554309 0.189723 0.10919 0.0262588 0.120519
 0.765612 0.12999 0.0444402 0.0255763 0.034381
 0.660308 0.260176 0.044099 0.0150763 0.0203405
 0.757113 0.160412 0.0631695 0.010707 0.008599
 0.495156 0.382333 0.0809112 0.0318625 0.00973789
 0.451891 0.271733 0.209307 0.0442945 0.0227739
 0.536278 0.209594 0.125988 0.097044 0.031096
 0.682246 0.170517 0.0665486 0.0400027 0.040686
 0.796871 0.138663 0.0345943 0.0135013 0.01637
 0.73386 0.2121 0.0368898 0.00920341 0.00794692
 0.678139 0.236347 0.06815 0.0118531 0.00551059
 0.617308 0.259696 0.0903179 0.0260429 0.00663537
 0.708577 0.180124 0.075528 0.0262674 0.00950389
 0.922871 0.0546857 0.0138718 0.00581662 0.00275484
 0.419368 0.535929 0.0316954 0.00804 0.00496795
 0.887202 0.0473383 0.0604195 0.00357327 0.00146649
 0.620249 0.336968 0.0179553 0.0229169 0.00191157
 0.60545 0.244902 0.132788 0.00707557 0.00978409
 0.753002 0.149646 0.0604278 0.0327643 0.00415999
 0.754367 0.18502 0.0367227 0.0148288 0.00906111
 0.347029 0.492776 0.120665 0.0239496 0.0155804
 0.754531 0.0852372 0.120921 0.0296099 0.00970018
 0.647985 0.265659 0.0299867 0.0425405 0.0138294
 0.46431 0.347221 0.142234 0.0160549 0.0301805
 0.749841 0.116193 0.0868331 0.03557 0.0115626
 0.710347 0.217238 0.0336351 0.025136 0.0136437
 0.383045 0.438342 0.133959 0.0207409 0.0239133
 0.456881 0.208128 0.238009 0.0727363 0.0242462
 0.837908 0.0740945 0.0337213 0.0385628 0.0157133
pobs_pel_tallas
 0 0 0 0 0 0 0 0 0 0 0 0 0 0 0 0 0 0 0 0 0 0 0 0 0 0
 0 0 0 0 0 0 0 0 0 0 0 0 0 0 0 0 0 0 0 0 0 0 0 0 0 0
 0 0 0 0 0 0 0 0 0 0 0 0 0 0 0 0 0 0 0 0 0 0 0 0 0 0
 0 0 0 0 0 0 0 0 0 0 0 0 0 0 0 0 0 0 0 0 0 0 0 0 0 0
 0 0 0 0 0 0 0 0 0 0 0 0 0 0 0 0 0 0 0 0 0 0 0 0 0 0
 0 0 0 0 0 0 0 0 0 0 0 0 0 0 0 0 0 0 0 0 0 0 0 0 0 0
 0 0 0 0 0 0 0 0 0 0 0 0 0 0 0 0 0 0 0 0 0 0 0 0 0 0
 0 0 0 0 0 0 0 0 0 0 0 0 0 0 0 0 0 0 0 0 0 0 0 0 0 0
 0 0 0 0 0 0 0 0 0 0 0 0 0 0 0 0 0 0 0 0 0 0 0 0 0 0
 0 0 0 0 0 0 0 0 0 0 0 0 0 0 0 0 0 0 0 0 0 0 0 0 0 0
 0 0 0 0 0 0 0 0 0 0 0 0 0 0 0 0 0 0 0 0 0 0 0 0 0 0
 0 0 0 0 0 0 0 0 0 0 0 0 0 0 0 0 0 0 0 0 0 0 0 0 0 0
 0.00862536 0 0 0.000197151 0.00414017 0.0128641 0.00837892 0.0270097 0.101434 0.158115 0.152841 0.127902 0.109271 0.109419 0.0830992 0.0579132 0.0238553 0.00714673 0.00463305 0.00128148 0.00103504 0.000492878 0.000147863 0.000147863 4.92878e-05 0
 0 0 0 0 0 0 0 0 0 0 0 0 0 0 0 0 0 0 0 0 0 0 0 0 0 0
 0 0 0 0 0 0 0 0.0054083 0.00873648 0.0413646 0.0450493 0.0745869 0.0622846 0.0627006 0.0613931 0.0827291 0.12552 0.122667 0.0946155 0.0697135 0.0546179 0.0294188 0.0215738 0.0213955 0.0102223 0.00600262
 0 0 0 0 0.00359764 0.0251062 0.0480494 0.140153 0.205849 0.193036 0.1447 0.116669 0.0760912 0.0342217 0.00950174 0.001854 0.000860785 0 0 0 0.000165536 0 0.000143464 0 0 0
 0 0 0 0 0 0 0 0.000145254 0.000435761 0.0275982 0.070085 0.0708112 0.156366 0.174668 0.174014 0.160142 0.0824315 0.0480064 0.0283245 0.00493863 0.00203355 0 0 0 0 0
 0 0 0 0 0 0 0 0 0 0 0 0 0 0 0 0 0 0 0 0 0 0 0 0 0 0
 0 0 1.00437e-05 0.000401748 0.00122533 0.00171747 0.00176769 0.0269171 0.070346 0.194647 0.189555 0.159765 0.064822 0.0314167 0.0384472 0.0292271 0.0345202 0.0313363 0.0194345 0.0106764 0.0143323 0.0359363 0.0279516 0.0138201 0.00172751 0
 0 0.0021121 0.0136068 0.0755702 0.200478 0.177729 0.0527432 0.0373336 0.0318909 0.0142505 0.0149659 0.0166563 0.0217959 0.0798694 0.0677717 0.0528807 0.04013 0.0224614 0.0357745 0.0225083 0.00881397 0.00855152 0.00135912 0.000746735 0 0
 0 0 0 0 5.4009e-05 0.00500934 0.000945158 0.0243581 0.138947 0.33067 0.221406 0.137944 0.0707744 0.0437923 0.0131692 0.00525238 0.0047753 0.00276346 9.45158e-05 9.00151e-06 2.25038e-05 9.00151e-06 4.50075e-06 0 0 0
 0.000866109 0.00284123 0.00948549 0.0512746 0.133035 0.25785 0.225252 0.132002 0.0553304 0.0519788 0.0540692 0.017754 0.00435017 0.00159236 0.00146478 0.000404838 0.000125132 0.000115318 0.000107957 0.000100596 0 0 0 0 0 0
 0 0 0 0 0.00144013 0.00171154 0.00461396 0.0210425 0.0478622 0.0707936 0.0888783 0.103762 0.0637923 0.0337046 0.0602308 0.124433 0.169614 0.0934646 0.0462172 0.0250306 0.0313229 0.00938855 0.002487 0.000210481 0 0
 0 0.00764035 0.051015 0.0998891 0.058973 0.0496711 0.0374665 0.0718981 0.12319 0.153886 0.159021 0.0857701 0.0377988 0.023471 0.0147837 0.00900784 0.00315554 0.000888139 0.00291439 0.00214683 0.00393193 0.00274676 0.000635225 9.99891e-05 0 0
 0 0 0 0 0 0 0 0 0 0 0 0 0 0 0 0 0 0 0 0 0 0 0 0 0 0
 0 0 0 0 0 0 0 0 0 0 0 0 0 0 0 0 0 0 0 0 0 0 0 0 0 0
 0 0 0 0 0 0 0 0 0 0 0 0 0 0 0 0 0 0 0 0 0 0 0 0 0 0
 0 0 0 0 0 0 0 0 0 0 0 0 0 0 0 0 0 0 0 0 0 0 0 0 0 0
 0 0 0 0 0 0 0 0 0 0 0 0 0 0 0 0 0 0 0 0 0 0 0 0 0 0
 0 0 0 0 0 0 0 0 0 0 0 0 0 0 0 0 0 0 0 0 0 0 0 0 0 0
 0 0 0 0 0 0 0 0 0 0 0 0 0 0 0 0 0 0 0 0 0 0 0 0 0 0
ppred_pel_tallas
 1.15273e-16 3.5123e-05 0.000341408 0.00226877 0.0103135 0.0320893 0.0683699 0.0997901 0.0998007 0.0684219 0.0322656 0.0108315 0.00360138 0.00335745 0.00607579 0.0108022 0.0174459 0.025859 0.0357626 0.0467887 0.0582778 0.0689184 0.0766855 0.0794324 0.0759144 0.0665506
 1.29814e-16 3.50389e-05 0.00034059 0.00226334 0.0102888 0.0320125 0.068207 0.0995551 0.0995788 0.0683231 0.0324029 0.0114183 0.00510596 0.0065727 0.011954 0.0199394 0.0293077 0.0381997 0.0448668 0.0488136 0.0512044 0.0540293 0.0586059 0.0645603 0.0699716 0.072443
 1.26229e-16 4.56578e-05 0.00044381 0.00294927 0.013407 0.0417142 0.0888772 0.129723 0.129741 0.0889674 0.0420175 0.0142853 0.00516207 0.00530206 0.00935569 0.0156192 0.0230407 0.0301696 0.0356075 0.0388606 0.0406718 0.0424527 0.0452402 0.0489874 0.0526308 0.0547284
 1.09699e-16 6.30625e-05 0.00061299 0.00407353 0.0185177 0.0576155 0.122756 0.179169 0.179182 0.122818 0.0578222 0.0191155 0.00557691 0.00390463 0.00634394 0.0104678 0.0152679 0.0196289 0.0224798 0.0233863 0.0228211 0.0218161 0.021265 0.0214195 0.0218854 0.021991
 1.06294e-16 5.43887e-05 0.000528678 0.00351325 0.0159707 0.049691 0.105873 0.15453 0.154555 0.105996 0.0501028 0.0171604 0.0065003 0.00705264 0.0124544 0.0205303 0.0296357 0.037416 0.0415173 0.0408807 0.0363778 0.0302081 0.0245506 0.0205196 0.0180297 0.016352
 1.04393e-16 6.23624e-05 0.000606185 0.00402831 0.0183121 0.0569759 0.121394 0.177181 0.177197 0.12147 0.0572309 0.0190496 0.00588271 0.004665 0.00780209 0.0128817 0.0187427 0.0239731 0.0271685 0.0276727 0.0259312 0.0231116 0.0203166 0.0180274 0.0161112 0.014207
 1.07276e-16 4.07854e-05 0.000396449 0.00263454 0.0119763 0.0372628 0.0793937 0.115885 0.115922 0.0795741 0.0378684 0.0137262 0.0070296 0.00999928 0.0183033 0.0302608 0.043746 0.0553509 0.0616266 0.0609928 0.0546587 0.0457385 0.0373045 0.0309084 0.0264391 0.0229609
 1.14406e-16 3.72218e-05 0.000361809 0.00240435 0.0109298 0.0340069 0.0724563 0.105758 0.105784 0.0725858 0.0344425 0.0121915 0.00558498 0.0073506 0.013444 0.0225175 0.0332567 0.0435525 0.0512427 0.0552972 0.0562935 0.0557121 0.0546784 0.0532399 0.0506524 0.0462197
 1.18684e-16 4.41726e-05 0.000429373 0.00285334 0.0129709 0.0403573 0.0859862 0.125504 0.125524 0.0860859 0.0406926 0.013942 0.00530058 0.00580395 0.0103479 0.0172951 0.0255295 0.0334452 0.0394613 0.0429444 0.04456 0.0456575 0.0471779 0.0489766 0.0500115 0.0490994
 1.12862e-16 5.61957e-05 0.000546242 0.00362997 0.0165013 0.0513419 0.10939 0.159661 0.159678 0.109471 0.0516133 0.0172865 0.00560536 0.00487362 0.0083201 0.0137884 0.0201543 0.025995 0.0299238 0.0313751 0.0309495 0.0299512 0.0294818 0.0298013 0.0303507 0.0302549
 1.05159e-16 6.56372e-05 0.000638017 0.00423985 0.0192737 0.0599679 0.127768 0.186484 0.186498 0.127834 0.0601877 0.0199093 0.00583659 0.00412884 0.00671076 0.0110318 0.0159856 0.0203212 0.0228175 0.0229349 0.0211348 0.018544 0.0162364 0.0146941 0.0137652 0.0129917
 1.03387e-16 6.04471e-05 0.000587568 0.0039046 0.0177497 0.0552261 0.117666 0.171741 0.171761 0.117766 0.0555618 0.0187194 0.00633926 0.00590461 0.0101649 0.016726 0.0241295 0.0304316 0.0336933 0.0330253 0.0291096 0.0237182 0.0186296 0.0147902 0.0122072 0.0103869
 1.04149e-16 5.58574e-05 0.000542954 0.00360812 0.016402 0.0510329 0.108732 0.158702 0.158725 0.108843 0.0514078 0.0174856 0.00633073 0.00649535 0.0113868 0.0188047 0.0272432 0.0345931 0.0387314 0.038665 0.0350844 0.0298223 0.024678 0.0205496 0.0173833 0.0146949
 1.06408e-16 5.08469e-05 0.00049425 0.00328446 0.0149307 0.0464551 0.0989785 0.144467 0.144492 0.0991013 0.0468677 0.0161234 0.00628277 0.00705424 0.0125527 0.0207851 0.0302038 0.0385449 0.0435245 0.0440813 0.0409606 0.0361003 0.0313424 0.0275099 0.0244012 0.0214104
 1.06469e-16 5.83646e-05 0.000567325 0.00377007 0.0171382 0.0533234 0.113612 0.165823 0.165841 0.113697 0.0536101 0.0179672 0.0058553 0.00513361 0.00877261 0.0145214 0.0211751 0.0271844 0.0310062 0.0319337 0.0304792 0.0279316 0.0254624 0.0235067 0.0217971 0.0198325
 1.01464e-16 7.60157e-05 0.000738899 0.00491025 0.0223213 0.0694498 0.14797 0.215968 0.215973 0.147996 0.0695365 0.0225719 0.00553989 0.00211534 0.00269589 0.00435184 0.00629817 0.00799859 0.00896354 0.00897273 0.00819915 0.00707926 0.00603403 0.00526083 0.00471944 0.00425875
 1.02699e-16 3.45429e-05 0.000335769 0.00223131 0.0101432 0.0315596 0.067243 0.0981539 0.0982055 0.067495 0.0324056 0.0125858 0.00835902 0.0137011 0.0253838 0.041821 0.0600333 0.0750564 0.0818545 0.0781094 0.0656265 0.0491638 0.033661 0.0219995 0.0145712 0.0102663
 1.02363e-16 7.30777e-05 0.000710341 0.00472047 0.0214586 0.0667656 0.142251 0.207621 0.207626 0.142274 0.0668422 0.0216809 0.00528257 0.0019507 0.00246759 0.00406479 0.00608306 0.00813687 0.00986881 0.0110865 0.0118213 0.0122056 0.0122881 0.0119675 0.0110986 0.00965521
 1.03227e-16 5.10891e-05 0.000496605 0.00330011 0.0150019 0.0466765 0.0994505 0.145158 0.14519 0.0996089 0.0472085 0.0165379 0.00715383 0.00890295 0.0159979 0.0263199 0.0378027 0.0473202 0.0517327 0.0496174 0.0421404 0.0323022 0.0231761 0.0164905 0.0123703 0.00999308
 1.0626e-16 4.98702e-05 0.000484756 0.00322137 0.0146439 0.0455628 0.0970772 0.141692 0.141716 0.0971934 0.0459532 0.0157736 0.00606441 0.0067153 0.0119534 0.0198664 0.0290403 0.0374058 0.042852 0.0443526 0.0424786 0.0388233 0.0348541 0.0311543 0.0275174 0.0235542
 1.05772e-16 6.20238e-05 0.000602893 0.00400644 0.0182127 0.0566665 0.120735 0.176219 0.176233 0.120805 0.0569047 0.0189014 0.00573883 0.00439665 0.00730253 0.0120684 0.0176026 0.0226134 0.0258286 0.0266756 0.025594 0.0236602 0.0218349 0.0204445 0.0192145 0.0176768
 1.04128e-16 6.21363e-05 0.000603987 0.0040137 0.0182457 0.0567693 0.120954 0.176539 0.176557 0.121041 0.0570623 0.0190923 0.0061399 0.00524912 0.00889501 0.0146362 0.0211487 0.0267488 0.0297674 0.0294484 0.0263922 0.0221264 0.0181548 0.0152325 0.0132885 0.0118317
 1.08647e-16 2.85844e-05 0.000277851 0.00184642 0.00839358 0.0261158 0.0556442 0.0812243 0.0812719 0.0558767 0.0268968 0.0106504 0.00751547 0.012667 0.0235977 0.0390712 0.0565264 0.0716002 0.0798459 0.079199 0.0711588 0.0596612 0.0486012 0.0399683 0.0336856 0.0286755
 1.08123e-16 6.21498e-05 0.000604118 0.00401458 0.0182497 0.0567816 0.120979 0.176575 0.176583 0.121021 0.0569201 0.0186521 0.00503356 0.00285768 0.00442774 0.00744634 0.0112481 0.0152544 0.0188986 0.0219006 0.0243436 0.02642 0.0280775 0.0289137 0.0284145 0.026321
 1.0754e-16 5.33737e-05 0.000518811 0.00344768 0.0156727 0.0487637 0.103897 0.151646 0.151672 0.104022 0.0491838 0.0168863 0.00649447 0.00717143 0.012693 0.0209158 0.0301702 0.0380554 0.0421847 0.0415173 0.037006 0.0309612 0.0256382 0.0221343 0.0202421 0.0190518
 1.10911e-16 3.82447e-05 0.000371752 0.00247042 0.0112302 0.0349415 0.0744478 0.108666 0.108699 0.0746122 0.0354937 0.0128271 0.00648631 0.00916284 0.0168059 0.0279111 0.0406445 0.0520399 0.0590778 0.0603493 0.0568229 0.0510195 0.0453072 0.0406988 0.0368716 0.033004
 1.0806e-16 6.17634e-05 0.000600362 0.00398962 0.0181362 0.0564286 0.120228 0.175478 0.175489 0.120283 0.0566149 0.0186759 0.00535036 0.00359109 0.00580157 0.00965157 0.0142717 0.0187425 0.0221669 0.0241432 0.0249566 0.0252579 0.0255035 0.0256319 0.0251948 0.023751
 1.05856e-16 5.85104e-05 0.000568742 0.00377949 0.017181 0.0534566 0.113896 0.166239 0.16626 0.113998 0.0538005 0.0181743 0.00627342 0.00601577 0.010412 0.0171446 0.0247527 0.0312673 0.0347352 0.0342908 0.0306819 0.0257555 0.0213201 0.018266 0.0164571 0.0152162
 1.10105e-16 3.1551e-05 0.000306687 0.00203804 0.00926468 0.0288261 0.0614186 0.0896511 0.0896935 0.0616256 0.0295217 0.0112754 0.00709085 0.011356 0.0210722 0.0349333 0.0506641 0.0644365 0.0723496 0.0725904 0.0664541 0.0573265 0.0484977 0.0415537 0.0362954 0.0317268
 1.1832e-16 3.76327e-05 0.000365803 0.00243089 0.0110505 0.0343823 0.0732559 0.106923 0.106944 0.0733558 0.0347188 0.0120268 0.00489868 0.0058102 0.0105463 0.0178193 0.0267105 0.0357957 0.0436161 0.0494859 0.0537455 0.057153 0.0599582 0.0615083 0.0606924 0.0567683
 1.07519e-16 6.90174e-05 0.000670874 0.00445819 0.0202663 0.063056 0.134348 0.196086 0.196093 0.134383 0.0631743 0.0206086 0.00532013 0.00256183 0.00368856 0.00606532 0.0089176 0.011626 0.0136285 0.0147199 0.0151796 0.015548 0.0162182 0.0171642 0.0179835 0.0181656
pSPR Fmed_Fpbrs
0.793677   0.6 0.325
Fs Fmed_Fpbrs
0.111468   0.257325 0.619119
SSBpbr Bo_Bmed_Bpbrs
3.16263e+06  2.35197e+06  1.73944e+06 869722
Ro
300412
SPR SPRFo_SPRFmed_SPRFpbrs
2.14422e+06 1.70182e+06 696873
Fref
0.257325
Nvult_r0
 376707 33562.8 15274.9 17467.9 7117.71
CTP_r0
 29535 2790.79 1270.12 1452.48 591.846
YTP_r0
391296
Np
 438087 126600 54673.2 4830.02 2823.4
Nvult_p0
 311486 90593.5 39123.4 3456.3 2020.39
CTP_p0
 60567.2 28152.7 2487.11 1131.91 1729.33
 60567.2 18540.9 8007.01 707.367 413.494
YTP_p0
 1.04407e+06 964151
CBA_c0
1.0201e+06
log_Ro
12.4329
likeval ReclasPelacesDesembMPH_pf_preclas_ppelaces_ptallas_desvR_qrecl_qpela
 17.2061 17.4702 0.126936 0.00081375 241.305 121.854 98.0858 0 22.6117 3.21641e-05 2.03196e-05 0.643575 9.46943e-16 0 0
q_reclas_q_pelaces
0.447691 0.5266
M
1
N
 299537 72320.1 315600 16325.1 0.489406
 179085 103795 24961.5 108931 5634.85
 172064 59224.7 34085.1 8197.06 37621.9
 333614 57116.5 19526.6 11238 15106.7
 266838 105438 17871.3 6109.74 8243.07
 437536 93234 36715.1 6223.08 4997.88
 185581 145014 30688.6 12085 3693.45
 91190.7 54933.5 42313.3 8954.57 4603.97
 82501.3 32468.8 19517.1 15033.3 4817.16
 106046 26739.4 10435.7 6272.96 6380.11
 190438 33215.7 8286.79 3234.13 3921.31
 229655 67134 11676.4 2913.07 2515.37
 194955 68655.7 19796.6 3443.16 1600.75
 138821 59344.6 20639.1 5951.2 1516.29
 148402 38118.5 15983.5 5558.81 2011.25
 755087 45169.8 11458 4804.46 2275.47
 181718 233659 13818.9 3505.36 2165.98
 1.11246e+06 59749.4 76260.3 4510.11 1850.97
 661594 362911 19337.7 24681.3 2058.74
 500482 204142 110687 5897.96 8155.69
 790509 158082 63834.4 34611.4 4394.51
 1.04993e+06 259556 51516.4 20802.5 12711.4
 234389 334364 81875.2 16250.5 10571.8
 699082 79282.9 112474 27541.5 9022.57
 581709 239458 27029.2 38344.9 12465.4
 264855 198719 81402.5 9188.43 17272.7
 589660 91738.5 68557.6 28083.7 9129.03
 657116 201657 31222.6 23333.1 12665.1
 197639 226934 69351.9 10737.8 12380.2
 149395 68368.5 78184.3 23893.4 7964.69
 568938 50545.2 23003.7 26306.4 10719.2
pred_Ctot
 11047.5 2838.84 12388.5 640.825 0.0192111
 11538.8 7108.96 1709.62 7460.67 385.932
 10712.4 3919.87 2255.97 542.534 2490.06
 30083.1 5468.28 1869.46 1075.92 1446.3
 8507.34 3578.56 606.554 207.365 279.77
 27635.7 6260.12 2465.21 417.844 335.579
 23328.1 19321.2 4088.86 1610.17 492.105
 1857.94 1192.09 918.222 194.319 99.9087
 6269.56 2621.43 1575.75 1213.75 388.923
 10091.5 2700.99 1054.13 633.642 644.466
 5042.42 936.481 233.637 91.1829 110.557
 27663.9 8573.73 1491.2 372.031 321.239
 21595.4 8066.63 2325.99 404.551 188.079
 22788.4 10306.5 3584.42 1033.56 263.336
 16445.9 4480.65 1878.79 653.412 236.413
 76890.8 4880.88 1238.11 519.153 245.879
 12313.7 16828.1 995.229 252.454 155.993
 80408.9 4589.08 5857.2 346.401 142.165
 68407.1 39815.4 2121.56 2707.82 225.867
 45295.4 19615.6 10635.7 566.723 783.663
 54209.1 11521.1 4652.26 2522.49 320.273
 90206.1 23681.2 4700.22 1897.97 1159.75
 12013.7 18228.3 4463.53 885.918 576.333
 30626.1 3695.54 5242.66 1283.76 420.56
 26414.7 11568.3 1305.79 1852.46 602.212
 9835.88 7854.33 3217.42 363.171 682.7
 26390 4368.23 3264.44 1337.23 434.689
 25571.1 8351.2 1293.02 966.294 524.5
 7492.73 9156.25 2798.18 433.244 499.51
 7636.8 3717.25 4250.95 1299.1 433.047
 29535 2790.79 1270.12 1452.48 591.846
F
 0.0598152 0.063766 0.063766 0.063766 0.063766
 0.106523 0.113559 0.113559 0.113559 0.113559
 0.102772 0.10956 0.10956 0.10956 0.10956
 0.151864 0.161894 0.161894 0.161894 0.161894
 0.0515295 0.054933 0.054933 0.054933 0.054933
 0.10433 0.111221 0.111221 0.111221 0.111221
 0.21737 0.231727 0.231727 0.231727 0.231727
 0.0326735 0.0348316 0.0348316 0.0348316 0.0348316
 0.126677 0.135044 0.135044 0.135044 0.135044
 0.16085 0.171474 0.171474 0.171474 0.171474
 0.0426377 0.045454 0.045454 0.045454 0.045454
 0.207476 0.22118 0.22118 0.22118 0.22118
 0.189408 0.201918 0.201918 0.201918 0.201918
 0.292483 0.311802 0.311802 0.311802 0.311802
 0.189498 0.202014 0.202014 0.202014 0.202014
 0.172968 0.184393 0.184393 0.184393 0.184393
 0.112295 0.119712 0.119712 0.119712 0.119712
 0.120168 0.128105 0.128105 0.128105 0.128105
 0.175834 0.187448 0.187448 0.187448 0.187448
 0.152456 0.162526 0.162526 0.162526 0.162526
 0.113707 0.121217 0.121217 0.121217 0.121217
 0.144247 0.153775 0.153775 0.153775 0.153775
 0.0839576 0.089503 0.089503 0.089503 0.089503
 0.07139 0.0761053 0.0761053 0.0761053 0.0761053
 0.0740788 0.0789718 0.0789718 0.0789718 0.0789718
 0.0602392 0.0642181 0.0642181 0.0642181 0.0642181
 0.0729787 0.077799 0.077799 0.077799 0.077799
 0.0631992 0.0673736 0.0673736 0.0673736 0.0673736
 0.0615281 0.0655921 0.0655921 0.0655921 0.0655921
 0.0837251 0.0892552 0.0892552 0.0892552 0.0892552
 0.0850731 0.0906923 0.0906923 0.0906923 0.0906923
YTP_r0W_actual
 245140 39350.1 35055.3 49674.7 22075.8
YTP_p0W_proyectada
 453648 441152 57526.8 33244.3 58503.2
 453648 290536 185202 20775.4 13988.5
CTP_r0_actual
 29535 2790.79 1270.12 1452.48 591.846
CTP_p0_proyectada
 60567.2 28152.7 2487.11 1131.91 1729.33
 60567.2 18540.9 8007.01 707.367 413.494
Wmedp
 7.49 15.67 23.13 29.37 33.83
Frms_r0
 0.0850731 0.0906923 0.0906923 0.0906923 0.0906923
Zrms_r0
 1.08507 1.09069 1.09069 1.09069 1.09069
nmprior
 8.19 8.8 8.5 0
nm_flota  nm_reclas  nm_pelaces    nm_pelaL
inf 11.4572 16.7776 39.0976
cv_recla  cv_pelaces  cv_mph
0.375203 0.473938 0.880341
 ------------------------------------------------
Talla a la edad & desviaci?n 
 8 13.2811 15.8009 17.003 17.5766
 0.8 1.32811 1.58009 1.7003 1.75766
