years
 1991 1992 1993 1994 1995 1996 1997 1998 1999 2000 2001 2002 2003 2004 2005 2006 2007 2008 2009 2010 2011 2012 2013 2014 2015 2016 2017 2018 2019 2020 2021
reclasobs
 0 0 0 0 0 0 0 0 0 252601 567819 844713 477998 351125 339783 2.1784e+06 2.13404e+06 4.81314e+06 1.55562e+06 2.62356e+06 3.21686e+06 3.843e+06 1.13348e+06 3.07943e+06 1.97215e+06 2.03268e+06 2.025e+06 2.42433e+06 2.27542e+06 1.05018e+06 2.36338e+06
reclaspred
 3.35657e+06 1.95851e+06 997194 968515 957080 1.4124e+06 1.02925e+06 941233 697180 531595 512663 617755 631901 546266 561010 1.23391e+06 1.30268e+06 2.50464e+06 2.13951e+06 1.6614e+06 2.9742e+06 2.42653e+06 2.03052e+06 3.02014e+06 2.30035e+06 2.03345e+06 2.34538e+06 2.43277e+06 2.07589e+06 1.38352e+06 1.91185e+06
pelacesobs
 0 0 0 0 0 0 0 0 0 0 0 0 0 0 0 552880 188675 0 991730 2.46772e+06 1.41603e+06 1.21717e+06 2.29649e+06 1.80582e+06 0 1.4828e+06 1.56532e+06 1.57751e+06 1.42118e+06 867257 1.10002e+06
pelacespred
 1.89884e+06 1.25964e+06 662770 522348 511650 779498 568791 579376 439276 325690 312691 324359 359106 342482 350666 630020 656329 1.41212e+06 1.29437e+06 946918 1.55137e+06 1.44461e+06 1.16432e+06 1.85399e+06 1.39034e+06 1.21177e+06 1.57793e+06 1.61937e+06 1.1393e+06 872718 1.20004e+06
mphobs
 0 0 0 0 0 0 0 0 0 0 0 498337 0 5186 125008 0 168611 109162 213762 579715 649985 157893 87575 83554 0 0 0 0 0 0 0
mphpred
 487242 329614 173125 92828.7 102467 110068 144893 108001 91724.9 67818.7 46880.1 57747.1 63969.5 58523 46778.4 56585.4 144050 147145 245545 200712 219277 269362 257923 219949 293665 243029 200838 209447 282217 202695 132481
desembarqueobs
 494567 514787 250237 358949 120608 361735 552515 73892 212993 205616 52469 317467 293654 387597 252695 516296 358380 742168 942051 627588 828172 859565 418607 520667 417249 300574 415391 372974 316634 284311 391294
desembarquepred
 494570 512905 251205 358959 120610 361741 552543 73893.5 213014 205636 52470.1 317507 293690 387643 252701 516292 358392 742132 941983 627547 828206 859591 418615 520678 417251 300576 415392 372969 316634 284316 391295
Reclutas
 355558 216172 204598 406675 325460 532757 226145 112860 101602 129927 232400 274602 234456 167778 181594 911171 223863 1.32348e+06 792435 597729 961622 1.27459e+06 287420 863390 714840 326016 727255 810330 243392 184250 702955
log_desv_Rt
 -0.0281759 -0.525788 -0.580817 0.10615 -0.116625 0.376201 -0.480686 -1.17572 -1.2808 -1.03489 -0.453404 -0.28654 -0.444595 -0.779224 -0.700089 0.912867 -0.49083 1.28615 0.773246 0.491273 0.966757 1.24851 -0.240918 0.859002 0.670195 -0.114919 0.687413 0.795578 -0.407191 -0.685571 0.653429
SSB
 8.55933e+06 5.7903e+06 3.04127e+06 1.63071e+06 1.80004e+06 1.93356e+06 2.54532e+06 1.89724e+06 1.61132e+06 1.19136e+06 823538 1.01444e+06 1.12374e+06 1.02807e+06 821750 994030 2.53052e+06 2.58489e+06 4.31347e+06 3.52589e+06 3.85202e+06 4.73186e+06 4.5309e+06 3.86381e+06 5.15879e+06 4.26926e+06 3.52809e+06 3.67934e+06 4.95768e+06 3.56071e+06 2.32727e+06
BT
 1.09784e+07 7.51873e+06 3.94528e+06 3.21325e+06 2.94058e+06 4.64511e+06 3.66234e+06 3.28559e+06 2.65404e+06 2.01231e+06 1.78527e+06 2.07525e+06 2.26668e+06 2.31034e+06 2.20491e+06 3.92698e+06 3.93206e+06 8.50918e+06 8.11593e+06 5.8371e+06 9.30141e+06 8.84725e+06 6.84273e+06 1.07937e+07 8.11553e+06 7.00661e+06 9.19865e+06 9.37824e+06 6.5964e+06 5.12821e+06 7.04993e+06
Ftot
 0.0499571 0.0884526 0.0851633 0.125757 0.0429557 0.0873382 0.18026 0.0267682 0.103583 0.130773 0.0350914 0.173611 0.157116 0.238297 0.152985 0.142821 0.0932345 0.101237 0.148873 0.127922 0.0947899 0.120269 0.0699349 0.0590263 0.0617228 0.050302 0.0605946 0.0525416 0.0517114 0.0696869 0.0701304
BD_Bspro_t
 0.992039 0.938076 0.865639 0.816283 0.809746 0.846537 0.840361 0.7587 0.792315 0.775379 0.759711 0.850403 0.780239 0.72781 0.667468 0.708568 0.795814 0.790922 0.828099 0.77448 0.758124 0.791621 0.802936 0.804054 0.861567 0.866127 0.870597 0.886848 0.906092 0.877113 0.847279
BD_Bspro
 3.27898 2.2182 1.16508 0.624708 0.689574 0.740724 0.975083 0.726813 0.617279 0.456398 0.315488 0.38862 0.430494 0.393841 0.314803 0.380802 0.969413 0.990242 1.65244 1.35073 1.47566 1.81272 1.73574 1.48018 1.97628 1.63551 1.35157 1.40951 1.89923 1.36407 0.891553
BD_Bo
 2.22432 1.50473 0.790338 0.423775 0.467778 0.502476 0.661455 0.493039 0.418736 0.309601 0.214014 0.263623 0.292029 0.267165 0.213549 0.25832 0.657609 0.671738 1.12095 0.916278 1.00103 1.22967 1.17745 1.00409 1.34062 1.10946 0.91685 0.956154 1.28836 0.925328 0.604792
BD_Brms
 4.04423 2.73588 1.43698 0.770501 0.850505 0.913593 1.20265 0.896435 0.761339 0.562911 0.389116 0.479315 0.530962 0.485755 0.388272 0.469673 1.19565 1.22134 2.03809 1.66596 1.82005 2.23577 2.14082 1.82563 2.43749 2.0172 1.667 1.73846 2.34247 1.68241 1.09962
Sel_flota
 0.976148 1 1 1 1
 0.976148 1 1 1 1
 0.976148 1 1 1 1
 0.976148 1 1 1 1
 0.976148 1 1 1 1
 0.976148 1 1 1 1
 0.976148 1 1 1 1
 0.976148 1 1 1 1
 0.976148 1 1 1 1
 0.976148 1 1 1 1
 0.976148 1 1 1 1
 0.976148 1 1 1 1
 0.976148 1 1 1 1
 0.976148 1 1 1 1
 0.976148 1 1 1 1
 0.976148 1 1 1 1
 0.976148 1 1 1 1
 0.976148 1 1 1 1
 0.976148 1 1 1 1
 0.976148 1 1 1 1
 0.976148 1 1 1 1
 0.976148 1 1 1 1
 0.976148 1 1 1 1
 0.976148 1 1 1 1
 0.976148 1 1 1 1
 0.976148 1 1 1 1
 0.976148 1 1 1 1
 0.976148 1 1 1 1
 0.976148 1 1 1 1
 0.976148 1 1 1 1
 0.976148 1 1 1 1
Sel_reclas
 1 1 1 1 1
 1 1 1 1 1
 1 1 1 1 1
 1 1 1 1 1
 1 1 1 1 1
 1 1 1 1 1
 1 1 1 1 1
 1 1 1 1 1
 1 1 1 1 1
 1 1 1 1 1
 1 1 1 1 1
 1 1 1 1 1
 1 1 1 1 1
 1 1 1 1 1
 1 1 1 1 1
 1 1 1 1 1
 1 1 1 1 1
 1 1 1 1 1
 1 1 1 1 1
 1 1 1 1 1
 1 1 1 1 1
 1 1 1 1 1
 1 1 1 1 1
 1 1 1 1 1
 1 1 1 1 1
 1 1 1 1 1
 1 1 1 1 1
 1 1 1 1 1
 1 1 1 1 1
 1 1 1 1 1
 1 1 1 1 1
Sel_pelaces
 1 1 1 1 1
 1 1 1 1 1
 1 1 1 1 1
 1 1 1 1 1
 1 1 1 1 1
 1 1 1 1 1
 1 1 1 1 1
 1 1 1 1 1
 1 1 1 1 1
 1 1 1 1 1
 1 1 1 1 1
 1 1 1 1 1
 1 1 1 1 1
 1 1 1 1 1
 1 1 1 1 1
 1 1 1 1 1
 1 1 1 1 1
 1 1 1 1 1
 1 1 1 1 1
 1 1 1 1 1
 1 1 1 1 1
 1 1 1 1 1
 1 1 1 1 1
 1 1 1 1 1
 1 1 1 1 1
 1 1 1 1 1
 1 1 1 1 1
 1 1 1 1 1
 1 1 1 1 1
 1 1 1 1 1
 1 1 1 1 1
pf_obs 
 0.8446 0.082 0.0669 0.0065 0
 0.8095 0.147 0.0364 0.0071 0
 0.9664 0.0169 0.016 0.0007 0
 0.9276 0.0648 0.0075 0.0001 0
 0.7033 0.2144 0.0806 0.0017 0
 0.9318 0.0425 0.0243 0.0014 0
 0.5671 0.3108 0.0964 0.0239 0.0018
 0.0768 0.2599 0.5324 0.112 0.0189
 0.490249 0.384438 0.106611 0.0170017 0.00170017
 0.7925 0.1577 0.0466 0.003 0.0002
 0.840416 0.127587 0.0312969 0.00059994 9.999e-05
 0.8084 0.0986 0.0794 0.0134 0.0002
 0.7335 0.1905 0.0724 0.0035 0.0001
 0.4001 0.4547 0.1325 0.0127 0
 0.49795 0.308269 0.164784 0.0264974 0.00249975
 0.9179 0.0499 0.0305 0.0017 0
 0.2467 0.6533 0.0926 0.0074 0
 0.9418 0.0223 0.034 0.0019 0
 0.707729 0.231977 0.0356964 0.0245975 0
 0.517169 0.277429 0.184464 0.0207286 0.00020938
 0.811772 0.124168 0.05621 0.00726502 0.000585176
 0.764997 0.148141 0.077277 0.00933861 0.000247198
 0.163321 0.427699 0.378323 0.0303852 0.000271297
 0.753843 0.0900009 0.118128 0.0371064 0.000921714
 0.721811 0.176058 0.0630433 0.0369309 0.00215725
 0.143369 0.312575 0.442814 0.0836902 0.0175525
 0.692698 0.0596174 0.167031 0.0765114 0.00414204
 0.394062 0.376323 0.152708 0.0712218 0.00568511
 0.125707 0.32114 0.495352 0.0537591 0.00404204
 0.23352 0.215282 0.420074 0.123614 0.00750983
 0.796117 0.104755 0.0508955 0.0450114 0.00322123
pf_pred 
 0.403561 0.102171 0.470582 0.0236842 6.91235e-07
 0.409797 0.24172 0.059696 0.274949 0.0138384
 0.532658 0.194391 0.111788 0.0276076 0.133555
 0.755667 0.131686 0.0468557 0.0269453 0.0388465
 0.646201 0.269036 0.0456839 0.016255 0.0228242
 0.747158 0.164812 0.06694 0.0113668 0.00972348
 0.48022 0.390833 0.0840524 0.0341387 0.0107558
 0.434709 0.275234 0.2181 0.0469045 0.0250529
 0.519646 0.211712 0.130799 0.103647 0.0341961
 0.66413 0.176678 0.0701624 0.0433473 0.0456819
 0.783253 0.145199 0.0376364 0.0149461 0.0189651
 0.719027 0.22124 0.0400154 0.0103722 0.00934561
 0.660684 0.245791 0.0736424 0.0133196 0.00656333
 0.596586 0.268904 0.0974355 0.0291931 0.00788194
 0.686451 0.189132 0.0829321 0.0300499 0.0114342
 0.914627 0.0590852 0.0158566 0.0069529 0.00347797
 0.407444 0.543165 0.0341826 0.0091735 0.00603458
 0.876749 0.0509771 0.06625 0.00416926 0.00185493
 0.607019 0.345621 0.0195883 0.025457 0.00231484
 0.586979 0.25329 0.140481 0.00796185 0.0112881
 0.741736 0.153216 0.0644217 0.0357298 0.00489603
 0.742513 0.192236 0.0387104 0.0162763 0.0102642
 0.334788 0.497194 0.12544 0.0252597 0.0173185
 0.744028 0.0871343 0.126193 0.031838 0.0108068
 0.635511 0.272912 0.0311731 0.0451467 0.0152566
 0.451951 0.351455 0.147201 0.0168138 0.0325797
 0.740246 0.118996 0.0902655 0.0378062 0.0126859
 0.700431 0.223186 0.0349922 0.0265436 0.0148478
 0.371968 0.443155 0.137738 0.0215952 0.0255444
 0.444045 0.210037 0.244088 0.0758656 0.0259644
 0.830001 0.0765429 0.0353074 0.0410315 0.0171177
pobs_RECLAS
 0 0 0 0 0
 0 0 0 0 0
 0 0 0 0 0
 0 0 0 0 0
 0 0 0 0 0
 0 0 0 0 0
 0 0 0 0 0
 0 0 0 0 0
 0 0 0 0 0
 0 0 0 0 0
 0.991045 0.00858322 0.000360255 1.14367e-05 0
 0.934742 0.0480273 0.0164251 0.00080598 0
 0.827803 0.169806 0.00239088 0 0
 0.941827 0.0461693 0.0120037 0 0
 0.791401 0.0380133 0.147996 0.0225897 0
 0.846168 0.0940531 0.0597789 0 0
 0.134021 0.677848 0.182769 0.00536245 0
 0.80878 0.0450904 0.141981 0.00414843 0
 0.846168 0.0940531 0.0597789 0 0
 0.905697 0.0802665 0.012482 0.00150086 5.37128e-05
 0.989698 0.0102097 9.19794e-05 0 0
 0.975433 0.0193895 0.00387452 0.00125025 5.28907e-05
 0.303575 0.632131 0.0575291 0.00676475 0
 0.966965 0.00978017 0.0227588 0.000495775 0
 0.843318 0.132988 0.00938335 0.0141283 0.000182051
 0.564624 0.303363 0.111486 0.0197234 0.00080311
 0.826376 0.0876187 0.0782897 0.00655872 0.00115652
 0.89761 0.0855135 0.0140674 0.00269457 0.000114338
 0.34875 0.467042 0.161289 0.0227151 0.000203297
 0.318654 0.224769 0.449479 0.00709798 0
 0.937255 0.0296025 0.0250945 0.00804832 0
ppred_RECLAS
 0.40941 0.101169 0.465968 0.0234519 6.84457e-07
 0.415693 0.239305 0.0590995 0.272202 0.0137002
 0.538707 0.191875 0.110341 0.0272502 0.131827
 0.760147 0.129271 0.0459966 0.0264513 0.0381342
 0.651721 0.264839 0.0449712 0.0160014 0.0224682
 0.751726 0.161834 0.0657307 0.0111615 0.00954782
 0.486352 0.386223 0.0830609 0.033736 0.010629
 0.440664 0.272335 0.215803 0.0464104 0.024789
 0.525724 0.209033 0.129143 0.102336 0.0337634
 0.669557 0.173824 0.0690287 0.0426468 0.0449437
 0.787336 0.142464 0.0369275 0.0146646 0.018608
 0.723957 0.217357 0.0393133 0.0101902 0.00918163
 0.666153 0.241829 0.0724554 0.013105 0.00645754
 0.602519 0.264949 0.0960026 0.0287637 0.00776602
 0.691697 0.185968 0.0815447 0.0295472 0.011243
 0.916518 0.0577768 0.0155054 0.00679893 0.00340095
 0.413333 0.537767 0.0338428 0.00908232 0.0059746
 0.879357 0.0498984 0.0648481 0.00408103 0.00181568
 0.612841 0.3405 0.0192981 0.0250799 0.00228054
 0.592887 0.249667 0.138471 0.00784797 0.0111267
 0.746372 0.150466 0.0632654 0.0350884 0.00480815
 0.747151 0.188774 0.0380131 0.0159831 0.0100793
 0.340218 0.493135 0.124416 0.0250535 0.0171771
 0.748621 0.0855706 0.123928 0.0312666 0.0106129
 0.641114 0.268717 0.0306939 0.0444528 0.015022
 0.457963 0.347599 0.145586 0.0166294 0.0322223
 0.744885 0.116871 0.0886536 0.037131 0.0124594
 0.705494 0.219413 0.0344008 0.0260949 0.0145968
 0.37765 0.439145 0.136492 0.0213999 0.0253133
 0.450048 0.207769 0.241453 0.0750463 0.025684
 0.8334 0.0750123 0.0346013 0.0402109 0.0167754
pobs_PELACES
 0 0 0 0 0
 0 0 0 0 0
 0 0 0 0 0
 0 0 0 0 0
 0 0 0 0 0
 0 0 0 0 0
 0 0 0 0 0
 0 0 0 0 0
 0 0 0 0 0
 0 0 0 0 0
 0 0 0 0 0
 0 0 0 0 0
 0 0 0 0 0
 0 0 0 0 0
 0 0 0 0 0
 0 0 0 0 0
 0.505614 0.472636 0.0217494 0 0
 0 0 0 0 0
 0.443492 0.261883 0.143347 0.151278 0
 0.227955 0.32914 0.350689 0.0885471 0.00366901
 0.970185 0.0296113 0.000203453 0 0
 0.997202 0.00247181 0.000326279 0 0
 0.445219 0.490057 0.0546422 0.010081 0
 0.90214 0.0892962 0.00764917 0.000914606 0
 0 0 0 0 0
 0.581667 0.319106 0.0959925 0.00289975 0.000334073
 0.762889 0.0836404 0.116647 0.0363945 0.000428098
 0.88444 0.0763242 0.0277011 0.0115352 0
 0.521256 0.241999 0.230069 0.00667565 0
 0.616807 0.101726 0.260614 0.0208532 0
 0.833518 0.0704572 0.0857862 0.0102388 0
ppred_PELACES
 0.409505 0.101153 0.465893 0.0234481 6.84347e-07
 0.415863 0.239236 0.0590824 0.272123 0.0136962
 0.538874 0.191805 0.110302 0.0272404 0.131779
 0.760327 0.129174 0.045962 0.0264314 0.0381056
 0.651797 0.26478 0.0449613 0.0159979 0.0224632
 0.751854 0.161751 0.0656967 0.0111557 0.00954288
 0.486706 0.385956 0.0830035 0.0337127 0.0106216
 0.440715 0.272309 0.215783 0.0464061 0.0247867
 0.525928 0.208944 0.129088 0.102292 0.0337489
 0.669785 0.173704 0.0689812 0.0426175 0.0449128
 0.787382 0.142433 0.0369195 0.0146614 0.0186039
 0.72423 0.217143 0.0392744 0.0101801 0.00917255
 0.666428 0.24163 0.0723958 0.0130942 0.00645222
 0.602968 0.264649 0.0958941 0.0287312 0.00775725
 0.691954 0.185813 0.0814768 0.0295226 0.0112336
 0.916604 0.0577173 0.0154895 0.00679193 0.00339745
 0.413511 0.537604 0.0338326 0.00907957 0.00597279
 0.879441 0.0498635 0.0648027 0.00407817 0.00181441
 0.613119 0.340256 0.0192842 0.0250619 0.0022789
 0.59313 0.249518 0.138389 0.00784328 0.01112
 0.746513 0.150382 0.0632302 0.0350689 0.00480547
 0.74733 0.18864 0.0379863 0.0159718 0.0100722
 0.340342 0.493043 0.124393 0.0250488 0.0171739
 0.748709 0.0855409 0.123885 0.0312557 0.0106092
 0.641226 0.268634 0.0306844 0.0444389 0.0150174
 0.458061 0.347536 0.14556 0.0166264 0.0322165
 0.744975 0.11683 0.0886221 0.0371178 0.012455
 0.70558 0.219349 0.0343907 0.0260873 0.0145926
 0.377745 0.439078 0.136471 0.0213966 0.0253094
 0.450184 0.207718 0.241393 0.0750278 0.0256777
 0.833477 0.0749778 0.0345854 0.0401924 0.0167677
pobs_pel_tallas
 0 0 0 0 0 0 0 0 0 0 0 0 0 0 0 0 0 0 0 0 0 0 0 0 0 0
 0 0 0 0 0 0 0 0 0 0 0 0 0 0 0 0 0 0 0 0 0 0 0 0 0 0
 0 0 0 0 0 0 0 0 0 0 0 0 0 0 0 0 0 0 0 0 0 0 0 0 0 0
 0 0 0 0 0 0 0 0 0 0 0 0 0 0 0 0 0 0 0 0 0 0 0 0 0 0
 0 0 0 0 0 0 0 0 0 0 0 0 0 0 0 0 0 0 0 0 0 0 0 0 0 0
 0 0 0 0 0 0 0 0 0 0 0 0 0 0 0 0 0 0 0 0 0 0 0 0 0 0
 0 0 0 0 0 0 0 0 0 0 0 0 0 0 0 0 0 0 0 0 0 0 0 0 0 0
 0 0 0 0 0 0 0 0 0 0 0 0 0 0 0 0 0 0 0 0 0 0 0 0 0 0
 0 0 0 0 0 0 0 0 0 0 0 0 0 0 0 0 0 0 0 0 0 0 0 0 0 0
 0 0 0 0 0 0 0 0 0 0 0 0 0 0 0 0 0 0 0 0 0 0 0 0 0 0
 0 0 0 0 0 0 0 0 0 0 0 0 0 0 0 0 0 0 0 0 0 0 0 0 0 0
 0 0 0 0 0 0 0 0 0 0 0 0 0 0 0 0 0 0 0 0 0 0 0 0 0 0
 0.00862536 0 0 0.000197151 0.00414017 0.0128641 0.00837892 0.0270097 0.101434 0.158115 0.152841 0.127902 0.109271 0.109419 0.0830992 0.0579132 0.0238553 0.00714673 0.00463305 0.00128148 0.00103504 0.000492878 0.000147863 0.000147863 4.92878e-05 0
 0 0 0 0 0 0 0 0 0 0 0 0 0 0 0 0 0 0 0 0 0 0 0 0 0 0
 0 0 0 0 0 0 0 0.0054083 0.00873648 0.0413646 0.0450493 0.0745869 0.0622846 0.0627006 0.0613931 0.0827291 0.12552 0.122667 0.0946155 0.0697135 0.0546179 0.0294188 0.0215738 0.0213955 0.0102223 0.00600262
 0 0 0 0 0.00359764 0.0251062 0.0480494 0.140153 0.205849 0.193036 0.1447 0.116669 0.0760912 0.0342217 0.00950174 0.001854 0.000860785 0 0 0 0.000165536 0 0.000143464 0 0 0
 0 0 0 0 0 0 0 0.000145254 0.000435761 0.0275982 0.070085 0.0708112 0.156366 0.174668 0.174014 0.160142 0.0824315 0.0480064 0.0283245 0.00493863 0.00203355 0 0 0 0 0
 0 0 0 0 0 0 0 0 0 0 0 0 0 0 0 0 0 0 0 0 0 0 0 0 0 0
 0 0 1.00437e-05 0.000401748 0.00122533 0.00171747 0.00176769 0.0269171 0.070346 0.194647 0.189555 0.159765 0.064822 0.0314167 0.0384472 0.0292271 0.0345202 0.0313363 0.0194345 0.0106764 0.0143323 0.0359363 0.0279516 0.0138201 0.00172751 0
 0 0.0021121 0.0136068 0.0755702 0.200478 0.177729 0.0527432 0.0373336 0.0318909 0.0142505 0.0149659 0.0166563 0.0217959 0.0798694 0.0677717 0.0528807 0.04013 0.0224614 0.0357745 0.0225083 0.00881397 0.00855152 0.00135912 0.000746735 0 0
 0 0 0 0 5.4009e-05 0.00500934 0.000945158 0.0243581 0.138947 0.33067 0.221406 0.137944 0.0707744 0.0437923 0.0131692 0.00525238 0.0047753 0.00276346 9.45158e-05 9.00151e-06 2.25038e-05 9.00151e-06 4.50075e-06 0 0 0
 0.000866109 0.00284123 0.00948549 0.0512746 0.133035 0.25785 0.225252 0.132002 0.0553304 0.0519788 0.0540692 0.017754 0.00435017 0.00159236 0.00146478 0.000404838 0.000125132 0.000115318 0.000107957 0.000100596 0 0 0 0 0 0
 0 0 0 0 0.00144013 0.00171154 0.00461396 0.0210425 0.0478622 0.0707936 0.0888783 0.103762 0.0637923 0.0337046 0.0602308 0.124433 0.169614 0.0934646 0.0462172 0.0250306 0.0313229 0.00938855 0.002487 0.000210481 0 0
 0 0.00764035 0.051015 0.0998891 0.058973 0.0496711 0.0374665 0.0718981 0.12319 0.153886 0.159021 0.0857701 0.0377988 0.023471 0.0147837 0.00900784 0.00315554 0.000888139 0.00291439 0.00214683 0.00393193 0.00274676 0.000635225 9.99891e-05 0 0
 0 0 0 0 0 0 0 0 0 0 0 0 0 0 0 0 0 0 0 0 0 0 0 0 0 0
 0 0 0 0 0 0 0 0 0 0 0 0 0 0 0 0 0 0 0 0 0 0 0 0 0 0
 0 0 0 0 0 0 0 0 0 0 0 0 0 0 0 0 0 0 0 0 0 0 0 0 0 0
 0 0 0 0 0 0 0 0 0 0 0 0 0 0 0 0 0 0 0 0 0 0 0 0 0 0
 0 0 0 0 0 0 0 0 0 0 0 0 0 0 0 0 0 0 0 0 0 0 0 0 0 0
 0 0 0 0 0 0 0 0 0 0 0 0 0 0 0 0 0 0 0 0 0 0 0 0 0 0
 0 0 0 0 0 0 0 0 0 0 0 0 0 0 0 0 0 0 0 0 0 0 0 0 0 0
ppred_pel_tallas
 1.15823e-16 3.37304e-05 0.000327872 0.00217882 0.00990462 0.030817 0.0656593 0.0958338 0.0958443 0.0657107 0.0309917 0.010418 0.00350121 0.00332608 0.00605361 0.0108017 0.0175242 0.026121 0.0363542 0.0478643 0.0599446 0.0711792 0.079409 0.0823716 0.0787708 0.0690585
 1.31375e-16 3.42541e-05 0.000332962 0.00221265 0.0100584 0.0312956 0.0666793 0.0973253 0.0973485 0.0667927 0.0316768 0.0111615 0.00498964 0.00642329 0.0116886 0.0195149 0.0287294 0.0375489 0.0443092 0.0485731 0.0515097 0.0550562 0.0604347 0.0671527 0.0731684 0.0759834
 1.28265e-16 4.43863e-05 0.000431451 0.00286714 0.0130336 0.0405526 0.0864022 0.12611 0.126129 0.0864934 0.0408593 0.0139217 0.00510481 0.00534483 0.0094618 0.0158043 0.0233275 0.0305773 0.0361582 0.039595 0.0416646 0.0438129 0.0470868 0.0514048 0.0556226 0.058189
 1.10459e-16 6.26272e-05 0.000608758 0.00404541 0.0183899 0.0572178 0.121909 0.177932 0.177945 0.12197 0.0574233 0.0189842 0.0055403 0.00388252 0.00631157 0.0104205 0.0152133 0.0195906 0.0224991 0.0235186 0.023126 0.022345 0.022049 0.02246 0.0231482 0.0234071
 1.06772e-16 5.36877e-05 0.000521864 0.00346797 0.0157649 0.0490506 0.104508 0.152538 0.152564 0.104633 0.0494697 0.0169756 0.00650807 0.00716184 0.0126747 0.0208976 0.0301699 0.0380997 0.0422958 0.0416857 0.0371621 0.030966 0.0253128 0.021327 0.0189051 0.017285
 1.04671e-16 6.19293e-05 0.000601974 0.00400033 0.0181849 0.0565802 0.120551 0.17595 0.175966 0.120627 0.0568374 0.0189288 0.005871 0.00469696 0.00787226 0.0130035 0.0189301 0.0242342 0.0275048 0.0280831 0.0264162 0.0236733 0.0209521 0.0187212 0.0168334 0.0149177
 1.07673e-16 4.00894e-05 0.000389683 0.00258958 0.0117719 0.0366269 0.078039 0.113908 0.113945 0.078221 0.0372384 0.0135386 0.00702695 0.0100854 0.0184808 0.0305599 0.0441881 0.0559312 0.0623138 0.0617458 0.0554492 0.0465628 0.038175 0.0318337 0.0274065 0.0239325
 1.15146e-16 3.63012e-05 0.000352861 0.00234488 0.0106595 0.0331659 0.0706644 0.103142 0.103169 0.0707942 0.0336026 0.0119246 0.0055347 0.00736352 0.01349 0.0226094 0.0334231 0.0438339 0.0516912 0.0559718 0.0572485 0.0569781 0.0562436 0.0550401 0.0525779 0.048138
 1.19749e-16 4.332e-05 0.000421086 0.00279826 0.0127205 0.0395784 0.0843266 0.123081 0.123102 0.0844261 0.0399128 0.0136892 0.00523983 0.00578459 0.01033 0.017278 0.0255321 0.0335084 0.0396511 0.043347 0.0452673 0.0467451 0.0486811 0.0508716 0.0522092 0.051455
 1.1391e-16 5.51693e-05 0.000536265 0.00356367 0.0162 0.0504041 0.107392 0.156745 0.156762 0.107474 0.0506807 0.0170001 0.00557676 0.00494685 0.00847986 0.0140616 0.0205667 0.0265557 0.0306269 0.0322163 0.0319445 0.0311406 0.0309141 0.0315019 0.032295 0.0323595
 1.05721e-16 6.48556e-05 0.00063042 0.00418936 0.0190442 0.0592538 0.126247 0.184264 0.184278 0.126314 0.0594797 0.0196972 0.00583018 0.00421809 0.00689581 0.0113441 0.0164481 0.0209302 0.0235429 0.0237377 0.021991 0.0194567 0.0172267 0.0157781 0.0149338 0.0142042
 1.03763e-16 5.96539e-05 0.000579858 0.00385336 0.0175168 0.0545014 0.116122 0.169488 0.169509 0.116224 0.0548451 0.0185098 0.00634658 0.00602525 0.0104094 0.0171358 0.0247301 0.0312089 0.0345928 0.0339753 0.0300548 0.0246398 0.0195393 0.0157061 0.0131309 0.0112964
 1.04557e-16 5.48928e-05 0.000533578 0.00354581 0.0161188 0.0501516 0.106854 0.155962 0.155985 0.106968 0.050535 0.0172269 0.00633038 0.00662221 0.0116474 0.0192448 0.0278955 0.0354518 0.0397509 0.0397813 0.0362464 0.0310076 0.025884 0.02177 0.0185906 0.0158415
 1.0703e-16 4.96657e-05 0.000482769 0.00320817 0.0145839 0.045376 0.0966793 0.141112 0.141137 0.0968045 0.0457966 0.0157999 0.0062653 0.00717261 0.0128024 0.0212112 0.0308446 0.0394085 0.0445868 0.045305 0.0423198 0.0375887 0.0329576 0.0292277 0.0261602 0.0231199
 1.07261e-16 5.69953e-05 0.000554015 0.00368163 0.0167361 0.0520725 0.110947 0.161934 0.161952 0.111035 0.0523683 0.0175919 0.0058343 0.00526911 0.00905857 0.0150089 0.0219074 0.0281697 0.0322162 0.0333264 0.032028 0.0296355 0.0273275 0.0255143 0.0238833 0.0218933
 1.01718e-16 7.54995e-05 0.000733882 0.0048769 0.0221697 0.0689782 0.146965 0.214502 0.214507 0.146993 0.0690697 0.0224343 0.00554184 0.00218777 0.00284361 0.00460001 0.00666326 0.00847402 0.00951918 0.00956879 0.00880573 0.00768734 0.00665063 0.00589385 0.00536423 0.00489463
 1.03036e-16 3.40605e-05 0.00033108 0.00220015 0.0100016 0.0311189 0.066304 0.0967835 0.0968352 0.0665568 0.0319676 0.0124521 0.00834788 0.0137407 0.0254692 0.0419677 0.0602559 0.0753607 0.0822369 0.0785639 0.0661518 0.0497653 0.0343434 0.0227559 0.0153764 0.0110793
 1.02599e-16 7.24384e-05 0.000704127 0.00467917 0.0212708 0.0661815 0.141007 0.205805 0.20581 0.141031 0.0662623 0.0215052 0.00527172 0.00201197 0.00259813 0.00428952 0.00642528 0.00860575 0.0104575 0.0117792 0.0126023 0.0130611 0.0131983 0.012898 0.0119998 0.0104738
 1.03543e-16 5.05019e-05 0.000490897 0.00326218 0.0148294 0.04614 0.0983074 0.143489 0.143522 0.0984674 0.0466772 0.0163806 0.00715411 0.00898105 0.0161577 0.0265883 0.0381972 0.047834 0.0523341 0.0502658 0.0428079 0.032985 0.0238881 0.0172439 0.0131586 0.0107869
 1.06726e-16 4.88554e-05 0.000474892 0.00315582 0.0143459 0.0446356 0.0951018 0.138809 0.138833 0.0952202 0.0450336 0.0154973 0.00605367 0.0068264 0.0121861 0.0202627 0.0296354 0.0382048 0.043828 0.0454636 0.0436901 0.0401173 0.0362181 0.0325616 0.0289172 0.0248789
 1.06194e-16 6.14893e-05 0.000597698 0.00397192 0.0180558 0.0561782 0.119694 0.1747 0.174715 0.119765 0.0564176 0.0187482 0.00571395 0.0044134 0.00734627 0.0121485 0.0177347 0.0228155 0.0261212 0.0270824 0.0261403 0.024365 0.0227002 0.0214452 0.0202976 0.01877
 1.04451e-16 6.15566e-05 0.000598352 0.00397626 0.0180755 0.0562397 0.119825 0.174892 0.174911 0.119914 0.0565385 0.0189388 0.00614437 0.00533531 0.00906977 0.0149287 0.0215764 0.0273009 0.0304044 0.0301194 0.0270605 0.022784 0.0188172 0.0159197 0.0140058 0.012562
 1.09135e-16 2.80336e-05 0.000272497 0.00181084 0.00823184 0.0256126 0.054572 0.0796594 0.079707 0.0548047 0.0263941 0.0104904 0.00748445 0.0126727 0.0236213 0.0391195 0.0566159 0.0717552 0.0800986 0.0795864 0.0717159 0.0604099 0.0495383 0.0410593 0.0348682 0.029871
 1.08527e-16 6.16702e-05 0.000599456 0.0039836 0.0181089 0.0563434 0.120046 0.175212 0.175221 0.120087 0.0564825 0.0185131 0.00500731 0.00286422 0.00445118 0.00749288 0.011332 0.0153958 0.0191239 0.0222405 0.024828 0.0270682 0.0288882 0.029858 0.0294378 0.0273532
 1.07953e-16 5.2817e-05 0.0005134 0.00341172 0.0155092 0.0482551 0.102813 0.150065 0.150091 0.10294 0.04868 0.0167365 0.00649294 0.00724146 0.0128366 0.0211564 0.030523 0.0385131 0.0427183 0.0420916 0.0376005 0.0315813 0.0263087 0.022879 0.0210642 0.0199253
 1.11409e-16 3.773e-05 0.000366749 0.00243717 0.0110791 0.0344713 0.0734459 0.107203 0.107237 0.0736104 0.0350241 0.0126779 0.00645801 0.0091696 0.0168305 0.0279601 0.0407329 0.0521891 0.0593155 0.0607081 0.0573345 0.0517056 0.046169 0.0417106 0.0379818 0.0341439
 1.08418e-16 6.13627e-05 0.000596467 0.00396373 0.0180186 0.0560625 0.119447 0.174339 0.174351 0.119503 0.0562499 0.0185614 0.00533256 0.00360544 0.00583756 0.00971639 0.0143764 0.0188988 0.0223873 0.0244432 0.025354 0.0257695 0.0261361 0.0263745 0.0260148 0.0245984
 1.06135e-16 5.81177e-05 0.000564925 0.00375413 0.0170657 0.0530979 0.113132 0.165123 0.165144 0.113235 0.0534451 0.0180687 0.00627256 0.00606566 0.0105143 0.0173163 0.0250049 0.0315954 0.0351188 0.0347047 0.0311102 0.0261996 0.0217945 0.0187847 0.0170212 0.0158085
 1.1048e-16 3.11145e-05 0.000302444 0.00200985 0.0091365 0.0284273 0.0605689 0.088411 0.0884534 0.0607763 0.0291241 0.0111509 0.00707208 0.0113731 0.0211143 0.0350092 0.0507868 0.0646193 0.0726061 0.0729357 0.0669047 0.0578954 0.0491866 0.0423462 0.0371553 0.0326036
 1.18889e-16 3.70811e-05 0.000360442 0.00239526 0.0108885 0.0338783 0.0721822 0.105356 0.105377 0.0722819 0.0342143 0.0118634 0.00485986 0.00579899 0.0105379 0.0178151 0.0267254 0.0358596 0.0437745 0.0497946 0.0542579 0.0579047 0.0609527 0.0627098 0.062029 0.0581458
 1.07886e-16 6.86524e-05 0.000667326 0.00443461 0.0201591 0.0627225 0.133637 0.195049 0.195056 0.133673 0.0628422 0.0205056 0.00530715 0.00258178 0.00373392 0.00614394 0.00903844 0.0117949 0.0138489 0.0149974 0.0155261 0.0159812 0.0167542 0.0178072 0.0187173 0.0189522
pSPR Fmed_Fpbrs
0.831463   0.6 0.325
Fs Fmed_Fpbrs
0.0867551   0.252115 0.604497
SSBpbr Bo_Bmed_Bpbrs
3.84806e+06  3.00711e+06  2.11643e+06 1.05822e+06
Ro
365719
SPR SPRFo_SPRFmed_SPRFpbrs
2.61036e+06 2.17042e+06 848367
Fref
0.252115
Nvult_r0
 461464 41606.3 19192 22303.4 9304.64
CTP_r0
 29566.7 2726.65 1257.74 1461.64 609.775
YTP_r0
391295
Np
 539983 155312 69042.4 6209.14 3682.97
Nvult_p0
 384671 110908 49303.2 4433.95 2630.01
CTP_p0
 75971.6 34723 3122.72 1440.43 2248.06
 75971.6 22331.6 9927.28 892.783 529.558
YTP_p0
 1.30372e+06 1.19272e+06
CBA_c0
1.27042e+06
log_Ro
12.6296
likeval ReclasPelacesDesembMPH_pf_preclas_ppelaces_ptallas_desvR_qrecl_qpela
 17.9048 17.5404 0.142036 0.000815602 241.646 122.705 98.1373 0 22.4668 5.37677e-05 3.85472e-05 0.718432 8.59648e-16 0 0
q_reclas_q_pelaces
0.353785 0.413415
M
1
N
 355558 87914.4 404917 20379.3 0.59478
 216172 124577 30765.9 141702 7131.99
 204598 72947 41949.7 10360 50117.9
 406675 69263.3 24644.9 14172.5 20432.3
 325460 132324 22469.5 7994.97 11226
 532757 114813 46632.7 7918.5 6773.7
 226145 179974 38705 15720.5 4952.93
 112860 69771 55287.7 11890.1 6350.84
 101602 40448.1 24989.3 19802 6533.24
 129927 33782.9 13415.8 8288.48 8734.88
 232400 42069.2 10904.6 4330.41 5494.86
 274602 82616.2 14942.7 3873.23 3489.88
 234456 85272.7 25548.9 4621.01 2277.03
 167778 73987.8 26809 8032.36 2168.69
 181594 48912.2 21447.4 7771.33 2957.05
 911171 57537.6 15441.3 6770.8 3386.88
 223863 291581 18349.8 4924.49 3239.47
 1.32348e+06 75190.4 97717.6 6149.58 2735.99
 792435 441066 24997.8 32487.2 2954.09
 597729 252091 139815 7924.14 11234.7
 961622 194079 81603 45258.9 6201.8
 1.27459e+06 322497 64940.8 27305.2 17219.3
 287420 416954 105196 21183.2 14523.5
 863390 98758.7 143028 36085.4 12248.5
 714840 299840 34248.8 49601.2 16761.9
 326016 247599 103702 11845.3 22952.3
 727255 114188 86617.9 36278.4 12173.3
 810330 252176 39537.5 29991.4 16776.4
 243392 283200 88022 13800.5 16324.3
 184250 85131.3 98932.9 30749.5 10523.8
 702955 63324.2 29209.9 33945.5 14161.5
pred_Ctot
 10740.2 2719.13 12523.8 630.317 0.0183961
 11383.6 6714.66 1658.27 7637.7 384.413
 10387.1 3790.74 2179.94 538.364 2604.41
 29996.4 5227.29 1859.95 1069.6 1542.02
 8477.19 3529.35 599.304 213.241 299.42
 27713.8 6113.25 2482.96 421.621 360.666
 23398.5 19043.2 4095.42 1663.4 524.074
 1843.92 1167.47 925.125 198.957 106.268
 6227.71 2537.27 1567.56 1242.16 409.824
 9945.72 2645.86 1050.72 649.149 684.111
 4960.83 919.635 238.374 94.6631 120.118
 27436.1 8441.89 1526.88 395.775 356.603
 21338.2 7938.35 2378.44 430.187 211.977
 22431.8 10110.8 3663.6 1097.67 296.363
 16119 4441.13 1947.38 705.621 268.494
 75810.8 4897.4 1314.3 576.306 288.279
 12402.1 16533.2 1040.47 279.229 183.685
 79359.3 4614.22 5996.65 377.382 167.9
 68560.6 39036.6 2212.43 2875.28 261.452
 44808.8 19335.7 10724 607.791 861.713
 54129.1 11181.2 4701.26 2607.43 357.294
 90108 23328.9 4697.72 1975.21 1245.62
 12056.3 17904.8 4517.31 909.646 623.668
 30701.9 3595.54 5207.28 1313.77 445.935
 26551.8 11402.4 1302.42 1886.24 637.424
 9914.41 7709.84 3229.13 368.844 714.699
 26531.3 4264.97 3235.22 1355.02 454.679
 25716.7 8194.39 1284.76 974.563 545.144
 7604.81 9060.2 2816.02 441.51 522.25
 7702.01 3643.12 4233.74 1315.9 450.356
 29566.7 2726.65 1257.74 1461.64 609.775
F
 0.0487655 0.0499571 0.0499571 0.0499571 0.0499571
 0.0863429 0.0884526 0.0884526 0.0884526 0.0884526
 0.083132 0.0851633 0.0851633 0.0851633 0.0851633
 0.122758 0.125757 0.125757 0.125757 0.125757
 0.0419311 0.0429557 0.0429557 0.0429557 0.0429557
 0.0852551 0.0873382 0.0873382 0.0873382 0.0873382
 0.175961 0.18026 0.18026 0.18026 0.18026
 0.0261297 0.0267682 0.0267682 0.0267682 0.0267682
 0.101113 0.103583 0.103583 0.103583 0.103583
 0.127654 0.130773 0.130773 0.130773 0.130773
 0.0342544 0.0350914 0.0350914 0.0350914 0.0350914
 0.16947 0.173611 0.173611 0.173611 0.173611
 0.153369 0.157116 0.157116 0.157116 0.157116
 0.232613 0.238297 0.238297 0.238297 0.238297
 0.149336 0.152985 0.152985 0.152985 0.152985
 0.139414 0.142821 0.142821 0.142821 0.142821
 0.0910107 0.0932345 0.0932345 0.0932345 0.0932345
 0.0988223 0.101237 0.101237 0.101237 0.101237
 0.145322 0.148873 0.148873 0.148873 0.148873
 0.124871 0.127922 0.127922 0.127922 0.127922
 0.092529 0.0947899 0.0947899 0.0947899 0.0947899
 0.117401 0.120269 0.120269 0.120269 0.120269
 0.0682668 0.0699349 0.0699349 0.0699349 0.0699349
 0.0576184 0.0590263 0.0590263 0.0590263 0.0590263
 0.0602506 0.0617228 0.0617228 0.0617228 0.0617228
 0.0491023 0.050302 0.050302 0.050302 0.050302
 0.0591493 0.0605946 0.0605946 0.0605946 0.0605946
 0.0512884 0.0525416 0.0525416 0.0525416 0.0525416
 0.050478 0.0517114 0.0517114 0.0517114 0.0517114
 0.0680248 0.0696869 0.0696869 0.0696869 0.0696869
 0.0684577 0.0701304 0.0701304 0.0701304 0.0701304
YTP_r0W_actual
 245403 38445.7 34713.5 49988.1 22744.6
YTP_p0W_proyectada
 569027 544109 72228.4 42305.5 76052
 569027 349936 229618 26221 17914.9
CTP_r0_actual
 29566.7 2726.65 1257.74 1461.64 609.775
CTP_p0_proyectada
 75971.6 34723 3122.72 1440.43 2248.06
 75971.6 22331.6 9927.28 892.783 529.558
Wmedp
 7.49 15.67 23.13 29.37 33.83
Frms_r0
 0.0684577 0.0701304 0.0701304 0.0701304 0.0701304
Zrms_r0
 1.06846 1.07013 1.07013 1.07013 1.07013
nmprior
 8.19 8.8 8.5 0
nm_flota  nm_reclas  nm_pelaces    nm_pelaL
inf 11.3631 16.2599 37.5365
cv_recla  cv_pelaces  cv_mph
0.382745 0.474889 0.881342
 ------------------------------------------------
Talla a la edad & desviaci?n 
 8 13.2811 15.8009 17.003 17.5766
 0.8 1.32811 1.58009 1.7003 1.75766
