years
 1991 1992 1993 1994 1995 1996 1997 1998 1999 2000 2001 2002 2003 2004 2005 2006 2007 2008 2009 2010 2011 2012 2013 2014 2015 2016 2017 2018 2019 2020 2021
reclasobs
 0 0 0 0 0 0 0 0 0 252601 567819 844713 477998 351125 339783 2.1784e+06 2.13404e+06 4.81314e+06 1.55562e+06 2.62356e+06 3.21686e+06 3.843e+06 1.13348e+06 3.07943e+06 1.97215e+06 2.03268e+06 2.025e+06 2.42433e+06 2.27542e+06 1.05018e+06 2.36338e+06
reclaspred
 3.36477e+06 1.9716e+06 1.00457e+06 969642 955672 1.40273e+06 1.0352e+06 949321 704007 538778 513180 615785 633518 553285 568382 1.22981e+06 1.30718e+06 2.4725e+06 2.11977e+06 1.65446e+06 2.96527e+06 2.42079e+06 2.03512e+06 3.01593e+06 2.29972e+06 2.03176e+06 2.33789e+06 2.42111e+06 2.07392e+06 1.38737e+06 1.90885e+06
pelacesobs
 0 0 0 0 0 0 0 0 0 0 0 0 0 0 0 552880 188675 0 991730 2.46772e+06 1.41603e+06 1.21717e+06 2.29649e+06 1.80582e+06 0 1.4828e+06 1.56532e+06 1.57751e+06 1.42118e+06 867257 1.10002e+06
pelacespred
 1.90522e+06 1.27174e+06 671669 526114 511583 775261 576171 583320 444828 331736 313750 325501 361836 349918 357267 631224 660713 1.39532e+06 1.28878e+06 948548 1.54711e+06 1.44889e+06 1.16859e+06 1.85019e+06 1.39175e+06 1.21107e+06 1.57211e+06 1.61118e+06 1.13796e+06 876003 1.19882e+06
mphobs
 0 0 0 0 0 0 0 0 0 0 0 498337 0 5186 125008 0 168611 109162 213762 579715 649985 157893 87575 83554 0 0 0 0 0 0 0
mphpred
 485797 329231 173825 93017.8 102343 109233 144010 108982 92168.3 68513.8 47543.1 57496.4 64067.5 59112.3 47938.5 57697.4 143705 147401 242123 199519 218506 268282 257153 219757 292236 241856 199828 208083 279671 201786 132548
desembarqueobs
 494567 514787 250237 358949 120608 361735 552515 73892 212993 205616 52469 317467 293654 387597 252695 516296 358380 742168 942051 627588 828172 859565 418607 520667 417249 300574 415391 372974 316634 284311 391294
desembarquepred
 494570 512847 251234 358957 120609 361740 552539 73893.3 213011 205633 52469.9 317502 293686 387638 252700 516293 358390 742136 941992 627553 828201 859588 418613 520676 417251 300575 415391 372970 316634 284315 391295
Reclutas
 400918 246089 230762 464763 372105 608874 258427 130083 116821 149003 266105 310943 266440 191201 208245 1.03632e+06 257405 1.4928e+06 896989 675850 1.09854e+06 1.45463e+06 329743 994757 821255 374818 837252 932919 279879 212003 809801
log_desv_Rt
 -0.0416398 -0.529704 -0.594009 0.106132 -0.116219 0.376216 -0.480784 -1.16722 -1.27475 -1.03143 -0.451505 -0.295786 -0.450248 -0.78207 -0.696681 0.908033 -0.484745 1.27301 0.763648 0.480576 0.966342 1.24711 -0.237082 0.867103 0.675438 -0.108956 0.69473 0.802923 -0.401037 -0.678797 0.661393
SSB
 1.00462e+07 6.80845e+06 3.59469e+06 1.92359e+06 2.11644e+06 2.25891e+06 2.9781e+06 2.25374e+06 1.90603e+06 1.41686e+06 983184 1.18902e+06 1.32491e+06 1.22243e+06 991362 1.19317e+06 2.9718e+06 3.04824e+06 5.00706e+06 4.12602e+06 4.51867e+06 5.54803e+06 5.31788e+06 4.54455e+06 6.0434e+06 5.00154e+06 4.13242e+06 4.30314e+06 5.78355e+06 4.1729e+06 2.74107e+06
BT
 1.28321e+07 8.80009e+06 4.63668e+06 3.73699e+06 3.42851e+06 5.36171e+06 4.25342e+06 3.86414e+06 3.10933e+06 2.36272e+06 2.09063e+06 2.39269e+06 2.62741e+06 2.68579e+06 2.58267e+06 4.5365e+06 4.58727e+06 9.74757e+06 9.3161e+06 6.75213e+06 1.07545e+07 1.02548e+07 7.98198e+06 1.25382e+07 9.45137e+06 8.15866e+06 1.06666e+07 1.08701e+07 7.67489e+06 5.98243e+06 8.18715e+06
Ftot
 0.0425797 0.0751388 0.0722635 0.106686 0.0365887 0.0745388 0.153116 0.0225918 0.0873335 0.109938 0.0296688 0.148027 0.133267 0.200146 0.127905 0.120883 0.0791879 0.0866806 0.12781 0.109276 0.0806806 0.102372 0.0595086 0.0500118 0.0525295 0.0428646 0.0514625 0.0446474 0.0442219 0.0592876 0.059341
BD_Bspro_t
 0.99321 0.946871 0.884046 0.840335 0.833906 0.866046 0.860582 0.788703 0.818584 0.804126 0.790539 0.869681 0.807266 0.760819 0.707692 0.744713 0.8208 0.817059 0.848502 0.800811 0.786335 0.816764 0.82708 0.828438 0.879429 0.883428 0.887388 0.901627 0.918378 0.893169 0.867206
BD_Bspro
 3.36751 2.28221 1.20495 0.644794 0.709437 0.757194 0.998267 0.755459 0.638906 0.474934 0.329566 0.398562 0.444112 0.409763 0.332307 0.399955 0.996155 1.02178 1.67838 1.38305 1.51467 1.85971 1.78257 1.52334 2.02577 1.67653 1.3852 1.44242 1.93866 1.39877 0.918814
BD_Bo
 2.28445 1.54821 0.817412 0.437415 0.481267 0.513665 0.677204 0.512488 0.43342 0.322185 0.223571 0.270376 0.301277 0.277975 0.22543 0.271321 0.675771 0.693153 1.13858 0.938235 1.02752 1.26159 1.20926 1.03341 1.37424 1.13732 0.939689 0.97851 1.31515 0.948895 0.623305
BD_Brms
 4.15355 2.81492 1.4862 0.7953 0.875032 0.933936 1.23128 0.931797 0.788037 0.585791 0.406493 0.491593 0.547776 0.505409 0.409873 0.493311 1.22868 1.26028 2.07014 1.70588 1.86822 2.2938 2.19865 1.87892 2.49861 2.06786 1.70853 1.77911 2.39118 1.72526 1.13328
Sel_flota
 0.998569 1 1 1 1
 0.998569 1 1 1 1
 0.998569 1 1 1 1
 0.998569 1 1 1 1
 0.998569 1 1 1 1
 0.998569 1 1 1 1
 0.998569 1 1 1 1
 0.998569 1 1 1 1
 0.998569 1 1 1 1
 0.998569 1 1 1 1
 0.998569 1 1 1 1
 0.998569 1 1 1 1
 0.998569 1 1 1 1
 0.998569 1 1 1 1
 0.998569 1 1 1 1
 0.998569 1 1 1 1
 0.998569 1 1 1 1
 0.998569 1 1 1 1
 0.998569 1 1 1 1
 0.998569 1 1 1 1
 0.998569 1 1 1 1
 0.998569 1 1 1 1
 0.998569 1 1 1 1
 0.998569 1 1 1 1
 0.998569 1 1 1 1
 0.998569 1 1 1 1
 0.998569 1 1 1 1
 0.998569 1 1 1 1
 0.998569 1 1 1 1
 0.998569 1 1 1 1
 0.998569 1 1 1 1
Sel_reclas
 1 1 1 1 1
 1 1 1 1 1
 1 1 1 1 1
 1 1 1 1 1
 1 1 1 1 1
 1 1 1 1 1
 1 1 1 1 1
 1 1 1 1 1
 1 1 1 1 1
 1 1 1 1 1
 1 1 1 1 1
 1 1 1 1 1
 1 1 1 1 1
 1 1 1 1 1
 1 1 1 1 1
 1 1 1 1 1
 1 1 1 1 1
 1 1 1 1 1
 1 1 1 1 1
 1 1 1 1 1
 1 1 1 1 1
 1 1 1 1 1
 1 1 1 1 1
 1 1 1 1 1
 1 1 1 1 1
 1 1 1 1 1
 1 1 1 1 1
 1 1 1 1 1
 1 1 1 1 1
 1 1 1 1 1
 1 1 1 1 1
Sel_pelaces
 1 1 1 1 1
 1 1 1 1 1
 1 1 1 1 1
 1 1 1 1 1
 1 1 1 1 1
 1 1 1 1 1
 1 1 1 1 1
 1 1 1 1 1
 1 1 1 1 1
 1 1 1 1 1
 1 1 1 1 1
 1 1 1 1 1
 1 1 1 1 1
 1 1 1 1 1
 1 1 1 1 1
 1 1 1 1 1
 1 1 1 1 1
 1 1 1 1 1
 1 1 1 1 1
 1 1 1 1 1
 1 1 1 1 1
 1 1 1 1 1
 1 1 1 1 1
 1 1 1 1 1
 1 1 1 1 1
 1 1 1 1 1
 1 1 1 1 1
 1 1 1 1 1
 1 1 1 1 1
 1 1 1 1 1
 1 1 1 1 1
pf_obs 
 0.8446 0.082 0.0669 0.0065 0
 0.8095 0.147 0.0364 0.0071 0
 0.9664 0.0169 0.016 0.0007 0
 0.9276 0.0648 0.0075 0.0001 0
 0.7033 0.2144 0.0806 0.0017 0
 0.9318 0.0425 0.0243 0.0014 0
 0.5671 0.3108 0.0964 0.0239 0.0018
 0.0768 0.2599 0.5324 0.112 0.0189
 0.490249 0.384438 0.106611 0.0170017 0.00170017
 0.7925 0.1577 0.0466 0.003 0.0002
 0.840416 0.127587 0.0312969 0.00059994 9.999e-05
 0.8084 0.0986 0.0794 0.0134 0.0002
 0.7335 0.1905 0.0724 0.0035 0.0001
 0.4001 0.4547 0.1325 0.0127 0
 0.49795 0.308269 0.164784 0.0264974 0.00249975
 0.9179 0.0499 0.0305 0.0017 0
 0.2467 0.6533 0.0926 0.0074 0
 0.9418 0.0223 0.034 0.0019 0
 0.707729 0.231977 0.0356964 0.0245975 0
 0.517169 0.277429 0.184464 0.0207286 0.00020938
 0.811772 0.124168 0.05621 0.00726502 0.000585176
 0.764997 0.148141 0.077277 0.00933861 0.000247198
 0.163321 0.427699 0.378323 0.0303852 0.000271297
 0.753843 0.0900009 0.118128 0.0371064 0.000921714
 0.721811 0.176058 0.0630433 0.0369309 0.00215725
 0.143369 0.312575 0.442814 0.0836902 0.0175525
 0.692698 0.0596174 0.167031 0.0765114 0.00414204
 0.394062 0.376323 0.152708 0.0712218 0.00568511
 0.125707 0.32114 0.495352 0.0537591 0.00404204
 0.23352 0.215282 0.420074 0.123614 0.00750983
 0.796117 0.104755 0.0508955 0.0450114 0.00322123
pf_pred 
 0.40007 0.100419 0.475905 0.0236055 6.79489e-07
 0.410434 0.236075 0.0591687 0.280413 0.0139092
 0.529884 0.193122 0.110914 0.0277991 0.13828
 0.757043 0.128829 0.0468832 0.0269261 0.0403182
 0.646755 0.26752 0.0454559 0.0165422 0.0237264
 0.748817 0.162538 0.0671331 0.011407 0.0101052
 0.481809 0.388176 0.0841315 0.0347488 0.0111349
 0.434293 0.272783 0.219428 0.0475579 0.0259372
 0.520098 0.208589 0.130827 0.105238 0.0352483
 0.662879 0.175463 0.0702649 0.04407 0.0473238
 0.782047 0.14455 0.0382039 0.0152989 0.0198994
 0.718792 0.219988 0.0406024 0.010731 0.00988678
 0.659766 0.244664 0.0747635 0.0137989 0.00700702
 0.594981 0.267359 0.0989928 0.0302498 0.0084182
 0.682506 0.189025 0.0848037 0.0313996 0.0122651
 0.912901 0.0594748 0.0164466 0.00737857 0.00379917
 0.409883 0.53879 0.0350479 0.00969185 0.00658694
 0.87484 0.0513461 0.0673933 0.00438389 0.00203619
 0.608809 0.342294 0.0200597 0.0263289 0.00250817
 0.586021 0.252186 0.14157 0.00829652 0.0119268
 0.742639 0.150914 0.0648448 0.0364019 0.00520003
 0.743226 0.190764 0.0387076 0.0166319 0.0106704
 0.336322 0.493455 0.126463 0.0256604 0.0180996
 0.745262 0.0857581 0.125639 0.0321989 0.0111418
 0.6372 0.270483 0.0310789 0.0455318 0.0157067
 0.454258 0.347933 0.147475 0.0169451 0.033389
 0.742078 0.117257 0.0896798 0.0380117 0.0129736
 0.702714 0.220693 0.0348207 0.0266314 0.0151406
 0.374455 0.439771 0.137911 0.0217594 0.0261033
 0.446119 0.207594 0.243447 0.0763442 0.0264956
 0.830848 0.075524 0.0350918 0.0411523 0.0173841
pobs_RECLAS
 0 0 0 0 0
 0 0 0 0 0
 0 0 0 0 0
 0 0 0 0 0
 0 0 0 0 0
 0 0 0 0 0
 0 0 0 0 0
 0 0 0 0 0
 0 0 0 0 0
 0 0 0 0 0
 0.991045 0.00858322 0.000360255 1.14367e-05 0
 0.934742 0.0480273 0.0164251 0.00080598 0
 0.827803 0.169806 0.00239088 0 0
 0.941827 0.0461693 0.0120037 0 0
 0.791401 0.0380133 0.147996 0.0225897 0
 0.846168 0.0940531 0.0597789 0 0
 0.134021 0.677848 0.182769 0.00536245 0
 0.80878 0.0450904 0.141981 0.00414843 0
 0.846168 0.0940531 0.0597789 0 0
 0.905697 0.0802665 0.012482 0.00150086 5.37128e-05
 0.989698 0.0102097 9.19794e-05 0 0
 0.975433 0.0193895 0.00387452 0.00125025 5.28907e-05
 0.303575 0.632131 0.0575291 0.00676475 0
 0.966965 0.00978017 0.0227588 0.000495775 0
 0.843318 0.132988 0.00938335 0.0141283 0.000182051
 0.564624 0.303363 0.111486 0.0197234 0.00080311
 0.826376 0.0876187 0.0782897 0.00655872 0.00115652
 0.89761 0.0855135 0.0140674 0.00269457 0.000114338
 0.34875 0.467042 0.161289 0.0227151 0.000203297
 0.318654 0.224769 0.449479 0.00709798 0
 0.937255 0.0296025 0.0250945 0.00804832 0
ppred_RECLAS
 0.400415 0.100361 0.475632 0.0235919 6.79099e-07
 0.410783 0.235935 0.0591337 0.280247 0.013901
 0.530243 0.192974 0.11083 0.0277778 0.138175
 0.757309 0.128688 0.0468319 0.0268967 0.0402741
 0.647083 0.267272 0.0454136 0.0165268 0.0237043
 0.749088 0.162363 0.0670606 0.0113946 0.0100943
 0.482172 0.387904 0.0840726 0.0347245 0.0111271
 0.434646 0.272613 0.219292 0.0475283 0.0259211
 0.520458 0.208433 0.130729 0.105159 0.0352218
 0.663202 0.175295 0.0701975 0.0440278 0.0472784
 0.782292 0.144388 0.038161 0.0152818 0.0198771
 0.719085 0.219758 0.0405601 0.0107198 0.00987647
 0.660092 0.24443 0.074692 0.0137857 0.00700032
 0.595332 0.267127 0.0989068 0.0302235 0.00841088
 0.68282 0.188838 0.0847199 0.0313686 0.012253
 0.913016 0.0593962 0.0164249 0.00736883 0.00379415
 0.410232 0.538472 0.0350272 0.00968612 0.00658305
 0.874998 0.0512814 0.0673083 0.00437836 0.00203362
 0.609154 0.341992 0.020042 0.0263057 0.00250596
 0.586371 0.251973 0.14145 0.00828949 0.0119167
 0.742915 0.150752 0.0647754 0.036363 0.00519446
 0.743501 0.190559 0.0386661 0.0166141 0.010659
 0.336643 0.493216 0.126402 0.025648 0.0180908
 0.745535 0.0856662 0.125504 0.0321644 0.0111298
 0.637532 0.270235 0.0310504 0.0454901 0.0156923
 0.454614 0.347706 0.147379 0.0169341 0.0333672
 0.742353 0.117132 0.0895841 0.0379712 0.0129598
 0.703014 0.22047 0.0347855 0.0266045 0.0151253
 0.374792 0.439534 0.137837 0.0217477 0.0260892
 0.446475 0.207461 0.24329 0.0762952 0.0264786
 0.83105 0.0754338 0.0350499 0.0411031 0.0173633
pobs_PELACES
 0 0 0 0 0
 0 0 0 0 0
 0 0 0 0 0
 0 0 0 0 0
 0 0 0 0 0
 0 0 0 0 0
 0 0 0 0 0
 0 0 0 0 0
 0 0 0 0 0
 0 0 0 0 0
 0 0 0 0 0
 0 0 0 0 0
 0 0 0 0 0
 0 0 0 0 0
 0 0 0 0 0
 0 0 0 0 0
 0.505614 0.472636 0.0217494 0 0
 0 0 0 0 0
 0.443492 0.261883 0.143347 0.151278 0
 0.227955 0.32914 0.350689 0.0885471 0.00366901
 0.970185 0.0296113 0.000203453 0 0
 0.997202 0.00247181 0.000326279 0 0
 0.445219 0.490057 0.0546422 0.010081 0
 0.90214 0.0892962 0.00764917 0.000914606 0
 0 0 0 0 0
 0.581667 0.319106 0.0959925 0.00289975 0.000334073
 0.762889 0.0836404 0.116647 0.0363945 0.000428098
 0.88444 0.0763242 0.0277011 0.0115352 0
 0.521256 0.241999 0.230069 0.00667565 0
 0.616807 0.101726 0.260614 0.0208532 0
 0.833518 0.0704572 0.0857862 0.0102388 0
ppred_PELACES
 0.400419 0.10036 0.475628 0.0235917 6.79093e-07
 0.410792 0.235932 0.0591328 0.280243 0.0139008
 0.530252 0.192971 0.110828 0.0277773 0.138172
 0.757318 0.128683 0.0468301 0.0268956 0.0402726
 0.647087 0.267269 0.0454131 0.0165266 0.0237041
 0.749094 0.162358 0.0670589 0.0113943 0.010094
 0.48219 0.38789 0.0840697 0.0347233 0.0111268
 0.434648 0.272612 0.219291 0.0475281 0.0259209
 0.520468 0.208428 0.130726 0.105157 0.0352211
 0.663213 0.175289 0.0701951 0.0440262 0.0472768
 0.782294 0.144387 0.0381606 0.0152816 0.0198768
 0.719099 0.219747 0.0405581 0.0107193 0.00987597
 0.660106 0.24442 0.0746889 0.0137851 0.00700003
 0.595355 0.267111 0.0989013 0.0302218 0.00841041
 0.682833 0.188831 0.0847164 0.0313673 0.0122525
 0.91302 0.0593931 0.016424 0.00736844 0.00379395
 0.410241 0.538463 0.0350267 0.00968597 0.00658294
 0.875003 0.0512795 0.0673059 0.0043782 0.00203355
 0.609169 0.34198 0.0200413 0.0263048 0.00250587
 0.586384 0.251965 0.141446 0.00828924 0.0119163
 0.742922 0.150748 0.0647736 0.0363619 0.00519432
 0.743511 0.190553 0.0386647 0.0166135 0.0106586
 0.336649 0.493212 0.126401 0.0256478 0.0180906
 0.74554 0.0856647 0.125502 0.0321638 0.0111296
 0.637538 0.270231 0.0310499 0.0454893 0.0156921
 0.454619 0.347703 0.147378 0.0169339 0.0333669
 0.742358 0.11713 0.0895825 0.0379705 0.0129596
 0.703019 0.220467 0.034785 0.0266041 0.0151251
 0.374797 0.439531 0.137836 0.0217475 0.026089
 0.446482 0.207458 0.243287 0.0762942 0.0264783
 0.831054 0.075432 0.035049 0.0411022 0.0173629
pobs_pel_tallas
 0 0 0 0 0 0 0 0 0 0 0 0 0 0 0 0 0 0 0 0 0 0 0 0 0 0
 0 0 0 0 0 0 0 0 0 0 0 0 0 0 0 0 0 0 0 0 0 0 0 0 0 0
 0 0 0 0 0 0 0 0 0 0 0 0 0 0 0 0 0 0 0 0 0 0 0 0 0 0
 0 0 0 0 0 0 0 0 0 0 0 0 0 0 0 0 0 0 0 0 0 0 0 0 0 0
 0 0 0 0 0 0 0 0 0 0 0 0 0 0 0 0 0 0 0 0 0 0 0 0 0 0
 0 0 0 0 0 0 0 0 0 0 0 0 0 0 0 0 0 0 0 0 0 0 0 0 0 0
 0 0 0 0 0 0 0 0 0 0 0 0 0 0 0 0 0 0 0 0 0 0 0 0 0 0
 0 0 0 0 0 0 0 0 0 0 0 0 0 0 0 0 0 0 0 0 0 0 0 0 0 0
 0 0 0 0 0 0 0 0 0 0 0 0 0 0 0 0 0 0 0 0 0 0 0 0 0 0
 0 0 0 0 0 0 0 0 0 0 0 0 0 0 0 0 0 0 0 0 0 0 0 0 0 0
 0 0 0 0 0 0 0 0 0 0 0 0 0 0 0 0 0 0 0 0 0 0 0 0 0 0
 0 0 0 0 0 0 0 0 0 0 0 0 0 0 0 0 0 0 0 0 0 0 0 0 0 0
 0.00862536 0 0 0.000197151 0.00414017 0.0128641 0.00837892 0.0270097 0.101434 0.158115 0.152841 0.127902 0.109271 0.109419 0.0830992 0.0579132 0.0238553 0.00714673 0.00463305 0.00128148 0.00103504 0.000492878 0.000147863 0.000147863 4.92878e-05 0
 0 0 0 0 0 0 0 0 0 0 0 0 0 0 0 0 0 0 0 0 0 0 0 0 0 0
 0 0 0 0 0 0 0 0.0054083 0.00873648 0.0413646 0.0450493 0.0745869 0.0622846 0.0627006 0.0613931 0.0827291 0.12552 0.122667 0.0946155 0.0697135 0.0546179 0.0294188 0.0215738 0.0213955 0.0102223 0.00600262
 0 0 0 0 0.00359764 0.0251062 0.0480494 0.140153 0.205849 0.193036 0.1447 0.116669 0.0760912 0.0342217 0.00950174 0.001854 0.000860785 0 0 0 0.000165536 0 0.000143464 0 0 0
 0 0 0 0 0 0 0 0.000145254 0.000435761 0.0275982 0.070085 0.0708112 0.156366 0.174668 0.174014 0.160142 0.0824315 0.0480064 0.0283245 0.00493863 0.00203355 0 0 0 0 0
 0 0 0 0 0 0 0 0 0 0 0 0 0 0 0 0 0 0 0 0 0 0 0 0 0 0
 0 0 1.00437e-05 0.000401748 0.00122533 0.00171747 0.00176769 0.0269171 0.070346 0.194647 0.189555 0.159765 0.064822 0.0314167 0.0384472 0.0292271 0.0345202 0.0313363 0.0194345 0.0106764 0.0143323 0.0359363 0.0279516 0.0138201 0.00172751 0
 0 0.0021121 0.0136068 0.0755702 0.200478 0.177729 0.0527432 0.0373336 0.0318909 0.0142505 0.0149659 0.0166563 0.0217959 0.0798694 0.0677717 0.0528807 0.04013 0.0224614 0.0357745 0.0225083 0.00881397 0.00855152 0.00135912 0.000746735 0 0
 0 0 0 0 5.4009e-05 0.00500934 0.000945158 0.0243581 0.138947 0.33067 0.221406 0.137944 0.0707744 0.0437923 0.0131692 0.00525238 0.0047753 0.00276346 9.45158e-05 9.00151e-06 2.25038e-05 9.00151e-06 4.50075e-06 0 0 0
 0.000866109 0.00284123 0.00948549 0.0512746 0.133035 0.25785 0.225252 0.132002 0.0553304 0.0519788 0.0540692 0.017754 0.00435017 0.00159236 0.00146478 0.000404838 0.000125132 0.000115318 0.000107957 0.000100596 0 0 0 0 0 0
 0 0 0 0 0.00144013 0.00171154 0.00461396 0.0210425 0.0478622 0.0707936 0.0888783 0.103762 0.0637923 0.0337046 0.0602308 0.124433 0.169614 0.0934646 0.0462172 0.0250306 0.0313229 0.00938855 0.002487 0.000210481 0 0
 0 0.00764035 0.051015 0.0998891 0.058973 0.0496711 0.0374665 0.0718981 0.12319 0.153886 0.159021 0.0857701 0.0377988 0.023471 0.0147837 0.00900784 0.00315554 0.000888139 0.00291439 0.00214683 0.00393193 0.00274676 0.000635225 9.99891e-05 0 0
 0 0 0 0 0 0 0 0 0 0 0 0 0 0 0 0 0 0 0 0 0 0 0 0 0 0
 0 0 0 0 0 0 0 0 0 0 0 0 0 0 0 0 0 0 0 0 0 0 0 0 0 0
 0 0 0 0 0 0 0 0 0 0 0 0 0 0 0 0 0 0 0 0 0 0 0 0 0 0
 0 0 0 0 0 0 0 0 0 0 0 0 0 0 0 0 0 0 0 0 0 0 0 0 0 0
 0 0 0 0 0 0 0 0 0 0 0 0 0 0 0 0 0 0 0 0 0 0 0 0 0 0
 0 0 0 0 0 0 0 0 0 0 0 0 0 0 0 0 0 0 0 0 0 0 0 0 0 0
 0 0 0 0 0 0 0 0 0 0 0 0 0 0 0 0 0 0 0 0 0 0 0 0 0 0
ppred_pel_tallas
 1.16118e-16 3.2982e-05 0.000320597 0.00213048 0.00968487 0.0301333 0.0642025 0.0937076 0.093718 0.0642536 0.030307 0.0101957 0.00344731 0.00330907 0.0060414 0.010801 0.0175657 0.0262612 0.0366717 0.0484422 0.0608406 0.0723949 0.0808736 0.083952 0.0803063 0.0704064
 1.32224e-16 3.38364e-05 0.000328902 0.00218567 0.00993576 0.030914 0.0658663 0.0961386 0.0961615 0.0659782 0.03129 0.0110241 0.00492574 0.00633945 0.0115391 0.0192756 0.0284028 0.0371797 0.0439893 0.0484264 0.0516624 0.0556049 0.061423 0.0685594 0.0749059 0.0779092
 1.29416e-16 4.36762e-05 0.000424548 0.00282127 0.0128251 0.0399037 0.0850198 0.124093 0.124112 0.0851116 0.0402123 0.0137187 0.00507282 0.00536869 0.00952096 0.0159074 0.0234869 0.0308036 0.0364632 0.0400013 0.0422144 0.0445682 0.0481156 0.0527563 0.0573004 0.0601349
 1.10897e-16 6.23793e-05 0.000606349 0.0040294 0.0183171 0.0569914 0.121427 0.177228 0.177241 0.121487 0.0571961 0.0189093 0.00551917 0.0038693 0.00629194 0.0103916 0.0151794 0.0195654 0.0225066 0.0235909 0.0232977 0.0226459 0.0224971 0.0230561 0.023873 0.0242209
 1.07048e-16 5.32998e-05 0.000518093 0.00344291 0.015651 0.0486962 0.103753 0.151436 0.151462 0.103879 0.0491192 0.0168731 0.00651168 0.00722079 0.0127938 0.0210962 0.030459 0.0384699 0.0427179 0.0421237 0.0375914 0.0313847 0.0257388 0.0217833 0.019404 0.01782
 1.04828e-16 6.17019e-05 0.000599765 0.00398565 0.0181182 0.0563725 0.120108 0.175305 0.17532 0.120185 0.0566308 0.018865 0.00586379 0.00471141 0.00790473 0.0130603 0.0190186 0.0243595 0.0276696 0.0282894 0.0266666 0.0239701 0.0212938 0.0190991 0.0172303 0.0153109
 1.07891e-16 3.97174e-05 0.000386067 0.00256556 0.0116627 0.0362871 0.0773149 0.112851 0.112889 0.0774978 0.0369016 0.0134383 0.0070255 0.0101314 0.0185754 0.0307194 0.0444237 0.0562402 0.0626793 0.062146 0.0558693 0.0470012 0.0386394 0.0323295 0.0279274 0.0244587
 1.15551e-16 3.58015e-05 0.000348003 0.0023126 0.0105128 0.0327093 0.0696916 0.101722 0.101749 0.0698216 0.0331466 0.0117797 0.00550729 0.00737029 0.0135145 0.0226584 0.0335123 0.0439852 0.051933 0.0563364 0.0577656 0.0576647 0.0570936 0.0560189 0.0536263 0.049184
 1.20332e-16 4.28703e-05 0.000416715 0.00276922 0.0125885 0.0391675 0.0834513 0.121804 0.121824 0.0835505 0.0395013 0.0135551 0.00520583 0.00577014 0.0103126 0.0172559 0.0255151 0.0335196 0.0397287 0.0435411 0.0456308 0.0473207 0.0494883 0.0518972 0.0534038 0.0527392
 1.14487e-16 5.4628e-05 0.000531004 0.00352871 0.016041 0.0499096 0.106338 0.155207 0.155224 0.106421 0.0501888 0.0168485 0.00556057 0.00498304 0.00855949 0.0141981 0.0207733 0.0268376 0.0309829 0.0326466 0.0324601 0.0317654 0.0316755 0.0324144 0.0333457 0.0335033
 1.06035e-16 6.44366e-05 0.000626347 0.00416229 0.0189212 0.0588709 0.125431 0.183073 0.183087 0.125499 0.0591 0.0195833 0.00582596 0.00426426 0.00699184 0.0115063 0.0166886 0.0212477 0.0239224 0.0241602 0.0224454 0.0199459 0.0177628 0.0163697 0.0155756 0.0148733
 1.03973e-16 5.92313e-05 0.000575749 0.00382606 0.0173927 0.0541153 0.115299 0.168287 0.168308 0.115403 0.0544632 0.0183977 0.00634954 0.00608752 0.010536 0.017348 0.0250415 0.0316127 0.0350616 0.034473 0.030554 0.0251319 0.0200309 0.0162063 0.0136396 0.0118005
 1.04785e-16 5.43721e-05 0.000528516 0.00351218 0.0159659 0.0496758 0.105841 0.154482 0.154506 0.105956 0.0500637 0.017087 0.00632949 0.00668918 0.0117853 0.0194777 0.028241 0.0359074 0.0402931 0.0403773 0.0368701 0.031648 0.0265401 0.0224381 0.0192553 0.0164759
 1.07377e-16 4.90387e-05 0.000476673 0.00316766 0.0143997 0.0448031 0.0954587 0.13933 0.139356 0.0955851 0.0452277 0.0156273 0.00625413 0.00723135 0.0129272 0.0214249 0.0311674 0.0398461 0.0451299 0.0459384 0.0430339 0.0383823 0.0338299 0.0301643 0.0271259 0.0240632
 1.07713e-16 5.62441e-05 0.000546713 0.0036331 0.0165156 0.0513861 0.109484 0.159799 0.159818 0.109574 0.0516868 0.0173854 0.00582158 0.00534086 0.00921056 0.0152683 0.0222978 0.0286964 0.0328656 0.0340783 0.0328706 0.0305702 0.0283588 0.026632 0.0250514 0.0230528
 1.01871e-16 7.52043e-05 0.000731013 0.00485784 0.022083 0.0687085 0.146391 0.213663 0.213669 0.146419 0.0688027 0.0223554 0.0055423 0.00222777 0.00292543 0.00473759 0.00686592 0.00873855 0.00982952 0.00990374 0.0091496 0.00803587 0.00700806 0.00626435 0.00574435 0.00527152
 1.03234e-16 3.37911e-05 0.000328462 0.00218275 0.00992248 0.0308728 0.0657797 0.0960182 0.09607 0.0660329 0.0317229 0.012377 0.00834081 0.013761 0.0255134 0.0420439 0.0603721 0.0755208 0.0824405 0.0788095 0.0664407 0.0501018 0.0347305 0.0231896 0.015842 0.0115523
 1.02739e-16 7.20728e-05 0.000700574 0.00465556 0.0211635 0.0658475 0.140295 0.204766 0.204771 0.14032 0.0659306 0.0214046 0.0052652 0.00204632 0.00267148 0.00441589 0.00661794 0.00887019 0.0107903 0.0121721 0.0130472 0.0135504 0.013721 0.0134344 0.0125214 0.0109494
 1.03728e-16 5.01765e-05 0.000487733 0.00324116 0.0147339 0.0458427 0.0976739 0.142565 0.142598 0.0978348 0.0463827 0.016293 0.00715316 0.00902193 0.0162417 0.0267296 0.0384056 0.0481064 0.0526551 0.0506155 0.0431732 0.0333654 0.0242913 0.0176759 0.0136144 0.011248
 1.06995e-16 4.82997e-05 0.000469491 0.00311993 0.0141828 0.044128 0.0940202 0.13723 0.137255 0.0941398 0.0445299 0.0153457 0.00604687 0.00688524 0.0123097 0.0204736 0.0299525 0.0386316 0.0443514 0.0460628 0.0443482 0.0408259 0.0369711 0.0333446 0.0297014 0.025626
 1.06434e-16 6.11935e-05 0.000594823 0.00395281 0.0179689 0.055908 0.119118 0.17386 0.173875 0.11919 0.056148 0.0186633 0.00569971 0.00442162 0.00736851 0.0121897 0.0178033 0.0229218 0.0262774 0.0273028 0.0264398 0.0247551 0.0231823 0.0220055 0.0209063 0.0193864
 1.04635e-16 6.1242e-05 0.000595294 0.00395594 0.0179831 0.0559523 0.119213 0.173999 0.174017 0.119303 0.0562542 0.0188552 0.00614621 0.00538079 0.00916218 0.0150834 0.0218029 0.0275937 0.0307429 0.0304776 0.0274198 0.0231409 0.0191808 0.0163007 0.0144065 0.0129723
 1.09408e-16 2.77295e-05 0.00026954 0.00179119 0.00814253 0.0253347 0.05398 0.0787953 0.078843 0.0542128 0.0261166 0.0104021 0.00746755 0.0126763 0.0236352 0.0391474 0.056667 0.0718426 0.0802394 0.0798005 0.0720224 0.0608208 0.0500528 0.0416594 0.0355205 0.0305328
 1.08753e-16 6.14091e-05 0.000596919 0.00396673 0.0180322 0.0561049 0.119538 0.174471 0.174479 0.119579 0.0562443 0.0184372 0.00499255 0.00286676 0.00446202 0.00751507 0.0113732 0.0154675 0.0192411 0.0224211 0.0250893 0.0274214 0.0293329 0.0303782 0.0300033 0.0279251
 1.08183e-16 5.25132e-05 0.000510447 0.0033921 0.01542 0.0479775 0.102222 0.149202 0.149228 0.102349 0.048405 0.0166547 0.00649181 0.00727901 0.0129137 0.0212856 0.0307126 0.0387592 0.0430056 0.0424015 0.0379226 0.0319193 0.0266763 0.0232896 0.0215193 0.0204104
 1.11687e-16 3.74464e-05 0.000363993 0.00241886 0.0109958 0.0342122 0.072894 0.106398 0.106432 0.0730586 0.0347654 0.0125956 0.00644234 0.00917312 0.0168437 0.0279864 0.0407806 0.05227 0.059445 0.0609042 0.057615 0.0520828 0.0466439 0.0422693 0.0385961 0.0347761
 1.08617e-16 6.11471e-05 0.000594371 0.00394981 0.0179553 0.0558655 0.119028 0.173727 0.173738 0.119084 0.0560534 0.0184996 0.0053225 0.00361211 0.00585495 0.00974803 0.0144282 0.0189774 0.0225003 0.0245999 0.0255653 0.026045 0.0264799 0.0267805 0.026465 0.0250652
 1.06288e-16 5.79068e-05 0.000562874 0.0037405 0.0170038 0.0529052 0.112721 0.164524 0.164545 0.112825 0.0532541 0.0180119 0.00627191 0.00609205 0.0105685 0.0174072 0.0251386 0.0317693 0.0353224 0.0349248 0.0313387 0.0264378 0.0220504 0.0190661 0.0173287 0.0161326
 1.10686e-16 3.08716e-05 0.000300083 0.00199416 0.00906519 0.0282054 0.0600961 0.087721 0.0877635 0.0603038 0.028903 0.0110818 0.00706212 0.0113836 0.0211396 0.0350546 0.0508594 0.064726 0.0727536 0.0731313 0.0671564 0.0582101 0.0495656 0.0427811 0.0376269 0.0330847
 1.19206e-16 3.67762e-05 0.000357478 0.00237556 0.010799 0.0335998 0.0715886 0.10449 0.10451 0.0716882 0.0339353 0.0117729 0.00483804 0.005792 0.0105318 0.0178103 0.0267303 0.0358911 0.0438584 0.0499625 0.0545402 0.0583215 0.0615055 0.0633785 0.0627733 0.0589127
 1.08092e-16 6.84528e-05 0.000665386 0.00442172 0.0201005 0.0625402 0.133249 0.194482 0.194489 0.133285 0.0626606 0.0204491 0.00529972 0.00259197 0.00375737 0.00618471 0.00910135 0.0118834 0.0139654 0.0151457 0.0157135 0.0162179 0.0170494 0.0181633 0.019125 0.0193904
pSPR Fmed_Fpbrs
0.852977   0.6 0.325
Fs Fmed_Fpbrs
0.073665   0.249154 0.596246
SSBpbr Bo_Bmed_Bpbrs
4.39764e+06  3.5312e+06  2.4187e+06 1.20935e+06
Ro
417964
SPR SPRFo_SPRFmed_SPRFpbrs
2.98327e+06 2.54466e+06 969562
Fref
0.249154
Nvult_r0
 529032 48024 22314.1 26167.8 11054.1
CTP_r0
 29594.7 2690.16 1249.96 1465.84 619.219
YTP_r0
391295
Np
 621381 178243 80509.8 7307.5 4369
Nvult_p0
 443138 127132 57423.8 5212.09 3116.2
CTP_p0
 88286.2 39943.3 3625.47 1684.55 2660.36
 88286.2 25357.5 11453.6 1039.59 621.552
YTP_p0
 1.51051e+06 1.3751e+06
CBA_c0
1.46989e+06
log_Ro
12.7632
likeval ReclasPelacesDesembMPH_pf_preclas_ppelaces_ptallas_desvR_qrecl_qpela
 18.2952 17.5815 0.150731 0.000816898 241.857 123.197 98.1811 0 22.3899 7.10256e-05 5.36442e-05 0.761341 6.58051e-16 0 0
q_reclas_q_pelaces
0.302935 0.352743
M
1
N
 400918 100490 476244 23622.3 0.679972
 246089 141350 35427.2 167897 8328.13
 230762 83986.8 48235.6 12089.6 60136.8
 464763 78982.5 28743.1 16507.8 24718.3
 372105 153699 26115.8 9503.98 13631.5
 608874 131979 54511.2 9262.29 8205.29
 258427 207925 45064.8 18613.1 5964.4
 130083 81590.7 65632 14224.8 7757.93
 116821 46787.5 29345 23605.3 7906.34
 149003 39387 15772.7 9892.62 10623
 266105 49116.2 12981.2 5198.36 6761.53
 310943 95036.8 17540.6 4635.9 4271.18
 266440 98671.3 30151.6 5564.98 2825.88
 191201 85804.5 31770.1 9708.19 2701.68
 208245 57596.7 25840 9567.59 3737.24
 1.03632e+06 67423.4 18644.7 8364.7 4306.91
 257405 337890 21979.5 6078.01 4130.84
 1.4928e+06 87494.5 114839 7470.2 3469.7
 896989 503635 29514.9 38739.1 3690.4
 675850 290446 163047 9555.19 13736.2
 1.09854e+06 222929 95788.3 53772.7 7681.45
 1.45463e+06 372849 75654.1 32507.1 20855.3
 329743 483128 123817 25123.4 17720.7
 994757 114307 167465 42918 14850.9
 821255 348124 40000 58601.5 20215.3
 374818 286684 121514 13962.1 27511.3
 837252 132110 101040 42826.8 14617
 932919 292580 46162.8 35306 20072.4
 279879 328237 102934 16240.8 19483
 212003 98514.1 115528 36229.3 12573.5
 809801 73508.1 34155.1 40053.9 16920.1
pred_Ctot
 10586.4 2657.22 12593.1 624.634 0.0179802
 11313.8 6507.51 1631.01 7729.7 383.414
 10215.3 3723.07 2138.25 535.92 2665.82
 29948.3 5096.42 1854.67 1065.18 1594.97
 8464.09 3501.04 594.881 216.487 310.507
 27776 6029.06 2490.18 423.121 374.835
 23452 18894.4 4095.09 1691.39 541.991
 1837.65 1154.25 928.481 201.235 109.75
 6211.26 2491.07 1562.4 1256.8 420.952
 9880.96 2615.47 1047.38 656.913 705.415
 4922.29 909.815 240.459 96.293 125.249
 27336.3 8366.33 1544.15 408.11 376.003
 21215.1 7867.29 2404.05 443.708 225.314
 22254.3 10000.1 3702.67 1131.45 314.87
 15949 4417.18 1981.71 733.753 286.614
 75226.5 4900.94 1355.26 608.022 313.065
 12451 16366.8 1064.65 294.409 200.092
 78798.2 4624.82 6070.21 394.863 183.403
 68650 38597.4 2261.95 2968.88 282.824
 44560.3 19175.9 10764.8 630.857 906.897
 54106.4 10995.1 4724.39 2652.13 378.858
 90101.5 23126.4 4692.54 2016.3 1293.58
 12083.9 17729.6 4543.76 921.967 650.308
 30757 3539.24 5185.12 1328.85 459.821
 26643.1 11309.6 1299.49 1903.81 656.741
 9962.25 7630.47 3234.26 371.621 732.25
 26622 4206.59 3217.26 1363.67 465.429
 25808.3 8105.3 1278.84 978.077 556.063
 7670.14 9008.03 2824.89 445.708 534.685
 7740.97 3602.13 4224.23 1324.71 459.746
 29594.7 2690.16 1249.96 1465.84 619.219
F
 0.0425188 0.0425797 0.0425797 0.0425797 0.0425797
 0.0750313 0.0751388 0.0751388 0.0751388 0.0751388
 0.0721602 0.0722635 0.0722635 0.0722635 0.0722635
 0.106533 0.106686 0.106686 0.106686 0.106686
 0.0365363 0.0365887 0.0365887 0.0365887 0.0365887
 0.0744322 0.0745388 0.0745388 0.0745388 0.0745388
 0.152897 0.153116 0.153116 0.153116 0.153116
 0.0225595 0.0225918 0.0225918 0.0225918 0.0225918
 0.0872086 0.0873335 0.0873335 0.0873335 0.0873335
 0.109781 0.109938 0.109938 0.109938 0.109938
 0.0296263 0.0296688 0.0296688 0.0296688 0.0296688
 0.147815 0.148027 0.148027 0.148027 0.148027
 0.133077 0.133267 0.133267 0.133267 0.133267
 0.199859 0.200146 0.200146 0.200146 0.200146
 0.127722 0.127905 0.127905 0.127905 0.127905
 0.12071 0.120883 0.120883 0.120883 0.120883
 0.0790746 0.0791879 0.0791879 0.0791879 0.0791879
 0.0865566 0.0866806 0.0866806 0.0866806 0.0866806
 0.127627 0.12781 0.12781 0.12781 0.12781
 0.10912 0.109276 0.109276 0.109276 0.109276
 0.0805651 0.0806806 0.0806806 0.0806806 0.0806806
 0.102225 0.102372 0.102372 0.102372 0.102372
 0.0594234 0.0595086 0.0595086 0.0595086 0.0595086
 0.0499402 0.0500118 0.0500118 0.0500118 0.0500118
 0.0524544 0.0525295 0.0525295 0.0525295 0.0525295
 0.0428033 0.0428646 0.0428646 0.0428646 0.0428646
 0.0513889 0.0514625 0.0514625 0.0514625 0.0514625
 0.0445835 0.0446474 0.0446474 0.0446474 0.0446474
 0.0441586 0.0442219 0.0442219 0.0442219 0.0442219
 0.0592028 0.0592876 0.0592876 0.0592876 0.0592876
 0.0592561 0.059341 0.059341 0.059341 0.059341
YTP_r0W_actual
 245636 37931.2 34499 50131.7 23096.9
YTP_p0W_proyectada
 661264 625912 83857.2 49475.4 89999.8
 661264 397353 264923 30532.9 21027.1
CTP_r0_actual
 29594.7 2690.16 1249.96 1465.84 619.219
CTP_p0_proyectada
 88286.2 39943.3 3625.47 1684.55 2660.36
 88286.2 25357.5 11453.6 1039.59 621.552
Wmedp
 7.49 15.67 23.13 29.37 33.83
Frms_r0
 0.0592561 0.059341 0.059341 0.059341 0.059341
Zrms_r0
 1.05926 1.05934 1.05934 1.05934 1.05934
nmprior
 8.19 8.8 8.5 0
nm_flota  nm_reclas  nm_pelaces    nm_pelaL
inf 11.3251 15.9753 36.6846
cv_recla  cv_pelaces  cv_mph
0.386896 0.475444 0.882042
 ------------------------------------------------
Talla a la edad & desviaci?n 
 8 13.2811 15.8009 17.003 17.5766
 0.8 1.32811 1.58009 1.7003 1.75766
