years
 1991 1992 1993 1994 1995 1996 1997 1998 1999 2000 2001 2002 2003 2004 2005 2006 2007 2008 2009 2010 2011 2012 2013 2014 2015 2016 2017 2018 2019 2020 2021
reclasobs
 0 0 0 0 0 0 0 0 0 252601 567819 844713 477998 351125 339783 2.1784e+06 2.13404e+06 4.81314e+06 1.55562e+06 2.62356e+06 3.21686e+06 3.843e+06 1.13348e+06 3.07943e+06 1.97215e+06 2.03268e+06 2.025e+06 2.42433e+06 2.27542e+06 1.05018e+06 2.36338e+06
reclaspred
 3.36313e+06 1.97211e+06 1.0051e+06 969148 954894 1.39996e+06 1.03585e+06 950703 705293 540250 513282 615353 633870 554808 570071 1.22891e+06 1.30815e+06 2.46557e+06 2.11543e+06 1.65303e+06 2.96341e+06 2.41942e+06 2.03608e+06 3.01485e+06 2.29943e+06 2.03146e+06 2.33629e+06 2.41855e+06 2.07346e+06 1.38829e+06 1.9086e+06
pelacesobs
 0 0 0 0 0 0 0 0 0 0 0 0 0 0 0 552880 188675 0 991730 2.46772e+06 1.41603e+06 1.21717e+06 2.29649e+06 1.80582e+06 0 1.4828e+06 1.56532e+06 1.57751e+06 1.42118e+06 867257 1.10002e+06
pelacespred
 1.90462e+06 1.27281e+06 672789 526441 511279 773942 577354 583951 445885 332967 313966 325731 362417 351513 358740 631465 661649 1.3917e+06 1.28751e+06 948860 1.54624e+06 1.44968e+06 1.16948e+06 1.84929e+06 1.39194e+06 1.21095e+06 1.57089e+06 1.60941e+06 1.13766e+06 876745 1.19881e+06
mphobs
 0 0 0 0 0 0 0 0 0 0 0 498337 0 5186 125008 0 168611 109162 213762 579715 649985 157893 87575 83554 0 0 0 0 0 0 0
mphpred
 485113 328896 173806 92990.9 102270 109034 143777 109152 92250.8 68663 47690.7 57456.6 64100.7 59248.7 48196 57956.1 143660 147495 241442 199297 218403 268121 257038 219768 291989 241658 199673 207846 279197 201644 132606
desembarqueobs
 494567 514787 250237 358949 120608 361735 552515 73892 212993 205616 52469 317467 293654 387597 252695 516296 358380 742168 942051 627588 828172 859565 418607 520667 417249 300574 415391 372974 316634 284311 391294
desembarquepred
 494569 512834 251241 358957 120609 361740 552538 73893.2 213010 205632 52469.9 317501 293685 387637 252700 516293 358389 742137 941994 627554 828200 859587 418613 520676 417250 300575 415391 372970 316634 284315 391295
Reclutas
 412077 253116 237456 479018 383716 627540 266434 134415 120652 153799 274538 320028 274477 197109 214998 1.06751e+06 265894 1.5349e+06 923133 695559 1.13278e+06 1.49946e+06 340423 1.02755e+06 847870 387121 864754 963562 289072 219040 836767
log_desv_Rt
 -0.0449569 -0.532317 -0.596185 0.105571 -0.116266 0.37564 -0.48104 -1.16523 -1.27326 -1.03052 -0.451076 -0.297758 -0.451301 -0.782409 -0.695538 0.906916 -0.48307 1.27005 0.761606 0.478549 0.966265 1.24669 -0.235978 0.868767 0.676561 -0.10743 0.696278 0.80447 -0.399492 -0.676911 0.663378
SSB
 1.04082e+07 7.05653e+06 3.72905e+06 1.99514e+06 2.19423e+06 2.33935e+06 3.08476e+06 2.34189e+06 1.97926e+06 1.47318e+06 1.02322e+06 1.23275e+06 1.3753e+06 1.2712e+06 1.03406e+06 1.24346e+06 3.08225e+06 3.16454e+06 5.18019e+06 4.27597e+06 4.68589e+06 5.75261e+06 5.51481e+06 4.71519e+06 6.2647e+06 5.18482e+06 4.28403e+06 4.45938e+06 5.99024e+06 4.32632e+06 2.8451e+06
BT
 1.32838e+07 9.11159e+06 4.8051e+06 3.86518e+06 3.54884e+06 5.53826e+06 4.39931e+06 4.00788e+06 3.22286e+06 2.45041e+06 2.16715e+06 2.4722e+06 2.71792e+06 2.78025e+06 2.67809e+06 4.68924e+06 4.75169e+06 1.00569e+07 9.61601e+06 6.98137e+06 1.11185e+07 1.0607e+07 8.26757e+06 1.29746e+07 9.7856e+06 8.44758e+06 1.10343e+07 1.12434e+07 7.94501e+06 6.19694e+06 8.47375e+06
Ftot
 0.0411169 0.0725109 0.0697182 0.102999 0.0353327 0.0720538 0.147728 0.0217674 0.0841286 0.10582 0.0286122 0.142959 0.128544 0.192672 0.123046 0.116686 0.0763674 0.0838476 0.1236 0.105548 0.0778926 0.0988377 0.0574047 0.0482584 0.0506942 0.0413688 0.0496763 0.0431104 0.0426913 0.0571816 0.0572434
BD_Bspro_t
 0.993443 0.948647 0.887798 0.845326 0.838988 0.87017 0.86483 0.79506 0.824175 0.810245 0.797116 0.873773 0.813054 0.767909 0.716361 0.752472 0.826149 0.822653 0.852881 0.806488 0.792447 0.822177 0.832278 0.833687 0.883236 0.887118 0.89097 0.90476 0.920984 0.896578 0.871441
BD_Bspro
 3.38314 2.29369 1.21211 0.648511 0.713225 0.760396 1.00269 0.76122 0.64335 0.47885 0.332591 0.400698 0.447034 0.413196 0.336115 0.404181 1.00187 1.02862 1.68379 1.38988 1.52313 1.86986 1.79256 1.53265 2.03631 1.6853 1.3925 1.4495 1.9471 1.40625 0.924785
BD_Bo
 2.29554 1.55632 0.822444 0.440029 0.483939 0.515946 0.680346 0.516505 0.436527 0.324911 0.225671 0.271883 0.303322 0.280363 0.228062 0.274246 0.679792 0.69794 1.14249 0.943068 1.03348 1.26874 1.21629 1.03994 1.38168 1.14351 0.944846 0.983517 1.32115 0.954172 0.627488
BD_Brms
 4.17371 2.82968 1.49535 0.800053 0.879889 0.938083 1.23699 0.939099 0.793686 0.590747 0.41031 0.494332 0.551495 0.50975 0.414658 0.498629 1.23599 1.26898 2.07726 1.71467 1.87905 2.3068 2.21144 1.89079 2.51215 2.07912 1.7179 1.78821 2.40209 1.73486 1.14089
Sel_flota
 1 1 1 1 1
 1 1 1 1 1
 1 1 1 1 1
 1 1 1 1 1
 1 1 1 1 1
 1 1 1 1 1
 1 1 1 1 1
 1 1 1 1 1
 1 1 1 1 1
 1 1 1 1 1
 1 1 1 1 1
 1 1 1 1 1
 1 1 1 1 1
 1 1 1 1 1
 1 1 1 1 1
 1 1 1 1 1
 1 1 1 1 1
 1 1 1 1 1
 1 1 1 1 1
 1 1 1 1 1
 1 1 1 1 1
 1 1 1 1 1
 1 1 1 1 1
 1 1 1 1 1
 1 1 1 1 1
 1 1 1 1 1
 1 1 1 1 1
 1 1 1 1 1
 1 1 1 1 1
 1 1 1 1 1
 1 1 1 1 1
Sel_reclas
 1 1 1 1 1
 1 1 1 1 1
 1 1 1 1 1
 1 1 1 1 1
 1 1 1 1 1
 1 1 1 1 1
 1 1 1 1 1
 1 1 1 1 1
 1 1 1 1 1
 1 1 1 1 1
 1 1 1 1 1
 1 1 1 1 1
 1 1 1 1 1
 1 1 1 1 1
 1 1 1 1 1
 1 1 1 1 1
 1 1 1 1 1
 1 1 1 1 1
 1 1 1 1 1
 1 1 1 1 1
 1 1 1 1 1
 1 1 1 1 1
 1 1 1 1 1
 1 1 1 1 1
 1 1 1 1 1
 1 1 1 1 1
 1 1 1 1 1
 1 1 1 1 1
 1 1 1 1 1
 1 1 1 1 1
 1 1 1 1 1
Sel_pelaces
 1 1 1 1 1
 1 1 1 1 1
 1 1 1 1 1
 1 1 1 1 1
 1 1 1 1 1
 1 1 1 1 1
 1 1 1 1 1
 1 1 1 1 1
 1 1 1 1 1
 1 1 1 1 1
 1 1 1 1 1
 1 1 1 1 1
 1 1 1 1 1
 1 1 1 1 1
 1 1 1 1 1
 1 1 1 1 1
 1 1 1 1 1
 1 1 1 1 1
 1 1 1 1 1
 1 1 1 1 1
 1 1 1 1 1
 1 1 1 1 1
 1 1 1 1 1
 1 1 1 1 1
 1 1 1 1 1
 1 1 1 1 1
 1 1 1 1 1
 1 1 1 1 1
 1 1 1 1 1
 1 1 1 1 1
 1 1 1 1 1
pf_obs 
 0.8446 0.082 0.0669 0.0065 0
 0.8095 0.147 0.0364 0.0071 0
 0.9664 0.0169 0.016 0.0007 0
 0.9276 0.0648 0.0075 0.0001 0
 0.7033 0.2144 0.0806 0.0017 0
 0.9318 0.0425 0.0243 0.0014 0
 0.5671 0.3108 0.0964 0.0239 0.0018
 0.0768 0.2599 0.5324 0.112 0.0189
 0.490249 0.384438 0.106611 0.0170017 0.00170017
 0.7925 0.1577 0.0466 0.003 0.0002
 0.840416 0.127587 0.0312969 0.00059994 9.999e-05
 0.8084 0.0986 0.0794 0.0134 0.0002
 0.7335 0.1905 0.0724 0.0035 0.0001
 0.4001 0.4547 0.1325 0.0127 0
 0.49795 0.308269 0.164784 0.0264974 0.00249975
 0.9179 0.0499 0.0305 0.0017 0
 0.2467 0.6533 0.0926 0.0074 0
 0.9418 0.0223 0.034 0.0019 0
 0.707729 0.231977 0.0356964 0.0245975 0
 0.517169 0.277429 0.184464 0.0207286 0.00020938
 0.811772 0.124168 0.05621 0.00726502 0.000585176
 0.764997 0.148141 0.077277 0.00933861 0.000247198
 0.163321 0.427699 0.378323 0.0303852 0.000271297
 0.753843 0.0900009 0.118128 0.0371064 0.000921714
 0.721811 0.176058 0.0630433 0.0369309 0.00215725
 0.143369 0.312575 0.442814 0.0836902 0.0175525
 0.692698 0.0596174 0.167031 0.0765114 0.00414204
 0.394062 0.376323 0.152708 0.0712218 0.00568511
 0.125707 0.32114 0.495352 0.0537591 0.00404204
 0.23352 0.215282 0.420074 0.123614 0.00750983
 0.796117 0.104755 0.0508955 0.0450114 0.00322123
pf_pred 
 0.398683 0.100077 0.477631 0.0236085 6.78494e-07
 0.409549 0.235403 0.0590906 0.282018 0.0139401
 0.528954 0.192916 0.110886 0.0278344 0.13941
 0.75669 0.1287 0.0469384 0.0269796 0.0406922
 0.646196 0.26772 0.0455344 0.016607 0.0239425
 0.748492 0.162524 0.0673336 0.0114523 0.0101985
 0.481428 0.388147 0.0842801 0.0349173 0.0112275
 0.43353 0.272715 0.219874 0.0477422 0.0261397
 0.519478 0.208321 0.131046 0.105654 0.0355019
 0.661935 0.175617 0.0704259 0.0443019 0.0477199
 0.781201 0.144831 0.0384248 0.0154091 0.0201343
 0.71809 0.220228 0.0408292 0.0108323 0.01002
 0.658868 0.244963 0.0751268 0.0139281 0.0071134
 0.593923 0.267552 0.0994741 0.0305073 0.0085445
 0.681036 0.18944 0.0853394 0.0317287 0.0124561
 0.912245 0.0597643 0.0166243 0.00748896 0.00387744
 0.409714 0.538485 0.035278 0.0098131 0.00670943
 0.874043 0.0516062 0.0678257 0.0044435 0.00208112
 0.608444 0.342237 0.0202067 0.0265576 0.00255475
 0.585087 0.252451 0.141998 0.00838401 0.0120791
 0.742168 0.150854 0.0650899 0.0366117 0.00527603
 0.742717 0.190947 0.0388122 0.0167465 0.010777
 0.335978 0.493181 0.126793 0.0257721 0.0182762
 0.744871 0.0857178 0.125825 0.0323487 0.011238
 0.636801 0.270536 0.0311326 0.0456995 0.0158306
 0.453982 0.347705 0.147718 0.016999 0.0335965
 0.741807 0.117215 0.0897751 0.0381397 0.0130634
 0.702494 0.220692 0.0348723 0.0267087 0.0152333
 0.374263 0.439576 0.138095 0.0218209 0.0262446
 0.445832 0.207405 0.243599 0.0765279 0.0266363
 0.830568 0.0755382 0.0351409 0.0412734 0.0174793
pobs_RECLAS
 0 0 0 0 0
 0 0 0 0 0
 0 0 0 0 0
 0 0 0 0 0
 0 0 0 0 0
 0 0 0 0 0
 0 0 0 0 0
 0 0 0 0 0
 0 0 0 0 0
 0 0 0 0 0
 0.991045 0.00858322 0.000360255 1.14367e-05 0
 0.934742 0.0480273 0.0164251 0.00080598 0
 0.827803 0.169806 0.00239088 0 0
 0.941827 0.0461693 0.0120037 0 0
 0.791401 0.0380133 0.147996 0.0225897 0
 0.846168 0.0940531 0.0597789 0 0
 0.134021 0.677848 0.182769 0.00536245 0
 0.80878 0.0450904 0.141981 0.00414843 0
 0.846168 0.0940531 0.0597789 0 0
 0.905697 0.0802665 0.012482 0.00150086 5.37128e-05
 0.989698 0.0102097 9.19794e-05 0 0
 0.975433 0.0193895 0.00387452 0.00125025 5.28907e-05
 0.303575 0.632131 0.0575291 0.00676475 0
 0.966965 0.00978017 0.0227588 0.000495775 0
 0.843318 0.132988 0.00938335 0.0141283 0.000182051
 0.564624 0.303363 0.111486 0.0197234 0.00080311
 0.826376 0.0876187 0.0782897 0.00655872 0.00115652
 0.89761 0.0855135 0.0140674 0.00269457 0.000114338
 0.34875 0.467042 0.161289 0.0227151 0.000203297
 0.318654 0.224769 0.449479 0.00709798 0
 0.937255 0.0296025 0.0250945 0.00804832 0
ppred_RECLAS
 0.398683 0.100077 0.477631 0.0236085 6.78494e-07
 0.409549 0.235403 0.0590906 0.282018 0.0139401
 0.528954 0.192916 0.110886 0.0278344 0.13941
 0.75669 0.1287 0.0469384 0.0269796 0.0406922
 0.646196 0.26772 0.0455344 0.016607 0.0239425
 0.748492 0.162524 0.0673336 0.0114523 0.0101985
 0.481428 0.388147 0.0842801 0.0349173 0.0112275
 0.43353 0.272715 0.219874 0.0477422 0.0261397
 0.519478 0.208321 0.131046 0.105654 0.0355019
 0.661935 0.175617 0.0704259 0.0443019 0.0477199
 0.781201 0.144831 0.0384248 0.0154091 0.0201343
 0.71809 0.220228 0.0408292 0.0108323 0.01002
 0.658868 0.244963 0.0751268 0.0139281 0.0071134
 0.593923 0.267552 0.0994741 0.0305073 0.0085445
 0.681036 0.18944 0.0853394 0.0317287 0.0124561
 0.912245 0.0597643 0.0166243 0.00748896 0.00387744
 0.409714 0.538485 0.035278 0.0098131 0.00670943
 0.874043 0.0516062 0.0678257 0.0044435 0.00208112
 0.608444 0.342237 0.0202067 0.0265576 0.00255475
 0.585087 0.252451 0.141998 0.00838401 0.0120791
 0.742168 0.150854 0.0650899 0.0366117 0.00527603
 0.742717 0.190947 0.0388122 0.0167465 0.010777
 0.335978 0.493181 0.126793 0.0257721 0.0182762
 0.744871 0.0857178 0.125825 0.0323487 0.011238
 0.636801 0.270536 0.0311326 0.0456995 0.0158306
 0.453982 0.347705 0.147718 0.016999 0.0335965
 0.741807 0.117215 0.0897751 0.0381397 0.0130634
 0.702494 0.220692 0.0348723 0.0267087 0.0152333
 0.374263 0.439576 0.138095 0.0218209 0.0262446
 0.445832 0.207405 0.243599 0.0765279 0.0266363
 0.830568 0.0755382 0.0351409 0.0412734 0.0174793
pobs_PELACES
 0 0 0 0 0
 0 0 0 0 0
 0 0 0 0 0
 0 0 0 0 0
 0 0 0 0 0
 0 0 0 0 0
 0 0 0 0 0
 0 0 0 0 0
 0 0 0 0 0
 0 0 0 0 0
 0 0 0 0 0
 0 0 0 0 0
 0 0 0 0 0
 0 0 0 0 0
 0 0 0 0 0
 0 0 0 0 0
 0.505614 0.472636 0.0217494 0 0
 0 0 0 0 0
 0.443492 0.261883 0.143347 0.151278 0
 0.227955 0.32914 0.350689 0.0885471 0.00366901
 0.970185 0.0296113 0.000203453 0 0
 0.997202 0.00247181 0.000326279 0 0
 0.445219 0.490057 0.0546422 0.010081 0
 0.90214 0.0892962 0.00764917 0.000914606 0
 0 0 0 0 0
 0.581667 0.319106 0.0959925 0.00289975 0.000334073
 0.762889 0.0836404 0.116647 0.0363945 0.000428098
 0.88444 0.0763242 0.0277011 0.0115352 0
 0.521256 0.241999 0.230069 0.00667565 0
 0.616807 0.101726 0.260614 0.0208532 0
 0.833518 0.0704572 0.0857862 0.0102388 0
ppred_PELACES
 0.398683 0.100077 0.477631 0.0236085 6.78494e-07
 0.409549 0.235403 0.0590906 0.282018 0.0139401
 0.528954 0.192916 0.110886 0.0278344 0.13941
 0.75669 0.1287 0.0469384 0.0269796 0.0406922
 0.646196 0.26772 0.0455344 0.016607 0.0239425
 0.748492 0.162524 0.0673336 0.0114523 0.0101985
 0.481428 0.388147 0.0842801 0.0349173 0.0112275
 0.43353 0.272715 0.219874 0.0477422 0.0261397
 0.519478 0.208321 0.131046 0.105654 0.0355019
 0.661935 0.175617 0.0704259 0.0443019 0.0477199
 0.781201 0.144831 0.0384248 0.0154091 0.0201343
 0.71809 0.220228 0.0408292 0.0108323 0.01002
 0.658868 0.244963 0.0751268 0.0139281 0.0071134
 0.593923 0.267552 0.0994741 0.0305073 0.0085445
 0.681036 0.18944 0.0853394 0.0317287 0.0124561
 0.912245 0.0597643 0.0166243 0.00748896 0.00387744
 0.409714 0.538485 0.035278 0.0098131 0.00670943
 0.874043 0.0516062 0.0678257 0.0044435 0.00208112
 0.608444 0.342237 0.0202067 0.0265576 0.00255475
 0.585087 0.252451 0.141998 0.00838401 0.0120791
 0.742168 0.150854 0.0650899 0.0366117 0.00527603
 0.742717 0.190947 0.0388122 0.0167465 0.010777
 0.335978 0.493181 0.126793 0.0257721 0.0182762
 0.744871 0.0857178 0.125825 0.0323487 0.011238
 0.636801 0.270536 0.0311326 0.0456995 0.0158306
 0.453982 0.347705 0.147718 0.016999 0.0335965
 0.741807 0.117215 0.0897751 0.0381397 0.0130634
 0.702494 0.220692 0.0348723 0.0267087 0.0152333
 0.374263 0.439576 0.138095 0.0218209 0.0262446
 0.445832 0.207405 0.243599 0.0765279 0.0266363
 0.830568 0.0755382 0.0351409 0.0412734 0.0174793
pobs_pel_tallas
 0 0 0 0 0 0 0 0 0 0 0 0 0 0 0 0 0 0 0 0 0 0 0 0 0 0
 0 0 0 0 0 0 0 0 0 0 0 0 0 0 0 0 0 0 0 0 0 0 0 0 0 0
 0 0 0 0 0 0 0 0 0 0 0 0 0 0 0 0 0 0 0 0 0 0 0 0 0 0
 0 0 0 0 0 0 0 0 0 0 0 0 0 0 0 0 0 0 0 0 0 0 0 0 0 0
 0 0 0 0 0 0 0 0 0 0 0 0 0 0 0 0 0 0 0 0 0 0 0 0 0 0
 0 0 0 0 0 0 0 0 0 0 0 0 0 0 0 0 0 0 0 0 0 0 0 0 0 0
 0 0 0 0 0 0 0 0 0 0 0 0 0 0 0 0 0 0 0 0 0 0 0 0 0 0
 0 0 0 0 0 0 0 0 0 0 0 0 0 0 0 0 0 0 0 0 0 0 0 0 0 0
 0 0 0 0 0 0 0 0 0 0 0 0 0 0 0 0 0 0 0 0 0 0 0 0 0 0
 0 0 0 0 0 0 0 0 0 0 0 0 0 0 0 0 0 0 0 0 0 0 0 0 0 0
 0 0 0 0 0 0 0 0 0 0 0 0 0 0 0 0 0 0 0 0 0 0 0 0 0 0
 0 0 0 0 0 0 0 0 0 0 0 0 0 0 0 0 0 0 0 0 0 0 0 0 0 0
 0.00862536 0 0 0.000197151 0.00414017 0.0128641 0.00837892 0.0270097 0.101434 0.158115 0.152841 0.127902 0.109271 0.109419 0.0830992 0.0579132 0.0238553 0.00714673 0.00463305 0.00128148 0.00103504 0.000492878 0.000147863 0.000147863 4.92878e-05 0
 0 0 0 0 0 0 0 0 0 0 0 0 0 0 0 0 0 0 0 0 0 0 0 0 0 0
 0 0 0 0 0 0 0 0.0054083 0.00873648 0.0413646 0.0450493 0.0745869 0.0622846 0.0627006 0.0613931 0.0827291 0.12552 0.122667 0.0946155 0.0697135 0.0546179 0.0294188 0.0215738 0.0213955 0.0102223 0.00600262
 0 0 0 0 0.00359764 0.0251062 0.0480494 0.140153 0.205849 0.193036 0.1447 0.116669 0.0760912 0.0342217 0.00950174 0.001854 0.000860785 0 0 0 0.000165536 0 0.000143464 0 0 0
 0 0 0 0 0 0 0 0.000145254 0.000435761 0.0275982 0.070085 0.0708112 0.156366 0.174668 0.174014 0.160142 0.0824315 0.0480064 0.0283245 0.00493863 0.00203355 0 0 0 0 0
 0 0 0 0 0 0 0 0 0 0 0 0 0 0 0 0 0 0 0 0 0 0 0 0 0 0
 0 0 1.00437e-05 0.000401748 0.00122533 0.00171747 0.00176769 0.0269171 0.070346 0.194647 0.189555 0.159765 0.064822 0.0314167 0.0384472 0.0292271 0.0345202 0.0313363 0.0194345 0.0106764 0.0143323 0.0359363 0.0279516 0.0138201 0.00172751 0
 0 0.0021121 0.0136068 0.0755702 0.200478 0.177729 0.0527432 0.0373336 0.0318909 0.0142505 0.0149659 0.0166563 0.0217959 0.0798694 0.0677717 0.0528807 0.04013 0.0224614 0.0357745 0.0225083 0.00881397 0.00855152 0.00135912 0.000746735 0 0
 0 0 0 0 5.4009e-05 0.00500934 0.000945158 0.0243581 0.138947 0.33067 0.221406 0.137944 0.0707744 0.0437923 0.0131692 0.00525238 0.0047753 0.00276346 9.45158e-05 9.00151e-06 2.25038e-05 9.00151e-06 4.50075e-06 0 0 0
 0.000866109 0.00284123 0.00948549 0.0512746 0.133035 0.25785 0.225252 0.132002 0.0553304 0.0519788 0.0540692 0.017754 0.00435017 0.00159236 0.00146478 0.000404838 0.000125132 0.000115318 0.000107957 0.000100596 0 0 0 0 0 0
 0 0 0 0 0.00144013 0.00171154 0.00461396 0.0210425 0.0478622 0.0707936 0.0888783 0.103762 0.0637923 0.0337046 0.0602308 0.124433 0.169614 0.0934646 0.0462172 0.0250306 0.0313229 0.00938855 0.002487 0.000210481 0 0
 0 0.00764035 0.051015 0.0998891 0.058973 0.0496711 0.0374665 0.0718981 0.12319 0.153886 0.159021 0.0857701 0.0377988 0.023471 0.0147837 0.00900784 0.00315554 0.000888139 0.00291439 0.00214683 0.00393193 0.00274676 0.000635225 9.99891e-05 0 0
 0 0 0 0 0 0 0 0 0 0 0 0 0 0 0 0 0 0 0 0 0 0 0 0 0 0
 0 0 0 0 0 0 0 0 0 0 0 0 0 0 0 0 0 0 0 0 0 0 0 0 0 0
 0 0 0 0 0 0 0 0 0 0 0 0 0 0 0 0 0 0 0 0 0 0 0 0 0 0
 0 0 0 0 0 0 0 0 0 0 0 0 0 0 0 0 0 0 0 0 0 0 0 0 0 0
 0 0 0 0 0 0 0 0 0 0 0 0 0 0 0 0 0 0 0 0 0 0 0 0 0 0
 0 0 0 0 0 0 0 0 0 0 0 0 0 0 0 0 0 0 0 0 0 0 0 0 0 0
 0 0 0 0 0 0 0 0 0 0 0 0 0 0 0 0 0 0 0 0 0 0 0 0 0 0
ppred_pel_tallas
 1.16177e-16 3.2839e-05 0.000319207 0.00212124 0.00964287 0.0300026 0.0639241 0.0933013 0.0933116 0.0639751 0.0301759 0.0101527 0.00343555 0.00330268 0.00603322 0.0107915 0.0175608 0.0262732 0.0367187 0.0485437 0.0610103 0.0726339 0.0811671 0.0842716 0.080618 0.0706801
 1.32407e-16 3.3734e-05 0.000327907 0.00217906 0.00990569 0.0308204 0.065667 0.0958476 0.0958705 0.0657786 0.0311956 0.0109916 0.00491325 0.00632576 0.0115154 0.019238 0.0283522 0.0371244 0.0439459 0.0484177 0.0517124 0.0557333 0.0616401 0.0688626 0.0752787 0.0783226
 1.29633e-16 4.35692e-05 0.000423509 0.00281436 0.0127937 0.0398061 0.0848117 0.123789 0.123808 0.0849034 0.0401146 0.0136871 0.00506538 0.00536658 0.00951909 0.0159053 0.0234859 0.030807 0.0364775 0.0400357 0.0422812 0.0446812 0.0482874 0.0529948 0.0576048 0.0604934
 1.1098e-16 6.23276e-05 0.000605846 0.00402606 0.0183019 0.0569441 0.121326 0.177081 0.177094 0.121387 0.0571489 0.0188942 0.00551608 0.0038694 0.00629321 0.0103942 0.0151844 0.0195743 0.0225219 0.0236161 0.0233374 0.0227049 0.0225796 0.0231639 0.0240041 0.0243696
 1.071e-16 5.32264e-05 0.00051738 0.00343817 0.0156294 0.0486291 0.10361 0.151228 0.151254 0.103737 0.0490529 0.0168536 0.00651215 0.00723147 0.0128155 0.0211325 0.0305118 0.038538 0.0427961 0.0422057 0.0376728 0.0314653 0.0258216 0.021872 0.0195004 0.0179224
 1.0486e-16 6.16523e-05 0.000599283 0.00398244 0.0181036 0.0563272 0.120012 0.175164 0.175179 0.120089 0.0565857 0.0188512 0.00586258 0.00471535 0.00791329 0.0130751 0.0190412 0.0243907 0.0277094 0.0283371 0.0267222 0.0240338 0.0213654 0.019177 0.0173114 0.0153909
 1.07934e-16 3.96547e-05 0.000385458 0.0025615 0.0116443 0.0362298 0.0771928 0.112673 0.11271 0.0773759 0.0368447 0.0134211 0.00702447 0.0101375 0.0185882 0.0307411 0.0444563 0.0562838 0.0627326 0.0622071 0.0559374 0.0470771 0.0387241 0.0324231 0.0280278 0.0245609
 1.15627e-16 3.57093e-05 0.000347107 0.00230665 0.0104857 0.0326251 0.0695122 0.101461 0.101487 0.0696423 0.0330626 0.0117532 0.00550275 0.00737265 0.0135211 0.0226708 0.0335331 0.0440181 0.0519821 0.0564063 0.0578609 0.0577884 0.0572452 0.0561933 0.053814 0.0493728
 1.20439e-16 4.27887e-05 0.000415922 0.00276395 0.0125645 0.039093 0.0832925 0.121572 0.121592 0.0833916 0.0394266 0.0135307 0.00519951 0.00576718 0.0103089 0.017251 0.0255106 0.0335201 0.0397414 0.0435755 0.0456967 0.0474259 0.0496362 0.0520851 0.0536224 0.0529738
 1.14596e-16 5.45228e-05 0.000529981 0.00352191 0.0160101 0.0498135 0.106133 0.154908 0.154925 0.106217 0.0500931 0.0168192 0.00555765 0.00499058 0.00857591 0.0142262 0.0208156 0.026895 0.0310547 0.0327324 0.0325614 0.0318866 0.0318218 0.0325889 0.033546 0.0337209
 1.06099e-16 6.43465e-05 0.000625471 0.00415648 0.0188947 0.0587886 0.125256 0.182818 0.182832 0.125324 0.0590184 0.0195589 0.00582534 0.00427478 0.00701362 0.0115431 0.016743 0.0213191 0.0240072 0.0242536 0.0225444 0.0200508 0.017876 0.0164932 0.0157085 0.0150111
 1.04017e-16 5.91482e-05 0.000574941 0.00382069 0.0173683 0.0540394 0.115137 0.168051 0.168072 0.115241 0.054388 0.0183755 0.00634978 0.006099 0.0105594 0.0173874 0.0250995 0.0316884 0.0351501 0.0345682 0.0306512 0.0252298 0.0201306 0.0163092 0.013745 0.0119052
 1.04832e-16 5.42702e-05 0.000527525 0.00350559 0.0159359 0.0495827 0.105642 0.154193 0.154216 0.105758 0.0499715 0.0170596 0.00632928 0.00670221 0.0118121 0.0195231 0.0283082 0.035996 0.0403985 0.0404932 0.0369915 0.0317729 0.0266685 0.0225695 0.0193868 0.0166021
 1.07445e-16 4.89207e-05 0.000475526 0.00316004 0.0143651 0.0446953 0.095229 0.138995 0.139021 0.0953556 0.0451206 0.0155948 0.00625177 0.00724184 0.0129497 0.0214633 0.0312257 0.0399255 0.0452292 0.0460554 0.0431671 0.038532 0.033996 0.0303439 0.0273121 0.0242458
 1.07802e-16 5.60961e-05 0.000545274 0.00362354 0.0164721 0.0512509 0.109196 0.159379 0.159397 0.109286 0.0515525 0.0173448 0.00581924 0.00535535 0.00924117 0.0153205 0.0223762 0.0288018 0.0329951 0.0342275 0.0330368 0.0307537 0.0285605 0.0268503 0.0252795 0.0232795
 1.01903e-16 7.51404e-05 0.000730392 0.00485371 0.0220643 0.0686501 0.146267 0.213482 0.213487 0.146295 0.068745 0.0223384 0.0055425 0.00223663 0.00294352 0.004768 0.00691068 0.00879687 0.00989775 0.00997706 0.00922441 0.00811112 0.00708466 0.00634327 0.00582498 0.00535124
 1.03276e-16 3.37477e-05 0.00032804 0.00217994 0.00990974 0.0308331 0.0656952 0.0958949 0.0959468 0.0659485 0.0316833 0.0123644 0.00833836 0.0137614 0.0255152 0.0420476 0.0603789 0.0755324 0.0824595 0.0788388 0.0664831 0.0501594 0.0348037 0.0232762 0.0159374 0.0116504
 1.02769e-16 7.19938e-05 0.000699806 0.00465045 0.0211403 0.0657753 0.140141 0.204542 0.204547 0.140166 0.0658589 0.0213829 0.00526401 0.00205423 0.00268825 0.00444467 0.00666159 0.00892966 0.0108644 0.0122585 0.0131436 0.0136552 0.0138319 0.0135476 0.0126312 0.0110496
 1.03767e-16 5.01168e-05 0.000487153 0.00323731 0.0147163 0.0457882 0.0975578 0.142395 0.142428 0.0977188 0.0463286 0.0162767 0.00715233 0.009028 0.0162545 0.0267512 0.0384377 0.0481493 0.052707 0.0506744 0.043238 0.0334368 0.0243707 0.0177635 0.0137083 0.0113437
 1.07048e-16 4.81929e-05 0.000468452 0.00311303 0.0141514 0.0440304 0.0938123 0.136927 0.136951 0.0939321 0.0444331 0.0153166 0.00604574 0.00689691 0.0123341 0.0205152 0.0300148 0.0387151 0.0444532 0.0461784 0.0444741 0.0409605 0.0371138 0.0334932 0.029851 0.0257698
 1.06482e-16 6.11315e-05 0.00059422 0.0039488 0.0179507 0.0558513 0.118998 0.173684 0.173698 0.119069 0.0560915 0.0186456 0.00569705 0.00442407 0.00737452 0.0122005 0.0178207 0.0229477 0.0263138 0.0273518 0.0265039 0.0248363 0.0232808 0.0221187 0.0210286 0.0195099
 1.04673e-16 6.11767e-05 0.000594659 0.00395172 0.017964 0.0558926 0.119086 0.173813 0.173832 0.119176 0.0561951 0.0188379 0.00614656 0.00539018 0.00918127 0.0151154 0.0218498 0.0276543 0.0308131 0.030552 0.0274946 0.0232154 0.0192567 0.0163801 0.0144899 0.0130574
 1.09463e-16 2.76741e-05 0.000269003 0.00178762 0.00812629 0.0252841 0.0538723 0.0786382 0.0786858 0.0541051 0.026066 0.0103857 0.00746379 0.0126754 0.0236349 0.039148 0.05667 0.071851 0.0802576 0.0798339 0.0720757 0.0608972 0.0501519 0.0417774 0.0356501 0.0306652
 1.08799e-16 6.1354e-05 0.000596383 0.00396317 0.018016 0.0560546 0.119431 0.174314 0.174323 0.119472 0.0561941 0.0184213 0.00498973 0.00286794 0.00446552 0.00752172 0.0113846 0.0154858 0.0192689 0.0224614 0.0251452 0.027495 0.0294242 0.0304843 0.0301184 0.0280415
 1.0823e-16 5.24525e-05 0.000509857 0.00338818 0.0154022 0.0479221 0.102104 0.149029 0.149055 0.102231 0.04835 0.0166383 0.00649143 0.00728619 0.0129285 0.0213105 0.0307491 0.0388068 0.0430615 0.0424623 0.0379866 0.0319873 0.0267511 0.0233735 0.0216124 0.0205096
 1.11742e-16 3.7394e-05 0.000363483 0.00241547 0.0109804 0.0341643 0.0727919 0.106249 0.106283 0.0729565 0.0347175 0.0125803 0.00643911 0.00917307 0.0168448 0.0279891 0.0407864 0.0522813 0.0594652 0.0609375 0.0576653 0.0521529 0.0467341 0.0423769 0.0387156 0.0348999
 1.08657e-16 6.11016e-05 0.00059393 0.00394687 0.0179419 0.055824 0.118939 0.173598 0.173609 0.118995 0.0560121 0.0184867 0.00532064 0.00361406 0.00585963 0.00975635 0.0144414 0.0189967 0.0225268 0.0246349 0.0256106 0.0261024 0.0265502 0.0268627 0.0265558 0.0251592
 1.0632e-16 5.78635e-05 0.000562454 0.00373771 0.0169911 0.0528657 0.112637 0.164401 0.164422 0.112741 0.053215 0.0180002 0.00627173 0.00609737 0.0105794 0.0174256 0.0251656 0.0318045 0.0353638 0.0349697 0.0313856 0.0264869 0.0221033 0.0191243 0.0173922 0.0161993
 1.10728e-16 3.08277e-05 0.000299656 0.00199132 0.00905228 0.0281652 0.0600106 0.0875961 0.0876386 0.0602183 0.0288629 0.0110691 0.00705991 0.0113846 0.0211425 0.03506 0.0508687 0.0647408 0.0727758 0.0731632 0.0672004 0.0582678 0.0496374 0.0428652 0.0377192 0.0331796
 1.19266e-16 3.67227e-05 0.000356957 0.00237211 0.0107833 0.0335509 0.0714844 0.104338 0.104358 0.0715841 0.0338864 0.011757 0.00483412 0.00579056 0.0105303 0.0178088 0.0267301 0.0358952 0.0438715 0.0499903 0.0545884 0.0583938 0.0616028 0.0634974 0.062907 0.0590519
 1.08131e-16 6.84128e-05 0.000664997 0.00441914 0.0200888 0.0625036 0.133171 0.194368 0.194376 0.133207 0.0626243 0.0204379 0.0052984 0.00259438 0.00376277 0.00619402 0.00911557 0.0119031 0.0139907 0.015177 0.0157518 0.0162651 0.0171073 0.0182324 0.0192037 0.0194748
pSPR Fmed_Fpbrs
0.857554   0.6 0.325
Fs Fmed_Fpbrs
0.0710813   0.248967 0.595728
SSBpbr Bo_Bmed_Bpbrs
4.53411e+06  3.66154e+06  2.49376e+06 1.24688e+06
Ro
431025
SPR SPRFo_SPRFmed_SPRFpbrs
3.0765e+06 2.63826e+06 999861
Fref
0.248967
Nvult_r0
 546064 49663.2 23103.7 27135.5 11491.9
CTP_r0
 29566.1 2688.96 1250.93 1469.23 622.218
YTP_r0
391295
Np
 641796 184068 83373.8 7582.65 4539.2
Nvult_p0
 457728 131277 59462.1 5407.94 3237.35
CTP_p0
 91242.9 41328.7 3758.75 1748.6 2767.24
 91242.9 26168.5 11853.1 1078.01 645.33
YTP_p0
 1.56294e+06 1.42113e+06
CBA_c0
1.5204e+06
log_Ro
12.7939
likeval ReclasPelacesDesembMPH_pf_preclas_ppelaces_ptallas_desvR_qrecl_qpela
 18.3799 17.5907 0.152775 0.000817181 241.905 123.3 98.1906 0 22.3695 7.52984e-05 5.74275e-05 0.771425 8.3948e-16 0 0
q_reclas_q_pelaces
0.2924 0.34023
M
1
N
 412077 103439 493677 24401.7 0.701288
 253116 145488 36520.2 174298 8615.5
 237456 86603.4 49778.5 12495.3 62583.4
 479018 81472.4 29714.1 17079.3 25759.9
 383716 158974 27038.6 9861.34 14217.2
 627540 136261 56452.9 9601.63 8550.49
 266434 214810 46642.6 19324.1 6213.56
 134415 84554.8 68171.4 14802.4 8104.55
 120652 48383.8 30436.2 24538.9 8245.54
 153799 40804.1 16363.2 10293.4 11087.6
 274538 50898.1 13503.7 5415.24 7075.81
 320028 98148.2 18196.2 4827.6 4465.58
 274477 102049 31296.9 5802.3 2963.36
 197109 88794.3 33013.2 10124.7 2835.72
 214998 59804.9 26941 10016.5 3932.31
 1.06751e+06 69936.2 19453.8 8763.58 4537.38
 265894 349463 22894.5 6368.45 4354.24
 1.5349e+06 90625 119108 7803.17 3654.63
 923133 519242 30657.6 40293.2 3876.08
 695559 300117 168810 9967.03 14359.8
 1.13278e+06 230251 99347.6 55880.9 8052.88
 1.49946e+06 385499 78357 33809.2 21757.4
 340423 499706 128471 26113.1 18518
 1.02755e+06 118248 173576 44625.1 15502.9
 847870 360206 41451.6 60846.6 21077.7
 387121 296496 125962 14495.4 28648.5
 864754 136643 104655 44461 15228.6
 963562 302708 47831.9 36634.4 20894.4
 289072 339518 106661 16853.9 20270.7
 219040 101899 119682 37598.6 13086.6
 836767 76102 35403.2 41581.4 17609.7
pred_Ctot
 10528.4 2642.83 12613.3 623.454 0.0179176
 11257.7 6470.78 1624.29 7752.13 383.187
 10166.1 3707.72 2131.15 534.959 2679.37
 29886 5083.07 1853.86 1065.58 1607.16
 8444.87 3498.72 595.069 217.03 312.894
 27740 6023.31 2495.46 424.434 377.969
 23410.2 18874.3 4098.26 1697.91 545.955
 1832.78 1152.92 929.534 201.834 110.508
 6196.22 2484.8 1563.08 1260.22 423.459
 9846.92 2612.47 1047.65 659.033 709.879
 4906.52 909.646 241.337 96.7807 126.458
 27264.4 8361.61 1550.2 411.281 380.44
 21149.7 7863.32 2411.57 447.093 228.34
 22181 9992.16 3715.02 1139.35 319.108
 15893.6 4421.04 1991.6 740.464 290.694
 75030.8 4915.53 1367.33 615.956 318.914
 12435.2 16343.5 1070.72 297.836 203.637
 78572.1 4639.14 6097.19 399.448 187.082
 68533.8 38548.8 2276.04 2991.39 287.762
 44423.7 19167.8 10781.5 636.57 917.123
 54001.5 10976.4 4736.06 2663.93 383.893
 89925 23119.1 4699.21 2027.6 1304.83
 12061.5 17705.1 4551.84 925.213 656.111
 30722.4 3535.46 5189.69 1334.23 463.516
 26602.9 11301.9 1300.59 1909.13 661.337
 9950.36 7620.98 3237.67 372.583 736.368
 26599 4203 3219.07 1367.58 468.416
 25790.9 8102.36 1280.28 980.566 559.265
 7663.48 9000.83 2827.66 446.807 537.389
 7731.35 3596.68 4224.34 1327.1 461.91
 29566.1 2688.96 1250.93 1469.23 622.218
F
 0.0411169 0.0411169 0.0411169 0.0411169 0.0411169
 0.0725109 0.0725109 0.0725109 0.0725109 0.0725109
 0.0697182 0.0697182 0.0697182 0.0697182 0.0697182
 0.102999 0.102999 0.102999 0.102999 0.102999
 0.0353327 0.0353327 0.0353327 0.0353327 0.0353327
 0.0720538 0.0720538 0.0720538 0.0720538 0.0720538
 0.147728 0.147728 0.147728 0.147728 0.147728
 0.0217674 0.0217674 0.0217674 0.0217674 0.0217674
 0.0841286 0.0841286 0.0841286 0.0841286 0.0841286
 0.10582 0.10582 0.10582 0.10582 0.10582
 0.0286122 0.0286122 0.0286122 0.0286122 0.0286122
 0.142959 0.142959 0.142959 0.142959 0.142959
 0.128544 0.128544 0.128544 0.128544 0.128544
 0.192672 0.192672 0.192672 0.192672 0.192672
 0.123046 0.123046 0.123046 0.123046 0.123046
 0.116686 0.116686 0.116686 0.116686 0.116686
 0.0763674 0.0763674 0.0763674 0.0763674 0.0763674
 0.0838476 0.0838476 0.0838476 0.0838476 0.0838476
 0.1236 0.1236 0.1236 0.1236 0.1236
 0.105548 0.105548 0.105548 0.105548 0.105548
 0.0778926 0.0778926 0.0778926 0.0778926 0.0778926
 0.0988377 0.0988377 0.0988377 0.0988377 0.0988377
 0.0574047 0.0574047 0.0574047 0.0574047 0.0574047
 0.0482584 0.0482584 0.0482584 0.0482584 0.0482584
 0.0506942 0.0506942 0.0506942 0.0506942 0.0506942
 0.0413688 0.0413688 0.0413688 0.0413688 0.0413688
 0.0496763 0.0496763 0.0496763 0.0496763 0.0496763
 0.0431104 0.0431104 0.0431104 0.0431104 0.0431104
 0.0426913 0.0426913 0.0426913 0.0426913 0.0426913
 0.0571816 0.0571816 0.0571816 0.0571816 0.0571816
 0.0572434 0.0572434 0.0572434 0.0572434 0.0572434
YTP_r0W_actual
 245398 37914.4 34525.6 50247.5 23208.7
YTP_p0W_proyectada
 683409 647621 86939.9 51356.3 93615.8
 683409 410061 274162 31661.2 21831.5
CTP_r0_actual
 29566.1 2688.96 1250.93 1469.23 622.218
CTP_p0_proyectada
 91242.9 41328.7 3758.75 1748.6 2767.24
 91242.9 26168.5 11853.1 1078.01 645.33
Wmedp
 7.49 15.67 23.13 29.37 33.83
Frms_r0
 0.0572434 0.0572434 0.0572434 0.0572434 0.0572434
Zrms_r0
 1.05724 1.05724 1.05724 1.05724 1.05724
nmprior
 8.19 8.8 8.5 0
nm_flota  nm_reclas  nm_pelaces    nm_pelaL
inf 11.3173 15.9232 36.5292
cv_recla  cv_pelaces  cv_mph
0.38779 0.475569 0.882195
 ------------------------------------------------
Talla a la edad & desviaci?n 
 8 13.2811 15.8009 17.003 17.5766
 0.8 1.32811 1.58009 1.7003 1.75766
