years
 1991 1992 1993 1994 1995 1996 1997 1998 1999 2000 2001 2002 2003 2004 2005 2006 2007 2008 2009 2010 2011 2012 2013 2014 2015 2016 2017 2018 2019 2020 2021
reclasobs
 0 0 0 0 0 0 0 0 0 252601 567819 844713 477998 351125 339783 2.1784e+06 2.13404e+06 4.81314e+06 1.55562e+06 2.62356e+06 3.21686e+06 3.843e+06 1.13348e+06 3.07943e+06 1.97215e+06 2.03268e+06 2.025e+06 2.42433e+06 2.27542e+06 1.05018e+06 2.36338e+06
reclaspred
 3.32754e+06 1.9142e+06 972702 962722 958653 1.44255e+06 1.00445e+06 909492 670404 504109 510577 626031 629474 525012 537771 1.2509e+06 1.28678e+06 2.61832e+06 2.20787e+06 1.68664e+06 3.00529e+06 2.44711e+06 2.01423e+06 3.03314e+06 2.30083e+06 2.037e+06 2.36907e+06 2.47248e+06 2.08133e+06 1.36779e+06 1.91744e+06
pelacesobs
 0 0 0 0 0 0 0 0 0 0 0 0 0 0 0 552880 188675 0 991730 2.46772e+06 1.41603e+06 1.21717e+06 2.29649e+06 1.80582e+06 0 1.4828e+06 1.56532e+06 1.57751e+06 1.42118e+06 867257 1.10002e+06
pelacespred
 1.87538e+06 1.21783e+06 632575 508648 510417 792886 540907 563340 417823 303089 308698 321446 351729 319062 329413 627874 641442 1.47339e+06 1.31501e+06 942338 1.56728e+06 1.43081e+06 1.14947e+06 1.86685e+06 1.38455e+06 1.21308e+06 1.59722e+06 1.6478e+06 1.14341e+06 859929 1.20151e+06
mphobs
 0 0 0 0 0 0 0 0 0 0 0 498337 0 5186 125008 0 168611 109162 213762 579715 649985 157893 87575 83554 0 0 0 0 0 0 0
mphpred
 491089 330509 170525 92085.5 102476 112443 147391 103959 89590.5 64881.3 44215 58532.7 63752.5 56682.3 42952.6 52847.2 145374 145880 257661 204722 221838 272865 260433 220217 298166 246692 203881 213810 290854 205477 131779
desembarqueobs
 494567 514787 250237 358949 120608 361735 552515 73892 212993 205616 52469 317467 293654 387597 252695 516296 358380 742168 942051 627588 828172 859565 418607 520667 417249 300574 415391 372974 316634 284311 391294
desembarquepred
 494573 513102 251103 358966 120611 361745 552557 73894.6 213025 205646 52470.7 317522 293702 387653 252701 516286 358397 742114 941948 627523 828223 859599 418618 520684 417252 300577 415393 372968 316633 284319 391297
Reclutas
 266562 157132 152693 289343 231365 380431 161063 78056.1 70974 91690 165413 203152 171722 121772 128607 661710 156213 986432 582910 442497 687864 915552 202434 600414 501728 227998 507012 565225 170044 128318 488082
log_desv_Rt
 0.020216 -0.508306 -0.536963 0.10222 -0.121396 0.375913 -0.483597 -1.20796 -1.30308 -1.04698 -0.456947 -0.251437 -0.419513 -0.763241 -0.70863 0.929436 -0.514169 1.3287 0.80264 0.527041 0.968199 1.25414 -0.254976 0.832227 0.652665 -0.136056 0.663142 0.771832 -0.429332 -0.710878 0.625092
SSB
 5.58076e+06 3.75592e+06 1.93785e+06 1.04646e+06 1.16454e+06 1.2778e+06 1.67496e+06 1.18139e+06 1.01811e+06 737314 502461 665168 724486 644140 488115 600558 1.65204e+06 1.65779e+06 2.92807e+06 2.32647e+06 2.52097e+06 3.10085e+06 2.95957e+06 2.50255e+06 3.38837e+06 2.80342e+06 2.31691e+06 2.42975e+06 3.30528e+06 2.33505e+06 1.49754e+06
BT
 7.26942e+06 4.96083e+06 2.56702e+06 2.16403e+06 1.95952e+06 3.20568e+06 2.47434e+06 2.12176e+06 1.73778e+06 1.30756e+06 1.17382e+06 1.44408e+06 1.55361e+06 1.57061e+06 1.45778e+06 2.71549e+06 2.62441e+06 6.0378e+06 5.71708e+06 4.01092e+06 6.39858e+06 6.03677e+06 4.56576e+06 7.30329e+06 5.44192e+06 4.6986e+06 6.25836e+06 6.39293e+06 4.43774e+06 3.41643e+06 4.76588e+06
Ftot
 0.0764429 0.136792 0.132215 0.195562 0.0660197 0.133057 0.279796 0.0425377 0.165222 0.210989 0.0552063 0.264345 0.242972 0.381172 0.249193 0.222965 0.144195 0.152325 0.221895 0.19392 0.145454 0.184474 0.107506 0.0919817 0.0948371 0.0769818 0.0936906 0.0810162 0.0781755 0.107341 0.109973
BD_Bspro_t
 0.987844 0.907473 0.803361 0.737295 0.731222 0.782819 0.774599 0.662308 0.70671 0.681009 0.65855 0.787444 0.695327 0.625638 0.543935 0.595287 0.717335 0.707334 0.764817 0.693505 0.671581 0.712902 0.726682 0.726162 0.80315 0.809455 0.815371 0.838091 0.865568 0.824144 0.781488
BD_Bspro
 2.9931 2.01439 1.03932 0.561244 0.624571 0.685317 0.898322 0.633609 0.546037 0.395439 0.269482 0.356746 0.38856 0.345468 0.261788 0.322094 0.88603 0.889111 1.5704 1.24774 1.35206 1.66306 1.58729 1.34218 1.81726 1.50354 1.24261 1.30313 1.7727 1.25234 0.803169
BD_Bo
 2.02719 1.36432 0.703918 0.380124 0.423015 0.464158 0.608424 0.429136 0.369825 0.267827 0.182517 0.24162 0.263167 0.233982 0.177306 0.218151 0.600098 0.602185 1.06361 0.845082 0.915735 1.12637 1.07505 0.909044 1.23081 1.01833 0.841609 0.882597 1.20063 0.848198 0.543977
BD_Brms
 3.6858 2.48059 1.27985 0.691135 0.769118 0.843923 1.10622 0.780248 0.672409 0.486957 0.33185 0.439309 0.478486 0.425421 0.322375 0.396637 1.09109 1.09488 1.93384 1.53651 1.66497 2.04795 1.95464 1.65281 2.23784 1.85151 1.5302 1.60472 2.18297 1.54218 0.989049
Sel_flota
 0.906991 1 1 1 1
 0.906991 1 1 1 1
 0.906991 1 1 1 1
 0.906991 1 1 1 1
 0.906991 1 1 1 1
 0.906991 1 1 1 1
 0.906991 1 1 1 1
 0.906991 1 1 1 1
 0.906991 1 1 1 1
 0.906991 1 1 1 1
 0.906991 1 1 1 1
 0.906991 1 1 1 1
 0.906991 1 1 1 1
 0.906991 1 1 1 1
 0.906991 1 1 1 1
 0.906991 1 1 1 1
 0.906991 1 1 1 1
 0.906991 1 1 1 1
 0.906991 1 1 1 1
 0.906991 1 1 1 1
 0.906991 1 1 1 1
 0.906991 1 1 1 1
 0.906991 1 1 1 1
 0.906991 1 1 1 1
 0.906991 1 1 1 1
 0.906991 1 1 1 1
 0.906991 1 1 1 1
 0.906991 1 1 1 1
 0.906991 1 1 1 1
 0.906991 1 1 1 1
 0.906991 1 1 1 1
Sel_reclas
 1 1 1 1 1
 1 1 1 1 1
 1 1 1 1 1
 1 1 1 1 1
 1 1 1 1 1
 1 1 1 1 1
 1 1 1 1 1
 1 1 1 1 1
 1 1 1 1 1
 1 1 1 1 1
 1 1 1 1 1
 1 1 1 1 1
 1 1 1 1 1
 1 1 1 1 1
 1 1 1 1 1
 1 1 1 1 1
 1 1 1 1 1
 1 1 1 1 1
 1 1 1 1 1
 1 1 1 1 1
 1 1 1 1 1
 1 1 1 1 1
 1 1 1 1 1
 1 1 1 1 1
 1 1 1 1 1
 1 1 1 1 1
 1 1 1 1 1
 1 1 1 1 1
 1 1 1 1 1
 1 1 1 1 1
 1 1 1 1 1
Sel_pelaces
 1 1 1 1 1
 1 1 1 1 1
 1 1 1 1 1
 1 1 1 1 1
 1 1 1 1 1
 1 1 1 1 1
 1 1 1 1 1
 1 1 1 1 1
 1 1 1 1 1
 1 1 1 1 1
 1 1 1 1 1
 1 1 1 1 1
 1 1 1 1 1
 1 1 1 1 1
 1 1 1 1 1
 1 1 1 1 1
 1 1 1 1 1
 1 1 1 1 1
 1 1 1 1 1
 1 1 1 1 1
 1 1 1 1 1
 1 1 1 1 1
 1 1 1 1 1
 1 1 1 1 1
 1 1 1 1 1
 1 1 1 1 1
 1 1 1 1 1
 1 1 1 1 1
 1 1 1 1 1
 1 1 1 1 1
 1 1 1 1 1
pf_obs 
 0.8446 0.082 0.0669 0.0065 0
 0.8095 0.147 0.0364 0.0071 0
 0.9664 0.0169 0.016 0.0007 0
 0.9276 0.0648 0.0075 0.0001 0
 0.7033 0.2144 0.0806 0.0017 0
 0.9318 0.0425 0.0243 0.0014 0
 0.5671 0.3108 0.0964 0.0239 0.0018
 0.0768 0.2599 0.5324 0.112 0.0189
 0.490249 0.384438 0.106611 0.0170017 0.00170017
 0.7925 0.1577 0.0466 0.003 0.0002
 0.840416 0.127587 0.0312969 0.00059994 9.999e-05
 0.8084 0.0986 0.0794 0.0134 0.0002
 0.7335 0.1905 0.0724 0.0035 0.0001
 0.4001 0.4547 0.1325 0.0127 0
 0.49795 0.308269 0.164784 0.0264974 0.00249975
 0.9179 0.0499 0.0305 0.0017 0
 0.2467 0.6533 0.0926 0.0074 0
 0.9418 0.0223 0.034 0.0019 0
 0.707729 0.231977 0.0356964 0.0245975 0
 0.517169 0.277429 0.184464 0.0207286 0.00020938
 0.811772 0.124168 0.05621 0.00726502 0.000585176
 0.764997 0.148141 0.077277 0.00933861 0.000247198
 0.163321 0.427699 0.378323 0.0303852 0.000271297
 0.753843 0.0900009 0.118128 0.0371064 0.000921714
 0.721811 0.176058 0.0630433 0.0369309 0.00215725
 0.143369 0.312575 0.442814 0.0836902 0.0175525
 0.692698 0.0596174 0.167031 0.0765114 0.00414204
 0.394062 0.376323 0.152708 0.0712218 0.00568511
 0.125707 0.32114 0.495352 0.0537591 0.00404204
 0.23352 0.215282 0.420074 0.123614 0.00750983
 0.796117 0.104755 0.0508955 0.0450114 0.00322123
pf_pred 
 0.417122 0.108519 0.450462 0.0238967 7.29694e-07
 0.409042 0.26124 0.061386 0.254814 0.0135181
 0.542316 0.198947 0.114378 0.0268764 0.117483
 0.750926 0.141527 0.0467485 0.0268764 0.0339214
 0.645236 0.273402 0.0462312 0.0152708 0.0198602
 0.742925 0.17174 0.0657646 0.0111205 0.00845046
 0.475687 0.399764 0.0832053 0.031862 0.00948185
 0.437389 0.283553 0.212768 0.0442847 0.0220046
 0.520024 0.221805 0.130117 0.0976354 0.0304189
 0.67088 0.179893 0.0689602 0.0404541 0.0398128
 0.789418 0.146262 0.0351568 0.013477 0.0156867
 0.721449 0.224418 0.037599 0.00903765 0.00749701
 0.665225 0.248895 0.0691903 0.0115922 0.00509781
 0.60374 0.273227 0.0914711 0.0254281 0.00613372
 0.70118 0.188821 0.0758458 0.0253917 0.00876132
 0.920696 0.0574174 0.01383 0.00555524 0.0025015
 0.399424 0.557555 0.0311477 0.00750248 0.00437061
 0.883512 0.0495069 0.0621828 0.00347383 0.00132418
 0.601255 0.356474 0.0179652 0.0225651 0.00174112
 0.591215 0.256433 0.136201 0.00686414 0.0092869
 0.739283 0.160895 0.0626185 0.0332591 0.00394393
 0.741079 0.196553 0.0384886 0.0149793 0.00889952
 0.33001 0.510016 0.12144 0.0237802 0.0147535
 0.7408 0.0915721 0.127603 0.0303836 0.00964089
 0.630755 0.280634 0.0313052 0.0436229 0.013683
 0.444858 0.363265 0.145831 0.0162677 0.0297788
 0.735016 0.124576 0.0918778 0.0368838 0.0116462
 0.693706 0.231111 0.0353453 0.0260681 0.0137692
 0.364045 0.454677 0.136782 0.0209189 0.0235774
 0.437563 0.218195 0.246116 0.0740397 0.0240858
 0.82782 0.0797503 0.0358577 0.0404461 0.0161257
pobs_RECLAS
 0 0 0 0 0
 0 0 0 0 0
 0 0 0 0 0
 0 0 0 0 0
 0 0 0 0 0
 0 0 0 0 0
 0 0 0 0 0
 0 0 0 0 0
 0 0 0 0 0
 0 0 0 0 0
 0.991045 0.00858322 0.000360255 1.14367e-05 0
 0.934742 0.0480273 0.0164251 0.00080598 0
 0.827803 0.169806 0.00239088 0 0
 0.941827 0.0461693 0.0120037 0 0
 0.791401 0.0380133 0.147996 0.0225897 0
 0.846168 0.0940531 0.0597789 0 0
 0.134021 0.677848 0.182769 0.00536245 0
 0.80878 0.0450904 0.141981 0.00414843 0
 0.846168 0.0940531 0.0597789 0 0
 0.905697 0.0802665 0.012482 0.00150086 5.37128e-05
 0.989698 0.0102097 9.19794e-05 0 0
 0.975433 0.0193895 0.00387452 0.00125025 5.28907e-05
 0.303575 0.632131 0.0575291 0.00676475 0
 0.966965 0.00978017 0.0227588 0.000495775 0
 0.843318 0.132988 0.00938335 0.0141283 0.000182051
 0.564624 0.303363 0.111486 0.0197234 0.00080311
 0.826376 0.0876187 0.0782897 0.00655872 0.00115652
 0.89761 0.0855135 0.0140674 0.00269457 0.000114338
 0.34875 0.467042 0.161289 0.0227151 0.000203297
 0.318654 0.224769 0.449479 0.00709798 0
 0.937255 0.0296025 0.0250945 0.00804832 0
ppred_RECLAS
 0.441186 0.104039 0.431865 0.0229101 6.99569e-07
 0.43312 0.250596 0.0588848 0.244431 0.0129673
 0.566706 0.188346 0.108283 0.0254441 0.111222
 0.769047 0.131231 0.0433474 0.0249211 0.0314535
 0.667371 0.256343 0.0433466 0.014318 0.018621
 0.76133 0.159444 0.0610561 0.0103243 0.00784544
 0.500742 0.380661 0.0792291 0.0303394 0.00902874
 0.461624 0.271339 0.203603 0.0423771 0.0210567
 0.544683 0.210409 0.123432 0.0926193 0.0288561
 0.692473 0.168091 0.0644357 0.0377999 0.0372007
 0.805258 0.13526 0.0325123 0.0124633 0.0145067
 0.741117 0.208572 0.0349442 0.0083995 0.00696765
 0.687091 0.232638 0.0646712 0.010835 0.00476485
 0.627757 0.256667 0.0859272 0.0238869 0.00576197
 0.721694 0.175859 0.0706391 0.0236486 0.00815987
 0.927675 0.0523646 0.0126129 0.00506637 0.00228136
 0.423359 0.535335 0.0299064 0.00720348 0.00419643
 0.893316 0.0453405 0.0569496 0.00318148 0.00121274
 0.624889 0.335345 0.0169004 0.0212276 0.00163792
 0.614994 0.241516 0.128278 0.00646485 0.00874668
 0.757886 0.149415 0.0581505 0.0308859 0.00366252
 0.759667 0.182443 0.0357256 0.013904 0.00826065
 0.352147 0.493165 0.117428 0.0229945 0.0142661
 0.75924 0.0850577 0.118525 0.0282221 0.00895504
 0.653365 0.263449 0.0293883 0.0409517 0.0128451
 0.469235 0.347314 0.139427 0.0155534 0.0284712
 0.753733 0.115776 0.0853881 0.0342786 0.0108236
 0.714183 0.21566 0.0329823 0.0243253 0.0128487
 0.387083 0.438206 0.131826 0.0201611 0.0227233
 0.461939 0.208739 0.235449 0.0708308 0.0230419
 0.841416 0.0734529 0.0330262 0.0372523 0.0148524
pobs_PELACES
 0 0 0 0 0
 0 0 0 0 0
 0 0 0 0 0
 0 0 0 0 0
 0 0 0 0 0
 0 0 0 0 0
 0 0 0 0 0
 0 0 0 0 0
 0 0 0 0 0
 0 0 0 0 0
 0 0 0 0 0
 0 0 0 0 0
 0 0 0 0 0
 0 0 0 0 0
 0 0 0 0 0
 0 0 0 0 0
 0.505614 0.472636 0.0217494 0 0
 0 0 0 0 0
 0.443492 0.261883 0.143347 0.151278 0
 0.227955 0.32914 0.350689 0.0885471 0.00366901
 0.970185 0.0296113 0.000203453 0 0
 0.997202 0.00247181 0.000326279 0 0
 0.445219 0.490057 0.0546422 0.010081 0
 0.90214 0.0892962 0.00764917 0.000914606 0
 0 0 0 0 0
 0.581667 0.319106 0.0959925 0.00289975 0.000334073
 0.762889 0.0836404 0.116647 0.0363945 0.000428098
 0.88444 0.0763242 0.0277011 0.0115352 0
 0.521256 0.241999 0.230069 0.00667565 0
 0.616807 0.101726 0.260614 0.0208532 0
 0.833518 0.0704572 0.0857862 0.0102388 0
ppred_PELACES
 0.441764 0.103931 0.431418 0.0228864 6.98845e-07
 0.434151 0.25014 0.0587777 0.243987 0.0129437
 0.567702 0.187913 0.108034 0.0253856 0.110966
 0.770112 0.130626 0.0431477 0.0248062 0.0313085
 0.667821 0.255997 0.043288 0.0142987 0.0185958
 0.762072 0.158948 0.0608665 0.0102923 0.00782107
 0.502889 0.379024 0.0788884 0.0302089 0.00898991
 0.461949 0.271175 0.20348 0.0423516 0.021044
 0.545941 0.209828 0.123091 0.0923635 0.0287764
 0.693851 0.167338 0.0641471 0.0376306 0.037034
 0.805523 0.135075 0.032468 0.0124463 0.0144869
 0.742671 0.20732 0.0347345 0.0083491 0.00692583
 0.688692 0.231448 0.0643403 0.0107796 0.00474047
 0.630486 0.254785 0.085297 0.0237118 0.00571971
 0.723227 0.17489 0.0702498 0.0235183 0.0081149
 0.928133 0.0520331 0.0125331 0.0050343 0.00226692
 0.42444 0.534331 0.0298503 0.00718998 0.00418856
 0.89376 0.0451515 0.0567122 0.00316822 0.00120768
 0.626484 0.333919 0.0168285 0.0211374 0.00163095
 0.616402 0.240633 0.127809 0.00644121 0.00871469
 0.758704 0.14891 0.0579539 0.0307815 0.00365014
 0.760699 0.181659 0.0355722 0.0138443 0.00822517
 0.3529 0.492592 0.117291 0.0229677 0.0142495
 0.759755 0.0848755 0.118271 0.0281617 0.00893586
 0.654024 0.262949 0.0293324 0.0408738 0.0128207
 0.469823 0.346928 0.139273 0.0155361 0.0284397
 0.754267 0.115526 0.0852031 0.0342043 0.0108001
 0.714691 0.215278 0.0329238 0.0242821 0.0128259
 0.387653 0.437799 0.131704 0.0201423 0.0227022
 0.462758 0.208421 0.235091 0.070723 0.0230068
 0.841866 0.0732445 0.0329325 0.0371467 0.0148102
pobs_pel_tallas
 0 0 0 0 0 0 0 0 0 0 0 0 0 0 0 0 0 0 0 0 0 0 0 0 0 0
 0 0 0 0 0 0 0 0 0 0 0 0 0 0 0 0 0 0 0 0 0 0 0 0 0 0
 0 0 0 0 0 0 0 0 0 0 0 0 0 0 0 0 0 0 0 0 0 0 0 0 0 0
 0 0 0 0 0 0 0 0 0 0 0 0 0 0 0 0 0 0 0 0 0 0 0 0 0 0
 0 0 0 0 0 0 0 0 0 0 0 0 0 0 0 0 0 0 0 0 0 0 0 0 0 0
 0 0 0 0 0 0 0 0 0 0 0 0 0 0 0 0 0 0 0 0 0 0 0 0 0 0
 0 0 0 0 0 0 0 0 0 0 0 0 0 0 0 0 0 0 0 0 0 0 0 0 0 0
 0 0 0 0 0 0 0 0 0 0 0 0 0 0 0 0 0 0 0 0 0 0 0 0 0 0
 0 0 0 0 0 0 0 0 0 0 0 0 0 0 0 0 0 0 0 0 0 0 0 0 0 0
 0 0 0 0 0 0 0 0 0 0 0 0 0 0 0 0 0 0 0 0 0 0 0 0 0 0
 0 0 0 0 0 0 0 0 0 0 0 0 0 0 0 0 0 0 0 0 0 0 0 0 0 0
 0 0 0 0 0 0 0 0 0 0 0 0 0 0 0 0 0 0 0 0 0 0 0 0 0 0
 0.00862536 0 0 0.000197151 0.00414017 0.0128641 0.00837892 0.0270097 0.101434 0.158115 0.152841 0.127902 0.109271 0.109419 0.0830992 0.0579132 0.0238553 0.00714673 0.00463305 0.00128148 0.00103504 0.000492878 0.000147863 0.000147863 4.92878e-05 0
 0 0 0 0 0 0 0 0 0 0 0 0 0 0 0 0 0 0 0 0 0 0 0 0 0 0
 0 0 0 0 0 0 0 0.0054083 0.00873648 0.0413646 0.0450493 0.0745869 0.0622846 0.0627006 0.0613931 0.0827291 0.12552 0.122667 0.0946155 0.0697135 0.0546179 0.0294188 0.0215738 0.0213955 0.0102223 0.00600262
 0 0 0 0 0.00359764 0.0251062 0.0480494 0.140153 0.205849 0.193036 0.1447 0.116669 0.0760912 0.0342217 0.00950174 0.001854 0.000860785 0 0 0 0.000165536 0 0.000143464 0 0 0
 0 0 0 0 0 0 0 0.000145254 0.000435761 0.0275982 0.070085 0.0708112 0.156366 0.174668 0.174014 0.160142 0.0824315 0.0480064 0.0283245 0.00493863 0.00203355 0 0 0 0 0
 0 0 0 0 0 0 0 0 0 0 0 0 0 0 0 0 0 0 0 0 0 0 0 0 0 0
 0 0 1.00437e-05 0.000401748 0.00122533 0.00171747 0.00176769 0.0269171 0.070346 0.194647 0.189555 0.159765 0.064822 0.0314167 0.0384472 0.0292271 0.0345202 0.0313363 0.0194345 0.0106764 0.0143323 0.0359363 0.0279516 0.0138201 0.00172751 0
 0 0.0021121 0.0136068 0.0755702 0.200478 0.177729 0.0527432 0.0373336 0.0318909 0.0142505 0.0149659 0.0166563 0.0217959 0.0798694 0.0677717 0.0528807 0.04013 0.0224614 0.0357745 0.0225083 0.00881397 0.00855152 0.00135912 0.000746735 0 0
 0 0 0 0 5.4009e-05 0.00500934 0.000945158 0.0243581 0.138947 0.33067 0.221406 0.137944 0.0707744 0.0437923 0.0131692 0.00525238 0.0047753 0.00276346 9.45158e-05 9.00151e-06 2.25038e-05 9.00151e-06 4.50075e-06 0 0 0
 0.000866109 0.00284123 0.00948549 0.0512746 0.133035 0.25785 0.225252 0.132002 0.0553304 0.0519788 0.0540692 0.017754 0.00435017 0.00159236 0.00146478 0.000404838 0.000125132 0.000115318 0.000107957 0.000100596 0 0 0 0 0 0
 0 0 0 0 0.00144013 0.00171154 0.00461396 0.0210425 0.0478622 0.0707936 0.0888783 0.103762 0.0637923 0.0337046 0.0602308 0.124433 0.169614 0.0934646 0.0462172 0.0250306 0.0313229 0.00938855 0.002487 0.000210481 0 0
 0 0.00764035 0.051015 0.0998891 0.058973 0.0496711 0.0374665 0.0718981 0.12319 0.153886 0.159021 0.0857701 0.0377988 0.023471 0.0147837 0.00900784 0.00315554 0.000888139 0.00291439 0.00214683 0.00393193 0.00274676 0.000635225 9.99891e-05 0 0
 0 0 0 0 0 0 0 0 0 0 0 0 0 0 0 0 0 0 0 0 0 0 0 0 0 0
 0 0 0 0 0 0 0 0 0 0 0 0 0 0 0 0 0 0 0 0 0 0 0 0 0 0
 0 0 0 0 0 0 0 0 0 0 0 0 0 0 0 0 0 0 0 0 0 0 0 0 0 0
 0 0 0 0 0 0 0 0 0 0 0 0 0 0 0 0 0 0 0 0 0 0 0 0 0 0
 0 0 0 0 0 0 0 0 0 0 0 0 0 0 0 0 0 0 0 0 0 0 0 0 0 0
 0 0 0 0 0 0 0 0 0 0 0 0 0 0 0 0 0 0 0 0 0 0 0 0 0 0
 0 0 0 0 0 0 0 0 0 0 0 0 0 0 0 0 0 0 0 0 0 0 0 0 0 0
ppred_pel_tallas
 1.14772e-16 3.63876e-05 0.0003537 0.00235046 0.0106849 0.0332446 0.0708316 0.103383 0.103394 0.070884 0.0334225 0.011207 0.00369222 0.00338564 0.0060954 0.0108018 0.0173737 0.0256199 0.0352244 0.0458116 0.0567646 0.0668664 0.0742136 0.0767646 0.0733212 0.0642728
 1.2842e-16 3.57605e-05 0.000347605 0.00230996 0.0105008 0.0326719 0.0696118 0.101605 0.10163 0.0697302 0.03307 0.0116526 0.00520861 0.00670072 0.0121804 0.0203009 0.0297987 0.038749 0.0453296 0.0489943 0.0509026 0.0530898 0.056957 0.0622347 0.0671103 0.0692776
 1.24491e-16 4.67609e-05 0.000454532 0.00302053 0.0137309 0.042722 0.0910244 0.132857 0.132875 0.0911138 0.0430224 0.0146006 0.00521166 0.00526471 0.00926307 0.0154574 0.0227897 0.0298118 0.0351235 0.0382151 0.0398007 0.0412635 0.0436334 0.0468937 0.0500504 0.0517539
 1.09065e-16 6.34331e-05 0.000616592 0.00409747 0.0186265 0.0579541 0.123478 0.180222 0.180235 0.12354 0.0581618 0.019227 0.00560741 0.00392198 0.00636874 0.0105036 0.0153079 0.0196537 0.0224553 0.0232668 0.0225574 0.0213655 0.0206017 0.0205426 0.0208237 0.0208025
 1.05896e-16 5.50075e-05 0.000534693 0.00355322 0.0161525 0.0502564 0.107078 0.156288 0.156313 0.107198 0.0506616 0.0173229 0.00649213 0.00695336 0.0122544 0.020197 0.0291511 0.0367965 0.0408134 0.0401553 0.0356761 0.0295375 0.0238858 0.0198251 0.017285 0.0155646
 1.04153e-16 6.27709e-05 0.000610155 0.0040547 0.0184321 0.0573491 0.122189 0.178341 0.178357 0.122264 0.0576017 0.0191626 0.0058915 0.00462997 0.00772672 0.012752 0.0185451 0.023702 0.0268267 0.0272667 0.0254649 0.0225861 0.0197349 0.0174021 0.0154677 0.0135793
 1.06925e-16 4.14224e-05 0.00040264 0.00267569 0.0121633 0.0378448 0.0806337 0.117695 0.117731 0.0808124 0.0384451 0.0138979 0.00703207 0.00992051 0.0181409 0.029987 0.0433411 0.0548189 0.0609957 0.0603004 0.0539308 0.0449798 0.036505 0.0300622 0.0255595 0.0220829
 1.1375e-16 3.80502e-05 0.000369861 0.00245786 0.0111731 0.0347638 0.0740688 0.108111 0.108138 0.074198 0.0351982 0.0124315 0.00562977 0.00733797 0.0134006 0.0224317 0.0331026 0.0432938 0.0508334 0.0546853 0.0554312 0.0545724 0.0532726 0.051626 0.0489289 0.0445058
 1.17739e-16 4.49685e-05 0.000437109 0.00290475 0.0132046 0.0410844 0.0875355 0.127765 0.127785 0.0876352 0.04142 0.0141763 0.00535307 0.00581282 0.0103471 0.0172826 0.0254871 0.0333379 0.039235 0.0425286 0.0438784 0.0446459 0.0458056 0.047264 0.0480373 0.0469916
 1.11936e-16 5.71516e-05 0.000555534 0.00369172 0.016782 0.0522152 0.111251 0.162377 0.162393 0.11133 0.0524815 0.0175523 0.00562955 0.00480009 0.00816119 0.0135171 0.0197461 0.0254429 0.0292368 0.030563 0.0300035 0.0288386 0.0281614 0.0282517 0.0285948 0.0283676
 1.04672e-16 6.63499e-05 0.000644945 0.00428589 0.019483 0.060619 0.129156 0.188509 0.188522 0.129219 0.0608331 0.0201019 0.00584072 0.00404373 0.00653498 0.0107355 0.0155476 0.0197461 0.0221357 0.0221859 0.0203442 0.0177118 0.0153449 0.0137284 0.0127326 0.0119272
 1.03065e-16 6.11728e-05 0.000594622 0.00395147 0.0179628 0.0558891 0.119078 0.173803 0.173823 0.119176 0.0562172 0.0189105 0.0063307 0.00579017 0.00993349 0.0163386 0.0235624 0.0296992 0.032849 0.0321391 0.0282361 0.0228771 0.0178111 0.013977 0.0113954 0.009594
 1.038e-16 5.67267e-05 0.000551403 0.00366427 0.0166573 0.051827 0.110424 0.161171 0.161194 0.110533 0.0521941 0.0177181 0.00632947 0.00637761 0.0111454 0.0183975 0.0266406 0.0338014 0.0377948 0.0376446 0.0340298 0.0287559 0.0236028 0.0194707 0.0163235 0.013695
 1.05873e-16 5.19324e-05 0.000504801 0.00335458 0.0152495 0.0474469 0.101091 0.147551 0.147576 0.101212 0.0478515 0.0164192 0.0062948 0.0069367 0.0123067 0.0203668 0.0295773 0.0377065 0.0425039 0.0429221 0.0396954 0.0347399 0.0298896 0.0259838 0.0228523 0.0199155
 1.05804e-16 5.95713e-05 0.000579054 0.00384802 0.0174926 0.0544259 0.115961 0.169252 0.169269 0.116044 0.0547041 0.0182971 0.00587132 0.00500876 0.00851031 0.014075 0.0205059 0.026287 0.02991 0.0306814 0.0291 0.0264306 0.023836 0.0217711 0.0200066 0.0180751
 1.01264e-16 7.64491e-05 0.000743112 0.00493824 0.0224485 0.0698457 0.148814 0.217199 0.217204 0.148838 0.0699282 0.0226869 0.00553704 0.00205191 0.0025669 0.00413541 0.00598032 0.00758583 0.00848338 0.00846144 0.00768446 0.0065704 0.0055255 0.0047453 0.00419935 0.00374949
 1.02428e-16 3.49607e-05 0.00033983 0.00225829 0.0102659 0.0319413 0.0680562 0.0993408 0.0993923 0.0683075 0.0327847 0.012701 0.008367 0.0136631 0.025303 0.0416828 0.0598247 0.0747738 0.0815039 0.0777 0.065163 0.0486442 0.0330821 0.0213667 0.0139044 0.00959866
 1.02171e-16 7.36179e-05 0.000715592 0.00475536 0.0216172 0.0672591 0.143303 0.209156 0.20916 0.143324 0.0673321 0.0218291 0.00529114 0.00189762 0.0023548 0.00387085 0.00578816 0.00773373 0.00936428 0.0104953 0.011158 0.0114829 0.0115231 0.0111894 0.0103485 0.00897737
 1.02967e-16 5.16027e-05 0.000501597 0.00333329 0.0151527 0.0471458 0.10045 0.146617 0.146649 0.100607 0.0476729 0.0166747 0.00715164 0.00883042 0.0158502 0.0260723 0.0374395 0.0468491 0.051185 0.0490334 0.0415486 0.0317084 0.0225686 0.0158572 0.0117139 0.00933613
 1.05871e-16 5.07723e-05 0.000493525 0.00327965 0.0149088 0.046387 0.0988332 0.144255 0.144278 0.0989473 0.0467705 0.0160185 0.00607207 0.00661242 0.0117389 0.0195013 0.0284935 0.0366739 0.0419623 0.0433468 0.0413917 0.0376742 0.033655 0.0299285 0.0263083 0.0224192
 1.05416e-16 6.24935e-05 0.000607459 0.00403678 0.0183506 0.0570957 0.121649 0.177553 0.177568 0.121719 0.0573326 0.0190357 0.00575968 0.00437973 0.00725992 0.0119912 0.0174768 0.022424 0.0255594 0.0263079 0.0251082 0.023041 0.0210815 0.0195786 0.018282 0.0167397
 1.03854e-16 6.26578e-05 0.000609056 0.00404739 0.0183989 0.0572458 0.121969 0.178021 0.178038 0.122055 0.0575335 0.01923 0.00613469 0.005169 0.00873291 0.0143651 0.0207525 0.0262382 0.0291802 0.0288328 0.0257842 0.0215349 0.0175668 0.0146301 0.012666 0.0112025
 1.08226e-16 2.9068e-05 0.000282551 0.00187765 0.00853557 0.0265576 0.0565855 0.0825982 0.0826457 0.0568179 0.0273382 0.0107911 0.00754324 0.0126632 0.0235792 0.0390323 0.0564523 0.0714688 0.0796278 0.0788602 0.0706676 0.0589988 0.047772 0.0390044 0.0326442 0.027627
 1.07772e-16 6.25801e-05 0.000608301 0.00404237 0.018376 0.0571747 0.121817 0.177797 0.177806 0.121858 0.0573126 0.0187765 0.00505611 0.00284962 0.00440258 0.00739784 0.0111634 0.0151161 0.0186849 0.0215863 0.0239042 0.0258394 0.0273576 0.0280798 0.0275145 0.0254163
 1.07183e-16 5.38712e-05 0.000523647 0.00347982 0.0158188 0.0492182 0.104866 0.15306 0.153085 0.104989 0.0496341 0.0170199 0.00649524 0.00710754 0.0125622 0.0206966 0.0298491 0.0376391 0.0417001 0.0409973 0.0364704 0.0304062 0.0250426 0.0214772 0.0195205 0.0182881
 1.10479e-16 3.86988e-05 0.000376166 0.00249976 0.0113636 0.0353564 0.0753318 0.109956 0.10999 0.075496 0.0359081 0.0129588 0.00651111 0.00915653 0.0167834 0.0278667 0.0405648 0.051906 0.0588654 0.06003 0.0563692 0.0504128 0.0445471 0.0398086 0.0358973 0.0320062
 1.07747e-16 6.2128e-05 0.000603906 0.00401317 0.0182433 0.0567617 0.120937 0.176514 0.176525 0.120992 0.0569469 0.0187797 0.00536554 0.00357584 0.00576469 0.00958583 0.0141669 0.0185888 0.0219545 0.0238607 0.0245898 0.0247932 0.0249353 0.0249699 0.0244676 0.0230025
 1.05611e-16 5.88682e-05 0.000572219 0.0038026 0.0172861 0.0537835 0.114592 0.167255 0.167276 0.114694 0.0541242 0.0182703 0.00627379 0.00596938 0.010317 0.0169852 0.0245187 0.0309632 0.0343801 0.0339088 0.0302884 0.02535 0.0208903 0.0177993 0.0159525 0.0146889
 1.09775e-16 3.19305e-05 0.000310376 0.00206256 0.00937613 0.0291729 0.0621574 0.0907294 0.0907717 0.0623642 0.0298675 0.0113841 0.00710824 0.0113435 0.0210399 0.0348743 0.0505671 0.0642888 0.0721373 0.0722976 0.0660646 0.056828 0.0478891 0.0408511 0.0355326 0.0309495
 1.17824e-16 3.81168e-05 0.000370509 0.00246217 0.0111927 0.0348246 0.0741983 0.108299 0.108319 0.0742983 0.0351614 0.0121699 0.004932 0.00581844 0.0105506 0.0178182 0.0266908 0.0357318 0.0434695 0.0492097 0.0532941 0.0564957 0.0590918 0.0604631 0.0595299 0.0555702
 1.07201e-16 6.93434e-05 0.000674043 0.00447925 0.020362 0.0633539 0.134982 0.197012 0.197019 0.135017 0.0634707 0.0207003 0.00533103 0.0025425 0.00364517 0.00599039 0.00880297 0.011467 0.0134231 0.0144648 0.0148659 0.0151611 0.0157441 0.0165994 0.017342 0.01748
pSPR Fmed_Fpbrs
0.761549   0.6 0.325
Fs Fmed_Fpbrs
0.134369   0.261743 0.631629
SSBpbr Bo_Bmed_Bpbrs
2.75295e+06  1.95886e+06  1.51412e+06 757062
Ro
261228
SPR SPRFo_SPRFmed_SPRFpbrs
1.86454e+06 1.41994e+06 605976
Fref
0.261743
Nvult_r0
 325572 28712.3 12909.7 14561.7 5805.68
CTP_r0
 29528.7 2844.72 1279.06 1442.73 575.21
YTP_r0
391297
Np
 376806 109326 46016.4 3996.59 2305.79
Nvult_p0
 267480 78369.1 32986.4 2864.91 1652.88
CTP_p0
 51316.9 24166.1 2098.86 943.699 1415.27
 51316.9 16257.3 6842.87 594.314 342.883
YTP_p0
 887188 826446
CBA_c0
868965
log_Ro
12.2931
likeval ReclasPelacesDesembMPH_pf_preclas_ppelaces_ptallas_desvR_qrecl_qpela
 16.6021 17.4126 0.114311 0.00081268 241.048 121.149 98.0711 0 22.7465 1.97831e-05 1.05425e-05 0.580668 9.38611e-16 0 0
q_reclas_q_pelaces
0.532445 0.630061
M
1
N
 266562 63083.4 261860 13891.5 0.424181
 157132 91494.1 21499.2 89243.3 4734.44
 152693 51060.8 29355.6 6897.94 30152.4
 289343 49824.7 16457.8 9461.85 11942
 231365 89142.7 15073.7 4979.05 6475.39
 380431 80167.4 30698.6 5191.01 3944.64
 161063 124042 25817.7 9886.41 2942.11
 78056.1 45971.5 34495.4 7179.74 3567.54
 70974 27628.4 16207.7 12161.7 3789.05
 91690 22476.2 8616.02 5054.42 4974.29
 165413 27856 6695.72 2566.73 2987.57
 203152 57880.1 9697.24 2330.92 1933.57
 171722 58803.2 16346.7 2738.74 1204.39
 121772 50678.7 16966.2 4716.45 1137.69
 128607 31703.6 12734.7 4263.34 1471.05
 661710 37740.9 9090.57 3651.51 1644.26
 156213 198860 11109.3 2675.86 1558.84
 986432 50422.6 63332.9 3538.08 1348.67
 582910 316062 15928.6 20007 1543.73
 442497 175349 93134.3 4693.69 6350.37
 687864 136531 53136 28222.6 3346.69
 915552 221775 43427.6 16901.5 10041.5
 202434 284921 67842.7 13284.8 8242.06
 600414 67552.7 94132.7 22414 7112.09
 501728 203200 22667.4 31586.3 9907.5
 227998 169362 67989.6 7584.37 13883.6
 507012 78219.1 57688.6 23158.8 7312.46
 565225 171324 26201.7 19324.4 10207.2
 170044 193203 58121.8 8888.94 10018.6
 128318 58274 65730.8 19774 6432.64
 488082 42826.5 19255.8 21719.9 8659.62
pred_Ctot
 11351 2953.08 12258.2 650.292 0.0198569
 11707.6 7477.25 1757 7293.3 386.917
 11014.8 4040.77 2323.1 545.879 2386.16
 30160.5 5684.35 1877.62 1079.47 1362.43
 8542.1 3619.5 612.043 202.167 262.923
 27609.5 6382.39 2444.02 413.274 314.046
 23295.3 19577.3 4074.73 1560.34 464.345
 1873.29 1214.43 911.265 189.667 94.2434
 6320.48 2695.86 1581.47 1186.68 369.718
 10253.5 2749.42 1053.96 618.285 608.483
 5127.6 950.029 228.358 87.5386 101.891
 27915.8 8683.65 1454.86 349.704 290.09
 21857.9 8178.15 2273.45 380.894 167.503
 23138.9 10471.7 3505.71 974.555 235.08
 16751.2 4510.93 1811.95 606.606 209.307
 77856.3 4855.36 1169.5 469.765 211.533
 12235.5 17079.6 954.148 229.823 133.885
 81374.3 4559.74 5727.23 319.951 121.961
 68282.1 40483.3 2040.24 2562.63 197.732
 45765.2 19850.2 10543.2 531.344 718.887
 54322.5 11822.6 4601.21 2443.88 289.8
 90390.8 23973.9 4694.53 1827.05 1085.49
 11983.4 18519.9 4409.78 863.513 535.734
 30586.4 3780.86 5268.52 1254.49 398.057
 26324.5 11712.2 1306.52 1820.6 571.057
 9775.29 7982.36 3204.48 357.465 654.359
 26291.4 4456.06 3286.45 1319.33 416.583
 25465.3 8483.9 1297.5 956.935 505.455
 7400.31 9242.68 2780.5 425.239 479.281
 7584.82 3782.25 4266.24 1283.42 417.509
 29528.7 2844.72 1279.06 1442.73 575.21
F
 0.069333 0.0764429 0.0764429 0.0764429 0.0764429
 0.124069 0.136792 0.136792 0.136792 0.136792
 0.119918 0.132215 0.132215 0.132215 0.132215
 0.177373 0.195562 0.195562 0.195562 0.195562
 0.0598793 0.0660197 0.0660197 0.0660197 0.0660197
 0.120682 0.133057 0.133057 0.133057 0.133057
 0.253773 0.279796 0.279796 0.279796 0.279796
 0.0385813 0.0425377 0.0425377 0.0425377 0.0425377
 0.149855 0.165222 0.165222 0.165222 0.165222
 0.191365 0.210989 0.210989 0.210989 0.210989
 0.0500716 0.0552063 0.0552063 0.0552063 0.0552063
 0.239758 0.264345 0.264345 0.264345 0.264345
 0.220373 0.242972 0.242972 0.242972 0.242972
 0.34572 0.381172 0.381172 0.381172 0.381172
 0.226016 0.249193 0.249193 0.249193 0.249193
 0.202227 0.222965 0.222965 0.222965 0.222965
 0.130784 0.144195 0.144195 0.144195 0.144195
 0.138157 0.152325 0.152325 0.152325 0.152325
 0.201256 0.221895 0.221895 0.221895 0.221895
 0.175884 0.19392 0.19392 0.19392 0.19392
 0.131926 0.145454 0.145454 0.145454 0.145454
 0.167316 0.184474 0.184474 0.184474 0.184474
 0.097507 0.107506 0.107506 0.107506 0.107506
 0.0834266 0.0919817 0.0919817 0.0919817 0.0919817
 0.0860164 0.0948371 0.0948371 0.0948371 0.0948371
 0.0698218 0.0769818 0.0769818 0.0769818 0.0769818
 0.0849766 0.0936906 0.0936906 0.0936906 0.0936906
 0.073481 0.0810162 0.0810162 0.0810162 0.0810162
 0.0709045 0.0781755 0.0781755 0.0781755 0.0781755
 0.0973573 0.107341 0.107341 0.107341 0.107341
 0.0997443 0.109973 0.109973 0.109973 0.109973
YTP_r0W_actual
 245088 40110.6 35302 49341.3 21455.3
YTP_p0W_proyectada
 384363 378683 48546.6 27716.4 47878.5
 384363 254752 158276 17455 11599.7
CTP_r0_actual
 29528.7 2844.72 1279.06 1442.73 575.21
CTP_p0_proyectada
 51316.9 24166.1 2098.86 943.699 1415.27
 51316.9 16257.3 6842.87 594.314 342.883
Wmedp
 7.49 15.67 23.13 29.37 33.83
Frms_r0
 0.0997443 0.109973 0.109973 0.109973 0.109973
Zrms_r0
 1.09974 1.10997 1.10997 1.10997 1.10997
nmprior
 8.19 8.8 8.5 0
nm_flota  nm_reclas  nm_pelaces    nm_pelaL
inf 11.5683 17.2315 40.478
cv_recla  cv_pelaces  cv_mph
0.368559 0.473156 0.879762
 ------------------------------------------------
Talla a la edad & desviaci?n 
 8 13.2811 15.8009 17.003 17.5766
 0.8 1.32811 1.58009 1.7003 1.75766
