years
 1991 1992 1993 1994 1995 1996 1997 1998 1999 2000 2001 2002 2003 2004 2005 2006 2007 2008 2009 2010 2011 2012 2013 2014 2015 2016 2017 2018 2019 2020 2021
reclasobs
 0 0 0 0 0 0 0 0 0 252601 567819 844713 477998 351125 339783 2.1784e+06 2.13404e+06 4.81314e+06 1.55562e+06 2.62356e+06 3.21686e+06 3.843e+06 1.13348e+06 3.07943e+06 1.97215e+06 2.03268e+06 2.025e+06 2.42433e+06 2.27542e+06 1.05018e+06 2.36338e+06
reclaspred
 3.19568e+06 1.75477e+06 889390 911152 921702 1.56207e+06 898582 776828 553544 381952 501773 675997 663815 493933 487838 1.34597e+06 1.21553e+06 3.06575e+06 2.45066e+06 1.7843e+06 3.10756e+06 2.53239e+06 1.94041e+06 3.06112e+06 2.27576e+06 2.00734e+06 2.41695e+06 2.60837e+06 2.07801e+06 1.26991e+06 1.87418e+06
pelacesobs
 0 0 0 0 0 0 0 0 0 0 0 0 0 0 0 552880 188675 0 991730 2.46772e+06 1.41603e+06 1.21717e+06 2.29649e+06 1.80582e+06 0 1.4828e+06 1.56532e+06 1.57751e+06 1.42118e+06 867257 1.10002e+06
pelacespred
 1.79112e+06 1.07832e+06 535005 447083 488971 854084 438283 495508 326819 208387 292247 326081 354666 269404 275371 638896 592222 1.72552e+06 1.40911e+06 939960 1.63066e+06 1.39939e+06 1.10134e+06 1.90481e+06 1.36263e+06 1.2068e+06 1.64679e+06 1.75107e+06 1.16857e+06 798532 1.16273e+06
mphobs
 0 0 0 0 0 0 0 0 0 0 0 498337 0 5186 125008 0 168611 109162 213762 579715 649985 157893 87575 83554 0 0 0 0 0 0 0
mphpred
 489001 327380 158423 87757 96491.5 114510 155395 85968.6 77229.3 49450.6 31016.1 60572.5 65041.7 53453.4 33089.4 42153.3 152014 135988 306241 217548 229289 282071 268855 215677 309788 254817 208047 224729 321000 210560 122224
desembarqueobs
 494567 514787 250237 358949 120608 361735 552515 73892 212993 205616 52469 317467 293654 387597 252695 516296 358380 742168 942051 627588 828172 859565 418607 520667 417249 300574 415391 372974 316634 284311 391294
desembarquepred
 494572 513762 250724 358985 120614 361746 552549 73897.3 213054 205671 52471.9 317532 293694 387590 252675 516231 358407 742025 941769 627385 828253 859552 418610 520693 417239 300572 415385 372946 316618 284316 391297
Reclutas
 174369 96251.3 97097 150629 121576 218714 86720.4 37248 36254.3 48846.1 91332.4 130202 108786 75951.9 70922.2 382440 76570.1 614848 343188 271765 379043 520156 103324 303835 258999 114287 257215 289881 84655.5 62360.5 240113
log_desv_Rt
 0.193616 -0.400592 -0.391844 0.0472641 -0.167013 0.420208 -0.504866 -1.34996 -1.377 -1.07888 -0.453049 -0.0984644 -0.278172 -0.637455 -0.705971 0.979016 -0.629348 1.45382 0.870723 0.637384 0.970094 1.28657 -0.329684 0.748929 0.58927 -0.228845 0.582356 0.701916 -0.528965 -0.834622 0.513556
SSB
 2.19142e+06 1.46712e+06 709958 393276 432418 513166 696392 385261 346097 221609 138996 271451 291479 239547 148287 188906 681238 609420 1.37239e+06 974924 1.02754e+06 1.26408e+06 1.20485e+06 966539 1.38829e+06 1.14194e+06 932345 1.00711e+06 1.43854e+06 943609 547735
BT
 3.0701e+06 2.1004e+06 1.03574e+06 968575 825571 1.59613e+06 1.14374e+06 807596 700619 509865 486807 755400 799687 808751 670519 1.39006e+06 1.16178e+06 3.27768e+06 3.01286e+06 1.9653e+06 3.13457e+06 2.89512e+06 2.00302e+06 3.36629e+06 2.4174e+06 2.06756e+06 2.91168e+06 3.0179e+06 1.99274e+06 1.46313e+06 2.1392e+06
Ftot
 0.192066 0.353424 0.346416 0.524754 0.174523 0.322941 0.738548 0.125323 0.498366 0.689545 0.1543 0.629974 0.58962 1.01959 0.732174 0.576181 0.374331 0.356694 0.502826 0.465346 0.363699 0.45838 0.272487 0.241744 0.240654 0.193845 0.241656 0.20461 0.187391 0.278658 0.303004
BD_Bspro_t
 0.969843 0.791728 0.593809 0.495899 0.490272 0.581727 0.579598 0.390398 0.447692 0.388817 0.347285 0.595321 0.474214 0.379528 0.265622 0.317323 0.509151 0.468947 0.599394 0.485594 0.452385 0.501032 0.518093 0.502841 0.623031 0.632595 0.638793 0.681789 0.736821 0.654368 0.568245
BD_Bspro
 2.13693 1.43064 0.692305 0.383497 0.421666 0.500406 0.679076 0.375682 0.337491 0.216099 0.13554 0.264701 0.284231 0.233591 0.1446 0.184209 0.6643 0.594267 1.33827 0.950683 1.00199 1.23265 1.17489 0.942506 1.35377 1.11355 0.909163 0.982064 1.40277 0.920146 0.534116
BD_Bo
 1.41242 0.945598 0.457585 0.253476 0.278704 0.330748 0.448842 0.24831 0.223068 0.142832 0.0895862 0.174957 0.187865 0.154394 0.0955749 0.121755 0.439075 0.392786 0.884542 0.628363 0.662275 0.81473 0.776556 0.622958 0.894785 0.73601 0.600919 0.649104 0.927172 0.608179 0.353029
BD_Brms
 2.56804 1.71927 0.831973 0.460865 0.506735 0.60136 0.816076 0.451473 0.405578 0.259695 0.162884 0.318103 0.341573 0.280716 0.173773 0.221373 0.798318 0.714156 1.60826 1.14248 1.20414 1.48133 1.41192 1.13265 1.62688 1.3382 1.09258 1.18019 1.68577 1.10578 0.64187
Sel_flota
 0.715587 0.97951 0.9989 0.999942 0.999997
 0.715587 0.97951 0.9989 0.999942 0.999997
 0.715587 0.97951 0.9989 0.999942 0.999997
 0.715587 0.97951 0.9989 0.999942 0.999997
 0.715587 0.97951 0.9989 0.999942 0.999997
 0.715587 0.97951 0.9989 0.999942 0.999997
 0.715587 0.97951 0.9989 0.999942 0.999997
 0.715587 0.97951 0.9989 0.999942 0.999997
 0.715587 0.97951 0.9989 0.999942 0.999997
 0.715587 0.97951 0.9989 0.999942 0.999997
 0.715587 0.97951 0.9989 0.999942 0.999997
 0.715587 0.97951 0.9989 0.999942 0.999997
 0.715587 0.97951 0.9989 0.999942 0.999997
 0.715587 0.97951 0.9989 0.999942 0.999997
 0.715587 0.97951 0.9989 0.999942 0.999997
 0.715587 0.97951 0.9989 0.999942 0.999997
 0.715587 0.97951 0.9989 0.999942 0.999997
 0.715587 0.97951 0.9989 0.999942 0.999997
 0.715587 0.97951 0.9989 0.999942 0.999997
 0.715587 0.97951 0.9989 0.999942 0.999997
 0.715587 0.97951 0.9989 0.999942 0.999997
 0.715587 0.97951 0.9989 0.999942 0.999997
 0.715587 0.97951 0.9989 0.999942 0.999997
 0.715587 0.97951 0.9989 0.999942 0.999997
 0.715587 0.97951 0.9989 0.999942 0.999997
 0.715587 0.97951 0.9989 0.999942 0.999997
 0.715587 0.97951 0.9989 0.999942 0.999997
 0.715587 0.97951 0.9989 0.999942 0.999997
 0.715587 0.97951 0.9989 0.999942 0.999997
 0.715587 0.97951 0.9989 0.999942 0.999997
 0.715587 0.97951 0.9989 0.999942 0.999997
Sel_reclas
 1 1 1 1 1
 1 1 1 1 1
 1 1 1 1 1
 1 1 1 1 1
 1 1 1 1 1
 1 1 1 1 1
 1 1 1 1 1
 1 1 1 1 1
 1 1 1 1 1
 1 1 1 1 1
 1 1 1 1 1
 1 1 1 1 1
 1 1 1 1 1
 1 1 1 1 1
 1 1 1 1 1
 1 1 1 1 1
 1 1 1 1 1
 1 1 1 1 1
 1 1 1 1 1
 1 1 1 1 1
 1 1 1 1 1
 1 1 1 1 1
 1 1 1 1 1
 1 1 1 1 1
 1 1 1 1 1
 1 1 1 1 1
 1 1 1 1 1
 1 1 1 1 1
 1 1 1 1 1
 1 1 1 1 1
 1 1 1 1 1
Sel_pelaces
 0.961391 1 1 1 1
 0.961391 1 1 1 1
 0.961391 1 1 1 1
 0.961391 1 1 1 1
 0.961391 1 1 1 1
 0.961391 1 1 1 1
 0.961391 1 1 1 1
 0.961391 1 1 1 1
 0.961391 1 1 1 1
 0.961391 1 1 1 1
 0.961391 1 1 1 1
 0.961391 1 1 1 1
 0.961391 1 1 1 1
 0.961391 1 1 1 1
 0.961391 1 1 1 1
 0.961391 1 1 1 1
 0.961391 1 1 1 1
 0.961391 1 1 1 1
 0.961391 1 1 1 1
 0.961391 1 1 1 1
 0.961391 1 1 1 1
 0.961391 1 1 1 1
 0.961391 1 1 1 1
 0.961391 1 1 1 1
 0.961391 1 1 1 1
 0.961391 1 1 1 1
 0.961391 1 1 1 1
 0.961391 1 1 1 1
 0.961391 1 1 1 1
 0.961391 1 1 1 1
 0.961391 1 1 1 1
pf_obs 
 0.8446 0.082 0.0669 0.0065 0
 0.8095 0.147 0.0364 0.0071 0
 0.9664 0.0169 0.016 0.0007 0
 0.9276 0.0648 0.0075 0.0001 0
 0.7033 0.2144 0.0806 0.0017 0
 0.9318 0.0425 0.0243 0.0014 0
 0.5671 0.3108 0.0964 0.0239 0.0018
 0.0768 0.2599 0.5324 0.112 0.0189
 0.490249 0.384438 0.106611 0.0170017 0.00170017
 0.7925 0.1577 0.0466 0.003 0.0002
 0.840416 0.127587 0.0312969 0.00059994 9.999e-05
 0.8084 0.0986 0.0794 0.0134 0.0002
 0.7335 0.1905 0.0724 0.0035 0.0001
 0.4001 0.4547 0.1325 0.0127 0
 0.49795 0.308269 0.164784 0.0264974 0.00249975
 0.9179 0.0499 0.0305 0.0017 0
 0.2467 0.6533 0.0926 0.0074 0
 0.9418 0.0223 0.034 0.0019 0
 0.707729 0.231977 0.0356964 0.0245975 0
 0.517169 0.277429 0.184464 0.0207286 0.00020938
 0.811772 0.124168 0.05621 0.00726502 0.000585176
 0.764997 0.148141 0.077277 0.00933861 0.000247198
 0.163321 0.427699 0.378323 0.0303852 0.000271297
 0.753843 0.0900009 0.118128 0.0371064 0.000921714
 0.721811 0.176058 0.0630433 0.0369309 0.00215725
 0.143369 0.312575 0.442814 0.0836902 0.0175525
 0.692698 0.0596174 0.167031 0.0765114 0.00414204
 0.394062 0.376323 0.152708 0.0712218 0.00568511
 0.125707 0.32114 0.495352 0.0537591 0.00404204
 0.23352 0.215282 0.420074 0.123614 0.00750983
 0.796117 0.104755 0.0508955 0.0450114 0.00322123
pf_pred 
 0.475032 0.136173 0.364705 0.024089 8.64856e-07
 0.422374 0.323694 0.0668979 0.175458 0.0115766
 0.578289 0.216209 0.116363 0.0235048 0.065635
 0.734292 0.176396 0.0463121 0.0243618 0.0186388
 0.656287 0.276055 0.0453015 0.0116005 0.0107564
 0.752489 0.179724 0.0546677 0.00878729 0.00433174
 0.464335 0.435454 0.0732195 0.021773 0.00521863
 0.455188 0.310351 0.191594 0.0313341 0.0115337
 0.544087 0.244629 0.121412 0.0734547 0.0164171
 0.723117 0.176772 0.0543477 0.0263123 0.0194509
 0.831658 0.134492 0.0218274 0.00653128 0.0054915
 0.746021 0.221635 0.0259488 0.00412558 0.00226987
 0.692466 0.250651 0.0498059 0.00567884 0.00139762
 0.64191 0.2761 0.0671467 0.0129989 0.00184429
 0.754439 0.182588 0.0489084 0.0115218 0.00254259
 0.940492 0.049087 0.00780442 0.00203313 0.000583781
 0.374524 0.599927 0.0211702 0.00328048 0.00109846
 0.908928 0.0420159 0.0470971 0.00162395 0.000335484
 0.584726 0.388328 0.0125859 0.0137875 0.000572911
 0.614099 0.259836 0.118078 0.00373324 0.00425398
 0.737332 0.18373 0.0535719 0.0237609 0.00160513
 0.748064 0.201901 0.0352436 0.0100422 0.00474908
 0.313979 0.55711 0.103809 0.0176882 0.00741382
 0.740641 0.101719 0.128545 0.0234348 0.00566008
 0.623367 0.301937 0.0296824 0.0367134 0.00830011
 0.426198 0.401029 0.139112 0.0133855 0.0202757
 0.728315 0.13826 0.0938418 0.0318791 0.00770497
 0.68263 0.251032 0.0341204 0.022667 0.00955029
 0.339369 0.495439 0.131249 0.0174685 0.0164754
 0.418062 0.242684 0.255757 0.066356 0.0171416
 0.829734 0.086112 0.0355504 0.0366522 0.0119518
pobs_RECLAS
 0 0 0 0 0
 0 0 0 0 0
 0 0 0 0 0
 0 0 0 0 0
 0 0 0 0 0
 0 0 0 0 0
 0 0 0 0 0
 0 0 0 0 0
 0 0 0 0 0
 0 0 0 0 0
 0.991045 0.00858322 0.000360255 1.14367e-05 0
 0.934742 0.0480273 0.0164251 0.00080598 0
 0.827803 0.169806 0.00239088 0 0
 0.941827 0.0461693 0.0120037 0 0
 0.791401 0.0380133 0.147996 0.0225897 0
 0.846168 0.0940531 0.0597789 0 0
 0.134021 0.677848 0.182769 0.00536245 0
 0.80878 0.0450904 0.141981 0.00414843 0
 0.846168 0.0940531 0.0597789 0 0
 0.905697 0.0802665 0.012482 0.00150086 5.37128e-05
 0.989698 0.0102097 9.19794e-05 0 0
 0.975433 0.0193895 0.00387452 0.00125025 5.28907e-05
 0.303575 0.632131 0.0575291 0.00676475 0
 0.966965 0.00978017 0.0227588 0.000495775 0
 0.843318 0.132988 0.00938335 0.0141283 0.000182051
 0.564624 0.303363 0.111486 0.0197234 0.00080311
 0.826376 0.0876187 0.0782897 0.00655872 0.00115652
 0.89761 0.0855135 0.0140674 0.00269457 0.000114338
 0.34875 0.467042 0.161289 0.0227151 0.000203297
 0.318654 0.224769 0.449479 0.00709798 0
 0.937255 0.0296025 0.0250945 0.00804832 0
ppred_RECLAS
 0.558135 0.116325 0.30539 0.0201498 7.23388e-07
 0.504996 0.279969 0.0566958 0.148539 0.00979999
 0.656871 0.177704 0.0937146 0.0189096 0.0528001
 0.794736 0.137245 0.0352899 0.0185431 0.0141862
 0.724923 0.221806 0.035681 0.00912732 0.00846264
 0.808495 0.139833 0.0416804 0.00669248 0.00329891
 0.549937 0.367354 0.0604506 0.0179554 0.00430334
 0.536379 0.266373 0.161216 0.0263382 0.00969427
 0.626125 0.202582 0.0984781 0.0595137 0.0133005
 0.786654 0.137284 0.0413139 0.0199793 0.0147684
 0.872046 0.102639 0.0163299 0.00488113 0.00410383
 0.804493 0.171071 0.019609 0.0031141 0.00171326
 0.759194 0.19703 0.0383355 0.0043661 0.00107447
 0.719578 0.217343 0.0516704 0.00999071 0.0014174
 0.812592 0.140123 0.0367335 0.0086437 0.00190735
 0.956733 0.0358222 0.00557704 0.00145125 0.000416679
 0.453254 0.52485 0.0181468 0.00280892 0.000940504
 0.933108 0.0311999 0.0342682 0.00118032 0.000243823
 0.662127 0.316383 0.0100433 0.01099 0.00045664
 0.689778 0.210289 0.0936082 0.00295634 0.0033685
 0.796159 0.143466 0.0409881 0.0181598 0.00122669
 0.805332 0.156652 0.0267863 0.00762405 0.00360529
 0.387783 0.499064 0.0911384 0.0155126 0.00650157
 0.799277 0.0796948 0.0987106 0.0179766 0.00434153
 0.695955 0.24474 0.0235815 0.0291362 0.00658669
 0.506864 0.346738 0.117901 0.0113325 0.017165
 0.788558 0.108679 0.0722987 0.0245344 0.00592948
 0.748241 0.199984 0.026644 0.0176815 0.00744931
 0.415207 0.440765 0.114458 0.0152176 0.0143517
 0.500616 0.210741 0.21766 0.0564113 0.0145718
 0.871703 0.0655545 0.0265217 0.0273143 0.00890632
pobs_PELACES
 0 0 0 0 0
 0 0 0 0 0
 0 0 0 0 0
 0 0 0 0 0
 0 0 0 0 0
 0 0 0 0 0
 0 0 0 0 0
 0 0 0 0 0
 0 0 0 0 0
 0 0 0 0 0
 0 0 0 0 0
 0 0 0 0 0
 0 0 0 0 0
 0 0 0 0 0
 0 0 0 0 0
 0 0 0 0 0
 0.505614 0.472636 0.0217494 0 0
 0 0 0 0 0
 0.443492 0.261883 0.143347 0.151278 0
 0.227955 0.32914 0.350689 0.0885471 0.00366901
 0.970185 0.0296113 0.000203453 0 0
 0.997202 0.00247181 0.000326279 0 0
 0.445219 0.490057 0.0546422 0.010081 0
 0.90214 0.0892962 0.00764917 0.000914606 0
 0 0 0 0 0
 0.581667 0.319106 0.0959925 0.00289975 0.000334073
 0.762889 0.0836404 0.116647 0.0363945 0.000428098
 0.88444 0.0763242 0.0277011 0.0115352 0
 0.521256 0.241999 0.230069 0.00667565 0
 0.616807 0.101726 0.260614 0.0208532 0
 0.833518 0.0704572 0.0857862 0.0102388 0
ppred_PELACES
 0.552767 0.117846 0.309 0.0203867 7.3189e-07
 0.503103 0.281327 0.056842 0.148904 0.00982401
 0.655041 0.178848 0.0941088 0.0189868 0.0530156
 0.795952 0.136587 0.0350031 0.0183891 0.0140682
 0.72012 0.225728 0.0362714 0.00927779 0.00860213
 0.806835 0.141125 0.0419785 0.00673959 0.00332211
 0.556321 0.362461 0.0593643 0.0176282 0.00422488
 0.52938 0.270487 0.163575 0.0267224 0.00983565
 0.627418 0.202184 0.0979715 0.0591974 0.0132297
 0.790371 0.13511 0.0404805 0.0195716 0.0144669
 0.869147 0.104986 0.0166868 0.00498754 0.00419328
 0.806997 0.168966 0.0192897 0.00306274 0.00168498
 0.761502 0.195276 0.0378511 0.00431006 0.00106067
 0.729734 0.209781 0.0495484 0.00957706 0.00135869
 0.816458 0.137397 0.0358505 0.00843379 0.00186101
 0.957204 0.0354546 0.00549949 0.00143079 0.0004108
 0.4516 0.526488 0.0181599 0.00281059 0.000941056
 0.932664 0.0314453 0.034459 0.00118674 0.000245149
 0.663161 0.315481 0.00998247 0.0109216 0.000453791
 0.69023 0.210185 0.0932833 0.00294561 0.00335625
 0.795021 0.144368 0.0411499 0.0182293 0.00123137
 0.805509 0.156601 0.0266991 0.00759803 0.00359296
 0.384153 0.502187 0.0915488 0.015581 0.00653021
 0.796474 0.0808837 0.100028 0.018215 0.0043991
 0.692111 0.247912 0.0238503 0.0294659 0.0066612
 0.501334 0.350756 0.11912 0.0114489 0.0173412
 0.785615 0.110276 0.0732478 0.0248544 0.0060068
 0.744211 0.203241 0.0270425 0.0179446 0.00756016
 0.409693 0.445054 0.115433 0.0153463 0.014473
 0.497101 0.212446 0.21903 0.056761 0.0146621
 0.870354 0.0663085 0.0267748 0.027572 0.00899032
pobs_pel_tallas
 0 0 0 0 0 0 0 0 0 0 0 0 0 0 0 0 0 0 0 0 0 0 0 0 0 0
 0 0 0 0 0 0 0 0 0 0 0 0 0 0 0 0 0 0 0 0 0 0 0 0 0 0
 0 0 0 0 0 0 0 0 0 0 0 0 0 0 0 0 0 0 0 0 0 0 0 0 0 0
 0 0 0 0 0 0 0 0 0 0 0 0 0 0 0 0 0 0 0 0 0 0 0 0 0 0
 0 0 0 0 0 0 0 0 0 0 0 0 0 0 0 0 0 0 0 0 0 0 0 0 0 0
 0 0 0 0 0 0 0 0 0 0 0 0 0 0 0 0 0 0 0 0 0 0 0 0 0 0
 0 0 0 0 0 0 0 0 0 0 0 0 0 0 0 0 0 0 0 0 0 0 0 0 0 0
 0 0 0 0 0 0 0 0 0 0 0 0 0 0 0 0 0 0 0 0 0 0 0 0 0 0
 0 0 0 0 0 0 0 0 0 0 0 0 0 0 0 0 0 0 0 0 0 0 0 0 0 0
 0 0 0 0 0 0 0 0 0 0 0 0 0 0 0 0 0 0 0 0 0 0 0 0 0 0
 0 0 0 0 0 0 0 0 0 0 0 0 0 0 0 0 0 0 0 0 0 0 0 0 0 0
 0 0 0 0 0 0 0 0 0 0 0 0 0 0 0 0 0 0 0 0 0 0 0 0 0 0
 0.00862536 0 0 0.000197151 0.00414017 0.0128641 0.00837892 0.0270097 0.101434 0.158115 0.152841 0.127902 0.109271 0.109419 0.0830992 0.0579132 0.0238553 0.00714673 0.00463305 0.00128148 0.00103504 0.000492878 0.000147863 0.000147863 4.92878e-05 0
 0 0 0 0 0 0 0 0 0 0 0 0 0 0 0 0 0 0 0 0 0 0 0 0 0 0
 0 0 0 0 0 0 0 0.0054083 0.00873648 0.0413646 0.0450493 0.0745869 0.0622846 0.0627006 0.0613931 0.0827291 0.12552 0.122667 0.0946155 0.0697135 0.0546179 0.0294188 0.0215738 0.0213955 0.0102223 0.00600262
 0 0 0 0 0.00359764 0.0251062 0.0480494 0.140153 0.205849 0.193036 0.1447 0.116669 0.0760912 0.0342217 0.00950174 0.001854 0.000860785 0 0 0 0.000165536 0 0.000143464 0 0 0
 0 0 0 0 0 0 0 0.000145254 0.000435761 0.0275982 0.070085 0.0708112 0.156366 0.174668 0.174014 0.160142 0.0824315 0.0480064 0.0283245 0.00493863 0.00203355 0 0 0 0 0
 0 0 0 0 0 0 0 0 0 0 0 0 0 0 0 0 0 0 0 0 0 0 0 0 0 0
 0 0 1.00437e-05 0.000401748 0.00122533 0.00171747 0.00176769 0.0269171 0.070346 0.194647 0.189555 0.159765 0.064822 0.0314167 0.0384472 0.0292271 0.0345202 0.0313363 0.0194345 0.0106764 0.0143323 0.0359363 0.0279516 0.0138201 0.00172751 0
 0 0.0021121 0.0136068 0.0755702 0.200478 0.177729 0.0527432 0.0373336 0.0318909 0.0142505 0.0149659 0.0166563 0.0217959 0.0798694 0.0677717 0.0528807 0.04013 0.0224614 0.0357745 0.0225083 0.00881397 0.00855152 0.00135912 0.000746735 0 0
 0 0 0 0 5.4009e-05 0.00500934 0.000945158 0.0243581 0.138947 0.33067 0.221406 0.137944 0.0707744 0.0437923 0.0131692 0.00525238 0.0047753 0.00276346 9.45158e-05 9.00151e-06 2.25038e-05 9.00151e-06 4.50075e-06 0 0 0
 0.000866109 0.00284123 0.00948549 0.0512746 0.133035 0.25785 0.225252 0.132002 0.0553304 0.0519788 0.0540692 0.017754 0.00435017 0.00159236 0.00146478 0.000404838 0.000125132 0.000115318 0.000107957 0.000100596 0 0 0 0 0 0
 0 0 0 0 0.00144013 0.00171154 0.00461396 0.0210425 0.0478622 0.0707936 0.0888783 0.103762 0.0637923 0.0337046 0.0602308 0.124433 0.169614 0.0934646 0.0462172 0.0250306 0.0313229 0.00938855 0.002487 0.000210481 0 0
 0 0.00764035 0.051015 0.0998891 0.058973 0.0496711 0.0374665 0.0718981 0.12319 0.153886 0.159021 0.0857701 0.0377988 0.023471 0.0147837 0.00900784 0.00315554 0.000888139 0.00291439 0.00214683 0.00393193 0.00274676 0.000635225 9.99891e-05 0 0
 0 0 0 0 0 0 0 0 0 0 0 0 0 0 0 0 0 0 0 0 0 0 0 0 0 0
 0 0 0 0 0 0 0 0 0 0 0 0 0 0 0 0 0 0 0 0 0 0 0 0 0 0
 0 0 0 0 0 0 0 0 0 0 0 0 0 0 0 0 0 0 0 0 0 0 0 0 0 0
 0 0 0 0 0 0 0 0 0 0 0 0 0 0 0 0 0 0 0 0 0 0 0 0 0 0
 0 0 0 0 0 0 0 0 0 0 0 0 0 0 0 0 0 0 0 0 0 0 0 0 0 0
 0 0 0 0 0 0 0 0 0 0 0 0 0 0 0 0 0 0 0 0 0 0 0 0 0 0
 0 0 0 0 0 0 0 0 0 0 0 0 0 0 0 0 0 0 0 0 0 0 0 0 0 0
ppred_pel_tallas
 1.10992e-16 4.55307e-05 0.000442575 0.00294106 0.0133697 0.041598 0.0886294 0.12936 0.129372 0.0886874 0.0417939 0.0139413 0.00439775 0.00369492 0.006434 0.0111154 0.017287 0.0243957 0.0318082 0.0390737 0.0459069 0.0518341 0.0559003 0.0568745 0.0539143 0.0471832
 1.18308e-16 4.14399e-05 0.000402811 0.00267682 0.0121685 0.0378608 0.0806673 0.117742 0.117769 0.0808002 0.0383073 0.0134593 0.00592164 0.00750209 0.0135734 0.022511 0.0327689 0.0419939 0.0478815 0.0495403 0.0480785 0.0458147 0.0447066 0.0452118 0.0462928 0.0463071
 1.13638e-16 5.39549e-05 0.000524461 0.00348523 0.0158434 0.0492946 0.105028 0.153295 0.153313 0.105113 0.04958 0.0166692 0.00556421 0.0050833 0.00877275 0.0145793 0.0213826 0.0277187 0.0321437 0.0340412 0.033972 0.0331992 0.0327761 0.0329281 0.0331111 0.0325284
 1.05271e-16 6.55616e-05 0.000637282 0.00423496 0.0192515 0.0598987 0.127621 0.186269 0.186283 0.127686 0.0601154 0.0198777 0.00580848 0.00407788 0.00661669 0.0108802 0.0157767 0.0200792 0.0225923 0.0227908 0.0211301 0.018712 0.0165754 0.0151679 0.0143125 0.0135403
 1.03491e-16 5.93154e-05 0.000576567 0.00383149 0.0174174 0.0541921 0.115463 0.168526 0.168548 0.115569 0.0545493 0.018449 0.00642149 0.0062321 0.0108048 0.017781 0.0256384 0.0323064 0.0357167 0.0349219 0.0306543 0.0248149 0.0193178 0.01519 0.0124498 0.0105692
 1.02486e-16 6.6458e-05 0.000645995 0.00429287 0.0195148 0.0607177 0.129366 0.188816 0.18883 0.129433 0.0609416 0.0201619 0.00591898 0.00420144 0.00683537 0.0112381 0.0162827 0.0206852 0.0231774 0.0231655 0.0210584 0.0179439 0.0148888 0.0124237 0.0105152 0.00887896
 1.04289e-16 4.58235e-05 0.000445421 0.00295998 0.0134557 0.0418657 0.0892007 0.130198 0.130233 0.0893714 0.0424392 0.0151123 0.00711899 0.00952703 0.0173007 0.0285483 0.041166 0.0518639 0.0573147 0.055981 0.0490167 0.0394515 0.0303447 0.0233535 0.0185455 0.0151398
 1.09134e-16 4.36044e-05 0.00042385 0.00281664 0.012804 0.0398383 0.0848806 0.123891 0.123917 0.085009 0.0402702 0.0140542 0.00596441 0.00732776 0.0132501 0.0220837 0.0323865 0.0419362 0.0484609 0.0508658 0.0497706 0.0468494 0.0435629 0.0403554 0.0368178 0.0324196
 1.11055e-16 5.16796e-05 0.000502344 0.00333825 0.0151752 0.0472159 0.100599 0.146832 0.146851 0.100695 0.0475383 0.0161081 0.00568647 0.00565022 0.00989305 0.0164453 0.0240951 0.0311803 0.0360485 0.0379762 0.0375625 0.0361945 0.0350239 0.0342905 0.0334189 0.0316279
 1.05614e-16 6.51018e-05 0.000632813 0.00420527 0.0191165 0.0594787 0.126726 0.184963 0.184976 0.12679 0.0596932 0.0197367 0.00576401 0.00404266 0.00656225 0.0108025 0.015692 0.0200298 0.0226456 0.0230242 0.0216062 0.0194531 0.0175503 0.0162971 0.0154889 0.0146572
 1.01719e-16 7.15905e-05 0.000695885 0.0046244 0.0210219 0.0654069 0.139357 0.203397 0.203407 0.139406 0.065573 0.0215017 0.00582901 0.0033263 0.00506943 0.00827348 0.0119259 0.0150294 0.0166205 0.0162604 0.0142916 0.0115996 0.00907419 0.00718971 0.00594886 0.00509916
 1.01193e-16 6.64713e-05 0.000646125 0.00429373 0.0195187 0.0607299 0.129392 0.188855 0.188871 0.129472 0.0609969 0.0202898 0.00622902 0.00486955 0.00808359 0.0132482 0.0190533 0.023907 0.0262332 0.0253028 0.0216643 0.0167713 0.0121186 0.00855674 0.00618023 0.00465068
 1.01755e-16 6.2724e-05 0.000609699 0.00405167 0.0184183 0.0573063 0.122098 0.178209 0.178228 0.12219 0.0576154 0.0193113 0.00629387 0.00550673 0.00936962 0.0154074 0.022227 0.0280282 0.031013 0.0303396 0.0266044 0.0214076 0.0163718 0.012388 0.00952404 0.00741874
 1.02674e-16 6.01073e-05 0.000584264 0.00388264 0.0176499 0.0549156 0.117004 0.170775 0.170796 0.117103 0.055248 0.0186104 0.00629504 0.00585556 0.0100859 0.0166171 0.0240204 0.0303903 0.0338184 0.0334121 0.0297998 0.0246566 0.0196544 0.0156704 0.0127154 0.0103788
 1.02231e-16 6.72506e-05 0.000653699 0.00434406 0.0197475 0.0614418 0.130909 0.191068 0.191081 0.130974 0.0616597 0.020377 0.00592554 0.0041104 0.00664489 0.0109122 0.0157909 0.0200206 0.0223603 0.0222325 0.0200466 0.0168846 0.0138135 0.011373 0.00953884 0.00802338
 1.00381e-16 7.88437e-05 0.000766388 0.00509292 0.0231517 0.0720335 0.153475 0.224002 0.224005 0.153492 0.0720896 0.0233137 0.0054996 0.00165432 0.00176561 0.0027952 0.00402146 0.00506221 0.00558648 0.00544302 0.00474493 0.00379007 0.00288048 0.00218167 0.00170331 0.00137065
 1.011e-16 3.71978e-05 0.000361576 0.0024028 0.0109228 0.0339852 0.072411 0.105697 0.105747 0.0726585 0.0348158 0.0133207 0.00841726 0.0134761 0.0248995 0.0409882 0.0587667 0.0733215 0.0796699 0.0755141 0.0626399 0.0457792 0.0298836 0.0178996 0.0103102 0.00607465
 1.01164e-16 7.68223e-05 0.00074674 0.00496235 0.0225581 0.0701867 0.14954 0.218259 0.218262 0.149555 0.0702374 0.0227051 0.00533357 0.00156442 0.00165108 0.00266339 0.00395765 0.00524259 0.00626732 0.00689938 0.00716913 0.00719171 0.00703996 0.00668861 0.00606973 0.00517109
 1.01541e-16 5.46238e-05 0.000530963 0.00352844 0.0160398 0.0499059 0.106331 0.155199 0.15523 0.106479 0.0504036 0.0174768 0.00713293 0.00839109 0.0149575 0.0245763 0.0352466 0.0440086 0.0478905 0.0455344 0.0380275 0.02821 0.0190315 0.0122121 0.00797485 0.00562722
 1.0361e-16 5.68534e-05 0.000552635 0.00367246 0.0166945 0.0519428 0.11067 0.161531 0.161551 0.11077 0.0522772 0.0176615 0.00610453 0.00587707 0.0102132 0.0169094 0.0246186 0.0315065 0.0357163 0.0363473 0.0339206 0.0298982 0.0256841 0.0219326 0.018577 0.0153144
 1.03262e-16 6.54849e-05 0.000636536 0.00423001 0.019229 0.0598287 0.127472 0.186052 0.186066 0.12754 0.0600577 0.0198911 0.00589379 0.00427472 0.00699319 0.0115054 0.0166811 0.0212182 0.0238341 0.0239405 0.021973 0.0190503 0.0162467 0.0140595 0.012388 0.0108736
 1.02181e-16 6.63487e-05 0.000644933 0.00428581 0.0194827 0.0606179 0.129153 0.188506 0.188522 0.129227 0.0608657 0.0201986 0.00608317 0.00457 0.00752494 0.0123463 0.0178053 0.0224471 0.0248356 0.0243108 0.0213729 0.0173289 0.0134936 0.0105715 0.00857783 0.00716152
 1.05438e-16 3.16423e-05 0.000307574 0.00204394 0.00929149 0.0289095 0.0615966 0.0899122 0.0899606 0.0618333 0.0297043 0.0115875 0.00780874 0.0128972 0.0239561 0.0395918 0.0571175 0.0720063 0.0796485 0.0778977 0.0683179 0.0550607 0.0423257 0.0324013 0.0254191 0.0203728
 1.05479e-16 6.56045e-05 0.000637699 0.00423774 0.0192641 0.0599379 0.127704 0.18639 0.186398 0.127743 0.0600688 0.019644 0.00519825 0.00275751 0.00415901 0.00694839 0.0104157 0.0139617 0.0170004 0.019233 0.0207449 0.0217831 0.0224208 0.0224312 0.021471 0.0193836
 1.04834e-16 5.70083e-05 0.000554141 0.00368246 0.01674 0.0520843 0.110972 0.161972 0.161996 0.111089 0.0524762 0.0178717 0.00652295 0.00675415 0.0118301 0.0194642 0.0280307 0.0352556 0.0388756 0.0378835 0.0331457 0.0268268 0.0210853 0.0170448 0.0146403 0.013146
 1.07611e-16 4.12943e-05 0.000401396 0.00266742 0.0121257 0.0377278 0.0803842 0.11733 0.117364 0.08055 0.0382847 0.0137358 0.00671428 0.00925334 0.0169044 0.0280157 0.0406682 0.0517987 0.0582897 0.0586762 0.053954 0.0467683 0.0396866 0.033942 0.0293944 0.0253215
 1.05652e-16 6.47101e-05 0.000629005 0.00417996 0.0190015 0.0591207 0.125963 0.183849 0.18386 0.126016 0.0592972 0.0195123 0.00546704 0.0034547 0.00547843 0.00907877 0.0133647 0.0174253 0.0203701 0.0217875 0.0219424 0.0214889 0.0209437 0.0203663 0.0194546 0.0178832
 1.03912e-16 6.12998e-05 0.000595855 0.00395967 0.0180001 0.0560051 0.119325 0.174163 0.174183 0.119421 0.0563265 0.0189286 0.00629054 0.00568494 0.00972897 0.0159946 0.0230557 0.029044 0.0321059 0.031408 0.0276379 0.0225359 0.017838 0.0144494 0.0123302 0.0109261
 1.07434e-16 3.37459e-05 0.000328023 0.00217983 0.00990921 0.0308315 0.0656913 0.0958873 0.0959303 0.0659013 0.031537 0.011948 0.00730161 0.0115222 0.0213327 0.0353159 0.0511087 0.0647679 0.0722756 0.0717552 0.0645363 0.0541415 0.0440621 0.0360905 0.0301852 0.0254271
 1.14549e-16 4.09456e-05 0.000398005 0.00264489 0.0120233 0.037409 0.0797046 0.116336 0.116356 0.0798063 0.0377515 0.0130165 0.00515318 0.00592427 0.0106854 0.0179914 0.0268313 0.0356724 0.042941 0.0478753 0.0508251 0.0526649 0.0538527 0.0539895 0.0522009 0.0479056
 1.05077e-16 7.169e-05 0.000696852 0.00463083 0.0210511 0.0654977 0.13955 0.203679 0.203685 0.139581 0.0656034 0.0213567 0.00540005 0.0023828 0.00329386 0.00538668 0.00788578 0.0102083 0.0118242 0.0125233 0.0125398 0.0123645 0.0123896 0.0126657 0.0129266 0.0128053
pSPR Fmed_Fpbrs
0.551813   0.6 0.325
Fs Fmed_Fpbrs
0.349174   0.295183 0.728424
SSBpbr Bo_Bmed_Bpbrs
1.55153e+06  778578  853342 426671
Ro
143675
SPR SPRFo_SPRFmed_SPRFpbrs
1.0255e+06 565883 333287
Fref
0.295183
Nvult_r0
 168999 13655.5 5553.13 5720.65 1865.35
CTP_r0
 30113.9 3125.31 1290.25 1330.24 433.773
YTP_r0
391297
Np
 190519 56742.4 19592.5 1407.58 723.071
Nvult_p0
 133776 41109.4 14225.4 1022.11 525.059
CTP_p0
 23329.6 11555.5 849.552 343.015 449.204
 23329.6 9220.26 3239.34 232.938 119.665
YTP_p0
 400735 405036
CBA_c0
402026
log_Ro
11.6953
likeval ReclasPelacesDesembMPH_pf_preclas_ppelaces_ptallas_desvR_qrecl_qpela
 12.8772 17.0591 0.041331 0.000818941 240.536 117.394 99.0608 0 23.976 2.14797e-06 9.9708e-06 0.20927 7.42436e-16 0 0
q_reclas_q_pelaces
1.23082 1.56712
M
1
N
 174369 37274.5 98039.1 6469.33 0.232254
 96251.3 55909.3 11360.9 29770.3 1964.14
 97097 27496.4 14549.4 2936.28 8198.88
 150629 27877.5 7204.74 3786.77 2897.06
 121576 38065.6 6133.82 1569.19 1454.93
 218714 39474.5 11803.1 1895.51 934.357
 86720.4 63858.5 10583.9 3144.89 753.747
 37248 18806.3 11395.9 1861.9 685.309
 36254.3 12527.4 6119.25 3699.03 826.694
 48846.1 9336.53 2828.55 1368.37 1011.5
 91332.4 10970.9 1748.08 522.557 439.343
 130202 30086.9 3469.83 551.225 303.268
 108786 30517.2 5971.66 680.332 167.429
 75951.9 26244.5 6301.26 1219.03 172.951
 70922.2 13470.4 3556.44 837.18 184.739
 382440 15450.6 2418.93 629.64 180.783
 76570.1 93154.8 3232.56 500.462 167.57
 614848 21549.2 23750.5 818.203 169.021
 343188 175235 5589.86 6118.39 254.225
 271765 88099.1 39393.7 1244.43 1417.95
 379043 71660.7 20545.7 9104.53 615.014
 520156 107489 18461.7 5255.91 2485.47
 103324 137843 25239.3 4296.59 1800.78
 303835 31277 38830.8 7072.51 1708.1
 258999 94018.8 9080.16 11220.4 2536.57
 114287 80207.4 27324.2 2626.63 3978.5
 257215 36598.1 24403.9 8282.46 2001.72
 289881 79597.7 10625.9 7052.3 2971.19
 84655.5 92116.5 23964.4 3186.45 3005.16
 62360.5 27234.8 28205.1 7311.02 1888.55
 240113 18793.8 7625.88 7855 2561.29
pred_Ctot
 14313.8 4103.2 10989.3 725.853 0.02606
 13878.5 10636.1 2198.16 5765.29 380.39
 13750.3 5140.93 2766.82 558.888 1560.64
 30729.3 7381.95 1938.11 1019.51 780.01
 9115.03 3834.07 629.183 161.118 149.393
 29068.3 6942.67 2111.79 339.449 167.333
 23482.1 22021.5 3702.81 1101.09 263.914
 2034.48 1387.12 856.334 140.049 51.5504
 7076.05 3181.49 1579.01 955.305 213.51
 12514 3059.16 940.521 455.351 336.61
 6090 984.848 159.836 47.8268 40.2128
 30974.8 9202.29 1077.4 171.294 94.245
 24492.4 8865.47 1761.62 200.859 49.4333
 26356.7 11336.6 2757.04 533.732 75.7264
 19071.3 4615.62 1236.35 291.257 64.2737
 84453.5 4407.88 700.815 182.569 52.4219
 11624.5 18620.5 657.081 101.819 34.0938
 89392.3 4132.23 4631.96 159.714 32.9946
 67498.1 44826.8 1452.86 1591.57 66.1342
 49988.1 21150.8 9611.63 303.889 346.277
 56079 13973.8 4074.5 1807.17 122.081
 94428.8 25486.2 4448.83 1267.64 599.482
 11756 20859.4 3886.83 662.285 277.589
 30943.1 4249.72 5370.46 979.08 236.472
 26266.2 12722.5 1250.7 1546.96 349.734
 9463.67 8904.8 3088.96 297.223 450.219
 26186.3 4971.06 3374.04 1146.2 277.029
 25257.8 9288.37 1262.48 838.697 353.368
 6789.4 9911.73 2625.76 349.474 329.607
 7243.08 4204.59 4431.08 1149.64 296.985
 30113.9 3125.31 1290.25 1330.24 433.773
F
 0.13744 0.188131 0.191855 0.192055 0.192065
 0.252906 0.346183 0.353036 0.353404 0.353423
 0.247891 0.339318 0.346035 0.346396 0.346415
 0.375507 0.514002 0.524177 0.524723 0.524752
 0.124886 0.170947 0.174331 0.174513 0.174522
 0.231092 0.316324 0.322586 0.322922 0.32294
 0.528496 0.723415 0.737736 0.738505 0.738546
 0.0896793 0.122755 0.125185 0.125315 0.125322
 0.356624 0.488154 0.497818 0.498337 0.498364
 0.49343 0.675416 0.688787 0.689505 0.689543
 0.110415 0.151138 0.15413 0.154291 0.154299
 0.450801 0.617066 0.629281 0.629938 0.629972
 0.421925 0.577539 0.588972 0.589586 0.589618
 0.729604 0.998697 1.01847 1.01953 1.01958
 0.523934 0.717172 0.731369 0.732131 0.732172
 0.412308 0.564375 0.575547 0.576148 0.576179
 0.267867 0.366661 0.37392 0.37431 0.37433
 0.255246 0.349386 0.356302 0.356674 0.356693
 0.359816 0.492523 0.502273 0.502797 0.502824
 0.332996 0.455811 0.464834 0.465319 0.465344
 0.260258 0.356246 0.363299 0.363677 0.363697
 0.328011 0.448987 0.457875 0.458353 0.458378
 0.194988 0.266904 0.272187 0.272471 0.272486
 0.172989 0.236791 0.241479 0.24173 0.241744
 0.172209 0.235723 0.240389 0.24064 0.240653
 0.138713 0.189873 0.193632 0.193834 0.193844
 0.172926 0.236704 0.24139 0.241642 0.241655
 0.146417 0.200418 0.204385 0.204599 0.20461
 0.134095 0.183552 0.187185 0.18738 0.187391
 0.199404 0.272948 0.278352 0.278642 0.278657
 0.216826 0.296796 0.302671 0.302987 0.303003
YTP_r0W_actual
 249946 44066.8 35610.9 45494.1 16179.7
YTP_p0W_proyectada
 174739 181075 19650.1 10074.3 15196.6
 174739 144481 74926 6841.39 4048.28
CTP_r0_actual
 30113.9 3125.31 1290.25 1330.24 433.773
CTP_p0_proyectada
 23329.6 11555.5 849.552 343.015 449.204
 23329.6 9220.26 3239.34 232.938 119.665
Wmedp
 7.49 15.67 23.13 29.37 33.83
Frms_r0
 0.216826 0.296796 0.302671 0.302987 0.303003
Zrms_r0
 1.21683 1.2968 1.30267 1.30299 1.303
nmprior
 8.19 8.8 8.5 0
nm_flota  nm_reclas  nm_pelaces    nm_pelaL
inf 13.4463 19.1624 46.4713
cv_recla  cv_pelaces  cv_mph
0.324591 0.468329 0.883144
 ------------------------------------------------
Talla a la edad & desviaci?n 
 8 13.2811 15.8009 17.003 17.5766
 0.8 1.32811 1.58009 1.7003 1.75766
