years
 1991 1992 1993 1994 1995 1996 1997 1998 1999 2000 2001 2002 2003 2004 2005 2006 2007 2008 2009 2010 2011 2012 2013 2014 2015 2016 2017 2018 2019 2020 2021
reclasobs
 0 0 0 0 0 0 0 0 0 252601 567819 844713 477998 351125 339783 2.1784e+06 2.13404e+06 4.81314e+06 1.55562e+06 2.62356e+06 3.21686e+06 3.843e+06 1.13348e+06 3.07943e+06 1.97215e+06 2.03268e+06 2.025e+06 2.42433e+06 2.27542e+06 1.05018e+06 2.36338e+06
reclaspred
 3.27591e+06 1.84167e+06 933700 944795 948789 1.49054e+06 951073 843954 614329 447322 505930 646239 637833 500879 506889 1.2909e+06 1.25555e+06 2.82671e+06 2.32575e+06 1.7338e+06 3.05816e+06 2.48631e+06 1.98306e+06 3.0496e+06 2.29467e+06 2.03254e+06 2.4007e+06 2.54039e+06 2.0856e+06 1.32975e+06 1.90661e+06
pelacesobs
 0 0 0 0 0 0 0 0 0 0 0 0 0 0 0 552880 188675 0 991730 2.46772e+06 1.41603e+06 1.21717e+06 2.29649e+06 1.80582e+06 0 1.4828e+06 1.56532e+06 1.57751e+06 1.42118e+06 867257 1.10002e+06
pelacespred
 1.83114e+06 1.14684e+06 582805 482136 502711 816331 487123 528994 373758 258280 300977 320814 347546 288451 299460 632246 615715 1.59379e+06 1.35556e+06 938085 1.59918e+06 1.41184e+06 1.12321e+06 1.88926e+06 1.37151e+06 1.21081e+06 1.62782e+06 1.69973e+06 1.14934e+06 831700 1.19263e+06
mphobs
 0 0 0 0 0 0 0 0 0 0 0 498337 0 5186 125008 0 168611 109162 213762 579715 649985 157893 87575 83554 0 0 0 0 0 0 0
mphpred
 494128 331092 165698 90541.1 100890 114689 150610 95247.6 84045.5 58017.7 38309.4 59652.1 63986.6 54463 37356.5 47077.6 148338 142186 280227 211324 226021 278214 264666 219341 304653 251797 207491 220206 305759 209139 128728
desembarqueobs
 494567 514787 250237 358949 120608 361735 552515 73892 212993 205616 52469 317467 293654 387597 252695 516296 358380 742168 942051 627588 828172 859565 418607 520667 417249 300574 415391 372974 316634 284311 391294
desembarquepred
 494574 513432 250923 358977 120613 361750 552569 73896.2 213042 205662 52471.6 317536 293709 387642 252694 516267 358405 742078 941875 627468 828245 859593 418619 520692 417250 300577 415393 372961 316629 284321 391299
Reclutas
 204003 115021 114716 198614 159007 268209 111459 51129.8 47689.6 62917.3 115963 152660 127815 89585.5 89649.9 475822 103848 737547 424045 328256 482446 649646 137574 402662 341193 153237 341176 381818 113977 85144.6 323789
log_desv_Rt
 0.10942 -0.463604 -0.466253 0.0826468 -0.139769 0.383051 -0.495061 -1.27435 -1.344 -1.0669 -0.45545 -0.180502 -0.35813 -0.713524 -0.712805 0.956327 -0.565793 1.39461 0.841124 0.585075 0.970153 1.26771 -0.284553 0.789381 0.623731 -0.176734 0.623681 0.736227 -0.472722 -0.764366 0.571376
SSB
 3.3364e+06 2.23557e+06 1.11881e+06 611342 681217 774393 1.01693e+06 643121 567484 391741 258669 402777 432044 367739 252235 317872 1.00159e+06 960053 1.89212e+06 1.42688e+06 1.52612e+06 1.87853e+06 1.78705e+06 1.48101e+06 2.05705e+06 1.70016e+06 1.401e+06 1.48685e+06 2.06452e+06 1.41213e+06 869187
BT
 4.48518e+06 3.0555e+06 1.54442e+06 1.37247e+06 1.2113e+06 2.12118e+06 1.57803e+06 1.23948e+06 1.04193e+06 772643 714126 979513 1.03909e+06 1.04429e+06 918837 1.82367e+06 1.64771e+06 4.19546e+06 3.91735e+06 2.64728e+06 4.2253e+06 3.9388e+06 2.85974e+06 4.68117e+06 3.43111e+06 2.95574e+06 4.04013e+06 4.15018e+06 2.8143e+06 2.12295e+06 3.02666e+06
Ftot
 0.126833 0.230321 0.224118 0.333774 0.111344 0.218325 0.478018 0.076269 0.298847 0.392591 0.0961662 0.429247 0.40106 0.663806 0.451656 0.376826 0.242791 0.244185 0.350162 0.314916 0.240974 0.304906 0.179171 0.156328 0.157995 0.127637 0.157389 0.1349 0.126754 0.180648 0.190341
BD_Bspro_t
 0.979911 0.853298 0.699969 0.613521 0.608531 0.681612 0.672489 0.516663 0.572256 0.530548 0.497737 0.688915 0.574504 0.486518 0.38116 0.438239 0.604926 0.582115 0.675475 0.580587 0.551898 0.5996 0.615413 0.609391 0.711319 0.719943 0.727077 0.759904 0.800842 0.73926 0.675442
BD_Bspro
 2.55628 1.71284 0.857208 0.468397 0.521934 0.593323 0.779152 0.492745 0.434793 0.300144 0.198186 0.308599 0.331022 0.281754 0.193257 0.243547 0.767397 0.735571 1.4497 1.09324 1.16928 1.43929 1.3692 1.13472 1.57606 1.30263 1.07341 1.13919 1.58179 1.08194 0.665952
BD_Bo
 1.71635 1.15004 0.57555 0.314493 0.350439 0.398371 0.523142 0.330841 0.291931 0.201524 0.133067 0.207201 0.222256 0.189176 0.129757 0.163523 0.515249 0.49388 0.973365 0.734031 0.785081 0.966372 0.919314 0.761877 1.05821 0.874614 0.720715 0.764883 1.06205 0.726442 0.447136
BD_Brms
 3.12063 2.09099 1.04645 0.571805 0.637162 0.724311 0.951167 0.601529 0.530783 0.366407 0.24194 0.376729 0.404103 0.343957 0.235922 0.297315 0.936816 0.897964 1.76975 1.3346 1.42742 1.75704 1.67148 1.38523 1.92401 1.59021 1.31039 1.3907 1.931 1.3208 0.812975
Sel_flota
 0.812572 1 1 1 1
 0.812572 1 1 1 1
 0.812572 1 1 1 1
 0.812572 1 1 1 1
 0.812572 1 1 1 1
 0.812572 1 1 1 1
 0.812572 1 1 1 1
 0.812572 1 1 1 1
 0.812572 1 1 1 1
 0.812572 1 1 1 1
 0.812572 1 1 1 1
 0.812572 1 1 1 1
 0.812572 1 1 1 1
 0.812572 1 1 1 1
 0.812572 1 1 1 1
 0.812572 1 1 1 1
 0.812572 1 1 1 1
 0.812572 1 1 1 1
 0.812572 1 1 1 1
 0.812572 1 1 1 1
 0.812572 1 1 1 1
 0.812572 1 1 1 1
 0.812572 1 1 1 1
 0.812572 1 1 1 1
 0.812572 1 1 1 1
 0.812572 1 1 1 1
 0.812572 1 1 1 1
 0.812572 1 1 1 1
 0.812572 1 1 1 1
 0.812572 1 1 1 1
 0.812572 1 1 1 1
Sel_reclas
 1 1 1 1 1
 1 1 1 1 1
 1 1 1 1 1
 1 1 1 1 1
 1 1 1 1 1
 1 1 1 1 1
 1 1 1 1 1
 1 1 1 1 1
 1 1 1 1 1
 1 1 1 1 1
 1 1 1 1 1
 1 1 1 1 1
 1 1 1 1 1
 1 1 1 1 1
 1 1 1 1 1
 1 1 1 1 1
 1 1 1 1 1
 1 1 1 1 1
 1 1 1 1 1
 1 1 1 1 1
 1 1 1 1 1
 1 1 1 1 1
 1 1 1 1 1
 1 1 1 1 1
 1 1 1 1 1
 1 1 1 1 1
 1 1 1 1 1
 1 1 1 1 1
 1 1 1 1 1
 1 1 1 1 1
 1 1 1 1 1
Sel_pelaces
 1 1 1 1 1
 1 1 1 1 1
 1 1 1 1 1
 1 1 1 1 1
 1 1 1 1 1
 1 1 1 1 1
 1 1 1 1 1
 1 1 1 1 1
 1 1 1 1 1
 1 1 1 1 1
 1 1 1 1 1
 1 1 1 1 1
 1 1 1 1 1
 1 1 1 1 1
 1 1 1 1 1
 1 1 1 1 1
 1 1 1 1 1
 1 1 1 1 1
 1 1 1 1 1
 1 1 1 1 1
 1 1 1 1 1
 1 1 1 1 1
 1 1 1 1 1
 1 1 1 1 1
 1 1 1 1 1
 1 1 1 1 1
 1 1 1 1 1
 1 1 1 1 1
 1 1 1 1 1
 1 1 1 1 1
 1 1 1 1 1
pf_obs 
 0.8446 0.082 0.0669 0.0065 0
 0.8095 0.147 0.0364 0.0071 0
 0.9664 0.0169 0.016 0.0007 0
 0.9276 0.0648 0.0075 0.0001 0
 0.7033 0.2144 0.0806 0.0017 0
 0.9318 0.0425 0.0243 0.0014 0
 0.5671 0.3108 0.0964 0.0239 0.0018
 0.0768 0.2599 0.5324 0.112 0.0189
 0.490249 0.384438 0.106611 0.0170017 0.00170017
 0.7925 0.1577 0.0466 0.003 0.0002
 0.840416 0.127587 0.0312969 0.00059994 9.999e-05
 0.8084 0.0986 0.0794 0.0134 0.0002
 0.7335 0.1905 0.0724 0.0035 0.0001
 0.4001 0.4547 0.1325 0.0127 0
 0.49795 0.308269 0.164784 0.0264974 0.00249975
 0.9179 0.0499 0.0305 0.0017 0
 0.2467 0.6533 0.0926 0.0074 0
 0.9418 0.0223 0.034 0.0019 0
 0.707729 0.231977 0.0356964 0.0245975 0
 0.517169 0.277429 0.184464 0.0207286 0.00020938
 0.811772 0.124168 0.05621 0.00726502 0.000585176
 0.764997 0.148141 0.077277 0.00933861 0.000247198
 0.163321 0.427699 0.378323 0.0303852 0.000271297
 0.753843 0.0900009 0.118128 0.0371064 0.000921714
 0.721811 0.176058 0.0630433 0.0369309 0.00215725
 0.143369 0.312575 0.442814 0.0836902 0.0175525
 0.692698 0.0596174 0.167031 0.0765114 0.00414204
 0.394062 0.376323 0.152708 0.0712218 0.00568511
 0.125707 0.32114 0.495352 0.0537591 0.00404204
 0.23352 0.215282 0.420074 0.123614 0.00750983
 0.796117 0.104755 0.0508955 0.0450114 0.00322123
pf_pred 
 0.445979 0.120671 0.409333 0.0240166 7.89181e-07
 0.413142 0.294114 0.0637625 0.216291 0.0126908
 0.559754 0.207194 0.116798 0.0253213 0.090933
 0.7434 0.158079 0.046367 0.0261378 0.0260161
 0.648112 0.277066 0.0460941 0.0135201 0.0152075
 0.742787 0.179145 0.0614686 0.0102262 0.00637336
 0.470925 0.415096 0.0793839 0.0272384 0.00735572
 0.446407 0.297004 0.201313 0.0384995 0.0167774
 0.528525 0.235826 0.126427 0.0856933 0.0235298
 0.692115 0.181025 0.0634535 0.0340175 0.0293886
 0.807441 0.143102 0.0290794 0.010193 0.0101854
 0.73132 0.225453 0.0321249 0.00652804 0.00457474
 0.677605 0.25105 0.059866 0.00853035 0.0029482
 0.621269 0.276592 0.079536 0.0189664 0.00363656
 0.728715 0.186052 0.0622471 0.0178996 0.00508679
 0.931104 0.0535246 0.0105421 0.00352706 0.00130246
 0.386693 0.579906 0.0259483 0.00511073 0.00234131
 0.896203 0.0460482 0.0546039 0.00244328 0.000701683
 0.592806 0.373037 0.0151533 0.0179688 0.00103493
 0.602256 0.258887 0.127209 0.00516742 0.00648044
 0.737737 0.172787 0.0582389 0.0286168 0.00262029
 0.742826 0.200736 0.0371832 0.0125328 0.00672211
 0.323252 0.532125 0.112885 0.0209101 0.0108281
 0.739379 0.0977014 0.128104 0.0271758 0.00764062
 0.626645 0.291345 0.0307437 0.0403104 0.0109557
 0.435614 0.382453 0.14197 0.0149811 0.0249815
 0.730392 0.132291 0.0930523 0.0345418 0.00972306
 0.686736 0.241952 0.0349917 0.0246128 0.0117083
 0.352415 0.474365 0.133788 0.0193488 0.0200839
 0.428581 0.231125 0.24927 0.070303 0.0207211
 0.82719 0.0838159 0.0359961 0.038822 0.0141764
pobs_RECLAS
 0 0 0 0 0
 0 0 0 0 0
 0 0 0 0 0
 0 0 0 0 0
 0 0 0 0 0
 0 0 0 0 0
 0 0 0 0 0
 0 0 0 0 0
 0 0 0 0 0
 0 0 0 0 0
 0.991045 0.00858322 0.000360255 1.14367e-05 0
 0.934742 0.0480273 0.0164251 0.00080598 0
 0.827803 0.169806 0.00239088 0 0
 0.941827 0.0461693 0.0120037 0 0
 0.791401 0.0380133 0.147996 0.0225897 0
 0.846168 0.0940531 0.0597789 0 0
 0.134021 0.677848 0.182769 0.00536245 0
 0.80878 0.0450904 0.141981 0.00414843 0
 0.846168 0.0940531 0.0597789 0 0
 0.905697 0.0802665 0.012482 0.00150086 5.37128e-05
 0.989698 0.0102097 9.19794e-05 0 0
 0.975433 0.0193895 0.00387452 0.00125025 5.28907e-05
 0.303575 0.632131 0.0575291 0.00676475 0
 0.966965 0.00978017 0.0227588 0.000495775 0
 0.843318 0.132988 0.00938335 0.0141283 0.000182051
 0.564624 0.303363 0.111486 0.0197234 0.00080311
 0.826376 0.0876187 0.0782897 0.00655872 0.00115652
 0.89761 0.0855135 0.0140674 0.00269457 0.000114338
 0.34875 0.467042 0.161289 0.0227151 0.000203297
 0.318654 0.224769 0.449479 0.00709798 0
 0.937255 0.0296025 0.0250945 0.00804832 0
ppred_RECLAS
 0.498196 0.109298 0.370753 0.021753 7.148e-07
 0.465257 0.267995 0.0581002 0.197083 0.0115638
 0.611073 0.183041 0.103183 0.0223696 0.0803329
 0.782087 0.134246 0.0393763 0.0221971 0.0220937
 0.694274 0.24072 0.0400473 0.0117465 0.0132125
 0.781093 0.152466 0.0523143 0.00870328 0.0054242
 0.525346 0.3724 0.0712185 0.0244366 0.00659911
 0.4984 0.26911 0.182405 0.0348836 0.0152016
 0.581163 0.209497 0.112311 0.0761259 0.0209028
 0.736071 0.155181 0.0543944 0.0291609 0.0251929
 0.837891 0.120472 0.024481 0.00858113 0.00857472
 0.771695 0.191574 0.0272975 0.00554706 0.00388729
 0.722847 0.21582 0.0514651 0.0073333 0.00253448
 0.67226 0.239353 0.0688276 0.0164128 0.00314695
 0.769464 0.158105 0.052897 0.0152109 0.0043227
 0.943693 0.0437439 0.00861573 0.00288256 0.00106446
 0.438028 0.531367 0.0237763 0.00468295 0.00214534
 0.914341 0.0380016 0.0450623 0.00201634 0.000579069
 0.643396 0.326691 0.0132707 0.0157364 0.000906351
 0.652167 0.2264 0.111246 0.00451899 0.00566724
 0.776652 0.147148 0.0495972 0.0243705 0.00223148
 0.781457 0.170583 0.0315978 0.0106502 0.00571235
 0.370952 0.494619 0.104928 0.0194362 0.0100648
 0.777822 0.0832897 0.109207 0.0231671 0.00651357
 0.674402 0.254078 0.0268112 0.0351542 0.0095543
 0.487689 0.347165 0.128871 0.0135988 0.0226765
 0.769752 0.112978 0.0794676 0.0294991 0.00830359
 0.730029 0.208514 0.0301558 0.0212114 0.0100902
 0.401618 0.438323 0.123623 0.0178786 0.0185579
 0.480789 0.210008 0.226495 0.0638797 0.0188279
 0.855301 0.0701815 0.0301406 0.0325068 0.0118703
pobs_PELACES
 0 0 0 0 0
 0 0 0 0 0
 0 0 0 0 0
 0 0 0 0 0
 0 0 0 0 0
 0 0 0 0 0
 0 0 0 0 0
 0 0 0 0 0
 0 0 0 0 0
 0 0 0 0 0
 0 0 0 0 0
 0 0 0 0 0
 0 0 0 0 0
 0 0 0 0 0
 0 0 0 0 0
 0 0 0 0 0
 0.505614 0.472636 0.0217494 0 0
 0 0 0 0 0
 0.443492 0.261883 0.143347 0.151278 0
 0.227955 0.32914 0.350689 0.0885471 0.00366901
 0.970185 0.0296113 0.000203453 0 0
 0.997202 0.00247181 0.000326279 0 0
 0.445219 0.490057 0.0546422 0.010081 0
 0.90214 0.0892962 0.00764917 0.000914606 0
 0 0 0 0 0
 0.581667 0.319106 0.0959925 0.00289975 0.000334073
 0.762889 0.0836404 0.116647 0.0363945 0.000428098
 0.88444 0.0763242 0.0277011 0.0115352 0
 0.521256 0.241999 0.230069 0.00667565 0
 0.616807 0.101726 0.260614 0.0208532 0
 0.833518 0.0704572 0.0857862 0.0102388 0
ppred_PELACES
 0.500157 0.108871 0.369304 0.021668 7.12007e-07
 0.468803 0.266218 0.0577149 0.195776 0.0114871
 0.614363 0.181493 0.10231 0.0221804 0.0796535
 0.785585 0.132091 0.0387443 0.0218408 0.021739
 0.695734 0.23957 0.0398561 0.0116904 0.0131494
 0.783393 0.150864 0.0517646 0.00861183 0.00536721
 0.532713 0.36662 0.0701132 0.0240574 0.0064967
 0.499579 0.268477 0.181976 0.0348016 0.0151659
 0.585656 0.20725 0.111107 0.0753094 0.0206786
 0.740761 0.152423 0.0534278 0.0286427 0.0247452
 0.838697 0.119873 0.0243592 0.00853845 0.00853207
 0.776338 0.187677 0.0267422 0.00543423 0.00380822
 0.727789 0.211972 0.0505474 0.00720253 0.00248929
 0.681241 0.232794 0.0669415 0.015963 0.00306071
 0.774383 0.154732 0.0517685 0.0148864 0.00423048
 0.944919 0.0427917 0.00842818 0.00281981 0.00104129
 0.441728 0.527869 0.0236198 0.00465212 0.00213121
 0.915516 0.0374801 0.0444439 0.00198867 0.000571122
 0.648349 0.322153 0.0130863 0.0155178 0.000893761
 0.656572 0.223533 0.109837 0.00446175 0.00559547
 0.779227 0.145452 0.0490254 0.0240896 0.00220576
 0.784661 0.168082 0.0311346 0.0104941 0.00562861
 0.373542 0.492583 0.104496 0.0193562 0.0100234
 0.779489 0.082665 0.108388 0.0229934 0.00646472
 0.676544 0.252407 0.0266348 0.0349229 0.00949144
 0.489662 0.345828 0.128374 0.0135465 0.0225892
 0.771473 0.112133 0.0788736 0.0292786 0.00824153
 0.73167 0.207246 0.0299725 0.0210824 0.0100289
 0.403503 0.436942 0.123233 0.0178223 0.0184995
 0.483579 0.20888 0.225278 0.0635365 0.0187268
 0.856752 0.0694777 0.0298384 0.0321808 0.0117513
pobs_pel_tallas
 0 0 0 0 0 0 0 0 0 0 0 0 0 0 0 0 0 0 0 0 0 0 0 0 0 0
 0 0 0 0 0 0 0 0 0 0 0 0 0 0 0 0 0 0 0 0 0 0 0 0 0 0
 0 0 0 0 0 0 0 0 0 0 0 0 0 0 0 0 0 0 0 0 0 0 0 0 0 0
 0 0 0 0 0 0 0 0 0 0 0 0 0 0 0 0 0 0 0 0 0 0 0 0 0 0
 0 0 0 0 0 0 0 0 0 0 0 0 0 0 0 0 0 0 0 0 0 0 0 0 0 0
 0 0 0 0 0 0 0 0 0 0 0 0 0 0 0 0 0 0 0 0 0 0 0 0 0 0
 0 0 0 0 0 0 0 0 0 0 0 0 0 0 0 0 0 0 0 0 0 0 0 0 0 0
 0 0 0 0 0 0 0 0 0 0 0 0 0 0 0 0 0 0 0 0 0 0 0 0 0 0
 0 0 0 0 0 0 0 0 0 0 0 0 0 0 0 0 0 0 0 0 0 0 0 0 0 0
 0 0 0 0 0 0 0 0 0 0 0 0 0 0 0 0 0 0 0 0 0 0 0 0 0 0
 0 0 0 0 0 0 0 0 0 0 0 0 0 0 0 0 0 0 0 0 0 0 0 0 0 0
 0 0 0 0 0 0 0 0 0 0 0 0 0 0 0 0 0 0 0 0 0 0 0 0 0 0
 0.00862536 0 0 0.000197151 0.00414017 0.0128641 0.00837892 0.0270097 0.101434 0.158115 0.152841 0.127902 0.109271 0.109419 0.0830992 0.0579132 0.0238553 0.00714673 0.00463305 0.00128148 0.00103504 0.000492878 0.000147863 0.000147863 4.92878e-05 0
 0 0 0 0 0 0 0 0 0 0 0 0 0 0 0 0 0 0 0 0 0 0 0 0 0 0
 0 0 0 0 0 0 0 0.0054083 0.00873648 0.0413646 0.0450493 0.0745869 0.0622846 0.0627006 0.0613931 0.0827291 0.12552 0.122667 0.0946155 0.0697135 0.0546179 0.0294188 0.0215738 0.0213955 0.0102223 0.00600262
 0 0 0 0 0.00359764 0.0251062 0.0480494 0.140153 0.205849 0.193036 0.1447 0.116669 0.0760912 0.0342217 0.00950174 0.001854 0.000860785 0 0 0 0.000165536 0 0.000143464 0 0 0
 0 0 0 0 0 0 0 0.000145254 0.000435761 0.0275982 0.070085 0.0708112 0.156366 0.174668 0.174014 0.160142 0.0824315 0.0480064 0.0283245 0.00493863 0.00203355 0 0 0 0 0
 0 0 0 0 0 0 0 0 0 0 0 0 0 0 0 0 0 0 0 0 0 0 0 0 0 0
 0 0 1.00437e-05 0.000401748 0.00122533 0.00171747 0.00176769 0.0269171 0.070346 0.194647 0.189555 0.159765 0.064822 0.0314167 0.0384472 0.0292271 0.0345202 0.0313363 0.0194345 0.0106764 0.0143323 0.0359363 0.0279516 0.0138201 0.00172751 0
 0 0.0021121 0.0136068 0.0755702 0.200478 0.177729 0.0527432 0.0373336 0.0318909 0.0142505 0.0149659 0.0166563 0.0217959 0.0798694 0.0677717 0.0528807 0.04013 0.0224614 0.0357745 0.0225083 0.00881397 0.00855152 0.00135912 0.000746735 0 0
 0 0 0 0 5.4009e-05 0.00500934 0.000945158 0.0243581 0.138947 0.33067 0.221406 0.137944 0.0707744 0.0437923 0.0131692 0.00525238 0.0047753 0.00276346 9.45158e-05 9.00151e-06 2.25038e-05 9.00151e-06 4.50075e-06 0 0 0
 0.000866109 0.00284123 0.00948549 0.0512746 0.133035 0.25785 0.225252 0.132002 0.0553304 0.0519788 0.0540692 0.017754 0.00435017 0.00159236 0.00146478 0.000404838 0.000125132 0.000115318 0.000107957 0.000100596 0 0 0 0 0 0
 0 0 0 0 0.00144013 0.00171154 0.00461396 0.0210425 0.0478622 0.0707936 0.0888783 0.103762 0.0637923 0.0337046 0.0602308 0.124433 0.169614 0.0934646 0.0462172 0.0250306 0.0313229 0.00938855 0.002487 0.000210481 0 0
 0 0.00764035 0.051015 0.0998891 0.058973 0.0496711 0.0374665 0.0718981 0.12319 0.153886 0.159021 0.0857701 0.0377988 0.023471 0.0147837 0.00900784 0.00315554 0.000888139 0.00291439 0.00214683 0.00393193 0.00274676 0.000635225 9.99891e-05 0 0
 0 0 0 0 0 0 0 0 0 0 0 0 0 0 0 0 0 0 0 0 0 0 0 0 0 0
 0 0 0 0 0 0 0 0 0 0 0 0 0 0 0 0 0 0 0 0 0 0 0 0 0 0
 0 0 0 0 0 0 0 0 0 0 0 0 0 0 0 0 0 0 0 0 0 0 0 0 0 0
 0 0 0 0 0 0 0 0 0 0 0 0 0 0 0 0 0 0 0 0 0 0 0 0 0 0
 0 0 0 0 0 0 0 0 0 0 0 0 0 0 0 0 0 0 0 0 0 0 0 0 0 0
 0 0 0 0 0 0 0 0 0 0 0 0 0 0 0 0 0 0 0 0 0 0 0 0 0 0
 0 0 0 0 0 0 0 0 0 0 0 0 0 0 0 0 0 0 0 0 0 0 0 0 0 0
ppred_pel_tallas
 1.12859e-16 4.11973e-05 0.000400452 0.00266115 0.0120972 0.0376389 0.0801941 0.117048 0.117059 0.0802483 0.0378226 0.0126348 0.00403703 0.00349151 0.00616749 0.0107964 0.0170943 0.024706 0.0331748 0.0420963 0.0510147 0.0590705 0.0648213 0.0666239 0.063458 0.0556023
 1.23312e-16 3.86148e-05 0.000375349 0.00249433 0.0113389 0.0352796 0.0751678 0.109715 0.109741 0.0752937 0.0357027 0.0125624 0.0055715 0.00711333 0.012899 0.0214417 0.0313335 0.0404298 0.0466615 0.0493064 0.0494994 0.0494227 0.0507625 0.0536198 0.0565745 0.0576552
 1.18703e-16 5.06043e-05 0.000491892 0.00326879 0.0148595 0.0462334 0.0985058 0.143776 0.143793 0.0985921 0.0465234 0.0156988 0.00538263 0.00513033 0.00893136 0.0148766 0.0218853 0.028519 0.0333711 0.0358818 0.0366732 0.0370406 0.0379994 0.039643 0.0412121 0.0416602
 1.07022e-16 6.47076e-05 0.000628981 0.0041798 0.0190008 0.0591185 0.125959 0.183843 0.183856 0.126021 0.0593283 0.0196072 0.00570409 0.00396385 0.00642036 0.0105715 0.0153676 0.0196441 0.0222731 0.022774 0.0216028 0.0198155 0.018374 0.0176349 0.0173311 0.016916
 1.0461e-16 5.73067e-05 0.000557042 0.00370174 0.0168276 0.052357 0.111553 0.16282 0.162843 0.111666 0.0527361 0.0179228 0.00645144 0.00656196 0.0114687 0.0188884 0.0272502 0.0343703 0.0380662 0.0373454 0.0329948 0.027033 0.0214773 0.0173873 0.0147389 0.0129253
 1.03305e-16 6.45271e-05 0.000627226 0.00416814 0.0189478 0.0589536 0.125607 0.183331 0.183345 0.125679 0.0591932 0.0196404 0.00590915 0.00443577 0.00732081 0.0120613 0.0175102 0.0223163 0.02514 0.0253543 0.0233868 0.0203693 0.017393 0.0149715 0.0130286 0.0112461
 1.0563e-16 4.38789e-05 0.000426519 0.00283437 0.0128846 0.0400891 0.0854154 0.124674 0.124709 0.0855882 0.0406696 0.0145616 0.00704538 0.00962475 0.0175295 0.028954 0.0418088 0.052797 0.0585834 0.0576318 0.0511017 0.0420111 0.0333721 0.0267608 0.0221579 0.0187258
 1.11377e-16 4.11497e-05 0.00039999 0.00265808 0.0120832 0.0375956 0.0801024 0.116917 0.116943 0.0802301 0.038025 0.0133266 0.00579051 0.00727589 0.0132107 0.0220655 0.0324628 0.0422506 0.0492272 0.0523373 0.0521769 0.0503194 0.0480638 0.0456742 0.0425955 0.038227
 1.14312e-16 4.82397e-05 0.000468907 0.00311605 0.0141651 0.0440731 0.0939032 0.137059 0.137079 0.0940016 0.0444041 0.0151232 0.00552866 0.00576203 0.0101796 0.0169627 0.0249336 0.0324385 0.0378388 0.0404406 0.0408747 0.0405233 0.0404589 0.0407622 0.0406589 0.0391965
 1.08641e-16 6.10155e-05 0.000593093 0.00394131 0.0179166 0.0557454 0.118772 0.173354 0.173369 0.118844 0.0559877 0.0186174 0.00570363 0.00445111 0.00742063 0.0122586 0.0178641 0.0229239 0.026156 0.0270132 0.0260058 0.0243082 0.0229639 0.0223157 0.0220085 0.0214048
 1.03034e-16 6.90824e-05 0.000671505 0.00446239 0.0202854 0.0631154 0.134475 0.196272 0.196283 0.134531 0.0633053 0.020834 0.00584018 0.00368178 0.00579379 0.00948951 0.013713 0.0173527 0.019329 0.0191555 0.017225 0.0145289 0.0120406 0.0102436 0.00908144 0.00822103
 1.0201e-16 6.3946e-05 0.000621578 0.0041306 0.0187771 0.0584227 0.124477 0.181681 0.181699 0.124565 0.0587195 0.0196344 0.0062824 0.00531904 0.00898553 0.0147544 0.0212496 0.0267254 0.0294462 0.0286117 0.0248266 0.0196825 0.0147992 0.0110734 0.00856811 0.00688483
 1.02657e-16 5.9947e-05 0.000582707 0.00387229 0.0176029 0.0547692 0.116692 0.17032 0.170341 0.116792 0.0551051 0.0185734 0.00630988 0.00590903 0.0101903 0.0167899 0.0242691 0.030702 0.0341582 0.033733 0.0300591 0.0248285 0.0197337 0.0156684 0.0126538 0.010284
 1.04111e-16 5.61129e-05 0.000545438 0.00362463 0.016477 0.0512663 0.109229 0.159428 0.15945 0.109339 0.0516356 0.0175444 0.0063065 0.00640897 0.0112184 0.0185266 0.0268444 0.0340962 0.0381948 0.0381654 0.03469 0.0295704 0.0245693 0.020556 0.0174609 0.0147962
 1.03743e-16 6.37849e-05 0.000620012 0.0041202 0.0187298 0.0582755 0.124163 0.181222 0.181237 0.124236 0.0585213 0.0194402 0.00590588 0.00452636 0.00750683 0.0123729 0.0179669 0.022909 0.0258328 0.0261049 0.0241738 0.0212049 0.0183108 0.0159965 0.0141501 0.0124094
 1.00714e-16 7.78317e-05 0.000756552 0.00502756 0.0228545 0.071109 0.151505 0.221127 0.221131 0.151526 0.0711767 0.0230503 0.00551917 0.00183046 0.00211953 0.00338652 0.00488434 0.00617085 0.0068532 0.00675258 0.00600443 0.00496035 0.00397021 0.00321563 0.00269178 0.00229875
 1.01644e-16 3.63847e-05 0.000353672 0.00235028 0.0106841 0.0332423 0.0708282 0.103386 0.103437 0.0710763 0.0340753 0.0130889 0.00838267 0.0135088 0.0249803 0.0411346 0.0590051 0.0736795 0.0801757 0.0761965 0.0635258 0.0468831 0.0311922 0.0193623 0.0118417 0.00757247
 1.01589e-16 7.54099e-05 0.000733011 0.00487111 0.0221434 0.0688963 0.146791 0.214246 0.21425 0.146809 0.0689568 0.022319 0.00531484 0.00171126 0.00196132 0.00319593 0.00476545 0.00634276 0.00763628 0.0084903 0.00893468 0.00909028 0.00902018 0.00867051 0.00794531 0.00682928
 1.02168e-16 5.34037e-05 0.000519103 0.00344962 0.0156815 0.0487912 0.103956 0.151733 0.151764 0.104107 0.0492996 0.0171494 0.00713182 0.00854974 0.0152828 0.0251234 0.0360528 0.045062 0.0491295 0.0468792 0.0394226 0.0296467 0.020533 0.0137959 0.00961965 0.00726631
 1.04622e-16 5.40811e-05 0.000525687 0.00349338 0.0158804 0.0494099 0.105274 0.153655 0.153676 0.10538 0.0497659 0.0169101 0.00608393 0.00619984 0.0108857 0.0180543 0.0263357 0.0338071 0.0385156 0.0395116 0.0373317 0.0334807 0.0293785 0.0256451 0.0221584 0.0185874
 1.04242e-16 6.41839e-05 0.000623891 0.00414597 0.018847 0.0586401 0.124939 0.182356 0.18237 0.125008 0.0588712 0.0195151 0.00582553 0.0042989 0.00706897 0.0116518 0.0169373 0.0216374 0.0244835 0.0248975 0.0233125 0.0208195 0.0184364 0.0165854 0.0150958 0.0135688
 1.02947e-16 6.46315e-05 0.000628241 0.00417488 0.0189784 0.059049 0.125811 0.183628 0.183644 0.12589 0.0593151 0.0197472 0.00610522 0.00484456 0.00807934 0.0132735 0.0191604 0.0241932 0.0268421 0.0264075 0.0234289 0.0193002 0.01541 0.0124816 0.0104959 0.00904738
 1.06779e-16 3.07682e-05 0.000299078 0.00198748 0.00903484 0.028111 0.0598952 0.0874287 0.0874763 0.0601275 0.0288911 0.0112888 0.00764784 0.0126647 0.0235416 0.0389391 0.0562509 0.0710729 0.0789184 0.0777002 0.0689336 0.0566236 0.0447821 0.0355341 0.0289158 0.0239045
 1.06549e-16 6.42055e-05 0.0006241 0.00414736 0.0188533 0.0586597 0.124981 0.182415 0.182423 0.125021 0.0587937 0.0192424 0.00513174 0.00279846 0.00426852 0.00715106 0.010754 0.0144863 0.0177695 0.0203126 0.0222005 0.0236584 0.0247094 0.0250554 0.0242835 0.0221952
 1.05942e-16 5.57261e-05 0.000541678 0.00359964 0.0163635 0.0509129 0.108476 0.158329 0.158354 0.108595 0.051312 0.0175161 0.00649307 0.00685836 0.0120538 0.0198452 0.0286024 0.0360258 0.0398284 0.0390012 0.0344359 0.0283296 0.0228518 0.0190974 0.0169391 0.0155821
 1.08975e-16 4.03329e-05 0.00039205 0.00260531 0.0118434 0.0368494 0.0785127 0.114599 0.114632 0.0786763 0.0373989 0.0134322 0.00659972 0.00913235 0.0166999 0.0277018 0.0402699 0.0514129 0.0580864 0.0588645 0.0547201 0.048217 0.0418082 0.0366164 0.0324221 0.0284674
 1.06636e-16 6.35452e-05 0.000617682 0.00410472 0.0186594 0.0580565 0.123696 0.18054 0.180551 0.123749 0.0582361 0.0191795 0.00541552 0.00349694 0.00558429 0.0092698 0.0136741 0.0178881 0.0210241 0.0226771 0.0231181 0.0229943 0.0227917 0.0225166 0.0218062 0.020289
 1.0473e-16 6.02667e-05 0.000585814 0.00389294 0.0176968 0.0550613 0.117315 0.171228 0.171248 0.117412 0.0553892 0.0186439 0.00627098 0.00577881 0.00992815 0.0163333 0.0235626 0.0297233 0.0329381 0.0323683 0.02872 0.0237601 0.0192356 0.0160332 0.0140699 0.0127437
 1.08586e-16 3.32361e-05 0.000323067 0.0021469 0.00975951 0.0303657 0.0646988 0.0944387 0.0944809 0.0649051 0.0310587 0.0117624 0.00717933 0.0113249 0.0209744 0.034745 0.0503351 0.0638996 0.0715206 0.071372 0.0647511 0.0550745 0.0456974 0.038293 0.0327462 0.0281138
 1.16096e-16 3.98318e-05 0.000387179 0.00257294 0.0116962 0.0363915 0.0775366 0.113171 0.113192 0.0776367 0.0367286 0.0126742 0.00504362 0.00583374 0.0105402 0.0177726 0.0265634 0.0354388 0.0428875 0.0481876 0.0516831 0.0541921 0.0560797 0.0568396 0.0554999 0.0514115
 1.06095e-16 7.05695e-05 0.000685961 0.00455845 0.0207221 0.0644741 0.137369 0.200496 0.200502 0.137402 0.0645849 0.0210427 0.00536551 0.00245564 0.00345523 0.00566469 0.00830963 0.010793 0.0125723 0.0134398 0.0136479 0.0137063 0.0140058 0.0145635 0.015056 0.0150571
pSPR Fmed_Fpbrs
0.653254   0.6 0.325
Fs Fmed_Fpbrs
0.226854   0.276237 0.673416
SSBpbr Bo_Bmed_Bpbrs
1.9439e+06  1.17266e+06  1.06914e+06 534572
Ro
182859
SPR SPRFo_SPRFmed_SPRFpbrs
1.30518e+06 852614 424184
Fref
0.276237
Nvult_r0
 221743 18821.3 8083.11 8717.67 3183.37
CTP_r0
 29702.2 3009.61 1292.53 1394 509.037
YTP_r0
391299
Np
 253397 74477.3 28479.7 2295.58 1261.02
Nvult_p0
 178919 53691.7 20531.4 1654.91 909.085
CTP_p0
 32798.6 15923.3 1283.48 551.211 775.277
 32798.6 11621.4 4443.95 358.2 196.768
YTP_p0
 567283 547735
CBA_c0
561418
log_Ro
11.9365
likeval ReclasPelacesDesembMPH_pf_preclas_ppelaces_ptallas_desvR_qrecl_qpela
 14.5634 17.233 0.0738846 0.000813207 240.52 118.971 98.2765 0 23.3108 1.1959e-06 6.85944e-08 0.377225 1.48827e-15 0 0
q_reclas_q_pelaces
0.856446 1.03796
M
1
N
 204003 45291 153633 9014.03 0.2962
 115021 67699.3 14676.9 49785.9 2921.16
 114716 35091.6 19781.7 4288.57 15401
 198614 35175.6 10317.5 5816.14 5789.05
 159007 55709.4 9268.09 2718.47 3057.75
 268209 53435.4 18334.9 3050.28 1901.05
 111459 82629.1 15802.2 5422.08 1464.23
 51129.8 27805.4 18846.8 3604.31 1570.69
 47689.6 17679.3 9477.9 6424.22 1763.98
 62917.3 13761.5 4823.73 2586.01 2234.12
 115963 16824.1 3418.79 1198.36 1197.47
 152660 39453.6 5621.77 1142.39 800.567
 127815 39623.5 9448.71 1346.35 465.317
 89585.5 33943.5 9760.67 2327.55 446.279
 89649.9 19217.1 6429.46 1848.83 525.41
 475822 22849 4500.31 1505.66 556.005
 103848 128875 5766.6 1135.78 520.321
 737547 31363.3 37190.5 1664.11 477.914
 424045 222496 9038.14 10717.4 617.28
 328256 117367 57670.7 2342.67 2937.93
 482446 93494.3 31512.8 15484.4 1417.82
 649646 145920 27029.4 9110.42 4886.48
 137574 186544 39573.3 7330.33 3795.93
 402662 43753.6 57368.7 12170.1 3421.7
 341193 130460 13766.6 18050.4 4905.8
 153237 110395 40979.6 4324.3 7210.91
 341176 50818.9 35745.6 13269.1 3735.07
 381818 110444 15972.7 11235.1 5344.51
 113977 125880 35502.7 5134.49 5329.57
 85144.6 37826.1 40795.6 11505.8 3391.23
 323789 27046.6 11615.6 12527.5 4574.58
pred_Ctot
 12735.2 3445.83 11688.7 685.807 0.0225355
 12600.7 8970.37 1944.73 6596.79 387.063
 12253.8 4535.76 2556.88 554.32 1990.65
 30488.9 6483.29 1901.64 1071.99 1066.99
 8759.12 3744.5 622.954 182.722 205.526
 27962.2 6743.91 2313.98 384.966 239.925
 23402.8 20628.4 3945.01 1353.62 365.545
 1952.09 1298.77 880.319 168.354 73.3657
 6629.12 2957.89 1585.73 1074.82 295.127
 11147.9 2915.77 1022.04 547.918 473.36
 5545.25 982.777 199.708 70.0022 69.9499
 29231 9011.39 1284.04 260.927 182.853
 23072.8 8548.37 2038.47 290.462 100.388
 24656.5 10977.2 3156.57 752.725 144.325
 17934.2 4578.87 1531.95 440.522 125.19
 81331 4675.32 920.843 308.086 113.769
 11943.7 17911.5 801.459 157.854 72.3157
 85275.2 4381.56 5195.65 232.482 66.7663
 67931.2 42747.3 1736.46 2059.09 118.595
 47833.3 20561.7 10103.4 410.415 514.7
 55104.7 12906.2 4350.11 2137.51 195.721
 91954.5 24849.2 4602.91 1551.44 832.131
 11923.3 19627.8 4163.81 771.281 399.399
 30680 4054.05 5315.58 1127.64 317.043
 26259.2 12208.6 1288.3 1689.18 459.091
 9624.01 8449.53 3136.54 330.978 551.916
 26162.4 4738.62 3333.11 1237.28 348.277
 25283.5 8907.92 1288.29 906.17 431.064
 7110.87 9571.52 2699.51 390.41 405.244
 7436.58 4010.4 4325.23 1219.87 359.545
 29702.2 3009.61 1292.53 1394 509.037
F
 0.103061 0.126833 0.126833 0.126833 0.126833
 0.187152 0.230321 0.230321 0.230321 0.230321
 0.182112 0.224118 0.224118 0.224118 0.224118
 0.271216 0.333774 0.333774 0.333774 0.333774
 0.0904751 0.111344 0.111344 0.111344 0.111344
 0.177405 0.218325 0.218325 0.218325 0.218325
 0.388424 0.478018 0.478018 0.478018 0.478018
 0.0619741 0.076269 0.076269 0.076269 0.076269
 0.242835 0.298847 0.298847 0.298847 0.298847
 0.319008 0.392591 0.392591 0.392591 0.392591
 0.078142 0.0961662 0.0961662 0.0961662 0.0961662
 0.348794 0.429247 0.429247 0.429247 0.429247
 0.325891 0.40106 0.40106 0.40106 0.40106
 0.539391 0.663806 0.663806 0.663806 0.663806
 0.367003 0.451656 0.451656 0.451656 0.451656
 0.306198 0.376826 0.376826 0.376826 0.376826
 0.197285 0.242791 0.242791 0.242791 0.242791
 0.198418 0.244185 0.244185 0.244185 0.244185
 0.284532 0.350162 0.350162 0.350162 0.350162
 0.255892 0.314916 0.314916 0.314916 0.314916
 0.195809 0.240974 0.240974 0.240974 0.240974
 0.247758 0.304906 0.304906 0.304906 0.304906
 0.145589 0.179171 0.179171 0.179171 0.179171
 0.127028 0.156328 0.156328 0.156328 0.156328
 0.128383 0.157995 0.157995 0.157995 0.157995
 0.103714 0.127637 0.127637 0.127637 0.127637
 0.12789 0.157389 0.157389 0.157389 0.157389
 0.109616 0.1349 0.1349 0.1349 0.1349
 0.102997 0.126754 0.126754 0.126754 0.126754
 0.14679 0.180648 0.180648 0.180648 0.180648
 0.154666 0.190341 0.190341 0.190341 0.190341
YTP_r0W_actual
 246528 42435.5 35673.7 47674.7 18987.1
YTP_p0W_proyectada
 245662 249517 29686.8 16189.1 26227.6
 245662 182107 102789 10520.3 6656.67
CTP_r0_actual
 29702.2 3009.61 1292.53 1394 509.037
CTP_p0_proyectada
 32798.6 15923.3 1283.48 551.211 775.277
 32798.6 11621.4 4443.95 358.2 196.768
Wmedp
 7.49 15.67 23.13 29.37 33.83
Frms_r0
 0.154666 0.190341 0.190341 0.190341 0.190341
Zrms_r0
 1.15467 1.19034 1.19034 1.19034 1.19034
nmprior
 8.19 8.8 8.5 0
nm_flota  nm_reclas  nm_pelaces    nm_pelaL
inf 12.217 18.7967 45.3216
cv_recla  cv_pelaces  cv_mph
0.345189 0.470709 0.880047
 ------------------------------------------------
Talla a la edad & desviaci?n 
 8 13.2811 15.8009 17.003 17.5766
 0.8 1.32811 1.58009 1.7003 1.75766
