years
 1991 1992 1993 1994 1995 1996 1997 1998 1999 2000 2001 2002 2003 2004 2005 2006 2007 2008 2009 2010 2011 2012 2013 2014 2015 2016 2017 2018 2019 2020 2021
reclasobs
 0 0 0 0 0 0 0 0 0 252601 567819 844713 477998 351125 339783 2.1784e+06 2.13404e+06 4.81314e+06 1.55562e+06 2.62356e+06 3.21686e+06 3.843e+06 1.13348e+06 3.07943e+06 1.97215e+06 2.03268e+06 2.025e+06 2.42433e+06 2.27542e+06 1.05018e+06 2.36338e+06
reclaspred
 3.35134e+06 1.95028e+06 992592 967684 957763 1.41829e+06 1.02518e+06 935853 692641 526868 512316 619098 631081 542008 556480 1.2367e+06 1.29981e+06 2.52518e+06 2.15204e+06 1.66589e+06 2.97988e+06 2.43021e+06 2.02759e+06 3.0227e+06 2.30065e+06 2.03438e+06 2.34999e+06 2.44012e+06 2.07705e+06 1.38092e+06 1.91345e+06
pelacesobs
 0 0 0 0 0 0 0 0 0 0 0 0 0 0 0 552880 188675 0 991730 2.46772e+06 1.41603e+06 1.21717e+06 2.29649e+06 1.80582e+06 0 1.4828e+06 1.56532e+06 1.57751e+06 1.42118e+06 867257 1.10002e+06
pelacespred
 1.8947e+06 1.25197e+06 657167 519919 511600 782090 563949 576713 435605 321745 311996 323701 357507 337913 346580 629388 653572 1.42298e+06 1.29801e+06 945957 1.55415e+06 1.44196e+06 1.16161e+06 1.85637e+06 1.38938e+06 1.21214e+06 1.58157e+06 1.62456e+06 1.14011e+06 870543 1.20063e+06
mphobs
 0 0 0 0 0 0 0 0 0 0 0 498337 0 5186 125008 0 168611 109162 213762 579715 649985 157893 87575 83554 0 0 0 0 0 0 0
mphpred
 488051 329806 172657 92697.2 102513 110558 145405 107328 91397.8 67338.3 46432.2 57896.9 63910.6 58157.6 46050.5 55882.4 144268 146949 247717 201449 219745 270015 258383 220030 294523 243731 201435 210275 283801 203234 132399
desembarqueobs
 494567 514787 250237 358949 120608 361735 552515 73892 212993 205616 52469 317467 293654 387597 252695 516296 358380 742168 942051 627588 828172 859565 418607 520667 417249 300574 415391 372974 316634 284311 391294
desembarquepred
 494571 512942 251186 358960 120610 361742 552546 73893.7 213016 205638 52470.2 317510 293693 387646 252701 516291 358393 742129 941977 627543 828209 859593 418615 520679 417251 300576 415392 372969 316634 284317 391296
Reclutas
 333034 201285 191556 377528 302065 494676 209955 104216 93974.8 120380 215587 256541 218573 156138 168296 848682 207043 1.23896e+06 740126 558762 893172 1.18465e+06 266230 797683 661607 301579 672233 749040 225116 170336 649427
log_desv_Rt
 -0.0195121 -0.523036 -0.572576 0.10589 -0.117112 0.376147 -0.480863 -1.18129 -1.28473 -1.0371 -0.454392 -0.280468 -0.440637 -0.777013 -0.70203 0.915928 -0.494831 1.29427 0.779065 0.497968 0.967022 1.24945 -0.243394 0.853955 0.666915 -0.118724 0.682849 0.791036 -0.411142 -0.689981 0.648335
SSB
 7.81546e+06 5.2814e+06 2.76487e+06 1.48442e+06 1.6416e+06 1.77043e+06 2.32846e+06 1.71871e+06 1.46361e+06 1.07833e+06 743548 927139 1.02344e+06 931314 737435 894879 2.31026e+06 2.35319e+06 3.96685e+06 3.22592e+06 3.51892e+06 4.32392e+06 4.13765e+06 3.52347e+06 4.71638e+06 3.90301e+06 3.22571e+06 3.36726e+06 4.54468e+06 3.25451e+06 2.12019e+06
BT
 1.00514e+07 6.87848e+06 3.6e+06 2.95124e+06 2.69616e+06 4.2862e+06 3.36623e+06 2.99568e+06 2.42586e+06 1.83674e+06 1.63252e+06 1.91687e+06 2.08706e+06 2.12359e+06 2.01677e+06 3.62291e+06 3.60473e+06 7.8905e+06 7.51603e+06 5.37997e+06 8.57522e+06 8.14391e+06 6.27326e+06 9.92128e+06 7.44744e+06 6.43024e+06 8.4643e+06 8.63216e+06 6.057e+06 4.70081e+06 6.48047e+06
Ftot
 0.054695 0.097041 0.0934986 0.138092 0.0470554 0.0955436 0.197818 0.0294976 0.11422 0.144479 0.0386159 0.189986 0.172477 0.263232 0.16951 0.157018 0.102294 0.110512 0.162233 0.13984 0.103857 0.131768 0.0766422 0.0648578 0.0676359 0.0550778 0.0664828 0.0576242 0.0564944 0.0763858 0.0771324
BD_Bspro_t
 0.991287 0.93249 0.854066 0.80133 0.794799 0.834451 0.827849 0.740219 0.776054 0.757534 0.740573 0.838448 0.763708 0.707722 0.643043 0.68646 0.780538 0.774841 0.815692 0.758524 0.741042 0.776277 0.788151 0.789061 0.850486 0.855388 0.86016 0.87765 0.898446 0.867121 0.834875
BD_Bspro
 3.22432 2.17888 1.14067 0.612408 0.677255 0.730404 0.960624 0.709066 0.603823 0.444873 0.306756 0.382498 0.422228 0.38422 0.304234 0.369189 0.953114 0.970825 1.63655 1.33088 1.45175 1.78386 1.70702 1.45363 1.94577 1.61022 1.33079 1.38919 1.87494 1.34267 0.874699
BD_Bo
 2.18699 1.47789 0.773691 0.415383 0.459368 0.495417 0.65157 0.480944 0.40956 0.301748 0.208066 0.25944 0.286388 0.260608 0.206356 0.250413 0.646476 0.65849 1.11004 0.902705 0.984694 1.20996 1.15783 0.985969 1.31978 1.09217 0.902646 0.942256 1.27173 0.910705 0.593289
BD_Brms
 3.97635 2.68707 1.40671 0.755242 0.835214 0.900759 1.18467 0.874444 0.744655 0.548632 0.378302 0.471709 0.520706 0.473834 0.375192 0.455296 1.17541 1.19725 2.01825 1.64128 1.79035 2.19992 2.10515 1.79267 2.3996 1.98577 1.64118 1.71319 2.31224 1.65583 1.07871
Sel_flota
 0.962531 1 1 1 1
 0.962531 1 1 1 1
 0.962531 1 1 1 1
 0.962531 1 1 1 1
 0.962531 1 1 1 1
 0.962531 1 1 1 1
 0.962531 1 1 1 1
 0.962531 1 1 1 1
 0.962531 1 1 1 1
 0.962531 1 1 1 1
 0.962531 1 1 1 1
 0.962531 1 1 1 1
 0.962531 1 1 1 1
 0.962531 1 1 1 1
 0.962531 1 1 1 1
 0.962531 1 1 1 1
 0.962531 1 1 1 1
 0.962531 1 1 1 1
 0.962531 1 1 1 1
 0.962531 1 1 1 1
 0.962531 1 1 1 1
 0.962531 1 1 1 1
 0.962531 1 1 1 1
 0.962531 1 1 1 1
 0.962531 1 1 1 1
 0.962531 1 1 1 1
 0.962531 1 1 1 1
 0.962531 1 1 1 1
 0.962531 1 1 1 1
 0.962531 1 1 1 1
 0.962531 1 1 1 1
Sel_reclas
 1 1 1 1 1
 1 1 1 1 1
 1 1 1 1 1
 1 1 1 1 1
 1 1 1 1 1
 1 1 1 1 1
 1 1 1 1 1
 1 1 1 1 1
 1 1 1 1 1
 1 1 1 1 1
 1 1 1 1 1
 1 1 1 1 1
 1 1 1 1 1
 1 1 1 1 1
 1 1 1 1 1
 1 1 1 1 1
 1 1 1 1 1
 1 1 1 1 1
 1 1 1 1 1
 1 1 1 1 1
 1 1 1 1 1
 1 1 1 1 1
 1 1 1 1 1
 1 1 1 1 1
 1 1 1 1 1
 1 1 1 1 1
 1 1 1 1 1
 1 1 1 1 1
 1 1 1 1 1
 1 1 1 1 1
 1 1 1 1 1
Sel_pelaces
 1 1 1 1 1
 1 1 1 1 1
 1 1 1 1 1
 1 1 1 1 1
 1 1 1 1 1
 1 1 1 1 1
 1 1 1 1 1
 1 1 1 1 1
 1 1 1 1 1
 1 1 1 1 1
 1 1 1 1 1
 1 1 1 1 1
 1 1 1 1 1
 1 1 1 1 1
 1 1 1 1 1
 1 1 1 1 1
 1 1 1 1 1
 1 1 1 1 1
 1 1 1 1 1
 1 1 1 1 1
 1 1 1 1 1
 1 1 1 1 1
 1 1 1 1 1
 1 1 1 1 1
 1 1 1 1 1
 1 1 1 1 1
 1 1 1 1 1
 1 1 1 1 1
 1 1 1 1 1
 1 1 1 1 1
 1 1 1 1 1
pf_obs 
 0.8446 0.082 0.0669 0.0065 0
 0.8095 0.147 0.0364 0.0071 0
 0.9664 0.0169 0.016 0.0007 0
 0.9276 0.0648 0.0075 0.0001 0
 0.7033 0.2144 0.0806 0.0017 0
 0.9318 0.0425 0.0243 0.0014 0
 0.5671 0.3108 0.0964 0.0239 0.0018
 0.0768 0.2599 0.5324 0.112 0.0189
 0.490249 0.384438 0.106611 0.0170017 0.00170017
 0.7925 0.1577 0.0466 0.003 0.0002
 0.840416 0.127587 0.0312969 0.00059994 9.999e-05
 0.8084 0.0986 0.0794 0.0134 0.0002
 0.7335 0.1905 0.0724 0.0035 0.0001
 0.4001 0.4547 0.1325 0.0127 0
 0.49795 0.308269 0.164784 0.0264974 0.00249975
 0.9179 0.0499 0.0305 0.0017 0
 0.2467 0.6533 0.0926 0.0074 0
 0.9418 0.0223 0.034 0.0019 0
 0.707729 0.231977 0.0356964 0.0245975 0
 0.517169 0.277429 0.184464 0.0207286 0.00020938
 0.811772 0.124168 0.05621 0.00726502 0.000585176
 0.764997 0.148141 0.077277 0.00933861 0.000247198
 0.163321 0.427699 0.378323 0.0303852 0.000271297
 0.753843 0.0900009 0.118128 0.0371064 0.000921714
 0.721811 0.176058 0.0630433 0.0369309 0.00215725
 0.143369 0.312575 0.442814 0.0836902 0.0175525
 0.692698 0.0596174 0.167031 0.0765114 0.00414204
 0.394062 0.376323 0.152708 0.0712218 0.00568511
 0.125707 0.32114 0.495352 0.0537591 0.00404204
 0.23352 0.215282 0.420074 0.123614 0.00750983
 0.796117 0.104755 0.0508955 0.0450114 0.00322123
pf_pred 
 0.405875 0.103301 0.467093 0.0237302 6.9843e-07
 0.409491 0.245302 0.0600214 0.271397 0.0137885
 0.534419 0.195208 0.112315 0.0274817 0.130576
 0.754794 0.133495 0.0468381 0.0269488 0.0379243
 0.645909 0.269941 0.0458129 0.0160739 0.0222632
 0.7462 0.166195 0.0667853 0.0113345 0.00948489
 0.479278 0.392498 0.0839649 0.0337412 0.0105183
 0.435055 0.276779 0.217207 0.046466 0.0244932
 0.519486 0.213647 0.130744 0.102604 0.0335194
 0.665082 0.177386 0.0700424 0.0428631 0.0446267
 0.78415 0.145534 0.0372418 0.0147052 0.0183683
 0.719285 0.221957 0.039617 0.0101379 0.0090032
 0.66136 0.246453 0.0728907 0.0130103 0.00628594
 0.597715 0.269816 0.0964072 0.0285133 0.00754825
 0.689035 0.189153 0.0817002 0.029192 0.0109194
 0.915732 0.0588156 0.0154824 0.00668725 0.00328316
 0.405927 0.545889 0.0336299 0.00885261 0.00570094
 0.877968 0.0507311 0.0655183 0.00403631 0.00174674
 0.605913 0.347685 0.0192901 0.0249128 0.00219896
 0.587648 0.253947 0.139754 0.00775376 0.0108977
 0.741208 0.154659 0.0641307 0.0352929 0.00471017
 0.742129 0.193119 0.0386969 0.0160461 0.0100091
 0.333853 0.499556 0.12476 0.0249992 0.0168323
 0.743314 0.0879866 0.12651 0.0315949 0.0105937
 0.634513 0.274407 0.0312201 0.0448895 0.0149697
 0.45055 0.353662 0.146998 0.0167244 0.0320661
 0.739158 0.120071 0.0906094 0.0376614 0.0125003
 0.699061 0.22472 0.0350851 0.0264763 0.0146574
 0.370439 0.445286 0.137604 0.0214838 0.0251876
 0.442778 0.211567 0.244481 0.0755503 0.0256246
 0.829512 0.0771689 0.0354313 0.0409434 0.0169439
pobs_RECLAS
 0 0 0 0 0
 0 0 0 0 0
 0 0 0 0 0
 0 0 0 0 0
 0 0 0 0 0
 0 0 0 0 0
 0 0 0 0 0
 0 0 0 0 0
 0 0 0 0 0
 0 0 0 0 0
 0.991045 0.00858322 0.000360255 1.14367e-05 0
 0.934742 0.0480273 0.0164251 0.00080598 0
 0.827803 0.169806 0.00239088 0 0
 0.941827 0.0461693 0.0120037 0 0
 0.791401 0.0380133 0.147996 0.0225897 0
 0.846168 0.0940531 0.0597789 0 0
 0.134021 0.677848 0.182769 0.00536245 0
 0.80878 0.0450904 0.141981 0.00414843 0
 0.846168 0.0940531 0.0597789 0 0
 0.905697 0.0802665 0.012482 0.00150086 5.37128e-05
 0.989698 0.0102097 9.19794e-05 0 0
 0.975433 0.0193895 0.00387452 0.00125025 5.28907e-05
 0.303575 0.632131 0.0575291 0.00676475 0
 0.966965 0.00978017 0.0227588 0.000495775 0
 0.843318 0.132988 0.00938335 0.0141283 0.000182051
 0.564624 0.303363 0.111486 0.0197234 0.00080311
 0.826376 0.0876187 0.0782897 0.00655872 0.00115652
 0.89761 0.0855135 0.0140674 0.00269457 0.000114338
 0.34875 0.467042 0.161289 0.0227151 0.000203297
 0.318654 0.224769 0.449479 0.00709798 0
 0.937255 0.0296025 0.0250945 0.00804832 0
ppred_RECLAS
 0.415159 0.101687 0.459794 0.0233594 6.87517e-07
 0.418836 0.24142 0.0590716 0.267102 0.0135703
 0.543985 0.191197 0.110007 0.026917 0.127893
 0.76188 0.129637 0.0454845 0.02617 0.0368284
 0.654628 0.263294 0.0446849 0.0156781 0.021715
 0.753424 0.161465 0.0648845 0.0110119 0.00921493
 0.488995 0.385173 0.082398 0.0331116 0.0103221
 0.444486 0.272158 0.213581 0.0456903 0.0240843
 0.529107 0.20937 0.128126 0.100549 0.0328483
 0.673645 0.172851 0.0682515 0.0417672 0.0434857
 0.790564 0.14121 0.0361352 0.0142683 0.0178225
 0.727068 0.215803 0.0385187 0.00985682 0.00875359
 0.669995 0.240169 0.0710319 0.0126785 0.00612564
 0.607103 0.26352 0.0941574 0.0278479 0.0073721
 0.697286 0.184135 0.0795326 0.0284175 0.0106297
 0.918674 0.0567623 0.0149419 0.00645379 0.00316854
 0.415252 0.53732 0.033102 0.00871365 0.00561145
 0.882039 0.0490383 0.0633322 0.00390162 0.00168845
 0.61513 0.339553 0.0188389 0.0243302 0.00214753
 0.596986 0.248196 0.136589 0.00757816 0.0106509
 0.748531 0.150282 0.0623158 0.0342941 0.00457688
 0.749455 0.187633 0.0375976 0.0155902 0.00972476
 0.342456 0.493104 0.123149 0.0246763 0.0166149
 0.750572 0.0854987 0.122933 0.0307015 0.0102941
 0.643374 0.267755 0.0304633 0.0438012 0.0146068
 0.460064 0.347537 0.144452 0.0164348 0.0315109
 0.746494 0.116694 0.0880609 0.0366021 0.0121487
 0.707072 0.218738 0.0341511 0.0257715 0.0142672
 0.379432 0.438925 0.135638 0.0211769 0.0248278
 0.452282 0.207958 0.240311 0.0742617 0.0251875
 0.834881 0.0747391 0.0343157 0.0396543 0.0164104
pobs_PELACES
 0 0 0 0 0
 0 0 0 0 0
 0 0 0 0 0
 0 0 0 0 0
 0 0 0 0 0
 0 0 0 0 0
 0 0 0 0 0
 0 0 0 0 0
 0 0 0 0 0
 0 0 0 0 0
 0 0 0 0 0
 0 0 0 0 0
 0 0 0 0 0
 0 0 0 0 0
 0 0 0 0 0
 0 0 0 0 0
 0.505614 0.472636 0.0217494 0 0
 0 0 0 0 0
 0.443492 0.261883 0.143347 0.151278 0
 0.227955 0.32914 0.350689 0.0885471 0.00366901
 0.970185 0.0296113 0.000203453 0 0
 0.997202 0.00247181 0.000326279 0 0
 0.445219 0.490057 0.0546422 0.010081 0
 0.90214 0.0892962 0.00764917 0.000914606 0
 0 0 0 0 0
 0.581667 0.319106 0.0959925 0.00289975 0.000334073
 0.762889 0.0836404 0.116647 0.0363945 0.000428098
 0.88444 0.0763242 0.0277011 0.0115352 0
 0.521256 0.241999 0.230069 0.00667565 0
 0.616807 0.101726 0.260614 0.0208532 0
 0.833518 0.0704572 0.0857862 0.0102388 0
ppred_PELACES
 0.415323 0.101658 0.459665 0.0233528 6.87324e-07
 0.419128 0.241299 0.0590419 0.266968 0.0135635
 0.544272 0.191077 0.109938 0.0269001 0.127813
 0.762189 0.129469 0.0454254 0.026136 0.0367805
 0.65476 0.263193 0.0446679 0.0156722 0.0217067
 0.753643 0.161321 0.0648267 0.0110021 0.00920673
 0.489606 0.384712 0.0822995 0.033072 0.0103097
 0.444576 0.272114 0.213547 0.0456829 0.0240804
 0.529459 0.209213 0.12803 0.100474 0.0328237
 0.674037 0.172643 0.0681694 0.041717 0.0434334
 0.790643 0.141157 0.0361216 0.0142629 0.0178157
 0.727534 0.215435 0.038453 0.00984 0.00873865
 0.670467 0.239826 0.0709305 0.0126604 0.00611689
 0.607879 0.262999 0.0939714 0.0277929 0.00735754
 0.697728 0.183866 0.0794164 0.028376 0.0106142
 0.918818 0.0566611 0.0149153 0.00644229 0.0031629
 0.41556 0.537038 0.0330846 0.00870907 0.0056085
 0.882182 0.0489792 0.0632559 0.00389692 0.00168642
 0.615605 0.339134 0.0188157 0.0243002 0.00214488
 0.597402 0.247939 0.136448 0.00757033 0.0106399
 0.748773 0.150137 0.0622559 0.0342611 0.00457248
 0.749761 0.187404 0.0375517 0.0155712 0.00971289
 0.34267 0.492944 0.123109 0.0246683 0.0166095
 0.750722 0.0854473 0.122859 0.0306831 0.0102879
 0.643566 0.267611 0.0304469 0.0437777 0.0145989
 0.460234 0.347429 0.144407 0.0164296 0.031501
 0.74665 0.116622 0.0880069 0.0365797 0.0121413
 0.70722 0.218628 0.0341339 0.0257585 0.01426
 0.379596 0.438809 0.135602 0.0211713 0.0248212
 0.452516 0.207869 0.240208 0.07423 0.0251767
 0.835012 0.0746796 0.0342884 0.0396227 0.0163973
pobs_pel_tallas
 0 0 0 0 0 0 0 0 0 0 0 0 0 0 0 0 0 0 0 0 0 0 0 0 0 0
 0 0 0 0 0 0 0 0 0 0 0 0 0 0 0 0 0 0 0 0 0 0 0 0 0 0
 0 0 0 0 0 0 0 0 0 0 0 0 0 0 0 0 0 0 0 0 0 0 0 0 0 0
 0 0 0 0 0 0 0 0 0 0 0 0 0 0 0 0 0 0 0 0 0 0 0 0 0 0
 0 0 0 0 0 0 0 0 0 0 0 0 0 0 0 0 0 0 0 0 0 0 0 0 0 0
 0 0 0 0 0 0 0 0 0 0 0 0 0 0 0 0 0 0 0 0 0 0 0 0 0 0
 0 0 0 0 0 0 0 0 0 0 0 0 0 0 0 0 0 0 0 0 0 0 0 0 0 0
 0 0 0 0 0 0 0 0 0 0 0 0 0 0 0 0 0 0 0 0 0 0 0 0 0 0
 0 0 0 0 0 0 0 0 0 0 0 0 0 0 0 0 0 0 0 0 0 0 0 0 0 0
 0 0 0 0 0 0 0 0 0 0 0 0 0 0 0 0 0 0 0 0 0 0 0 0 0 0
 0 0 0 0 0 0 0 0 0 0 0 0 0 0 0 0 0 0 0 0 0 0 0 0 0 0
 0 0 0 0 0 0 0 0 0 0 0 0 0 0 0 0 0 0 0 0 0 0 0 0 0 0
 0.00862536 0 0 0.000197151 0.00414017 0.0128641 0.00837892 0.0270097 0.101434 0.158115 0.152841 0.127902 0.109271 0.109419 0.0830992 0.0579132 0.0238553 0.00714673 0.00463305 0.00128148 0.00103504 0.000492878 0.000147863 0.000147863 4.92878e-05 0
 0 0 0 0 0 0 0 0 0 0 0 0 0 0 0 0 0 0 0 0 0 0 0 0 0 0
 0 0 0 0 0 0 0 0.0054083 0.00873648 0.0413646 0.0450493 0.0745869 0.0622846 0.0627006 0.0613931 0.0827291 0.12552 0.122667 0.0946155 0.0697135 0.0546179 0.0294188 0.0215738 0.0213955 0.0102223 0.00600262
 0 0 0 0 0.00359764 0.0251062 0.0480494 0.140153 0.205849 0.193036 0.1447 0.116669 0.0760912 0.0342217 0.00950174 0.001854 0.000860785 0 0 0 0.000165536 0 0.000143464 0 0 0
 0 0 0 0 0 0 0 0.000145254 0.000435761 0.0275982 0.070085 0.0708112 0.156366 0.174668 0.174014 0.160142 0.0824315 0.0480064 0.0283245 0.00493863 0.00203355 0 0 0 0 0
 0 0 0 0 0 0 0 0 0 0 0 0 0 0 0 0 0 0 0 0 0 0 0 0 0 0
 0 0 1.00437e-05 0.000401748 0.00122533 0.00171747 0.00176769 0.0269171 0.070346 0.194647 0.189555 0.159765 0.064822 0.0314167 0.0384472 0.0292271 0.0345202 0.0313363 0.0194345 0.0106764 0.0143323 0.0359363 0.0279516 0.0138201 0.00172751 0
 0 0.0021121 0.0136068 0.0755702 0.200478 0.177729 0.0527432 0.0373336 0.0318909 0.0142505 0.0149659 0.0166563 0.0217959 0.0798694 0.0677717 0.0528807 0.04013 0.0224614 0.0357745 0.0225083 0.00881397 0.00855152 0.00135912 0.000746735 0 0
 0 0 0 0 5.4009e-05 0.00500934 0.000945158 0.0243581 0.138947 0.33067 0.221406 0.137944 0.0707744 0.0437923 0.0131692 0.00525238 0.0047753 0.00276346 9.45158e-05 9.00151e-06 2.25038e-05 9.00151e-06 4.50075e-06 0 0 0
 0.000866109 0.00284123 0.00948549 0.0512746 0.133035 0.25785 0.225252 0.132002 0.0553304 0.0519788 0.0540692 0.017754 0.00435017 0.00159236 0.00146478 0.000404838 0.000125132 0.000115318 0.000107957 0.000100596 0 0 0 0 0 0
 0 0 0 0 0.00144013 0.00171154 0.00461396 0.0210425 0.0478622 0.0707936 0.0888783 0.103762 0.0637923 0.0337046 0.0602308 0.124433 0.169614 0.0934646 0.0462172 0.0250306 0.0313229 0.00938855 0.002487 0.000210481 0 0
 0 0.00764035 0.051015 0.0998891 0.058973 0.0496711 0.0374665 0.0718981 0.12319 0.153886 0.159021 0.0857701 0.0377988 0.023471 0.0147837 0.00900784 0.00315554 0.000888139 0.00291439 0.00214683 0.00393193 0.00274676 0.000635225 9.99891e-05 0 0
 0 0 0 0 0 0 0 0 0 0 0 0 0 0 0 0 0 0 0 0 0 0 0 0 0 0
 0 0 0 0 0 0 0 0 0 0 0 0 0 0 0 0 0 0 0 0 0 0 0 0 0 0
 0 0 0 0 0 0 0 0 0 0 0 0 0 0 0 0 0 0 0 0 0 0 0 0 0 0
 0 0 0 0 0 0 0 0 0 0 0 0 0 0 0 0 0 0 0 0 0 0 0 0 0 0
 0 0 0 0 0 0 0 0 0 0 0 0 0 0 0 0 0 0 0 0 0 0 0 0 0 0
 0 0 0 0 0 0 0 0 0 0 0 0 0 0 0 0 0 0 0 0 0 0 0 0 0 0
 0 0 0 0 0 0 0 0 0 0 0 0 0 0 0 0 0 0 0 0 0 0 0 0 0 0
ppred_pel_tallas
 1.15634e-16 3.42096e-05 0.00033253 0.00220978 0.0100453 0.0312548 0.0665921 0.0971953 0.0972058 0.0666437 0.0314301 0.0105603 0.0035357 0.00333692 0.00606132 0.010802 0.0174974 0.026031 0.0361508 0.0474942 0.0593709 0.070401 0.0784716 0.08136 0.0777877 0.0681955
 1.30835e-16 3.4523e-05 0.000335576 0.00223002 0.0101374 0.0315413 0.0672029 0.0980894 0.0981128 0.0673172 0.0319257 0.0112497 0.00503005 0.00647569 0.0117818 0.019664 0.0289328 0.0377781 0.0445067 0.0486607 0.0514078 0.0547037 0.0598038 0.0662569 0.0720629 0.0747586
 1.27549e-16 4.4831e-05 0.000435773 0.00289587 0.0131642 0.0409588 0.0872678 0.127374 0.127392 0.0873586 0.0412644 0.0140489 0.00512484 0.00532989 0.00942474 0.0157397 0.0232275 0.0304352 0.0359664 0.0393392 0.0413187 0.0433384 0.0464417 0.050559 0.0545744 0.0569752
 1.1019e-16 6.27806e-05 0.000610249 0.00405532 0.0184349 0.0573579 0.122208 0.178368 0.178381 0.122269 0.0575639 0.0190305 0.00555329 0.00389049 0.00632332 0.0104377 0.0152333 0.0196051 0.0224933 0.0234728 0.0230191 0.0221587 0.0217722 0.0220923 0.0227016 0.022906
 1.06602e-16 5.39317e-05 0.000524236 0.00348373 0.0158366 0.0492735 0.104983 0.153232 0.153257 0.105107 0.0496901 0.01704 0.00650554 0.00712422 0.0125987 0.020771 0.0299857 0.0378639 0.0420271 0.0414075 0.0368904 0.0307024 0.0250464 0.0210435 0.0185966 0.0169553
 1.04574e-16 6.20766e-05 0.000603407 0.00400985 0.0182282 0.0567148 0.120838 0.176369 0.176385 0.120914 0.0569714 0.01897 0.00587528 0.00468672 0.00784957 0.012964 0.0188691 0.0241486 0.0273936 0.0279459 0.0262523 0.0234816 0.0207336 0.0184814 0.0165828 0.0146703
 1.07535e-16 4.03283e-05 0.000392006 0.00260502 0.0118421 0.0368452 0.078504 0.114587 0.114624 0.0786855 0.0374547 0.013603 0.00702787 0.0100559 0.0184199 0.0304573 0.0440365 0.0557323 0.0620783 0.0614878 0.0551785 0.0462804 0.0378765 0.0315158 0.0270734 0.0235973
 1.14889e-16 3.66192e-05 0.000355952 0.00236543 0.0107529 0.0334564 0.0712834 0.104046 0.104072 0.0714131 0.0338927 0.0120168 0.00555211 0.00735915 0.0134743 0.0225779 0.0333661 0.0437372 0.0515368 0.0557393 0.056919 0.0565409 0.0557027 0.0544177 0.0519118 0.047474
 1.1938e-16 4.36109e-05 0.000423913 0.00281705 0.0128059 0.0398441 0.0848928 0.123908 0.123928 0.0849924 0.040179 0.0137757 0.00526109 0.00579237 0.0103383 0.0172874 0.0255363 0.033493 0.0395926 0.0432147 0.0450287 0.0463735 0.0481643 0.0502179 0.0514496 0.0506398
 1.13546e-16 5.55196e-05 0.00053967 0.0035863 0.0163028 0.0507242 0.108074 0.15774 0.157757 0.108156 0.050999 0.0170979 0.00558683 0.00492253 0.00842662 0.0139705 0.020429 0.0263682 0.030391 0.0319329 0.0316074 0.0307354 0.0304236 0.0309172 0.0316245 0.0316319
 1.05524e-16 6.51243e-05 0.000633031 0.00420671 0.0191231 0.0594992 0.12677 0.185027 0.185041 0.126836 0.0597231 0.0197702 0.00583259 0.00418788 0.00683309 0.0112382 0.0162912 0.0207234 0.0232961 0.0234639 0.021698 0.019143 0.0168849 0.0154027 0.014528 0.0137822
 1.03631e-16 5.9926e-05 0.000582502 0.00387093 0.0175967 0.05475 0.116651 0.170261 0.170281 0.116753 0.055091 0.0185818 0.00634432 0.00598441 0.0103266 0.0169969 0.0245265 0.0309451 0.0342871 0.0336517 0.0297317 0.0243234 0.0192254 0.0153887 0.0128096 0.0109793
 1.04414e-16 5.52255e-05 0.000536812 0.0035673 0.0162165 0.0504555 0.107502 0.156907 0.15693 0.107615 0.050836 0.0173162 0.00633069 0.00657889 0.0115583 0.0190943 0.0276724 0.0351579 0.0394016 0.0393981 0.0358467 0.0305986 0.0254667 0.0213465 0.0181706 0.0154418
 1.06812e-16 5.00702e-05 0.0004867 0.0032343 0.0147027 0.0457456 0.0974667 0.142261 0.142286 0.0975911 0.0461635 0.0159109 0.0062718 0.0071332 0.012719 0.0210687 0.03063 0.0391185 0.0442287 0.0448904 0.0418564 0.037078 0.0324004 0.0286326 0.0255491 0.0225246
 1.06981e-16 5.7471e-05 0.000558638 0.00371235 0.0168758 0.052507 0.111872 0.163285 0.163303 0.111959 0.0527997 0.0177224 0.00584192 0.00522275 0.00896058 0.0148418 0.0216562 0.0278313 0.0317999 0.0328459 0.0314919 0.0290436 0.0266774 0.0248125 0.0231523 0.0211696
 1.01627e-16 7.56819e-05 0.000735655 0.00488868 0.0222233 0.0691448 0.147321 0.21502 0.215025 0.147347 0.0692347 0.022483 0.00554132 0.00216255 0.00279211 0.00451346 0.00653584 0.00830794 0.00932476 0.0093597 0.00859216 0.00747224 0.00643147 0.00566793 0.0051334 0.00466646
 1.02915e-16 3.42292e-05 0.00033272 0.00221104 0.0100511 0.031273 0.0666324 0.0972628 0.0973145 0.066885 0.0321208 0.0124989 0.00835201 0.0137273 0.0254403 0.0419179 0.0601802 0.0752568 0.0821058 0.0784071 0.0659693 0.0495548 0.0341031 0.0224883 0.0150905 0.0107899
 1.02515e-16 7.26641e-05 0.000706321 0.00469375 0.0213371 0.0663877 0.141446 0.206446 0.206451 0.14147 0.066467 0.0215673 0.00527564 0.00199052 0.00255238 0.00421074 0.00630525 0.00844117 0.0102506 0.0115355 0.012327 0.012759 0.0128763 0.0125683 0.01168 0.0101828
 1.0343e-16 5.07066e-05 0.000492886 0.00327541 0.0148895 0.0463271 0.0987059 0.144071 0.144104 0.0988654 0.0468625 0.0164356 0.0071543 0.00895444 0.0161032 0.0264966 0.0380623 0.047658 0.0521276 0.0500423 0.0425764 0.0327465 0.0236376 0.0169775 0.012879 0.0105047
 1.06561e-16 4.92073e-05 0.000478312 0.00317856 0.0144493 0.0449572 0.0957869 0.139809 0.139833 0.0959045 0.0453525 0.0155932 0.00605765 0.00678841 0.0121064 0.0201269 0.0294314 0.0379306 0.0434925 0.0450808 0.0432714 0.0396685 0.0357433 0.0320703 0.028427 0.0244137
 1.06045e-16 6.16755e-05 0.000599508 0.00398394 0.0181104 0.0563483 0.120057 0.175229 0.175244 0.120128 0.0565873 0.0188016 0.00572275 0.00440785 0.00733157 0.0121215 0.01769 0.0227466 0.0260209 0.026942 0.0259508 0.0241195 0.0223979 0.0210949 0.0199178 0.0183861
 1.04337e-16 6.17568e-05 0.000600298 0.00398919 0.0181343 0.0564227 0.120215 0.175461 0.175479 0.120304 0.0567195 0.0189919 0.00614298 0.00530588 0.00901006 0.0148287 0.0214302 0.027112 0.0301862 0.0298892 0.0268306 0.0225568 0.0185873 0.0156802 0.013755 0.012306
 1.08964e-16 2.82253e-05 0.00027436 0.00182322 0.00828814 0.0257877 0.0549453 0.0802042 0.0802518 0.0551779 0.0265691 0.0105461 0.00749519 0.0126706 0.0236128 0.0391023 0.0565842 0.0717007 0.0800102 0.0794514 0.0715223 0.0601499 0.0492129 0.0406802 0.0344568 0.0294545
 1.08386e-16 6.1836e-05 0.000601068 0.00399431 0.0181576 0.056495 0.120369 0.175684 0.175692 0.12041 0.0566339 0.0185612 0.00501652 0.00286224 0.0044436 0.00747765 0.0113042 0.0153484 0.0190475 0.0221241 0.0246611 0.0268439 0.0286069 0.0295297 0.0290816 0.0269935
 1.07808e-16 5.30097e-05 0.000515273 0.00342417 0.0155658 0.0484312 0.103189 0.150612 0.150638 0.103315 0.0488544 0.0167884 0.00649355 0.00721739 0.0127872 0.0210736 0.0304017 0.0383556 0.0425346 0.0418937 0.0373953 0.0313667 0.0260761 0.0226201 0.0207778 0.0196206
 1.11235e-16 3.79089e-05 0.000368488 0.00244873 0.0111316 0.0346348 0.0737943 0.107712 0.107746 0.0739587 0.0351874 0.0127298 0.00646787 0.0091673 0.016822 0.0279432 0.0407024 0.0521376 0.0592332 0.0605837 0.057157 0.0514672 0.0458694 0.0413585 0.0375951 0.0337465
 1.08293e-16 6.15006e-05 0.000597808 0.00397264 0.0180591 0.0561885 0.119716 0.174731 0.174743 0.119772 0.0563755 0.0186009 0.00533882 0.00360078 0.00582571 0.00969496 0.0143417 0.0188466 0.022313 0.0243412 0.0252179 0.0255933 0.0259175 0.0261172 0.0257301 0.0243038
 1.06038e-16 5.82528e-05 0.000566238 0.00376285 0.0171054 0.0532213 0.113394 0.165507 0.165528 0.113497 0.0535673 0.018105 0.00627291 0.00604862 0.0104793 0.0172576 0.0249187 0.0314832 0.0349876 0.034563 0.0309633 0.0260469 0.021631 0.0186055 0.016826 0.0156032
 1.1035e-16 3.12669e-05 0.000303926 0.0020197 0.00918127 0.0285666 0.0608656 0.0888441 0.0888865 0.0610729 0.029263 0.0111943 0.0070785 0.0113668 0.021099 0.0349818 0.0507427 0.064554 0.0725152 0.0728142 0.0667471 0.0576972 0.0489472 0.0420711 0.0368569 0.0322992
 1.1869e-16 3.72732e-05 0.000362309 0.00240767 0.0109449 0.0340538 0.0725561 0.105902 0.105922 0.0726559 0.03439 0.0119203 0.00487348 0.0058031 0.0105412 0.0178172 0.0267211 0.0358384 0.0437203 0.0496878 0.0540797 0.0576426 0.0606055 0.0622902 0.0615621 0.0576646
 1.07758e-16 6.87788e-05 0.000668555 0.00444278 0.0201962 0.0628381 0.133883 0.195408 0.195416 0.133919 0.0629573 0.0205413 0.00531173 0.00257506 0.00371858 0.00611731 0.00899744 0.0117375 0.0137737 0.0149022 0.0154066 0.0158311 0.0165679 0.0175832 0.0184613 0.0186775
pSPR Fmed_Fpbrs
0.818147   0.6 0.325
Fs Fmed_Fpbrs
0.0952047   0.253951 0.609633
SSBpbr Bo_Bmed_Bpbrs
3.57361e+06  2.74506e+06  1.96549e+06 982744
Ro
339596
SPR SPRFo_SPRFmed_SPRFpbrs
2.42391e+06 1.98311e+06 787769
Fref
0.253951
Nvult_r0
 427611 38392.8 17627.7 20370.1 8429.86
CTP_r0
 29552.8 2749.27 1262.3 1458.68 603.654
YTP_r0
391296
Np
 499250 143836 63300.8 5658.55 3339.49
Nvult_p0
 355414 102789 45236.3 4043.74 2386.48
CTP_p0
 69811.6 32102.6 2869.7 1317.59 2041.12
 69811.6 20816.8 9161.29 818.941 483.312
YTP_p0
 1.20006e+06 1.10139e+06
CBA_c0
1.17046e+06
log_Ro
12.5555
likeval ReclasPelacesDesembMPH_pf_preclas_ppelaces_ptallas_desvR_qrecl_qpela
 17.6603 17.5154 0.136688 0.000814883 241.522 122.402 98.1152 0 22.5164 4.50797e-05 3.10994e-05 0.691967 8.67256e-16 0 0
q_reclas_q_pelaces
0.386192 0.452307
M
1
N
 333034 81655.2 369218 18757.7 0.55208
 201285 116233 28440.4 128598 6533.49
 191556 67445.2 38805.3 9495.03 45114.7
 377528 64404.6 22597 13001.4 18296.6
 302065 121599 20637.1 7240.75 10028.8
 494676 106203 42677.5 7243.01 6061.09
 209955 165992 35509.8 14269.6 4448.33
 104216 63846.8 50105 10718.7 5650.04
 93974.8 37265.8 22805.2 17896.8 5846.69
 120380 30972.1 12229.6 7484.01 7791.94
 215587 38535.8 9861.2 3893.77 4863.71
 256541 76416.2 13639.5 3490.31 3099.66
 218573 78603.9 23247.8 4149.49 2004.84
 156138 68108.7 24335.7 7197.49 1905.38
 168296 44584 19257 6880.64 2573.73
 848682 52592.2 13844.2 5979.66 2935.76
 207043 268419 16536.2 4352.91 2803.21
 1.23896e+06 69024.7 89144.2 5491.8 2376.61
 740126 409795 22736.1 29363.2 2591.78
 558762 232913 128179 7111.55 9995.12
 893172 179670 74502.1 41000.5 5471.91
 1.18465e+06 297321 59576.8 24704.1 15409.8
 266230 383897 95875 19211.3 12935.2
 797683 90975.6 130808 32668.2 10953.5
 661607 275692 31366.3 45099.6 15039.8
 301579 228051 94788.5 10784.4 20677.2
 672233 105216 79399.5 33002.1 10953.8
 749040 231971 36217.2 27330.7 15130.4
 225116 260689 80559 12577.5 14745.9
 170336 78432.3 90634.3 28008.1 9499.59
 649427 58221.3 26731.7 30890.4 12783.6
pred_Ctot
 10842.8 2759.65 12478.2 633.943 0.0186583
 11433.3 6849.04 1675.85 7577.64 384.986
 10498.2 3834.7 2206.34 539.855 2565.07
 30026.6 5310.59 1863.27 1072.05 1508.67
 8486.68 3546.78 601.942 211.197 292.519
 27681.3 6165.23 2477.49 420.467 351.855
 23370.1 19138.6 4094.21 1645.26 512.885
 1848.41 1175.94 922.843 197.419 104.063
 6240.45 2566.49 1570.59 1232.55 402.66
 9992.14 2665.04 1052.31 643.973 670.468
 4987.46 925.648 236.871 93.5302 116.829
 27508.4 8488.54 1515.12 387.715 344.319
 21422.7 7983.1 2361.07 421.427 203.614
 22550.8 10179.7 3637.28 1075.76 284.783
 16230.1 4455.47 1924.43 687.612 257.204
 76183.9 4893.14 1288.05 556.343 273.141
 12371.3 16636.9 1024.93 269.797 173.745
 79719.4 4606.38 5949.06 366.496 158.604
 68505.9 39310 2180.98 2816.7 248.619
 44972.6 19434.6 10695.4 593.395 834.003
 54151.2 11299.1 4685.26 2578.43 344.116
 90129.2 23453.7 4699.62 1948.74 1215.58
 12040.4 18016.5 4499.46 901.596 607.057
 30671.9 3630.66 5220.29 1303.72 437.134
 26500 11460.4 1303.89 1874.78 625.199
 9885.91 7760.01 3225.41 366.965 703.592
 26478.7 4301.28 3245.88 1349.14 447.796
 25663 8249.64 1288 971.966 538.084
 7564.92 9093.39 2810.07 438.731 514.368
 7678.55 3668.94 4239.72 1310.18 444.375
 29552.8 2749.27 1262.3 1458.68 603.654
F
 0.0526457 0.054695 0.054695 0.054695 0.054695
 0.093405 0.097041 0.097041 0.097041 0.097041
 0.0899953 0.0934986 0.0934986 0.0934986 0.0934986
 0.132918 0.138092 0.138092 0.138092 0.138092
 0.0452923 0.0470554 0.0470554 0.0470554 0.0470554
 0.0919637 0.0955436 0.0955436 0.0955436 0.0955436
 0.190406 0.197818 0.197818 0.197818 0.197818
 0.0283924 0.0294976 0.0294976 0.0294976 0.0294976
 0.10994 0.11422 0.11422 0.11422 0.11422
 0.139065 0.144479 0.144479 0.144479 0.144479
 0.037169 0.0386159 0.0386159 0.0386159 0.0386159
 0.182867 0.189986 0.189986 0.189986 0.189986
 0.166014 0.172477 0.172477 0.172477 0.172477
 0.253369 0.263232 0.263232 0.263232 0.263232
 0.163159 0.16951 0.16951 0.16951 0.16951
 0.151135 0.157018 0.157018 0.157018 0.157018
 0.0984609 0.102294 0.102294 0.102294 0.102294
 0.106371 0.110512 0.110512 0.110512 0.110512
 0.156154 0.162233 0.162233 0.162233 0.162233
 0.134601 0.13984 0.13984 0.13984 0.13984
 0.0999655 0.103857 0.103857 0.103857 0.103857
 0.126831 0.131768 0.131768 0.131768 0.131768
 0.0737705 0.0766422 0.0766422 0.0766422 0.0766422
 0.0624277 0.0648578 0.0648578 0.0648578 0.0648578
 0.0651016 0.0676359 0.0676359 0.0676359 0.0676359
 0.0530141 0.0550778 0.0550778 0.0550778 0.0550778
 0.0639917 0.0664828 0.0664828 0.0664828 0.0664828
 0.0554651 0.0576242 0.0576242 0.0576242 0.0576242
 0.0543776 0.0564944 0.0564944 0.0564944 0.0564944
 0.0735237 0.0763858 0.0763858 0.0763858 0.0763858
 0.0742423 0.0771324 0.0771324 0.0771324 0.0771324
YTP_r0W_actual
 245288 38764.8 34839.5 49886.9 22516.3
YTP_p0W_proyectada
 522889 503048 66376.2 38697.7 69051.1
 522889 326199 211901 24052.3 16350.4
CTP_r0_actual
 29552.8 2749.27 1262.3 1458.68 603.654
CTP_p0_proyectada
 69811.6 32102.6 2869.7 1317.59 2041.12
 69811.6 20816.8 9161.29 818.941 483.312
Wmedp
 7.49 15.67 23.13 29.37 33.83
Frms_r0
 0.0742423 0.0771324 0.0771324 0.0771324 0.0771324
Zrms_r0
 1.07424 1.07713 1.07713 1.07713 1.07713
nmprior
 8.19 8.8 8.5 0
nm_flota  nm_reclas  nm_pelaces    nm_pelaL
inf 11.3921 16.44 38.0777
cv_recla  cv_pelaces  cv_mph
0.380123 0.47455 0.880953
 ------------------------------------------------
Talla a la edad & desviaci?n 
 8 13.2811 15.8009 17.003 17.5766
 0.8 1.32811 1.58009 1.7003 1.75766
