years
 1991 1992 1993 1994 1995 1996 1997 1998 1999 2000 2001 2002 2003 2004 2005 2006 2007 2008 2009 2010 2011 2012 2013 2014 2015 2016 2017 2018 2019 2020 2021
reclasobs
 0 0 0 0 0 0 0 0 0 252601 567819 844713 477998 351125 339783 2.1784e+06 2.13404e+06 4.81314e+06 1.55562e+06 2.62356e+06 3.21686e+06 3.843e+06 1.13348e+06 3.07943e+06 1.97215e+06 2.03268e+06 2.025e+06 2.42433e+06 2.27542e+06 1.05018e+06 2.36338e+06
reclaspred
 3.36026e+06 1.9717e+06 1.00519e+06 968398 953976 1.39706e+06 1.03624e+06 951883 706448 541622 513374 614940 634202 556255 571709 1.22804e+06 1.30908e+06 2.45899e+06 2.11127e+06 1.6517e+06 2.96166e+06 2.41806e+06 2.03697e+06 3.01376e+06 2.2991e+06 2.0312e+06 2.33478e+06 2.4161e+06 2.07301e+06 1.38921e+06 1.90852e+06
pelacesobs
 0 0 0 0 0 0 0 0 0 0 0 0 0 0 0 552880 188675 0 991730 2.46772e+06 1.41603e+06 1.21717e+06 2.29649e+06 1.80582e+06 0 1.4828e+06 1.56532e+06 1.57751e+06 1.42118e+06 867257 1.10002e+06
pelacespred
 1.90328e+06 1.27323e+06 673542 526565 510883 772541 578328 584470 446840 334111 314166 325943 362964 353020 360155 631684 662534 1.38826e+06 1.28626e+06 949138 1.54544e+06 1.45038e+06 1.17032e+06 1.84842e+06 1.39209e+06 1.21087e+06 1.56974e+06 1.60773e+06 1.13737e+06 877464 1.19889e+06
mphobs
 0 0 0 0 0 0 0 0 0 0 0 498337 0 5186 125008 0 168611 109162 213762 579715 649985 157893 87575 83554 0 0 0 0 0 0 0
mphpred
 484203 328398 173679 92916.1 102159 108813 143505 109272 92302.5 68788.4 47821.4 57410.2 64121.1 59367.1 48431.3 58194.7 143592 147562 240756 199052 218276 267931 256886 219746 291706 241431 199501 207590 278707 201481 132646
desembarqueobs
 494567 514787 250237 358949 120608 361735 552515 73892 212993 205616 52469 317467 293654 387597 252695 516296 358380 742168 942051 627588 828172 859565 418607 520667 417249 300574 415391 372974 316634 284311 391294
desembarquepred
 494569 512820 251248 358957 120609 361739 552537 73893.1 213009 205632 52469.8 317500 293684 387636 252700 516293 358389 742138 941996 627556 828199 859587 418613 520675 417250 300575 415391 372970 316634 284315 391294
Reclutas
 423153 259957 244211 493168 395307 646060 274421 138758 124494 158605 282973 329112 282528 203039 221788 1.09866e+06 274426 1.57689e+06 949283 715341 1.16703e+06 1.54421e+06 351144 1.06033e+06 874491 399467 892256 994203 298295 226120 863840
log_desv_Rt
 -0.0482862 -0.535505 -0.597986 0.10483 -0.116358 0.374872 -0.481357 -1.16329 -1.27176 -1.0296 -0.45067 -0.299621 -0.452243 -0.782625 -0.694298 0.905823 -0.481337 1.26719 0.759686 0.476739 0.966196 1.24625 -0.234822 0.870312 0.677622 -0.105889 0.697733 0.805921 -0.397939 -0.674954 0.665368
SSB
 1.07662e+07 7.30187e+06 3.86172e+06 2.06597e+06 2.27148e+06 2.41943e+06 3.19081e+06 2.42965e+06 2.05233e+06 1.5295e+06 1.0633e+06 1.27651e+06 1.42572e+06 1.32002e+06 1.07686e+06 1.29395e+06 3.19274e+06 3.28101e+06 5.35317e+06 4.42588e+06 4.85332e+06 5.95739e+06 5.71181e+06 4.886e+06 6.48604e+06 5.36818e+06 4.43587e+06 4.61573e+06 6.19701e+06 4.47989e+06 2.94936e+06
BT
 1.37304e+07 9.41935e+06 4.97163e+06 3.99222e+06 3.66849e+06 5.71377e+06 4.54446e+06 4.15128e+06 3.33628e+06 2.53815e+06 2.24373e+06 2.55176e+06 2.80854e+06 2.87495e+06 2.7739e+06 4.84211e+06 4.91634e+06 1.03659e+07 9.91584e+06 7.21078e+06 1.14829e+07 1.09593e+07 8.55345e+06 1.34111e+07 1.01199e+07 8.73686e+06 1.14023e+07 1.16169e+07 8.21532e+06 6.41185e+06 8.76131e+06
Ftot
 0.0397721 0.0700989 0.0673821 0.0996408 0.0341801 0.0697876 0.142769 0.0210103 0.0811861 0.102035 0.0276468 0.138301 0.124203 0.185828 0.118613 0.112879 0.0737627 0.0812622 0.119719 0.102111 0.0753332 0.0955937 0.0554583 0.0466581 0.0490028 0.0399868 0.0480427 0.0417073 0.041269 0.0552307 0.0553289
BD_Bspro_t
 0.993657 0.95029 0.89128 0.849987 0.843759 0.874048 0.868817 0.801043 0.829445 0.816013 0.80332 0.877626 0.81852 0.77461 0.724565 0.759804 0.831198 0.827934 0.85702 0.811861 0.798242 0.827299 0.837195 0.838654 0.886826 0.890599 0.894348 0.907708 0.923436 0.899789 0.87543
BD_Bspro
 3.39656 2.30363 1.21831 0.651783 0.716618 0.763294 1.00665 0.766518 0.647479 0.482533 0.335455 0.402718 0.449793 0.416445 0.339733 0.408221 1.00726 1.03511 1.68885 1.3963 1.53115 1.87947 1.80199 1.54146 2.04625 1.69358 1.39945 1.45619 1.95506 1.41334 0.93048
BD_Bo
 2.30529 1.5635 0.826886 0.442374 0.486378 0.518058 0.683229 0.520246 0.439452 0.327502 0.227678 0.27333 0.305281 0.282647 0.230582 0.277065 0.683642 0.702543 1.14624 0.947685 1.03921 1.27562 1.22303 1.04621 1.38882 1.14946 0.949825 0.988338 1.32693 0.959251 0.631529
BD_Brms
 4.19144 2.84274 1.50343 0.804316 0.884324 0.941923 1.24223 0.945902 0.799004 0.595458 0.413959 0.496964 0.555056 0.513904 0.419239 0.503755 1.24298 1.27735 2.08408 1.72306 1.88947 2.31931 2.2237 1.9022 2.52512 2.08992 1.72695 1.79698 2.41259 1.74409 1.14824
Sel_flota
 1 1 1 1 1
 1 1 1 1 1
 1 1 1 1 1
 1 1 1 1 1
 1 1 1 1 1
 1 1 1 1 1
 1 1 1 1 1
 1 1 1 1 1
 1 1 1 1 1
 1 1 1 1 1
 1 1 1 1 1
 1 1 1 1 1
 1 1 1 1 1
 1 1 1 1 1
 1 1 1 1 1
 1 1 1 1 1
 1 1 1 1 1
 1 1 1 1 1
 1 1 1 1 1
 1 1 1 1 1
 1 1 1 1 1
 1 1 1 1 1
 1 1 1 1 1
 1 1 1 1 1
 1 1 1 1 1
 1 1 1 1 1
 1 1 1 1 1
 1 1 1 1 1
 1 1 1 1 1
 1 1 1 1 1
 1 1 1 1 1
Sel_reclas
 1 1 1 1 1
 1 1 1 1 1
 1 1 1 1 1
 1 1 1 1 1
 1 1 1 1 1
 1 1 1 1 1
 1 1 1 1 1
 1 1 1 1 1
 1 1 1 1 1
 1 1 1 1 1
 1 1 1 1 1
 1 1 1 1 1
 1 1 1 1 1
 1 1 1 1 1
 1 1 1 1 1
 1 1 1 1 1
 1 1 1 1 1
 1 1 1 1 1
 1 1 1 1 1
 1 1 1 1 1
 1 1 1 1 1
 1 1 1 1 1
 1 1 1 1 1
 1 1 1 1 1
 1 1 1 1 1
 1 1 1 1 1
 1 1 1 1 1
 1 1 1 1 1
 1 1 1 1 1
 1 1 1 1 1
 1 1 1 1 1
Sel_pelaces
 1 1 1 1 1
 1 1 1 1 1
 1 1 1 1 1
 1 1 1 1 1
 1 1 1 1 1
 1 1 1 1 1
 1 1 1 1 1
 1 1 1 1 1
 1 1 1 1 1
 1 1 1 1 1
 1 1 1 1 1
 1 1 1 1 1
 1 1 1 1 1
 1 1 1 1 1
 1 1 1 1 1
 1 1 1 1 1
 1 1 1 1 1
 1 1 1 1 1
 1 1 1 1 1
 1 1 1 1 1
 1 1 1 1 1
 1 1 1 1 1
 1 1 1 1 1
 1 1 1 1 1
 1 1 1 1 1
 1 1 1 1 1
 1 1 1 1 1
 1 1 1 1 1
 1 1 1 1 1
 1 1 1 1 1
 1 1 1 1 1
pf_obs 
 0.8446 0.082 0.0669 0.0065 0
 0.8095 0.147 0.0364 0.0071 0
 0.9664 0.0169 0.016 0.0007 0
 0.9276 0.0648 0.0075 0.0001 0
 0.7033 0.2144 0.0806 0.0017 0
 0.9318 0.0425 0.0243 0.0014 0
 0.5671 0.3108 0.0964 0.0239 0.0018
 0.0768 0.2599 0.5324 0.112 0.0189
 0.490249 0.384438 0.106611 0.0170017 0.00170017
 0.7925 0.1577 0.0466 0.003 0.0002
 0.840416 0.127587 0.0312969 0.00059994 9.999e-05
 0.8084 0.0986 0.0794 0.0134 0.0002
 0.7335 0.1905 0.0724 0.0035 0.0001
 0.4001 0.4547 0.1325 0.0127 0
 0.49795 0.308269 0.164784 0.0264974 0.00249975
 0.9179 0.0499 0.0305 0.0017 0
 0.2467 0.6533 0.0926 0.0074 0
 0.9418 0.0223 0.034 0.0019 0
 0.707729 0.231977 0.0356964 0.0245975 0
 0.517169 0.277429 0.184464 0.0207286 0.00020938
 0.811772 0.124168 0.05621 0.00726502 0.000585176
 0.764997 0.148141 0.077277 0.00933861 0.000247198
 0.163321 0.427699 0.378323 0.0303852 0.000271297
 0.753843 0.0900009 0.118128 0.0371064 0.000921714
 0.721811 0.176058 0.0630433 0.0369309 0.00215725
 0.143369 0.312575 0.442814 0.0836902 0.0175525
 0.692698 0.0596174 0.167031 0.0765114 0.00414204
 0.394062 0.376323 0.152708 0.0712218 0.00568511
 0.125707 0.32114 0.495352 0.0537591 0.00404204
 0.23352 0.215282 0.420074 0.123614 0.00750983
 0.796117 0.104755 0.0508955 0.0450114 0.00322123
pf_pred 
 0.397114 0.0997648 0.479501 0.023619 6.78376e-07
 0.408305 0.234971 0.0590304 0.283719 0.0139756
 0.52794 0.192744 0.11092 0.0278659 0.14053
 0.756102 0.128764 0.04701 0.0270532 0.0410713
 0.645399 0.268115 0.0456597 0.0166698 0.0241571
 0.747915 0.162695 0.0675877 0.0115101 0.0102918
 0.480783 0.38833 0.0844742 0.0350927 0.01132
 0.432539 0.272825 0.220362 0.0479358 0.0263374
 0.518604 0.208222 0.131337 0.106081 0.0357548
 0.660771 0.175926 0.0706351 0.0445533 0.048115
 0.780163 0.145262 0.0386749 0.0155282 0.0203719
 0.717165 0.220657 0.041085 0.0109386 0.0101538
 0.657738 0.245458 0.0755226 0.0140618 0.00721912
 0.592636 0.267939 0.0999909 0.0307652 0.00866909
 0.679392 0.190004 0.0859033 0.0320579 0.0126429
 0.911507 0.0601213 0.016814 0.00760183 0.0039557
 0.409281 0.538444 0.0355148 0.00993233 0.00682725
 0.873132 0.0519249 0.0683116 0.00450571 0.00212626
 0.607804 0.342439 0.0203647 0.0267915 0.00260103
 0.583916 0.252898 0.142483 0.00847344 0.0122298
 0.74146 0.150966 0.0653842 0.0368377 0.00535262
 0.741974 0.191316 0.0389531 0.0168708 0.0108862
 0.335387 0.493125 0.127151 0.0258887 0.0184477
 0.74424 0.0857787 0.126122 0.0325202 0.0113395
 0.636123 0.270812 0.0312129 0.0458928 0.0159595
 0.453418 0.347694 0.148021 0.0170604 0.0338074
 0.741287 0.117305 0.089953 0.038295 0.0131602
 0.702005 0.2209 0.0349564 0.0268056 0.0153334
 0.373796 0.439598 0.138328 0.0218898 0.0263876
 0.445272 0.207355 0.243858 0.0767347 0.0267808
 0.830121 0.0756425 0.0352253 0.0414264 0.0175851
pobs_RECLAS
 0 0 0 0 0
 0 0 0 0 0
 0 0 0 0 0
 0 0 0 0 0
 0 0 0 0 0
 0 0 0 0 0
 0 0 0 0 0
 0 0 0 0 0
 0 0 0 0 0
 0 0 0 0 0
 0.991045 0.00858322 0.000360255 1.14367e-05 0
 0.934742 0.0480273 0.0164251 0.00080598 0
 0.827803 0.169806 0.00239088 0 0
 0.941827 0.0461693 0.0120037 0 0
 0.791401 0.0380133 0.147996 0.0225897 0
 0.846168 0.0940531 0.0597789 0 0
 0.134021 0.677848 0.182769 0.00536245 0
 0.80878 0.0450904 0.141981 0.00414843 0
 0.846168 0.0940531 0.0597789 0 0
 0.905697 0.0802665 0.012482 0.00150086 5.37128e-05
 0.989698 0.0102097 9.19794e-05 0 0
 0.975433 0.0193895 0.00387452 0.00125025 5.28907e-05
 0.303575 0.632131 0.0575291 0.00676475 0
 0.966965 0.00978017 0.0227588 0.000495775 0
 0.843318 0.132988 0.00938335 0.0141283 0.000182051
 0.564624 0.303363 0.111486 0.0197234 0.00080311
 0.826376 0.0876187 0.0782897 0.00655872 0.00115652
 0.89761 0.0855135 0.0140674 0.00269457 0.000114338
 0.34875 0.467042 0.161289 0.0227151 0.000203297
 0.318654 0.224769 0.449479 0.00709798 0
 0.937255 0.0296025 0.0250945 0.00804832 0
ppred_RECLAS
 0.397114 0.0997648 0.479501 0.023619 6.78376e-07
 0.408305 0.234971 0.0590304 0.283719 0.0139756
 0.52794 0.192744 0.11092 0.0278659 0.14053
 0.756102 0.128764 0.04701 0.0270532 0.0410713
 0.645399 0.268115 0.0456597 0.0166698 0.0241571
 0.747915 0.162695 0.0675877 0.0115101 0.0102918
 0.480783 0.38833 0.0844742 0.0350927 0.01132
 0.432539 0.272825 0.220362 0.0479358 0.0263374
 0.518604 0.208222 0.131337 0.106081 0.0357548
 0.660771 0.175926 0.0706351 0.0445533 0.048115
 0.780163 0.145262 0.0386749 0.0155282 0.0203719
 0.717165 0.220657 0.041085 0.0109386 0.0101538
 0.657738 0.245458 0.0755226 0.0140618 0.00721912
 0.592636 0.267939 0.0999909 0.0307652 0.00866909
 0.679392 0.190004 0.0859033 0.0320579 0.0126429
 0.911507 0.0601213 0.016814 0.00760183 0.0039557
 0.409281 0.538444 0.0355148 0.00993233 0.00682725
 0.873132 0.0519249 0.0683116 0.00450571 0.00212626
 0.607804 0.342439 0.0203647 0.0267915 0.00260103
 0.583916 0.252898 0.142483 0.00847344 0.0122298
 0.74146 0.150966 0.0653842 0.0368377 0.00535262
 0.741974 0.191316 0.0389531 0.0168708 0.0108862
 0.335387 0.493125 0.127151 0.0258887 0.0184477
 0.74424 0.0857787 0.126122 0.0325202 0.0113395
 0.636123 0.270812 0.0312129 0.0458928 0.0159595
 0.453418 0.347694 0.148021 0.0170604 0.0338074
 0.741287 0.117305 0.089953 0.038295 0.0131602
 0.702005 0.2209 0.0349564 0.0268056 0.0153334
 0.373796 0.439598 0.138328 0.0218898 0.0263876
 0.445272 0.207355 0.243858 0.0767347 0.0267808
 0.830121 0.0756425 0.0352253 0.0414264 0.0175851
pobs_PELACES
 0 0 0 0 0
 0 0 0 0 0
 0 0 0 0 0
 0 0 0 0 0
 0 0 0 0 0
 0 0 0 0 0
 0 0 0 0 0
 0 0 0 0 0
 0 0 0 0 0
 0 0 0 0 0
 0 0 0 0 0
 0 0 0 0 0
 0 0 0 0 0
 0 0 0 0 0
 0 0 0 0 0
 0 0 0 0 0
 0.505614 0.472636 0.0217494 0 0
 0 0 0 0 0
 0.443492 0.261883 0.143347 0.151278 0
 0.227955 0.32914 0.350689 0.0885471 0.00366901
 0.970185 0.0296113 0.000203453 0 0
 0.997202 0.00247181 0.000326279 0 0
 0.445219 0.490057 0.0546422 0.010081 0
 0.90214 0.0892962 0.00764917 0.000914606 0
 0 0 0 0 0
 0.581667 0.319106 0.0959925 0.00289975 0.000334073
 0.762889 0.0836404 0.116647 0.0363945 0.000428098
 0.88444 0.0763242 0.0277011 0.0115352 0
 0.521256 0.241999 0.230069 0.00667565 0
 0.616807 0.101726 0.260614 0.0208532 0
 0.833518 0.0704572 0.0857862 0.0102388 0
ppred_PELACES
 0.397114 0.0997648 0.479501 0.023619 6.78376e-07
 0.408305 0.234971 0.0590304 0.283719 0.0139756
 0.52794 0.192744 0.11092 0.0278659 0.14053
 0.756102 0.128764 0.04701 0.0270532 0.0410713
 0.645399 0.268115 0.0456597 0.0166698 0.0241571
 0.747915 0.162695 0.0675877 0.0115101 0.0102918
 0.480783 0.38833 0.0844742 0.0350927 0.01132
 0.432539 0.272825 0.220362 0.0479358 0.0263374
 0.518604 0.208222 0.131337 0.106081 0.0357548
 0.660771 0.175926 0.0706351 0.0445533 0.048115
 0.780163 0.145262 0.0386749 0.0155282 0.0203719
 0.717165 0.220657 0.041085 0.0109386 0.0101538
 0.657738 0.245458 0.0755226 0.0140618 0.00721912
 0.592636 0.267939 0.0999909 0.0307652 0.00866909
 0.679392 0.190004 0.0859033 0.0320579 0.0126429
 0.911507 0.0601213 0.016814 0.00760183 0.0039557
 0.409281 0.538444 0.0355148 0.00993233 0.00682725
 0.873132 0.0519249 0.0683116 0.00450571 0.00212626
 0.607804 0.342439 0.0203647 0.0267915 0.00260103
 0.583916 0.252898 0.142483 0.00847344 0.0122298
 0.74146 0.150966 0.0653842 0.0368377 0.00535262
 0.741974 0.191316 0.0389531 0.0168708 0.0108862
 0.335387 0.493125 0.127151 0.0258887 0.0184477
 0.74424 0.0857787 0.126122 0.0325202 0.0113395
 0.636123 0.270812 0.0312129 0.0458928 0.0159595
 0.453418 0.347694 0.148021 0.0170604 0.0338074
 0.741287 0.117305 0.089953 0.038295 0.0131602
 0.702005 0.2209 0.0349564 0.0268056 0.0153334
 0.373796 0.439598 0.138328 0.0218898 0.0263876
 0.445272 0.207355 0.243858 0.0767347 0.0267808
 0.830121 0.0756425 0.0352253 0.0414264 0.0175851
pobs_pel_tallas
 0 0 0 0 0 0 0 0 0 0 0 0 0 0 0 0 0 0 0 0 0 0 0 0 0 0
 0 0 0 0 0 0 0 0 0 0 0 0 0 0 0 0 0 0 0 0 0 0 0 0 0 0
 0 0 0 0 0 0 0 0 0 0 0 0 0 0 0 0 0 0 0 0 0 0 0 0 0 0
 0 0 0 0 0 0 0 0 0 0 0 0 0 0 0 0 0 0 0 0 0 0 0 0 0 0
 0 0 0 0 0 0 0 0 0 0 0 0 0 0 0 0 0 0 0 0 0 0 0 0 0 0
 0 0 0 0 0 0 0 0 0 0 0 0 0 0 0 0 0 0 0 0 0 0 0 0 0 0
 0 0 0 0 0 0 0 0 0 0 0 0 0 0 0 0 0 0 0 0 0 0 0 0 0 0
 0 0 0 0 0 0 0 0 0 0 0 0 0 0 0 0 0 0 0 0 0 0 0 0 0 0
 0 0 0 0 0 0 0 0 0 0 0 0 0 0 0 0 0 0 0 0 0 0 0 0 0 0
 0 0 0 0 0 0 0 0 0 0 0 0 0 0 0 0 0 0 0 0 0 0 0 0 0 0
 0 0 0 0 0 0 0 0 0 0 0 0 0 0 0 0 0 0 0 0 0 0 0 0 0 0
 0 0 0 0 0 0 0 0 0 0 0 0 0 0 0 0 0 0 0 0 0 0 0 0 0 0
 0.00862536 0 0 0.000197151 0.00414017 0.0128641 0.00837892 0.0270097 0.101434 0.158115 0.152841 0.127902 0.109271 0.109419 0.0830992 0.0579132 0.0238553 0.00714673 0.00463305 0.00128148 0.00103504 0.000492878 0.000147863 0.000147863 4.92878e-05 0
 0 0 0 0 0 0 0 0 0 0 0 0 0 0 0 0 0 0 0 0 0 0 0 0 0 0
 0 0 0 0 0 0 0 0.0054083 0.00873648 0.0413646 0.0450493 0.0745869 0.0622846 0.0627006 0.0613931 0.0827291 0.12552 0.122667 0.0946155 0.0697135 0.0546179 0.0294188 0.0215738 0.0213955 0.0102223 0.00600262
 0 0 0 0 0.00359764 0.0251062 0.0480494 0.140153 0.205849 0.193036 0.1447 0.116669 0.0760912 0.0342217 0.00950174 0.001854 0.000860785 0 0 0 0.000165536 0 0.000143464 0 0 0
 0 0 0 0 0 0 0 0.000145254 0.000435761 0.0275982 0.070085 0.0708112 0.156366 0.174668 0.174014 0.160142 0.0824315 0.0480064 0.0283245 0.00493863 0.00203355 0 0 0 0 0
 0 0 0 0 0 0 0 0 0 0 0 0 0 0 0 0 0 0 0 0 0 0 0 0 0 0
 0 0 1.00437e-05 0.000401748 0.00122533 0.00171747 0.00176769 0.0269171 0.070346 0.194647 0.189555 0.159765 0.064822 0.0314167 0.0384472 0.0292271 0.0345202 0.0313363 0.0194345 0.0106764 0.0143323 0.0359363 0.0279516 0.0138201 0.00172751 0
 0 0.0021121 0.0136068 0.0755702 0.200478 0.177729 0.0527432 0.0373336 0.0318909 0.0142505 0.0149659 0.0166563 0.0217959 0.0798694 0.0677717 0.0528807 0.04013 0.0224614 0.0357745 0.0225083 0.00881397 0.00855152 0.00135912 0.000746735 0 0
 0 0 0 0 5.4009e-05 0.00500934 0.000945158 0.0243581 0.138947 0.33067 0.221406 0.137944 0.0707744 0.0437923 0.0131692 0.00525238 0.0047753 0.00276346 9.45158e-05 9.00151e-06 2.25038e-05 9.00151e-06 4.50075e-06 0 0 0
 0.000866109 0.00284123 0.00948549 0.0512746 0.133035 0.25785 0.225252 0.132002 0.0553304 0.0519788 0.0540692 0.017754 0.00435017 0.00159236 0.00146478 0.000404838 0.000125132 0.000115318 0.000107957 0.000100596 0 0 0 0 0 0
 0 0 0 0 0.00144013 0.00171154 0.00461396 0.0210425 0.0478622 0.0707936 0.0888783 0.103762 0.0637923 0.0337046 0.0602308 0.124433 0.169614 0.0934646 0.0462172 0.0250306 0.0313229 0.00938855 0.002487 0.000210481 0 0
 0 0.00764035 0.051015 0.0998891 0.058973 0.0496711 0.0374665 0.0718981 0.12319 0.153886 0.159021 0.0857701 0.0377988 0.023471 0.0147837 0.00900784 0.00315554 0.000888139 0.00291439 0.00214683 0.00393193 0.00274676 0.000635225 9.99891e-05 0 0
 0 0 0 0 0 0 0 0 0 0 0 0 0 0 0 0 0 0 0 0 0 0 0 0 0 0
 0 0 0 0 0 0 0 0 0 0 0 0 0 0 0 0 0 0 0 0 0 0 0 0 0 0
 0 0 0 0 0 0 0 0 0 0 0 0 0 0 0 0 0 0 0 0 0 0 0 0 0 0
 0 0 0 0 0 0 0 0 0 0 0 0 0 0 0 0 0 0 0 0 0 0 0 0 0 0
 0 0 0 0 0 0 0 0 0 0 0 0 0 0 0 0 0 0 0 0 0 0 0 0 0 0
 0 0 0 0 0 0 0 0 0 0 0 0 0 0 0 0 0 0 0 0 0 0 0 0 0 0
 0 0 0 0 0 0 0 0 0 0 0 0 0 0 0 0 0 0 0 0 0 0 0 0 0 0
ppred_pel_tallas
 1.16232e-16 3.27098e-05 0.000317951 0.0021129 0.00960493 0.0298845 0.0636726 0.0929341 0.0929444 0.0637234 0.0300574 0.0101135 0.00342431 0.00329557 0.00602335 0.010779 0.017551 0.0262779 0.0367555 0.0486316 0.061163 0.0728528 0.0814381 0.0845679 0.0809074 0.0709343
 1.32582e-16 3.36316e-05 0.000326911 0.00217244 0.00987561 0.0307268 0.0654675 0.0955565 0.0955793 0.0655789 0.0311014 0.0109596 0.00490183 0.00631444 0.0114962 0.0192076 0.0283117 0.0370811 0.0439145 0.0484184 0.0517668 0.0558597 0.0618485 0.0691515 0.0756333 0.0787157
 1.29827e-16 4.34858e-05 0.000422697 0.00280897 0.0127692 0.0397298 0.0846492 0.123552 0.123571 0.0847408 0.040038 0.0136618 0.0050581 0.00536172 0.00951156 0.0158936 0.0234709 0.0307925 0.0364707 0.0400475 0.0423244 0.0447691 0.0484311 0.0532007 0.0578716 0.0608099
 1.11054e-16 6.22791e-05 0.000605375 0.00402293 0.0182877 0.0568998 0.121232 0.176944 0.176956 0.121292 0.0571047 0.0188803 0.00551373 0.00387068 0.00629661 0.0104003 0.015194 0.0195884 0.0225419 0.0236439 0.0233761 0.0227586 0.0226523 0.0232579 0.0241187 0.0245001
 1.07147e-16 5.31607e-05 0.000516741 0.00343393 0.0156101 0.0485691 0.103483 0.151041 0.151067 0.103609 0.0489935 0.0168362 0.00651247 0.00724084 0.0128345 0.0211643 0.0305584 0.038598 0.0428653 0.0422787 0.0377459 0.0315382 0.0258967 0.0219524 0.0195875 0.0180145
 1.04889e-16 6.16048e-05 0.000598821 0.00397937 0.0180897 0.0562837 0.119919 0.175029 0.175044 0.119996 0.0565425 0.0188381 0.00586157 0.00471946 0.00792211 0.0130902 0.0190643 0.0244222 0.027749 0.0283841 0.026776 0.0240945 0.0214328 0.0192498 0.0173868 0.0154651
 1.07973e-16 3.96015e-05 0.000384941 0.00255807 0.0116286 0.0361812 0.0770892 0.112522 0.112559 0.0772724 0.0367964 0.0134064 0.00702322 0.0101418 0.0185975 0.0307571 0.0444804 0.0563167 0.0627738 0.062256 0.055994 0.0471423 0.038799 0.0325074 0.0281188 0.024654
 1.15694e-16 3.56277e-05 0.000346314 0.00230138 0.0104618 0.0325506 0.0693534 0.101229 0.101255 0.0694835 0.0329882 0.0117298 0.00549894 0.00737519 0.0135277 0.022683 0.0335534 0.0440493 0.0520274 0.0564693 0.0579452 0.0578966 0.0573773 0.0563453 0.053978 0.0495384
 1.20533e-16 4.27168e-05 0.000415223 0.0027593 0.0125434 0.0390273 0.0831525 0.121368 0.121388 0.0832516 0.0393607 0.0135092 0.0051939 0.0057645 0.0103054 0.0172463 0.0255064 0.0335202 0.0397524 0.0436057 0.0457548 0.0475189 0.0497669 0.052251 0.0538152 0.0531807
 1.14694e-16 5.44269e-05 0.000529048 0.00351571 0.0159819 0.0497258 0.105947 0.154636 0.154653 0.10603 0.050006 0.0167924 0.0055551 0.00499768 0.00859131 0.0142525 0.0208551 0.0269485 0.0311214 0.0328115 0.0326543 0.031997 0.0319545 0.0327465 0.0337265 0.0339169
 1.06159e-16 6.42611e-05 0.00062464 0.00415096 0.0188696 0.0587106 0.12509 0.182575 0.182589 0.125158 0.058941 0.0195358 0.00582484 0.004285 0.00703471 0.0115786 0.0167955 0.021388 0.0240888 0.0243432 0.0226389 0.0201503 0.0179826 0.016609 0.0158327 0.0151396
 1.04058e-16 5.9072e-05 0.000574201 0.00381577 0.0173459 0.0539698 0.114989 0.167834 0.167856 0.115093 0.0543191 0.0183551 0.00634986 0.00610925 0.0105804 0.0174227 0.0251515 0.0317563 0.0352299 0.0346544 0.0307399 0.0253198 0.020223 0.016405 0.0138435 0.0120031
 1.04875e-16 5.41771e-05 0.00052662 0.00349958 0.0159086 0.0494977 0.105461 0.153928 0.153952 0.105577 0.0498872 0.0170345 0.00632907 0.00671407 0.0118366 0.0195643 0.0283695 0.0360767 0.0404946 0.0405988 0.0371022 0.0318869 0.0267859 0.0226898 0.0195073 0.016718
 1.07507e-16 4.88147e-05 0.000474496 0.0031532 0.014334 0.0445985 0.0950228 0.138694 0.13872 0.0951495 0.0450244 0.0155655 0.00624956 0.00725107 0.0129695 0.0214973 0.0312772 0.0399959 0.0453174 0.0461596 0.0432865 0.0386667 0.0341459 0.0305063 0.0274808 0.0244115
 1.07883e-16 5.59607e-05 0.000543958 0.00361479 0.0164323 0.0511271 0.108932 0.158994 0.159012 0.109023 0.0514298 0.0173077 0.00581717 0.00536876 0.00926946 0.0153687 0.0224485 0.028899 0.0331143 0.0343644 0.033189 0.0309211 0.0287443 0.0270491 0.0254872 0.023486
 1.01933e-16 7.50797e-05 0.000729801 0.00484978 0.0220464 0.0685946 0.146148 0.213309 0.213315 0.146177 0.06869 0.0223222 0.00554273 0.00224516 0.00296092 0.00479721 0.00695366 0.00885283 0.00996314 0.0100472 0.00929576 0.00818264 0.0071572 0.00641778 0.00590096 0.00542626
 1.03314e-16 3.37121e-05 0.000327693 0.00217764 0.00989927 0.0308006 0.0656258 0.0957936 0.0958455 0.065879 0.0316507 0.0123538 0.00833569 0.0137603 0.025514 0.0420463 0.0603784 0.0755349 0.0824682 0.0788576 0.0665158 0.0502085 0.0348692 0.0233557 0.0160261 0.0117421
 1.02797e-16 7.19187e-05 0.000699075 0.0046456 0.0211182 0.0657067 0.139995 0.204328 0.204333 0.14002 0.0657908 0.0213624 0.00526298 0.00206195 0.00270455 0.00447261 0.00670389 0.00898711 0.0109357 0.0123412 0.0132354 0.0137543 0.0139365 0.013654 0.0127344 0.0111438
 1.03803e-16 5.00641e-05 0.000486641 0.0032339 0.0147009 0.04574 0.0974552 0.142246 0.142279 0.0976162 0.0462807 0.0162622 0.0071513 0.00903275 0.0162645 0.0267684 0.0384635 0.048184 0.0527498 0.0507241 0.0432944 0.0335007 0.0244432 0.0178447 0.0137958 0.0114329
 1.07096e-16 4.80964e-05 0.000467514 0.0031068 0.0141231 0.0439422 0.0936245 0.136653 0.136677 0.0937445 0.0443456 0.0152903 0.00604479 0.00690763 0.0123565 0.0205532 0.0300718 0.0387912 0.0445458 0.0462831 0.0445876 0.0410816 0.0372419 0.0336267 0.0299857 0.0258996
 1.06526e-16 6.10731e-05 0.000593652 0.00394503 0.0179335 0.055798 0.118884 0.173518 0.173532 0.118956 0.0560384 0.018629 0.00569468 0.00442665 0.00738072 0.0122115 0.0178384 0.0229736 0.0263494 0.027399 0.0265647 0.0249123 0.0233723 0.0222235 0.0211414 0.0196236
 1.04708e-16 6.11154e-05 0.000594064 0.00394776 0.017946 0.0558367 0.118967 0.173639 0.173658 0.119057 0.0561397 0.0188216 0.00614688 0.00539896 0.00919912 0.0151453 0.0218936 0.027711 0.0308788 0.0306217 0.0275648 0.0232853 0.0193279 0.0164546 0.014568 0.013137
 1.09514e-16 2.76255e-05 0.00026853 0.00178448 0.008112 0.0252397 0.0537776 0.0784999 0.0785476 0.0540103 0.0260215 0.0103713 0.00746016 0.012674 0.0236334 0.0391464 0.0566697 0.0718549 0.0802703 0.0798606 0.0721216 0.0609651 0.0502417 0.0418853 0.0357693 0.0307872
 1.08842e-16 6.13021e-05 0.000595878 0.00395982 0.0180008 0.0560071 0.119329 0.174166 0.174175 0.119371 0.0561467 0.0184064 0.0049872 0.00286932 0.00446931 0.00752877 0.0113965 0.0155043 0.0192963 0.0225003 0.0251982 0.027564 0.0295092 0.0305827 0.0302251 0.0281494
 1.08274e-16 5.23967e-05 0.000509314 0.00338457 0.0153858 0.0478711 0.101995 0.148871 0.148897 0.102123 0.0482994 0.0166232 0.00649102 0.00729266 0.0129418 0.0213329 0.0307821 0.0388499 0.0431123 0.0425179 0.0380453 0.03205 0.0268204 0.0234515 0.0216991 0.0206018
 1.11793e-16 3.73475e-05 0.000363031 0.00241247 0.0109668 0.0341218 0.0727014 0.106117 0.106151 0.072866 0.034675 0.0125666 0.0064361 0.0091727 0.0168452 0.0279905 0.0407901 0.0522896 0.0594815 0.0609656 0.0577093 0.0522152 0.0468152 0.0424743 0.0388241 0.0350127
 1.08694e-16 6.10588e-05 0.000593514 0.00394411 0.0179293 0.0557849 0.118856 0.173476 0.173488 0.118912 0.0559731 0.0184745 0.00531898 0.00361612 0.00586447 0.00976488 0.0144548 0.019016 0.0225528 0.0246688 0.0256537 0.0261562 0.0266157 0.026939 0.0266398 0.0252462
 1.06349e-16 5.78232e-05 0.000562063 0.0037351 0.0169793 0.0528289 0.112558 0.164287 0.164308 0.112662 0.0531785 0.0179894 0.00627154 0.00610227 0.0105895 0.0174426 0.0251906 0.0318371 0.0354021 0.0350114 0.0314293 0.0265328 0.0221528 0.0191787 0.0174515 0.0162616
 1.10766e-16 3.07891e-05 0.000299281 0.00198883 0.00904097 0.02813 0.0599356 0.0874867 0.0875292 0.0601433 0.0288278 0.0110579 0.00705777 0.0113851 0.0211443 0.0350636 0.050875 0.0647516 0.0727931 0.0731895 0.0672381 0.0583188 0.0497019 0.0429413 0.0378032 0.0332663
 1.19318e-16 3.66765e-05 0.000356509 0.00236913 0.0107697 0.0335087 0.0713946 0.104207 0.104227 0.0714942 0.0338442 0.0117433 0.00483069 0.00578922 0.0105288 0.0178072 0.0267295 0.0358981 0.043882 0.0500135 0.0546292 0.0584558 0.0616867 0.0636006 0.0630237 0.059174
 1.08167e-16 6.8376e-05 0.000664639 0.00441676 0.0200779 0.06247 0.133099 0.194264 0.194271 0.133135 0.0625908 0.0204276 0.00529726 0.00259677 0.00376805 0.00620309 0.00912936 0.011922 0.0140149 0.0152065 0.0157875 0.0163085 0.0171601 0.0182951 0.019275 0.0195511
pSPR Fmed_Fpbrs
0.861866   0.6 0.325
Fs Fmed_Fpbrs
0.0687098   0.248967 0.595728
SSBpbr Bo_Bmed_Bpbrs
4.67019e+06  3.79157e+06  2.56861e+06 1.2843e+06
Ro
444087
SPR SPRFo_SPRFmed_SPRFpbrs
3.16972e+06 2.73188e+06 1.03016e+06
Fref
0.248967
Nvult_r0
 563156 51316.1 23897 28103.8 11929.8
CTP_r0
 29525.2 2690.41 1252.87 1473.43 625.458
YTP_r0
391294
Np
 662238 189930 86236.3 7858.05 4708.85
Nvult_p0
 472308 135458 61503.7 5604.36 3358.35
CTP_p0
 94149.2 42747.7 3895.27 1813.95 2875.83
 94149.2 27002.1 12260.1 1117.17 669.449
YTP_p0
 1.6157e+06 1.46733e+06
CBA_c0
1.57119e+06
log_Ro
12.8238
likeval ReclasPelacesDesembMPH_pf_preclas_ppelaces_ptallas_desvR_qrecl_qpela
 18.4605 17.5995 0.154786 0.00081745 241.952 123.397 98.1996 0 22.3487 7.95481e-05 6.12047e-05 0.781351 1.24389e-15 0 0
q_reclas_q_pelaces
0.282562 0.328563
M
1
N
 423153 106306 510942 25167.7 0.722857
 259957 149600 37583 180636 8897.91
 244211 89158.5 51308.8 12890 65005.3
 493168 83986.1 30662.3 17645.5 26788.8
 395307 164220 27966.6 10210.3 14796.2
 646060 140539 58383.2 9942.62 8890.24
 274421 221651 48216.2 20030.2 6461.21
 138758 87522.3 70692.2 15377.8 8449.03
 124494 49985.1 31528.2 25465.5 8583.16
 158605 42227.6 16954.6 10694.2 11549.1
 282973 52687.8 14027.8 5632.22 7389.07
 329112 101261 18854.2 5019.8 4659.64
 282528 105435 32440.3 6040.19 3100.93
 203039 91796.5 34257.1 10540.2 2970.05
 221788 62026.9 28043.2 10465.3 4127.3
 1.09866e+06 72465.3 20266.2 9162.63 4767.88
 274426 361031 23813 6659.71 4577.73
 1.57689e+06 93777.1 123372 8137.37 3840.06
 949283 534829 31806.1 41843.6 4062.35
 715341 309819 174553 10380.6 14982.4
 1.16703e+06 237614 102912 57981 8424.81
 1.54421e+06 398172 81070.1 35112 22656.6
 351144 516294 133125 27105.1 19314.4
 1.06033e+06 122210 179687 46331.9 16155.5
 874491 372290 42909 63089.8 21939.9
 399467 306323 130408 15030.5 29784.8
 892256 141195 108273 46094.1 15840.4
 994203 312846 49506.4 37962.9 21715.7
 298295 350806 110388 17468.4 21057.7
 226120 105300 123837 38967.7 13600
 863840 78715.1 36656.2 43109.1 18299.5
pred_Ctot
 10463.6 2628.72 12634.5 622.341 0.0178747
 11188.5 6438.72 1617.56 7774.53 382.964
 10114.8 3692.77 2125.11 533.88 2692.39
 29806.7 5076.05 1853.2 1066.48 1619.09
 8420.2 3497.96 595.7 217.483 315.165
 27686.3 6022.65 2501.96 426.082 380.983
 23349.7 18859.7 4102.58 1704.32 549.767
 1826.77 1152.24 930.672 202.451 111.233
 6177.39 2480.25 1564.43 1263.6 425.896
 9806.68 2610.96 1048.31 661.227 714.087
 4888.59 910.226 242.341 97.3014 127.653
 27176.3 8361.6 1556.88 414.508 384.768
 21072.2 7863.85 2419.55 450.505 231.282
 22097.5 9990.6 3728.35 1147.14 323.243
 15833.6 4428.14 2002.02 747.125 294.65
 74817 4934.79 1380.1 623.963 324.686
 12409.8 16326.2 1076.84 301.158 207.009
 78315.9 4657.43 6127.24 404.141 190.716
 68370.8 38520.3 2290.79 3013.73 292.585
 44261.6 19170 10800.4 642.299 927.035
 53862.8 10966.8 4749.79 2676.04 388.837
 89688.9 23126.1 4708.6 2039.33 1315.91
 12029.2 17686.8 4560.49 928.543 661.657
 30671.4 3535.08 5197.69 1340.21 467.32
 26541.3 11299.2 1302.31 1914.81 665.887
 9930.37 7614.89 3241.83 373.643 740.422
 26560.4 4203.06 3223.03 1372.12 471.532
 25759.9 8105.88 1282.72 983.625 562.656
 7649.02 8995.55 2830.63 447.934 539.972
 7715.16 3592.81 4225.28 1329.57 464.027
 29525.2 2690.41 1252.87 1473.43 625.458
F
 0.0397721 0.0397721 0.0397721 0.0397721 0.0397721
 0.0700989 0.0700989 0.0700989 0.0700989 0.0700989
 0.0673821 0.0673821 0.0673821 0.0673821 0.0673821
 0.0996408 0.0996408 0.0996408 0.0996408 0.0996408
 0.0341801 0.0341801 0.0341801 0.0341801 0.0341801
 0.0697876 0.0697876 0.0697876 0.0697876 0.0697876
 0.142769 0.142769 0.142769 0.142769 0.142769
 0.0210103 0.0210103 0.0210103 0.0210103 0.0210103
 0.0811861 0.0811861 0.0811861 0.0811861 0.0811861
 0.102035 0.102035 0.102035 0.102035 0.102035
 0.0276468 0.0276468 0.0276468 0.0276468 0.0276468
 0.138301 0.138301 0.138301 0.138301 0.138301
 0.124203 0.124203 0.124203 0.124203 0.124203
 0.185828 0.185828 0.185828 0.185828 0.185828
 0.118613 0.118613 0.118613 0.118613 0.118613
 0.112879 0.112879 0.112879 0.112879 0.112879
 0.0737627 0.0737627 0.0737627 0.0737627 0.0737627
 0.0812622 0.0812622 0.0812622 0.0812622 0.0812622
 0.119719 0.119719 0.119719 0.119719 0.119719
 0.102111 0.102111 0.102111 0.102111 0.102111
 0.0753332 0.0753332 0.0753332 0.0753332 0.0753332
 0.0955936 0.0955937 0.0955937 0.0955937 0.0955937
 0.0554583 0.0554583 0.0554583 0.0554583 0.0554583
 0.0466581 0.0466581 0.0466581 0.0466581 0.0466581
 0.0490028 0.0490028 0.0490028 0.0490028 0.0490028
 0.0399868 0.0399868 0.0399868 0.0399868 0.0399868
 0.0480427 0.0480427 0.0480427 0.0480427 0.0480427
 0.0417073 0.0417073 0.0417073 0.0417073 0.0417073
 0.041269 0.041269 0.041269 0.041269 0.041269
 0.0552307 0.0552307 0.0552307 0.0552307 0.0552307
 0.0553289 0.0553289 0.0553289 0.0553289 0.0553289
YTP_r0W_actual
 245060 37934.8 34579.3 50391.3 23329.6
YTP_p0W_proyectada
 705177 669856 90097.5 53275.8 97289.2
 705177 423122 283575 32811.1 22647.5
CTP_r0_actual
 29525.2 2690.41 1252.87 1473.43 625.458
CTP_p0_proyectada
 94149.2 42747.7 3895.27 1813.95 2875.83
 94149.2 27002.1 12260.1 1117.17 669.449
Wmedp
 7.49 15.67 23.13 29.37 33.83
Frms_r0
 0.0553289 0.0553289 0.0553289 0.0553289 0.0553289
Zrms_r0
 1.05533 1.05533 1.05533 1.05533 1.05533
nmprior
 8.19 8.8 8.5 0
nm_flota  nm_reclas  nm_pelaces    nm_pelaL
inf 11.31 15.8772 36.3919
cv_recla  cv_pelaces  cv_mph
0.388639 0.475689 0.88234
 ------------------------------------------------
Talla a la edad & desviaci?n 
 8 13.2811 15.8009 17.003 17.5766
 0.8 1.32811 1.58009 1.7003 1.75766
