years
 1991 1992 1993 1994 1995 1996 1997 1998 1999 2000 2001 2002 2003 2004 2005 2006 2007 2008 2009 2010 2011 2012 2013 2014 2015 2016 2017 2018 2019 2020 2021
reclasobs
 0 0 0 0 0 0 0 0 0 252601 567819 844713 477998 351125 339783 2.1784e+06 2.13404e+06 4.81314e+06 1.55562e+06 2.62356e+06 3.21686e+06 3.843e+06 1.13348e+06 3.07943e+06 1.97215e+06 2.03268e+06 2.025e+06 2.42433e+06 2.27542e+06 1.05018e+06 2.36338e+06
reclaspred
 3.36295e+06 1.96867e+06 1.00291e+06 969410 956020 1.40492e+06 1.03392e+06 947563 702522 537208 513068 616208 633124 551691 566718 1.23069e+06 1.30617e+06 2.47962e+06 2.12416e+06 1.65599e+06 2.96725e+06 2.42206e+06 2.0341e+06 3.01688e+06 2.29988e+06 2.03216e+06 2.33958e+06 2.42372e+06 2.07438e+06 1.38654e+06 1.90957e+06
pelacesobs
 0 0 0 0 0 0 0 0 0 0 0 0 0 0 0 552880 188675 0 991730 2.46772e+06 1.41603e+06 1.21717e+06 2.29649e+06 1.80582e+06 0 1.4828e+06 1.56532e+06 1.57751e+06 1.42118e+06 867257 1.10002e+06
pelacespred
 1.90382e+06 1.26905e+06 669682 525282 511613 776220 574556 582469 443617 330409 313518 325236 361207 348240 355782 630934 659733 1.39903e+06 1.29001e+06 948173 1.54804e+06 1.44793e+06 1.16764e+06 1.85104e+06 1.39144e+06 1.21123e+06 1.57342e+06 1.61301e+06 1.13827e+06 875287 1.19912e+06
mphobs
 0 0 0 0 0 0 0 0 0 0 0 498337 0 5186 125008 0 168611 109162 213762 579715 649985 157893 87575 83554 0 0 0 0 0 0 0
mphpred
 486199 329368 173696 92989.6 102389 109439 144233 108787 92089.1 68374.5 47406.2 57561.2 64053.5 58987.5 47685.4 57457.1 143801 147369 242916 199814 218709 268562 257362 219835 292600 242155 200086 208420 280279 202020 132556
desembarqueobs
 494567 514787 250237 358949 120608 361735 552515 73892 212993 205616 52469 317467 293654 387597 252695 516296 358380 742168 942051 627588 828172 859565 418607 520667 417249 300574 415391 372974 316634 284311 391294
desembarquepred
 494570 512860 251228 358958 120610 361740 552540 73893.3 213011 205634 52470 317503 293687 387639 252701 516292 358390 742135 941990 627552 828202 859589 418614 520676 417251 300575 415391 372970 316634 284315 391295
Reclutas
 389546 238595 224213 450262 360458 589850 250367 125784 113020 144236 257671 301836 258422 185331 201577 1.00501e+06 249029 1.45044e+06 870857 656300 1.06431e+06 1.4096e+06 319168 961920 794657 362624 809758 902272 270764 205072 783111
log_desv_Rt
 -0.0386647 -0.528878 -0.591052 0.106182 -0.116271 0.376222 -0.48072 -1.16908 -1.27608 -1.0322 -0.451965 -0.293763 -0.449052 -0.781504 -0.697476 0.909109 -0.486077 1.27597 0.76583 0.482972 0.966434 1.24742 -0.237929 0.865285 0.674264 -0.11028 0.693088 0.801269 -0.402399 -0.680286 0.659627
SSB
 9.67457e+06 6.55388e+06 3.45627e+06 1.85034e+06 2.03738e+06 2.17766e+06 2.87e+06 2.16468e+06 1.83242e+06 1.36054e+06 943307 1.14537e+06 1.27456e+06 1.17376e+06 948861 1.1433e+06 2.8614e+06 2.93241e+06 4.83363e+06 3.97597e+06 4.35196e+06 5.34396e+06 5.12109e+06 4.37436e+06 5.82227e+06 4.81849e+06 3.98138e+06 4.14722e+06 5.5771e+06 4.01988e+06 2.63766e+06
BT
 1.23687e+07 8.47966e+06 4.46374e+06 3.60608e+06 3.30662e+06 5.18269e+06 4.10577e+06 3.71963e+06 2.99562e+06 2.27519e+06 2.01431e+06 2.31326e+06 2.53708e+06 2.59173e+06 2.48808e+06 4.38398e+06 4.42341e+06 9.43787e+06 9.01602e+06 6.52329e+06 1.03911e+07 9.9028e+06 7.69714e+06 1.21021e+07 9.11745e+06 7.87071e+06 1.02997e+07 1.04972e+07 7.4053e+06 5.76893e+06 7.90301e+06
Ftot
 0.044212 0.0780781 0.0751092 0.110891 0.0379959 0.0773732 0.159102 0.0235083 0.090897 0.114496 0.0308617 0.153695 0.138534 0.208512 0.133384 0.125718 0.0822892 0.0899133 0.132498 0.113411 0.083801 0.106331 0.0618134 0.051999 0.054562 0.0445102 0.0534789 0.0463916 0.0458834 0.0615852 0.0617161
BD_Bspro_t
 0.992951 0.944915 0.879932 0.834931 0.828463 0.861654 0.856027 0.78193 0.812667 0.79766 0.783605 0.865343 0.801146 0.753329 0.698556 0.736531 0.815141 0.811157 0.843868 0.794821 0.779915 0.811064 0.821616 0.82293 0.875411 0.879537 0.883614 0.898307 0.915619 0.889563 0.86273
BD_Bspro
 3.34755 2.26775 1.19592 0.640248 0.704967 0.753506 0.993066 0.749012 0.634048 0.470769 0.326399 0.396318 0.441018 0.406138 0.328321 0.395601 0.99009 1.01466 1.67251 1.37575 1.50585 1.84909 1.77198 1.5136 2.0146 1.66727 1.37762 1.435 1.92976 1.39094 0.912671
BD_Bo
 2.27093 1.53841 0.811297 0.434335 0.47824 0.511168 0.673681 0.508119 0.430129 0.319363 0.221424 0.268856 0.29918 0.275518 0.222728 0.26837 0.671662 0.68833 1.13461 0.933287 1.02154 1.2544 1.20208 1.0268 1.36667 1.13105 0.934557 0.973486 1.30912 0.943594 0.619143
BD_Brms
 4.12897 2.7971 1.47509 0.789699 0.869526 0.929396 1.22487 0.923852 0.782052 0.580659 0.40259 0.488829 0.543964 0.500942 0.40496 0.487946 1.2212 1.25151 2.06292 1.69688 1.85735 2.28072 2.18561 1.86691 2.48486 2.05646 1.6992 1.76997 2.38023 1.71562 1.12571
Sel_flota
 0.993476 1 1 1 1
 0.993476 1 1 1 1
 0.993476 1 1 1 1
 0.993476 1 1 1 1
 0.993476 1 1 1 1
 0.993476 1 1 1 1
 0.993476 1 1 1 1
 0.993476 1 1 1 1
 0.993476 1 1 1 1
 0.993476 1 1 1 1
 0.993476 1 1 1 1
 0.993476 1 1 1 1
 0.993476 1 1 1 1
 0.993476 1 1 1 1
 0.993476 1 1 1 1
 0.993476 1 1 1 1
 0.993476 1 1 1 1
 0.993476 1 1 1 1
 0.993476 1 1 1 1
 0.993476 1 1 1 1
 0.993476 1 1 1 1
 0.993476 1 1 1 1
 0.993476 1 1 1 1
 0.993476 1 1 1 1
 0.993476 1 1 1 1
 0.993476 1 1 1 1
 0.993476 1 1 1 1
 0.993476 1 1 1 1
 0.993476 1 1 1 1
 0.993476 1 1 1 1
 0.993476 1 1 1 1
Sel_reclas
 1 1 1 1 1
 1 1 1 1 1
 1 1 1 1 1
 1 1 1 1 1
 1 1 1 1 1
 1 1 1 1 1
 1 1 1 1 1
 1 1 1 1 1
 1 1 1 1 1
 1 1 1 1 1
 1 1 1 1 1
 1 1 1 1 1
 1 1 1 1 1
 1 1 1 1 1
 1 1 1 1 1
 1 1 1 1 1
 1 1 1 1 1
 1 1 1 1 1
 1 1 1 1 1
 1 1 1 1 1
 1 1 1 1 1
 1 1 1 1 1
 1 1 1 1 1
 1 1 1 1 1
 1 1 1 1 1
 1 1 1 1 1
 1 1 1 1 1
 1 1 1 1 1
 1 1 1 1 1
 1 1 1 1 1
 1 1 1 1 1
Sel_pelaces
 1 1 1 1 1
 1 1 1 1 1
 1 1 1 1 1
 1 1 1 1 1
 1 1 1 1 1
 1 1 1 1 1
 1 1 1 1 1
 1 1 1 1 1
 1 1 1 1 1
 1 1 1 1 1
 1 1 1 1 1
 1 1 1 1 1
 1 1 1 1 1
 1 1 1 1 1
 1 1 1 1 1
 1 1 1 1 1
 1 1 1 1 1
 1 1 1 1 1
 1 1 1 1 1
 1 1 1 1 1
 1 1 1 1 1
 1 1 1 1 1
 1 1 1 1 1
 1 1 1 1 1
 1 1 1 1 1
 1 1 1 1 1
 1 1 1 1 1
 1 1 1 1 1
 1 1 1 1 1
 1 1 1 1 1
 1 1 1 1 1
pf_obs 
 0.8446 0.082 0.0669 0.0065 0
 0.8095 0.147 0.0364 0.0071 0
 0.9664 0.0169 0.016 0.0007 0
 0.9276 0.0648 0.0075 0.0001 0
 0.7033 0.2144 0.0806 0.0017 0
 0.9318 0.0425 0.0243 0.0014 0
 0.5671 0.3108 0.0964 0.0239 0.0018
 0.0768 0.2599 0.5324 0.112 0.0189
 0.490249 0.384438 0.106611 0.0170017 0.00170017
 0.7925 0.1577 0.0466 0.003 0.0002
 0.840416 0.127587 0.0312969 0.00059994 9.999e-05
 0.8084 0.0986 0.0794 0.0134 0.0002
 0.7335 0.1905 0.0724 0.0035 0.0001
 0.4001 0.4547 0.1325 0.0127 0
 0.49795 0.308269 0.164784 0.0264974 0.00249975
 0.9179 0.0499 0.0305 0.0017 0
 0.2467 0.6533 0.0926 0.0074 0
 0.9418 0.0223 0.034 0.0019 0
 0.707729 0.231977 0.0356964 0.0245975 0
 0.517169 0.277429 0.184464 0.0207286 0.00020938
 0.811772 0.124168 0.05621 0.00726502 0.000585176
 0.764997 0.148141 0.077277 0.00933861 0.000247198
 0.163321 0.427699 0.378323 0.0303852 0.000271297
 0.753843 0.0900009 0.118128 0.0371064 0.000921714
 0.721811 0.176058 0.0630433 0.0369309 0.00215725
 0.143369 0.312575 0.442814 0.0836902 0.0175525
 0.692698 0.0596174 0.167031 0.0765114 0.00414204
 0.394062 0.376323 0.152708 0.0712218 0.00568511
 0.125707 0.32114 0.495352 0.0537591 0.00404204
 0.23352 0.215282 0.420074 0.123614 0.00750983
 0.796117 0.104755 0.0508955 0.0450114 0.00322123
pf_pred 
 0.40083 0.100806 0.47474 0.0236236 6.82165e-07
 0.410276 0.237331 0.0592875 0.279211 0.0138943
 0.530501 0.193402 0.111113 0.0277572 0.137226
 0.756737 0.129465 0.046877 0.0269318 0.0399888
 0.646622 0.267867 0.0455091 0.016478 0.0235237
 0.748432 0.163053 0.0670953 0.0113991 0.0100196
 0.481445 0.388771 0.08412 0.0346148 0.01105
 0.434372 0.27333 0.219141 0.0474165 0.0257402
 0.519977 0.209292 0.130826 0.10489 0.0350157
 0.663131 0.175744 0.0702511 0.0439134 0.0469608
 0.782294 0.144707 0.0380834 0.0152233 0.0196923
 0.718826 0.220279 0.0404762 0.0106523 0.00976628
 0.659955 0.244923 0.074521 0.0136932 0.00690767
 0.595319 0.267714 0.0986532 0.0300164 0.00829786
 0.68337 0.189057 0.084395 0.0310998 0.0120783
 0.913283 0.0593919 0.0163154 0.00728319 0.00372622
 0.409335 0.539772 0.0348561 0.00957522 0.00646124
 0.875264 0.0512659 0.0671399 0.00433559 0.0019947
 0.608406 0.343042 0.0199547 0.0261334 0.00246399
 0.586224 0.252439 0.141334 0.00822134 0.0117822
 0.742431 0.151429 0.0647545 0.0362542 0.0051312
 0.743056 0.1911 0.0387107 0.0165536 0.0105796
 0.335974 0.494289 0.126241 0.0255723 0.0179242
 0.744976 0.0860676 0.125768 0.032121 0.0110673
 0.636812 0.271031 0.031102 0.0454483 0.0156068
 0.453734 0.348721 0.147419 0.0169169 0.033209
 0.741658 0.117649 0.0898147 0.0379684 0.0129102
 0.702193 0.221256 0.0348614 0.0266138 0.0150763
 0.373893 0.440527 0.137876 0.0217241 0.0259793
 0.445649 0.208141 0.243592 0.0762397 0.0263779
 0.830651 0.0757541 0.0351419 0.0411273 0.0173256
pobs_RECLAS
 0 0 0 0 0
 0 0 0 0 0
 0 0 0 0 0
 0 0 0 0 0
 0 0 0 0 0
 0 0 0 0 0
 0 0 0 0 0
 0 0 0 0 0
 0 0 0 0 0
 0 0 0 0 0
 0.991045 0.00858322 0.000360255 1.14367e-05 0
 0.934742 0.0480273 0.0164251 0.00080598 0
 0.827803 0.169806 0.00239088 0 0
 0.941827 0.0461693 0.0120037 0 0
 0.791401 0.0380133 0.147996 0.0225897 0
 0.846168 0.0940531 0.0597789 0 0
 0.134021 0.677848 0.182769 0.00536245 0
 0.80878 0.0450904 0.141981 0.00414843 0
 0.846168 0.0940531 0.0597789 0 0
 0.905697 0.0802665 0.012482 0.00150086 5.37128e-05
 0.989698 0.0102097 9.19794e-05 0 0
 0.975433 0.0193895 0.00387452 0.00125025 5.28907e-05
 0.303575 0.632131 0.0575291 0.00676475 0
 0.966965 0.00978017 0.0227588 0.000495775 0
 0.843318 0.132988 0.00938335 0.0141283 0.000182051
 0.564624 0.303363 0.111486 0.0197234 0.00080311
 0.826376 0.0876187 0.0782897 0.00655872 0.00115652
 0.89761 0.0855135 0.0140674 0.00269457 0.000114338
 0.34875 0.467042 0.161289 0.0227151 0.000203297
 0.318654 0.224769 0.449479 0.00709798 0
 0.937255 0.0296025 0.0250945 0.00804832 0
ppred_RECLAS
 0.402409 0.10054 0.473489 0.0235614 6.80368e-07
 0.411871 0.236689 0.0591271 0.278456 0.0138567
 0.532142 0.192726 0.110725 0.0276602 0.136747
 0.757952 0.128819 0.0466429 0.0267973 0.0397891
 0.648121 0.26673 0.0453161 0.0164081 0.0234239
 0.749671 0.162251 0.0667649 0.011343 0.00997031
 0.483103 0.387527 0.0838509 0.034504 0.0110147
 0.435984 0.272551 0.218517 0.0472814 0.0256669
 0.521623 0.208574 0.130378 0.10453 0.0348956
 0.664607 0.174974 0.0699433 0.043721 0.046755
 0.78341 0.143966 0.0378882 0.0151453 0.0195914
 0.720166 0.219229 0.0402833 0.0106016 0.00971973
 0.661441 0.243853 0.0741953 0.0136333 0.00687748
 0.596927 0.26665 0.0982612 0.0298972 0.00826488
 0.684802 0.188202 0.0840134 0.0309592 0.0120237
 0.913806 0.0590337 0.016217 0.00723927 0.00370375
 0.41093 0.538315 0.034762 0.00954936 0.00644379
 0.875982 0.0509706 0.0667531 0.00431062 0.00198321
 0.609983 0.34166 0.0198743 0.0260281 0.00245407
 0.587827 0.251461 0.140786 0.00818948 0.0117365
 0.74369 0.150689 0.064438 0.036077 0.00510612
 0.744316 0.190163 0.038521 0.0164724 0.0105277
 0.337443 0.493195 0.125961 0.0255157 0.0178845
 0.746223 0.0856468 0.125153 0.0319639 0.0110132
 0.638331 0.269897 0.0309718 0.0452581 0.0155415
 0.455363 0.347681 0.146979 0.0168665 0.03311
 0.742916 0.117076 0.0893774 0.0377835 0.0128473
 0.703565 0.220236 0.0347008 0.0264911 0.0150068
 0.375433 0.439443 0.137537 0.0216707 0.0259155
 0.447276 0.20753 0.242877 0.076016 0.0263005
 0.831575 0.0753409 0.0349502 0.040903 0.0172311
pobs_PELACES
 0 0 0 0 0
 0 0 0 0 0
 0 0 0 0 0
 0 0 0 0 0
 0 0 0 0 0
 0 0 0 0 0
 0 0 0 0 0
 0 0 0 0 0
 0 0 0 0 0
 0 0 0 0 0
 0 0 0 0 0
 0 0 0 0 0
 0 0 0 0 0
 0 0 0 0 0
 0 0 0 0 0
 0 0 0 0 0
 0.505614 0.472636 0.0217494 0 0
 0 0 0 0 0
 0.443492 0.261883 0.143347 0.151278 0
 0.227955 0.32914 0.350689 0.0885471 0.00366901
 0.970185 0.0296113 0.000203453 0 0
 0.997202 0.00247181 0.000326279 0 0
 0.445219 0.490057 0.0546422 0.010081 0
 0.90214 0.0892962 0.00764917 0.000914606 0
 0 0 0 0 0
 0.581667 0.319106 0.0959925 0.00289975 0.000334073
 0.762889 0.0836404 0.116647 0.0363945 0.000428098
 0.88444 0.0763242 0.0277011 0.0115352 0
 0.521256 0.241999 0.230069 0.00667565 0
 0.616807 0.101726 0.260614 0.0208532 0
 0.833518 0.0704572 0.0857862 0.0102388 0
ppred_PELACES
 0.402432 0.100536 0.47347 0.0235605 6.80342e-07
 0.411912 0.236672 0.059123 0.278437 0.0138558
 0.532182 0.19271 0.110716 0.0276578 0.136735
 0.757996 0.128795 0.0466345 0.0267925 0.0397819
 0.64814 0.266716 0.0453137 0.0164073 0.0234227
 0.749702 0.16223 0.0667566 0.0113416 0.00996906
 0.483189 0.387463 0.083837 0.0344983 0.0110129
 0.435997 0.272545 0.218512 0.0472803 0.0256663
 0.521672 0.208552 0.130364 0.104519 0.034892
 0.664662 0.174945 0.0699319 0.0437138 0.0467474
 0.783421 0.143958 0.0378862 0.0151445 0.0195904
 0.720233 0.219177 0.0402737 0.010599 0.00971742
 0.661508 0.243805 0.0741807 0.0136307 0.00687612
 0.597035 0.266578 0.0982348 0.0298892 0.00826267
 0.684864 0.188165 0.0839968 0.0309531 0.0120214
 0.913828 0.0590191 0.016213 0.00723748 0.00370284
 0.410973 0.538276 0.0347594 0.00954867 0.00644332
 0.876003 0.050962 0.0667418 0.00430989 0.00198288
 0.610051 0.341601 0.0198708 0.0260236 0.00245364
 0.587886 0.251425 0.140766 0.00818831 0.0117348
 0.743724 0.150669 0.0644293 0.0360722 0.00510543
 0.744359 0.190131 0.0385144 0.0164696 0.0105259
 0.337473 0.493173 0.125956 0.0255146 0.0178837
 0.746244 0.0856396 0.125142 0.0319612 0.0110123
 0.638359 0.269877 0.0309695 0.0452547 0.0155403
 0.455387 0.347666 0.146973 0.0168658 0.0331085
 0.742938 0.117066 0.0893697 0.0377803 0.0128462
 0.703586 0.22022 0.0346984 0.0264892 0.0150057
 0.375456 0.439427 0.137532 0.0216699 0.0259145
 0.447308 0.207518 0.242863 0.0760115 0.026299
 0.831593 0.0753325 0.0349463 0.0408985 0.0172292
pobs_pel_tallas
 0 0 0 0 0 0 0 0 0 0 0 0 0 0 0 0 0 0 0 0 0 0 0 0 0 0
 0 0 0 0 0 0 0 0 0 0 0 0 0 0 0 0 0 0 0 0 0 0 0 0 0 0
 0 0 0 0 0 0 0 0 0 0 0 0 0 0 0 0 0 0 0 0 0 0 0 0 0 0
 0 0 0 0 0 0 0 0 0 0 0 0 0 0 0 0 0 0 0 0 0 0 0 0 0 0
 0 0 0 0 0 0 0 0 0 0 0 0 0 0 0 0 0 0 0 0 0 0 0 0 0 0
 0 0 0 0 0 0 0 0 0 0 0 0 0 0 0 0 0 0 0 0 0 0 0 0 0 0
 0 0 0 0 0 0 0 0 0 0 0 0 0 0 0 0 0 0 0 0 0 0 0 0 0 0
 0 0 0 0 0 0 0 0 0 0 0 0 0 0 0 0 0 0 0 0 0 0 0 0 0 0
 0 0 0 0 0 0 0 0 0 0 0 0 0 0 0 0 0 0 0 0 0 0 0 0 0 0
 0 0 0 0 0 0 0 0 0 0 0 0 0 0 0 0 0 0 0 0 0 0 0 0 0 0
 0 0 0 0 0 0 0 0 0 0 0 0 0 0 0 0 0 0 0 0 0 0 0 0 0 0
 0 0 0 0 0 0 0 0 0 0 0 0 0 0 0 0 0 0 0 0 0 0 0 0 0 0
 0.00862536 0 0 0.000197151 0.00414017 0.0128641 0.00837892 0.0270097 0.101434 0.158115 0.152841 0.127902 0.109271 0.109419 0.0830992 0.0579132 0.0238553 0.00714673 0.00463305 0.00128148 0.00103504 0.000492878 0.000147863 0.000147863 4.92878e-05 0
 0 0 0 0 0 0 0 0 0 0 0 0 0 0 0 0 0 0 0 0 0 0 0 0 0 0
 0 0 0 0 0 0 0 0.0054083 0.00873648 0.0413646 0.0450493 0.0745869 0.0622846 0.0627006 0.0613931 0.0827291 0.12552 0.122667 0.0946155 0.0697135 0.0546179 0.0294188 0.0215738 0.0213955 0.0102223 0.00600262
 0 0 0 0 0.00359764 0.0251062 0.0480494 0.140153 0.205849 0.193036 0.1447 0.116669 0.0760912 0.0342217 0.00950174 0.001854 0.000860785 0 0 0 0.000165536 0 0.000143464 0 0 0
 0 0 0 0 0 0 0 0.000145254 0.000435761 0.0275982 0.070085 0.0708112 0.156366 0.174668 0.174014 0.160142 0.0824315 0.0480064 0.0283245 0.00493863 0.00203355 0 0 0 0 0
 0 0 0 0 0 0 0 0 0 0 0 0 0 0 0 0 0 0 0 0 0 0 0 0 0 0
 0 0 1.00437e-05 0.000401748 0.00122533 0.00171747 0.00176769 0.0269171 0.070346 0.194647 0.189555 0.159765 0.064822 0.0314167 0.0384472 0.0292271 0.0345202 0.0313363 0.0194345 0.0106764 0.0143323 0.0359363 0.0279516 0.0138201 0.00172751 0
 0 0.0021121 0.0136068 0.0755702 0.200478 0.177729 0.0527432 0.0373336 0.0318909 0.0142505 0.0149659 0.0166563 0.0217959 0.0798694 0.0677717 0.0528807 0.04013 0.0224614 0.0357745 0.0225083 0.00881397 0.00855152 0.00135912 0.000746735 0 0
 0 0 0 0 5.4009e-05 0.00500934 0.000945158 0.0243581 0.138947 0.33067 0.221406 0.137944 0.0707744 0.0437923 0.0131692 0.00525238 0.0047753 0.00276346 9.45158e-05 9.00151e-06 2.25038e-05 9.00151e-06 4.50075e-06 0 0 0
 0.000866109 0.00284123 0.00948549 0.0512746 0.133035 0.25785 0.225252 0.132002 0.0553304 0.0519788 0.0540692 0.017754 0.00435017 0.00159236 0.00146478 0.000404838 0.000125132 0.000115318 0.000107957 0.000100596 0 0 0 0 0 0
 0 0 0 0 0.00144013 0.00171154 0.00461396 0.0210425 0.0478622 0.0707936 0.0888783 0.103762 0.0637923 0.0337046 0.0602308 0.124433 0.169614 0.0934646 0.0462172 0.0250306 0.0313229 0.00938855 0.002487 0.000210481 0 0
 0 0.00764035 0.051015 0.0998891 0.058973 0.0496711 0.0374665 0.0718981 0.12319 0.153886 0.159021 0.0857701 0.0377988 0.023471 0.0147837 0.00900784 0.00315554 0.000888139 0.00291439 0.00214683 0.00393193 0.00274676 0.000635225 9.99891e-05 0 0
 0 0 0 0 0 0 0 0 0 0 0 0 0 0 0 0 0 0 0 0 0 0 0 0 0 0
 0 0 0 0 0 0 0 0 0 0 0 0 0 0 0 0 0 0 0 0 0 0 0 0 0 0
 0 0 0 0 0 0 0 0 0 0 0 0 0 0 0 0 0 0 0 0 0 0 0 0 0 0
 0 0 0 0 0 0 0 0 0 0 0 0 0 0 0 0 0 0 0 0 0 0 0 0 0 0
 0 0 0 0 0 0 0 0 0 0 0 0 0 0 0 0 0 0 0 0 0 0 0 0 0 0
 0 0 0 0 0 0 0 0 0 0 0 0 0 0 0 0 0 0 0 0 0 0 0 0 0 0
 0 0 0 0 0 0 0 0 0 0 0 0 0 0 0 0 0 0 0 0 0 0 0 0 0 0
ppred_pel_tallas
 1.16052e-16 3.31478e-05 0.000322209 0.00214119 0.00973355 0.0302847 0.0645252 0.0941786 0.094189 0.0645764 0.0304586 0.010245 0.00345925 0.00331285 0.00604412 0.0108012 0.0175566 0.0262301 0.0366014 0.0483142 0.0606421 0.0721256 0.0805491 0.0836019 0.0799661 0.0701078
 1.32035e-16 3.39287e-05 0.000329799 0.00219163 0.00996286 0.0309983 0.0660459 0.0964008 0.0964237 0.0661581 0.0313755 0.0110545 0.00493998 0.00635823 0.0115726 0.0193293 0.0284761 0.0372626 0.0440614 0.04846 0.0516293 0.0554836 0.0612038 0.068247 0.0745199 0.0774812
 1.29158e-16 4.38352e-05 0.000426094 0.00283154 0.0128718 0.040049 0.0853294 0.124545 0.124563 0.085421 0.0403572 0.0137641 0.00507998 0.00536334 0.00950771 0.0158843 0.0234513 0.030753 0.0363951 0.0399105 0.0420915 0.0443994 0.0478854 0.0524536 0.0569243 0.0596985
 1.10798e-16 6.24351e-05 0.000606892 0.00403301 0.0183335 0.0570423 0.121535 0.177387 0.177399 0.121596 0.0572473 0.0189262 0.00552394 0.00387231 0.00629643 0.0103982 0.0151872 0.0195712 0.0225051 0.0235748 0.0232592 0.0225782 0.0223961 0.0229217 0.0237094 0.0240372
 1.06986e-16 5.33865e-05 0.000518936 0.00344851 0.0156765 0.0487754 0.103922 0.151683 0.151708 0.104048 0.0491976 0.0168961 0.00651091 0.0072077 0.0127673 0.0210521 0.0303948 0.0383877 0.0426241 0.0420263 0.0374957 0.0312911 0.0256433 0.0216807 0.0192916 0.0176993
 1.04793e-16 6.1752e-05 0.000600252 0.00398888 0.0181329 0.0564183 0.120206 0.175447 0.175463 0.120282 0.0566763 0.0188791 0.00586545 0.00470837 0.00789785 0.0130482 0.0189997 0.0243326 0.0276341 0.0282445 0.0266117 0.0239046 0.021218 0.019015 0.0171417 0.015223
 1.07842e-16 3.97997e-05 0.000386867 0.00257087 0.0116868 0.0363623 0.077475 0.113085 0.113122 0.0776578 0.0369761 0.0134605 0.00702583 0.0101212 0.0185545 0.0306842 0.0443717 0.056172 0.0625986 0.0620576 0.0557765 0.0469044 0.0385367 0.0322197 0.0278119 0.0243418
 1.15461e-16 3.59125e-05 0.000349083 0.00231978 0.0105454 0.0328108 0.0699078 0.102038 0.102065 0.0700377 0.0332479 0.0118119 0.00551338 0.00736879 0.0135091 0.0226476 0.0334925 0.0439517 0.0518793 0.0562555 0.0576507 0.0575122 0.0569047 0.0558013 0.0533932 0.0489513
 1.20202e-16 4.29695e-05 0.000417679 0.00277562 0.0126176 0.0392581 0.0836443 0.122086 0.122106 0.0837436 0.0395921 0.0135847 0.00521344 0.00577358 0.010317 0.0172616 0.0255199 0.0335184 0.039713 0.0434994 0.0455512 0.0471936 0.0493094 0.0516695 0.0531382 0.0524535
 1.14358e-16 5.47474e-05 0.000532164 0.00353642 0.016076 0.0500186 0.106571 0.155546 0.155563 0.106654 0.0502972 0.016882 0.00556421 0.00497521 0.00854221 0.0141685 0.0207284 0.0267763 0.0309053 0.0325526 0.032347 0.0316278 0.0315073 0.0322123 0.0331125 0.0332491
 1.05965e-16 6.45294e-05 0.000627248 0.00416829 0.0189484 0.0589557 0.125612 0.183337 0.183351 0.12568 0.0591841 0.0196085 0.00582694 0.00425413 0.00697077 0.0114707 0.0166358 0.0211779 0.0238389 0.0240671 0.0223451 0.0198376 0.0176438 0.0162381 0.0154326 0.014724
 1.03926e-16 5.93247e-05 0.000576657 0.00383209 0.0174201 0.0542006 0.115481 0.168552 0.168573 0.115584 0.0545476 0.0184225 0.00634895 0.00607389 0.0105082 0.0173015 0.0249732 0.0315242 0.0349587 0.0343635 0.030444 0.0250232 0.0199219 0.0160951 0.0135262 0.0116879
 1.04734e-16 5.44876e-05 0.000529639 0.00351964 0.0159998 0.0497813 0.106065 0.15481 0.154834 0.10618 0.0501682 0.017118 0.00632972 0.00667442 0.0117549 0.0194264 0.0281648 0.0358068 0.0401733 0.0402455 0.036732 0.031506 0.0263943 0.0222895 0.0191072 0.0163343
 1.07299e-16 4.9177e-05 0.000478018 0.0031766 0.0144404 0.0449295 0.0957281 0.139723 0.139749 0.0958542 0.0453532 0.0156655 0.00625671 0.00721863 0.0129002 0.0213785 0.0310972 0.0397508 0.0450113 0.0457996 0.0428767 0.0382069 0.0336365 0.0299561 0.0269109 0.0238529
 1.07611e-16 5.64114e-05 0.000548339 0.0036439 0.0165647 0.0515389 0.10981 0.160274 0.160293 0.109899 0.0518386 0.0174314 0.00582448 0.00532503 0.00917701 0.015211 0.0222116 0.0285799 0.0327219 0.0339116 0.0326834 0.0303621 0.0281287 0.0263822 0.0247899 0.0227929
 1.01836e-16 7.52708e-05 0.000731659 0.00486213 0.0221025 0.0687692 0.14652 0.213852 0.213858 0.146548 0.0688629 0.0223732 0.00554224 0.00221884 0.00290716 0.00470686 0.00682064 0.00867942 0.00976007 0.00982865 0.00907233 0.00795732 0.00692726 0.00618038 0.00565804 0.00518582
 1.03189e-16 3.38514e-05 0.000329048 0.00218664 0.00994019 0.0309279 0.065897 0.0961895 0.0962413 0.0661502 0.0317777 0.0123938 0.00834244 0.0137565 0.0255037 0.0420272 0.0603466 0.0754855 0.0823955 0.078755 0.0663763 0.0500265 0.0346435 0.0230918 0.0157368 0.0114453
 1.02707e-16 7.21553e-05 0.000701375 0.00466088 0.0211877 0.0659228 0.140456 0.205 0.205005 0.14048 0.0660053 0.0214273 0.00526669 0.00203862 0.00265502 0.00438753 0.00657469 0.0088108 0.0107155 0.0120837 0.012947 0.0134401 0.0136031 0.0133132 0.0124034 0.0108417
 1.03686e-16 5.02492e-05 0.00048844 0.00324586 0.0147552 0.0459091 0.0978155 0.142771 0.142804 0.0979761 0.0464485 0.0163126 0.00715344 0.00901296 0.0162233 0.0266985 0.0383597 0.0480464 0.0525842 0.050538 0.0430919 0.0332803 0.0242006 0.0175784 0.0135114 0.0111437
 1.06934e-16 4.84235e-05 0.000470693 0.00312792 0.0142191 0.044241 0.0942611 0.137582 0.137606 0.0943804 0.044642 0.0153794 0.00604844 0.00687225 0.0122824 0.020427 0.0298824 0.0385372 0.0442356 0.0459299 0.0442019 0.0406681 0.036803 0.0331695 0.0295256 0.0254583
 1.0638e-16 6.12596e-05 0.000595465 0.00395708 0.0179883 0.0559684 0.119247 0.174048 0.174062 0.119318 0.0562083 0.0186823 0.00570292 0.00441985 0.00736365 0.0121807 0.0177882 0.0228984 0.0262428 0.0272538 0.0263731 0.024668 0.0230744 0.0218799 0.0207697 0.019248
 1.04594e-16 6.13119e-05 0.000595974 0.00396046 0.0180037 0.0560162 0.119349 0.174197 0.174216 0.119439 0.0563173 0.0188738 0.00614583 0.00537076 0.0091418 0.0150493 0.021753 0.0275291 0.0306681 0.0303984 0.0273402 0.0230616 0.0190998 0.0162155 0.0143168 0.0128803
 1.09347e-16 2.77973e-05 0.0002702 0.00179558 0.00816246 0.0253967 0.0541121 0.0789882 0.0790358 0.0543449 0.0261785 0.0104218 0.00747131 0.0126755 0.023632 0.0391411 0.0566555 0.071823 0.0802079 0.0797528 0.0719541 0.0607293 0.0499381 0.0415256 0.0353749 0.030385
 1.08703e-16 6.14672e-05 0.000597483 0.00397048 0.0180493 0.056158 0.119651 0.174636 0.174644 0.119692 0.0562973 0.0184541 0.00499586 0.00286625 0.00445972 0.00751032 0.0113643 0.0154518 0.0192154 0.0223812 0.0250313 0.0273429 0.0292338 0.0302622 0.0298771 0.0277973
 1.08132e-16 5.25808e-05 0.000511104 0.00339647 0.0154399 0.0480393 0.102354 0.149394 0.14942 0.102481 0.0484662 0.0166729 0.00649208 0.0072707 0.0128966 0.021257 0.0306706 0.0387047 0.0429419 0.0423328 0.0378511 0.0318441 0.0265944 0.023198 0.0214176 0.0203019
 1.11625e-16 3.75097e-05 0.000364607 0.00242295 0.0110144 0.03427 0.0730171 0.106578 0.106611 0.0731817 0.0348231 0.012614 0.00644584 0.00917235 0.0168408 0.0279806 0.04077 0.052252 0.0594162 0.0608605 0.0575525 0.0519987 0.046538 0.0421446 0.0384589 0.0346348
 1.08572e-16 6.11949e-05 0.000594836 0.00395289 0.0179693 0.0559092 0.119121 0.173863 0.173874 0.119177 0.056097 0.0185133 0.00532476 0.00361069 0.00585121 0.00974121 0.014417 0.0189603 0.0224756 0.0245654 0.0255186 0.0259839 0.0264035 0.0266901 0.0263646 0.0249611
 1.06254e-16 5.79535e-05 0.000563329 0.00374352 0.0170175 0.0529479 0.112812 0.164657 0.164678 0.112916 0.0532965 0.0180245 0.00627206 0.00608623 0.0105565 0.0173871 0.0251091 0.0317309 0.0352775 0.0348762 0.0312882 0.026385 0.0219936 0.0190036 0.0172603 0.0160605
 1.1064e-16 3.09259e-05 0.000300611 0.00199767 0.00908113 0.028255 0.0602018 0.0878753 0.0879177 0.0604095 0.0289525 0.0110972 0.00706432 0.0113812 0.0211338 0.0350443 0.0508429 0.0647019 0.0727204 0.0730874 0.0671001 0.0581398 0.0494811 0.0426842 0.0375219 0.0329775
 1.19135e-16 3.68442e-05 0.000358139 0.00237996 0.010819 0.033662 0.0717211 0.104683 0.104704 0.0718208 0.0339976 0.0117932 0.00484294 0.00579361 0.0105332 0.0178115 0.0267294 0.0358843 0.0438399 0.0499252 0.0544773 0.0582284 0.0613819 0.0632289 0.0626068 0.0587412
 1.08046e-16 6.84973e-05 0.000665818 0.00442459 0.0201136 0.0625808 0.133335 0.194608 0.194616 0.133371 0.0627011 0.0204617 0.00530139 0.00258974 0.00375223 0.00617576 0.00908753 0.0118639 0.0139397 0.0151129 0.0156719 0.0161652 0.0169836 0.0180837 0.0190338 0.0192923
pSPR Fmed_Fpbrs
0.848132   0.6 0.325
Fs Fmed_Fpbrs
0.0765541   0.24982 0.598098
SSBpbr Bo_Bmed_Bpbrs
4.26018e+06  3.40018e+06  2.3431e+06 1.17155e+06
Ro
404903
SPR SPRFo_SPRFmed_SPRFpbrs
2.89004e+06 2.45114e+06 939264
Fref
0.24982
Nvult_r0
 512154 46420.5 21534.2 25202 10616.8
CTP_r0
 29587.8 2698.36 1251.75 1464.96 617.139
YTP_r0
391295
Np
 601038 172512 77644.5 7033.19 4197.59
Nvult_p0
 428526 123078 55395 5017.79 2994.75
CTP_p0
 85208.2 38640.3 3500.11 1623.68 2557.45
 85208.2 24601.4 11072.6 1002.98 598.605
YTP_p0
 1.45887e+06 1.32953e+06
CBA_c0
1.42007e+06
log_Ro
12.7314
likeval ReclasPelacesDesembMPH_pf_preclas_ppelaces_ptallas_desvR_qrecl_qpela
 18.2078 17.5722 0.148768 0.000816592 241.809 123.086 98.1704 0 22.4069 6.67392e-05 4.98642e-05 0.751664 7.00486e-16 0 0
q_reclas_q_pelaces
0.314227 0.366179
M
1
N
 389546 97340.4 458419 22811.5 0.658715
 238595 137148 34260.8 161349 8029.18
 224213 81223.1 46664.4 11657.2 57630.9
 450262 76552.4 27718.3 15924.7 23645.3
 360458 148363 25206.1 9126.66 13029
 589850 127693 52544.7 8927.07 7846.74
 250367 200939 43478 17890.9 5711.29
 125784 78638.6 63048.1 13642 7405.6
 113020 45205.1 28257.4 22655.2 7563.08
 144236 37987.7 15185.1 9492.07 10150.8
 257671 47356.4 12463 4981.93 6444.44
 301836 91929.5 16892 4445.56 4075.78
 258422 95315.4 29000.9 5328.9 2688.22
 185331 82844.4 30528.4 9288.64 2567.79
 201577 55422.8 24740.8 9117.04 3540.82
 1.00501e+06 64952.5 17842.9 7965.09 4075.09
 249029 326314 21071.9 5788.6 3906.07
 1.45044e+06 84421.1 110561 7139.55 3284.74
 870857 487990 28386.2 37175.7 3505.12
 656300 280857 157244 9146.82 13108.5
 1.06431e+06 215713 92243.6 51644.6 7309.46
 1.4096e+06 360260 72977.2 31206.7 19944.6
 319168 466578 119163 24138.7 16919.3
 961920 110422 161356 41210.1 14199
 794657 336054 38563.6 56351.7 19351
 362624 276913 117063 13433.4 26370.7
 809758 127632 97435.8 41190.2 14005.6
 902272 282479 44508 33978.1 19248
 270764 316976 99207.5 15631.3 18693.1
 205072 95169.9 111379 34859.7 12061
 783111 70964.3 32919.9 38526.9 16230.2
pred_Ctot
 10619.8 2670.79 12578 625.895 0.0180736
 11328.4 6553.12 1637.03 7709.51 383.646
 10253.2 3737.95 2147.53 536.474 2652.22
 29959 5125.5 1855.85 1066.22 1583.15
 8466.82 3507.43 595.893 215.762 308.017
 27761.1 6048.03 2488.72 422.82 371.652
 23439.2 18927.3 4095.39 1685.22 537.973
 1838.97 1157.17 927.76 200.743 108.974
 6214.54 2501.37 1563.58 1253.6 418.493
 9894.5 2622.25 1048.21 655.226 700.696
 4930.5 912.034 240.025 95.9468 124.113
 27357 8383.35 1540.44 405.405 371.684
 21241.4 7883.15 2398.54 440.731 222.331
 22292.7 10025 3694.23 1124.02 310.727
 15986.2 4422.65 1974.27 727.525 282.551
 75356 4900.49 1346.2 600.944 307.455
 12440.1 16404.2 1059.31 291 196.363
 78922.4 4622.64 6053.99 390.94 179.862
 68629.7 38696 2250.94 2947.92 277.945
 44614.5 19211.9 10756.2 625.684 896.68
 54110.2 11036.5 4719.46 2642.3 373.974
 90100.1 23172.1 4693.92 2007.22 1282.84
 12077.5 17768.5 4538.05 919.264 644.332
 30743.9 3551.86 5190.22 1325.58 456.73
 26621.8 11330.4 1300.21 1899.95 652.438
 9951.3 7648.16 3233.19 371.022 728.341
 26601 4219.69 3221.38 1361.81 463.048
 25787.2 8125.33 1280.24 977.357 553.656
 7655.33 9019.63 2822.97 444.793 531.918
 7732.09 3611.28 4226.36 1322.77 457.661
 29587.8 2698.36 1251.75 1464.96 617.139
F
 0.0439235 0.044212 0.044212 0.044212 0.044212
 0.0775687 0.0780781 0.0780781 0.0780781 0.0780781
 0.0746191 0.0751092 0.0751092 0.0751092 0.0751092
 0.110168 0.110891 0.110891 0.110891 0.110891
 0.037748 0.0379959 0.0379959 0.0379959 0.0379959
 0.0768684 0.0773732 0.0773732 0.0773732 0.0773732
 0.158064 0.159102 0.159102 0.159102 0.159102
 0.023355 0.0235083 0.0235083 0.0235083 0.0235083
 0.0903039 0.090897 0.090897 0.090897 0.090897
 0.113749 0.114496 0.114496 0.114496 0.114496
 0.0306603 0.0308617 0.0308617 0.0308617 0.0308617
 0.152693 0.153695 0.153695 0.153695 0.153695
 0.137631 0.138534 0.138534 0.138534 0.138534
 0.207152 0.208512 0.208512 0.208512 0.208512
 0.132514 0.133384 0.133384 0.133384 0.133384
 0.124897 0.125718 0.125718 0.125718 0.125718
 0.0817523 0.0822892 0.0822892 0.0822892 0.0822892
 0.0893266 0.0899133 0.0899133 0.0899133 0.0899133
 0.131633 0.132498 0.132498 0.132498 0.132498
 0.112671 0.113411 0.113411 0.113411 0.113411
 0.0832543 0.083801 0.083801 0.083801 0.083801
 0.105637 0.106331 0.106331 0.106331 0.106331
 0.0614101 0.0618134 0.0618134 0.0618134 0.0618134
 0.0516598 0.051999 0.051999 0.051999 0.051999
 0.054206 0.054562 0.054562 0.054562 0.054562
 0.0442198 0.0445102 0.0445102 0.0445102 0.0445102
 0.05313 0.0534789 0.0534789 0.0534789 0.0534789
 0.046089 0.0463916 0.0463916 0.0463916 0.0463916
 0.0455841 0.0458834 0.0458834 0.0458834 0.0458834
 0.0611834 0.0615852 0.0615852 0.0615852 0.0615852
 0.0613135 0.0617161 0.0617161 0.0617161 0.0617161
YTP_r0W_actual
 245579 38046.9 34548.4 50101.5 23019.3
YTP_p0W_proyectada
 638209 605493 80957.6 47687.6 86518.6
 638209 385504 256110 29457.5 20250.8
CTP_r0_actual
 29587.8 2698.36 1251.75 1464.96 617.139
CTP_p0_proyectada
 85208.2 38640.3 3500.11 1623.68 2557.45
 85208.2 24601.4 11072.6 1002.98 598.605
Wmedp
 7.49 15.67 23.13 29.37 33.83
Frms_r0
 0.0613135 0.0617161 0.0617161 0.0617161 0.0617161
Zrms_r0
 1.06131 1.06172 1.06172 1.06172 1.06172
nmprior
 8.19 8.8 8.5 0
nm_flota  nm_reclas  nm_pelaces    nm_pelaL
inf 11.3328 16.0387 36.8739
cv_recla  cv_pelaces  cv_mph
0.38597 0.475319 0.881877
 ------------------------------------------------
Talla a la edad & desviaci?n 
 8 13.2811 15.8009 17.003 17.5766
 0.8 1.32811 1.58009 1.7003 1.75766
