years
 1991 1992 1993 1994 1995 1996 1997 1998 1999 2000 2001 2002 2003 2004 2005 2006 2007 2008 2009 2010 2011 2012 2013 2014 2015 2016 2017 2018 2019 2020 2021
reclasobs
 0 0 0 0 0 0 0 0 0 252601 567819 844713 477998 351125 339783 2.1784e+06 2.13404e+06 4.81314e+06 1.55562e+06 2.62356e+06 3.21686e+06 3.843e+06 1.13348e+06 3.07943e+06 1.97215e+06 2.03268e+06 2.025e+06 2.42433e+06 2.27542e+06 1.05018e+06 2.36338e+06
reclaspred
 7.49782e+06 1.9534e+06 1.06113e+06 877542 167836 3.38935e+06 1.49277e+06 423854 1.00601e+06 244564 363266 870464 753855 595691 405572 1.91555e+06 833142 4.54742e+06 2.79844e+06 2.15244e+06 2.98892e+06 3.29984e+06 1.63192e+06 3.3371e+06 2.49923e+06 1.54189e+06 2.14255e+06 3.63532e+06 2.86831e+06 746525 1.42371e+06
pelacesobs
 0 0 0 0 0 0 0 0 0 0 0 0 0 0 0 552880 188675 0 991730 2.46772e+06 1.41603e+06 1.21717e+06 2.29649e+06 1.80582e+06 0 1.4828e+06 1.56532e+06 1.57751e+06 1.42118e+06 867257 1.10002e+06
pelacespred
 7.90725e+06 1.86843e+06 577416 359820 69343.9 1.88892e+06 878581 367315 541656 97391.1 191872 368703 361295 260627 166880 810886 397529 2.50623e+06 1.58981e+06 1.00993e+06 1.51449e+06 1.6486e+06 1.00142e+06 2.10686e+06 1.64958e+06 1.04706e+06 1.43895e+06 2.51935e+06 2.15721e+06 538040 754098
mphobs
 0 0 0 0 0 0 0 0 0 0 0 498337 0 5186 125008 0 168611 109162 213762 579715 649985 157893 87575 83554 0 0 0 0 0 0 0
mphpred
 1.73069e+06 671598 101425 140417 60197.9 8964.71 490261 104051 33325.3 98601.2 9388.11 50548 85283.7 50204.3 29021 27413.3 234030 59162.7 574310 211352 280245 272417 401340 145984 414100 305726 138665 237039 608308 248480 41414.2
desembarqueobs
 494567 514787 250237 358949 120608 361735 552515 73892 212993 205616 52469 317467 293654 387597 252695 516296 358380 742168 942051 627588 828172 859565 418607 520667 417249 300574 415391 372974 316634 284311 391294
desembarquepred
 494489 514315 250008 358412 120482 361516 551753 73858.3 212803 205344 52446.3 317076 293213 386763 252290 515645 358011 741342 940060 626238 827400 858274 418092 520232 416688 300186 414911 372615 316205 283586 390941
Reclutas
 9790.51 5975.9 171231 56694.6 6335.67 287322 7936.18 2123.62 54801.7 8695.42 34658.9 114109 73599.3 69391.1 41272.1 256354 11298.4 445616 165426 221412 189215 415842 14579.5 173773 136363 27116.7 127436 186775 25634.4 11155.5 110713
log_desv_Rt
 -1.67454 -2.16822 1.18706 0.0817253 -2.10976 1.70465 -1.88452 -3.20283 0.0477678 -1.79316 -0.410399 0.781196 0.342681 0.283805 -0.235768 1.59061 -1.53129 2.1435 1.15257 1.44407 1.28693 2.07435 -1.27634 1.20179 0.959366 -0.655803 0.891662 1.27395 -0.71202 -1.54402 0.750989
SSB
 1.66603e+06 646507 97635.9 135171 57948.8 8629.78 471945 100164 32080.3 94917.5 9037.36 48659.5 82097.5 48328.7 27936.8 26389.1 225286 56952.3 552853 203456 269775 262240 386346 140530 398629 294304 133484 228184 585581 239197 39866.9
BT
 2.07888e+06 926877 411284 382245 115352 1.27528e+06 714696 153033 439082 208418 133233 428025 412970 523025 325721 807243 388672 1.90332e+06 1.42433e+06 893550 1.31382e+06 1.41347e+06 611376 1.43801e+06 910711 558880 1.06155e+06 1.4488e+06 820250 412960 733185
Ftot
 0.312631 1.13351 1.13144 1.64826 2.37951 0.556092 1.41062 0.785454 1.04662 2.61623 0.73396 1.64442 1.67399 2.59194 2.537 1.30852 1.61537 0.827443 1.40452 1.33762 1.24982 1.21643 1.05815 0.780353 0.767229 0.857848 0.945854 0.515317 0.490992 1.5255 1.32523
BD_Bspro_t
 0.951209 0.612017 0.203447 0.268017 0.104588 0.0230438 0.455951 0.140953 0.074458 0.200847 0.0356511 0.23449 0.204216 0.111252 0.0636715 0.063018 0.247941 0.0802741 0.366166 0.167971 0.176806 0.173619 0.242899 0.119553 0.304399 0.291655 0.198907 0.326167 0.520635 0.309537 0.0935147
BD_Bspro
 4.46766 1.73369 0.261822 0.362477 0.155397 0.0231418 1.26558 0.268601 0.0860272 0.254533 0.0242348 0.130486 0.220154 0.129599 0.0749159 0.0707656 0.604132 0.152725 1.48254 0.545592 0.723435 0.703228 1.03603 0.376849 1.06897 0.789211 0.357954 0.611902 1.57031 0.641435 0.106908
BD_Bo
 1.13889 0.441951 0.0667436 0.0924024 0.0396137 0.0058993 0.32262 0.0684716 0.02193 0.0648853 0.00617792 0.0332635 0.0561216 0.0330374 0.0190975 0.0180395 0.154005 0.0389325 0.377929 0.139082 0.184418 0.179266 0.264105 0.0960661 0.272502 0.201185 0.0912493 0.155986 0.400302 0.163514 0.0272529
BD_Brms
 2.07071 0.803547 0.121352 0.168004 0.0720249 0.010726 0.586582 0.124494 0.0398727 0.117973 0.0112326 0.0604791 0.102039 0.0600679 0.0347228 0.0327991 0.280009 0.0707863 0.687144 0.252877 0.335305 0.325939 0.480191 0.174666 0.495458 0.365791 0.165908 0.28361 0.727821 0.297299 0.0495508
Sel_flota
 0.636957 1 1 1 1
 0.636957 1 1 1 1
 0.636957 1 1 1 1
 0.636957 1 1 1 1
 0.636957 1 1 1 1
 0.636957 1 1 1 1
 0.636957 1 1 1 1
 0.636957 1 1 1 1
 0.636957 1 1 1 1
 0.636957 1 1 1 1
 0.636957 1 1 1 1
 0.636957 1 1 1 1
 0.636957 1 1 1 1
 0.636957 1 1 1 1
 0.636957 1 1 1 1
 0.636957 1 1 1 1
 0.636957 1 1 1 1
 0.636957 1 1 1 1
 0.636957 1 1 1 1
 0.636957 1 1 1 1
 0.636957 1 1 1 1
 0.636957 1 1 1 1
 0.636957 1 1 1 1
 0.636957 1 1 1 1
 0.636957 1 1 1 1
 0.636957 1 1 1 1
 0.636957 1 1 1 1
 0.636957 1 1 1 1
 0.636957 1 1 1 1
 0.636957 1 1 1 1
 0.636957 1 1 1 1
Sel_reclas
 0.690581 0.918248 0.982617 0.996497 0.999302
 0.690581 0.918248 0.982617 0.996497 0.999302
 0.690581 0.918248 0.982617 0.996497 0.999302
 0.690581 0.918248 0.982617 0.996497 0.999302
 0.690581 0.918248 0.982617 0.996497 0.999302
 0.690581 0.918248 0.982617 0.996497 0.999302
 0.690581 0.918248 0.982617 0.996497 0.999302
 0.690581 0.918248 0.982617 0.996497 0.999302
 0.690581 0.918248 0.982617 0.996497 0.999302
 0.690581 0.918248 0.982617 0.996497 0.999302
 0.690581 0.918248 0.982617 0.996497 0.999302
 0.690581 0.918248 0.982617 0.996497 0.999302
 0.690581 0.918248 0.982617 0.996497 0.999302
 0.690581 0.918248 0.982617 0.996497 0.999302
 0.690581 0.918248 0.982617 0.996497 0.999302
 0.690581 0.918248 0.982617 0.996497 0.999302
 0.690581 0.918248 0.982617 0.996497 0.999302
 0.690581 0.918248 0.982617 0.996497 0.999302
 0.690581 0.918248 0.982617 0.996497 0.999302
 0.690581 0.918248 0.982617 0.996497 0.999302
 0.690581 0.918248 0.982617 0.996497 0.999302
 0.690581 0.918248 0.982617 0.996497 0.999302
 0.690581 0.918248 0.982617 0.996497 0.999302
 0.690581 0.918248 0.982617 0.996497 0.999302
 0.690581 0.918248 0.982617 0.996497 0.999302
 0.690581 0.918248 0.982617 0.996497 0.999302
 0.690581 0.918248 0.982617 0.996497 0.999302
 0.690581 0.918248 0.982617 0.996497 0.999302
 0.690581 0.918248 0.982617 0.996497 0.999302
 0.690581 0.918248 0.982617 0.996497 0.999302
 0.690581 0.918248 0.982617 0.996497 0.999302
Sel_pelaces
 0.368993 0.746381 0.936751 0.986761 0.997341
 0.368993 0.746381 0.936751 0.986761 0.997341
 0.368993 0.746381 0.936751 0.986761 0.997341
 0.368993 0.746381 0.936751 0.986761 0.997341
 0.368993 0.746381 0.936751 0.986761 0.997341
 0.368993 0.746381 0.936751 0.986761 0.997341
 0.368993 0.746381 0.936751 0.986761 0.997341
 0.368993 0.746381 0.936751 0.986761 0.997341
 0.368993 0.746381 0.936751 0.986761 0.997341
 0.368993 0.746381 0.936751 0.986761 0.997341
 0.368993 0.746381 0.936751 0.986761 0.997341
 0.368993 0.746381 0.936751 0.986761 0.997341
 0.368993 0.746381 0.936751 0.986761 0.997341
 0.368993 0.746381 0.936751 0.986761 0.997341
 0.368993 0.746381 0.936751 0.986761 0.997341
 0.368993 0.746381 0.936751 0.986761 0.997341
 0.368993 0.746381 0.936751 0.986761 0.997341
 0.368993 0.746381 0.936751 0.986761 0.997341
 0.368993 0.746381 0.936751 0.986761 0.997341
 0.368993 0.746381 0.936751 0.986761 0.997341
 0.368993 0.746381 0.936751 0.986761 0.997341
 0.368993 0.746381 0.936751 0.986761 0.997341
 0.368993 0.746381 0.936751 0.986761 0.997341
 0.368993 0.746381 0.936751 0.986761 0.997341
 0.368993 0.746381 0.936751 0.986761 0.997341
 0.368993 0.746381 0.936751 0.986761 0.997341
 0.368993 0.746381 0.936751 0.986761 0.997341
 0.368993 0.746381 0.936751 0.986761 0.997341
 0.368993 0.746381 0.936751 0.986761 0.997341
 0.368993 0.746381 0.936751 0.986761 0.997341
 0.368993 0.746381 0.936751 0.986761 0.997341
pf_obs 
 0.8446 0.082 0.0669 0.0065 0
 0.8095 0.147 0.0364 0.0071 0
 0.9664 0.0169 0.016 0.0007 0
 0.9276 0.0648 0.0075 0.0001 0
 0.7033 0.2144 0.0806 0.0017 0
 0.9318 0.0425 0.0243 0.0014 0
 0.5671 0.3108 0.0964 0.0239 0.0018
 0.0768 0.2599 0.5324 0.112 0.0189
 0.490249 0.384438 0.106611 0.0170017 0.00170017
 0.7925 0.1577 0.0466 0.003 0.0002
 0.840416 0.127587 0.0312969 0.00059994 9.999e-05
 0.8084 0.0986 0.0794 0.0134 0.0002
 0.7335 0.1905 0.0724 0.0035 0.0001
 0.4001 0.4547 0.1325 0.0127 0
 0.49795 0.308269 0.164784 0.0264974 0.00249975
 0.9179 0.0499 0.0305 0.0017 0
 0.2467 0.6533 0.0926 0.0074 0
 0.9418 0.0223 0.034 0.0019 0
 0.707729 0.231977 0.0356964 0.0245975 0
 0.517169 0.277429 0.184464 0.0207286 0.00020938
 0.811772 0.124168 0.05621 0.00726502 0.000585176
 0.764997 0.148141 0.077277 0.00933861 0.000247198
 0.163321 0.427699 0.378323 0.0303852 0.000271297
 0.753843 0.0900009 0.118128 0.0371064 0.000921714
 0.721811 0.176058 0.0630433 0.0369309 0.00215725
 0.143369 0.312575 0.442814 0.0836902 0.0175525
 0.692698 0.0596174 0.167031 0.0765114 0.00414204
 0.394062 0.376323 0.152708 0.0712218 0.00568511
 0.125707 0.32114 0.495352 0.0537591 0.00404204
 0.23352 0.215282 0.420074 0.123614 0.00750983
 0.796117 0.104755 0.0508955 0.0450114 0.00322123
pf_pred 
 0.060713 0.168985 0.676224 0.0940775 8.88423e-07
 0.127318 0.0855277 0.141615 0.566699 0.0788409
 0.964489 0.00818366 0.00267827 0.00443462 0.0202149
 0.583755 0.408906 0.00169122 0.000553486 0.00509401
 0.351764 0.497718 0.147865 0.000611561 0.00204219
 0.99579 0.00257861 0.00125233 0.000372049 6.67722e-06
 0.0746197 0.923186 0.00134433 0.000652886 0.000197444
 0.160459 0.126938 0.710912 0.00103522 0.000654809
 0.957036 0.0113549 0.00477933 0.0267664 6.36309e-05
 0.404311 0.582656 0.00344432 0.00144973 0.00813847
 0.964821 0.0239192 0.0110138 6.51072e-05 0.000181243
 0.915287 0.0830811 0.00110979 0.000511012 1.143e-05
 0.788046 0.20394 0.00785958 0.000104988 4.94237e-05
 0.846518 0.137868 0.0150241 0.000579011 1.13754e-05
 0.867483 0.12521 0.00656415 0.000715326 2.81094e-05
 0.983752 0.0154743 0.00073107 3.83265e-05 4.34074e-06
 0.173899 0.819801 0.00599952 0.000283443 1.65425e-05
 0.985979 0.00462231 0.00932663 6.82546e-05 3.41284e-06
 0.561591 0.43515 0.0010742 0.00216745 1.66551e-05
 0.831422 0.124507 0.0437437 0.000107984 0.000219558
 0.787433 0.194373 0.0134375 0.00472107 3.53502e-05
 0.896993 0.0913533 0.0106561 0.000736679 0.00026076
 0.125137 0.829454 0.0402717 0.00469757 0.000439706
 0.909506 0.0202311 0.0666159 0.00323434 0.00041259
 0.701612 0.283368 0.0033579 0.0110567 0.000605307
 0.338768 0.538772 0.116295 0.00137809 0.00478613
 0.887267 0.0558069 0.0463833 0.010012 0.000530683
 0.823881 0.165377 0.00531731 0.00441942 0.00100451
 0.239689 0.67802 0.0772724 0.0024845 0.00253432
 0.305144 0.247167 0.399234 0.0454998 0.0029552
 0.963927 0.0180448 0.0064128 0.0103582 0.00125718
pobs_RECLAS
 0 0 0 0 0
 0 0 0 0 0
 0 0 0 0 0
 0 0 0 0 0
 0 0 0 0 0
 0 0 0 0 0
 0 0 0 0 0
 0 0 0 0 0
 0 0 0 0 0
 0 0 0 0 0
 0.991045 0.00858322 0.000360255 1.14367e-05 0
 0.934742 0.0480273 0.0164251 0.00080598 0
 0.827803 0.169806 0.00239088 0 0
 0.941827 0.0461693 0.0120037 0 0
 0.791401 0.0380133 0.147996 0.0225897 0
 0.846168 0.0940531 0.0597789 0 0
 0.134021 0.677848 0.182769 0.00536245 0
 0.80878 0.0450904 0.141981 0.00414843 0
 0.846168 0.0940531 0.0597789 0 0
 0.905697 0.0802665 0.012482 0.00150086 5.37128e-05
 0.989698 0.0102097 9.19794e-05 0 0
 0.975433 0.0193895 0.00387452 0.00125025 5.28907e-05
 0.303575 0.632131 0.0575291 0.00676475 0
 0.966965 0.00978017 0.0227588 0.000495775 0
 0.843318 0.132988 0.00938335 0.0141283 0.000182051
 0.564624 0.303363 0.111486 0.0197234 0.00080311
 0.826376 0.0876187 0.0782897 0.00655872 0.00115652
 0.89761 0.0855135 0.0140674 0.00269457 0.000114338
 0.34875 0.467042 0.161289 0.0227151 0.000203297
 0.318654 0.224769 0.449479 0.00709798 0
 0.937255 0.0296025 0.0250945 0.00804832 0
ppred_RECLAS
 0.0679512 0.15834 0.678045 0.0956633 9.05942e-07
 0.145731 0.0779047 0.138035 0.560177 0.0781529
 0.969703 0.00654869 0.00229343 0.00385106 0.0176041
 0.648018 0.345265 0.0015281 0.000507168 0.00468086
 0.431666 0.429349 0.136495 0.000572511 0.00191717
 0.996416 0.00213423 0.00110917 0.000334173 6.01434e-06
 0.0939446 0.903743 0.00140827 0.000693601 0.000210348
 0.181065 0.116865 0.700379 0.00103429 0.000656061
 0.963244 0.00915551 0.00412374 0.0234211 5.58348e-05
 0.49794 0.490185 0.00310081 0.00132359 0.00745122
 0.970385 0.019692 0.00970294 5.81683e-05 0.000162383
 0.934119 0.064518 0.00092224 0.000430651 9.65969e-06
 0.830143 0.163001 0.00672221 9.10631e-05 4.29893e-05
 0.888794 0.099179 0.0115656 0.000452021 8.90552e-06
 0.904331 0.0900375 0.00505112 0.00055822 2.19975e-05
 0.987166 0.0121815 0.000615847 3.2742e-05 3.71869e-06
 0.216135 0.777467 0.00608855 0.000291713 1.70731e-05
 0.988031 0.00376869 0.00813729 6.03919e-05 3.02819e-06
 0.622006 0.374961 0.000990499 0.0020268 1.56181e-05
 0.860897 0.100885 0.0379293 9.49533e-05 0.000193607
 0.823611 0.160276 0.011857 0.00422462 3.1722e-05
 0.916159 0.0737598 0.00920698 0.000645491 0.000229125
 0.151132 0.801819 0.041659 0.00492803 0.000462576
 0.921086 0.0167217 0.05892 0.0029011 0.000371121
 0.741387 0.244586 0.0031015 0.0103567 0.000568581
 0.383773 0.495588 0.114473 0.00137566 0.00479112
 0.903902 0.0458825 0.040808 0.00893293 0.000474822
 0.84886 0.14125 0.0048599 0.00409631 0.000933687
 0.273733 0.642713 0.0783833 0.00255582 0.00261441
 0.352944 0.219993 0.380252 0.0439486 0.00286249
 0.970413 0.0142308 0.00541191 0.00886504 0.00107898
pobs_PELACES
 0 0 0 0 0
 0 0 0 0 0
 0 0 0 0 0
 0 0 0 0 0
 0 0 0 0 0
 0 0 0 0 0
 0 0 0 0 0
 0 0 0 0 0
 0 0 0 0 0
 0 0 0 0 0
 0 0 0 0 0
 0 0 0 0 0
 0 0 0 0 0
 0 0 0 0 0
 0 0 0 0 0
 0 0 0 0 0
 0.505614 0.472636 0.0217494 0 0
 0 0 0 0 0
 0.443492 0.261883 0.143347 0.151278 0
 0.227955 0.32914 0.350689 0.0885471 0.00366901
 0.970185 0.0296113 0.000203453 0 0
 0.997202 0.00247181 0.000326279 0 0
 0.445219 0.490057 0.0546422 0.010081 0
 0.90214 0.0892962 0.00764917 0.000914606 0
 0 0 0 0 0
 0.581667 0.319106 0.0959925 0.00289975 0.000334073
 0.762889 0.0836404 0.116647 0.0363945 0.000428098
 0.88444 0.0763242 0.0277011 0.0115352 0
 0.521256 0.241999 0.230069 0.00667565 0
 0.616807 0.101726 0.260614 0.0208532 0
 0.833518 0.0704572 0.0857862 0.0102388 0
ppred_PELACES
 0.0415346 0.141819 0.712264 0.104382 9.96299e-07
 0.0972863 0.0690691 0.143532 0.605036 0.0850769
 0.953567 0.00855452 0.00351372 0.00612853 0.0282359
 0.594885 0.395764 0.00205436 0.000708225 0.00658803
 0.389092 0.442697 0.165064 0.000719143 0.00242719
 0.994532 0.00303167 0.0018479 0.000578294 1.049e-05
 0.0746466 0.922541 0.00168603 0.000862553 0.000263648
 0.122085 0.109104 0.766883 0.00117634 0.000752051
 0.943984 0.0120407 0.00636064 0.0375242 9.01615e-05
 0.4702 0.514682 0.00381852 0.00169304 0.00960624
 0.956939 0.0270544 0.0156348 9.73581e-05 0.000273928
 0.918742 0.0792702 0.00132896 0.0006446 1.45726e-05
 0.795869 0.194526 0.00940893 0.000132393 6.29934e-05
 0.875532 0.10895 0.0149011 0.000604927 1.2012e-05
 0.892863 0.0997878 0.00656571 0.000753694 2.99346e-05
 0.983228 0.0157789 0.000935601 5.16677e-05 5.91446e-06
 0.180087 0.812061 0.00745865 0.000371191 2.1896e-05
 0.981672 0.00515859 0.0130635 0.000100706 5.08946e-06
 0.560991 0.434777 0.00134702 0.00286304 2.2236e-05
 0.820095 0.124549 0.0549196 0.00014281 0.000293481
 0.778072 0.198306 0.017206 0.00636782 4.81918e-05
 0.890554 0.0942791 0.0138023 0.00100513 0.000359596
 0.11626 0.826596 0.0503692 0.00618908 0.000585527
 0.880982 0.0221586 0.0915723 0.00468339 0.000603843
 0.671358 0.307339 0.00457087 0.0158542 0.000877255
 0.304893 0.540452 0.146412 0.00182761 0.00641534
 0.863487 0.0595341 0.0621017 0.0141204 0.000756478
 0.794963 0.189184 0.00763419 0.00668382 0.00153548
 0.204809 0.689746 0.0986587 0.00334148 0.00344502
 0.278102 0.219651 0.445281 0.0534569 0.00350924
 0.958094 0.0182359 0.00813368 0.0138393 0.00169768
pobs_pel_tallas
 0 0 0 0 0 0 0 0 0 0 0 0 0 0 0 0 0 0 0 0 0 0 0 0 0 0
 0 0 0 0 0 0 0 0 0 0 0 0 0 0 0 0 0 0 0 0 0 0 0 0 0 0
 0 0 0 0 0 0 0 0 0 0 0 0 0 0 0 0 0 0 0 0 0 0 0 0 0 0
 0 0 0 0 0 0 0 0 0 0 0 0 0 0 0 0 0 0 0 0 0 0 0 0 0 0
 0 0 0 0 0 0 0 0 0 0 0 0 0 0 0 0 0 0 0 0 0 0 0 0 0 0
 0 0 0 0 0 0 0 0 0 0 0 0 0 0 0 0 0 0 0 0 0 0 0 0 0 0
 0 0 0 0 0 0 0 0 0 0 0 0 0 0 0 0 0 0 0 0 0 0 0 0 0 0
 0 0 0 0 0 0 0 0 0 0 0 0 0 0 0 0 0 0 0 0 0 0 0 0 0 0
 0 0 0 0 0 0 0 0 0 0 0 0 0 0 0 0 0 0 0 0 0 0 0 0 0 0
 0 0 0 0 0 0 0 0 0 0 0 0 0 0 0 0 0 0 0 0 0 0 0 0 0 0
 0 0 0 0 0 0 0 0 0 0 0 0 0 0 0 0 0 0 0 0 0 0 0 0 0 0
 0 0 0 0 0 0 0 0 0 0 0 0 0 0 0 0 0 0 0 0 0 0 0 0 0 0
 0.00862536 0 0 0.000197151 0.00414017 0.0128641 0.00837892 0.0270097 0.101434 0.158115 0.152841 0.127902 0.109271 0.109419 0.0830992 0.0579132 0.0238553 0.00714673 0.00463305 0.00128148 0.00103504 0.000492878 0.000147863 0.000147863 4.92878e-05 0
 0 0 0 0 0 0 0 0 0 0 0 0 0 0 0 0 0 0 0 0 0 0 0 0 0 0
 0 0 0 0 0 0 0 0.0054083 0.00873648 0.0413646 0.0450493 0.0745869 0.0622846 0.0627006 0.0613931 0.0827291 0.12552 0.122667 0.0946155 0.0697135 0.0546179 0.0294188 0.0215738 0.0213955 0.0102223 0.00600262
 0 0 0 0 0.00359764 0.0251062 0.0480494 0.140153 0.205849 0.193036 0.1447 0.116669 0.0760912 0.0342217 0.00950174 0.001854 0.000860785 0 0 0 0.000165536 0 0.000143464 0 0 0
 0 0 0 0 0 0 0 0.000145254 0.000435761 0.0275982 0.070085 0.0708112 0.156366 0.174668 0.174014 0.160142 0.0824315 0.0480064 0.0283245 0.00493863 0.00203355 0 0 0 0 0
 0 0 0 0 0 0 0 0 0 0 0 0 0 0 0 0 0 0 0 0 0 0 0 0 0 0
 0 0 1.00437e-05 0.000401748 0.00122533 0.00171747 0.00176769 0.0269171 0.070346 0.194647 0.189555 0.159765 0.064822 0.0314167 0.0384472 0.0292271 0.0345202 0.0313363 0.0194345 0.0106764 0.0143323 0.0359363 0.0279516 0.0138201 0.00172751 0
 0 0.0021121 0.0136068 0.0755702 0.200478 0.177729 0.0527432 0.0373336 0.0318909 0.0142505 0.0149659 0.0166563 0.0217959 0.0798694 0.0677717 0.0528807 0.04013 0.0224614 0.0357745 0.0225083 0.00881397 0.00855152 0.00135912 0.000746735 0 0
 0 0 0 0 5.4009e-05 0.00500934 0.000945158 0.0243581 0.138947 0.33067 0.221406 0.137944 0.0707744 0.0437923 0.0131692 0.00525238 0.0047753 0.00276346 9.45158e-05 9.00151e-06 2.25038e-05 9.00151e-06 4.50075e-06 0 0 0
 0.000866109 0.00284123 0.00948549 0.0512746 0.133035 0.25785 0.225252 0.132002 0.0553304 0.0519788 0.0540692 0.017754 0.00435017 0.00159236 0.00146478 0.000404838 0.000125132 0.000115318 0.000107957 0.000100596 0 0 0 0 0 0
 0 0 0 0 0.00144013 0.00171154 0.00461396 0.0210425 0.0478622 0.0707936 0.0888783 0.103762 0.0637923 0.0337046 0.0602308 0.124433 0.169614 0.0934646 0.0462172 0.0250306 0.0313229 0.00938855 0.002487 0.000210481 0 0
 0 0.00764035 0.051015 0.0998891 0.058973 0.0496711 0.0374665 0.0718981 0.12319 0.153886 0.159021 0.0857701 0.0377988 0.023471 0.0147837 0.00900784 0.00315554 0.000888139 0.00291439 0.00214683 0.00393193 0.00274676 0.000635225 9.99891e-05 0 0
 0 0 0 0 0 0 0 0 0 0 0 0 0 0 0 0 0 0 0 0 0 0 0 0 0 0
 0 0 0 0 0 0 0 0 0 0 0 0 0 0 0 0 0 0 0 0 0 0 0 0 0 0
 0 0 0 0 0 0 0 0 0 0 0 0 0 0 0 0 0 0 0 0 0 0 0 0 0 0
 0 0 0 0 0 0 0 0 0 0 0 0 0 0 0 0 0 0 0 0 0 0 0 0 0 0
 0 0 0 0 0 0 0 0 0 0 0 0 0 0 0 0 0 0 0 0 0 0 0 0 0 0
 0 0 0 0 0 0 0 0 0 0 0 0 0 0 0 0 0 0 0 0 0 0 0 0 0 0
 0 0 0 0 0 0 0 0 0 0 0 0 0 0 0 0 0 0 0 0 0 0 0 0 0 0
ppred_pel_tallas
 1.31059e-16 3.42118e-06 3.32551e-05 0.000220992 0.00100461 0.00312579 0.00666036 0.00972407 0.00973884 0.00673306 0.00337309 0.00173303 0.00210271 0.00431743 0.00865686 0.0156554 0.0256974 0.0388787 0.0550883 0.0739778 0.0945349 0.114482 0.13022 0.137836 0.13482 0.121382
 1.79234e-16 8.01336e-06 7.78927e-05 0.000517625 0.00235305 0.00732125 0.015599 0.0227686 0.0227757 0.0156338 0.00743979 0.00270178 0.0014178 0.0021287 0.00416674 0.00760536 0.0127746 0.02017 0.0306133 0.0452858 0.0652927 0.0907422 0.119804 0.148444 0.171246 0.183113
 1.05497e-16 7.85441e-05 0.000763476 0.00507357 0.0230637 0.0717598 0.152892 0.22315 0.223151 0.152896 0.0717735 0.0231037 0.00517454 0.00098637 0.000509677 0.000740597 0.00111696 0.00154031 0.00198835 0.00250081 0.00317935 0.00413699 0.00541616 0.00692559 0.00843634 0.0096428
 1.01347e-16 4.9e-05 0.000476297 0.00316516 0.0143884 0.0447679 0.095384 0.139224 0.139262 0.09557 0.0453919 0.0161896 0.00768233 0.0103233 0.0187092 0.0307452 0.0440337 0.054848 0.0594315 0.0560663 0.0461344 0.0332621 0.021251 0.0123738 0.00699655 0.00427472
 1.0536e-16 3.20491e-05 0.000311529 0.00207022 0.00941095 0.0292812 0.0623882 0.0910664 0.0911093 0.0625976 0.0299844 0.011444 0.00718077 0.0114916 0.0213338 0.0353961 0.0513948 0.0654678 0.0736451 0.0740057 0.0677004 0.0579576 0.047956 0.0393018 0.0320085 0.0254642
 1.00114e-16 8.19183e-05 0.000796275 0.00529152 0.0240545 0.0748425 0.15946 0.232736 0.232737 0.159461 0.0748473 0.0240685 0.00532683 0.000873732 0.000230151 0.000253775 0.000364493 0.000472614 0.00054812 0.000578855 0.000571934 0.000545879 0.000516261 0.000486744 0.000451246 0.000402673
 1.00416e-16 6.14874e-06 5.9768e-05 0.000397184 0.00180559 0.00561835 0.0119738 0.0174947 0.0175834 0.0124071 0.00707278 0.00600376 0.0109249 0.0230076 0.0434875 0.0716199 0.102551 0.127657 0.138156 0.130008 0.106403 0.075782 0.0470296 0.0255124 0.0121954 0.00524373
 1.22404e-16 1.0056e-05 9.77478e-05 0.000649569 0.00295285 0.00918748 0.0195753 0.0285732 0.0285849 0.0196329 0.00938418 0.00353568 0.00216788 0.0035948 0.00718463 0.013246 0.0222881 0.0346703 0.0504822 0.0693061 0.0897207 0.108869 0.122738 0.127473 0.121158 0.104918
 1.03966e-16 7.77547e-05 0.000755804 0.00502258 0.0228319 0.0710386 0.151355 0.220908 0.220909 0.151361 0.0710581 0.0228885 0.00516574 0.00107246 0.000691975 0.00105666 0.00160444 0.00222174 0.00286853 0.00357187 0.00442021 0.00549452 0.00677312 0.00808187 0.00913334 0.00963729
 1.02038e-16 3.87298e-05 0.000376468 0.00250176 0.0113727 0.0353849 0.0753931 0.110049 0.110098 0.0756349 0.0361965 0.0137153 0.00837677 0.0131839 0.0243101 0.0399917 0.057287 0.0713734 0.077372 0.0730529 0.0602146 0.0435689 0.0280505 0.0166005 0.00967966 0.00617668
 1.00515e-16 7.88218e-05 0.000766176 0.00509151 0.0231453 0.0720135 0.153433 0.22394 0.223943 0.153445 0.0720567 0.0232701 0.00540582 0.00145512 0.00139543 0.00220336 0.00321525 0.00414389 0.00475045 0.00491812 0.00470457 0.00427943 0.0038002 0.00333193 0.00285964 0.00235424
 1.00126e-16 7.56756e-05 0.000735593 0.00488828 0.0222214 0.0691391 0.147308 0.215002 0.21501 0.147346 0.0692641 0.0225823 0.00579335 0.00270877 0.00381544 0.00616782 0.00883045 0.0110051 0.0119356 0.0112757 0.0092977 0.00672086 0.00429943 0.00248445 0.0013515 0.000740863
 1.00346e-16 6.55547e-05 0.000637215 0.00423452 0.0192495 0.0598925 0.127608 0.186252 0.18627 0.1277 0.0601995 0.0201358 0.0064576 0.0054852 0.00925796 0.0151625 0.0217437 0.0271481 0.0295333 0.0280479 0.023343 0.0171529 0.0112916 0.00683785 0.00397171 0.0023226
 1.00521e-16 7.21164e-05 0.000700997 0.00465837 0.0211763 0.0658874 0.14038 0.204892 0.204902 0.140432 0.0660596 0.0216738 0.00590695 0.00342623 0.00524652 0.0085557 0.0123084 0.0154561 0.0169802 0.0164053 0.0140742 0.01091 0.00786351 0.00547992 0.00383083 0.00272203
 1.00296e-16 7.3544e-05 0.000714873 0.00475059 0.0215955 0.0671916 0.143159 0.208947 0.208957 0.143206 0.0673491 0.0220503 0.00589166 0.00320375 0.0047942 0.00779306 0.0111805 0.0139779 0.0152416 0.0145361 0.0121927 0.00909226 0.00615201 0.00391144 0.00245318 0.00158517
 1.00038e-16 8.09872e-05 0.000787224 0.00523138 0.0237811 0.0739918 0.157648 0.230091 0.230093 0.157655 0.0740168 0.023853 0.00541177 0.00118065 0.000827115 0.00123638 0.00176647 0.00220694 0.00240412 0.00228878 0.00191343 0.00141785 0.000947962 0.000590024 0.000357873 0.000221447
 1.00464e-16 1.48337e-05 0.000144189 0.000958191 0.00435585 0.0135531 0.0288791 0.0421663 0.0422444 0.0292606 0.0148335 0.00805191 0.0102272 0.0203498 0.0383045 0.0630798 0.0903464 0.112516 0.121865 0.114838 0.0942255 0.0674281 0.0422284 0.0233176 0.0115341 0.00527785
 1.0039e-16 8.0859e-05 0.000785979 0.0052231 0.0237435 0.0738748 0.157398 0.229727 0.229728 0.157401 0.0738833 0.0237684 0.00528663 0.000927651 0.000358655 0.000487614 0.000747047 0.00104785 0.00135536 0.00164793 0.00191287 0.0021317 0.00226771 0.00227406 0.00212104 0.00182078
 1.00441e-16 4.62082e-05 0.00044916 0.00298483 0.0135686 0.0422172 0.0899498 0.131293 0.131335 0.090154 0.0429027 0.0155473 0.00794675 0.0112653 0.0205416 0.0337646 0.0483494 0.0602014 0.0651846 0.0613997 0.0503527 0.0360185 0.0225748 0.012534 0.00633179 0.00308711
 1.01681e-16 6.75502e-05 0.000656612 0.00436341 0.0198355 0.0617155 0.131492 0.191919 0.191931 0.131551 0.0619137 0.0204084 0.00580422 0.00381061 0.00608286 0.0100147 0.0145705 0.0186317 0.0210897 0.0214032 0.0198752 0.0173705 0.0147275 0.0123503 0.0102231 0.00819282
 1.01195e-16 6.40888e-05 0.000622966 0.00413983 0.0188191 0.0585532 0.124755 0.182087 0.182106 0.124848 0.0588665 0.0197236 0.00640939 0.00557468 0.00946021 0.015517 0.0222971 0.0279349 0.0305755 0.0293644 0.0249578 0.0190857 0.0135312 0.00931509 0.00655409 0.00483805
 1.00585e-16 7.33538e-05 0.000713025 0.0047383 0.0215396 0.0670178 0.142789 0.208406 0.208416 0.142833 0.0671669 0.0219702 0.00581913 0.00307241 0.00455394 0.00741146 0.0106664 0.0134056 0.0147493 0.0142884 0.0123189 0.00963555 0.00705415 0.0050373 0.0036387 0.00268526
 1.02385e-16 9.57636e-06 9.30857e-05 0.000618591 0.00281208 0.00874984 0.0186454 0.0272302 0.0273097 0.0190341 0.0100546 0.00657928 0.0100693 0.0207058 0.0391028 0.0644874 0.0925599 0.115686 0.126079 0.120136 0.100609 0.0748166 0.0503831 0.0318005 0.0197616 0.0126661
 1.03221e-16 7.25653e-05 0.000705361 0.00468737 0.0213081 0.0662974 0.141254 0.206164 0.206167 0.141265 0.0663353 0.0214194 0.00497331 0.00135142 0.00136344 0.00230539 0.00369995 0.00545419 0.00749684 0.0097486 0.01208 0.0142349 0.0158104 0.016373 0.0156658 0.0137673
 1.01949e-16 5.52989e-05 0.000537525 0.00357205 0.016238 0.0505227 0.107645 0.157117 0.157147 0.107789 0.0510075 0.0176375 0.0070822 0.00819111 0.0145643 0.0239214 0.0342954 0.0427993 0.0465406 0.0442082 0.0368829 0.0273589 0.01853 0.0120723 0.00817434 0.00611006
 1.05633e-16 2.51137e-05 0.000244114 0.00162223 0.00737445 0.0229449 0.0488885 0.0713652 0.0714174 0.0491436 0.0238017 0.00985036 0.00784192 0.0138375 0.0258872 0.0428746 0.0620295 0.0785534 0.0875273 0.0866118 0.0773516 0.0639713 0.0507129 0.0398434 0.0314949 0.0247851
 1.03352e-16 7.11243e-05 0.000691354 0.00459429 0.020885 0.0649809 0.138449 0.202071 0.202077 0.138477 0.0650769 0.0211633 0.0052971 0.00223965 0.00305289 0.00504245 0.00750945 0.00997214 0.011978 0.013302 0.0140293 0.0143949 0.0145272 0.0143302 0.0135922 0.0121944
 1.01199e-16 6.54801e-05 0.00063649 0.0042297 0.0192276 0.0598243 0.127463 0.186039 0.186058 0.127552 0.0601229 0.0200895 0.00639187 0.00535189 0.00900734 0.0147521 0.0211629 0.0264431 0.0288135 0.027463 0.0230429 0.0172507 0.0118436 0.00783911 0.00535722 0.00397353
 1.03942e-16 1.687e-05 0.000163982 0.00108972 0.00495376 0.0154133 0.0328422 0.0479481 0.0480146 0.033167 0.0165039 0.00810364 0.00899595 0.0174219 0.0327879 0.0541641 0.0779863 0.0979797 0.107732 0.104242 0.089678 0.0698677 0.0508041 0.0359051 0.0255944 0.0186244
 1.18861e-16 2.2907e-05 0.000222664 0.00147968 0.00672643 0.0209285 0.0445912 0.0650868 0.0651086 0.0446982 0.0212896 0.0077776 0.00414987 0.00615627 0.0115982 0.0199364 0.0305764 0.0423252 0.0538487 0.064338 0.0736026 0.0814242 0.0868459 0.0882407 0.0842433 0.0747819
 1.01915e-16 7.89169e-05 0.0007671 0.00509765 0.0231732 0.0721004 0.153618 0.22421 0.224211 0.153626 0.0721295 0.0232575 0.00531002 0.00123319 0.00097171 0.00150219 0.00220692 0.00288711 0.00340489 0.00371384 0.00388483 0.00404801 0.00429017 0.00458862 0.00482597 0.00486336
pSPR Fmed_Fpbrs
0.216934   0.6 0.325
Fs Fmed_Fpbrs
1.13169   0.308412 0.770703
SSBpbr Bo_Bmed_Bpbrs
1.46285e+06  244199  804567 402283
Ro
52245.5
SPR SPRFo_SPRFmed_SPRFpbrs
372909 80896.4 121195
Fref
0.308412
Nvult_r0
 93202.2 1401.27 497.987 804.37 97.6263
CTP_r0
 42661.8 798.632 283.82 458.439 55.6407
YTP_r0
390941
Np
 90394 27323.1 4732.32 41.0327 18.5232
Nvult_p0
 63070.9 19939.1 3453.42 29.9436 13.5173
CTP_p0
 10355.7 3012.12 26.1172 9.28162 16.4577
 10355.7 4699.93 814.021 7.05815 3.18622
YTP_p0
 126197 170355
CBA_c0
139445
log_Ro
10.6837
likeval ReclasPelacesDesembMPH_pf_preclas_ppelaces_ptallas_desvR_qrecl_qpela
 16.1267 19.0228 0.272506 0.000931716 322.124 119.911 119.192 0 88.162 0.000135174 0.000310043 0.00263792 8.47935e-16 0 0
q_reclas_q_pelaces
5.19406 12.2447
M
1
N
 9790.51 18159.3 72667.9 10109.7 0.0954711
 5975.9 2951.4 4886.86 19555.7 2720.65
 171231 1067.94 349.507 578.705 2637.98
 56694.6 30640.8 126.729 41.4747 381.712
 6335.67 7299.53 2168.59 8.96917 29.9508
 287322 511.991 248.653 73.8714 1.32578
 7936.18 74172.6 108.009 52.4556 15.8635
 2123.62 1188.78 6657.71 9.69485 6.1323
 54801.7 473.701 199.383 1116.64 2.65454
 8695.42 10350.8 61.1881 25.7544 144.579
 34658.9 604.331 278.269 1.64497 4.57921
 114109 7988.9 106.715 49.1378 1.09909
 73599.3 14727.6 567.584 7.58173 3.56916
 69391.1 9322 1015.86 39.15 0.769151
 41272.1 4897.87 256.772 27.9817 1.09956
 256354 3016.89 142.531 7.47221 0.84628
 11298.4 40980.1 299.903 14.1687 0.826925
 445616 1485.48 2997.3 21.935 1.09679
 165426 96777.2 238.9 482.039 3.70407
 221412 24876.1 8739.87 21.5749 43.867
 189215 34744.4 2401.96 843.895 6.31887
 415842 31399.8 3662.69 253.211 89.628
 14579.5 70491.4 3422.5 399.224 37.3685
 173773 2733.6 9001.03 437.019 55.7484
 136363 38888.4 460.826 1517.38 83.0701
 27116.7 30772.7 6642.37 78.7117 273.366
 127436 5776.15 4800.79 1036.26 54.927
 186775 25665.5 825.211 685.865 155.893
 25634.4 49485 5639.7 181.331 184.967
 11155.5 6897.73 11141.5 1269.77 82.4715
 110713 1553.1 551.946 891.527 108.205
pred_Ctot
 1135.73 3161.11 12649.8 1759.86 0.0166193
 2057.81 1382.36 2288.88 9159.4 1274.28
 58883.9 499.628 163.514 270.742 1234.16
 25298.4 17720.9 73.2928 23.9866 220.761
 3508.69 4964.52 1474.89 6.10006 20.37
 55751.3 144.369 70.114 20.8299 0.373837
 3193.34 39507.6 57.5304 27.9402 8.44962
 550.193 435.254 2437.62 3.54962 2.24525
 17780.2 210.955 88.7921 497.276 1.18216
 5056.66 7287.19 43.0776 18.1316 101.787
 8496.25 210.634 96.988 0.573337 1.59604
 50841.5 4614.91 61.6456 28.3852 0.634905
 33169.2 8583.92 330.813 4.41898 2.08027
 40164.9 6541.46 712.854 27.4725 0.539731
 23631.4 3410.89 178.816 19.4865 0.765738
 97906.3 1540.05 72.7585 3.81438 0.432005
 4976.4 23459.9 171.686 8.11117 0.47339
 120399 564.433 1138.88 8.33461 0.416744
 66366.2 51424 126.943 256.139 1.96822
 85875.7 12860 4518.19 11.1534 22.6777
 69948.8 17266.5 1193.67 419.38 3.14021
 150766 15354.6 1791.07 123.821 43.8284
 4769.48 31613.8 1534.92 179.043 16.759
 44784.3 996.186 3280.18 159.26 20.316
 34662 13999.4 165.892 546.24 29.9043
 7540.52 11992.4 2588.58 30.6745 106.533
 38262 2406.59 2000.21 431.75 22.8849
 33927.3 6810.21 218.966 181.991 41.3654
 4463.72 12626.7 1439.04 46.2688 47.1966
 4732.22 3833.1 6191.39 705.618 45.8298
 42661.8 798.632 283.82 458.439 55.6407
F
 0.199133 0.312631 0.312631 0.312631 0.312631
 0.722 1.13351 1.13351 1.13351 1.13351
 0.720679 1.13144 1.13144 1.13144 1.13144
 1.04987 1.64826 1.64826 1.64826 1.64826
 1.51564 2.37951 2.37951 2.37951 2.37951
 0.354207 0.556092 0.556092 0.556092 0.556092
 0.898505 1.41062 1.41062 1.41062 1.41062
 0.500301 0.785454 0.785454 0.785454 0.785454
 0.666654 1.04662 1.04662 1.04662 1.04662
 1.66643 2.61623 2.61623 2.61623 2.61623
 0.467501 0.73396 0.73396 0.73396 0.73396
 1.04743 1.64442 1.64442 1.64442 1.64442
 1.06626 1.67399 1.67399 1.67399 1.67399
 1.65096 2.59194 2.59194 2.59194 2.59194
 1.61596 2.537 2.537 2.537 2.537
 0.833473 1.30852 1.30852 1.30852 1.30852
 1.02892 1.61537 1.61537 1.61537 1.61537
 0.527046 0.827443 0.827443 0.827443 0.827443
 0.894617 1.40452 1.40452 1.40452 1.40452
 0.852009 1.33762 1.33762 1.33762 1.33762
 0.796082 1.24982 1.24982 1.24982 1.24982
 0.774814 1.21643 1.21643 1.21643 1.21643
 0.673997 1.05815 1.05815 1.05815 1.05815
 0.497051 0.780353 0.780353 0.780353 0.780353
 0.488692 0.767228 0.767229 0.767229 0.767229
 0.546413 0.857848 0.857848 0.857848 0.857848
 0.602469 0.945854 0.945854 0.945854 0.945854
 0.328235 0.515317 0.515317 0.515317 0.515317
 0.312741 0.490992 0.490992 0.490992 0.490992
 0.971677 1.5255 1.5255 1.5255 1.5255
 0.844115 1.32523 1.32523 1.32523 1.32523
YTP_r0W_actual
 354093 11260.7 7833.44 15678.6 2075.4
YTP_p0W_proyectada
 77563.9 47199.9 604.092 272.601 556.764
 77563.9 73647.9 18828.3 207.298 107.79
CTP_r0_actual
 42661.8 798.632 283.82 458.439 55.6407
CTP_p0_proyectada
 10355.7 3012.12 26.1172 9.28162 16.4577
 10355.7 4699.93 814.021 7.05815 3.18622
Wmedp
 7.49 15.67 23.13 29.37 33.83
Frms_r0
 0.844115 1.32523 1.32523 1.32523 1.32523
Zrms_r0
 1.84411 2.32523 2.32523 2.32523 2.32523
nmprior
 8.19 8.8 8.5 0
nm_flota  nm_reclas  nm_pelaces    nm_pelaL
inf 20.0313 4.29919 6.65891
cv_recla  cv_pelaces  cv_mph
0.363244 0.494549 0.941992
 ------------------------------------------------
Talla a la edad & desviaci?n 
 8 13.2811 15.8009 17.003 17.5766
 0.8 1.32811 1.58009 1.7003 1.75766
