years
 1991 1992 1993 1994 1995 1996 1997 1998 1999 2000 2001 2002 2003 2004 2005 2006 2007 2008 2009 2010 2011 2012 2013 2014 2015 2016 2017 2018 2019 2020 2021
reclasobs
 0 0 0 0 0 0 0 0 0 252601 567819 844713 477998 351125 339783 2.1784e+06 2.13404e+06 4.81314e+06 1.55562e+06 2.62356e+06 3.21686e+06 3.843e+06 1.13348e+06 3.07943e+06 1.97215e+06 2.03268e+06 2.025e+06 2.42433e+06 2.27542e+06 1.05018e+06 2.36338e+06
reclaspred
 3.26222e+06 1.82278e+06 923639 938092 943510 1.50692e+06 936145 824912 597466 429727 504517 653365 643109 497113 500279 1.30477e+06 1.24515e+06 2.88953e+06 2.35904e+06 1.74785e+06 3.07259e+06 2.49873e+06 1.97319e+06 3.05295e+06 2.29126e+06 2.02829e+06 2.40723e+06 2.56008e+06 2.08571e+06 1.31592e+06 1.89805e+06
pelacesobs
 0 0 0 0 0 0 0 0 0 0 0 0 0 0 0 552880 188675 0 991730 2.46772e+06 1.41603e+06 1.21717e+06 2.29649e+06 1.80582e+06 0 1.4828e+06 1.56532e+06 1.57751e+06 1.42118e+06 867257 1.10002e+06
pelacespred
 1.81872e+06 1.1277e+06 569535 474114 499481 825389 472211 519034 360541 244732 298826 321759 348450 282235 292597 635501 608115 1.63231e+06 1.3683e+06 937738 1.6093e+06 1.40802e+06 1.11559e+06 1.89606e+06 1.36726e+06 1.20895e+06 1.63595e+06 1.71584e+06 1.15099e+06 822021 1.18705e+06
mphobs
 0 0 0 0 0 0 0 0 0 0 0 498337 0 5186 125008 0 168611 109162 213762 579715 649985 157893 87575 83554 0 0 0 0 0 0 0
mphpred
 494266 331134 164303 90047.4 100063 114928 151663 92677.6 82225.8 55766.2 36388.2 59908.4 64187 54062.4 36037.3 45619.9 149313 140688 287068 213052 227091 279475 265858 218705 306146 252906 208024 221689 310020 209865 127339
desembarqueobs
 494567 514787 250237 358949 120608 361735 552515 73892 212993 205616 52469 317467 293654 387597 252695 516296 358380 742168 942051 627588 828172 859565 418607 520667 417249 300574 415391 372974 316634 284311 391294
desembarquepred
 494574 513523 250870 358980 120613 361750 552567 73896.6 213046 205665 52471.7 317537 293707 387632 252690 516259 358406 742065 941850 627449 828248 859585 418617 520693 417248 300576 415391 372957 316627 284320 391299
Reclutas
 194426 108556 108611 183003 146665 250731 103188 46503.7 43801.2 58143.2 107787 144875 121142 84739.9 83296.1 444938 94694.8 696923 396999 309629 448080 606259 126431 369587 314268 140430 313358 351393 104357 77630.2 295654
log_desv_Rt
 0.135445 -0.447339 -0.446833 0.0748916 -0.146456 0.389773 -0.498053 -1.29508 -1.35495 -1.0717 -0.454456 -0.158736 -0.337649 -0.695023 -0.712208 0.963327 -0.58395 1.41207 0.849324 0.600766 0.970364 1.2727 -0.29491 0.777777 0.615636 -0.189898 0.612739 0.727296 -0.486792 -0.782652 0.554579
SSB
 2.96116e+06 1.98383e+06 984344 539475 599477 688536 908617 555233 492616 334096 218002 358912 384545 323888 215900 273309 894537 842864 1.71983e+06 1.2764e+06 1.36051e+06 1.67434e+06 1.59276e+06 1.31026e+06 1.83412e+06 1.51516e+06 1.24627e+06 1.32814e+06 1.85734e+06 1.2573e+06 762887
BT
 4.02167e+06 2.74154e+06 1.37663e+06 1.23984e+06 1.08447e+06 1.94336e+06 1.43089e+06 1.09326e+06 926232 683510 637603 903767 957215 962439 833311 1.67805e+06 1.485e+06 3.89035e+06 3.61616e+06 2.42044e+06 3.8627e+06 3.59084e+06 2.57512e+06 4.24268e+06 3.09434e+06 2.6619e+06 3.66676e+06 3.77542e+06 2.54254e+06 1.90479e+06 2.7303e+06
Ftot
 0.142427 0.259486 0.252991 0.377847 0.125868 0.243769 0.540565 0.0876492 0.344652 0.457862 0.109524 0.477873 0.44748 0.750467 0.517399 0.423754 0.273743 0.271168 0.387316 0.35118 0.270201 0.341471 0.201376 0.176517 0.177574 0.143355 0.177236 0.151341 0.141381 0.203962 0.216492
BD_Bspro_t
 0.977469 0.837553 0.671589 0.580982 0.575914 0.65426 0.646034 0.479894 0.53684 0.490394 0.454906 0.662777 0.545132 0.454292 0.345111 0.401606 0.577284 0.549965 0.653598 0.553059 0.523007 0.57137 0.587521 0.579345 0.686788 0.695902 0.703029 0.738626 0.78336 0.716198 0.64637
BD_Bspro
 2.44329 1.63688 0.812197 0.445129 0.494637 0.568121 0.749713 0.45813 0.406465 0.275667 0.179877 0.296143 0.317294 0.267245 0.178142 0.225511 0.738095 0.695459 1.41905 1.05318 1.12257 1.38152 1.31421 1.08112 1.51336 1.25018 1.02832 1.09587 1.53252 1.03742 0.629469
BD_Bo
 1.63387 1.09461 0.54313 0.297666 0.330773 0.379913 0.501347 0.30636 0.27181 0.184344 0.120287 0.198036 0.21218 0.178712 0.119127 0.150804 0.493578 0.465066 0.948947 0.704278 0.750685 0.923849 0.878834 0.722962 1.01201 0.836021 0.687655 0.732826 1.02482 0.693742 0.420937
BD_Brms
 2.97068 1.99021 0.98751 0.541211 0.601405 0.690751 0.91154 0.557018 0.4942 0.33517 0.218703 0.360066 0.385782 0.32493 0.216594 0.274188 0.897414 0.845575 1.72536 1.28051 1.36488 1.67973 1.59788 1.31448 1.84002 1.52004 1.25028 1.33241 1.86331 1.26135 0.765341
Sel_flota
 0.790689 1 1 1 1
 0.790689 1 1 1 1
 0.790689 1 1 1 1
 0.790689 1 1 1 1
 0.790689 1 1 1 1
 0.790689 1 1 1 1
 0.790689 1 1 1 1
 0.790689 1 1 1 1
 0.790689 1 1 1 1
 0.790689 1 1 1 1
 0.790689 1 1 1 1
 0.790689 1 1 1 1
 0.790689 1 1 1 1
 0.790689 1 1 1 1
 0.790689 1 1 1 1
 0.790689 1 1 1 1
 0.790689 1 1 1 1
 0.790689 1 1 1 1
 0.790689 1 1 1 1
 0.790689 1 1 1 1
 0.790689 1 1 1 1
 0.790689 1 1 1 1
 0.790689 1 1 1 1
 0.790689 1 1 1 1
 0.790689 1 1 1 1
 0.790689 1 1 1 1
 0.790689 1 1 1 1
 0.790689 1 1 1 1
 0.790689 1 1 1 1
 0.790689 1 1 1 1
 0.790689 1 1 1 1
Sel_reclas
 1 1 1 1 1
 1 1 1 1 1
 1 1 1 1 1
 1 1 1 1 1
 1 1 1 1 1
 1 1 1 1 1
 1 1 1 1 1
 1 1 1 1 1
 1 1 1 1 1
 1 1 1 1 1
 1 1 1 1 1
 1 1 1 1 1
 1 1 1 1 1
 1 1 1 1 1
 1 1 1 1 1
 1 1 1 1 1
 1 1 1 1 1
 1 1 1 1 1
 1 1 1 1 1
 1 1 1 1 1
 1 1 1 1 1
 1 1 1 1 1
 1 1 1 1 1
 1 1 1 1 1
 1 1 1 1 1
 1 1 1 1 1
 1 1 1 1 1
 1 1 1 1 1
 1 1 1 1 1
 1 1 1 1 1
 1 1 1 1 1
Sel_pelaces
 1 1 1 1 1
 1 1 1 1 1
 1 1 1 1 1
 1 1 1 1 1
 1 1 1 1 1
 1 1 1 1 1
 1 1 1 1 1
 1 1 1 1 1
 1 1 1 1 1
 1 1 1 1 1
 1 1 1 1 1
 1 1 1 1 1
 1 1 1 1 1
 1 1 1 1 1
 1 1 1 1 1
 1 1 1 1 1
 1 1 1 1 1
 1 1 1 1 1
 1 1 1 1 1
 1 1 1 1 1
 1 1 1 1 1
 1 1 1 1 1
 1 1 1 1 1
 1 1 1 1 1
 1 1 1 1 1
 1 1 1 1 1
 1 1 1 1 1
 1 1 1 1 1
 1 1 1 1 1
 1 1 1 1 1
 1 1 1 1 1
pf_obs 
 0.8446 0.082 0.0669 0.0065 0
 0.8095 0.147 0.0364 0.0071 0
 0.9664 0.0169 0.016 0.0007 0
 0.9276 0.0648 0.0075 0.0001 0
 0.7033 0.2144 0.0806 0.0017 0
 0.9318 0.0425 0.0243 0.0014 0
 0.5671 0.3108 0.0964 0.0239 0.0018
 0.0768 0.2599 0.5324 0.112 0.0189
 0.490249 0.384438 0.106611 0.0170017 0.00170017
 0.7925 0.1577 0.0466 0.003 0.0002
 0.840416 0.127587 0.0312969 0.00059994 9.999e-05
 0.8084 0.0986 0.0794 0.0134 0.0002
 0.7335 0.1905 0.0724 0.0035 0.0001
 0.4001 0.4547 0.1325 0.0127 0
 0.49795 0.308269 0.164784 0.0264974 0.00249975
 0.9179 0.0499 0.0305 0.0017 0
 0.2467 0.6533 0.0926 0.0074 0
 0.9418 0.0223 0.034 0.0019 0
 0.707729 0.231977 0.0356964 0.0245975 0
 0.517169 0.277429 0.184464 0.0207286 0.00020938
 0.811772 0.124168 0.05621 0.00726502 0.000585176
 0.764997 0.148141 0.077277 0.00933861 0.000247198
 0.163321 0.427699 0.378323 0.0303852 0.000271297
 0.753843 0.0900009 0.118128 0.0371064 0.000921714
 0.721811 0.176058 0.0630433 0.0369309 0.00215725
 0.143369 0.312575 0.442814 0.0836902 0.0175525
 0.692698 0.0596174 0.167031 0.0765114 0.00414204
 0.394062 0.376323 0.152708 0.0712218 0.00568511
 0.125707 0.32114 0.495352 0.0537591 0.00404204
 0.23352 0.215282 0.420074 0.123614 0.00750983
 0.796117 0.104755 0.0508955 0.0450114 0.00322123
pf_pred 
 0.455308 0.124405 0.396295 0.0239912 8.04521e-07
 0.41569 0.302851 0.0642838 0.204778 0.0123974
 0.565051 0.209535 0.116833 0.0247992 0.0837813
 0.741619 0.162544 0.0461693 0.0257432 0.0239248
 0.650268 0.277007 0.0457501 0.012995 0.0139797
 0.744906 0.17981 0.0596291 0.00984825 0.00580662
 0.470023 0.419743 0.077701 0.0257674 0.00676491
 0.449702 0.300511 0.197832 0.0366218 0.015333
 0.532827 0.238697 0.124768 0.0821371 0.0215709
 0.700344 0.180124 0.0610733 0.0319233 0.0265348
 0.814113 0.140931 0.0270227 0.00916237 0.00877003
 0.735372 0.22462 0.0303324 0.00581603 0.00385955
 0.682056 0.250832 0.0569652 0.0076925 0.0024538
 0.627282 0.276494 0.0759132 0.0172402 0.00307073
 0.736594 0.184803 0.0583097 0.0160093 0.00428337
 0.933987 0.0522068 0.00968632 0.00305625 0.00106362
 0.383245 0.585749 0.0245217 0.00454969 0.00193512
 0.900118 0.0448027 0.0523101 0.0021899 0.000579123
 0.590764 0.377247 0.014349 0.0167534 0.000886838
 0.606391 0.258724 0.124341 0.00472944 0.00581424
 0.738008 0.175732 0.0566997 0.0272494 0.00231066
 0.744454 0.201009 0.0365807 0.0118027 0.00615327
 0.321588 0.538458 0.110085 0.020034 0.00983384
 0.740073 0.0989586 0.127761 0.0261202 0.00708679
 0.626521 0.293692 0.0303765 0.0392178 0.0101933
 0.433671 0.38762 0.140531 0.0145351 0.0236431
 0.730246 0.133914 0.0929743 0.0337077 0.00915741
 0.68599 0.244231 0.0346407 0.0240504 0.0110883
 0.34952 0.479987 0.132606 0.0188084 0.0190787
 0.426503 0.234466 0.25017 0.0691147 0.0197468
 0.827881 0.084518 0.0358142 0.038213 0.0135735
pobs_RECLAS
 0 0 0 0 0
 0 0 0 0 0
 0 0 0 0 0
 0 0 0 0 0
 0 0 0 0 0
 0 0 0 0 0
 0 0 0 0 0
 0 0 0 0 0
 0 0 0 0 0
 0 0 0 0 0
 0.991045 0.00858322 0.000360255 1.14367e-05 0
 0.934742 0.0480273 0.0164251 0.00080598 0
 0.827803 0.169806 0.00239088 0 0
 0.941827 0.0461693 0.0120037 0 0
 0.791401 0.0380133 0.147996 0.0225897 0
 0.846168 0.0940531 0.0597789 0 0
 0.134021 0.677848 0.182769 0.00536245 0
 0.80878 0.0450904 0.141981 0.00414843 0
 0.846168 0.0940531 0.0597789 0 0
 0.905697 0.0802665 0.012482 0.00150086 5.37128e-05
 0.989698 0.0102097 9.19794e-05 0 0
 0.975433 0.0193895 0.00387452 0.00125025 5.28907e-05
 0.303575 0.632131 0.0575291 0.00676475 0
 0.966965 0.00978017 0.0227588 0.000495775 0
 0.843318 0.132988 0.00938335 0.0141283 0.000182051
 0.564624 0.303363 0.111486 0.0197234 0.00080311
 0.826376 0.0876187 0.0782897 0.00655872 0.00115652
 0.89761 0.0855135 0.0140674 0.00269457 0.000114338
 0.34875 0.467042 0.161289 0.0227151 0.000203297
 0.318654 0.224769 0.449479 0.00709798 0
 0.937255 0.0296025 0.0250945 0.00804832 0
ppred_RECLAS
 0.514583 0.110867 0.353169 0.0213804 7.16971e-07
 0.47497 0.272126 0.0577619 0.184002 0.0111397
 0.622887 0.181673 0.101298 0.0215017 0.0726409
 0.785467 0.134959 0.0383341 0.0213745 0.0198647
 0.70213 0.23593 0.0389658 0.0110679 0.0119067
 0.787769 0.149597 0.0496096 0.00819345 0.00483093
 0.532032 0.370632 0.0686098 0.0227526 0.0059734
 0.508647 0.268322 0.176641 0.0326991 0.0136906
 0.592425 0.208246 0.108851 0.0716588 0.0188191
 0.749264 0.150718 0.0511029 0.0267117 0.0222029
 0.847338 0.115742 0.0221928 0.00752475 0.00720253
 0.780472 0.186339 0.0251629 0.00482482 0.00320178
 0.732761 0.21083 0.0478805 0.00646571 0.00206247
 0.684893 0.233756 0.0641792 0.0145754 0.00259608
 0.781759 0.153116 0.0483116 0.0132643 0.00354892
 0.947566 0.0414676 0.00769379 0.00242756 0.000844829
 0.441482 0.53044 0.0222062 0.00412009 0.00175239
 0.919762 0.0359912 0.0420221 0.00175921 0.000465226
 0.648125 0.324369 0.0123377 0.0144051 0.000762532
 0.662588 0.221786 0.106588 0.00405421 0.00498413
 0.781802 0.146357 0.0472219 0.0226944 0.00192441
 0.787792 0.16692 0.0303771 0.00980111 0.00510975
 0.375761 0.495461 0.101295 0.0184342 0.00904858
 0.783247 0.0825217 0.10654 0.0217817 0.00590969
 0.680415 0.251311 0.0259931 0.0335585 0.00872235
 0.492682 0.34723 0.125888 0.0130206 0.0211795
 0.774557 0.111917 0.0777018 0.0281707 0.00765317
 0.734821 0.206251 0.0292538 0.0203104 0.00936394
 0.405264 0.438853 0.121243 0.0171966 0.0174438
 0.485711 0.210259 0.224342 0.0619792 0.0177082
 0.859355 0.0690632 0.0292653 0.0312255 0.0110914
pobs_PELACES
 0 0 0 0 0
 0 0 0 0 0
 0 0 0 0 0
 0 0 0 0 0
 0 0 0 0 0
 0 0 0 0 0
 0 0 0 0 0
 0 0 0 0 0
 0 0 0 0 0
 0 0 0 0 0
 0 0 0 0 0
 0 0 0 0 0
 0 0 0 0 0
 0 0 0 0 0
 0 0 0 0 0
 0 0 0 0 0
 0.505614 0.472636 0.0217494 0 0
 0 0 0 0 0
 0.443492 0.261883 0.143347 0.151278 0
 0.227955 0.32914 0.350689 0.0885471 0.00366901
 0.970185 0.0296113 0.000203453 0 0
 0.997202 0.00247181 0.000326279 0 0
 0.445219 0.490057 0.0546422 0.010081 0
 0.90214 0.0892962 0.00764917 0.000914606 0
 0 0 0 0 0
 0.581667 0.319106 0.0959925 0.00289975 0.000334073
 0.762889 0.0836404 0.116647 0.0363945 0.000428098
 0.88444 0.0763242 0.0277011 0.0115352 0
 0.521256 0.241999 0.230069 0.00667565 0
 0.616807 0.101726 0.260614 0.0208532 0
 0.833518 0.0704572 0.0857862 0.0102388 0
ppred_PELACES
 0.51704 0.110306 0.351382 0.0212722 7.13342e-07
 0.479442 0.269808 0.05727 0.182435 0.0110448
 0.626983 0.1797 0.100198 0.0212681 0.0718519
 0.789833 0.132213 0.0375542 0.0209395 0.0194605
 0.703945 0.234492 0.0387284 0.0110005 0.0118341
 0.790571 0.147622 0.0489548 0.0080853 0.00476717
 0.541316 0.363279 0.0672487 0.0223012 0.0058549
 0.51016 0.267496 0.176097 0.0325984 0.0136485
 0.59816 0.205316 0.107319 0.0706505 0.0185543
 0.755159 0.147175 0.0499015 0.0260837 0.021681
 0.848314 0.115002 0.0220509 0.00747664 0.00715649
 0.786075 0.181583 0.0245207 0.00470168 0.00312006
 0.73877 0.20609 0.0468039 0.00632033 0.00201609
 0.695972 0.225538 0.0619228 0.014063 0.00250481
 0.787795 0.148881 0.0469754 0.0128974 0.00345077
 0.949002 0.0403324 0.00748317 0.00236111 0.000821703
 0.446149 0.526007 0.0220207 0.00408566 0.00173775
 0.921134 0.035376 0.0413039 0.00172914 0.000457274
 0.654202 0.318767 0.0121247 0.0141564 0.000749364
 0.667989 0.218235 0.104882 0.00398931 0.00490434
 0.784969 0.144233 0.0465365 0.0223651 0.00189648
 0.791708 0.16384 0.0298165 0.00962023 0.00501545
 0.379029 0.492867 0.100765 0.0183377 0.00900121
 0.78531 0.0817364 0.105526 0.0215744 0.00585344
 0.683076 0.249218 0.0257766 0.0332791 0.00864972
 0.495157 0.345536 0.125274 0.0129571 0.0210762
 0.776688 0.110859 0.0769675 0.0279045 0.00758084
 0.736853 0.20467 0.0290297 0.0201547 0.00929219
 0.40762 0.437115 0.120762 0.0171284 0.0173747
 0.489231 0.20882 0.222807 0.0615551 0.017587
 0.861152 0.0681804 0.0288912 0.0308264 0.0109497
pobs_pel_tallas
 0 0 0 0 0 0 0 0 0 0 0 0 0 0 0 0 0 0 0 0 0 0 0 0 0 0
 0 0 0 0 0 0 0 0 0 0 0 0 0 0 0 0 0 0 0 0 0 0 0 0 0 0
 0 0 0 0 0 0 0 0 0 0 0 0 0 0 0 0 0 0 0 0 0 0 0 0 0 0
 0 0 0 0 0 0 0 0 0 0 0 0 0 0 0 0 0 0 0 0 0 0 0 0 0 0
 0 0 0 0 0 0 0 0 0 0 0 0 0 0 0 0 0 0 0 0 0 0 0 0 0 0
 0 0 0 0 0 0 0 0 0 0 0 0 0 0 0 0 0 0 0 0 0 0 0 0 0 0
 0 0 0 0 0 0 0 0 0 0 0 0 0 0 0 0 0 0 0 0 0 0 0 0 0 0
 0 0 0 0 0 0 0 0 0 0 0 0 0 0 0 0 0 0 0 0 0 0 0 0 0 0
 0 0 0 0 0 0 0 0 0 0 0 0 0 0 0 0 0 0 0 0 0 0 0 0 0 0
 0 0 0 0 0 0 0 0 0 0 0 0 0 0 0 0 0 0 0 0 0 0 0 0 0 0
 0 0 0 0 0 0 0 0 0 0 0 0 0 0 0 0 0 0 0 0 0 0 0 0 0 0
 0 0 0 0 0 0 0 0 0 0 0 0 0 0 0 0 0 0 0 0 0 0 0 0 0 0
 0.00862536 0 0 0.000197151 0.00414017 0.0128641 0.00837892 0.0270097 0.101434 0.158115 0.152841 0.127902 0.109271 0.109419 0.0830992 0.0579132 0.0238553 0.00714673 0.00463305 0.00128148 0.00103504 0.000492878 0.000147863 0.000147863 4.92878e-05 0
 0 0 0 0 0 0 0 0 0 0 0 0 0 0 0 0 0 0 0 0 0 0 0 0 0 0
 0 0 0 0 0 0 0 0.0054083 0.00873648 0.0413646 0.0450493 0.0745869 0.0622846 0.0627006 0.0613931 0.0827291 0.12552 0.122667 0.0946155 0.0697135 0.0546179 0.0294188 0.0215738 0.0213955 0.0102223 0.00600262
 0 0 0 0 0.00359764 0.0251062 0.0480494 0.140153 0.205849 0.193036 0.1447 0.116669 0.0760912 0.0342217 0.00950174 0.001854 0.000860785 0 0 0 0.000165536 0 0.000143464 0 0 0
 0 0 0 0 0 0 0 0.000145254 0.000435761 0.0275982 0.070085 0.0708112 0.156366 0.174668 0.174014 0.160142 0.0824315 0.0480064 0.0283245 0.00493863 0.00203355 0 0 0 0 0
 0 0 0 0 0 0 0 0 0 0 0 0 0 0 0 0 0 0 0 0 0 0 0 0 0 0
 0 0 1.00437e-05 0.000401748 0.00122533 0.00171747 0.00176769 0.0269171 0.070346 0.194647 0.189555 0.159765 0.064822 0.0314167 0.0384472 0.0292271 0.0345202 0.0313363 0.0194345 0.0106764 0.0143323 0.0359363 0.0279516 0.0138201 0.00172751 0
 0 0.0021121 0.0136068 0.0755702 0.200478 0.177729 0.0527432 0.0373336 0.0318909 0.0142505 0.0149659 0.0166563 0.0217959 0.0798694 0.0677717 0.0528807 0.04013 0.0224614 0.0357745 0.0225083 0.00881397 0.00855152 0.00135912 0.000746735 0 0
 0 0 0 0 5.4009e-05 0.00500934 0.000945158 0.0243581 0.138947 0.33067 0.221406 0.137944 0.0707744 0.0437923 0.0131692 0.00525238 0.0047753 0.00276346 9.45158e-05 9.00151e-06 2.25038e-05 9.00151e-06 4.50075e-06 0 0 0
 0.000866109 0.00284123 0.00948549 0.0512746 0.133035 0.25785 0.225252 0.132002 0.0553304 0.0519788 0.0540692 0.017754 0.00435017 0.00159236 0.00146478 0.000404838 0.000125132 0.000115318 0.000107957 0.000100596 0 0 0 0 0 0
 0 0 0 0 0.00144013 0.00171154 0.00461396 0.0210425 0.0478622 0.0707936 0.0888783 0.103762 0.0637923 0.0337046 0.0602308 0.124433 0.169614 0.0934646 0.0462172 0.0250306 0.0313229 0.00938855 0.002487 0.000210481 0 0
 0 0.00764035 0.051015 0.0998891 0.058973 0.0496711 0.0374665 0.0718981 0.12319 0.153886 0.159021 0.0857701 0.0377988 0.023471 0.0147837 0.00900784 0.00315554 0.000888139 0.00291439 0.00214683 0.00393193 0.00274676 0.000635225 9.99891e-05 0 0
 0 0 0 0 0 0 0 0 0 0 0 0 0 0 0 0 0 0 0 0 0 0 0 0 0 0
 0 0 0 0 0 0 0 0 0 0 0 0 0 0 0 0 0 0 0 0 0 0 0 0 0 0
 0 0 0 0 0 0 0 0 0 0 0 0 0 0 0 0 0 0 0 0 0 0 0 0 0 0
 0 0 0 0 0 0 0 0 0 0 0 0 0 0 0 0 0 0 0 0 0 0 0 0 0 0
 0 0 0 0 0 0 0 0 0 0 0 0 0 0 0 0 0 0 0 0 0 0 0 0 0 0
 0 0 0 0 0 0 0 0 0 0 0 0 0 0 0 0 0 0 0 0 0 0 0 0 0 0
 0 0 0 0 0 0 0 0 0 0 0 0 0 0 0 0 0 0 0 0 0 0 0 0 0 0
ppred_pel_tallas
 1.12302e-16 4.25879e-05 0.00041397 0.00275098 0.0125055 0.0389094 0.0829011 0.120999 0.12101 0.0829558 0.0390948 0.0130476 0.00413681 0.0035223 0.0061887 0.0107955 0.0170145 0.0244432 0.0325839 0.0410239 0.0493538 0.0568176 0.0621056 0.0636902 0.0606028 0.0530903
 1.21887e-16 3.9491e-05 0.000383867 0.00255093 0.0115962 0.0360802 0.0768736 0.112205 0.112231 0.0770012 0.0365088 0.0128356 0.00566764 0.00720682 0.013057 0.0216897 0.0316606 0.0407719 0.0468941 0.04926 0.0489951 0.0483147 0.0489769 0.0511811 0.0536156 0.0544034
 1.1723e-16 5.16438e-05 0.000501996 0.00333594 0.0151647 0.0471831 0.100529 0.146729 0.146747 0.100615 0.0474701 0.0159954 0.00542805 0.00509209 0.00883776 0.0147123 0.0216289 0.0281513 0.0328725 0.0352206 0.0357954 0.0358722 0.0364655 0.0376996 0.0388765 0.039025
 1.06511e-16 6.50575e-05 0.000632382 0.0042024 0.0191035 0.0594382 0.12664 0.184837 0.18485 0.126702 0.0596481 0.0197103 0.00572745 0.00396843 0.00642148 0.0105688 0.0153538 0.0196048 0.0221854 0.0226074 0.0213227 0.0193903 0.0177835 0.0168786 0.0164331 0.0159251
 1.04284e-16 5.79831e-05 0.000563616 0.00374543 0.0170262 0.0529749 0.112869 0.164741 0.164764 0.11298 0.053346 0.0180981 0.00643664 0.00644066 0.0112259 0.0184841 0.0266634 0.0336225 0.037222 0.0364871 0.0321855 0.0262925 0.0207856 0.0167093 0.0140507 0.0122278
 1.03069e-16 6.51183e-05 0.000632973 0.00420633 0.0191214 0.0594938 0.126758 0.18501 0.185025 0.126828 0.0597281 0.0197989 0.00590927 0.00435777 0.00716048 0.0117903 0.0171082 0.0217864 0.0245099 0.0246632 0.0226671 0.0196365 0.0166514 0.0142275 0.0123007 0.0105632
 1.05261e-16 4.45875e-05 0.000433407 0.00288014 0.0130927 0.0407365 0.0867948 0.126687 0.126722 0.086966 0.0413116 0.0147541 0.00705182 0.00954501 0.0173634 0.0286725 0.0413891 0.0522389 0.0579097 0.056875 0.0502845 0.0411391 0.0324419 0.0257781 0.0211495 0.0177388
 1.1073e-16 4.20213e-05 0.000408462 0.00271437 0.0123392 0.0383918 0.0817988 0.119393 0.119419 0.081926 0.0388195 0.0135773 0.00583323 0.00725307 0.0131473 0.0219464 0.0322604 0.0419309 0.0487501 0.0516584 0.0512549 0.0491306 0.0466197 0.0440315 0.0408519 0.0365014
 1.13375e-16 4.92697e-05 0.000478919 0.00318258 0.0144676 0.0450141 0.0959081 0.139985 0.140005 0.0960056 0.0453419 0.0154162 0.00557123 0.0057184 0.0100747 0.0167768 0.0246393 0.0320103 0.0372519 0.0396636 0.0398656 0.0392371 0.0388691 0.0388851 0.0385679 0.0370151
 1.07763e-16 6.22015e-05 0.00060462 0.00401792 0.0182649 0.0568289 0.12108 0.176723 0.176738 0.12115 0.0570628 0.0189413 0.00571869 0.00432725 0.00716161 0.0118202 0.017212 0.0220591 0.0251144 0.0258408 0.024727 0.0229113 0.0214166 0.020599 0.0201466 0.0194716
 1.02627e-16 6.98745e-05 0.000679205 0.00451356 0.020518 0.0638391 0.136016 0.198522 0.198533 0.136071 0.0640212 0.0210441 0.00583477 0.00356544 0.0055574 0.00909316 0.0131316 0.0165991 0.0184546 0.0182276 0.0162942 0.0136103 0.0111203 0.00930288 0.00811929 0.00726213
 1.01754e-16 6.4748e-05 0.000629373 0.00418241 0.0190126 0.0591554 0.126038 0.183959 0.183977 0.126123 0.0594425 0.0198418 0.00626376 0.00517267 0.00869234 0.0142652 0.0205372 0.0258131 0.0284098 0.0275501 0.02382 0.0187653 0.0139634 0.0102948 0.00783163 0.00619518
 1.02379e-16 6.08516e-05 0.000591499 0.00393072 0.0178685 0.0555956 0.118453 0.17289 0.17291 0.11855 0.0559221 0.0188118 0.00629975 0.00576735 0.00990313 0.0163077 0.0235601 0.0297802 0.0330858 0.0325947 0.0289255 0.0237341 0.0186833 0.0146606 0.0117006 0.00941324
 1.03679e-16 5.73263e-05 0.000557232 0.003703 0.0168333 0.0523749 0.111591 0.162875 0.162897 0.111697 0.0527325 0.017867 0.00630008 0.00623453 0.0108626 0.0179276 0.0259606 0.0329406 0.0368376 0.0367031 0.0332011 0.0280911 0.0231038 0.0191078 0.0160568 0.0134874
 1.03272e-16 6.48897e-05 0.000630751 0.00419156 0.0190542 0.0592849 0.126313 0.184361 0.184375 0.126384 0.0595212 0.0197374 0.00590854 0.00438599 0.00721754 0.0118839 0.0172411 0.0219511 0.0246908 0.0248464 0.0228521 0.0198423 0.0169099 0.0145672 0.0127287 0.0110567
 1.00603e-16 7.8168e-05 0.000759821 0.00504928 0.0229533 0.0714162 0.15216 0.222083 0.222087 0.152179 0.07148 0.0231377 0.00551243 0.00177143 0.002001 0.00318855 0.00459561 0.0058002 0.00643027 0.00631623 0.00558596 0.00457283 0.00361044 0.00287476 0.00236573 0.00199197
 1.01474e-16 3.67488e-05 0.000357211 0.0023738 0.010791 0.033575 0.0715369 0.104421 0.104471 0.0717842 0.034405 0.0131871 0.0083843 0.0134642 0.024888 0.0409785 0.0587731 0.0733725 0.0798082 0.0757892 0.0630946 0.0464342 0.0307258 0.0188815 0.0113586 0.00710777
 1.01452e-16 7.58726e-05 0.000737508 0.004901 0.0222792 0.069319 0.147692 0.215561 0.215564 0.147709 0.0693761 0.0224449 0.00531957 0.00166013 0.00185404 0.00301242 0.00448842 0.0059681 0.00717458 0.00796035 0.00835467 0.00847468 0.00838457 0.00803832 0.00734871 0.00630197
 1.01978e-16 5.38858e-05 0.00052379 0.00348077 0.0158231 0.0492316 0.104894 0.153103 0.153133 0.105044 0.0497347 0.0172754 0.00712385 0.00846882 0.01512 0.0248517 0.0356568 0.0445539 0.0485495 0.0462792 0.0388422 0.0290992 0.0200088 0.0132792 0.00910479 0.00676399
 1.04313e-16 5.50214e-05 0.000534828 0.00355412 0.0161565 0.0502691 0.107104 0.156326 0.156347 0.107208 0.0506165 0.0171616 0.00608237 0.0060719 0.0106231 0.0176105 0.0256768 0.032938 0.0374821 0.0383799 0.0361585 0.0322983 0.0282016 0.0244914 0.0210611 0.017591
 1.03944e-16 6.46569e-05 0.000628488 0.00417652 0.0189859 0.0590722 0.12586 0.183699 0.183713 0.125928 0.0593013 0.0196481 0.00584111 0.00427009 0.00700387 0.0115378 0.0167596 0.021385 0.0241497 0.0244765 0.0227964 0.0202011 0.0177175 0.0157859 0.0142557 0.0127417
 1.02716e-16 6.5212e-05 0.000633884 0.00421238 0.0191489 0.0595793 0.126941 0.185277 0.185293 0.127018 0.0598387 0.0198981 0.00609372 0.004743 0.00787551 0.0129335 0.0186654 0.0235593 0.0261212 0.0256668 0.0227211 0.0186445 0.0147956 0.0118876 0.00991067 0.00847738
 1.06397e-16 3.12203e-05 0.000303472 0.00201668 0.00916757 0.028524 0.0607751 0.0887129 0.0887605 0.0610074 0.0293044 0.0114223 0.0076788 0.0126719 0.0235443 0.0389346 0.056225 0.070999 0.0787584 0.0774098 0.068474 0.0559756 0.0439563 0.0345735 0.0278878 0.0228857
 1.06221e-16 6.46849e-05 0.000628761 0.00417834 0.0189941 0.0590978 0.125914 0.183777 0.183785 0.125954 0.0592302 0.0193786 0.00515093 0.00277659 0.00421623 0.0070575 0.0106041 0.0142656 0.0174645 0.0199091 0.0216843 0.0230197 0.023952 0.0242042 0.0233847 0.0213074
 1.05609e-16 5.62642e-05 0.000546908 0.00363439 0.0165214 0.0514045 0.109524 0.159858 0.159882 0.109641 0.0517985 0.0176595 0.00649093 0.00678279 0.0119001 0.0195879 0.0282261 0.0355396 0.0392661 0.0384052 0.0338347 0.0277253 0.0222254 0.0184281 0.0162228 0.0148392
 1.0857e-16 4.07855e-05 0.00039645 0.00263455 0.0119763 0.0372629 0.0793937 0.115884 0.115918 0.0795571 0.0378118 0.0135634 0.00662439 0.00912591 0.0166772 0.0276568 0.0401888 0.0512764 0.0578698 0.0585393 0.0542597 0.0476045 0.0410461 0.0357316 0.0314635 0.0274966
 1.06331e-16 6.39748e-05 0.000621858 0.00413246 0.0187856 0.058449 0.124532 0.181761 0.181771 0.124585 0.0586265 0.0192996 0.00542789 0.00346698 0.00551821 0.00915541 0.0134985 0.0176441 0.0207101 0.0222924 0.0226584 0.0224519 0.0221626 0.0218101 0.0210499 0.0195258
 1.04484e-16 6.06936e-05 0.000589964 0.00392052 0.0178221 0.0554513 0.118146 0.172441 0.172461 0.118242 0.0557751 0.0187574 0.0062687 0.00571754 0.00980359 0.0161247 0.0232571 0.029328 0.0324803 0.0318829 0.0282318 0.0232738 0.0187395 0.0155136 0.0135245 0.012187
 1.08255e-16 3.35752e-05 0.000326363 0.0021688 0.00985906 0.0306754 0.0653588 0.0954019 0.0954442 0.0655652 0.0313686 0.0118625 0.00720221 0.0113296 0.0209753 0.0347402 0.0503147 0.0638452 0.0714053 0.0711639 0.0644207 0.0546045 0.0450899 0.0375733 0.0319583 0.0273124
 1.15633e-16 4.02974e-05 0.000391705 0.00260302 0.0118329 0.0368168 0.0784428 0.114494 0.114514 0.0785429 0.0371537 0.0128102 0.00507189 0.0058335 0.0105291 0.0177471 0.0265109 0.0353385 0.0427102 0.0478972 0.0512431 0.0535757 0.0552807 0.0558806 0.0544321 0.0503066
 1.05796e-16 7.0932e-05 0.000689484 0.00458186 0.0208285 0.0648052 0.138075 0.201525 0.201532 0.138107 0.0649139 0.021143 0.00537362 0.00242541 0.00339048 0.00555431 0.00814382 0.0105694 0.0122957 0.013116 0.0132759 0.0132768 0.0135065 0.01399 0.0144205 0.0143898
pSPR Fmed_Fpbrs
0.624813   0.6 0.325
Fs Fmed_Fpbrs
0.255788   0.279847 0.684008
SSBpbr Bo_Bmed_Bpbrs
1.81235e+06  1.04176e+06  996794 498397
Ro
169798
SPR SPRFo_SPRFmed_SPRFpbrs
1.21195e+06 757243 393885
Fref
0.279847
Nvult_r0
 204001 17104.3 7247.88 7733.34 2746.92
CTP_r0
 29816.5 3043.95 1289.86 1376.26 488.854
YTP_r0
391299
Np
 232568 68573.7 25486.9 2002.4 1084.46
Nvult_p0
 163994 49504.7 18399.5 1445.57 782.897
CTP_p0
 29712.6 14467.7 1136.66 481.658 666.177
 29712.6 10824.5 4023.16 316.084 171.185
YTP_p0
 512230 500298
CBA_c0
508650
log_Ro
11.8624
likeval ReclasPelacesDesembMPH_pf_preclas_ppelaces_ptallas_desvR_qrecl_qpela
 14.0513 17.1888 0.0640092 0.000814456 240.502 118.467 98.4123 0 23.497 1.14704e-07 1.1377e-06 0.326951 7.02153e-16 0 0
q_reclas_q_pelaces
0.953141 1.16387
M
1
N
 194426 42518.2 135443 8199.55 0.274964
 108556 63907.6 13565.2 43212.2 2616.1
 108611 32527.9 18137 3849.79 13006.1
 183003 32711.9 9291.56 5180.81 4814.86
 146665 49935.9 8247.35 2342.59 2520.12
 250731 48844 16197.8 2675.2 1577.32
 103188 76068.7 14081.5 4669.74 1225.98
 46503.7 24757.7 16298.5 3017.1 1263.22
 43801.2 15962.3 8343.54 5492.71 1442.5
 58143.2 12269.9 4160.25 2174.58 1807.53
 107787 14892.9 2855.61 968.229 926.769
 144875 36363 4910.41 941.539 624.811
 121142 36526 8295.22 1120.17 357.319
 84739.9 31285.1 8589.52 1950.72 347.451
 83296.1 17222.2 5433.99 1491.94 399.176
 444938 20354.4 3776.51 1191.57 414.686
 94694.8 117082 4901.52 909.415 386.801
 696923 28056.3 32757.6 1371.36 362.658
 396999 206906 7869.9 9188.63 486.398
 309629 107521 51673.7 1965.47 2416.29
 448080 86288.9 27840.9 13380.1 1134.59
 606259 133130 24227.8 7817.04 4075.37
 126431 170257 34808.3 6334.61 3109.4
 369587 39665.2 51209.9 10469.6 2840.57
 314268 118252 12230.8 15790.6 4104.21
 140430 100468 36424.5 3767.39 6128.11
 313358 46125.3 32023.9 11610.2 3154.17
 351393 100204 14212.6 9867.51 4549.34
 104357 114691 31685.8 4494.19 4558.79
 77630.2 34330.3 36629.7 10119.7 2891.32
 295654 24305.1 10299.2 10989 3903.36
pred_Ctot
 13210.7 3609.58 11498.4 696.101 0.023343
 12943.4 9429.92 2001.61 6376.2 386.02
 12651.9 4691.63 2615.97 555.271 1875.92
 30610 6708.91 1905.61 1062.54 987.484
 8854.21 3771.8 622.945 176.943 190.351
 28225.2 6813.18 2259.4 373.16 220.019
 23484.9 20972.6 3882.36 1287.48 338.011
 1979.44 1322.75 870.792 161.197 67.491
 6752.53 3025.01 1581.19 1040.93 273.369
 11495.9 2956.68 1002.5 524.011 435.562
 5692.3 985.396 188.943 64.0635 61.3202
 29712.8 9075.79 1225.58 234.997 155.945
 23483.8 8636.39 1961.37 264.86 84.4865
 25144 11083 3042.9 691.058 123.087
 18273.7 4584.68 1446.57 397.165 106.264
 82281.7 4599.28 853.338 269.248 93.7023
 11857.2 18122.4 758.673 140.762 59.8703
 86514.8 4306.21 5027.78 210.482 55.6624
 67867.3 43338.3 1648.42 1924.64 101.88
 48538 20709.4 9952.75 378.564 465.395
 55442.5 13201.8 4259.54 2047.1 173.587
 92692.7 25027.8 4554.7 1469.56 766.149
 11917.8 19954.9 4079.68 742.443 364.434
 30782.6 4116.08 5314.09 1086.44 294.768
 26322.9 12339.3 1276.25 1647.71 428.264
 9601.12 8581.58 3111.24 321.795 523.439
 26199.6 4804.54 3335.7 1209.35 328.547
 25297.5 9006.59 1277.46 886.916 408.906
 7041.04 9669.28 2671.34 378.893 384.339
 7405.5 4071.1 4343.77 1200.06 342.87
 29816.5 3043.95 1289.86 1376.26 488.854
F
 0.112615 0.142427 0.142427 0.142427 0.142427
 0.205173 0.259486 0.259486 0.259486 0.259486
 0.200037 0.252991 0.252991 0.252991 0.252991
 0.29876 0.377847 0.377847 0.377847 0.377847
 0.0995223 0.125868 0.125868 0.125868 0.125868
 0.192746 0.243769 0.243769 0.243769 0.243769
 0.427419 0.540565 0.540565 0.540565 0.540565
 0.0693033 0.0876492 0.0876492 0.0876492 0.0876492
 0.272513 0.344652 0.344652 0.344652 0.344652
 0.362027 0.457862 0.457862 0.457862 0.457862
 0.0865997 0.109524 0.109524 0.109524 0.109524
 0.377849 0.477873 0.477873 0.477873 0.477873
 0.353818 0.44748 0.44748 0.44748 0.44748
 0.593387 0.750467 0.750467 0.750467 0.750467
 0.409102 0.517399 0.517399 0.517399 0.517399
 0.335058 0.423754 0.423754 0.423754 0.423754
 0.216445 0.273743 0.273743 0.273743 0.273743
 0.21441 0.271168 0.271168 0.271168 0.271168
 0.306246 0.387316 0.387316 0.387316 0.387316
 0.277674 0.35118 0.35118 0.35118 0.35118
 0.213645 0.270201 0.270201 0.270201 0.270201
 0.269998 0.341471 0.341471 0.341471 0.341471
 0.159226 0.201376 0.201376 0.201376 0.201376
 0.13957 0.176517 0.176517 0.176517 0.176517
 0.140406 0.177574 0.177574 0.177574 0.177574
 0.113349 0.143355 0.143355 0.143355 0.143355
 0.140138 0.177236 0.177236 0.177236 0.177236
 0.119664 0.151341 0.151341 0.151341 0.151341
 0.111788 0.141381 0.141381 0.141381 0.141381
 0.161271 0.203962 0.203962 0.203962 0.203962
 0.171178 0.216492 0.216492 0.216492 0.216492
YTP_r0W_actual
 247477 42919.7 35600.3 47068 18234.2
YTP_p0W_proyectada
 222548 226708 26291.1 14146.3 22536.8
 222548 169620 93055.8 9283.38 5791.2
CTP_r0_actual
 29816.5 3043.95 1289.86 1376.26 488.854
CTP_p0_proyectada
 29712.6 14467.7 1136.66 481.658 666.177
 29712.6 10824.5 4023.16 316.084 171.185
Wmedp
 7.49 15.67 23.13 29.37 33.83
Frms_r0
 0.171178 0.216492 0.216492 0.216492 0.216492
Zrms_r0
 1.17118 1.21649 1.21649 1.21649 1.21649
nmprior
 8.19 8.8 8.5 0
nm_flota  nm_reclas  nm_pelaces    nm_pelaL
inf 12.4828 19.21 46.6214
cv_recla  cv_pelaces  cv_mph
0.339065 0.470105 0.880723
 ------------------------------------------------
Talla a la edad & desviaci?n 
 8 13.2811 15.8009 17.003 17.5766
 0.8 1.32811 1.58009 1.7003 1.75766
