years
 1991 1992 1993 1994 1995 1996 1997 1998 1999 2000 2001 2002 2003 2004 2005 2006 2007 2008 2009 2010 2011 2012 2013 2014 2015 2016 2017 2018 2019 2020 2021
reclasobs
 0 0 0 0 0 0 0 0 0 252601 567819 844713 477998 351125 339783 2.1784e+06 2.13404e+06 4.81314e+06 1.55562e+06 2.62356e+06 3.21686e+06 3.843e+06 1.13348e+06 3.07943e+06 1.97215e+06 2.03268e+06 2.025e+06 2.42433e+06 2.27542e+06 1.05018e+06 2.36338e+06
reclaspred
 3.18461e+06 1.70524e+06 863444 870639 877687 1.78278e+06 919530 756390 518635 320160 503323 724491 715502 509433 476829 1.42765e+06 1.15849e+06 3.38423e+06 2.62236e+06 1.8299e+06 3.15798e+06 2.60592e+06 1.85845e+06 3.08956e+06 2.2308e+06 1.92548e+06 2.40098e+06 2.66969e+06 2.02889e+06 1.15015e+06 1.82892e+06
pelacesobs
 0 0 0 0 0 0 0 0 0 0 0 0 0 0 0 552880 188675 0 991730 2.46772e+06 1.41603e+06 1.21717e+06 2.29649e+06 1.80582e+06 0 1.4828e+06 1.56532e+06 1.57751e+06 1.42118e+06 867257 1.10002e+06
pelacespred
 1.97138e+06 1.12775e+06 540571 408800 477316 956226 455002 507740 302498 159085 275237 332572 369616 253831 240996 610267 578035 1.80175e+06 1.50098e+06 956626 1.63404e+06 1.39545e+06 1.1092e+06 1.88896e+06 1.39306e+06 1.22221e+06 1.61908e+06 1.76793e+06 1.2626e+06 784313 1.08046e+06
mphobs
 0 0 0 0 0 0 0 0 0 0 0 498337 0 5186 125008 0 168611 109162 213762 579715 649985 157893 87575 83554 0 0 0 0 0 0 0
mphpred
 493246 330366 153554 85909.5 89456.1 112261 177370 84427.1 74493.2 41863.3 23479.3 61724.3 67426 53879.8 30016.3 37333.9 156588 125966 340741 225858 228555 284299 274285 204931 316078 253308 200958 225623 336086 205486 107455
desembarqueobs
 494567 514787 250237 358949 120608 361735 552515 73892 212993 205616 52469 317467 293654 387597 252695 516296 358380 742168 942051 627588 828172 859565 418607 520667 417249 300574 415391 372974 316634 284311 391294
desembarquepred
 494560 514130 250468 358977 120612 361717 552454 73896.7 213044 205660 52471 317495 293645 387472 252634 516166 358405 741935 941587 627233 828227 859440 418581 520671 417206 300555 415359 372916 316593 284296 391281
Reclutas
 156381 88164.8 87693.1 117062 94912.3 204712 71785.2 28087.4 29634.9 40297.9 73258.3 117380 98054.3 69094.6 58422.2 317792 58298.6 529586 291957 228885 311202 437826 76514.8 240123 198337 85495.5 199361 225487 62990.9 45592.7 185693
log_desv_Rt
 0.285414 -0.287676 -0.293041 -0.0041777 -0.213931 0.55472 -0.493206 -1.43156 -1.37793 -1.07058 -0.472892 -0.00146461 -0.181363 -0.531407 -0.699189 0.994513 -0.701306 1.50521 0.909721 0.666335 0.973558 1.31494 -0.4294 0.714269 0.523082 -0.318421 0.528231 0.651379 -0.623894 -0.947136 0.457211
SSB
 1.46405e+06 980589 455777 254996 265523 333212 526469 250596 221110 124258 69691 183210 200133 159926 89094.1 110814 464785 373890 1.01138e+06 670390 678396 843853 814132 608275 938181 751866 596482 669692 997569 609923 318946
BT
 2.17248e+06 1.50654e+06 721219 703009 562626 1.31963e+06 912226 564291 507142 357483 341354 610857 649646 671537 516337 1.10169e+06 835140 2.64633e+06 2.40303e+06 1.49305e+06 2.39156e+06 2.19442e+06 1.40953e+06 2.48535e+06 1.72066e+06 1.43755e+06 2.11766e+06 2.22234e+06 1.41147e+06 991465 1.53649e+06
Ftot
 0.282939 0.526464 0.520685 0.81007 0.275053 0.437358 1.02604 0.190764 0.784914 1.20065 0.241953 0.887442 0.823792 1.46615 1.13517 0.841369 0.570284 0.502552 0.694632 0.675952 0.539774 0.669178 0.412801 0.366106 0.36252 0.296907 0.369375 0.304423 0.276504 0.4441 0.478105
BD_Bspro_t
 0.955992 0.716664 0.479511 0.377179 0.362813 0.468525 0.503056 0.292268 0.337461 0.260869 0.210639 0.494825 0.379882 0.287839 0.178091 0.214917 0.413429 0.35186 0.522031 0.392703 0.351863 0.399951 0.418335 0.385874 0.52414 0.529176 0.52961 0.586963 0.658838 0.548983 0.435381
BD_Bspro
 1.7449 1.1687 0.543209 0.303913 0.316459 0.397132 0.627462 0.298668 0.263526 0.148095 0.08306 0.218355 0.238525 0.190605 0.106185 0.132072 0.553946 0.445615 1.2054 0.798993 0.808534 1.00573 0.970309 0.724961 1.11815 0.896098 0.710907 0.79816 1.18893 0.726925 0.380131
BD_Bo
 1.11763 0.748565 0.347932 0.19466 0.202696 0.254368 0.401897 0.191301 0.168792 0.0948568 0.0532009 0.139859 0.152778 0.122085 0.0680129 0.0845937 0.354809 0.285421 0.772073 0.511764 0.517876 0.644183 0.621494 0.464346 0.716191 0.573962 0.455344 0.511231 0.761527 0.465604 0.243478
BD_Brms
 2.03206 1.36103 0.632604 0.353927 0.368538 0.462487 0.730722 0.347819 0.306894 0.172467 0.0967289 0.254289 0.277779 0.221972 0.12366 0.153807 0.645107 0.518948 1.40377 0.930481 0.941592 1.17124 1.12999 0.844266 1.30217 1.04357 0.827898 0.929511 1.38459 0.846553 0.442687
Sel_flota
 0.646933 0.972078 0.99849 0.99992 0.999996
 0.646933 0.972078 0.99849 0.99992 0.999996
 0.646933 0.972078 0.99849 0.99992 0.999996
 0.646933 0.972078 0.99849 0.99992 0.999996
 0.646933 0.972078 0.99849 0.99992 0.999996
 0.646933 0.972078 0.99849 0.99992 0.999996
 0.646933 0.972078 0.99849 0.99992 0.999996
 0.646933 0.972078 0.99849 0.99992 0.999996
 0.646933 0.972078 0.99849 0.99992 0.999996
 0.646933 0.972078 0.99849 0.99992 0.999996
 0.646933 0.972078 0.99849 0.99992 0.999996
 0.646933 0.972078 0.99849 0.99992 0.999996
 0.646933 0.972078 0.99849 0.99992 0.999996
 0.646933 0.972078 0.99849 0.99992 0.999996
 0.646933 0.972078 0.99849 0.99992 0.999996
 0.646933 0.972078 0.99849 0.99992 0.999996
 0.646933 0.972078 0.99849 0.99992 0.999996
 0.646933 0.972078 0.99849 0.99992 0.999996
 0.646933 0.972078 0.99849 0.99992 0.999996
 0.646933 0.972078 0.99849 0.99992 0.999996
 0.646933 0.972078 0.99849 0.99992 0.999996
 0.646933 0.972078 0.99849 0.99992 0.999996
 0.646933 0.972078 0.99849 0.99992 0.999996
 0.646933 0.972078 0.99849 0.99992 0.999996
 0.646933 0.972078 0.99849 0.99992 0.999996
 0.646933 0.972078 0.99849 0.99992 0.999996
 0.646933 0.972078 0.99849 0.99992 0.999996
 0.646933 0.972078 0.99849 0.99992 0.999996
 0.646933 0.972078 0.99849 0.99992 0.999996
 0.646933 0.972078 0.99849 0.99992 0.999996
 0.646933 0.972078 0.99849 0.99992 0.999996
Sel_reclas
 1 1 1 1 1
 1 1 1 1 1
 1 1 1 1 1
 1 1 1 1 1
 1 1 1 1 1
 1 1 1 1 1
 1 1 1 1 1
 1 1 1 1 1
 1 1 1 1 1
 1 1 1 1 1
 1 1 1 1 1
 1 1 1 1 1
 1 1 1 1 1
 1 1 1 1 1
 1 1 1 1 1
 1 1 1 1 1
 1 1 1 1 1
 1 1 1 1 1
 1 1 1 1 1
 1 1 1 1 1
 1 1 1 1 1
 1 1 1 1 1
 1 1 1 1 1
 1 1 1 1 1
 1 1 1 1 1
 1 1 1 1 1
 1 1 1 1 1
 1 1 1 1 1
 1 1 1 1 1
 1 1 1 1 1
 1 1 1 1 1
Sel_pelaces
 0.708827 0.924536 0.98404 0.996788 0.99936
 0.708827 0.924536 0.98404 0.996788 0.99936
 0.708827 0.924536 0.98404 0.996788 0.99936
 0.708827 0.924536 0.98404 0.996788 0.99936
 0.708827 0.924536 0.98404 0.996788 0.99936
 0.708827 0.924536 0.98404 0.996788 0.99936
 0.708827 0.924536 0.98404 0.996788 0.99936
 0.708827 0.924536 0.98404 0.996788 0.99936
 0.708827 0.924536 0.98404 0.996788 0.99936
 0.708827 0.924536 0.98404 0.996788 0.99936
 0.708827 0.924536 0.98404 0.996788 0.99936
 0.708827 0.924536 0.98404 0.996788 0.99936
 0.708827 0.924536 0.98404 0.996788 0.99936
 0.708827 0.924536 0.98404 0.996788 0.99936
 0.708827 0.924536 0.98404 0.996788 0.99936
 0.708827 0.924536 0.98404 0.996788 0.99936
 0.708827 0.924536 0.98404 0.996788 0.99936
 0.708827 0.924536 0.98404 0.996788 0.99936
 0.708827 0.924536 0.98404 0.996788 0.99936
 0.708827 0.924536 0.98404 0.996788 0.99936
 0.708827 0.924536 0.98404 0.996788 0.99936
 0.708827 0.924536 0.98404 0.996788 0.99936
 0.708827 0.924536 0.98404 0.996788 0.99936
 0.708827 0.924536 0.98404 0.996788 0.99936
 0.708827 0.924536 0.98404 0.996788 0.99936
 0.708827 0.924536 0.98404 0.996788 0.99936
 0.708827 0.924536 0.98404 0.996788 0.99936
 0.708827 0.924536 0.98404 0.996788 0.99936
 0.708827 0.924536 0.98404 0.996788 0.99936
 0.708827 0.924536 0.98404 0.996788 0.99936
 0.708827 0.924536 0.98404 0.996788 0.99936
pf_obs 
 0.8446 0.082 0.0669 0.0065 0
 0.8095 0.147 0.0364 0.0071 0
 0.9664 0.0169 0.016 0.0007 0
 0.9276 0.0648 0.0075 0.0001 0
 0.7033 0.2144 0.0806 0.0017 0
 0.9318 0.0425 0.0243 0.0014 0
 0.5671 0.3108 0.0964 0.0239 0.0018
 0.0768 0.2599 0.5324 0.112 0.0189
 0.490249 0.384438 0.106611 0.0170017 0.00170017
 0.7925 0.1577 0.0466 0.003 0.0002
 0.840416 0.127587 0.0312969 0.00059994 9.999e-05
 0.8084 0.0986 0.0794 0.0134 0.0002
 0.7335 0.1905 0.0724 0.0035 0.0001
 0.4001 0.4547 0.1325 0.0127 0
 0.49795 0.308269 0.164784 0.0264974 0.00249975
 0.9179 0.0499 0.0305 0.0017 0
 0.2467 0.6533 0.0926 0.0074 0
 0.9418 0.0223 0.034 0.0019 0
 0.707729 0.231977 0.0356964 0.0245975 0
 0.517169 0.277429 0.184464 0.0207286 0.00020938
 0.811772 0.124168 0.05621 0.00726502 0.000585176
 0.764997 0.148141 0.077277 0.00933861 0.000247198
 0.163321 0.427699 0.378323 0.0303852 0.000271297
 0.753843 0.0900009 0.118128 0.0371064 0.000921714
 0.721811 0.176058 0.0630433 0.0369309 0.00215725
 0.143369 0.312575 0.442814 0.0836902 0.0175525
 0.692698 0.0596174 0.167031 0.0765114 0.00414204
 0.394062 0.376323 0.152708 0.0712218 0.00568511
 0.125707 0.32114 0.495352 0.0537591 0.00404204
 0.23352 0.215282 0.420074 0.123614 0.00750983
 0.796117 0.104755 0.0508955 0.0450114 0.00322123
pf_pred 
 0.515304 0.155554 0.305166 0.0239746 9.28322e-07
 0.450917 0.344682 0.0669553 0.127449 0.00999692
 0.608707 0.225443 0.105482 0.0197991 0.0405687
 0.728715 0.195556 0.0442776 0.0200177 0.0114344
 0.679237 0.264551 0.0409707 0.00891928 0.00632208
 0.790881 0.160488 0.04032 0.00605977 0.00225057
 0.449032 0.473763 0.0597058 0.0145133 0.00298598
 0.45759 0.324592 0.188428 0.0227403 0.00664938
 0.573282 0.241589 0.112072 0.0632127 0.00984412
 0.766955 0.163958 0.0397919 0.0177493 0.0115458
 0.864362 0.117106 0.0132211 0.00306222 0.00224865
 0.7737 0.205523 0.0180114 0.00197404 0.000791677
 0.7177 0.242423 0.0363512 0.00305781 0.000468489
 0.675283 0.265515 0.0511238 0.00736519 0.000712925
 0.784464 0.174617 0.0337757 0.00617085 0.000972297
 0.951909 0.0419897 0.00498543 0.000921214 0.000194344
 0.373757 0.608754 0.0153472 0.00175071 0.000390896
 0.926261 0.036589 0.0361472 0.000879895 0.000122551
 0.589073 0.392077 0.00951338 0.00908458 0.000251476
 0.631202 0.261438 0.102613 0.00239849 0.00234906
 0.752144 0.184597 0.0453237 0.0171438 0.000791569
 0.765611 0.195469 0.0292444 0.00693607 0.00273961
 0.303171 0.590107 0.089545 0.0129132 0.00426384
 0.761397 0.097966 0.119685 0.0175847 0.00336728
 0.62409 0.314586 0.0256507 0.0303663 0.00530688
 0.426073 0.415816 0.13301 0.0105102 0.0145921
 0.742537 0.138537 0.0868845 0.0269621 0.00507994
 0.68963 0.25513 0.0301618 0.0183296 0.00674828
 0.331326 0.519374 0.123402 0.0141519 0.0117471
 0.419469 0.253211 0.255943 0.0590123 0.0123649
 0.849618 0.0814524 0.0306298 0.0299594 0.00834023
pobs_RECLAS
 0 0 0 0 0
 0 0 0 0 0
 0 0 0 0 0
 0 0 0 0 0
 0 0 0 0 0
 0 0 0 0 0
 0 0 0 0 0
 0 0 0 0 0
 0 0 0 0 0
 0 0 0 0 0
 0.991045 0.00858322 0.000360255 1.14367e-05 0
 0.934742 0.0480273 0.0164251 0.00080598 0
 0.827803 0.169806 0.00239088 0 0
 0.941827 0.0461693 0.0120037 0 0
 0.791401 0.0380133 0.147996 0.0225897 0
 0.846168 0.0940531 0.0597789 0 0
 0.134021 0.677848 0.182769 0.00536245 0
 0.80878 0.0450904 0.141981 0.00414843 0
 0.846168 0.0940531 0.0597789 0 0
 0.905697 0.0802665 0.012482 0.00150086 5.37128e-05
 0.989698 0.0102097 9.19794e-05 0 0
 0.975433 0.0193895 0.00387452 0.00125025 5.28907e-05
 0.303575 0.632131 0.0575291 0.00676475 0
 0.966965 0.00978017 0.0227588 0.000495775 0
 0.843318 0.132988 0.00938335 0.0141283 0.000182051
 0.564624 0.303363 0.111486 0.0197234 0.00080311
 0.826376 0.0876187 0.0782897 0.00655872 0.00115652
 0.89761 0.0855135 0.0140674 0.00269457 0.000114338
 0.34875 0.467042 0.161289 0.0227151 0.000203297
 0.318654 0.224769 0.449479 0.00709798 0
 0.937255 0.0296025 0.0250945 0.00804832 0
ppred_RECLAS
 0.621599 0.123736 0.23614 0.0185244 7.1723e-07
 0.559912 0.279287 0.0527276 0.100214 0.00786001
 0.706966 0.170906 0.0777194 0.0145659 0.0298432
 0.808224 0.139412 0.0306372 0.0138288 0.00789852
 0.763362 0.196116 0.0295468 0.00642285 0.00455223
 0.853153 0.113437 0.0277082 0.00415806 0.00154417
 0.563456 0.377008 0.0460588 0.0111774 0.00229944
 0.563145 0.264304 0.149299 0.0179918 0.00526049
 0.678922 0.184169 0.0829335 0.0467031 0.00727247
 0.841356 0.112695 0.0264849 0.0117934 0.00767078
 0.906414 0.0811038 0.00890859 0.00206035 0.00151284
 0.84273 0.143225 0.0121776 0.00133249 0.000534343
 0.798999 0.173333 0.025225 0.00211849 0.000324548
 0.77314 0.186645 0.0347361 0.00499516 0.000483468
 0.853302 0.119564 0.0224043 0.00408633 0.000643796
 0.96872 0.0274156 0.00315879 0.000582748 0.000122929
 0.478432 0.507406 0.0124303 0.00141579 0.000316091
 0.951228 0.0245472 0.0235717 0.000572913 7.97886e-05
 0.689323 0.296829 0.00699451 0.00666881 0.000184588
 0.72716 0.195051 0.074355 0.00173527 0.00169937
 0.824179 0.13191 0.0314755 0.0118875 0.000548831
 0.835158 0.138138 0.0200734 0.0047535 0.00187739
 0.399807 0.510452 0.0753157 0.0108449 0.00358063
 0.831532 0.0703181 0.083546 0.0122567 0.00234685
 0.717305 0.237676 0.0188471 0.0222788 0.00389318
 0.531616 0.341938 0.106397 0.00839494 0.0116544
 0.816379 0.100093 0.0610479 0.0189163 0.00356374
 0.772168 0.188218 0.0216445 0.0131341 0.00483512
 0.430477 0.445088 0.102877 0.0117807 0.00977806
 0.52849 0.20897 0.205357 0.0472777 0.00990532
 0.897475 0.0562726 0.0205705 0.0200899 0.00559226
pobs_PELACES
 0 0 0 0 0
 0 0 0 0 0
 0 0 0 0 0
 0 0 0 0 0
 0 0 0 0 0
 0 0 0 0 0
 0 0 0 0 0
 0 0 0 0 0
 0 0 0 0 0
 0 0 0 0 0
 0 0 0 0 0
 0 0 0 0 0
 0 0 0 0 0
 0 0 0 0 0
 0 0 0 0 0
 0 0 0 0 0
 0.505614 0.472636 0.0217494 0 0
 0 0 0 0 0
 0.443492 0.261883 0.143347 0.151278 0
 0.227955 0.32914 0.350689 0.0885471 0.00366901
 0.970185 0.0296113 0.000203453 0 0
 0.997202 0.00247181 0.000326279 0 0
 0.445219 0.490057 0.0546422 0.010081 0
 0.90214 0.0892962 0.00764917 0.000914606 0
 0 0 0 0 0
 0.581667 0.319106 0.0959925 0.00289975 0.000334073
 0.762889 0.0836404 0.116647 0.0363945 0.000428098
 0.88444 0.0763242 0.0277011 0.0115352 0
 0.521256 0.241999 0.230069 0.00667565 0
 0.616807 0.101726 0.260614 0.0208532 0
 0.833518 0.0704572 0.0857862 0.0102388 0
ppred_PELACES
 0.554697 0.139714 0.283095 0.0224926 8.7311e-07
 0.501708 0.308484 0.0617044 0.118765 0.00933893
 0.655681 0.195511 0.0942024 0.0178794 0.0367261
 0.776042 0.160062 0.0371758 0.016991 0.00972952
 0.715821 0.232892 0.0372562 0.00820256 0.00582857
 0.821511 0.135939 0.0352072 0.00535075 0.0019922
 0.522918 0.408786 0.0526821 0.0129441 0.00266969
 0.495889 0.297415 0.178518 0.0217897 0.00638734
 0.632059 0.205571 0.0978574 0.0558005 0.00871135
 0.819724 0.125901 0.0311649 0.0140491 0.00916128
 0.883097 0.100423 0.0117158 0.00274438 0.00202028
 0.81803 0.164866 0.0148047 0.00164026 0.000659444
 0.767601 0.198823 0.0305764 0.00260018 0.000399362
 0.751844 0.202279 0.0395597 0.00575852 0.000558769
 0.832927 0.134769 0.0266142 0.00491442 0.000776237
 0.962684 0.0324684 0.00395264 0.000738355 0.000156152
 0.4274 0.556134 0.0144289 0.00166428 0.000372523
 0.938742 0.0299384 0.0304652 0.000749875 0.000104702
 0.646327 0.336938 0.00839965 0.0081096 0.000225044
 0.683627 0.222445 0.0897253 0.00212043 0.00208189
 0.78943 0.155525 0.0393135 0.0150362 0.000695985
 0.805152 0.161668 0.0248591 0.00596118 0.00236039
 0.345924 0.551102 0.086236 0.0125758 0.00416278
 0.79151 0.0839398 0.105811 0.0157215 0.00301801
 0.666723 0.277151 0.0233181 0.0279162 0.00489085
 0.468958 0.381093 0.125886 0.01006 0.0140019
 0.775033 0.119125 0.0770834 0.0241902 0.00456904
 0.726277 0.223486 0.0272818 0.016767 0.00618836
 0.370543 0.485104 0.119055 0.0138081 0.0114903
 0.46541 0.22886 0.238455 0.055597 0.0116782
 0.872693 0.0678017 0.0262705 0.0259832 0.00725131
pobs_pel_tallas
 0 0 0 0 0 0 0 0 0 0 0 0 0 0 0 0 0 0 0 0 0 0 0 0 0 0
 0 0 0 0 0 0 0 0 0 0 0 0 0 0 0 0 0 0 0 0 0 0 0 0 0 0
 0 0 0 0 0 0 0 0 0 0 0 0 0 0 0 0 0 0 0 0 0 0 0 0 0 0
 0 0 0 0 0 0 0 0 0 0 0 0 0 0 0 0 0 0 0 0 0 0 0 0 0 0
 0 0 0 0 0 0 0 0 0 0 0 0 0 0 0 0 0 0 0 0 0 0 0 0 0 0
 0 0 0 0 0 0 0 0 0 0 0 0 0 0 0 0 0 0 0 0 0 0 0 0 0 0
 0 0 0 0 0 0 0 0 0 0 0 0 0 0 0 0 0 0 0 0 0 0 0 0 0 0
 0 0 0 0 0 0 0 0 0 0 0 0 0 0 0 0 0 0 0 0 0 0 0 0 0 0
 0 0 0 0 0 0 0 0 0 0 0 0 0 0 0 0 0 0 0 0 0 0 0 0 0 0
 0 0 0 0 0 0 0 0 0 0 0 0 0 0 0 0 0 0 0 0 0 0 0 0 0 0
 0 0 0 0 0 0 0 0 0 0 0 0 0 0 0 0 0 0 0 0 0 0 0 0 0 0
 0 0 0 0 0 0 0 0 0 0 0 0 0 0 0 0 0 0 0 0 0 0 0 0 0 0
 0.00862536 0 0 0.000197151 0.00414017 0.0128641 0.00837892 0.0270097 0.101434 0.158115 0.152841 0.127902 0.109271 0.109419 0.0830992 0.0579132 0.0238553 0.00714673 0.00463305 0.00128148 0.00103504 0.000492878 0.000147863 0.000147863 4.92878e-05 0
 0 0 0 0 0 0 0 0 0 0 0 0 0 0 0 0 0 0 0 0 0 0 0 0 0 0
 0 0 0 0 0 0 0 0.0054083 0.00873648 0.0413646 0.0450493 0.0745869 0.0622846 0.0627006 0.0613931 0.0827291 0.12552 0.122667 0.0946155 0.0697135 0.0546179 0.0294188 0.0215738 0.0213955 0.0102223 0.00600262
 0 0 0 0 0.00359764 0.0251062 0.0480494 0.140153 0.205849 0.193036 0.1447 0.116669 0.0760912 0.0342217 0.00950174 0.001854 0.000860785 0 0 0 0.000165536 0 0.000143464 0 0 0
 0 0 0 0 0 0 0 0.000145254 0.000435761 0.0275982 0.070085 0.0708112 0.156366 0.174668 0.174014 0.160142 0.0824315 0.0480064 0.0283245 0.00493863 0.00203355 0 0 0 0 0
 0 0 0 0 0 0 0 0 0 0 0 0 0 0 0 0 0 0 0 0 0 0 0 0 0 0
 0 0 1.00437e-05 0.000401748 0.00122533 0.00171747 0.00176769 0.0269171 0.070346 0.194647 0.189555 0.159765 0.064822 0.0314167 0.0384472 0.0292271 0.0345202 0.0313363 0.0194345 0.0106764 0.0143323 0.0359363 0.0279516 0.0138201 0.00172751 0
 0 0.0021121 0.0136068 0.0755702 0.200478 0.177729 0.0527432 0.0373336 0.0318909 0.0142505 0.0149659 0.0166563 0.0217959 0.0798694 0.0677717 0.0528807 0.04013 0.0224614 0.0357745 0.0225083 0.00881397 0.00855152 0.00135912 0.000746735 0 0
 0 0 0 0 5.4009e-05 0.00500934 0.000945158 0.0243581 0.138947 0.33067 0.221406 0.137944 0.0707744 0.0437923 0.0131692 0.00525238 0.0047753 0.00276346 9.45158e-05 9.00151e-06 2.25038e-05 9.00151e-06 4.50075e-06 0 0 0
 0.000866109 0.00284123 0.00948549 0.0512746 0.133035 0.25785 0.225252 0.132002 0.0553304 0.0519788 0.0540692 0.017754 0.00435017 0.00159236 0.00146478 0.000404838 0.000125132 0.000115318 0.000107957 0.000100596 0 0 0 0 0 0
 0 0 0 0 0.00144013 0.00171154 0.00461396 0.0210425 0.0478622 0.0707936 0.0888783 0.103762 0.0637923 0.0337046 0.0602308 0.124433 0.169614 0.0934646 0.0462172 0.0250306 0.0313229 0.00938855 0.002487 0.000210481 0 0
 0 0.00764035 0.051015 0.0998891 0.058973 0.0496711 0.0374665 0.0718981 0.12319 0.153886 0.159021 0.0857701 0.0377988 0.023471 0.0147837 0.00900784 0.00315554 0.000888139 0.00291439 0.00214683 0.00393193 0.00274676 0.000635225 9.99891e-05 0 0
 0 0 0 0 0 0 0 0 0 0 0 0 0 0 0 0 0 0 0 0 0 0 0 0 0 0
 0 0 0 0 0 0 0 0 0 0 0 0 0 0 0 0 0 0 0 0 0 0 0 0 0 0
 0 0 0 0 0 0 0 0 0 0 0 0 0 0 0 0 0 0 0 0 0 0 0 0 0 0
 0 0 0 0 0 0 0 0 0 0 0 0 0 0 0 0 0 0 0 0 0 0 0 0 0 0
 0 0 0 0 0 0 0 0 0 0 0 0 0 0 0 0 0 0 0 0 0 0 0 0 0 0
 0 0 0 0 0 0 0 0 0 0 0 0 0 0 0 0 0 0 0 0 0 0 0 0 0 0
 0 0 0 0 0 0 0 0 0 0 0 0 0 0 0 0 0 0 0 0 0 0 0 0 0 0
ppred_pel_tallas
 1.10462e-16 4.56897e-05 0.00044412 0.00295134 0.0134164 0.0417433 0.0889391 0.129812 0.129826 0.0890071 0.0419729 0.0140846 0.00464853 0.00421454 0.00739778 0.0126559 0.0193844 0.0267817 0.0339722 0.0404116 0.0459549 0.0504589 0.0533452 0.0536502 0.050607 0.0442743
 1.15351e-16 4.13251e-05 0.000401695 0.0026694 0.0121347 0.0377558 0.0804439 0.117416 0.117446 0.0805896 0.0382451 0.0135489 0.006223 0.00817275 0.0148417 0.0245867 0.0357039 0.0455547 0.0515263 0.0525436 0.0497469 0.0456761 0.0425957 0.0412609 0.0408807 0.0399939
 1.10777e-16 5.40076e-05 0.000524974 0.00348863 0.0158588 0.0493428 0.105131 0.153445 0.153464 0.105224 0.0496544 0.0167602 0.0057568 0.00549528 0.00954948 0.0158498 0.0231784 0.029897 0.0343737 0.0358798 0.0349911 0.0330928 0.0314017 0.0302963 0.0293636 0.027926
 1.04465e-16 6.39216e-05 0.00062134 0.00412903 0.01877 0.0584004 0.124429 0.181611 0.181626 0.124504 0.0586541 0.0195031 0.00597082 0.0046469 0.00772386 0.0127072 0.0183936 0.0233357 0.0261077 0.0260689 0.0237377 0.020412 0.0173465 0.0151341 0.0136555 0.0124478
 1.02944e-16 5.89613e-05 0.000573124 0.00380861 0.0173134 0.0538686 0.114774 0.16752 0.167543 0.114883 0.054237 0.0183777 0.00648046 0.00640705 0.0111424 0.0183373 0.0264335 0.0332911 0.0367685 0.0358783 0.0313665 0.0251899 0.0193277 0.0148577 0.0118289 0.00973377
 1.01925e-16 6.76668e-05 0.000657746 0.00437095 0.0198697 0.0618221 0.131719 0.192251 0.192264 0.131783 0.0620376 0.0204924 0.00593527 0.00407666 0.00657248 0.0107889 0.0156058 0.0197711 0.0220512 0.0218685 0.0196244 0.0163907 0.0132325 0.0107014 0.00879552 0.00725063
 1.03375e-16 4.30722e-05 0.000418677 0.00278226 0.0126478 0.0393521 0.0838452 0.122383 0.122422 0.0840377 0.0399983 0.0145142 0.00746697 0.0106441 0.0194589 0.0320906 0.046198 0.0580406 0.0638288 0.0618085 0.0532979 0.0417814 0.0308211 0.0224143 0.0167407 0.0129639
 1.08494e-16 4.08458e-05 0.000397036 0.00263844 0.011994 0.037318 0.0795109 0.116055 0.116083 0.0796521 0.0377928 0.0133682 0.00609817 0.00798398 0.0145504 0.0242521 0.0355421 0.0459655 0.0530009 0.0554185 0.0538793 0.0502222 0.0460818 0.0420098 0.0376458 0.0324993
 1.09947e-16 5.20619e-05 0.000506061 0.00336295 0.0152875 0.0475652 0.101343 0.147918 0.147938 0.101441 0.0478929 0.0162357 0.00574922 0.00573635 0.0100479 0.0166947 0.0244392 0.0315778 0.0364117 0.0381851 0.0374922 0.0357432 0.0341322 0.0329519 0.0316857 0.0296105
 1.03891e-16 6.75196e-05 0.000656314 0.00436144 0.0198265 0.0616876 0.131432 0.191832 0.191844 0.131492 0.0618873 0.0204034 0.00581098 0.00382513 0.00609901 0.0100117 0.0145016 0.0184224 0.0206582 0.0207099 0.0189859 0.0165 0.0142246 0.0126065 0.0115319 0.0106216
 1.00981e-16 7.27395e-05 0.000707054 0.00469862 0.0213593 0.0664567 0.141593 0.206662 0.206671 0.141641 0.0666154 0.0218177 0.00584907 0.00321789 0.00483951 0.007881 0.0113352 0.0142323 0.0156371 0.0151207 0.0130124 0.0101769 0.00749842 0.00547294 0.00414231 0.00329006
 1.00746e-16 6.73801e-05 0.000654958 0.00435243 0.0197855 0.0615602 0.131161 0.191437 0.191453 0.131239 0.0618206 0.0205375 0.00623915 0.00477125 0.00787776 0.0128978 0.0185281 0.0232032 0.025375 0.0243268 0.0205985 0.0156268 0.0109 0.00728232 0.0048928 0.00341288
 1.01262e-16 6.32263e-05 0.000614582 0.00408412 0.0185658 0.0577652 0.123076 0.179636 0.179656 0.123169 0.0580797 0.0194741 0.00636401 0.00559181 0.00951633 0.0156331 0.0225145 0.0283106 0.0311746 0.0302435 0.0261388 0.0205281 0.015121 0.0108829 0.00792187 0.0058752
 1.01866e-16 6.19285e-05 0.000601967 0.00400028 0.0181847 0.0565795 0.120549 0.175949 0.175969 0.120645 0.0568997 0.0191098 0.00632311 0.00567523 0.00970426 0.0159638 0.0230333 0.029052 0.0321596 0.0314858 0.0276484 0.0223021 0.0171223 0.0130242 0.0100712 0.00788465
 1.01427e-16 6.86071e-05 0.000666885 0.00443169 0.0201458 0.0626812 0.133549 0.194922 0.194935 0.133613 0.0628945 0.0207622 0.00597949 0.0040476 0.00649458 0.0106422 0.015356 0.0193767 0.0214664 0.0210483 0.0185361 0.0150319 0.0116474 0.00898377 0.00707162 0.00564783
 1.00223e-16 7.92951e-05 0.000770776 0.00512208 0.0232842 0.0724459 0.154354 0.225284 0.225288 0.154369 0.0724972 0.0234324 0.00549406 0.00158261 0.00162055 0.00255206 0.00366494 0.00460061 0.0050525 0.0048803 0.00418864 0.00325531 0.00236552 0.00168101 0.00121922 0.000915943
 1.00789e-16 3.52045e-05 0.000342201 0.00227405 0.0103375 0.0321641 0.068531 0.100034 0.100088 0.0687924 0.0330413 0.0128698 0.00862532 0.0141898 0.0262836 0.0432628 0.0620045 0.0773107 0.083908 0.0793646 0.0655744 0.0475585 0.0305818 0.0177939 0.00973122 0.00530115
 1.0098e-16 7.73229e-05 0.000751606 0.00499469 0.0227051 0.0706441 0.150515 0.219681 0.219684 0.150529 0.0706923 0.0228448 0.00534724 0.00152758 0.00156957 0.00252053 0.00373475 0.00492671 0.00585292 0.006386 0.0065594 0.00649429 0.00627643 0.00589796 0.00530405 0.00448288
 1.0118e-16 5.32372e-05 0.000517485 0.00343887 0.0156326 0.048639 0.103632 0.15126 0.151293 0.10379 0.0491706 0.017167 0.00728738 0.00890886 0.0159608 0.0262258 0.0375959 0.046905 0.0509692 0.0483298 0.0401468 0.0294645 0.0194568 0.0119947 0.00735064 0.00480959
 1.03212e-16 5.63095e-05 0.000547349 0.00363733 0.0165348 0.0514459 0.109612 0.159986 0.160008 0.109717 0.0517995 0.0175572 0.00620788 0.00617264 0.0107798 0.0178355 0.0259259 0.0330937 0.0373564 0.0377547 0.0348559 0.0302499 0.0254845 0.0213148 0.0177109 0.0143568
 1.02801e-16 6.50243e-05 0.000632059 0.00420026 0.0190938 0.0594079 0.126575 0.184744 0.184759 0.126649 0.0596545 0.0198063 0.00599037 0.00454485 0.00751081 0.0123527 0.0178795 0.0226771 0.0253473 0.0252448 0.0228414 0.0193661 0.0160211 0.0133987 0.0114425 0.00979671
 1.01757e-16 6.63193e-05 0.000644647 0.00428391 0.019474 0.060591 0.129096 0.188423 0.188438 0.129172 0.0608468 0.0202127 0.00613821 0.00469318 0.00775691 0.0127232 0.0183322 0.0230749 0.0254594 0.0247967 0.0216034 0.0172398 0.0130857 0.00989895 0.00772516 0.00622301
 1.04596e-16 2.84934e-05 0.000276966 0.00184054 0.00836685 0.0260327 0.0554673 0.0809673 0.0810204 0.0557269 0.0269044 0.0108847 0.00816119 0.0140765 0.0262405 0.043346 0.062461 0.078588 0.0866341 0.0842264 0.0731001 0.0578765 0.0432702 0.0319097 0.0240304 0.0185629
 1.05163e-16 6.51956e-05 0.000633725 0.00421133 0.0191441 0.0595644 0.126909 0.185228 0.185237 0.126949 0.0597002 0.0195384 0.00520847 0.00283451 0.00431528 0.00721466 0.0108154 0.0144958 0.0176423 0.0199346 0.0214477 0.0224248 0.0229367 0.0227586 0.0215631 0.0192283
 1.04372e-16 5.49172e-05 0.000533815 0.00354739 0.0161259 0.0501739 0.106902 0.156032 0.156058 0.107032 0.0506118 0.0173906 0.00672109 0.00745979 0.0132025 0.0217248 0.0312599 0.0392573 0.0431687 0.0418514 0.0362673 0.0288481 0.0220418 0.0171598 0.0141925 0.0123824
 1.07109e-16 3.86276e-05 0.000375474 0.00249516 0.0113426 0.0352914 0.0751933 0.109755 0.109791 0.0753734 0.0358963 0.0130914 0.0068903 0.00998792 0.0183466 0.0304052 0.0441119 0.0561289 0.0630516 0.0632723 0.0578649 0.0497125 0.041634 0.035018 0.0297707 0.0251615
 1.05455e-16 6.38384e-05 0.000620532 0.00412366 0.0187455 0.0583244 0.124267 0.181373 0.181385 0.124323 0.0585149 0.019297 0.00551293 0.00366979 0.00590348 0.00978616 0.0143911 0.0187297 0.0218295 0.0232355 0.0232298 0.0225254 0.0217007 0.0208527 0.0196926 0.0179021
 1.03574e-16 5.98225e-05 0.000581496 0.00386425 0.0175663 0.0546555 0.11645 0.169967 0.169988 0.116555 0.0550088 0.0185869 0.00642603 0.00617379 0.0106806 0.0175632 0.0252986 0.031828 0.0351011 0.0341897 0.0298461 0.0239919 0.0185599 0.0145827 0.012059 0.0104156
 1.06889e-16 3.05213e-05 0.000296678 0.00197153 0.00896231 0.0278853 0.0594144 0.0867268 0.0867737 0.0596433 0.0286541 0.0111837 0.00755129 0.0124898 0.0232237 0.0384397 0.0555904 0.0703621 0.0783533 0.0775018 0.0692576 0.0574862 0.0460454 0.0369576 0.0302451 0.0249536
 1.14492e-16 3.83352e-05 0.000372632 0.00247627 0.0112568 0.0350242 0.0746235 0.10892 0.108942 0.0747331 0.0353931 0.0123268 0.00517852 0.00632615 0.0115054 0.01938 0.0288976 0.0384046 0.0461925 0.0514198 0.0544381 0.056169 0.0571035 0.0568405 0.0545 0.0495375
 1.04609e-16 7.18826e-05 0.000698724 0.00464327 0.0211076 0.0656737 0.139925 0.204226 0.204233 0.139957 0.0657817 0.02142 0.00542912 0.00242055 0.00336097 0.00549395 0.00803183 0.0103728 0.0119659 0.0125873 0.0124703 0.0121189 0.0119469 0.0120308 0.0121305 0.0119023
pSPR Fmed_Fpbrs
0.44492   0.6 0.325
Fs Fmed_Fpbrs
0.522314   0.309553 0.771883
SSBpbr Bo_Bmed_Bpbrs
1.30996e+06  517329  720477 360239
Ro
117552
SPR SPRFo_SPRFmed_SPRFpbrs
839044 373308 272689
Fref
0.309553
Nvult_r0
 135554 9675.59 3572.76 3491.17 971.838
CTP_r0
 32022.6 3069.99 1154.46 1129.19 314.348
YTP_r0
391281
Np
 146622 44150.1 13652 785.53 362.21
Nvult_p0
 102472 32128.7 9965.02 573.478 264.435
CTP_p0
 17097.1 8439.64 501.286 182.321 218.611
 17097.1 7431.6 2352.82 135.551 62.5071
YTP_p0
 284651 305027
CBA_c0
290764
log_Ro
11.4946
likeval ReclasPelacesDesembMPH_pf_preclas_ppelaces_ptallas_desvR_qrecl_qpela
 11.8218 16.5542 0.018047 0.000827769 242.188 116.638 100.496 0 24.9057 1.56807e-05 5.22842e-05 0.0724074 5.14792e-16 0 0
q_reclas_q_pelaces
1.75266 2.79749
M
1
N
 156381 32594.6 62437.3 4899 0.189682
 88164.8 47906.7 9107.6 17316.4 1358.19
 87693.1 23072 10564.4 1980.68 4058.18
 117062 23034.6 5116.52 2310.8 1319.89
 94912.3 25499.2 3855.67 838.306 594.16
 204712 29224.6 7179.81 1077.78 400.259
 71785.2 56750.4 7027.74 1706.72 351.125
 28087.4 13597.6 7700.36 928.087 271.358
 29634.9 9133.13 4155.61 2341.5 364.622
 40297.9 6561.16 1566.6 698.185 454.143
 73258.3 6817.95 751.293 173.786 127.606
 117380 23045.4 1982.51 217.067 87.0491
 98054.3 24320.1 3577.99 300.671 46.0635
 69094.6 21170 4016.91 578.251 55.9704
 58422.2 9845.13 1872.68 341.837 53.8583
 317792 10312.1 1201.42 221.777 46.7847
 58298.6 67835.7 1674.38 190.788 42.5963
 529586 14829.9 14335.3 348.547 48.5425
 291957 140749 3347.2 3192.91 88.38
 228885 68526.8 26357.2 615.413 602.697
 311202 54376.1 13067.7 4937.26 227.952
 437826 80740.9 11836.9 2804.4 1107.62
 76514.8 104471 15498.6 2232.35 737.06
 240123 21551.2 25729.4 3775.66 722.951
 198337 69707.4 5554.16 6567.16 1147.62
 85495.5 57710.6 18027.7 1422.73 1975.15
 199361 25955.5 15908 4930.55 928.906
 225487 57751.8 6668.02 4047.12 1489.9
 62990.9 68123.5 15803.5 1810.06 1502.38
 45592.7 19377.5 19154.5 4411.19 924.219
 185693 12584.2 4629.33 4522.7 1258.97
pred_Ctot
 16783.4 5066.39 9939.26 780.853 0.0302354
 16537.4 12641.2 2455.58 4674.18 366.636
 16292.1 6034.02 2823.25 529.927 1085.83
 31484.7 8449.15 1913.05 864.881 494.031
 9922.85 3864.77 598.533 130.3 92.3581
 32631.6 6621.73 1663.6 250.025 92.8584
 23214.5 24493 3086.73 750.324 154.372
 2082.21 1477.02 857.419 103.477 30.2572
 7770.7 3274.67 1519.11 856.832 133.435
 14636.5 3128.96 759.384 338.726 220.338
 6795.95 920.731 103.949 24.0763 17.6797
 33941.2 9016 790.137 86.5985 34.7298
 26729.4 9028.6 1353.84 113.883 17.448
 28841.7 11340.3 2183.53 314.572 30.4495
 20371 4534.45 877.087 160.245 25.2486
 88100 3886.18 461.406 85.2591 17.9866
 11715.1 19080.8 481.043 54.8744 12.2523
 95401.1 3768.51 3723.01 90.6256 12.6223
 69274.4 46107.9 1118.76 1068.34 29.5733
 53094.1 21991.1 8631.4 201.751 197.594
 59647.6 14639.2 3594.33 1359.56 62.7742
 100714 25713.3 3847.01 912.417 360.387
 11584.6 22548.8 3421.63 493.429 162.927
 32633.3 4198.79 5129.65 753.675 144.321
 26715.1 13466.3 1098.01 1299.87 227.168
 9593.64 9362.69 2994.9 236.653 328.563
 27312.4 5095.73 3195.83 991.734 186.853
 25892.2 9578.86 1132.43 688.187 253.364
 6617.76 10373.7 2464.77 282.663 234.631
 7366.9 4447 4494.98 1036.4 217.157
 32022.6 3069.99 1154.46 1129.19 314.348
F
 0.183043 0.275039 0.282512 0.282917 0.282938
 0.340587 0.511765 0.52567 0.526423 0.526462
 0.336848 0.506146 0.519899 0.520644 0.520683
 0.524061 0.787451 0.808847 0.810006 0.810067
 0.177941 0.267373 0.274638 0.275031 0.275052
 0.282942 0.425147 0.436698 0.437324 0.437357
 0.663782 0.997395 1.0245 1.02596 1.02604
 0.123412 0.185438 0.190477 0.190749 0.190764
 0.507787 0.762998 0.783729 0.784852 0.784911
 0.77674 1.16713 1.19884 1.20056 1.20065
 0.156527 0.235197 0.241588 0.241934 0.241952
 0.574115 0.862663 0.886102 0.887371 0.887438
 0.532938 0.80079 0.822549 0.823727 0.823789
 0.9485 1.42521 1.46394 1.46603 1.46614
 0.734377 1.10347 1.13345 1.13508 1.13516
 0.544309 0.817876 0.840099 0.841302 0.841365
 0.368936 0.554361 0.569424 0.570239 0.570282
 0.325117 0.48852 0.501793 0.502512 0.50255
 0.44938 0.675237 0.693584 0.694577 0.694629
 0.437295 0.657078 0.674931 0.675898 0.675949
 0.349197 0.524702 0.538959 0.539731 0.539771
 0.432913 0.650493 0.668168 0.669125 0.669175
 0.267055 0.401275 0.412178 0.412768 0.412799
 0.236846 0.355883 0.365553 0.366077 0.366104
 0.234526 0.352397 0.361972 0.362491 0.362518
 0.192079 0.288617 0.296459 0.296884 0.296906
 0.238961 0.359062 0.368818 0.369346 0.369374
 0.196941 0.295923 0.303964 0.304399 0.304422
 0.178879 0.268783 0.276086 0.276482 0.276502
 0.287303 0.4317 0.44343 0.444065 0.444098
 0.309302 0.464756 0.477384 0.478067 0.478103
YTP_r0W_actual
 265788 43286.9 31863 38618.2 11725.2
YTP_p0W_proyectada
 128057 132249 11594.7 5354.78 7395.62
 128057 116453 54420.8 3981.13 2114.61
CTP_r0_actual
 32022.6 3069.99 1154.46 1129.19 314.348
CTP_p0_proyectada
 17097.1 8439.64 501.286 182.321 218.611
 17097.1 7431.6 2352.82 135.551 62.5071
Wmedp
 7.49 15.67 23.13 29.37 33.83
Frms_r0
 0.309302 0.464756 0.477384 0.478067 0.478103
Zrms_r0
 1.3093 1.46476 1.47738 1.47807 1.4781
nmprior
 8.19 8.8 8.5 0
nm_flota  nm_reclas  nm_pelaces    nm_pelaL
inf 16.475 14.5818 32.5803
cv_recla  cv_pelaces  cv_mph
0.311005 0.461346 0.887892
 ------------------------------------------------
Talla a la edad & desviaci?n 
 8 13.2811 15.8009 17.003 17.5766
 0.8 1.32811 1.58009 1.7003 1.75766
