years
 1991 1992 1993 1994 1995 1996 1997 1998 1999 2000 2001 2002 2003 2004 2005 2006 2007 2008 2009 2010 2011 2012 2013 2014 2015 2016 2017 2018 2019 2020 2021
reclasobs
 0 0 0 0 0 0 0 0 0 252601 567819 844713 477998 351125 339783 2.1784e+06 2.13404e+06 4.81314e+06 1.55562e+06 2.62356e+06 3.21686e+06 3.843e+06 1.13348e+06 3.07943e+06 1.97215e+06 2.03268e+06 2.025e+06 2.42433e+06 2.27542e+06 1.05018e+06 2.36338e+06
reclaspred
 3.35407e+06 1.95456e+06 994985 968129 957428 1.41524e+06 1.02733e+06 938683 695028 529350 512498 618388 631488 544209 558828 1.23523e+06 1.30131e+06 2.51445e+06 2.14551e+06 1.66354e+06 2.97691e+06 2.42829e+06 2.02912e+06 3.02138e+06 2.30051e+06 2.03391e+06 2.3476e+06 2.43629e+06 2.07645e+06 1.38229e+06 1.91264e+06
pelacesobs
 0 0 0 0 0 0 0 0 0 0 0 0 0 0 0 552880 188675 0 991730 2.46772e+06 1.41603e+06 1.21717e+06 2.29649e+06 1.80582e+06 0 1.4828e+06 1.56532e+06 1.57751e+06 1.42118e+06 867257 1.10002e+06
pelacespred
 1.89686e+06 1.25597e+06 660084 521190 511636 780748 566489 578117 437533 323813 312361 324037 358327 340281 348700 629705 655007 1.4173e+06 1.29611e+06 946451 1.55269e+06 1.44333e+06 1.16302e+06 1.85513e+06 1.38989e+06 1.21195e+06 1.57968e+06 1.62185e+06 1.13969e+06 871686 1.20034e+06
mphobs
 0 0 0 0 0 0 0 0 0 0 0 498337 0 5186 125008 0 168611 109162 213762 579715 649985 157893 87575 83554 0 0 0 0 0 0 0
mphpred
 487635 329708 172902 92766 102492 110305 145141 107683 91571.9 67591.9 46668 57819.1 63940.3 58346.7 46428.7 56248.1 144153 147053 246582 201065 219501 269675 258143 219989 294078 243367 201126 209845 282975 202954 132444
desembarqueobs
 494567 514787 250237 358949 120608 361735 552515 73892 212993 205616 52469 317467 293654 387597 252695 516296 358380 742168 942051 627588 828172 859565 418607 520667 417249 300574 415391 372974 316634 284311 391294
desembarquepred
 494571 512923 251196 358960 120610 361742 552545 73893.6 213015 205637 52470.2 317509 293692 387644 252701 516291 358392 742130 941980 627545 828208 859592 418615 520679 417251 300576 415392 372969 316634 284316 391295
Reclutas
 344280 208721 198073 392112 313770 513718 218055 108542 97790.4 125154 223989 265560 226503 161951 174942 879919 215458 1.2812e+06 766284 578236 927396 1.22961e+06 276828 830539 688226 313801 699747 779685 234257 177297 676202
log_desv_Rt
 -0.0240411 -0.524497 -0.576861 0.106052 -0.116836 0.376178 -0.480748 -1.17836 -1.28267 -1.03595 -0.453897 -0.283654 -0.442737 -0.778205 -0.701039 0.914333 -0.492731 1.29006 0.776057 0.494486 0.966884 1.24896 -0.242099 0.856578 0.668621 -0.116737 0.685222 0.793393 -0.409077 -0.687671 0.650996
SSB
 8.18744e+06 5.53583e+06 2.90304e+06 1.55755e+06 1.72084e+06 1.85204e+06 2.43694e+06 1.80801e+06 1.5375e+06 1.13488e+06 783560 970789 1.07356e+06 979647 779542 944411 2.42035e+06 2.46904e+06 4.14014e+06 3.3759e+06 3.68544e+06 4.52787e+06 4.33425e+06 3.69364e+06 4.93759e+06 4.08615e+06 3.37692e+06 3.52332e+06 4.75119e+06 3.40762e+06 2.22375e+06
BT
 1.05149e+07 7.19856e+06 3.7726e+06 3.08226e+06 2.81842e+06 4.46572e+06 3.51434e+06 3.1407e+06 2.54e+06 1.92456e+06 1.70891e+06 1.99603e+06 2.17679e+06 2.21686e+06 2.11076e+06 3.77488e+06 3.76837e+06 8.19979e+06 7.81596e+06 5.6085e+06 8.93828e+06 8.49553e+06 6.55798e+06 1.03575e+07 7.7815e+06 6.71846e+06 8.83151e+06 9.00522e+06 6.32672e+06 4.91454e+06 6.76528e+06
Ftot
 0.0522188 0.0925489 0.0891375 0.131637 0.0449116 0.0912566 0.188629 0.0280664 0.108641 0.137283 0.0367698 0.181434 0.164446 0.25016 0.160834 0.149589 0.0975556 0.105672 0.155267 0.133617 0.0991179 0.125758 0.0731358 0.0618061 0.0645448 0.052582 0.0634033 0.0549669 0.0539973 0.0728828 0.0734659
BD_Bspro_t
 0.99168 0.935404 0.860091 0.809098 0.802557 0.840726 0.834344 0.749804 0.784496 0.766802 0.750513 0.844656 0.772269 0.718115 0.655674 0.697908 0.788449 0.783179 0.822111 0.766774 0.749873 0.784221 0.79581 0.796834 0.85624 0.860965 0.865582 0.882429 0.902419 0.872313 0.84132
BD_Bspro
 3.25268 2.19926 1.15331 0.61878 0.683652 0.735774 0.968139 0.71828 0.610815 0.450861 0.311291 0.385673 0.426503 0.389192 0.309694 0.375193 0.96155 0.980894 1.64478 1.34117 1.46414 1.79882 1.7219 1.4674 1.96159 1.62333 1.34158 1.39973 1.88754 1.35377 0.883445
BD_Bo
 2.20638 1.49182 0.782322 0.419735 0.463739 0.499095 0.656714 0.487228 0.414332 0.305831 0.211157 0.261612 0.289308 0.263999 0.210074 0.254503 0.652244 0.665366 1.1157 0.909749 0.993167 1.22019 1.16801 0.995376 1.3306 1.10115 0.910026 0.949476 1.28037 0.918299 0.599264
BD_Brms
 4.0116 2.71239 1.4224 0.763154 0.843162 0.907445 1.19403 0.885869 0.75333 0.556055 0.383921 0.475658 0.526015 0.479998 0.381952 0.462733 1.1859 1.20976 2.02855 1.65409 1.80576 2.21852 2.12365 1.80977 2.41927 2.00209 1.65459 1.72632 2.32794 1.66963 1.08957
Sel_flota
 0.969574 1 1 1 1
 0.969574 1 1 1 1
 0.969574 1 1 1 1
 0.969574 1 1 1 1
 0.969574 1 1 1 1
 0.969574 1 1 1 1
 0.969574 1 1 1 1
 0.969574 1 1 1 1
 0.969574 1 1 1 1
 0.969574 1 1 1 1
 0.969574 1 1 1 1
 0.969574 1 1 1 1
 0.969574 1 1 1 1
 0.969574 1 1 1 1
 0.969574 1 1 1 1
 0.969574 1 1 1 1
 0.969574 1 1 1 1
 0.969574 1 1 1 1
 0.969574 1 1 1 1
 0.969574 1 1 1 1
 0.969574 1 1 1 1
 0.969574 1 1 1 1
 0.969574 1 1 1 1
 0.969574 1 1 1 1
 0.969574 1 1 1 1
 0.969574 1 1 1 1
 0.969574 1 1 1 1
 0.969574 1 1 1 1
 0.969574 1 1 1 1
 0.969574 1 1 1 1
 0.969574 1 1 1 1
Sel_reclas
 1 1 1 1 1
 1 1 1 1 1
 1 1 1 1 1
 1 1 1 1 1
 1 1 1 1 1
 1 1 1 1 1
 1 1 1 1 1
 1 1 1 1 1
 1 1 1 1 1
 1 1 1 1 1
 1 1 1 1 1
 1 1 1 1 1
 1 1 1 1 1
 1 1 1 1 1
 1 1 1 1 1
 1 1 1 1 1
 1 1 1 1 1
 1 1 1 1 1
 1 1 1 1 1
 1 1 1 1 1
 1 1 1 1 1
 1 1 1 1 1
 1 1 1 1 1
 1 1 1 1 1
 1 1 1 1 1
 1 1 1 1 1
 1 1 1 1 1
 1 1 1 1 1
 1 1 1 1 1
 1 1 1 1 1
 1 1 1 1 1
Sel_pelaces
 1 1 1 1 1
 1 1 1 1 1
 1 1 1 1 1
 1 1 1 1 1
 1 1 1 1 1
 1 1 1 1 1
 1 1 1 1 1
 1 1 1 1 1
 1 1 1 1 1
 1 1 1 1 1
 1 1 1 1 1
 1 1 1 1 1
 1 1 1 1 1
 1 1 1 1 1
 1 1 1 1 1
 1 1 1 1 1
 1 1 1 1 1
 1 1 1 1 1
 1 1 1 1 1
 1 1 1 1 1
 1 1 1 1 1
 1 1 1 1 1
 1 1 1 1 1
 1 1 1 1 1
 1 1 1 1 1
 1 1 1 1 1
 1 1 1 1 1
 1 1 1 1 1
 1 1 1 1 1
 1 1 1 1 1
 1 1 1 1 1
pf_obs 
 0.8446 0.082 0.0669 0.0065 0
 0.8095 0.147 0.0364 0.0071 0
 0.9664 0.0169 0.016 0.0007 0
 0.9276 0.0648 0.0075 0.0001 0
 0.7033 0.2144 0.0806 0.0017 0
 0.9318 0.0425 0.0243 0.0014 0
 0.5671 0.3108 0.0964 0.0239 0.0018
 0.0768 0.2599 0.5324 0.112 0.0189
 0.490249 0.384438 0.106611 0.0170017 0.00170017
 0.7925 0.1577 0.0466 0.003 0.0002
 0.840416 0.127587 0.0312969 0.00059994 9.999e-05
 0.8084 0.0986 0.0794 0.0134 0.0002
 0.7335 0.1905 0.0724 0.0035 0.0001
 0.4001 0.4547 0.1325 0.0127 0
 0.49795 0.308269 0.164784 0.0264974 0.00249975
 0.9179 0.0499 0.0305 0.0017 0
 0.2467 0.6533 0.0926 0.0074 0
 0.9418 0.0223 0.034 0.0019 0
 0.707729 0.231977 0.0356964 0.0245975 0
 0.517169 0.277429 0.184464 0.0207286 0.00020938
 0.811772 0.124168 0.05621 0.00726502 0.000585176
 0.764997 0.148141 0.077277 0.00933861 0.000247198
 0.163321 0.427699 0.378323 0.0303852 0.000271297
 0.753843 0.0900009 0.118128 0.0371064 0.000921714
 0.721811 0.176058 0.0630433 0.0369309 0.00215725
 0.143369 0.312575 0.442814 0.0836902 0.0175525
 0.692698 0.0596174 0.167031 0.0765114 0.00414204
 0.394062 0.376323 0.152708 0.0712218 0.00568511
 0.125707 0.32114 0.495352 0.0537591 0.00404204
 0.23352 0.215282 0.420074 0.123614 0.00750983
 0.796117 0.104755 0.0508955 0.0450114 0.00322123
pf_pred 
 0.404659 0.10271 0.468923 0.0237066 6.94644e-07
 0.409641 0.243434 0.0598526 0.273257 0.013815
 0.5335 0.194781 0.112043 0.0275478 0.132128
 0.755249 0.132552 0.0468473 0.0269478 0.038404
 0.646056 0.269474 0.0457472 0.0161682 0.0225547
 0.74669 0.16548 0.0668691 0.011352 0.00960896
 0.479763 0.391632 0.0840142 0.0339495 0.0106419
 0.434866 0.275974 0.217678 0.046697 0.0247849
 0.519557 0.212643 0.130776 0.103151 0.0338731
 0.66457 0.177023 0.0701104 0.0431181 0.0451781
 0.78367 0.145367 0.0374509 0.0148325 0.0186798
 0.71914 0.22159 0.0398273 0.0102607 0.00918161
 0.660998 0.246113 0.0732865 0.0131721 0.00643015
 0.597116 0.269347 0.0969472 0.0288685 0.00772157
 0.687681 0.189147 0.0823467 0.0296394 0.0111866
 0.915155 0.0589583 0.0156774 0.0068253 0.00338386
 0.406715 0.544474 0.0339184 0.00901913 0.00587327
 0.877331 0.0508606 0.0659005 0.00410531 0.0018025
 0.606487 0.346613 0.0194455 0.0251957 0.00225874
 0.587293 0.253609 0.140136 0.00786186 0.0110999
 0.741479 0.153908 0.0642846 0.0355216 0.00480641
 0.742323 0.192664 0.0387054 0.0161665 0.0101418
 0.334337 0.498325 0.125117 0.0251356 0.0170849
 0.74368 0.0875443 0.126348 0.031723 0.0107048
 0.635027 0.273632 0.0311969 0.0450249 0.0151194
 0.451274 0.352514 0.147106 0.0167716 0.0323339
 0.739718 0.119514 0.0904328 0.0377383 0.0125974
 0.699768 0.223925 0.0350382 0.0265125 0.0147571
 0.371232 0.444176 0.137676 0.0215426 0.0253739
 0.443434 0.210771 0.244277 0.0757158 0.025802
 0.829762 0.0768445 0.0353679 0.0409904 0.017035
pobs_RECLAS
 0 0 0 0 0
 0 0 0 0 0
 0 0 0 0 0
 0 0 0 0 0
 0 0 0 0 0
 0 0 0 0 0
 0 0 0 0 0
 0 0 0 0 0
 0 0 0 0 0
 0 0 0 0 0
 0.991045 0.00858322 0.000360255 1.14367e-05 0
 0.934742 0.0480273 0.0164251 0.00080598 0
 0.827803 0.169806 0.00239088 0 0
 0.941827 0.0461693 0.0120037 0 0
 0.791401 0.0380133 0.147996 0.0225897 0
 0.846168 0.0940531 0.0597789 0 0
 0.134021 0.677848 0.182769 0.00536245 0
 0.80878 0.0450904 0.141981 0.00414843 0
 0.846168 0.0940531 0.0597789 0 0
 0.905697 0.0802665 0.012482 0.00150086 5.37128e-05
 0.989698 0.0102097 9.19794e-05 0 0
 0.975433 0.0193895 0.00387452 0.00125025 5.28907e-05
 0.303575 0.632131 0.0575291 0.00676475 0
 0.966965 0.00978017 0.0227588 0.000495775 0
 0.843318 0.132988 0.00938335 0.0141283 0.000182051
 0.564624 0.303363 0.111486 0.0197234 0.00080311
 0.826376 0.0876187 0.0782897 0.00655872 0.00115652
 0.89761 0.0855135 0.0140674 0.00269457 0.000114338
 0.34875 0.467042 0.161289 0.0227151 0.000203297
 0.318654 0.224769 0.449479 0.00709798 0
 0.937255 0.0296025 0.0250945 0.00804832 0
ppred_RECLAS
 0.412157 0.101417 0.463017 0.023408 6.85895e-07
 0.417195 0.24032 0.0590868 0.269761 0.0136382
 0.541242 0.191549 0.110184 0.0270906 0.129935
 0.760982 0.129447 0.0457499 0.0263166 0.0375044
 0.653115 0.2641 0.0448347 0.0158458 0.0221048
 0.752536 0.161661 0.065326 0.01109 0.00938721
 0.487617 0.385719 0.0827457 0.033437 0.0104812
 0.442492 0.27225 0.21474 0.0460668 0.0244505
 0.527339 0.209199 0.128658 0.10148 0.0333245
 0.671508 0.173362 0.0686603 0.0422263 0.0442437
 0.788878 0.141867 0.0365493 0.0144754 0.0182301
 0.725444 0.216617 0.0389333 0.0100304 0.00897553
 0.667992 0.241035 0.0717745 0.0129003 0.00629749
 0.60471 0.26427 0.0951197 0.0283243 0.00757601
 0.694376 0.185092 0.0805813 0.029004 0.0109468
 0.917556 0.05729 0.0152338 0.00663217 0.00328811
 0.414256 0.537553 0.0334872 0.00890449 0.00579862
 0.880648 0.0494852 0.0641184 0.0039943 0.00175376
 0.613942 0.340047 0.0190771 0.0247184 0.00221595
 0.594852 0.248964 0.13757 0.00771786 0.0108966
 0.747409 0.150378 0.0628102 0.0347069 0.00469617
 0.748255 0.188228 0.0378144 0.0157944 0.00990837
 0.341292 0.493118 0.12381 0.024873 0.0169064
 0.749556 0.0855373 0.123452 0.0309958 0.0104594
 0.642197 0.268257 0.030584 0.0441403 0.0148223
 0.458971 0.347569 0.145043 0.0165364 0.0318804
 0.745655 0.116788 0.0883702 0.0368775 0.0123101
 0.706249 0.219091 0.0342818 0.0259402 0.0144385
 0.378506 0.439037 0.136083 0.0212934 0.0250803
 0.45112 0.20786 0.240904 0.0746701 0.0254457
 0.83411 0.0748821 0.0344648 0.0399436 0.0165999
pobs_PELACES
 0 0 0 0 0
 0 0 0 0 0
 0 0 0 0 0
 0 0 0 0 0
 0 0 0 0 0
 0 0 0 0 0
 0 0 0 0 0
 0 0 0 0 0
 0 0 0 0 0
 0 0 0 0 0
 0 0 0 0 0
 0 0 0 0 0
 0 0 0 0 0
 0 0 0 0 0
 0 0 0 0 0
 0 0 0 0 0
 0.505614 0.472636 0.0217494 0 0
 0 0 0 0 0
 0.443492 0.261883 0.143347 0.151278 0
 0.227955 0.32914 0.350689 0.0885471 0.00366901
 0.970185 0.0296113 0.000203453 0 0
 0.997202 0.00247181 0.000326279 0 0
 0.445219 0.490057 0.0546422 0.010081 0
 0.90214 0.0892962 0.00764917 0.000914606 0
 0 0 0 0 0
 0.581667 0.319106 0.0959925 0.00289975 0.000334073
 0.762889 0.0836404 0.116647 0.0363945 0.000428098
 0.88444 0.0763242 0.0277011 0.0115352 0
 0.521256 0.241999 0.230069 0.00667565 0
 0.616807 0.101726 0.260614 0.0208532 0
 0.833518 0.0704572 0.0857862 0.0102388 0
ppred_PELACES
 0.412284 0.101395 0.462917 0.0234029 6.85747e-07
 0.417421 0.240227 0.0590639 0.269656 0.013633
 0.541464 0.191456 0.110131 0.0270775 0.129872
 0.761223 0.129317 0.0457039 0.0262901 0.0374667
 0.653217 0.264022 0.0448215 0.0158411 0.0220983
 0.752706 0.161549 0.065281 0.0110824 0.00938074
 0.488091 0.385362 0.0826693 0.0334061 0.0104715
 0.442562 0.272216 0.214713 0.0460611 0.0244474
 0.527611 0.209078 0.128584 0.101422 0.0333053
 0.671812 0.173202 0.0685967 0.0421872 0.0442028
 0.788939 0.141826 0.0365386 0.0144712 0.0182248
 0.725807 0.216331 0.0388819 0.0100171 0.00896367
 0.668358 0.24077 0.0716954 0.0128861 0.00629054
 0.605311 0.263868 0.0949752 0.0282813 0.00756451
 0.694719 0.184884 0.080491 0.0289715 0.0109345
 0.917669 0.0572111 0.0152128 0.00662304 0.00328358
 0.414494 0.537335 0.0334736 0.00890088 0.00579626
 0.88076 0.049439 0.0640585 0.00399057 0.00175212
 0.614311 0.339722 0.0190589 0.0246948 0.00221383
 0.595175 0.248765 0.13746 0.0077117 0.0108879
 0.747596 0.150266 0.0627635 0.0346811 0.00469268
 0.748492 0.188051 0.0377787 0.0157794 0.00989901
 0.341457 0.492995 0.123779 0.0248668 0.0169021
 0.749672 0.0854976 0.123394 0.0309813 0.0104546
 0.642346 0.268145 0.0305713 0.044122 0.0148162
 0.459102 0.347485 0.145008 0.0165324 0.0318727
 0.745775 0.116732 0.0883282 0.03686 0.0123042
 0.706363 0.219005 0.0342685 0.0259301 0.0144329
 0.378633 0.438947 0.136055 0.021289 0.0250752
 0.451302 0.207791 0.240824 0.0746454 0.0254373
 0.834212 0.0748361 0.0344436 0.0399191 0.0165897
pobs_pel_tallas
 0 0 0 0 0 0 0 0 0 0 0 0 0 0 0 0 0 0 0 0 0 0 0 0 0 0
 0 0 0 0 0 0 0 0 0 0 0 0 0 0 0 0 0 0 0 0 0 0 0 0 0 0
 0 0 0 0 0 0 0 0 0 0 0 0 0 0 0 0 0 0 0 0 0 0 0 0 0 0
 0 0 0 0 0 0 0 0 0 0 0 0 0 0 0 0 0 0 0 0 0 0 0 0 0 0
 0 0 0 0 0 0 0 0 0 0 0 0 0 0 0 0 0 0 0 0 0 0 0 0 0 0
 0 0 0 0 0 0 0 0 0 0 0 0 0 0 0 0 0 0 0 0 0 0 0 0 0 0
 0 0 0 0 0 0 0 0 0 0 0 0 0 0 0 0 0 0 0 0 0 0 0 0 0 0
 0 0 0 0 0 0 0 0 0 0 0 0 0 0 0 0 0 0 0 0 0 0 0 0 0 0
 0 0 0 0 0 0 0 0 0 0 0 0 0 0 0 0 0 0 0 0 0 0 0 0 0 0
 0 0 0 0 0 0 0 0 0 0 0 0 0 0 0 0 0 0 0 0 0 0 0 0 0 0
 0 0 0 0 0 0 0 0 0 0 0 0 0 0 0 0 0 0 0 0 0 0 0 0 0 0
 0 0 0 0 0 0 0 0 0 0 0 0 0 0 0 0 0 0 0 0 0 0 0 0 0 0
 0.00862536 0 0 0.000197151 0.00414017 0.0128641 0.00837892 0.0270097 0.101434 0.158115 0.152841 0.127902 0.109271 0.109419 0.0830992 0.0579132 0.0238553 0.00714673 0.00463305 0.00128148 0.00103504 0.000492878 0.000147863 0.000147863 4.92878e-05 0
 0 0 0 0 0 0 0 0 0 0 0 0 0 0 0 0 0 0 0 0 0 0 0 0 0 0
 0 0 0 0 0 0 0 0.0054083 0.00873648 0.0413646 0.0450493 0.0745869 0.0622846 0.0627006 0.0613931 0.0827291 0.12552 0.122667 0.0946155 0.0697135 0.0546179 0.0294188 0.0215738 0.0213955 0.0102223 0.00600262
 0 0 0 0 0.00359764 0.0251062 0.0480494 0.140153 0.205849 0.193036 0.1447 0.116669 0.0760912 0.0342217 0.00950174 0.001854 0.000860785 0 0 0 0.000165536 0 0.000143464 0 0 0
 0 0 0 0 0 0 0 0.000145254 0.000435761 0.0275982 0.070085 0.0708112 0.156366 0.174668 0.174014 0.160142 0.0824315 0.0480064 0.0283245 0.00493863 0.00203355 0 0 0 0 0
 0 0 0 0 0 0 0 0 0 0 0 0 0 0 0 0 0 0 0 0 0 0 0 0 0 0
 0 0 1.00437e-05 0.000401748 0.00122533 0.00171747 0.00176769 0.0269171 0.070346 0.194647 0.189555 0.159765 0.064822 0.0314167 0.0384472 0.0292271 0.0345202 0.0313363 0.0194345 0.0106764 0.0143323 0.0359363 0.0279516 0.0138201 0.00172751 0
 0 0.0021121 0.0136068 0.0755702 0.200478 0.177729 0.0527432 0.0373336 0.0318909 0.0142505 0.0149659 0.0166563 0.0217959 0.0798694 0.0677717 0.0528807 0.04013 0.0224614 0.0357745 0.0225083 0.00881397 0.00855152 0.00135912 0.000746735 0 0
 0 0 0 0 5.4009e-05 0.00500934 0.000945158 0.0243581 0.138947 0.33067 0.221406 0.137944 0.0707744 0.0437923 0.0131692 0.00525238 0.0047753 0.00276346 9.45158e-05 9.00151e-06 2.25038e-05 9.00151e-06 4.50075e-06 0 0 0
 0.000866109 0.00284123 0.00948549 0.0512746 0.133035 0.25785 0.225252 0.132002 0.0553304 0.0519788 0.0540692 0.017754 0.00435017 0.00159236 0.00146478 0.000404838 0.000125132 0.000115318 0.000107957 0.000100596 0 0 0 0 0 0
 0 0 0 0 0.00144013 0.00171154 0.00461396 0.0210425 0.0478622 0.0707936 0.0888783 0.103762 0.0637923 0.0337046 0.0602308 0.124433 0.169614 0.0934646 0.0462172 0.0250306 0.0313229 0.00938855 0.002487 0.000210481 0 0
 0 0.00764035 0.051015 0.0998891 0.058973 0.0496711 0.0374665 0.0718981 0.12319 0.153886 0.159021 0.0857701 0.0377988 0.023471 0.0147837 0.00900784 0.00315554 0.000888139 0.00291439 0.00214683 0.00393193 0.00274676 0.000635225 9.99891e-05 0 0
 0 0 0 0 0 0 0 0 0 0 0 0 0 0 0 0 0 0 0 0 0 0 0 0 0 0
 0 0 0 0 0 0 0 0 0 0 0 0 0 0 0 0 0 0 0 0 0 0 0 0 0 0
 0 0 0 0 0 0 0 0 0 0 0 0 0 0 0 0 0 0 0 0 0 0 0 0 0 0
 0 0 0 0 0 0 0 0 0 0 0 0 0 0 0 0 0 0 0 0 0 0 0 0 0 0
 0 0 0 0 0 0 0 0 0 0 0 0 0 0 0 0 0 0 0 0 0 0 0 0 0 0
 0 0 0 0 0 0 0 0 0 0 0 0 0 0 0 0 0 0 0 0 0 0 0 0 0 0
 0 0 0 0 0 0 0 0 0 0 0 0 0 0 0 0 0 0 0 0 0 0 0 0 0 0
ppred_pel_tallas
 1.15732e-16 3.39593e-05 0.000330097 0.00219361 0.00997184 0.0310262 0.0661049 0.0964842 0.0964947 0.0661564 0.0312011 0.010486 0.00351769 0.00333126 0.0060573 0.0108019 0.0175115 0.026078 0.036257 0.0476875 0.0596706 0.0708075 0.0789612 0.0818883 0.0783012 0.0686462
 1.31116e-16 3.43824e-05 0.000334209 0.00222094 0.0100961 0.0314128 0.0669291 0.0976899 0.0977132 0.067043 0.0317955 0.0112036 0.005009 0.00644845 0.0117333 0.0195865 0.0288271 0.0376591 0.0444043 0.0486156 0.0514614 0.0548879 0.0601331 0.0667243 0.0726396 0.0753975
 1.27921e-16 4.45997e-05 0.000433525 0.00288093 0.0130963 0.0407475 0.0868176 0.126717 0.126735 0.0869086 0.0410537 0.0139827 0.00511442 0.00533766 0.00944402 0.0157733 0.0232795 0.0305092 0.0360662 0.0394724 0.0414987 0.0435854 0.0467773 0.0509989 0.0551194 0.0576061
 1.1033e-16 6.27009e-05 0.000609475 0.00405018 0.0184115 0.0572852 0.122053 0.178142 0.178154 0.122114 0.0574909 0.0190065 0.00554656 0.00388638 0.00631726 0.0104288 0.015223 0.0195977 0.0224965 0.0234967 0.0230746 0.0222554 0.0219158 0.022283 0.0229332 0.0231658
 1.0669e-16 5.38047e-05 0.000523001 0.00347553 0.0157993 0.0491575 0.104736 0.152871 0.152896 0.104861 0.0495754 0.0170065 0.00650688 0.00714386 0.0126384 0.0208371 0.0300819 0.037987 0.0421673 0.0415526 0.037032 0.0308397 0.025185 0.0211908 0.0187567 0.0171263
 1.04625e-16 6.19995e-05 0.000602657 0.00400487 0.0182056 0.0566443 0.120687 0.17615 0.176166 0.120764 0.0569012 0.0189485 0.00587308 0.00469216 0.0078616 0.0129849 0.0189014 0.0241938 0.0274523 0.0280181 0.0263383 0.0235819 0.0208477 0.0186065 0.0167134 0.0147991
 1.07607e-16 4.02035e-05 0.000390792 0.00259695 0.0118054 0.0367311 0.078261 0.114232 0.114269 0.0784427 0.0373416 0.0135694 0.00702739 0.0100713 0.0184517 0.030511 0.0441158 0.0558363 0.0622014 0.0616227 0.05532 0.0464281 0.0380326 0.0316819 0.0272473 0.0237722
 1.15023e-16 3.64533e-05 0.000354339 0.00235471 0.0107042 0.0333048 0.0709604 0.103574 0.103601 0.0710902 0.0337413 0.0119687 0.00554303 0.00736144 0.0134825 0.0225943 0.0333959 0.0437878 0.0516174 0.0558607 0.0570909 0.056769 0.0559849 0.0547423 0.0522592 0.0478203
 1.19572e-16 4.34586e-05 0.000422434 0.00280722 0.0127612 0.039705 0.0845965 0.123475 0.123496 0.084696 0.0400397 0.0137305 0.00525003 0.00578845 0.0103343 0.017283 0.0255348 0.0335019 0.039624 0.0432846 0.0451539 0.0465679 0.0484342 0.0505591 0.0518458 0.0510649
 1.13736e-16 5.53363e-05 0.000537888 0.00357446 0.016249 0.0505567 0.107717 0.15722 0.157236 0.107799 0.0508325 0.0170467 0.0055816 0.00493535 0.00845465 0.0140185 0.0205015 0.0264668 0.030515 0.0320817 0.0317842 0.0309475 0.0306801 0.0312227 0.0319745 0.0320115
 1.05627e-16 6.49839e-05 0.000631667 0.00419765 0.0190819 0.059371 0.126497 0.184628 0.184642 0.126564 0.0595959 0.0197321 0.00583136 0.00420373 0.00686597 0.0112937 0.0163734 0.0208318 0.0234254 0.0236072 0.0218512 0.0193069 0.0170633 0.0155984 0.0147395 0.014002
 1.03699e-16 5.97838e-05 0.00058112 0.00386175 0.0175549 0.0546201 0.116375 0.169857 0.169877 0.116477 0.0549625 0.0185441 0.00634553 0.00600584 0.01037 0.0170698 0.0246332 0.0310834 0.0344473 0.0338212 0.0299008 0.0244888 0.0193893 0.0155542 0.012977 0.0111444
 1.04488e-16 5.50518e-05 0.000535124 0.00355608 0.0161655 0.0502969 0.107164 0.156413 0.156437 0.107277 0.0506789 0.0172696 0.00633055 0.00660156 0.0116049 0.019173 0.0277891 0.0353116 0.0395842 0.0395984 0.0360555 0.0308121 0.0256844 0.0215673 0.0183894 0.0156499
 1.06925e-16 4.98587e-05 0.000484644 0.00322063 0.0146405 0.0455523 0.0970549 0.14166 0.141685 0.0971797 0.0459716 0.0158529 0.00626847 0.00715396 0.0127629 0.0211437 0.0307429 0.0392709 0.0444167 0.0451078 0.0420991 0.0373449 0.0326913 0.028943 0.0258675 0.0228346
 1.07126e-16 5.72231e-05 0.000556229 0.00369634 0.016803 0.0522805 0.11139 0.162581 0.162598 0.111477 0.0525749 0.0176544 0.00583799 0.005247 0.00901182 0.0149292 0.0217875 0.0280082 0.0320173 0.0330967 0.0317716 0.0293521 0.0270159 0.0251777 0.0235324 0.0215457
 1.01674e-16 7.55872e-05 0.000734735 0.00488257 0.0221955 0.0690584 0.147136 0.214751 0.214756 0.147163 0.0691491 0.0224577 0.00554161 0.00217568 0.00281892 0.00455851 0.00660216 0.00839436 0.00942588 0.00946838 0.00870307 0.00758381 0.006545 0.00578484 0.00525276 0.00478438
 1.02977e-16 3.41414e-05 0.000331867 0.00220538 0.0100254 0.0311929 0.0664616 0.0970135 0.0970652 0.0667143 0.0320411 0.0124746 0.00834989 0.0137344 0.0254554 0.041944 0.0602198 0.0753112 0.0821744 0.078489 0.0660644 0.0496643 0.0342279 0.0226271 0.0152387 0.0109397
 1.02559e-16 7.2547e-05 0.000705183 0.00468619 0.0213027 0.0662807 0.141218 0.206113 0.206118 0.141242 0.0663608 0.0215351 0.00527362 0.00200168 0.00257617 0.00425169 0.00636763 0.00852669 0.0103581 0.011662 0.0124699 0.0129157 0.0130433 0.0127392 0.0118457 0.0103335
 1.03489e-16 5.06001e-05 0.000491851 0.00326852 0.0148582 0.0462297 0.0984984 0.143768 0.143801 0.0986582 0.0467661 0.016407 0.00715424 0.00896838 0.0161317 0.0265446 0.0381329 0.0477501 0.0522355 0.050159 0.042697 0.0328706 0.0237677 0.0171157 0.0130239 0.0106509
 1.06647e-16 4.90238e-05 0.000476529 0.00316671 0.0143954 0.0447896 0.0954298 0.139288 0.139312 0.0955478 0.0451863 0.0155432 0.00605561 0.00680829 0.0121481 0.0201979 0.0295381 0.0380739 0.0436678 0.0452807 0.0434898 0.0399024 0.0359906 0.032326 0.0286818 0.0246554
 1.06122e-16 6.15786e-05 0.000598565 0.00397768 0.018082 0.0562598 0.119868 0.174954 0.174968 0.119939 0.056499 0.0187738 0.00571819 0.00441077 0.00733929 0.0121357 0.0177134 0.0227827 0.0260733 0.0270153 0.0260495 0.0242474 0.0225552 0.021277 0.0201152 0.0185856
 1.04397e-16 6.16524e-05 0.000599283 0.00398245 0.0181036 0.0563272 0.120012 0.175164 0.175183 0.1201 0.0566251 0.0189642 0.00614373 0.00532128 0.0090413 0.014881 0.0215067 0.0272108 0.0303003 0.0300095 0.0269507 0.0226753 0.0187071 0.0158049 0.0138855 0.012439
 1.09053e-16 2.81255e-05 0.00027339 0.00181677 0.00825882 0.0256965 0.0547509 0.0799205 0.0799681 0.0549835 0.026478 0.010517 0.00748959 0.0126716 0.0236172 0.0391112 0.0566006 0.071729 0.0800562 0.0795217 0.0716232 0.0602854 0.0493825 0.0408777 0.0346711 0.0296714
 1.0846e-16 6.17495e-05 0.000600227 0.00398872 0.0181322 0.0564159 0.1202 0.175438 0.175446 0.120242 0.056555 0.0185361 0.00501173 0.00286331 0.00444762 0.0074857 0.0113189 0.0153733 0.0190875 0.022185 0.0247482 0.0269609 0.0287535 0.0297008 0.0292671 0.0271807
 1.07883e-16 5.29092e-05 0.000514296 0.00341768 0.0155363 0.0483393 0.102993 0.150327 0.150353 0.103119 0.0487635 0.0167614 0.00649324 0.00722996 0.012813 0.0211169 0.030465 0.0384379 0.0426305 0.041997 0.0375023 0.0314787 0.0261973 0.022755 0.0209269 0.0197792
 1.11326e-16 3.78157e-05 0.000367582 0.00244271 0.0111042 0.0345496 0.0736128 0.107447 0.107481 0.0737773 0.0351023 0.0127027 0.00646274 0.00916851 0.0168265 0.027952 0.0407183 0.0521645 0.0592762 0.0606485 0.0572495 0.0515914 0.0460255 0.0415418 0.0377964 0.0339533
 1.08358e-16 6.14286e-05 0.000597107 0.00396799 0.0180379 0.0561227 0.119576 0.174527 0.174538 0.119631 0.0563099 0.0185803 0.00533557 0.00360325 0.00583197 0.00970627 0.01436 0.0188741 0.022352 0.0243946 0.0252891 0.0256853 0.0260315 0.0262513 0.0258785 0.0244573
 1.06088e-16 5.81822e-05 0.000565552 0.00375829 0.0170847 0.0531569 0.113257 0.165306 0.165328 0.11336 0.0535035 0.0180861 0.00627274 0.00605754 0.0104976 0.0172883 0.0249638 0.0315419 0.0350562 0.0346371 0.0310401 0.0261267 0.0217164 0.018699 0.0169278 0.0157102
 1.10417e-16 3.11876e-05 0.000303155 0.00201457 0.00915797 0.0284941 0.0607112 0.0886187 0.0886611 0.0609186 0.0291907 0.0111717 0.00707514 0.01137 0.0211069 0.034996 0.0507655 0.0645878 0.0725623 0.0728773 0.0668291 0.0578004 0.0490719 0.0422145 0.0370124 0.0324578
 1.18794e-16 3.71732e-05 0.000361336 0.00240121 0.0109156 0.0339625 0.0723614 0.105618 0.105638 0.0724611 0.0342985 0.0118907 0.0048664 0.00580099 0.0105395 0.0178162 0.0267234 0.0358496 0.0437487 0.0497435 0.0541725 0.0577791 0.0607862 0.0625085 0.0618051 0.057915
 1.07824e-16 6.87129e-05 0.000667914 0.00443852 0.0201769 0.0627778 0.133755 0.195221 0.195228 0.133791 0.0628973 0.0205227 0.00530935 0.00257859 0.00372662 0.00613127 0.00901892 0.0117676 0.013813 0.0149519 0.0154689 0.0159093 0.0166649 0.0176999 0.0185945 0.0188204
pSPR Fmed_Fpbrs
0.825059   0.6 0.325
Fs Fmed_Fpbrs
0.0907847   0.252998 0.606965
SSBpbr Bo_Bmed_Bpbrs
3.7108e+06  2.87609e+06  2.04094e+06 1.02047e+06
Ro
352657
SPR SPRFo_SPRFmed_SPRFpbrs
2.51713e+06 2.07678e+06 818068
Fref
0.252998
Nvult_r0
 444544 40000.1 18410.2 21336.8 8867.25
CTP_r0
 29559.6 2737.53 1259.96 1460.25 606.858
YTP_r0
391295
Np
 519620 149575 66172.4 5933.99 3511.28
Nvult_p0
 370045 106849 47270.4 4238.96 2508.29
CTP_p0
 72891.8 33413.9 2996.38 1379.09 2144.67
 72891.8 21574.4 9544.57 855.906 506.46
YTP_p0
 1.25192e+06 1.14707e+06
CBA_c0
1.22046e+06
log_Ro
12.5933
likeval ReclasPelacesDesembMPH_pf_preclas_ppelaces_ptallas_desvR_qrecl_qpela
 17.7874 17.5283 0.139461 0.000815248 241.586 122.559 98.1262 0 22.4905 4.94231e-05 3.48071e-05 0.705694 8.90647e-16 0 0
q_reclas_q_pelaces
0.369279 0.431988
M
1
N
 344280 84781.8 387071 19568.5 0.573392
 208721 120401 29602.6 135151 6832.79
 198073 70194.3 40377.7 9927.55 47615.7
 392112 66833.9 23620.8 13587.3 19363.7
 313770 126966 21554.3 7617.84 10626.9
 513718 110511 44656.7 7581.12 6417.08
 218055 172983 37109 14995.5 4700.52
 108542 66810.4 52697.4 11304.8 6000.16
 97790.4 38858.2 23897.9 18849.7 6189.96
 125154 32378.4 12823.5 7886.49 8263.28
 223989 40303.6 10383.4 4112.36 5179.06
 265560 79515.2 14291.6 3681.93 3294.72
 226503 81935.2 24398.3 4385.2 2140.71
 161951 71045.3 25571.6 7614.61 2036.71
 174942 46746.6 20351.6 7325.22 2764.71
 879919 55065.2 14642.2 6374.61 3160.42
 215458 280001 17442.8 4638.17 3020.38
 1.2812e+06 72108.9 93432.2 5820.42 2555.55
 766284 425429 23867.2 30925 2772.35
 578236 242502 133999 7517.55 10613.8
 927396 186873 78053.4 43129.8 5835.87
 1.22961e+06 309909 62259.6 26004.7 16313.7
 276828 400423 100536 20197.4 13728.3
 830539 94868.1 136918 34376.9 11600.4
 688226 287766 32808.3 47350.6 15900.3
 313801 237825 99246.3 11315.1 21814.3
 699747 109703 83009.5 34640.5 11563.3
 779685 242074 37878.1 28661.4 15953.2
 234257 271944 84291.2 13189.3 15535
 177297 81782.6 94783.7 29379 10011.6
 676202 60773.9 27971.4 32418 13472.4
pred_Ctot
 10788.8 2738.4 12502.2 632.05 0.0185202
 11406.9 6778.69 1666.66 7609.12 384.693
 10440.1 3811.68 2192.58 539.084 2585.62
 30010.8 5267.13 1861.54 1070.81 1526.04
 8481.61 3537.74 600.583 212.262 296.104
 27697.6 6138.27 2480.43 421.089 356.433
 23384.4 19088.7 4094.98 1654.75 518.703
 1846.02 1171.52 924.048 198.23 105.213
 6233.58 2551.26 1569.03 1237.59 406.406
 9967.41 2655.05 1051.53 646.697 677.594
 4973.36 922.535 237.673 94.1305 118.547
 27469.8 8464.34 1521.33 391.94 350.721
 21378 7959.8 2370.23 426.011 207.964
 22488.1 10143.9 3651.15 1087.22 290.804
 16171.9 4448.07 1936.51 697.015 263.069
 75989.2 4895.55 1301.76 566.734 280.976
 12387.3 16583 1033.05 274.695 178.882
 79531.2 4610.58 5973.97 372.152 163.399
 68534.2 39168 2197.38 2847.17 255.242
 44886.6 19383.2 10710.6 600.879 848.36
 54139 11237.6 4693.73 2593.61 350.939
 90116.5 23389 4698.76 1962.58 1231.2
 12048.5 17958.2 4508.87 905.816 615.69
 30687 3612.41 5213.61 1309.01 441.722
 26526.5 11430.2 1303.16 1880.79 631.57
 9900.6 7733.86 3227.4 367.956 709.38
 26505.6 4282.42 3240.4 1352.24 451.391
 25690.6 8220.95 1286.36 973.355 541.778
 7585.57 9076.07 2813.2 440.191 518.477
 7690.67 3655.49 4236.61 1313.17 447.496
 29559.6 2737.53 1259.96 1460.25 606.858
F
 0.05063 0.0522188 0.0522188 0.0522188 0.0522188
 0.089733 0.0925489 0.0925489 0.0925489 0.0925489
 0.0864254 0.0891375 0.0891375 0.0891375 0.0891375
 0.127632 0.131637 0.131637 0.131637 0.131637
 0.0435452 0.0449116 0.0449116 0.0449116 0.0449116
 0.0884801 0.0912566 0.0912566 0.0912566 0.0912566
 0.18289 0.188629 0.188629 0.188629 0.188629
 0.0272125 0.0280664 0.0280664 0.0280664 0.0280664
 0.105335 0.108641 0.108641 0.108641 0.108641
 0.133106 0.137283 0.137283 0.137283 0.137283
 0.0356511 0.0367698 0.0367698 0.0367698 0.0367698
 0.175914 0.181434 0.181434 0.181434 0.181434
 0.159442 0.164446 0.164446 0.164446 0.164446
 0.242549 0.25016 0.25016 0.25016 0.25016
 0.15594 0.160834 0.160834 0.160834 0.160834
 0.145037 0.149589 0.149589 0.149589 0.149589
 0.0945874 0.0975556 0.0975556 0.0975556 0.0975556
 0.102457 0.105672 0.105672 0.105672 0.105672
 0.150543 0.155267 0.155267 0.155267 0.155267
 0.129552 0.133617 0.133617 0.133617 0.133617
 0.0961022 0.0991179 0.0991179 0.0991179 0.0991179
 0.121932 0.125758 0.125758 0.125758 0.125758
 0.0709106 0.0731358 0.0731358 0.0731358 0.0731358
 0.0599256 0.0618061 0.0618061 0.0618061 0.0618061
 0.0625809 0.0645448 0.0645448 0.0645448 0.0645448
 0.0509821 0.052582 0.052582 0.052582 0.052582
 0.0614742 0.0634033 0.0634033 0.0634033 0.0634033
 0.0532945 0.0549669 0.0549669 0.0549669 0.0549669
 0.0523544 0.0539973 0.0539973 0.0539973 0.0539973
 0.0706653 0.0728828 0.0728828 0.0728828 0.0728828
 0.0712307 0.0734659 0.0734659 0.0734659 0.0734659
YTP_r0W_actual
 245345 38599.1 34774.8 49940.6 22635.8
YTP_p0W_proyectada
 545960 523595 69306.2 40503.9 72554.2
 545960 338071 220766 25138 17133.5
CTP_r0_actual
 29559.6 2737.53 1259.96 1460.25 606.858
CTP_p0_proyectada
 72891.8 33413.9 2996.38 1379.09 2144.67
 72891.8 21574.4 9544.57 855.906 506.46
Wmedp
 7.49 15.67 23.13 29.37 33.83
Frms_r0
 0.0712307 0.0734659 0.0734659 0.0734659 0.0734659
Zrms_r0
 1.07123 1.07347 1.07347 1.07347 1.07347
nmprior
 8.19 8.8 8.5 0
nm_flota  nm_reclas  nm_pelaces    nm_pelaL
inf 11.3765 16.3461 37.7955
cv_recla  cv_pelaces  cv_mph
0.381489 0.474726 0.881151
 ------------------------------------------------
Talla a la edad & desviaci?n 
 8 13.2811 15.8009 17.003 17.5766
 0.8 1.32811 1.58009 1.7003 1.75766
