years
 1991 1992 1993 1994 1995 1996 1997 1998 1999 2000 2001 2002 2003 2004 2005 2006 2007 2008 2009 2010 2011 2012 2013 2014 2015 2016 2017 2018 2019 2020 2021
reclasobs
 0 0 0 0 0 0 0 0 0 252601 567819 844713 477998 351125 339783 2.1784e+06 2.13404e+06 4.81314e+06 1.55562e+06 2.62356e+06 3.21686e+06 3.843e+06 1.13348e+06 3.07943e+06 1.97215e+06 2.03268e+06 2.025e+06 2.42433e+06 2.27542e+06 1.05018e+06 2.36338e+06
reclaspred
 3.80044e+06 1.81402e+06 915893 713399 522844 2.43542e+06 1.23733e+06 830985 539726 265297 481539 787585 779658 551641 457047 1.56056e+06 1.02067e+06 3.81163e+06 2.91659e+06 1.93571e+06 3.19602e+06 2.81131e+06 1.76427e+06 3.1361e+06 2.23784e+06 1.77648e+06 2.30752e+06 2.86464e+06 2.16289e+06 959239 1.64688e+06
pelacesobs
 0 0 0 0 0 0 0 0 0 0 0 0 0 0 0 552880 188675 0 991730 2.46772e+06 1.41603e+06 1.21717e+06 2.29649e+06 1.80582e+06 0 1.4828e+06 1.56532e+06 1.57751e+06 1.42118e+06 867257 1.10002e+06
pelacespred
 2.87049e+06 1.2922e+06 557791 299743 277108 1.28646e+06 662705 632871 308452 109609 255235 343679 389062 250870 206906 632475 510602 1.99946e+06 1.6772e+06 987046 1.64539e+06 1.44532e+06 1.09164e+06 1.9301e+06 1.45571e+06 1.18994e+06 1.56156e+06 1.92759e+06 1.49157e+06 687279 920932
mphobs
 0 0 0 0 0 0 0 0 0 0 0 498337 0 5186 125008 0 168611 109162 213762 579715 649985 157893 87575 83554 0 0 0 0 0 0 0
mphpred
 662955 368857 149132 88508.8 60257 62414.1 278689 109248 78863.1 36610.8 16384.7 62418.8 71232.6 54343.6 28242.7 32376.2 172544 96114.7 413341 238494 231736 286020 298444 178612 335980 253139 176746 225285 388783 200251 75061.5
desembarqueobs
 494567 514787 250237 358949 120608 361735 552515 73892 212993 205616 52469 317467 293654 387597 252695 516296 358380 742168 942051 627588 828172 859565 418607 520667 417249 300574 415391 372974 316634 284311 391294
desembarquepred
 494517 514571 250019 358871 120590 361625 552170 73888.1 212944 205556 52465.4 317355 293501 387195 252520 515986 358331 741711 941099 626829 828012 859024 418440 520541 417052 300464 415230 372806 316479 284143 391186
Reclutas
 101397 85645 95726.2 73976 45433.4 248680 52505.9 17317.9 26396.6 35609.5 52992.2 107630 87993 66950.3 48032.5 265690 34777 459499 243955 199158 248454 388416 47076 189951 148339 55546.7 150527 179689 42473.8 28111.9 136972
log_desv_Rt
 0.103474 -0.0653594 0.0459227 -0.211829 -0.699323 1.0006 -0.554643 -1.66383 -1.24234 -0.942958 -0.545425 0.163134 -0.0383125 -0.311619 -0.643692 1.06676 -0.966613 1.61457 0.981416 0.778527 0.999688 1.44651 -0.663807 0.731195 0.483933 -0.498345 0.49857 0.675656 -0.766682 -1.17938 0.404205
SSB
 1.10588e+06 615295 248769 147642 100515 104114 464883 182238 131552 61070.8 27331.4 104121 118824 90651.1 47112 54007.1 287822 160330 689497 397835 386560 477113 497838 297945 560451 422264 294831 375801 648533 334041 125211
BT
 1.62611e+06 1.07349e+06 486745 448485 246133 1.22755e+06 797653 384791 377661 261297 219676 483668 511945 569881 395163 873510 538593 2.09492e+06 1.84948e+06 1.08787e+06 1.73722e+06 1.62715e+06 892916 1.75184e+06 1.13739e+06 872100 1.42095e+06 1.58833e+06 942334 587970 1.00388e+06
Ftot
 0.399388 0.842332 0.844969 1.49765 0.745598 0.55857 1.23714 0.285844 1.23324 2.19721 0.412495 1.32019 1.22519 2.11981 1.8154 1.20564 1.0258 0.726222 1.01256 1.04694 0.870344 1.0164 0.711987 0.595553 0.599195 0.533863 0.633324 0.466128 0.438474 0.873121 0.860778
BD_Bspro_t
 0.93853 0.615104 0.339582 0.250835 0.170916 0.216018 0.460933 0.225578 0.226717 0.145649 0.0951921 0.356776 0.264813 0.185747 0.102502 0.118744 0.301634 0.191699 0.424094 0.276655 0.234827 0.272345 0.299597 0.229905 0.389235 0.380767 0.354818 0.44241 0.551948 0.394915 0.235643
BD_Bspro
 1.6946 0.94285 0.381203 0.226241 0.154025 0.159539 0.712367 0.279253 0.201585 0.0935822 0.0418815 0.159551 0.18208 0.13891 0.0721923 0.082758 0.441046 0.245682 1.05656 0.609624 0.592348 0.731107 0.762865 0.456558 0.85881 0.647059 0.451786 0.57586 0.993782 0.511869 0.191867
BD_Bo
 0.923629 0.513892 0.207771 0.12331 0.0839501 0.0869554 0.388269 0.152204 0.109872 0.0510062 0.0228271 0.0869619 0.0992413 0.0757115 0.0393478 0.0451065 0.240388 0.133907 0.575866 0.33227 0.322854 0.398484 0.415793 0.248843 0.468087 0.352674 0.246242 0.313868 0.541652 0.27899 0.104576
BD_Brms
 1.67932 0.934349 0.377766 0.224201 0.152637 0.158101 0.705944 0.276735 0.199767 0.0927385 0.0415039 0.158113 0.180439 0.137657 0.0715415 0.0820119 0.43707 0.243467 1.04703 0.604128 0.587007 0.724516 0.755987 0.452442 0.851067 0.641225 0.447713 0.570668 0.984823 0.507254 0.190138
Sel_flota
 0.615721 0.968197 0.998274 0.999909 0.999995
 0.615721 0.968197 0.998274 0.999909 0.999995
 0.615721 0.968197 0.998274 0.999909 0.999995
 0.615721 0.968197 0.998274 0.999909 0.999995
 0.615721 0.968197 0.998274 0.999909 0.999995
 0.615721 0.968197 0.998274 0.999909 0.999995
 0.615721 0.968197 0.998274 0.999909 0.999995
 0.615721 0.968197 0.998274 0.999909 0.999995
 0.615721 0.968197 0.998274 0.999909 0.999995
 0.615721 0.968197 0.998274 0.999909 0.999995
 0.615721 0.968197 0.998274 0.999909 0.999995
 0.615721 0.968197 0.998274 0.999909 0.999995
 0.615721 0.968197 0.998274 0.999909 0.999995
 0.615721 0.968197 0.998274 0.999909 0.999995
 0.615721 0.968197 0.998274 0.999909 0.999995
 0.615721 0.968197 0.998274 0.999909 0.999995
 0.615721 0.968197 0.998274 0.999909 0.999995
 0.615721 0.968197 0.998274 0.999909 0.999995
 0.615721 0.968197 0.998274 0.999909 0.999995
 0.615721 0.968197 0.998274 0.999909 0.999995
 0.615721 0.968197 0.998274 0.999909 0.999995
 0.615721 0.968197 0.998274 0.999909 0.999995
 0.615721 0.968197 0.998274 0.999909 0.999995
 0.615721 0.968197 0.998274 0.999909 0.999995
 0.615721 0.968197 0.998274 0.999909 0.999995
 0.615721 0.968197 0.998274 0.999909 0.999995
 0.615721 0.968197 0.998274 0.999909 0.999995
 0.615721 0.968197 0.998274 0.999909 0.999995
 0.615721 0.968197 0.998274 0.999909 0.999995
 0.615721 0.968197 0.998274 0.999909 0.999995
 0.615721 0.968197 0.998274 0.999909 0.999995
Sel_reclas
 0.830348 0.960986 0.991998 0.9984 0.999682
 0.830348 0.960986 0.991998 0.9984 0.999682
 0.830348 0.960986 0.991998 0.9984 0.999682
 0.830348 0.960986 0.991998 0.9984 0.999682
 0.830348 0.960986 0.991998 0.9984 0.999682
 0.830348 0.960986 0.991998 0.9984 0.999682
 0.830348 0.960986 0.991998 0.9984 0.999682
 0.830348 0.960986 0.991998 0.9984 0.999682
 0.830348 0.960986 0.991998 0.9984 0.999682
 0.830348 0.960986 0.991998 0.9984 0.999682
 0.830348 0.960986 0.991998 0.9984 0.999682
 0.830348 0.960986 0.991998 0.9984 0.999682
 0.830348 0.960986 0.991998 0.9984 0.999682
 0.830348 0.960986 0.991998 0.9984 0.999682
 0.830348 0.960986 0.991998 0.9984 0.999682
 0.830348 0.960986 0.991998 0.9984 0.999682
 0.830348 0.960986 0.991998 0.9984 0.999682
 0.830348 0.960986 0.991998 0.9984 0.999682
 0.830348 0.960986 0.991998 0.9984 0.999682
 0.830348 0.960986 0.991998 0.9984 0.999682
 0.830348 0.960986 0.991998 0.9984 0.999682
 0.830348 0.960986 0.991998 0.9984 0.999682
 0.830348 0.960986 0.991998 0.9984 0.999682
 0.830348 0.960986 0.991998 0.9984 0.999682
 0.830348 0.960986 0.991998 0.9984 0.999682
 0.830348 0.960986 0.991998 0.9984 0.999682
 0.830348 0.960986 0.991998 0.9984 0.999682
 0.830348 0.960986 0.991998 0.9984 0.999682
 0.830348 0.960986 0.991998 0.9984 0.999682
 0.830348 0.960986 0.991998 0.9984 0.999682
 0.830348 0.960986 0.991998 0.9984 0.999682
Sel_pelaces
 0.467442 0.815406 0.956953 0.991141 0.998227
 0.467442 0.815406 0.956953 0.991141 0.998227
 0.467442 0.815406 0.956953 0.991141 0.998227
 0.467442 0.815406 0.956953 0.991141 0.998227
 0.467442 0.815406 0.956953 0.991141 0.998227
 0.467442 0.815406 0.956953 0.991141 0.998227
 0.467442 0.815406 0.956953 0.991141 0.998227
 0.467442 0.815406 0.956953 0.991141 0.998227
 0.467442 0.815406 0.956953 0.991141 0.998227
 0.467442 0.815406 0.956953 0.991141 0.998227
 0.467442 0.815406 0.956953 0.991141 0.998227
 0.467442 0.815406 0.956953 0.991141 0.998227
 0.467442 0.815406 0.956953 0.991141 0.998227
 0.467442 0.815406 0.956953 0.991141 0.998227
 0.467442 0.815406 0.956953 0.991141 0.998227
 0.467442 0.815406 0.956953 0.991141 0.998227
 0.467442 0.815406 0.956953 0.991141 0.998227
 0.467442 0.815406 0.956953 0.991141 0.998227
 0.467442 0.815406 0.956953 0.991141 0.998227
 0.467442 0.815406 0.956953 0.991141 0.998227
 0.467442 0.815406 0.956953 0.991141 0.998227
 0.467442 0.815406 0.956953 0.991141 0.998227
 0.467442 0.815406 0.956953 0.991141 0.998227
 0.467442 0.815406 0.956953 0.991141 0.998227
 0.467442 0.815406 0.956953 0.991141 0.998227
 0.467442 0.815406 0.956953 0.991141 0.998227
 0.467442 0.815406 0.956953 0.991141 0.998227
 0.467442 0.815406 0.956953 0.991141 0.998227
 0.467442 0.815406 0.956953 0.991141 0.998227
 0.467442 0.815406 0.956953 0.991141 0.998227
 0.467442 0.815406 0.956953 0.991141 0.998227
pf_obs 
 0.8446 0.082 0.0669 0.0065 0
 0.8095 0.147 0.0364 0.0071 0
 0.9664 0.0169 0.016 0.0007 0
 0.9276 0.0648 0.0075 0.0001 0
 0.7033 0.2144 0.0806 0.0017 0
 0.9318 0.0425 0.0243 0.0014 0
 0.5671 0.3108 0.0964 0.0239 0.0018
 0.0768 0.2599 0.5324 0.112 0.0189
 0.490249 0.384438 0.106611 0.0170017 0.00170017
 0.7925 0.1577 0.0466 0.003 0.0002
 0.840416 0.127587 0.0312969 0.00059994 9.999e-05
 0.8084 0.0986 0.0794 0.0134 0.0002
 0.7335 0.1905 0.0724 0.0035 0.0001
 0.4001 0.4547 0.1325 0.0127 0
 0.49795 0.308269 0.164784 0.0264974 0.00249975
 0.9179 0.0499 0.0305 0.0017 0
 0.2467 0.6533 0.0926 0.0074 0
 0.9418 0.0223 0.034 0.0019 0
 0.707729 0.231977 0.0356964 0.0245975 0
 0.517169 0.277429 0.184464 0.0207286 0.00020938
 0.811772 0.124168 0.05621 0.00726502 0.000585176
 0.764997 0.148141 0.077277 0.00933861 0.000247198
 0.163321 0.427699 0.378323 0.0303852 0.000271297
 0.753843 0.0900009 0.118128 0.0371064 0.000921714
 0.721811 0.176058 0.0630433 0.0369309 0.00215725
 0.143369 0.312575 0.442814 0.0836902 0.0175525
 0.692698 0.0596174 0.167031 0.0765114 0.00414204
 0.394062 0.376323 0.152708 0.0712218 0.00568511
 0.125707 0.32114 0.495352 0.0537591 0.00404204
 0.23352 0.215282 0.420074 0.123614 0.00750983
 0.796117 0.104755 0.0508955 0.0450114 0.00322123
pf_pred 
 0.462557 0.191251 0.310647 0.0355433 1.03967e-06
 0.553899 0.266011 0.0656213 0.102736 0.0117319
 0.71748 0.198176 0.0512512 0.0120773 0.0210153
 0.689051 0.257419 0.0380719 0.00940234 0.00605546
 0.709769 0.241042 0.0411424 0.0057284 0.00231809
 0.929534 0.0575562 0.0108005 0.00176484 0.000344339
 0.36452 0.609177 0.0216408 0.00390129 0.00076021
 0.406787 0.319914 0.262565 0.00883618 0.00189774
 0.660653 0.180969 0.0867828 0.0687889 0.00280687
 0.834571 0.133141 0.0176694 0.00802133 0.00659801
 0.907505 0.0861306 0.00519913 0.000638648 0.000526147
 0.833388 0.157145 0.00883855 0.000514009 0.000114921
 0.771589 0.208598 0.018746 0.000996463 7.0688e-05
 0.753759 0.215414 0.0282832 0.00240663 0.000136598
 0.83274 0.148835 0.0162676 0.00197964 0.000177277
 0.969019 0.0285986 0.00213599 0.000218071 2.88072e-05
 0.347457 0.642487 0.00932008 0.000659648 7.60201e-05
 0.960041 0.0203103 0.0193607 0.000267244 2.10379e-05
 0.614592 0.376917 0.00440786 0.00402323 5.97659e-05
 0.694057 0.231236 0.0731403 0.000814011 0.000752007
 0.789835 0.171836 0.0293206 0.00882011 0.000188325
 0.821451 0.156495 0.0181842 0.00296198 0.00090776
 0.279097 0.648497 0.0638462 0.00706079 0.00149854
 0.828091 0.0706878 0.0914435 0.00862459 0.00115353
 0.654217 0.309854 0.0151298 0.0187945 0.00200531
 0.436196 0.433364 0.117387 0.00550387 0.0075499
 0.802519 0.113305 0.0652869 0.0170024 0.0018866
 0.74072 0.227981 0.0182768 0.0101057 0.00291728
 0.324201 0.560545 0.101808 0.00785835 0.00558786
 0.429828 0.256286 0.262012 0.0458328 0.00604082
 0.905016 0.0561676 0.0178986 0.0174682 0.0034497
pobs_RECLAS
 0 0 0 0 0
 0 0 0 0 0
 0 0 0 0 0
 0 0 0 0 0
 0 0 0 0 0
 0 0 0 0 0
 0 0 0 0 0
 0 0 0 0 0
 0 0 0 0 0
 0 0 0 0 0
 0.991045 0.00858322 0.000360255 1.14367e-05 0
 0.934742 0.0480273 0.0164251 0.00080598 0
 0.827803 0.169806 0.00239088 0 0
 0.941827 0.0461693 0.0120037 0 0
 0.791401 0.0380133 0.147996 0.0225897 0
 0.846168 0.0940531 0.0597789 0 0
 0.134021 0.677848 0.182769 0.00536245 0
 0.80878 0.0450904 0.141981 0.00414843 0
 0.846168 0.0940531 0.0597789 0 0
 0.905697 0.0802665 0.012482 0.00150086 5.37128e-05
 0.989698 0.0102097 9.19794e-05 0 0
 0.975433 0.0193895 0.00387452 0.00125025 5.28907e-05
 0.303575 0.632131 0.0575291 0.00676475 0
 0.966965 0.00978017 0.0227588 0.000495775 0
 0.843318 0.132988 0.00938335 0.0141283 0.000182051
 0.564624 0.303363 0.111486 0.0197234 0.00080311
 0.826376 0.0876187 0.0782897 0.00655872 0.00115652
 0.89761 0.0855135 0.0140674 0.00269457 0.000114338
 0.34875 0.467042 0.161289 0.0227151 0.000203297
 0.318654 0.224769 0.449479 0.00709798 0
 0.937255 0.0296025 0.0250945 0.00804832 0
ppred_RECLAS
 0.542719 0.162694 0.264213 0.0303736 8.89513e-07
 0.636962 0.216436 0.0532589 0.0837662 0.009577
 0.782152 0.15283 0.039425 0.00933325 0.0162597
 0.767176 0.192939 0.0283282 0.00702638 0.00453057
 0.77459 0.187242 0.0318982 0.0044619 0.00180772
 0.948289 0.0422385 0.00791883 0.00130004 0.000253954
 0.454751 0.522775 0.0184751 0.00334544 0.000652665
 0.484778 0.277795 0.228058 0.00771144 0.00165816
 0.739137 0.139318 0.0664648 0.0529186 0.00216184
 0.889436 0.0891893 0.0116732 0.00532036 0.00438135
 0.931224 0.0640407 0.00386478 0.000476986 0.000393432
 0.879839 0.113369 0.00633924 0.000370291 8.28864e-05
 0.830745 0.154638 0.013826 0.000738215 5.243e-05
 0.828692 0.150101 0.0194513 0.00166178 9.44299e-05
 0.884046 0.10329 0.0111759 0.00136571 0.000122442
 0.978436 0.0199127 0.00147989 0.000151763 2.00715e-05
 0.432454 0.558829 0.00807674 0.000574244 6.62562e-05
 0.971217 0.014642 0.0139322 0.000193206 1.52275e-05
 0.695104 0.298188 0.00347467 0.00318589 4.7383e-05
 0.764931 0.17783 0.056033 0.000626444 0.000579412
 0.841842 0.129351 0.0220127 0.00665221 0.000142205
 0.868095 0.115651 0.0133898 0.00219095 0.000672256
 0.351862 0.583108 0.0573093 0.00636734 0.00135297
 0.870334 0.0533378 0.0689229 0.00653098 0.000874555
 0.724927 0.246448 0.0120203 0.0150017 0.00160254
 0.517883 0.370598 0.100305 0.00472508 0.00648932
 0.850136 0.0859932 0.0494852 0.0129474 0.00143837
 0.798063 0.177526 0.0142251 0.0079025 0.002284
 0.398624 0.498793 0.0905608 0.00702319 0.00499997
 0.516606 0.217508 0.221771 0.038972 0.00514265
 0.930952 0.040831 0.0129775 0.0127237 0.00251572
pobs_PELACES
 0 0 0 0 0
 0 0 0 0 0
 0 0 0 0 0
 0 0 0 0 0
 0 0 0 0 0
 0 0 0 0 0
 0 0 0 0 0
 0 0 0 0 0
 0 0 0 0 0
 0 0 0 0 0
 0 0 0 0 0
 0 0 0 0 0
 0 0 0 0 0
 0 0 0 0 0
 0 0 0 0 0
 0 0 0 0 0
 0.505614 0.472636 0.0217494 0 0
 0 0 0 0 0
 0.443492 0.261883 0.143347 0.151278 0
 0.227955 0.32914 0.350689 0.0885471 0.00366901
 0.970185 0.0296113 0.000203453 0 0
 0.997202 0.00247181 0.000326279 0 0
 0.445219 0.490057 0.0546422 0.010081 0
 0.90214 0.0892962 0.00764917 0.000914606 0
 0 0 0 0 0
 0.581667 0.319106 0.0959925 0.00289975 0.000334073
 0.762889 0.0836404 0.116647 0.0363945 0.000428098
 0.88444 0.0763242 0.0277011 0.0115352 0
 0.521256 0.241999 0.230069 0.00667565 0
 0.616807 0.101726 0.260614 0.0208532 0
 0.833518 0.0704572 0.0857862 0.0102388 0
ppred_PELACES
 0.431336 0.186049 0.342146 0.0404679 1.19206e-06
 0.547773 0.254363 0.0705684 0.114167 0.0131288
 0.716018 0.191137 0.0555891 0.0135364 0.0237197
 0.717948 0.22864 0.0376026 0.00959028 0.00621971
 0.708556 0.236718 0.0455096 0.00654835 0.00266853
 0.926833 0.0583098 0.0123598 0.0020875 0.00041016
 0.388604 0.583099 0.0231422 0.00430954 0.000845649
 0.377936 0.315754 0.293874 0.0102244 0.00221136
 0.670948 0.165144 0.0884819 0.0724491 0.00297694
 0.870553 0.101904 0.0148361 0.00695033 0.00575682
 0.903246 0.08924 0.00609781 0.000774299 0.000642397
 0.84905 0.141424 0.00887358 0.000533024 0.000120007
 0.787915 0.191702 0.0192507 0.00105706 7.55121e-05
 0.801933 0.171093 0.0246823 0.00216752 0.000123883
 0.86046 0.122687 0.0148224 0.00186218 0.000167922
 0.971672 0.0259062 0.00216286 0.000228105 3.03438e-05
 0.362441 0.626537 0.0101907 0.000745206 8.64829e-05
 0.95817 0.0200092 0.0214903 0.000306565 2.4303e-05
 0.629127 0.361592 0.00474242 0.0044723 6.69032e-05
 0.70291 0.218064 0.0773097 0.000888951 0.000827002
 0.792274 0.165821 0.0318062 0.00988672 0.000212583
 0.82865 0.147843 0.0192648 0.00324216 0.0010006
 0.278566 0.640511 0.0710652 0.0081222 0.00173593
 0.815669 0.070302 0.102672 0.0100087 0.00134808
 0.648627 0.309989 0.0170874 0.0219388 0.00235727
 0.423777 0.429565 0.131483 0.00637211 0.00880245
 0.79285 0.112296 0.0730075 0.0196507 0.00219581
 0.73119 0.232219 0.0210574 0.0120353 0.0034988
 0.311428 0.558154 0.114712 0.00915272 0.00655411
 0.422463 0.242207 0.278341 0.0503118 0.00667776
 0.903224 0.0540212 0.0193544 0.0195187 0.00388173
pobs_pel_tallas
 0 0 0 0 0 0 0 0 0 0 0 0 0 0 0 0 0 0 0 0 0 0 0 0 0 0
 0 0 0 0 0 0 0 0 0 0 0 0 0 0 0 0 0 0 0 0 0 0 0 0 0 0
 0 0 0 0 0 0 0 0 0 0 0 0 0 0 0 0 0 0 0 0 0 0 0 0 0 0
 0 0 0 0 0 0 0 0 0 0 0 0 0 0 0 0 0 0 0 0 0 0 0 0 0 0
 0 0 0 0 0 0 0 0 0 0 0 0 0 0 0 0 0 0 0 0 0 0 0 0 0 0
 0 0 0 0 0 0 0 0 0 0 0 0 0 0 0 0 0 0 0 0 0 0 0 0 0 0
 0 0 0 0 0 0 0 0 0 0 0 0 0 0 0 0 0 0 0 0 0 0 0 0 0 0
 0 0 0 0 0 0 0 0 0 0 0 0 0 0 0 0 0 0 0 0 0 0 0 0 0 0
 0 0 0 0 0 0 0 0 0 0 0 0 0 0 0 0 0 0 0 0 0 0 0 0 0 0
 0 0 0 0 0 0 0 0 0 0 0 0 0 0 0 0 0 0 0 0 0 0 0 0 0 0
 0 0 0 0 0 0 0 0 0 0 0 0 0 0 0 0 0 0 0 0 0 0 0 0 0 0
 0 0 0 0 0 0 0 0 0 0 0 0 0 0 0 0 0 0 0 0 0 0 0 0 0 0
 0.00862536 0 0 0.000197151 0.00414017 0.0128641 0.00837892 0.0270097 0.101434 0.158115 0.152841 0.127902 0.109271 0.109419 0.0830992 0.0579132 0.0238553 0.00714673 0.00463305 0.00128148 0.00103504 0.000492878 0.000147863 0.000147863 4.92878e-05 0
 0 0 0 0 0 0 0 0 0 0 0 0 0 0 0 0 0 0 0 0 0 0 0 0 0 0
 0 0 0 0 0 0 0 0.0054083 0.00873648 0.0413646 0.0450493 0.0745869 0.0622846 0.0627006 0.0613931 0.0827291 0.12552 0.122667 0.0946155 0.0697135 0.0546179 0.0294188 0.0215738 0.0213955 0.0102223 0.00600262
 0 0 0 0 0.00359764 0.0251062 0.0480494 0.140153 0.205849 0.193036 0.1447 0.116669 0.0760912 0.0342217 0.00950174 0.001854 0.000860785 0 0 0 0.000165536 0 0.000143464 0 0 0
 0 0 0 0 0 0 0 0.000145254 0.000435761 0.0275982 0.070085 0.0708112 0.156366 0.174668 0.174014 0.160142 0.0824315 0.0480064 0.0283245 0.00493863 0.00203355 0 0 0 0 0
 0 0 0 0 0 0 0 0 0 0 0 0 0 0 0 0 0 0 0 0 0 0 0 0 0 0
 0 0 1.00437e-05 0.000401748 0.00122533 0.00171747 0.00176769 0.0269171 0.070346 0.194647 0.189555 0.159765 0.064822 0.0314167 0.0384472 0.0292271 0.0345202 0.0313363 0.0194345 0.0106764 0.0143323 0.0359363 0.0279516 0.0138201 0.00172751 0
 0 0.0021121 0.0136068 0.0755702 0.200478 0.177729 0.0527432 0.0373336 0.0318909 0.0142505 0.0149659 0.0166563 0.0217959 0.0798694 0.0677717 0.0528807 0.04013 0.0224614 0.0357745 0.0225083 0.00881397 0.00855152 0.00135912 0.000746735 0 0
 0 0 0 0 5.4009e-05 0.00500934 0.000945158 0.0243581 0.138947 0.33067 0.221406 0.137944 0.0707744 0.0437923 0.0131692 0.00525238 0.0047753 0.00276346 9.45158e-05 9.00151e-06 2.25038e-05 9.00151e-06 4.50075e-06 0 0 0
 0.000866109 0.00284123 0.00948549 0.0512746 0.133035 0.25785 0.225252 0.132002 0.0553304 0.0519788 0.0540692 0.017754 0.00435017 0.00159236 0.00146478 0.000404838 0.000125132 0.000115318 0.000107957 0.000100596 0 0 0 0 0 0
 0 0 0 0 0.00144013 0.00171154 0.00461396 0.0210425 0.0478622 0.0707936 0.0888783 0.103762 0.0637923 0.0337046 0.0602308 0.124433 0.169614 0.0934646 0.0462172 0.0250306 0.0313229 0.00938855 0.002487 0.000210481 0 0
 0 0.00764035 0.051015 0.0998891 0.058973 0.0496711 0.0374665 0.0718981 0.12319 0.153886 0.159021 0.0857701 0.0377988 0.023471 0.0147837 0.00900784 0.00315554 0.000888139 0.00291439 0.00214683 0.00393193 0.00274676 0.000635225 9.99891e-05 0 0
 0 0 0 0 0 0 0 0 0 0 0 0 0 0 0 0 0 0 0 0 0 0 0 0 0 0
 0 0 0 0 0 0 0 0 0 0 0 0 0 0 0 0 0 0 0 0 0 0 0 0 0 0
 0 0 0 0 0 0 0 0 0 0 0 0 0 0 0 0 0 0 0 0 0 0 0 0 0 0
 0 0 0 0 0 0 0 0 0 0 0 0 0 0 0 0 0 0 0 0 0 0 0 0 0 0
 0 0 0 0 0 0 0 0 0 0 0 0 0 0 0 0 0 0 0 0 0 0 0 0 0 0
 0 0 0 0 0 0 0 0 0 0 0 0 0 0 0 0 0 0 0 0 0 0 0 0 0 0
 0 0 0 0 0 0 0 0 0 0 0 0 0 0 0 0 0 0 0 0 0 0 0 0 0 0
ppred_pel_tallas
 1.1398e-16 3.55286e-05 0.000345351 0.00229498 0.0104327 0.03246 0.0691601 0.100945 0.100963 0.0692504 0.0327646 0.0113189 0.0045436 0.00533362 0.00974197 0.016656 0.0254025 0.0348853 0.0439082 0.0517663 0.0583654 0.063691 0.0671761 0.0676828 0.0642024 0.0566739
 1.15773e-16 4.51194e-05 0.000438576 0.00291449 0.0132489 0.0412223 0.0878294 0.128195 0.128219 0.0879497 0.0416265 0.0144177 0.00585347 0.00687191 0.0123167 0.0204369 0.0297966 0.0382741 0.0437825 0.0454836 0.0443112 0.0422718 0.041061 0.0410801 0.0414675 0.0408856
 1.07025e-16 5.89775e-05 0.000573282 0.00380966 0.0173182 0.0538834 0.114805 0.167565 0.167583 0.114895 0.0541867 0.0181949 0.00601305 0.00539194 0.00923624 0.0152446 0.0221187 0.028168 0.0317154 0.0320098 0.0296629 0.0261901 0.0230326 0.0208328 0.0193916 0.0181188
 1.03158e-16 5.91364e-05 0.000574827 0.00381993 0.0173649 0.0540286 0.115115 0.168018 0.16804 0.115222 0.0543904 0.0184099 0.00644353 0.00630381 0.0109444 0.0180128 0.0259735 0.0327291 0.0361824 0.0353682 0.0310205 0.025056 0.0194073 0.0151161 0.0122135 0.0101869
 1.02483e-16 5.83629e-05 0.000567308 0.00376996 0.0171377 0.0533219 0.113609 0.16582 0.165843 0.11372 0.0536966 0.0182202 0.00648808 0.00650381 0.0113411 0.0186781 0.0269498 0.0339907 0.0376263 0.0368423 0.0323682 0.0261481 0.0201483 0.0154393 0.0120854 0.00962621
 1.00651e-16 7.6342e-05 0.000742071 0.00493133 0.0224171 0.0697479 0.148606 0.216895 0.216901 0.148633 0.0698403 0.0226839 0.00560131 0.00220566 0.00285888 0.00461307 0.0066554 0.00840533 0.00932567 0.00916691 0.00810617 0.00661616 0.0051724 0.00403004 0.00319993 0.00256934
 1.01393e-16 3.20089e-05 0.000311138 0.00206762 0.00939915 0.0292445 0.0623107 0.090956 0.0910121 0.0625848 0.0301646 0.0120552 0.00872997 0.0148392 0.0275766 0.0454159 0.0651309 0.0812938 0.0883932 0.0838865 0.0697458 0.0511964 0.0336991 0.0204937 0.0120994 0.0073617
 1.09961e-16 3.11302e-05 0.000302596 0.00201086 0.0091411 0.0284415 0.0605988 0.0884522 0.088483 0.0607496 0.0289488 0.0106113 0.00571964 0.00845944 0.0156992 0.0263638 0.0390384 0.0512932 0.0605737 0.0655441 0.0666284 0.0652446 0.0624726 0.0583734 0.0524166 0.0444018
 1.10366e-16 5.52651e-05 0.000537197 0.00356986 0.0162281 0.0504917 0.107578 0.157017 0.157033 0.107657 0.0507555 0.0169916 0.00549272 0.00475614 0.00813148 0.0135253 0.0198846 0.0258801 0.0302056 0.0323036 0.0326639 0.0323639 0.0322275 0.0322921 0.0319346 0.0304233
 1.02126e-16 7.17063e-05 0.000697011 0.00463188 0.0210559 0.0655127 0.139582 0.203726 0.203736 0.13963 0.0656739 0.0215215 0.00580094 0.00324969 0.00492171 0.00802877 0.0115734 0.0145877 0.0161413 0.0158164 0.0139564 0.0114308 0.00910669 0.00743581 0.00639747 0.00571372
 1.00386e-16 7.43992e-05 0.000723186 0.00480583 0.0218466 0.0679729 0.144824 0.211376 0.211385 0.144866 0.0681138 0.0222534 0.00582641 0.00294935 0.00429705 0.00697234 0.0100042 0.0125117 0.0136519 0.0130372 0.0109647 0.00822232 0.00562859 0.00366218 0.00239163 0.00163943
 1.00367e-16 6.99351e-05 0.000679794 0.00451747 0.0205358 0.0638945 0.136135 0.198695 0.198709 0.136201 0.0641178 0.0211803 0.00613445 0.00420657 0.00675872 0.0110386 0.0158373 0.019794 0.0215718 0.0205528 0.0172066 0.0127839 0.00858904 0.00539172 0.00331372 0.00208536
 1.00724e-16 6.48995e-05 0.000630847 0.0041922 0.0190571 0.0592939 0.126333 0.18439 0.184409 0.126423 0.0595968 0.0199317 0.00638664 0.0054189 0.00915102 0.0150064 0.0215647 0.0270182 0.029568 0.0283774 0.0240663 0.0182938 0.0127793 0.00852226 0.00566691 0.00385875
 1.00995e-16 6.60542e-05 0.00064207 0.00426678 0.0193962 0.0603488 0.12858 0.18767 0.187686 0.128661 0.0606194 0.0201776 0.0062281 0.0049234 0.00819625 0.013443 0.0193518 0.0243182 0.0267494 0.0259019 0.0223137 0.0174277 0.0127258 0.00904952 0.00649808 0.00475886
 1.00675e-16 7.0875e-05 0.00068893 0.00457818 0.0208118 0.0647532 0.137964 0.201365 0.201377 0.138022 0.0649471 0.0213718 0.00598361 0.00375614 0.00589352 0.00962415 0.0138405 0.0173685 0.019061 0.0183856 0.0157353 0.0121596 0.00873923 0.00609257 0.00429546 0.00311568
 1.00098e-16 8.00354e-05 0.000777972 0.0051699 0.0235016 0.0731223 0.155795 0.227388 0.22739 0.155807 0.0731632 0.0236198 0.00546631 0.0014246 0.00130683 0.00203041 0.00290911 0.00364104 0.00397832 0.00380786 0.00321467 0.00242517 0.0016744 0.00109949 0.000720277 0.000487283
 1.00544e-16 2.98539e-05 0.00029019 0.00192842 0.00876636 0.0272757 0.058116 0.0848347 0.0848949 0.0584104 0.0282638 0.0116185 0.00908144 0.0158843 0.029584 0.0486985 0.0697671 0.0869288 0.0942318 0.0889329 0.0731772 0.0526513 0.0333297 0.0188032 0.00970282 0.0047982
 1.00661e-16 7.89232e-05 0.000767161 0.00509806 0.023175 0.0721061 0.15363 0.224228 0.22423 0.153639 0.0721384 0.0232685 0.00533406 0.00128687 0.00107907 0.00169307 0.00251006 0.00331918 0.00395726 0.00433865 0.00448263 0.00446439 0.00433432 0.00408174 0.00366883 0.00309152
 1.0069e-16 5.18204e-05 0.000503713 0.00334735 0.0152166 0.0473447 0.100874 0.147236 0.147271 0.101044 0.0479149 0.0168626 0.00747553 0.00950348 0.0171085 0.0281089 0.0402691 0.0501824 0.0544176 0.0513999 0.0423766 0.0306356 0.0196223 0.0113932 0.00628497 0.00355556
 1.02516e-16 5.78978e-05 0.000562788 0.00373992 0.0170012 0.052897 0.112704 0.164498 0.16452 0.112807 0.0532433 0.0180022 0.00625588 0.00606587 0.0105404 0.0174141 0.0252647 0.0321491 0.0361039 0.0361825 0.0329614 0.02805 0.0230393 0.018742 0.0151736 0.0120249
 1.01988e-16 6.52586e-05 0.000634337 0.00421539 0.0191626 0.0596219 0.127031 0.185409 0.185425 0.12711 0.0598844 0.019921 0.00611981 0.00479401 0.00797204 0.013094 0.0188978 0.0238522 0.0264395 0.0259566 0.0229191 0.0186866 0.0146234 0.0114558 0.00919991 0.00750841
 1.01089e-16 6.82548e-05 0.000663461 0.00440893 0.0200424 0.0623593 0.132864 0.193921 0.193936 0.132933 0.0625931 0.0207174 0.00610316 0.00436142 0.00708967 0.0116081 0.0167042 0.0209817 0.0230645 0.022315 0.0192072 0.0150003 0.0109848 0.00788962 0.00578978 0.00439352
 1.03323e-16 2.29452e-05 0.000223036 0.00148215 0.0067377 0.0209638 0.0446679 0.065207 0.0652687 0.0449693 0.0219759 0.00966054 0.00881709 0.0162292 0.0304035 0.0501788 0.072167 0.0905036 0.0992099 0.0955053 0.0814564 0.0625751 0.0445498 0.0306515 0.0212994 0.0152742
 1.04213e-16 6.71856e-05 0.000653068 0.00433987 0.0197284 0.0613824 0.130782 0.190882 0.190889 0.130816 0.0614967 0.0200602 0.00517965 0.00250954 0.00366089 0.00612283 0.0092253 0.0124575 0.0153176 0.0175289 0.0191131 0.0202008 0.0207667 0.0205615 0.0193052 0.0169546
 1.03172e-16 5.34266e-05 0.000519326 0.0034511 0.0156882 0.0488121 0.104 0.151798 0.151828 0.104146 0.0493015 0.0171014 0.0069966 0.00825358 0.014726 0.0242193 0.0347898 0.0435595 0.0476431 0.0457349 0.0389092 0.0299245 0.0216022 0.0155223 0.0117879 0.00963191
 1.06033e-16 3.4906e-05 0.000339299 0.00225476 0.0102498 0.0318913 0.0679493 0.0991827 0.0992242 0.0681522 0.0325728 0.0122197 0.00720438 0.0111611 0.0206365 0.0341879 0.0495384 0.0629 0.0703995 0.0701974 0.0635031 0.0536058 0.0437646 0.0356544 0.0292795 0.0238963
 1.04478e-16 6.5306e-05 0.000634798 0.00421846 0.0191765 0.0596653 0.127124 0.185543 0.185554 0.127177 0.0598448 0.0196963 0.0055278 0.00350835 0.00556754 0.00921844 0.0135487 0.0176165 0.0204959 0.0217466 0.0216232 0.020792 0.0198043 0.0187731 0.017463 0.0156163
 1.02467e-16 6.02272e-05 0.00058543 0.00389039 0.0176852 0.0550252 0.117238 0.171117 0.171139 0.117347 0.0553921 0.0187446 0.00654901 0.00638677 0.0110709 0.0181891 0.0261553 0.0328082 0.0359919 0.0347237 0.0297859 0.0232064 0.0170553 0.012487 0.00957879 0.00778794
 1.05481e-16 2.5652e-05 0.000249347 0.001657 0.00753251 0.0234367 0.0499364 0.072895 0.0729488 0.0501996 0.0243204 0.0100856 0.00806808 0.0142528 0.0266438 0.0440665 0.0636128 0.0802711 0.0889208 0.0871587 0.0766775 0.0620241 0.0478019 0.0365255 0.0283732 0.0223161
 1.1427e-16 3.47978e-05 0.000338247 0.00224777 0.010218 0.0317923 0.0677376 0.09887 0.0988938 0.0678538 0.0321835 0.011353 0.00511575 0.00666209 0.0122299 0.0206466 0.0308674 0.0411766 0.049779 0.0557551 0.0593878 0.0615104 0.0624936 0.0618252 0.0586067 0.0524209
 1.03187e-16 7.43974e-05 0.000723169 0.00480571 0.0218461 0.0679713 0.14482 0.21137 0.211376 0.144846 0.0680572 0.0220947 0.00543106 0.00209277 0.00268894 0.00436382 0.0063668 0.0081983 0.00941061 0.00981832 0.00960449 0.00917495 0.00887299 0.00878105 0.00873321 0.00847832
pSPR Fmed_Fpbrs
0.307566   0.6 0.325
Fs Fmed_Fpbrs
0.842057   0.31666 0.793793
SSBpbr Bo_Bmed_Bpbrs
1.19732e+06  308390  658527 329264
Ro
91429.6
SPR SPRFo_SPRFmed_SPRFpbrs
652590 200715 212092
Fref
0.31666
Nvult_r0
 107312 5075.36 1590.76 1551.14 306.312
CTP_r0
 37173.6 2307.09 735.187 717.509 141.697
YTP_r0
391186
Np
 108743 32917.7 8030.01 259.002 99.7685
Nvult_p0
 75825.1 24005.5 5876.56 189.58 73.0276
CTP_p0
 12371.8 5075.27 169.762 51.6712 58.1292
 12371.8 5632.86 1411.47 45.5912 17.5632
YTP_p0
 179605 215512
CBA_c0
190377
log_Ro
11.2433
likeval ReclasPelacesDesembMPH_pf_preclas_ppelaces_ptallas_desvR_qrecl_qpela
 12.6508 16.1731 0.04433 0.000839276 251.971 116.84 104.306 0 29.9208 6.56474e-05 0.000171386 0.0120304 8.92852e-16 0 0
q_reclas_q_pelaces
3.1523 6.43995
M
1
N
 101397 28179.5 44599.7 5095.91 0.149049
 85645 29169.7 7042.12 11012.5 1257.49
 95726.2 18757 4747.36 1117.43 1944.28
 73976 20930.9 3044.91 751.321 483.857
 45433.4 10822.2 1806.16 251.177 101.636
 248680 10561 1934.25 315.654 61.5833
 52505.9 64860.8 2262.25 407.429 79.3881
 17317.9 9017.72 7202.64 242.042 51.9791
 26396.6 5342.74 2515.42 1991.92 81.2741
 35609.5 4544.43 595.544 270.178 222.229
 52992.2 3386.33 199.204 24.4361 20.1301
 107630 15122.2 835.579 48.5477 10.8537
 87993 17563.7 1549.54 82.2869 5.83705
 66950.3 15224.1 1973.11 167.778 9.52254
 48032.5 6677.49 719.279 87.4633 7.83203
 265690 5778.23 423.618 43.2061 5.70722
 34777 46525.2 661.533 46.7717 5.38982
 459499 6802.93 6339.64 87.4035 6.8801
 243955 108092 1238.9 1129.59 16.7793
 199158 48112.1 14918.9 165.865 153.222
 248454 38454.3 6422.99 1929.95 41.2055
 388416 53483.2 6090.96 991.082 303.721
 47076 76421.1 7354.38 812.34 172.395
 189951 11171.6 14110.4 1329.15 177.761
 148339 48427.6 2308.88 2864.49 305.61
 55546.7 37734.2 9973.49 467.014 640.579
 150527 14709.8 8278.66 2153.27 238.914
 179689 37494.3 2930.96 1618.42 467.169
 42473.8 49611.4 8783.6 677.062 481.407
 28111.9 11928.3 11937.6 2085.83 274.899
 136972 6041.16 1884.3 1836.9 362.737
pred_Ctot
 14255.8 5894.29 9574.02 1095.43 0.0320423
 22843.4 10970.5 2706.29 4236.95 483.837
 25596.5 7070.05 1828.42 430.865 749.731
 30297.7 11318.8 1674.03 413.423 266.26
 10972.1 3726.21 636.011 88.5539 35.8348
 47041.2 2912.76 546.584 89.3138 17.4261
 18803.3 31423.7 1116.32 201.243 39.2145
 1792.2 1409.46 1156.79 38.93 8.36096
 9431.45 2583.5 1238.91 982.027 40.0707
 18527.9 2955.79 392.268 178.077 146.479
 7670.2 727.973 43.9428 5.39783 4.44697
 40384.9 7615.04 428.305 24.9082 5.56893
 31290.3 8459.3 760.207 40.4097 2.86662
 34126.5 9752.9 1280.52 108.96 6.18447
 22302.1 3986.06 435.672 53.0179 4.74776
 93376.8 2755.83 205.829 21.0138 2.77592
 10828.9 20024 290.472 20.5588 2.36926
 108580 2297.07 2189.68 30.2251 2.37936
 75209.5 46124.5 539.404 492.335 7.31373
 62989.1 20985.8 6637.84 73.8755 68.2483
 68027.5 14800 2525.35 759.665 16.2202
 120094 22879.3 2658.49 433.035 132.713
 10942.8 25426.1 2503.27 276.838 58.7544
 37971.7 3241.36 4193.1 395.477 52.8948
 29808.8 14118.2 689.377 856.356 91.3701
 10102.7 10037.1 2718.77 127.474 174.862
 31711.2 4477.22 2579.79 671.843 74.5484
 29007.5 8928 715.742 395.75 114.244
 6493.51 11227.3 2039.15 157.397 111.921
 7716.73 4601.12 4703.91 822.838 108.451
 37173.6 2307.09 735.187 717.509 141.697
F
 0.245912 0.386686 0.398699 0.399351 0.399386
 0.518642 0.815543 0.840878 0.842255 0.842328
 0.520266 0.818097 0.843511 0.844893 0.844965
 0.922137 1.45002 1.49507 1.49752 1.49765
 0.459081 0.721886 0.744311 0.74553 0.745595
 0.343923 0.540806 0.557606 0.558519 0.558567
 0.761735 1.1978 1.23501 1.23703 1.23714
 0.176 0.276753 0.285351 0.285818 0.285843
 0.759333 1.19402 1.23111 1.23313 1.23324
 1.35287 2.12733 2.19341 2.19701 2.1972
 0.253982 0.399376 0.411783 0.412457 0.412493
 0.81287 1.2782 1.31791 1.32007 1.32018
 0.754374 1.18622 1.22307 1.22508 1.22518
 1.30521 2.05239 2.11615 2.11961 2.1198
 1.11778 1.75766 1.81227 1.81524 1.81539
 0.742335 1.16729 1.20355 1.20553 1.20563
 0.631604 0.993172 1.02403 1.0257 1.02579
 0.44715 0.703126 0.724968 0.726156 0.726218
 0.623453 0.980354 1.01081 1.01246 1.01255
 0.644626 1.01365 1.04514 1.04685 1.04694
 0.53589 0.842665 0.868842 0.870265 0.87034
 0.625817 0.984072 1.01464 1.0163 1.01639
 0.438386 0.689344 0.710759 0.711923 0.711984
 0.366695 0.576612 0.594525 0.595499 0.59555
 0.368937 0.580139 0.598161 0.599141 0.599192
 0.328711 0.516885 0.532942 0.533815 0.533861
 0.389951 0.613182 0.632231 0.633266 0.633321
 0.287005 0.451303 0.465323 0.466085 0.466125
 0.269978 0.424529 0.437717 0.438434 0.438472
 0.537599 0.845353 0.871615 0.873042 0.873117
 0.529999 0.833403 0.859293 0.8607 0.860774
YTP_r0W_actual
 308541 32529.9 20291.2 24538.8 5285.29
YTP_p0W_proyectada
 92664.5 79529.5 3926.59 1517.58 1966.51
 92664.5 88266.9 32647.4 1339.01 594.165
CTP_r0_actual
 37173.6 2307.09 735.187 717.509 141.697
CTP_p0_proyectada
 12371.8 5075.27 169.762 51.6712 58.1292
 12371.8 5632.86 1411.47 45.5912 17.5632
Wmedp
 7.49 15.67 23.13 29.37 33.83
Frms_r0
 0.529999 0.833403 0.859293 0.8607 0.860774
Zrms_r0
 1.53 1.8334 1.85929 1.8607 1.86077
nmprior
 8.19 8.8 8.5 0
nm_flota  nm_reclas  nm_pelaces    nm_pelaL
inf 20.1727 9.63747 19.0174
cv_recla  cv_pelaces  cv_mph
0.321724 0.456004 0.894042
 ------------------------------------------------
Talla a la edad & desviaci?n 
 8 13.2811 15.8009 17.003 17.5766
 0.8 1.32811 1.58009 1.7003 1.75766
