years
 1991 1992 1993 1994 1995 1996 1997 1998 1999 2000 2001 2002 2003 2004 2005 2006 2007 2008 2009 2010 2011 2012 2013 2014 2015 2016 2017 2018 2019 2020 2021
reclasobs
 0 0 0 0 0 0 0 0 0 252601 567819 844713 477998 351125 339783 2.1784e+06 2.13404e+06 4.81314e+06 1.55562e+06 2.62356e+06 3.21686e+06 3.843e+06 1.13348e+06 3.07943e+06 1.97215e+06 2.03268e+06 2.025e+06 2.42433e+06 2.27542e+06 1.05018e+06 2.36338e+06
reclaspred
 3.30726e+06 1.885e+06 956885 956884 956614 1.46099e+06 984444 884926 649600 483126 508886 633032 630813 513556 524222 1.26495e+06 1.27534e+06 2.69791e+06 2.25413e+06 1.70465e+06 3.02627e+06 2.4618e+06 2.00259e+06 3.0405e+06 2.2995e+06 2.03703e+06 2.38296e+06 2.49903e+06 2.08377e+06 1.3547e+06 1.91655e+06
pelacesobs
 0 0 0 0 0 0 0 0 0 0 0 0 0 0 0 552880 188675 0 991730 2.46772e+06 1.41603e+06 1.21717e+06 2.29649e+06 1.80582e+06 0 1.4828e+06 1.56532e+06 1.57751e+06 1.42118e+06 867257 1.10002e+06
pelacespred
 1.85838e+06 1.18965e+06 612642 498670 508195 801405 520254 550557 401400 286292 305740 320491 348735 305482 316597 628314 631455 1.51807e+06 1.33013e+06 940123 1.57909e+06 1.42252e+06 1.13928e+06 1.87548e+06 1.37985e+06 1.21293e+06 1.6096e+06 1.66751e+06 1.14584e+06 849874 1.19989e+06
mphobs
 0 0 0 0 0 0 0 0 0 0 0 498337 0 5186 125008 0 168611 109162 213762 579715 649985 157893 87575 83554 0 0 0 0 0 0 0
mphpred
 492828 330871 168677 91524.3 102108 113605 148723 100735 87659.6 62441.9 42089.5 59011.3 63752.6 55661.5 40590.5 50471 146443 144696 266244 207384 223538 275102 262109 220105 300925 248901 205582 216514 296693 207105 130896
desembarqueobs
 494567 514787 250237 358949 120608 361735 552515 73892 212993 205616 52469 317467 293654 387597 252695 516296 358380 742168 942051 627588 828172 859565 418607 520667 417249 300574 415391 372974 316634 284311 391294
desembarquepred
 494574 513233 251034 358970 120612 361748 552564 73895.2 213032 205653 52471.1 317530 293707 387653 252699 516280 358401 742101 941921 627503 828233 859600 418619 520688 417252 300577 415394 372966 316632 284320 391298
Reclutas
 234472 135618 133518 244478 195495 323612 136348 64741.8 59370.7 77306.9 140571 177306 149156 105207 108982 568615 130381 861221 503899 384978 585217 781851 170261 501639 421604 190893 424235 473416 142237 106995 406584
log_desv_Rt
 0.0544651 -0.493031 -0.508636 0.0962539 -0.127336 0.376672 -0.487661 -1.23247 -1.31907 -1.05509 -0.457157 -0.224997 -0.397883 -0.746942 -0.71169 0.94033 -0.532415 1.35548 0.819502 0.550313 0.969109 1.25879 -0.26554 0.815008 0.641193 -0.15116 0.647414 0.757101 -0.445377 -0.730095 0.604918
SSB
 4.46031e+06 2.99453e+06 1.5266e+06 828335 924120 1.02817e+06 1.34601e+06 911692 793358 565127 380929 534079 576989 503761 367362 456785 1.32537e+06 1.30956e+06 2.40963e+06 1.87692e+06 2.02312e+06 2.48979e+06 2.37221e+06 1.99205e+06 2.7235e+06 2.25266e+06 1.86061e+06 1.95955e+06 2.68521e+06 1.87439e+06 1.18467e+06
BT
 5.87747e+06 4.00534e+06 2.05348e+06 1.76909e+06 1.58767e+06 2.66284e+06 2.0259e+06 1.68137e+06 1.39074e+06 1.04083e+06 944074 1.21014e+06 1.29252e+06 1.30189e+06 1.18415e+06 2.26654e+06 2.13562e+06 5.11465e+06 4.81781e+06 3.32831e+06 5.3117e+06 4.98603e+06 3.71268e+06 5.99329e+06 4.43777e+06 3.82982e+06 5.15213e+06 5.27234e+06 3.62697e+06 2.77179e+06 3.90176e+06
Ftot
 0.0954056 0.171809 0.166496 0.246779 0.082816 0.165513 0.353199 0.0546464 0.212877 0.274424 0.0702141 0.327754 0.303693 0.48705 0.323025 0.280997 0.181073 0.187732 0.271739 0.240171 0.181586 0.230156 0.134467 0.116004 0.118595 0.0960508 0.117582 0.101396 0.0967173 0.134633 0.139514
BD_Bspro_t
 0.984851 0.886477 0.762241 0.687034 0.681527 0.742118 0.733007 0.60234 0.652268 0.620434 0.593726 0.747508 0.644462 0.565956 0.473005 0.528229 0.670198 0.655763 0.727234 0.64585 0.620884 0.665583 0.680394 0.678108 0.76601 0.773329 0.779931 0.80672 0.839535 0.79007 0.739055
BD_Bspro
 2.81432 1.88946 0.96324 0.522655 0.583092 0.648746 0.849292 0.57525 0.500585 0.356578 0.240355 0.336988 0.364063 0.317858 0.231794 0.288217 0.836269 0.826295 1.5204 1.18428 1.27653 1.57099 1.49679 1.25692 1.71845 1.42136 1.17399 1.23642 1.69428 1.18268 0.747488
BD_Bo
 1.90146 1.27658 0.650798 0.353124 0.393957 0.438315 0.573811 0.388659 0.338213 0.240917 0.162392 0.22768 0.245974 0.214756 0.156608 0.19473 0.565012 0.558273 1.02724 0.80014 0.862465 1.06141 1.01128 0.849221 1.16104 0.960322 0.793187 0.835366 1.14472 0.799063 0.505029
BD_Brms
 3.45719 2.32106 1.18327 0.642043 0.716286 0.796937 1.04329 0.706653 0.614932 0.43803 0.295258 0.413964 0.447225 0.390465 0.284742 0.354054 1.02729 1.01504 1.8677 1.4548 1.56812 1.92984 1.8387 1.54404 2.11099 1.74604 1.44216 1.51885 2.0813 1.45284 0.918234
Sel_flota
 0.866567 1 1 1 1
 0.866567 1 1 1 1
 0.866567 1 1 1 1
 0.866567 1 1 1 1
 0.866567 1 1 1 1
 0.866567 1 1 1 1
 0.866567 1 1 1 1
 0.866567 1 1 1 1
 0.866567 1 1 1 1
 0.866567 1 1 1 1
 0.866567 1 1 1 1
 0.866567 1 1 1 1
 0.866567 1 1 1 1
 0.866567 1 1 1 1
 0.866567 1 1 1 1
 0.866567 1 1 1 1
 0.866567 1 1 1 1
 0.866567 1 1 1 1
 0.866567 1 1 1 1
 0.866567 1 1 1 1
 0.866567 1 1 1 1
 0.866567 1 1 1 1
 0.866567 1 1 1 1
 0.866567 1 1 1 1
 0.866567 1 1 1 1
 0.866567 1 1 1 1
 0.866567 1 1 1 1
 0.866567 1 1 1 1
 0.866567 1 1 1 1
 0.866567 1 1 1 1
 0.866567 1 1 1 1
Sel_reclas
 1 1 1 1 1
 1 1 1 1 1
 1 1 1 1 1
 1 1 1 1 1
 1 1 1 1 1
 1 1 1 1 1
 1 1 1 1 1
 1 1 1 1 1
 1 1 1 1 1
 1 1 1 1 1
 1 1 1 1 1
 1 1 1 1 1
 1 1 1 1 1
 1 1 1 1 1
 1 1 1 1 1
 1 1 1 1 1
 1 1 1 1 1
 1 1 1 1 1
 1 1 1 1 1
 1 1 1 1 1
 1 1 1 1 1
 1 1 1 1 1
 1 1 1 1 1
 1 1 1 1 1
 1 1 1 1 1
 1 1 1 1 1
 1 1 1 1 1
 1 1 1 1 1
 1 1 1 1 1
 1 1 1 1 1
 1 1 1 1 1
Sel_pelaces
 1 1 1 1 1
 1 1 1 1 1
 1 1 1 1 1
 1 1 1 1 1
 1 1 1 1 1
 1 1 1 1 1
 1 1 1 1 1
 1 1 1 1 1
 1 1 1 1 1
 1 1 1 1 1
 1 1 1 1 1
 1 1 1 1 1
 1 1 1 1 1
 1 1 1 1 1
 1 1 1 1 1
 1 1 1 1 1
 1 1 1 1 1
 1 1 1 1 1
 1 1 1 1 1
 1 1 1 1 1
 1 1 1 1 1
 1 1 1 1 1
 1 1 1 1 1
 1 1 1 1 1
 1 1 1 1 1
 1 1 1 1 1
 1 1 1 1 1
 1 1 1 1 1
 1 1 1 1 1
 1 1 1 1 1
 1 1 1 1 1
pf_obs 
 0.8446 0.082 0.0669 0.0065 0
 0.8095 0.147 0.0364 0.0071 0
 0.9664 0.0169 0.016 0.0007 0
 0.9276 0.0648 0.0075 0.0001 0
 0.7033 0.2144 0.0806 0.0017 0
 0.9318 0.0425 0.0243 0.0014 0
 0.5671 0.3108 0.0964 0.0239 0.0018
 0.0768 0.2599 0.5324 0.112 0.0189
 0.490249 0.384438 0.106611 0.0170017 0.00170017
 0.7925 0.1577 0.0466 0.003 0.0002
 0.840416 0.127587 0.0312969 0.00059994 9.999e-05
 0.8084 0.0986 0.0794 0.0134 0.0002
 0.7335 0.1905 0.0724 0.0035 0.0001
 0.4001 0.4547 0.1325 0.0127 0
 0.49795 0.308269 0.164784 0.0264974 0.00249975
 0.9179 0.0499 0.0305 0.0017 0
 0.2467 0.6533 0.0926 0.0074 0
 0.9418 0.0223 0.034 0.0019 0
 0.707729 0.231977 0.0356964 0.0245975 0
 0.517169 0.277429 0.184464 0.0207286 0.00020938
 0.811772 0.124168 0.05621 0.00726502 0.000585176
 0.764997 0.148141 0.077277 0.00933861 0.000247198
 0.163321 0.427699 0.378323 0.0303852 0.000271297
 0.753843 0.0900009 0.118128 0.0371064 0.000921714
 0.721811 0.176058 0.0630433 0.0369309 0.00215725
 0.143369 0.312575 0.442814 0.0836902 0.0175525
 0.692698 0.0596174 0.167031 0.0765114 0.00414204
 0.394062 0.376323 0.152708 0.0712218 0.00568511
 0.125707 0.32114 0.495352 0.0537591 0.00404204
 0.23352 0.215282 0.420074 0.123614 0.00750983
 0.796117 0.104755 0.0508955 0.0450114 0.00322123
pf_pred 
 0.427626 0.113094 0.435296 0.023983 7.54054e-07
 0.409802 0.274354 0.0624068 0.240203 0.0132346
 0.548984 0.202146 0.115687 0.0263151 0.106867
 0.747812 0.148121 0.0466434 0.0266937 0.0307306
 0.645577 0.27549 0.0463607 0.014599 0.0179734
 0.741628 0.175445 0.0644582 0.0108473 0.00762119
 0.473418 0.405699 0.0820847 0.0301577 0.00864078
 0.440311 0.288996 0.208552 0.0421962 0.0199447
 0.522121 0.227907 0.129073 0.0931449 0.0277538
 0.677721 0.181077 0.0673411 0.0381381 0.0357227
 0.795387 0.14583 0.0330284 0.012283 0.0134721
 0.724478 0.225524 0.0356346 0.00807074 0.00629346
 0.669432 0.250252 0.0657415 0.0103877 0.00418725
 0.609886 0.2752 0.086994 0.0228534 0.00506663
 0.711811 0.188051 0.0706411 0.0223305 0.0071668
 0.924813 0.0560341 0.0124977 0.00469475 0.00196037
 0.394296 0.566673 0.0290886 0.00648784 0.00345482
 0.888303 0.048308 0.0593041 0.00304421 0.00104053
 0.597716 0.363286 0.0168666 0.0207058 0.00142617
 0.59494 0.257895 0.132899 0.00617021 0.00809643
 0.738245 0.165797 0.0610949 0.0314835 0.00337974
 0.741079 0.198734 0.0381229 0.014048 0.00801634
 0.327168 0.518662 0.118333 0.0226997 0.0131379
 0.739576 0.0942436 0.128102 0.0292266 0.00885137
 0.628501 0.28525 0.0312124 0.0424259 0.012611
 0.440791 0.370963 0.144542 0.0158159 0.0278882
 0.732496 0.127925 0.0925926 0.0360777 0.0109086
 0.690229 0.235828 0.0353609 0.0255944 0.0129879
 0.359204 0.462394 0.135817 0.0203648 0.0222201
 0.433727 0.223454 0.247376 0.0726607 0.0227825
 0.827057 0.0815991 0.0360447 0.0399036 0.0153957
pobs_RECLAS
 0 0 0 0 0
 0 0 0 0 0
 0 0 0 0 0
 0 0 0 0 0
 0 0 0 0 0
 0 0 0 0 0
 0 0 0 0 0
 0 0 0 0 0
 0 0 0 0 0
 0 0 0 0 0
 0.991045 0.00858322 0.000360255 1.14367e-05 0
 0.934742 0.0480273 0.0164251 0.00080598 0
 0.827803 0.169806 0.00239088 0 0
 0.941827 0.0461693 0.0120037 0 0
 0.791401 0.0380133 0.147996 0.0225897 0
 0.846168 0.0940531 0.0597789 0 0
 0.134021 0.677848 0.182769 0.00536245 0
 0.80878 0.0450904 0.141981 0.00414843 0
 0.846168 0.0940531 0.0597789 0 0
 0.905697 0.0802665 0.012482 0.00150086 5.37128e-05
 0.989698 0.0102097 9.19794e-05 0 0
 0.975433 0.0193895 0.00387452 0.00125025 5.28907e-05
 0.303575 0.632131 0.0575291 0.00676475 0
 0.966965 0.00978017 0.0227588 0.000495775 0
 0.843318 0.132988 0.00938335 0.0141283 0.000182051
 0.564624 0.303363 0.111486 0.0197234 0.00080311
 0.826376 0.0876187 0.0782897 0.00655872 0.00115652
 0.89761 0.0855135 0.0140674 0.00269457 0.000114338
 0.34875 0.467042 0.161289 0.0227151 0.000203297
 0.318654 0.224769 0.449479 0.00709798 0
 0.937255 0.0296025 0.0250945 0.00804832 0
ppred_RECLAS
 0.463268 0.106052 0.408191 0.0224896 7.071e-07
 0.44537 0.25782 0.058646 0.225727 0.012437
 0.584647 0.186163 0.10654 0.0242344 0.098417
 0.774428 0.132488 0.0417206 0.0238764 0.0274872
 0.677836 0.250415 0.042141 0.0132703 0.0163375
 0.768479 0.157212 0.0577594 0.00972003 0.00682917
 0.510464 0.377157 0.0763099 0.0280361 0.00803288
 0.476004 0.270566 0.195252 0.0395052 0.0186727
 0.558365 0.210621 0.119284 0.0860804 0.0256488
 0.708946 0.163533 0.0608165 0.034443 0.0322616
 0.817834 0.129831 0.029405 0.0109355 0.0119942
 0.752991 0.202185 0.0319469 0.00723552 0.00564217
 0.701207 0.226197 0.0594222 0.00938921 0.00378476
 0.645122 0.250343 0.0791366 0.0207893 0.00460901
 0.741151 0.168906 0.0634492 0.0200571 0.00643716
 0.934421 0.0488736 0.0109006 0.00409481 0.00170986
 0.429529 0.53371 0.0273965 0.00611044 0.00325386
 0.901955 0.0424036 0.0520558 0.00267214 0.000913354
 0.632479 0.331893 0.0154091 0.0189166 0.00130293
 0.629677 0.235778 0.121502 0.00564106 0.0074021
 0.765377 0.148611 0.054762 0.02822 0.00302941
 0.76814 0.177963 0.0341386 0.0125798 0.00717853
 0.359817 0.493494 0.112591 0.0215982 0.0125004
 0.766452 0.0845177 0.114882 0.0262104 0.00793791
 0.661602 0.259834 0.0284313 0.0386456 0.0114873
 0.476618 0.347196 0.135281 0.0148026 0.0261015
 0.759869 0.114835 0.0831179 0.0323859 0.00979233
 0.720232 0.212986 0.0319359 0.0231154 0.0117299
 0.393064 0.437961 0.12864 0.0192888 0.021046
 0.469589 0.209302 0.23171 0.0680591 0.0213397
 0.846816 0.0722762 0.0319265 0.0353445 0.0136367
pobs_PELACES
 0 0 0 0 0
 0 0 0 0 0
 0 0 0 0 0
 0 0 0 0 0
 0 0 0 0 0
 0 0 0 0 0
 0 0 0 0 0
 0 0 0 0 0
 0 0 0 0 0
 0 0 0 0 0
 0 0 0 0 0
 0 0 0 0 0
 0 0 0 0 0
 0 0 0 0 0
 0 0 0 0 0
 0 0 0 0 0
 0.505614 0.472636 0.0217494 0 0
 0 0 0 0 0
 0.443492 0.261883 0.143347 0.151278 0
 0.227955 0.32914 0.350689 0.0885471 0.00366901
 0.970185 0.0296113 0.000203453 0 0
 0.997202 0.00247181 0.000326279 0 0
 0.445219 0.490057 0.0546422 0.010081 0
 0.90214 0.0892962 0.00764917 0.000914606 0
 0 0 0 0 0
 0.581667 0.319106 0.0959925 0.00289975 0.000334073
 0.762889 0.0836404 0.116647 0.0363945 0.000428098
 0.88444 0.0763242 0.0277011 0.0115352 0
 0.521256 0.241999 0.230069 0.00667565 0
 0.616807 0.101726 0.260614 0.0208532 0
 0.833518 0.0704572 0.0857862 0.0102388 0
ppred_PELACES
 0.464312 0.105845 0.407396 0.0224458 7.05723e-07
 0.447239 0.256951 0.0584483 0.224966 0.0123951
 0.586426 0.185365 0.106083 0.0241306 0.0979954
 0.776321 0.131376 0.0413706 0.0236761 0.0272566
 0.678632 0.249797 0.0420369 0.0132375 0.0162971
 0.769773 0.156334 0.0574366 0.0096657 0.006791
 0.51435 0.374163 0.0757042 0.0278136 0.00796912
 0.476604 0.270256 0.195029 0.03946 0.0186513
 0.560676 0.20952 0.11866 0.0856301 0.0255146
 0.711433 0.162136 0.0602969 0.0341486 0.0319859
 0.818294 0.129503 0.0293307 0.0109078 0.0119639
 0.755665 0.199995 0.031601 0.00715717 0.00558108
 0.704001 0.224082 0.0588665 0.0093014 0.00374937
 0.650016 0.246891 0.0780452 0.0205026 0.00454544
 0.74387 0.167131 0.0627826 0.0198464 0.00636953
 0.935175 0.0483116 0.0107753 0.00404773 0.00169019
 0.431484 0.531881 0.0273026 0.00608951 0.00324271
 0.902684 0.0420885 0.051669 0.00265228 0.000906567
 0.635256 0.329385 0.0152926 0.0187736 0.00129309
 0.632139 0.23421 0.120694 0.00560355 0.00735288
 0.76681 0.147704 0.0544276 0.0280477 0.00301091
 0.76994 0.176582 0.0338735 0.0124821 0.0071228
 0.361182 0.492441 0.112351 0.0215522 0.0124737
 0.767365 0.0841872 0.114433 0.0261079 0.00790688
 0.66277 0.258937 0.0283331 0.0385122 0.0114476
 0.477673 0.346496 0.135008 0.0147728 0.0260489
 0.760813 0.114383 0.0827913 0.0322587 0.00975386
 0.721131 0.212302 0.0318333 0.0230411 0.0116922
 0.39408 0.437228 0.128425 0.0192565 0.0210107
 0.471066 0.20872 0.231065 0.0678696 0.0212803
 0.847611 0.071901 0.0317607 0.035161 0.0135659
pobs_pel_tallas
 0 0 0 0 0 0 0 0 0 0 0 0 0 0 0 0 0 0 0 0 0 0 0 0 0 0
 0 0 0 0 0 0 0 0 0 0 0 0 0 0 0 0 0 0 0 0 0 0 0 0 0 0
 0 0 0 0 0 0 0 0 0 0 0 0 0 0 0 0 0 0 0 0 0 0 0 0 0 0
 0 0 0 0 0 0 0 0 0 0 0 0 0 0 0 0 0 0 0 0 0 0 0 0 0 0
 0 0 0 0 0 0 0 0 0 0 0 0 0 0 0 0 0 0 0 0 0 0 0 0 0 0
 0 0 0 0 0 0 0 0 0 0 0 0 0 0 0 0 0 0 0 0 0 0 0 0 0 0
 0 0 0 0 0 0 0 0 0 0 0 0 0 0 0 0 0 0 0 0 0 0 0 0 0 0
 0 0 0 0 0 0 0 0 0 0 0 0 0 0 0 0 0 0 0 0 0 0 0 0 0 0
 0 0 0 0 0 0 0 0 0 0 0 0 0 0 0 0 0 0 0 0 0 0 0 0 0 0
 0 0 0 0 0 0 0 0 0 0 0 0 0 0 0 0 0 0 0 0 0 0 0 0 0 0
 0 0 0 0 0 0 0 0 0 0 0 0 0 0 0 0 0 0 0 0 0 0 0 0 0 0
 0 0 0 0 0 0 0 0 0 0 0 0 0 0 0 0 0 0 0 0 0 0 0 0 0 0
 0.00862536 0 0 0.000197151 0.00414017 0.0128641 0.00837892 0.0270097 0.101434 0.158115 0.152841 0.127902 0.109271 0.109419 0.0830992 0.0579132 0.0238553 0.00714673 0.00463305 0.00128148 0.00103504 0.000492878 0.000147863 0.000147863 4.92878e-05 0
 0 0 0 0 0 0 0 0 0 0 0 0 0 0 0 0 0 0 0 0 0 0 0 0 0 0
 0 0 0 0 0 0 0 0.0054083 0.00873648 0.0413646 0.0450493 0.0745869 0.0622846 0.0627006 0.0613931 0.0827291 0.12552 0.122667 0.0946155 0.0697135 0.0546179 0.0294188 0.0215738 0.0213955 0.0102223 0.00600262
 0 0 0 0 0.00359764 0.0251062 0.0480494 0.140153 0.205849 0.193036 0.1447 0.116669 0.0760912 0.0342217 0.00950174 0.001854 0.000860785 0 0 0 0.000165536 0 0.000143464 0 0 0
 0 0 0 0 0 0 0 0.000145254 0.000435761 0.0275982 0.070085 0.0708112 0.156366 0.174668 0.174014 0.160142 0.0824315 0.0480064 0.0283245 0.00493863 0.00203355 0 0 0 0 0
 0 0 0 0 0 0 0 0 0 0 0 0 0 0 0 0 0 0 0 0 0 0 0 0 0 0
 0 0 1.00437e-05 0.000401748 0.00122533 0.00171747 0.00176769 0.0269171 0.070346 0.194647 0.189555 0.159765 0.064822 0.0314167 0.0384472 0.0292271 0.0345202 0.0313363 0.0194345 0.0106764 0.0143323 0.0359363 0.0279516 0.0138201 0.00172751 0
 0 0.0021121 0.0136068 0.0755702 0.200478 0.177729 0.0527432 0.0373336 0.0318909 0.0142505 0.0149659 0.0166563 0.0217959 0.0798694 0.0677717 0.0528807 0.04013 0.0224614 0.0357745 0.0225083 0.00881397 0.00855152 0.00135912 0.000746735 0 0
 0 0 0 0 5.4009e-05 0.00500934 0.000945158 0.0243581 0.138947 0.33067 0.221406 0.137944 0.0707744 0.0437923 0.0131692 0.00525238 0.0047753 0.00276346 9.45158e-05 9.00151e-06 2.25038e-05 9.00151e-06 4.50075e-06 0 0 0
 0.000866109 0.00284123 0.00948549 0.0512746 0.133035 0.25785 0.225252 0.132002 0.0553304 0.0519788 0.0540692 0.017754 0.00435017 0.00159236 0.00146478 0.000404838 0.000125132 0.000115318 0.000107957 0.000100596 0 0 0 0 0 0
 0 0 0 0 0.00144013 0.00171154 0.00461396 0.0210425 0.0478622 0.0707936 0.0888783 0.103762 0.0637923 0.0337046 0.0602308 0.124433 0.169614 0.0934646 0.0462172 0.0250306 0.0313229 0.00938855 0.002487 0.000210481 0 0
 0 0.00764035 0.051015 0.0998891 0.058973 0.0496711 0.0374665 0.0718981 0.12319 0.153886 0.159021 0.0857701 0.0377988 0.023471 0.0147837 0.00900784 0.00315554 0.000888139 0.00291439 0.00214683 0.00393193 0.00274676 0.000635225 9.99891e-05 0 0
 0 0 0 0 0 0 0 0 0 0 0 0 0 0 0 0 0 0 0 0 0 0 0 0 0 0
 0 0 0 0 0 0 0 0 0 0 0 0 0 0 0 0 0 0 0 0 0 0 0 0 0 0
 0 0 0 0 0 0 0 0 0 0 0 0 0 0 0 0 0 0 0 0 0 0 0 0 0 0
 0 0 0 0 0 0 0 0 0 0 0 0 0 0 0 0 0 0 0 0 0 0 0 0 0 0
 0 0 0 0 0 0 0 0 0 0 0 0 0 0 0 0 0 0 0 0 0 0 0 0 0 0
 0 0 0 0 0 0 0 0 0 0 0 0 0 0 0 0 0 0 0 0 0 0 0 0 0 0
 0 0 0 0 0 0 0 0 0 0 0 0 0 0 0 0 0 0 0 0 0 0 0 0 0 0
ppred_pel_tallas
 1.14035e-16 3.82448e-05 0.000371753 0.00247043 0.0112302 0.0349415 0.0744469 0.10866 0.10867 0.0745 0.0351216 0.0117583 0.00382543 0.00342666 0.00612348 0.0108001 0.0172662 0.0252673 0.034433 0.0443765 0.0545433 0.0638548 0.0705857 0.0728484 0.0695133 0.0609267
 1.26411e-16 3.68385e-05 0.000358084 0.00237959 0.0108173 0.0336568 0.0717102 0.104668 0.104693 0.0718319 0.0340655 0.0119996 0.00535405 0.00687477 0.0124861 0.0207878 0.0304575 0.0394792 0.0459295 0.0491903 0.0504132 0.0516951 0.0545537 0.0588677 0.0629795 0.0647139
 1.22113e-16 4.83031e-05 0.000469524 0.00312015 0.0141838 0.0441311 0.0940266 0.137238 0.137256 0.0941147 0.0444273 0.0150414 0.00528069 0.00521179 0.00913205 0.0152282 0.0224334 0.0293032 0.0344345 0.0372966 0.0385649 0.0395852 0.0413794 0.0439742 0.0464715 0.0476471
 1.08215e-16 6.39445e-05 0.000621564 0.00413051 0.0187767 0.0584214 0.124473 0.181675 0.181688 0.124535 0.0586301 0.0193803 0.00564805 0.00394279 0.00639702 0.0105432 0.0153494 0.0196711 0.0224041 0.0230873 0.0221849 0.0207435 0.0196956 0.0193515 0.0193867 0.0191985
 1.05363e-16 5.58981e-05 0.000543349 0.00361075 0.0164139 0.05107 0.108811 0.158818 0.158842 0.108929 0.0514653 0.017556 0.00647823 0.00680583 0.0119578 0.0197029 0.0284331 0.0358793 0.0397732 0.0390879 0.0346511 0.0285699 0.0229418 0.0188552 0.0162589 0.0144904
 1.03817e-16 6.34052e-05 0.000616321 0.00409567 0.0186183 0.0579287 0.123424 0.180144 0.180159 0.123498 0.0581771 0.0193366 0.0059013 0.00456724 0.00759403 0.0125251 0.0182028 0.0232388 0.0262543 0.026604 0.0247265 0.0217778 0.0188617 0.0164803 0.0145313 0.0126751
 1.06419e-16 4.23664e-05 0.000411816 0.00273667 0.0124405 0.0387072 0.0824712 0.120377 0.120413 0.0826477 0.0392998 0.0141525 0.00703618 0.00980469 0.017902 0.0295838 0.042744 0.054033 0.0600614 0.0592719 0.0528465 0.0438474 0.0353127 0.0288046 0.0242593 0.0207934
 1.12811e-16 3.92573e-05 0.000381595 0.00253584 0.0115276 0.0358666 0.0764187 0.111541 0.111567 0.0765473 0.0362994 0.0127807 0.00569384 0.00731698 0.0133327 0.0222988 0.032867 0.0429036 0.0502236 0.0537828 0.054169 0.0529128 0.0512324 0.0492894 0.0464386 0.0420338
 1.16384e-16 4.61822e-05 0.000448907 0.00298315 0.013561 0.0421933 0.089898 0.131213 0.131233 0.0899976 0.0425282 0.0145305 0.00542557 0.00580996 0.0103151 0.0172132 0.0253512 0.0330882 0.0388024 0.0418233 0.042801 0.0431099 0.043768 0.0447533 0.045165 0.0439406
 1.1062e-16 5.85998e-05 0.000569611 0.00378527 0.0172073 0.0535383 0.11407 0.166491 0.166507 0.114146 0.0537963 0.0179533 0.00566177 0.004679 0.00790205 0.0130758 0.0190841 0.0245523 0.0281386 0.0292818 0.0285366 0.0271457 0.0261864 0.0259655 0.0260317 0.0256357
 1.03999e-16 6.74018e-05 0.00065517 0.00435383 0.0197919 0.06158 0.131203 0.191498 0.19151 0.131264 0.0617853 0.020385 0.00584369 0.0039113 0.00626268 0.0102771 0.0148714 0.0188611 0.0210923 0.0210497 0.0191601 0.0164846 0.0140505 0.0123448 0.011268 0.010429
 1.02626e-16 6.22432e-05 0.000605026 0.00402061 0.0182771 0.056867 0.121162 0.176843 0.176863 0.121256 0.0571834 0.019191 0.00631496 0.00561463 0.00957947 0.0157465 0.0226969 0.028584 0.0315684 0.0308038 0.0269333 0.0216403 0.0166268 0.0128182 0.0102531 0.00848898
 1.03324e-16 5.79877e-05 0.000563661 0.00374573 0.0170275 0.0529791 0.112878 0.164754 0.164775 0.112984 0.0533343 0.0180541 0.00632473 0.00620048 0.0107834 0.0177875 0.0257392 0.0326203 0.0364032 0.0361383 0.0324871 0.027213 0.0220651 0.0179437 0.0148369 0.0123029
 1.05141e-16 5.3541e-05 0.000520438 0.00345849 0.0157218 0.0489166 0.104223 0.152121 0.152145 0.104339 0.0493085 0.0168547 0.00630568 0.00674747 0.0119139 0.0197009 0.0285847 0.0363875 0.0409153 0.0411454 0.0377934 0.0327376 0.0277916 0.0238125 0.0206725 0.017829
 1.04923e-16 6.12717e-05 0.000595582 0.00395785 0.0179918 0.0559794 0.119271 0.174082 0.174098 0.11935 0.0562451 0.0187601 0.00588952 0.00482334 0.00812281 0.0134166 0.0195214 0.0249724 0.0283139 0.0288745 0.0271332 0.0243179 0.0215752 0.0193841 0.0175658 0.0156972
 1.01016e-16 7.70292e-05 0.000748751 0.00497571 0.0226189 0.0703757 0.149943 0.218847 0.218852 0.149966 0.0704523 0.0228401 0.0055313 0.00196281 0.00238638 0.00383288 0.00553686 0.00701175 0.00781902 0.00775991 0.00698707 0.00589211 0.00485951 0.00408058 0.00353673 0.00310645
 1.02084e-16 3.55409e-05 0.00034547 0.00229577 0.0104363 0.0324714 0.0691857 0.100989 0.10104 0.0694358 0.0333109 0.0128599 0.00837545 0.0136048 0.02518 0.0414733 0.0595103 0.0743515 0.0809867 0.0771069 0.0645063 0.0479248 0.032297 0.0205224 0.013026 0.00872807
 1.01922e-16 7.43529e-05 0.000722736 0.00480284 0.021833 0.0679306 0.144733 0.211244 0.211248 0.144754 0.0679986 0.0220304 0.00530181 0.00182323 0.00219727 0.00360032 0.00537754 0.00717385 0.00866626 0.00968154 0.0102505 0.0105004 0.0104895 0.0101438 0.00934609 0.00807685
 1.02628e-16 5.23252e-05 0.00050862 0.00337996 0.0153648 0.0478058 0.101857 0.148669 0.148701 0.102011 0.0483258 0.0168659 0.00714579 0.00872237 0.0156312 0.0257056 0.0369027 0.0461556 0.0503838 0.0481876 0.0407045 0.0308778 0.0217356 0.0150027 0.0108378 0.00846524
 1.0535e-16 5.20685e-05 0.000506125 0.00336338 0.0152894 0.0475713 0.101356 0.147937 0.14796 0.101467 0.0479444 0.0163691 0.00607983 0.00645755 0.0114174 0.0189552 0.0276771 0.0355855 0.0406467 0.0418716 0.0398143 0.0360264 0.0319558 0.0282098 0.0246291 0.0208568
 1.04931e-16 6.31612e-05 0.000613949 0.00407991 0.0185467 0.0577057 0.122949 0.17945 0.179464 0.123018 0.0579405 0.0192257 0.00578749 0.00435174 0.00719192 0.0118692 0.0172808 0.0221339 0.0251554 0.0257679 0.024408 0.022162 0.0200235 0.0183723 0.0169905 0.0154483
 1.0348e-16 6.3419e-05 0.000616455 0.00409656 0.0186224 0.0579412 0.123451 0.180183 0.1802 0.123534 0.0582208 0.0194302 0.00612512 0.0050478 0.00848825 0.0139563 0.0201557 0.0254703 0.0282998 0.0279151 0.0248857 0.0206723 0.0167224 0.0137773 0.011795 0.0103301
 1.07641e-16 2.97502e-05 0.000289182 0.00192172 0.00873589 0.0271809 0.0579134 0.0845363 0.0845839 0.0581457 0.027961 0.0109902 0.0075836 0.0126603 0.0235577 0.0389847 0.0563577 0.0712944 0.0793293 0.0783867 0.0699725 0.0580555 0.0465888 0.037631 0.0311652 0.0261448
 1.07281e-16 6.32069e-05 0.000614393 0.00408286 0.0185601 0.0577474 0.123037 0.179578 0.179586 0.123078 0.057884 0.0189569 0.00508713 0.00283391 0.00435846 0.00731502 0.0110229 0.0148941 0.0183529 0.0211118 0.0232556 0.0249959 0.0263224 0.0268891 0.026236 0.0241365
 1.06684e-16 5.45916e-05 0.000530649 0.00352635 0.0160303 0.0498764 0.106268 0.155106 0.155131 0.10639 0.0502858 0.017213 0.00649534 0.00701283 0.0123687 0.0203724 0.0293742 0.0370241 0.0409854 0.0402328 0.0356872 0.0296011 0.0241861 0.0205398 0.0184974 0.0172106
 1.09875e-16 3.93454e-05 0.000382451 0.00254153 0.0115534 0.0359472 0.0765905 0.111793 0.111827 0.0767544 0.036498 0.0131462 0.00654623 0.00914709 0.0167507 0.027802 0.040449 0.0517123 0.0585592 0.0595714 0.0557195 0.0495465 0.0434645 0.0385441 0.0345175 0.0305974
 1.07305e-16 6.26672e-05 0.000609147 0.004048 0.0184016 0.0572543 0.121987 0.178046 0.178057 0.122041 0.0574376 0.0189325 0.00538623 0.00354948 0.00570294 0.00947685 0.0139953 0.0183414 0.02162 0.0234262 0.0240382 0.0241073 0.0241075 0.0240142 0.0234244 0.0219339
 1.05263e-16 5.93987e-05 0.000577376 0.00383687 0.0174419 0.0542682 0.115625 0.168762 0.168783 0.115725 0.0546041 0.0184123 0.00627354 0.00589887 0.0101729 0.0167434 0.0241639 0.0305026 0.0338434 0.0333333 0.0296991 0.0247477 0.0202576 0.0171182 0.0152213 0.0139292
 1.09305e-16 3.24599e-05 0.000315522 0.00209676 0.00953158 0.0296565 0.0631879 0.0922335 0.0922757 0.0633944 0.0303502 0.0115365 0.00713458 0.0113306 0.0210033 0.0348057 0.0504506 0.0641048 0.0718621 0.0719043 0.0655261 0.0561254 0.0470221 0.0398451 0.0344387 0.0298358
 1.1713e-16 3.88011e-05 0.00037716 0.00250636 0.0113936 0.0354498 0.0755302 0.110243 0.110263 0.0756303 0.0357869 0.0123716 0.00497782 0.00582731 0.0105516 0.0178083 0.0266514 0.0356281 0.0432497 0.0488104 0.0526534 0.0555715 0.0578785 0.0590017 0.0579049 0.0538946
 1.06757e-16 6.98166e-05 0.000678643 0.00450982 0.020501 0.0637862 0.135904 0.198357 0.198364 0.135938 0.0639009 0.0208329 0.00534559 0.00251171 0.00357703 0.00587316 0.00862458 0.0112215 0.0131098 0.0140818 0.014403 0.0145994 0.0150645 0.0157966 0.0164353 0.0165151
pSPR Fmed_Fpbrs
0.717476   0.6 0.325
Fs Fmed_Fpbrs
0.168941   0.267744 0.64879
SSBpbr Bo_Bmed_Bpbrs
2.34574e+06  1.56572e+06  1.29016e+06 645078
Ro
222043
SPR SPRFo_SPRFmed_SPRFpbrs
1.58486e+06 1.1371e+06 515080
Fref
0.267744
Nvult_r0
 274043 23819 10521.6 11648 4494.04
CTP_r0
 29557.8 2916.23 1288.18 1426.1 550.219
YTP_r0
391298
Np
 315318 91979.3 37305.8 3154.57 1785.68
Nvult_p0
 223339 66090.3 26805.5 2266.66 1283.07
CTP_p0
 42060 20113.4 1700.79 751.287 1097.85
 42060 13958.1 5661.24 478.713 270.981
YTP_p0
 728751 687924
CBA_c0
716503
log_Ro
12.1306
likeval ReclasPelacesDesembMPH_pf_preclas_ppelaces_ptallas_desvR_qrecl_qpela
 15.7665 17.337 0.0974031 0.000812086 240.762 120.22 98.1023 0 22.9528 8.80743e-06 2.92338e-06 0.495967 6.69436e-16 0 0
q_reclas_q_pelaces
0.656692 0.784074
M
1
N
 234472 54018.4 207916 11455.3 0.360168
 135618 79413.1 18064 69527.8 3830.81
 133518 42989.6 24602.6 5596.32 22726.9
 244478 42519.3 13389.4 7662.65 8821.46
 195495 72622.7 12221.3 3848.5 4738.02
 323612 66938.3 24593 4138.62 2907.74
 136348 103143 20868.9 7667.18 2196.79
 64741.8 36934.3 26653.4 5392.77 2548.97
 59370.7 22715.6 12864.8 9283.81 2766.23
 77306.9 18161.9 6754.27 3825.23 3582.97
 140571 22420.5 5077.94 1888.44 2071.27
 177306 48660.6 7688.79 1741.4 1357.92
 149156 49099.8 12898.6 2038.08 821.544
 105207 42174.7 13331.9 3502.31 776.467
 108982 25377.7 9533.1 3013.53 967.169
 568615 30303.4 6758.8 2538.94 1060.17
 130381 163973 8417.08 1877.32 999.689
 861221 40998.9 50331.3 2583.62 883.097
 503899 269258 12501.1 15346.6 1057.04
 384978 146481 75484.7 3504.6 4598.67
 585217 115015 42382 21840.4 2344.56
 781851 183943 35285.6 13002.5 7419.73
 170261 235620 53756.8 10312.1 5968.32
 501639 55746.1 75773.8 17287.8 5235.69
 421604 166893 18261.7 24822.4 7378.39
 190893 139951 54530.5 5966.79 10521.3
 424235 64617.1 46770.1 18223.5 5510.11
 473416 140948 21134.3 15297.1 7762.53
 142237 159510 46852.2 7025.17 7665.17
 106995 48119.3 53270.9 15647 4906.07
 406584 35026.7 15472.3 17128.7 6608.64
pred_Ctot
 11840.6 3131.49 12053 664.072 0.0208792
 12003.7 8036.23 1827.99 7035.89 387.66
 11473.8 4224.88 2417.87 549.989 2233.53
 30276.7 5996.97 1888.45 1080.75 1244.19
 8608.21 3673.41 618.179 194.665 239.659
 27654.9 6542.25 2403.61 404.49 284.19
 23297.1 19964.6 4039.42 1484.07 425.216
 1900.16 1247.16 900.006 182.098 86.071
 6417.94 2801.44 1586.57 1144.94 341.151
 10544.7 2817.4 1047.77 593.394 555.813
 5271.58 966.513 218.902 81.4076 89.2892
 28358.7 8827.82 1394.87 315.918 246.349
 22288.5 8332.05 2188.84 345.855 139.413
 23693 10691 3379.56 887.815 196.83
 17207.2 4545.91 1707.67 539.815 173.249
 79237 4800.95 1070.79 402.241 167.962
 12122.8 17422.6 894.341 199.471 106.22
 82827.3 4504.34 5529.64 283.849 97.0213
 68123.2 41404.6 1922.33 2359.9 162.545
 46506.6 20159.7 10388.7 482.327 632.9
 54557.9 12252.8 4515.05 2326.7 249.771
 90828 24357.1 4672.41 1721.74 982.498
 11951.2 18946.4 4322.62 829.206 479.917
 30576.6 3896.35 5296.17 1208.33 365.946
 26248 11912.9 1303.52 1771.83 526.67
 9702.89 8165.81 3181.72 348.147 613.888
 26195.7 4574.88 3311.32 1290.22 390.116
 25354 8662.63 1298.9 940.153 477.082
 7278.2 9369.03 2751.92 412.632 450.223
 7519.16 3873.83 4288.56 1259.66 394.962
 29557.8 2916.23 1288.18 1426.1 550.219
F
 0.0826753 0.0954056 0.0954056 0.0954056 0.0954056
 0.148884 0.171809 0.171809 0.171809 0.171809
 0.14428 0.166496 0.166496 0.166496 0.166496
 0.21385 0.246779 0.246779 0.246779 0.246779
 0.0717656 0.082816 0.082816 0.082816 0.082816
 0.143428 0.165513 0.165513 0.165513 0.165513
 0.30607 0.353199 0.353199 0.353199 0.353199
 0.0473548 0.0546464 0.0546464 0.0546464 0.0546464
 0.184472 0.212877 0.212877 0.212877 0.212877
 0.237806 0.274424 0.274424 0.274424 0.274424
 0.0608452 0.0702141 0.0702141 0.0702141 0.0702141
 0.284021 0.327754 0.327754 0.327754 0.327754
 0.26317 0.303693 0.303693 0.303693 0.303693
 0.422061 0.48705 0.48705 0.48705 0.48705
 0.279922 0.323025 0.323025 0.323025 0.323025
 0.243503 0.280997 0.280997 0.280997 0.280997
 0.156912 0.181073 0.181073 0.181073 0.181073
 0.162682 0.187732 0.187732 0.187732 0.187732
 0.23548 0.271739 0.271739 0.271739 0.271739
 0.208124 0.240171 0.240171 0.240171 0.240171
 0.157356 0.181586 0.181586 0.181586 0.181586
 0.199445 0.230156 0.230156 0.230156 0.230156
 0.116525 0.134467 0.134467 0.134467 0.134467
 0.100525 0.116004 0.116004 0.116004 0.116004
 0.10277 0.118595 0.118595 0.118595 0.118595
 0.0832344 0.0960508 0.0960508 0.0960508 0.0960508
 0.101893 0.117582 0.117582 0.117582 0.117582
 0.0878665 0.101396 0.101396 0.101396 0.101396
 0.083812 0.0967173 0.0967173 0.0967173 0.0967173
 0.116669 0.134633 0.134633 0.134633 0.134633
 0.120898 0.139514 0.139514 0.139514 0.139514
YTP_r0W_actual
 245330 41118.9 35553.9 48772.5 20523.2
YTP_p0W_proyectada
 315029 315177 39339.2 22065.3 37140.2
 315029 218723 130945 14059.8 9167.28
CTP_r0_actual
 29557.8 2916.23 1288.18 1426.1 550.219
CTP_p0_proyectada
 42060 20113.4 1700.79 751.287 1097.85
 42060 13958.1 5661.24 478.713 270.981
Wmedp
 7.49 15.67 23.13 29.37 33.83
Frms_r0
 0.120898 0.139514 0.139514 0.139514 0.139514
Zrms_r0
 1.1209 1.13951 1.13951 1.13951 1.13951
nmprior
 8.19 8.8 8.5 0
nm_flota  nm_reclas  nm_pelaces    nm_pelaL
inf 11.7749 17.8656 42.425
cv_recla  cv_pelaces  cv_mph
0.359164 0.472127 0.87944
 ------------------------------------------------
Talla a la edad & desviaci?n 
 8 13.2811 15.8009 17.003 17.5766
 0.8 1.32811 1.58009 1.7003 1.75766
