years
 1991 1992 1993 1994 1995 1996 1997 1998 1999 2000 2001 2002 2003 2004 2005 2006 2007 2008 2009 2010 2011 2012 2013 2014 2015 2016 2017 2018 2019 2020 2021
reclasobs
 0 0 0 0 0 0 0 0 0 252601 567819 844713 477998 351125 339783 2.1784e+06 2.13404e+06 4.81314e+06 1.55562e+06 2.62356e+06 3.21686e+06 3.843e+06 1.13348e+06 3.07943e+06 1.97215e+06 2.03268e+06 2.025e+06 2.42433e+06 2.27542e+06 1.05018e+06 2.36338e+06
reclaspred
 3.3327e+06 1.92185e+06 976882 963969 958768 1.4376e+06 1.00924e+06 915457 675439 509217 510977 624411 629528 528368 541565 1.24761e+06 1.28963e+06 2.59815e+06 2.19592e+06 1.6821e+06 2.99985e+06 2.44342e+06 2.01714e+06 3.03104e+06 2.30095e+06 2.03666e+06 2.36519e+06 2.46559e+06 2.08054e+06 1.37083e+06 1.91703e+06
pelacesobs
 0 0 0 0 0 0 0 0 0 0 0 0 0 0 0 552880 188675 0 991730 2.46772e+06 1.41603e+06 1.21717e+06 2.29649e+06 1.80582e+06 0 1.4828e+06 1.56532e+06 1.57751e+06 1.42118e+06 867257 1.10002e+06
pelacespred
 1.87963e+06 1.22513e+06 637790 511129 510807 790657 546032 566405 421824 307232 309431 321831 352773 322879 332937 628014 644023 1.4623e+06 1.31126e+06 943025 1.56437e+06 1.4331e+06 1.15208e+06 1.86462e+06 1.38566e+06 1.21298e+06 1.59394e+06 1.6428e+06 1.14274e+06 862334 1.20157e+06
mphobs
 0 0 0 0 0 0 0 0 0 0 0 498337 0 5186 125008 0 168611 109162 213762 579715 649985 157893 87575 83554 0 0 0 0 0 0 0
mphpred
 490518 330379 170988 92220.7 102518 112081 147004 104730 90025.5 65451.3 44720.7 58401 63771.4 56975.9 43593.9 53482 145119 146138 255494 204023 221390 272264 259993 220202 297410 246081 203389 213075 289343 205019 131949
desembarqueobs
 494567 514787 250237 358949 120608 361735 552515 73892 212993 205616 52469 317467 293654 387597 252695 516296 358380 742168 942051 627588 828172 859565 418607 520667 417249 300574 415391 372974 316634 284311 391294
desembarquepred
 494572 513068 251121 358965 120611 361745 552555 73894.4 213023 205644 52470.6 317520 293700 387652 252701 516287 358396 742117 941954 627527 828220 859598 418617 520683 417252 300577 415393 372968 316633 284318 391297
Reclutas
 277478 164414 159133 304151 243224 399454 169255 82449.9 74823.7 96478.2 173738 211931 179410 127415 135191 692808 164742 1.02837e+06 609162 461784 722077 960291 213103 633313 528400 240303 534572 595850 179260 135364 515088
log_desv_Rt
 0.0115608 -0.511797 -0.544443 0.103343 -0.120198 0.375916 -0.482775 -1.20199 -1.29905 -1.04486 -0.456635 -0.257922 -0.424506 -0.766733 -0.707494 0.926571 -0.509804 1.32155 0.797902 0.520915 0.96795 1.25305 -0.252407 0.836782 0.655672 -0.13228 0.667284 0.775806 -0.425346 -0.706215 0.630155
SSB
 5.95366e+06 4.00998e+06 2.07537e+06 1.11933e+06 1.24432e+06 1.36039e+06 1.78426e+06 1.27116e+06 1.09268e+06 794415 542798 708842 774025 691545 529121 649138 1.76138e+06 1.77375e+06 3.10106e+06 2.47633e+06 2.68712e+06 3.30461e+06 3.15567e+06 2.6727e+06 3.60982e+06 2.98681e+06 2.46863e+06 2.58619e+06 3.5119e+06 2.48842e+06 1.60153e+06
BT
 7.73324e+06 5.27998e+06 2.73877e+06 2.29542e+06 2.0828e+06 3.38625e+06 2.62345e+06 2.26798e+06 1.85295e+06 1.39609e+06 1.25033e+06 1.52252e+06 1.64172e+06 1.66168e+06 1.55012e+06 2.86603e+06 2.78757e+06 6.34611e+06 6.01683e+06 4.23878e+06 6.7611e+06 6.38755e+06 4.85022e+06 7.73975e+06 5.77636e+06 4.9876e+06 6.62646e+06 6.76628e+06 4.70777e+06 3.63083e+06 5.05258e+06
Ftot
 0.0716922 0.128067 0.123698 0.18289 0.0618531 0.124885 0.261687 0.0396144 0.153761 0.195925 0.051525 0.248234 0.227613 0.355001 0.231287 0.208477 0.135003 0.143299 0.209093 0.182199 0.136377 0.17298 0.100756 0.0860124 0.0888891 0.0722001 0.0877261 0.0759031 0.0734777 0.100549 0.102703
BD_Bspro_t
 0.988595 0.912852 0.814106 0.750669 0.74446 0.793605 0.785689 0.678432 0.721176 0.697032 0.675714 0.798078 0.709281 0.642237 0.56386 0.613828 0.730241 0.721258 0.775153 0.706664 0.685616 0.725839 0.739281 0.739134 0.813027 0.819048 0.824748 0.846382 0.872457 0.833152 0.792687
BD_Bspro
 3.04104 2.04824 1.06007 0.571737 0.635579 0.694866 0.911375 0.649287 0.558127 0.405776 0.277253 0.362066 0.395361 0.353231 0.270267 0.33157 0.899687 0.906003 1.58397 1.26487 1.37254 1.68794 1.61187 1.36518 1.84384 1.52562 1.26094 1.32099 1.79383 1.27105 0.818037
BD_Bo
 2.06058 1.38787 0.718292 0.387403 0.430662 0.470835 0.617539 0.439951 0.378181 0.27495 0.187864 0.245332 0.267893 0.239346 0.183131 0.224669 0.609619 0.613899 1.07329 0.857066 0.930019 1.14373 1.09219 0.92503 1.24937 1.03375 0.8544 0.89509 1.21548 0.861249 0.554294
BD_Brms
 3.74651 2.52339 1.30599 0.704369 0.783022 0.856063 1.1228 0.79991 0.687603 0.499908 0.341571 0.446059 0.487077 0.435174 0.332965 0.408488 1.1084 1.11618 1.95143 1.5583 1.69094 2.07952 1.98579 1.68187 2.27158 1.87954 1.55345 1.62744 2.20996 1.56591 1.00781
Sel_flota
 0.918219 1 1 1 1
 0.918219 1 1 1 1
 0.918219 1 1 1 1
 0.918219 1 1 1 1
 0.918219 1 1 1 1
 0.918219 1 1 1 1
 0.918219 1 1 1 1
 0.918219 1 1 1 1
 0.918219 1 1 1 1
 0.918219 1 1 1 1
 0.918219 1 1 1 1
 0.918219 1 1 1 1
 0.918219 1 1 1 1
 0.918219 1 1 1 1
 0.918219 1 1 1 1
 0.918219 1 1 1 1
 0.918219 1 1 1 1
 0.918219 1 1 1 1
 0.918219 1 1 1 1
 0.918219 1 1 1 1
 0.918219 1 1 1 1
 0.918219 1 1 1 1
 0.918219 1 1 1 1
 0.918219 1 1 1 1
 0.918219 1 1 1 1
 0.918219 1 1 1 1
 0.918219 1 1 1 1
 0.918219 1 1 1 1
 0.918219 1 1 1 1
 0.918219 1 1 1 1
 0.918219 1 1 1 1
Sel_reclas
 1 1 1 1 1
 1 1 1 1 1
 1 1 1 1 1
 1 1 1 1 1
 1 1 1 1 1
 1 1 1 1 1
 1 1 1 1 1
 1 1 1 1 1
 1 1 1 1 1
 1 1 1 1 1
 1 1 1 1 1
 1 1 1 1 1
 1 1 1 1 1
 1 1 1 1 1
 1 1 1 1 1
 1 1 1 1 1
 1 1 1 1 1
 1 1 1 1 1
 1 1 1 1 1
 1 1 1 1 1
 1 1 1 1 1
 1 1 1 1 1
 1 1 1 1 1
 1 1 1 1 1
 1 1 1 1 1
 1 1 1 1 1
 1 1 1 1 1
 1 1 1 1 1
 1 1 1 1 1
 1 1 1 1 1
 1 1 1 1 1
Sel_pelaces
 1 1 1 1 1
 1 1 1 1 1
 1 1 1 1 1
 1 1 1 1 1
 1 1 1 1 1
 1 1 1 1 1
 1 1 1 1 1
 1 1 1 1 1
 1 1 1 1 1
 1 1 1 1 1
 1 1 1 1 1
 1 1 1 1 1
 1 1 1 1 1
 1 1 1 1 1
 1 1 1 1 1
 1 1 1 1 1
 1 1 1 1 1
 1 1 1 1 1
 1 1 1 1 1
 1 1 1 1 1
 1 1 1 1 1
 1 1 1 1 1
 1 1 1 1 1
 1 1 1 1 1
 1 1 1 1 1
 1 1 1 1 1
 1 1 1 1 1
 1 1 1 1 1
 1 1 1 1 1
 1 1 1 1 1
 1 1 1 1 1
pf_obs 
 0.8446 0.082 0.0669 0.0065 0
 0.8095 0.147 0.0364 0.0071 0
 0.9664 0.0169 0.016 0.0007 0
 0.9276 0.0648 0.0075 0.0001 0
 0.7033 0.2144 0.0806 0.0017 0
 0.9318 0.0425 0.0243 0.0014 0
 0.5671 0.3108 0.0964 0.0239 0.0018
 0.0768 0.2599 0.5324 0.112 0.0189
 0.490249 0.384438 0.106611 0.0170017 0.00170017
 0.7925 0.1577 0.0466 0.003 0.0002
 0.840416 0.127587 0.0312969 0.00059994 9.999e-05
 0.8084 0.0986 0.0794 0.0134 0.0002
 0.7335 0.1905 0.0724 0.0035 0.0001
 0.4001 0.4547 0.1325 0.0127 0
 0.49795 0.308269 0.164784 0.0264974 0.00249975
 0.9179 0.0499 0.0305 0.0017 0
 0.2467 0.6533 0.0926 0.0074 0
 0.9418 0.0223 0.034 0.0019 0
 0.707729 0.231977 0.0356964 0.0245975 0
 0.517169 0.277429 0.184464 0.0207286 0.00020938
 0.811772 0.124168 0.05621 0.00726502 0.000585176
 0.764997 0.148141 0.077277 0.00933861 0.000247198
 0.163321 0.427699 0.378323 0.0303852 0.000271297
 0.753843 0.0900009 0.118128 0.0371064 0.000921714
 0.721811 0.176058 0.0630433 0.0369309 0.00215725
 0.143369 0.312575 0.442814 0.0836902 0.0175525
 0.692698 0.0596174 0.167031 0.0765114 0.00414204
 0.394062 0.376323 0.152708 0.0712218 0.00568511
 0.125707 0.32114 0.495352 0.0537591 0.00404204
 0.23352 0.215282 0.420074 0.123614 0.00750983
 0.796117 0.104755 0.0508955 0.0450114 0.00322123
pf_pred 
 0.414585 0.107375 0.454173 0.0238666 7.23071e-07
 0.409013 0.257835 0.0611058 0.258464 0.0135826
 0.540616 0.198135 0.113978 0.0270122 0.12026
 0.751748 0.139813 0.0467701 0.0269046 0.0347639
 0.645287 0.272743 0.0461643 0.0154428 0.0203621
 0.74348 0.170644 0.0660312 0.0111764 0.00866837
 0.476374 0.398225 0.0834205 0.0322798 0.00970125
 0.436779 0.28212 0.213781 0.044783 0.0225369
 0.519731 0.220126 0.130307 0.098742 0.031094
 0.669418 0.17945 0.0692695 0.041005 0.0408569
 0.788114 0.146216 0.035648 0.0137605 0.016262
 0.720847 0.223993 0.038064 0.00928015 0.00781566
 0.664283 0.248444 0.0700278 0.0119001 0.00534473
 0.602318 0.272589 0.0925736 0.0260933 0.00642565
 0.698506 0.188949 0.0771439 0.0261987 0.00920299
 0.91963 0.0577426 0.0141806 0.00578962 0.00265688
 0.400784 0.555121 0.0316805 0.00778016 0.00463418
 0.882307 0.0497879 0.0629083 0.00359014 0.00140684
 0.602215 0.354647 0.0182486 0.0230576 0.00183153
 0.590369 0.255964 0.137003 0.00704958 0.00961487
 0.739635 0.159588 0.0629719 0.0337053 0.00409977
 0.741211 0.195889 0.0385541 0.0152131 0.00913315
 0.330792 0.507783 0.12219 0.024049 0.0151865
 0.741246 0.0908356 0.127414 0.0306602 0.00984504
 0.631465 0.279361 0.0313046 0.0439104 0.0139593
 0.446003 0.361239 0.146116 0.0163735 0.0302681
 0.735804 0.123652 0.0916429 0.0370683 0.0118325
 0.694748 0.229806 0.0353112 0.0261704 0.0139646
 0.36536 0.452678 0.136989 0.0210492 0.0239247
 0.438623 0.216802 0.245779 0.0743773 0.0244184
 0.828114 0.0792279 0.0357842 0.040567 0.0163067
pobs_RECLAS
 0 0 0 0 0
 0 0 0 0 0
 0 0 0 0 0
 0 0 0 0 0
 0 0 0 0 0
 0 0 0 0 0
 0 0 0 0 0
 0 0 0 0 0
 0 0 0 0 0
 0 0 0 0 0
 0.991045 0.00858322 0.000360255 1.14367e-05 0
 0.934742 0.0480273 0.0164251 0.00080598 0
 0.827803 0.169806 0.00239088 0 0
 0.941827 0.0461693 0.0120037 0 0
 0.791401 0.0380133 0.147996 0.0225897 0
 0.846168 0.0940531 0.0597789 0 0
 0.134021 0.677848 0.182769 0.00536245 0
 0.80878 0.0450904 0.141981 0.00414843 0
 0.846168 0.0940531 0.0597789 0 0
 0.905697 0.0802665 0.012482 0.00150086 5.37128e-05
 0.989698 0.0102097 9.19794e-05 0 0
 0.975433 0.0193895 0.00387452 0.00125025 5.28907e-05
 0.303575 0.632131 0.0575291 0.00676475 0
 0.966965 0.00978017 0.0227588 0.000495775 0
 0.843318 0.132988 0.00938335 0.0141283 0.000182051
 0.564624 0.303363 0.111486 0.0197234 0.00080311
 0.826376 0.0876187 0.0782897 0.00655872 0.00115652
 0.89761 0.0855135 0.0140674 0.00269457 0.000114338
 0.34875 0.467042 0.161289 0.0227151 0.000203297
 0.318654 0.224769 0.449479 0.00709798 0
 0.937255 0.0296025 0.0250945 0.00804832 0
ppred_RECLAS
 0.435557 0.103528 0.437902 0.0230116 6.97167e-07
 0.430021 0.24867 0.0589337 0.249276 0.0130998
 0.561946 0.188935 0.108685 0.025758 0.114676
 0.767582 0.130896 0.043787 0.0251886 0.0325466
 0.664663 0.257845 0.0436426 0.0145993 0.0192498
 0.759582 0.159933 0.0618864 0.0104748 0.00812425
 0.49823 0.381603 0.0799385 0.0309325 0.00929632
 0.457937 0.271522 0.20575 0.0431007 0.0216903
 0.541271 0.210254 0.124462 0.0943134 0.0296994
 0.688352 0.169173 0.0653022 0.0386566 0.0385169
 0.802069 0.136586 0.0333002 0.0128542 0.0151909
 0.738083 0.210163 0.0357138 0.00870715 0.00733308
 0.683436 0.234271 0.0660328 0.0112212 0.00503982
 0.623306 0.258204 0.087688 0.0247162 0.00608654
 0.716546 0.177643 0.0725279 0.0246311 0.00865233
 0.925829 0.0532889 0.0130868 0.00534307 0.00245196
 0.421684 0.535759 0.0305755 0.00750879 0.00447254
 0.890987 0.0461158 0.0582685 0.00332535 0.00130308
 0.622858 0.336243 0.0173016 0.0218611 0.00173648
 0.61117 0.242966 0.130046 0.00669159 0.00912661
 0.755917 0.149608 0.0590341 0.0315976 0.0038434
 0.757484 0.183571 0.0361297 0.0142564 0.00855883
 0.350111 0.493123 0.118663 0.0233547 0.0147481
 0.757385 0.08517 0.119467 0.0287478 0.00923098
 0.651235 0.264375 0.0296253 0.0415549 0.0132104
 0.467297 0.347354 0.1405 0.0157441 0.0291046
 0.752172 0.115992 0.0859654 0.0347718 0.0110995
 0.712647 0.216331 0.0332407 0.0246358 0.0131457
 0.385485 0.438322 0.132645 0.0203817 0.023166
 0.459912 0.20858 0.236458 0.0715567 0.0234924
 0.840022 0.0737391 0.0333051 0.0377565 0.015177
pobs_PELACES
 0 0 0 0 0
 0 0 0 0 0
 0 0 0 0 0
 0 0 0 0 0
 0 0 0 0 0
 0 0 0 0 0
 0 0 0 0 0
 0 0 0 0 0
 0 0 0 0 0
 0 0 0 0 0
 0 0 0 0 0
 0 0 0 0 0
 0 0 0 0 0
 0 0 0 0 0
 0 0 0 0 0
 0 0 0 0 0
 0.505614 0.472636 0.0217494 0 0
 0 0 0 0 0
 0.443492 0.261883 0.143347 0.151278 0
 0.227955 0.32914 0.350689 0.0885471 0.00366901
 0.970185 0.0296113 0.000203453 0 0
 0.997202 0.00247181 0.000326279 0 0
 0.445219 0.490057 0.0546422 0.010081 0
 0.90214 0.0892962 0.00764917 0.000914606 0
 0 0 0 0 0
 0.581667 0.319106 0.0959925 0.00289975 0.000334073
 0.762889 0.0836404 0.116647 0.0363945 0.000428098
 0.88444 0.0763242 0.0277011 0.0115352 0
 0.521256 0.241999 0.230069 0.00667565 0
 0.616807 0.101726 0.260614 0.0208532 0
 0.833518 0.0704572 0.0857862 0.0102388 0
ppred_PELACES
 0.436033 0.103441 0.437533 0.0229922 6.96579e-07
 0.430868 0.2483 0.0588461 0.248906 0.0130803
 0.562768 0.18858 0.108481 0.0257097 0.114461
 0.768462 0.1304 0.0436213 0.0250933 0.0324234
 0.665035 0.257559 0.0435942 0.0145831 0.0192284
 0.760197 0.159523 0.0617281 0.0104481 0.00810347
 0.499995 0.38026 0.0796573 0.0308236 0.00926361
 0.458203 0.271389 0.205649 0.0430796 0.0216797
 0.542301 0.209781 0.124183 0.0941016 0.0296327
 0.689485 0.168557 0.0650648 0.038516 0.0383768
 0.802289 0.136434 0.0332631 0.0128399 0.015174
 0.739376 0.209125 0.0355375 0.00866416 0.00729688
 0.684763 0.233288 0.0657559 0.0111742 0.00501868
 0.625552 0.256664 0.087165 0.0245688 0.00605024
 0.717812 0.17685 0.072204 0.0245211 0.00861368
 0.926215 0.053012 0.0130188 0.00531531 0.00243922
 0.422573 0.534936 0.0305285 0.00749725 0.00446567
 0.891362 0.0459571 0.058068 0.00331391 0.00129859
 0.624182 0.335062 0.0172408 0.0217843 0.00173038
 0.612338 0.242236 0.129655 0.00667149 0.0090992
 0.756595 0.149193 0.05887 0.0315098 0.00383271
 0.758341 0.182923 0.0360021 0.0142061 0.00852861
 0.35073 0.492653 0.11855 0.0233325 0.014734
 0.757811 0.0850203 0.119257 0.0286973 0.00921476
 0.651779 0.263962 0.029579 0.04149 0.0131898
 0.467782 0.347038 0.140372 0.0157298 0.0290781
 0.752613 0.115785 0.0858125 0.03471 0.0110797
 0.713066 0.216015 0.0331922 0.0245999 0.0131265
 0.385955 0.437987 0.132543 0.0203662 0.0231483
 0.460586 0.20832 0.236163 0.0714674 0.023463
 0.840394 0.0735675 0.0332276 0.0376687 0.0151417
pobs_pel_tallas
 0 0 0 0 0 0 0 0 0 0 0 0 0 0 0 0 0 0 0 0 0 0 0 0 0 0
 0 0 0 0 0 0 0 0 0 0 0 0 0 0 0 0 0 0 0 0 0 0 0 0 0 0
 0 0 0 0 0 0 0 0 0 0 0 0 0 0 0 0 0 0 0 0 0 0 0 0 0 0
 0 0 0 0 0 0 0 0 0 0 0 0 0 0 0 0 0 0 0 0 0 0 0 0 0 0
 0 0 0 0 0 0 0 0 0 0 0 0 0 0 0 0 0 0 0 0 0 0 0 0 0 0
 0 0 0 0 0 0 0 0 0 0 0 0 0 0 0 0 0 0 0 0 0 0 0 0 0 0
 0 0 0 0 0 0 0 0 0 0 0 0 0 0 0 0 0 0 0 0 0 0 0 0 0 0
 0 0 0 0 0 0 0 0 0 0 0 0 0 0 0 0 0 0 0 0 0 0 0 0 0 0
 0 0 0 0 0 0 0 0 0 0 0 0 0 0 0 0 0 0 0 0 0 0 0 0 0 0
 0 0 0 0 0 0 0 0 0 0 0 0 0 0 0 0 0 0 0 0 0 0 0 0 0 0
 0 0 0 0 0 0 0 0 0 0 0 0 0 0 0 0 0 0 0 0 0 0 0 0 0 0
 0 0 0 0 0 0 0 0 0 0 0 0 0 0 0 0 0 0 0 0 0 0 0 0 0 0
 0.00862536 0 0 0.000197151 0.00414017 0.0128641 0.00837892 0.0270097 0.101434 0.158115 0.152841 0.127902 0.109271 0.109419 0.0830992 0.0579132 0.0238553 0.00714673 0.00463305 0.00128148 0.00103504 0.000492878 0.000147863 0.000147863 4.92878e-05 0
 0 0 0 0 0 0 0 0 0 0 0 0 0 0 0 0 0 0 0 0 0 0 0 0 0 0
 0 0 0 0 0 0 0 0.0054083 0.00873648 0.0413646 0.0450493 0.0745869 0.0622846 0.0627006 0.0613931 0.0827291 0.12552 0.122667 0.0946155 0.0697135 0.0546179 0.0294188 0.0215738 0.0213955 0.0102223 0.00600262
 0 0 0 0 0.00359764 0.0251062 0.0480494 0.140153 0.205849 0.193036 0.1447 0.116669 0.0760912 0.0342217 0.00950174 0.001854 0.000860785 0 0 0 0.000165536 0 0.000143464 0 0 0
 0 0 0 0 0 0 0 0.000145254 0.000435761 0.0275982 0.070085 0.0708112 0.156366 0.174668 0.174014 0.160142 0.0824315 0.0480064 0.0283245 0.00493863 0.00203355 0 0 0 0 0
 0 0 0 0 0 0 0 0 0 0 0 0 0 0 0 0 0 0 0 0 0 0 0 0 0 0
 0 0 1.00437e-05 0.000401748 0.00122533 0.00171747 0.00176769 0.0269171 0.070346 0.194647 0.189555 0.159765 0.064822 0.0314167 0.0384472 0.0292271 0.0345202 0.0313363 0.0194345 0.0106764 0.0143323 0.0359363 0.0279516 0.0138201 0.00172751 0
 0 0.0021121 0.0136068 0.0755702 0.200478 0.177729 0.0527432 0.0373336 0.0318909 0.0142505 0.0149659 0.0166563 0.0217959 0.0798694 0.0677717 0.0528807 0.04013 0.0224614 0.0357745 0.0225083 0.00881397 0.00855152 0.00135912 0.000746735 0 0
 0 0 0 0 5.4009e-05 0.00500934 0.000945158 0.0243581 0.138947 0.33067 0.221406 0.137944 0.0707744 0.0437923 0.0131692 0.00525238 0.0047753 0.00276346 9.45158e-05 9.00151e-06 2.25038e-05 9.00151e-06 4.50075e-06 0 0 0
 0.000866109 0.00284123 0.00948549 0.0512746 0.133035 0.25785 0.225252 0.132002 0.0553304 0.0519788 0.0540692 0.017754 0.00435017 0.00159236 0.00146478 0.000404838 0.000125132 0.000115318 0.000107957 0.000100596 0 0 0 0 0 0
 0 0 0 0 0.00144013 0.00171154 0.00461396 0.0210425 0.0478622 0.0707936 0.0888783 0.103762 0.0637923 0.0337046 0.0602308 0.124433 0.169614 0.0934646 0.0462172 0.0250306 0.0313229 0.00938855 0.002487 0.000210481 0 0
 0 0.00764035 0.051015 0.0998891 0.058973 0.0496711 0.0374665 0.0718981 0.12319 0.153886 0.159021 0.0857701 0.0377988 0.023471 0.0147837 0.00900784 0.00315554 0.000888139 0.00291439 0.00214683 0.00393193 0.00274676 0.000635225 9.99891e-05 0 0
 0 0 0 0 0 0 0 0 0 0 0 0 0 0 0 0 0 0 0 0 0 0 0 0 0 0
 0 0 0 0 0 0 0 0 0 0 0 0 0 0 0 0 0 0 0 0 0 0 0 0 0 0
 0 0 0 0 0 0 0 0 0 0 0 0 0 0 0 0 0 0 0 0 0 0 0 0 0 0
 0 0 0 0 0 0 0 0 0 0 0 0 0 0 0 0 0 0 0 0 0 0 0 0 0 0
 0 0 0 0 0 0 0 0 0 0 0 0 0 0 0 0 0 0 0 0 0 0 0 0 0 0
 0 0 0 0 0 0 0 0 0 0 0 0 0 0 0 0 0 0 0 0 0 0 0 0 0 0
 0 0 0 0 0 0 0 0 0 0 0 0 0 0 0 0 0 0 0 0 0 0 0 0 0 0
ppred_pel_tallas
 1.14959e-16 3.59155e-05 0.000349111 0.00231997 0.0105462 0.0328133 0.0699127 0.102042 0.102052 0.0699649 0.0329907 0.0110668 0.00365832 0.00337515 0.00608813 0.010802 0.0174008 0.0257093 0.0354254 0.0461764 0.0573294 0.0676323 0.0751362 0.0777604 0.0742892 0.0651231
 1.28937e-16 3.54901e-05 0.000344976 0.00229249 0.0104213 0.0324248 0.0690853 0.100837 0.100861 0.0692029 0.0328201 0.011565 0.00517063 0.0066538 0.0120975 0.0201687 0.0296193 0.0385487 0.0451619 0.0489312 0.0510181 0.0534413 0.0575712 0.0630996 0.0681738 0.0704537
 1.25128e-16 4.63545e-05 0.000450582 0.00299428 0.0136116 0.0423507 0.0902334 0.131702 0.13172 0.090323 0.0426522 0.0144845 0.0051934 0.00527851 0.00929727 0.0155172 0.0228825 0.0299441 0.0353026 0.038454 0.0401228 0.0417027 0.0442259 0.0476645 0.0509992 0.0528464
 1.09296e-16 6.32972e-05 0.000615271 0.00408869 0.0185866 0.0578299 0.123213 0.179836 0.179849 0.123275 0.0580373 0.0191861 0.00559631 0.0039158 0.00635999 0.010491 0.015294 0.0196456 0.0224653 0.0233115 0.0226546 0.0215308 0.0208444 0.020863 0.0212113 0.0212362
 1.06041e-16 5.47781e-05 0.000532463 0.0035384 0.0160851 0.0500468 0.106631 0.155636 0.155661 0.106752 0.0504544 0.0172627 0.0064953 0.00699048 0.0123291 0.0203216 0.0293322 0.0370279 0.0410762 0.0404258 0.0359373 0.0297863 0.0241314 0.0200806 0.017558 0.0158526
 1.04242e-16 6.26164e-05 0.000608654 0.00404472 0.0183867 0.057208 0.121888 0.177903 0.177918 0.121964 0.0574616 0.01912 0.00588842 0.00464374 0.0077562 0.0128026 0.0186221 0.0238072 0.0269586 0.0274222 0.0256421 0.0227843 0.0199529 0.0176354 0.0157069 0.0138121
 1.07055e-16 4.1184e-05 0.000400323 0.00266029 0.0120933 0.037627 0.0801697 0.117018 0.117054 0.080349 0.0382293 0.0138336 0.00703113 0.00994995 0.0182016 0.0300894 0.0434925 0.055018 0.0612319 0.0605597 0.0542036 0.0452642 0.0368046 0.0303789 0.0258882 0.0224104
 1.13994e-16 3.77416e-05 0.000366862 0.00243793 0.0110825 0.0344819 0.0734682 0.107235 0.107261 0.0735975 0.0349167 0.0123421 0.00561315 0.00734282 0.013417 0.0224641 0.0331607 0.0433909 0.0509866 0.0549138 0.0557527 0.0549969 0.0537958 0.0522263 0.0495696 0.0451426
 1.1809e-16 4.46687e-05 0.000434196 0.00288538 0.0131165 0.0408105 0.0869519 0.126913 0.126934 0.0870517 0.0411461 0.0140882 0.00533377 0.0058105 0.0103493 0.0172905 0.0255075 0.0333837 0.0393257 0.0426896 0.0441375 0.0450265 0.046319 0.0479028 0.0487722 0.0477753
 1.12278e-16 5.6792e-05 0.000552038 0.00366849 0.0166764 0.0518867 0.110551 0.161355 0.161372 0.11063 0.0521549 0.0174525 0.00562072 0.00482835 0.00822211 0.013621 0.0199023 0.0256539 0.0294988 0.0308717 0.0303615 0.0292576 0.0286566 0.0288308 0.0292493 0.0290695
 1.04851e-16 6.60835e-05 0.000642355 0.00426868 0.0194048 0.0603756 0.128637 0.187752 0.187766 0.128701 0.0605919 0.02003 0.00583937 0.00407597 0.00660149 0.0108476 0.0157132 0.0199633 0.0223929 0.0224678 0.0206408 0.0180228 0.0156768 0.0140867 0.0131148 0.0123205
 1.03183e-16 6.09015e-05 0.000591984 0.00393394 0.0178832 0.0556412 0.11855 0.173032 0.173052 0.118649 0.0559722 0.0188391 0.0063341 0.0058334 0.0100208 0.0164848 0.0237764 0.0299753 0.033167 0.0324723 0.0285637 0.0231913 0.0181156 0.0142784 0.0116953 0.00988624
 1.03928e-16 5.64031e-05 0.000548258 0.00364337 0.0165622 0.0515314 0.109794 0.160252 0.160275 0.109904 0.0519014 0.0176316 0.00633012 0.00642184 0.011236 0.0185503 0.0268667 0.0340982 0.0381455 0.0380261 0.0344233 0.0291526 0.0240017 0.0198699 0.0167148 0.0140634
 1.06069e-16 5.1526e-05 0.000500851 0.00332833 0.0151301 0.0470756 0.1003 0.146397 0.146421 0.100422 0.0474832 0.0163086 0.00629075 0.00698168 0.0124006 0.0205264 0.029816 0.0380253 0.0428909 0.0433599 0.0401708 0.0352484 0.03043 0.0265494 0.0234247 0.0204668
 1.06046e-16 5.91252e-05 0.000574718 0.00381921 0.0173616 0.0540184 0.115092 0.167984 0.168002 0.115176 0.0542997 0.0181753 0.00586568 0.00505553 0.00860844 0.0142419 0.020756 0.0266221 0.0303186 0.0311471 0.0296114 0.0269854 0.0244352 0.0224088 0.0206631 0.0187181
 1.01336e-16 7.62911e-05 0.000741577 0.00492804 0.0224021 0.0697014 0.148506 0.216751 0.216756 0.148531 0.0697855 0.022645 0.00553821 0.00207533 0.00261447 0.0042152 0.00609744 0.0077378 0.00865993 0.00864902 0.00787267 0.0067557 0.00570985 0.00493144 0.00438657 0.0039324
 1.02526e-16 3.48069e-05 0.000338335 0.00224836 0.0102208 0.0318008 0.0677569 0.098904 0.0989555 0.0680085 0.0326452 0.0126586 0.00836424 0.0136775 0.0253335 0.0417349 0.0599032 0.0748799 0.081635 0.0778524 0.0653345 0.0488353 0.0332938 0.0215971 0.0141464 0.00984039
 1.0224e-16 7.34203e-05 0.000713672 0.0047426 0.0215592 0.0670786 0.142918 0.208594 0.208599 0.14294 0.067153 0.021775 0.00528807 0.00191718 0.00239632 0.00394223 0.00589664 0.00788192 0.00954957 0.0107122 0.0114009 0.0117471 0.0118024 0.011473 0.0106215 0.00922372
 1.03061e-16 5.14131e-05 0.000499754 0.00332104 0.015097 0.0469725 0.100081 0.146078 0.14611 0.100239 0.0475015 0.0166242 0.00715265 0.00885763 0.0159056 0.0261651 0.0375754 0.0470253 0.0513895 0.0492507 0.0417679 0.0319272 0.0227913 0.0160884 0.0119528 0.00957479
 1.06013e-16 5.04375e-05 0.000490271 0.00325802 0.0148105 0.0460811 0.0981816 0.143304 0.143327 0.0982965 0.0464673 0.0159277 0.00606944 0.00665106 0.0118194 0.0196382 0.0286984 0.0369479 0.0422949 0.043722 0.041796 0.0381004 0.0340984 0.0303805 0.026753 0.0228357
 1.05546e-16 6.23198e-05 0.00060577 0.00402556 0.0182996 0.0569369 0.121311 0.17706 0.177074 0.121381 0.0571743 0.0189861 0.00575208 0.00438625 0.00727616 0.0120206 0.0175244 0.0224954 0.0256604 0.0264451 0.0252885 0.02327 0.0213594 0.0198973 0.0186247 0.0170837
 1.03954e-16 6.24635e-05 0.000607168 0.00403484 0.0183418 0.0570683 0.121591 0.177469 0.177487 0.121677 0.057358 0.0191788 0.00613676 0.00519913 0.00879382 0.014467 0.0209013 0.0264299 0.0294005 0.0290634 0.0260114 0.0217552 0.0177849 0.0148527 0.0128954 0.0114338
 1.08381e-16 2.88893e-05 0.000280814 0.00186611 0.0084831 0.0263943 0.0562377 0.0820905 0.0821381 0.0564701 0.0271751 0.0107391 0.00753291 0.0126644 0.0235857 0.0390462 0.0564791 0.0715167 0.0797079 0.0789852 0.0708493 0.0592442 0.0480792 0.0393613 0.0330295 0.0280145
 1.07901e-16 6.24199e-05 0.000606744 0.00403203 0.018329 0.0570284 0.121505 0.177342 0.177351 0.121546 0.0571665 0.0187303 0.00504783 0.00285287 0.00441242 0.00741666 0.011196 0.0151689 0.0187658 0.0217043 0.0240683 0.0260554 0.0276247 0.0283887 0.0278475 0.0257506
 1.07315e-16 5.36863e-05 0.00052185 0.00346787 0.0157645 0.0490493 0.104506 0.152534 0.15256 0.10463 0.0494667 0.0169703 0.00649502 0.00713143 0.0126111 0.0207785 0.0299691 0.0377947 0.0418811 0.0411913 0.03667 0.0306126 0.0252636 0.0217205 0.0197873 0.0185701
 1.10638e-16 3.85307e-05 0.000374532 0.0024889 0.0113142 0.0352028 0.0750046 0.109478 0.109512 0.0751688 0.0357547 0.0129101 0.00650194 0.0091589 0.0167918 0.0278832 0.0405945 0.0519558 0.0589443 0.0601485 0.0565374 0.0506376 0.0448285 0.0401379 0.0362575 0.0323748
 1.07862e-16 6.19917e-05 0.000602582 0.00400437 0.0182033 0.0566372 0.120672 0.176127 0.176138 0.120727 0.0568228 0.018741 0.00535998 0.00358178 0.00577893 0.00961115 0.0142071 0.0186475 0.0220352 0.0239673 0.0247274 0.0249668 0.0251468 0.0252158 0.0247373 0.0232797
 1.05702e-16 5.87344e-05 0.000570919 0.00379396 0.0172468 0.0536613 0.114332 0.166875 0.166896 0.114434 0.0540032 0.0182344 0.0062737 0.00598683 0.0103527 0.0170451 0.0246066 0.0310775 0.0345135 0.0340522 0.0304359 0.0255017 0.0210507 0.0179731 0.0161401 0.0148846
 1.09897e-16 3.17907e-05 0.000309017 0.00205353 0.00933507 0.0290451 0.0618852 0.0903321 0.0903745 0.0620921 0.0297401 0.011344 0.0071017 0.0113478 0.0210512 0.0348952 0.0506017 0.0643419 0.0722142 0.0724046 0.0662078 0.0570122 0.0481145 0.0411116 0.0358155 0.0312377
 1.18007e-16 3.79379e-05 0.00036877 0.00245061 0.0111401 0.0346612 0.07385 0.107791 0.107811 0.07395 0.0349978 0.012117 0.00491977 0.00581557 0.0105494 0.0178192 0.0266988 0.0357563 0.0435245 0.0493124 0.0534611 0.0567383 0.0594112 0.0608484 0.0599583 0.0560118
 1.07318e-16 6.92222e-05 0.000672864 0.00447142 0.0203264 0.0632431 0.134746 0.196668 0.196675 0.134781 0.0633605 0.0206662 0.00532705 0.00254986 0.00366163 0.00601879 0.00884635 0.0115271 0.0135004 0.0145605 0.014983 0.015305 0.0159198 0.0168083 0.0175789 0.017733
pSPR Fmed_Fpbrs
0.773321   0.6 0.325
Fs Fmed_Fpbrs
0.125765   0.260127 0.627041
SSBpbr Bo_Bmed_Bpbrs
2.88931e+06  2.0899e+06  1.58912e+06 794561
Ro
274289
SPR SPRFo_SPRFmed_SPRFpbrs
1.95777e+06 1.51399e+06 636275
Fref
0.260127
Nvult_r0
 342650 30332.3 13700 15531 6243
CTP_r0
 29528.6 2825.08 1275.98 1446.52 581.457
YTP_r0
391297
Np
 397250 115090 48906.3 4275.12 2478.55
Nvult_p0
 282160 82448.3 35035.6 3062.62 1775.58
CTP_p0
 54401 25500.4 2229.1 1006.8 1520.26
 54401 17019.7 7232.36 632.213 366.532
YTP_p0
 939614 872415
CBA_c0
919454
log_Ro
12.3419
likeval ReclasPelacesDesembMPH_pf_preclas_ppelaces_ptallas_desvR_qrecl_qpela
 16.8243 17.4335 0.118911 0.000813013 241.138 121.405 98.0731 0 22.6957 2.38104e-05 1.36364e-05 0.603621 6.54291e-16 0 0
q_reclas_q_pelaces
0.500845 0.591338
M
1
N
 277478 66148 279791 14702.9 0.445445
 164414 95575.2 22651 95808.4 5034.84
 159133 53774.1 30933.7 7331.17 32638.8
 304151 52256.1 17480.6 10055.8 12993.2
 243224 94593.7 16010.9 5355.92 7062.03
 399454 84537 32711.9 5536.78 4294.31
 169255 131030 27448.3 10621.2 3192.05
 82449.9 48965.7 37104.5 7772.7 3911.58
 74823.7 29248.1 17313.8 13119.8 4131.46
 96478.2 23901.7 9226.27 5461.62 5441.89
 173738 29648.6 7228.44 2790.25 3297.48
 211931 60961.1 10359.4 2525.65 2127.08
 179410 62074 17496.5 2973.25 1335.39
 127415 53553.3 18187.1 5126.32 1262.39
 135191 33834.5 13813.9 4691.31 1647.95
 692808 40218 9876.84 4032.51 1850.54
 164742 210466 12011.2 2949.74 1756.98
 1.02837e+06 53539.3 67648.3 3860.65 1512.84
 609162 331674 17066.5 21564 1712.88
 461784 184951 98993.9 5093.8 6947.39
 722077 143710 56706.7 30351.9 3691.87
 960291 234372 46128.1 18201.7 10927.4
 213103 301389 72524.8 14274 9013.8
 633313 71468.6 100248 24123.2 7745.99
 528400 215290 24124.9 33839.7 10757.7
 240303 179152 72464.5 8120.22 15011.1
 534572 82732 61315.6 24801.3 7916.79
 595850 181438 27879.2 20662.2 11025.4
 179260 204444 61868.5 9506.51 10805.2
 135364 61643.5 69882.5 21147.7 6942.89
 515088 45405.8 20508.1 23249.1 9345.43
pred_Ctot
 11234.9 2909.79 12307.7 646.767 0.0195947
 11641.5 7338.62 1739.22 7356.52 386.594
 10901.1 3995.23 2298.27 544.681 2424.95
 30131.6 5604 1874.64 1078.39 1393.41
 8528.24 3604.63 610.116 204.095 269.109
 27614.1 6338 2452.51 415.11 321.958
 23304.2 19481.1 4080.93 1579.13 474.585
 1867.27 1206.09 913.935 191.452 96.3475
 6300.02 2668.3 1579.54 1196.92 376.912
 10189.7 2731.53 1054.4 624.165 621.91
 5094.57 945.178 230.438 88.9512 105.122
 27816.9 8643.71 1468.86 358.114 301.6
 21756.8 8137.12 2293.57 389.756 175.052
 23005.3 10411.5 3535.81 996.624 245.425
 16636.5 4500.24 1837.35 623.98 219.19
 77498 4866.02 1195.01 487.896 223.898
 12264.5 16987.4 969.464 238.083 141.812
 81012.1 4571.45 5776.15 329.642 129.174
 68327.2 40238.1 2070.48 2616.11 207.804
 45586.6 19764.8 10579 544.349 742.434
 54275.7 11710.8 4620.99 2473.36 300.848
 90311.2 23867.7 4697.54 1853.6 1112.81
 11993.9 18411.2 4430.38 871.969 550.633
 30598.1 3749.63 5259.55 1265.63 406.396
 26354.5 11659.3 1306.51 1832.62 582.597
 9796.78 7934.89 3209.56 359.656 664.861
 26325 4423.93 3278.73 1326.2 423.334
 25501.9 8435.42 1296.16 960.629 512.593
 7433.86 9210.48 2787.26 428.282 486.788
 7603.48 3758.24 4260.55 1289.32 423.29
 29528.6 2825.08 1275.98 1446.52 581.457
F
 0.0658291 0.0716922 0.0716922 0.0716922 0.0716922
 0.117594 0.128067 0.128067 0.128067 0.128067
 0.113582 0.123698 0.123698 0.123698 0.123698
 0.167934 0.18289 0.18289 0.18289 0.18289
 0.0567947 0.0618531 0.0618531 0.0618531 0.0618531
 0.114672 0.124885 0.124885 0.124885 0.124885
 0.240286 0.261687 0.261687 0.261687 0.261687
 0.0363747 0.0396144 0.0396144 0.0396144 0.0396144
 0.141186 0.153761 0.153761 0.153761 0.153761
 0.179902 0.195925 0.195925 0.195925 0.195925
 0.0473112 0.051525 0.051525 0.051525 0.051525
 0.227933 0.248234 0.248234 0.248234 0.248234
 0.208999 0.227613 0.227613 0.227613 0.227613
 0.325969 0.355001 0.355001 0.355001 0.355001
 0.212372 0.231287 0.231287 0.231287 0.231287
 0.191427 0.208477 0.208477 0.208477 0.208477
 0.123962 0.135003 0.135003 0.135003 0.135003
 0.13158 0.143299 0.143299 0.143299 0.143299
 0.191993 0.209093 0.209093 0.209093 0.209093
 0.167298 0.182199 0.182199 0.182199 0.182199
 0.125224 0.136377 0.136377 0.136377 0.136377
 0.158834 0.17298 0.17298 0.17298 0.17298
 0.0925163 0.100756 0.100756 0.100756 0.100756
 0.0789782 0.0860124 0.0860124 0.0860124 0.0860124
 0.0816197 0.0888891 0.0888891 0.0888891 0.0888891
 0.0662955 0.0722001 0.0722001 0.0722001 0.0722001
 0.0805518 0.0877261 0.0877261 0.0877261 0.0877261
 0.0696956 0.0759031 0.0759031 0.0759031 0.0759031
 0.0674686 0.0734777 0.0734777 0.0734777 0.0734777
 0.0923261 0.100549 0.100549 0.100549 0.100549
 0.0943037 0.102703 0.102703 0.102703 0.102703
YTP_r0W_actual
 245087 39833.6 35217 49471 21688.3
YTP_p0W_proyectada
 407464 399591 51559 29569.7 51430.5
 407464 266699 167285 18568.1 12399.8
CTP_r0_actual
 29528.6 2825.08 1275.98 1446.52 581.457
CTP_p0_proyectada
 54401 25500.4 2229.1 1006.8 1520.26
 54401 17019.7 7232.36 632.213 366.532
Wmedp
 7.49 15.67 23.13 29.37 33.83
Frms_r0
 0.0943037 0.102703 0.102703 0.102703 0.102703
Zrms_r0
 1.0943 1.1027 1.1027 1.1027 1.1027
nmprior
 8.19 8.8 8.5 0
nm_flota  nm_reclas  nm_pelaces    nm_pelaL
inf 11.524 17.064 39.9674
cv_recla  cv_pelaces  cv_mph
0.371016 0.473439 0.879942
 ------------------------------------------------
Talla a la edad & desviaci?n 
 8 13.2811 15.8009 17.003 17.5766
 0.8 1.32811 1.58009 1.7003 1.75766
