years
 1991 1992 1993 1994 1995 1996 1997 1998 1999 2000 2001 2002 2003 2004 2005 2006 2007 2008 2009 2010 2011 2012 2013 2014 2015 2016 2017 2018 2019 2020 2021
reclasobs
 0 0 0 0 0 0 0 0 0 252601 567819 844713 477998 351125 339783 2.1784e+06 2.13404e+06 4.81314e+06 1.55562e+06 2.62356e+06 3.21686e+06 3.843e+06 1.13348e+06 3.07943e+06 1.97215e+06 2.03268e+06 2.025e+06 2.42433e+06 2.27542e+06 1.05018e+06 2.36338e+06
reclaspred
 3.32168e+06 1.90563e+06 968036 961189 958320 1.44802e+06 998855 902570 664556 498195 510107 627948 629607 521421 533638 1.25478e+06 1.28353e+06 2.64125e+06 2.22134e+06 1.69181e+06 3.01141e+06 2.45131e+06 2.01091e+06 3.0354e+06 2.30059e+06 2.03722e+06 2.3733e+06 2.48022e+06 2.08215e+06 1.3642e+06 1.9176e+06
pelacesobs
 0 0 0 0 0 0 0 0 0 0 0 0 0 0 0 552880 188675 0 991730 2.46772e+06 1.41603e+06 1.21717e+06 2.29649e+06 1.80582e+06 0 1.4828e+06 1.56532e+06 1.57751e+06 1.42118e+06 867257 1.10002e+06
pelacespred
 1.87051e+06 1.20961e+06 626728 505805 509887 795368 535017 559761 413190 298320 307855 321079 350683 314908 325544 627839 638535 1.4861e+06 1.31931e+06 941621 1.57063e+06 1.4283e+06 1.14651e+06 1.86936e+06 1.38324e+06 1.21313e+06 1.60088e+06 1.65348e+06 1.14414e+06 857127 1.20127e+06
mphobs
 0 0 0 0 0 0 0 0 0 0 0 498337 0 5186 125008 0 168611 109162 213762 579715 649985 157893 87575 83554 0 0 0 0 0 0 0
mphpred
 491665 330631 169993 91926.8 102401 112818 147802 103056 89066.5 64207.7 43622.9 58676.2 63739.3 56364.9 42243.7 52140.7 145670 145564 260124 205501 222335 273528 260920 220209 298991 247357 204407 214618 292551 205972 131558
desembarqueobs
 494567 514787 250237 358949 120608 361735 552515 73892 212993 205616 52469 317467 293654 387597 252695 516296 358380 742168 942051 627588 828172 859565 418607 520667 417249 300574 415391 372974 316634 284311 391294
desembarquepred
 494573 513141 251083 358967 120611 361746 552559 73894.8 213027 205648 52470.9 317525 293704 387654 252701 516284 358398 742111 941940 627517 828226 859600 418618 520686 417252 300577 415393 372967 316633 284319 391298
Reclutas
 255742 149897 146274 274470 219462 361435 152849 73642.7 67115.8 86898.7 157108 194444 164106 116181 122042 630644 147650 944581 556623 423260 653650 870886 191743 567504 475040 215666 479438 534609 160806 121246 461008
log_desv_Rt
 0.030069 -0.504149 -0.528616 0.100742 -0.122919 0.375983 -0.484651 -1.21487 -1.30768 -1.04936 -0.457162 -0.243953 -0.413585 -0.758949 -0.709736 0.932644 -0.519252 1.33664 0.80779 0.533888 0.968474 1.25541 -0.257944 0.827148 0.6493 -0.140367 0.658516 0.767437 -0.433898 -0.716274 0.619318
SSB
 5.20759e+06 3.50197e+06 1.80052e+06 973667 1.0846e+06 1.19494e+06 1.56548e+06 1.09154e+06 943370 680073 462043 621484 675112 597003 447436 552262 1.5429e+06 1.54178e+06 2.75517e+06 2.17662e+06 2.35492e+06 2.89714e+06 2.7636e+06 2.3324e+06 3.16685e+06 2.61995e+06 2.16503e+06 2.27318e+06 3.09863e+06 2.1816e+06 1.39343e+06
BT
 6.80552e+06 4.64195e+06 2.39552e+06 2.03253e+06 1.83595e+06 3.0249e+06 2.32503e+06 1.97526e+06 1.62237e+06 1.21885e+06 1.09727e+06 1.36583e+06 1.46598e+06 1.48018e+06 1.36592e+06 2.56534e+06 2.46136e+06 5.72976e+06 5.41734e+06 3.78321e+06 6.03617e+06 5.68623e+06 4.28135e+06 6.86675e+06 5.10736e+06 4.40935e+06 5.89e+06 6.01951e+06 4.16761e+06 3.20183e+06 4.47861e+06
Ftot
 0.0818675 0.14678 0.141977 0.210111 0.0707965 0.142371 0.300614 0.0459291 0.178539 0.228583 0.0594485 0.282637 0.260451 0.411264 0.269947 0.239544 0.154716 0.162556 0.236357 0.20724 0.155809 0.197577 0.115216 0.0988237 0.101631 0.0824396 0.100513 0.0868529 0.0835138 0.115118 0.118338
BD_Bspro_t
 0.986987 0.90139 0.791312 0.722418 0.71651 0.770806 0.762276 0.644456 0.690613 0.663146 0.639421 0.775621 0.680011 0.607525 0.522279 0.574998 0.70316 0.691949 0.753489 0.679111 0.656246 0.698687 0.71281 0.711829 0.792163 0.798777 0.804918 0.828843 0.857889 0.814098 0.768991
BD_Bspro
 2.93996 1.97704 1.01649 0.549686 0.612315 0.674607 0.883794 0.616233 0.532582 0.383937 0.260847 0.35086 0.381136 0.337039 0.252601 0.31178 0.871049 0.870417 1.55544 1.22882 1.32948 1.63559 1.5602 1.31676 1.78785 1.4791 1.22227 1.28333 1.74934 1.23163 0.786662
BD_Bo
 1.99002 1.33824 0.688049 0.372076 0.414469 0.456633 0.59823 0.417121 0.360498 0.259882 0.176564 0.237493 0.257986 0.228138 0.170982 0.211041 0.589603 0.589175 1.05286 0.831771 0.899906 1.10711 1.05608 0.8913 1.21017 1.00118 0.827341 0.868669 1.18411 0.833674 0.532482
BD_Brms
 3.61822 2.43316 1.251 0.676501 0.75358 0.830242 1.08769 0.758401 0.655451 0.472513 0.321026 0.431806 0.469066 0.414796 0.310877 0.38371 1.072 1.07123 1.91428 1.51231 1.63619 2.01293 1.92014 1.62055 2.20032 1.82033 1.50426 1.5794 2.15292 1.51577 0.96815
Sel_flota
 0.894734 1 1 1 1
 0.894734 1 1 1 1
 0.894734 1 1 1 1
 0.894734 1 1 1 1
 0.894734 1 1 1 1
 0.894734 1 1 1 1
 0.894734 1 1 1 1
 0.894734 1 1 1 1
 0.894734 1 1 1 1
 0.894734 1 1 1 1
 0.894734 1 1 1 1
 0.894734 1 1 1 1
 0.894734 1 1 1 1
 0.894734 1 1 1 1
 0.894734 1 1 1 1
 0.894734 1 1 1 1
 0.894734 1 1 1 1
 0.894734 1 1 1 1
 0.894734 1 1 1 1
 0.894734 1 1 1 1
 0.894734 1 1 1 1
 0.894734 1 1 1 1
 0.894734 1 1 1 1
 0.894734 1 1 1 1
 0.894734 1 1 1 1
 0.894734 1 1 1 1
 0.894734 1 1 1 1
 0.894734 1 1 1 1
 0.894734 1 1 1 1
 0.894734 1 1 1 1
 0.894734 1 1 1 1
Sel_reclas
 1 1 1 1 1
 1 1 1 1 1
 1 1 1 1 1
 1 1 1 1 1
 1 1 1 1 1
 1 1 1 1 1
 1 1 1 1 1
 1 1 1 1 1
 1 1 1 1 1
 1 1 1 1 1
 1 1 1 1 1
 1 1 1 1 1
 1 1 1 1 1
 1 1 1 1 1
 1 1 1 1 1
 1 1 1 1 1
 1 1 1 1 1
 1 1 1 1 1
 1 1 1 1 1
 1 1 1 1 1
 1 1 1 1 1
 1 1 1 1 1
 1 1 1 1 1
 1 1 1 1 1
 1 1 1 1 1
 1 1 1 1 1
 1 1 1 1 1
 1 1 1 1 1
 1 1 1 1 1
 1 1 1 1 1
 1 1 1 1 1
Sel_pelaces
 1 1 1 1 1
 1 1 1 1 1
 1 1 1 1 1
 1 1 1 1 1
 1 1 1 1 1
 1 1 1 1 1
 1 1 1 1 1
 1 1 1 1 1
 1 1 1 1 1
 1 1 1 1 1
 1 1 1 1 1
 1 1 1 1 1
 1 1 1 1 1
 1 1 1 1 1
 1 1 1 1 1
 1 1 1 1 1
 1 1 1 1 1
 1 1 1 1 1
 1 1 1 1 1
 1 1 1 1 1
 1 1 1 1 1
 1 1 1 1 1
 1 1 1 1 1
 1 1 1 1 1
 1 1 1 1 1
 1 1 1 1 1
 1 1 1 1 1
 1 1 1 1 1
 1 1 1 1 1
 1 1 1 1 1
 1 1 1 1 1
pf_obs 
 0.8446 0.082 0.0669 0.0065 0
 0.8095 0.147 0.0364 0.0071 0
 0.9664 0.0169 0.016 0.0007 0
 0.9276 0.0648 0.0075 0.0001 0
 0.7033 0.2144 0.0806 0.0017 0
 0.9318 0.0425 0.0243 0.0014 0
 0.5671 0.3108 0.0964 0.0239 0.0018
 0.0768 0.2599 0.5324 0.112 0.0189
 0.490249 0.384438 0.106611 0.0170017 0.00170017
 0.7925 0.1577 0.0466 0.003 0.0002
 0.840416 0.127587 0.0312969 0.00059994 9.999e-05
 0.8084 0.0986 0.0794 0.0134 0.0002
 0.7335 0.1905 0.0724 0.0035 0.0001
 0.4001 0.4547 0.1325 0.0127 0
 0.49795 0.308269 0.164784 0.0264974 0.00249975
 0.9179 0.0499 0.0305 0.0017 0
 0.2467 0.6533 0.0926 0.0074 0
 0.9418 0.0223 0.034 0.0019 0
 0.707729 0.231977 0.0356964 0.0245975 0
 0.517169 0.277429 0.184464 0.0207286 0.00020938
 0.811772 0.124168 0.05621 0.00726502 0.000585176
 0.764997 0.148141 0.077277 0.00933861 0.000247198
 0.163321 0.427699 0.378323 0.0303852 0.000271297
 0.753843 0.0900009 0.118128 0.0371064 0.000921714
 0.721811 0.176058 0.0630433 0.0369309 0.00215725
 0.143369 0.312575 0.442814 0.0836902 0.0175525
 0.692698 0.0596174 0.167031 0.0765114 0.00414204
 0.394062 0.376323 0.152708 0.0712218 0.00568511
 0.125707 0.32114 0.495352 0.0537591 0.00404204
 0.23352 0.215282 0.420074 0.123614 0.00750983
 0.796117 0.104755 0.0508955 0.0450114 0.00322123
pf_pred 
 0.420069 0.109826 0.446177 0.0239269 7.3692e-07
 0.409156 0.265073 0.0616939 0.250636 0.0134411
 0.544242 0.199871 0.1148 0.0267189 0.114369
 0.750007 0.143455 0.0467219 0.0268357 0.0329807
 0.645243 0.274088 0.0462907 0.0150764 0.0193018
 0.742403 0.17291 0.0654303 0.0110505 0.00820678
 0.474963 0.401494 0.0829269 0.0313801 0.00923574
 0.438149 0.285156 0.211588 0.0437026 0.0214046
 0.520475 0.223649 0.129865 0.0963609 0.029651
 0.672676 0.180327 0.0685588 0.0398097 0.0386285
 0.791005 0.146237 0.0345739 0.0131447 0.0150389
 0.722216 0.224829 0.0370536 0.00876035 0.00714116
 0.666359 0.249354 0.0682189 0.011243 0.00482493
 0.605426 0.273884 0.0902005 0.0246773 0.00581237
 0.704235 0.188641 0.0743575 0.0244888 0.00827772
 0.921897 0.0570347 0.0134376 0.00529677 0.00233408
 0.397909 0.56026 0.0305472 0.00719707 0.00408701
 0.884886 0.0491766 0.0613564 0.00334536 0.00123577
 0.600195 0.3585 0.0176457 0.0220161 0.00164381
 0.592224 0.256918 0.135272 0.0066582 0.00892753
 0.738927 0.16235 0.0622005 0.0327496 0.00377334
 0.740995 0.197253 0.0384007 0.0147123 0.00863881
 0.329153 0.512533 0.120569 0.023472 0.0142731
 0.740361 0.0923804 0.127787 0.0300608 0.00941079
 0.630017 0.28203 0.0312941 0.0432881 0.0133711
 0.443615 0.365529 0.145485 0.0161431 0.0292277
 0.734195 0.125589 0.0921181 0.0366642 0.011434
 0.692601 0.232541 0.0353692 0.0259429 0.0135457
 0.362596 0.456927 0.136528 0.0207657 0.0231842
 0.436403 0.219749 0.24649 0.07365 0.0237088
 0.827535 0.0803179 0.0359284 0.0403004 0.0159179
pobs_RECLAS
 0 0 0 0 0
 0 0 0 0 0
 0 0 0 0 0
 0 0 0 0 0
 0 0 0 0 0
 0 0 0 0 0
 0 0 0 0 0
 0 0 0 0 0
 0 0 0 0 0
 0 0 0 0 0
 0.991045 0.00858322 0.000360255 1.14367e-05 0
 0.934742 0.0480273 0.0164251 0.00080598 0
 0.827803 0.169806 0.00239088 0 0
 0.941827 0.0461693 0.0120037 0 0
 0.791401 0.0380133 0.147996 0.0225897 0
 0.846168 0.0940531 0.0597789 0 0
 0.134021 0.677848 0.182769 0.00536245 0
 0.80878 0.0450904 0.141981 0.00414843 0
 0.846168 0.0940531 0.0597789 0 0
 0.905697 0.0802665 0.012482 0.00150086 5.37128e-05
 0.989698 0.0102097 9.19794e-05 0 0
 0.975433 0.0193895 0.00387452 0.00125025 5.28907e-05
 0.303575 0.632131 0.0575291 0.00676475 0
 0.966965 0.00978017 0.0227588 0.000495775 0
 0.843318 0.132988 0.00938335 0.0141283 0.000182051
 0.564624 0.303363 0.111486 0.0197234 0.00080311
 0.826376 0.0876187 0.0782897 0.00655872 0.00115652
 0.89761 0.0855135 0.0140674 0.00269457 0.000114338
 0.34875 0.467042 0.161289 0.0227151 0.000203297
 0.318654 0.224769 0.449479 0.00709798 0
 0.937255 0.0296025 0.0250945 0.00804832 0
ppred_RECLAS
 0.447568 0.104618 0.42502 0.0227923 7.01977e-07
 0.436645 0.25274 0.0588236 0.238976 0.0128158
 0.572007 0.187695 0.107806 0.0250911 0.107401
 0.770659 0.131604 0.0428622 0.0246187 0.0302561
 0.670418 0.254638 0.0430058 0.0140066 0.0179321
 0.763346 0.158852 0.0601107 0.0101521 0.00753955
 0.503574 0.379615 0.0784079 0.0296701 0.00873245
 0.465794 0.271125 0.201177 0.0415523 0.0203514
 0.548587 0.210537 0.122251 0.0907116 0.0279127
 0.697184 0.166826 0.0634255 0.036829 0.0357363
 0.808882 0.133728 0.0316165 0.0120203 0.0137524
 0.744553 0.20675 0.034074 0.0080559 0.00656691
 0.691207 0.230783 0.0631383 0.0104057 0.00446559
 0.632792 0.254888 0.0839446 0.0229658 0.00540925
 0.72744 0.173841 0.0685235 0.0225674 0.00762826
 0.929704 0.0513337 0.0120945 0.00476732 0.00210078
 0.425207 0.534858 0.0291622 0.00687076 0.00390171
 0.89589 0.0444755 0.0554909 0.00302555 0.00111763
 0.627143 0.334335 0.0164563 0.0205321 0.00153301
 0.619287 0.239867 0.126294 0.00621633 0.00833504
 0.760088 0.14919 0.0571588 0.0300951 0.00346749
 0.762129 0.181158 0.0352674 0.0135119 0.00793392
 0.354415 0.493233 0.116029 0.0225882 0.0137357
 0.761334 0.0849183 0.117465 0.0276326 0.00865062
 0.655765 0.262403 0.0291163 0.0402756 0.0124406
 0.471404 0.347273 0.138219 0.0153368 0.0277679
 0.755504 0.115521 0.0847331 0.0337249 0.0105174
 0.715927 0.214896 0.0326854 0.0239743 0.0125179
 0.388859 0.4381 0.130902 0.0199101 0.022229
 0.464199 0.208911 0.234333 0.0700176 0.0225395
 0.842987 0.0731221 0.0327095 0.0366899 0.0144918
pobs_PELACES
 0 0 0 0 0
 0 0 0 0 0
 0 0 0 0 0
 0 0 0 0 0
 0 0 0 0 0
 0 0 0 0 0
 0 0 0 0 0
 0 0 0 0 0
 0 0 0 0 0
 0 0 0 0 0
 0 0 0 0 0
 0 0 0 0 0
 0 0 0 0 0
 0 0 0 0 0
 0 0 0 0 0
 0 0 0 0 0
 0.505614 0.472636 0.0217494 0 0
 0 0 0 0 0
 0.443492 0.261883 0.143347 0.151278 0
 0.227955 0.32914 0.350689 0.0885471 0.00366901
 0.970185 0.0296113 0.000203453 0 0
 0.997202 0.00247181 0.000326279 0 0
 0.445219 0.490057 0.0546422 0.010081 0
 0.90214 0.0892962 0.00764917 0.000914606 0
 0 0 0 0 0
 0.581667 0.319106 0.0959925 0.00289975 0.000334073
 0.762889 0.0836404 0.116647 0.0363945 0.000428098
 0.88444 0.0763242 0.0277011 0.0115352 0
 0.521256 0.241999 0.230069 0.00667565 0
 0.616807 0.101726 0.260614 0.0208532 0
 0.833518 0.0704572 0.0857862 0.0102388 0
ppred_PELACES
 0.448271 0.104485 0.424479 0.0227633 7.01083e-07
 0.437899 0.252177 0.0586926 0.238443 0.0127873
 0.573214 0.187165 0.107502 0.0250204 0.107098
 0.771946 0.130865 0.0426216 0.0244805 0.0300863
 0.670961 0.254218 0.0429349 0.0139835 0.0179026
 0.764238 0.158253 0.059884 0.0101138 0.00751113
 0.506185 0.377619 0.0779956 0.0295141 0.00868653
 0.466191 0.270924 0.201028 0.0415214 0.0203363
 0.550123 0.209821 0.121836 0.0904031 0.0278177
 0.698857 0.165904 0.063075 0.0366254 0.0355388
 0.809202 0.133505 0.0315637 0.0120002 0.0137295
 0.746416 0.205242 0.0338256 0.00799716 0.00651902
 0.693135 0.229343 0.0627441 0.0103407 0.00443771
 0.636105 0.252588 0.0831871 0.0227585 0.00536044
 0.729295 0.172657 0.0680571 0.0224138 0.00757634
 0.930246 0.050938 0.0120012 0.00473057 0.00208458
 0.426521 0.533635 0.0290956 0.00685505 0.00389279
 0.896416 0.044251 0.0552108 0.00301028 0.00111199
 0.629061 0.332615 0.0163716 0.0204265 0.00152513
 0.620983 0.238799 0.125732 0.00618864 0.00829791
 0.761074 0.148578 0.056924 0.0299715 0.00345325
 0.763371 0.180212 0.0350832 0.0134413 0.00789249
 0.355331 0.492533 0.115864 0.0225561 0.0137162
 0.761957 0.0846966 0.117158 0.0275604 0.00862804
 0.656561 0.261796 0.0290489 0.0401824 0.0124118
 0.472117 0.346804 0.138032 0.0153161 0.0277304
 0.756148 0.115216 0.0845098 0.033636 0.0104897
 0.71654 0.214432 0.0326148 0.0239226 0.0124909
 0.389549 0.437605 0.130754 0.0198876 0.0222039
 0.465194 0.208523 0.233898 0.0698876 0.0224977
 0.84353 0.0728691 0.0325963 0.0365629 0.0144417
pobs_pel_tallas
 0 0 0 0 0 0 0 0 0 0 0 0 0 0 0 0 0 0 0 0 0 0 0 0 0 0
 0 0 0 0 0 0 0 0 0 0 0 0 0 0 0 0 0 0 0 0 0 0 0 0 0 0
 0 0 0 0 0 0 0 0 0 0 0 0 0 0 0 0 0 0 0 0 0 0 0 0 0 0
 0 0 0 0 0 0 0 0 0 0 0 0 0 0 0 0 0 0 0 0 0 0 0 0 0 0
 0 0 0 0 0 0 0 0 0 0 0 0 0 0 0 0 0 0 0 0 0 0 0 0 0 0
 0 0 0 0 0 0 0 0 0 0 0 0 0 0 0 0 0 0 0 0 0 0 0 0 0 0
 0 0 0 0 0 0 0 0 0 0 0 0 0 0 0 0 0 0 0 0 0 0 0 0 0 0
 0 0 0 0 0 0 0 0 0 0 0 0 0 0 0 0 0 0 0 0 0 0 0 0 0 0
 0 0 0 0 0 0 0 0 0 0 0 0 0 0 0 0 0 0 0 0 0 0 0 0 0 0
 0 0 0 0 0 0 0 0 0 0 0 0 0 0 0 0 0 0 0 0 0 0 0 0 0 0
 0 0 0 0 0 0 0 0 0 0 0 0 0 0 0 0 0 0 0 0 0 0 0 0 0 0
 0 0 0 0 0 0 0 0 0 0 0 0 0 0 0 0 0 0 0 0 0 0 0 0 0 0
 0.00862536 0 0 0.000197151 0.00414017 0.0128641 0.00837892 0.0270097 0.101434 0.158115 0.152841 0.127902 0.109271 0.109419 0.0830992 0.0579132 0.0238553 0.00714673 0.00463305 0.00128148 0.00103504 0.000492878 0.000147863 0.000147863 4.92878e-05 0
 0 0 0 0 0 0 0 0 0 0 0 0 0 0 0 0 0 0 0 0 0 0 0 0 0 0
 0 0 0 0 0 0 0 0.0054083 0.00873648 0.0413646 0.0450493 0.0745869 0.0622846 0.0627006 0.0613931 0.0827291 0.12552 0.122667 0.0946155 0.0697135 0.0546179 0.0294188 0.0215738 0.0213955 0.0102223 0.00600262
 0 0 0 0 0.00359764 0.0251062 0.0480494 0.140153 0.205849 0.193036 0.1447 0.116669 0.0760912 0.0342217 0.00950174 0.001854 0.000860785 0 0 0 0.000165536 0 0.000143464 0 0 0
 0 0 0 0 0 0 0 0.000145254 0.000435761 0.0275982 0.070085 0.0708112 0.156366 0.174668 0.174014 0.160142 0.0824315 0.0480064 0.0283245 0.00493863 0.00203355 0 0 0 0 0
 0 0 0 0 0 0 0 0 0 0 0 0 0 0 0 0 0 0 0 0 0 0 0 0 0 0
 0 0 1.00437e-05 0.000401748 0.00122533 0.00171747 0.00176769 0.0269171 0.070346 0.194647 0.189555 0.159765 0.064822 0.0314167 0.0384472 0.0292271 0.0345202 0.0313363 0.0194345 0.0106764 0.0143323 0.0359363 0.0279516 0.0138201 0.00172751 0
 0 0.0021121 0.0136068 0.0755702 0.200478 0.177729 0.0527432 0.0373336 0.0318909 0.0142505 0.0149659 0.0166563 0.0217959 0.0798694 0.0677717 0.0528807 0.04013 0.0224614 0.0357745 0.0225083 0.00881397 0.00855152 0.00135912 0.000746735 0 0
 0 0 0 0 5.4009e-05 0.00500934 0.000945158 0.0243581 0.138947 0.33067 0.221406 0.137944 0.0707744 0.0437923 0.0131692 0.00525238 0.0047753 0.00276346 9.45158e-05 9.00151e-06 2.25038e-05 9.00151e-06 4.50075e-06 0 0 0
 0.000866109 0.00284123 0.00948549 0.0512746 0.133035 0.25785 0.225252 0.132002 0.0553304 0.0519788 0.0540692 0.017754 0.00435017 0.00159236 0.00146478 0.000404838 0.000125132 0.000115318 0.000107957 0.000100596 0 0 0 0 0 0
 0 0 0 0 0.00144013 0.00171154 0.00461396 0.0210425 0.0478622 0.0707936 0.0888783 0.103762 0.0637923 0.0337046 0.0602308 0.124433 0.169614 0.0934646 0.0462172 0.0250306 0.0313229 0.00938855 0.002487 0.000210481 0 0
 0 0.00764035 0.051015 0.0998891 0.058973 0.0496711 0.0374665 0.0718981 0.12319 0.153886 0.159021 0.0857701 0.0377988 0.023471 0.0147837 0.00900784 0.00315554 0.000888139 0.00291439 0.00214683 0.00393193 0.00274676 0.000635225 9.99891e-05 0 0
 0 0 0 0 0 0 0 0 0 0 0 0 0 0 0 0 0 0 0 0 0 0 0 0 0 0
 0 0 0 0 0 0 0 0 0 0 0 0 0 0 0 0 0 0 0 0 0 0 0 0 0 0
 0 0 0 0 0 0 0 0 0 0 0 0 0 0 0 0 0 0 0 0 0 0 0 0 0 0
 0 0 0 0 0 0 0 0 0 0 0 0 0 0 0 0 0 0 0 0 0 0 0 0 0 0
 0 0 0 0 0 0 0 0 0 0 0 0 0 0 0 0 0 0 0 0 0 0 0 0 0 0
 0 0 0 0 0 0 0 0 0 0 0 0 0 0 0 0 0 0 0 0 0 0 0 0 0 0
 0 0 0 0 0 0 0 0 0 0 0 0 0 0 0 0 0 0 0 0 0 0 0 0 0 0
ppred_pel_tallas
 1.1456e-16 3.69236e-05 0.00035891 0.00238508 0.0108423 0.0337343 0.0718749 0.104906 0.104917 0.0719276 0.0339129 0.0113661 0.00373068 0.00339752 0.00610358 0.0108014 0.0173428 0.0255183 0.0349961 0.0453975 0.0561235 0.0659971 0.0731664 0.0756343 0.0722222 0.0633073
 1.27835e-16 3.60692e-05 0.000350606 0.0023299 0.0105914 0.0329539 0.0702127 0.102483 0.102507 0.0703321 0.0333552 0.0117524 0.00525124 0.0067527 0.012272 0.0204469 0.0299966 0.0389693 0.0455128 0.0490597 0.0507672 0.0526893 0.0562613 0.0612572 0.0659096 0.0679502
 1.23784e-16 4.72149e-05 0.000458946 0.00304986 0.0138642 0.0431368 0.0919082 0.134147 0.134165 0.0919972 0.043436 0.0147304 0.00523202 0.00524923 0.00922471 0.0153904 0.0226855 0.0296632 0.0349223 0.0379468 0.0394392 0.0407714 0.0429707 0.0460331 0.048993 0.0505382
 1.08811e-16 6.35842e-05 0.000618061 0.00410724 0.0186709 0.0580922 0.123772 0.180652 0.180664 0.123834 0.0583002 0.0192724 0.00561962 0.00392856 0.00637791 0.0105166 0.015322 0.0196612 0.0224425 0.0232158 0.0224485 0.0211817 0.0203327 0.020188 0.0203952 0.0203236
 1.05737e-16 5.52662e-05 0.000537207 0.00356993 0.0162284 0.0504927 0.107581 0.157023 0.157047 0.107701 0.0508951 0.0173907 0.00648835 0.00691106 0.0121693 0.0200552 0.0289451 0.0365332 0.0405145 0.0398482 0.0353803 0.0292568 0.0236101 0.0195399 0.0169815 0.0152455
 1.04055e-16 6.29493e-05 0.00061189 0.00406622 0.0184845 0.0575121 0.122536 0.178848 0.178864 0.122611 0.0577637 0.0192117 0.0058947 0.0046133 0.00769121 0.0126911 0.0184529 0.0235766 0.0266705 0.027084 0.0252589 0.0223578 0.0194857 0.017137 0.0151969 0.0133167
 1.06778e-16 4.16938e-05 0.000405279 0.00269322 0.012243 0.0380928 0.081162 0.118466 0.118502 0.0813401 0.0386909 0.0139711 0.00703318 0.00988705 0.0180719 0.0298707 0.0431689 0.0545924 0.0607267 0.0600048 0.0536196 0.0446551 0.0361632 0.0297013 0.0251856 0.0217111
 1.13477e-16 3.83996e-05 0.000373258 0.00248043 0.0112757 0.035083 0.074749 0.109104 0.10913 0.0748781 0.035517 0.0125326 0.00564848 0.00733225 0.0133816 0.0223943 0.0330359 0.0431827 0.0506587 0.0544255 0.0550665 0.0540918 0.0526808 0.0509475 0.0482052 0.0437869
 1.17344e-16 4.53129e-05 0.000440458 0.002927 0.0133057 0.0413991 0.088206 0.128743 0.128764 0.0883058 0.0417347 0.0142772 0.00537456 0.00581399 0.0103418 0.017269 0.0254572 0.0332774 0.0391228 0.0423371 0.0435772 0.0442092 0.0452206 0.0465392 0.0472054 0.0461059
 1.1155e-16 5.7564e-05 0.000559542 0.00371836 0.0169031 0.052592 0.112053 0.163548 0.163565 0.112132 0.052856 0.0176667 0.00563927 0.00476679 0.00808965 0.0133951 0.0195629 0.0251958 0.0289311 0.0302043 0.0295898 0.0283573 0.0275958 0.0275931 0.0278531 0.0275743
 1.04472e-16 6.66529e-05 0.00064789 0.00430546 0.019572 0.0608958 0.129745 0.18937 0.189383 0.129808 0.0611074 0.0201836 0.00584197 0.00400644 0.00645816 0.0106061 0.0153566 0.0194957 0.0218398 0.0218624 0.0200053 0.0173582 0.0149694 0.0133247 0.0123034 0.0114867
 1.02934e-16 6.14814e-05 0.000597621 0.0039714 0.0180534 0.056171 0.119679 0.174679 0.174699 0.119776 0.0564958 0.0189915 0.00632653 0.00574039 0.00983297 0.0161704 0.0233164 0.0293819 0.0324841 0.0317576 0.0278623 0.0225201 0.0174669 0.013638 0.0110595 0.00926771
 1.03658e-16 5.70927e-05 0.000554961 0.00368791 0.0167647 0.0521614 0.111136 0.162211 0.162233 0.111244 0.0525251 0.0178158 0.00632846 0.006327 0.0110418 0.0182229 0.0263824 0.0334627 0.037395 0.0372106 0.0335837 0.0283075 0.0231537 0.0190227 0.0158857 0.0132837
 1.05655e-16 5.23952e-05 0.0005093 0.00338448 0.0153854 0.0478697 0.101992 0.148866 0.14889 0.102112 0.0482708 0.0165448 0.00629877 0.00688408 0.0121971 0.0201808 0.0292995 0.0373363 0.042056 0.042418 0.0391514 0.0341622 0.0292793 0.0253482 0.0222112 0.0192996
 1.05539e-16 6.00711e-05 0.000583913 0.00388031 0.0176393 0.0548826 0.116934 0.170672 0.170688 0.117015 0.0551572 0.0184334 0.00587722 0.00495545 0.00839865 0.0138851 0.0202217 0.0259069 0.0294472 0.0301555 0.0285248 0.0258092 0.0231675 0.0210621 0.0192789 0.0173639
 1.01187e-16 7.66231e-05 0.000744804 0.00494948 0.0224996 0.0700048 0.149153 0.217694 0.217699 0.149177 0.0700855 0.0227329 0.00553556 0.0020257 0.00251373 0.00404625 0.00584953 0.0074163 0.00828677 0.0082531 0.00747627 0.00636653 0.00532384 0.00454269 0.00399634 0.00355174
 1.02323e-16 3.51321e-05 0.000341497 0.00226937 0.0103162 0.032098 0.06839 0.0998279 0.0998793 0.0686409 0.0329402 0.012748 0.00836981 0.0136466 0.0252679 0.041623 0.0597348 0.0746526 0.0813547 0.0775277 0.0649705 0.0484313 0.0328478 0.021113 0.0136391 0.00933459
 1.02095e-16 7.38366e-05 0.000717718 0.00476949 0.0216814 0.0674589 0.143729 0.209777 0.209781 0.14375 0.0675305 0.0218891 0.00529444 0.00187575 0.00230843 0.00379118 0.00566714 0.00756853 0.00915799 0.0102543 0.0108886 0.0111904 0.0112146 0.0108766 0.0100479 0.00870669
 1.02865e-16 5.1815e-05 0.00050366 0.003347 0.015215 0.0473397 0.100863 0.14722 0.147252 0.10102 0.0478648 0.016731 0.00715024 0.00879937 0.0157872 0.0259667 0.0372848 0.0466489 0.0509532 0.0487877 0.0413019 0.0314638 0.0223213 0.0156019 0.011451 0.00907406
 1.05715e-16 5.11496e-05 0.000497192 0.00330402 0.0150196 0.0467317 0.0995676 0.145327 0.14535 0.0996808 0.0471123 0.0161207 0.00607473 0.00656822 0.011647 0.019345 0.0282596 0.0363616 0.0415839 0.042921 0.0409344 0.037194 0.0331574 0.029423 0.0258124 0.0219562
 1.05271e-16 6.26887e-05 0.000609356 0.00404939 0.0184079 0.057274 0.122029 0.178108 0.178122 0.122099 0.0575103 0.0190913 0.00576804 0.00437205 0.00724098 0.0119571 0.0174217 0.0223418 0.025444 0.0261523 0.0249047 0.0227839 0.0207706 0.0192229 0.0179002 0.0163572
 1.03743e-16 6.28779e-05 0.000611195 0.00406161 0.0184635 0.0574469 0.122397 0.178646 0.178663 0.122482 0.0577322 0.019288 0.00613216 0.00513448 0.00866315 0.0142485 0.0205822 0.026019 0.0289285 0.0285699 0.0255257 0.0212854 0.017321 0.0143803 0.0124096 0.0109448
 1.08053e-16 2.92682e-05 0.000284498 0.00189059 0.00859438 0.0267406 0.0569753 0.0831671 0.0832147 0.0572077 0.027521 0.0108495 0.00755493 0.012662 0.0235722 0.0390173 0.0564232 0.0714161 0.0795389 0.0787205 0.0704638 0.0587231 0.0474264 0.0386031 0.0322115 0.0271926
 1.07627e-16 6.27614e-05 0.000610063 0.00405408 0.0184293 0.0573404 0.12217 0.178313 0.178321 0.122211 0.0574779 0.0188288 0.00506531 0.00284557 0.00439075 0.0073754 0.0111249 0.0150544 0.0185915 0.0214511 0.0237176 0.0255951 0.0270564 0.0277323 0.0271406 0.0250414
 1.07036e-16 5.40801e-05 0.000525678 0.00349332 0.0158801 0.0494091 0.105272 0.153653 0.153679 0.105396 0.0498231 0.017076 0.00649539 0.00708034 0.0125066 0.0206034 0.0297125 0.0374622 0.0414944 0.0407769 0.0362441 0.0301728 0.0247934 0.0212036 0.019221 0.0179721
 1.10301e-16 3.88877e-05 0.000378003 0.00251196 0.011419 0.0355291 0.0756996 0.110493 0.110526 0.0758637 0.0360805 0.0130136 0.00652139 0.00915381 0.0167739 0.0278479 0.0405312 0.0518498 0.0587763 0.0598964 0.0561798 0.0501599 0.0442308 0.0394387 0.0354933 0.0315932
 1.07617e-16 6.2283e-05 0.000605413 0.00402318 0.0182888 0.0569033 0.121239 0.176954 0.176965 0.121294 0.057088 0.0188237 0.0053717 0.00356873 0.00574781 0.00955593 0.0141196 0.0185201 0.0218608 0.0237378 0.0244323 0.0245959 0.0246958 0.0246923 0.0241638 0.0226906
 1.05509e-16 5.90205e-05 0.0005737 0.00381244 0.0173308 0.0539227 0.114889 0.167688 0.167709 0.11499 0.054262 0.0183111 0.00627381 0.00594934 0.010276 0.0169164 0.0244178 0.0308321 0.0342272 0.0337446 0.0301199 0.0251772 0.020708 0.0176024 0.0157404 0.014468
 1.09638e-16 3.20867e-05 0.000311894 0.00207265 0.00942199 0.0293155 0.0624614 0.0911731 0.0912154 0.0626681 0.0300099 0.0114289 0.00711573 0.0113391 0.021028 0.0348523 0.0505303 0.0642316 0.0720533 0.0721796 0.0659051 0.0566218 0.0476358 0.0405578 0.0352139 0.030625
 1.1762e-16 3.83175e-05 0.000372459 0.00247512 0.0112516 0.0350079 0.0745888 0.108869 0.108889 0.0746889 0.0353448 0.0122291 0.0049456 0.00582139 0.0105516 0.0178164 0.0266807 0.0357031 0.0434067 0.0490938 0.0531065 0.0562241 0.0587346 0.0600327 0.0590512 0.0550767
 1.07071e-16 6.94805e-05 0.000675375 0.0044881 0.0204023 0.0634791 0.135249 0.197402 0.197409 0.135284 0.0635953 0.0207388 0.0053354 0.00253392 0.00362608 0.00595749 0.0087528 0.0113977 0.0133343 0.0143555 0.0147327 0.0149984 0.0155462 0.0163647 0.0170763 0.0171968
pSPR Fmed_Fpbrs
0.748479   0.6 0.325
Fs Fmed_Fpbrs
0.144223   0.263532 0.636725
SSBpbr Bo_Bmed_Bpbrs
2.61685e+06  1.82782e+06  1.43927e+06 719634
Ro
248166
SPR SPRFo_SPRFmed_SPRFpbrs
1.77132e+06 1.32579e+06 575678
Fref
0.263532
Nvult_r0
 308452 27087.7 12117.1 13591.5 5368.41
CTP_r0
 29532.4 2866.32 1282.18 1438.21 568.065
YTP_r0
391298
Np
 356340 103554 43120.7 3717.14 2132.77
Nvult_p0
 252786 74284.2 30932.5 2666.48 1529.93
CTP_p0
 48232 22824.8 1967.57 880.146 1309.9
 48232 15493.3 6451.51 556.141 319.095
YTP_p0
 834595 780389
CBA_c0
818334
log_Ro
12.2419
likeval ReclasPelacesDesembMPH_pf_preclas_ppelaces_ptallas_desvR_qrecl_qpela
 16.3548 17.3898 0.109243 0.000812393 240.955 120.868 98.0738 0 22.8049 1.59041e-05 7.67803e-06 0.555333 1.53091e-15 0 0
q_reclas_q_pelaces
0.568294 0.674206
M
1
N
 255742 60037.3 243906 13079.8 0.402843
 149897 87437 20350.4 82675 4433.7
 146274 48357.4 27775 6464.45 27670.8
 274470 47391.9 15435.1 8865.44 10895.5
 219462 83667.3 14130.6 4602.19 5892.02
 361435 75780.1 28675.7 4843.04 3596.74
 152849 117061 24178.5 9149.33 2692.81
 73642.7 42969 31883.4 6585.37 3225.38
 67115.8 26000.9 15097.8 11202.7 3447.16
 86898.7 21045.2 8001.2 4646.02 4508.17
 157108 26055.3 6160.09 2342.01 2679.5
 194444 54803 9031.99 2135.38 1740.69
 164106 55548.8 15197.2 2504.62 1074.85
 116181 47821.7 15749.5 4308.8 1014.87
 122042 29582.4 11660.6 3840.28 1298.1
 630644 35262.9 8308.1 3274.84 1443.1
 147650 187244 10209.2 2405.33 1365.92
 944581 47295.6 59009.5 3217.4 1188.5
 556623 300455 14788.7 18451.5 1377.66
 423260 165739 87264.2 4295.23 5759.17
 653650 129355 49559.4 26093.9 3006.48
 870886 209174 40721.4 15601.4 9160.87
 191743 268468 63154.8 12294.8 7476.36
 567504 63628.8 88015.8 20704.9 6481.87
 475040 191106 21205.1 29332.4 9060.35
 215666 159567 63509.8 7047.07 12759
 479438 73697.6 54056.3 21515.1 6709.66
 534609 161206 24519.2 17984.6 9390.39
 160806 181967 54370.9 8269.75 9232.92
 121246 54898.1 61578.5 18399.4 5922.98
 461008 40238.5 17999.8 20190.1 7974.73
pred_Ctot
 11486.8 3003.21 12200.8 654.283 0.0201512
 11787.1 7636.33 1777.31 7220.45 387.218
 11145.3 4093.09 2350.94 547.166 2342.12
 30193.4 5775.14 1880.91 1080.34 1327.72
 8559.22 3635.81 614.051 199.991 256.041
 27612 6430.97 2433.53 410.998 305.232
 23290 19687.4 4066.35 1538.73 452.877
 1880.53 1223.89 908.134 187.571 91.8685
 6345.82 2726.81 1583.36 1174.87 361.516
 10330.9 2769.44 1052.92 611.392 593.252
 5166.86 955.224 225.837 85.8613 98.2341
 28034.9 8727.39 1438.35 340.059 277.205
 21976.9 8223.83 2249.9 370.802 159.129
 23294.3 10537.9 3470.54 949.479 223.636
 16882.1 4522.17 1782.52 587.053 198.436
 78259.7 4841.67 1140.72 449.642 198.14
 12202.8 17181.7 936.803 220.715 125.338
 81788.6 4545.31 5671.07 309.206 114.22
 68233.2 40756.1 2006.06 2502.9 186.877
 45972.6 19943.8 10500.8 516.857 693.018
 54382.1 11948.3 4577.71 2410.24 277.703
 90496.6 24090.2 4689.83 1796.8 1055.05
 11972.7 18643.1 4385.62 853.781 519.177
 30577.7 3815.41 5277.74 1241.54 388.676
 26295.7 11771.4 1306.16 1806.77 558.084
 9752.45 8035.82 3198.36 354.891 642.544
 26257.9 4491.59 3294.53 1311.26 408.929
 25427.9 8537.43 1298.53 952.458 497.313
 7363.52 9279.17 2772.57 421.705 470.821
 7564.64 3809.15 4272.67 1276.66 410.971
 29532.4 2866.32 1282.18 1438.21 568.065
F
 0.0732496 0.0818675 0.0818675 0.0818675 0.0818675
 0.131329 0.14678 0.14678 0.14678 0.14678
 0.127031 0.141977 0.141977 0.141977 0.141977
 0.187993 0.210111 0.210111 0.210111 0.210111
 0.063344 0.0707965 0.0707965 0.0707965 0.0707965
 0.127384 0.142371 0.142371 0.142371 0.142371
 0.268969 0.300614 0.300614 0.300614 0.300614
 0.0410943 0.0459291 0.0459291 0.0459291 0.0459291
 0.159745 0.178539 0.178539 0.178539 0.178539
 0.204521 0.228583 0.228583 0.228583 0.228583
 0.0531906 0.0594485 0.0594485 0.0594485 0.0594485
 0.252884 0.282637 0.282637 0.282637 0.282637
 0.233034 0.260451 0.260451 0.260451 0.260451
 0.367972 0.411264 0.411264 0.411264 0.411264
 0.24153 0.269947 0.269947 0.269947 0.269947
 0.214328 0.239544 0.239544 0.239544 0.239544
 0.13843 0.154716 0.154716 0.154716 0.154716
 0.145444 0.162556 0.162556 0.162556 0.162556
 0.211477 0.236357 0.236357 0.236357 0.236357
 0.185424 0.20724 0.20724 0.20724 0.20724
 0.139407 0.155809 0.155809 0.155809 0.155809
 0.176778 0.197577 0.197577 0.197577 0.197577
 0.103088 0.115216 0.115216 0.115216 0.115216
 0.0884209 0.0988237 0.0988237 0.0988237 0.0988237
 0.0909331 0.101631 0.101631 0.101631 0.101631
 0.0737615 0.0824396 0.0824396 0.0824396 0.0824396
 0.0899321 0.100513 0.100513 0.100513 0.100513
 0.0777102 0.0868529 0.0868529 0.0868529 0.0868529
 0.0747226 0.0835138 0.0835138 0.0835138 0.0835138
 0.103 0.115118 0.115118 0.115118 0.115118
 0.105881 0.118338 0.118338 0.118338 0.118338
YTP_r0W_actual
 245119 40415.1 35388.2 49186.7 21188.8
YTP_p0W_proyectada
 361257 357664 45509.8 25849.9 44314.1
 361257 242780 149223 16333.9 10795
CTP_r0_actual
 29532.4 2866.32 1282.18 1438.21 568.065
CTP_p0_proyectada
 48232 22824.8 1967.57 880.146 1309.9
 48232 15493.3 6451.51 556.141 319.095
Wmedp
 7.49 15.67 23.13 29.37 33.83
Frms_r0
 0.105881 0.118338 0.118338 0.118338 0.118338
Zrms_r0
 1.10588 1.11834 1.11834 1.11834 1.11834
nmprior
 8.19 8.8 8.5 0
nm_flota  nm_reclas  nm_pelaces    nm_pelaL
inf 11.6226 17.4185 41.0501
cv_recla  cv_pelaces  cv_mph
0.365803 0.472846 0.879607
 ------------------------------------------------
Talla a la edad & desviaci?n 
 8 13.2811 15.8009 17.003 17.5766
 0.8 1.32811 1.58009 1.7003 1.75766
