years
 1991 1992 1993 1994 1995 1996 1997 1998 1999 2000 2001 2002 2003 2004 2005 2006 2007 2008 2009 2010 2011 2012 2013 2014 2015 2016 2017 2018 2019 2020 2021
reclasobs
 0 0 0 0 0 0 0 0 0 252601 567819 844713 477998 351125 339783 2.1784e+06 2.13404e+06 4.81314e+06 1.55562e+06 2.62356e+06 3.21686e+06 3.843e+06 1.13348e+06 3.07943e+06 1.97215e+06 2.03268e+06 2.025e+06 2.42433e+06 2.27542e+06 1.05018e+06 2.36338e+06
reclaspred
 3.36099e+06 1.96553e+06 1.00114e+06 969148 956372 1.40726e+06 1.03252e+06 945644 700903 535501 512945 616673 632722 549996 564943 1.23166e+06 1.3051e+06 2.48731e+06 2.12889e+06 1.65764e+06 2.96938e+06 2.42343e+06 2.033e+06 3.0179e+06 2.30004e+06 2.03257e+06 2.34139e+06 2.42651e+06 2.07486e+06 1.38562e+06 1.91031e+06
pelacesobs
 0 0 0 0 0 0 0 0 0 0 0 0 0 0 0 552880 188675 0 991730 2.46772e+06 1.41603e+06 1.21717e+06 2.29649e+06 1.80582e+06 0 1.4828e+06 1.56532e+06 1.57751e+06 1.42118e+06 867257 1.10002e+06
pelacespred
 1.90229e+06 1.26615e+06 667547 524383 511636 777242 572800 581536 442299 328969 313266 324958 360543 346449 354194 630637 658682 1.40304e+06 1.29135e+06 947777 1.54906e+06 1.4469e+06 1.16661e+06 1.85195e+06 1.39111e+06 1.21141e+06 1.57481e+06 1.61497e+06 1.13859e+06 874507 1.19942e+06
mphobs
 0 0 0 0 0 0 0 0 0 0 0 498337 0 5186 125008 0 168611 109162 213762 579715 649985 157893 87575 83554 0 0 0 0 0 0 0
mphpred
 486522 329442 173519 92939.2 102415 109635 144439 108548 91980.4 68206.5 47246.4 57618.2 64025.6 58842 47403.9 57187 143874 147301 243720 200088 218881 268806 257532 219869 292927 242424 200318 208736 280873 202228 132535
desembarqueobs
 494567 514787 250237 358949 120608 361735 552515 73892 212993 205616 52469 317467 293654 387597 252695 516296 358380 742168 942051 627588 828172 859565 418607 520667 417249 300574 415391 372974 316634 284311 391294
desembarquepred
 494570 512874 251221 358958 120610 361740 552541 73893.4 213012 205634 52470 317505 293688 387641 252701 516292 358391 742134 941988 627550 828203 859589 418614 520677 417251 300575 415392 372970 316634 284316 391295
Reclutas
 378194 231111 217668 435747 348803 570823 242300 121481 109217 139467 249241 292743 250418 179470 194912 973720 240648 1.4081e+06 844720 636763 1.03008e+06 1.36458e+06 308590 929080 768055 350427 782260 871624 261645 198137 756408
log_desv_Rt
 -0.0354497 -0.52796 -0.587884 0.106206 -0.116351 0.376222 -0.480679 -1.1711 -1.27752 -1.03303 -0.452435 -0.291564 -0.447726 -0.780851 -0.698308 0.910267 -0.487524 1.27914 0.768149 0.48554 0.966534 1.24775 -0.238845 0.863338 0.673005 -0.111706 0.691331 0.799501 -0.403869 -0.681901 0.657723
SSB
 9.30289e+06 6.29933e+06 3.31789e+06 1.77711e+06 1.9583e+06 2.09636e+06 2.76184e+06 2.07557e+06 1.75878e+06 1.30419e+06 903409 1.10173e+06 1.22425e+06 1.12513e+06 906420 1.09349e+06 2.75105e+06 2.81657e+06 4.66021e+06 3.82593e+06 4.18528e+06 5.1399e+06 4.92432e+06 4.20417e+06 5.60113e+06 4.63543e+06 3.83032e+06 3.99129e+06 5.37064e+06 3.86684e+06 2.53422e+06
BT
 1.19053e+07 8.15928e+06 4.29086e+06 3.47515e+06 3.18467e+06 5.00359e+06 3.95804e+06 3.57505e+06 2.88184e+06 2.18762e+06 1.93797e+06 2.23388e+06 2.44684e+06 2.49779e+06 2.39359e+06 4.23155e+06 4.25958e+06 9.12823e+06 8.71596e+06 6.2945e+06 1.00278e+07 9.55089e+06 7.41231e+06 1.16659e+07 8.7835e+06 7.58273e+06 9.93272e+06 1.01242e+07 7.13569e+06 5.5554e+06 7.61877e+06
Ftot
 0.0459744 0.0812559 0.0781871 0.115441 0.0395162 0.080432 0.165578 0.0245027 0.0947646 0.119451 0.0321541 0.159811 0.144228 0.217594 0.139345 0.13095 0.0856419 0.093396 0.137542 0.117869 0.0871712 0.110606 0.0643033 0.0541494 0.0567575 0.046287 0.0556588 0.0482765 0.0476745 0.0640681 0.0642884
BD_Bspro_t
 0.992671 0.942809 0.875517 0.829149 0.82265 0.856961 0.851162 0.774705 0.806347 0.790747 0.776192 0.860707 0.794629 0.745362 0.688844 0.727815 0.809116 0.804862 0.838943 0.78846 0.7731 0.804998 0.815795 0.817056 0.871116 0.875377 0.879577 0.894755 0.912666 0.885704 0.857941
BD_Bspro
 3.32624 2.25232 1.18631 0.635405 0.70019 0.749553 0.987496 0.742121 0.62885 0.466313 0.323013 0.393923 0.437729 0.40229 0.32409 0.390975 0.983637 1.00706 1.66626 1.36796 1.49644 1.83777 1.76069 1.5032 2.00268 1.6574 1.36953 1.42708 1.92027 1.38259 0.906111
BD_Bo
 2.25647 1.52794 0.804775 0.431049 0.474998 0.508485 0.669902 0.503444 0.426602 0.31634 0.219127 0.267232 0.296949 0.272907 0.219858 0.265232 0.667285 0.683177 1.13036 0.928002 1.01517 1.24672 1.19443 1.01975 1.35859 1.12435 0.929067 0.968112 1.30268 0.937926 0.614692
BD_Brms
 4.10268 2.77808 1.46323 0.783726 0.863633 0.924519 1.218 0.915352 0.77564 0.575163 0.398414 0.485876 0.539907 0.496195 0.399742 0.48224 1.21324 1.24214 2.05521 1.68728 1.84576 2.26676 2.17168 1.85409 2.47016 2.04428 1.68921 1.7602 2.36851 1.70532 1.11762
Sel_flota
 0.988062 1 1 1 1
 0.988062 1 1 1 1
 0.988062 1 1 1 1
 0.988062 1 1 1 1
 0.988062 1 1 1 1
 0.988062 1 1 1 1
 0.988062 1 1 1 1
 0.988062 1 1 1 1
 0.988062 1 1 1 1
 0.988062 1 1 1 1
 0.988062 1 1 1 1
 0.988062 1 1 1 1
 0.988062 1 1 1 1
 0.988062 1 1 1 1
 0.988062 1 1 1 1
 0.988062 1 1 1 1
 0.988062 1 1 1 1
 0.988062 1 1 1 1
 0.988062 1 1 1 1
 0.988062 1 1 1 1
 0.988062 1 1 1 1
 0.988062 1 1 1 1
 0.988062 1 1 1 1
 0.988062 1 1 1 1
 0.988062 1 1 1 1
 0.988062 1 1 1 1
 0.988062 1 1 1 1
 0.988062 1 1 1 1
 0.988062 1 1 1 1
 0.988062 1 1 1 1
 0.988062 1 1 1 1
Sel_reclas
 1 1 1 1 1
 1 1 1 1 1
 1 1 1 1 1
 1 1 1 1 1
 1 1 1 1 1
 1 1 1 1 1
 1 1 1 1 1
 1 1 1 1 1
 1 1 1 1 1
 1 1 1 1 1
 1 1 1 1 1
 1 1 1 1 1
 1 1 1 1 1
 1 1 1 1 1
 1 1 1 1 1
 1 1 1 1 1
 1 1 1 1 1
 1 1 1 1 1
 1 1 1 1 1
 1 1 1 1 1
 1 1 1 1 1
 1 1 1 1 1
 1 1 1 1 1
 1 1 1 1 1
 1 1 1 1 1
 1 1 1 1 1
 1 1 1 1 1
 1 1 1 1 1
 1 1 1 1 1
 1 1 1 1 1
 1 1 1 1 1
Sel_pelaces
 1 1 1 1 1
 1 1 1 1 1
 1 1 1 1 1
 1 1 1 1 1
 1 1 1 1 1
 1 1 1 1 1
 1 1 1 1 1
 1 1 1 1 1
 1 1 1 1 1
 1 1 1 1 1
 1 1 1 1 1
 1 1 1 1 1
 1 1 1 1 1
 1 1 1 1 1
 1 1 1 1 1
 1 1 1 1 1
 1 1 1 1 1
 1 1 1 1 1
 1 1 1 1 1
 1 1 1 1 1
 1 1 1 1 1
 1 1 1 1 1
 1 1 1 1 1
 1 1 1 1 1
 1 1 1 1 1
 1 1 1 1 1
 1 1 1 1 1
 1 1 1 1 1
 1 1 1 1 1
 1 1 1 1 1
 1 1 1 1 1
pf_obs 
 0.8446 0.082 0.0669 0.0065 0
 0.8095 0.147 0.0364 0.0071 0
 0.9664 0.0169 0.016 0.0007 0
 0.9276 0.0648 0.0075 0.0001 0
 0.7033 0.2144 0.0806 0.0017 0
 0.9318 0.0425 0.0243 0.0014 0
 0.5671 0.3108 0.0964 0.0239 0.0018
 0.0768 0.2599 0.5324 0.112 0.0189
 0.490249 0.384438 0.106611 0.0170017 0.00170017
 0.7925 0.1577 0.0466 0.003 0.0002
 0.840416 0.127587 0.0312969 0.00059994 9.999e-05
 0.8084 0.0986 0.0794 0.0134 0.0002
 0.7335 0.1905 0.0724 0.0035 0.0001
 0.4001 0.4547 0.1325 0.0127 0
 0.49795 0.308269 0.164784 0.0264974 0.00249975
 0.9179 0.0499 0.0305 0.0017 0
 0.2467 0.6533 0.0926 0.0074 0
 0.9418 0.0223 0.034 0.0019 0
 0.707729 0.231977 0.0356964 0.0245975 0
 0.517169 0.277429 0.184464 0.0207286 0.00020938
 0.811772 0.124168 0.05621 0.00726502 0.000585176
 0.764997 0.148141 0.077277 0.00933861 0.000247198
 0.163321 0.427699 0.378323 0.0303852 0.000271297
 0.753843 0.0900009 0.118128 0.0371064 0.000921714
 0.721811 0.176058 0.0630433 0.0369309 0.00215725
 0.143369 0.312575 0.442814 0.0836902 0.0175525
 0.692698 0.0596174 0.167031 0.0765114 0.00414204
 0.394062 0.376323 0.152708 0.0712218 0.00568511
 0.125707 0.32114 0.495352 0.0537591 0.00404204
 0.23352 0.215282 0.420074 0.123614 0.00750983
 0.796117 0.104755 0.0508955 0.0450114 0.00322123
pf_pred 
 0.401659 0.101224 0.473473 0.0236427 6.87767e-07
 0.410116 0.238683 0.0594144 0.277909 0.0138777
 0.531165 0.193705 0.111325 0.0277117 0.136093
 0.756407 0.130149 0.0468705 0.026937 0.0396356
 0.646485 0.268234 0.0455649 0.0164092 0.0233069
 0.748028 0.163602 0.0670514 0.01139 0.00992798
 0.481059 0.389409 0.0841038 0.0344694 0.010959
 0.434466 0.273917 0.218827 0.0472618 0.0255284
 0.519859 0.210043 0.130822 0.104511 0.0347644
 0.663419 0.176039 0.0702306 0.0437422 0.0465686
 0.782573 0.144868 0.03795 0.0151401 0.0194689
 0.718874 0.220585 0.0403375 0.0105669 0.00963665
 0.660167 0.245197 0.0742555 0.0135788 0.00680114
 0.595695 0.268088 0.0982833 0.0297641 0.00816899
 0.684308 0.189086 0.0839502 0.0307768 0.0118785
 0.913696 0.0593003 0.0161741 0.00718096 0.00364866
 0.408749 0.540824 0.0346492 0.00945053 0.00632775
 0.87572 0.0511784 0.0668666 0.00428397 0.0019508
 0.607975 0.343842 0.0198417 0.025924 0.0024172
 0.586449 0.252707 0.141075 0.00814089 0.0116281
 0.742211 0.151982 0.0646548 0.0360941 0.00505789
 0.74288 0.191456 0.0387125 0.0164688 0.0104821
 0.335604 0.495185 0.125998 0.0254768 0.0177365
 0.744675 0.0863987 0.125903 0.0320356 0.0109872
 0.636402 0.271616 0.0311254 0.0453571 0.0154991
 0.453177 0.349567 0.147355 0.0168859 0.0330152
 0.741214 0.118067 0.089957 0.0379202 0.0128415
 0.701641 0.221856 0.0349037 0.0265936 0.0150065
 0.373294 0.441338 0.137837 0.0216853 0.0258457
 0.445149 0.208727 0.243747 0.0761259 0.0262509
 0.830445 0.0759995 0.0351944 0.0410992 0.0172622
pobs_RECLAS
 0 0 0 0 0
 0 0 0 0 0
 0 0 0 0 0
 0 0 0 0 0
 0 0 0 0 0
 0 0 0 0 0
 0 0 0 0 0
 0 0 0 0 0
 0 0 0 0 0
 0 0 0 0 0
 0.991045 0.00858322 0.000360255 1.14367e-05 0
 0.934742 0.0480273 0.0164251 0.00080598 0
 0.827803 0.169806 0.00239088 0 0
 0.941827 0.0461693 0.0120037 0 0
 0.791401 0.0380133 0.147996 0.0225897 0
 0.846168 0.0940531 0.0597789 0 0
 0.134021 0.677848 0.182769 0.00536245 0
 0.80878 0.0450904 0.141981 0.00414843 0
 0.846168 0.0940531 0.0597789 0 0
 0.905697 0.0802665 0.012482 0.00150086 5.37128e-05
 0.989698 0.0102097 9.19794e-05 0 0
 0.975433 0.0193895 0.00387452 0.00125025 5.28907e-05
 0.303575 0.632131 0.0575291 0.00676475 0
 0.966965 0.00978017 0.0227588 0.000495775 0
 0.843318 0.132988 0.00938335 0.0141283 0.000182051
 0.564624 0.303363 0.111486 0.0197234 0.00080311
 0.826376 0.0876187 0.0782897 0.00655872 0.00115652
 0.89761 0.0855135 0.0140674 0.00269457 0.000114338
 0.34875 0.467042 0.161289 0.0227151 0.000203297
 0.318654 0.224769 0.449479 0.00709798 0
 0.937255 0.0296025 0.0250945 0.00804832 0
ppred_RECLAS
 0.40456 0.100733 0.471178 0.0235281 6.84432e-07
 0.413045 0.237497 0.0591194 0.276529 0.0138088
 0.534175 0.192461 0.11061 0.0275338 0.13522
 0.758637 0.128958 0.0464416 0.0266906 0.0392729
 0.649234 0.266148 0.0452105 0.0162816 0.0231256
 0.750301 0.162126 0.0664466 0.0112873 0.00983843
 0.484105 0.387123 0.0836101 0.0342671 0.0108947
 0.437425 0.272484 0.217682 0.0470145 0.0253948
 0.522881 0.208721 0.129999 0.103853 0.0345456
 0.666125 0.174624 0.0696661 0.0433906 0.0461943
 0.784615 0.143507 0.0375936 0.0149979 0.0192861
 0.721331 0.218657 0.039985 0.0104746 0.00955242
 0.662892 0.243231 0.0736601 0.01347 0.00674661
 0.598646 0.266132 0.097566 0.0295469 0.00810937
 0.68693 0.187516 0.0832529 0.0305212 0.0117799
 0.91465 0.058645 0.0159954 0.00710161 0.00360835
 0.411676 0.538146 0.0344776 0.00940373 0.00629642
 0.877032 0.0506382 0.0661607 0.00423874 0.00193021
 0.61087 0.341303 0.0196952 0.0257325 0.00239935
 0.58939 0.25091 0.140072 0.008083 0.0115455
 0.74452 0.150621 0.0640758 0.0357708 0.00501259
 0.74519 0.189736 0.0383647 0.0163208 0.010388
 0.338302 0.493174 0.125486 0.0253734 0.0176645
 0.746963 0.0856247 0.124775 0.0317486 0.0108888
 0.63919 0.269534 0.0308868 0.0450093 0.0153803
 0.456166 0.347655 0.14655 0.0167936 0.0328347
 0.743522 0.117014 0.0891547 0.037582 0.012727
 0.704159 0.219983 0.0346091 0.0263691 0.0148798
 0.37612 0.439348 0.137215 0.0215875 0.0257292
 0.448134 0.207605 0.242436 0.0757164 0.0261097
 0.832138 0.0752403 0.0348429 0.0406887 0.0170898
pobs_PELACES
 0 0 0 0 0
 0 0 0 0 0
 0 0 0 0 0
 0 0 0 0 0
 0 0 0 0 0
 0 0 0 0 0
 0 0 0 0 0
 0 0 0 0 0
 0 0 0 0 0
 0 0 0 0 0
 0 0 0 0 0
 0 0 0 0 0
 0 0 0 0 0
 0 0 0 0 0
 0 0 0 0 0
 0 0 0 0 0
 0.505614 0.472636 0.0217494 0 0
 0 0 0 0 0
 0.443492 0.261883 0.143347 0.151278 0
 0.227955 0.32914 0.350689 0.0885471 0.00366901
 0.970185 0.0296113 0.000203453 0 0
 0.997202 0.00247181 0.000326279 0 0
 0.445219 0.490057 0.0546422 0.010081 0
 0.90214 0.0892962 0.00764917 0.000914606 0
 0 0 0 0 0
 0.581667 0.319106 0.0959925 0.00289975 0.000334073
 0.762889 0.0836404 0.116647 0.0363945 0.000428098
 0.88444 0.0763242 0.0277011 0.0115352 0
 0.521256 0.241999 0.230069 0.00667565 0
 0.616807 0.101726 0.260614 0.0208532 0
 0.833518 0.0704572 0.0857862 0.0102388 0
ppred_PELACES
 0.404604 0.100726 0.471143 0.0235264 6.84382e-07
 0.413123 0.237466 0.0591116 0.276493 0.013807
 0.534252 0.19243 0.110592 0.0275292 0.135197
 0.75872 0.128914 0.0464256 0.0266813 0.0392594
 0.64927 0.266121 0.045206 0.0162799 0.0231233
 0.750361 0.162088 0.0664308 0.0112846 0.00983609
 0.484268 0.387001 0.0835837 0.0342563 0.0108913
 0.437449 0.272473 0.217672 0.0470125 0.0253937
 0.522975 0.20868 0.129974 0.103833 0.0345389
 0.666229 0.17457 0.0696442 0.043377 0.0461798
 0.784637 0.143493 0.0375898 0.0149964 0.0192841
 0.721458 0.218557 0.0399668 0.0104698 0.00954809
 0.663019 0.243139 0.0736324 0.0134649 0.00674406
 0.598852 0.265995 0.0975159 0.0295317 0.00810521
 0.687048 0.187445 0.0832215 0.0305097 0.0117754
 0.91469 0.0586174 0.0159878 0.00709826 0.00360665
 0.411758 0.538071 0.0344728 0.00940243 0.00629554
 0.877072 0.0506218 0.0661394 0.00423738 0.00192959
 0.610999 0.34119 0.0196887 0.025724 0.00239856
 0.589502 0.250841 0.140034 0.00808079 0.0115423
 0.744586 0.150582 0.0640594 0.0357616 0.00501131
 0.745273 0.189675 0.0383523 0.0163155 0.0103846
 0.338358 0.493132 0.125476 0.0253712 0.0176629
 0.747003 0.085611 0.124755 0.0317435 0.010887
 0.639242 0.269495 0.0308824 0.0450028 0.0153781
 0.456212 0.347627 0.146538 0.0167922 0.032832
 0.743564 0.116995 0.0891402 0.0375759 0.0127249
 0.704199 0.219954 0.0346044 0.0263656 0.0148778
 0.376164 0.439317 0.137206 0.021586 0.0257274
 0.448196 0.207581 0.242408 0.0757078 0.0261067
 0.832174 0.0752245 0.0348355 0.0406801 0.0170862
pobs_pel_tallas
 0 0 0 0 0 0 0 0 0 0 0 0 0 0 0 0 0 0 0 0 0 0 0 0 0 0
 0 0 0 0 0 0 0 0 0 0 0 0 0 0 0 0 0 0 0 0 0 0 0 0 0 0
 0 0 0 0 0 0 0 0 0 0 0 0 0 0 0 0 0 0 0 0 0 0 0 0 0 0
 0 0 0 0 0 0 0 0 0 0 0 0 0 0 0 0 0 0 0 0 0 0 0 0 0 0
 0 0 0 0 0 0 0 0 0 0 0 0 0 0 0 0 0 0 0 0 0 0 0 0 0 0
 0 0 0 0 0 0 0 0 0 0 0 0 0 0 0 0 0 0 0 0 0 0 0 0 0 0
 0 0 0 0 0 0 0 0 0 0 0 0 0 0 0 0 0 0 0 0 0 0 0 0 0 0
 0 0 0 0 0 0 0 0 0 0 0 0 0 0 0 0 0 0 0 0 0 0 0 0 0 0
 0 0 0 0 0 0 0 0 0 0 0 0 0 0 0 0 0 0 0 0 0 0 0 0 0 0
 0 0 0 0 0 0 0 0 0 0 0 0 0 0 0 0 0 0 0 0 0 0 0 0 0 0
 0 0 0 0 0 0 0 0 0 0 0 0 0 0 0 0 0 0 0 0 0 0 0 0 0 0
 0 0 0 0 0 0 0 0 0 0 0 0 0 0 0 0 0 0 0 0 0 0 0 0 0 0
 0.00862536 0 0 0.000197151 0.00414017 0.0128641 0.00837892 0.0270097 0.101434 0.158115 0.152841 0.127902 0.109271 0.109419 0.0830992 0.0579132 0.0238553 0.00714673 0.00463305 0.00128148 0.00103504 0.000492878 0.000147863 0.000147863 4.92878e-05 0
 0 0 0 0 0 0 0 0 0 0 0 0 0 0 0 0 0 0 0 0 0 0 0 0 0 0
 0 0 0 0 0 0 0 0.0054083 0.00873648 0.0413646 0.0450493 0.0745869 0.0622846 0.0627006 0.0613931 0.0827291 0.12552 0.122667 0.0946155 0.0697135 0.0546179 0.0294188 0.0215738 0.0213955 0.0102223 0.00600262
 0 0 0 0 0.00359764 0.0251062 0.0480494 0.140153 0.205849 0.193036 0.1447 0.116669 0.0760912 0.0342217 0.00950174 0.001854 0.000860785 0 0 0 0.000165536 0 0.000143464 0 0 0
 0 0 0 0 0 0 0 0.000145254 0.000435761 0.0275982 0.070085 0.0708112 0.156366 0.174668 0.174014 0.160142 0.0824315 0.0480064 0.0283245 0.00493863 0.00203355 0 0 0 0 0
 0 0 0 0 0 0 0 0 0 0 0 0 0 0 0 0 0 0 0 0 0 0 0 0 0 0
 0 0 1.00437e-05 0.000401748 0.00122533 0.00171747 0.00176769 0.0269171 0.070346 0.194647 0.189555 0.159765 0.064822 0.0314167 0.0384472 0.0292271 0.0345202 0.0313363 0.0194345 0.0106764 0.0143323 0.0359363 0.0279516 0.0138201 0.00172751 0
 0 0.0021121 0.0136068 0.0755702 0.200478 0.177729 0.0527432 0.0373336 0.0318909 0.0142505 0.0149659 0.0166563 0.0217959 0.0798694 0.0677717 0.0528807 0.04013 0.0224614 0.0357745 0.0225083 0.00881397 0.00855152 0.00135912 0.000746735 0 0
 0 0 0 0 5.4009e-05 0.00500934 0.000945158 0.0243581 0.138947 0.33067 0.221406 0.137944 0.0707744 0.0437923 0.0131692 0.00525238 0.0047753 0.00276346 9.45158e-05 9.00151e-06 2.25038e-05 9.00151e-06 4.50075e-06 0 0 0
 0.000866109 0.00284123 0.00948549 0.0512746 0.133035 0.25785 0.225252 0.132002 0.0553304 0.0519788 0.0540692 0.017754 0.00435017 0.00159236 0.00146478 0.000404838 0.000125132 0.000115318 0.000107957 0.000100596 0 0 0 0 0 0
 0 0 0 0 0.00144013 0.00171154 0.00461396 0.0210425 0.0478622 0.0707936 0.0888783 0.103762 0.0637923 0.0337046 0.0602308 0.124433 0.169614 0.0934646 0.0462172 0.0250306 0.0313229 0.00938855 0.002487 0.000210481 0 0
 0 0.00764035 0.051015 0.0998891 0.058973 0.0496711 0.0374665 0.0718981 0.12319 0.153886 0.159021 0.0857701 0.0377988 0.023471 0.0147837 0.00900784 0.00315554 0.000888139 0.00291439 0.00214683 0.00393193 0.00274676 0.000635225 9.99891e-05 0 0
 0 0 0 0 0 0 0 0 0 0 0 0 0 0 0 0 0 0 0 0 0 0 0 0 0 0
 0 0 0 0 0 0 0 0 0 0 0 0 0 0 0 0 0 0 0 0 0 0 0 0 0 0
 0 0 0 0 0 0 0 0 0 0 0 0 0 0 0 0 0 0 0 0 0 0 0 0 0 0
 0 0 0 0 0 0 0 0 0 0 0 0 0 0 0 0 0 0 0 0 0 0 0 0 0 0
 0 0 0 0 0 0 0 0 0 0 0 0 0 0 0 0 0 0 0 0 0 0 0 0 0 0
 0 0 0 0 0 0 0 0 0 0 0 0 0 0 0 0 0 0 0 0 0 0 0 0 0 0
 0 0 0 0 0 0 0 0 0 0 0 0 0 0 0 0 0 0 0 0 0 0 0 0 0 0
ppred_pel_tallas
 1.15982e-16 3.33267e-05 0.000323947 0.00215275 0.00978607 0.0304482 0.0648734 0.0946868 0.0946972 0.0649247 0.0306223 0.0102981 0.00347214 0.00331692 0.00604705 0.0108014 0.0175467 0.0261967 0.0365255 0.0481761 0.0604279 0.071835 0.080199 0.0832241 0.0795991 0.0697856
 1.31832e-16 3.40284e-05 0.000330768 0.00219807 0.00999214 0.0310894 0.06624 0.0966841 0.0967071 0.0663526 0.0314678 0.0110873 0.00495529 0.00637836 0.0116085 0.0193868 0.0285546 0.0373514 0.0441384 0.0484955 0.0515931 0.0553525 0.0609674 0.0679104 0.0741041 0.0770203
 1.28881e-16 4.40057e-05 0.000427751 0.00284256 0.0129219 0.0402048 0.0856612 0.125029 0.125048 0.0857527 0.0405125 0.0138129 0.00508766 0.00535761 0.00949351 0.0158596 0.023413 0.0306987 0.0363219 0.0398131 0.0419597 0.0442182 0.0476385 0.0521292 0.0565214 0.059231
 1.10693e-16 6.24948e-05 0.000607471 0.00403686 0.018351 0.0570968 0.121651 0.177556 0.177569 0.121712 0.0573019 0.0189442 0.00552904 0.00387551 0.00630118 0.0104052 0.0151954 0.0195774 0.0225034 0.0235575 0.0232179 0.0225057 0.0222882 0.0227781 0.0235349 0.0238412
 1.06919e-16 5.34796e-05 0.00051984 0.00345452 0.0157038 0.0488604 0.104103 0.151947 0.151973 0.104229 0.0492816 0.0169207 0.00651006 0.0071936 0.0127388 0.0210046 0.0303256 0.0382991 0.0425231 0.0419214 0.0373929 0.0311907 0.025541 0.021571 0.0191715 0.0175705
 1.04755e-16 6.18062e-05 0.000600779 0.00399239 0.0181488 0.0564678 0.120311 0.175601 0.175617 0.120388 0.0567256 0.0188943 0.0058672 0.00470499 0.00789022 0.0130349 0.0189789 0.0243031 0.0275951 0.0281955 0.0265521 0.0238338 0.0211363 0.0189245 0.0170466 0.0151287
 1.0779e-16 3.98886e-05 0.000387731 0.00257661 0.0117129 0.0364435 0.077648 0.113337 0.113375 0.0778306 0.0370566 0.0134845 0.00702617 0.0101103 0.0185319 0.0306461 0.0443154 0.0560982 0.0625113 0.0619621 0.0556762 0.0467997 0.0384258 0.0321012 0.0276873 0.0242159
 1.15364e-16 3.60321e-05 0.000350245 0.0023275 0.0105805 0.03292 0.0701406 0.102378 0.102404 0.0702705 0.0333571 0.0118466 0.00551994 0.00736718 0.0135032 0.0226358 0.0334712 0.0439155 0.0518215 0.0561682 0.057527 0.0573479 0.0567013 0.055567 0.0531422 0.0487009
 1.20063e-16 4.30768e-05 0.000418722 0.00278255 0.0126491 0.0393561 0.0838532 0.12239 0.122411 0.0839525 0.0396902 0.0136168 0.00522161 0.00577714 0.0103213 0.0172672 0.0255245 0.0335164 0.0396951 0.0434536 0.0454648 0.0470563 0.0491164 0.0514241 0.0528523 0.052146
 1.1422e-16 5.48765e-05 0.000533419 0.00354476 0.016114 0.0501366 0.106822 0.155913 0.15593 0.106905 0.0504146 0.0169181 0.0055681 0.00496664 0.00852334 0.0141361 0.0206794 0.0267094 0.0308208 0.0324503 0.0322242 0.0314789 0.0313255 0.0319943 0.0328612 0.0329753
 1.05889e-16 6.46295e-05 0.000628222 0.00417476 0.0189778 0.0590472 0.125807 0.183622 0.183635 0.125875 0.0592748 0.0196358 0.00582797 0.00424315 0.0069479 0.0114321 0.0165785 0.0211023 0.0237485 0.0239663 0.0222366 0.0197207 0.0175156 0.0160965 0.0152788 0.0145636
 1.03876e-16 5.94256e-05 0.000577638 0.00383861 0.0174498 0.0542928 0.115677 0.168839 0.16886 0.11578 0.0546388 0.0184492 0.00634826 0.00605908 0.0104781 0.017251 0.0248991 0.031428 0.034847 0.0342449 0.0303249 0.0249056 0.0198043 0.0159753 0.0134043 0.0115671
 1.04679e-16 5.46121e-05 0.000530849 0.00352768 0.0160363 0.0498951 0.106308 0.155164 0.155188 0.106422 0.0502809 0.0171515 0.00632995 0.00665844 0.011722 0.0193708 0.0280823 0.0356981 0.0400439 0.0401032 0.036583 0.0313528 0.0262373 0.0221295 0.0189479 0.0161822
 1.07216e-16 4.93267e-05 0.000479473 0.00318627 0.0144843 0.0450663 0.0960194 0.140149 0.140174 0.0961452 0.045489 0.0157067 0.00625942 0.00720472 0.0128706 0.0213278 0.0310206 0.0396469 0.0448822 0.0456489 0.0427065 0.0380174 0.0334279 0.0297319 0.0266796 0.0236268
 1.07503e-16 5.65913e-05 0.000550088 0.00365553 0.0166175 0.0517033 0.11016 0.160786 0.160804 0.110249 0.0520018 0.0174809 0.00582756 0.00530792 0.00914073 0.0151491 0.0221184 0.0284541 0.0325667 0.0337318 0.0324818 0.0301382 0.0278815 0.0261141 0.0245095 0.0225144
 1.01799e-16 7.53418e-05 0.000732349 0.00486672 0.0221234 0.0688341 0.146659 0.214054 0.214059 0.146686 0.0689271 0.0223922 0.00554214 0.00220925 0.00288754 0.00467387 0.00677203 0.00861595 0.00968558 0.0097482 0.00898965 0.00787342 0.00684112 0.006091 0.00556627 0.00509478
 1.03141e-16 3.39161e-05 0.000329676 0.00219082 0.00995917 0.030987 0.0660229 0.0963732 0.096425 0.066276 0.0318364 0.0124119 0.00834416 0.0137517 0.0254932 0.042009 0.0603189 0.0754473 0.0823469 0.0786963 0.0663071 0.0499457 0.0345504 0.0229874 0.0156246 0.0113312
 1.02674e-16 7.22433e-05 0.00070223 0.00466657 0.0212135 0.0660032 0.140627 0.20525 0.205255 0.140651 0.0660852 0.0214515 0.00526826 0.00203037 0.0026374 0.00435717 0.0065284 0.00874724 0.0106355 0.0119892 0.01284 0.0133223 0.0134772 0.013184 0.0122777 0.010727
 1.03642e-16 5.03272e-05 0.000489199 0.0032509 0.0147781 0.0459804 0.0979674 0.142993 0.143026 0.0981279 0.0465192 0.0163337 0.0071537 0.00900322 0.0162032 0.0266648 0.03831 0.0479814 0.0525075 0.0504544 0.0430044 0.033189 0.0241037 0.0174744 0.0134015 0.0110325
 1.06869e-16 4.85565e-05 0.000471987 0.00313652 0.0142582 0.0443626 0.0945202 0.13796 0.137984 0.0946392 0.0447627 0.0154158 0.00605009 0.00685821 0.0122529 0.0203767 0.0298067 0.0384352 0.0441105 0.0457867 0.0440445 0.0404983 0.0366225 0.0329816 0.0293373 0.0252787
 1.06322e-16 6.13306e-05 0.000596155 0.00396166 0.0180091 0.0560332 0.119385 0.174249 0.174264 0.119457 0.0562729 0.0187026 0.00570635 0.0044179 0.00735837 0.0121709 0.0177719 0.022873 0.0262055 0.0272011 0.0263013 0.0245744 0.0229587 0.0217454 0.0206235 0.0190999
 1.04549e-16 6.13872e-05 0.000596705 0.00396532 0.0180258 0.056085 0.119496 0.174411 0.174429 0.119585 0.0563854 0.0188938 0.00614541 0.00535991 0.00911975 0.0150123 0.0216989 0.0274592 0.0305873 0.0303128 0.0272543 0.0229762 0.0190127 0.0161242 0.0142206 0.0127817
 1.09281e-16 2.78702e-05 0.000270909 0.00180029 0.00818387 0.0254633 0.054254 0.0791953 0.0792429 0.0544868 0.026245 0.0104429 0.00747536 0.0126746 0.0236287 0.0391344 0.0566432 0.071802 0.0801741 0.0797014 0.0718807 0.0606308 0.0498149 0.0413818 0.0352186 0.0302263
 1.08648e-16 6.15297e-05 0.00059809 0.00397452 0.0180676 0.0562151 0.119772 0.174813 0.174822 0.119814 0.0563543 0.0184723 0.0049994 0.00286567 0.00445717 0.00750509 0.0113545 0.0154348 0.0191874 0.0223381 0.0249688 0.0272583 0.0291273 0.0301375 0.0297415 0.0276601
 1.08076e-16 5.26535e-05 0.000511811 0.00340117 0.0154612 0.0481057 0.102495 0.1496 0.149626 0.102622 0.048532 0.0166925 0.00649236 0.00726172 0.0128782 0.0212261 0.0306253 0.0386459 0.0428732 0.0422587 0.037774 0.0317632 0.0265063 0.0230996 0.0213085 0.0201856
 1.11558e-16 3.75776e-05 0.000365268 0.00242734 0.0110343 0.0343321 0.0731494 0.106771 0.106804 0.073314 0.0348851 0.0126337 0.0064496 0.00917151 0.0168376 0.0279743 0.0407586 0.0522327 0.0593852 0.0608136 0.0574853 0.0519083 0.0464241 0.0420106 0.0383116 0.0344832
 1.08525e-16 6.12464e-05 0.000595337 0.00395622 0.0179844 0.0559563 0.119221 0.174009 0.174021 0.119277 0.0561439 0.0185281 0.00532718 0.00360912 0.00584711 0.00973373 0.0144048 0.0189417 0.0224488 0.0245281 0.0254682 0.025918 0.0263212 0.0265929 0.0262568 0.0248492
 1.06217e-16 5.80039e-05 0.000563819 0.00374678 0.0170323 0.052994 0.11291 0.1648 0.164821 0.113014 0.0533421 0.0180381 0.00627222 0.00607993 0.0105436 0.0173654 0.0250772 0.0316894 0.0352289 0.0348236 0.0312336 0.0263281 0.0219324 0.0189363 0.0171867 0.0159828
 1.10591e-16 3.09842e-05 0.000301177 0.00200143 0.00909824 0.0283082 0.0603153 0.0880408 0.0880833 0.0605228 0.0290055 0.0111138 0.0070667 0.0113786 0.0211277 0.0350333 0.0508254 0.0646761 0.0726848 0.0730404 0.0670397 0.0580644 0.0493903 0.04258 0.0374089 0.0328622
 1.19059e-16 3.69174e-05 0.00035885 0.00238468 0.0108404 0.0337288 0.0718634 0.104891 0.104911 0.0719631 0.0340645 0.0118148 0.00484818 0.0057953 0.0105347 0.0178127 0.0267283 0.0358768 0.0438199 0.049885 0.0544096 0.0581284 0.0612493 0.0630685 0.0624282 0.0585572
 1.07996e-16 6.85451e-05 0.000666282 0.00442768 0.0201276 0.0626245 0.133428 0.194744 0.194751 0.133464 0.0627446 0.0204752 0.00530318 0.00258732 0.00374665 0.00616605 0.00907254 0.0118428 0.0139119 0.0150775 0.015627 0.0161085 0.0169128 0.0179983 0.018936 0.0191872
pSPR Fmed_Fpbrs
0.842955   0.6 0.325
Fs Fmed_Fpbrs
0.079678   0.250533 0.600081
SSBpbr Bo_Bmed_Bpbrs
4.12275e+06  3.26916e+06  2.26751e+06 1.13376e+06
Ro
391841
SPR SPRFo_SPRFmed_SPRFpbrs
2.79681e+06 2.35759e+06 908965
Fref
0.250533
Nvult_r0
 495267 44816.4 20753.9 24235.9 10179.4
CTP_r0
 29580.8 2707.14 1253.64 1463.97 614.887
YTP_r0
391295
Np
 580692 166780 74778.2 6758.71 4026.12
Nvult_p0
 413911 119022 53365.3 4823.34 2873.23
CTP_p0
 82129.7 37336 3374.55 1562.71 2454.44
 82129.7 23845 10691.2 966.311 575.626
YTP_p0
 1.40719e+06 1.28395e+06
CBA_c0
1.37022e+06
log_Ro
12.6986
likeval ReclasPelacesDesembMPH_pf_preclas_ppelaces_ptallas_desvR_qrecl_qpela
 18.1141 17.5623 0.146673 0.000816274 241.757 122.967 98.1594 0 22.4253 6.24313e-05 4.60838e-05 0.741334 8.11743e-16 0 0
q_reclas_q_pelaces
0.326393 0.380678
M
1
N
 378194 94194.2 440591 22000.8 0.640002
 231111 132951 33095.1 154801 7730.18
 217668 78461.8 45092.9 11224.8 55125.7
 435747 74122.5 26693.6 15341.1 22573.2
 348803 143022 24295.2 8749.38 12427.2
 570823 123404 50576.3 8591.4 7488.59
 242300 193951 41889.3 17168.1 5458.34
 121481 75684.8 60462.9 13058.7 7053.61
 109217 43621.3 27168.9 21704.7 7219.8
 139467 36587.4 14596.5 9091.22 9678.66
 249241 45595.4 11944.3 4765.15 6127.6
 292743 88823.5 16242.8 4255.02 3880.42
 250418 91963.4 27850.2 5092.87 2550.83
 179470 79887.9 29287.5 8869.45 2434.29
 194912 53250.6 23642.1 8667.4 3345.24
 973720 62481.3 17041.7 7566.16 3844.39
 240648 314737 20164.4 5499.81 3682.49
 1.4081e+06 81346.2 106282 6809.2 3100.72
 844720 472347 27257.2 35612.6 3320.58
 636763 271268 151437 8738.83 12482.2
 1.03008e+06 208499 88698 49516.3 6938.77
 1.36458e+06 347672 70299.4 29906.2 19034.9
 308590 450033 114509 23153.8 16119.2
 929080 106535 155247 39502 13547.9
 768055 323983 37126.4 54101.8 18487.3
 350427 267142 112610 12904.4 25230.6
 782260 123152 93830.9 39553.2 13394.5
 871624 272379 42852.2 32649.7 18423.9
 261645 305716 95480 15021.5 17903.4
 198137 91824.8 107231 33489.8 11548.5
 756408 68419.2 31684.1 36999.9 15540.4
pred_Ctot
 10656.2 2685.53 12561.5 627.254 0.0182468
 11344.7 6602.5 1643.54 7687.6 383.889
 10294.2 3754.08 2157.52 537.063 2637.54
 29970.6 5156.81 1857.11 1067.31 1570.45
 8469.87 3514.24 596.964 214.984 305.353
 27745.7 6068.29 2487.05 422.476 368.246
 23426 18962.9 4095.57 1678.55 533.669
 1840.43 1160.34 926.967 200.205 108.14
 6218.31 2512.43 1564.84 1250.11 415.836
 9909.62 2629.53 1049.05 653.385 695.604
 4939.57 914.401 239.539 95.5637 122.887
 27380.2 8401.54 1536.36 402.469 367.037
 21270.4 7900.18 2392.49 437.507 219.131
 22334.7 10051.6 3684.99 1115.96 306.285
 16026.7 4428.45 1966.14 720.801 278.198
 75495.7 4899.79 1336.41 593.339 301.477
 12428.3 16444.2 1053.54 287.351 192.4
 79056.5 4620.18 6036.45 386.739 176.11
 68608.2 38801.6 2239.08 2925.44 272.774
 44673.6 19250.3 10746.6 620.144 885.79
 54115.1 11081.1 4714.02 2631.64 368.774
 90100.4 23220.8 4695.26 1997.42 1271.33
 12070.7 17810.4 4531.8 916.331 637.932
 30730.3 3565.39 5195.61 1322 453.405
 26599.5 11352.7 1300.94 1895.77 647.811
 9939.7 7667.18 3232 370.366 724.136
 26578.9 4233.73 3225.73 1359.77 460.479
 25764.9 8146.76 1281.7 976.542 551.052
 7639.57 9032.11 2820.87 443.796 528.94
 7722.66 3621.11 4228.64 1320.67 455.414
 29580.8 2707.14 1253.64 1463.97 614.887
F
 0.0454255 0.0459744 0.0459744 0.0459744 0.0459744
 0.0802859 0.0812559 0.0812559 0.0812559 0.0812559
 0.0772537 0.0781871 0.0781871 0.0781871 0.0781871
 0.114063 0.115441 0.115441 0.115441 0.115441
 0.0390445 0.0395162 0.0395162 0.0395162 0.0395162
 0.0794718 0.080432 0.080432 0.080432 0.080432
 0.163601 0.165578 0.165578 0.165578 0.165578
 0.0242102 0.0245027 0.0245027 0.0245027 0.0245027
 0.0936333 0.0947646 0.0947646 0.0947646 0.0947646
 0.118024 0.119451 0.119451 0.119451 0.119451
 0.0317702 0.0321541 0.0321541 0.0321541 0.0321541
 0.157903 0.159811 0.159811 0.159811 0.159811
 0.142506 0.144228 0.144228 0.144228 0.144228
 0.214996 0.217594 0.217594 0.217594 0.217594
 0.137681 0.139345 0.139345 0.139345 0.139345
 0.129387 0.13095 0.13095 0.13095 0.13095
 0.0846195 0.0856419 0.0856419 0.0856419 0.0856419
 0.092281 0.093396 0.093396 0.093396 0.093396
 0.1359 0.137542 0.137542 0.137542 0.137542
 0.116462 0.117869 0.117869 0.117869 0.117869
 0.0861305 0.0871712 0.0871712 0.0871712 0.0871712
 0.109285 0.110606 0.110606 0.110606 0.110606
 0.0635357 0.0643033 0.0643033 0.0643033 0.0643033
 0.053503 0.0541494 0.0541494 0.0541494 0.0541494
 0.0560799 0.0567575 0.0567575 0.0567575 0.0567575
 0.0457344 0.046287 0.046287 0.046287 0.046287
 0.0549943 0.0556588 0.0556588 0.0556588 0.0556588
 0.0477002 0.0482765 0.0482765 0.0482765 0.0482765
 0.0471054 0.0476745 0.0476745 0.0476745 0.0476745
 0.0633033 0.0640681 0.0640681 0.0640681 0.0640681
 0.0635209 0.0642884 0.0642884 0.0642884 0.0642884
YTP_r0W_actual
 245521 38170.6 34600.5 50067.9 22935.3
YTP_p0W_proyectada
 615152 585055 78053.4 45896.9 83033.8
 615152 373652 247289 28380.6 19473.4
CTP_r0_actual
 29580.8 2707.14 1253.64 1463.97 614.887
CTP_p0_proyectada
 82129.7 37336 3374.55 1562.71 2454.44
 82129.7 23845 10691.2 966.311 575.626
Wmedp
 7.49 15.67 23.13 29.37 33.83
Frms_r0
 0.0635209 0.0642884 0.0642884 0.0642884 0.0642884
Zrms_r0
 1.06352 1.06429 1.06429 1.06429 1.06429
nmprior
 8.19 8.8 8.5 0
nm_flota  nm_reclas  nm_pelaces    nm_pelaL
inf 11.3415 16.1068 37.0778
cv_recla  cv_pelaces  cv_mph
0.384975 0.475185 0.881705
 ------------------------------------------------
Talla a la edad & desviaci?n 
 8 13.2811 15.8009 17.003 17.5766
 0.8 1.32811 1.58009 1.7003 1.75766
