years
 1991 1992 1993 1994 1995 1996 1997 1998 1999 2000 2001 2002 2003 2004 2005 2006 2007 2008 2009 2010 2011 2012 2013 2014 2015 2016 2017 2018 2019 2020 2021
reclasobs
 0 0 0 0 0 0 0 0 0 252601 567819 844713 477998 351125 339783 2.1784e+06 2.13404e+06 4.81314e+06 1.55562e+06 2.62356e+06 3.21686e+06 3.843e+06 1.13348e+06 3.07943e+06 1.97215e+06 2.03268e+06 2.025e+06 2.42433e+06 2.27542e+06 1.05018e+06 2.36338e+06
reclaspred
 3.27656e+06 1.85903e+06 944098 949913 952134 1.46351e+06 971175 871584 639088 473374 508098 636232 632008 509364 519390 1.27141e+06 1.27042e+06 2.7323e+06 2.27354e+06 1.71282e+06 3.03514e+06 2.46723e+06 1.99724e+06 3.04243e+06 2.29798e+06 2.03686e+06 2.38829e+06 2.50975e+06 2.08438e+06 1.34916e+06 1.91687e+06
pelacesobs
 0 0 0 0 0 0 0 0 0 0 0 0 0 0 0 552880 188675 0 991730 2.46772e+06 1.41603e+06 1.21717e+06 2.29649e+06 1.80582e+06 0 1.4828e+06 1.56532e+06 1.57751e+06 1.42118e+06 867257 1.10002e+06
pelacespred
 1.83831e+06 1.16841e+06 599506 491536 505164 802052 508501 543287 393204 278516 304402 320231 347872 300224 311770 628902 627252 1.53789e+06 1.33656e+06 939234 1.58446e+06 1.41835e+06 1.13473e+06 1.87881e+06 1.37727e+06 1.21282e+06 1.61479e+06 1.67581e+06 1.14675e+06 845525 1.19975e+06
mphobs
 0 0 0 0 0 0 0 0 0 0 0 498337 0 5186 125008 0 168611 109162 213762 579715 649985 157893 87575 83554 0 0 0 0 0 0 0
mphpred
 490412 328632 166563 90733.5 101467 113674 148635 98826.7 86499.1 61211.9 41096.4 59208 63774.6 55257.6 39638.2 49532.1 146938 144138 269984 208474 224337 276027 262761 219991 301991 249780 206293 217618 299185 207769 130503
desembarqueobs
 494567 514787 250237 358949 120608 361735 552515 73892 212993 205616 52469 317467 293654 387597 252695 516296 358380 742168 942051 627588 828172 859565 418607 520667 417249 300574 415391 372974 316634 284311 391294
desembarquepred
 494574 513285 251005 358973 120612 361749 552567 73895.5 213035 205656 52471.3 317533 293709 387652 252698 516277 358402 742095 941909 627494 828238 859600 418620 520690 417252 300578 415394 372965 316632 284321 391299
Reclutas
 222314 128137 127389 228820 183182 303804 127865 60329.9 55556.2 72584.6 132411 168860 141877 99900.6 102659 537722 121863 819669 477585 366269 550992 737207 159665 468764 395034 178689 396724 442978 133103 100054 379842
log_desv_Rt
 0.0618417 -0.489147 -0.495006 0.0906873 -0.13177 0.374136 -0.49127 -1.24242 -1.32485 -1.0575 -0.456337 -0.213181 -0.387289 -0.738073 -0.710834 0.945094 -0.539352 1.36665 0.826495 0.56112 0.969472 1.26062 -0.269174 0.807851 0.636723 -0.156604 0.640994 0.751271 -0.451123 -0.736535 0.597506
SSB
 4.06521e+06 2.72416e+06 1.3807e+06 752125 841096 942284 1.23209e+06 819212 717024 507409 340664 490798 528652 458051 328576 410591 1.21802e+06 1.19482e+06 2.238e+06 1.72812e+06 1.85962e+06 2.2881e+06 2.17812e+06 1.82359e+06 2.50332e+06 2.07052e+06 1.71004e+06 1.80392e+06 2.48006e+06 1.72228e+06 1.08179e+06
BT
 5.38481e+06 3.66675e+06 1.87242e+06 1.63139e+06 1.45948e+06 2.47516e+06 1.87124e+06 1.53181e+06 1.27392e+06 951978 868213 1.13333e+06 1.20757e+06 1.21524e+06 1.09624e+06 2.11947e+06 1.97504e+06 4.80958e+06 4.52018e+06 3.10368e+06 4.9527e+06 4.63859e+06 3.43118e+06 5.55936e+06 4.10539e+06 3.54308e+06 4.78609e+06 4.9014e+06 3.35904e+06 2.55961e+06 3.61826e+06
Ftot
 0.104982 0.189723 0.184053 0.273858 0.0916351 0.182664 0.391645 0.0609554 0.237493 0.307537 0.0780473 0.360029 0.334231 0.541041 0.361549 0.311773 0.199881 0.206009 0.297002 0.263187 0.199834 0.253532 0.147888 0.128303 0.130608 0.105512 0.129766 0.111963 0.105819 0.147749 0.154752
BD_Bspro_t
 0.983367 0.876541 0.743463 0.665098 0.660267 0.724687 0.71499 0.576871 0.629242 0.594939 0.566742 0.730927 0.624017 0.542294 0.445446 0.501773 0.651208 0.634676 0.712102 0.62677 0.60084 0.646551 0.661756 0.65866 0.750673 0.758409 0.765247 0.793603 0.828683 0.775852 0.721354
BD_Bspro
 2.72534 1.82629 0.925629 0.504228 0.563876 0.631712 0.826001 0.549204 0.480697 0.34017 0.228383 0.329034 0.354411 0.30708 0.220279 0.275262 0.816569 0.801012 1.50037 1.15854 1.2467 1.53395 1.46023 1.22254 1.67824 1.38809 1.14642 1.20936 1.66264 1.15462 0.725236
BD_Bo
 1.84097 1.23366 0.625263 0.340607 0.380899 0.426722 0.557964 0.370988 0.324711 0.229785 0.154273 0.222263 0.239405 0.207433 0.148799 0.18594 0.551593 0.541084 1.0135 0.782596 0.842145 1.03619 0.986385 0.82583 1.13365 0.937655 0.774408 0.816922 1.12312 0.779949 0.489898
BD_Brms
 3.34721 2.24302 1.13684 0.619285 0.692543 0.775859 1.01448 0.674523 0.590384 0.417791 0.280496 0.404114 0.435282 0.377151 0.270543 0.338073 1.0029 0.98379 1.84273 1.4229 1.53117 1.88397 1.79343 1.50151 2.06119 1.70483 1.40802 1.48531 2.04203 1.41809 0.890723
Sel_flota
 0.835503 0.989744 0.999455 0.999971 0.999998
 0.835503 0.989744 0.999455 0.999971 0.999998
 0.835503 0.989744 0.999455 0.999971 0.999998
 0.835503 0.989744 0.999455 0.999971 0.999998
 0.835503 0.989744 0.999455 0.999971 0.999998
 0.835503 0.989744 0.999455 0.999971 0.999998
 0.835503 0.989744 0.999455 0.999971 0.999998
 0.835503 0.989744 0.999455 0.999971 0.999998
 0.835503 0.989744 0.999455 0.999971 0.999998
 0.835503 0.989744 0.999455 0.999971 0.999998
 0.835503 0.989744 0.999455 0.999971 0.999998
 0.835503 0.989744 0.999455 0.999971 0.999998
 0.835503 0.989744 0.999455 0.999971 0.999998
 0.835503 0.989744 0.999455 0.999971 0.999998
 0.835503 0.989744 0.999455 0.999971 0.999998
 0.835503 0.989744 0.999455 0.999971 0.999998
 0.835503 0.989744 0.999455 0.999971 0.999998
 0.835503 0.989744 0.999455 0.999971 0.999998
 0.835503 0.989744 0.999455 0.999971 0.999998
 0.835503 0.989744 0.999455 0.999971 0.999998
 0.835503 0.989744 0.999455 0.999971 0.999998
 0.835503 0.989744 0.999455 0.999971 0.999998
 0.835503 0.989744 0.999455 0.999971 0.999998
 0.835503 0.989744 0.999455 0.999971 0.999998
 0.835503 0.989744 0.999455 0.999971 0.999998
 0.835503 0.989744 0.999455 0.999971 0.999998
 0.835503 0.989744 0.999455 0.999971 0.999998
 0.835503 0.989744 0.999455 0.999971 0.999998
 0.835503 0.989744 0.999455 0.999971 0.999998
 0.835503 0.989744 0.999455 0.999971 0.999998
 0.835503 0.989744 0.999455 0.999971 0.999998
Sel_reclas
 1 1 1 1 1
 1 1 1 1 1
 1 1 1 1 1
 1 1 1 1 1
 1 1 1 1 1
 1 1 1 1 1
 1 1 1 1 1
 1 1 1 1 1
 1 1 1 1 1
 1 1 1 1 1
 1 1 1 1 1
 1 1 1 1 1
 1 1 1 1 1
 1 1 1 1 1
 1 1 1 1 1
 1 1 1 1 1
 1 1 1 1 1
 1 1 1 1 1
 1 1 1 1 1
 1 1 1 1 1
 1 1 1 1 1
 1 1 1 1 1
 1 1 1 1 1
 1 1 1 1 1
 1 1 1 1 1
 1 1 1 1 1
 1 1 1 1 1
 1 1 1 1 1
 1 1 1 1 1
 1 1 1 1 1
 1 1 1 1 1
Sel_pelaces
 1 1 1 1 1
 1 1 1 1 1
 1 1 1 1 1
 1 1 1 1 1
 1 1 1 1 1
 1 1 1 1 1
 1 1 1 1 1
 1 1 1 1 1
 1 1 1 1 1
 1 1 1 1 1
 1 1 1 1 1
 1 1 1 1 1
 1 1 1 1 1
 1 1 1 1 1
 1 1 1 1 1
 1 1 1 1 1
 1 1 1 1 1
 1 1 1 1 1
 1 1 1 1 1
 1 1 1 1 1
 1 1 1 1 1
 1 1 1 1 1
 1 1 1 1 1
 1 1 1 1 1
 1 1 1 1 1
 1 1 1 1 1
 1 1 1 1 1
 1 1 1 1 1
 1 1 1 1 1
 1 1 1 1 1
 1 1 1 1 1
pf_obs 
 0.8446 0.082 0.0669 0.0065 0
 0.8095 0.147 0.0364 0.0071 0
 0.9664 0.0169 0.016 0.0007 0
 0.9276 0.0648 0.0075 0.0001 0
 0.7033 0.2144 0.0806 0.0017 0
 0.9318 0.0425 0.0243 0.0014 0
 0.5671 0.3108 0.0964 0.0239 0.0018
 0.0768 0.2599 0.5324 0.112 0.0189
 0.490249 0.384438 0.106611 0.0170017 0.00170017
 0.7925 0.1577 0.0466 0.003 0.0002
 0.840416 0.127587 0.0312969 0.00059994 9.999e-05
 0.8084 0.0986 0.0794 0.0134 0.0002
 0.7335 0.1905 0.0724 0.0035 0.0001
 0.4001 0.4547 0.1325 0.0127 0
 0.49795 0.308269 0.164784 0.0264974 0.00249975
 0.9179 0.0499 0.0305 0.0017 0
 0.2467 0.6533 0.0926 0.0074 0
 0.9418 0.0223 0.034 0.0019 0
 0.707729 0.231977 0.0356964 0.0245975 0
 0.517169 0.277429 0.184464 0.0207286 0.00020938
 0.811772 0.124168 0.05621 0.00726502 0.000585176
 0.764997 0.148141 0.077277 0.00933861 0.000247198
 0.163321 0.427699 0.378323 0.0303852 0.000271297
 0.753843 0.0900009 0.118128 0.0371064 0.000921714
 0.721811 0.176058 0.0630433 0.0369309 0.00215725
 0.143369 0.312575 0.442814 0.0836902 0.0175525
 0.692698 0.0596174 0.167031 0.0765114 0.00414204
 0.394062 0.376323 0.152708 0.0712218 0.00568511
 0.125707 0.32114 0.495352 0.0537591 0.00404204
 0.23352 0.215282 0.420074 0.123614 0.00750983
 0.796117 0.104755 0.0508955 0.0450114 0.00322123
pf_pred 
 0.428219 0.115315 0.432318 0.0241472 7.75687e-07
 0.408255 0.279428 0.0634873 0.235673 0.0131571
 0.550662 0.203647 0.116681 0.0262365 0.102774
 0.74432 0.152259 0.0471458 0.0267339 0.0295419
 0.643986 0.277251 0.0471159 0.0144314 0.0172158
 0.739223 0.177885 0.0646959 0.0108871 0.00730882
 0.470883 0.408805 0.0823425 0.0296383 0.00833115
 0.439779 0.2917 0.208018 0.0414168 0.019086
 0.521071 0.23093 0.129734 0.0916284 0.0266366
 0.678988 0.182262 0.0672827 0.0373965 0.0340711
 0.796513 0.146435 0.0325513 0.0118841 0.0126157
 0.724265 0.226878 0.0352572 0.00776119 0.00583839
 0.669407 0.251837 0.0649345 0.00997604 0.00384562
 0.610619 0.276916 0.0859055 0.0219007 0.00465885
 0.714485 0.188635 0.069151 0.0211837 0.00654498
 0.925824 0.0558718 0.012141 0.00440002 0.00176327
 0.390565 0.571646 0.028543 0.00613379 0.00311192
 0.889117 0.048126 0.0589041 0.00291058 0.00094227
 0.594397 0.367535 0.0166209 0.0201307 0.00131599
 0.594331 0.25927 0.1328 0.00593961 0.00765964
 0.735611 0.16892 0.0612548 0.0310373 0.00317646
 0.739326 0.200618 0.0385177 0.0138222 0.00771606
 0.324142 0.522836 0.118065 0.0224252 0.0125324
 0.736561 0.0958446 0.129949 0.0290488 0.00859635
 0.625533 0.288217 0.031582 0.0423931 0.0122744
 0.436765 0.374777 0.145396 0.0157732 0.0272883
 0.729077 0.129964 0.0941074 0.0361504 0.0107008
 0.68684 0.238826 0.035848 0.0256989 0.0127873
 0.355195 0.466021 0.136675 0.0203127 0.0217959
 0.429382 0.22576 0.24993 0.0725788 0.022349
 0.825068 0.0829037 0.0366365 0.0401499 0.0152414
pobs_RECLAS
 0 0 0 0 0
 0 0 0 0 0
 0 0 0 0 0
 0 0 0 0 0
 0 0 0 0 0
 0 0 0 0 0
 0 0 0 0 0
 0 0 0 0 0
 0 0 0 0 0
 0 0 0 0 0
 0.991045 0.00858322 0.000360255 1.14367e-05 0
 0.934742 0.0480273 0.0164251 0.00080598 0
 0.827803 0.169806 0.00239088 0 0
 0.941827 0.0461693 0.0120037 0 0
 0.791401 0.0380133 0.147996 0.0225897 0
 0.846168 0.0940531 0.0597789 0 0
 0.134021 0.677848 0.182769 0.00536245 0
 0.80878 0.0450904 0.141981 0.00414843 0
 0.846168 0.0940531 0.0597789 0 0
 0.905697 0.0802665 0.012482 0.00150086 5.37128e-05
 0.989698 0.0102097 9.19794e-05 0 0
 0.975433 0.0193895 0.00387452 0.00125025 5.28907e-05
 0.303575 0.632131 0.0575291 0.00676475 0
 0.966965 0.00978017 0.0227588 0.000495775 0
 0.843318 0.132988 0.00938335 0.0141283 0.000182051
 0.564624 0.303363 0.111486 0.0197234 0.00080311
 0.826376 0.0876187 0.0782897 0.00655872 0.00115652
 0.89761 0.0855135 0.0140674 0.00269457 0.000114338
 0.34875 0.467042 0.161289 0.0227151 0.000203297
 0.318654 0.224769 0.449479 0.00709798 0
 0.937255 0.0296025 0.0250945 0.00804832 0
ppred_RECLAS
 0.472434 0.10724 0.398101 0.0222245 7.13902e-07
 0.45177 0.260296 0.0585553 0.21725 0.0121283
 0.594124 0.184978 0.104937 0.0235834 0.0923783
 0.776678 0.133545 0.0409381 0.0232015 0.0256378
 0.682566 0.247755 0.041691 0.0127631 0.0152253
 0.771572 0.156315 0.0562893 0.00946741 0.00635558
 0.515442 0.375257 0.0748188 0.0269157 0.00756563
 0.483235 0.270354 0.190913 0.0379913 0.017507
 0.565292 0.21072 0.117203 0.0827344 0.0240504
 0.716655 0.161595 0.0590553 0.0328061 0.0298881
 0.823162 0.127616 0.0280904 0.0102502 0.0108809
 0.758215 0.199305 0.0306596 0.00674549 0.00507418
 0.7074 0.223435 0.0570315 0.00875721 0.00337569
 0.653029 0.247505 0.0759863 0.0193612 0.00411851
 0.749542 0.166052 0.0602574 0.0184493 0.0057
 0.937097 0.0475005 0.0102183 0.00370125 0.0014832
 0.432432 0.532706 0.0263352 0.00565637 0.00286963
 0.9055 0.0412476 0.049985 0.00246857 0.00079915
 0.635823 0.330317 0.0147882 0.0179015 0.00117022
 0.636227 0.233338 0.118325 0.00528939 0.00682094
 0.768403 0.148511 0.0533205 0.0270028 0.00276348
 0.771736 0.176087 0.033471 0.0120048 0.00670134
 0.363312 0.493649 0.110376 0.0209538 0.0117098
 0.769544 0.0843789 0.113279 0.0253092 0.00748947
 0.665232 0.258267 0.0280218 0.0375947 0.0108847
 0.479985 0.347172 0.133366 0.0144605 0.0250167
 0.762495 0.11453 0.0821161 0.0315275 0.0093321
 0.722871 0.211855 0.0314874 0.0225611 0.0112257
 0.395883 0.43782 0.127145 0.0188865 0.020265
 0.473327 0.20964 0.229798 0.0666976 0.0205374
 0.849166 0.0718682 0.0314467 0.0344444 0.0130751
pobs_PELACES
 0 0 0 0 0
 0 0 0 0 0
 0 0 0 0 0
 0 0 0 0 0
 0 0 0 0 0
 0 0 0 0 0
 0 0 0 0 0
 0 0 0 0 0
 0 0 0 0 0
 0 0 0 0 0
 0 0 0 0 0
 0 0 0 0 0
 0 0 0 0 0
 0 0 0 0 0
 0 0 0 0 0
 0 0 0 0 0
 0.505614 0.472636 0.0217494 0 0
 0 0 0 0 0
 0.443492 0.261883 0.143347 0.151278 0
 0.227955 0.32914 0.350689 0.0885471 0.00366901
 0.970185 0.0296113 0.000203453 0 0
 0.997202 0.00247181 0.000326279 0 0
 0.445219 0.490057 0.0546422 0.010081 0
 0.90214 0.0892962 0.00764917 0.000914606 0
 0 0 0 0 0
 0.581667 0.319106 0.0959925 0.00289975 0.000334073
 0.762889 0.0836404 0.116647 0.0363945 0.000428098
 0.88444 0.0763242 0.0277011 0.0115352 0
 0.521256 0.241999 0.230069 0.00667565 0
 0.616807 0.101726 0.260614 0.0208532 0
 0.833518 0.0704572 0.0857862 0.0102388 0
ppred_PELACES
 0.473833 0.106984 0.397019 0.0221636 7.11947e-07
 0.454246 0.259207 0.0582749 0.216203 0.0120698
 0.59646 0.183974 0.104305 0.0234408 0.0918197
 0.779149 0.132115 0.0404643 0.0229319 0.0253398
 0.68359 0.246972 0.041547 0.0127188 0.0151724
 0.77324 0.155204 0.0558561 0.00939427 0.00630647
 0.520491 0.371454 0.0739676 0.0266077 0.00747904
 0.484033 0.269961 0.190599 0.0379284 0.017478
 0.568359 0.209318 0.116334 0.0821179 0.0238711
 0.719911 0.159808 0.0583447 0.0324097 0.0295268
 0.82375 0.127201 0.0279921 0.0102142 0.0108426
 0.761596 0.196559 0.0302022 0.00664446 0.00499817
 0.710961 0.220772 0.0562915 0.00864308 0.00333168
 0.659356 0.243114 0.0745091 0.0189831 0.00403806
 0.753054 0.163788 0.059367 0.0181756 0.00561542
 0.93804 0.0467997 0.0100575 0.00364281 0.00145978
 0.434941 0.530373 0.0262031 0.0056278 0.00285513
 0.906425 0.0408591 0.0494815 0.00244361 0.000791071
 0.639337 0.327159 0.0146329 0.0177126 0.00115787
 0.639392 0.231378 0.117232 0.00524031 0.00675763
 0.770249 0.147361 0.0528739 0.0267757 0.00274023
 0.774034 0.174347 0.0331133 0.011876 0.00662943
 0.36508 0.492331 0.110029 0.0208875 0.0116727
 0.770747 0.0839607 0.112671 0.0251728 0.00744911
 0.666733 0.257135 0.0278873 0.0374133 0.0108322
 0.481354 0.346298 0.132985 0.014419 0.0249447
 0.763728 0.11396 0.0816735 0.0313569 0.00928159
 0.724029 0.210988 0.0313474 0.0224603 0.0111755
 0.397195 0.436911 0.126838 0.0188405 0.0202157
 0.475274 0.208925 0.228906 0.0664371 0.0204572
 0.850206 0.0713917 0.0312227 0.0341981 0.0129816
pobs_pel_tallas
 0 0 0 0 0 0 0 0 0 0 0 0 0 0 0 0 0 0 0 0 0 0 0 0 0 0
 0 0 0 0 0 0 0 0 0 0 0 0 0 0 0 0 0 0 0 0 0 0 0 0 0 0
 0 0 0 0 0 0 0 0 0 0 0 0 0 0 0 0 0 0 0 0 0 0 0 0 0 0
 0 0 0 0 0 0 0 0 0 0 0 0 0 0 0 0 0 0 0 0 0 0 0 0 0 0
 0 0 0 0 0 0 0 0 0 0 0 0 0 0 0 0 0 0 0 0 0 0 0 0 0 0
 0 0 0 0 0 0 0 0 0 0 0 0 0 0 0 0 0 0 0 0 0 0 0 0 0 0
 0 0 0 0 0 0 0 0 0 0 0 0 0 0 0 0 0 0 0 0 0 0 0 0 0 0
 0 0 0 0 0 0 0 0 0 0 0 0 0 0 0 0 0 0 0 0 0 0 0 0 0 0
 0 0 0 0 0 0 0 0 0 0 0 0 0 0 0 0 0 0 0 0 0 0 0 0 0 0
 0 0 0 0 0 0 0 0 0 0 0 0 0 0 0 0 0 0 0 0 0 0 0 0 0 0
 0 0 0 0 0 0 0 0 0 0 0 0 0 0 0 0 0 0 0 0 0 0 0 0 0 0
 0 0 0 0 0 0 0 0 0 0 0 0 0 0 0 0 0 0 0 0 0 0 0 0 0 0
 0.00862536 0 0 0.000197151 0.00414017 0.0128641 0.00837892 0.0270097 0.101434 0.158115 0.152841 0.127902 0.109271 0.109419 0.0830992 0.0579132 0.0238553 0.00714673 0.00463305 0.00128148 0.00103504 0.000492878 0.000147863 0.000147863 4.92878e-05 0
 0 0 0 0 0 0 0 0 0 0 0 0 0 0 0 0 0 0 0 0 0 0 0 0 0 0
 0 0 0 0 0 0 0 0.0054083 0.00873648 0.0413646 0.0450493 0.0745869 0.0622846 0.0627006 0.0613931 0.0827291 0.12552 0.122667 0.0946155 0.0697135 0.0546179 0.0294188 0.0215738 0.0213955 0.0102223 0.00600262
 0 0 0 0 0.00359764 0.0251062 0.0480494 0.140153 0.205849 0.193036 0.1447 0.116669 0.0760912 0.0342217 0.00950174 0.001854 0.000860785 0 0 0 0.000165536 0 0.000143464 0 0 0
 0 0 0 0 0 0 0 0.000145254 0.000435761 0.0275982 0.070085 0.0708112 0.156366 0.174668 0.174014 0.160142 0.0824315 0.0480064 0.0283245 0.00493863 0.00203355 0 0 0 0 0
 0 0 0 0 0 0 0 0 0 0 0 0 0 0 0 0 0 0 0 0 0 0 0 0 0 0
 0 0 1.00437e-05 0.000401748 0.00122533 0.00171747 0.00176769 0.0269171 0.070346 0.194647 0.189555 0.159765 0.064822 0.0314167 0.0384472 0.0292271 0.0345202 0.0313363 0.0194345 0.0106764 0.0143323 0.0359363 0.0279516 0.0138201 0.00172751 0
 0 0.0021121 0.0136068 0.0755702 0.200478 0.177729 0.0527432 0.0373336 0.0318909 0.0142505 0.0149659 0.0166563 0.0217959 0.0798694 0.0677717 0.0528807 0.04013 0.0224614 0.0357745 0.0225083 0.00881397 0.00855152 0.00135912 0.000746735 0 0
 0 0 0 0 5.4009e-05 0.00500934 0.000945158 0.0243581 0.138947 0.33067 0.221406 0.137944 0.0707744 0.0437923 0.0131692 0.00525238 0.0047753 0.00276346 9.45158e-05 9.00151e-06 2.25038e-05 9.00151e-06 4.50075e-06 0 0 0
 0.000866109 0.00284123 0.00948549 0.0512746 0.133035 0.25785 0.225252 0.132002 0.0553304 0.0519788 0.0540692 0.017754 0.00435017 0.00159236 0.00146478 0.000404838 0.000125132 0.000115318 0.000107957 0.000100596 0 0 0 0 0 0
 0 0 0 0 0.00144013 0.00171154 0.00461396 0.0210425 0.0478622 0.0707936 0.0888783 0.103762 0.0637923 0.0337046 0.0602308 0.124433 0.169614 0.0934646 0.0462172 0.0250306 0.0313229 0.00938855 0.002487 0.000210481 0 0
 0 0.00764035 0.051015 0.0998891 0.058973 0.0496711 0.0374665 0.0718981 0.12319 0.153886 0.159021 0.0857701 0.0377988 0.023471 0.0147837 0.00900784 0.00315554 0.000888139 0.00291439 0.00214683 0.00393193 0.00274676 0.000635225 9.99891e-05 0 0
 0 0 0 0 0 0 0 0 0 0 0 0 0 0 0 0 0 0 0 0 0 0 0 0 0 0
 0 0 0 0 0 0 0 0 0 0 0 0 0 0 0 0 0 0 0 0 0 0 0 0 0 0
 0 0 0 0 0 0 0 0 0 0 0 0 0 0 0 0 0 0 0 0 0 0 0 0 0 0
 0 0 0 0 0 0 0 0 0 0 0 0 0 0 0 0 0 0 0 0 0 0 0 0 0 0
 0 0 0 0 0 0 0 0 0 0 0 0 0 0 0 0 0 0 0 0 0 0 0 0 0 0
 0 0 0 0 0 0 0 0 0 0 0 0 0 0 0 0 0 0 0 0 0 0 0 0 0 0
 0 0 0 0 0 0 0 0 0 0 0 0 0 0 0 0 0 0 0 0 0 0 0 0 0 0
ppred_pel_tallas
 1.13708e-16 3.9029e-05 0.000379376 0.00252109 0.0114605 0.0356579 0.0759734 0.110888 0.110899 0.076027 0.0358395 0.0119926 0.00388536 0.00345194 0.00615023 0.0108234 0.017254 0.0251572 0.0341358 0.0437969 0.0536138 0.0625703 0.0690215 0.0711486 0.0678527 0.0594615
 1.25473e-16 3.74157e-05 0.000363694 0.00241687 0.0109868 0.034184 0.0728337 0.106308 0.106333 0.0729563 0.0345963 0.0121791 0.00541617 0.00693375 0.0125854 0.0209435 0.0306624 0.0396926 0.0460717 0.0491528 0.0500802 0.0509715 0.0533894 0.0572761 0.0610451 0.062584
 1.20947e-16 4.91297e-05 0.000477558 0.00317354 0.0144265 0.0448862 0.0956354 0.139586 0.139604 0.0957228 0.0451802 0.0152775 0.00531717 0.00518216 0.00905904 0.0150998 0.0222323 0.0290138 0.0340401 0.036771 0.0378648 0.038652 0.0401549 0.0424254 0.0446135 0.0455544
 1.0779e-16 6.41775e-05 0.000623828 0.00414556 0.0188451 0.0586342 0.124927 0.182337 0.18235 0.124989 0.0588441 0.0194519 0.00567103 0.00396197 0.00642813 0.0105909 0.0154098 0.0197286 0.02243 0.0230439 0.0220329 0.0204516 0.0192475 0.0187504 0.0186572 0.0183842
 1.05106e-16 5.63064e-05 0.000547319 0.00363713 0.0165339 0.0514431 0.109606 0.159978 0.160002 0.109722 0.0518339 0.017663 0.00647209 0.0067387 0.0118228 0.0194781 0.0281066 0.0354626 0.039301 0.0386036 0.034186 0.0281296 0.0225093 0.0184061 0.0157786 0.0139825
 1.03661e-16 6.36908e-05 0.000619097 0.00411412 0.0187022 0.0581895 0.123979 0.180955 0.18097 0.124053 0.0584361 0.0194151 0.00590624 0.00454014 0.00753642 0.0124264 0.0180534 0.0230359 0.0260019 0.0263095 0.0243955 0.0214124 0.0184643 0.0160589 0.0141021 0.0122601
 1.06164e-16 4.28723e-05 0.000416734 0.00276934 0.0125891 0.0391694 0.0834559 0.121814 0.12185 0.0836311 0.0397576 0.0142885 0.00703718 0.00974002 0.017769 0.0293596 0.0424125 0.0535978 0.0595462 0.0587085 0.0522582 0.0432405 0.0346818 0.028147 0.0235862 0.0201313
 1.12331e-16 3.98692e-05 0.000387543 0.00257536 0.0117072 0.0364257 0.0776098 0.113279 0.113306 0.0777383 0.0368578 0.0129585 0.00572823 0.00731045 0.0133059 0.0222438 0.0327644 0.0427253 0.0499329 0.0533379 0.0535321 0.0520636 0.0501807 0.0480814 0.0451509 0.0407575
 1.15686e-16 4.6815e-05 0.000455059 0.00302403 0.0137468 0.0427715 0.0911299 0.133011 0.133031 0.0912294 0.0431059 0.014715 0.0054629 0.00580744 0.0102965 0.0171738 0.0252758 0.0329523 0.0385708 0.0414504 0.0422359 0.0423084 0.0427083 0.0434506 0.0436774 0.0423628
 1.09972e-16 5.92982e-05 0.000576399 0.00383038 0.0174123 0.0541763 0.115429 0.168475 0.168491 0.115505 0.0544305 0.0181475 0.00567933 0.00462499 0.00778529 0.0128762 0.0187833 0.0241446 0.0276302 0.0286797 0.0278354 0.0263238 0.0252172 0.0248373 0.0247647 0.0242857
 1.037e-16 6.78512e-05 0.000659538 0.00438286 0.0199239 0.0619906 0.132078 0.192774 0.192787 0.132138 0.0621922 0.0205063 0.00584585 0.00385665 0.00614998 0.0100873 0.0145909 0.0184931 0.0206569 0.0205727 0.0186588 0.0159597 0.0134911 0.0117418 0.0106258 0.00976924
 1.02435e-16 6.27317e-05 0.000609775 0.00405217 0.0184206 0.0573134 0.122113 0.178231 0.17825 0.122205 0.0576243 0.0193187 0.00630672 0.00553223 0.0094136 0.0154692 0.0222921 0.0280634 0.0309724 0.0301854 0.0263346 0.0210779 0.0160947 0.012303 0.00974925 0.00800408
 1.03112e-16 5.8561e-05 0.000569234 0.00378276 0.0171959 0.0535029 0.113994 0.166383 0.166404 0.114099 0.0538528 0.0182071 0.006323 0.00612086 0.0106204 0.0175127 0.0253328 0.0320869 0.0357734 0.0354544 0.0317841 0.0265076 0.0213609 0.0172449 0.0141585 0.0116707
 1.048e-16 5.43103e-05 0.000527915 0.00350818 0.0159477 0.0496194 0.10572 0.154307 0.15433 0.105835 0.0500052 0.017063 0.00631085 0.00665689 0.0117259 0.0193821 0.0281092 0.0357554 0.0401535 0.0402929 0.0368807 0.0317771 0.0267868 0.0227754 0.0196352 0.0168403
 1.04529e-16 6.20281e-05 0.000602935 0.00400672 0.018214 0.0566705 0.120743 0.176231 0.176247 0.120821 0.0569308 0.0189666 0.00589882 0.00474345 0.00795526 0.0131315 0.0190942 0.0243998 0.0276154 0.0280786 0.0262601 0.0233729 0.0205583 0.0183073 0.0164639 0.0146247
 1.00915e-16 7.72651e-05 0.000751045 0.00499096 0.0226882 0.0705913 0.150402 0.219518 0.219522 0.150425 0.0706655 0.0229024 0.00552898 0.00192661 0.00231303 0.00370995 0.00535664 0.00677842 0.00754893 0.0074746 0.00670332 0.005616 0.00458831 0.00380989 0.00326698 0.00284481
 1.0194e-16 3.58256e-05 0.000348238 0.00231417 0.0105199 0.0327316 0.0697399 0.101798 0.101849 0.0699893 0.0335686 0.0129365 0.00837618 0.0135687 0.0251057 0.041348 0.0593247 0.0741073 0.0806966 0.0767886 0.064173 0.0475806 0.0319399 0.0201519 0.0126488 0.00835872
 1.01818e-16 7.4661e-05 0.000725732 0.00482274 0.0219235 0.0682121 0.145333 0.212119 0.212123 0.145353 0.0682782 0.0221151 0.00530688 0.00179334 0.00213362 0.00349072 0.00521057 0.00694498 0.00837886 0.00934352 0.00986997 0.0100851 0.0100502 0.00969838 0.00891924 0.00769439
 1.02479e-16 5.26614e-05 0.000511888 0.00340168 0.0154635 0.048113 0.102511 0.149624 0.149656 0.102665 0.0486294 0.0169544 0.00714176 0.00866928 0.015524 0.0255264 0.0366411 0.0458188 0.0499973 0.0477837 0.0403075 0.0304946 0.0213587 0.0146216 0.0104506 0.00808184
 1.05112e-16 5.26659e-05 0.000511931 0.00340196 0.0154649 0.048117 0.102519 0.149634 0.149657 0.102629 0.0484856 0.0165312 0.0060848 0.00638917 0.0112747 0.0187123 0.0273129 0.0350973 0.0400523 0.0411987 0.0390868 0.0352586 0.0311586 0.0274015 0.0238408 0.0201269
 1.04713e-16 6.34444e-05 0.000616703 0.00409821 0.0186299 0.0579645 0.1235 0.180255 0.180269 0.12357 0.0581987 0.0193072 0.0058012 0.00434397 0.00717079 0.01183 0.0172151 0.0220316 0.0250044 0.0255543 0.0241175 0.0217844 0.019559 0.0178358 0.0164121 0.0148677
 1.03314e-16 6.37562e-05 0.000619733 0.00411834 0.0187214 0.0582493 0.124107 0.181141 0.181158 0.124189 0.0585254 0.0195189 0.00612105 0.00499446 0.00838054 0.0137762 0.0198927 0.025132 0.0279115 0.0275098 0.0244882 0.0202897 0.0163469 0.0133974 0.0114064 0.00994069
 1.07372e-16 3.00713e-05 0.000292303 0.00194246 0.00883017 0.0274742 0.0585384 0.0854485 0.085496 0.0587707 0.0282541 0.0110836 0.00760215 0.012658 0.0235457 0.0389593 0.0563089 0.0712071 0.0791836 0.0781595 0.0696429 0.0576118 0.0460351 0.0369906 0.0304775 0.0254572
 1.07059e-16 6.34854e-05 0.000617101 0.00410085 0.0186419 0.0580018 0.123579 0.180369 0.180378 0.12362 0.0581381 0.0190374 0.0051018 0.00282884 0.00434243 0.00728398 0.0109684 0.0148047 0.0182142 0.0209073 0.0229694 0.024618 0.0258547 0.026349 0.0256553 0.0235552
 1.06456e-16 5.49179e-05 0.000533822 0.00354744 0.0161261 0.0501745 0.106903 0.156033 0.156058 0.107024 0.0505811 0.0173006 0.00649556 0.00697031 0.0122817 0.0202268 0.0291608 0.0367475 0.0406637 0.0398882 0.0353334 0.0292362 0.0237968 0.0201126 0.0180306 0.0167186
 1.09594e-16 3.96486e-05 0.000385398 0.00256111 0.0116424 0.0362241 0.0771806 0.112654 0.112688 0.0773444 0.0367746 0.013234 0.00656273 0.00914274 0.0167354 0.0277718 0.0403949 0.0516215 0.0584154 0.0593558 0.055414 0.0491392 0.0429561 0.0379512 0.0338715 0.029939
 1.07102e-16 6.29073e-05 0.000611481 0.00406351 0.0184721 0.0574737 0.122454 0.178728 0.178739 0.122509 0.0576563 0.0190009 0.0053964 0.0035398 0.00567931 0.00943456 0.0139275 0.0182414 0.021481 0.02324 0.0237954 0.0237991 0.0237308 0.0235764 0.0229452 0.0214426
 1.05103e-16 5.96373e-05 0.000579696 0.00385229 0.0175119 0.0544863 0.11609 0.16944 0.169461 0.116189 0.0548201 0.0184764 0.0062737 0.00586775 0.0101092 0.0166366 0.024007 0.0302986 0.0336052 0.0330772 0.0294354 0.0244765 0.0199709 0.016808 0.0148871 0.0135811
 1.09083e-16 3.27165e-05 0.000318016 0.00211333 0.00960692 0.0298909 0.0636874 0.0929624 0.0930046 0.0638937 0.030584 0.0116102 0.00714689 0.0113233 0.0209837 0.0347693 0.0503898 0.0640104 0.0717234 0.0717093 0.0652628 0.0557853 0.0466052 0.0393635 0.0339169 0.029306
 1.16784e-16 3.91477e-05 0.00038053 0.00252876 0.0114954 0.0357665 0.076205 0.111228 0.111248 0.0763052 0.0361038 0.012474 0.00500161 0.00583304 0.0105544 0.0178069 0.0266361 0.0355805 0.0431422 0.0486094 0.0523266 0.0550978 0.0572568 0.0582551 0.0570784 0.053047
 1.06546e-16 7.00303e-05 0.00068072 0.00452362 0.0205637 0.0639815 0.13632 0.198964 0.198971 0.136353 0.0640953 0.0208933 0.00535327 0.0025002 0.00355077 0.00582756 0.00855434 0.011123 0.0129808 0.0139188 0.014199 0.0143442 0.0147492 0.0154194 0.0160065 0.0160572
pSPR Fmed_Fpbrs
0.699181   0.6 0.325
Fs Fmed_Fpbrs
0.186633   0.273481 0.664821
SSBpbr Bo_Bmed_Bpbrs
2.20819e+06  1.43351e+06  1.2145e+06 607252
Ro
208982
SPR SPRFo_SPRFmed_SPRFpbrs
1.49163e+06 1.04292e+06 484781
Fref
0.273481
Nvult_r0
 257054 22264.7 9756.22 10687.1 4056.84
CTP_r0
 29430.6 2957.22 1306.84 1432.17 543.667
YTP_r0
391299
Np
 294984 86351.4 34459.4 2874.19 1608.15
Nvult_p0
 208632 62117.6 24814.3 2069.83 1158.1
CTP_p0
 38804.6 18815.5 1587.3 694.338 1000.18
 38804.6 13232.1 5326.61 444.487 248.703
YTP_p0
 676428 642666
CBA_c0
666300
log_Ro
12.07
likeval ReclasPelacesDesembMPH_pf_preclas_ppelaces_ptallas_desvR_qrecl_qpela
 15.4218 17.3099 0.0909542 0.000812002 240.587 119.847 98.1434 0 23.025 5.77544e-06 1.2513e-06 0.463428 9.14306e-16 0 0
q_reclas_q_pelaces
0.711382 0.852873
M
1
N
 222314 50874.3 188954 10548.9 0.338855
 128137 74916.7 16868.6 62588.4 3494.09
 127389 40228.9 22842 5133.73 20109.4
 228820 40183.8 12334.8 6991.16 7725.3
 183182 66962.1 11273.1 3451.17 4116.95
 303804 62422 22498.1 3784.19 2540.37
 127865 95944.3 19165.8 6895.49 1938.24
 60329.9 33911.6 23954.1 4766.9 2196.67
 55556.2 21092.1 11745 8291.39 2410.27
 72584.6 16759.6 6133.97 3407.79 3104.68
 132411 20651.9 4547.54 1659.43 1761.54
 168860 45636.3 7032.61 1547.41 1164.02
 141877 45982.5 11756 1805.3 695.9
 99900.6 39476.6 12151.6 3096.64 658.721
 102659 23385.9 8501.27 2603.12 804.251
 537722 27919.9 6015.22 2178.99 873.192
 121863 152453 7544.08 1620.43 822.088
 819669 37935.8 46017.6 2272.75 735.762
 477585 253859 11381.6 13778.8 900.723
 366269 137084 69604.1 3111.67 4012.67
 550992 108145 38865.6 19683.5 2014.42
 737207 171530 32644.9 11709.3 6536.4
 159665 219432 49098.4 9321.24 5209.08
 468764 51910.1 69732.8 15580.5 4610.57
 395034 154919 16819.3 22565.8 6533.48
 178689 130301 50080.6 5430.27 9394.37
 396724 60188.9 43181.7 16579.7 4907.57
 442978 130951 19473.5 13953.4 6942.75
 133103 148409 43120.9 6405.47 6873.02
 100054 44822.6 49167.9 14271.2 4394.39
 379842 32533.4 14246 15604.7 5923.56
pred_Ctot
 11886.1 3200.8 11999.8 670.254 0.0215307
 12028.1 8232.57 1870.48 6943.45 387.638
 11622.8 4298.35 2462.77 553.772 2169.24
 30138.6 6165.17 1909 1082.49 1196.19
 8588.03 3697.34 628.324 192.453 229.586
 27522.4 6622.93 2408.73 405.343 272.119
 23163.9 20110.2 4050.63 1457.98 409.83
 1901.48 1261.23 899.412 179.074 82.5226
 6423.65 2846.85 1599.33 1129.57 328.37
 10616.2 2849.72 1051.99 584.708 532.713
 5312.09 976.603 217.09 79.2574 84.1365
 28414.8 8901.02 1383.23 304.491 229.055
 22353.2 8409.51 2168.33 333.126 128.416
 23820.1 10802.4 3351.16 854.342 181.741
 17339.2 4577.82 1678.16 514.087 158.834
 79618.3 4804.82 1044.09 378.39 151.636
 12010.2 17578.6 877.72 188.619 95.694
 83086.7 4497.3 5504.5 271.989 88.0538
 67695.6 41858.4 1892.95 2292.68 149.877
 46528.6 20297.6 10396.6 464.996 599.653
 54291.2 12467 4520.86 2290.68 234.436
 90506.8 24559.3 4715.26 1692.09 944.584
 11850 19113.9 4316.23 819.826 458.163
 30386.2 3953.99 5360.93 1198.38 354.635
 26046.2 12000.9 1315.02 1765.19 511.086
 9600.11 8237.61 3195.81 346.695 599.798
 25996.5 4634.1 3355.57 1289.01 381.554
 25198.3 8761.89 1315.17 942.824 469.13
 7171.05 9408.52 2759.34 410.094 440.039
 7419.25 3900.89 4318.52 1254.08 386.166
 29430.6 2957.22 1306.84 1432.17 543.667
F
 0.0877129 0.103905 0.104925 0.104979 0.104982
 0.158514 0.187777 0.18962 0.189718 0.189723
 0.153777 0.182166 0.183953 0.184048 0.184053
 0.228809 0.271049 0.273708 0.27385 0.273857
 0.0765614 0.0906953 0.0915851 0.0916324 0.0916349
 0.152616 0.18079 0.182564 0.182658 0.182663
 0.327221 0.387628 0.391431 0.391634 0.391644
 0.0509284 0.0603302 0.0609221 0.0609536 0.0609553
 0.198426 0.235057 0.237364 0.237486 0.237493
 0.256948 0.304383 0.307369 0.307528 0.307536
 0.0652088 0.0772468 0.0780047 0.078045 0.0780471
 0.300806 0.356337 0.359833 0.360019 0.360029
 0.279252 0.330804 0.334049 0.334222 0.334231
 0.452042 0.535492 0.540746 0.541026 0.54104
 0.302076 0.357841 0.361352 0.361539 0.361549
 0.260487 0.308575 0.311603 0.311764 0.311773
 0.167001 0.197831 0.199772 0.199875 0.19988
 0.172121 0.203896 0.205896 0.206003 0.206008
 0.248146 0.293956 0.29684 0.296993 0.297001
 0.219894 0.260488 0.263044 0.26318 0.263187
 0.166962 0.197785 0.199725 0.199829 0.199834
 0.211827 0.250932 0.253394 0.253525 0.253531
 0.123561 0.146371 0.147807 0.147884 0.147888
 0.107198 0.126987 0.128233 0.1283 0.128303
 0.109123 0.129268 0.130537 0.130604 0.130608
 0.0881557 0.10443 0.105455 0.105509 0.105512
 0.10842 0.128435 0.129695 0.129762 0.129765
 0.0935453 0.110815 0.111902 0.11196 0.111963
 0.088412 0.104734 0.105761 0.105816 0.105819
 0.123445 0.146234 0.147669 0.147745 0.147749
 0.129295 0.153164 0.154667 0.154747 0.154751
YTP_r0W_actual
 244274 41696.8 36068.8 48980.2 20278.8
YTP_p0W_proyectada
 290646 294839 36714.3 20392.7 33836.1
 290646 207347 123204 13054.6 8413.61
CTP_r0_actual
 29430.6 2957.22 1306.84 1432.17 543.667
CTP_p0_proyectada
 38804.6 18815.5 1587.3 694.338 1000.18
 38804.6 13232.1 5326.61 444.487 248.703
Wmedp
 7.49 15.67 23.13 29.37 33.83
Frms_r0
 0.129295 0.153164 0.154667 0.154747 0.154751
Zrms_r0
 1.1293 1.15316 1.15467 1.15475 1.15475
nmprior
 8.19 8.8 8.5 0
nm_flota  nm_reclas  nm_pelaces    nm_pelaL
inf 11.8714 18.1634 43.3469
cv_recla  cv_pelaces  cv_mph
0.355215 0.471758 0.879395
 ------------------------------------------------
Talla a la edad & desviaci?n 
 8 13.2811 15.8009 17.003 17.5766
 0.8 1.32811 1.58009 1.7003 1.75766
