    unsorted:	 4.765697190e-05 1.978435385e-05 1.093591779e-06 0.0001269500019 0.0002687711956 0.002582117714 1.275966778 9.032327111 24.74091865 38.95686909 165.2467510 108.2619283 246.9600190 260.1576429 462.2449495 523.4976441 661.5256733 796.6581128 840.9123546 859.3539286 901.2013453 942.3183793 980.8661292 1052.363035 1148.257943 1215.193978 1333.437941 1529.599764 1635.552159 1823.396638 1874.211930 2076.242664 2348.718616 2228.247171 2393.925464 2551.202353 2609.386633 2828.093202 2898.792033 3118.077135 3152.659406 3784.994824 3920.524560 4259.321656 9996.165389 41342.99917 158291.0314 389478.5840 392316.7548 394264.6689 382408.5043 363276.2075 359752.8736 427979.5758 448525.9108 461983.0420 464803.3741 320783.0119 596519.6279 616165.8457 646149.5247 702814.9509 701555.3458 972553.8164 1027722.634 1128107.790 1176012.085 1341898.241 1488896.483 1642115.531 1817561.654 2254185.711 2427638.374 2478322.116 2746488.388 2962696.064 3310442.325 43250671.06
      sorted:	 1.093591779e-06 1.978435385e-05 4.765697190e-05 0.0001269500019 0.0002687711956 0.002582117714 1.275966778 9.032327111 24.74091865 38.95686909 108.2619283 165.2467510 246.9600190 260.1576429 462.2449495 523.4976441 661.5256733 796.6581128 840.9123546 859.3539286 901.2013453 942.3183793 980.8661292 1052.363035 1148.257943 1215.193978 1333.437941 1529.599764 1635.552159 1823.396638 1874.211930 2076.242664 2228.247171 2348.718616 2393.925464 2551.202353 2609.386633 2828.093202 2898.792033 3118.077135 3152.659406 3784.994824 3920.524560 4259.321656 9996.165389 41342.99917 158291.0314 320783.0119 359752.8736 363276.2075 382408.5043 389478.5840 392316.7548 394264.6689 427979.5758 448525.9108 461983.0420 464803.3741 596519.6279 616165.8457 646149.5247 701555.3458 702814.9509 972553.8164 1027722.634 1128107.790 1176012.085 1341898.241 1488896.483 1642115.531 1817561.654 2254185.711 2427638.374 2478322.116 2746488.388 2962696.064 3310442.325 43250671.06
