years
 1991 1992 1993 1994 1995 1996 1997 1998 1999 2000 2001 2002 2003 2004 2005 2006 2007 2008 2009 2010 2011 2012 2013 2014 2015 2016 2017 2018 2019 2020 2021
reclasobs
 0 0 0 0 0 0 0 0 0 252601 567819 844713 477998 351125 339783 2.1784e+06 2.13404e+06 4.81314e+06 1.55562e+06 2.62356e+06 3.21686e+06 3.843e+06 1.13348e+06 3.07943e+06 1.97215e+06 2.03268e+06 2.025e+06 2.42433e+06 2.27542e+06 1.05018e+06 2.36338e+06
reclaspred
 1.83775e+06 1.44006e+06 768458 1.49057e+06 1.9691e+06 836976 203610 88549.2 93500.7 527902 353733 216356 1.09086e+06 599335 509995 918828 896085 2.62659e+06 1.18395e+06 1.86606e+06 2.94409e+06 1.79458e+06 1.86178e+06 2.84807e+06 1.56158e+06 1.80203e+06 2.11024e+06 1.51131e+06 2.21501e+06 2.33239e+06 2.1797e+06
pelacesobs
 0 0 0 0 0 0 0 0 0 0 0 0 0 0 0 552880 188675 0 991730 2.46772e+06 1.41603e+06 1.21717e+06 2.29649e+06 1.80582e+06 0 1.4828e+06 1.56532e+06 1.57751e+06 1.42118e+06 867257 1.10002e+06
pelacespred
 964336 754188 418446 688178 1.05576e+06 443919 66335 38124.7 47814.4 243462 218900 88797.7 540600 309334 259234 390947 432929 1.26457e+06 623665 1.02361e+06 1.14019e+06 1.09872e+06 1.00559e+06 1.38668e+06 913091 1.03726e+06 1.17207e+06 966735 1.1348e+06 1.37021e+06 1.19766e+06
mphobs
 0 0 0 0 0 0 0 0 0 0 0 498337 0 5186 125008 0 168611 109162 213762 579715 649985 157893 87575 83554 0 0 0 0 0 0 0
mphpred
 3.44258e+06 2.18864e+06 2.29658e+06 2.90597e+06 2.18756e+06 1.42079e+06 586548 187900 1.16727e+06 979309 504622 1.83503e+06 1.80789e+06 1.40866e+06 1.90289e+06 1.74152e+06 4.09713e+06 3.83865e+06 5.14241e+06 3.85233e+06 4.99847e+06 4.93701e+06 4.5324e+06 3.84129e+06 4.52228e+06 4.15818e+06 4.61847e+06 4.5444e+06 4.85074e+06 4.08124e+06 6.97504e+06
desembarqueobs
 494567 514787 250237 358949 120608 361735 552515 73892 212993 205616 52469 317467 293654 387597 252695 516296 358380 742168 942051 627588 828172 859565 418607 520667 417249 300574 415391 372974 316634 284311 391294
desembarquepred
 495020 517644 251554 358451 120472 360939 553993 73912 213444 205469 52544 316296 293445 387962 253160 515107 358691 743996 937754 622986 832938 863423 418912 520331 417468 301216 415717 372988 315123 284823 393106
Reclutas
 140826 621241 756531 17421.4 126181 46607.8 25315.1 283341 84337.8 14705.7 611198 250272 246493 468532 200577 1.29419e+06 235259 1.38511e+06 696806 882345 758862 1.18378e+06 261357 687526 781956 615960 819282 651213 454853 1.50749e+06 6.27908e+07
log_desv_Rt
 -0.994302 0.489893 0.686918 -3.08413 -1.10411 -2.10006 -2.71042 -0.295177 -1.507 -3.25359 0.473594 -0.419277 -0.434492 0.207779 -0.640627 1.22382 -0.481139 1.29171 0.604681 0.840757 0.689993 1.13464 -0.375939 0.591274 0.719973 0.481355 0.766602 0.53701 0.178148 1.37638 5.10574
SSB
 3.44258e+06 2.18864e+06 2.29658e+06 2.90597e+06 2.18756e+06 1.42079e+06 586548 187900 1.16727e+06 979309 504622 1.83503e+06 1.80789e+06 1.40866e+06 1.90289e+06 1.74152e+06 4.09713e+06 3.83865e+06 5.14241e+06 3.85233e+06 4.99847e+06 4.93701e+06 4.5324e+06 3.84129e+06 4.52228e+06 4.15818e+06 4.61847e+06 4.5444e+06 4.85074e+06 4.08124e+06 6.97504e+06
BT
 4.48696e+06 4.4891e+06 3.96596e+06 3.53309e+06 2.90623e+06 1.96053e+06 955404 2.87382e+06 2.04455e+06 1.25765e+06 2.74395e+06 3.01866e+06 3.14359e+06 4.70813e+06 3.6369e+06 6.03281e+06 5.85342e+06 1.03346e+07 8.8931e+06 7.05116e+06 9.71966e+06 9.00533e+06 6.74507e+06 9.55797e+06 7.59869e+06 8.64478e+06 1.11652e+07 9.46903e+06 7.11967e+06 1.22404e+07 3.91295e+08
Ftot
 0.262674 0.338492 0.336903 0.241212 0.0584891 0.406819 1.99299 0.774918 3.02128 0.374535 0.141436 1.97792 0.259561 0.609378 0.507005 0.528543 0.460563 0.270984 0.810262 0.322544 0.279366 0.467784 0.227864 0.175147 0.270044 0.169137 0.195042 0.248101 0.143664 0.119759 0.189071
BD_Bspro_t
 0.973711 0.855844 0.844906 0.897184 0.867291 0.834512 0.573627 0.335461 0.8242 0.807843 0.699162 0.907061 0.87569 0.810587 0.850271 0.825945 0.890966 0.885219 0.871204 0.828237 0.850785 0.835041 0.851459 0.858361 0.885886 0.896442 0.919455 0.916864 0.922204 0.91052 0.948793
BD_Bspro
 1.26715 0.805599 0.845327 1.06963 0.805201 0.522969 0.215898 0.0691625 0.429649 0.360466 0.185742 0.675443 0.665453 0.518503 0.70042 0.641023 1.50808 1.41294 1.89283 1.41797 1.83985 1.81722 1.66829 1.41391 1.66457 1.53055 1.69997 1.67271 1.78547 1.50223 2.56739
BD_Bo
 0.896789 0.570139 0.598255 0.757001 0.569857 0.370115 0.152795 0.0489477 0.304071 0.255109 0.131453 0.478024 0.470954 0.366955 0.495702 0.453665 1.0673 0.999963 1.33959 1.00353 1.3021 1.28609 1.18068 1.00065 1.17805 1.0832 1.20311 1.18381 1.26361 1.06316 1.81699
BD_Brms
 1.33936 0.851508 0.8935 1.13059 0.851087 0.552771 0.228201 0.0731038 0.454134 0.381008 0.196327 0.713934 0.703375 0.548051 0.740335 0.677553 1.59402 1.49345 2.0007 1.49878 1.94469 1.92078 1.76336 1.49448 1.75943 1.61777 1.79685 1.76803 1.88722 1.58784 2.71369
Sel_flota
 1.39953e-11 0.0378451 1 1 1
 1.39953e-11 0.0378451 1 1 1
 1.39953e-11 0.0378451 1 1 1
 1.39953e-11 0.0378451 1 1 1
 1.39953e-11 0.0378451 1 1 1
 1.39953e-11 0.0378451 1 1 1
 1.39953e-11 0.0378451 1 1 1
 1.39953e-11 0.0378451 1 1 1
 1.39953e-11 0.0378451 1 1 1
 1.39953e-11 0.0378451 1 1 1
 1.39953e-11 0.0378451 1 1 1
 1.39953e-11 0.0378451 1 1 1
 1.39953e-11 0.0378451 1 1 1
 1.39953e-11 0.0378451 1 1 1
 1.39953e-11 0.0378451 1 1 1
 1.39953e-11 0.0378451 1 1 1
 1.39953e-11 0.0378451 1 1 1
 1.39953e-11 0.0378451 1 1 1
 1.39953e-11 0.0378451 1 1 1
 1.39953e-11 0.0378451 1 1 1
 1.39953e-11 0.0378451 1 1 1
 1.39953e-11 0.0378451 1 1 1
 1.39953e-11 0.0378451 1 1 1
 1.39953e-11 0.0378451 1 1 1
 1.39953e-11 0.0378451 1 1 1
 1.39953e-11 0.0378451 1 1 1
 1.39953e-11 0.0378451 1 1 1
 1.39953e-11 0.0378451 1 1 1
 1.39953e-11 0.0378451 1 1 1
 1.39953e-11 0.0378451 1 1 1
 1.39953e-11 0.0378451 1 1 1
Sel_reclas
 9.1022e-09 0.0833983 0.999999 1 1
 9.1022e-09 0.0833983 0.999999 1 1
 9.1022e-09 0.0833983 0.999999 1 1
 9.1022e-09 0.0833983 0.999999 1 1
 9.1022e-09 0.0833983 0.999999 1 1
 9.1022e-09 0.0833983 0.999999 1 1
 9.1022e-09 0.0833983 0.999999 1 1
 9.1022e-09 0.0833983 0.999999 1 1
 9.1022e-09 0.0833983 0.999999 1 1
 9.1022e-09 0.0833983 0.999999 1 1
 9.1022e-09 0.0833983 0.999999 1 1
 9.1022e-09 0.0833983 0.999999 1 1
 9.1022e-09 0.0833983 0.999999 1 1
 9.1022e-09 0.0833983 0.999999 1 1
 9.1022e-09 0.0833983 0.999999 1 1
 9.1022e-09 0.0833983 0.999999 1 1
 9.1022e-09 0.0833983 0.999999 1 1
 9.1022e-09 0.0833983 0.999999 1 1
 9.1022e-09 0.0833983 0.999999 1 1
 9.1022e-09 0.0833983 0.999999 1 1
 9.1022e-09 0.0833983 0.999999 1 1
 9.1022e-09 0.0833983 0.999999 1 1
 9.1022e-09 0.0833983 0.999999 1 1
 9.1022e-09 0.0833983 0.999999 1 1
 9.1022e-09 0.0833983 0.999999 1 1
 9.1022e-09 0.0833983 0.999999 1 1
 9.1022e-09 0.0833983 0.999999 1 1
 9.1022e-09 0.0833983 0.999999 1 1
 9.1022e-09 0.0833983 0.999999 1 1
 9.1022e-09 0.0833983 0.999999 1 1
 9.1022e-09 0.0833983 0.999999 1 1
Sel_pelaces
 9.1022e-09 0.0833983 0.999999 1 1
 9.1022e-09 0.0833983 0.999999 1 1
 9.1022e-09 0.0833983 0.999999 1 1
 9.1022e-09 0.0833983 0.999999 1 1
 9.1022e-09 0.0833983 0.999999 1 1
 9.1022e-09 0.0833983 0.999999 1 1
 9.1022e-09 0.0833983 0.999999 1 1
 9.1022e-09 0.0833983 0.999999 1 1
 9.1022e-09 0.0833983 0.999999 1 1
 9.1022e-09 0.0833983 0.999999 1 1
 9.1022e-09 0.0833983 0.999999 1 1
 9.1022e-09 0.0833983 0.999999 1 1
 9.1022e-09 0.0833983 0.999999 1 1
 9.1022e-09 0.0833983 0.999999 1 1
 9.1022e-09 0.0833983 0.999999 1 1
 9.1022e-09 0.0833983 0.999999 1 1
 9.1022e-09 0.0833983 0.999999 1 1
 9.1022e-09 0.0833983 0.999999 1 1
 9.1022e-09 0.0833983 0.999999 1 1
 9.1022e-09 0.0833983 0.999999 1 1
 9.1022e-09 0.0833983 0.999999 1 1
 9.1022e-09 0.0833983 0.999999 1 1
 9.1022e-09 0.0833983 0.999999 1 1
 9.1022e-09 0.0833983 0.999999 1 1
 9.1022e-09 0.0833983 0.999999 1 1
 9.1022e-09 0.0833983 0.999999 1 1
 9.1022e-09 0.0833983 0.999999 1 1
 9.1022e-09 0.0833983 0.999999 1 1
 9.1022e-09 0.0833983 0.999999 1 1
 9.1022e-09 0.0833983 0.999999 1 1
 9.1022e-09 0.0833983 0.999999 1 1
pf_obs 
 0.8446 0.082 0.0669 0.0065 0
 0.8095 0.147 0.0364 0.0071 0
 0.9664 0.0169 0.016 0.0007 0
 0.9276 0.0648 0.0075 0.0001 0
 0.7033 0.2144 0.0806 0.0017 0
 0.9318 0.0425 0.0243 0.0014 0
 0.5671 0.3108 0.0964 0.0239 0.0018
 0.0768 0.2599 0.5324 0.112 0.0189
 0.490249 0.384438 0.106611 0.0170017 0.00170017
 0.7925 0.1577 0.0466 0.003 0.0002
 0.840416 0.127587 0.0312969 0.00059994 9.999e-05
 0.8084 0.0986 0.0794 0.0134 0.0002
 0.7335 0.1905 0.0724 0.0035 0.0001
 0.4001 0.4547 0.1325 0.0127 0
 0.49795 0.308269 0.164784 0.0264974 0.00249975
 0.9179 0.0499 0.0305 0.0017 0
 0.2467 0.6533 0.0926 0.0074 0
 0.9418 0.0223 0.034 0.0019 0
 0.707729 0.231977 0.0356964 0.0245975 0
 0.517169 0.277429 0.184464 0.0207286 0.00020938
 0.811772 0.124168 0.05621 0.00726502 0.000585176
 0.764997 0.148141 0.077277 0.00933861 0.000247198
 0.163321 0.427699 0.378323 0.0303852 0.000271297
 0.753843 0.0900009 0.118128 0.0371064 0.000921714
 0.721811 0.176058 0.0630433 0.0369309 0.00215725
 0.143369 0.312575 0.442814 0.0836902 0.0175525
 0.692698 0.0596174 0.167031 0.0765114 0.00414204
 0.394062 0.376323 0.152708 0.0712218 0.00568511
 0.125707 0.32114 0.495352 0.0537591 0.00404204
 0.23352 0.215282 0.420074 0.123614 0.00750983
 0.796117 0.104755 0.0508955 0.0450114 0.00322123
pf_pred 
 2.0973e-11 0.0672332 0.589621 0.216909 0.126236
 1.09695e-10 0.0246048 0.671757 0.191936 0.111702
 2.33692e-10 0.189888 0.362355 0.308371 0.139386
 2.54705e-12 0.109612 0.785794 0.0467838 0.0578101
 1.40384e-11 0.00192636 0.787145 0.18615 0.0247777
 1.56639e-11 0.0419157 0.0479672 0.717777 0.19234
 2.38591e-11 0.0423516 0.568546 0.0194807 0.369622
 6.92141e-10 0.06077 0.755751 0.10893 0.0745496
 2.13672e-10 0.681135 0.232689 0.069342 0.0168347
 6.71604e-12 0.0380902 0.959616 0.00167367 0.000619848
 4.50183e-10 0.0107511 0.558686 0.429536 0.00102661
 2.8121e-10 0.662277 0.080132 0.145477 0.112115
 4.73256e-11 0.0476053 0.947154 0.00124341 0.00399704
 1.3953e-10 0.0723248 0.561213 0.364446 0.00201642
 6.65666e-11 0.153451 0.631678 0.12999 0.0848812
 2.96768e-10 0.0453741 0.826075 0.095922 0.0326288
 6.2143e-11 0.337612 0.417686 0.21175 0.0329518
 1.16661e-10 0.0196274 0.927592 0.0332819 0.0194983
 1.22856e-10 0.239856 0.290183 0.444659 0.0253012
 6.82192e-11 0.0533211 0.881209 0.0249929 0.0404768
 7.4887e-11 0.0862378 0.586268 0.304845 0.0226486
 1.16675e-10 0.073857 0.690181 0.151393 0.0845691
 2.58271e-11 0.115953 0.649029 0.17514 0.0598777
 5.09416e-11 0.0192109 0.782468 0.145599 0.0527225
 1.13906e-10 0.0992049 0.327618 0.457277 0.1159
 7.0617e-11 0.0889428 0.703752 0.0753965 0.131908
 8.20173e-11 0.061153 0.694296 0.188905 0.0556459
 7.28929e-11 0.090871 0.598063 0.23004 0.0810265
 4.34231e-11 0.0617048 0.706165 0.152705 0.0794254
 1.57444e-10 0.0471684 0.622535 0.248583 0.0817141
 7.43833e-09 0.177121 0.479951 0.224053 0.118875
pobs_RECLAS
 0 0 0 0 0
 0 0 0 0 0
 0 0 0 0 0
 0 0 0 0 0
 0 0 0 0 0
 0 0 0 0 0
 0 0 0 0 0
 0 0 0 0 0
 0 0 0 0 0
 0 0 0 0 0
 0.991045 0.00858322 0.000360255 1.14367e-05 0
 0.934742 0.0480273 0.0164251 0.00080598 0
 0.827803 0.169806 0.00239088 0 0
 0.941827 0.0461693 0.0120037 0 0
 0.791401 0.0380133 0.147996 0.0225897 0
 0.846168 0.0940531 0.0597789 0 0
 0.134021 0.677848 0.182769 0.00536245 0
 0.80878 0.0450904 0.141981 0.00414843 0
 0.846168 0.0940531 0.0597789 0 0
 0.905697 0.0802665 0.012482 0.00150086 5.37128e-05
 0.989698 0.0102097 9.19794e-05 0 0
 0.975433 0.0193895 0.00387452 0.00125025 5.28907e-05
 0.303575 0.632131 0.0575291 0.00676475 0
 0.966965 0.00978017 0.0227588 0.000495775 0
 0.843318 0.132988 0.00938335 0.0141283 0.000182051
 0.564624 0.303363 0.111486 0.0197234 0.00080311
 0.826376 0.0876187 0.0782897 0.00655872 0.00115652
 0.89761 0.0855135 0.0140674 0.00269457 0.000114338
 0.34875 0.467042 0.161289 0.0227151 0.000203297
 0.318654 0.224769 0.449479 0.00709798 0
 0.937255 0.0296025 0.0250945 0.00804832 0
ppred_RECLAS
 1.28869e-08 0.139862 0.543711 0.20002 0.116407
 7.14419e-08 0.0542388 0.651347 0.186105 0.108309
 1.26387e-07 0.347603 0.291811 0.248337 0.11225
 1.48925e-09 0.216994 0.691026 0.0411417 0.0508382
 9.15395e-09 0.00425532 0.785309 0.185716 0.0247199
 1.00573e-08 0.0910732 0.045506 0.68095 0.182471
 1.9472e-08 0.116366 0.524603 0.0179751 0.341055
 4.52477e-07 0.134282 0.696599 0.100404 0.0687148
 8.32917e-08 0.890791 0.0796939 0.0237491 0.00576574
 4.31804e-09 0.0828824 0.914931 0.00159574 0.000590985
 2.92567e-07 0.0236636 0.551393 0.42393 0.00101321
 1.07625e-07 0.853384 0.0347877 0.0631558 0.0486723
 2.97472e-08 0.101306 0.893749 0.0011733 0.00377167
 8.81952e-08 0.154603 0.511437 0.332122 0.00183758
 3.79228e-08 0.295739 0.525506 0.108141 0.0706145
 1.92225e-07 0.0994179 0.779309 0.0904917 0.0307816
 2.93829e-08 0.540105 0.289999 0.147018 0.0228784
 7.59278e-08 0.0432466 0.905245 0.0324801 0.0190285
 6.54522e-08 0.431871 0.216882 0.332337 0.01891
 4.28426e-08 0.113348 0.825333 0.0234082 0.0379103
 4.5088e-08 0.175775 0.528821 0.274974 0.0204293
 7.25284e-08 0.155335 0.629462 0.138074 0.0771291
 1.49808e-08 0.227728 0.566968 0.152997 0.0523071
 3.28698e-08 0.0419777 0.764304 0.142219 0.0514987
 6.75322e-08 0.19912 0.291279 0.406557 0.103045
 4.20044e-08 0.179164 0.63406 0.0679301 0.118846
 5.04535e-08 0.127386 0.645315 0.175578 0.0517203
 4.35426e-08 0.183782 0.536942 0.20653 0.0727459
 2.65808e-08 0.127925 0.656327 0.141928 0.07382
 9.78107e-08 0.0992508 0.588506 0.234995 0.0772476
 4.0342e-06 0.325296 0.393524 0.183707 0.0974689
pobs_PELACES
 0 0 0 0 0
 0 0 0 0 0
 0 0 0 0 0
 0 0 0 0 0
 0 0 0 0 0
 0 0 0 0 0
 0 0 0 0 0
 0 0 0 0 0
 0 0 0 0 0
 0 0 0 0 0
 0 0 0 0 0
 0 0 0 0 0
 0 0 0 0 0
 0 0 0 0 0
 0 0 0 0 0
 0 0 0 0 0
 0.505614 0.472636 0.0217494 0 0
 0 0 0 0 0
 0.443492 0.261883 0.143347 0.151278 0
 0.227955 0.32914 0.350689 0.0885471 0.00366901
 0.970185 0.0296113 0.000203453 0 0
 0.997202 0.00247181 0.000326279 0 0
 0.445219 0.490057 0.0546422 0.010081 0
 0.90214 0.0892962 0.00764917 0.000914606 0
 0 0 0 0 0
 0.581667 0.319106 0.0959925 0.00289975 0.000334073
 0.762889 0.0836404 0.116647 0.0363945 0.000428098
 0.88444 0.0763242 0.0277011 0.0115352 0
 0.521256 0.241999 0.230069 0.00667565 0
 0.616807 0.101726 0.260614 0.0208532 0
 0.833518 0.0704572 0.0857862 0.0102388 0
ppred_PELACES
 1.38849e-08 0.1502 0.537176 0.197616 0.115008
 7.93963e-08 0.0600235 0.647363 0.184967 0.107646
 1.35915e-07 0.372239 0.280791 0.238959 0.108011
 1.58526e-09 0.230288 0.679294 0.0404431 0.049975
 9.33161e-09 0.00433474 0.785246 0.185701 0.024718
 1.13597e-08 0.102345 0.0449416 0.672505 0.180208
 3.40855e-08 0.19869 0.475729 0.0163004 0.309281
 5.63229e-07 0.165539 0.671447 0.0967788 0.0662337
 9.2742e-08 0.955133 0.0327415 0.00975709 0.0023688
 4.83551e-09 0.0923818 0.905454 0.00157921 0.000584864
 3.06213e-07 0.0247237 0.550794 0.423469 0.00101211
 1.18413e-07 0.916016 0.019927 0.0361768 0.0278804
 3.21279e-08 0.10906 0.886038 0.00116318 0.00373913
 1.04395e-07 0.181613 0.495097 0.321511 0.00177887
 4.26275e-08 0.33033 0.499694 0.10283 0.0671461
 2.24771e-07 0.115486 0.765404 0.0888771 0.0302324
 3.15247e-08 0.576152 0.267268 0.135495 0.0210852
 8.27091e-08 0.0469499 0.901741 0.0323544 0.0189549
 7.58993e-08 0.495762 0.192492 0.294963 0.0167834
 4.70789e-08 0.124055 0.815367 0.0231255 0.0374525
 4.86491e-08 0.188997 0.520338 0.270563 0.0201016
 8.25809e-08 0.175835 0.614185 0.134723 0.0752572
 1.58794e-08 0.240702 0.557443 0.150426 0.0514283
 3.47422e-08 0.044272 0.762474 0.141879 0.0513754
 7.25336e-08 0.213147 0.286177 0.399436 0.10124
 4.39809e-08 0.187199 0.627854 0.0672652 0.117682
 5.33733e-08 0.134431 0.640106 0.174161 0.0513027
 4.65563e-08 0.195894 0.528974 0.203466 0.0716664
 2.77059e-08 0.133101 0.652432 0.141086 0.0733819
 1.01364e-07 0.102702 0.586251 0.234095 0.0769516
 4.20921e-06 0.338607 0.38576 0.180082 0.0955459
pobs_pel_tallas
 0 0 0 0 0 0 0 0 0 0 0 0 0 0 0 0 0 0 0 0 0 0 0 0 0 0
 0 0 0 0 0 0 0 0 0 0 0 0 0 0 0 0 0 0 0 0 0 0 0 0 0 0
 0 0 0 0 0 0 0 0 0 0 0 0 0 0 0 0 0 0 0 0 0 0 0 0 0 0
 0 0 0 0 0 0 0 0 0 0 0 0 0 0 0 0 0 0 0 0 0 0 0 0 0 0
 0 0 0 0 0 0 0 0 0 0 0 0 0 0 0 0 0 0 0 0 0 0 0 0 0 0
 0 0 0 0 0 0 0 0 0 0 0 0 0 0 0 0 0 0 0 0 0 0 0 0 0 0
 0 0 0 0 0 0 0 0 0 0 0 0 0 0 0 0 0 0 0 0 0 0 0 0 0 0
 0 0 0 0 0 0 0 0 0 0 0 0 0 0 0 0 0 0 0 0 0 0 0 0 0 0
 0 0 0 0 0 0 0 0 0 0 0 0 0 0 0 0 0 0 0 0 0 0 0 0 0 0
 0 0 0 0 0 0 0 0 0 0 0 0 0 0 0 0 0 0 0 0 0 0 0 0 0 0
 0 0 0 0 0 0 0 0 0 0 0 0 0 0 0 0 0 0 0 0 0 0 0 0 0 0
 0 0 0 0 0 0 0 0 0 0 0 0 0 0 0 0 0 0 0 0 0 0 0 0 0 0
 0.00862536 0 0 0.000197151 0.00414017 0.0128641 0.00837892 0.0270097 0.101434 0.158115 0.152841 0.127902 0.109271 0.109419 0.0830992 0.0579132 0.0238553 0.00714673 0.00463305 0.00128148 0.00103504 0.000492878 0.000147863 0.000147863 4.92878e-05 0
 0 0 0 0 0 0 0 0 0 0 0 0 0 0 0 0 0 0 0 0 0 0 0 0 0 0
 0 0 0 0 0 0 0 0.0054083 0.00873648 0.0413646 0.0450493 0.0745869 0.0622846 0.0627006 0.0613931 0.0827291 0.12552 0.122667 0.0946155 0.0697135 0.0546179 0.0294188 0.0215738 0.0213955 0.0102223 0.00600262
 0 0 0 0 0.00359764 0.0251062 0.0480494 0.140153 0.205849 0.193036 0.1447 0.116669 0.0760912 0.0342217 0.00950174 0.001854 0.000860785 0 0 0 0.000165536 0 0.000143464 0 0 0
 0 0 0 0 0 0 0 0.000145254 0.000435761 0.0275982 0.070085 0.0708112 0.156366 0.174668 0.174014 0.160142 0.0824315 0.0480064 0.0283245 0.00493863 0.00203355 0 0 0 0 0
 0 0 0 0 0 0 0 0 0 0 0 0 0 0 0 0 0 0 0 0 0 0 0 0 0 0
 0 0 1.00437e-05 0.000401748 0.00122533 0.00171747 0.00176769 0.0269171 0.070346 0.194647 0.189555 0.159765 0.064822 0.0314167 0.0384472 0.0292271 0.0345202 0.0313363 0.0194345 0.0106764 0.0143323 0.0359363 0.0279516 0.0138201 0.00172751 0
 0 0.0021121 0.0136068 0.0755702 0.200478 0.177729 0.0527432 0.0373336 0.0318909 0.0142505 0.0149659 0.0166563 0.0217959 0.0798694 0.0677717 0.0528807 0.04013 0.0224614 0.0357745 0.0225083 0.00881397 0.00855152 0.00135912 0.000746735 0 0
 0 0 0 0 5.4009e-05 0.00500934 0.000945158 0.0243581 0.138947 0.33067 0.221406 0.137944 0.0707744 0.0437923 0.0131692 0.00525238 0.0047753 0.00276346 9.45158e-05 9.00151e-06 2.25038e-05 9.00151e-06 4.50075e-06 0 0 0
 0.000866109 0.00284123 0.00948549 0.0512746 0.133035 0.25785 0.225252 0.132002 0.0553304 0.0519788 0.0540692 0.017754 0.00435017 0.00159236 0.00146478 0.000404838 0.000125132 0.000115318 0.000107957 0.000100596 0 0 0 0 0 0
 0 0 0 0 0.00144013 0.00171154 0.00461396 0.0210425 0.0478622 0.0707936 0.0888783 0.103762 0.0637923 0.0337046 0.0602308 0.124433 0.169614 0.0934646 0.0462172 0.0250306 0.0313229 0.00938855 0.002487 0.000210481 0 0
 0 0.00764035 0.051015 0.0998891 0.058973 0.0496711 0.0374665 0.0718981 0.12319 0.153886 0.159021 0.0857701 0.0377988 0.023471 0.0147837 0.00900784 0.00315554 0.000888139 0.00291439 0.00214683 0.00393193 0.00274676 0.000635225 9.99891e-05 0 0
 0 0 0 0 0 0 0 0 0 0 0 0 0 0 0 0 0 0 0 0 0 0 0 0 0 0
 0 0 0 0 0 0 0 0 0 0 0 0 0 0 0 0 0 0 0 0 0 0 0 0 0 0
 0 0 0 0 0 0 0 0 0 0 0 0 0 0 0 0 0 0 0 0 0 0 0 0 0 0
 0 0 0 0 0 0 0 0 0 0 0 0 0 0 0 0 0 0 0 0 0 0 0 0 0 0
 0 0 0 0 0 0 0 0 0 0 0 0 0 0 0 0 0 0 0 0 0 0 0 0 0 0
 0 0 0 0 0 0 0 0 0 0 0 0 0 0 0 0 0 0 0 0 0 0 0 0 0 0
 0 0 0 0 0 0 0 0 0 0 0 0 0 0 0 0 0 0 0 0 0 0 0 0 0 0
ppred_pel_tallas
 1.54821e-16 3.5323e-11 3.54128e-10 3.081e-09 2.33337e-08 1.54354e-07 8.92694e-07 4.50933e-06 1.9873e-05 7.63891e-05 0.000256259 0.00075133 0.00192991 0.00435991 0.00871506 0.0155562 0.0251273 0.0373768 0.0522238 0.069729 0.0897597 0.111214 0.131486 0.146867 0.153871 0.150675
 1.55464e-16 2.24681e-11 2.19866e-10 1.77185e-09 1.21401e-08 7.37445e-08 4.05837e-07 2.01276e-06 8.86949e-06 3.44231e-05 0.000117434 0.000352908 0.000938597 0.00222465 0.00474359 0.00920718 0.0164803 0.027529 0.0432568 0.0640844 0.0892688 0.116314 0.141048 0.158688 0.165501 0.160199
 1.50441e-16 9.03742e-11 9.12108e-10 7.81621e-09 5.77783e-08 3.74351e-07 2.13801e-06 1.07287e-05 4.70603e-05 0.000179883 0.000598555 0.00173392 0.0043757 0.00963136 0.0185293 0.0312705 0.0465856 0.0619317 0.0748022 0.0843376 0.0918264 0.0994798 0.10842 0.117527 0.123958 0.124752
 1.32175e-16 5.13335e-11 5.17311e-10 4.545e-09 3.47931e-08 2.32024e-07 1.34766e-06 6.81685e-06 3.00311e-05 0.000115262 0.000385672 0.00112633 0.00287626 0.00644128 0.0127088 0.0222507 0.0349422 0.0499637 0.0662785 0.0831264 0.0998981 0.11538 0.127204 0.132368 0.128697 0.116199
 1.45468e-16 5.69163e-12 5.08011e-11 3.93837e-10 2.68594e-09 1.6491e-08 9.2342e-08 4.70656e-07 2.16872e-06 9.00151e-06 3.36636e-05 0.000113696 0.000347813 0.000966434 0.0024445 0.00563675 0.0118571 0.0227544 0.0398273 0.0635633 0.0924979 0.122778 0.148788 0.164863 0.167381 0.156135
 1.99263e-16 2.36077e-11 2.36888e-10 2.05965e-09 1.55755e-08 1.02877e-07 5.9419e-07 2.99719e-06 1.31834e-05 5.05347e-05 0.000168867 0.000492485 0.00125623 0.00281314 0.00556598 0.00983576 0.0157962 0.0236497 0.0340422 0.0483607 0.0684051 0.0952637 0.127901 0.16239 0.192484 0.211507
 1.67754e-16 4.66992e-11 4.69839e-10 4.07325e-09 3.06475e-08 2.01582e-07 1.16173e-06 5.8562e-06 2.57623e-05 9.87896e-05 0.000330229 0.000963132 0.00245504 0.0054847 0.010788 0.0188181 0.0294432 0.0420135 0.0558843 0.0709577 0.0875995 0.105806 0.124299 0.140415 0.150991 0.153619
 1.40333e-16 8.41978e-11 8.30335e-10 6.32244e-09 3.90555e-08 2.11925e-07 1.07511e-06 5.11605e-06 2.21158e-05 8.46377e-05 0.00028383 0.000832656 0.00214075 0.00484158 0.0096895 0.0173127 0.027967 0.0415154 0.0576584 0.0760752 0.0960837 0.115951 0.132591 0.142308 0.142352 0.132285
 1.02569e-16 2.06374e-10 2.09844e-09 1.84129e-08 1.40124e-07 9.29121e-07 5.37554e-06 2.71097e-05 0.000119003 0.000454305 0.00150782 0.00435039 0.0109116 0.023793 0.0451077 0.0743635 0.106634 0.133065 0.144632 0.137177 0.113949 0.0835362 0.0549103 0.0333904 0.0198139 0.012252
 1.26411e-16 2.38963e-11 2.36191e-10 2.04159e-09 1.54331e-08 1.02114e-07 5.9139e-07 2.99615e-06 1.3275e-05 5.14684e-05 0.000174899 0.000522355 0.00137689 0.00322268 0.00675384 0.0128105 0.0222661 0.035895 0.0541507 0.0766993 0.101736 0.125553 0.143062 0.149498 0.142559 0.12365
 1.58541e-16 3.36043e-11 3.24794e-10 2.30111e-09 1.24186e-08 5.60027e-08 2.39809e-07 1.04227e-06 4.41944e-06 1.72222e-05 6.0027e-05 0.00018636 0.000517778 0.00129774 0.00296207 0.00621649 0.0120934 0.0219163 0.0370485 0.0583202 0.085219 0.115231 0.143878 0.165746 0.176213 0.173072
 1.09156e-16 2.0036e-10 2.03614e-09 1.78156e-08 1.35096e-07 8.9327e-07 5.15998e-06 2.60055e-05 0.000114132 0.000435689 0.00144602 0.00417209 0.0104645 0.0228188 0.0432638 0.0713348 0.102326 0.127788 0.139142 0.132514 0.111155 0.0834073 0.0578822 0.0395212 0.0287896 0.0233932
 1.26347e-16 2.95221e-11 2.92596e-10 2.49356e-09 1.84577e-08 1.19996e-07 6.87798e-07 3.46735e-06 1.53204e-05 5.9241e-05 0.000200595 0.000596105 0.00156042 0.0036181 0.0074896 0.0139874 0.0238705 0.037725 0.0558215 0.0777579 0.10184 0.124617 0.141288 0.147294 0.140384 0.12187
 1.46878e-16 4.91813e-11 4.92016e-10 4.14289e-09 2.99937e-08 1.91085e-07 1.08116e-06 5.40913e-06 2.37496e-05 9.11e-05 0.00030492 0.000891181 0.00227873 0.00511424 0.0101273 0.0178395 0.0283003 0.0411325 0.055935 0.0726323 0.0912206 0.110898 0.129326 0.142893 0.148052 0.142933
 1.3618e-16 7.4771e-11 7.55624e-10 6.58902e-09 4.9866e-08 3.29394e-07 1.90244e-06 9.59448e-06 4.2177e-05 0.000161463 0.000538259 0.00156338 0.00396058 0.00876684 0.0170058 0.0290481 0.0440382 0.0599975 0.0748178 0.0874585 0.0982235 0.107755 0.115675 0.120216 0.119204 0.111517
 1.36147e-16 4.63113e-11 4.56787e-10 3.61003e-09 2.38374e-08 1.39365e-07 7.47036e-07 3.65437e-06 1.5976e-05 6.15204e-05 0.000207654 0.000614651 0.00160037 0.00368419 0.00755567 0.0139495 0.0234958 0.0366469 0.0536426 0.0742898 0.0974098 0.120271 0.138709 0.148338 0.146401 0.133102
 1.25017e-16 1.23862e-10 1.25795e-09 1.10665e-08 8.45565e-08 5.62547e-07 3.26114e-06 1.64638e-05 7.2327e-05 0.00027638 0.000918594 0.00265602 0.00668336 0.0146452 0.0279783 0.0466891 0.0682906 0.0880811 0.101254 0.105638 0.102873 0.0969399 0.0912838 0.086892 0.0825137 0.076294
 1.32487e-16 2.09123e-11 2.02676e-10 1.6065e-09 1.07771e-08 6.42239e-08 3.49509e-07 1.72905e-06 7.64839e-06 2.99355e-05 0.000103436 0.000316354 0.00086101 0.00210075 0.00463645 0.00934788 0.0173753 0.0299712 0.0481041 0.071746 0.0990399 0.125917 0.146794 0.156438 0.152158 0.135052
 1.38103e-16 1.10684e-10 1.12204e-09 9.78518e-09 7.39549e-08 4.87806e-07 2.8143e-06 1.41796e-05 6.22537e-05 0.000237858 0.000790589 0.00228618 0.005754 0.012614 0.0241166 0.040305 0.0591244 0.0766953 0.0891564 0.0950115 0.0960486 0.0958904 0.0972942 0.100349 0.102741 0.101505
 1.32219e-16 3.36024e-11 3.33972e-10 2.83575e-09 2.08513e-08 1.34749e-07 7.69446e-07 3.8705e-06 1.70711e-05 6.58616e-05 0.000222292 0.000657544 0.00171023 0.00393089 0.00804303 0.0148002 0.0248146 0.0384692 0.0558855 0.0767137 0.0995976 0.121642 0.138601 0.14619 0.141976 0.126658
 1.456e-16 4.61866e-11 4.63585e-10 3.98931e-09 2.97439e-08 1.94231e-07 1.1149e-06 5.61199e-06 2.4687e-05 9.47327e-05 0.000317066 0.000926497 0.00236825 0.00531232 0.0105106 0.0184892 0.029267 0.0423955 0.0573761 0.0740368 0.0923021 0.111341 0.128849 0.141334 0.145457 0.139592
 1.44016e-16 4.6542e-11 4.655e-10 3.94387e-09 2.88141e-08 1.85039e-07 1.05204e-06 5.27576e-06 2.31925e-05 8.90606e-05 0.000298522 0.000874255 0.00224185 0.00505151 0.0100576 0.0178448 0.0285651 0.0419415 0.057578 0.0752054 0.0943966 0.11382 0.130769 0.141707 0.1437 0.135829
 1.39937e-16 5.4264e-11 5.47175e-10 4.78751e-09 3.64359e-08 2.41828e-07 1.40072e-06 7.07543e-06 3.11427e-05 0.000119414 0.000399031 0.0011631 0.00296199 0.00660739 0.0129651 0.0225278 0.0350227 0.0494595 0.0647305 0.080257 0.0959361 0.111273 0.124523 0.132844 0.133559 0.125612
 1.44938e-16 1.59405e-11 1.54488e-10 1.2684e-09 8.99705e-09 5.65282e-08 3.18089e-07 1.5964e-06 7.08923e-06 2.77427e-05 9.57105e-05 0.000292075 0.000792794 0.00192859 0.0042444 0.00853971 0.0158666 0.0274299 0.0442775 0.0666884 0.0933839 0.121038 0.14468 0.159172 0.161152 0.150381
 1.65504e-16 5.23379e-11 5.2649e-10 4.51096e-09 3.33912e-08 2.16671e-07 1.2388e-06 6.2217e-06 2.73202e-05 0.000104603 0.000348971 0.00101494 0.0025768 0.0057243 0.0111706 0.0192755 0.0297317 0.0416977 0.0544774 0.068233 0.0839361 0.102312 0.122504 0.141568 0.155312 0.159977
 1.44828e-16 4.57314e-11 4.58742e-10 3.95237e-09 2.95267e-08 1.93146e-07 1.10988e-06 5.59035e-06 2.46054e-05 9.44853e-05 0.000316552 0.000926302 0.00237242 0.00533614 0.0105964 0.0187288 0.0298176 0.04346 0.0591176 0.076426 0.0949603 0.113497 0.129522 0.139723 0.141379 0.133694
 1.44655e-16 3.56865e-11 3.55763e-10 3.02236e-09 2.22049e-08 1.43335e-07 8.17654e-07 4.10858e-06 1.80934e-05 6.96422e-05 0.000234241 0.000689476 0.00178099 0.00405529 0.00819477 0.0148421 0.0244217 0.0371169 0.0529975 0.0720065 0.0935177 0.115648 0.135022 0.147565 0.15009 0.141724
 1.47848e-16 4.74401e-11 4.76465e-10 4.10722e-09 3.06871e-08 2.00724e-07 1.15323e-06 5.80693e-06 2.55449e-05 9.80085e-05 0.000327932 0.000957806 0.00244658 0.00548235 0.0108302 0.0190076 0.0299871 0.0432373 0.058168 0.0745531 0.0923389 0.110804 0.127824 0.140106 0.14447 0.139329
 1.45429e-16 3.33269e-11 3.32673e-10 2.86308e-09 2.14082e-08 1.40223e-07 8.0668e-07 4.06802e-06 1.79366e-05 6.90687e-05 0.00023238 0.000684242 0.00176833 0.00402914 0.00814919 0.0147765 0.0243473 0.0370595 0.0529889 0.0720657 0.0936306 0.115765 0.135083 0.147544 0.150033 0.141752
 1.53443e-16 3.29032e-11 3.25708e-10 2.67234e-09 1.8712e-08 1.15835e-07 6.44476e-07 3.20529e-06 1.40829e-05 5.42648e-05 0.000183035 0.000541122 0.00140673 0.00323254 0.00661713 0.0122003 0.0205541 0.0321675 0.0474881 0.0667788 0.0895926 0.114078 0.136755 0.153269 0.159922 0.155142
 1.45448e-16 4.19291e-10 4.10564e-09 2.88853e-08 1.51639e-07 6.49666e-07 2.60959e-06 1.07658e-05 4.40019e-05 0.000165297 0.000548681 0.00159095 0.0040232 0.00888319 0.0171694 0.0291766 0.0439136 0.0592505 0.0730247 0.0843788 0.0941106 0.103569 0.113008 0.120864 0.124502 0.121763
pSPR Fmed_Fpbrs
0.852957   0.719564 0.719564
Fs Fmed_Fpbrs
0.344151   1.005 1.005
SSBpbr Bo_Bmed_Bpbrs
3.83879e+06  3.08238e+06  2.57031e+06 2.57031e+06
Ro
380629
SPR SPRFo_SPRFmed_SPRFpbrs
2.71679e+06 2.3173e+06 1.9549e+06
Fref
1.005
Nvult_r0
 3.96914e+07 352014 42619.5 19895.8 10556.1
CTP_r0
 0.000105028 2500.91 6776.82 3163.59 1678.5
YTP_r0
393106
Np
 7.61894e+06 2.80285e+06 8.18068e+06 27277.1 2851.1
Nvult_p0
 4.81609e+06 1.81022e+06 7.07906e+06 23604 2467.17
CTP_p0
 6.77398e-05 546635 87861.3 8093.66 4928.83
 6.77398e-05 66327.9 3.54836e+06 11831.4 1236.66
YTP_p0
 1.10025e+07 8.35022e+07
CBA_c0
3.27524e+07
log_Ro
12.6696
likeval ReclasPelacesDesembMPH_pf_preclas_ppelaces_ptallas_desvR_qrecl_qpela
 42.1545 18.4822 1.46893 0.00616594 3842.3 2357.69 1258.97 0 103.5 0.728062 0 0 0 0 0
q_reclas_q_pelaces
 1  1
M
1
N
 140826 167641 61671.8 22687.8 13203.8
 621241 51806.9 61061.7 17446.7 10153.6
 756531 228542 18816.1 16012.9 7237.93
 17421.4 278312 83010.6 4942.2 6107.01
 126181 6408.96 101455 23992.9 3193.6
 46607.8 46419.4 2352.51 35202.8 9433.15
 25315.1 17146.1 16815.8 576.18 10932.3
 283341 9312.92 5849.42 843.103 577.005
 84337.8 104235 3327.02 991.462 240.705
 14705.7 31026.1 34202.8 59.6534 22.0928
 611198 5409.91 11253.2 8651.86 20.6783
 250272 224847 1979.57 3593.83 2769.66
 246493 92070 76750.9 100.757 323.893
 468532 90679.7 33539.6 21780.3 120.507
 200577 172363 32598.7 6708.32 4380.42
 1.29419e+06 73788.2 62203.9 7222.97 2456.96
 235259 476107 26607.6 13489 2099.11
 1.38511e+06 86546.9 172123 6175.77 3618.08
 696806 509554 31514 48290.1 2747.72
 882345 256341 181793 5156.04 8350.37
 758862 324597 93158.3 48440 3598.87
 1.18378e+06 279170 118157 25917.9 14477.9
 261357 435490 100899 27227.5 9308.64
 687526 96147.9 158832 29555 10702.1
 781956 252927 35137.2 49043.2 12430.3
 615960 287666 92100.5 9867.19 17262.9
 819282 226599 105151 28609.6 8427.57
 651213 301397 82748 31828.3 11210.8
 454853 239568 109842 23752.8 12354.4
 1.50749e+06 167331 87654.2 35000.9 11505.5
 6.27908e+07 554576 61279.3 28606.7 15177.8
pred_Ctot
 3.27252e-07 1049.07 9200.14 3384.54 1969.72
 1.86033e-06 417.276 11392.4 3255.07 1894.38
 2.25483e-06 1832.18 3496.26 2975.39 1344.89
 3.7176e-08 1599.87 11469.2 682.844 843.781
 6.52908e-08 8.95922 3660.9 865.76 115.238
 1.67742e-07 448.869 513.673 7686.57 2059.74
 4.46342e-07 792.289 10636 364.434 6914.68
 1.94244e-06 170.546 2120.96 305.703 209.218
 2.25422e-06 7185.91 2454.84 731.552 177.604
 4.87258e-08 276.35 6962.16 12.1428 4.49709
 7.64758e-07 18.2637 949.08 729.684 1.74398
 4.3793e-06 10313.7 1247.9 2265.51 1745.96
 5.66013e-07 569.358 11327.9 14.8711 47.8045
 2.52586e-06 1309.27 10159.4 6597.44 36.5026
 8.99657e-07 2073.91 8537.21 1756.83 1147.18
 6.05149e-06 925.237 16844.7 1955.97 665.342
 9.58557e-07 5207.68 6442.81 3266.25 508.282
 3.32056e-06 558.658 26402.3 947.31 554.984
 4.99482e-06 9751.57 11797.6 18078 1028.64
 2.51774e-06 1967.9 32522.4 922.404 1493.86
 1.87551e-06 2159.79 14682.8 7634.71 567.224
 4.89892e-06 3101.09 28979.2 6356.64 3550.87
 5.26858e-07 2365.37 13239.8 3572.76 1221.47
 1.06531e-06 401.744 16363.2 3044.81 1102.55
 1.8681e-06 1626.99 5373.04 7499.5 1900.8
 9.21666e-07 1160.85 9185.11 984.047 1721.62
 1.41366e-06 1054.04 11967 3255.98 959.119
 1.42933e-06 1781.86 11727.2 4510.78 1588.82
 5.781e-07 821.487 9401.3 2032.99 1057.4
 1.59716e-06 478.49 6315.18 2521.7 828.932
 0.000105028 2500.91 6776.82 3163.59 1678.5
F
 3.67621e-12 0.00994094 0.262674 0.262674 0.262674
 4.7373e-12 0.0128103 0.338492 0.338492 0.338492
 4.71507e-12 0.0127501 0.336903 0.336903 0.336903
 3.37583e-12 0.00912869 0.241212 0.241212 0.241212
 8.18574e-13 0.00221353 0.0584891 0.0584891 0.0584891
 5.69356e-12 0.0153961 0.406819 0.406819 0.406819
 2.78925e-11 0.0754249 1.99299 1.99299 1.99299
 1.08452e-11 0.0293269 0.774918 0.774918 0.774918
 4.22838e-11 0.114341 3.02128 3.02128 3.02128
 5.24173e-12 0.0141743 0.374535 0.374535 0.374535
 1.97944e-12 0.00535266 0.141436 0.141436 0.141436
 2.76816e-11 0.0748546 1.97792 1.97792 1.97792
 3.63263e-12 0.0098231 0.259561 0.259561 0.259561
 8.52844e-12 0.023062 0.609378 0.609378 0.609378
 7.09571e-12 0.0191877 0.507005 0.507005 0.507005
 7.39713e-12 0.0200028 0.528543 0.528543 0.528543
 6.44573e-12 0.0174301 0.460563 0.460563 0.460563
 3.79251e-12 0.0102554 0.270984 0.270984 0.270984
 1.13399e-11 0.0306645 0.810262 0.810262 0.810262
 4.51411e-12 0.0122067 0.322544 0.322544 0.322544
 3.90982e-12 0.0105727 0.279366 0.279366 0.279366
 6.54678e-12 0.0177033 0.467784 0.467784 0.467784
 3.18903e-12 0.00862356 0.227864 0.227864 0.227864
 2.45124e-12 0.00662845 0.175147 0.175147 0.175147
 3.77935e-12 0.0102199 0.270044 0.270044 0.270044
 2.36713e-12 0.00640101 0.169137 0.169137 0.169137
 2.72968e-12 0.00738139 0.195042 0.195042 0.195042
 3.47225e-12 0.00938941 0.248101 0.248101 0.248101
 2.01063e-12 0.005437 0.143664 0.143664 0.143664
 1.67607e-12 0.0045323 0.119759 0.119759 0.119759
 2.64612e-12 0.00715543 0.189071 0.189071 0.189071
YTP_r0W_actual
 0.000871732 35262.9 187040 108195 62607.9
YTP_p0W_proyectada
 0.000507371 8.56578e+06 2.03223e+06 237711 166742
 0.000507371 1.03936e+06 8.20735e+07 347489 41836.2
CTP_r0_actual
 0.000105028 2500.91 6776.82 3163.59 1678.5
CTP_p0_proyectada
 6.77398e-05 546635 87861.3 8093.66 4928.83
 6.77398e-05 66327.9 3.54836e+06 11831.4 1236.66
Wmedp
 7.49 15.67 23.13 29.37 33.83
Frms_r0
 2.64612e-12 0.00715543 0.189071 0.189071 0.189071
Zrms_r0
 1 1.00716 1.18907 1.18907 1.18907
cv_recla  cv_pelaces  cv_mph
0.587282 0.487471 3.34825
 ------------------------------------------------
Talla a la edad & desviacion 
 8 13.2811 15.8009 17.003 17.5766
 0.8 1.32811 1.58009 1.7003 1.75766
