years
 1991 1992 1993 1994 1995 1996 1997 1998 1999 2000 2001 2002 2003 2004 2005 2006 2007 2008 2009 2010 2011 2012 2013 2014 2015 2016 2017 2018 2019 2020 2021
reclasobs
 0 0 0 0 0 0 0 0 0 252601 567819 844713 477998 351125 339783 2.1784e+06 2.13404e+06 4.81314e+06 1.55562e+06 2.62356e+06 3.21686e+06 3.843e+06 1.13348e+06 3.07943e+06 1.97215e+06 2.03268e+06 2.025e+06 2.42433e+06 2.27542e+06 1.05018e+06 2.36338e+06
reclaspred
 3.37749e+06 1.88358e+06 952531 936980 923322 1.47969e+06 897585 783309 566919 405929 495618 651018 640802 491847 497640 1.41008e+06 1.35544e+06 3.08665e+06 2.54732e+06 1.89291e+06 3.35661e+06 2.71906e+06 2.13863e+06 3.28674e+06 2.45204e+06 2.16878e+06 2.60506e+06 2.78772e+06 2.27247e+06 1.42503e+06 2.04665e+06
pelacesobs
 0 0 0 0 0 0 0 0 0 0 0 0 0 0 0 552880 188675 0 991730 2.46772e+06 1.41603e+06 1.21717e+06 2.29649e+06 1.80582e+06 0 1.4828e+06 1.56532e+06 1.57751e+06 1.42118e+06 867257 1.10002e+06
pelacespred
 1.54061e+06 952794 479942 386030 399985 661170 364406 402508 276472 186134 238141 260072 282214 225984 236316 562492 542997 1.42978e+06 1.21471e+06 835432 1.44425e+06 1.26179e+06 993658 1.67405e+06 1.20208e+06 1.06122e+06 1.45249e+06 1.53212e+06 1.0292e+06 732505 1.05078e+06
mphobs
 0 0 0 0 0 0 0 0 0 0 0 498337 0 5186 125008 0 168611 109162 213762 579715 649985 157893 87575 83554 0 0 0 0 0 0 0
mphpred
 2.92262e+06 1.95501e+06 967484 528351 563406 636834 838860 497010 441455 296212 192713 335512 361223 302855 199203 256512 930923 878637 1.75386e+06 1.32285e+06 1.41277e+06 1.75431e+06 1.65873e+06 1.35645e+06 1.88508e+06 1.54467e+06 1.27206e+06 1.375e+06 1.93419e+06 1.30783e+06 788894
desembarqueobs
 494567 514787 250237 358949 120608 361735 552515 73892 212993 205616 52469 317467 293654 387597 252695 516296 358380 742168 942051 627588 828172 859565 418607 520667 417249 300574 415391 372974 316634 284311 391294
desembarquepred
 494573 513596 250807 358981 120614 361748 552557 73896.7 213046 205664 52471.7 317533 293702 387619 252684 516245 358401 742058 941811 627434 828230 859565 418613 520689 417246 300571 415386 372954 316624 284316 391295
Reclutas
 192195 107402 107372 171154 136879 239592 97429.9 43137.1 41486.1 55648.4 104030 141474 118014 82621 81075 464202 95605.1 701619 410797 314887 464276 616736 127067 376299 315463 143313 324595 363914 105066 77895.2 302265
log_desv_Rt
 0.132662 -0.449269 -0.449548 0.0167141 -0.206748 0.35309 -0.546714 -1.36146 -1.40049 -1.10679 -0.481164 -0.173732 -0.355042 -0.711583 -0.730472 1.01447 -0.565621 1.42754 0.892252 0.626368 1.01463 1.29859 -0.281132 0.804537 0.628194 -0.160818 0.656732 0.77107 -0.471254 -0.770482 0.585459
SSB
 2.92262e+06 1.95501e+06 967484 528351 563406 636834 838860 497010 441455 296212 192713 335512 361223 302855 199203 256512 930923 878637 1.75386e+06 1.32285e+06 1.41277e+06 1.75431e+06 1.65873e+06 1.35645e+06 1.88508e+06 1.54467e+06 1.27206e+06 1.375e+06 1.93419e+06 1.30783e+06 788894
BT
 3.97121e+06 2.70456e+06 1.35492e+06 1.19122e+06 1.01782e+06 1.8335e+06 1.33514e+06 993563 849405 627548 594570 865438 917465 924262 798425 1.71436e+06 1.53161e+06 3.95283e+06 3.70655e+06 2.48972e+06 4.00349e+06 3.71227e+06 2.65632e+06 4.34578e+06 3.15805e+06 2.71394e+06 3.77435e+06 3.90814e+06 2.635e+06 1.96578e+06 2.80151e+06
Ftot
 0.144503 0.26369 0.257613 0.396569 0.135201 0.261754 0.589754 0.097185 0.382027 0.509469 0.11808 0.505129 0.472805 0.797129 0.54885 0.416321 0.264249 0.267585 0.378325 0.341361 0.260774 0.330329 0.195137 0.172779 0.174408 0.141049 0.172863 0.146611 0.136222 0.197794 0.211823
BD_Bspro_t
 0.977145 0.835531 0.667812 0.575337 0.561432 0.638007 0.628018 0.452883 0.509512 0.460253 0.424241 0.646564 0.528646 0.437078 0.326981 0.387065 0.586052 0.558522 0.657955 0.561764 0.53252 0.582692 0.597642 0.588597 0.693319 0.700779 0.708219 0.745617 0.790232 0.724156 0.654276
BD_Bspro
 2.43272 1.62731 0.80531 0.439787 0.468966 0.530086 0.698247 0.4137 0.367457 0.24656 0.160409 0.279272 0.300673 0.252089 0.165812 0.213515 0.774878 0.731356 1.45987 1.10111 1.17595 1.46024 1.38069 1.12908 1.56909 1.28575 1.05883 1.14452 1.60997 1.0886 0.656657
BD_Bo
 1.59413 1.06635 0.527709 0.288187 0.307307 0.347358 0.457552 0.271092 0.240789 0.161568 0.105114 0.183003 0.197027 0.165191 0.108654 0.139913 0.507767 0.479248 0.956633 0.721544 0.770586 0.956878 0.904748 0.73987 1.02821 0.842534 0.693839 0.749988 1.05499 0.713347 0.430299
BD_Brms
 9.68703 6.4799 3.20673 1.75122 1.86741 2.11079 2.78041 1.64734 1.46321 0.981797 0.638747 1.11206 1.19727 1.00382 0.660258 0.850212 3.08555 2.91225 5.81317 4.38461 4.68262 5.81466 5.49788 4.49597 6.2481 5.11983 4.21625 4.55745 6.41088 4.3348 2.61479
Sel_flota
 0.783724 0.999984 1 1 1
 0.783724 0.999984 1 1 1
 0.783724 0.999984 1 1 1
 0.783724 0.999984 1 1 1
 0.783724 0.999984 1 1 1
 0.783724 0.999984 1 1 1
 0.783724 0.999984 1 1 1
 0.783724 0.999984 1 1 1
 0.783724 0.999984 1 1 1
 0.783724 0.999984 1 1 1
 0.783724 0.999984 1 1 1
 0.783724 0.999984 1 1 1
 0.783724 0.999984 1 1 1
 0.783724 0.999984 1 1 1
 0.783724 0.999984 1 1 1
 0.783724 0.999984 1 1 1
 0.783724 0.999984 1 1 1
 0.783724 0.999984 1 1 1
 0.783724 0.999984 1 1 1
 0.783724 0.999984 1 1 1
 0.783724 0.999984 1 1 1
 0.783724 0.999984 1 1 1
 0.783724 0.999984 1 1 1
 0.783724 0.999984 1 1 1
 0.783724 0.999984 1 1 1
 0.783724 0.999984 1 1 1
 0.783724 0.999984 1 1 1
 0.783724 0.999984 1 1 1
 0.783724 0.999984 1 1 1
 0.783724 0.999984 1 1 1
 0.783724 0.999984 1 1 1
Sel_reclas
 1 1 1 1 1
 1 1 1 1 1
 1 1 1 1 1
 1 1 1 1 1
 1 1 1 1 1
 1 1 1 1 1
 1 1 1 1 1
 1 1 1 1 1
 1 1 1 1 1
 1 1 1 1 1
 1 1 1 1 1
 1 1 1 1 1
 1 1 1 1 1
 1 1 1 1 1
 1 1 1 1 1
 1 1 1 1 1
 1 1 1 1 1
 1 1 1 1 1
 1 1 1 1 1
 1 1 1 1 1
 1 1 1 1 1
 1 1 1 1 1
 1 1 1 1 1
 1 1 1 1 1
 1 1 1 1 1
 1 1 1 1 1
 1 1 1 1 1
 1 1 1 1 1
 1 1 1 1 1
 1 1 1 1 1
 1 1 1 1 1
Sel_pelaces
 1 1 1 1 1
 1 1 1 1 1
 1 1 1 1 1
 1 1 1 1 1
 1 1 1 1 1
 1 1 1 1 1
 1 1 1 1 1
 1 1 1 1 1
 1 1 1 1 1
 1 1 1 1 1
 1 1 1 1 1
 1 1 1 1 1
 1 1 1 1 1
 1 1 1 1 1
 1 1 1 1 1
 1 1 1 1 1
 1 1 1 1 1
 1 1 1 1 1
 1 1 1 1 1
 1 1 1 1 1
 1 1 1 1 1
 1 1 1 1 1
 1 1 1 1 1
 1 1 1 1 1
 1 1 1 1 1
 1 1 1 1 1
 1 1 1 1 1
 1 1 1 1 1
 1 1 1 1 1
 1 1 1 1 1
 1 1 1 1 1
pf_obs 
 0.8446 0.082 0.0669 0.0065 0
 0.8095 0.147 0.0364 0.0071 0
 0.9664 0.0169 0.016 0.0007 0
 0.9276 0.0648 0.0075 0.0001 0
 0.7033 0.2144 0.0806 0.0017 0
 0.9318 0.0425 0.0243 0.0014 0
 0.5671 0.3108 0.0964 0.0239 0.0018
 0.0768 0.2599 0.5324 0.112 0.0189
 0.490249 0.384438 0.106611 0.0170017 0.00170017
 0.7925 0.1577 0.0466 0.003 0.0002
 0.840416 0.127587 0.0312969 0.00059994 9.999e-05
 0.8084 0.0986 0.0794 0.0134 0.0002
 0.7335 0.1905 0.0724 0.0035 0.0001
 0.4001 0.4547 0.1325 0.0127 0
 0.49795 0.308269 0.164784 0.0264974 0.00249975
 0.9179 0.0499 0.0305 0.0017 0
 0.2467 0.6533 0.0926 0.0074 0
 0.9418 0.0223 0.034 0.0019 0
 0.707729 0.231977 0.0356964 0.0245975 0
 0.517169 0.277429 0.184464 0.0207286 0.00020938
 0.811772 0.124168 0.05621 0.00726502 0.000585176
 0.764997 0.148141 0.077277 0.00933861 0.000247198
 0.163321 0.427699 0.378323 0.0303852 0.000271297
 0.753843 0.0900009 0.118128 0.0371064 0.000921714
 0.721811 0.176058 0.0630433 0.0369309 0.00215725
 0.143369 0.312575 0.442814 0.0836902 0.0175525
 0.692698 0.0596174 0.167031 0.0765114 0.00414204
 0.394062 0.376323 0.152708 0.0712218 0.00568511
 0.125707 0.32114 0.495352 0.0537591 0.00404204
 0.23352 0.215282 0.420074 0.123614 0.00750983
 0.796117 0.104755 0.0508955 0.0450114 0.00322123
pf_pred 
 0.45304 0.127129 0.395375 0.0244551 8.0965e-07
 0.41423 0.303686 0.0655653 0.203906 0.0126126
 0.563887 0.210581 0.116926 0.0252436 0.0833627
 0.730392 0.169969 0.0481122 0.0267139 0.0248132
 0.648624 0.275683 0.0477197 0.0135075 0.0144663
 0.749508 0.176739 0.0578649 0.010016 0.0058715
 0.471063 0.422076 0.0753989 0.0246854 0.00677768
 0.454502 0.300903 0.19518 0.0348659 0.0145491
 0.542089 0.237372 0.121653 0.0789085 0.0199778
 0.711623 0.176964 0.0577547 0.0295985 0.0240594
 0.822277 0.137055 0.0249562 0.00814463 0.0075669
 0.739589 0.223172 0.0287176 0.00522906 0.00329202
 0.685849 0.249727 0.0552113 0.00710437 0.00210801
 0.632404 0.274916 0.0736744 0.0162881 0.00271778
 0.743634 0.182046 0.0555829 0.0148953 0.00384255
 0.939487 0.0483703 0.00862241 0.00263257 0.000887478
 0.37254 0.598847 0.0228716 0.00407696 0.0016644
 0.896366 0.0455431 0.0554422 0.00211744 0.000531534
 0.593606 0.37369 0.0143724 0.017496 0.000835943
 0.59955 0.265108 0.124451 0.00478639 0.00610502
 0.736685 0.175475 0.0581526 0.0272984 0.00238903
 0.737539 0.20653 0.0372729 0.0123521 0.00630583
 0.313417 0.541851 0.11389 0.0205536 0.0102886
 0.736218 0.0986363 0.130333 0.0273938 0.00741843
 0.619641 0.298404 0.0306458 0.0404931 0.0108158
 0.433125 0.385517 0.142282 0.014612 0.0244642
 0.731597 0.133706 0.0916045 0.0338078 0.00928493
 0.683791 0.246803 0.034575 0.0236875 0.0111431
 0.339981 0.486852 0.135159 0.0189343 0.0190743
 0.417452 0.233465 0.257497 0.0714847 0.0201025
 0.82636 0.0840395 0.0359092 0.0396049 0.0140868
pobs_RECLAS
 0 0 0 0 0
 0 0 0 0 0
 0 0 0 0 0
 0 0 0 0 0
 0 0 0 0 0
 0 0 0 0 0
 0 0 0 0 0
 0 0 0 0 0
 0 0 0 0 0
 0 0 0 0 0
 0.991045 0.00858322 0.000360255 1.14367e-05 0
 0.934742 0.0480273 0.0164251 0.00080598 0
 0.827803 0.169806 0.00239088 0 0
 0.941827 0.0461693 0.0120037 0 0
 0.791401 0.0380133 0.147996 0.0225897 0
 0.846168 0.0940531 0.0597789 0 0
 0.134021 0.677848 0.182769 0.00536245 0
 0.80878 0.0450904 0.141981 0.00414843 0
 0.846168 0.0940531 0.0597789 0 0
 0.905697 0.0802665 0.012482 0.00150086 5.37128e-05
 0.989698 0.0102097 9.19794e-05 0 0
 0.975433 0.0193895 0.00387452 0.00125025 5.28907e-05
 0.303575 0.632131 0.0575291 0.00676475 0
 0.966965 0.00978017 0.0227588 0.000495775 0
 0.843318 0.132988 0.00938335 0.0141283 0.000182051
 0.564624 0.303363 0.111486 0.0197234 0.00080311
 0.826376 0.0876187 0.0782897 0.00655872 0.00115652
 0.89761 0.0855135 0.0140674 0.00269457 0.000114338
 0.34875 0.467042 0.161289 0.0227151 0.000203297
 0.318654 0.224769 0.449479 0.00709798 0
 0.937255 0.0296025 0.0250945 0.00804832 0
ppred_RECLAS
 0.514541 0.112836 0.350917 0.0217053 7.1861e-07
 0.475746 0.271796 0.0586792 0.182491 0.011288
 0.623919 0.181596 0.10083 0.0217686 0.0718872
 0.777246 0.140431 0.0397504 0.0220712 0.0205008
 0.702526 0.233393 0.0403989 0.0114353 0.0122469
 0.793369 0.145793 0.0477323 0.00826215 0.00484335
 0.535795 0.370422 0.0661704 0.021664 0.00594812
 0.51576 0.267114 0.173261 0.0309503 0.0129152
 0.603821 0.205373 0.105252 0.0682701 0.0172844
 0.76131 0.146475 0.0478032 0.0244985 0.0199138
 0.85543 0.111489 0.0203005 0.00662521 0.00615526
 0.785882 0.1835 0.0236121 0.00429943 0.00270676
 0.738115 0.20818 0.0460251 0.00592232 0.00175727
 0.692042 0.230315 0.0617207 0.0136453 0.00227682
 0.789654 0.149367 0.0456046 0.0122212 0.00315273
 0.9524 0.038049 0.00678244 0.0020708 0.000698095
 0.432437 0.541682 0.0206879 0.00368772 0.00150549
 0.917359 0.0363176 0.0442108 0.00168849 0.000423856
 0.652815 0.319246 0.0122782 0.0149467 0.000714141
 0.658155 0.226311 0.106237 0.00408586 0.00521151
 0.782134 0.145188 0.0481147 0.0225863 0.00197665
 0.783198 0.170602 0.0307883 0.0102031 0.00520876
 0.369009 0.49798 0.104667 0.0188891 0.00945542
 0.781361 0.081757 0.108028 0.0227056 0.00614883
 0.675959 0.254221 0.0261079 0.034497 0.00921423
 0.494345 0.343884 0.126915 0.0130338 0.021822
 0.777291 0.110944 0.0760088 0.028052 0.00770417
 0.734556 0.207182 0.0290239 0.0198845 0.00935408
 0.397235 0.44462 0.123433 0.0172916 0.0174195
 0.47865 0.208941 0.230444 0.0639746 0.0179905
 0.85914 0.0681746 0.0291298 0.0321278 0.0114273
pobs_PELACES
 0 0 0 0 0
 0 0 0 0 0
 0 0 0 0 0
 0 0 0 0 0
 0 0 0 0 0
 0 0 0 0 0
 0 0 0 0 0
 0 0 0 0 0
 0 0 0 0 0
 0 0 0 0 0
 0 0 0 0 0
 0 0 0 0 0
 0 0 0 0 0
 0 0 0 0 0
 0 0 0 0 0
 0 0 0 0 0
 0.505614 0.472636 0.0217494 0 0
 0 0 0 0 0
 0.443492 0.261883 0.143347 0.151278 0
 0.227955 0.32914 0.350689 0.0885471 0.00366901
 0.970185 0.0296113 0.000203453 0 0
 0.997202 0.00247181 0.000326279 0 0
 0.445219 0.490057 0.0546422 0.010081 0
 0.90214 0.0892962 0.00764917 0.000914606 0
 0 0 0 0 0
 0.581667 0.319106 0.0959925 0.00289975 0.000334073
 0.762889 0.0836404 0.116647 0.0363945 0.000428098
 0.88444 0.0763242 0.0277011 0.0115352 0
 0.521256 0.241999 0.230069 0.00667565 0
 0.616807 0.101726 0.260614 0.0208532 0
 0.833518 0.0704572 0.0857862 0.0102388 0
ppred_PELACES
 0.517116 0.112237 0.349055 0.0215901 7.14797e-07
 0.480442 0.269362 0.0581536 0.180856 0.0111869
 0.628223 0.179518 0.0996759 0.0215194 0.0710644
 0.782108 0.137366 0.0388828 0.0215894 0.0200533
 0.704538 0.231814 0.0401255 0.0113579 0.0121641
 0.796415 0.143644 0.0470287 0.00814036 0.00477196
 0.546246 0.362083 0.0646805 0.0211762 0.0058142
 0.517492 0.266159 0.172641 0.0308396 0.012869
 0.610324 0.202002 0.103524 0.0671493 0.0170006
 0.767854 0.142459 0.0464925 0.0238268 0.0193678
 0.856469 0.110687 0.0201546 0.00657759 0.00611102
 0.791886 0.178355 0.02295 0.00417887 0.00263086
 0.744585 0.203037 0.0448879 0.005776 0.00171386
 0.704032 0.221348 0.0593175 0.013114 0.00218817
 0.796087 0.1448 0.0442099 0.0118475 0.00305631
 0.953729 0.0369867 0.00659306 0.00201298 0.000678603
 0.437072 0.537259 0.020519 0.0036576 0.0014932
 0.918796 0.0356864 0.0434423 0.00165915 0.000416489
 0.658908 0.313643 0.0120627 0.0146844 0.000701605
 0.663615 0.222697 0.10454 0.0040206 0.00512826
 0.785289 0.143086 0.047418 0.0222592 0.00194803
 0.787174 0.167473 0.0302236 0.0100159 0.00511323
 0.372257 0.495416 0.104128 0.0187919 0.00940673
 0.78346 0.0809721 0.106991 0.0224876 0.00608979
 0.67868 0.252087 0.0258887 0.0342074 0.00913686
 0.496861 0.342173 0.126284 0.012969 0.0217133
 0.779419 0.109884 0.0752824 0.0277839 0.00763054
 0.736591 0.205594 0.0288014 0.019732 0.00928236
 0.399566 0.442902 0.122956 0.0172247 0.0173521
 0.482174 0.207528 0.228887 0.0635422 0.0178689
 0.86096 0.067294 0.0287535 0.0317128 0.0112797
pobs_pel_tallas
 0 0 0 0 0 0 0 0 0 0 0 0 0 0 0 0 0 0 0 0 0 0 0 0 0 0
 0 0 0 0 0 0 0 0 0 0 0 0 0 0 0 0 0 0 0 0 0 0 0 0 0 0
 0 0 0 0 0 0 0 0 0 0 0 0 0 0 0 0 0 0 0 0 0 0 0 0 0 0
 0 0 0 0 0 0 0 0 0 0 0 0 0 0 0 0 0 0 0 0 0 0 0 0 0 0
 0 0 0 0 0 0 0 0 0 0 0 0 0 0 0 0 0 0 0 0 0 0 0 0 0 0
 0 0 0 0 0 0 0 0 0 0 0 0 0 0 0 0 0 0 0 0 0 0 0 0 0 0
 0 0 0 0 0 0 0 0 0 0 0 0 0 0 0 0 0 0 0 0 0 0 0 0 0 0
 0 0 0 0 0 0 0 0 0 0 0 0 0 0 0 0 0 0 0 0 0 0 0 0 0 0
 0 0 0 0 0 0 0 0 0 0 0 0 0 0 0 0 0 0 0 0 0 0 0 0 0 0
 0 0 0 0 0 0 0 0 0 0 0 0 0 0 0 0 0 0 0 0 0 0 0 0 0 0
 0 0 0 0 0 0 0 0 0 0 0 0 0 0 0 0 0 0 0 0 0 0 0 0 0 0
 0 0 0 0 0 0 0 0 0 0 0 0 0 0 0 0 0 0 0 0 0 0 0 0 0 0
 0.00862536 0 0 0.000197151 0.00414017 0.0128641 0.00837892 0.0270097 0.101434 0.158115 0.152841 0.127902 0.109271 0.109419 0.0830992 0.0579132 0.0238553 0.00714673 0.00463305 0.00128148 0.00103504 0.000492878 0.000147863 0.000147863 4.92878e-05 0
 0 0 0 0 0 0 0 0 0 0 0 0 0 0 0 0 0 0 0 0 0 0 0 0 0 0
 0 0 0 0 0 0 0 0.0054083 0.00873648 0.0413646 0.0450493 0.0745869 0.0622846 0.0627006 0.0613931 0.0827291 0.12552 0.122667 0.0946155 0.0697135 0.0546179 0.0294188 0.0215738 0.0213955 0.0102223 0.00600262
 0 0 0 0 0.00359764 0.0251062 0.0480494 0.140153 0.205849 0.193036 0.1447 0.116669 0.0760912 0.0342217 0.00950174 0.001854 0.000860785 0 0 0 0.000165536 0 0.000143464 0 0 0
 0 0 0 0 0 0 0 0.000145254 0.000435761 0.0275982 0.070085 0.0708112 0.156366 0.174668 0.174014 0.160142 0.0824315 0.0480064 0.0283245 0.00493863 0.00203355 0 0 0 0 0
 0 0 0 0 0 0 0 0 0 0 0 0 0 0 0 0 0 0 0 0 0 0 0 0 0 0
 0 0 1.00437e-05 0.000401748 0.00122533 0.00171747 0.00176769 0.0269171 0.070346 0.194647 0.189555 0.159765 0.064822 0.0314167 0.0384472 0.0292271 0.0345202 0.0313363 0.0194345 0.0106764 0.0143323 0.0359363 0.0279516 0.0138201 0.00172751 0
 0 0.0021121 0.0136068 0.0755702 0.200478 0.177729 0.0527432 0.0373336 0.0318909 0.0142505 0.0149659 0.0166563 0.0217959 0.0798694 0.0677717 0.0528807 0.04013 0.0224614 0.0357745 0.0225083 0.00881397 0.00855152 0.00135912 0.000746735 0 0
 0 0 0 0 5.4009e-05 0.00500934 0.000945158 0.0243581 0.138947 0.33067 0.221406 0.137944 0.0707744 0.0437923 0.0131692 0.00525238 0.0047753 0.00276346 9.45158e-05 9.00151e-06 2.25038e-05 9.00151e-06 4.50075e-06 0 0 0
 0.000866109 0.00284123 0.00948549 0.0512746 0.133035 0.25785 0.225252 0.132002 0.0553304 0.0519788 0.0540692 0.017754 0.00435017 0.00159236 0.00146478 0.000404838 0.000125132 0.000115318 0.000107957 0.000100596 0 0 0 0 0 0
 0 0 0 0 0.00144013 0.00171154 0.00461396 0.0210425 0.0478622 0.0707936 0.0888783 0.103762 0.0637923 0.0337046 0.0602308 0.124433 0.169614 0.0934646 0.0462172 0.0250306 0.0313229 0.00938855 0.002487 0.000210481 0 0
 0 0.00764035 0.051015 0.0998891 0.058973 0.0496711 0.0374665 0.0718981 0.12319 0.153886 0.159021 0.0857701 0.0377988 0.023471 0.0147837 0.00900784 0.00315554 0.000888139 0.00291439 0.00214683 0.00393193 0.00274676 0.000635225 9.99891e-05 0 0
 0 0 0 0 0 0 0 0 0 0 0 0 0 0 0 0 0 0 0 0 0 0 0 0 0 0
 0 0 0 0 0 0 0 0 0 0 0 0 0 0 0 0 0 0 0 0 0 0 0 0 0 0
 0 0 0 0 0 0 0 0 0 0 0 0 0 0 0 0 0 0 0 0 0 0 0 0 0 0
 0 0 0 0 0 0 0 0 0 0 0 0 0 0 0 0 0 0 0 0 0 0 0 0 0 0
 0 0 0 0 0 0 0 0 0 0 0 0 0 0 0 0 0 0 0 0 0 0 0 0 0 0
 0 0 0 0 0 0 0 0 0 0 0 0 0 0 0 0 0 0 0 0 0 0 0 0 0 0
 0 0 0 0 0 0 0 0 0 0 0 0 0 0 0 0 0 0 0 0 0 0 0 0 0 0
ppred_pel_tallas
 1.12268e-16 4.25942e-05 0.000414031 0.00275138 0.0125074 0.0389152 0.0829134 0.121017 0.121028 0.082969 0.0391035 0.013058 0.00415846 0.00356813 0.00627384 0.0109317 0.0171999 0.0246544 0.0327761 0.0411445 0.0493627 0.0567041 0.0618923 0.0634228 0.0603327 0.0528588
 1.21778e-16 3.95734e-05 0.000384668 0.00255625 0.0116204 0.0361554 0.0770339 0.112439 0.112465 0.0771613 0.0365834 0.0128579 0.00566805 0.00719699 0.0130372 0.0216575 0.0316155 0.0407172 0.0468359 0.0492033 0.0489392 0.0482504 0.0488891 0.0510549 0.0534446 0.0541939
 1.17107e-16 5.17459e-05 0.000502989 0.00334254 0.0151947 0.0472764 0.100728 0.147019 0.147037 0.100813 0.0475631 0.0160245 0.00543236 0.00508795 0.0088277 0.0146944 0.0216004 0.0281098 0.0328155 0.035145 0.0356975 0.0357476 0.036311 0.0375149 0.0386656 0.0387968
 1.06716e-16 6.44212e-05 0.000626197 0.0041613 0.0189167 0.0588569 0.125401 0.18303 0.183043 0.125466 0.059075 0.0195471 0.00574572 0.00409206 0.00666801 0.0109791 0.0159491 0.0203625 0.0230381 0.0234679 0.0221211 0.0200983 0.0184119 0.0174553 0.0169793 0.0164438
 1.04415e-16 5.80319e-05 0.000564091 0.00374858 0.0170405 0.0530196 0.112965 0.16488 0.164902 0.113074 0.0533864 0.0181004 0.00640979 0.00637612 0.0111039 0.0182861 0.0263871 0.0332939 0.0368958 0.0362315 0.0320575 0.026318 0.0209548 0.0169855 0.0143859 0.0125761
 1.03018e-16 6.55997e-05 0.000637652 0.00423742 0.0192627 0.0599335 0.127695 0.186378 0.186392 0.127763 0.0601616 0.019922 0.00589429 0.00426156 0.00696844 0.0114698 0.016641 0.0211877 0.0238301 0.0239702 0.0220196 0.0190664 0.0161648 0.0138184 0.0119634 0.0102959
 1.05067e-16 4.49937e-05 0.000437355 0.00290638 0.013212 0.0411076 0.0875853 0.127841 0.127876 0.087756 0.0416807 0.0148676 0.00706337 0.00951624 0.0172997 0.0285613 0.0412165 0.0519957 0.0575923 0.0564821 0.049815 0.0405935 0.0318292 0.0251214 0.0204863 0.0171132
 1.10321e-16 4.26252e-05 0.000414332 0.00275338 0.0125165 0.0389436 0.0829744 0.121109 0.121135 0.0831009 0.039369 0.0137481 0.00585555 0.00722153 0.013074 0.0218165 0.0320551 0.0416338 0.0483479 0.051138 0.0506017 0.0483337 0.0456826 0.0429822 0.0397445 0.0354064
 1.12651e-16 5.02716e-05 0.000488658 0.00324731 0.0147618 0.0459295 0.0978585 0.142831 0.142851 0.0979544 0.0462519 0.0156948 0.00559637 0.00564058 0.00990596 0.0164868 0.0241989 0.0314072 0.0364908 0.0387523 0.0387999 0.0379985 0.0374409 0.0372779 0.036835 0.0352493
 1.07046e-16 6.32471e-05 0.000614785 0.00408546 0.0185719 0.0577842 0.123116 0.179694 0.179708 0.123183 0.0580106 0.0192264 0.00573087 0.0042156 0.00692845 0.0114254 0.0166245 0.0212795 0.0241752 0.0247847 0.023579 0.0216661 0.0200515 0.0191036 0.0185461 0.0178318
 1.02304e-16 7.05463e-05 0.000685735 0.00455695 0.0207152 0.0644528 0.137324 0.200431 0.200441 0.137376 0.0646281 0.0212215 0.00582811 0.00346228 0.00534848 0.00874329 0.0126193 0.015937 0.01769 0.0174225 0.0154961 0.0128345 0.0103555 0.00853179 0.00733862 0.00648965
 1.01573e-16 6.52266e-05 0.000634026 0.00421333 0.0191532 0.0595927 0.126969 0.185319 0.185336 0.127053 0.0598747 0.0199675 0.00625721 0.00509519 0.00853586 0.0140031 0.0201536 0.0253175 0.0278386 0.0269513 0.0232323 0.0182045 0.0134261 0.00977223 0.00732298 0.00571129
 1.02217e-16 6.13305e-05 0.000596155 0.00396166 0.0180091 0.0560332 0.119385 0.174251 0.17427 0.119481 0.0563548 0.0189383 0.0062951 0.00569393 0.00975411 0.0160574 0.0231919 0.0293013 0.0325279 0.032001 0.0283315 0.0231564 0.018123 0.0141164 0.0111788 0.0089295
 1.03454e-16 5.79903e-05 0.000563686 0.00374589 0.0170283 0.0529815 0.112883 0.164761 0.164782 0.112988 0.0533324 0.0180426 0.00629413 0.00613379 0.010658 0.0175839 0.0254549 0.0322824 0.0360702 0.0358851 0.0323804 0.0272898 0.0223232 0.0183462 0.015324 0.0128069
 1.03019e-16 6.55726e-05 0.000637389 0.00423568 0.0192548 0.0599088 0.127643 0.186301 0.186315 0.127711 0.0601386 0.019919 0.00590498 0.00428792 0.00701752 0.0115473 0.0167445 0.0213021 0.0239292 0.0240262 0.0220173 0.0190126 0.0160865 0.0137507 0.011933 0.0103104
 1.00517e-16 7.85574e-05 0.000763606 0.00507443 0.0230676 0.0717719 0.152918 0.223189 0.223192 0.152935 0.0718305 0.0232367 0.00549905 0.00169097 0.00184101 0.00292244 0.00420986 0.00531004 0.00588056 0.00576539 0.00508197 0.00413723 0.00323926 0.0025521 0.00207803 0.00173454
 1.01349e-16 3.60011e-05 0.000349944 0.0023255 0.0105714 0.0328919 0.0700816 0.102297 0.102349 0.0703341 0.0337396 0.0130186 0.00846381 0.0137351 0.0254131 0.0418413 0.0600008 0.0748842 0.0814126 0.077244 0.0641987 0.0470966 0.0309751 0.0188236 0.0111204 0.00679636
 1.015e-16 7.568e-05 0.000735636 0.00488856 0.0222227 0.0691431 0.147317 0.215014 0.215017 0.147334 0.0692007 0.02239 0.00531143 0.00166813 0.00187407 0.00304961 0.00455077 0.00606455 0.00731411 0.00815045 0.0085987 0.00876798 0.00871155 0.00837322 0.00766123 0.0065659
 1.0202e-16 5.42735e-05 0.000527558 0.00350581 0.0159369 0.0495858 0.105649 0.154204 0.154234 0.105796 0.0500808 0.0173659 0.00709044 0.00834521 0.0148792 0.0244546 0.0350889 0.0438487 0.0477902 0.0455722 0.0382775 0.0287197 0.0198072 0.013216 0.0091314 0.00683848
 1.04345e-16 5.46611e-05 0.000531325 0.00353085 0.0160507 0.0499399 0.106403 0.155303 0.155324 0.106508 0.0502944 0.017076 0.0061099 0.00617906 0.0108322 0.017955 0.0261689 0.0335483 0.0381385 0.0389914 0.036651 0.0326406 0.0284077 0.0246026 0.0211224 0.0176359
 1.03967e-16 6.46832e-05 0.000628744 0.00417823 0.0189936 0.0590963 0.125911 0.183774 0.183788 0.125979 0.0593235 0.0196507 0.00583003 0.0042427 0.00695212 0.0114541 0.0166434 0.0212481 0.0240158 0.0243745 0.0227489 0.0202159 0.017786 0.0158878 0.0143677 0.0128447
 1.02785e-16 6.48385e-05 0.000630254 0.00418826 0.0190392 0.0592382 0.126214 0.184216 0.184232 0.126293 0.0595033 0.0198051 0.00611124 0.00483027 0.00804779 0.013219 0.0190767 0.024077 0.0266927 0.0262246 0.0232103 0.0190416 0.0151085 0.0121403 0.0101265 0.00866952
 1.06609e-16 3.06624e-05 0.00029805 0.00198065 0.00900377 0.0280143 0.0596893 0.0871282 0.087176 0.0599229 0.0287989 0.0112705 0.00767312 0.0127335 0.0236733 0.0391548 0.0565562 0.071445 0.079305 0.0780339 0.0691551 0.0567003 0.0447125 0.0353407 0.0286331 0.0235703
 1.06395e-16 6.45326e-05 0.00062728 0.00416849 0.0189494 0.0589586 0.125618 0.183344 0.183352 0.125657 0.0590899 0.0193306 0.00513299 0.0027579 0.00418478 0.00700946 0.0105437 0.0142085 0.0174378 0.019946 0.0218138 0.023257 0.024293 0.024626 0.0238511 0.0217778
 1.05789e-16 5.5902e-05 0.000543387 0.003611 0.0164151 0.0510736 0.108819 0.158829 0.158853 0.108937 0.0514722 0.0175662 0.00650043 0.0068511 0.0120362 0.0198138 0.0285525 0.0359526 0.0397272 0.0388664 0.0342603 0.0281065 0.0225778 0.0187768 0.0165856 0.015217
 1.08707e-16 4.09258e-05 0.000397814 0.00264361 0.0120175 0.0373911 0.0796669 0.116283 0.116316 0.0798287 0.0379348 0.0135895 0.00659548 0.00904477 0.0165218 0.0274029 0.0398305 0.0508417 0.0574213 0.0581558 0.0540076 0.0475157 0.0411131 0.0359195 0.0317268 0.0277927
 1.06279e-16 6.41997e-05 0.000624044 0.00414699 0.0188516 0.0586545 0.12497 0.1824 0.18241 0.125022 0.0588304 0.019361 0.00543068 0.00344317 0.00546795 0.00906906 0.0133674 0.0174653 0.0204874 0.0220336 0.0223718 0.0221453 0.021846 0.0214981 0.0207611 0.0192781
 1.04434e-16 6.0672e-05 0.000589754 0.00391912 0.0178158 0.0554316 0.118104 0.17238 0.1724 0.1182 0.0557568 0.0187553 0.00627772 0.00573994 0.00984613 0.016194 0.0233546 0.0294453 0.0325994 0.0319805 0.0282877 0.0232774 0.0186917 0.0154244 0.0134086 0.0120602
 1.08326e-16 3.29118e-05 0.000319914 0.00212594 0.00966426 0.0300693 0.0640675 0.0935173 0.0935601 0.0642766 0.0307717 0.0116942 0.00722618 0.0114693 0.0212532 0.0352031 0.0509873 0.0647024 0.0723706 0.0721355 0.065312 0.0553707 0.0457274 0.0380987 0.0323883 0.0276555
 1.16055e-16 3.9716e-05 0.000386054 0.00256547 0.0116622 0.0362857 0.0773112 0.112842 0.112863 0.0774108 0.0366208 0.0126344 0.00502196 0.00580254 0.0104855 0.0176891 0.0264583 0.0353378 0.0428331 0.0482264 0.0518464 0.0544794 0.0564532 0.0572355 0.0558488 0.0516607
 1.05937e-16 7.09162e-05 0.00068933 0.00458084 0.0208238 0.0647908 0.138044 0.20148 0.201487 0.138076 0.0648981 0.0211344 0.00536253 0.00240337 0.00334919 0.00548689 0.00804881 0.010455 0.0121804 0.0130248 0.0132335 0.013301 0.0136052 0.0141609 0.0146519 0.0146618
pSPR Fmed_Fpbrs
0.621336   0.214563 0.214563
Fs Fmed_Fpbrs
0.260154   1.005 1.005
SSBpbr Bo_Bmed_Bpbrs
1.83337e+06  1.04747e+06  301704 301704
Ro
168317
SPR SPRFo_SPRFmed_SPRFpbrs
1.20138e+06 746461 257772
Fref
1.005
Nvult_r0
 208077 17236.3 7364.81 8122.77 2889.13
CTP_r0
 29625 3012.82 1287.35 1419.84 505.012
YTP_r0
391295
Np
 237320 39716.5 12683.6 983.664 476.9
Nvult_p0
 197603 34368.1 10975.6 851.204 412.681
CTP_p0
 87064.8 40853.6 3168.44 1353.82 1937.59
 87064.8 17226.8 5501.5 426.663 206.855
YTP_p0
 1.47089e+06 1.06884e+06
CBA_c0
1.35027e+06
log_Ro
11.8536
likeval ReclasPelacesDesembMPH_pf_preclas_ppelaces_ptallas_desvR_qrecl_qpela
 13.2003 18.3016 0.0546681 0.00260579 240.462 118.364 98.5216 0 24.9696 0.278627 0 0 0 0 0
q_reclas_q_pelaces
 1  1
M
1
N
 192195 42811 133141 8235.19 0.272647
 107402 63134 13630.3 42389.8 2622.02
 107372 32134.1 17842.3 3852.05 12720.8
 171154 32278.5 9136.78 5073.14 4712.18
 136879 46143.7 7987.19 2260.85 2421.32
 239592 45292.4 14828.7 2566.74 1504.65
 97429.9 71793.5 12824.9 4198.84 1152.84
 43137.1 22576.9 14644.3 2615.97 1091.61
 41486.1 14705.4 7536.4 4888.39 1237.63
 55648.4 11313 3692.11 1892.16 1538.06
 104030 13732.6 2500.51 816.057 758.171
 141474 34887.9 4489.28 817.433 514.626
 118014 35031 7744.78 996.568 295.702
 82621 29971.8 8032.02 1775.73 296.294
 81075 16273.4 4968.61 1331.5 343.489
 464202 19399.1 3458.01 1055.79 355.922
 95605.1 123228 4706.35 838.93 342.488
 701619 28592 34806.2 1329.31 333.693
 410797 209281 8048.99 9798.31 468.154
 314887 112348 52739.2 2028.35 2587.15
 464276 88648.7 29377.9 13790.7 1206.9
 616736 139227 25126.2 8326.7 4250.85
 127067 175134 36810.4 6643.12 3325.38
 376299 40116.2 53006.8 11141.1 3017.09
 315463 120901 12416.2 16405.9 4382.05
 143313 101226 37358.8 3836.64 6423.51
 324595 47204.3 32340.1 11935.5 3277.95
 363914 104282 14608.8 10008.6 4708.26
 105066 119345 33131.8 4641.39 4675.72
 77895.2 34737.9 38313.2 10636.3 2991.07
 302265 24541.1 10486 11565.2 4113.55
pred_Ctot
 13129.3 3684.26 11458.1 708.72 0.023464
 12890.9 9450.75 2040.4 6345.57 392.506
 12614.4 4710.78 2615.68 564.709 1864.86
 29640.8 6897.67 1952.49 1084.1 1006.97
 8774.8 3729.53 645.569 182.734 195.705
 28563.1 6735.37 2205.18 381.702 223.758
 23661.1 21200.5 3787.23 1239.93 340.438
 2012.27 1332.22 864.142 154.366 64.4149
 6952.36 3044.33 1560.21 1012.01 256.217
 11960.6 2974.33 970.711 497.477 404.378
 5856.62 976.168 177.749 58.0097 53.8948
 30187.9 9109.27 1172.17 213.436 134.371
 23803.6 8667.21 1916.2 246.57 73.1622
 25511.5 11090.2 2972.06 657.07 109.637
 18550.3 4541.23 1386.55 371.57 95.8543
 83883.7 4318.82 769.866 235.054 79.2399
 11497.2 18481.5 705.856 125.822 51.3662
 85350.6 4336.55 5279.12 201.62 50.6119
 68253.6 42967.3 1652.55 2011.71 96.1177
 47751.3 21114.6 9911.94 381.213 486.236
 55158.9 13138.6 4354.15 2043.95 178.878
 90814.3 25430.4 4589.47 1520.93 776.446
 11533.8 19940.2 4191.18 756.376 378.623
 30459.2 4080.84 5392.21 1133.35 306.919
 25762.2 12406.4 1274.13 1683.54 449.677
 9566.59 8515.05 3142.64 322.741 540.35
 26286.1 4804.03 3291.33 1214.71 333.606
 25205.5 9097.52 1274.48 873.156 410.752
 6784.06 9714.76 2697 377.82 380.614
 7160.71 4004.71 4416.94 1226.21 344.826
 29625 3012.82 1287.35 1419.84 505.012
F
 0.113251 0.144501 0.144503 0.144503 0.144503
 0.20666 0.263686 0.26369 0.26369 0.26369
 0.201898 0.257609 0.257613 0.257613 0.257613
 0.310801 0.396562 0.396569 0.396569 0.396569
 0.10596 0.135199 0.135201 0.135201 0.135201
 0.205143 0.26175 0.261754 0.261754 0.261754
 0.462205 0.589745 0.589754 0.589754 0.589754
 0.0761662 0.0971834 0.097185 0.097185 0.097185
 0.299404 0.382021 0.382027 0.382027 0.382027
 0.399283 0.50946 0.509469 0.509469 0.509469
 0.0925424 0.118078 0.11808 0.11808 0.11808
 0.395882 0.505121 0.505129 0.505129 0.505129
 0.370548 0.472797 0.472805 0.472805 0.472805
 0.62473 0.797117 0.797129 0.797129 0.797129
 0.430147 0.548841 0.54885 0.54885 0.54885
 0.326281 0.416314 0.416321 0.416321 0.416321
 0.207098 0.264245 0.264249 0.264249 0.264249
 0.209713 0.267581 0.267585 0.267585 0.267585
 0.296502 0.378319 0.378325 0.378325 0.378325
 0.267533 0.341356 0.341361 0.341361 0.341361
 0.204375 0.26077 0.260774 0.260774 0.260774
 0.258887 0.330324 0.330329 0.330329 0.330329
 0.152934 0.195134 0.195137 0.195137 0.195137
 0.135411 0.172776 0.172779 0.172779 0.172779
 0.136687 0.174405 0.174408 0.174408 0.174408
 0.110543 0.141046 0.141049 0.141049 0.141049
 0.135477 0.17286 0.172863 0.172863 0.172863
 0.114903 0.146609 0.146611 0.146611 0.146611
 0.106761 0.13622 0.136222 0.136222 0.136222
 0.155016 0.19779 0.197794 0.197794 0.197794
 0.166011 0.21182 0.211823 0.211823 0.211823
YTP_r0W_actual
 245888 42480.8 35530.8 48558.5 18837
YTP_p0W_proyectada
 652116 640175 73286 39761.6 65548.7
 652116 269944 127250 12531.1 6997.9
CTP_r0_actual
 29625 3012.82 1287.35 1419.84 505.012
CTP_p0_proyectada
 87064.8 40853.6 3168.44 1353.82 1937.59
 87064.8 17226.8 5501.5 426.663 206.855
Wmedp
 7.49 15.67 23.13 29.37 33.83
Frms_r0
 0.166011 0.21182 0.211823 0.211823 0.211823
Zrms_r0
 1.16601 1.21182 1.21182 1.21182 1.21182
cv_recla  cv_pelaces  cv_mph
0.328637 0.485084 1.25669
 ------------------------------------------------
Talla a la edad & desviacion 
 8 13.2811 15.8009 17.003 17.5766
 0.8 1.32811 1.58009 1.7003 1.75766
