years
 1991 1992 1993 1994 1995 1996 1997 1998 1999 2000 2001 2002 2003 2004 2005 2006 2007 2008 2009 2010 2011 2012 2013 2014 2015 2016 2017 2018 2019 2020 2021
reclasobs
 0 0 0 0 0 0 0 0 0 252601 567819 844713 477998 351125 339783 2.1784e+06 2.13404e+06 4.81314e+06 1.55562e+06 2.62356e+06 3.21686e+06 3.843e+06 1.13348e+06 3.07943e+06 1.97215e+06 2.03268e+06 2.025e+06 2.42433e+06 2.27542e+06 1.05018e+06 2.36338e+06
reclaspred
 3.21964e+06 1.80397e+06 912485 893918 879883 1.39797e+06 871236 768642 563278 412707 489365 635202 627103 488763 494426 1.31153e+06 1.27054e+06 2.87207e+06 2.36686e+06 1.75893e+06 3.11186e+06 2.52861e+06 2.00428e+06 3.08417e+06 2.31255e+06 2.04175e+06 2.42841e+06 2.58588e+06 2.11742e+06 1.33699e+06 1.91326e+06
pelacesobs
 0 0 0 0 0 0 0 0 0 0 0 0 0 0 0 552880 188675 0 991730 2.46772e+06 1.41603e+06 1.21717e+06 2.29649e+06 1.80582e+06 0 1.4828e+06 1.56532e+06 1.57751e+06 1.42118e+06 867257 1.10002e+06
pelacespred
 1.6913e+06 1.05431e+06 533629 426682 438559 718312 412326 452787 318704 221142 271742 295010 320397 263132 273564 603993 586439 1.52679e+06 1.29953e+06 896557 1.53465e+06 1.35236e+06 1.06954e+06 1.80083e+06 1.30251e+06 1.14625e+06 1.55206e+06 1.62982e+06 1.09976e+06 789153 1.1275e+06
mphobs
 0 0 0 0 0 0 0 0 0 0 0 498337 0 5186 125008 0 168611 109162 213762 579715 649985 157893 87575 83554 0 0 0 0 0 0 0
mphpred
 3.20377e+06 2.14369e+06 1.06767e+06 581726 620848 696393 919550 564304 500973 345736 230303 381794 412844 349921 237062 300389 997082 948943 1.88072e+06 1.41996e+06 1.51338e+06 1.8706e+06 1.77728e+06 1.46266e+06 2.03381e+06 1.67376e+06 1.37513e+06 1.47149e+06 2.05719e+06 1.40006e+06 852387
desembarqueobs
 494567 514787 250237 358949 120608 361735 552515 73892 212993 205616 52469 317467 293654 387597 252695 516296 358380 742168 942051 627588 828172 859565 418607 520667 417249 300574 415391 372974 316634 284311 391294
desembarquepred
 494567 513529 250839 358978 120613 361748 552557 73896.4 213042 205659 52471.6 317532 293704 387632 252690 516256 358401 742068 941847 627453 828233 859576 418615 520688 417248 300574 415389 372957 316627 284317 391297
Reclutas
 199085 111963 111904 181445 145390 253585 104192 47050.4 45304.4 60718 113484 149980 124988 87434.7 87179.8 478757 101212 735818 423413 325163 482527 646018 134050 399433 335532 150618 340174 381835 111015 82389.6 318931
log_desv_Rt
 0.11234 -0.463221 -0.463748 0.0195585 -0.201971 0.354305 -0.535153 -1.33017 -1.36799 -1.07515 -0.449727 -0.170888 -0.353179 -0.7105 -0.71342 0.9898 -0.564179 1.41959 0.866955 0.602934 0.997645 1.28943 -0.283181 0.808654 0.634324 -0.166645 0.648064 0.763597 -0.471724 -0.769933 0.583582
SSB
 3.20377e+06 2.14369e+06 1.06767e+06 581726 620848 696393 919550 564304 500973 345736 230303 381794 412844 349921 237062 300389 997082 948943 1.88072e+06 1.41996e+06 1.51338e+06 1.8706e+06 1.77728e+06 1.46266e+06 2.03381e+06 1.67376e+06 1.37513e+06 1.47149e+06 2.05719e+06 1.40006e+06 852387
BT
 4.31783e+06 2.93908e+06 1.47993e+06 1.28577e+06 1.10656e+06 1.96501e+06 1.44598e+06 1.10897e+06 946468 708360 671952 946406 1.00558e+06 1.0101e+06 884416 1.81117e+06 1.63201e+06 4.17562e+06 3.90224e+06 2.63158e+06 4.21105e+06 3.92133e+06 2.83081e+06 4.63673e+06 3.38845e+06 2.9093e+06 4.00291e+06 4.1324e+06 2.79703e+06 2.09578e+06 2.97762e+06
Ftot
 0.132196 0.240634 0.234791 0.361364 0.12329 0.240147 0.53254 0.0861054 0.335087 0.437297 0.103067 0.449727 0.419705 0.699453 0.478131 0.384928 0.245909 0.248496 0.353857 0.319132 0.24397 0.308595 0.181625 0.159478 0.160974 0.130398 0.160543 0.136802 0.127749 0.183996 0.195928
BD_Bspro_t
 0.979071 0.847902 0.689962 0.600657 0.586724 0.659679 0.650317 0.484397 0.54128 0.498951 0.468082 0.675927 0.562164 0.473383 0.366431 0.424661 0.603381 0.578705 0.673947 0.579291 0.549924 0.598664 0.614396 0.606897 0.709301 0.717214 0.72391 0.758255 0.800351 0.737667 0.671505
BD_Bspro
 2.52265 1.68794 0.840684 0.458052 0.488857 0.548341 0.724056 0.444334 0.394467 0.272233 0.181341 0.300626 0.325074 0.275529 0.186663 0.236527 0.785105 0.7472 1.48088 1.11808 1.19164 1.47292 1.39943 1.1517 1.60142 1.31792 1.08278 1.15865 1.61983 1.10241 0.671171
BD_Bo
 1.67053 1.11778 0.556712 0.303328 0.323727 0.363119 0.479479 0.294244 0.261221 0.180276 0.120086 0.199078 0.215268 0.182459 0.123611 0.156631 0.519906 0.494805 0.980661 0.740408 0.789119 0.975385 0.926724 0.762672 1.06048 0.872746 0.717028 0.767275 1.07268 0.730031 0.444458
BD_Brms
 10.3538 6.92785 3.45043 1.87999 2.00642 2.25056 2.97175 1.82369 1.61902 1.11733 0.744279 1.23386 1.33421 1.13086 0.766123 0.970779 3.22231 3.06674 6.07801 4.58896 4.89086 6.04531 5.74372 4.72695 6.57274 5.40917 4.44405 4.75547 6.64831 4.52464 2.75469
Sel_flota
 0.798754 0.999993 1 1 1
 0.798754 0.999993 1 1 1
 0.798754 0.999993 1 1 1
 0.798754 0.999993 1 1 1
 0.798754 0.999993 1 1 1
 0.798754 0.999993 1 1 1
 0.798754 0.999993 1 1 1
 0.798754 0.999993 1 1 1
 0.798754 0.999993 1 1 1
 0.798754 0.999993 1 1 1
 0.798754 0.999993 1 1 1
 0.798754 0.999993 1 1 1
 0.798754 0.999993 1 1 1
 0.798754 0.999993 1 1 1
 0.798754 0.999993 1 1 1
 0.798754 0.999993 1 1 1
 0.798754 0.999993 1 1 1
 0.798754 0.999993 1 1 1
 0.798754 0.999993 1 1 1
 0.798754 0.999993 1 1 1
 0.798754 0.999993 1 1 1
 0.798754 0.999993 1 1 1
 0.798754 0.999993 1 1 1
 0.798754 0.999993 1 1 1
 0.798754 0.999993 1 1 1
 0.798754 0.999993 1 1 1
 0.798754 0.999993 1 1 1
 0.798754 0.999993 1 1 1
 0.798754 0.999993 1 1 1
 0.798754 0.999993 1 1 1
 0.798754 0.999993 1 1 1
Sel_reclas
 1 1 1 1 1
 1 1 1 1 1
 1 1 1 1 1
 1 1 1 1 1
 1 1 1 1 1
 1 1 1 1 1
 1 1 1 1 1
 1 1 1 1 1
 1 1 1 1 1
 1 1 1 1 1
 1 1 1 1 1
 1 1 1 1 1
 1 1 1 1 1
 1 1 1 1 1
 1 1 1 1 1
 1 1 1 1 1
 1 1 1 1 1
 1 1 1 1 1
 1 1 1 1 1
 1 1 1 1 1
 1 1 1 1 1
 1 1 1 1 1
 1 1 1 1 1
 1 1 1 1 1
 1 1 1 1 1
 1 1 1 1 1
 1 1 1 1 1
 1 1 1 1 1
 1 1 1 1 1
 1 1 1 1 1
 1 1 1 1 1
Sel_pelaces
 1 1 1 1 1
 1 1 1 1 1
 1 1 1 1 1
 1 1 1 1 1
 1 1 1 1 1
 1 1 1 1 1
 1 1 1 1 1
 1 1 1 1 1
 1 1 1 1 1
 1 1 1 1 1
 1 1 1 1 1
 1 1 1 1 1
 1 1 1 1 1
 1 1 1 1 1
 1 1 1 1 1
 1 1 1 1 1
 1 1 1 1 1
 1 1 1 1 1
 1 1 1 1 1
 1 1 1 1 1
 1 1 1 1 1
 1 1 1 1 1
 1 1 1 1 1
 1 1 1 1 1
 1 1 1 1 1
 1 1 1 1 1
 1 1 1 1 1
 1 1 1 1 1
 1 1 1 1 1
 1 1 1 1 1
 1 1 1 1 1
pf_obs 
 0.8446 0.082 0.0669 0.0065 0
 0.8095 0.147 0.0364 0.0071 0
 0.9664 0.0169 0.016 0.0007 0
 0.9276 0.0648 0.0075 0.0001 0
 0.7033 0.2144 0.0806 0.0017 0
 0.9318 0.0425 0.0243 0.0014 0
 0.5671 0.3108 0.0964 0.0239 0.0018
 0.0768 0.2599 0.5324 0.112 0.0189
 0.490249 0.384438 0.106611 0.0170017 0.00170017
 0.7925 0.1577 0.0466 0.003 0.0002
 0.840416 0.127587 0.0312969 0.00059994 9.999e-05
 0.8084 0.0986 0.0794 0.0134 0.0002
 0.7335 0.1905 0.0724 0.0035 0.0001
 0.4001 0.4547 0.1325 0.0127 0
 0.49795 0.308269 0.164784 0.0264974 0.00249975
 0.9179 0.0499 0.0305 0.0017 0
 0.2467 0.6533 0.0926 0.0074 0
 0.9418 0.0223 0.034 0.0019 0
 0.707729 0.231977 0.0356964 0.0245975 0
 0.517169 0.277429 0.184464 0.0207286 0.00020938
 0.811772 0.124168 0.05621 0.00726502 0.000585176
 0.764997 0.148141 0.077277 0.00933861 0.000247198
 0.163321 0.427699 0.378323 0.0303852 0.000271297
 0.753843 0.0900009 0.118128 0.0371064 0.000921714
 0.721811 0.176058 0.0630433 0.0369309 0.00215725
 0.143369 0.312575 0.442814 0.0836902 0.0175525
 0.692698 0.0596174 0.167031 0.0765114 0.00414204
 0.394062 0.376323 0.152708 0.0712218 0.00568511
 0.125707 0.32114 0.495352 0.0537591 0.00404204
 0.23352 0.215282 0.420074 0.123614 0.00750983
 0.796117 0.104755 0.0508955 0.0450114 0.00322123
pf_pred 
 0.444777 0.124742 0.406301 0.024179 7.9743e-07
 0.411173 0.297156 0.0655303 0.213439 0.0127022
 0.559395 0.208701 0.117033 0.0258084 0.0890633
 0.730563 0.167186 0.0484331 0.0271595 0.026658
 0.64663 0.275669 0.0482137 0.0139672 0.0155199
 0.748694 0.175719 0.0589667 0.010313 0.00630734
 0.471785 0.419064 0.0763211 0.0256111 0.00721873
 0.451332 0.298691 0.198322 0.0361185 0.0155365
 0.539746 0.234682 0.1228 0.081535 0.0212367
 0.704074 0.178929 0.0596565 0.0312158 0.0261245
 0.814927 0.140408 0.0270064 0.00900406 0.00865448
 0.732359 0.226968 0.0308568 0.00593499 0.00388069
 0.677263 0.2529 0.0592244 0.0080516 0.00256125
 0.621688 0.277868 0.0787092 0.018432 0.00330297
 0.731081 0.186127 0.0608104 0.017225 0.00475658
 0.933781 0.0518582 0.00993963 0.00324739 0.00117386
 0.376599 0.591442 0.0250276 0.00479698 0.00213374
 0.895648 0.0456966 0.0556488 0.00235483 0.000652106
 0.589692 0.376321 0.0148835 0.0181248 0.000979356
 0.596904 0.26307 0.128428 0.00507926 0.00651964
 0.736262 0.17364 0.0588001 0.0287053 0.00259251
 0.739123 0.204156 0.0373441 0.0126458 0.00673105
 0.315129 0.53861 0.114461 0.020937 0.0108637
 0.737405 0.0973069 0.129989 0.0276241 0.00767477
 0.621376 0.296013 0.0306125 0.040894 0.0111048
 0.43127 0.384941 0.143689 0.0148596 0.0252407
 0.730224 0.132429 0.0929628 0.0347004 0.0096841
 0.684831 0.244413 0.0347331 0.0243819 0.011641
 0.343229 0.48233 0.135279 0.0192241 0.019938
 0.419625 0.23165 0.256102 0.0718284 0.0207937
 0.826214 0.0835237 0.0360274 0.0398299 0.0144049
pobs_RECLAS
 0 0 0 0 0
 0 0 0 0 0
 0 0 0 0 0
 0 0 0 0 0
 0 0 0 0 0
 0 0 0 0 0
 0 0 0 0 0
 0 0 0 0 0
 0 0 0 0 0
 0 0 0 0 0
 0.991045 0.00858322 0.000360255 1.14367e-05 0
 0.934742 0.0480273 0.0164251 0.00080598 0
 0.827803 0.169806 0.00239088 0 0
 0.941827 0.0461693 0.0120037 0 0
 0.791401 0.0380133 0.147996 0.0225897 0
 0.846168 0.0940531 0.0597789 0 0
 0.134021 0.677848 0.182769 0.00536245 0
 0.80878 0.0450904 0.141981 0.00414843 0
 0.846168 0.0940531 0.0597789 0 0
 0.905697 0.0802665 0.012482 0.00150086 5.37128e-05
 0.989698 0.0102097 9.19794e-05 0 0
 0.975433 0.0193895 0.00387452 0.00125025 5.28907e-05
 0.303575 0.632131 0.0575291 0.00676475 0
 0.966965 0.00978017 0.0227588 0.000495775 0
 0.843318 0.132988 0.00938335 0.0141283 0.000182051
 0.564624 0.303363 0.111486 0.0197234 0.00080311
 0.826376 0.0876187 0.0782897 0.00655872 0.00115652
 0.89761 0.0855135 0.0140674 0.00269457 0.000114338
 0.34875 0.467042 0.161289 0.0227151 0.000203297
 0.318654 0.224769 0.449479 0.00709798 0
 0.937255 0.0296025 0.0250945 0.00804832 0
ppred_RECLAS
 0.501333 0.112036 0.364914 0.0217161 7.16201e-07
 0.467638 0.268661 0.0592461 0.192971 0.0114841
 0.614925 0.182399 0.102282 0.0225557 0.0778383
 0.773816 0.140348 0.040658 0.0227995 0.0223785
 0.69661 0.23668 0.0413942 0.0119916 0.0133248
 0.78937 0.147277 0.049422 0.00864367 0.0052864
 0.531076 0.372025 0.0677537 0.0227361 0.0064084
 0.507733 0.267988 0.177934 0.0324056 0.0139394
 0.596556 0.205716 0.107643 0.0714708 0.0186154
 0.750517 0.150848 0.0502936 0.0263166 0.0220244
 0.846693 0.116309 0.0223709 0.00745856 0.00716897
 0.775839 0.190096 0.0258437 0.00497079 0.00325023
 0.726178 0.21457 0.0502478 0.00683122 0.00217304
 0.676936 0.237289 0.0672142 0.0157402 0.00282059
 0.77485 0.155834 0.0509126 0.0144214 0.00398238
 0.946819 0.0416477 0.00798254 0.00260798 0.000942728
 0.431828 0.539045 0.0228102 0.00437197 0.0019447
 0.915247 0.0371142 0.0451969 0.00191255 0.000529629
 0.644509 0.326044 0.0128949 0.0157032 0.000848507
 0.651124 0.227685 0.111152 0.00439603 0.00564266
 0.778371 0.145917 0.0494118 0.024122 0.00217857
 0.781179 0.171244 0.0313237 0.0106071 0.0056459
 0.366308 0.498361 0.105907 0.0193723 0.0100518
 0.779063 0.0818704 0.109367 0.0232417 0.00645722
 0.673292 0.255425 0.0264148 0.0352865 0.00958211
 0.487607 0.346811 0.129455 0.0133876 0.0227403
 0.772674 0.111591 0.0783345 0.02924 0.00816024
 0.731704 0.208064 0.0295674 0.0207557 0.00990965
 0.396062 0.44353 0.124396 0.0176776 0.018334
 0.475995 0.209152 0.231228 0.0648518 0.0187741
 0.856621 0.0689099 0.0297236 0.0328608 0.0118844
pobs_PELACES
 0 0 0 0 0
 0 0 0 0 0
 0 0 0 0 0
 0 0 0 0 0
 0 0 0 0 0
 0 0 0 0 0
 0 0 0 0 0
 0 0 0 0 0
 0 0 0 0 0
 0 0 0 0 0
 0 0 0 0 0
 0 0 0 0 0
 0 0 0 0 0
 0 0 0 0 0
 0 0 0 0 0
 0 0 0 0 0
 0.505614 0.472636 0.0217494 0 0
 0 0 0 0 0
 0.443492 0.261883 0.143347 0.151278 0
 0.227955 0.32914 0.350689 0.0885471 0.00366901
 0.970185 0.0296113 0.000203453 0 0
 0.997202 0.00247181 0.000326279 0 0
 0.445219 0.490057 0.0546422 0.010081 0
 0.90214 0.0892962 0.00764917 0.000914606 0
 0 0 0 0 0
 0.581667 0.319106 0.0959925 0.00289975 0.000334073
 0.762889 0.0836404 0.116647 0.0363945 0.000428098
 0.88444 0.0763242 0.0277011 0.0115352 0
 0.521256 0.241999 0.230069 0.00667565 0
 0.616807 0.101726 0.260614 0.0208532 0
 0.833518 0.0704572 0.0857862 0.0102388 0
ppred_PELACES
 0.503528 0.111543 0.363308 0.0216205 7.13048e-07
 0.471618 0.266652 0.0588031 0.191528 0.0113982
 0.61861 0.180653 0.101303 0.0223398 0.0770933
 0.777988 0.137759 0.0399079 0.0223789 0.0219657
 0.698337 0.235332 0.0411585 0.0119233 0.0132489
 0.79201 0.145432 0.0488027 0.00853535 0.00522016
 0.539873 0.365047 0.0664826 0.0223096 0.00628818
 0.509162 0.26721 0.177418 0.0323115 0.0138989
 0.6019 0.202991 0.106217 0.0705241 0.0183688
 0.755915 0.147584 0.0492054 0.0257472 0.0215478
 0.847579 0.115636 0.0222415 0.00741543 0.00712753
 0.78099 0.185728 0.0252498 0.00485655 0.00317553
 0.731685 0.210254 0.0492372 0.00669382 0.00212934
 0.68701 0.22989 0.0651183 0.0152493 0.00273264
 0.780341 0.152033 0.0496709 0.0140697 0.00388525
 0.948092 0.0406512 0.00779152 0.00254557 0.000920169
 0.435839 0.53524 0.0226491 0.00434111 0.00193097
 0.916518 0.0365575 0.0445189 0.00188386 0.000521684
 0.649875 0.321123 0.0127003 0.0154661 0.000835699
 0.655922 0.224554 0.109623 0.00433556 0.00556504
 0.781153 0.144085 0.0487915 0.0238192 0.00215122
 0.784662 0.168519 0.0308251 0.0104383 0.00555604
 0.369112 0.496156 0.105438 0.0192865 0.0100073
 0.780881 0.0811969 0.108468 0.0230505 0.0064041
 0.675639 0.25359 0.0262251 0.0350329 0.00951327
 0.489771 0.345346 0.128908 0.013331 0.0226443
 0.774542 0.110674 0.077691 0.0289998 0.00809321
 0.733483 0.206683 0.0293712 0.020618 0.00984392
 0.398093 0.442039 0.123978 0.0176181 0.0182723
 0.479043 0.207935 0.229882 0.0644745 0.0186648
 0.858212 0.0681454 0.0293938 0.0324962 0.0117526
pobs_pel_tallas
 0 0 0 0 0 0 0 0 0 0 0 0 0 0 0 0 0 0 0 0 0 0 0 0 0 0
 0 0 0 0 0 0 0 0 0 0 0 0 0 0 0 0 0 0 0 0 0 0 0 0 0 0
 0 0 0 0 0 0 0 0 0 0 0 0 0 0 0 0 0 0 0 0 0 0 0 0 0 0
 0 0 0 0 0 0 0 0 0 0 0 0 0 0 0 0 0 0 0 0 0 0 0 0 0 0
 0 0 0 0 0 0 0 0 0 0 0 0 0 0 0 0 0 0 0 0 0 0 0 0 0 0
 0 0 0 0 0 0 0 0 0 0 0 0 0 0 0 0 0 0 0 0 0 0 0 0 0 0
 0 0 0 0 0 0 0 0 0 0 0 0 0 0 0 0 0 0 0 0 0 0 0 0 0 0
 0 0 0 0 0 0 0 0 0 0 0 0 0 0 0 0 0 0 0 0 0 0 0 0 0 0
 0 0 0 0 0 0 0 0 0 0 0 0 0 0 0 0 0 0 0 0 0 0 0 0 0 0
 0 0 0 0 0 0 0 0 0 0 0 0 0 0 0 0 0 0 0 0 0 0 0 0 0 0
 0 0 0 0 0 0 0 0 0 0 0 0 0 0 0 0 0 0 0 0 0 0 0 0 0 0
 0 0 0 0 0 0 0 0 0 0 0 0 0 0 0 0 0 0 0 0 0 0 0 0 0 0
 0.00862536 0 0 0.000197151 0.00414017 0.0128641 0.00837892 0.0270097 0.101434 0.158115 0.152841 0.127902 0.109271 0.109419 0.0830992 0.0579132 0.0238553 0.00714673 0.00463305 0.00128148 0.00103504 0.000492878 0.000147863 0.000147863 4.92878e-05 0
 0 0 0 0 0 0 0 0 0 0 0 0 0 0 0 0 0 0 0 0 0 0 0 0 0 0
 0 0 0 0 0 0 0 0.0054083 0.00873648 0.0413646 0.0450493 0.0745869 0.0622846 0.0627006 0.0613931 0.0827291 0.12552 0.122667 0.0946155 0.0697135 0.0546179 0.0294188 0.0215738 0.0213955 0.0102223 0.00600262
 0 0 0 0 0.00359764 0.0251062 0.0480494 0.140153 0.205849 0.193036 0.1447 0.116669 0.0760912 0.0342217 0.00950174 0.001854 0.000860785 0 0 0 0.000165536 0 0.000143464 0 0 0
 0 0 0 0 0 0 0 0.000145254 0.000435761 0.0275982 0.070085 0.0708112 0.156366 0.174668 0.174014 0.160142 0.0824315 0.0480064 0.0283245 0.00493863 0.00203355 0 0 0 0 0
 0 0 0 0 0 0 0 0 0 0 0 0 0 0 0 0 0 0 0 0 0 0 0 0 0 0
 0 0 1.00437e-05 0.000401748 0.00122533 0.00171747 0.00176769 0.0269171 0.070346 0.194647 0.189555 0.159765 0.064822 0.0314167 0.0384472 0.0292271 0.0345202 0.0313363 0.0194345 0.0106764 0.0143323 0.0359363 0.0279516 0.0138201 0.00172751 0
 0 0.0021121 0.0136068 0.0755702 0.200478 0.177729 0.0527432 0.0373336 0.0318909 0.0142505 0.0149659 0.0166563 0.0217959 0.0798694 0.0677717 0.0528807 0.04013 0.0224614 0.0357745 0.0225083 0.00881397 0.00855152 0.00135912 0.000746735 0 0
 0 0 0 0 5.4009e-05 0.00500934 0.000945158 0.0243581 0.138947 0.33067 0.221406 0.137944 0.0707744 0.0437923 0.0131692 0.00525238 0.0047753 0.00276346 9.45158e-05 9.00151e-06 2.25038e-05 9.00151e-06 4.50075e-06 0 0 0
 0.000866109 0.00284123 0.00948549 0.0512746 0.133035 0.25785 0.225252 0.132002 0.0553304 0.0519788 0.0540692 0.017754 0.00435017 0.00159236 0.00146478 0.000404838 0.000125132 0.000115318 0.000107957 0.000100596 0 0 0 0 0 0
 0 0 0 0 0.00144013 0.00171154 0.00461396 0.0210425 0.0478622 0.0707936 0.0888783 0.103762 0.0637923 0.0337046 0.0602308 0.124433 0.169614 0.0934646 0.0462172 0.0250306 0.0313229 0.00938855 0.002487 0.000210481 0 0
 0 0.00764035 0.051015 0.0998891 0.058973 0.0496711 0.0374665 0.0718981 0.12319 0.153886 0.159021 0.0857701 0.0377988 0.023471 0.0147837 0.00900784 0.00315554 0.000888139 0.00291439 0.00214683 0.00393193 0.00274676 0.000635225 9.99891e-05 0 0
 0 0 0 0 0 0 0 0 0 0 0 0 0 0 0 0 0 0 0 0 0 0 0 0 0 0
 0 0 0 0 0 0 0 0 0 0 0 0 0 0 0 0 0 0 0 0 0 0 0 0 0 0
 0 0 0 0 0 0 0 0 0 0 0 0 0 0 0 0 0 0 0 0 0 0 0 0 0 0
 0 0 0 0 0 0 0 0 0 0 0 0 0 0 0 0 0 0 0 0 0 0 0 0 0 0
 0 0 0 0 0 0 0 0 0 0 0 0 0 0 0 0 0 0 0 0 0 0 0 0 0 0
 0 0 0 0 0 0 0 0 0 0 0 0 0 0 0 0 0 0 0 0 0 0 0 0 0 0
 0 0 0 0 0 0 0 0 0 0 0 0 0 0 0 0 0 0 0 0 0 0 0 0 0 0
ppred_pel_tallas
 1.12682e-16 4.14749e-05 0.000403151 0.00267908 0.0121787 0.0378926 0.0807346 0.117837 0.117848 0.08079 0.0380803 0.0127278 0.00408332 0.00355454 0.00627778 0.0109665 0.0173116 0.0249222 0.0333069 0.0420493 0.0507167 0.0585045 0.0640353 0.0657171 0.0625486 0.0547929
 1.22902e-16 3.88466e-05 0.000377603 0.00250931 0.011407 0.0354914 0.0756192 0.110374 0.1104 0.0757453 0.0359152 0.0126325 0.00559142 0.00712627 0.0129191 0.0214734 0.0313753 0.0404724 0.046685 0.0492797 0.0493835 0.0491762 0.0503523 0.0530323 0.0558266 0.0567968
 1.18257e-16 5.09542e-05 0.000495293 0.00329139 0.0149622 0.0465531 0.0991869 0.14477 0.144787 0.0992727 0.0468416 0.0157975 0.00539516 0.00511142 0.00888833 0.0148021 0.0217713 0.0283603 0.0331654 0.0356248 0.0363539 0.0366407 0.0374989 0.0390296 0.040491 0.0408579
 1.07149e-16 6.40819e-05 0.000622899 0.00413938 0.018817 0.0585469 0.124741 0.182066 0.182079 0.124806 0.0587656 0.0194494 0.00572882 0.00410013 0.00669047 0.01102 0.0160163 0.020465 0.0231877 0.0236806 0.0224179 0.0205023 0.0189411 0.0181137 0.0177503 0.0172892
 1.04686e-16 5.75212e-05 0.000559126 0.00371559 0.0168906 0.0525529 0.11197 0.163429 0.163451 0.112081 0.0529254 0.0179666 0.00641742 0.00646005 0.0112729 0.0185682 0.0267979 0.0338205 0.0374963 0.0368521 0.0326579 0.026887 0.0215066 0.0175425 0.0149602 0.013161
 1.03185e-16 6.52368e-05 0.000634125 0.00421399 0.0191562 0.059602 0.126989 0.185347 0.185361 0.127058 0.059833 0.0198238 0.00589195 0.0043045 0.00705757 0.0116209 0.0168665 0.0214876 0.0241916 0.0243745 0.0224517 0.0195198 0.0166375 0.0143046 0.0124489 0.0107592
 1.05314e-16 4.44687e-05 0.000432252 0.00287247 0.0130578 0.040628 0.0865635 0.126349 0.126384 0.0867355 0.0412058 0.0147272 0.00706406 0.0095871 0.0174448 0.0288054 0.0415767 0.052467 0.0581468 0.0570827 0.0504337 0.0412214 0.0324708 0.0257807 0.0211539 0.0177643
 1.10781e-16 4.1939e-05 0.000407662 0.00270906 0.012315 0.0383167 0.0816388 0.11916 0.119186 0.0817658 0.038744 0.013552 0.00582512 0.00724648 0.0131371 0.0219321 0.0322456 0.0419239 0.0487639 0.0517073 0.0513493 0.0492721 0.046799 0.0442308 0.0410503 0.0366807
 1.13299e-16 4.95777e-05 0.000481913 0.00320248 0.014558 0.0452956 0.0965077 0.14086 0.14088 0.0966041 0.0456196 0.0154959 0.00556418 0.00566237 0.00996235 0.016589 0.0243651 0.0316579 0.0368494 0.0392487 0.0394697 0.0388755 0.0385423 0.0385879 0.0382974 0.0367739
 1.07687e-16 6.22638e-05 0.000605226 0.00402194 0.0182832 0.0568858 0.121202 0.1769 0.176915 0.121272 0.0571203 0.0189613 0.0057271 0.00433721 0.00717879 0.0118468 0.0172462 0.0220935 0.0251357 0.0258328 0.0246758 0.0228101 0.0212676 0.0204136 0.0199414 0.0192651
 1.02622e-16 6.9814e-05 0.000678617 0.00450965 0.0205002 0.0637838 0.135899 0.19835 0.198362 0.135953 0.0639669 0.0210292 0.00583816 0.00358079 0.00558766 0.00914339 0.0132042 0.0166908 0.0185562 0.018327 0.0163809 0.0136785 0.0111692 0.00933484 0.00813734 0.00726913
 1.01801e-16 6.43292e-05 0.000625303 0.00415536 0.0188897 0.0587728 0.125222 0.182769 0.182787 0.12531 0.0590665 0.0197378 0.00628429 0.00527249 0.00888933 0.0145918 0.0210084 0.0264071 0.0290666 0.0281922 0.024383 0.019219 0.0143125 0.0105629 0.00804325 0.00636626
 1.02507e-16 6.0268e-05 0.000585826 0.00389302 0.0176971 0.0550625 0.117317 0.171232 0.171252 0.117416 0.0553956 0.0186596 0.00631048 0.00586788 0.0101056 0.016647 0.0240573 0.0304231 0.0338268 0.0333694 0.0296789 0.0244374 0.0193309 0.0152546 0.0122374 0.00988164
 1.0393e-16 5.65881e-05 0.000550057 0.00365532 0.0166166 0.0517005 0.110154 0.160778 0.1608 0.110263 0.0520651 0.0176705 0.00630333 0.00633924 0.0110765 0.018288 0.026493 0.0336382 0.0376593 0.0375919 0.0341103 0.0289981 0.024004 0.019996 0.0169135 0.0142795
 1.03541e-16 6.42757e-05 0.000624783 0.0041519 0.0188739 0.0587239 0.125118 0.182617 0.182631 0.12519 0.0589653 0.0195718 0.00590594 0.00446157 0.00737375 0.0121483 0.0176341 0.0224712 0.0253134 0.0255366 0.0235826 0.0206021 0.0176976 0.0153761 0.0135368 0.0118281
 1.00647e-16 7.80931e-05 0.000759092 0.00504444 0.0229313 0.0713477 0.152014 0.22187 0.221874 0.152033 0.0714121 0.0231172 0.00551136 0.00177902 0.00201696 0.00321571 0.00463632 0.00585479 0.00649701 0.00639263 0.00567044 0.00466538 0.00371161 0.00298385 0.00247954 0.00210496
 1.01553e-16 3.58996e-05 0.000348957 0.00231894 0.0105416 0.0327991 0.0698839 0.102008 0.10206 0.0701355 0.0336437 0.0129799 0.00843506 0.0136863 0.0253243 0.0416998 0.0598093 0.0746697 0.0812261 0.0771482 0.0642465 0.0473124 0.0313482 0.0193139 0.011672 0.00735224
 1.01572e-16 7.54924e-05 0.000733813 0.00487644 0.0221676 0.0689717 0.146952 0.214481 0.214484 0.146969 0.0690308 0.022339 0.00530966 0.00168916 0.00191801 0.00312451 0.00466325 0.00621561 0.00749862 0.00836029 0.00882683 0.00901016 0.00896423 0.00863009 0.00791169 0.00679695
 1.02142e-16 5.35294e-05 0.000520325 0.00345774 0.0157184 0.048906 0.104201 0.15209 0.152121 0.104352 0.0494128 0.0171815 0.00712804 0.00852492 0.0152333 0.0250409 0.0359328 0.0449087 0.0489563 0.0467035 0.039259 0.0295023 0.0204075 0.0136859 0.00952223 0.00718093
 1.04598e-16 5.40275e-05 0.000525167 0.00348992 0.0158647 0.049361 0.10517 0.153503 0.153524 0.105276 0.0497186 0.016899 0.00609202 0.00622444 0.010933 0.0181319 0.0264455 0.0339413 0.0386557 0.0396346 0.037418 0.0335215 0.0293762 0.0256102 0.0221042 0.0185262
 1.04198e-16 6.43426e-05 0.000625433 0.00415622 0.0188936 0.058785 0.125248 0.182806 0.18282 0.125316 0.059014 0.0195554 0.00582007 0.00426611 0.00700383 0.0115436 0.0167808 0.0214391 0.024262 0.0246768 0.0231117 0.0206462 0.0182873 0.0164524 0.0149721 0.0134526
 1.0292e-16 6.46316e-05 0.000628242 0.00417489 0.0189785 0.0590491 0.125811 0.183628 0.183644 0.12589 0.0593159 0.0197491 0.00611009 0.00485508 0.00809902 0.0133053 0.0192044 0.0242446 0.0268914 0.026443 0.0234408 0.019284 0.0153679 0.0124205 0.0104247 0.00897499
 1.06798e-16 3.04034e-05 0.000295532 0.00196392 0.00892771 0.0277777 0.059185 0.0863923 0.0864402 0.059419 0.0285634 0.011198 0.00766537 0.0127509 0.023712 0.0392221 0.0566601 0.0715902 0.0794933 0.0782662 0.0694342 0.0570303 0.0450947 0.0357683 0.0290892 0.0240299
 1.06547e-16 6.43202e-05 0.000625215 0.00415477 0.018887 0.0587645 0.125204 0.182741 0.182749 0.125243 0.0588962 0.0192694 0.00512243 0.00276315 0.00419968 0.00703765 0.010592 0.0142854 0.0175537 0.020112 0.02204 0.0235492 0.0246475 0.0250278 0.0242755 0.0221951
 1.05945e-16 5.56515e-05 0.000540953 0.00359482 0.0163416 0.0508448 0.108331 0.158118 0.158142 0.10845 0.0512457 0.0174996 0.00650162 0.00688667 0.0121085 0.0199347 0.0287291 0.0361803 0.0399898 0.0391438 0.034539 0.0283857 0.0228671 0.0190867 0.0169187 0.0155642
 1.08978e-16 4.03418e-05 0.000392137 0.00260589 0.011846 0.0368575 0.0785301 0.114624 0.114657 0.0786934 0.0374063 0.0134327 0.00659497 0.00912095 0.0166785 0.0276674 0.0402226 0.051358 0.0580344 0.0588275 0.0547074 0.0482306 0.0418425 0.036661 0.0324659 0.0285023
 1.06549e-16 6.3798e-05 0.000620139 0.00412104 0.0187337 0.0582875 0.124188 0.181258 0.181269 0.124241 0.0584647 0.019247 0.00541475 0.0034618 0.00551236 0.00914845 0.0134945 0.0176521 0.0207451 0.0223737 0.022806 0.0226813 0.0224802 0.0222093 0.0215104 0.0200162
 1.04635e-16 6.04161e-05 0.000587266 0.00390259 0.0177406 0.0551978 0.117605 0.171653 0.171673 0.117703 0.0555247 0.0186852 0.00627394 0.00576549 0.00989972 0.0162847 0.0234893 0.0296239 0.0328147 0.0322239 0.0285557 0.0235747 0.0190277 0.0158046 0.0138282 0.0125014
 1.0855e-16 3.27905e-05 0.000318735 0.00211811 0.00962865 0.0299585 0.0638314 0.0931727 0.0932154 0.0640401 0.0306596 0.0116549 0.00720895 0.011448 0.0212159 0.0351445 0.0509097 0.0646199 0.0723089 0.0721274 0.0653877 0.0555491 0.0460113 0.0384749 0.0328311 0.0281316
 1.16312e-16 3.94582e-05 0.000383548 0.00254881 0.0115865 0.0360501 0.0768093 0.11211 0.11213 0.0769091 0.0363859 0.0125607 0.00501043 0.00581157 0.0105082 0.0177298 0.0265238 0.035435 0.0429697 0.0484121 0.0520936 0.0548005 0.0568559 0.0577161 0.0563895 0.0522306
 1.06114e-16 7.06898e-05 0.00068713 0.00456622 0.0207574 0.064584 0.137603 0.200837 0.200844 0.137636 0.0646926 0.0210719 0.00535795 0.0024233 0.00339164 0.00555916 0.00815721 0.0106007 0.0123597 0.0132331 0.01347 0.0135705 0.0139144 0.014512 0.0150372 0.0150634
pSPR Fmed_Fpbrs
0.643611   0.211346 0.211346
Fs Fmed_Fpbrs
0.23728   1.005 1.005
SSBpbr Bo_Bmed_Bpbrs
1.91781e+06  1.13843e+06  309431 309431
Ro
177930
SPR SPRFo_SPRFmed_SPRFpbrs
1.27e+06 817385 268409
Fref
1.005
Nvult_r0
 218600 18253.3 7873.41 8704.42 3148.04
CTP_r0
 29581.1 2990.41 1289.89 1426.04 515.741
YTP_r0
391297
Np
 250442 41284.2 13510.7 1065.63 521.544
Nvult_p0
 209158 35724.8 11691.4 922.131 451.313
CTP_p0
 93136.2 43518.3 3432.46 1480.55 2131.83
 93136.2 17906.9 5860.26 462.215 226.219
YTP_p0
 1.57452e+06 1.13497e+06
CBA_c0
1.44265e+06
log_Ro
11.9091
likeval ReclasPelacesDesembMPH_pf_preclas_ppelaces_ptallas_desvR_qrecl_qpela
 13.7166 17.4235 0.0604552 0.00278337 240.415 118.745 98.3667 0 24.266 0.308244 0 0 0 0 0
q_reclas_q_pelaces
 0.875162  1
M
1
N
 199085 45086.6 146852 8739.17 0.28822
 111963 65900.1 14532.5 47334 2816.94
 111904 33986.5 19058.4 4202.82 14503.7
 181445 34127.5 9886.54 5544 5441.64
 145390 50014.4 8747.28 2534.03 2815.74
 253585 48469.9 16265.1 2844.69 1739.79
 104192 77005.7 14024.4 4706.17 1326.48
 47050.4 25049.9 16632.2 3029.08 1302.97
 45304.4 16158.4 8455.06 5613.85 1462.19
 60718 12752.8 4251.86 2224.83 1861.96
 113484 15751.7 3029.68 1010.11 970.893
 149980 38449.3 5227.22 1005.41 657.4
 124988 38524.1 9021.56 1226.49 390.151
 87434.7 32883.5 9314.58 2181.28 390.879
 87179.8 18397.2 6010.6 1702.55 470.148
 478757 21890.7 4195.76 1370.8 495.514
 101212 129506 5480.18 1050.37 467.216
 735818 30593.7 37256.4 1576.54 436.579
 423413 221960 8778.44 10690.2 577.635
 325163 117414 57319.5 2266.96 2909.83
 482527 92704.6 31392.6 15325.4 1384.11
 646018 146082 26721 9048.53 4816.3
 134050 185738 39471.3 7220 3746.27
 399433 42654.7 56980.7 12109 3364.23
 335532 129368 13378.7 17872 4853.17
 150618 108542 40515.7 4189.94 7117.09
 340174 49928.5 35048.8 13082.7 3651.09
 381835 110082 15643.4 10981.3 5242.97
 111015 125929 35319 5019.09 5205.47
 82389.6 36878.5 40770.9 11434.9 3310.31
 318931 26166.8 11286.8 12478.1 4512.83
pred_Ctot
 12720.2 3567.49 11619.8 691.495 0.0228057
 12571.4 9085.4 2003.56 6525.81 388.364
 12282.8 4582.5 2569.71 566.682 1955.59
 29438.9 6736.95 1951.67 1094.42 1074.22
 8688.89 3704.22 647.856 187.68 208.544
 28419.6 6670.12 2238.31 391.47 239.42
 23618.3 20979 3820.75 1282.13 361.381
 1987.93 1315.61 873.527 159.087 68.4321
 6872.94 2988.35 1563.7 1038.24 270.42
 11640.5 2958.24 986.302 516.092 431.917
 5707.41 983.363 189.142 63.0608 60.6124
 29456.2 9128.88 1241.09 238.711 156.085
 23124.7 8635.12 2022.18 274.917 87.4524
 24745.5 11060.2 3132.92 733.665 131.471
 18043.5 4593.73 1500.84 425.124 117.395
 82129.7 4561.13 874.23 285.62 103.245
 11593.6 18207.5 770.474 147.675 65.6872
 85102.7 4342 5287.64 223.751 61.9619
 67430.3 43031.7 1701.9 2072.54 111.988
 47218.9 20810.5 10159.4 401.802 515.745
 54871.1 12940.8 4382.17 2139.3 193.211
 91019.5 25140.8 4598.75 1557.28 828.897
 11579.2 19790.8 4205.79 769.314 399.177
 30514.8 4026.69 5379.13 1143.12 317.593
 25860.9 12319.7 1274.06 1701.96 462.171
 9498.11 8477.79 3164.54 327.262 555.892
 26152.1 4742.76 3329.35 1242.75 346.824
 25208.7 8996.84 1278.53 897.499 428.505
 6864.49 9646.47 2705.54 384.477 398.755
 7204.16 3976.99 4396.78 1233.15 356.988
 29581.1 2990.41 1289.89 1426.04 515.741
F
 0.105592 0.132195 0.132196 0.132196 0.132196
 0.192208 0.240633 0.240634 0.240634 0.240634
 0.18754 0.234789 0.234791 0.234791 0.234791
 0.288641 0.361361 0.361364 0.361364 0.361364
 0.0984783 0.123289 0.12329 0.12329 0.12329
 0.191818 0.240145 0.240147 0.240147 0.240147
 0.425369 0.532536 0.53254 0.53254 0.53254
 0.068777 0.0861047 0.0861054 0.0861054 0.0861054
 0.267652 0.335084 0.335087 0.335087 0.335087
 0.349293 0.437294 0.437297 0.437297 0.437297
 0.0823251 0.103066 0.103067 0.103067 0.103067
 0.359221 0.449724 0.449727 0.449727 0.449727
 0.335242 0.419702 0.419705 0.419705 0.419705
 0.558691 0.699448 0.699453 0.699453 0.699453
 0.381909 0.478127 0.478131 0.478131 0.478131
 0.307463 0.384925 0.384928 0.384928 0.384928
 0.196421 0.245907 0.245909 0.245909 0.245909
 0.198488 0.248495 0.248496 0.248496 0.248496
 0.282645 0.353855 0.353857 0.353857 0.353857
 0.254908 0.319129 0.319132 0.319132 0.319132
 0.194872 0.243968 0.24397 0.24397 0.24397
 0.246491 0.308592 0.308595 0.308595 0.308595
 0.145073 0.181623 0.181625 0.181625 0.181625
 0.127384 0.159477 0.159478 0.159478 0.159478
 0.128579 0.160973 0.160974 0.160974 0.160974
 0.104156 0.130397 0.130398 0.130398 0.130398
 0.128234 0.160541 0.160543 0.160543 0.160543
 0.109271 0.136801 0.136802 0.136802 0.136802
 0.10204 0.127748 0.127749 0.127749 0.127749
 0.146968 0.183995 0.183996 0.183996 0.183996
 0.156498 0.195926 0.195928 0.195928 0.195928
YTP_r0W_actual
 245523 42164.8 35601.1 48770.5 19237.2
YTP_p0W_proyectada
 697590 681932 79392.7 43483.9 72119.9
 697590 280601 135548 13575.3 7653
CTP_r0_actual
 29581.1 2990.41 1289.89 1426.04 515.741
CTP_p0_proyectada
 93136.2 43518.3 3432.46 1480.55 2131.83
 93136.2 17906.9 5860.26 462.215 226.219
Wmedp
 7.49 15.67 23.13 29.37 33.83
Frms_r0
 0.156498 0.195926 0.195928 0.195928 0.195928
Zrms_r0
 1.1565 1.19593 1.19593 1.19593 1.19593
cv_recla  cv_pelaces  cv_mph
0.335003 0.473304 1.1248
 ------------------------------------------------
Talla a la edad & desviacion 
 8 13.2811 15.8009 17.003 17.5766
 0.8 1.32811 1.58009 1.7003 1.75766
