years
 1991 1992 1993 1994 1995 1996 1997 1998 1999 2000 2001 2002 2003 2004 2005 2006 2007 2008 2009 2010 2011 2012 2013 2014 2015 2016 2017 2018 2019 2020 2021
reclasobs
 0 0 0 0 0 0 0 0 0 252601 567819 844713 477998 351125 339783 2.1784e+06 2.13404e+06 4.81314e+06 1.55562e+06 2.62356e+06 3.21686e+06 3.843e+06 1.13348e+06 3.07943e+06 1.97215e+06 2.03268e+06 2.025e+06 2.42433e+06 2.27542e+06 1.05018e+06 2.36338e+06
reclaspred
 3.21967e+06 1.80399e+06 912491 893923 879886 1.39797e+06 871238 768645 563280 412709 489367 635204 627105 488764 494428 1.31153e+06 1.27055e+06 2.87209e+06 2.36687e+06 1.75894e+06 3.11188e+06 2.52863e+06 2.00429e+06 3.08418e+06 2.31256e+06 2.04176e+06 2.42842e+06 2.5859e+06 2.11743e+06 1.33699e+06 1.91327e+06
pelacesobs
 0 0 0 0 0 0 0 0 0 0 0 0 0 0 0 552880 188675 0 991730 2.46772e+06 1.41603e+06 1.21717e+06 2.29649e+06 1.80582e+06 0 1.4828e+06 1.56532e+06 1.57751e+06 1.42118e+06 867257 1.10002e+06
pelacespred
 1.69132e+06 1.05433e+06 533634 426685 438562 718316 412328 452789 318705 221143 271743 295011 320399 263134 273565 603997 586444 1.52681e+06 1.29954e+06 896563 1.53466e+06 1.35237e+06 1.06955e+06 1.80084e+06 1.30252e+06 1.14626e+06 1.55207e+06 1.62983e+06 1.09977e+06 789159 1.12751e+06
mphobs
 0 0 0 0 0 0 0 0 0 0 0 498337 0 5186 125008 0 168611 109162 213762 579715 649985 157893 87575 83554 0 0 0 0 0 0 0
mphpred
 3.2038e+06 2.14371e+06 1.06768e+06 581729 620851 696396 919553 564306 500975 345737 230303 381796 412846 349922 237063 300390 997089 948949 1.88073e+06 1.41997e+06 1.51339e+06 1.87061e+06 1.77729e+06 1.46267e+06 2.03382e+06 1.67377e+06 1.37513e+06 1.4715e+06 2.0572e+06 1.40007e+06 852391
desembarqueobs
 494567 514787 250237 358949 120608 361735 552515 73892 212993 205616 52469 317467 293654 387597 252695 516296 358380 742168 942051 627588 828172 859565 418607 520667 417249 300574 415391 372974 316634 284311 391294
desembarquepred
 494572 513534 250841 358980 120614 361749 552559 73896.6 213043 205660 52471.8 317533 293705 387633 252691 516259 358403 742072 941852 627456 828237 859580 418617 520691 417250 300576 415391 372959 316628 284319 391298
Reclutas
 199086 111964 111905 181445 145391 253585 104193 47050.5 45304.5 60718.3 113485 149981 124988 87435 87180.1 478760 101212 735822 423415 325164 482530 646021 134050 399435 335533 150619 340175 381837 111016 82390 318932
log_desv_Rt
 0.112342 -0.46322 -0.463748 0.0195582 -0.201972 0.354303 -0.535155 -1.33017 -1.36799 -1.07515 -0.449728 -0.170889 -0.35318 -0.710502 -0.713421 0.989802 -0.564178 1.41959 0.866955 0.602934 0.997646 1.28944 -0.283181 0.808655 0.634324 -0.166645 0.648065 0.763597 -0.471724 -0.769933 0.583582
SSB
 3.2038e+06 2.14371e+06 1.06768e+06 581729 620851 696396 919553 564306 500975 345737 230303 381796 412846 349922 237063 300390 997089 948949 1.88073e+06 1.41997e+06 1.51339e+06 1.87061e+06 1.77729e+06 1.46267e+06 2.03382e+06 1.67377e+06 1.37513e+06 1.4715e+06 2.0572e+06 1.40007e+06 852391
BT
 4.31787e+06 2.9391e+06 1.47994e+06 1.28578e+06 1.10657e+06 1.96501e+06 1.44598e+06 1.10898e+06 946471 708362 671954 946410 1.00558e+06 1.0101e+06 884419 1.81118e+06 1.63202e+06 4.17564e+06 3.90226e+06 2.63159e+06 4.21107e+06 3.92135e+06 2.83083e+06 4.63675e+06 3.38847e+06 2.90931e+06 4.00293e+06 4.13242e+06 2.79705e+06 2.09579e+06 2.97763e+06
Ftot
 0.132196 0.240634 0.234791 0.361364 0.12329 0.240147 0.53254 0.0861054 0.335087 0.437297 0.103067 0.449727 0.419705 0.699453 0.478131 0.384928 0.245909 0.248497 0.353857 0.319132 0.24397 0.308595 0.181625 0.159478 0.160974 0.130398 0.160543 0.136802 0.127749 0.183996 0.195928
BD_Bspro_t
 0.979071 0.847902 0.689962 0.600656 0.586724 0.659679 0.650317 0.484397 0.54128 0.498951 0.468082 0.675927 0.562164 0.473383 0.366431 0.424661 0.603382 0.578705 0.673947 0.579291 0.549924 0.598664 0.614396 0.606897 0.709301 0.717214 0.72391 0.758255 0.800351 0.737667 0.671505
BD_Bspro
 2.52267 1.68795 0.840687 0.458053 0.488857 0.548341 0.724055 0.444334 0.394467 0.272233 0.181341 0.300625 0.325074 0.275528 0.186663 0.236526 0.785106 0.747201 1.48089 1.11808 1.19164 1.47292 1.39944 1.1517 1.60142 1.31792 1.08278 1.15865 1.61984 1.10241 0.671171
BD_Bo
 1.67054 1.11778 0.556713 0.303328 0.323727 0.363118 0.479478 0.294243 0.261221 0.180276 0.120086 0.199078 0.215268 0.182458 0.12361 0.156631 0.519907 0.494805 0.98066 0.740408 0.789119 0.975384 0.926723 0.762672 1.06048 0.872745 0.717028 0.767274 1.07267 0.73003 0.444458
BD_Brms
 10.3538 6.92787 3.45044 1.87999 2.00642 2.25056 2.97174 1.82368 1.61901 1.11733 0.744277 1.23386 1.3342 1.13085 0.766121 0.970777 3.22232 3.06674 6.07801 4.58896 4.89086 6.04531 5.74371 4.72694 6.57274 5.40917 4.44405 4.75547 6.6483 4.52464 2.75469
Sel_flota
 0.798754 0.999993 1 1 1
 0.798754 0.999993 1 1 1
 0.798754 0.999993 1 1 1
 0.798754 0.999993 1 1 1
 0.798754 0.999993 1 1 1
 0.798754 0.999993 1 1 1
 0.798754 0.999993 1 1 1
 0.798754 0.999993 1 1 1
 0.798754 0.999993 1 1 1
 0.798754 0.999993 1 1 1
 0.798754 0.999993 1 1 1
 0.798754 0.999993 1 1 1
 0.798754 0.999993 1 1 1
 0.798754 0.999993 1 1 1
 0.798754 0.999993 1 1 1
 0.798754 0.999993 1 1 1
 0.798754 0.999993 1 1 1
 0.798754 0.999993 1 1 1
 0.798754 0.999993 1 1 1
 0.798754 0.999993 1 1 1
 0.798754 0.999993 1 1 1
 0.798754 0.999993 1 1 1
 0.798754 0.999993 1 1 1
 0.798754 0.999993 1 1 1
 0.798754 0.999993 1 1 1
 0.798754 0.999993 1 1 1
 0.798754 0.999993 1 1 1
 0.798754 0.999993 1 1 1
 0.798754 0.999993 1 1 1
 0.798754 0.999993 1 1 1
 0.798754 0.999993 1 1 1
Sel_reclas
 1 1 1 1 1
 1 1 1 1 1
 1 1 1 1 1
 1 1 1 1 1
 1 1 1 1 1
 1 1 1 1 1
 1 1 1 1 1
 1 1 1 1 1
 1 1 1 1 1
 1 1 1 1 1
 1 1 1 1 1
 1 1 1 1 1
 1 1 1 1 1
 1 1 1 1 1
 1 1 1 1 1
 1 1 1 1 1
 1 1 1 1 1
 1 1 1 1 1
 1 1 1 1 1
 1 1 1 1 1
 1 1 1 1 1
 1 1 1 1 1
 1 1 1 1 1
 1 1 1 1 1
 1 1 1 1 1
 1 1 1 1 1
 1 1 1 1 1
 1 1 1 1 1
 1 1 1 1 1
 1 1 1 1 1
 1 1 1 1 1
Sel_pelaces
 1 1 1 1 1
 1 1 1 1 1
 1 1 1 1 1
 1 1 1 1 1
 1 1 1 1 1
 1 1 1 1 1
 1 1 1 1 1
 1 1 1 1 1
 1 1 1 1 1
 1 1 1 1 1
 1 1 1 1 1
 1 1 1 1 1
 1 1 1 1 1
 1 1 1 1 1
 1 1 1 1 1
 1 1 1 1 1
 1 1 1 1 1
 1 1 1 1 1
 1 1 1 1 1
 1 1 1 1 1
 1 1 1 1 1
 1 1 1 1 1
 1 1 1 1 1
 1 1 1 1 1
 1 1 1 1 1
 1 1 1 1 1
 1 1 1 1 1
 1 1 1 1 1
 1 1 1 1 1
 1 1 1 1 1
 1 1 1 1 1
pf_obs 
 0.8446 0.082 0.0669 0.0065 0
 0.8095 0.147 0.0364 0.0071 0
 0.9664 0.0169 0.016 0.0007 0
 0.9276 0.0648 0.0075 0.0001 0
 0.7033 0.2144 0.0806 0.0017 0
 0.9318 0.0425 0.0243 0.0014 0
 0.5671 0.3108 0.0964 0.0239 0.0018
 0.0768 0.2599 0.5324 0.112 0.0189
 0.490249 0.384438 0.106611 0.0170017 0.00170017
 0.7925 0.1577 0.0466 0.003 0.0002
 0.840416 0.127587 0.0312969 0.00059994 9.999e-05
 0.8084 0.0986 0.0794 0.0134 0.0002
 0.7335 0.1905 0.0724 0.0035 0.0001
 0.4001 0.4547 0.1325 0.0127 0
 0.49795 0.308269 0.164784 0.0264974 0.00249975
 0.9179 0.0499 0.0305 0.0017 0
 0.2467 0.6533 0.0926 0.0074 0
 0.9418 0.0223 0.034 0.0019 0
 0.707729 0.231977 0.0356964 0.0245975 0
 0.517169 0.277429 0.184464 0.0207286 0.00020938
 0.811772 0.124168 0.05621 0.00726502 0.000585176
 0.764997 0.148141 0.077277 0.00933861 0.000247198
 0.163321 0.427699 0.378323 0.0303852 0.000271297
 0.753843 0.0900009 0.118128 0.0371064 0.000921714
 0.721811 0.176058 0.0630433 0.0369309 0.00215725
 0.143369 0.312575 0.442814 0.0836902 0.0175525
 0.692698 0.0596174 0.167031 0.0765114 0.00414204
 0.394062 0.376323 0.152708 0.0712218 0.00568511
 0.125707 0.32114 0.495352 0.0537591 0.00404204
 0.23352 0.215282 0.420074 0.123614 0.00750983
 0.796117 0.104755 0.0508955 0.0450114 0.00322123
pf_pred 
 0.444776 0.124742 0.406303 0.0241789 7.97427e-07
 0.411172 0.297156 0.0655302 0.21344 0.0127022
 0.559395 0.208701 0.117033 0.0258084 0.0890638
 0.730563 0.167186 0.0484332 0.0271595 0.0266582
 0.64663 0.27567 0.0482137 0.0139672 0.01552
 0.748694 0.175719 0.0589667 0.010313 0.00630737
 0.471785 0.419064 0.0763211 0.0256111 0.00721875
 0.451332 0.298691 0.198322 0.0361185 0.0155366
 0.539746 0.234682 0.1228 0.0815349 0.0212367
 0.704074 0.178929 0.0596564 0.0312158 0.0261245
 0.814927 0.140409 0.0270064 0.00900407 0.00865447
 0.732359 0.226968 0.0308568 0.00593499 0.00388069
 0.677263 0.2529 0.0592244 0.00805161 0.00256125
 0.621688 0.277868 0.0787093 0.018432 0.00330297
 0.731081 0.186127 0.0608104 0.017225 0.00475658
 0.933781 0.0518581 0.00993961 0.00324738 0.00117386
 0.376599 0.591443 0.0250275 0.00479697 0.00213374
 0.895648 0.0456966 0.0556489 0.00235482 0.000652105
 0.589691 0.376321 0.0148835 0.0181248 0.000979354
 0.596904 0.26307 0.128428 0.00507926 0.00651964
 0.736262 0.17364 0.0588001 0.0287053 0.00259251
 0.739123 0.204156 0.0373441 0.0126458 0.00673105
 0.315129 0.53861 0.114461 0.020937 0.0108637
 0.737405 0.0973069 0.129989 0.0276241 0.00767477
 0.621375 0.296013 0.0306125 0.040894 0.0111048
 0.43127 0.384941 0.143689 0.0148596 0.0252407
 0.730224 0.132429 0.0929627 0.0347004 0.0096841
 0.684831 0.244413 0.0347331 0.0243819 0.011641
 0.343229 0.48233 0.135279 0.0192241 0.019938
 0.419625 0.23165 0.256102 0.0718284 0.0207937
 0.826214 0.0835237 0.0360274 0.0398299 0.0144049
pobs_RECLAS
 0 0 0 0 0
 0 0 0 0 0
 0 0 0 0 0
 0 0 0 0 0
 0 0 0 0 0
 0 0 0 0 0
 0 0 0 0 0
 0 0 0 0 0
 0 0 0 0 0
 0 0 0 0 0
 0.991045 0.00858322 0.000360255 1.14367e-05 0
 0.934742 0.0480273 0.0164251 0.00080598 0
 0.827803 0.169806 0.00239088 0 0
 0.941827 0.0461693 0.0120037 0 0
 0.791401 0.0380133 0.147996 0.0225897 0
 0.846168 0.0940531 0.0597789 0 0
 0.134021 0.677848 0.182769 0.00536245 0
 0.80878 0.0450904 0.141981 0.00414843 0
 0.846168 0.0940531 0.0597789 0 0
 0.905697 0.0802665 0.012482 0.00150086 5.37128e-05
 0.989698 0.0102097 9.19794e-05 0 0
 0.975433 0.0193895 0.00387452 0.00125025 5.28907e-05
 0.303575 0.632131 0.0575291 0.00676475 0
 0.966965 0.00978017 0.0227588 0.000495775 0
 0.843318 0.132988 0.00938335 0.0141283 0.000182051
 0.564624 0.303363 0.111486 0.0197234 0.00080311
 0.826376 0.0876187 0.0782897 0.00655872 0.00115652
 0.89761 0.0855135 0.0140674 0.00269457 0.000114338
 0.34875 0.467042 0.161289 0.0227151 0.000203297
 0.318654 0.224769 0.449479 0.00709798 0
 0.937255 0.0296025 0.0250945 0.00804832 0
ppred_RECLAS
 0.501332 0.112036 0.364915 0.021716 7.16198e-07
 0.467637 0.268661 0.059246 0.192972 0.0114841
 0.614924 0.182399 0.102283 0.0225557 0.0778387
 0.773816 0.140348 0.040658 0.0227995 0.0223786
 0.696609 0.23668 0.0413942 0.0119916 0.0133248
 0.78937 0.147278 0.0494221 0.00864369 0.00528642
 0.531076 0.372025 0.0677538 0.0227362 0.00640842
 0.507733 0.267988 0.177934 0.0324056 0.0139394
 0.596555 0.205716 0.107643 0.0714708 0.0186154
 0.750517 0.150848 0.0502936 0.0263166 0.0220243
 0.846693 0.116309 0.0223709 0.00745856 0.00716897
 0.775839 0.190096 0.0258438 0.00497079 0.00325023
 0.726178 0.21457 0.0502478 0.00683123 0.00217304
 0.676936 0.237289 0.0672142 0.0157402 0.00282059
 0.77485 0.155834 0.0509126 0.0144214 0.00398238
 0.946819 0.0416476 0.00798251 0.00260797 0.000942725
 0.431827 0.539046 0.0228101 0.00437196 0.00194469
 0.915247 0.0371142 0.045197 0.00191254 0.000529628
 0.644509 0.326044 0.0128949 0.0157032 0.000848505
 0.651124 0.227685 0.111152 0.00439603 0.00564267
 0.778371 0.145917 0.0494118 0.024122 0.00217858
 0.781179 0.171244 0.0313237 0.0106071 0.00564591
 0.366308 0.498361 0.105907 0.0193723 0.0100518
 0.779063 0.0818704 0.109367 0.0232417 0.00645722
 0.673292 0.255425 0.0264148 0.0352865 0.00958211
 0.487607 0.346811 0.129455 0.0133876 0.0227403
 0.772674 0.111591 0.0783344 0.02924 0.00816024
 0.731704 0.208064 0.0295674 0.0207557 0.00990966
 0.396062 0.44353 0.124396 0.0176776 0.018334
 0.475995 0.209152 0.231228 0.0648518 0.018774
 0.856621 0.0689099 0.0297236 0.0328608 0.0118845
pobs_PELACES
 0 0 0 0 0
 0 0 0 0 0
 0 0 0 0 0
 0 0 0 0 0
 0 0 0 0 0
 0 0 0 0 0
 0 0 0 0 0
 0 0 0 0 0
 0 0 0 0 0
 0 0 0 0 0
 0 0 0 0 0
 0 0 0 0 0
 0 0 0 0 0
 0 0 0 0 0
 0 0 0 0 0
 0 0 0 0 0
 0.505614 0.472636 0.0217494 0 0
 0 0 0 0 0
 0.443492 0.261883 0.143347 0.151278 0
 0.227955 0.32914 0.350689 0.0885471 0.00366901
 0.970185 0.0296113 0.000203453 0 0
 0.997202 0.00247181 0.000326279 0 0
 0.445219 0.490057 0.0546422 0.010081 0
 0.90214 0.0892962 0.00764917 0.000914606 0
 0 0 0 0 0
 0.581667 0.319106 0.0959925 0.00289975 0.000334073
 0.762889 0.0836404 0.116647 0.0363945 0.000428098
 0.88444 0.0763242 0.0277011 0.0115352 0
 0.521256 0.241999 0.230069 0.00667565 0
 0.616807 0.101726 0.260614 0.0208532 0
 0.833518 0.0704572 0.0857862 0.0102388 0
ppred_PELACES
 0.503527 0.111543 0.363309 0.0216204 7.13046e-07
 0.471618 0.266652 0.058803 0.191529 0.0113982
 0.61861 0.180653 0.101304 0.0223398 0.0770937
 0.777988 0.137759 0.039908 0.0223789 0.0219658
 0.698337 0.235332 0.0411585 0.0119234 0.0132489
 0.79201 0.145432 0.0488027 0.00853537 0.00522018
 0.539873 0.365046 0.0664827 0.0223096 0.0062882
 0.509162 0.26721 0.177418 0.0323115 0.0138989
 0.6019 0.202991 0.106217 0.070524 0.0183688
 0.755915 0.147584 0.0492054 0.0257472 0.0215478
 0.847579 0.115636 0.0222415 0.00741544 0.00712752
 0.78099 0.185728 0.0252498 0.00485655 0.00317553
 0.731685 0.210254 0.0492371 0.00669383 0.00212934
 0.68701 0.22989 0.0651183 0.0152493 0.00273264
 0.780341 0.152033 0.0496709 0.0140697 0.00388525
 0.948092 0.0406511 0.0077915 0.00254557 0.000920167
 0.435838 0.53524 0.0226491 0.0043411 0.00193096
 0.916518 0.0365575 0.044519 0.00188385 0.000521683
 0.649875 0.321123 0.0127003 0.0154662 0.000835697
 0.655922 0.224554 0.109623 0.00433556 0.00556505
 0.781153 0.144085 0.0487915 0.0238192 0.00215122
 0.784662 0.168519 0.0308251 0.0104383 0.00555604
 0.369112 0.496156 0.105438 0.0192865 0.0100073
 0.780881 0.0811969 0.108468 0.0230505 0.0064041
 0.675639 0.25359 0.0262251 0.035033 0.00951327
 0.489771 0.345346 0.128908 0.013331 0.0226443
 0.774542 0.110674 0.077691 0.0289999 0.00809321
 0.733483 0.206683 0.0293712 0.020618 0.00984392
 0.398093 0.442039 0.123978 0.0176181 0.0182723
 0.479043 0.207935 0.229882 0.0644745 0.0186648
 0.858212 0.0681454 0.0293938 0.0324962 0.0117526
pobs_pel_tallas
 0 0 0 0 0 0 0 0 0 0 0 0 0 0 0 0 0 0 0 0 0 0 0 0 0 0
 0 0 0 0 0 0 0 0 0 0 0 0 0 0 0 0 0 0 0 0 0 0 0 0 0 0
 0 0 0 0 0 0 0 0 0 0 0 0 0 0 0 0 0 0 0 0 0 0 0 0 0 0
 0 0 0 0 0 0 0 0 0 0 0 0 0 0 0 0 0 0 0 0 0 0 0 0 0 0
 0 0 0 0 0 0 0 0 0 0 0 0 0 0 0 0 0 0 0 0 0 0 0 0 0 0
 0 0 0 0 0 0 0 0 0 0 0 0 0 0 0 0 0 0 0 0 0 0 0 0 0 0
 0 0 0 0 0 0 0 0 0 0 0 0 0 0 0 0 0 0 0 0 0 0 0 0 0 0
 0 0 0 0 0 0 0 0 0 0 0 0 0 0 0 0 0 0 0 0 0 0 0 0 0 0
 0 0 0 0 0 0 0 0 0 0 0 0 0 0 0 0 0 0 0 0 0 0 0 0 0 0
 0 0 0 0 0 0 0 0 0 0 0 0 0 0 0 0 0 0 0 0 0 0 0 0 0 0
 0 0 0 0 0 0 0 0 0 0 0 0 0 0 0 0 0 0 0 0 0 0 0 0 0 0
 0 0 0 0 0 0 0 0 0 0 0 0 0 0 0 0 0 0 0 0 0 0 0 0 0 0
 0.00862536 0 0 0.000197151 0.00414017 0.0128641 0.00837892 0.0270097 0.101434 0.158115 0.152841 0.127902 0.109271 0.109419 0.0830992 0.0579132 0.0238553 0.00714673 0.00463305 0.00128148 0.00103504 0.000492878 0.000147863 0.000147863 4.92878e-05 0
 0 0 0 0 0 0 0 0 0 0 0 0 0 0 0 0 0 0 0 0 0 0 0 0 0 0
 0 0 0 0 0 0 0 0.0054083 0.00873648 0.0413646 0.0450493 0.0745869 0.0622846 0.0627006 0.0613931 0.0827291 0.12552 0.122667 0.0946155 0.0697135 0.0546179 0.0294188 0.0215738 0.0213955 0.0102223 0.00600262
 0 0 0 0 0.00359764 0.0251062 0.0480494 0.140153 0.205849 0.193036 0.1447 0.116669 0.0760912 0.0342217 0.00950174 0.001854 0.000860785 0 0 0 0.000165536 0 0.000143464 0 0 0
 0 0 0 0 0 0 0 0.000145254 0.000435761 0.0275982 0.070085 0.0708112 0.156366 0.174668 0.174014 0.160142 0.0824315 0.0480064 0.0283245 0.00493863 0.00203355 0 0 0 0 0
 0 0 0 0 0 0 0 0 0 0 0 0 0 0 0 0 0 0 0 0 0 0 0 0 0 0
 0 0 1.00437e-05 0.000401748 0.00122533 0.00171747 0.00176769 0.0269171 0.070346 0.194647 0.189555 0.159765 0.064822 0.0314167 0.0384472 0.0292271 0.0345202 0.0313363 0.0194345 0.0106764 0.0143323 0.0359363 0.0279516 0.0138201 0.00172751 0
 0 0.0021121 0.0136068 0.0755702 0.200478 0.177729 0.0527432 0.0373336 0.0318909 0.0142505 0.0149659 0.0166563 0.0217959 0.0798694 0.0677717 0.0528807 0.04013 0.0224614 0.0357745 0.0225083 0.00881397 0.00855152 0.00135912 0.000746735 0 0
 0 0 0 0 5.4009e-05 0.00500934 0.000945158 0.0243581 0.138947 0.33067 0.221406 0.137944 0.0707744 0.0437923 0.0131692 0.00525238 0.0047753 0.00276346 9.45158e-05 9.00151e-06 2.25038e-05 9.00151e-06 4.50075e-06 0 0 0
 0.000866109 0.00284123 0.00948549 0.0512746 0.133035 0.25785 0.225252 0.132002 0.0553304 0.0519788 0.0540692 0.017754 0.00435017 0.00159236 0.00146478 0.000404838 0.000125132 0.000115318 0.000107957 0.000100596 0 0 0 0 0 0
 0 0 0 0 0.00144013 0.00171154 0.00461396 0.0210425 0.0478622 0.0707936 0.0888783 0.103762 0.0637923 0.0337046 0.0602308 0.124433 0.169614 0.0934646 0.0462172 0.0250306 0.0313229 0.00938855 0.002487 0.000210481 0 0
 0 0.00764035 0.051015 0.0998891 0.058973 0.0496711 0.0374665 0.0718981 0.12319 0.153886 0.159021 0.0857701 0.0377988 0.023471 0.0147837 0.00900784 0.00315554 0.000888139 0.00291439 0.00214683 0.00393193 0.00274676 0.000635225 9.99891e-05 0 0
 0 0 0 0 0 0 0 0 0 0 0 0 0 0 0 0 0 0 0 0 0 0 0 0 0 0
 0 0 0 0 0 0 0 0 0 0 0 0 0 0 0 0 0 0 0 0 0 0 0 0 0 0
 0 0 0 0 0 0 0 0 0 0 0 0 0 0 0 0 0 0 0 0 0 0 0 0 0 0
 0 0 0 0 0 0 0 0 0 0 0 0 0 0 0 0 0 0 0 0 0 0 0 0 0 0
 0 0 0 0 0 0 0 0 0 0 0 0 0 0 0 0 0 0 0 0 0 0 0 0 0 0
 0 0 0 0 0 0 0 0 0 0 0 0 0 0 0 0 0 0 0 0 0 0 0 0 0 0
 0 0 0 0 0 0 0 0 0 0 0 0 0 0 0 0 0 0 0 0 0 0 0 0 0 0
ppred_pel_tallas
 1.12682e-16 4.14749e-05 0.000403151 0.00267908 0.0121787 0.0378925 0.0807345 0.117837 0.117848 0.0807899 0.0380802 0.0127278 0.00408331 0.00355453 0.00627777 0.0109665 0.0173116 0.0249222 0.0333069 0.0420494 0.0507168 0.0585046 0.0640354 0.0657173 0.0625487 0.054793
 1.22902e-16 3.88466e-05 0.000377603 0.0025093 0.0114069 0.0354914 0.0756191 0.110374 0.110399 0.0757452 0.0359152 0.0126325 0.00559142 0.00712627 0.0129191 0.0214734 0.0313753 0.0404724 0.046685 0.0492797 0.0493835 0.0491763 0.0503524 0.0530324 0.0558267 0.056797
 1.18257e-16 5.09541e-05 0.000495292 0.00329139 0.0149622 0.046553 0.0991868 0.14477 0.144787 0.0992726 0.0468416 0.0157975 0.00539516 0.00511142 0.00888833 0.0148021 0.0217713 0.0283603 0.0331655 0.0356248 0.0363539 0.0366408 0.0374989 0.0390297 0.0404912 0.040858
 1.07149e-16 6.40819e-05 0.000622899 0.00413938 0.018817 0.0585469 0.124741 0.182066 0.182079 0.124806 0.0587656 0.0194494 0.00572882 0.00410013 0.00669047 0.01102 0.0160163 0.020465 0.0231877 0.0236806 0.0224179 0.0205023 0.0189411 0.0181137 0.0177504 0.0172893
 1.04686e-16 5.75211e-05 0.000559126 0.00371559 0.0168905 0.0525529 0.11197 0.163429 0.163451 0.112081 0.0529254 0.0179666 0.00641742 0.00646005 0.0112729 0.0185682 0.0267979 0.0338206 0.0374963 0.0368521 0.0326579 0.026887 0.0215066 0.0175425 0.0149603 0.013161
 1.03185e-16 6.52368e-05 0.000634125 0.00421398 0.0191562 0.059602 0.126989 0.185347 0.185361 0.127058 0.059833 0.0198238 0.00589195 0.0043045 0.00705757 0.0116209 0.0168665 0.0214876 0.0241916 0.0243745 0.0224518 0.0195199 0.0166375 0.0143046 0.0124489 0.0107592
 1.05314e-16 4.44687e-05 0.000432252 0.00287247 0.0130578 0.040628 0.0865635 0.126349 0.126385 0.0867355 0.0412058 0.0147272 0.00706406 0.0095871 0.0174448 0.0288054 0.0415767 0.0524669 0.0581468 0.0570827 0.0504337 0.0412214 0.0324708 0.0257807 0.0211539 0.0177643
 1.10781e-16 4.1939e-05 0.000407662 0.00270906 0.012315 0.0383167 0.0816388 0.11916 0.119186 0.0817659 0.038744 0.013552 0.00582512 0.00724648 0.0131371 0.0219321 0.0322456 0.0419239 0.0487639 0.0517073 0.0513493 0.049272 0.0467989 0.0442308 0.0410503 0.0366807
 1.13299e-16 4.95777e-05 0.000481913 0.00320248 0.014558 0.0452955 0.0965077 0.14086 0.14088 0.0966041 0.0456196 0.0154959 0.00556418 0.00566237 0.00996235 0.016589 0.0243651 0.0316579 0.0368495 0.0392487 0.0394697 0.0388755 0.0385423 0.0385879 0.0382974 0.0367739
 1.07687e-16 6.22638e-05 0.000605226 0.00402194 0.0182832 0.0568858 0.121202 0.1769 0.176915 0.121272 0.0571203 0.0189613 0.0057271 0.0043372 0.00717878 0.0118468 0.0172462 0.0220935 0.0251356 0.0258328 0.0246758 0.02281 0.0212676 0.0204135 0.0199413 0.0192651
 1.02622e-16 6.9814e-05 0.000678617 0.00450965 0.0205002 0.0637838 0.135899 0.19835 0.198361 0.135953 0.0639669 0.0210292 0.00583816 0.00358079 0.00558766 0.0091434 0.0132042 0.0166908 0.0185562 0.018327 0.0163809 0.0136785 0.0111692 0.00933484 0.00813734 0.00726913
 1.01801e-16 6.43292e-05 0.000625303 0.00415536 0.0188897 0.0587728 0.125222 0.182769 0.182787 0.12531 0.0590665 0.0197378 0.00628429 0.00527249 0.00888933 0.0145918 0.0210084 0.026407 0.0290666 0.0281922 0.024383 0.019219 0.0143125 0.0105629 0.00804326 0.00636626
 1.02507e-16 6.0268e-05 0.000585826 0.00389302 0.0176971 0.0550625 0.117317 0.171232 0.171252 0.117416 0.0553956 0.0186596 0.00631048 0.00586788 0.0101056 0.016647 0.0240573 0.0304231 0.0338268 0.0333694 0.0296789 0.0244374 0.0193309 0.0152546 0.0122374 0.00988164
 1.0393e-16 5.65881e-05 0.000550057 0.00365532 0.0166166 0.0517005 0.110154 0.160778 0.1608 0.110263 0.0520651 0.0176705 0.00630333 0.00633924 0.0110765 0.018288 0.026493 0.0336382 0.0376593 0.0375919 0.0341103 0.0289981 0.024004 0.019996 0.0169135 0.0142795
 1.03541e-16 6.42757e-05 0.000624783 0.0041519 0.0188739 0.0587239 0.125118 0.182617 0.182631 0.12519 0.0589653 0.0195718 0.00590594 0.00446157 0.00737375 0.0121483 0.0176341 0.0224712 0.0253134 0.0255366 0.0235826 0.0206021 0.0176976 0.0153761 0.0135368 0.0118281
 1.00647e-16 7.80931e-05 0.000759092 0.00504444 0.0229313 0.0713477 0.152014 0.22187 0.221874 0.152033 0.0714121 0.0231172 0.00551136 0.00177901 0.00201695 0.0032157 0.0046363 0.00585478 0.00649699 0.00639261 0.00567042 0.00466537 0.0037116 0.00298384 0.00247953 0.00210495
 1.01553e-16 3.58996e-05 0.000348956 0.00231894 0.0105416 0.0327991 0.0698839 0.102008 0.10206 0.0701355 0.0336437 0.0129799 0.00843506 0.0136863 0.0253243 0.0416998 0.0598094 0.0746697 0.0812262 0.0771483 0.0642465 0.0473124 0.0313482 0.0193139 0.011672 0.00735224
 1.01572e-16 7.54924e-05 0.000733813 0.00487644 0.0221676 0.0689717 0.146952 0.214481 0.214484 0.146969 0.0690308 0.022339 0.00530966 0.00168916 0.00191801 0.00312451 0.00466324 0.00621561 0.00749862 0.00836029 0.00882684 0.00901016 0.00896423 0.00863009 0.0079117 0.00679695
 1.02142e-16 5.35294e-05 0.000520325 0.00345774 0.0157184 0.048906 0.104201 0.15209 0.152121 0.104352 0.0494128 0.0171815 0.00712804 0.00852492 0.0152333 0.0250409 0.0359328 0.0449087 0.0489563 0.0467035 0.039259 0.0295023 0.0204075 0.0136859 0.00952224 0.00718093
 1.04598e-16 5.40275e-05 0.000525167 0.00348992 0.0158647 0.049361 0.10517 0.153503 0.153524 0.105276 0.0497186 0.016899 0.00609202 0.00622444 0.010933 0.0181319 0.0264455 0.0339413 0.0386557 0.0396346 0.037418 0.0335215 0.0293762 0.0256102 0.0221042 0.0185262
 1.04198e-16 6.43426e-05 0.000625433 0.00415622 0.0188936 0.058785 0.125248 0.182806 0.18282 0.125316 0.059014 0.0195554 0.00582007 0.00426611 0.00700383 0.0115436 0.0167808 0.0214391 0.024262 0.0246768 0.0231116 0.0206462 0.0182873 0.0164524 0.0149721 0.0134526
 1.0292e-16 6.46316e-05 0.000628242 0.00417489 0.0189785 0.0590491 0.125811 0.183628 0.183644 0.12589 0.0593159 0.0197491 0.00611009 0.00485508 0.00809902 0.0133053 0.0192044 0.0242446 0.0268914 0.026443 0.0234408 0.019284 0.0153679 0.0124205 0.0104247 0.00897499
 1.06798e-16 3.04034e-05 0.000295532 0.00196392 0.0089277 0.0277777 0.059185 0.0863923 0.0864402 0.059419 0.0285634 0.011198 0.00766537 0.0127509 0.023712 0.0392221 0.0566601 0.0715903 0.0794933 0.0782662 0.0694342 0.0570303 0.0450947 0.0357683 0.0290892 0.0240299
 1.06547e-16 6.43202e-05 0.000625215 0.00415477 0.018887 0.0587645 0.125204 0.182741 0.182749 0.125243 0.0588962 0.0192694 0.00512243 0.00276314 0.00419968 0.00703765 0.010592 0.0142854 0.0175536 0.020112 0.02204 0.0235492 0.0246475 0.0250278 0.0242755 0.0221951
 1.05945e-16 5.56515e-05 0.000540953 0.00359482 0.0163416 0.0508448 0.108331 0.158117 0.158142 0.10845 0.0512457 0.0174996 0.00650162 0.00688668 0.0121085 0.0199347 0.0287291 0.0361804 0.0399899 0.0391438 0.034539 0.0283857 0.0228671 0.0190867 0.0169187 0.0155642
 1.08978e-16 4.03418e-05 0.000392137 0.00260589 0.011846 0.0368575 0.0785301 0.114624 0.114657 0.0786934 0.0374063 0.0134327 0.00659497 0.00912095 0.0166785 0.0276674 0.0402226 0.051358 0.0580344 0.0588275 0.0547074 0.0482306 0.0418425 0.036661 0.032466 0.0285024
 1.06549e-16 6.3798e-05 0.000620139 0.00412104 0.0187337 0.0582875 0.124188 0.181258 0.181269 0.124241 0.0584647 0.019247 0.00541475 0.0034618 0.00551236 0.00914844 0.0134945 0.0176521 0.0207451 0.0223737 0.0228059 0.0226813 0.0224802 0.0222093 0.0215104 0.0200162
 1.04635e-16 6.04161e-05 0.000587266 0.00390259 0.0177406 0.0551978 0.117605 0.171653 0.171673 0.117703 0.0555247 0.0186852 0.00627394 0.00576549 0.00989972 0.0162847 0.0234893 0.0296239 0.0328147 0.0322238 0.0285557 0.0235747 0.0190277 0.0158046 0.0138282 0.0125014
 1.0855e-16 3.27905e-05 0.000318735 0.00211811 0.00962865 0.0299585 0.0638314 0.0931727 0.0932154 0.0640401 0.0306596 0.0116548 0.00720895 0.011448 0.0212159 0.0351445 0.0509097 0.0646199 0.0723089 0.0721274 0.0653877 0.0555491 0.0460113 0.0384749 0.0328311 0.0281316
 1.16312e-16 3.94582e-05 0.000383548 0.00254881 0.0115865 0.0360501 0.0768093 0.11211 0.11213 0.076909 0.0363859 0.0125607 0.00501043 0.00581157 0.0105082 0.0177298 0.0265238 0.035435 0.0429697 0.0484121 0.0520936 0.0548005 0.0568559 0.0577161 0.0563896 0.0522306
 1.06114e-16 7.06898e-05 0.00068713 0.00456622 0.0207574 0.064584 0.137603 0.200837 0.200844 0.137636 0.0646926 0.0210719 0.00535795 0.0024233 0.00339164 0.00555916 0.00815721 0.0106007 0.0123597 0.0132331 0.01347 0.0135705 0.0139144 0.014512 0.0150372 0.0150634
pSPR Fmed_Fpbrs
0.643611   0.211346 0.211346
Fs Fmed_Fpbrs
0.23728   1.005 1.005
SSBpbr Bo_Bmed_Bpbrs
1.91782e+06  1.13844e+06  309432 309432
Ro
177931
SPR SPRFo_SPRFmed_SPRFpbrs
1.27001e+06 817389 268410
Fref
1.005
Nvult_r0
 218601 18253.4 7873.45 8704.46 3148.06
CTP_r0
 29581.2 2990.43 1289.9 1426.04 515.744
YTP_r0
391298
Np
 250443 41284.4 13510.8 1065.63 521.547
Nvult_p0
 209159 35725 11691.4 922.136 451.315
CTP_p0
 93136.6 43518.5 3432.47 1480.56 2131.84
 93136.6 17907 5860.29 462.218 226.22
YTP_p0
 1.57453e+06 1.13497e+06
CBA_c0
1.44266e+06
log_Ro
11.9092
likeval ReclasPelacesDesembMPH_pf_preclas_ppelaces_ptallas_desvR_qrecl_qpela
 13.7166 17.4235 0.0604347 0.00278338 240.415 118.745 98.3667 0 24.2661 0.308252 0 0 0 0 0
q_reclas_q_pelaces
 0.875162  1
M
1
N
 199086 45086.9 146854 8739.22 0.288221
 111964 65900.6 14532.6 47334.6 2816.96
 111905 33986.7 19058.5 4202.84 14503.9
 181445 34127.7 9886.59 5544.04 5441.69
 145391 50014.6 8747.32 2534.04 2815.76
 253585 48470.1 16265.2 2844.7 1739.8
 104193 77005.9 14024.4 4706.19 1326.49
 47050.5 25050 16632.3 3029.09 1302.98
 45304.5 16158.5 8455.09 5613.87 1462.2
 60718.3 12752.8 4251.88 2224.83 1861.96
 113485 15751.7 3029.69 1010.12 970.896
 149981 38449.4 5227.25 1005.41 657.402
 124988 38524.2 9021.59 1226.49 390.153
 87435 32883.7 9314.62 2181.29 390.881
 87180.1 18397.3 6010.62 1702.56 470.15
 478760 21890.8 4195.77 1370.8 495.516
 101212 129507 5480.2 1050.38 467.218
 735822 30593.8 37256.6 1576.54 436.581
 423415 221961 8778.48 10690.3 577.637
 325164 117414 57319.8 2266.97 2909.85
 482530 92705.1 31392.8 15325.4 1384.11
 646021 146082 26721.1 9048.58 4816.32
 134050 185739 39471.5 7220.04 3746.29
 399435 42654.9 56981 12109.1 3364.25
 335533 129369 13378.7 17872.1 4853.2
 150619 108543 40515.9 4189.96 7117.12
 340175 49928.7 35048.9 13082.8 3651.11
 381837 110082 15643.5 10981.4 5243
 111016 125930 35319.2 5019.11 5205.49
 82390 36878.7 40771.1 11435 3310.33
 318932 26166.9 11286.9 12478.1 4512.85
pred_Ctot
 12720.3 3567.52 11619.9 691.499 0.0228058
 12571.5 9085.46 2003.57 6525.88 388.366
 12282.8 4582.52 2569.73 566.685 1955.61
 29439 6736.99 1951.68 1094.43 1074.23
 8688.92 3704.24 647.859 187.681 208.546
 28419.7 6670.14 2238.32 391.472 239.422
 23618.3 20979 3820.76 1282.13 361.383
 1987.94 1315.62 873.529 159.088 68.4324
 6872.95 2988.36 1563.7 1038.24 270.421
 11640.5 2958.25 986.306 516.093 431.918
 5707.43 983.367 189.142 63.061 60.6126
 29456.3 9128.91 1241.09 238.712 156.086
 23124.8 8635.15 2022.19 274.918 87.4527
 24745.6 11060.2 3132.94 733.667 131.471
 18043.6 4593.75 1500.84 425.126 117.395
 82130.2 4561.15 874.233 285.621 103.246
 11593.7 18207.7 770.477 147.676 65.6875
 85103.2 4342.03 5287.68 223.752 61.9621
 67430.7 43031.9 1701.91 2072.55 111.988
 47219.2 20810.6 10159.5 401.804 515.748
 54871.4 12940.8 4382.19 2139.31 193.212
 91020 25141 4598.78 1557.28 828.901
 11579.2 19790.9 4205.81 769.318 399.179
 30515 4026.71 5379.16 1143.13 317.594
 25861.1 12319.8 1274.06 1701.97 462.173
 9498.15 8477.83 3164.56 327.264 555.894
 26152.2 4742.79 3329.36 1242.76 346.826
 25208.8 8996.89 1278.53 897.503 428.507
 6864.53 9646.52 2705.56 384.479 398.756
 7204.19 3977.01 4396.8 1233.16 356.99
 29581.2 2990.43 1289.9 1426.04 515.744
F
 0.105592 0.132195 0.132196 0.132196 0.132196
 0.192208 0.240633 0.240634 0.240634 0.240634
 0.18754 0.234789 0.234791 0.234791 0.234791
 0.288641 0.361361 0.361364 0.361364 0.361364
 0.0984783 0.123289 0.12329 0.12329 0.12329
 0.191818 0.240145 0.240147 0.240147 0.240147
 0.425369 0.532536 0.53254 0.53254 0.53254
 0.068777 0.0861047 0.0861054 0.0861054 0.0861054
 0.267652 0.335084 0.335087 0.335087 0.335087
 0.349293 0.437294 0.437297 0.437297 0.437297
 0.0823251 0.103066 0.103067 0.103067 0.103067
 0.359221 0.449723 0.449727 0.449727 0.449727
 0.335242 0.419702 0.419705 0.419705 0.419705
 0.558691 0.699448 0.699453 0.699453 0.699453
 0.381909 0.478127 0.478131 0.478131 0.478131
 0.307463 0.384925 0.384928 0.384928 0.384928
 0.196421 0.245907 0.245909 0.245909 0.245909
 0.198488 0.248495 0.248497 0.248497 0.248497
 0.282645 0.353855 0.353857 0.353857 0.353857
 0.254908 0.319129 0.319132 0.319132 0.319132
 0.194872 0.243968 0.24397 0.24397 0.24397
 0.246491 0.308592 0.308595 0.308595 0.308595
 0.145073 0.181623 0.181625 0.181625 0.181625
 0.127384 0.159477 0.159478 0.159478 0.159478
 0.128579 0.160973 0.160974 0.160974 0.160974
 0.104156 0.130397 0.130398 0.130398 0.130398
 0.128234 0.160541 0.160543 0.160543 0.160543
 0.109271 0.136801 0.136802 0.136802 0.136802
 0.10204 0.127748 0.127749 0.127749 0.127749
 0.146968 0.183995 0.183996 0.183996 0.183996
 0.156498 0.195926 0.195928 0.195928 0.195928
YTP_r0W_actual
 245524 42165 35601.2 48770.7 19237.2
YTP_p0W_proyectada
 697593 681935 79393.1 43484.1 72120.3
 697593 280602 135548 13575.3 7653.03
CTP_r0_actual
 29581.2 2990.43 1289.9 1426.04 515.744
CTP_p0_proyectada
 93136.6 43518.5 3432.47 1480.56 2131.84
 93136.6 17907 5860.29 462.218 226.22
Wmedp
 7.49 15.67 23.13 29.37 33.83
Frms_r0
 0.156498 0.195926 0.195928 0.195928 0.195928
Zrms_r0
 1.1565 1.19593 1.19593 1.19593 1.19593
cv_recla  cv_pelaces  cv_mph
0.335003 0.473304 0.850267
 ------------------------------------------------
Talla a la edad & desviacion 
 8 13.2811 15.8009 17.003 17.5766
 0.8 1.32811 1.58009 1.7003 1.75766
