years
 1991 1992 1993 1994 1995 1996 1997 1998 1999 2000 2001 2002 2003 2004 2005 2006 2007 2008 2009 2010 2011 2012 2013 2014 2015 2016 2017 2018 2019 2020 2021
reclasobs
 0 0 0 0 0 0 0 0 0 252601 567819 844713 477998 351125 339783 2.1784e+06 2.13404e+06 4.81314e+06 1.55562e+06 2.62356e+06 3.21686e+06 3.843e+06 1.13348e+06 3.07943e+06 1.97215e+06 2.03268e+06 2.025e+06 2.42433e+06 2.27542e+06 1.05018e+06 2.36338e+06
reclaspred
 3.41982e+06 1.88001e+06 952393 938714 925905 1.48077e+06 899241 793510 575063 412799 497282 650363 642864 491055 493519 1.40385e+06 1.34991e+06 3.08974e+06 2.54781e+06 1.88788e+06 3.34701e+06 2.71656e+06 2.14006e+06 3.29277e+06 2.45588e+06 2.17362e+06 2.60949e+06 2.7868e+06 2.26936e+06 1.42262e+06 2.04481e+06
pelacesobs
 0 0 0 0 0 0 0 0 0 0 0 0 0 0 0 552880 188675 0 991730 2.46772e+06 1.41603e+06 1.21717e+06 2.29649e+06 1.80582e+06 0 1.4828e+06 1.56532e+06 1.57751e+06 1.42118e+06 867257 1.10002e+06
pelacespred
 1.58411e+06 955197 479577 387221 401009 661578 365098 408355 280936 189674 239363 259886 283301 225472 234056 559531 540420 1.43122e+06 1.21469e+06 833273 1.44002e+06 1.25979e+06 994004 1.67708e+06 1.20406e+06 1.06375e+06 1.45494e+06 1.53167e+06 1.02787e+06 731300 1.04966e+06
mphobs
 0 0 0 0 0 0 0 0 0 0 0 498337 0 5186 125008 0 168611 109162 213762 579715 649985 157893 87575 83554 0 0 0 0 0 0 0
mphpred
 3.00082e+06 1.96574e+06 968259 528202 564958 638727 839446 498491 447634 301732 196620 336130 360638 304002 198622 253742 926261 874842 1.75642e+06 1.32281e+06 1.40803e+06 1.74873e+06 1.65781e+06 1.35778e+06 1.88899e+06 1.54719e+06 1.27512e+06 1.37734e+06 1.93322e+06 1.30544e+06 787267
desembarqueobs
 494567 514787 250237 358949 120608 361735 552515 73892 212993 205616 52469 317467 293654 387597 252695 516296 358380 742168 942051 627588 828172 859565 418607 520667 417249 300574 415391 372974 316634 284311 391294
desembarquepred
 494469 513508 250821 358982 120624 361791 552534 73898.1 213086 205709 52470.1 317577 293681 387644 252672 516246 358355 742029 941767 627398 828282 859498 418589 520669 417250 300569 415408 372982 316671 284310 391266
Reclutas
 197911 105537 106194 172227 137091 239267 97794.3 44407.1 41916.4 55986.9 103538 141111 118849 82126.6 80377.8 463050 95475 703538 409820 313145 463388 617498 127410 377039 315494 143791 324883 363330 104450 77915.9 302166
log_desv_Rt
 0.160901 -0.467855 -0.461651 0.0218974 -0.20627 0.350664 -0.544049 -1.33352 -1.39124 -1.1018 -0.486979 -0.177372 -0.349061 -0.718654 -0.740178 1.01092 -0.568051 1.42921 0.888802 0.619749 1.01165 1.29876 -0.279502 0.805434 0.627225 -0.158553 0.656551 0.768397 -0.478203 -0.771286 0.584062
SSB
 3.00082e+06 1.96574e+06 968259 528202 564958 638727 839446 498491 447634 301732 196620 336130 360638 304002 198622 253742 926261 874842 1.75642e+06 1.32281e+06 1.40803e+06 1.74873e+06 1.65781e+06 1.35778e+06 1.88899e+06 1.54719e+06 1.27512e+06 1.37734e+06 1.93322e+06 1.30544e+06 787267
BT
 4.07797e+06 2.7125e+06 1.35403e+06 1.19445e+06 1.02021e+06 1.83449e+06 1.33685e+06 1.00705e+06 859837 635674 597520 865254 920010 922924 793292 1.70766e+06 1.52565e+06 3.95626e+06 3.70645e+06 2.48543e+06 3.9938e+06 3.70778e+06 2.65701e+06 4.35283e+06 3.16291e+06 2.71983e+06 3.78013e+06 3.90751e+06 2.63211e+06 1.96315e+06 2.79911e+06
Ftot
 0.142979 0.264238 0.257854 0.397391 0.135168 0.262552 0.589779 0.0963028 0.377835 0.502556 0.118089 0.507411 0.473204 0.800972 0.555787 0.420858 0.265805 0.268791 0.379233 0.343123 0.262465 0.3318 0.195331 0.173202 0.174529 0.141038 0.173267 0.147276 0.136525 0.198421 0.213046
BD_Bspro_t
 0.977383 0.836987 0.668308 0.574802 0.562263 0.638859 0.628307 0.453814 0.513181 0.464821 0.429018 0.646988 0.528622 0.438005 0.326313 0.384566 0.584861 0.557515 0.658213 0.561728 0.531782 0.582075 0.597706 0.588963 0.693816 0.70124 0.708834 0.745986 0.790235 0.723918 0.653955
BD_Bspro
 2.49514 1.63449 0.805095 0.439193 0.469755 0.531093 0.697989 0.414489 0.372202 0.250886 0.163487 0.279488 0.299865 0.252773 0.165151 0.210983 0.770174 0.727419 1.46044 1.0999 1.17076 1.45404 1.37845 1.12898 1.57067 1.28647 1.06025 1.14524 1.60745 1.08546 0.654602
BD_Bo
 1.63336 1.06996 0.527026 0.287502 0.307508 0.347661 0.456913 0.27133 0.243648 0.164233 0.107021 0.182957 0.196296 0.165469 0.10811 0.138112 0.504167 0.476179 0.956025 0.720011 0.766394 0.951838 0.90235 0.739043 1.02818 0.84214 0.694052 0.749691 1.05226 0.710556 0.428511
BD_Brms
 9.84766 6.4509 3.17749 1.73338 1.854 2.09608 2.75477 1.63588 1.46898 0.990179 0.645241 1.10306 1.18349 0.997628 0.651808 0.832694 3.03967 2.87093 5.76397 4.34102 4.62066 5.73872 5.44035 4.45576 6.19901 5.07734 4.18451 4.51996 6.34416 4.28401 2.58354
Sel_flota
 0.777717 0.999985 1 1 1
 0.777717 0.999985 1 1 1
 0.777717 0.999985 1 1 1
 0.777717 0.999985 1 1 1
 0.777717 0.999985 1 1 1
 0.777717 0.999985 1 1 1
 0.777717 0.999985 1 1 1
 0.777717 0.999985 1 1 1
 0.777717 0.999985 1 1 1
 0.777717 0.999985 1 1 1
 0.777717 0.999985 1 1 1
 0.777717 0.999985 1 1 1
 0.777717 0.999985 1 1 1
 0.777717 0.999985 1 1 1
 0.777717 0.999985 1 1 1
 0.777717 0.999985 1 1 1
 0.777717 0.999985 1 1 1
 0.777717 0.999985 1 1 1
 0.777717 0.999985 1 1 1
 0.777717 0.999985 1 1 1
 0.777717 0.999985 1 1 1
 0.777717 0.999985 1 1 1
 0.777717 0.999985 1 1 1
 0.777717 0.999985 1 1 1
 0.777717 0.999985 1 1 1
 0.777717 0.999985 1 1 1
 0.777717 0.999985 1 1 1
 0.777717 0.999985 1 1 1
 0.777717 0.999985 1 1 1
 0.777717 0.999985 1 1 1
 0.777717 0.999985 1 1 1
Sel_reclas
 1 1 1 1 1
 1 1 1 1 1
 1 1 1 1 1
 1 1 1 1 1
 1 1 1 1 1
 1 1 1 1 1
 1 1 1 1 1
 1 1 1 1 1
 1 1 1 1 1
 1 1 1 1 1
 1 1 1 1 1
 1 1 1 1 1
 1 1 1 1 1
 1 1 1 1 1
 1 1 1 1 1
 1 1 1 1 1
 1 1 1 1 1
 1 1 1 1 1
 1 1 1 1 1
 1 1 1 1 1
 1 1 1 1 1
 1 1 1 1 1
 1 1 1 1 1
 1 1 1 1 1
 1 1 1 1 1
 1 1 1 1 1
 1 1 1 1 1
 1 1 1 1 1
 1 1 1 1 1
 1 1 1 1 1
 1 1 1 1 1
Sel_pelaces
 0.999898 1 1 1 1
 0.999898 1 1 1 1
 0.999898 1 1 1 1
 0.999898 1 1 1 1
 0.999898 1 1 1 1
 0.999898 1 1 1 1
 0.999898 1 1 1 1
 0.999898 1 1 1 1
 0.999898 1 1 1 1
 0.999898 1 1 1 1
 0.999898 1 1 1 1
 0.999898 1 1 1 1
 0.999898 1 1 1 1
 0.999898 1 1 1 1
 0.999898 1 1 1 1
 0.999898 1 1 1 1
 0.999898 1 1 1 1
 0.999898 1 1 1 1
 0.999898 1 1 1 1
 0.999898 1 1 1 1
 0.999898 1 1 1 1
 0.999898 1 1 1 1
 0.999898 1 1 1 1
 0.999898 1 1 1 1
 0.999898 1 1 1 1
 0.999898 1 1 1 1
 0.999898 1 1 1 1
 0.999898 1 1 1 1
 0.999898 1 1 1 1
 0.999898 1 1 1 1
 0.999898 1 1 1 1
pf_obs 
 0.8446 0.082 0.0669 0.0065 0
 0.8095 0.147 0.0364 0.0071 0
 0.9664 0.0169 0.016 0.0007 0
 0.9276 0.0648 0.0075 0.0001 0
 0.7033 0.2144 0.0806 0.0017 0
 0.9318 0.0425 0.0243 0.0014 0
 0.5671 0.3108 0.0964 0.0239 0.0018
 0.0768 0.2599 0.5324 0.112 0.0189
 0.490249 0.384438 0.106611 0.0170017 0.00170017
 0.7925 0.1577 0.0466 0.003 0.0002
 0.840416 0.127587 0.0312969 0.00059994 9.999e-05
 0.8084 0.0986 0.0794 0.0134 0.0002
 0.7335 0.1905 0.0724 0.0035 0.0001
 0.4001 0.4547 0.1325 0.0127 0
 0.49795 0.308269 0.164784 0.0264974 0.00249975
 0.9179 0.0499 0.0305 0.0017 0
 0.2467 0.6533 0.0926 0.0074 0
 0.9418 0.0223 0.034 0.0019 0
 0.707729 0.231977 0.0356964 0.0245975 0
 0.517169 0.277429 0.184464 0.0207286 0.00020938
 0.811772 0.124168 0.05621 0.00726502 0.000585176
 0.764997 0.148141 0.077277 0.00933861 0.000247198
 0.163321 0.427699 0.378323 0.0303852 0.000271297
 0.753843 0.0900009 0.118128 0.0371064 0.000921714
 0.721811 0.176058 0.0630433 0.0369309 0.00215725
 0.143369 0.312575 0.442814 0.0836902 0.0175525
 0.692698 0.0596174 0.167031 0.0765114 0.00414204
 0.394062 0.376323 0.152708 0.0712218 0.00568511
 0.125707 0.32114 0.495352 0.0537591 0.00404204
 0.23352 0.215282 0.420074 0.123614 0.00750983
 0.796117 0.104755 0.0508955 0.0450114 0.00322123
pf_pred 
 0.458748 0.139708 0.341464 0.0573966 0.00268367
 0.404299 0.313444 0.0728568 0.178069 0.031331
 0.55931 0.209233 0.121789 0.028308 0.0813607
 0.731484 0.168658 0.0474116 0.0275965 0.0248502
 0.646194 0.278471 0.0473191 0.0133017 0.0147143
 0.74735 0.178132 0.0586511 0.00996613 0.00590059
 0.470377 0.42239 0.0756054 0.0248931 0.00673425
 0.458824 0.299474 0.192766 0.0345032 0.0144334
 0.53837 0.242219 0.121418 0.0781529 0.0198404
 0.707633 0.178963 0.0595038 0.029827 0.0240727
 0.81798 0.140021 0.0257084 0.00854765 0.00774263
 0.738064 0.2238 0.0293371 0.00538629 0.00341306
 0.686325 0.24945 0.0548742 0.0071931 0.0021575
 0.62814 0.278923 0.073909 0.0162582 0.00277042
 0.741269 0.183351 0.0565407 0.0149818 0.00385723
 0.939577 0.048283 0.00860337 0.002653 0.000883964
 0.371546 0.600107 0.0226517 0.00403615 0.00165931
 0.896305 0.0456875 0.0553912 0.00209077 0.000525694
 0.590744 0.376568 0.0144023 0.017461 0.000824787
 0.596577 0.266837 0.125677 0.00480661 0.00610266
 0.735707 0.175939 0.0584402 0.0275242 0.00238921
 0.736944 0.207167 0.0372052 0.0123579 0.00632558
 0.312275 0.543441 0.11363 0.0204066 0.0102476
 0.734848 0.0993418 0.131024 0.0273959 0.00739063
 0.617388 0.300257 0.0308553 0.040695 0.0108044
 0.431786 0.386277 0.142777 0.0146719 0.0244884
 0.729793 0.13479 0.0920585 0.0340264 0.00933263
 0.68148 0.248564 0.0348974 0.0238338 0.0112256
 0.337161 0.488628 0.135949 0.0190865 0.019175
 0.416426 0.233263 0.258242 0.0718485 0.020221
 0.825473 0.0846547 0.0359237 0.0397699 0.0141789
pobs_RECLAS
 0 0 0 0 0
 0 0 0 0 0
 0 0 0 0 0
 0 0 0 0 0
 0 0 0 0 0
 0 0 0 0 0
 0 0 0 0 0
 0 0 0 0 0
 0 0 0 0 0
 0 0 0 0 0
 0.991045 0.00858322 0.000360255 1.14367e-05 0
 0.934742 0.0480273 0.0164251 0.00080598 0
 0.827803 0.169806 0.00239088 0 0
 0.941827 0.0461693 0.0120037 0 0
 0.791401 0.0380133 0.147996 0.0225897 0
 0.846168 0.0940531 0.0597789 0 0
 0.134021 0.677848 0.182769 0.00536245 0
 0.80878 0.0450904 0.141981 0.00414843 0
 0.846168 0.0940531 0.0597789 0 0
 0.905697 0.0802665 0.012482 0.00150086 5.37128e-05
 0.989698 0.0102097 9.19794e-05 0 0
 0.975433 0.0193895 0.00387452 0.00125025 5.28907e-05
 0.303575 0.632131 0.0575291 0.00676475 0
 0.966965 0.00978017 0.0227588 0.000495775 0
 0.843318 0.132988 0.00938335 0.0141283 0.000182051
 0.564624 0.303363 0.111486 0.0197234 0.00080311
 0.826376 0.0876187 0.0782897 0.00655872 0.00115652
 0.89761 0.0855135 0.0140674 0.00269457 0.000114338
 0.34875 0.467042 0.161289 0.0227151 0.000203297
 0.318654 0.224769 0.449479 0.00709798 0
 0.937255 0.0296025 0.0250945 0.00804832 0
ppred_RECLAS
 0.522218 0.123326 0.301421 0.0506658 0.00236896
 0.46747 0.280207 0.0651301 0.159184 0.0280083
 0.621396 0.179757 0.10463 0.0243197 0.0698979
 0.779579 0.138449 0.038919 0.0226533 0.0203989
 0.701925 0.234608 0.0398651 0.0112063 0.0123964
 0.792779 0.146103 0.0481044 0.00817401 0.00483954
 0.537129 0.369155 0.0660755 0.0217554 0.00588542
 0.522037 0.264495 0.170248 0.0304727 0.0127474
 0.602106 0.208778 0.104653 0.067362 0.0171009
 0.759204 0.147397 0.0490074 0.0245656 0.0198263
 0.852767 0.113261 0.0207948 0.00691396 0.00626281
 0.785917 0.182914 0.0239771 0.0044022 0.00278948
 0.740088 0.206696 0.0454683 0.00596015 0.00178769
 0.689945 0.232565 0.0616242 0.0135559 0.00230993
 0.788981 0.149541 0.0461137 0.0122189 0.00314589
 0.952836 0.0376875 0.00671529 0.00207077 0.00068997
 0.43333 0.54111 0.0204245 0.00363929 0.00149616
 0.917906 0.0361706 0.0438523 0.00165522 0.000416183
 0.651932 0.320267 0.0122488 0.0148502 0.000701462
 0.657162 0.226765 0.106802 0.00408472 0.00518613
 0.782621 0.144709 0.0480661 0.0226383 0.00196509
 0.784024 0.17009 0.0305461 0.0101461 0.00519341
 0.36959 0.498151 0.104159 0.0187056 0.00939348
 0.781489 0.0818678 0.107976 0.0225767 0.00609054
 0.675575 0.254595 0.0261625 0.0345058 0.00916119
 0.494923 0.343357 0.126911 0.0130415 0.0217671
 0.777054 0.111215 0.0759562 0.0280747 0.00770022
 0.733994 0.207584 0.0291435 0.0199041 0.00937469
 0.396083 0.445194 0.123863 0.0173896 0.0174703
 0.479549 0.208034 0.230307 0.0640765 0.0180336
 0.859343 0.0682262 0.0289517 0.0320515 0.0114271
pobs_PELACES
 0 0 0 0 0
 0 0 0 0 0
 0 0 0 0 0
 0 0 0 0 0
 0 0 0 0 0
 0 0 0 0 0
 0 0 0 0 0
 0 0 0 0 0
 0 0 0 0 0
 0 0 0 0 0
 0 0 0 0 0
 0 0 0 0 0
 0 0 0 0 0
 0 0 0 0 0
 0 0 0 0 0
 0 0 0 0 0
 0.505614 0.472636 0.0217494 0 0
 0 0 0 0 0
 0.443492 0.261883 0.143347 0.151278 0
 0.227955 0.32914 0.350689 0.0885471 0.00366901
 0.970185 0.0296113 0.000203453 0 0
 0.997202 0.00247181 0.000326279 0 0
 0.445219 0.490057 0.0546422 0.010081 0
 0.90214 0.0892962 0.00764917 0.000914606 0
 0 0 0 0 0
 0.581667 0.319106 0.0959925 0.00289975 0.000334073
 0.762889 0.0836404 0.116647 0.0363945 0.000428098
 0.88444 0.0763242 0.0277011 0.0115352 0
 0.521256 0.241999 0.230069 0.00667565 0
 0.616807 0.101726 0.260614 0.0208532 0
 0.833518 0.0704572 0.0857862 0.0102388 0
ppred_PELACES
 0.524808 0.122658 0.299787 0.0503911 0.00235612
 0.472273 0.27768 0.0645427 0.157748 0.0277557
 0.625811 0.17766 0.10341 0.024036 0.0690826
 0.78453 0.13534 0.0380448 0.0221445 0.0199407
 0.703974 0.232995 0.039591 0.0111292 0.0123112
 0.795909 0.143896 0.0473779 0.00805056 0.00476645
 0.54784 0.360612 0.0645463 0.0212519 0.00574921
 0.523774 0.263534 0.169629 0.030362 0.0127011
 0.608703 0.205317 0.102918 0.0662452 0.0168174
 0.76586 0.143323 0.0476527 0.0238865 0.0192782
 0.853839 0.112437 0.0206435 0.00686364 0.00621722
 0.792096 0.177635 0.023285 0.00427514 0.00270897
 0.74669 0.201446 0.0443134 0.00580876 0.00174228
 0.702349 0.223261 0.0591585 0.0130135 0.00221751
 0.795671 0.144799 0.0446515 0.0118315 0.00304614
 0.9542 0.0365979 0.00652112 0.0020109 0.000670021
 0.438099 0.536557 0.0202526 0.00360866 0.00148357
 0.919372 0.0355247 0.0430692 0.00162566 0.000408751
 0.658195 0.314505 0.0120285 0.014583 0.000688841
 0.662787 0.223045 0.10505 0.0040177 0.00510103
 0.785861 0.142552 0.0473496 0.0223008 0.00193579
 0.7881 0.166881 0.0299697 0.00995459 0.0050954
 0.372911 0.495528 0.10361 0.0186071 0.00934399
 0.783634 0.0810643 0.106916 0.0223551 0.00603076
 0.678353 0.252416 0.0259385 0.0342104 0.00908276
 0.497484 0.341617 0.126267 0.0129754 0.0216567
 0.779231 0.110129 0.0752147 0.0278006 0.00762505
 0.736078 0.205957 0.0289151 0.0197481 0.00930124
 0.398456 0.443445 0.123376 0.0173212 0.0174016
 0.483157 0.206592 0.22871 0.0636323 0.0179086
 0.86121 0.0673211 0.0285676 0.0316262 0.0112755
pobs_pel_tallas
 0 0 0 0 0 0 0 0 0 0 0 0 0 0 0 0 0 0 0 0 0 0 0 0 0 0
 0 0 0 0 0 0 0 0 0 0 0 0 0 0 0 0 0 0 0 0 0 0 0 0 0 0
 0 0 0 0 0 0 0 0 0 0 0 0 0 0 0 0 0 0 0 0 0 0 0 0 0 0
 0 0 0 0 0 0 0 0 0 0 0 0 0 0 0 0 0 0 0 0 0 0 0 0 0 0
 0 0 0 0 0 0 0 0 0 0 0 0 0 0 0 0 0 0 0 0 0 0 0 0 0 0
 0 0 0 0 0 0 0 0 0 0 0 0 0 0 0 0 0 0 0 0 0 0 0 0 0 0
 0 0 0 0 0 0 0 0 0 0 0 0 0 0 0 0 0 0 0 0 0 0 0 0 0 0
 0 0 0 0 0 0 0 0 0 0 0 0 0 0 0 0 0 0 0 0 0 0 0 0 0 0
 0 0 0 0 0 0 0 0 0 0 0 0 0 0 0 0 0 0 0 0 0 0 0 0 0 0
 0 0 0 0 0 0 0 0 0 0 0 0 0 0 0 0 0 0 0 0 0 0 0 0 0 0
 0 0 0 0 0 0 0 0 0 0 0 0 0 0 0 0 0 0 0 0 0 0 0 0 0 0
 0 0 0 0 0 0 0 0 0 0 0 0 0 0 0 0 0 0 0 0 0 0 0 0 0 0
 0.00862536 0 0 0.000197151 0.00414017 0.0128641 0.00837892 0.0270097 0.101434 0.158115 0.152841 0.127902 0.109271 0.109419 0.0830992 0.0579132 0.0238553 0.00714673 0.00463305 0.00128148 0.00103504 0.000492878 0.000147863 0.000147863 4.92878e-05 0
 0 0 0 0 0 0 0 0 0 0 0 0 0 0 0 0 0 0 0 0 0 0 0 0 0 0
 0 0 0 0 0 0 0 0.0054083 0.00873648 0.0413646 0.0450493 0.0745869 0.0622846 0.0627006 0.0613931 0.0827291 0.12552 0.122667 0.0946155 0.0697135 0.0546179 0.0294188 0.0215738 0.0213955 0.0102223 0.00600262
 0 0 0 0 0.00359764 0.0251062 0.0480494 0.140153 0.205849 0.193036 0.1447 0.116669 0.0760912 0.0342217 0.00950174 0.001854 0.000860785 0 0 0 0.000165536 0 0.000143464 0 0 0
 0 0 0 0 0 0 0 0.000145254 0.000435761 0.0275982 0.070085 0.0708112 0.156366 0.174668 0.174014 0.160142 0.0824315 0.0480064 0.0283245 0.00493863 0.00203355 0 0 0 0 0
 0 0 0 0 0 0 0 0 0 0 0 0 0 0 0 0 0 0 0 0 0 0 0 0 0 0
 0 0 1.00437e-05 0.000401748 0.00122533 0.00171747 0.00176769 0.0269171 0.070346 0.194647 0.189555 0.159765 0.064822 0.0314167 0.0384472 0.0292271 0.0345202 0.0313363 0.0194345 0.0106764 0.0143323 0.0359363 0.0279516 0.0138201 0.00172751 0
 0 0.0021121 0.0136068 0.0755702 0.200478 0.177729 0.0527432 0.0373336 0.0318909 0.0142505 0.0149659 0.0166563 0.0217959 0.0798694 0.0677717 0.0528807 0.04013 0.0224614 0.0357745 0.0225083 0.00881397 0.00855152 0.00135912 0.000746735 0 0
 0 0 0 0 5.4009e-05 0.00500934 0.000945158 0.0243581 0.138947 0.33067 0.221406 0.137944 0.0707744 0.0437923 0.0131692 0.00525238 0.0047753 0.00276346 9.45158e-05 9.00151e-06 2.25038e-05 9.00151e-06 4.50075e-06 0 0 0
 0.000866109 0.00284123 0.00948549 0.0512746 0.133035 0.25785 0.225252 0.132002 0.0553304 0.0519788 0.0540692 0.017754 0.00435017 0.00159236 0.00146478 0.000404838 0.000125132 0.000115318 0.000107957 0.000100596 0 0 0 0 0 0
 0 0 0 0 0.00144013 0.00171154 0.00461396 0.0210425 0.0478622 0.0707936 0.0888783 0.103762 0.0637923 0.0337046 0.0602308 0.124433 0.169614 0.0934646 0.0462172 0.0250306 0.0313229 0.00938855 0.002487 0.000210481 0 0
 0 0.00764035 0.051015 0.0998891 0.058973 0.0496711 0.0374665 0.0718981 0.12319 0.153886 0.159021 0.0857701 0.0377988 0.023471 0.0147837 0.00900784 0.00315554 0.000888139 0.00291439 0.00214683 0.00393193 0.00274676 0.000635225 9.99891e-05 0 0
 0 0 0 0 0 0 0 0 0 0 0 0 0 0 0 0 0 0 0 0 0 0 0 0 0 0
 0 0 0 0 0 0 0 0 0 0 0 0 0 0 0 0 0 0 0 0 0 0 0 0 0 0
 0 0 0 0 0 0 0 0 0 0 0 0 0 0 0 0 0 0 0 0 0 0 0 0 0 0
 0 0 0 0 0 0 0 0 0 0 0 0 0 0 0 0 0 0 0 0 0 0 0 0 0 0
 0 0 0 0 0 0 0 0 0 0 0 0 0 0 0 0 0 0 0 0 0 0 0 0 0 0
 0 0 0 0 0 0 0 0 0 0 0 0 0 0 0 0 0 0 0 0 0 0 0 0 0 0
 0 0 0 0 0 0 0 0 0 0 0 0 0 0 0 0 0 0 0 0 0 0 0 0 0 0
ppred_pel_tallas
 1.14135e-16 4.32278e-05 0.00042019 0.00279231 0.0126934 0.0394941 0.0841467 0.122817 0.122829 0.0842069 0.0396975 0.0132868 0.00430355 0.00379175 0.00665912 0.0114959 0.0178524 0.0251578 0.0327793 0.0403133 0.0475678 0.0541658 0.059183 0.0612974 0.0594548 0.0535504
 1.22451e-16 3.89005e-05 0.000378127 0.00251279 0.0114228 0.0355407 0.0757242 0.110527 0.110554 0.0758555 0.0359819 0.0126985 0.00572053 0.00740012 0.0134352 0.0223171 0.0325655 0.0419077 0.0481321 0.0504232 0.0499178 0.0488958 0.0492056 0.0511345 0.0534384 0.0542718
 1.17131e-16 5.15473e-05 0.000501058 0.00332971 0.0151364 0.047095 0.100341 0.146455 0.146472 0.100426 0.0473789 0.0159582 0.0053998 0.00504402 0.00875091 0.0145761 0.0214493 0.0279603 0.0327264 0.0351844 0.0359174 0.0361608 0.0368814 0.038166 0.039303 0.039335
 1.06728e-16 6.46207e-05 0.000628137 0.00417419 0.0189753 0.0590392 0.12579 0.183596 0.183609 0.125854 0.059254 0.0195963 0.00573523 0.00404288 0.00657088 0.0108176 0.0157152 0.0200659 0.0227075 0.0231417 0.0218332 0.0198684 0.018244 0.0173438 0.0169153 0.0164177
 1.04402e-16 5.79854e-05 0.000563639 0.00374558 0.0170269 0.0529771 0.112874 0.164748 0.16477 0.112984 0.0533458 0.0180921 0.00642006 0.00640444 0.011158 0.0183742 0.0265106 0.0334422 0.0370462 0.0363556 0.0321326 0.0263351 0.0209201 0.0169163 0.0143028 0.012497
 1.03019e-16 6.5558e-05 0.000637247 0.00423473 0.0192505 0.0598954 0.127614 0.186259 0.186273 0.127682 0.0601239 0.0199109 0.0058946 0.00426776 0.00698114 0.0114913 0.0166732 0.0212305 0.0238815 0.0240267 0.0220777 0.0191232 0.0162177 0.0138648 0.0120006 0.0103222
 1.0506e-16 4.51249e-05 0.000438631 0.00291486 0.0132505 0.0412275 0.0878409 0.128214 0.128248 0.0880108 0.0417983 0.0148994 0.00705503 0.00948083 0.0172302 0.0284464 0.0410515 0.0517893 0.0573669 0.0562668 0.0496338 0.0404578 0.0317366 0.0250617 0.020448 0.0170872
 1.10157e-16 4.31426e-05 0.000419362 0.00278681 0.0126684 0.0394164 0.0839817 0.122579 0.122605 0.0841069 0.0398376 0.0138878 0.00585789 0.00715803 0.0129423 0.0215929 0.0317207 0.0411877 0.0478086 0.0505338 0.0499579 0.0476662 0.0450032 0.0423081 0.0391026 0.0348285
 1.12512e-16 5.01381e-05 0.00048736 0.00323868 0.0147226 0.0458075 0.0975985 0.142452 0.142472 0.0976959 0.0461351 0.0156706 0.00562526 0.00572083 0.0100596 0.0167382 0.0245543 0.0318395 0.0369383 0.0391366 0.0390535 0.0380868 0.0373678 0.0370755 0.0365486 0.0349249
 1.0707e-16 6.30829e-05 0.000613188 0.00407485 0.0185237 0.0576342 0.122796 0.179228 0.179241 0.122864 0.0578619 0.0191822 0.00573053 0.00423667 0.00697206 0.0114996 0.0167358 0.0214286 0.0243559 0.0249874 0.0237942 0.021886 0.0202689 0.0193096 0.0187297 0.0179828
 1.02366e-16 7.03296e-05 0.000683629 0.00454295 0.0206516 0.0642549 0.136902 0.199815 0.199826 0.136955 0.0644329 0.0211659 0.00583428 0.00350428 0.00543228 0.00888284 0.0128219 0.0161952 0.0179812 0.0177171 0.0157702 0.0130781 0.0105715 0.00872848 0.007522 0.00666008
 1.01605e-16 6.52439e-05 0.000634194 0.00421445 0.0191583 0.0596086 0.127003 0.185368 0.185385 0.127087 0.0598894 0.0199694 0.00625025 0.00507784 0.00850296 0.0139497 0.0200787 0.0252281 0.0277489 0.0268794 0.0231933 0.0182052 0.0134641 0.00983806 0.00740437 0.00579657
 1.02208e-16 6.15039e-05 0.00059784 0.00397286 0.01806 0.0561916 0.119723 0.174743 0.174762 0.119818 0.0565106 0.0189819 0.00628794 0.00565546 0.00967781 0.0159304 0.0230077 0.0290671 0.0322653 0.0317388 0.0280942 0.0229571 0.0179632 0.0139911 0.0110827 0.00885884
 1.03445e-16 5.78516e-05 0.000562338 0.00373694 0.0169876 0.0528548 0.112614 0.164367 0.164389 0.112719 0.0532088 0.0180106 0.00630694 0.00617984 0.0107475 0.0177312 0.025665 0.0325421 0.0363478 0.0361402 0.0325797 0.0274183 0.0223855 0.0183596 0.0153089 0.0127799
 1.03028e-16 6.55384e-05 0.000637057 0.00423347 0.0192447 0.0598776 0.127576 0.186204 0.186218 0.127644 0.0601074 0.019909 0.00590293 0.00428803 0.00701863 0.01155 0.0167502 0.0213131 0.0239483 0.0240563 0.0220601 0.0190676 0.0161503 0.0138175 0.011996 0.0103637
 1.00513e-16 7.85962e-05 0.000763983 0.00507694 0.023079 0.0718074 0.152993 0.223299 0.223303 0.153011 0.0718653 0.0232464 0.0054971 0.0016816 0.00182253 0.0028918 0.00416567 0.00525435 0.00581901 0.00570529 0.00502943 0.00409515 0.00320726 0.002528 0.00205949 0.00171997
 1.01335e-16 3.60857e-05 0.000350766 0.00233097 0.0105963 0.0329692 0.0702463 0.102537 0.102589 0.0704985 0.0338157 0.0130402 0.00846116 0.0137182 0.0253794 0.041785 0.0599189 0.0747798 0.0812946 0.0771244 0.0640876 0.0469989 0.030891 0.018751 0.0110575 0.00674271
 1.01485e-16 7.57274e-05 0.000736098 0.00489163 0.0222366 0.0691864 0.147409 0.215149 0.215152 0.147426 0.0692438 0.0224032 0.00531251 0.00166418 0.00186547 0.00303466 0.00452766 0.00603225 0.00727248 0.00809997 0.00854006 0.00870227 0.00864084 0.00830104 0.00759222 0.00650465
 1.02007e-16 5.42147e-05 0.000526986 0.00350201 0.0159196 0.0495321 0.105534 0.154037 0.154067 0.105682 0.0500284 0.0173525 0.00709646 0.00836602 0.0149196 0.0245211 0.0351837 0.0439659 0.0479154 0.045687 0.0383661 0.0287748 0.0198299 0.0132134 0.00911253 0.00681131
 1.04355e-16 5.45929e-05 0.000530662 0.00352644 0.0160307 0.0498776 0.10627 0.155109 0.155131 0.106376 0.0502326 0.0170577 0.00610964 0.00618756 0.0108499 0.0179851 0.0262143 0.0336092 0.0382128 0.0390753 0.0367408 0.0327328 0.0284993 0.0246892 0.0211993 0.0176987
 1.03967e-16 6.47304e-05 0.000629202 0.00418127 0.0190075 0.0591393 0.126003 0.183908 0.183922 0.126071 0.0593658 0.0196621 0.00582696 0.00422982 0.00692687 0.0114123 0.0165834 0.0211729 0.0239336 0.0242958 0.0226826 0.0201664 0.0177528 0.0158675 0.0143563 0.012839
 1.02769e-16 6.49148e-05 0.000630994 0.00419318 0.0190616 0.0593078 0.126362 0.184433 0.184449 0.126441 0.059572 0.0198247 0.00610931 0.00481601 0.00801923 0.0131713 0.0190072 0.0239879 0.0265912 0.0261206 0.0231118 0.0189526 0.0150291 0.012069 0.0100624 0.008613
 1.06564e-16 3.07163e-05 0.000298573 0.00198413 0.00901958 0.0280635 0.0597941 0.0872812 0.087329 0.0600277 0.0288482 0.0112868 0.00767766 0.0127362 0.023677 0.0391598 0.0565607 0.0714449 0.0792939 0.0780044 0.0691009 0.0566186 0.0446057 0.0352156 0.0285003 0.0234408
 1.06369e-16 6.45469e-05 0.000627419 0.00416942 0.0189536 0.0589717 0.125646 0.183385 0.183393 0.125685 0.0591031 0.0193352 0.00513493 0.00276021 0.00418881 0.00701581 0.0105522 0.0142175 0.0174447 0.019947 0.0218054 0.0232369 0.0242604 0.0245822 0.023799 0.0217213
 1.05781e-16 5.58751e-05 0.000543125 0.00360926 0.0164072 0.051049 0.108766 0.158752 0.158777 0.108885 0.0514481 0.0175598 0.00650246 0.00685905 0.0120517 0.0198396 0.0285895 0.0359989 0.0397778 0.0389147 0.0343006 0.0281356 0.0225955 0.0187847 0.0165857 0.0152114
 1.08698e-16 4.09772e-05 0.000398313 0.00264693 0.0120326 0.037438 0.0797668 0.116429 0.116462 0.0799284 0.0379808 0.013602 0.00659243 0.0090314 0.0164956 0.0273595 0.0397683 0.0507639 0.0573366 0.058075 0.0539394 0.0474639 0.0410762 0.0358928 0.0317056 0.0277737
 1.06278e-16 6.41842e-05 0.000623893 0.00414599 0.0188471 0.0586403 0.12494 0.182356 0.182366 0.124992 0.0588166 0.0193576 0.00543245 0.00344905 0.00547931 0.00908768 0.0133938 0.0174976 0.0205213 0.0220638 0.0223939 0.0221577 0.0218496 0.0214958 0.0207559 0.0192726
 1.04442e-16 6.06298e-05 0.000589343 0.0039164 0.0178034 0.055393 0.118021 0.17226 0.17228 0.118118 0.0557188 0.0187445 0.00627919 0.0057487 0.00986355 0.016223 0.0233966 0.0294989 0.0326595 0.0320408 0.028343 0.0233251 0.0187321 0.0154589 0.0134387 0.0120864
 1.08356e-16 3.28204e-05 0.000319026 0.00212004 0.00963743 0.0299859 0.0638896 0.0932577 0.0933006 0.064099 0.0306891 0.0116699 0.00722663 0.0114824 0.0212799 0.0352481 0.0510538 0.0647896 0.0724733 0.0722466 0.0654254 0.0554834 0.0458386 0.0382076 0.0324925 0.0277511
 1.16066e-16 3.97971e-05 0.000386842 0.0025707 0.011686 0.0363597 0.0774689 0.113072 0.113093 0.077568 0.0366933 0.0126539 0.00501645 0.00577988 0.0104411 0.0176155 0.0263525 0.035205 0.0426875 0.0480867 0.0517287 0.0543919 0.0563965 0.0572046 0.0558377 0.0516636
 1.05922e-16 7.09367e-05 0.00068953 0.00458217 0.0208299 0.0648095 0.138084 0.201539 0.201545 0.138116 0.0649169 0.0211405 0.00536409 0.00240403 0.00334992 0.00548766 0.00804893 0.010453 0.0121743 0.0130121 0.0132122 0.0132702 0.0135657 0.0141153 0.0146039 0.0146156
pSPR Fmed_Fpbrs
0.621887   0.215862 0.215862
Fs Fmed_Fpbrs
0.260557   1.005 1.005
SSBpbr Bo_Bmed_Bpbrs
1.83721e+06  1.05068e+06  304724 304724
Ro
168497
SPR SPRFo_SPRFmed_SPRFpbrs
1.20266e+06 747922 259610
Fref
1.005
Nvult_r0
 207979 17261.9 7325.1 8109.35 2891.18
CTP_r0
 29561.8 3031.65 1286.5 1424.24 507.776
YTP_r0
391266
Np
 237387 39968.3 12683.5 983.411 473.504
Nvult_p0
 197419 34586 10975.5 850.984 409.742
CTP_p0
 86609.2 40853.3 3167.62 1344.18 1930.49
 86609.2 17336 5501.46 426.553 205.382
YTP_p0
 1.46693e+06 1.06708e+06
CBA_c0
1.34697e+06
log_Ro
11.8547
likeval ReclasPelacesDesembMPH_pf_preclas_ppelaces_ptallas_desvR_qrecl_qpela
 13.3197 18.2683 0.0627148 0.00260475 240.452 118.444 98.4942 0 24.8688 0.305546 0 0 0 0 0
q_reclas_q_pelaces
 1  1
M
1
N
 197911 47487 116063 19509 912.174
 105537 65145.3 15142.1 37008.7 6511.64
 106194 31612.7 18400.6 4276.96 12292.5
 172227 31967.7 8986.36 5230.63 4710.1
 137091 46514.1 7903.79 2221.8 2457.76
 239267 45400.5 14948.2 2540.03 1503.86
 97794.3 71764.4 12845.3 4229.31 1144.14
 44407.1 22741.4 14638 2620.06 1096.03
 41916.4 15157.6 7597.99 4890.61 1241.56
 55986.9 11494 3821.62 1915.64 1546.06
 103538 13933.2 2558.14 850.542 770.438
 141111 34747.1 4554.81 836.265 529.905
 118849 34985.1 7695.95 1008.81 302.583
 82126.6 30260.3 8018.29 1763.84 300.559
 80377.8 16205.2 4997.19 1324.13 340.911
 463050 19192 3419.7 1054.52 351.362
 95475 122796 4635.02 825.881 339.531
 703538 28563.9 34630.2 1307.13 328.661
 409820 209994 8031.39 9737.03 459.939
 313145 112256 52870.8 2022.08 2567.31
 463388 88218.1 29302.2 13800.8 1197.96
 617498 138995 24961.9 8291.24 4243.99
 127410 175498 36695.2 6589.99 3309.32
 377039 40265.8 53106.6 11104.1 2995.57
 315494 121225 12457.2 16429.9 4362.08
 143791 101332 37454.3 3848.84 6423.97
 324883 47402.5 32374.5 11966.2 3282.03
 363330 104451 14664.2 10015.2 4717.1
 104450 119196 33163.2 4655.9 4677.51
 77915.9 34554.4 38254.1 10643.1 2995.39
 302166 24564.8 10424.1 11540.1 4114.34
pred_Ctot
 13285.8 4046.06 9889.11 1662.26 77.7216
 12601.9 9769.95 2270.92 5550.34 976.577
 12398.7 4638.23 2699.79 627.526 1803.59
 29679.8 6843.25 1923.71 1119.72 1008.29
 8721.86 3758.6 638.679 179.536 198.603
 28402.9 6769.89 2229.02 378.761 224.251
 23600.3 21192.7 3793.37 1248.97 337.879
 2038.04 1330.22 856.24 153.259 64.1115
 6909.28 3108.57 1558.24 1002.99 254.626
 11817.7 2988.74 993.73 498.119 402.021
 5786.3 990.495 181.858 60.4651 54.7705
 30029.2 9105.63 1193.62 219.149 138.865
 23831.8 8661.84 1905.44 249.772 74.9164
 25302.6 11235.5 2977.19 654.913 111.598
 18465.6 4567.42 1408.47 373.209 96.0866
 83905.1 4311.72 768.29 236.915 78.9389
 11462.4 18513.7 698.819 124.518 51.1908
 85333.5 4349.72 5273.57 199.053 50.0492
 67773.5 43202 1652.32 2003.22 94.6243
 47379 21191.7 9981.08 381.732 484.663
 54991.1 13150.7 4368.16 2057.32 178.583
 90661.5 25486.4 4577.11 1520.31 778.194
 11492.5 19999.9 4181.87 751.011 377.138
 30368.1 4105.38 5414.67 1132.16 305.424
 25595 12447.7 1279.17 1687.09 447.919
 9527.57 8523.41 3150.45 323.744 540.349
 26176.5 4834.69 3301.99 1220.47 334.747
 25089.2 9151.07 1284.77 877.46 413.278
 6709.05 9723.06 2705.22 379.795 381.558
 7132.26 3995.17 4422.99 1230.57 346.332
 29561.8 3031.65 1286.5 1424.24 507.776
F
 0.111197 0.142976 0.142979 0.142979 0.142979
 0.205502 0.264234 0.264238 0.264238 0.264238
 0.200537 0.25785 0.257854 0.257854 0.257854
 0.309058 0.397385 0.397391 0.397391 0.397391
 0.105122 0.135166 0.135168 0.135168 0.135168
 0.204191 0.262548 0.262552 0.262552 0.262552
 0.458681 0.58977 0.589779 0.589779 0.589779
 0.0748963 0.0963013 0.0963028 0.0963028 0.0963028
 0.293849 0.377829 0.377835 0.377835 0.377835
 0.390847 0.502549 0.502556 0.502556 0.502556
 0.0918396 0.118087 0.118089 0.118089 0.118089
 0.394622 0.507403 0.507411 0.507411 0.507411
 0.368018 0.473196 0.473204 0.473204 0.473204
 0.62293 0.80096 0.800972 0.800972 0.800972
 0.432245 0.555778 0.555787 0.555787 0.555787
 0.327308 0.420851 0.420858 0.420858 0.420858
 0.206721 0.265801 0.265805 0.265805 0.265805
 0.209043 0.268787 0.268791 0.268791 0.268791
 0.294936 0.379227 0.379233 0.379233 0.379233
 0.266853 0.343118 0.343123 0.343123 0.343123
 0.204123 0.262461 0.262465 0.262465 0.262465
 0.258046 0.331795 0.3318 0.3318 0.3318
 0.151912 0.195328 0.195331 0.195331 0.195331
 0.134702 0.1732 0.173202 0.173202 0.173202
 0.135734 0.174527 0.174529 0.174529 0.174529
 0.109687 0.141035 0.141038 0.141038 0.141038
 0.134752 0.173264 0.173267 0.173267 0.173267
 0.114539 0.147274 0.147276 0.147276 0.147276
 0.106178 0.136523 0.136525 0.136525 0.136525
 0.154315 0.198418 0.198421 0.198421 0.198421
 0.16569 0.213043 0.213046 0.213046 0.213046
YTP_r0W_actual
 245363 42746.3 35507.4 48709 18940.1
YTP_p0W_proyectada
 648703 640171 73267.1 39478.5 65308.3
 648703 271655 127249 12527.9 6948.06
CTP_r0_actual
 29561.8 3031.65 1286.5 1424.24 507.776
CTP_p0_proyectada
 86609.2 40853.3 3167.62 1344.18 1930.49
 86609.2 17336 5501.46 426.553 205.382
Wmedp
 7.49 15.67 23.13 29.37 33.83
Frms_r0
 0.16569 0.213043 0.213046 0.213046 0.213046
Zrms_r0
 1.16569 1.21304 1.21305 1.21305 1.21305
cv_recla  cv_pelaces  cv_mph
0.33012 0.484643 1.53882
 ------------------------------------------------
Talla a la edad & desviacion 
 8 13.2811 15.8009 17.003 17.5766
 0.8 1.32811 1.58009 1.7003 1.75766
