    unsorted:	 2.320953392e-06 1.259955658e-06 5.692919422e-05 8.762311329e-05 0.1652373603 2.225791109 6.927197379 12.28100505 25.58261688 39.25317380 73.55501555 126.4934668 190.5645046 195.4627451 205.2559108 238.4459800 474.1482008 572.3691530 758.7132879 884.4646586 945.2809376 1091.546550 1130.292253 1179.324039 1338.793574 1351.139771 1371.872913 1412.605621 1516.701614 1557.288690 1719.519178 1848.444118 2002.155001 2039.218791 2162.813068 2298.166619 2281.030002 2314.322191 2543.667399 2872.948955 3090.330550 3171.530494 3546.338721 4007.945770 4075.095837 4110.815080 4420.729683 10586.43350 17329.61150 42764.56127 148744.5624 375523.3310 372995.1989 363679.1839 357382.3403 385147.8228 387448.9474 352154.1899 317925.1672 447045.3926 527358.9685 543007.0224 584973.7683 606491.7024 624951.1461 698612.1293 722201.9231 883567.2640 1004549.318 1072119.388 1193992.663 1333202.418 1547352.575 1696282.676 1813436.051 2007673.063 2231635.127 2289637.486 2561667.904 2751532.430 2936315.367 3214173.164 8809919.945 56898051.68
      sorted:	 1.259955658e-06 2.320953392e-06 5.692919422e-05 8.762311329e-05 0.1652373603 2.225791109 6.927197379 12.28100505 25.58261688 39.25317380 73.55501555 126.4934668 190.5645046 195.4627451 205.2559108 238.4459800 474.1482008 572.3691530 758.7132879 884.4646586 945.2809376 1091.546550 1130.292253 1179.324039 1338.793574 1351.139771 1371.872913 1412.605621 1516.701614 1557.288690 1719.519178 1848.444118 2002.155001 2039.218791 2162.813068 2281.030002 2298.166619 2314.322191 2543.667399 2872.948955 3090.330550 3171.530494 3546.338721 4007.945770 4075.095837 4110.815080 4420.729683 10586.43350 17329.61150 42764.56127 148744.5624 317925.1672 352154.1899 357382.3403 363679.1839 372995.1989 375523.3310 385147.8228 387448.9474 447045.3926 527358.9685 543007.0224 584973.7683 606491.7024 624951.1461 698612.1293 722201.9231 883567.2640 1004549.318 1072119.388 1193992.663 1333202.418 1547352.575 1696282.676 1813436.051 2007673.063 2231635.127 2289637.486 2561667.904 2751532.430 2936315.367 3214173.164 8809919.945 56898051.68
