years
 1991 1992 1993 1994 1995 1996 1997 1998 1999 2000 2001 2002 2003 2004 2005 2006 2007 2008 2009 2010 2011 2012 2013 2014 2015 2016 2017 2018 2019 2020 2021 2022 2023
reclasobs
 0 0 0 0 0 0 0 0 0 252601 567819 844713 477998 351125 339783 2.1784e+06 2.13404e+06 4.81314e+06 1.55562e+06 2.62356e+06 3.21686e+06 3.843e+06 1.13348e+06 3.07943e+06 1.97215e+06 2.03268e+06 2.025e+06 2.42433e+06 2.27542e+06 1.05018e+06 2.36338e+06 3.18982e+06 1.53035e+06
reclaspred
 5.01015e+06 2.69954e+06 1.29874e+06 1.52097e+06 1.84744e+06 3.67329e+06 2.24661e+06 1.62107e+06 914711 335372 578199 1.32497e+06 1.16644e+06 292118 707554 1.63786e+06 1.37269e+06 2.67053e+06 2.59227e+06 2.47704e+06 4.34362e+06 2.97335e+06 1.73e+06 2.24011e+06 1.94921e+06 1.6957e+06 2.19573e+06 2.46587e+06 2.08765e+06 1.70011e+06 1.42532e+06 1.08686e+06 1.256e+06
pelacesobs
 0 0 0 0 0 0 0 0 0 0 0 0 0 0 0 552880 188675 0 991730 2.46772e+06 1.41603e+06 1.21717e+06 2.29649e+06 1.80582e+06 0 1.4828e+06 1.56532e+06 1.57751e+06 1.42118e+06 867257 1.10002e+06 1.06204e+06 0
pelacespred
 3.19784e+06 1.71436e+06 771382 778567 1.17153e+06 2.38509e+06 1.26867e+06 1.24236e+06 597513 148663 371267 710698 661655 98421.3 411373 813636 672960 1.50516e+06 1.4195e+06 1.27915e+06 2.45924e+06 1.65303e+06 961965 1.42692e+06 1.1398e+06 1.00725e+06 1.58887e+06 1.65964e+06 1.25132e+06 1.12188e+06 764075 608656 689017
mphobs
 0 0 0 0 0 0 0 0 0 0 0 0 498337 0 5186 125008 0 168611 109162 213762 579715 649985 157893 87575 83554 210694 70296 0 107559 103333 445601 22526 28222
mphpred
 754714 511973 224893 131303 196924 282210 467291 201294 168897 64793.4 19698.9 101624 167114 70469.1 9782.78 78752 206070 126296 267205 214637 338331 359492 229509 125842 229132 200507 148439 240238 327453 194781 149734 129543 62075.7
desembarqueobs
 494567 514787 250237 358949 120608 361735 552515 73892 212993 205616 52469 317467 293654 387597 252695 516296 358380 742168 942051 627588 828172 859565 418607 520667 417249 300574 415391 372974 316634 284311 391294 218835 356480
desembarquepred
 494552 514449 250378 358935 120608 361710 552467 73897.3 213072 205686 52470.2 317417 293699 387594 252571 516124 358355 741833 941169 627085 828220 859405 418522 520712 417092 300554 415317 372890 316458 284106 391246 218898 356532
Reclutas
 142129 95953.1 84698.5 128648 91911 196318 69184.4 23948.6 23062.3 31187.4 51797.2 130420 70355.8 46380.6 64107.5 221137 48448.5 280694 280041 247494 236957 297335 51695.5 126248 150904 46770.7 129610 122461 54665.7 80392.4 72995.5 26663.4 101775
log_desv_Rt
 0.447479 0.0546052 -0.0701564 0.347828 0.0115672 0.77048 -0.272479 -1.33334 -1.37106 -1.06924 -0.561918 0.361509 -0.255688 -0.672374 -0.348693 0.889529 -0.628753 1.12801 1.12568 1.00213 0.958625 1.1856 -0.563884 0.328991 0.507389 -0.663998 0.355273 0.298542 -0.508018 -0.122335 -0.218857 -1.22596 0.113507
SSB
 754714 511973 224893 131303 196924 282210 467291 201294 168897 64793.4 19698.9 101624 157160 67449.7 9354.91 75448.5 206070 126296 280102 223331 363460 417954 287582 146466 242428 231309 156419 240238 344687 188252 177028 159527 67396.8
BT
 1.29532e+06 968386 438398 578076 472201 1.21801e+06 833253 467332 398530 246831 205763 542934 492448 428118 442899 769712 487377 1.32574e+06 1.44455e+06 975072 1.64517e+06 1.33314e+06 662902 1.10739e+06 750045 588462 1.10112e+06 960350 617136 673364 597828 375931 607613
Ftot
 0.465906 0.866233 0.860705 0.946033 0.299166 0.42021 1.09498 0.218098 0.997012 2.10515 0.356291 0.940823 1.04689 3.37931 1.23615 1.14265 1.10814 1.03474 1.35685 0.985379 0.791105 1.15256 1.05058 0.897022 0.880167 0.786355 0.745473 0.619627 0.709766 0.704756 1.09311 0.892741 1.05611
BD_Bspro_t
 0.928166 0.569315 0.29933 0.216486 0.268041 0.392684 0.455077 0.241474 0.271822 0.152273 0.0704191 0.360966 0.316488 0.139299 0.023887 0.161658 0.243729 0.157403 0.241863 0.181393 0.21898 0.238444 0.194197 0.127627 0.219544 0.246025 0.215778 0.325946 0.390018 0.270944 0.277225 0.22932 0.170089
BD_Bspro
 1.15304 0.782183 0.343588 0.200603 0.300858 0.431156 0.713919 0.307534 0.258038 0.0989902 0.0300956 0.15526 0.240107 0.103048 0.0142923 0.115269 0.314831 0.192953 0.427934 0.341202 0.555288 0.638544 0.439363 0.223768 0.370377 0.353391 0.238974 0.367031 0.526607 0.287608 0.27046 0.243722 0.102968
BD_Bo
 1.68506 1.14309 0.502123 0.293163 0.439677 0.630095 1.04333 0.449433 0.377099 0.144665 0.043982 0.226899 0.350895 0.150596 0.0208869 0.168455 0.460097 0.281983 0.625388 0.498636 0.811504 0.933174 0.642089 0.327016 0.541274 0.516449 0.349239 0.536383 0.769589 0.420313 0.395254 0.356179 0.150478
BD_Brms
 10.3533 7.0233 3.08511 1.80123 2.70143 3.87139 6.41036 2.76138 2.31695 0.888844 0.270232 1.3941 2.15595 0.925283 0.128332 1.03501 2.8269 1.73254 3.84247 3.06369 4.98599 5.73355 3.94508 2.00923 3.32566 3.17313 2.14577 3.29561 4.72846 2.58246 2.42849 2.18841 0.924558
Sel_flota
 0.798029 1 1 1 1
 0.798029 1 1 1 1
 0.798029 1 1 1 1
 0.798029 1 1 1 1
 0.798029 1 1 1 1
 0.798029 1 1 1 1
 0.798029 1 1 1 1
 0.798029 1 1 1 1
 0.798029 1 1 1 1
 0.798029 1 1 1 1
 0.798029 1 1 1 1
 0.798029 1 1 1 1
 0.798029 1 1 1 1
 0.798029 1 1 1 1
 0.798029 1 1 1 1
 0.798029 1 1 1 1
 0.798029 1 1 1 1
 0.798029 1 1 1 1
 0.798029 1 1 1 1
 0.798029 1 1 1 1
 0.798029 1 1 1 1
 0.798029 1 1 1 1
 0.798029 1 1 1 1
 0.798029 1 1 1 1
 0.798029 1 1 1 1
 0.798029 1 1 1 1
 0.798029 1 1 1 1
 0.798029 1 1 1 1
 0.798029 1 1 1 1
 0.798029 1 1 1 1
 0.798029 1 1 1 1
 0.798029 1 1 1 1
 0.798029 1 1 1 1
Sel_reclas
 0.563791 1 1 1 1
 0.563791 1 1 1 1
 0.563791 1 1 1 1
 0.563791 1 1 1 1
 0.563791 1 1 1 1
 0.563791 1 1 1 1
 0.563791 1 1 1 1
 0.563791 1 1 1 1
 0.563791 1 1 1 1
 0.563791 1 1 1 1
 0.563791 1 1 1 1
 0.563791 1 1 1 1
 0.563791 1 1 1 1
 0.563791 1 1 1 1
 0.563791 1 1 1 1
 0.563791 1 1 1 1
 0.563791 1 1 1 1
 0.563791 1 1 1 1
 0.563791 1 1 1 1
 0.563791 1 1 1 1
 0.563791 1 1 1 1
 0.563791 1 1 1 1
 0.563791 1 1 1 1
 0.563791 1 1 1 1
 0.563791 1 1 1 1
 0.563791 1 1 1 1
 0.563791 1 1 1 1
 0.563791 1 1 1 1
 0.563791 1 1 1 1
 0.563791 1 1 1 1
 0.563791 1 1 1 1
 0.563791 1 1 1 1
 0.563791 1 1 1 1
Sel_pelaces
 0.5 1 1 1 1
 0.5 1 1 1 1
 0.5 1 1 1 1
 0.5 1 1 1 1
 0.5 1 1 1 1
 0.5 1 1 1 1
 0.5 1 1 1 1
 0.5 1 1 1 1
 0.5 1 1 1 1
 0.5 1 1 1 1
 0.5 1 1 1 1
 0.5 1 1 1 1
 0.5 1 1 1 1
 0.5 1 1 1 1
 0.5 1 1 1 1
 0.5 1 1 1 1
 0.5 1 1 1 1
 0.5 1 1 1 1
 0.5 1 1 1 1
 0.5 1 1 1 1
 0.5 1 1 1 1
 0.5 1 1 1 1
 0.5 1 1 1 1
 0.5 1 1 1 1
 0.5 1 1 1 1
 0.5 1 1 1 1
 0.5 1 1 1 1
 0.5 1 1 1 1
 0.5 1 1 1 1
 0.5 1 1 1 1
 0.5 1 1 1 1
 0.5 1 1 1 1
 0.5 1 1 1 1
pf_obs 
 0.8446 0.082 0.0669 0.0065 0
 0.8095 0.147 0.0364 0.0071 0
 0.9664 0.0169 0.016 0.0007 0
 0.9276 0.0648 0.0075 0.0001 0
 0.7033 0.2144 0.0806 0.0017 0
 0.9318 0.0425 0.0243 0.0014 0
 0.5671 0.3108 0.0964 0.0239 0.0018
 0.0768 0.2599 0.5324 0.112 0.0189
 0.490249 0.384438 0.106611 0.0170017 0.00170017
 0.7925 0.1577 0.0466 0.003 0.0002
 0.840416 0.127587 0.0312969 0.00059994 9.999e-05
 0.8084 0.0986 0.0794 0.0134 0.0002
 0.7335 0.1905 0.0724 0.0035 0.0001
 0.4001 0.4547 0.1325 0.0127 0
 0.49795 0.308269 0.164784 0.0264974 0.00249975
 0.9179 0.0499 0.0305 0.0017 0
 0.2467 0.6533 0.0926 0.0074 0
 0.9418 0.0223 0.034 0.0019 0
 0.707729 0.231977 0.0356964 0.0245975 0
 0.517169 0.277429 0.184464 0.0207286 0.00020938
 0.811772 0.124168 0.05621 0.00726502 0.000585176
 0.764997 0.148141 0.077277 0.00933861 0.000247198
 0.163321 0.427699 0.378323 0.0303852 0.000271297
 0.753843 0.0900009 0.118128 0.0371064 0.000921714
 0.721811 0.176058 0.0630433 0.0369309 0.00215725
 0.143369 0.312575 0.442814 0.0836902 0.0175525
 0.692698 0.0596174 0.167031 0.0765114 0.00414204
 0.394062 0.376323 0.152708 0.0712218 0.00568511
 0.125707 0.32114 0.495352 0.0537591 0.00404204
 0.23352 0.215282 0.420074 0.123614 0.00750983
 0.796117 0.104755 0.0508955 0.0450114 0.00322123
 0.162477 0.292055 0.404252 0.121198 0.0200186
 0 0 0 0 0
pf_pred 
 0.670502 0.146817 0.167653 0.0150272 8.31606e-07
 0.622748 0.275339 0.0454101 0.0518546 0.00464811
 0.739661 0.181782 0.0573355 0.00945602 0.0117659
 0.848476 0.121095 0.021247 0.0067015 0.00248046
 0.749967 0.222061 0.0223545 0.00392228 0.00169503
 0.828733 0.136301 0.0310545 0.0031262 0.000785561
 0.499377 0.432847 0.0539392 0.0122894 0.00154802
 0.519773 0.28381 0.169825 0.0211627 0.00542902
 0.608282 0.227987 0.096764 0.0579012 0.00906636
 0.835033 0.113698 0.0298396 0.0126648 0.00876492
 0.94684 0.0476157 0.00382104 0.00100282 0.000720188
 0.881579 0.113551 0.00436227 0.000350061 0.000157852
 0.709076 0.265728 0.0241599 0.000928153 0.000108068
 0.750098 0.194441 0.0506572 0.00460575 0.000197541
 0.976632 0.0201941 0.00246973 0.000643432 6.10098e-05
 0.955293 0.0439954 0.000615055 7.52208e-05 2.14553e-05
 0.553133 0.432976 0.0136699 0.000191105 3.00384e-05
 0.954598 0.0291662 0.0157306 0.000496648 8.03447e-06
 0.839606 0.155252 0.00330346 0.0017817 5.71619e-05
 0.843458 0.138922 0.017055 0.000362898 0.000202006
 0.810462 0.167707 0.0193741 0.00237849 7.87816e-05
 0.825818 0.149052 0.0222349 0.00256867 0.000325791
 0.470913 0.462334 0.0571226 0.00852129 0.00110927
 0.880099 0.067335 0.0459338 0.00567524 0.000956815
 0.837527 0.148139 0.00805025 0.00549162 0.000792897
 0.558203 0.388182 0.0488845 0.00265651 0.00207384
 0.883372 0.0742406 0.0372435 0.00469014 0.000453846
 0.78041 0.200396 0.0122182 0.00612938 0.000846576
 0.580921 0.347017 0.0657625 0.00400956 0.00228925
 0.795188 0.134221 0.0584526 0.0110772 0.00106099
 0.758449 0.203342 0.0250395 0.0109046 0.00226443
 0.623695 0.308466 0.0571079 0.00703224 0.00369846
 0.927134 0.050998 0.017926 0.00331873 0.000623597
pobs_RECLAS
 0 0 0 0 0
 0 0 0 0 0
 0 0 0 0 0
 0 0 0 0 0
 0 0 0 0 0
 0 0 0 0 0
 0 0 0 0 0
 0 0 0 0 0
 0 0 0 0 0
 0 0 0 0 0
 0.991045 0.00858322 0.000360255 1.14367e-05 0
 0.934742 0.0480273 0.0164251 0.00080598 0
 0.827803 0.169806 0.00239088 0 0
 0.941827 0.0461693 0.0120037 0 0
 0.791401 0.0380133 0.147996 0.0225897 0
 0.846168 0.0940531 0.0597789 0 0
 0.134021 0.677848 0.182769 0.00536245 0
 0.80878 0.0450904 0.141981 0.00414843 0
 0.846168 0.0940531 0.0597789 0 0
 0.905697 0.0802665 0.012482 0.00150086 5.37128e-05
 0.989698 0.0102097 9.19794e-05 0 0
 0.975433 0.0193895 0.00387452 0.00125025 5.28907e-05
 0.303575 0.632131 0.0575291 0.00676475 0
 0.966965 0.00978017 0.0227588 0.000495775 0
 0.843318 0.132988 0.00938335 0.0141283 0.000182051
 0.564624 0.303363 0.111486 0.0197234 0.00080311
 0.826376 0.0876187 0.0782897 0.00655872 0.00115652
 0.89761 0.0855135 0.0140674 0.00269457 0.000114338
 0.34875 0.467042 0.161289 0.0227151 0.000203297
 0.318654 0.224769 0.449479 0.00709798 0
 0.937255 0.0296025 0.0250945 0.00804832 0
 0.456809 0.399803 0.12412 0.0192676 0
 0.883104 0.0372192 0.0704036 0.00927362 0
ppred_RECLAS
 0.592368 0.181632 0.207408 0.0185905 1.0288e-06
 0.544489 0.332457 0.0548302 0.0626116 0.00561234
 0.672868 0.22842 0.0720455 0.0118821 0.0147846
 0.802683 0.157692 0.0276683 0.00872683 0.00323011
 0.680746 0.283538 0.0285434 0.00500816 0.00216429
 0.775331 0.1788 0.0407374 0.00410097 0.0010305
 0.421753 0.499962 0.0623027 0.0141949 0.00178805
 0.434372 0.334281 0.200026 0.0249262 0.00639449
 0.530635 0.273178 0.115944 0.0693784 0.0108635
 0.796535 0.140231 0.0368033 0.0156203 0.0108104
 0.926903 0.0654735 0.00525408 0.00137892 0.000990287
 0.843922 0.14966 0.00574947 0.00046138 0.000208049
 0.64007 0.328758 0.0298906 0.00114831 0.000133701
 0.718294 0.219187 0.0571043 0.00519192 0.000222681
 0.968514 0.0272088 0.00332761 0.000866934 8.22022e-05
 0.939968 0.059076 0.000825881 0.000101005 2.88096e-05
 0.475232 0.508456 0.016053 0.00022442 3.5275e-05
 0.938773 0.0393329 0.021214 0.000669767 1.08351e-05
 0.794912 0.198513 0.00422397 0.00227817 7.309e-05
 0.796779 0.180347 0.0221405 0.000471108 0.000262241
 0.75534 0.21648 0.0250086 0.00307021 0.000101693
 0.776576 0.19119 0.0285209 0.00329485 0.000417895
 0.393756 0.529756 0.0654528 0.00976394 0.00127103
 0.841816 0.0888344 0.0606 0.00748729 0.00126232
 0.788798 0.192568 0.0104647 0.00713867 0.0010307
 0.47701 0.459522 0.0578684 0.00314472 0.00245497
 0.845186 0.0985478 0.0494375 0.00622575 0.000602441
 0.718334 0.257046 0.0156721 0.00786209 0.00108589
 0.49946 0.414471 0.0785455 0.00478894 0.00273424
 0.736449 0.172715 0.0752166 0.0142541 0.00136528
 0.696571 0.255433 0.0314539 0.013698 0.00284451
 0.545752 0.372358 0.0689365 0.00848881 0.00446451
 0.902792 0.068034 0.0239142 0.00442736 0.000831911
pobs_PELACES
 0 0 0 0 0
 0 0 0 0 0
 0 0 0 0 0
 0 0 0 0 0
 0 0 0 0 0
 0 0 0 0 0
 0 0 0 0 0
 0 0 0 0 0
 0 0 0 0 0
 0 0 0 0 0
 0 0 0 0 0
 0 0 0 0 0
 0 0 0 0 0
 0 0 0 0 0
 0 0 0 0 0
 0 0 0 0 0
 0.505614 0.472636 0.0217494 0 0
 0 0 0 0 0
 0.443492 0.261883 0.143347 0.151278 0
 0.227955 0.32914 0.350689 0.0885471 0.00366901
 0.970185 0.0296113 0.000203453 0 0
 0.997202 0.00247181 0.000326279 0 0
 0.445219 0.490057 0.0546422 0.010081 0
 0.90214 0.0892962 0.00764917 0.000914606 0
 0 0 0 0 0
 0.581667 0.319106 0.0959925 0.00289975 0.000334073
 0.762889 0.0836404 0.116647 0.0363945 0.000428098
 0.88444 0.0763242 0.0277011 0.0115352 0
 0.521256 0.241999 0.230069 0.00667565 0
 0.616807 0.101726 0.260614 0.0208532 0
 0.833518 0.0704572 0.0857862 0.0102388 0
 0.697417 0.212968 0.0787535 0.0105354 0.000325836
 0 0 0 0 0
ppred_PELACES
 0.570708 0.191283 0.218429 0.0195784 1.08347e-06
 0.528989 0.343769 0.056696 0.0647421 0.00580331
 0.658918 0.23816 0.0751178 0.0123888 0.015415
 0.793495 0.165034 0.0289566 0.00913317 0.00338051
 0.658601 0.303206 0.0305233 0.00535556 0.00231442
 0.758888 0.191886 0.0437188 0.00440111 0.00110592
 0.410312 0.509854 0.0635354 0.0144757 0.00182343
 0.408644 0.349487 0.209124 0.02606 0.00668535
 0.517261 0.280963 0.119248 0.0713553 0.011173
 0.799794 0.137985 0.0362137 0.0153701 0.0106372
 0.920102 0.0715653 0.00574293 0.00150722 0.00108243
 0.836215 0.157049 0.00603336 0.000484162 0.000218322
 0.628402 0.339415 0.0308596 0.00118553 0.000138035
 0.739076 0.203018 0.0528916 0.0048089 0.000206254
 0.967345 0.0282196 0.00345124 0.000899142 8.52561e-05
 0.937442 0.0615623 0.000860641 0.000105256 3.00221e-05
 0.463721 0.519609 0.0164051 0.000229343 3.60488e-05
 0.935768 0.0412629 0.0222549 0.000702633 1.13668e-05
 0.790037 0.203231 0.00432437 0.00233232 7.48273e-05
 0.787829 0.18829 0.0231157 0.000491858 0.000273791
 0.742681 0.227681 0.0263026 0.00322907 0.000106955
 0.768981 0.19769 0.0294904 0.00340685 0.000432101
 0.381873 0.54014 0.0667357 0.00995533 0.00129595
 0.833621 0.0934364 0.0637393 0.00787517 0.00132771
 0.778385 0.202062 0.0109806 0.00749061 0.00108152
 0.460162 0.474325 0.0597326 0.00324603 0.00253405
 0.835751 0.104554 0.0524506 0.0066052 0.000639159
 0.702125 0.271838 0.0165741 0.00831454 0.00114839
 0.481277 0.429528 0.0813989 0.00496291 0.00283357
 0.722017 0.182173 0.0793354 0.0150347 0.00144004
 0.686499 0.263911 0.0324979 0.0141527 0.00293893
 0.530698 0.384698 0.0712211 0.00877013 0.00461247
 0.898344 0.0711474 0.0250086 0.00462997 0.000869982
pobs_pel_tallas
 0 0 0 0 0 0 0 0 0 0 0 0 0 0 0 0 0 0 0 0 0 0 0 0 0 0
 0 0 0 0 0 0 0 0 0 0 0 0 0 0 0 0 0 0 0 0 0 0 0 0 0 0
 0 0 0 0 0 0 0 0 0 0 0 0 0 0 0 0 0 0 0 0 0 0 0 0 0 0
 0 0 0 0 0 0 0 0 0 0 0 0 0 0 0 0 0 0 0 0 0 0 0 0 0 0
 0 0 0 0 0 0 0 0 0 0 0 0 0 0 0 0 0 0 0 0 0 0 0 0 0 0
 0 0 0 0 0 0 0 0 0 0 0 0 0 0 0 0 0 0 0 0 0 0 0 0 0 0
 0 0 0 0 0 0 0 0 0 0 0 0 0 0 0 0 0 0 0 0 0 0 0 0 0 0
 0 0 0 0 0 0 0 0 0 0 0 0 0 0 0 0 0 0 0 0 0 0 0 0 0 0
 0 0 0 0 0 0 0 0 0 0 0 0 0 0 0 0 0 0 0 0 0 0 0 0 0 0
 0 0 0 0 0 0 0 0 0 0 0 0 0 0 0 0 0 0 0 0 0 0 0 0 0 0
 0 0 0 0 0 0 0 0 0 0 0 0 0 0 0 0 0 0 0 0 0 0 0 0 0 0
 0 0 0 0 0 0 0 0 0 0 0 0 0 0 0 0 0 0 0 0 0 0 0 0 0 0
 0.00862536 0 0 0.000197151 0.00414017 0.0128641 0.00837892 0.0270097 0.101434 0.158115 0.152841 0.127902 0.109271 0.109419 0.0830992 0.0579132 0.0238553 0.00714673 0.00463305 0.00128148 0.00103504 0.000492878 0.000147863 0.000147863 4.92878e-05 0
 0 0 0 0 0 0 0 0 0 0 0 0 0 0 0 0 0 0 0 0 0 0 0 0 0 0
 0 0 0 0 0 0 0 0.0054083 0.00873648 0.0413646 0.0450493 0.0745869 0.0622846 0.0627006 0.0613931 0.0827291 0.12552 0.122667 0.0946155 0.0697135 0.0546179 0.0294188 0.0215738 0.0213955 0.0102223 0.00600262
 0 0 0 0 0.00359764 0.0251062 0.0480494 0.140153 0.205849 0.193036 0.1447 0.116669 0.0760912 0.0342217 0.00950174 0.001854 0.000860785 0 0 0 0.000165536 0 0.000143464 0 0 0
 0 0 0 0 0 0 0 0.000145254 0.000435761 0.0275982 0.070085 0.0708112 0.156366 0.174668 0.174014 0.160142 0.0824315 0.0480064 0.0283245 0.00493863 0.00203355 0 0 0 0 0
 0 0 0 0 0 0 0 0 0 0 0 0 0 0 0 0 0 0 0 0 0 0 0 0 0 0
 0 0 1.00437e-05 0.000401748 0.00122533 0.00171747 0.00176769 0.0269171 0.070346 0.194647 0.189555 0.159765 0.064822 0.0314167 0.0384472 0.0292271 0.0345202 0.0313363 0.0194345 0.0106764 0.0143323 0.0359363 0.0279516 0.0138201 0.00172751 0
 0 0.0021121 0.0136068 0.0755702 0.200478 0.177729 0.0527432 0.0373336 0.0318909 0.0142505 0.0149659 0.0166563 0.0217959 0.0798694 0.0677717 0.0528807 0.04013 0.0224614 0.0357745 0.0225083 0.00881397 0.00855152 0.00135912 0.000746735 0 0
 0 0 0 0 5.4009e-05 0.00500934 0.000945158 0.0243581 0.138947 0.33067 0.221406 0.137944 0.0707744 0.0437923 0.0131692 0.00525238 0.0047753 0.00276346 9.45158e-05 9.00151e-06 2.25038e-05 9.00151e-06 4.50075e-06 0 0 0
 0.000866109 0.00284123 0.00948549 0.0512746 0.133035 0.25785 0.225252 0.132002 0.0553304 0.0519788 0.0540692 0.017754 0.00435017 0.00159236 0.00146478 0.000404838 0.000125132 0.000115318 0.000107957 0.000100596 0 0 0 0 0 0
 0 0 0 0 0.00144013 0.00171154 0.00461396 0.0210425 0.0478622 0.0707936 0.0888783 0.103762 0.0637923 0.0337046 0.0602308 0.124433 0.169614 0.0934646 0.0462172 0.0250306 0.0313229 0.00938855 0.002487 0.000210481 0 0
 0 0.00764035 0.051015 0.0998891 0.058973 0.0496711 0.0374665 0.0718981 0.12319 0.153886 0.159021 0.0857701 0.0377988 0.023471 0.0147837 0.00900784 0.00315554 0.000888139 0.00291439 0.00214683 0.00393193 0.00274676 0.000635225 9.99891e-05 0 0
 0 0 0 0 0 0 0 0 0 0 0 0 0 0 0 0 0 0 0 0 0 0 0 0 0 0
 0 0 0 0 0 0 0 0 0 0 0 0 0 0 0 0 0 0 0 0 0 0 0 0 0 0
 0 0 0 0 0 0 0 0 0 0 0 0 0 0 0 0 0 0 0 0 0 0 0 0 0 0
 0 0 0 0 0 0 0 0 0 0 0 0 0 0 0 0 0 0 0 0 0 0 0 0 0 0
 0 0 0 0 0 0 0 0 0 0 0 0 0 0 0 0 0 0 0 0 0 0 0 0 0 0
 0 0 0 0 0 0 0 0 0 0 0 0 0 0 0 0 0 0 0 0 0 0 0 0 0 0
 0 0 0 0 0 0 0 0 0 0 0 0 0 0 0 0 0 0 0 0 0 0 0 0 0 0
 0 0 0 0 0 0 0 0 0 0 0 0 0 0 0 0 0 0 0 0 0 0 0 0 0 0
 0 0 0 0 0 0 0 0 0 0 0 0 0 0 0 0 0 0 0 0 0 0 0 0 0 0
ppred_pel_tallas
 1.08316e-16 4.70085e-05 0.00045694 0.00303653 0.0138036 0.0429483 0.0915065 0.13356 0.133579 0.0915982 0.043257 0.0146992 0.00529886 0.00544316 0.00965575 0.0162502 0.0242449 0.0322346 0.0387518 0.0430156 0.0452066 0.0459788 0.0456858 0.0440586 0.0405773 0.0351053
 1.09199e-16 4.35722e-05 0.000423538 0.00281456 0.0127946 0.0398089 0.0848183 0.123802 0.123835 0.0849804 0.0403532 0.0143672 0.00676379 0.00905116 0.0164488 0.0271793 0.0392863 0.0497157 0.0554046 0.0550006 0.0496805 0.0423223 0.0357021 0.031119 0.0282625 0.0260227
 1.0608e-16 5.42743e-05 0.000527565 0.00350586 0.0159371 0.0495865 0.10565 0.154204 0.154227 0.105763 0.0499645 0.0170299 0.00625222 0.006534 0.0114943 0.0190026 0.027571 0.0350984 0.0394726 0.0397166 0.0365364 0.0317643 0.0271696 0.0235867 0.0208772 0.0184744
 1.02366e-16 6.53592e-05 0.000635315 0.00422189 0.0191921 0.0597139 0.127227 0.185695 0.185711 0.127305 0.059975 0.0199467 0.00611642 0.00477284 0.00792848 0.0130178 0.0187792 0.0236857 0.026227 0.0257087 0.0226571 0.0184448 0.014449 0.0114026 0.00931335 0.0078082
 1.01888e-16 5.42481e-05 0.000527311 0.00350417 0.0159295 0.0495626 0.1056 0.154132 0.154161 0.105742 0.0500417 0.0173128 0.0069755 0.00810184 0.0144295 0.0237424 0.0341335 0.0427898 0.0468794 0.045092 0.0384197 0.0294901 0.0210126 0.014541 0.0102609 0.00756527
 1.0194e-16 6.25086e-05 0.000607606 0.00403776 0.0183551 0.0571095 0.121679 0.177597 0.177616 0.121769 0.0574135 0.0192333 0.00624339 0.00542634 0.00922529 0.015181 0.0219286 0.0277103 0.0307693 0.0302795 0.026812 0.0219064 0.0171138 0.0132704 0.010424 0.00822956
 1.03725e-16 3.37969e-05 0.000328518 0.00218312 0.00992418 0.0308781 0.0657908 0.0960339 0.0960831 0.0660309 0.031684 0.0122518 0.00802506 0.0130791 0.0242421 0.0400043 0.0575782 0.0723068 0.0794558 0.0768303 0.0660733 0.0515384 0.0376875 0.0270378 0.0198415 0.0150775
 1.0987e-16 3.36595e-05 0.000327182 0.00217424 0.00988382 0.0307524 0.0655225 0.0956391 0.0956731 0.0656884 0.0313103 0.0114985 0.00623947 0.00924178 0.0170818 0.028493 0.0417558 0.0539955 0.0622486 0.0650692 0.0632342 0.0589062 0.0540091 0.0491951 0.0440443 0.0379829
 1.1256e-16 4.26061e-05 0.000414147 0.00275215 0.0125109 0.0389262 0.0829374 0.121055 0.121082 0.0830705 0.0393736 0.013805 0.0060079 0.00754627 0.0136616 0.0227141 0.0331839 0.0427321 0.049007 0.0509625 0.049435 0.0464231 0.0436671 0.0416811 0.0398388 0.0371693
 1.04422e-16 6.5878e-05 0.000640358 0.0042554 0.0193445 0.0601879 0.128237 0.187169 0.187182 0.128302 0.0604067 0.019977 0.00584483 0.00411551 0.00668198 0.0109856 0.0159224 0.020247 0.0227408 0.0228584 0.0210438 0.0183989 0.015976 0.014251 0.01309 0.0120762
 1.00519e-16 7.57876e-05 0.000736683 0.00489551 0.0222543 0.0692414 0.147526 0.215321 0.215327 0.14756 0.0693545 0.0225807 0.00571438 0.00252316 0.00346535 0.00560041 0.00804021 0.0100688 0.011013 0.0105651 0.00896437 0.00683938 0.00483865 0.00333443 0.0023691 0.00179024
 1.003e-16 6.88779e-05 0.000669518 0.00444918 0.0202254 0.0629287 0.134077 0.195692 0.195707 0.134151 0.0631765 0.0209407 0.00624346 0.00458204 0.00748653 0.0122337 0.0175363 0.0218831 0.0237843 0.0225536 0.0187214 0.013696 0.00895126 0.00536471 0.00308185 0.00179648
 1.0112e-16 5.17607e-05 0.000503132 0.00334349 0.0151991 0.0472901 0.100758 0.147066 0.147098 0.100917 0.0478262 0.016747 0.00722762 0.00897706 0.01613 0.0265435 0.0381348 0.0477473 0.0521934 0.0499906 0.0422428 0.0319036 0.0220401 0.014445 0.0093869 0.0062376
 1.02096e-16 6.08767e-05 0.000591743 0.00393234 0.0178759 0.0556186 0.118502 0.172961 0.172981 0.118598 0.0559404 0.0188058 0.00626825 0.00569667 0.00977243 0.0161017 0.0232862 0.0294818 0.0328382 0.0324803 0.0289943 0.0239742 0.0190169 0.0149703 0.0118728 0.00937829
 1.00212e-16 7.96789e-05 0.000774507 0.00514687 0.0233969 0.0727966 0.155101 0.226375 0.226378 0.155114 0.0728412 0.0235258 0.0054702 0.00148019 0.00141947 0.00221942 0.00318669 0.00400132 0.00439665 0.00425112 0.00365592 0.00285234 0.00208751 0.00150064 0.00110523 0.000844067
 1.00057e-16 7.72158e-05 0.000750566 0.00498777 0.0226737 0.0705463 0.150307 0.219378 0.219384 0.150335 0.0706434 0.0229539 0.00569057 0.00228268 0.00298081 0.00478946 0.00685379 0.00853837 0.00925377 0.00873034 0.00717927 0.00516007 0.00326063 0.00183435 0.000943229 0.000465696
 1.00636e-16 3.81962e-05 0.00037128 0.00246729 0.011216 0.0348973 0.0743543 0.108533 0.108583 0.0745985 0.035717 0.0135823 0.00840233 0.013312 0.0245692 0.0404369 0.0579636 0.0722916 0.0784949 0.0742982 0.0614609 0.0446592 0.0287963 0.016806 0.00919398 0.00495694
 1.00726e-16 7.7078e-05 0.000749226 0.00497887 0.0226332 0.0704203 0.150038 0.218986 0.21899 0.150058 0.0704861 0.0228235 0.00545771 0.00179845 0.00208118 0.00334819 0.00488402 0.00628248 0.00717997 0.00739857 0.00702989 0.00633994 0.00557803 0.00485089 0.00413829 0.00339257
 1.00424e-16 6.50744e-05 0.000632546 0.00420349 0.0191085 0.0594537 0.126673 0.184887 0.184907 0.126769 0.0597742 0.0200338 0.00652429 0.00569247 0.00965598 0.015811 0.0226544 0.0282455 0.0306558 0.0289998 0.0239746 0.0174198 0.0112613 0.00664629 0.00376065 0.00219127
 1.00811e-16 6.48924e-05 0.000630778 0.00419174 0.0190551 0.0592874 0.126319 0.18437 0.184388 0.126407 0.059585 0.0199145 0.00634858 0.00533778 0.0090001 0.0147647 0.0212346 0.0266404 0.0292205 0.0281529 0.0240362 0.018479 0.0131435 0.0089897 0.00615065 0.00428796
 1.0116e-16 6.11737e-05 0.00059463 0.00395153 0.0179631 0.0558899 0.11908 0.173806 0.173828 0.119187 0.0562497 0.0190022 0.00655923 0.00628537 0.0108633 0.0178472 0.025667 0.0321975 0.0353117 0.0340204 0.0290553 0.0223693 0.015977 0.0110345 0.00768884 0.00551051
 1.01317e-16 6.334e-05 0.000615687 0.00409146 0.0185992 0.0578691 0.123297 0.179959 0.179978 0.12339 0.0581817 0.0195022 0.00635811 0.00556385 0.00946081 0.0155401 0.0223782 0.0281348 0.0309739 0.0300393 0.0259523 0.0203759 0.0150137 0.0108263 0.00791734 0.005918
 1.03282e-16 3.14545e-05 0.000305749 0.00203181 0.00923635 0.028738 0.0612313 0.0893797 0.0894318 0.0614856 0.0295918 0.011702 0.00822003 0.0138115 0.0256717 0.0423649 0.0609628 0.0765263 0.0840284 0.0811308 0.069565 0.0539448 0.0390144 0.0274758 0.0196422 0.0144761
 1.02878e-16 6.86643e-05 0.000667442 0.00443538 0.0201626 0.0627334 0.133661 0.195083 0.195092 0.133705 0.0628829 0.0205952 0.00552508 0.00305896 0.00464777 0.00767188 0.0112703 0.0146418 0.0170027 0.0179678 0.0177267 0.0168175 0.0157004 0.0145006 0.0130812 0.0113002
 1.01303e-16 6.41146e-05 0.000623217 0.0041415 0.0188267 0.0585768 0.124805 0.18216 0.18218 0.1249 0.0588958 0.0197476 0.00645186 0.0056625 0.00962216 0.0157735 0.0226408 0.0283149 0.0308996 0.0295283 0.0248892 0.0187801 0.0130584 0.00879385 0.0061084 0.00455601
 1.026e-16 3.7903e-05 0.000368431 0.00244836 0.0111299 0.0346295 0.0737835 0.107699 0.107744 0.0740068 0.0353792 0.0132951 0.00788253 0.0122284 0.0225532 0.0372011 0.0535274 0.0671829 0.0737463 0.0711557 0.0609236 0.047098 0.0338516 0.0235765 0.0165774 0.0119732
 1.02311e-16 6.88397e-05 0.000669147 0.00444671 0.0202141 0.0628937 0.134002 0.195582 0.195592 0.134052 0.0630603 0.020696 0.0056591 0.00332519 0.00514063 0.00846108 0.0123481 0.0158733 0.0181274 0.0186712 0.0177556 0.0160758 0.0142772 0.0126249 0.0110375 0.00934632
 1.01577e-16 5.78331e-05 0.000562159 0.00373574 0.0169822 0.052838 0.112578 0.164316 0.164342 0.112706 0.0532671 0.0182213 0.00684439 0.0073429 0.0129197 0.0212256 0.0304734 0.0381179 0.0416087 0.0397757 0.033537 0.0253012 0.0175599 0.0117525 0.0080534 0.00588151
 1.03437e-16 3.96422e-05 0.000385336 0.0025607 0.0116406 0.0362184 0.0771687 0.112639 0.11268 0.0773711 0.0368982 0.0136045 0.00749159 0.0111537 0.0205028 0.0338629 0.0488452 0.0615596 0.0680466 0.0664468 0.0580701 0.046446 0.0351677 0.0262291 0.0198152 0.015157
 1.04088e-16 5.94716e-05 0.000578085 0.00384158 0.0174633 0.0543348 0.115767 0.168969 0.168986 0.115853 0.0546247 0.0183016 0.00595007 0.00519467 0.00886749 0.0146708 0.0213733 0.0273892 0.031127 0.0318291 0.0299674 0.0268149 0.0235666 0.0207342 0.0181793 0.0155576
 1.02923e-16 5.65461e-05 0.000549648 0.0036526 0.0166042 0.051662 0.110072 0.160659 0.160685 0.110197 0.0520793 0.0178092 0.00667711 0.00715145 0.0125926 0.0207237 0.0298373 0.0375018 0.0412795 0.0400528 0.0346887 0.0274471 0.0206228 0.0154783 0.0120822 0.00983817
 1.03814e-16 4.3713e-05 0.000424906 0.00282365 0.0128359 0.0399375 0.0850925 0.124203 0.12424 0.0852738 0.0405464 0.0145948 0.00723982 0.0100692 0.0183711 0.0303303 0.0437525 0.055152 0.0609911 0.0596181 0.0522225 0.041978 0.0321028 0.024362 0.01888 0.0149148
 1.01352e-16 7.39954e-05 0.000719262 0.00477975 0.021728 0.067604 0.144038 0.210229 0.210236 0.144071 0.0677171 0.0220548 0.00560099 0.00251586 0.00349729 0.00569389 0.00826332 0.0105336 0.0118695 0.0119726 0.01104 0.00959943 0.00816019 0.00696294 0.00597671 0.00506292
pSPR Fmed_Fpbrs
0.54347   0.212757 0.212757
Fs Fmed_Fpbrs
0.34   1.005 1.005
SSBpbr Bo_Bmed_Bpbrs
447885  221017  72896.3 72896.3
Ro
90854
SPR SPRFo_SPRFmed_SPRFpbrs
654543 355724 139259
Fref
1.005
Nvult_r0
 84985.4 4162.95 1463.3 270.907 50.904
CTP_r0
 37824.2 2086.67 733.472 135.791 25.5155
YTP_r0
344414
Np
 77848.7 12842.4 2170.5 82.8893 33.0594
Nvult_p0
 65006.4 11113 1878.22 71.7274 28.6076
CTP_p0
 28932.2 6991.32 266.991 93.8486 19.5978
 28932.2 5570.36 941.453 35.9531 14.3395
YTP_p0
 350204 339644
CBA_c0
346151
log_Ro
11.237
likeval ReclasPelacesDesembMPH_pf_preclas_ppelaces_ptallas_desvR_qrecl_qpela
 26.1528 23.4184 0.0220615 64.9891 262.854 142.074 121.346 0 23.7712 0.00015094 0.000252981 0.0240956 0 0 0
q_reclas_q_pelaces
5.68294 9.48166
M
1
N
 142129 25753.4 29408.2 2635.93 0.145873
 95953.1 36050.7 5945.64 6789.43 608.587
 84698.5 17682.6 5577.24 919.823 1144.51
 128648 15677.6 2750.76 867.612 321.134
 91911 22245.1 2239.38 392.917 169.8
 196318 26631.1 6067.54 610.81 153.486
 69184.4 51645 6435.75 1466.3 184.702
 23948.6 10622.2 6356.07 792.061 203.193
 23062.3 7402.83 3141.96 1880.08 294.388
 31187.4 3828.81 1004.86 426.491 295.162
 51797.2 2138.37 171.598 45.0355 32.3428
 130420 14339.3 550.874 44.2062 19.9338
 70355.8 22645.5 2058.92 79.0976 9.20958
 46380.6 11224.7 2924.35 265.882 11.4037
 64107.5 1150.39 140.692 36.654 3.47551
 221137 8794.11 122.942 15.0357 4.28863
 48448.5 32684.9 1031.93 14.4263 2.26757
 280694 7360.85 3970.03 125.342 2.02771
 280041 45218.7 962.167 518.939 16.649
 247494 34887.5 4283.01 91.1343 50.7297
 236957 41472.4 4791.05 588.18 19.482
 297335 46365.5 6916.59 799.032 101.343
 51695.5 43601 5387.01 803.61 104.611
 126248 8223.32 5609.68 693.091 116.851
 150904 22700.7 1233.62 841.535 121.503
 46770.7 27501.6 3463.33 188.207 146.926
 129610 9186.38 4608.44 580.349 56.158
 122461 26301.3 1603.6 804.46 111.11
 54665.7 27476.1 5206.93 317.468 181.258
 80392.4 11413.8 4970.65 941.976 90.2236
 72995.5 16852.6 2075.22 903.747 187.671
 26663.4 11224.1 2077.98 255.881 134.575
 101775 4810.77 1691.01 313.064 58.8255
pred_Ctot
 28750.8 6295.44 7188.87 644.357 0.0356588
 31991.6 14144.6 2332.79 2663.85 238.781
 28104.3 6907.01 2178.53 359.293 447.059
 45773.2 6532.76 1146.23 361.529 133.815
 12581.4 3725.29 375.019 65.8001 28.4357
 36331.2 5975.36 1361.41 137.051 34.4386
 27309.5 23671.2 2949.78 672.07 84.6571
 2452.85 1339.32 801.417 99.8686 25.62
 8522.29 3194.2 1355.71 811.221 127.024
 18209.7 2479.43 650.719 276.183 191.138
 8292.58 417.026 33.4653 8.78288 6.30753
 46217.5 5952.98 228.696 18.3522 8.27552
 26914.9 10086.4 917.056 35.2305 4.102
 32995.2 8553.04 2228.3 202.597 8.68938
 27468.4 567.974 69.4629 18.097 1.71594
 89882.7 4139.49 57.87 7.07746 2.01871
 19282.7 15093.9 476.544 6.66208 1.04716
 106501 3253.97 1755.01 55.4092 0.896376
 127450 23566.9 501.459 270.459 8.67706
 90691.4 14937.4 1833.81 39.02 21.7204
 73759.2 15262.8 1763.22 216.464 7.16982
 121565 21941.4 3273.12 378.124 47.9585
 19825.4 19464.2 2404.86 358.745 46.7001
 43199.6 3305.14 2254.66 278.569 46.9652
 50914.9 9005.64 489.391 333.847 48.2018
 14491.5 10077.6 1269.09 68.9658 53.8389
 38534.5 3238.53 1624.64 204.594 19.7977
 31427.9 8070.15 492.04 246.837 34.0925
 15639.8 9342.56 1770.49 107.947 61.6322
 22872.1 3860.62 1681.28 318.616 30.5174
 28779.7 7715.92 950.134 413.779 85.9248
 9091.45 4496.44 832.448 102.507 53.9116
 39174.8 2154.85 757.44 140.229 26.3493
F
 0.371806 0.465906 0.465906 0.465906 0.465906
 0.691279 0.866233 0.866233 0.866233 0.866233
 0.686867 0.860705 0.860705 0.860705 0.860705
 0.754961 0.946033 0.946033 0.946033 0.946033
 0.238743 0.299166 0.299166 0.299166 0.299166
 0.33534 0.42021 0.42021 0.42021 0.42021
 0.873829 1.09498 1.09498 1.09498 1.09498
 0.174048 0.218098 0.218098 0.218098 0.218098
 0.795644 0.997012 0.997012 0.997012 0.997012
 1.67997 2.10515 2.10515 2.10515 2.10515
 0.284331 0.356291 0.356291 0.356291 0.356291
 0.750804 0.940823 0.940823 0.940823 0.940823
 0.835445 1.04689 1.04689 1.04689 1.04689
 2.69678 3.37931 3.37931 3.37931 3.37931
 0.986479 1.23615 1.23615 1.23615 1.23615
 0.911871 1.14265 1.14265 1.14265 1.14265
 0.884325 1.10814 1.10814 1.10814 1.10814
 0.825754 1.03474 1.03474 1.03474 1.03474
 1.08281 1.35685 1.35685 1.35685 1.35685
 0.78636 0.985379 0.985379 0.985379 0.985379
 0.631324 0.791105 0.791105 0.791105 0.791105
 0.919779 1.15256 1.15256 1.15256 1.15256
 0.838397 1.05058 1.05058 1.05058 1.05058
 0.715849 0.897022 0.897022 0.897022 0.897022
 0.702398 0.880167 0.880167 0.880167 0.880167
 0.627534 0.786355 0.786355 0.786355 0.786355
 0.594909 0.745473 0.745473 0.745473 0.745473
 0.49448 0.619627 0.619627 0.619627 0.619627
 0.566413 0.709766 0.709766 0.709766 0.709766
 0.562415 0.704756 0.704756 0.704756 0.704756
 0.872332 1.09311 1.09311 1.09311 1.09311
 0.712433 0.892741 0.892741 0.892741 0.892741
 0.842803 1.05611 1.05611 1.05611 1.05611
YTP_r0W_actual
 285194 36412.3 17654.7 4252.98 899.421
YTP_p0W_proyectada
 218149 121998 6426.48 2939.34 690.821
 218149 97202.7 22660.8 1126.05 505.467
CTP_r0_actual
 37824.2 2086.67 733.472 135.791 25.5155
CTP_p0_proyectada
 28932.2 6991.32 266.991 93.8486 19.5978
 28932.2 5570.36 941.453 35.9531 14.3395
Wmedp
 7.54 17.45 24.07 31.32 35.25
Frms_r0
 0.802019 1.005 1.005 1.005 1.005
Zrms_r0
 1.80202 2.005 2.005 2.005 2.005
nmprior
 7.29 8.9 8.7 0
nm_flota  nm_reclas  nm_pelaces    nm_pelaL
inf 10.8647 10.3015 26.1855
cv_recla  cv_pelaces  cv_mph
0.442884 0.530114 0.646365
 ------------------------------------------------
Talla a la edad & desviaci?n 
 8 13.2811 15.8009 17.003 17.5766
 0.8 1.32811 1.58009 1.7003 1.75766
