years
 1991 1992 1993 1994 1995 1996 1997 1998 1999 2000 2001 2002 2003 2004 2005 2006 2007 2008 2009 2010 2011 2012 2013 2014 2015 2016 2017 2018 2019 2020 2021 2022 2023
reclasobs
 0 0 0 0 0 0 0 0 0 252601 567819 844713 477998 351125 339783 2.1784e+06 2.13404e+06 4.81314e+06 1.55562e+06 2.62356e+06 3.21686e+06 3.843e+06 1.13348e+06 3.07943e+06 1.97215e+06 2.03268e+06 2.025e+06 2.42433e+06 2.27542e+06 1.05018e+06 2.36338e+06 3.18982e+06 1.53035e+06
reclaspred
 4.46642e+06 2.47096e+06 1.19797e+06 1.09094e+06 1.23501e+06 2.10285e+06 1.35589e+06 1.02528e+06 631275 340021 500219 914705 818912 184916 469014 1.5845e+06 2.01962e+06 2.1528e+06 2.66454e+06 2.65382e+06 4.82556e+06 3.16013e+06 2.06383e+06 2.29098e+06 1.89487e+06 1.80919e+06 2.83457e+06 2.95741e+06 2.82337e+06 1.97511e+06 1.50664e+06 1.33909e+06 1.17717e+06
pelacesobs
 0 0 0 0 0 0 0 0 0 0 0 0 0 0 0 552880 188675 0 991730 2.46772e+06 1.41603e+06 1.21717e+06 2.29649e+06 1.80582e+06 0 1.4828e+06 1.56532e+06 1.57751e+06 1.42118e+06 867257 1.10002e+06 1.06204e+06 0
pelacespred
 619415 353906 167085 124819 163390 282606 155667 157405 87767.2 38949.9 72838.2 106670 100634 13721 63367.2 192229 243372 271086 367347 343983 607495 439589 278902 338285 264893 249207 483038 476344 389418 303156 201074 175066 154767
mphobs
 0 0 0 0 0 0 0 0 0 0 0 0 498337 0 5186 125008 0 168611 109162 213762 579715 649985 157893 87575 83554 210694 70296 0 107559 103333 445601 22526 28222
mphpred
 1.31824e+06 888737 411720 230784 269275 349820 513356 237993 209699 104942 53790.6 178704 223775 103921 13184 127571 549189 414287 429434 622625 787322 913100 540256 353129 520647 395540 376634 751088 810456 555832 363679 314334 169070
desembarqueobs
 494567 514787 250237 358949 120608 361735 552515 73892 212993 205616 52469 317467 293654 387597 252695 516296 358380 742168 942051 627588 828172 859565 418607 520667 417249 300574 415391 372974 316634 284311 391294 218835 356480
desembarquepred
 494563 514186 250506 358967 120611 361727 552503 73897.8 213068 205682 52471.3 317488 293747 387831 252626 516168 358518 742091 941327 627243 828237 859690 418664 520791 417251 300531 415352 372995 316599 284196 391295 218906 356575
Reclutas
 155331 90346.2 85632.3 127595 100082 195329 72338.5 27758 26709.5 38220.3 74311.4 126399 77419.5 38438.2 76906.9 349368 57455.2 261386 456988 284812 344911 292004 62353.7 169841 162610 77467 261733 171445 72167.9 94123.8 86861.7 34166.2 130190
log_desv_Rt
 0.359835 -0.182078 -0.235664 0.163132 -0.0797377 0.58896 -0.40437 -1.3622 -1.40071 -1.04236 -0.377463 0.153713 -0.336488 -1.03668 -0.34313 1.1704 -0.634721 0.880272 1.43893 0.966103 1.15756 0.991042 -0.552904 0.449138 0.405629 -0.335874 0.881599 0.458538 -0.406731 -0.141116 -0.22141 -1.15449 0.183268
SSB
 1.31824e+06 888737 411720 230784 269275 349820 513356 237993 209699 104942 53790.6 178704 211699 99667.7 12659.6 123377 549189 414287 444889 642428 833323 1.02677e+06 639588 398814 545356 443232 391965 751088 842955 540826 414316 368076 180727
BT
 1.99586e+06 1.40212e+06 664650 701698 579106 1.2976e+06 896235 546045 472626 324146 325596 629837 586519 436660 532793 1.20931e+06 930616 1.62253e+06 2.28118e+06 1.59428e+06 2.73588e+06 2.07257e+06 1.13557e+06 1.73154e+06 1.15366e+06 1.02136e+06 2.29087e+06 1.8349e+06 1.25611e+06 1.17206e+06 954662 668060 893422
Ftot
 0.300121 0.556782 0.55042 0.7663 0.250148 0.407097 1.01058 0.189711 0.814043 1.32183 0.231504 0.790936 0.849113 3.17868 1.02945 0.671572 0.472131 0.780628 0.76782 0.565497 0.419599 0.676044 0.534388 0.520768 0.545557 0.423023 0.329928 0.310073 0.310513 0.368475 0.629494 0.434834 0.66678
BD_Bspro_t
 0.953115 0.696229 0.450169 0.34852 0.357715 0.469834 0.492187 0.279608 0.323404 0.229011 0.170324 0.489391 0.387002 0.190507 0.03269 0.242729 0.457698 0.367109 0.346563 0.387049 0.39175 0.433625 0.358093 0.300404 0.40187 0.402918 0.426276 0.603552 0.614717 0.517728 0.478268 0.421651 0.366163
BD_Bspro
 1.68816 1.13813 0.527258 0.295547 0.344839 0.447987 0.657414 0.304779 0.268545 0.134391 0.0688854 0.228852 0.271106 0.127637 0.0162122 0.157999 0.703303 0.530544 0.569734 0.822706 1.06717 1.3149 0.81907 0.510729 0.698395 0.567612 0.501959 0.961859 1.07951 0.692593 0.530582 0.471365 0.231442
BD_Bo
 1.50287 1.01321 0.469386 0.263108 0.306989 0.398816 0.585257 0.271327 0.23907 0.11964 0.0613245 0.203733 0.24135 0.113627 0.0144327 0.140657 0.626108 0.472311 0.5072 0.732406 0.950038 1.17057 0.729169 0.454672 0.621739 0.505311 0.446864 0.856286 0.961019 0.616574 0.472345 0.419628 0.206039
BD_Brms
 8.47137 5.71128 2.64584 1.48309 1.73044 2.24805 3.29898 1.52942 1.34759 0.674387 0.345674 1.1484 1.36044 0.640494 0.0813544 0.792857 3.52925 2.66233 2.85899 4.12843 5.35518 6.5983 4.11018 2.5629 3.50462 2.84834 2.51888 4.82671 5.41707 3.47551 2.66252 2.36536 1.1614
Sel_flota
 0.731775 1 1 1 1
 0.731775 1 1 1 1
 0.731775 1 1 1 1
 0.731775 1 1 1 1
 0.731775 1 1 1 1
 0.731775 1 1 1 1
 0.731775 1 1 1 1
 0.731775 1 1 1 1
 0.731775 1 1 1 1
 0.731775 1 1 1 1
 0.731775 1 1 1 1
 0.731775 1 1 1 1
 0.731775 1 1 1 1
 0.731775 1 1 1 1
 0.731775 1 1 1 1
 0.731775 1 1 1 1
 0.731775 1 1 1 1
 0.731775 1 1 1 1
 0.731775 1 1 1 1
 0.731775 1 1 1 1
 0.731775 1 1 1 1
 0.731775 1 1 1 1
 0.731775 1 1 1 1
 0.731775 1 1 1 1
 0.731775 1 1 1 1
 0.731775 1 1 1 1
 0.731775 1 1 1 1
 0.731775 1 1 1 1
 0.731775 1 1 1 1
 0.731775 1 1 1 1
 0.731775 1 1 1 1
 0.731775 1 1 1 1
 0.731775 1 1 1 1
Sel_reclas
 0.5 1 1 1 1
 0.5 1 1 1 1
 0.5 1 1 1 1
 0.5 1 1 1 1
 0.5 1 1 1 1
 0.5 1 1 1 1
 0.5 1 1 1 1
 0.5 1 1 1 1
 0.5 1 1 1 1
 0.5 1 1 1 1
 0.5 1 1 1 1
 0.5 1 1 1 1
 0.5 1 1 1 1
 0.5 1 1 1 1
 0.5 1 1 1 1
 0.5 1 1 1 1
 0.5 1 1 1 1
 0.5 1 1 1 1
 0.5 1 1 1 1
 0.5 1 1 1 1
 0.5 1 1 1 1
 0.5 1 1 1 1
 0.5 1 1 1 1
 0.5 1 1 1 1
 0.5 1 1 1 1
 0.5 1 1 1 1
 0.5 1 1 1 1
 0.5 1 1 1 1
 0.5 1 1 1 1
 0.5 1 1 1 1
 0.5 1 1 1 1
 0.5 1 1 1 1
 0.5 1 1 1 1
Sel_pelaces
 0.5 1 1 1 1
 0.5 1 1 1 1
 0.5 1 1 1 1
 0.5 1 1 1 1
 0.5 1 1 1 1
 0.5 1 1 1 1
 0.5 1 1 1 1
 0.5 1 1 1 1
 0.5 1 1 1 1
 0.5 1 1 1 1
 0.5 1 1 1 1
 0.5 1 1 1 1
 0.5 1 1 1 1
 0.5 1 1 1 1
 0.5 1 1 1 1
 0.5 1 1 1 1
 0.5 1 1 1 1
 0.5 1 1 1 1
 0.5 1 1 1 1
 0.5 1 1 1 1
 0.5 1 1 1 1
 0.5 1 1 1 1
 0.5 1 1 1 1
 0.5 1 1 1 1
 0.5 1 1 1 1
 0.5 1 1 1 1
 0.5 1 1 1 1
 0.5 1 1 1 1
 0.5 1 1 1 1
 0.5 1 1 1 1
 0.5 1 1 1 1
 0.5 1 1 1 1
 0.5 1 1 1 1
pf_obs 
 0.8446 0.082 0.0669 0.0065 0
 0.8095 0.147 0.0364 0.0071 0
 0.9664 0.0169 0.016 0.0007 0
 0.9276 0.0648 0.0075 0.0001 0
 0.7033 0.2144 0.0806 0.0017 0
 0.9318 0.0425 0.0243 0.0014 0
 0.5671 0.3108 0.0964 0.0239 0.0018
 0.0768 0.2599 0.5324 0.112 0.0189
 0.490249 0.384438 0.106611 0.0170017 0.00170017
 0.7925 0.1577 0.0466 0.003 0.0002
 0.840416 0.127587 0.0312969 0.00059994 9.999e-05
 0.8084 0.0986 0.0794 0.0134 0.0002
 0.7335 0.1905 0.0724 0.0035 0.0001
 0.4001 0.4547 0.1325 0.0127 0
 0.49795 0.308269 0.164784 0.0264974 0.00249975
 0.9179 0.0499 0.0305 0.0017 0
 0.2467 0.6533 0.0926 0.0074 0
 0.9418 0.0223 0.034 0.0019 0
 0.707729 0.231977 0.0356964 0.0245975 0
 0.517169 0.277429 0.184464 0.0207286 0.00020938
 0.811772 0.124168 0.05621 0.00726502 0.000585176
 0.764997 0.148141 0.077277 0.00933861 0.000247198
 0.163321 0.427699 0.378323 0.0303852 0.000271297
 0.753843 0.0900009 0.118128 0.0371064 0.000921714
 0.721811 0.176058 0.0630433 0.0369309 0.00215725
 0.143369 0.312575 0.442814 0.0836902 0.0175525
 0.692698 0.0596174 0.167031 0.0765114 0.00414204
 0.394062 0.376323 0.152708 0.0712218 0.00568511
 0.125707 0.32114 0.495352 0.0537591 0.00404204
 0.23352 0.215282 0.420074 0.123614 0.00750983
 0.796117 0.104755 0.0508955 0.0450114 0.00322123
 0.162477 0.292055 0.404252 0.121198 0.0200186
 0 0 0 0 0
pf_pred 
 0.56282 0.148728 0.267459 0.0209913 8.4086e-07
 0.497382 0.326054 0.0600667 0.108019 0.00847807
 0.641651 0.214047 0.0936105 0.0172452 0.0334463
 0.776921 0.162476 0.0361993 0.0158313 0.00857288
 0.703328 0.250462 0.0336559 0.00749847 0.00505518
 0.789587 0.162291 0.040626 0.00545912 0.00203625
 0.480055 0.439717 0.0618795 0.0154901 0.00285788
 0.495055 0.303279 0.170548 0.0240005 0.00711643
 0.580025 0.243586 0.105943 0.0595766 0.0108699
 0.799123 0.137475 0.0367733 0.0159938 0.0106351
 0.901078 0.0863763 0.00858591 0.00229666 0.00166309
 0.800809 0.18488 0.0124963 0.00124215 0.000572867
 0.670654 0.284138 0.0419603 0.00283615 0.000411935
 0.633048 0.279951 0.0750589 0.0110844 0.000858029
 0.973492 0.0216847 0.0036797 0.000986583 0.000156973
 0.952814 0.0464131 0.000632443 0.00010732 3.33523e-05
 0.35231 0.62738 0.0199767 0.000272209 6.05467e-05
 0.860129 0.0623113 0.0751273 0.00239216 3.98467e-05
 0.857433 0.129112 0.0059943 0.00722719 0.000233957
 0.675453 0.293227 0.0283634 0.00131683 0.00163907
 0.742534 0.195041 0.056401 0.00545556 0.000568554
 0.664477 0.271263 0.04868 0.014077 0.00150355
 0.356232 0.484108 0.129081 0.0231645 0.00741406
 0.792682 0.0937933 0.0853697 0.0227627 0.00539235
 0.714911 0.242508 0.0192644 0.0175342 0.00578283
 0.538258 0.364563 0.0826646 0.00656672 0.00794818
 0.85677 0.090324 0.0417716 0.0094717 0.00166312
 0.605728 0.353301 0.0258367 0.0119485 0.00318505
 0.427704 0.393867 0.159888 0.0116925 0.00684876
 0.636747 0.188097 0.120546 0.048935 0.00567471
 0.647711 0.25287 0.0514804 0.0329924 0.0149462
 0.488616 0.376511 0.0968104 0.0197091 0.0183531
 0.866709 0.0778037 0.0408533 0.0105044 0.00412993
pobs_RECLAS
 0 0 0 0 0
 0 0 0 0 0
 0 0 0 0 0
 0 0 0 0 0
 0 0 0 0 0
 0 0 0 0 0
 0 0 0 0 0
 0 0 0 0 0
 0 0 0 0 0
 0 0 0 0 0
 0.991045 0.00858322 0.000360255 1.14367e-05 0
 0.934742 0.0480273 0.0164251 0.00080598 0
 0.827803 0.169806 0.00239088 0 0
 0.941827 0.0461693 0.0120037 0 0
 0.791401 0.0380133 0.147996 0.0225897 0
 0.846168 0.0940531 0.0597789 0 0
 0.134021 0.677848 0.182769 0.00536245 0
 0.80878 0.0450904 0.141981 0.00414843 0
 0.846168 0.0940531 0.0597789 0 0
 0.905697 0.0802665 0.012482 0.00150086 5.37128e-05
 0.989698 0.0102097 9.19794e-05 0 0
 0.975433 0.0193895 0.00387452 0.00125025 5.28907e-05
 0.303575 0.632131 0.0575291 0.00676475 0
 0.966965 0.00978017 0.0227588 0.000495775 0
 0.843318 0.132988 0.00938335 0.0141283 0.000182051
 0.564624 0.303363 0.111486 0.0197234 0.00080311
 0.826376 0.0876187 0.0782897 0.00655872 0.00115652
 0.89761 0.0855135 0.0140674 0.00269457 0.000114338
 0.34875 0.467042 0.161289 0.0227151 0.000203297
 0.318654 0.224769 0.449479 0.00709798 0
 0.937255 0.0296025 0.0250945 0.00804832 0
 0.456809 0.399803 0.12412 0.0192676 0
 0.883104 0.0372192 0.0704036 0.00927362 0
ppred_RECLAS
 0.470033 0.180294 0.324225 0.0254465 1.01933e-06
 0.407688 0.38424 0.070786 0.127295 0.00999103
 0.554584 0.266053 0.116355 0.0214352 0.0415727
 0.709757 0.211393 0.047098 0.0205977 0.011154
 0.619864 0.320926 0.0431244 0.00960805 0.00647738
 0.721823 0.214558 0.0537097 0.00721725 0.00269204
 0.396365 0.510494 0.0718395 0.0179834 0.00331788
 0.402318 0.358979 0.201871 0.0284084 0.00842343
 0.492906 0.294115 0.12792 0.0719351 0.0131247
 0.742484 0.176237 0.047142 0.0205035 0.0136337
 0.862293 0.120243 0.0119523 0.00319713 0.00231516
 0.738648 0.242575 0.0163959 0.00162978 0.000751639
 0.589444 0.3542 0.052307 0.0035355 0.000513511
 0.594767 0.309155 0.0828892 0.0122408 0.00094754
 0.963162 0.0301349 0.00511363 0.00137104 0.000218143
 0.933842 0.0650744 0.000886728 0.00015047 4.67622e-05
 0.273812 0.703417 0.0223978 0.0003052 6.78848e-05
 0.812061 0.0837255 0.100946 0.00321426 5.35407e-05
 0.808547 0.173384 0.00804974 0.00970539 0.000314181
 0.591521 0.36906 0.0356985 0.00165738 0.00206296
 0.666128 0.252922 0.0731386 0.00707457 0.00073728
 0.580652 0.339033 0.0608418 0.0175939 0.00187918
 0.277731 0.54314 0.144821 0.0259892 0.00831813
 0.726438 0.123763 0.112648 0.030036 0.00711535
 0.635486 0.310069 0.0246313 0.0224192 0.00739389
 0.446456 0.437044 0.0990996 0.00787229 0.0095284
 0.80488 0.123047 0.0569046 0.0129031 0.00226563
 0.514269 0.435257 0.0318301 0.0147202 0.00392389
 0.339951 0.454261 0.184404 0.0134853 0.00789891
 0.547598 0.23426 0.150131 0.0609446 0.00706739
 0.561942 0.314434 0.0640139 0.0410249 0.018585
 0.398089 0.443163 0.113948 0.0231981 0.0216021
 0.819636 0.10528 0.0552807 0.014214 0.00558843
pobs_PELACES
 0 0 0 0 0
 0 0 0 0 0
 0 0 0 0 0
 0 0 0 0 0
 0 0 0 0 0
 0 0 0 0 0
 0 0 0 0 0
 0 0 0 0 0
 0 0 0 0 0
 0 0 0 0 0
 0 0 0 0 0
 0 0 0 0 0
 0 0 0 0 0
 0 0 0 0 0
 0 0 0 0 0
 0 0 0 0 0
 0.505614 0.472636 0.0217494 0 0
 0 0 0 0 0
 0.443492 0.261883 0.143347 0.151278 0
 0.227955 0.32914 0.350689 0.0885471 0.00366901
 0.970185 0.0296113 0.000203453 0 0
 0.997202 0.00247181 0.000326279 0 0
 0.445219 0.490057 0.0546422 0.010081 0
 0.90214 0.0892962 0.00764917 0.000914606 0
 0 0 0 0 0
 0.581667 0.319106 0.0959925 0.00289975 0.000334073
 0.762889 0.0836404 0.116647 0.0363945 0.000428098
 0.88444 0.0763242 0.0277011 0.0115352 0
 0.521256 0.241999 0.230069 0.00667565 0
 0.616807 0.101726 0.260614 0.0208532 0
 0.833518 0.0704572 0.0857862 0.0102388 0
 0.697417 0.212968 0.0787535 0.0105354 0.000325836
 0 0 0 0 0
ppred_PELACES
 0.476655 0.178042 0.320174 0.0251285 1.00659e-06
 0.41964 0.376486 0.0693575 0.124726 0.00978942
 0.566585 0.258885 0.11322 0.0208577 0.0404526
 0.723529 0.201363 0.0448633 0.0196204 0.0106247
 0.625068 0.316533 0.0425342 0.00947653 0.00638872
 0.729 0.209022 0.052324 0.00703104 0.00262258
 0.417953 0.492237 0.0692704 0.0173403 0.00319923
 0.406363 0.35655 0.200505 0.0282162 0.00836643
 0.510917 0.283668 0.123376 0.0693801 0.0126586
 0.764213 0.161366 0.0431641 0.0187734 0.0124833
 0.864708 0.118134 0.0117427 0.00314106 0.00227456
 0.751936 0.230242 0.0155623 0.00154692 0.000713425
 0.607502 0.338621 0.0500062 0.00337999 0.000490924
 0.660398 0.259085 0.0694647 0.0102583 0.000794079
 0.966262 0.0275989 0.00468329 0.00125566 0.000199785
 0.937421 0.0615539 0.000838756 0.00014233 4.42324e-05
 0.2822 0.695292 0.0221391 0.000301675 6.71007e-05
 0.822379 0.0791286 0.0954036 0.00303778 5.06011e-05
 0.818847 0.164056 0.00761664 0.00918322 0.000297277
 0.603558 0.358185 0.0346466 0.00160854 0.00200217
 0.674336 0.246704 0.0713405 0.00690064 0.000719153
 0.595148 0.327313 0.0587386 0.0169857 0.00181422
 0.287319 0.53593 0.142899 0.0256442 0.00820771
 0.735503 0.119662 0.108915 0.0290408 0.0068796
 0.646597 0.300618 0.0238805 0.0217358 0.00716851
 0.455727 0.429724 0.0974399 0.00774044 0.00936882
 0.809426 0.12018 0.0555789 0.0126025 0.00221285
 0.521122 0.429116 0.031381 0.0145126 0.00386854
 0.346145 0.449998 0.182674 0.0133588 0.00782479
 0.555664 0.230082 0.147454 0.0598579 0.00694138
 0.575607 0.304625 0.062017 0.0397451 0.0180052
 0.407347 0.436347 0.112196 0.0228413 0.0212698
 0.828198 0.100283 0.0526568 0.0135394 0.00532317
pobs_pel_tallas
 0 0 0 0 0 0 0 0 0 0 0 0 0 0 0 0 0 0 0 0 0 0 0 0 0 0
 0 0 0 0 0 0 0 0 0 0 0 0 0 0 0 0 0 0 0 0 0 0 0 0 0 0
 0 0 0 0 0 0 0 0 0 0 0 0 0 0 0 0 0 0 0 0 0 0 0 0 0 0
 0 0 0 0 0 0 0 0 0 0 0 0 0 0 0 0 0 0 0 0 0 0 0 0 0 0
 0 0 0 0 0 0 0 0 0 0 0 0 0 0 0 0 0 0 0 0 0 0 0 0 0 0
 0 0 0 0 0 0 0 0 0 0 0 0 0 0 0 0 0 0 0 0 0 0 0 0 0 0
 0 0 0 0 0 0 0 0 0 0 0 0 0 0 0 0 0 0 0 0 0 0 0 0 0 0
 0 0 0 0 0 0 0 0 0 0 0 0 0 0 0 0 0 0 0 0 0 0 0 0 0 0
 0 0 0 0 0 0 0 0 0 0 0 0 0 0 0 0 0 0 0 0 0 0 0 0 0 0
 0 0 0 0 0 0 0 0 0 0 0 0 0 0 0 0 0 0 0 0 0 0 0 0 0 0
 0 0 0 0 0 0 0 0 0 0 0 0 0 0 0 0 0 0 0 0 0 0 0 0 0 0
 0 0 0 0 0 0 0 0 0 0 0 0 0 0 0 0 0 0 0 0 0 0 0 0 0 0
 0.00862536 0 0 0.000197151 0.00414017 0.0128641 0.00837892 0.0270097 0.101434 0.158115 0.152841 0.127902 0.109271 0.109419 0.0830992 0.0579132 0.0238553 0.00714673 0.00463305 0.00128148 0.00103504 0.000492878 0.000147863 0.000147863 4.92878e-05 0
 0 0 0 0 0 0 0 0 0 0 0 0 0 0 0 0 0 0 0 0 0 0 0 0 0 0
 0 0 0 0 0 0 0 0.0054083 0.00873648 0.0413646 0.0450493 0.0745869 0.0622846 0.0627006 0.0613931 0.0827291 0.12552 0.122667 0.0946155 0.0697135 0.0546179 0.0294188 0.0215738 0.0213955 0.0102223 0.00600262
 0 0 0 0 0.00359764 0.0251062 0.0480494 0.140153 0.205849 0.193036 0.1447 0.116669 0.0760912 0.0342217 0.00950174 0.001854 0.000860785 0 0 0 0.000165536 0 0.000143464 0 0 0
 0 0 0 0 0 0 0 0.000145254 0.000435761 0.0275982 0.070085 0.0708112 0.156366 0.174668 0.174014 0.160142 0.0824315 0.0480064 0.0283245 0.00493863 0.00203355 0 0 0 0 0
 0 0 0 0 0 0 0 0 0 0 0 0 0 0 0 0 0 0 0 0 0 0 0 0 0 0
 0 0 1.00437e-05 0.000401748 0.00122533 0.00171747 0.00176769 0.0269171 0.070346 0.194647 0.189555 0.159765 0.064822 0.0314167 0.0384472 0.0292271 0.0345202 0.0313363 0.0194345 0.0106764 0.0143323 0.0359363 0.0279516 0.0138201 0.00172751 0
 0 0.0021121 0.0136068 0.0755702 0.200478 0.177729 0.0527432 0.0373336 0.0318909 0.0142505 0.0149659 0.0166563 0.0217959 0.0798694 0.0677717 0.0528807 0.04013 0.0224614 0.0357745 0.0225083 0.00881397 0.00855152 0.00135912 0.000746735 0 0
 0 0 0 0 5.4009e-05 0.00500934 0.000945158 0.0243581 0.138947 0.33067 0.221406 0.137944 0.0707744 0.0437923 0.0131692 0.00525238 0.0047753 0.00276346 9.45158e-05 9.00151e-06 2.25038e-05 9.00151e-06 4.50075e-06 0 0 0
 0.000866109 0.00284123 0.00948549 0.0512746 0.133035 0.25785 0.225252 0.132002 0.0553304 0.0519788 0.0540692 0.017754 0.00435017 0.00159236 0.00146478 0.000404838 0.000125132 0.000115318 0.000107957 0.000100596 0 0 0 0 0 0
 0 0 0 0 0.00144013 0.00171154 0.00461396 0.0210425 0.0478622 0.0707936 0.0888783 0.103762 0.0637923 0.0337046 0.0602308 0.124433 0.169614 0.0934646 0.0462172 0.0250306 0.0313229 0.00938855 0.002487 0.000210481 0 0
 0 0.00764035 0.051015 0.0998891 0.058973 0.0496711 0.0374665 0.0718981 0.12319 0.153886 0.159021 0.0857701 0.0377988 0.023471 0.0147837 0.00900784 0.00315554 0.000888139 0.00291439 0.00214683 0.00393193 0.00274676 0.000635225 9.99891e-05 0 0
 0 0 0 0 0 0 0 0 0 0 0 0 0 0 0 0 0 0 0 0 0 0 0 0 0 0
 0 0 0 0 0 0 0 0 0 0 0 0 0 0 0 0 0 0 0 0 0 0 0 0 0 0
 0 0 0 0 0 0 0 0 0 0 0 0 0 0 0 0 0 0 0 0 0 0 0 0 0 0
 0 0 0 0 0 0 0 0 0 0 0 0 0 0 0 0 0 0 0 0 0 0 0 0 0 0
 0 0 0 0 0 0 0 0 0 0 0 0 0 0 0 0 0 0 0 0 0 0 0 0 0 0
 0 0 0 0 0 0 0 0 0 0 0 0 0 0 0 0 0 0 0 0 0 0 0 0 0 0
 0 0 0 0 0 0 0 0 0 0 0 0 0 0 0 0 0 0 0 0 0 0 0 0 0 0
 0 0 0 0 0 0 0 0 0 0 0 0 0 0 0 0 0 0 0 0 0 0 0 0 0 0
 0 0 0 0 0 0 0 0 0 0 0 0 0 0 0 0 0 0 0 0 0 0 0 0 0 0
ppred_pel_tallas
 1.11806e-16 3.92615e-05 0.000381635 0.0025361 0.0115288 0.0358704 0.0764262 0.11155 0.111568 0.0765126 0.0361615 0.0123757 0.0046841 0.00514396 0.00929793 0.0158666 0.0241475 0.0330566 0.0414126 0.0485119 0.0542591 0.0586756 0.0613015 0.0611653 0.0574233 0.0501044
 1.16263e-16 3.45653e-05 0.000335987 0.00223275 0.0101498 0.03158 0.0672858 0.0982132 0.0982496 0.0674635 0.0321767 0.0118744 0.00656563 0.00980801 0.0180649 0.029925 0.0433928 0.0552215 0.0621744 0.0628926 0.0587445 0.0528555 0.0480803 0.0454918 0.044303 0.0428836
 1.12271e-16 4.66689e-05 0.000453638 0.00301459 0.0137039 0.042638 0.0908458 0.132597 0.132622 0.0909684 0.0430501 0.0148959 0.00601316 0.0070211 0.0125833 0.0208977 0.0304994 0.0392058 0.0448218 0.0463571 0.0445762 0.041356 0.0383916 0.0362917 0.0346141 0.0325343
 1.05112e-16 5.95961e-05 0.000579296 0.00384962 0.0174998 0.0544486 0.116009 0.169323 0.169342 0.116104 0.0547677 0.0184219 0.00616573 0.00564085 0.00968879 0.0159671 0.0231008 0.0292784 0.0326987 0.0325481 0.0294765 0.0251231 0.0210835 0.0181293 0.0161391 0.0145546
 1.0334e-16 5.14861e-05 0.000500463 0.00332575 0.0151184 0.0470391 0.100223 0.146285 0.146315 0.100372 0.0475396 0.0165639 0.00695404 0.00842059 0.0150919 0.0248651 0.0358064 0.045012 0.0495552 0.0480864 0.0416321 0.0328896 0.0246069 0.0183098 0.0141093 0.0113266
 1.02713e-16 6.00468e-05 0.000583677 0.00387874 0.0176322 0.0548604 0.116887 0.170604 0.170624 0.116985 0.0551916 0.0185895 0.00628329 0.00583842 0.010056 0.0165719 0.0239644 0.0303385 0.0337942 0.03344 0.0298941 0.0248128 0.0198489 0.015869 0.012887 0.0105061
 1.04406e-16 3.44263e-05 0.000334636 0.00222378 0.010109 0.0314531 0.067016 0.0978217 0.0978691 0.0672478 0.0322315 0.0123572 0.00786708 0.0126539 0.0234307 0.0386803 0.0557146 0.0700563 0.077155 0.0749025 0.0648754 0.0512401 0.0382431 0.0282454 0.021435 0.0168024
 1.10123e-16 3.34716e-05 0.000325356 0.00216211 0.00982865 0.0305808 0.0651568 0.0951055 0.0951402 0.065326 0.0311496 0.0114746 0.00630515 0.00940773 0.0173941 0.0289942 0.0424423 0.0547873 0.0629923 0.0655884 0.0634048 0.0587154 0.0535636 0.0486761 0.043636 0.0378096
 1.12733e-16 4.20836e-05 0.000409068 0.0027184 0.0123575 0.0384488 0.0819203 0.119571 0.119598 0.0820547 0.0389006 0.0136643 0.00600639 0.00761239 0.0137987 0.0229476 0.0335344 0.0432016 0.0495767 0.0516011 0.0501116 0.0471132 0.04435 0.0423343 0.0404369 0.0376902
 1.05283e-16 6.29473e-05 0.00061187 0.00406609 0.0184839 0.0575102 0.122532 0.178843 0.178858 0.122608 0.0577662 0.0192237 0.00592522 0.00467695 0.00780297 0.0128529 0.0186352 0.0237073 0.0266478 0.0268206 0.0247446 0.0217044 0.0189232 0.0169482 0.0156145 0.0144297
 1.0107e-16 7.12249e-05 0.000692331 0.00460078 0.0209145 0.0650728 0.138645 0.202359 0.20237 0.138701 0.0652595 0.0214535 0.00595339 0.00364387 0.00567318 0.00925695 0.0133066 0.0166887 0.0183009 0.0176379 0.0150916 0.0116893 0.00848476 0.00607419 0.0045135 0.00354599
 1.00784e-16 6.1936e-05 0.00060204 0.00400077 0.0181869 0.0565864 0.120564 0.175971 0.175994 0.120672 0.0569499 0.0192364 0.00663375 0.00634515 0.0109552 0.0179765 0.0258032 0.0322646 0.0351911 0.0335798 0.0281949 0.021068 0.0143133 0.00917225 0.00583163 0.00384478
 1.01952e-16 5.00392e-05 0.000486399 0.00323229 0.0146936 0.0457173 0.0974067 0.142175 0.142207 0.0975662 0.0462528 0.0162402 0.0071144 0.0089608 0.0161434 0.0266058 0.0383118 0.0481514 0.0529774 0.0513178 0.0442331 0.0345741 0.0252684 0.0179787 0.0129038 0.0094315
 1.03235e-16 5.43961e-05 0.00052875 0.00351373 0.0159729 0.0496978 0.105887 0.154551 0.154576 0.10601 0.0501086 0.01716 0.00649586 0.00704679 0.0124568 0.0205683 0.0297648 0.037721 0.0420886 0.0417607 0.0374891 0.0312993 0.0252057 0.0202544 0.0164549 0.0133338
 1.00303e-16 7.95898e-05 0.000773641 0.00514112 0.0233708 0.0727151 0.154927 0.226122 0.226124 0.15494 0.0727588 0.0234969 0.00545784 0.00146526 0.00139373 0.00217978 0.00313611 0.00395145 0.00436773 0.00426719 0.00373688 0.00300642 0.0023079 0.00176742 0.00139112 0.00112157
 1.00062e-16 7.72141e-05 0.000750549 0.00498766 0.0226732 0.0705447 0.150303 0.219373 0.219379 0.150332 0.0706418 0.0229534 0.00569036 0.00228244 0.00298039 0.00478876 0.00685279 0.00853714 0.00925253 0.00872943 0.00717919 0.00516136 0.0032638 0.00183973 0.000950852 0.00047515
 1.00859e-16 2.32446e-05 0.000225946 0.00150149 0.0068256 0.0212373 0.0452509 0.066059 0.0661259 0.0455776 0.0223342 0.00999197 0.00944328 0.0175422 0.0328488 0.0541082 0.077564 0.0967388 0.105043 0.0994324 0.0822608 0.0597843 0.0385628 0.022521 0.0123349 0.00666223
 1.03087e-16 6.77383e-05 0.000658441 0.00437557 0.0198907 0.0618874 0.131858 0.192452 0.19246 0.131896 0.0620153 0.0202616 0.00531277 0.00272483 0.00405197 0.00674678 0.0100721 0.0134106 0.0161503 0.0179578 0.0188878 0.0191851 0.0189758 0.0181467 0.0165075 0.0140472
 1.01234e-16 6.74474e-05 0.000655613 0.00435678 0.0198053 0.0616217 0.131292 0.191628 0.191644 0.131369 0.0618806 0.0205529 0.00623238 0.0047465 0.00782645 0.0128052 0.0183783 0.0229843 0.0250858 0.0239842 0.0202451 0.0153336 0.0107584 0.00738064 0.00528284 0.00408289
 1.01592e-16 4.97143e-05 0.000483241 0.00321131 0.0145982 0.0454205 0.0967744 0.141252 0.141287 0.0969429 0.0459863 0.016232 0.0073111 0.00942832 0.0170238 0.0280271 0.0402788 0.050458 0.0552077 0.0529686 0.0449061 0.03413 0.0238624 0.0159752 0.0107317 0.00745364
 1.02936e-16 5.55442e-05 0.00053991 0.00358789 0.01631 0.0507467 0.108122 0.157812 0.157836 0.108239 0.051138 0.0174409 0.00642908 0.00675093 0.0118767 0.019612 0.0283972 0.0360205 0.040248 0.0400198 0.036035 0.0301955 0.0243927 0.0196084 0.0158596 0.0127263
 1.0379e-16 4.90216e-05 0.000476508 0.00316656 0.0143948 0.0447876 0.0954259 0.139283 0.139315 0.0955801 0.0453056 0.0158913 0.00692409 0.00868267 0.0156442 0.025812 0.0372408 0.0469623 0.0519773 0.0508957 0.0447441 0.0362292 0.0280769 0.021754 0.0173131 0.0140678
 1.08222e-16 2.36662e-05 0.000230044 0.00152872 0.00694939 0.0216224 0.0460707 0.0672524 0.0673042 0.0463237 0.0224721 0.00940503 0.00769788 0.0137145 0.0256832 0.0425528 0.0616014 0.078101 0.0872178 0.0866865 0.0780879 0.0656278 0.0534668 0.0437293 0.0363608 0.03029
 1.07251e-16 6.05824e-05 0.000588882 0.00391333 0.0177894 0.0553496 0.117929 0.172123 0.172134 0.117986 0.055542 0.0183471 0.00532065 0.00368577 0.00601485 0.0100387 0.0149031 0.0196834 0.0234619 0.0257991 0.0269177 0.0273802 0.0275476 0.0273 0.026214 0.0239704
 1.04159e-16 5.32594e-05 0.000517701 0.0034403 0.0156391 0.0486593 0.103675 0.151323 0.151352 0.103816 0.0491342 0.0170105 0.00688153 0.00802655 0.0143044 0.0235399 0.0338526 0.042469 0.0466109 0.0450246 0.0387476 0.0304274 0.0227503 0.0171884 0.0137873 0.0117696
 1.05284e-16 3.75377e-05 0.00036488 0.00242476 0.0110226 0.0342957 0.0730721 0.10666 0.106701 0.0732748 0.0349764 0.0129894 0.00736421 0.0111564 0.0205578 0.033992 0.0491136 0.062072 0.0689457 0.0678961 0.0602172 0.0493717 0.0388414 0.0304921 0.0244038 0.0197571
 1.03274e-16 6.66713e-05 0.000648069 0.00430665 0.0195774 0.0609126 0.129781 0.189422 0.189434 0.129838 0.061104 0.0201309 0.0056991 0.00369793 0.00588869 0.00970761 0.01416 0.0181886 0.0207537 0.0213641 0.0203312 0.0184808 0.0165731 0.014908 0.0133573 0.0116685
 1.03126e-16 4.29242e-05 0.000417239 0.0027727 0.0126043 0.0392169 0.0835573 0.121963 0.122004 0.0837592 0.0398945 0.014561 0.00768202 0.0111272 0.0203622 0.0335408 0.0481866 0.0603343 0.0659743 0.0632677 0.0536588 0.0409277 0.0289692 0.0200111 0.0142913 0.0108733
 1.08051e-16 2.85116e-05 0.000277143 0.00184172 0.0083722 0.0260493 0.0555023 0.0810163 0.0810599 0.0557152 0.0267647 0.0104409 0.00704331 0.0116613 0.0217337 0.036105 0.0525176 0.0670981 0.0758656 0.0769075 0.0713926 0.0625383 0.053445 0.0455723 0.0387649 0.0322866
 1.11492e-16 4.57694e-05 0.000444895 0.00295648 0.0134398 0.0418162 0.0890946 0.130041 0.130063 0.089204 0.0421841 0.0145051 0.00564039 0.00633631 0.0113304 0.0189115 0.0278339 0.036263 0.0423444 0.045223 0.0454636 0.0444483 0.0432701 0.0420577 0.0401708 0.0369114
 1.08901e-16 4.74121e-05 0.000460862 0.00306259 0.0139221 0.043317 0.0922926 0.13471 0.134739 0.0924363 0.0437997 0.0153167 0.0065654 0.00811528 0.0146081 0.024139 0.0349245 0.0442629 0.0494455 0.0492669 0.044745 0.0383935 0.0326392 0.0286219 0.0260853 0.0240829
 1.0924e-16 3.35527e-05 0.000326144 0.00216734 0.00985246 0.0306549 0.065315 0.095338 0.0953802 0.065521 0.0313467 0.0118516 0.00718968 0.0113038 0.0209228 0.034644 0.0501559 0.0636084 0.0710868 0.0707838 0.0640358 0.0543149 0.0450304 0.0378805 0.0327226 0.0285337
 1.03804e-16 6.82176e-05 0.000663099 0.00440653 0.0200314 0.0623253 0.132791 0.193814 0.193824 0.132839 0.0624852 0.0204942 0.00557115 0.00321589 0.00494709 0.0081511 0.0119246 0.0153942 0.0177124 0.0184839 0.0179674 0.0168272 0.0156481 0.0146163 0.0135631 0.0122359
pSPR Fmed_Fpbrs
0.555851   0.227405 0.227405
Fs Fmed_Fpbrs
0.34   1.005 1.005
SSBpbr Bo_Bmed_Bpbrs
877147  443706  155611 155611
Ro
108389
SPR SPRFo_SPRFmed_SPRFpbrs
780871 434048 177574
Fref
1.005
Nvult_r0
 107234 7912.18 4154.54 1068.24 419.99
CTP_r0
 45443.3 3965.96 2082.45 535.45 210.519
YTP_r0
486164
Np
 104192 18371.6 3959.28 232.528 138.538
Nvult_p0
 85820.9 15897.7 3426.12 201.216 119.882
CTP_p0
 36368.8 12753.1 748.988 393.279 120.219
 36368.8 7968.66 1717.33 100.859 60.0906
YTP_p0
 531345 459887
CBA_c0
499718
log_Ro
11.4135
likeval ReclasPelacesDesembMPH_pf_preclas_ppelaces_ptallas_desvR_qrecl_qpela
 23.5817 166.494 0.0245008 181.501 241.443 148.773 123.39 0 25.5333 6.48106e-05 0 0.0730278 0 0 0
q_reclas_q_pelaces
3.12212 1
M
1
N
 155331 31014.5 55773.6 4377.34 0.175345
 90346.2 45875.9 8451.41 15198.2 1192.87
 85632.3 22114 9671.26 1781.67 3455.47
 127595 21058 4691.68 2051.84 1111.11
 100082 26791.9 3600.16 802.11 540.752
 195329 30659.3 7674.86 1031.31 384.679
 72338.5 53345.1 7507.03 1879.21 346.709
 27758 12703 7143.51 1005.28 298.076
 26709.5 8887.98 3865.65 2173.84 396.622
 38220.3 5415.82 1448.69 630.078 418.969
 74311.4 5344.58 531.258 142.107 102.905
 126399 23077.4 1559.83 155.049 71.5075
 77419.5 26066.5 3849.41 260.186 37.7906
 38438.2 15300.4 4102.27 605.807 46.8947
 76906.9 1381.23 234.382 62.8414 9.99855
 349368 13320 181.504 30.7996 9.57172
 57455.2 78624.7 2503.52 34.1139 7.58785
 261386 14962 18039.3 574.397 9.56787
 456988 54312.5 2521.58 3040.21 98.417
 284812 95850.1 9271.41 430.445 535.779
 344911 69270.1 20031.1 1937.58 201.925
 292004 93338.6 16750.3 4843.75 517.355
 62353.7 65500.4 17464.9 3134.19 1003.13
 169841 15514.4 14121.1 3765.21 891.955
 162610 42682.1 3390.59 3086.08 1017.79
 77467 40130.3 9099.53 722.85 874.918
 261733 20911.4 9670.77 2192.85 385.037
 171445 75632.9 5530.99 2557.88 681.84
 72167.9 50267.6 20405.8 1492.26 874.078
 94123.8 21152.7 13556.3 5503.07 638.159
 86861.7 26442.4 5383.26 3449.99 1562.91
 34166.2 20159.4 5183.47 1055.27 982.673
 130190 9143.44 4801.05 1234.47 485.347
pred_Ctot
 19710 5208.47 9366.44 735.116 0.0294469
 19752.5 12948.6 2385.43 4289.73 336.689
 18541.3 6185.15 2705 498.323 966.474
 36217 7573.98 1687.47 737.993 399.634
 10741.7 3825.22 514.014 114.521 77.2059
 32589.1 6698.35 1676.78 225.318 84.0435
 25352.7 23222.3 3267.98 818.064 150.93
 2300.31 1409.21 792.463 111.52 33.067
 7949.25 3338.35 1451.95 816.499 148.972
 16164.5 2780.81 743.843 323.52 215.124
 7422.1 711.474 70.7214 18.9174 13.6987
 36781.9 8491.73 573.967 57.053 26.3124
 23806.1 10086 1489.46 100.675 14.6224
 25915.6 11460.6 3072.75 453.772 35.1259
 27320.5 608.567 103.269 27.6879 4.40535
 89211.6 4345.65 59.2154 10.0483 3.12276
 10911.3 19430.5 618.693 8.43054 1.87518
 75284 5453.88 6575.62 209.377 3.48764
 129917 19562.8 908.245 1095.05 35.4487
 63087.9 27387.7 2649.16 122.993 153.091
 59099.3 15523.6 4489.03 434.215 45.252
 74967 30604.2 5492.14 1588.19 169.632
 13167.4 17894.1 4771.23 856.231 274.046
 35087.2 4151.66 3778.8 1007.57 238.687
 34945.8 11854.1 941.668 857.097 282.672
 13368.8 9054.71 2053.16 163.099 197.41
 36192.7 3815.57 1764.56 400.115 70.2553
 22410.6 13071.4 955.901 442.07 117.84
 9445.66 8698.39 3531.05 258.224 151.252
 14373.9 4246.09 2721.21 1104.66 128.101
 21036.1 8212.6 1671.96 1071.51 485.415
 6040.26 4654.42 1196.77 243.643 226.881
 33051.1 2966.97 1557.9 400.575 157.491
F
 0.219621 0.300121 0.300121 0.300121 0.300121
 0.407439 0.556782 0.556782 0.556782 0.556782
 0.402783 0.55042 0.55042 0.55042 0.55042
 0.560759 0.7663 0.7663 0.7663 0.7663
 0.183052 0.250148 0.250148 0.250148 0.250148
 0.297904 0.407097 0.407097 0.407097 0.407097
 0.739516 1.01058 1.01058 1.01058 1.01058
 0.138826 0.189711 0.189711 0.189711 0.189711
 0.595696 0.814043 0.814043 0.814043 0.814043
 0.967284 1.32183 1.32183 1.32183 1.32183
 0.169409 0.231504 0.231504 0.231504 0.231504
 0.578787 0.790936 0.790936 0.790936 0.790936
 0.621359 0.849113 0.849113 0.849113 0.849113
 2.32608 3.17868 3.17868 3.17868 3.17868
 0.753327 1.02945 1.02945 1.02945 1.02945
 0.491439 0.671572 0.671572 0.671572 0.671572
 0.345494 0.472131 0.472131 0.472131 0.472131
 0.571244 0.780628 0.780628 0.780628 0.780628
 0.561871 0.76782 0.76782 0.76782 0.76782
 0.413816 0.565497 0.565497 0.565497 0.565497
 0.307052 0.419599 0.419599 0.419599 0.419599
 0.494712 0.676044 0.676044 0.676044 0.676044
 0.391052 0.534388 0.534388 0.534388 0.534388
 0.381085 0.520768 0.520768 0.520768 0.520768
 0.399225 0.545557 0.545557 0.545557 0.545557
 0.309557 0.423023 0.423023 0.423023 0.423023
 0.241433 0.329928 0.329928 0.329928 0.329928
 0.226904 0.310073 0.310073 0.310073 0.310073
 0.227226 0.310513 0.310513 0.310513 0.310513
 0.269641 0.368475 0.368475 0.368475 0.368475
 0.460648 0.629494 0.629494 0.629494 0.629494
 0.318201 0.434834 0.434834 0.434834 0.434834
 0.487933 0.66678 0.66678 0.66678 0.66678
YTP_r0W_actual
 342642 69206 50124.6 16770.3 7420.78
YTP_p0W_proyectada
 274220 222541 18028.1 12317.5 4237.73
 274220 139053 41336.2 3158.9 2118.19
CTP_r0_actual
 45443.3 3965.96 2082.45 535.45 210.519
CTP_p0_proyectada
 36368.8 12753.1 748.988 393.279 120.219
 36368.8 7968.66 1717.33 100.859 60.0906
Wmedp
 7.54 17.45 24.07 31.32 35.25
Frms_r0
 0.735434 1.005 1.005 1.005 1.005
Zrms_r0
 1.73543 2.005 2.005 2.005 2.005
nmprior
 7.29 8.9 8.7 0
nm_flota  nm_reclas  nm_pelaces    nm_pelaL
inf 11.0709 6.14693 12.7093
cv_recla  cv_pelaces  cv_mph
0.42055 1.41348 1.08018
 ------------------------------------------------
Talla a la edad & desviaci?n 
 8 13.2811 15.8009 17.003 17.5766
 0.8 1.32811 1.58009 1.7003 1.75766
