years
 1991 1992 1993 1994 1995 1996 1997 1998 1999 2000 2001 2002 2003 2004 2005 2006 2007 2008 2009 2010 2011 2012 2013 2014 2015 2016 2017 2018 2019 2020 2021 2022 2023
reclasobs
 0 0 0 0 0 0 0 0 0 252601 567819 844713 477998 351125 339783 2.1784e+06 2.13404e+06 4.81314e+06 1.55562e+06 2.62356e+06 3.21686e+06 3.843e+06 1.13348e+06 3.07943e+06 1.97215e+06 2.03268e+06 2.025e+06 2.42433e+06 2.27542e+06 1.05018e+06 2.36338e+06 3.18982e+06 1.53035e+06
reclaspred
 3.47253e+06 1.88453e+06 952110 989109 1.00983e+06 1.78326e+06 968958 827976 574049 374120 605284 953002 726613 231771 627087 1.44663e+06 1.19707e+06 2.38778e+06 1.9902e+06 1.9529e+06 3.48116e+06 2.83432e+06 2.06889e+06 3.08806e+06 2.40397e+06 2.10292e+06 2.51257e+06 2.90664e+06 2.45021e+06 1.87792e+06 1.68885e+06 1.53734e+06 1.45055e+06
pelacesobs
 0 0 0 0 0 0 0 0 0 0 0 0 0 0 0 552880 188675 0 991730 2.46772e+06 1.41603e+06 1.21717e+06 2.29649e+06 1.80582e+06 0 1.4828e+06 1.56532e+06 1.57751e+06 1.42118e+06 867257 1.10002e+06 1.06204e+06 0
pelacespred
 1.93585e+06 1.1404e+06 556917 467074 526792 955026 454525 525475 327242 191639 338550 458863 374733 89868.4 338497 660889 566120 1.25221e+06 1.04289e+06 917216 1.78044e+06 1.51868e+06 1.15898e+06 1.87476e+06 1.39156e+06 1.23333e+06 1.67495e+06 1.73014e+06 1.36409e+06 1.18364e+06 917886 863787 785038
mphobs
 0 0 0 0 0 0 0 0 0 0 0 0 498337 0 5186 125008 0 168611 109162 213762 579715 649985 157893 87575 83554 210694 70296 0 107559 103333 445601 22526 28222
mphpred
 712747 476897 226476 125870 138755 170032 234777 120247 109158 65140.5 38589.1 101614 134782 64182.7 12863.5 74228.5 210484 168865 273621 307705 468044 559276 111625 88313.5 127839 107208 90040.8 100321 150789 114841 73351.3 74299.9 46926.2
desembarqueobs
 494567 514787 250237 358949 120608 361735 552515 73892 212993 205616 52469 317467 293654 387597 252695 516296 358380 742168 942051 627588 828172 859565 418607 520667 417249 300574 415391 372974 316634 284311 391294 218835 356480
desembarquepred
 494568 514002 250600 358979 120613 361738 552528 73897.3 213058 205673 52470.4 317456 293794 387941 252620 516197 358412 742018 941513 627283 828236 859502 418615 520705 417197 300579 415385 372930 316579 284233 391285 218860 356507
Reclutas
 165030 91907.8 91561.7 136926 110662 203556 79238.2 33158.6 32075.9 43549.8 93793.4 151722 69838 37609.1 91869.2 325000 62333.2 390252 315430 329529 346596 475138 84840.2 242829 249813 90755.9 216231 267447 106502 103946 125794 59710.2 147937
log_desv_Rt
 0.264755 -0.320584 -0.324357 0.0780689 -0.134888 0.474571 -0.468912 -1.34007 -1.37326 -1.06746 -0.300275 0.180682 -0.595192 -1.21412 -0.321005 0.942455 -0.708876 1.12542 0.912567 0.956293 1.00679 1.32223 -0.400601 0.650988 0.679344 -0.333197 0.534976 0.747552 -0.173209 -0.197503 -0.00672669 -0.751867 0.155414
SSB
 1.80812e+06 1.2098e+06 574530 319311 351998 431341 595590 305046 276916 165250 97893.9 257777 325365 157636 31480.7 182069 533961 428380 719657 548059 854913 1.07398e+06 1.01646e+06 771857 1.04619e+06 931556 736953 789680 1.23066e+06 881624 645908 669802 391328
BT
 2.59698e+06 1.78555e+06 867140 838380 703536 1.43236e+06 1.00861e+06 675165 589602 419791 446311 802617 696329 501480 657489 1.21337e+06 932230 2.15134e+06 2.12782e+06 1.59514e+06 2.77108e+06 2.55873e+06 1.68904e+06 2.69992e+06 1.98677e+06 1.67968e+06 2.39936e+06 2.3803e+06 1.81202e+06 1.62808e+06 1.41211e+06 1.17412e+06 1.24002e+06
Ftot
 0.228651 0.422539 0.416181 0.621773 0.205492 0.366046 0.864359 0.152044 0.616556 0.896037 0.169315 0.586708 0.654334 2.23569 0.796618 0.68386 0.480327 0.57673 0.805711 0.577468 0.418662 0.525579 0.324327 0.308109 0.296159 0.235367 0.30013 0.23907 0.205667 0.25201 0.401749 0.232878 0.442809
BD_Bspro_t
 0.964077 0.757792 0.539203 0.437632 0.433517 0.533782 0.537099 0.335441 0.391367 0.320377 0.272236 0.583277 0.491222 0.273013 0.0776952 0.319714 0.455233 0.384548 0.447161 0.353632 0.403558 0.453539 0.467909 0.440679 0.553107 0.58119 0.57885 0.625751 0.704615 0.638782 0.592303 0.573373 0.552846
BD_Bspro
 1.98176 1.32599 0.629706 0.349977 0.385803 0.472766 0.652789 0.334342 0.30351 0.18112 0.107295 0.282534 0.356612 0.172775 0.034504 0.199554 0.585241 0.469521 0.788771 0.600693 0.937016 1.17712 1.11408 0.845983 1.14666 1.02102 0.807728 0.865519 1.34885 0.966293 0.707939 0.734128 0.42891
BD_Bo
 1.49437 0.999879 0.474837 0.263904 0.290919 0.356495 0.492243 0.252114 0.228865 0.136576 0.0809073 0.213048 0.268907 0.130283 0.0260181 0.150476 0.441308 0.354048 0.594782 0.452959 0.706568 0.88762 0.840083 0.637924 0.864655 0.769913 0.609076 0.652655 1.01712 0.728645 0.53383 0.553578 0.323425
BD_Brms
 8.19344 5.4822 2.60347 1.44695 1.59507 1.95461 2.6989 1.38231 1.25484 0.748828 0.443604 1.16811 1.47438 0.714326 0.142654 0.825041 2.41963 1.9412 3.26111 2.48351 3.87402 4.8667 4.60606 3.49765 4.74079 4.22133 3.33948 3.57842 5.57672 3.99506 2.92691 3.03519 1.77329
Sel_flota
 0.710215 1 1 1 1
 0.710215 1 1 1 1
 0.710215 1 1 1 1
 0.710215 1 1 1 1
 0.710215 1 1 1 1
 0.710215 1 1 1 1
 0.710215 1 1 1 1
 0.710215 1 1 1 1
 0.710215 1 1 1 1
 0.710215 1 1 1 1
 0.710215 1 1 1 1
 0.710215 1 1 1 1
 0.710215 1 1 1 1
 0.710215 1 1 1 1
 0.710215 1 1 1 1
 0.710215 1 1 1 1
 0.710215 1 1 1 1
 0.710215 1 1 1 1
 0.710215 1 1 1 1
 0.710215 1 1 1 1
 0.710215 1 1 1 1
 0.710215 1 1 1 1
 0.710215 1 1 1 1
 0.710215 1 1 1 1
 0.710215 1 1 1 1
 0.710215 1 1 1 1
 0.710215 1 1 1 1
 0.710215 1 1 1 1
 0.710215 1 1 1 1
 0.710215 1 1 1 1
 0.710215 1 1 1 1
 0.710215 1 1 1 1
 0.710215 1 1 1 1
Sel_reclas
 1 1 1 1 1
 1 1 1 1 1
 1 1 1 1 1
 1 1 1 1 1
 1 1 1 1 1
 1 1 1 1 1
 1 1 1 1 1
 1 1 1 1 1
 1 1 1 1 1
 1 1 1 1 1
 1 1 1 1 1
 1 1 1 1 1
 1 1 1 1 1
 1 1 1 1 1
 1 1 1 1 1
 1 1 1 1 1
 1 1 1 1 1
 1 1 1 1 1
 1 1 1 1 1
 1 1 1 1 1
 1 1 1 1 1
 1 1 1 1 1
 1 1 1 1 1
 1 1 1 1 1
 1 1 1 1 1
 1 1 1 1 1
 1 1 1 1 1
 1 1 1 1 1
 1 1 1 1 1
 1 1 1 1 1
 1 1 1 1 1
 1 1 1 1 1
 1 1 1 1 1
Sel_pelaces
 0.909769 0.980673 0.996099 0.999222 0.999845
 0.909769 0.980673 0.996099 0.999222 0.999845
 0.909769 0.980673 0.996099 0.999222 0.999845
 0.909769 0.980673 0.996099 0.999222 0.999845
 0.909769 0.980673 0.996099 0.999222 0.999845
 0.909769 0.980673 0.996099 0.999222 0.999845
 0.909769 0.980673 0.996099 0.999222 0.999845
 0.909769 0.980673 0.996099 0.999222 0.999845
 0.909769 0.980673 0.996099 0.999222 0.999845
 0.909769 0.980673 0.996099 0.999222 0.999845
 0.909769 0.980673 0.996099 0.999222 0.999845
 0.909769 0.980673 0.996099 0.999222 0.999845
 0.909769 0.980673 0.996099 0.999222 0.999845
 0.909769 0.980673 0.996099 0.999222 0.999845
 0.909769 0.980673 0.996099 0.999222 0.999845
 0.909769 0.980673 0.996099 0.999222 0.999845
 0.909769 0.980673 0.996099 0.999222 0.999845
 0.909769 0.980673 0.996099 0.999222 0.999845
 0.909769 0.980673 0.996099 0.999222 0.999845
 0.909769 0.980673 0.996099 0.999222 0.999845
 0.909769 0.980673 0.996099 0.999222 0.999845
 0.909769 0.980673 0.996099 0.999222 0.999845
 0.909769 0.980673 0.996099 0.999222 0.999845
 0.909769 0.980673 0.996099 0.999222 0.999845
 0.909769 0.980673 0.996099 0.999222 0.999845
 0.909769 0.980673 0.996099 0.999222 0.999845
 0.909769 0.980673 0.996099 0.999222 0.999845
 0.909769 0.980673 0.996099 0.999222 0.999845
 0.909769 0.980673 0.996099 0.999222 0.999845
 0.909769 0.980673 0.996099 0.999222 0.999845
 0.909769 0.980673 0.996099 0.999222 0.999845
 0.909769 0.980673 0.996099 0.999222 0.999845
 0.909769 0.980673 0.996099 0.999222 0.999845
pf_obs 
 0.8446 0.082 0.0669 0.0065 0
 0.8095 0.147 0.0364 0.0071 0
 0.9664 0.0169 0.016 0.0007 0
 0.9276 0.0648 0.0075 0.0001 0
 0.7033 0.2144 0.0806 0.0017 0
 0.9318 0.0425 0.0243 0.0014 0
 0.5671 0.3108 0.0964 0.0239 0.0018
 0.0768 0.2599 0.5324 0.112 0.0189
 0.490249 0.384438 0.106611 0.0170017 0.00170017
 0.7925 0.1577 0.0466 0.003 0.0002
 0.840416 0.127587 0.0312969 0.00059994 9.999e-05
 0.8084 0.0986 0.0794 0.0134 0.0002
 0.7335 0.1905 0.0724 0.0035 0.0001
 0.4001 0.4547 0.1325 0.0127 0
 0.49795 0.308269 0.164784 0.0264974 0.00249975
 0.9179 0.0499 0.0305 0.0017 0
 0.2467 0.6533 0.0926 0.0074 0
 0.9418 0.0223 0.034 0.0019 0
 0.707729 0.231977 0.0356964 0.0245975 0
 0.517169 0.277429 0.184464 0.0207286 0.00020938
 0.811772 0.124168 0.05621 0.00726502 0.000585176
 0.764997 0.148141 0.077277 0.00933861 0.000247198
 0.163321 0.427699 0.378323 0.0303852 0.000271297
 0.753843 0.0900009 0.118128 0.0371064 0.000921714
 0.721811 0.176058 0.0630433 0.0369309 0.00215725
 0.143369 0.312575 0.442814 0.0836902 0.0175525
 0.692698 0.0596174 0.167031 0.0765114 0.00414204
 0.394062 0.376323 0.152708 0.0712218 0.00568511
 0.125707 0.32114 0.495352 0.0537591 0.00404204
 0.23352 0.215282 0.420074 0.123614 0.00750983
 0.796117 0.104755 0.0508955 0.0450114 0.00322123
 0.162477 0.292055 0.404252 0.121198 0.0200186
 0 0 0 0 0
pf_pred 
 0.502277 0.142166 0.331955 0.0236007 8.56704e-07
 0.441746 0.332995 0.0643417 0.150236 0.0106816
 0.597557 0.219563 0.109087 0.0210779 0.0527155
 0.741937 0.178663 0.0433184 0.0215221 0.014559
 0.670624 0.269802 0.041244 0.00999997 0.00832924
 0.762202 0.177904 0.0490608 0.0074998 0.00333298
 0.469083 0.439583 0.06833 0.0188434 0.00416069
 0.474193 0.312033 0.176999 0.0275132 0.00926265
 0.5574 0.250447 0.11403 0.0646829 0.0134395
 0.747715 0.167679 0.0478751 0.0217978 0.0149337
 0.869502 0.108482 0.0146325 0.00417781 0.00320537
 0.772942 0.205756 0.0177087 0.00238861 0.00120523
 0.549262 0.379493 0.0645609 0.00555654 0.00112766
 0.567536 0.284949 0.124198 0.0211291 0.00218757
 0.94931 0.0378059 0.00848931 0.00370016 0.00069466
 0.926134 0.0715233 0.00174758 0.00039242 0.000203151
 0.376861 0.59345 0.0287475 0.000702409 0.000239379
 0.897086 0.0495212 0.0508486 0.00246317 8.06953e-05
 0.704543 0.275239 0.00972869 0.00998946 0.000499755
 0.751896 0.197404 0.0472298 0.0016694 0.0017999
 0.72594 0.226262 0.0380309 0.00909903 0.000668376
 0.751499 0.19896 0.040901 0.00687479 0.00176564
 0.2998 0.576869 0.0987436 0.0202992 0.00428824
 0.737379 0.102296 0.132086 0.0226093 0.00562978
 0.673553 0.263328 0.0245862 0.0317458 0.00678706
 0.401362 0.451159 0.118964 0.0111073 0.017408
 0.73617 0.130805 0.100254 0.0264353 0.00633648
 0.709929 0.233637 0.0279793 0.0214444 0.00700993
 0.421972 0.452146 0.101392 0.0121422 0.0123483
 0.53662 0.238987 0.175525 0.0393608 0.00950733
 0.648227 0.221654 0.0671088 0.0492883 0.0137224
 0.479605 0.382912 0.0866284 0.026228 0.0246263
 0.773184 0.130342 0.0709866 0.0160597 0.00942767
pobs_RECLAS
 0 0 0 0 0
 0 0 0 0 0
 0 0 0 0 0
 0 0 0 0 0
 0 0 0 0 0
 0 0 0 0 0
 0 0 0 0 0
 0 0 0 0 0
 0 0 0 0 0
 0 0 0 0 0
 0.991045 0.00858322 0.000360255 1.14367e-05 0
 0.934742 0.0480273 0.0164251 0.00080598 0
 0.827803 0.169806 0.00239088 0 0
 0.941827 0.0461693 0.0120037 0 0
 0.791401 0.0380133 0.147996 0.0225897 0
 0.846168 0.0940531 0.0597789 0 0
 0.134021 0.677848 0.182769 0.00536245 0
 0.80878 0.0450904 0.141981 0.00414843 0
 0.846168 0.0940531 0.0597789 0 0
 0.905697 0.0802665 0.012482 0.00150086 5.37128e-05
 0.989698 0.0102097 9.19794e-05 0 0
 0.975433 0.0193895 0.00387452 0.00125025 5.28907e-05
 0.303575 0.632131 0.0575291 0.00676475 0
 0.966965 0.00978017 0.0227588 0.000495775 0
 0.843318 0.132988 0.00938335 0.0141283 0.000182051
 0.564624 0.303363 0.111486 0.0197234 0.00080311
 0.826376 0.0876187 0.0782897 0.00655872 0.00115652
 0.89761 0.0855135 0.0140674 0.00269457 0.000114338
 0.34875 0.467042 0.161289 0.0227151 0.000203297
 0.318654 0.224769 0.449479 0.00709798 0
 0.937255 0.0296025 0.0250945 0.00804832 0
 0.456809 0.399803 0.12412 0.0192676 0
 0.883104 0.0372192 0.0704036 0.00927362 0
ppred_RECLAS
 0.588494 0.11754 0.274453 0.0195125 7.08303e-07
 0.530359 0.280137 0.0541285 0.126389 0.00898605
 0.679333 0.174948 0.0869203 0.0167949 0.0420038
 0.8054 0.134726 0.0326656 0.0162294 0.0109786
 0.742481 0.210943 0.0322463 0.00781839 0.00651215
 0.820283 0.134452 0.037078 0.00566802 0.00251892
 0.562902 0.361904 0.0562554 0.0155136 0.00342545
 0.560435 0.260853 0.147967 0.0230005 0.00774339
 0.644444 0.201193 0.0916045 0.0519621 0.0107964
 0.812297 0.124755 0.0356195 0.0162178 0.0111109
 0.904074 0.0797431 0.010756 0.00307102 0.0023562
 0.830292 0.153786 0.0132358 0.00178529 0.000900815
 0.637279 0.305388 0.0519539 0.0044715 0.000907456
 0.67973 0.211025 0.0919775 0.0156476 0.00162004
 0.964535 0.0264506 0.00593949 0.0025888 0.000486015
 0.947652 0.0506871 0.00123848 0.0002781 0.000143969
 0.463847 0.510608 0.0247345 0.000604357 0.000205963
 0.926048 0.0355852 0.036539 0.00177 5.79863e-05
 0.776017 0.208656 0.00737521 0.0075729 0.000378859
 0.813214 0.148617 0.0355571 0.00125681 0.00135506
 0.79078 0.172731 0.0290332 0.00694629 0.000510246
 0.812539 0.150089 0.0308545 0.00518612 0.00133194
 0.378406 0.512108 0.0876585 0.0180203 0.00380684
 0.79959 0.0780637 0.100796 0.0172535 0.00429616
 0.745589 0.20522 0.0191608 0.0247406 0.00528938
 0.487268 0.386417 0.101892 0.00951337 0.0149099
 0.798544 0.09988 0.0765519 0.0201856 0.00483842
 0.776262 0.180209 0.021581 0.0165405 0.0054069
 0.508302 0.384616 0.0862487 0.0103287 0.0105041
 0.621554 0.195183 0.143352 0.0321462 0.0077647
 0.724341 0.173694 0.0525882 0.0386236 0.0107532
 0.566393 0.319053 0.0721811 0.0218539 0.0205193
 0.829609 0.097917 0.0533273 0.0120645 0.00708234
pobs_PELACES
 0 0 0 0 0
 0 0 0 0 0
 0 0 0 0 0
 0 0 0 0 0
 0 0 0 0 0
 0 0 0 0 0
 0 0 0 0 0
 0 0 0 0 0
 0 0 0 0 0
 0 0 0 0 0
 0 0 0 0 0
 0 0 0 0 0
 0 0 0 0 0
 0 0 0 0 0
 0 0 0 0 0
 0 0 0 0 0
 0.505614 0.472636 0.0217494 0 0
 0 0 0 0 0
 0.443492 0.261883 0.143347 0.151278 0
 0.227955 0.32914 0.350689 0.0885471 0.00366901
 0.970185 0.0296113 0.000203453 0 0
 0.997202 0.00247181 0.000326279 0 0
 0.445219 0.490057 0.0546422 0.010081 0
 0.90214 0.0892962 0.00764917 0.000914606 0
 0 0 0 0 0
 0.581667 0.319106 0.0959925 0.00289975 0.000334073
 0.762889 0.0836404 0.116647 0.0363945 0.000428098
 0.88444 0.0763242 0.0277011 0.0115352 0
 0.521256 0.241999 0.230069 0.00667565 0
 0.616807 0.101726 0.260614 0.0208532 0
 0.833518 0.0704572 0.0857862 0.0102388 0
 0.697417 0.212968 0.0787535 0.0105354 0.000325836
 0 0 0 0 0
ppred_PELACES
 0.572788 0.120652 0.286151 0.020408 7.41271e-07
 0.519913 0.2843 0.0557969 0.130693 0.00929785
 0.669887 0.178705 0.0901835 0.01748 0.0437446
 0.802104 0.136283 0.0335628 0.0167275 0.0113226
 0.731151 0.219556 0.0340909 0.00829156 0.00691057
 0.813682 0.138819 0.0388845 0.00596282 0.00265158
 0.564073 0.359908 0.0568252 0.0157199 0.00347316
 0.54384 0.268919 0.154942 0.0241601 0.00813887
 0.639047 0.202744 0.0937628 0.0533531 0.0110923
 0.81304 0.123547 0.0358297 0.0163646 0.0112184
 0.898587 0.0840642 0.0115172 0.00329867 0.00253244
 0.827388 0.156179 0.0136532 0.00184736 0.000932715
 0.633803 0.307535 0.0531422 0.00458811 0.000931701
 0.708013 0.191329 0.0847046 0.0144555 0.00149756
 0.964427 0.0264178 0.00602543 0.00263449 0.000494901
 0.947145 0.0511513 0.00126948 0.000285955 0.000148128
 0.456427 0.517284 0.0254521 0.000623839 0.000212735
 0.9241 0.0362239 0.03778 0.00183585 6.01812e-05
 0.776158 0.208277 0.00747761 0.00770212 0.000385564
 0.809682 0.150934 0.0366796 0.00130056 0.0014031
 0.784446 0.177453 0.0302961 0.00727117 0.000534443
 0.808231 0.15304 0.0319561 0.00538812 0.00138469
 0.367435 0.519647 0.090348 0.0186315 0.00393839
 0.790549 0.0807808 0.105945 0.0181917 0.00453261
 0.735959 0.21226 0.0201298 0.0260733 0.00557778
 0.473147 0.395459 0.105917 0.00992015 0.0155571
 0.789608 0.103448 0.0805333 0.021302 0.00510921
 0.766463 0.187467 0.0228032 0.0175321 0.00573461
 0.493566 0.394732 0.0899095 0.0108009 0.0109911
 0.607607 0.200776 0.14978 0.0336929 0.00814338
 0.715668 0.178017 0.0547449 0.0403336 0.0112363
 0.552279 0.327963 0.0753641 0.0228891 0.0215047
 0.823916 0.100478 0.0555827 0.0126142 0.00740965
pobs_pel_tallas
 0 0 0 0 0 0 0 0 0 0 0 0 0 0 0 0 0 0 0 0 0 0 0 0 0 0
 0 0 0 0 0 0 0 0 0 0 0 0 0 0 0 0 0 0 0 0 0 0 0 0 0 0
 0 0 0 0 0 0 0 0 0 0 0 0 0 0 0 0 0 0 0 0 0 0 0 0 0 0
 0 0 0 0 0 0 0 0 0 0 0 0 0 0 0 0 0 0 0 0 0 0 0 0 0 0
 0 0 0 0 0 0 0 0 0 0 0 0 0 0 0 0 0 0 0 0 0 0 0 0 0 0
 0 0 0 0 0 0 0 0 0 0 0 0 0 0 0 0 0 0 0 0 0 0 0 0 0 0
 0 0 0 0 0 0 0 0 0 0 0 0 0 0 0 0 0 0 0 0 0 0 0 0 0 0
 0 0 0 0 0 0 0 0 0 0 0 0 0 0 0 0 0 0 0 0 0 0 0 0 0 0
 0 0 0 0 0 0 0 0 0 0 0 0 0 0 0 0 0 0 0 0 0 0 0 0 0 0
 0 0 0 0 0 0 0 0 0 0 0 0 0 0 0 0 0 0 0 0 0 0 0 0 0 0
 0 0 0 0 0 0 0 0 0 0 0 0 0 0 0 0 0 0 0 0 0 0 0 0 0 0
 0 0 0 0 0 0 0 0 0 0 0 0 0 0 0 0 0 0 0 0 0 0 0 0 0 0
 0.00862536 0 0 0.000197151 0.00414017 0.0128641 0.00837892 0.0270097 0.101434 0.158115 0.152841 0.127902 0.109271 0.109419 0.0830992 0.0579132 0.0238553 0.00714673 0.00463305 0.00128148 0.00103504 0.000492878 0.000147863 0.000147863 4.92878e-05 0
 0 0 0 0 0 0 0 0 0 0 0 0 0 0 0 0 0 0 0 0 0 0 0 0 0 0
 0 0 0 0 0 0 0 0.0054083 0.00873648 0.0413646 0.0450493 0.0745869 0.0622846 0.0627006 0.0613931 0.0827291 0.12552 0.122667 0.0946155 0.0697135 0.0546179 0.0294188 0.0215738 0.0213955 0.0102223 0.00600262
 0 0 0 0 0.00359764 0.0251062 0.0480494 0.140153 0.205849 0.193036 0.1447 0.116669 0.0760912 0.0342217 0.00950174 0.001854 0.000860785 0 0 0 0.000165536 0 0.000143464 0 0 0
 0 0 0 0 0 0 0 0.000145254 0.000435761 0.0275982 0.070085 0.0708112 0.156366 0.174668 0.174014 0.160142 0.0824315 0.0480064 0.0283245 0.00493863 0.00203355 0 0 0 0 0
 0 0 0 0 0 0 0 0 0 0 0 0 0 0 0 0 0 0 0 0 0 0 0 0 0 0
 0 0 1.00437e-05 0.000401748 0.00122533 0.00171747 0.00176769 0.0269171 0.070346 0.194647 0.189555 0.159765 0.064822 0.0314167 0.0384472 0.0292271 0.0345202 0.0313363 0.0194345 0.0106764 0.0143323 0.0359363 0.0279516 0.0138201 0.00172751 0
 0 0.0021121 0.0136068 0.0755702 0.200478 0.177729 0.0527432 0.0373336 0.0318909 0.0142505 0.0149659 0.0166563 0.0217959 0.0798694 0.0677717 0.0528807 0.04013 0.0224614 0.0357745 0.0225083 0.00881397 0.00855152 0.00135912 0.000746735 0 0
 0 0 0 0 5.4009e-05 0.00500934 0.000945158 0.0243581 0.138947 0.33067 0.221406 0.137944 0.0707744 0.0437923 0.0131692 0.00525238 0.0047753 0.00276346 9.45158e-05 9.00151e-06 2.25038e-05 9.00151e-06 4.50075e-06 0 0 0
 0.000866109 0.00284123 0.00948549 0.0512746 0.133035 0.25785 0.225252 0.132002 0.0553304 0.0519788 0.0540692 0.017754 0.00435017 0.00159236 0.00146478 0.000404838 0.000125132 0.000115318 0.000107957 0.000100596 0 0 0 0 0 0
 0 0 0 0 0.00144013 0.00171154 0.00461396 0.0210425 0.0478622 0.0707936 0.0888783 0.103762 0.0637923 0.0337046 0.0602308 0.124433 0.169614 0.0934646 0.0462172 0.0250306 0.0313229 0.00938855 0.002487 0.000210481 0 0
 0 0.00764035 0.051015 0.0998891 0.058973 0.0496711 0.0374665 0.0718981 0.12319 0.153886 0.159021 0.0857701 0.0377988 0.023471 0.0147837 0.00900784 0.00315554 0.000888139 0.00291439 0.00214683 0.00393193 0.00274676 0.000635225 9.99891e-05 0 0
 0 0 0 0 0 0 0 0 0 0 0 0 0 0 0 0 0 0 0 0 0 0 0 0 0 0
 0 0 0 0 0 0 0 0 0 0 0 0 0 0 0 0 0 0 0 0 0 0 0 0 0 0
 0 0 0 0 0 0 0 0 0 0 0 0 0 0 0 0 0 0 0 0 0 0 0 0 0 0
 0 0 0 0 0 0 0 0 0 0 0 0 0 0 0 0 0 0 0 0 0 0 0 0 0 0
 0 0 0 0 0 0 0 0 0 0 0 0 0 0 0 0 0 0 0 0 0 0 0 0 0 0
 0 0 0 0 0 0 0 0 0 0 0 0 0 0 0 0 0 0 0 0 0 0 0 0 0 0
 0 0 0 0 0 0 0 0 0 0 0 0 0 0 0 0 0 0 0 0 0 0 0 0 0 0
 0 0 0 0 0 0 0 0 0 0 0 0 0 0 0 0 0 0 0 0 0 0 0 0 0 0
 0 0 0 0 0 0 0 0 0 0 0 0 0 0 0 0 0 0 0 0 0 0 0 0 0 0
ppred_pel_tallas
 1.10336e-16 4.71798e-05 0.000458605 0.00304759 0.0138539 0.0431047 0.0918396 0.134045 0.134057 0.0918987 0.0433043 0.0144357 0.00452817 0.00375744 0.00650739 0.0111912 0.0172964 0.0242013 0.0312121 0.0378641 0.0439355 0.0490932 0.05256 0.0532549 0.0503983 0.0441075
 1.16364e-16 4.28246e-05 0.00041627 0.00276626 0.012575 0.0391258 0.0833627 0.121676 0.121703 0.0834969 0.0395768 0.0138788 0.0060429 0.00758316 0.0136973 0.0226973 0.0329957 0.0421837 0.0478923 0.0491772 0.0471282 0.0440941 0.0421148 0.0417734 0.0421789 0.0418202
 1.11805e-16 5.51777e-05 0.000536347 0.00356422 0.0162024 0.0504118 0.107408 0.156769 0.156787 0.107493 0.0506968 0.0170269 0.00563953 0.00508563 0.00875112 0.0145288 0.0212779 0.0275163 0.031777 0.0334198 0.0329886 0.0317479 0.0307796 0.0303681 0.0300509 0.0291176
 1.04598e-16 6.60683e-05 0.000642207 0.00426769 0.0194003 0.0603617 0.128607 0.187709 0.187722 0.128672 0.0605778 0.0200249 0.00583693 0.00407283 0.00659638 0.0108407 0.015707 0.0199632 0.0224068 0.0225041 0.0207033 0.0181055 0.0157606 0.0141403 0.0131014 0.0122097
 1.03041e-16 6.0224e-05 0.000585398 0.00389018 0.0176842 0.0550222 0.117231 0.171107 0.171128 0.117335 0.0553696 0.0186875 0.00640879 0.00608461 0.0105074 0.0172842 0.0249134 0.0313745 0.0346501 0.0338135 0.0295751 0.0237873 0.0183213 0.0141918 0.0114345 0.00955226
 1.02205e-16 6.70219e-05 0.000651477 0.00432929 0.0196803 0.0612329 0.130464 0.190418 0.190432 0.130529 0.0614531 0.0203166 0.00592789 0.00414609 0.00671815 0.0110375 0.0159797 0.0202745 0.0226685 0.0225747 0.0203983 0.0172203 0.0141076 0.0116019 0.00968565 0.0080852
 1.03897e-16 4.64621e-05 0.000451628 0.00300123 0.0136432 0.0424491 0.0904437 0.132012 0.132047 0.0906132 0.0430185 0.0152878 0.00712998 0.00946647 0.0171724 0.0283295 0.040837 0.0514206 0.0567685 0.0553488 0.0483075 0.0386621 0.029469 0.022398 0.0175401 0.0141357
 1.08341e-16 4.47955e-05 0.000435428 0.00289357 0.0131538 0.0409264 0.087199 0.127275 0.127301 0.0873267 0.0413556 0.0143957 0.00602005 0.0072905 0.0131517 0.0219009 0.0320801 0.04146 0.0477632 0.0498919 0.0484723 0.0452041 0.0415967 0.0381548 0.0345208 0.0301859
 1.09986e-16 5.26375e-05 0.000511655 0.00340013 0.0154565 0.0480911 0.102464 0.149553 0.149573 0.10256 0.0484142 0.0163913 0.00575259 0.00566716 0.00990358 0.0164479 0.0240666 0.0310738 0.0357912 0.0374752 0.0367219 0.0349403 0.0333305 0.0321987 0.0310392 0.0291243
 1.04606e-16 6.6969e-05 0.000650963 0.00432588 0.0196648 0.0611846 0.130361 0.190268 0.19028 0.130419 0.0613807 0.0202317 0.00575056 0.00376701 0.00600276 0.00986548 0.0143196 0.0182549 0.0205927 0.0208541 0.019437 0.0173145 0.0153994 0.0140783 0.0131919 0.0123389
 1.01114e-16 7.40155e-05 0.000719457 0.00478104 0.0217339 0.0676224 0.144077 0.210286 0.210294 0.144117 0.0677553 0.0221179 0.00574483 0.00282346 0.00407004 0.00661193 0.00951898 0.0119741 0.0131995 0.0128401 0.0111716 0.00891053 0.00678336 0.00518713 0.00413938 0.00344712
 1.00778e-16 6.81509e-05 0.000662451 0.00440222 0.0200119 0.0622644 0.132661 0.193626 0.193642 0.132735 0.0625111 0.0207241 0.00618944 0.0045616 0.00746639 0.0122172 0.0175493 0.0219764 0.0240322 0.0230389 0.0195103 0.0148098 0.0103489 0.0069458 0.0047102 0.00333474
 1.02231e-16 5.22055e-05 0.000507456 0.00337223 0.0153297 0.0476965 0.101623 0.148329 0.148358 0.101768 0.048183 0.0167352 0.00690088 0.00821231 0.0146902 0.0242157 0.034906 0.0439476 0.0484968 0.0472215 0.0410706 0.032595 0.0243989 0.0179373 0.0133557 0.0100965
 1.04197e-16 5.83182e-05 0.000566873 0.00376707 0.0171246 0.053281 0.113522 0.165692 0.16571 0.113612 0.0535855 0.0180052 0.0059819 0.00541651 0.00931161 0.0154137 0.0224593 0.0287869 0.0327249 0.0334747 0.0315266 0.0282104 0.0247755 0.0217588 0.0190212 0.0162136
 1.00529e-16 7.94386e-05 0.000772172 0.00513135 0.0233264 0.072577 0.154633 0.225692 0.225695 0.154646 0.0726189 0.0234474 0.00543522 0.00143623 0.00134272 0.00209966 0.00303023 0.0038389 0.00428387 0.00425625 0.00383883 0.00324432 0.00268101 0.00225176 0.00194562 0.0016971
 1.00104e-16 7.80151e-05 0.000758335 0.0050394 0.0229084 0.0712765 0.151862 0.221649 0.221653 0.151886 0.0713572 0.0231413 0.00562357 0.00203199 0.00249226 0.00398449 0.00570346 0.00711153 0.00771949 0.00730399 0.00603984 0.00438938 0.00283689 0.00167132 0.000940425 0.000541609
 1.00966e-16 3.75954e-05 0.000365441 0.00242848 0.0110396 0.0343485 0.0731849 0.106826 0.106876 0.0734281 0.0351648 0.0133963 0.00834027 0.0132577 0.0244834 0.0403138 0.0578275 0.0722063 0.0785605 0.0746268 0.0621366 0.0456996 0.0301357 0.0183098 0.0106969 0.00631003
 1.01294e-16 7.61169e-05 0.000739883 0.00491679 0.022351 0.0695423 0.148167 0.216255 0.216259 0.148185 0.0696006 0.0225201 0.00534376 0.00167996 0.0018848 0.00305602 0.00453524 0.00599375 0.00714096 0.00782468 0.00808458 0.00806258 0.00785404 0.00743914 0.00674256 0.00574536
 1.01107e-16 6.39312e-05 0.000621434 0.00412965 0.0187728 0.0584092 0.124448 0.181639 0.181659 0.124546 0.0587378 0.0197216 0.00650966 0.00581165 0.0099054 0.0162336 0.0232839 0.0290824 0.0316678 0.0301448 0.0252302 0.0187948 0.0127786 0.00830921 0.00552719 0.00397256
 1.01466e-16 6.66925e-05 0.000648275 0.00430801 0.0195836 0.060932 0.129823 0.189483 0.189497 0.129894 0.0611711 0.0202746 0.00604357 0.00444042 0.00727858 0.0119529 0.0172703 0.0218361 0.0242675 0.0239115 0.0212097 0.0173625 0.0135803 0.0105177 0.00821924 0.00642859
 1.0174e-16 6.46138e-05 0.000628069 0.00417374 0.0189732 0.0590328 0.125776 0.183578 0.183595 0.12586 0.0593136 0.0197843 0.00621012 0.00507483 0.00851365 0.0139824 0.0201589 0.0253975 0.0280634 0.0273975 0.0239558 0.0192125 0.0146607 0.0111167 0.00863057 0.00684581
 1.01737e-16 6.65729e-05 0.000647113 0.00430029 0.0195485 0.0608228 0.12959 0.189143 0.189158 0.129662 0.0610651 0.0202487 0.00605857 0.00448798 0.00736844 0.0120953 0.0174615 0.0220496 0.0244574 0.024031 0.021237 0.017319 0.0135286 0.0105376 0.00837475 0.00674108
 1.05276e-16 3.02653e-05 0.000294189 0.00195499 0.00888714 0.0276515 0.0589162 0.0860004 0.0860506 0.0591611 0.0284737 0.0112625 0.00791874 0.0133172 0.0247755 0.0409424 0.0590484 0.074404 0.0822327 0.0803119 0.0702677 0.0564128 0.0431156 0.0327646 0.0255066 0.0202992
 1.0567e-16 6.51165e-05 0.000632956 0.00420621 0.0191208 0.0594921 0.126754 0.185004 0.185011 0.126793 0.059623 0.0195009 0.00516767 0.00275626 0.0041694 0.00697733 0.0104829 0.0140991 0.0172498 0.0196372 0.021333 0.0225535 0.0233319 0.0234061 0.0224162 0.0202156
 1.04194e-16 6.062e-05 0.000589248 0.00391576 0.0178005 0.0553841 0.118002 0.172232 0.172253 0.118102 0.0557196 0.0187695 0.00634773 0.00589756 0.0101405 0.0166657 0.0239995 0.030186 0.0332878 0.0324436 0.0283972 0.0230032 0.0181094 0.0146753 0.0126403 0.0113775
 1.06786e-16 3.89725e-05 0.000378827 0.00251744 0.0114439 0.0356065 0.0758649 0.110735 0.110773 0.0760516 0.0362335 0.0132559 0.00706947 0.0103284 0.0189717 0.0313978 0.0454483 0.0576162 0.0643335 0.0639309 0.0575827 0.048407 0.0394932 0.0324265 0.027172 0.0229223
 1.05352e-16 6.5039e-05 0.000632202 0.00420121 0.0190981 0.0594213 0.126604 0.184784 0.184794 0.126653 0.0595871 0.0195785 0.00541258 0.00329432 0.00517296 0.00858564 0.0126823 0.0166228 0.0195848 0.0211771 0.021616 0.0214546 0.0211046 0.0205656 0.0195414 0.0177674
 1.03435e-16 6.31326e-05 0.000613671 0.00407806 0.0185383 0.0576796 0.122893 0.17937 0.179388 0.122981 0.057976 0.0193945 0.00622728 0.00530565 0.00897496 0.0147408 0.0212388 0.0267365 0.0295207 0.0288213 0.0252765 0.0205 0.0161045 0.012936 0.010964 0.00967716
 1.05639e-16 4.06545e-05 0.000395176 0.00262608 0.0119378 0.0371432 0.0791389 0.115514 0.115552 0.0793251 0.0377685 0.0137446 0.00716395 0.0103098 0.0188952 0.0312377 0.0451452 0.0570838 0.0634623 0.0626053 0.0557122 0.0459665 0.0365543 0.0291593 0.0238108 0.0197084
 1.09131e-16 5.00478e-05 0.000486483 0.00323285 0.0146961 0.0457251 0.0974228 0.142196 0.142215 0.0975184 0.0460467 0.0156276 0.00558081 0.00564413 0.00993953 0.0165995 0.0244851 0.0320031 0.0375348 0.0403009 0.0407195 0.039893 0.0386832 0.0371749 0.0348799 0.031345
 1.07572e-16 5.89487e-05 0.000573002 0.0038078 0.0173097 0.0538571 0.114749 0.167483 0.1675 0.114833 0.0541398 0.0181272 0.00586299 0.00506996 0.0086309 0.0142597 0.0207394 0.0265228 0.0300856 0.0307622 0.0291339 0.0265791 0.0243499 0.022908 0.0219211 0.0207363
 1.08194e-16 4.54905e-05 0.000442184 0.00293847 0.0133579 0.0415615 0.0885523 0.129251 0.129283 0.0887071 0.0420812 0.0148597 0.00671096 0.00868651 0.0157296 0.0260034 0.0376244 0.0476799 0.053233 0.0529494 0.0478776 0.0406831 0.0339724 0.0290258 0.0256811 0.0230624
 1.04149e-16 6.78649e-05 0.000659671 0.00438374 0.0199279 0.062003 0.132104 0.192812 0.192822 0.132152 0.0621634 0.0203918 0.00555166 0.00322038 0.00496395 0.00818522 0.0119871 0.0155011 0.0178837 0.018742 0.0183321 0.017309 0.0162425 0.0153015 0.0143032 0.0129883
pSPR Fmed_Fpbrs
0.55994   0.232386 0.232386
Fs Fmed_Fpbrs
0.34   1.005 1.005
SSBpbr Bo_Bmed_Bpbrs
1.20995e+06  617003  220679 220679
Ro
126643
SPR SPRFo_SPRFmed_SPRFpbrs
912378 510877 212024
Fref
1.005
Nvult_r0
 121281 16110.6 8774.1 1985.01 1165.28
CTP_r0
 50512.1 8075.38 4397.99 994.981 584.093
YTP_r0
679389
Np
 137505 24776.4 5351.06 592.325 366.03
Nvult_p0
 112728 21440 4630.48 512.562 316.741
CTP_p0
 46950.2 17236.1 1907.91 1039.08 290.618
 46950.2 10746.7 2321.02 256.92 158.765
YTP_p0
 743486 611045
CBA_c0
698618
log_Ro
11.5691
likeval ReclasPelacesDesembMPH_pf_preclas_ppelaces_ptallas_desvR_qrecl_qpela
 20.0558 16.7366 0.0326905 54.0797 237.26 136.503 114.552 0 24.2356 1.07347e-05 2.71522e-05 0.122478 0 0 0
q_reclas_q_pelaces
1.58939 2.08948
M
1
N
 165030 34071.7 79556.5 5656.14 0.205318
 91907.8 51611 9972.34 23285.2 1655.54
 91561.7 25045.4 12443.5 2404.34 6013.23
 136926 25064.1 6077 3019.27 2042.43
 110662 32389.9 4951.36 1200.5 999.93
 203556 35182.2 9702.22 1483.15 659.127
 79238.2 57741.2 8975.45 2475.17 546.525
 33158.6 15777.4 8949.62 1391.16 468.349
 32075.9 10949.8 4985.5 2827.99 587.585
 43549.8 7615.75 2174.42 990.027 678.27
 93793.4 8478.44 1143.6 326.517 250.516
 151722 30595.2 2633.23 355.179 179.214
 69838 36795.1 6259.73 538.754 109.336
 37609.1 16142.6 7035.93 1196.98 123.927
 91869.2 2827.59 634.935 276.744 51.9552
 325000 19193.9 468.98 105.31 54.5176
 62333.2 73562.6 3563.47 87.0689 29.6728
 390252 16303.2 16740.2 810.915 26.5661
 315430 95315.2 3369.04 3459.35 173.065
 329529 65477.7 15665.8 553.728 597.015
 346596 80442 13521 3234.94 237.625
 475138 94710.1 19470 3272.58 840.492
 84840.2 120341 20599 4234.63 894.574
 242829 24789.7 32008.6 5478.96 1364.28
 249813 71774.9 6701.42 8652.91 1849.94
 90755.9 74468.6 19636.2 1833.38 2873.38
 216231 28247.7 21650.1 5708.81 1368.39
 267447 64276.2 7697.4 5899.58 1928.51
 106502 83024.1 18617.8 2229.58 2267.43
 103946 33855.3 24865.1 5575.9 1346.82
 125794 31972.8 9680.22 7109.66 1979.41
 59710.2 34789.5 7870.62 2382.94 2237.42
 147937 18617.6 10139.5 2293.91 1346.62
pred_Ctot
 15845.1 4484.86 10472 744.519 0.0270261
 15433.5 11634 2247.94 5248.88 373.187
 15171 5574.36 2769.54 535.134 1338.36
 32021.7 7711.03 1869.61 928.886 628.359
 9612.91 3867.42 591.202 143.342 119.394
 30086.2 7022.35 1936.56 296.037 131.562
 24139 22620.9 3516.25 969.68 214.108
 2164.47 1424.29 807.919 125.585 42.2798
 7448.99 3346.93 1523.88 864.41 179.602
 13639.1 3058.63 873.291 397.614 272.407
 6783.84 846.378 114.162 32.5952 25.0083
 33803.4 8998.4 774.462 104.462 52.709
 17036.2 11770.5 2002.45 172.345 34.976
 21341.1 10715 4670.24 794.521 82.2592
 26260.3 1045.8 234.835 102.356 19.216
 82197.7 6347.95 155.104 34.8287 18.0304
 11708.4 18437.4 893.131 21.8225 7.43706
 85702.7 4730.99 4857.8 235.318 7.70918
 90972.8 35539.7 1256.2 1289.87 64.5299
 72445.3 19020 4550.59 160.847 173.421
 57730.4 17993.5 3024.41 723.6 53.1526
 96438.4 25532.1 5248.75 882.228 226.581
 11242.5 21632.6 3702.89 761.219 160.809
 30710.5 4260.46 5501.14 941.639 234.47
 30472 11913.1 1112.3 1436.2 307.051
 8952.43 10063.2 2653.5 247.75 388.288
 26699.1 4743.96 3635.96 958.746 229.809
 26768.4 8809.46 1054.98 808.575 264.314
 9258.89 9920.97 2224.74 266.423 270.947
 10926.2 4866.05 3573.89 801.43 193.58
 20201.9 6907.83 2091.44 1536.06 427.658
 5831.9 4656.14 1053.38 318.927 299.451
 25886.5 4363.91 2376.66 537.685 315.642
F
 0.162391 0.228651 0.228651 0.228651 0.228651
 0.300094 0.422539 0.422539 0.422539 0.422539
 0.295578 0.416181 0.416181 0.416181 0.416181
 0.441593 0.621773 0.621773 0.621773 0.621773
 0.145944 0.205492 0.205492 0.205492 0.205492
 0.259971 0.366046 0.366046 0.366046 0.366046
 0.613881 0.864359 0.864359 0.864359 0.864359
 0.107984 0.152044 0.152044 0.152044 0.152044
 0.437888 0.616556 0.616556 0.616556 0.616556
 0.636379 0.896037 0.896037 0.896037 0.896037
 0.12025 0.169315 0.169315 0.169315 0.169315
 0.416689 0.586708 0.586708 0.586708 0.586708
 0.464718 0.654334 0.654334 0.654334 0.654334
 1.58782 2.23569 2.23569 2.23569 2.23569
 0.565771 0.796618 0.796618 0.796618 0.796618
 0.485688 0.68386 0.68386 0.68386 0.68386
 0.341136 0.480327 0.480327 0.480327 0.480327
 0.409602 0.57673 0.57673 0.57673 0.57673
 0.572228 0.805711 0.805711 0.805711 0.805711
 0.410127 0.577468 0.577468 0.577468 0.577468
 0.29734 0.418662 0.418662 0.418662 0.418662
 0.373274 0.525579 0.525579 0.525579 0.525579
 0.230342 0.324327 0.324327 0.324327 0.324327
 0.218823 0.308109 0.308109 0.308109 0.308109
 0.210336 0.296159 0.296159 0.296159 0.296159
 0.167161 0.235367 0.235367 0.235367 0.235367
 0.213157 0.30013 0.30013 0.30013 0.30013
 0.169791 0.23907 0.23907 0.23907 0.23907
 0.146068 0.205667 0.205667 0.205667 0.205667
 0.178981 0.25201 0.25201 0.25201 0.25201
 0.285329 0.401749 0.401749 0.401749 0.401749
 0.165394 0.232878 0.232878 0.232878 0.232878
 0.31449 0.442809 0.442809 0.442809 0.442809
YTP_r0W_actual
 380862 140915 105860 31162.8 20589.3
YTP_p0W_proyectada
 354005 300770 45923.5 32544.1 10244.3
 354005 187531 55866.8 8046.74 5596.48
CTP_r0_actual
 50512.1 8075.38 4397.99 994.981 584.093
CTP_p0_proyectada
 46950.2 17236.1 1907.91 1039.08 290.618
 46950.2 10746.7 2321.02 256.92 158.765
Wmedp
 7.54 17.45 24.07 31.32 35.25
Frms_r0
 0.713767 1.005 1.005 1.005 1.005
Zrms_r0
 1.71377 2.005 2.005 2.005 2.005
nmprior
 7.29 8.9 8.7 0
nm_flota  nm_reclas  nm_pelaces    nm_pelaL
inf 12.0828 15.3942 45.9515
cv_recla  cv_pelaces  cv_mph
0.387838 0.448151 0.589623
 ------------------------------------------------
Talla a la edad & desviaci?n 
 8 13.2811 15.8009 17.003 17.5766
 0.8 1.32811 1.58009 1.7003 1.75766
