years
 1991 1992 1993 1994 1995 1996 1997 1998 1999 2000 2001 2002 2003 2004 2005 2006 2007 2008 2009 2010 2011 2012 2013 2014 2015 2016 2017 2018 2019 2020
reclasobs
 0 0 0 0 0 0 0 0 0 252601 567819 844713 477998 351125 339783 2.1784e+06 2.13404e+06 4.81314e+06 1.55562e+06 2.62356e+06 3.21686e+06 3.843e+06 1.13348e+06 3.07943e+06 1.97215e+06 2.03268e+06 2.025e+06 2.42433e+06 2.27542e+06 1.05018e+06
reclaspred
 3.84142e+06 2.15162e+06 1.05217e+06 898229 975048 1.4898e+06 1.00506e+06 807094 541229 361153 441645 661503 579950 236429 393375 1.25994e+06 1.81682e+06 2.44211e+06 2.54025e+06 2.143e+06 3.75313e+06 2.74731e+06 2.16643e+06 2.5456e+06 2.16378e+06 2.03036e+06 2.5261e+06 2.61394e+06 2.66964e+06 1.67883e+06
pelacesobs
 0 0 0 0 0 0 0 0 0 0 0 0 0 0 0 552880 188675 0 991730 2.46772e+06 1.41603e+06 1.21717e+06 2.29649e+06 1.80582e+06 0 1.4828e+06 1.56532e+06 1.57751e+06 1.42118e+06 867257
pelacespred
 933468 553802 269320 184794 222959 340095 204810 209868 134775 79930 113087 132836 124535 41370.3 94437.4 266748 384436 564002 626058 501053 809908 681478 522906 663786 560447 507862 732917 727888 639109 454410
mphobs
 0 0 0 0 0 0 0 0 0 0 0 0 498337 0 5186 125008 0 168611 109162 213762 579715 649985 157893 87575 83554 210694 70296 0 107559 103333
mphpred
 1.93211e+06 1.29367e+06 618024 343037 374271 452422 609726 315800 287729 174438 111188 251634 258942 154327 46965.7 190103 771652 718319 959345 948653 1.04394e+06 1.25443e+06 913405 712131 1.04427e+06 780665 741282 1.06963e+06 1.27816e+06 885771
desembarqueobs
 494567 514787 250237 358949 120608 361735 552515 73892 212993 205616 52469 317467 293654 387597 252695 516296 358380 742168 942051 627588 828172 859565 418607 520667 417249 300574 415391 372974 316634 284311
desembarquepred
 494570 513947 250630 358983 120614 361743 552541 73897.7 213060 205674 52472.1 317552 293754 387827 252661 516217 358462 742069 941609 627353 828259 859689 418655 520748 417282 300565 415377 372986 316644 284302
Reclutas
 168460 92787.5 93394.9 139607 113288 203370 80209.3 34122.7 32600.1 47443.8 90064.8 116287 87010.8 47627.7 88527.4 419975 88842.3 419712 464340 287822 409197 403058 92951.7 252937 211571 115472 303874 249386 80864.3 88255.2
log_desv_Rt
 0.221171 -0.375213 -0.368688 0.0333088 -0.175589 0.409504 -0.520886 -1.37556 -1.42121 -1.04598 -0.404996 -0.149465 -0.439492 -1.04211 -0.422213 1.13467 -0.418662 1.13404 1.23509 0.756819 1.10867 1.09355 -0.373445 0.627614 0.449035 -0.156496 0.81109 0.613475 -0.512753 -0.425292
SSB
 1.93211e+06 1.29367e+06 618024 343037 374271 452422 609726 315800 287729 174438 111188 251634 245763 149821 45301.9 184351 771652 718319 989344 976497 1.10118e+06 1.39153e+06 1.05574e+06 790213 1.08602e+06 861860 769360 1.06963e+06 1.3251e+06 863473
BT
 2.7512e+06 1.88686e+06 921494 875367 736455 1.4572e+06 1.02772e+06 696788 606241 447223 449279 690752 664062 540757 653588 1.49564e+06 1.31743e+06 2.62522e+06 2.98374e+06 2.00791e+06 3.36838e+06 2.77145e+06 1.77735e+06 2.79414e+06 1.93098e+06 1.7433e+06 3.03482e+06 2.62099e+06 1.84877e+06 1.5266e+06
Ftot
 0.215522 0.397284 0.39086 0.59246 0.19644 0.359603 0.845591 0.147526 0.597413 0.828622 0.168831 0.699453 0.741211 1.96328 0.803423 0.536113 0.320442 0.439766 0.539526 0.446471 0.334603 0.481718 0.316558 0.300513 0.306804 0.236832 0.239283 0.215442 0.202318 0.274809
BD_Bspro_t
 0.966104 0.769976 0.558355 0.457751 0.451172 0.547975 0.544569 0.344248 0.4018 0.333623 0.297826 0.571376 0.429095 0.271432 0.105704 0.319261 0.541932 0.502026 0.530097 0.488969 0.467438 0.518749 0.485438 0.460793 0.571433 0.571026 0.597905 0.69128 0.719082 0.634083
BD_Bspro
 2.01003 1.34584 0.642949 0.356871 0.389365 0.470668 0.634315 0.328536 0.299333 0.181473 0.115672 0.261783 0.255675 0.155863 0.0471289 0.191786 0.802772 0.747288 1.02924 1.01588 1.14559 1.44765 1.09832 0.822082 1.12982 0.896618 0.800388 1.11277 1.37854 0.898296
BD_Bo
 1.39656 0.935091 0.44672 0.247954 0.27053 0.327019 0.440721 0.228266 0.207976 0.126087 0.0803684 0.181886 0.177642 0.108293 0.0327451 0.133252 0.557765 0.519214 0.715116 0.705831 0.795955 1.00582 0.763111 0.571181 0.784996 0.622969 0.556108 0.773149 0.957808 0.624134
BD_Brms
 7.64577 5.11934 2.44565 1.35747 1.48107 1.79033 2.41282 1.24969 1.1386 0.690288 0.439993 0.995771 0.972539 0.592872 0.179269 0.729517 3.05359 2.84254 3.91505 3.86421 4.35762 5.50657 4.1778 3.12704 4.29761 3.41057 3.04452 4.23275 5.24371 3.41695
Sel_flota
 0.703302 1 1 1 1
 0.703302 1 1 1 1
 0.703302 1 1 1 1
 0.703302 1 1 1 1
 0.703302 1 1 1 1
 0.703302 1 1 1 1
 0.703302 1 1 1 1
 0.703302 1 1 1 1
 0.703302 1 1 1 1
 0.703302 1 1 1 1
 0.703302 1 1 1 1
 0.703302 1 1 1 1
 0.703302 1 1 1 1
 0.703302 1 1 1 1
 0.703302 1 1 1 1
 0.703302 1 1 1 1
 0.703302 1 1 1 1
 0.703302 1 1 1 1
 0.703302 1 1 1 1
 0.703302 1 1 1 1
 0.703302 1 1 1 1
 0.703302 1 1 1 1
 0.703302 1 1 1 1
 0.703302 1 1 1 1
 0.703302 1 1 1 1
 0.703302 1 1 1 1
 0.703302 1 1 1 1
 0.703302 1 1 1 1
 0.703302 1 1 1 1
 0.703302 1 1 1 1
Sel_reclas
 0.5 1 1 1 1
 0.5 1 1 1 1
 0.5 1 1 1 1
 0.5 1 1 1 1
 0.5 1 1 1 1
 0.5 1 1 1 1
 0.5 1 1 1 1
 0.5 1 1 1 1
 0.5 1 1 1 1
 0.5 1 1 1 1
 0.5 1 1 1 1
 0.5 1 1 1 1
 0.5 1 1 1 1
 0.5 1 1 1 1
 0.5 1 1 1 1
 0.5 1 1 1 1
 0.5 1 1 1 1
 0.5 1 1 1 1
 0.5 1 1 1 1
 0.5 1 1 1 1
 0.5 1 1 1 1
 0.5 1 1 1 1
 0.5 1 1 1 1
 0.5 1 1 1 1
 0.5 1 1 1 1
 0.5 1 1 1 1
 0.5 1 1 1 1
 0.5 1 1 1 1
 0.5 1 1 1 1
 0.5 1 1 1 1
Sel_pelaces
 0.5 1 1 1 1
 0.5 1 1 1 1
 0.5 1 1 1 1
 0.5 1 1 1 1
 0.5 1 1 1 1
 0.5 1 1 1 1
 0.5 1 1 1 1
 0.5 1 1 1 1
 0.5 1 1 1 1
 0.5 1 1 1 1
 0.5 1 1 1 1
 0.5 1 1 1 1
 0.5 1 1 1 1
 0.5 1 1 1 1
 0.5 1 1 1 1
 0.5 1 1 1 1
 0.5 1 1 1 1
 0.5 1 1 1 1
 0.5 1 1 1 1
 0.5 1 1 1 1
 0.5 1 1 1 1
 0.5 1 1 1 1
 0.5 1 1 1 1
 0.5 1 1 1 1
 0.5 1 1 1 1
 0.5 1 1 1 1
 0.5 1 1 1 1
 0.5 1 1 1 1
 0.5 1 1 1 1
 0.5 1 1 1 1
pf_obs 
 0.8446 0.082 0.0669 0.0065 0
 0.8095 0.147 0.0364 0.0071 0
 0.9664 0.0169 0.016 0.0007 0
 0.9276 0.0648 0.0075 0.0001 0
 0.7033 0.2144 0.0806 0.0017 0
 0.9318 0.0425 0.0243 0.0014 0
 0.5671 0.3108 0.0964 0.0239 0.0018
 0.0768 0.2599 0.5324 0.112 0.0189
 0.490249 0.384438 0.106611 0.0170017 0.00170017
 0.7925 0.1577 0.0466 0.003 0.0002
 0.840416 0.127587 0.0312969 0.00059994 9.999e-05
 0.8084 0.0986 0.0794 0.0134 0.0002
 0.7335 0.1905 0.0724 0.0035 0.0001
 0.4001 0.4547 0.1325 0.0127 0
 0.49795 0.308269 0.164784 0.0264974 0.00249975
 0.9179 0.0499 0.0305 0.0017 0
 0.2467 0.6533 0.0926 0.0074 0
 0.9418 0.0223 0.034 0.0019 0
 0.707729 0.231977 0.0356964 0.0245975 0
 0.517169 0.277429 0.184464 0.0207286 0.00020938
 0.811772 0.124168 0.05621 0.00726502 0.000585176
 0.764997 0.148141 0.077277 0.00933861 0.000247198
 0.163321 0.427699 0.378323 0.0303852 0.000271297
 0.753843 0.0900009 0.118128 0.0371064 0.000921714
 0.721811 0.176058 0.0630433 0.0369309 0.00215725
 0.143369 0.312575 0.442814 0.0836902 0.0175525
 0.692698 0.0596174 0.167031 0.0765114 0.00414204
 0.394062 0.376323 0.152708 0.0712218 0.00568511
 0.125707 0.32114 0.495352 0.0537591 0.00404204
 0.23352 0.215282 0.420074 0.123614 0.00750983
pf_pred 
 0.490356 0.139977 0.345882 0.0237838 8.82638e-07
 0.42963 0.3348 0.0647006 0.159875 0.0109939
 0.587584 0.220651 0.112563 0.0217531 0.057448
 0.733627 0.182443 0.0449043 0.0229076 0.0161181
 0.662229 0.274843 0.0431003 0.0106082 0.00921942
 0.753214 0.183281 0.051674 0.00810339 0.00372784
 0.46658 0.438665 0.0703718 0.0198406 0.00454268
 0.471021 0.31387 0.176898 0.0283785 0.0098329
 0.550454 0.254032 0.116008 0.0653826 0.0141232
 0.753602 0.162694 0.0473 0.0216004 0.0148037
 0.847174 0.127708 0.0165851 0.00482179 0.00371106
 0.727789 0.242362 0.0249429 0.00323926 0.00166656
 0.673372 0.265351 0.0545576 0.00561483 0.00110434
 0.618107 0.294445 0.0710424 0.0146067 0.00179892
 0.922872 0.0598331 0.0133349 0.00321738 0.00074298
 0.94167 0.0555239 0.00217659 0.000485091 0.000144069
 0.370688 0.605405 0.0227576 0.00089212 0.000257874
 0.848378 0.0712702 0.0772995 0.00290574 0.000146834
 0.732979 0.239253 0.0130524 0.0141566 0.000559048
 0.596753 0.327286 0.0680621 0.00371311 0.00418627
 0.729036 0.188396 0.067014 0.0139362 0.00161745
 0.668932 0.265666 0.0454726 0.016175 0.00375413
 0.32747 0.509939 0.130472 0.022332 0.00978739
 0.740102 0.109901 0.113734 0.0290996 0.00716373
 0.624028 0.304661 0.0301548 0.0312065 0.00995002
 0.487318 0.365907 0.118935 0.011772 0.0160669
 0.781519 0.127806 0.0647157 0.0210353 0.00492369
 0.615824 0.32326 0.0356344 0.0180438 0.00723779
 0.341932 0.462667 0.164418 0.0181246 0.0128588
 0.518704 0.208713 0.191644 0.0681048 0.0128338
pobs_RECLAS
 0 0 0 0 0
 0 0 0 0 0
 0 0 0 0 0
 0 0 0 0 0
 0 0 0 0 0
 0 0 0 0 0
 0 0 0 0 0
 0 0 0 0 0
 0 0 0 0 0
 0 0 0 0 0
 0.991045 0.00858322 0.000360255 1.14367e-05 0
 0.934742 0.0480273 0.0164251 0.00080598 0
 0.827803 0.169806 0.00239088 0 0
 0.941827 0.0461693 0.0120037 0 0
 0.791401 0.0380133 0.147996 0.0225897 0
 0.846168 0.0940531 0.0597789 0 0
 0.134021 0.677848 0.182769 0.00536245 0
 0.80878 0.0450904 0.141981 0.00414843 0
 0.846168 0.0940531 0.0597789 0 0
 0.905697 0.0802665 0.012482 0.00150086 5.37128e-05
 0.989698 0.0102097 9.19794e-05 0 0
 0.975433 0.0193895 0.00387452 0.00125025 5.28907e-05
 0.303575 0.632131 0.0575291 0.00676475 0
 0.966965 0.00978017 0.0227588 0.000495775 0
 0.843318 0.132988 0.00938335 0.0141283 0.000182051
 0.564624 0.303363 0.111486 0.0197234 0.00080311
 0.826376 0.0876187 0.0782897 0.00655872 0.00115652
 0.89761 0.0855135 0.0140674 0.00269457 0.000114338
 0.34875 0.467042 0.161289 0.0227151 0.000203297
 0.318654 0.224769 0.449479 0.00709798 0
ppred_RECLAS
 0.407673 0.162686 0.401997 0.0276424 1.02584e-06
 0.351656 0.38057 0.0735458 0.181731 0.0124968
 0.50633 0.264124 0.134741 0.0260388 0.0687664
 0.666673 0.228301 0.0561914 0.0286655 0.0201695
 0.583609 0.338816 0.0531323 0.0130774 0.0113653
 0.68696 0.232485 0.0655467 0.0102789 0.00472864
 0.39156 0.500358 0.0802689 0.0226309 0.00518156
 0.388599 0.362775 0.204461 0.0328002 0.011365
 0.470735 0.29908 0.13658 0.0769769 0.0166276
 0.692129 0.203283 0.0591007 0.0269894 0.0184971
 0.798364 0.168496 0.0218821 0.00636179 0.0048963
 0.661221 0.301631 0.0310425 0.0040314 0.00207411
 0.601314 0.323891 0.0665938 0.00685354 0.00134797
 0.563833 0.336291 0.0811389 0.0166826 0.00205458
 0.897781 0.0792975 0.0176728 0.00426402 0.000984679
 0.921219 0.0749918 0.00293975 0.000655174 0.000194582
 0.297209 0.676092 0.0254148 0.000996284 0.000287983
 0.801429 0.0933385 0.101235 0.00380549 0.0001923
 0.665393 0.29981 0.0163561 0.0177398 0.000700549
 0.516381 0.392517 0.0816277 0.00445318 0.00502064
 0.659015 0.23708 0.0843314 0.0175375 0.00203543
 0.593498 0.326199 0.0558335 0.0198605 0.00460952
 0.259005 0.561852 0.143754 0.0246055 0.0107838
 0.671376 0.138962 0.143809 0.0367946 0.00905807
 0.543595 0.369838 0.0366059 0.0378826 0.0120787
 0.404911 0.424722 0.138053 0.0136642 0.0186495
 0.719164 0.164283 0.0831858 0.0270389 0.00632893
 0.534158 0.391977 0.0432094 0.0218794 0.00877637
 0.270884 0.512618 0.182169 0.0200814 0.0142471
 0.435819 0.244656 0.224648 0.0798332 0.015044
pobs_PELACES
 0 0 0 0 0
 0 0 0 0 0
 0 0 0 0 0
 0 0 0 0 0
 0 0 0 0 0
 0 0 0 0 0
 0 0 0 0 0
 0 0 0 0 0
 0 0 0 0 0
 0 0 0 0 0
 0 0 0 0 0
 0 0 0 0 0
 0 0 0 0 0
 0 0 0 0 0
 0 0 0 0 0
 0 0 0 0 0
 0.505614 0.472636 0.0217494 0 0
 0 0 0 0 0
 0.443492 0.261883 0.143347 0.151278 0
 0.227955 0.32914 0.350689 0.0885471 0.00366901
 0.970185 0.0296113 0.000203453 0 0
 0.997202 0.00247181 0.000326279 0 0
 0.445219 0.490057 0.0546422 0.010081 0
 0.90214 0.0892962 0.00764917 0.000914606 0
 0 0 0 0 0
 0.581667 0.319106 0.0959925 0.00289975 0.000334073
 0.762889 0.0836404 0.116647 0.0363945 0.000428098
 0.88444 0.0763242 0.0277011 0.0115352 0
 0.521256 0.241999 0.230069 0.00667565 0
 0.616807 0.101726 0.260614 0.0208532 0
ppred_PELACES
 0.412778 0.161284 0.398532 0.0274042 1.01699e-06
 0.360575 0.375335 0.0725341 0.179232 0.0123249
 0.515893 0.259008 0.132131 0.0255345 0.0674344
 0.679436 0.219559 0.0540397 0.0275679 0.0193971
 0.588276 0.335019 0.0525369 0.0129308 0.011238
 0.694482 0.2269 0.0639719 0.0100319 0.00461503
 0.411452 0.484 0.0776446 0.0218911 0.00501216
 0.392037 0.360735 0.203311 0.0326158 0.0113011
 0.485329 0.290833 0.132814 0.0748544 0.0161691
 0.709143 0.19205 0.0558348 0.0254979 0.0174749
 0.801012 0.166283 0.0215947 0.00627824 0.004832
 0.676389 0.288126 0.0296527 0.00385091 0.00198125
 0.618577 0.309866 0.0637102 0.00655677 0.0012896
 0.610391 0.300394 0.0724777 0.0149018 0.00183527
 0.904777 0.0738699 0.0164632 0.00397217 0.000917282
 0.924945 0.0714448 0.0028007 0.000624185 0.000185379
 0.303804 0.669748 0.0251763 0.000986936 0.000285281
 0.808192 0.0901593 0.0977866 0.00367587 0.00018575
 0.67705 0.289366 0.0157863 0.0171218 0.000676144
 0.527288 0.383665 0.0797867 0.00435274 0.00490741
 0.666338 0.231989 0.0825203 0.0171609 0.00199171
 0.604825 0.31711 0.0542778 0.0193071 0.00448108
 0.264997 0.557308 0.142591 0.0244065 0.0106966
 0.677835 0.136231 0.140983 0.0360714 0.00888004
 0.551037 0.363807 0.0360089 0.0372649 0.0118817
 0.410511 0.420726 0.136754 0.0135356 0.018474
 0.723871 0.161529 0.0817914 0.0265857 0.00622285
 0.539403 0.387564 0.0427229 0.0216331 0.00867755
 0.274814 0.509855 0.181187 0.0199731 0.0141703
 0.442445 0.241783 0.222009 0.0788955 0.0148673
pobs_pel_tallas
 0 0 0 0 0 0 0 0 0 0 0 0 0 0 0 0 0 0 0 0 0 0 0 0 0 0
 0 0 0 0 0 0 0 0 0 0 0 0 0 0 0 0 0 0 0 0 0 0 0 0 0 0
 0 0 0 0 0 0 0 0 0 0 0 0 0 0 0 0 0 0 0 0 0 0 0 0 0 0
 0 0 0 0 0 0 0 0 0 0 0 0 0 0 0 0 0 0 0 0 0 0 0 0 0 0
 0 0 0 0 0 0 0 0 0 0 0 0 0 0 0 0 0 0 0 0 0 0 0 0 0 0
 0 0 0 0 0 0 0 0 0 0 0 0 0 0 0 0 0 0 0 0 0 0 0 0 0 0
 0 0 0 0 0 0 0 0 0 0 0 0 0 0 0 0 0 0 0 0 0 0 0 0 0 0
 0 0 0 0 0 0 0 0 0 0 0 0 0 0 0 0 0 0 0 0 0 0 0 0 0 0
 0 0 0 0 0 0 0 0 0 0 0 0 0 0 0 0 0 0 0 0 0 0 0 0 0 0
 0 0 0 0 0 0 0 0 0 0 0 0 0 0 0 0 0 0 0 0 0 0 0 0 0 0
 0 0 0 0 0 0 0 0 0 0 0 0 0 0 0 0 0 0 0 0 0 0 0 0 0 0
 0 0 0 0 0 0 0 0 0 0 0 0 0 0 0 0 0 0 0 0 0 0 0 0 0 0
 0.00862536 0 0 0.000197151 0.00414017 0.0128641 0.00837892 0.0270097 0.101434 0.158115 0.152841 0.127902 0.109271 0.109419 0.0830992 0.0579132 0.0238553 0.00714673 0.00463305 0.00128148 0.00103504 0.000492878 0.000147863 0.000147863 4.92878e-05 0
 0 0 0 0 0 0 0 0 0 0 0 0 0 0 0 0 0 0 0 0 0 0 0 0 0 0
 0 0 0 0 0 0 0 0.0054083 0.00873648 0.0413646 0.0450493 0.0745869 0.0622846 0.0627006 0.0613931 0.0827291 0.12552 0.122667 0.0946155 0.0697135 0.0546179 0.0294188 0.0215738 0.0213955 0.0102223 0.00600262
 0 0 0 0 0.00359764 0.0251062 0.0480494 0.140153 0.205849 0.193036 0.1447 0.116669 0.0760912 0.0342217 0.00950174 0.001854 0.000860785 0 0 0 0.000165536 0 0.000143464 0 0 0
 0 0 0 0 0 0 0 0.000145254 0.000435761 0.0275982 0.070085 0.0708112 0.156366 0.174668 0.174014 0.160142 0.0824315 0.0480064 0.0283245 0.00493863 0.00203355 0 0 0 0 0
 0 0 0 0 0 0 0 0 0 0 0 0 0 0 0 0 0 0 0 0 0 0 0 0 0 0
 0 0 1.00437e-05 0.000401748 0.00122533 0.00171747 0.00176769 0.0269171 0.070346 0.194647 0.189555 0.159765 0.064822 0.0314167 0.0384472 0.0292271 0.0345202 0.0313363 0.0194345 0.0106764 0.0143323 0.0359363 0.0279516 0.0138201 0.00172751 0
 0 0.0021121 0.0136068 0.0755702 0.200478 0.177729 0.0527432 0.0373336 0.0318909 0.0142505 0.0149659 0.0166563 0.0217959 0.0798694 0.0677717 0.0528807 0.04013 0.0224614 0.0357745 0.0225083 0.00881397 0.00855152 0.00135912 0.000746735 0 0
 0 0 0 0 5.4009e-05 0.00500934 0.000945158 0.0243581 0.138947 0.33067 0.221406 0.137944 0.0707744 0.0437923 0.0131692 0.00525238 0.0047753 0.00276346 9.45158e-05 9.00151e-06 2.25038e-05 9.00151e-06 4.50075e-06 0 0 0
 0.000866109 0.00284123 0.00948549 0.0512746 0.133035 0.25785 0.225252 0.132002 0.0553304 0.0519788 0.0540692 0.017754 0.00435017 0.00159236 0.00146478 0.000404838 0.000125132 0.000115318 0.000107957 0.000100596 0 0 0 0 0 0
 0 0 0 0 0.00144013 0.00171154 0.00461396 0.0210425 0.0478622 0.0707936 0.0888783 0.103762 0.0637923 0.0337046 0.0602308 0.124433 0.169614 0.0934646 0.0462172 0.0250306 0.0313229 0.00938855 0.002487 0.000210481 0 0
 0 0.00764035 0.051015 0.0998891 0.058973 0.0496711 0.0374665 0.0718981 0.12319 0.153886 0.159021 0.0857701 0.0377988 0.023471 0.0147837 0.00900784 0.00315554 0.000888139 0.00291439 0.00214683 0.00393193 0.00274676 0.000635225 9.99891e-05 0 0
 0 0 0 0 0 0 0 0 0 0 0 0 0 0 0 0 0 0 0 0 0 0 0 0 0 0
 0 0 0 0 0 0 0 0 0 0 0 0 0 0 0 0 0 0 0 0 0 0 0 0 0 0
 0 0 0 0 0 0 0 0 0 0 0 0 0 0 0 0 0 0 0 0 0 0 0 0 0 0
 0 0 0 0 0 0 0 0 0 0 0 0 0 0 0 0 0 0 0 0 0 0 0 0 0 0
 0 0 0 0 0 0 0 0 0 0 0 0 0 0 0 0 0 0 0 0 0 0 0 0 0 0
 0 0 0 0 0 0 0 0 0 0 0 0 0 0 0 0 0 0 0 0 0 0 0 0 0 0
ppred_pel_tallas
 1.14291e-16 3.4e-05 0.000330493 0.00219624 0.0099838 0.0310634 0.0661844 0.0966015 0.0966176 0.0662635 0.0313307 0.0107633 0.00418115 0.00475666 0.00871234 0.0150579 0.0233338 0.0327613 0.0424384 0.0517455 0.0603485 0.0677217 0.0727203 0.0738045 0.0698895 0.0611594
 1.2225e-16 2.97002e-05 0.000288696 0.00191849 0.00872119 0.0271351 0.0578155 0.084391 0.0844272 0.0579927 0.0277305 0.0104425 0.00624456 0.00975123 0.0180588 0.02997 0.0435786 0.0557329 0.0633178 0.0651007 0.0625343 0.0587258 0.0563585 0.0561717 0.0569415 0.0566211
 1.17852e-16 4.24935e-05 0.000413052 0.00274487 0.0124778 0.0388232 0.082718 0.120735 0.12076 0.0828408 0.0392363 0.0136731 0.00575349 0.00700878 0.0126519 0.0210692 0.0308719 0.0399484 0.0461843 0.0486615 0.0481753 0.0465586 0.0453695 0.0449985 0.0447437 0.043541
 1.07663e-16 5.59643e-05 0.000543993 0.00361503 0.0164334 0.0511305 0.10894 0.159005 0.159026 0.109043 0.0514787 0.0174396 0.00614325 0.00607124 0.0105776 0.017464 0.0253109 0.0321757 0.0361274 0.0363101 0.0334498 0.0293229 0.0256193 0.0230922 0.0214989 0.0201249
 1.04801e-16 4.84556e-05 0.000471005 0.00313 0.0142285 0.0442704 0.094324 0.137675 0.137708 0.0944818 0.0448004 0.0157595 0.00697337 0.00886293 0.0159917 0.0263754 0.0380254 0.0478952 0.0529115 0.0516628 0.0452338 0.0364499 0.0281623 0.0219123 0.0177467 0.0148995
 1.03692e-16 5.72036e-05 0.000556039 0.00369508 0.0167973 0.0522627 0.111352 0.162526 0.162548 0.111459 0.0526226 0.0178373 0.00630817 0.00626851 0.0109299 0.0180405 0.0261263 0.0331542 0.0370803 0.0369464 0.0334153 0.0282521 0.0231975 0.0191316 0.016021 0.0134143
 1.05408e-16 3.38909e-05 0.000329431 0.00218919 0.00995176 0.0309639 0.0659735 0.0963001 0.0963468 0.0662016 0.0317296 0.0121636 0.00774201 0.012454 0.0230687 0.0381047 0.0549379 0.0691913 0.076417 0.0745571 0.065152 0.0522543 0.0399639 0.0305143 0.0240166 0.0194429
 1.11143e-16 3.22916e-05 0.000313886 0.00208589 0.00948215 0.0295027 0.0628599 0.0917532 0.0917882 0.0630311 0.0300782 0.0111476 0.00627825 0.00950497 0.0176026 0.0293492 0.0429752 0.055505 0.0638793 0.0666269 0.0645996 0.060101 0.0551852 0.0505534 0.0457337 0.0400308
 1.14151e-16 3.9976e-05 0.000388581 0.00258226 0.0117386 0.0365233 0.0778177 0.113583 0.113611 0.0779556 0.0369867 0.0130793 0.00595607 0.00778189 0.0141653 0.0235781 0.0344933 0.044516 0.0512357 0.0535825 0.0524136 0.049759 0.0473555 0.0456609 0.0439648 0.041231
 1.07175e-16 5.84112e-05 0.000567778 0.00377308 0.0171519 0.053366 0.113703 0.165956 0.165975 0.113793 0.0536708 0.0180331 0.00598775 0.00541172 0.0092858 0.0153333 0.0222613 0.028381 0.0320185 0.0324299 0.0302337 0.0269417 0.0239718 0.0219238 0.0205489 0.0192228
 1.02114e-16 6.59783e-05 0.000641333 0.00426188 0.0193739 0.0602795 0.128432 0.187454 0.18747 0.128511 0.0605424 0.0201332 0.00616785 0.00480184 0.00796689 0.013065 0.0188113 0.0236512 0.0260486 0.0253005 0.0219538 0.017432 0.0131801 0.00999254 0.00791011 0.00655232
 1.01651e-16 5.57133e-05 0.000541553 0.00359881 0.0163597 0.0509012 0.108452 0.158294 0.158322 0.108587 0.0513565 0.0176743 0.00689761 0.00773964 0.0137167 0.0225631 0.0324378 0.0406636 0.0445476 0.0428415 0.0364839 0.027968 0.0198675 0.0136624 0.0095383 0.00693048
 1.02794e-16 5.09515e-05 0.000495266 0.00329122 0.0149614 0.0465507 0.0991823 0.144766 0.144796 0.0993284 0.0470413 0.0163788 0.00685043 0.00826949 0.0148285 0.0244668 0.0353156 0.0445627 0.0493622 0.0483773 0.0425444 0.0343834 0.0264461 0.0201274 0.0155303 0.0120935
 1.03974e-16 5.02772e-05 0.000488712 0.00324767 0.0147634 0.0459347 0.0978698 0.14285 0.142879 0.0980115 0.0464107 0.016139 0.00670272 0.00803876 0.0144115 0.0238039 0.0344211 0.0435676 0.0485169 0.0479934 0.042895 0.0356125 0.0285269 0.0228791 0.0186725 0.0153137
 1.01048e-16 7.45253e-05 0.000724413 0.00481398 0.0218836 0.0680882 0.145069 0.211734 0.211742 0.145104 0.0682052 0.0222218 0.00566318 0.00257982 0.00360298 0.00585076 0.00844968 0.0106856 0.0118837 0.0117317 0.0104552 0.00864997 0.00690958 0.00554403 0.00455239 0.00377996
 1.00194e-16 7.61865e-05 0.00074056 0.00492128 0.0223714 0.0696059 0.148303 0.216454 0.216461 0.148337 0.0697186 0.0226969 0.00573759 0.00252063 0.00345113 0.00556979 0.00798073 0.00996132 0.0108322 0.0102819 0.00855251 0.00628467 0.00414742 0.00253713 0.00151626 0.000941857
 1.01046e-16 2.50241e-05 0.000243243 0.00161644 0.00734813 0.0228631 0.0487146 0.0711139 0.0711784 0.0490294 0.0239198 0.0103986 0.0092679 0.0169275 0.0316555 0.0521461 0.0747694 0.0932918 0.101373 0.0960828 0.0796812 0.0581756 0.0378577 0.0224809 0.0126796 0.00716051
 1.03246e-16 6.65698e-05 0.000647082 0.00430009 0.0195476 0.0608198 0.129583 0.189133 0.189141 0.129627 0.0609651 0.0199689 0.00536407 0.00299046 0.00457753 0.00761921 0.0113331 0.0150048 0.0179224 0.019706 0.0204442 0.0204713 0.0200021 0.0189701 0.0171846 0.0146114
 1.02362e-16 5.57678e-05 0.000542083 0.00360233 0.0163757 0.050951 0.108558 0.158449 0.158477 0.108694 0.0514078 0.0176947 0.00691149 0.0077604 0.0137484 0.0225985 0.032452 0.0406111 0.0443732 0.0425088 0.0360118 0.027455 0.0194817 0.0135912 0.00991518 0.00777551
 1.03668e-16 4.34321e-05 0.000422176 0.00280551 0.0127535 0.0396809 0.0845458 0.123405 0.123442 0.0847267 0.0402884 0.0145085 0.00721254 0.0100484 0.0183414 0.0302947 0.0437307 0.0551833 0.0611299 0.059915 0.0526979 0.0426001 0.0327844 0.0249835 0.0193294 0.0151273
 1.04499e-16 5.48855e-05 0.000533506 0.00354534 0.0161166 0.0501448 0.10684 0.15594 0.155963 0.106949 0.0505134 0.017182 0.00622363 0.00639308 0.0112209 0.018562 0.0269636 0.0343871 0.0387763 0.0391614 0.036184 0.0315584 0.0269338 0.0230803 0.0198844 0.0168881
 1.04343e-16 4.98187e-05 0.000484255 0.00321805 0.0146288 0.0455158 0.0969773 0.141548 0.141578 0.0971267 0.0460176 0.0160785 0.00685791 0.00843318 0.0151554 0.0250005 0.0360675 0.0454807 0.0503403 0.0493115 0.0434067 0.0352664 0.0275417 0.0216448 0.0175946 0.0146762
 1.08516e-16 2.18276e-05 0.000212172 0.00140996 0.00640951 0.0199427 0.0424919 0.0620295 0.0620833 0.0427549 0.0208261 0.0089624 0.00782297 0.0142281 0.0266882 0.0442108 0.063975 0.081055 0.0904149 0.0896987 0.0805662 0.0674249 0.0546467 0.0444817 0.036892 0.0307507
 1.09224e-16 5.58324e-05 0.000542711 0.00360651 0.0163947 0.0510099 0.108683 0.158628 0.158641 0.108748 0.0512296 0.0170316 0.00521508 0.00408678 0.00688247 0.011541 0.0172094 0.0228813 0.0275448 0.0307097 0.0325971 0.0337643 0.0345021 0.0345551 0.0333671 0.0305731
 1.06881e-16 4.53883e-05 0.00044119 0.00293187 0.0133279 0.0414681 0.0883535 0.128962 0.128997 0.0885247 0.0420431 0.0149886 0.00710016 0.00953931 0.0173212 0.0285575 0.0411256 0.0517153 0.0570014 0.0554979 0.0484697 0.0390916 0.0305395 0.0244831 0.0208555 0.0186192
 1.08538e-16 3.38133e-05 0.000328677 0.00218418 0.00992898 0.030893 0.0658222 0.096078 0.0961187 0.066021 0.0315608 0.0118595 0.007036 0.0109397 0.0202432 0.0335617 0.0486913 0.0619565 0.0696058 0.0698758 0.063969 0.0550852 0.0463448 0.0392711 0.0337286 0.0288623
 1.06121e-16 5.96243e-05 0.00057957 0.00385145 0.0175081 0.0544744 0.116064 0.169402 0.169418 0.116141 0.0547319 0.0182532 0.00572658 0.00468929 0.00791281 0.0131136 0.0191827 0.024752 0.0284595 0.0296738 0.0288203 0.0269802 0.0251035 0.0234887 0.021851 0.0197638
 1.0497e-16 4.443e-05 0.000431875 0.00286996 0.0130465 0.0405926 0.0864881 0.12624 0.126277 0.0866706 0.0412051 0.0148156 0.0073101 0.0101227 0.0184436 0.030407 0.0437688 0.0549855 0.0604813 0.0586261 0.0507175 0.0401073 0.0301962 0.0228494 0.018146 0.0151569
 1.09761e-16 2.26362e-05 0.000220032 0.00146219 0.00664694 0.0206814 0.0440656 0.0643254 0.0643747 0.0443067 0.0214912 0.00898817 0.00734724 0.0130944 0.0245531 0.0407632 0.0592022 0.0754545 0.0849904 0.0856633 0.0788793 0.0684234 0.0579661 0.049269 0.0421531 0.0356559
 1.16897e-16 3.64437e-05 0.000354246 0.00235409 0.0107014 0.033296 0.0709416 0.103546 0.10357 0.0710571 0.033685 0.011829 0.00520027 0.00661954 0.012089 0.0203324 0.0302387 0.0400397 0.0479283 0.0530618 0.0559213 0.0576368 0.0588731 0.0592621 0.0577847 0.0536415
pSPR Fmed_Fpbrs
0.559809   0.232658 0.232658
Fs Fmed_Fpbrs
0.34   1.005 1.005
SSBpbr Bo_Bmed_Bpbrs
1.38347e+06  705307  252703 252703
Ro
135034
SPR SPRFo_SPRFmed_SPRFpbrs
961234 538108 223639
Fref
1.005
Nvult_r0
 72242 22328.2 20502.1 7285.85 1372.96
CTP_r0
 29916.5 11191.9 10276.6 3652.01 688.194
YTP_r0
809285
Np
 194117 35220.9 3603.69 971.098 1011.75
Nvult_p0
 158896 30478.1 3118.42 840.33 875.511
CTP_p0
 65801 11607.7 3127.96 2872.15 1305.94
 65801 15277 1563.1 421.213 438.847
YTP_p0
 909974 829009
CBA_c0
839492
log_Ro
11.6333
likeval ReclasPelacesDesembMPH_pf_preclas_ppelaces_ptallas_desvR_qrecl_qpela
 13.525 61.1645 0.0321373 94.2828 213.1 130.212 103.198 0 23.55 1.96033e-05 0 0.140539 0 0 0
q_reclas_q_pelaces
1.8704 1
M
1
N
 168460 34704.8 85755.6 5896.79 0.218835
 92787.5 53256.4 10291.9 25431.2 1748.79
 93394.9 25813.6 13168.6 2544.85 6720.74
 139607 26100.2 6424 3277.15 2305.85
 113288 33857.3 5309.42 1306.8 1135.72
 203370 36298.6 10234 1604.87 738.296
 80209.3 58097.3 9320.13 2627.71 601.638
 34122.7 16279.9 9175.42 1471.95 510.017
 32600.1 11315.9 5167.59 2912.47 629.117
 47443.8 7878.62 2290.56 1046.02 716.887
 90064.8 9745.2 1265.58 367.943 283.185
 116287 29423.4 3028.13 393.254 202.325
 87010.8 26157.4 5378.11 553.491 108.862
 47627.7 19005.7 4585.61 942.826 116.116
 88527.4 4404.52 981.624 236.842 54.6933
 419975 18509.1 725.574 161.707 48.0258
 88842.3 105969 3983.45 156.155 45.1378
 419712 26088.5 28295.6 1063.65 53.7487
 464340 113327 6182.54 6705.57 264.805
 287822 116882 24306.7 1326.05 1495.03
 409197 77349.9 27514 5721.79 664.08
 403058 118970 20363.3 7243.41 1681.16
 92951.7 105666 27035.5 4627.51 2028.08
 252937 27369.9 28324.5 7247.04 1784.07
 211571 75323.2 7455.34 7715.37 2460
 115472 62726.5 20388.8 2018.04 2754.31
 303874 35962.1 18209.7 5918.91 1385.43
 249386 94474.2 10414.3 5273.37 2115.28
 80864.3 78844.6 28019 3088.67 2191.32
 88255.2 25802.8 23692.6 8419.64 1586.62
pred_Ctot
 15163.7 4328.62 10696 735.487 0.0272946
 14626.5 11398 2202.69 5442.83 374.278
 14510.1 5448.87 2779.7 537.181 1418.65
 31103.6 7735.02 1903.81 971.211 683.357
 9345.49 3878.64 608.239 149.705 130.106
 29324.5 7135.58 2011.8 315.485 145.134
 23840.9 22414.4 3595.79 1013.79 232.117
 2143.89 1428.6 805.165 129.167 44.7552
 7313.96 3375.36 1541.42 868.747 187.656
 13880.5 2996.63 871.213 397.855 272.668
 6436.27 970.243 126.003 36.6328 28.1942
 29718 9896.44 1018.5 132.269 68.0512
 23303 9182.84 1888.04 194.309 38.2171
 25068.1 11941.6 2881.22 592.394 72.9576
 25279.6 1638.97 365.272 88.1313 20.3519
 85978 5069.54 198.731 44.2906 13.154
 11541.6 18849.6 708.571 27.7766 8.02904
 72376.1 6080.14 6594.51 247.892 12.5266
 95576.3 31197.2 1701.96 1845.94 72.8967
 50296 27584.6 5736.47 312.952 352.831
 55287.7 14287.3 5082.12 1056.87 122.662
 75257.5 29888.5 5115.85 1819.75 422.355
 11942.1 18596.3 4758.01 814.4 356.924
 30989.2 4601.71 4762.21 1218.45 299.957
 26416.9 12897.2 1276.54 1321.06 421.213
 11352.6 8524.21 2770.73 274.241 374.297
 30163.5 4932.81 2497.76 811.879 190.035
 22440.3 11779.4 1298.5 657.506 263.741
 6858.79 9280.61 3298.05 363.559 257.934
 9960.13 4007.71 3679.95 1307.75 246.435
F
 0.151577 0.215522 0.215522 0.215522 0.215522
 0.279411 0.397284 0.397284 0.397284 0.397284
 0.274893 0.39086 0.39086 0.39086 0.39086
 0.416679 0.59246 0.59246 0.59246 0.59246
 0.138157 0.19644 0.19644 0.19644 0.19644
 0.25291 0.359603 0.359603 0.359603 0.359603
 0.594706 0.845591 0.845591 0.845591 0.845591
 0.103755 0.147526 0.147526 0.147526 0.147526
 0.420162 0.597413 0.597413 0.597413 0.597413
 0.582772 0.828622 0.828622 0.828622 0.828622
 0.118739 0.168831 0.168831 0.168831 0.168831
 0.491927 0.699453 0.699453 0.699453 0.699453
 0.521295 0.741211 0.741211 0.741211 0.741211
 1.38078 1.96328 1.96328 1.96328 1.96328
 0.565049 0.803423 0.803423 0.803423 0.803423
 0.377049 0.536113 0.536113 0.536113 0.536113
 0.225367 0.320442 0.320442 0.320442 0.320442
 0.309288 0.439766 0.439766 0.439766 0.439766
 0.37945 0.539526 0.539526 0.539526 0.539526
 0.314004 0.446471 0.446471 0.446471 0.446471
 0.235327 0.334603 0.334603 0.334603 0.334603
 0.338794 0.481718 0.481718 0.481718 0.481718
 0.222636 0.316558 0.316558 0.316558 0.316558
 0.211351 0.300513 0.300513 0.300513 0.300513
 0.215776 0.306804 0.306804 0.306804 0.306804
 0.166564 0.236832 0.236832 0.236832 0.236832
 0.168288 0.239283 0.239283 0.239283 0.239283
 0.151521 0.215442 0.215442 0.215442 0.215442
 0.142291 0.202318 0.202318 0.202318 0.202318
 0.193274 0.274809 0.274809 0.274809 0.274809
YTP_r0W_actual
 218390 177951 272331 115769 24843.8
YTP_p0W_proyectada
 496140 202554 75290.1 89955.9 46034.5
 496140 266584 37623.7 13192.4 15469.4
CTP_r0_actual
 29916.5 11191.9 10276.6 3652.01 688.194
CTP_p0_proyectada
 65801 11607.7 3127.96 2872.15 1305.94
 65801 15277 1563.1 421.213 438.847
Wmedp
 7.54 17.45 24.07 31.32 35.25
Frms_r0
 0.706819 1.005 1.005 1.005 1.005
Zrms_r0
 1.70682 2.005 2.005 2.005 2.005
nmprior
 7.29 8.9 8.7 0
nm_flota  nm_reclas  nm_pelaces    nm_pelaL
inf 7.86653 6.64553 9.7059
cv_recla  cv_pelaces  cv_mph
0.340482 0.920268 1.37319
 ------------------------------------------------
Talla a la edad & desviaci?n 
 8 13.2811 15.8009 17.003 17.5766
 0.8 1.32811 1.58009 1.7003 1.75766
