years
 1991 1992 1993 1994 1995 1996 1997 1998 1999 2000 2001 2002 2003 2004 2005 2006 2007 2008 2009 2010 2011 2012 2013 2014 2015 2016 2017 2018 2019 2020
reclasobs
 0 0 0 0 0 0 0 0 0 252601 567819 844713 477998 351125 339783 2.1784e+06 2.13404e+06 4.81314e+06 1.55562e+06 2.62356e+06 3.21686e+06 3.843e+06 1.13348e+06 3.07943e+06 1.97215e+06 2.03268e+06 2.025e+06 2.42433e+06 2.27542e+06 1.05018e+06
reclaspred
 3.9371e+06 2.119e+06 1.04497e+06 1.20842e+06 1.36016e+06 2.75493e+06 1.51908e+06 1.17812e+06 721874 338311 568725 982812 861066 341061 555802 1.50668e+06 1.14502e+06 3.03839e+06 2.52611e+06 2.08208e+06 3.47182e+06 2.61911e+06 1.65393e+06 2.57196e+06 1.96657e+06 1.69932e+06 2.27106e+06 2.57015e+06 1.99224e+06 1.001e+06
pelacesobs
 0 0 0 0 0 0 0 0 0 0 0 0 0 0 0 552880 188675 0 991730 2.46772e+06 1.41603e+06 1.21717e+06 2.29649e+06 1.80582e+06 0 1.4828e+06 1.56532e+06 1.57751e+06 1.42118e+06 867257
pelacespred
 2.56764e+06 1.42273e+06 655672 608747 845243 1.71454e+06 865097 902584 474633 167794 349179 501682 482489 138576 292985 704658 590556 1.73171e+06 1.45014e+06 1.07214e+06 1.93975e+06 1.45916e+06 1.00228e+06 1.66515e+06 1.24201e+06 1.10174e+06 1.6372e+06 1.71981e+06 1.3165e+06 659739
mphobs
 0 0 0 0 0 0 0 0 0 0 0 0 498337 0 5186 125008 0 168611 109162 213762 579715 649985 157893 87575 83554 210694 70296 0 107559 103333
mphpred
 923441 631648 283910 162750 215898 302025 484526 217413 188996 85628.4 34458.7 126713 161444 87212.7 21777.8 74885.3 265678 170419 464183 303103 388418 423585 332843 215555 396367 302758 249882 352295 508888 287526
desembarqueobs
 494567 514787 250237 358949 120608 361735 552515 73892 212993 205616 52469 317467 293654 387597 252695 516296 358380 742168 942051 627588 828172 859565 418607 520667 417249 300574 415391 372974 316634 284311
desembarquepred
 494558 514347 250429 358951 120610 361718 552479 73897.6 213067 205684 52470.7 317459 293659 387553 252597 516143 358417 741883 941354 627124 828250 859418 418572 520696 417155 300549 415334 372898 316544 284238
Reclutas
 148710 92145.5 83753.2 125673 94982.8 197048 70699.3 26001.3 25245.5 33436.4 59165.5 117000 79028.3 51205.4 60111.6 248707 45832 364015 263324 238542 246911 337652 56097.9 158910 151645 59102.9 148849 153974 47722.7 39366.4
log_desv_Rt
 0.418163 -0.060465 -0.15596 0.24985 -0.0301384 0.699614 -0.325399 -1.32569 -1.35519 -1.07419 -0.503496 0.178336 -0.214028 -0.647989 -0.487632 0.932439 -0.758851 1.31336 0.989552 0.890709 0.925195 1.23818 -0.556736 0.484504 0.437707 -0.504555 0.419101 0.452952 -0.718428 -0.910921
SSB
 923441 631648 283910 162750 215898 302025 484526 217413 188996 85628.4 34458.7 126713 151910 84075.2 20773.8 71865.1 265678 170419 484226 315016 416533 487143 404650 245901 416679 342969 262062 352295 532310 277012
BT
 1.51255e+06 1.10224e+06 508953 610631 502804 1.24644e+06 858275 505461 437830 281645 249541 536848 518379 473691 433051 846014 550353 1.71883e+06 1.65337e+06 1.07288e+06 1.76073e+06 1.51469e+06 823729 1.46416e+06 968550 794738 1.36485e+06 1.26175e+06 819855 581831
Ftot
 0.401914 0.744519 0.738301 0.913427 0.288946 0.425888 1.0671 0.205102 0.898114 1.66603 0.305348 0.987414 1.02889 2.66382 1.35988 1.05829 0.941116 0.774399 1.11361 0.927591 0.747074 0.997184 0.775921 0.646404 0.66582 0.558816 0.586401 0.469694 0.499897 0.86267
BD_Bspro_t
 0.937718 0.619156 0.3543 0.26248 0.295905 0.41953 0.46973 0.258351 0.297381 0.1928 0.116501 0.407888 0.313771 0.171509 0.050557 0.154437 0.290022 0.200498 0.347079 0.235878 0.24553 0.271338 0.255722 0.19738 0.323455 0.330346 0.32167 0.41989 0.49922 0.350567
BD_Bspro
 1.32522 0.906471 0.407436 0.233561 0.309833 0.433433 0.695339 0.312008 0.271226 0.122884 0.0494513 0.181844 0.218005 0.120655 0.0298123 0.103133 0.381272 0.244566 0.694908 0.452077 0.597762 0.699094 0.580709 0.35289 0.597971 0.492191 0.376083 0.505575 0.763912 0.397536
BD_Bo
 1.55244 1.06189 0.477294 0.273607 0.362956 0.507748 0.814558 0.365503 0.317729 0.143954 0.05793 0.213023 0.255383 0.141342 0.0349238 0.120816 0.446643 0.286498 0.814053 0.529588 0.700251 0.818957 0.680275 0.413395 0.700497 0.57658 0.440565 0.592259 0.894889 0.465696
BD_Brms
 8.96095 6.12942 2.75502 1.57931 2.09504 2.93081 4.70178 2.10975 1.83399 0.830926 0.334382 1.2296 1.47412 0.815854 0.201586 0.697369 2.5781 1.65372 4.69886 3.05688 4.04197 4.72717 3.92667 2.38619 4.04339 3.32812 2.54302 3.41862 5.16546 2.68808
Sel_flota
 0.744399 1 1 1 1
 0.744399 1 1 1 1
 0.744399 1 1 1 1
 0.744399 1 1 1 1
 0.744399 1 1 1 1
 0.744399 1 1 1 1
 0.744399 1 1 1 1
 0.744399 1 1 1 1
 0.744399 1 1 1 1
 0.744399 1 1 1 1
 0.744399 1 1 1 1
 0.744399 1 1 1 1
 0.744399 1 1 1 1
 0.744399 1 1 1 1
 0.744399 1 1 1 1
 0.744399 1 1 1 1
 0.744399 1 1 1 1
 0.744399 1 1 1 1
 0.744399 1 1 1 1
 0.744399 1 1 1 1
 0.744399 1 1 1 1
 0.744399 1 1 1 1
 0.744399 1 1 1 1
 0.744399 1 1 1 1
 0.744399 1 1 1 1
 0.744399 1 1 1 1
 0.744399 1 1 1 1
 0.744399 1 1 1 1
 0.744399 1 1 1 1
 0.744399 1 1 1 1
Sel_reclas
 0.772058 1 1 1 1
 0.772058 1 1 1 1
 0.772058 1 1 1 1
 0.772058 1 1 1 1
 0.772058 1 1 1 1
 0.772058 1 1 1 1
 0.772058 1 1 1 1
 0.772058 1 1 1 1
 0.772058 1 1 1 1
 0.772058 1 1 1 1
 0.772058 1 1 1 1
 0.772058 1 1 1 1
 0.772058 1 1 1 1
 0.772058 1 1 1 1
 0.772058 1 1 1 1
 0.772058 1 1 1 1
 0.772058 1 1 1 1
 0.772058 1 1 1 1
 0.772058 1 1 1 1
 0.772058 1 1 1 1
 0.772058 1 1 1 1
 0.772058 1 1 1 1
 0.772058 1 1 1 1
 0.772058 1 1 1 1
 0.772058 1 1 1 1
 0.772058 1 1 1 1
 0.772058 1 1 1 1
 0.772058 1 1 1 1
 0.772058 1 1 1 1
 0.772058 1 1 1 1
Sel_pelaces
 0.595932 1 1 1 1
 0.595932 1 1 1 1
 0.595932 1 1 1 1
 0.595932 1 1 1 1
 0.595932 1 1 1 1
 0.595932 1 1 1 1
 0.595932 1 1 1 1
 0.595932 1 1 1 1
 0.595932 1 1 1 1
 0.595932 1 1 1 1
 0.595932 1 1 1 1
 0.595932 1 1 1 1
 0.595932 1 1 1 1
 0.595932 1 1 1 1
 0.595932 1 1 1 1
 0.595932 1 1 1 1
 0.595932 1 1 1 1
 0.595932 1 1 1 1
 0.595932 1 1 1 1
 0.595932 1 1 1 1
 0.595932 1 1 1 1
 0.595932 1 1 1 1
 0.595932 1 1 1 1
 0.595932 1 1 1 1
 0.595932 1 1 1 1
 0.595932 1 1 1 1
 0.595932 1 1 1 1
 0.595932 1 1 1 1
 0.595932 1 1 1 1
 0.595932 1 1 1 1
pf_obs 
 0.8446 0.082 0.0669 0.0065 0
 0.8095 0.147 0.0364 0.0071 0
 0.9664 0.0169 0.016 0.0007 0
 0.9276 0.0648 0.0075 0.0001 0
 0.7033 0.2144 0.0806 0.0017 0
 0.9318 0.0425 0.0243 0.0014 0
 0.5671 0.3108 0.0964 0.0239 0.0018
 0.0768 0.2599 0.5324 0.112 0.0189
 0.490249 0.384438 0.106611 0.0170017 0.00170017
 0.7925 0.1577 0.0466 0.003 0.0002
 0.840416 0.127587 0.0312969 0.00059994 9.999e-05
 0.8084 0.0986 0.0794 0.0134 0.0002
 0.7335 0.1905 0.0724 0.0035 0.0001
 0.4001 0.4547 0.1325 0.0127 0
 0.49795 0.308269 0.164784 0.0264974 0.00249975
 0.9179 0.0499 0.0305 0.0017 0
 0.2467 0.6533 0.0926 0.0074 0
 0.9418 0.0223 0.034 0.0019 0
 0.707729 0.231977 0.0356964 0.0245975 0
 0.517169 0.277429 0.184464 0.0207286 0.00020938
 0.811772 0.124168 0.05621 0.00726502 0.000585176
 0.764997 0.148141 0.077277 0.00933861 0.000247198
 0.163321 0.427699 0.378323 0.0303852 0.000271297
 0.753843 0.0900009 0.118128 0.0371064 0.000921714
 0.721811 0.176058 0.0630433 0.0369309 0.00215725
 0.143369 0.312575 0.442814 0.0836902 0.0175525
 0.692698 0.0596174 0.167031 0.0765114 0.00414204
 0.394062 0.376323 0.152708 0.0712218 0.00568511
 0.125707 0.32114 0.495352 0.0537591 0.00404204
 0.23352 0.215282 0.420074 0.123614 0.00750983
pf_pred 
 0.629036 0.150381 0.20325 0.0173323 8.59815e-07
 0.562232 0.309954 0.0518131 0.0700287 0.00597206
 0.693899 0.202184 0.0735764 0.0122993 0.0180409
 0.81577 0.142648 0.0274658 0.00999502 0.00412158
 0.730873 0.235106 0.0263419 0.00507196 0.00260684
 0.811407 0.149417 0.0342238 0.00383454 0.00111778
 0.485454 0.442853 0.0568001 0.01301 0.00188259
 0.503231 0.299164 0.170072 0.0218134 0.00571931
 0.592076 0.238241 0.102187 0.0580922 0.00940444
 0.805564 0.134776 0.0348438 0.0149452 0.00987169
 0.918402 0.0719472 0.0066895 0.00172945 0.00123177
 0.837795 0.152578 0.00848878 0.00078927 0.000349383
 0.735794 0.23539 0.0271053 0.00150802 0.00020228
 0.733635 0.217382 0.0436414 0.00502531 0.00031709
 0.943296 0.0487269 0.00651051 0.00130704 0.000160003
 0.96071 0.0379441 0.0011563 0.000154496 3.48133e-05
 0.465497 0.521198 0.0128489 0.000391556 6.41054e-05
 0.952611 0.0273593 0.0195311 0.000481493 1.70752e-05
 0.735688 0.255951 0.00482721 0.00344601 8.79662e-05
 0.789031 0.172644 0.037112 0.000699929 0.000512415
 0.792878 0.176893 0.0247375 0.00531762 0.000173712
 0.818287 0.154998 0.0228163 0.00319074 0.000708293
 0.399802 0.526415 0.062935 0.00926428 0.00158315
 0.845491 0.0778162 0.0672648 0.00804178 0.00138607
 0.747825 0.224619 0.0138786 0.0119967 0.00168147
 0.527241 0.385726 0.0775218 0.00478987 0.00472071
 0.835399 0.102177 0.0509322 0.0102361 0.0012558
 0.749536 0.220941 0.0183269 0.00913546 0.00206126
 0.431506 0.461785 0.0941302 0.00780806 0.00477028
 0.579023 0.220809 0.162596 0.0331434 0.00442886
pobs_RECLAS
 0 0 0 0 0
 0 0 0 0 0
 0 0 0 0 0
 0 0 0 0 0
 0 0 0 0 0
 0 0 0 0 0
 0 0 0 0 0
 0 0 0 0 0
 0 0 0 0 0
 0 0 0 0 0
 0.991045 0.00858322 0.000360255 1.14367e-05 0
 0.934742 0.0480273 0.0164251 0.00080598 0
 0.827803 0.169806 0.00239088 0 0
 0.941827 0.0461693 0.0120037 0 0
 0.791401 0.0380133 0.147996 0.0225897 0
 0.846168 0.0940531 0.0597789 0 0
 0.134021 0.677848 0.182769 0.00536245 0
 0.80878 0.0450904 0.141981 0.00414843 0
 0.846168 0.0940531 0.0597789 0 0
 0.905697 0.0802665 0.012482 0.00150086 5.37128e-05
 0.989698 0.0102097 9.19794e-05 0 0
 0.975433 0.0193895 0.00387452 0.00125025 5.28907e-05
 0.303575 0.632131 0.0575291 0.00676475 0
 0.966965 0.00978017 0.0227588 0.000495775 0
 0.843318 0.132988 0.00938335 0.0141283 0.000182051
 0.564624 0.303363 0.111486 0.0197234 0.00080311
 0.826376 0.0876187 0.0782897 0.00655872 0.00115652
 0.89761 0.0855135 0.0140674 0.00269457 0.000114338
 0.34875 0.467042 0.161289 0.0227151 0.000203297
 0.318654 0.224769 0.449479 0.00709798 0
ppred_RECLAS
 0.640098 0.145897 0.197189 0.0168155 8.34175e-07
 0.577311 0.299278 0.0500283 0.0676165 0.00576634
 0.706749 0.193697 0.0704876 0.011783 0.0172836
 0.826013 0.134716 0.0259387 0.00943928 0.00389241
 0.739438 0.227624 0.0255036 0.00491055 0.00252387
 0.818724 0.14362 0.0328959 0.00368576 0.00107442
 0.504913 0.426106 0.0546521 0.012518 0.0018114
 0.513607 0.292916 0.16652 0.0213578 0.00559985
 0.608608 0.228586 0.0980453 0.0557379 0.00902331
 0.82307 0.122641 0.0317066 0.0135996 0.00898288
 0.921676 0.0690606 0.00642111 0.00166006 0.00118235
 0.847541 0.14341 0.00797874 0.000741847 0.000328391
 0.750256 0.222506 0.0256216 0.00142548 0.000191208
 0.770382 0.187392 0.0376207 0.00433203 0.000273345
 0.94818 0.0445293 0.00594965 0.00119445 0.000146219
 0.963529 0.0352223 0.00107336 0.000143413 3.23161e-05
 0.483225 0.503912 0.0124228 0.00037857 6.19792e-05
 0.955371 0.0257658 0.0183935 0.000453449 1.60807e-05
 0.751034 0.241091 0.00454695 0.00324594 8.2859e-05
 0.800513 0.163248 0.0350921 0.000661836 0.000484527
 0.802818 0.168404 0.0235503 0.00506243 0.000165375
 0.829039 0.145826 0.0214662 0.00300193 0.000666381
 0.415004 0.513082 0.061341 0.00902963 0.00154305
 0.852814 0.0741279 0.0640767 0.00766062 0.00132038
 0.758608 0.215014 0.0132852 0.0114838 0.00160957
 0.54057 0.374851 0.0753361 0.00465482 0.00458762
 0.842781 0.0975945 0.0486482 0.00977712 0.00119948
 0.75883 0.212742 0.0176468 0.00879646 0.00198477
 0.444125 0.451535 0.0920409 0.00763475 0.0046644
 0.595296 0.212274 0.15631 0.0318622 0.00425765
pobs_PELACES
 0 0 0 0 0
 0 0 0 0 0
 0 0 0 0 0
 0 0 0 0 0
 0 0 0 0 0
 0 0 0 0 0
 0 0 0 0 0
 0 0 0 0 0
 0 0 0 0 0
 0 0 0 0 0
 0 0 0 0 0
 0 0 0 0 0
 0 0 0 0 0
 0 0 0 0 0
 0 0 0 0 0
 0 0 0 0 0
 0.505614 0.472636 0.0217494 0 0
 0 0 0 0 0
 0.443492 0.261883 0.143347 0.151278 0
 0.227955 0.32914 0.350689 0.0885471 0.00366901
 0.970185 0.0296113 0.000203453 0 0
 0.997202 0.00247181 0.000326279 0 0
 0.445219 0.490057 0.0546422 0.010081 0
 0.90214 0.0892962 0.00764917 0.000914606 0
 0 0 0 0 0
 0.581667 0.319106 0.0959925 0.00289975 0.000334073
 0.762889 0.0836404 0.116647 0.0363945 0.000428098
 0.88444 0.0763242 0.0277011 0.0115352 0
 0.521256 0.241999 0.230069 0.00667565 0
 0.616807 0.101726 0.260614 0.0208532 0
ppred_PELACES
 0.586801 0.167502 0.22639 0.0193056 9.57706e-07
 0.528871 0.333575 0.0557616 0.0753654 0.00642717
 0.664406 0.221665 0.0806656 0.0134843 0.0197792
 0.798307 0.156169 0.0300693 0.0109424 0.00451226
 0.691788 0.26925 0.0301676 0.00580857 0.00298543
 0.783251 0.171724 0.0393331 0.00440699 0.00128466
 0.462751 0.462393 0.0593063 0.013584 0.00196566
 0.453338 0.329211 0.187153 0.0240042 0.00629372
 0.564215 0.254513 0.109166 0.0620599 0.0100468
 0.805163 0.135054 0.0349156 0.0149761 0.00989204
 0.903101 0.0854389 0.00794393 0.00205376 0.00146276
 0.823435 0.166085 0.00924028 0.000859142 0.000380314
 0.716635 0.25246 0.0290708 0.00161738 0.000216949
 0.764268 0.192382 0.0386223 0.00444737 0.000280623
 0.940618 0.0510277 0.00681791 0.00136876 0.000167558
 0.957074 0.0414557 0.00126331 0.000168794 3.80352e-05
 0.438642 0.547385 0.0134945 0.00041123 6.73263e-05
 0.946349 0.0309748 0.022112 0.000545121 1.93316e-05
 0.718924 0.272184 0.00513338 0.00366457 9.35454e-05
 0.770089 0.188146 0.0404442 0.000762774 0.000558423
 0.76996 0.196466 0.0274748 0.00590603 0.000192933
 0.80282 0.168191 0.0247584 0.00346232 0.000768581
 0.368932 0.55349 0.066172 0.00974077 0.00166458
 0.825266 0.0880025 0.0760699 0.00909446 0.00156751
 0.719562 0.249793 0.0154341 0.0133413 0.00186992
 0.487713 0.417978 0.0840036 0.00519036 0.00511542
 0.812996 0.116084 0.0578645 0.0116294 0.00142672
 0.716458 0.250119 0.0207473 0.0103419 0.00233347
 0.391454 0.49432 0.100762 0.00835816 0.00510637
 0.549769 0.236154 0.173894 0.0354466 0.00473662
pobs_pel_tallas
 0 0 0 0 0 0 0 0 0 0 0 0 0 0 0 0 0 0 0 0 0 0 0 0 0 0
 0 0 0 0 0 0 0 0 0 0 0 0 0 0 0 0 0 0 0 0 0 0 0 0 0 0
 0 0 0 0 0 0 0 0 0 0 0 0 0 0 0 0 0 0 0 0 0 0 0 0 0 0
 0 0 0 0 0 0 0 0 0 0 0 0 0 0 0 0 0 0 0 0 0 0 0 0 0 0
 0 0 0 0 0 0 0 0 0 0 0 0 0 0 0 0 0 0 0 0 0 0 0 0 0 0
 0 0 0 0 0 0 0 0 0 0 0 0 0 0 0 0 0 0 0 0 0 0 0 0 0 0
 0 0 0 0 0 0 0 0 0 0 0 0 0 0 0 0 0 0 0 0 0 0 0 0 0 0
 0 0 0 0 0 0 0 0 0 0 0 0 0 0 0 0 0 0 0 0 0 0 0 0 0 0
 0 0 0 0 0 0 0 0 0 0 0 0 0 0 0 0 0 0 0 0 0 0 0 0 0 0
 0 0 0 0 0 0 0 0 0 0 0 0 0 0 0 0 0 0 0 0 0 0 0 0 0 0
 0 0 0 0 0 0 0 0 0 0 0 0 0 0 0 0 0 0 0 0 0 0 0 0 0 0
 0 0 0 0 0 0 0 0 0 0 0 0 0 0 0 0 0 0 0 0 0 0 0 0 0 0
 0.00862536 0 0 0.000197151 0.00414017 0.0128641 0.00837892 0.0270097 0.101434 0.158115 0.152841 0.127902 0.109271 0.109419 0.0830992 0.0579132 0.0238553 0.00714673 0.00463305 0.00128148 0.00103504 0.000492878 0.000147863 0.000147863 4.92878e-05 0
 0 0 0 0 0 0 0 0 0 0 0 0 0 0 0 0 0 0 0 0 0 0 0 0 0 0
 0 0 0 0 0 0 0 0.0054083 0.00873648 0.0413646 0.0450493 0.0745869 0.0622846 0.0627006 0.0613931 0.0827291 0.12552 0.122667 0.0946155 0.0697135 0.0546179 0.0294188 0.0215738 0.0213955 0.0102223 0.00600262
 0 0 0 0 0.00359764 0.0251062 0.0480494 0.140153 0.205849 0.193036 0.1447 0.116669 0.0760912 0.0342217 0.00950174 0.001854 0.000860785 0 0 0 0.000165536 0 0.000143464 0 0 0
 0 0 0 0 0 0 0 0.000145254 0.000435761 0.0275982 0.070085 0.0708112 0.156366 0.174668 0.174014 0.160142 0.0824315 0.0480064 0.0283245 0.00493863 0.00203355 0 0 0 0 0
 0 0 0 0 0 0 0 0 0 0 0 0 0 0 0 0 0 0 0 0 0 0 0 0 0 0
 0 0 1.00437e-05 0.000401748 0.00122533 0.00171747 0.00176769 0.0269171 0.070346 0.194647 0.189555 0.159765 0.064822 0.0314167 0.0384472 0.0292271 0.0345202 0.0313363 0.0194345 0.0106764 0.0143323 0.0359363 0.0279516 0.0138201 0.00172751 0
 0 0.0021121 0.0136068 0.0755702 0.200478 0.177729 0.0527432 0.0373336 0.0318909 0.0142505 0.0149659 0.0166563 0.0217959 0.0798694 0.0677717 0.0528807 0.04013 0.0224614 0.0357745 0.0225083 0.00881397 0.00855152 0.00135912 0.000746735 0 0
 0 0 0 0 5.4009e-05 0.00500934 0.000945158 0.0243581 0.138947 0.33067 0.221406 0.137944 0.0707744 0.0437923 0.0131692 0.00525238 0.0047753 0.00276346 9.45158e-05 9.00151e-06 2.25038e-05 9.00151e-06 4.50075e-06 0 0 0
 0.000866109 0.00284123 0.00948549 0.0512746 0.133035 0.25785 0.225252 0.132002 0.0553304 0.0519788 0.0540692 0.017754 0.00435017 0.00159236 0.00146478 0.000404838 0.000125132 0.000115318 0.000107957 0.000100596 0 0 0 0 0 0
 0 0 0 0 0.00144013 0.00171154 0.00461396 0.0210425 0.0478622 0.0707936 0.0888783 0.103762 0.0637923 0.0337046 0.0602308 0.124433 0.169614 0.0934646 0.0462172 0.0250306 0.0313229 0.00938855 0.002487 0.000210481 0 0
 0 0.00764035 0.051015 0.0998891 0.058973 0.0496711 0.0374665 0.0718981 0.12319 0.153886 0.159021 0.0857701 0.0377988 0.023471 0.0147837 0.00900784 0.00315554 0.000888139 0.00291439 0.00214683 0.00393193 0.00274676 0.000635225 9.99891e-05 0 0
 0 0 0 0 0 0 0 0 0 0 0 0 0 0 0 0 0 0 0 0 0 0 0 0 0 0
 0 0 0 0 0 0 0 0 0 0 0 0 0 0 0 0 0 0 0 0 0 0 0 0 0 0
 0 0 0 0 0 0 0 0 0 0 0 0 0 0 0 0 0 0 0 0 0 0 0 0 0 0
 0 0 0 0 0 0 0 0 0 0 0 0 0 0 0 0 0 0 0 0 0 0 0 0 0 0
 0 0 0 0 0 0 0 0 0 0 0 0 0 0 0 0 0 0 0 0 0 0 0 0 0 0
 0 0 0 0 0 0 0 0 0 0 0 0 0 0 0 0 0 0 0 0 0 0 0 0 0 0
ppred_pel_tallas
 1.08513e-16 4.83341e-05 0.000469825 0.00312215 0.0141929 0.0441593 0.0940867 0.137326 0.137342 0.0941673 0.0444308 0.0149811 0.00511593 0.00487261 0.00855723 0.0144535 0.0217062 0.0291455 0.0355415 0.0402174 0.0432523 0.0450427 0.0456605 0.0446533 0.041457 0.0359981
 1.10341e-16 4.35625e-05 0.000423443 0.00281393 0.0127917 0.0398 0.0847992 0.123774 0.123806 0.0849565 0.0403282 0.0143181 0.00664752 0.00879968 0.0159747 0.0264047 0.0381944 0.0483977 0.0540683 0.0539223 0.0491224 0.0424598 0.0365913 0.0327015 0.0303875 0.0284738
 1.07085e-16 5.47263e-05 0.000531959 0.00353505 0.0160699 0.0499994 0.10653 0.155488 0.155509 0.106635 0.0503516 0.0170883 0.00609551 0.00613484 0.0107351 0.0177647 0.0258306 0.0330013 0.0373393 0.0379526 0.0354897 0.031612 0.0278902 0.0250104 0.0227658 0.0205854
 1.02769e-16 6.57555e-05 0.000639167 0.00424749 0.0193085 0.0600759 0.127999 0.186821 0.186836 0.128072 0.0603232 0.0200229 0.00604149 0.00455803 0.00751603 0.0123418 0.017821 0.022515 0.0250045 0.0246406 0.0219221 0.018137 0.014565 0.0118672 0.0100182 0.00864106
 1.02028e-16 5.69817e-05 0.000553883 0.00368075 0.0167322 0.0520601 0.11092 0.161897 0.161923 0.111047 0.0524856 0.017961 0.00676457 0.00728374 0.0128318 0.0211066 0.0303595 0.0380937 0.0418016 0.0403244 0.0345397 0.0267674 0.0193906 0.0137623 0.0100255 0.00763047
 1.01839e-16 6.45154e-05 0.000627113 0.00416739 0.0189443 0.058943 0.125585 0.183298 0.183315 0.125666 0.059215 0.0197303 0.00614139 0.00493992 0.00826559 0.0135891 0.0196304 0.024811 0.0275597 0.0271388 0.0240606 0.0197023 0.0154496 0.0120459 0.00952825 0.00758194
 1.03525e-16 3.81163e-05 0.000370504 0.00246213 0.0111925 0.0348243 0.0741985 0.108304 0.108349 0.0744162 0.0355553 0.0133037 0.00776093 0.0119361 0.021998 0.0362928 0.052244 0.065626 0.0721487 0.0698232 0.0601371 0.0470311 0.0345391 0.0249308 0.0184252 0.0140929
 1.08958e-16 3.73409e-05 0.000362967 0.00241205 0.0109648 0.0341158 0.0726886 0.106098 0.10613 0.0728448 0.0346411 0.0124847 0.00623786 0.00875017 0.0160699 0.026778 0.0392003 0.0506061 0.058188 0.060582 0.0585422 0.0541551 0.0492995 0.0446501 0.0398414 0.0343196
 1.1114e-16 4.64737e-05 0.000451741 0.00300198 0.0136466 0.0424597 0.0904657 0.132043 0.132067 0.0905863 0.0428649 0.0148189 0.00595139 0.00691286 0.0123843 0.020578 0.0300624 0.0387109 0.0443895 0.046145 0.044728 0.0419429 0.0393651 0.0374682 0.0357017 0.0332078
 1.04219e-16 6.63202e-05 0.000644656 0.00428397 0.0194743 0.0605918 0.129098 0.188425 0.188438 0.129162 0.060806 0.0200934 0.00583941 0.00404534 0.00654018 0.0107483 0.0155753 0.019799 0.022225 0.0223181 0.0205126 0.0178889 0.0154805 0.0137581 0.0125961 0.0115908
 1.00705e-16 7.43872e-05 0.00072307 0.00480506 0.0218431 0.067962 0.144801 0.211342 0.211351 0.144841 0.068097 0.0222329 0.00578309 0.00285708 0.00412422 0.00669248 0.00961501 0.0120523 0.0132042 0.0127043 0.0108364 0.00834604 0.00599944 0.00423279 0.0030908 0.00239005
 1.0046e-16 6.78253e-05 0.000659286 0.00438119 0.0199163 0.0619669 0.132028 0.192702 0.192718 0.132106 0.0622291 0.0206731 0.00627975 0.00479996 0.00792018 0.0129559 0.0185853 0.0232198 0.0252895 0.0240697 0.0201157 0.0149026 0.00996947 0.00622509 0.00381227 0.00240837
 1.01103e-16 5.90283e-05 0.000573776 0.00381295 0.0173331 0.0539299 0.114904 0.167711 0.167735 0.115023 0.0543288 0.0184852 0.00670425 0.00688323 0.012035 0.0197844 0.02845 0.0356794 0.0391111 0.0376445 0.0320879 0.0246076 0.0174428 0.0118866 0.00811656 0.00566971
 1.01658e-16 6.29518e-05 0.000611914 0.00406638 0.0184852 0.0575144 0.122541 0.178856 0.178875 0.122632 0.057819 0.0193651 0.00627581 0.00543764 0.00923521 0.0151868 0.0219138 0.0276434 0.0306053 0.029969 0.0263174 0.0212188 0.0162626 0.0123199 0.00945756 0.0073273
 1.00376e-16 7.74775e-05 0.000753109 0.00500467 0.0227505 0.0707853 0.150816 0.220121 0.220126 0.15084 0.070866 0.0229835 0.00558951 0.00202967 0.00250146 0.00401163 0.00576849 0.00724744 0.0079707 0.00771818 0.00665307 0.00520875 0.00382894 0.00276339 0.00203683 0.00154858
 1.00071e-16 7.88329e-05 0.000766284 0.00509223 0.0231485 0.0720237 0.153454 0.223972 0.223976 0.153474 0.0720891 0.0233373 0.00556574 0.00179873 0.00203599 0.00323156 0.00462497 0.00576828 0.00626416 0.00593124 0.00491033 0.0035748 0.00231577 0.00136663 0.000766467 0.000433752
 1.00583e-16 3.61304e-05 0.000351201 0.00233386 0.0106094 0.0330101 0.0703334 0.102665 0.102717 0.0705906 0.0338734 0.0131018 0.00858483 0.0139799 0.0258686 0.0425751 0.0610129 0.0760615 0.0825265 0.0780111 0.0643782 0.0465729 0.0297852 0.0171267 0.00913876 0.00475616
 1.00705e-16 7.79495e-05 0.000757697 0.00503516 0.0228891 0.0712166 0.151735 0.221462 0.221465 0.151749 0.0712661 0.0230326 0.00539654 0.00155085 0.0015967 0.00254849 0.00373805 0.00485422 0.00563082 0.00593469 0.00582196 0.00546511 0.00501559 0.00452179 0.00395407 0.00328601
 1.00602e-16 5.92169e-05 0.000575609 0.00382513 0.0173885 0.0541022 0.115271 0.168247 0.168274 0.115399 0.0545315 0.0186277 0.00693315 0.00735177 0.0129029 0.0211705 0.0303345 0.0378176 0.0410387 0.0388132 0.0320768 0.0232969 0.0150556 0.00889024 0.00504752 0.00296901
 1.01387e-16 6.34312e-05 0.000616574 0.00409735 0.018626 0.0579525 0.123475 0.180218 0.180237 0.123563 0.0582504 0.0194867 0.00625876 0.0053378 0.00903809 0.0148622 0.0214502 0.0270673 0.0299798 0.0293687 0.0257925 0.020772 0.0158529 0.0118906 0.00896856 0.00677488
 1.01469e-16 6.34206e-05 0.000616471 0.00409667 0.0186229 0.0579427 0.123454 0.180188 0.180207 0.123546 0.0582534 0.0195201 0.00634886 0.00553282 0.00939978 0.0154374 0.0222269 0.0279387 0.0307497 0.0298137 0.0257559 0.0202382 0.0149591 0.010871 0.00806408 0.00615213
 1.01235e-16 6.61272e-05 0.00064278 0.0042715 0.0194176 0.0604156 0.128722 0.187877 0.187894 0.128802 0.0606815 0.0201859 0.00619989 0.00485248 0.0080611 0.0132217 0.0190386 0.023937 0.0263551 0.0255667 0.022103 0.0173813 0.0128518 0.0093294 0.0068961 0.00522997
 1.0331e-16 3.03886e-05 0.000295388 0.00196296 0.00892336 0.0277642 0.0591564 0.0863517 0.0864051 0.059417 0.0286389 0.0114497 0.00830332 0.0141326 0.0262983 0.0433976 0.0624391 0.0783589 0.0860023 0.0829728 0.07105 0.0549735 0.0396205 0.0277741 0.0197626 0.0145192
 1.03396e-16 6.79761e-05 0.000660751 0.00439093 0.0199605 0.0621046 0.132321 0.193128 0.193136 0.132363 0.0622459 0.0203698 0.00542314 0.00293009 0.00442475 0.00732962 0.0108364 0.0142192 0.0167671 0.0181227 0.0184303 0.0181168 0.0175055 0.0166103 0.0152455 0.0132903
 1.02164e-16 5.92694e-05 0.00057612 0.00382852 0.0174039 0.0541501 0.115373 0.168396 0.16842 0.115491 0.0545445 0.0185427 0.00668571 0.00680893 0.0118836 0.0195187 0.028035 0.0350975 0.0383746 0.0368048 0.0312429 0.0239029 0.0170583 0.0119969 0.0088299 0.0069746
 1.03918e-16 4.01723e-05 0.000390489 0.00259494 0.0117963 0.0367027 0.0782005 0.114144 0.114185 0.0783976 0.0373644 0.0137079 0.00739511 0.0108747 0.0199672 0.0329861 0.0476045 0.0600473 0.066473 0.0650788 0.0571344 0.0460548 0.0353038 0.0267844 0.0206461 0.0161257
 1.03108e-16 6.69654e-05 0.000650928 0.00432564 0.0196638 0.0611813 0.130354 0.190257 0.190269 0.130409 0.0613663 0.0201988 0.00567203 0.00360083 0.00570083 0.00940088 0.0137279 0.0176645 0.0202103 0.0208884 0.019987 0.0182815 0.01648 0.0148529 0.013274 0.0115172
 1.02095e-16 5.90138e-05 0.000573635 0.00381201 0.0173288 0.0539166 0.114876 0.16767 0.167694 0.114994 0.0543117 0.0184697 0.00667456 0.0068192 0.0119106 0.0195715 0.0281286 0.03525 0.0386042 0.0371233 0.0316469 0.0243661 0.01753 0.0124123 0.00913025 0.00712792
 1.04737e-16 3.22436e-05 0.00031342 0.00208279 0.00946807 0.0294589 0.0627671 0.0916205 0.0916682 0.0630002 0.0302416 0.0117291 0.00776034 0.0127144 0.0236039 0.0390219 0.0563257 0.0710672 0.0787091 0.0771217 0.0678049 0.0547885 0.0421541 0.0321345 0.0248924 0.0195193
 1.09435e-16 4.52838e-05 0.000440174 0.00292511 0.0132972 0.0413725 0.0881494 0.128661 0.128684 0.0882618 0.0417507 0.0143924 0.00568533 0.00650228 0.0116656 0.0194944 0.0287336 0.0375054 0.0438873 0.0469428 0.0471501 0.0458082 0.0439566 0.0417462 0.0386718 0.0342699
pSPR Fmed_Fpbrs
0.552041   0.223245 0.223245
Fs Fmed_Fpbrs
0.34   1.005 1.005
SSBpbr Bo_Bmed_Bpbrs
594833  298631  103052 103052
Ro
97889
SPR SPRFo_SPRFmed_SPRFpbrs
696821 384674 155562
Fref
1.005
Nvult_r0
 32512.7 10471.4 7710.76 1571.76 210.029
CTP_r0
 13914 5248.77 3864.99 787.839 105.277
YTP_r0
316225
Np
 119103 20735.9 1026.08 252.995 211.382
Nvult_p0
 98367.2 17943.6 887.904 218.926 182.917
CTP_p0
 42097 3305.05 814.911 600.069 141.309
 42097 8994.19 445.059 109.736 91.6867
YTP_p0
 418474 491741
CBA_c0
346900
log_Ro
11.3116
likeval ReclasPelacesDesembMPH_pf_preclas_ppelaces_ptallas_desvR_qrecl_qpela
 11.7668 17.8023 0.0168844 30.2936 223.714 117.643 102.329 0 23.1217 7.56354e-05 0.000158285 0.0406712 0 0 0
q_reclas_q_pelaces
3.42096 5.92537
M
1
N
 148710 27548.4 37233.4 3175.11 0.15751
 92145.5 40561.2 6780.36 9164.1 781.515
 83753.2 19475.4 7087.23 1184.73 1737.79
 125673 17783.7 3424.14 1246.07 513.833
 94982.8 23423.3 2624.41 505.313 259.715
 197048 28179.8 6454.54 723.185 210.812
 70699.3 52795.1 6771.46 1550.99 224.435
 26001.3 11752.8 6681.35 856.945 224.685
 25245.5 8210.94 3521.85 2002.14 324.123
 33436.4 4759.25 1230.42 527.752 348.593
 59165.5 3558.92 330.901 85.5484 60.9305
 117000 17340.4 964.745 89.7 39.7072
 79028.3 20638.1 2376.49 132.218 17.7352
 51205.4 13516.4 2713.54 312.465 19.7161
 60111.6 2593.22 346.486 69.5602 8.51529
 248707 8035.79 244.881 32.7191 7.37276
 45832 41615.9 1025.94 31.2644 5.11859
 364015 8368.02 5973.69 147.268 5.22255
 263324 75243.8 1419.09 1013.05 25.8601
 238542 42284.2 9089.49 171.427 125.501
 246911 43993.7 6152.27 1322.51 43.2025
 337652 52086.6 7667.36 1072.24 238.02
 56097.9 59128.4 7069.04 1040.59 177.824
 158910 11582.6 10012.1 1196.98 206.311
 151645 36131.2 2232.45 1929.74 270.473
 59102.9 33984.5 6830.08 422.013 415.92
 148849 14343.5 7149.84 1436.95 176.288
 153974 35389.7 2935.56 1463.29 330.166
 47722.7 39930.7 8139.47 675.165 412.488
 39366.4 12100.9 8910.67 1816.35 242.713
pred_Ctot
 24905.1 5953.97 8047.18 686.23 0.0340423
 25913.5 14285.9 2388.08 3227.65 275.254
 23397.3 6817.37 2480.89 414.715 608.314
 41385.2 7236.71 1393.38 507.061 209.094
 11825.2 3803.92 426.202 82.0624 42.1776
 34724 6394.29 1464.6 164.098 47.8354
 26095.3 23805.3 3053.25 699.343 101.198
 2356.42 1400.86 796.377 102.143 26.7811
 8208.4 3302.91 1416.69 805.376 130.381
 16540.5 2767.32 715.44 306.867 202.693
 7746.18 606.832 56.422 14.5869 10.3893
 40822.7 7434.56 413.628 38.4582 17.0242
 28413.6 9089.9 1046.7 58.2342 7.81131
 32315.5 9575.33 1922.33 221.357 13.9673
 26197 1353.23 180.808 36.2989 4.44357
 91254.7 3604.18 109.833 14.675 3.3068
 15433.7 17280.5 426.011 12.9822 2.12543
 105594 3032.71 2164.97 53.3723 1.89274
 100185 34855.2 657.366 469.275 11.9792
 79464.7 17387.3 3737.61 70.4911 51.6062
 69625.8 15533.6 2172.3 466.961 15.2543
 118664 22477.1 3308.71 462.705 102.713
 16298.1 21459.5 2565.57 377.662 64.5378
 39886.4 3671.01 3173.25 379.374 65.3886
 38991.2 11711.5 723.623 625.504 87.6708
 13149.2 9619.9 1933.37 119.458 117.733
 34477.2 4216.86 2101.99 422.449 51.8272
 29544.3 8708.79 722.39 360.091 81.2483
 9660.69 10338.6 2107.42 174.809 106.799
 12414.5 4734.27 3486.13 710.612 94.957
F
 0.299184 0.401914 0.401914 0.401914 0.401914
 0.554219 0.744519 0.744519 0.744519 0.744519
 0.549591 0.738301 0.738301 0.738301 0.738301
 0.679954 0.913427 0.913427 0.913427 0.913427
 0.215091 0.288946 0.288946 0.288946 0.288946
 0.31703 0.425888 0.425888 0.425888 0.425888
 0.794347 1.0671 1.0671 1.0671 1.0671
 0.152678 0.205102 0.205102 0.205102 0.205102
 0.668556 0.898114 0.898114 0.898114 0.898114
 1.24019 1.66603 1.66603 1.66603 1.66603
 0.227301 0.305348 0.305348 0.305348 0.305348
 0.73503 0.987414 0.987414 0.987414 0.987414
 0.765902 1.02889 1.02889 1.02889 1.02889
 1.98294 2.66382 2.66382 2.66382 2.66382
 1.0123 1.35988 1.35988 1.35988 1.35988
 0.787792 1.05829 1.05829 1.05829 1.05829
 0.700566 0.941116 0.941116 0.941116 0.941116
 0.576462 0.774399 0.774399 0.774399 0.774399
 0.828974 1.11361 1.11361 1.11361 1.11361
 0.690498 0.927591 0.927591 0.927591 0.927591
 0.556121 0.747074 0.747074 0.747074 0.747074
 0.742303 0.997184 0.997184 0.997184 0.997184
 0.577595 0.775921 0.775921 0.775921 0.775921
 0.481182 0.646404 0.646404 0.646404 0.646404
 0.495636 0.66582 0.66582 0.66582 0.66582
 0.415982 0.558816 0.558816 0.558816 0.558816
 0.436516 0.586401 0.586401 0.586401 0.586401
 0.34964 0.469694 0.469694 0.469694 0.469694
 0.372123 0.499897 0.499897 0.499897 0.499897
 0.642171 0.86267 0.86267 0.86267 0.86267
YTP_r0W_actual
 101573 83455.5 102422 24974.5 3800.49
YTP_p0W_proyectada
 317411 57673.2 19614.9 18794.2 4981.13
 317411 156949 10712.6 3436.94 3231.96
CTP_r0_actual
 13914 5248.77 3864.99 787.839 105.277
CTP_p0_proyectada
 42097 3305.05 814.911 600.069 141.309
 42097 8994.19 445.059 109.736 91.6867
Wmedp
 7.54 17.45 24.07 31.32 35.25
Frms_r0
 0.748121 1.005 1.005 1.005 1.005
Zrms_r0
 1.74812 2.005 2.005 2.005 2.005
nmprior
 7.29 8.9 8.7 0
nm_flota  nm_reclas  nm_pelaces    nm_pelaL
inf 12.3671 11.8375 19.4049
cv_recla  cv_pelaces  cv_mph
0.317581 0.496481 0.778378
 ------------------------------------------------
Talla a la edad & desviaci?n 
 8 13.2811 15.8009 17.003 17.5766
 0.8 1.32811 1.58009 1.7003 1.75766
