years
 1991 1992 1993 1994 1995 1996 1997 1998 1999 2000 2001 2002 2003 2004 2005 2006 2007 2008 2009 2010 2011 2012 2013 2014 2015 2016 2017 2018 2019
reclasobs
 0 0 0 0 0 0 0 0 0 252601 567819 844713 477998 351125 339783 2.1784e+06 2.13404e+06 4.81314e+06 1.55562e+06 2.62356e+06 3.21686e+06 3.843e+06 1.13348e+06 3.07943e+06 1.97215e+06 2.03268e+06 2.025e+06 2.42433e+06 2.27542e+06
reclaspred
 4.04347e+06 2.17133e+06 1.06956e+06 1.24279e+06 1.39185e+06 2.813e+06 1.53925e+06 1.20281e+06 738889 340900 572756 991231 864774 344530 561694 1.52572e+06 1.14342e+06 3.07452e+06 2.54293e+06 2.1033e+06 3.49616e+06 2.64815e+06 1.65833e+06 2.61949e+06 1.98111e+06 1.71676e+06 2.33559e+06 2.35419e+06 1.74464e+06
pelacesobs
 0 0 0 0 0 0 0 0 0 0 0 0 0 0 0 552880 188675 0 991730 2.46772e+06 1.41603e+06 1.21717e+06 2.29649e+06 1.80582e+06 0 1.4828e+06 1.56532e+06 1.57751e+06 1.42118e+06
pelacespred
 2.59498e+06 1.44329e+06 665100 616558 862534 1.72253e+06 881877 910463 478285 166013 342643 498550 478505 136529 286268 693579 592578 1.70146e+06 1.44629e+06 1.06781e+06 1.92052e+06 1.45866e+06 1.00523e+06 1.65097e+06 1.24675e+06 1.10824e+06 1.64696e+06 1.56249e+06 1.1282e+06
mphobs
 0 0 0 0 0 0 0 0 0 0 0 0 498337 0 5186 125008 0 168611 109162 213762 579715 649985 157893 87575 83554 210694 70296 0 107559
mphpred
 918268 629869 284105 162434 218231 305206 485152 217609 188858 85100.5 33677.5 124954 160149 86116.8 21406.8 73754.8 262788 169266 458202 301188 384110 418874 330733 213593 393657 300803 249602 352457 437433
desembarqueobs
 494567 514787 250237 358949 120608 361735 552515 73892 212993 205616 52469 317467 293654 387597 252695 516296 358380 742168 942051 627588 828172 859565 418607 520667 417249 300574 415391 372974 316634
desembarquepred
 494559 514345 250436 358951 120610 361719 552486 73897.8 213070 205686 52470.8 317459 293660 387555 252597 516146 358420 741888 941357 627129 828251 859428 418574 520697 417157 300550 415331 372900 316584
Reclutas
 149111 92959.2 83411.1 127146 95576.3 196390 71066.1 25953.8 25163.9 33285.8 58573.2 117192 78613.2 51418.4 59774 247766 46271.7 361186 264665 237453 245943 338987 55898.1 158515 151616 59422.5 149946 134853 50161.3
log_desv_Rt
 0.392048 -0.0804834 -0.188863 0.232694 -0.0527196 0.667456 -0.349033 -1.35632 -1.38723 -1.10751 -0.542367 0.151171 -0.248105 -0.672649 -0.522074 0.899842 -0.778115 1.27675 0.96582 0.857328 0.892458 1.21332 -0.589113 0.453204 0.408705 -0.527971 0.397631 0.291538 -0.697399
SSB
 918268 629869 284105 162434 218231 305206 485152 217609 188858 85100.5 33677.5 124954 150704 83035.3 20425.7 70798.8 262788 169266 477912 312987 411868 481450 402107 243532 413787 340678 261675 352457 458526
BT
 1.50681e+06 1.10175e+06 508432 614148 506921 1.24713e+06 859313 505199 436827 280126 246496 534806 515008 472689 430214 841506 548151 1.70546e+06 1.64865e+06 1.06675e+06 1.74959e+06 1.50932e+06 819373 1.4579e+06 964392 793522 1.37127e+06 1.16356e+06 739933
Ftot
 0.40069 0.740793 0.734458 0.895805 0.283478 0.419361 1.05982 0.20374 0.892507 1.66445 0.303916 0.979371 1.02639 2.64391 1.34577 1.04522 0.940032 0.76778 1.10586 0.921312 0.744352 0.989038 0.776412 0.63973 0.662337 0.556034 0.574424 0.510864 0.569817
BD_Bspro_t
 0.937901 0.618579 0.353879 0.261515 0.297345 0.421081 0.469731 0.258198 0.296893 0.191668 0.114056 0.404834 0.311942 0.16986 0.0497276 0.152563 0.287867 0.199276 0.344349 0.234623 0.2433 0.268939 0.254093 0.195414 0.321481 0.328374 0.320904 0.418165 0.462869
BD_Bspro
 1.28244 0.879667 0.396777 0.226853 0.304779 0.426247 0.677557 0.303909 0.263756 0.11885 0.0470336 0.174509 0.210471 0.115966 0.0285262 0.0988766 0.367007 0.236395 0.667446 0.437113 0.575209 0.672387 0.561577 0.340114 0.577889 0.475786 0.365451 0.492237 0.640372
BD_Bo
 1.55094 1.06384 0.479848 0.274348 0.368589 0.515487 0.819413 0.367537 0.318977 0.143733 0.0568807 0.211045 0.254536 0.140245 0.0344986 0.119578 0.443845 0.285887 0.807185 0.528629 0.695638 0.813161 0.679151 0.411322 0.698879 0.575399 0.441964 0.595294 0.774443
BD_Brms
 9.13713 6.26744 2.82696 1.61628 2.17149 3.03692 4.82745 2.16529 1.87921 0.846783 0.335105 1.24334 1.49956 0.826234 0.203244 0.704475 2.61485 1.68426 4.75541 3.11434 4.09825 4.79062 4.00112 2.42324 4.11734 3.38988 2.60376 3.50709 4.56251
Sel_flota
 0.761138 1 1 1 1
 0.761138 1 1 1 1
 0.761138 1 1 1 1
 0.761138 1 1 1 1
 0.761138 1 1 1 1
 0.761138 1 1 1 1
 0.761138 1 1 1 1
 0.761138 1 1 1 1
 0.761138 1 1 1 1
 0.761138 1 1 1 1
 0.761138 1 1 1 1
 0.761138 1 1 1 1
 0.761138 1 1 1 1
 0.761138 1 1 1 1
 0.761138 1 1 1 1
 0.761138 1 1 1 1
 0.761138 1 1 1 1
 0.761138 1 1 1 1
 0.761138 1 1 1 1
 0.761138 1 1 1 1
 0.761138 1 1 1 1
 0.761138 1 1 1 1
 0.761138 1 1 1 1
 0.761138 1 1 1 1
 0.761138 1 1 1 1
 0.761138 1 1 1 1
 0.761138 1 1 1 1
 0.761138 1 1 1 1
 0.761138 1 1 1 1
Sel_reclas
 0.745298 0.936412 0.986687 0.997326 0.999468
 0.745298 0.936412 0.986687 0.997326 0.999468
 0.745298 0.936412 0.986687 0.997326 0.999468
 0.745298 0.936412 0.986687 0.997326 0.999468
 0.745298 0.936412 0.986687 0.997326 0.999468
 0.745298 0.936412 0.986687 0.997326 0.999468
 0.745298 0.936412 0.986687 0.997326 0.999468
 0.745298 0.936412 0.986687 0.997326 0.999468
 0.745298 0.936412 0.986687 0.997326 0.999468
 0.745298 0.936412 0.986687 0.997326 0.999468
 0.745298 0.936412 0.986687 0.997326 0.999468
 0.745298 0.936412 0.986687 0.997326 0.999468
 0.745298 0.936412 0.986687 0.997326 0.999468
 0.745298 0.936412 0.986687 0.997326 0.999468
 0.745298 0.936412 0.986687 0.997326 0.999468
 0.745298 0.936412 0.986687 0.997326 0.999468
 0.745298 0.936412 0.986687 0.997326 0.999468
 0.745298 0.936412 0.986687 0.997326 0.999468
 0.745298 0.936412 0.986687 0.997326 0.999468
 0.745298 0.936412 0.986687 0.997326 0.999468
 0.745298 0.936412 0.986687 0.997326 0.999468
 0.745298 0.936412 0.986687 0.997326 0.999468
 0.745298 0.936412 0.986687 0.997326 0.999468
 0.745298 0.936412 0.986687 0.997326 0.999468
 0.745298 0.936412 0.986687 0.997326 0.999468
 0.745298 0.936412 0.986687 0.997326 0.999468
 0.745298 0.936412 0.986687 0.997326 0.999468
 0.745298 0.936412 0.986687 0.997326 0.999468
 0.745298 0.936412 0.986687 0.997326 0.999468
Sel_pelaces
 0.57767 1 1 1 1
 0.57767 1 1 1 1
 0.57767 1 1 1 1
 0.57767 1 1 1 1
 0.57767 1 1 1 1
 0.57767 1 1 1 1
 0.57767 1 1 1 1
 0.57767 1 1 1 1
 0.57767 1 1 1 1
 0.57767 1 1 1 1
 0.57767 1 1 1 1
 0.57767 1 1 1 1
 0.57767 1 1 1 1
 0.57767 1 1 1 1
 0.57767 1 1 1 1
 0.57767 1 1 1 1
 0.57767 1 1 1 1
 0.57767 1 1 1 1
 0.57767 1 1 1 1
 0.57767 1 1 1 1
 0.57767 1 1 1 1
 0.57767 1 1 1 1
 0.57767 1 1 1 1
 0.57767 1 1 1 1
 0.57767 1 1 1 1
 0.57767 1 1 1 1
 0.57767 1 1 1 1
 0.57767 1 1 1 1
 0.57767 1 1 1 1
pf_obs 
 0.8446 0.082 0.0669 0.0065 0
 0.8095 0.147 0.0364 0.0071 0
 0.9664 0.0169 0.016 0.0007 0
 0.9276 0.0648 0.0075 0.0001 0
 0.7033 0.2144 0.0806 0.0017 0
 0.9318 0.0425 0.0243 0.0014 0
 0.5671 0.3108 0.0964 0.0239 0.0018
 0.0768 0.2599 0.5324 0.112 0.0189
 0.490249 0.384438 0.106611 0.0170017 0.00170017
 0.7925 0.1577 0.0466 0.003 0.0002
 0.840416 0.127587 0.0312969 0.00059994 9.999e-05
 0.8084 0.0986 0.0794 0.0134 0.0002
 0.7335 0.1905 0.0724 0.0035 0.0001
 0.4001 0.4547 0.1325 0.0127 0
 0.49795 0.308269 0.164784 0.0264974 0.00249975
 0.9179 0.0499 0.0305 0.0017 0
 0.2467 0.6533 0.0926 0.0074 0
 0.9418 0.0223 0.034 0.0019 0
 0.707729 0.231977 0.0356964 0.0245975 0
 0.517169 0.277429 0.184464 0.0207286 0.00020938
 0.811772 0.124168 0.05621 0.00726502 0.000585176
 0.764997 0.148141 0.077277 0.00933861 0.000247198
 0.163321 0.427699 0.378323 0.0303852 0.000271297
 0.753843 0.0900009 0.118128 0.0371064 0.000921714
 0.721811 0.176058 0.0630433 0.0369309 0.00215725
 0.143369 0.312575 0.442814 0.0836902 0.0175525
 0.692698 0.0596174 0.167031 0.0765114 0.00414204
 0.394062 0.376323 0.152708 0.0712218 0.00568511
 0.125707 0.32114 0.495352 0.0537591 0.00404204
pf_pred 
 0.634949 0.149116 0.199067 0.0168669 8.72883e-07
 0.569321 0.304839 0.051403 0.068622 0.00581461
 0.696747 0.200182 0.0729543 0.0123018 0.0178142
 0.821217 0.137892 0.0269928 0.00983724 0.00406088
 0.734103 0.232337 0.0258843 0.00506693 0.00260887
 0.812627 0.148157 0.0342657 0.00381748 0.00113205
 0.491276 0.436641 0.0569971 0.0131822 0.00190412
 0.508575 0.294571 0.168961 0.0220554 0.00583777
 0.59594 0.23568 0.100931 0.0578923 0.00955722
 0.808273 0.132216 0.0347119 0.0148655 0.00993421
 0.92123 0.0692555 0.00656132 0.00172261 0.00123071
 0.842121 0.148621 0.00813994 0.000771184 0.000347117
 0.739502 0.232037 0.026792 0.0014674 0.000201597
 0.739667 0.211888 0.0431521 0.00498252 0.000310383
 0.944846 0.0472104 0.006465 0.00131663 0.000161494
 0.961773 0.0369049 0.00113195 0.000155009 3.54405e-05
 0.474799 0.512034 0.0127114 0.000389883 6.55976e-05
 0.953352 0.0269871 0.0191676 0.000475839 1.70505e-05
 0.742522 0.249215 0.0047806 0.00339541 8.73123e-05
 0.792207 0.170041 0.0365408 0.000700949 0.00051065
 0.797226 0.172825 0.0245078 0.0052666 0.000174627
 0.823199 0.150723 0.0222262 0.00315184 0.000699771
 0.404682 0.522078 0.0624371 0.00920721 0.00159553
 0.848992 0.0756753 0.0660646 0.00790089 0.001367
 0.752594 0.220299 0.0135842 0.011859 0.00166364
 0.535135 0.378988 0.0764681 0.0047152 0.00469385
 0.839202 0.0999397 0.0496153 0.0100108 0.00123179
 0.726961 0.24079 0.0200434 0.00995057 0.00225476
 0.485853 0.406392 0.0950277 0.0079101 0.00481682
pobs_RECLAS
 0 0 0 0 0
 0 0 0 0 0
 0 0 0 0 0
 0 0 0 0 0
 0 0 0 0 0
 0 0 0 0 0
 0 0 0 0 0
 0 0 0 0 0
 0 0 0 0 0
 0 0 0 0 0
 0.991045 0.00858322 0.000360255 1.14367e-05 0
 0.934742 0.0480273 0.0164251 0.00080598 0
 0.827803 0.169806 0.00239088 0 0
 0.941827 0.0461693 0.0120037 0 0
 0.791401 0.0380133 0.147996 0.0225897 0
 0.846168 0.0940531 0.0597789 0 0
 0.134021 0.677848 0.182769 0.00536245 0
 0.80878 0.0450904 0.141981 0.00414843 0
 0.846168 0.0940531 0.0597789 0 0
 0.905697 0.0802665 0.012482 0.00150086 5.37128e-05
 0.989698 0.0102097 9.19794e-05 0 0
 0.975433 0.0193895 0.00387452 0.00125025 5.28907e-05
 0.303575 0.632131 0.0575291 0.00676475 0
 0.966965 0.00978017 0.0227588 0.000495775 0
 0.843318 0.132988 0.00938335 0.0141283 0.000182051
 0.564624 0.303363 0.111486 0.0197234 0.00080311
 0.826376 0.0876187 0.0782897 0.00655872 0.00115652
 0.89761 0.0855135 0.0140674 0.00269457 0.000114338
 0.34875 0.467042 0.161289 0.0227151 0.000203297
ppred_RECLAS
 0.640348 0.142316 0.20019 0.0171449 8.89174e-07
 0.581649 0.290969 0.0516983 0.0697605 0.00592376
 0.706874 0.189794 0.072882 0.0124221 0.0180271
 0.830118 0.129318 0.0266735 0.00982567 0.00406481
 0.742687 0.223246 0.0262067 0.00518537 0.00267558
 0.819275 0.141269 0.0344267 0.00387678 0.0011521
 0.510071 0.417191 0.057382 0.0134144 0.00194181
 0.515423 0.284164 0.171743 0.0226602 0.00601074
 0.608108 0.223155 0.100698 0.0583813 0.00965865
 0.823439 0.119574 0.0330784 0.0143187 0.00958936
 0.924449 0.0659668 0.00658528 0.00174754 0.0012512
 0.85194 0.138929 0.00801762 0.000767786 0.00034633
 0.753775 0.218028 0.026526 0.00146849 0.000202181
 0.773486 0.182497 0.0391618 0.00457055 0.000285331
 0.9494 0.0429667 0.00619976 0.00127623 0.000156874
 0.964623 0.034088 0.00110168 0.000152491 3.49397e-05
 0.493714 0.492925 0.012894 0.000399748 6.74018e-05
 0.955384 0.0252375 0.0188873 0.000473937 1.70188e-05
 0.758187 0.233614 0.00472192 0.0033899 8.73578e-05
 0.802928 0.159698 0.0361608 0.000701138 0.000511885
 0.806743 0.163368 0.0244105 0.00530226 0.000176187
 0.833348 0.140919 0.0218961 0.00313852 0.00069831
 0.419883 0.505302 0.0636753 0.00949104 0.00164825
 0.853634 0.0713857 0.0656656 0.00793786 0.00137634
 0.763274 0.209424 0.0136069 0.0120069 0.00168801
 0.547662 0.365062 0.0776129 0.0048374 0.00482583
 0.844574 0.0946021 0.0494869 0.0100926 0.00124451
 0.737174 0.230203 0.0201908 0.0101319 0.00230077
 0.498251 0.392063 0.096599 0.0081276 0.0049599
pobs_PELACES
 0 0 0 0 0
 0 0 0 0 0
 0 0 0 0 0
 0 0 0 0 0
 0 0 0 0 0
 0 0 0 0 0
 0 0 0 0 0
 0 0 0 0 0
 0 0 0 0 0
 0 0 0 0 0
 0 0 0 0 0
 0 0 0 0 0
 0 0 0 0 0
 0 0 0 0 0
 0 0 0 0 0
 0 0 0 0 0
 0.505614 0.472636 0.0217494 0 0
 0 0 0 0 0
 0.443492 0.261883 0.143347 0.151278 0
 0.227955 0.32914 0.350689 0.0885471 0.00366901
 0.970185 0.0296113 0.000203453 0 0
 0.997202 0.00247181 0.000326279 0 0
 0.445219 0.490057 0.0546422 0.010081 0
 0.90214 0.0892962 0.00764917 0.000914606 0
 0 0 0 0 0
 0.581667 0.319106 0.0959925 0.00289975 0.000334073
 0.762889 0.0836404 0.116647 0.0363945 0.000428098
 0.88444 0.0763242 0.0277011 0.0115352 0
 0.521256 0.241999 0.230069 0.00667565 0
ppred_PELACES
 0.579264 0.171862 0.229433 0.0194397 1.00603e-06
 0.521233 0.338876 0.0571425 0.0762841 0.00646385
 0.654072 0.228353 0.0832208 0.014033 0.0203211
 0.794085 0.158819 0.0310893 0.0113302 0.00467716
 0.683293 0.276734 0.0308305 0.00603517 0.0031074
 0.774781 0.178083 0.041187 0.00458857 0.00136071
 0.452956 0.46953 0.0612904 0.0141752 0.00204754
 0.445029 0.332662 0.190809 0.0249074 0.00659265
 0.553116 0.260658 0.111628 0.0640279 0.0105701
 0.797159 0.13988 0.036724 0.0157272 0.0105101
 0.90157 0.0865409 0.00819894 0.00215255 0.00153788
 0.819038 0.17035 0.00933007 0.000883937 0.000397869
 0.707898 0.260188 0.0300424 0.00164542 0.000226055
 0.755136 0.199298 0.040588 0.00468646 0.000291941
 0.938515 0.0526304 0.00720722 0.00146779 0.000180034
 0.955617 0.042848 0.00131423 0.000179971 4.11478e-05
 0.432864 0.552917 0.0137263 0.000421013 7.08353e-05
 0.944094 0.0323433 0.0229718 0.000570279 2.04346e-05
 0.713272 0.277526 0.00532368 0.00378113 9.72311e-05
 0.762533 0.194323 0.0417591 0.00080105 0.000583574
 0.764116 0.201044 0.0285096 0.00612656 0.000203141
 0.798213 0.172024 0.0253673 0.00359726 0.000798665
 0.359913 0.561339 0.0671324 0.0098996 0.00171552
 0.820608 0.0898997 0.0784825 0.00938599 0.00162395
 0.712783 0.255748 0.0157701 0.0137673 0.00193134
 0.481182 0.422973 0.085343 0.00526245 0.00523861
 0.808202 0.119207 0.0591806 0.0119408 0.00146926
 0.680911 0.281401 0.0234238 0.0116288 0.00263503
 0.432643 0.44845 0.104862 0.00872873 0.00531532
pobs_pel_tallas
 0 0 0 0 0 0 0 0 0 0 0 0 0 0 0 0 0 0 0 0 0 0 0 0 0 0
 0 0 0 0 0 0 0 0 0 0 0 0 0 0 0 0 0 0 0 0 0 0 0 0 0 0
 0 0 0 0 0 0 0 0 0 0 0 0 0 0 0 0 0 0 0 0 0 0 0 0 0 0
 0 0 0 0 0 0 0 0 0 0 0 0 0 0 0 0 0 0 0 0 0 0 0 0 0 0
 0 0 0 0 0 0 0 0 0 0 0 0 0 0 0 0 0 0 0 0 0 0 0 0 0 0
 0 0 0 0 0 0 0 0 0 0 0 0 0 0 0 0 0 0 0 0 0 0 0 0 0 0
 0 0 0 0 0 0 0 0 0 0 0 0 0 0 0 0 0 0 0 0 0 0 0 0 0 0
 0 0 0 0 0 0 0 0 0 0 0 0 0 0 0 0 0 0 0 0 0 0 0 0 0 0
 0 0 0 0 0 0 0 0 0 0 0 0 0 0 0 0 0 0 0 0 0 0 0 0 0 0
 0 0 0 0 0 0 0 0 0 0 0 0 0 0 0 0 0 0 0 0 0 0 0 0 0 0
 0 0 0 0 0 0 0 0 0 0 0 0 0 0 0 0 0 0 0 0 0 0 0 0 0 0
 0 0 0 0 0 0 0 0 0 0 0 0 0 0 0 0 0 0 0 0 0 0 0 0 0 0
 0.00862536 0 0 0.000197151 0.00414017 0.0128641 0.00837892 0.0270097 0.101434 0.158115 0.152841 0.127902 0.109271 0.109419 0.0830992 0.0579132 0.0238553 0.00714673 0.00463305 0.00128148 0.00103504 0.000492878 0.000147863 0.000147863 4.92878e-05 0
 0 0 0 0 0 0 0 0 0 0 0 0 0 0 0 0 0 0 0 0 0 0 0 0 0 0
 0 0 0 0 0 0 0 0.0054083 0.00873648 0.0413646 0.0450493 0.0745869 0.0622846 0.0627006 0.0613931 0.0827291 0.12552 0.122667 0.0946155 0.0697135 0.0546179 0.0294188 0.0215738 0.0213955 0.0102223 0.00600262
 0 0 0 0 0.00359764 0.0251062 0.0480494 0.140153 0.205849 0.193036 0.1447 0.116669 0.0760912 0.0342217 0.00950174 0.001854 0.000860785 0 0 0 0.000165536 0 0.000143464 0 0 0
 0 0 0 0 0 0 0 0.000145254 0.000435761 0.0275982 0.070085 0.0708112 0.156366 0.174668 0.174014 0.160142 0.0824315 0.0480064 0.0283245 0.00493863 0.00203355 0 0 0 0 0
 0 0 0 0 0 0 0 0 0 0 0 0 0 0 0 0 0 0 0 0 0 0 0 0 0 0
 0 0 1.00437e-05 0.000401748 0.00122533 0.00171747 0.00176769 0.0269171 0.070346 0.194647 0.189555 0.159765 0.064822 0.0314167 0.0384472 0.0292271 0.0345202 0.0313363 0.0194345 0.0106764 0.0143323 0.0359363 0.0279516 0.0138201 0.00172751 0
 0 0.0021121 0.0136068 0.0755702 0.200478 0.177729 0.0527432 0.0373336 0.0318909 0.0142505 0.0149659 0.0166563 0.0217959 0.0798694 0.0677717 0.0528807 0.04013 0.0224614 0.0357745 0.0225083 0.00881397 0.00855152 0.00135912 0.000746735 0 0
 0 0 0 0 5.4009e-05 0.00500934 0.000945158 0.0243581 0.138947 0.33067 0.221406 0.137944 0.0707744 0.0437923 0.0131692 0.00525238 0.0047753 0.00276346 9.45158e-05 9.00151e-06 2.25038e-05 9.00151e-06 4.50075e-06 0 0 0
 0.000866109 0.00284123 0.00948549 0.0512746 0.133035 0.25785 0.225252 0.132002 0.0553304 0.0519788 0.0540692 0.017754 0.00435017 0.00159236 0.00146478 0.000404838 0.000125132 0.000115318 0.000107957 0.000100596 0 0 0 0 0 0
 0 0 0 0 0.00144013 0.00171154 0.00461396 0.0210425 0.0478622 0.0707936 0.0888783 0.103762 0.0637923 0.0337046 0.0602308 0.124433 0.169614 0.0934646 0.0462172 0.0250306 0.0313229 0.00938855 0.002487 0.000210481 0 0
 0 0.00764035 0.051015 0.0998891 0.058973 0.0496711 0.0374665 0.0718981 0.12319 0.153886 0.159021 0.0857701 0.0377988 0.023471 0.0147837 0.00900784 0.00315554 0.000888139 0.00291439 0.00214683 0.00393193 0.00274676 0.000635225 9.99891e-05 0 0
 0 0 0 0 0 0 0 0 0 0 0 0 0 0 0 0 0 0 0 0 0 0 0 0 0 0
 0 0 0 0 0 0 0 0 0 0 0 0 0 0 0 0 0 0 0 0 0 0 0 0 0 0
 0 0 0 0 0 0 0 0 0 0 0 0 0 0 0 0 0 0 0 0 0 0 0 0 0 0
 0 0 0 0 0 0 0 0 0 0 0 0 0 0 0 0 0 0 0 0 0 0 0 0 0 0
 0 0 0 0 0 0 0 0 0 0 0 0 0 0 0 0 0 0 0 0 0 0 0 0 0 0
ppred_pel_tallas
 1.08615e-16 4.77132e-05 0.00046379 0.00308205 0.0140105 0.0435921 0.0928782 0.135562 0.135579 0.0929608 0.0438706 0.014819 0.00512668 0.00497817 0.00877027 0.0148111 0.0222317 0.0298276 0.0363322 0.04105 0.0440684 0.0458083 0.0463635 0.0452884 0.0420143 0.0364638
 1.1048e-16 4.29333e-05 0.000417327 0.00277329 0.012607 0.0392252 0.0835746 0.121986 0.122019 0.0837344 0.0397619 0.0141577 0.00666796 0.0089271 0.0162283 0.0268267 0.0388064 0.0491761 0.0549428 0.0548015 0.0499317 0.0431661 0.0372014 0.0332398 0.0308731 0.0289109
 1.07307e-16 5.38751e-05 0.000523685 0.00348007 0.0158199 0.0492217 0.104873 0.15307 0.153092 0.104981 0.0495846 0.0168691 0.00611783 0.00629577 0.0110569 0.0183015 0.026612 0.0340012 0.0384735 0.03911 0.0365789 0.0325909 0.0287628 0.0258003 0.0234891 0.0212408
 1.02866e-16 6.54077e-05 0.000635786 0.00422502 0.0192064 0.0597582 0.127322 0.185833 0.185848 0.127397 0.0600097 0.0199329 0.00604967 0.00462174 0.00764365 0.0125548 0.0181314 0.0229127 0.025457 0.0251047 0.0223627 0.0185383 0.0149291 0.0122029 0.0103307 0.00892763
 1.02092e-16 5.6282e-05 0.000547081 0.00363554 0.0165267 0.0514208 0.109558 0.159909 0.159936 0.109689 0.0518581 0.0177896 0.00680503 0.00746384 0.0131858 0.0216922 0.0312015 0.039149 0.0429576 0.0414365 0.0354883 0.0274983 0.0199168 0.014135 0.0102996 0.00784449
 1.01925e-16 6.38177e-05 0.000620331 0.00412232 0.0187395 0.0583055 0.124227 0.181316 0.181333 0.124311 0.0585876 0.0195546 0.00616957 0.00509327 0.00856968 0.0140947 0.0203628 0.0257404 0.0285988 0.0281733 0.0249942 0.0204879 0.0160885 0.0125647 0.00995338 0.00792855
 1.03657e-16 3.73095e-05 0.000362662 0.00241002 0.0109556 0.0340872 0.0726281 0.106012 0.106058 0.0728492 0.0348295 0.0130995 0.00779102 0.0121079 0.0223393 0.0368604 0.0530666 0.0666706 0.0733186 0.0709921 0.0611997 0.0479377 0.0352944 0.0255661 0.0189688 0.0145576
 1.09205e-16 3.66565e-05 0.000356315 0.00236784 0.0107639 0.0334905 0.0713563 0.104153 0.104186 0.0715142 0.0340213 0.0122999 0.00623444 0.00883339 0.0162424 0.0270708 0.0396376 0.0511883 0.0588905 0.0613676 0.0593796 0.0550267 0.0501944 0.0455504 0.0407146 0.0351233
 1.11498e-16 4.55595e-05 0.000442854 0.00294292 0.0133781 0.0416244 0.0886862 0.129445 0.129471 0.0888097 0.0420395 0.0145787 0.00596355 0.00705999 0.0126813 0.021075 0.0307892 0.0396481 0.0454676 0.047273 0.0458349 0.0430026 0.0403897 0.0384787 0.0367009 0.0341714
 1.04452e-16 6.5661e-05 0.000638248 0.00424138 0.0192807 0.0599895 0.127815 0.186552 0.186565 0.127881 0.0602114 0.019922 0.00585265 0.00416113 0.00677265 0.0111364 0.0161411 0.020525 0.0230527 0.0231709 0.0213293 0.0186445 0.0161827 0.0144262 0.0132401 0.0122031
 1.00735e-16 7.42611e-05 0.000721845 0.00479691 0.0218061 0.0678468 0.144555 0.210984 0.210992 0.144596 0.0679835 0.0222009 0.00578762 0.00288357 0.00417681 0.00677989 0.00974157 0.0122128 0.0133836 0.0128832 0.010999 0.00848535 0.00611725 0.00433503 0.00318267 0.00247363
 1.00469e-16 6.74631e-05 0.000655765 0.00435779 0.0198099 0.061636 0.131323 0.191673 0.191689 0.131403 0.0619049 0.0205861 0.00630506 0.00490263 0.00812109 0.0132876 0.0190607 0.0238124 0.0259325 0.0246778 0.020618 0.0152671 0.0102044 0.00636295 0.00388958 0.002453
 1.01137e-16 5.83087e-05 0.000566781 0.00376646 0.0171218 0.0532724 0.113503 0.165667 0.165692 0.113626 0.0536836 0.0183092 0.0067463 0.00706945 0.0124011 0.0203904 0.0293219 0.0367735 0.0403116 0.0388019 0.0330772 0.0253697 0.0179866 0.0122603 0.00837374 0.00585003
 1.01742e-16 6.21996e-05 0.000604602 0.00401779 0.0182643 0.0568272 0.121077 0.17672 0.176739 0.121171 0.0571427 0.0191759 0.00630686 0.00560443 0.00956579 0.0157363 0.0227096 0.0286527 0.0317329 0.03109 0.0273267 0.0220646 0.0169464 0.0128706 0.0099045 0.00768758
 1.004e-16 7.73042e-05 0.000751424 0.00499348 0.0226996 0.070627 0.150479 0.219629 0.219634 0.150503 0.0707102 0.02294 0.00559675 0.00206827 0.00257794 0.00413867 0.00595228 0.00748019 0.00823013 0.00797526 0.00688358 0.00540124 0.00398458 0.00288985 0.00214162 0.0016359
 1.00074e-16 7.87129e-05 0.000765117 0.00508447 0.0231133 0.071914 0.153221 0.223631 0.223635 0.153241 0.0719816 0.0233084 0.00557389 0.00183225 0.00210163 0.00333996 0.00478044 0.0059623 0.00647506 0.0061313 0.00507654 0.00369666 0.00239584 0.00141521 0.000795121 0.000451246
 1.00592e-16 3.56546e-05 0.000346575 0.00230312 0.0104697 0.0325753 0.0694071 0.101313 0.101366 0.0696669 0.0334474 0.0129872 0.00861731 0.0141131 0.0261294 0.0430059 0.0616308 0.0768327 0.0833649 0.0788065 0.0650389 0.0470568 0.0301019 0.0173168 0.00924781 0.00481923
 1.00732e-16 7.77638e-05 0.000755892 0.00502317 0.0228346 0.0710469 0.151373 0.220934 0.220937 0.151388 0.0710986 0.0229844 0.00540047 0.00158396 0.00166331 0.00266011 0.00390164 0.00506571 0.00587441 0.00618871 0.00606748 0.00569144 0.00521949 0.00470283 0.00411081 0.00341563
 1.00621e-16 5.87513e-05 0.000571084 0.00379505 0.0172518 0.0536768 0.114365 0.166925 0.166952 0.114496 0.0541146 0.0185153 0.00696411 0.00748034 0.0131547 0.0215865 0.0309312 0.0385626 0.0418491 0.0395829 0.0327183 0.0237703 0.0153711 0.00908752 0.00517042 0.00305026
 1.01434e-16 6.28089e-05 0.000610524 0.00405715 0.0184432 0.0573838 0.122263 0.17845 0.178469 0.122355 0.0576915 0.0193322 0.00628953 0.00548677 0.00933214 0.01535 0.0221544 0.0279559 0.030964 0.0303328 0.0266393 0.0214542 0.0163742 0.0122825 0.00926539 0.00700048
 1.01523e-16 6.29393e-05 0.000611792 0.00406558 0.0184815 0.057503 0.122517 0.178821 0.17884 0.122612 0.0578209 0.0193997 0.0063704 0.00564313 0.00961796 0.0157996 0.0227504 0.0286007 0.0314856 0.0305394 0.0264013 0.0207697 0.01538 0.0112041 0.00833232 0.00636969
 1.01273e-16 6.57478e-05 0.000639092 0.00424699 0.0193062 0.0600689 0.127984 0.186799 0.186816 0.128065 0.0603409 0.020092 0.00621934 0.00494479 0.00824308 0.0135233 0.0194734 0.0244843 0.026959 0.0261549 0.0226154 0.0177898 0.0131608 0.00956149 0.00707499 0.00537161
 1.03364e-16 2.96457e-05 0.000288167 0.00191497 0.00870522 0.0270855 0.0577104 0.0842414 0.0842955 0.0579747 0.0279726 0.0112674 0.00834526 0.0143216 0.0266701 0.0440131 0.063325 0.079471 0.0872236 0.0841525 0.0720625 0.0557602 0.040192 0.0281801 0.020057 0.0147404
 1.03504e-16 6.75924e-05 0.000657022 0.00436614 0.0198479 0.0617541 0.131574 0.192038 0.192047 0.131617 0.0618984 0.0202661 0.0054209 0.00297611 0.00452043 0.00749254 0.0110808 0.0145466 0.0171653 0.018572 0.0189125 0.0186191 0.0180168 0.0171146 0.0157199 0.0137098
 1.02229e-16 5.8711e-05 0.000570692 0.00379245 0.01724 0.05364 0.114287 0.16681 0.166834 0.114407 0.0540438 0.0184059 0.00671776 0.0069521 0.0121649 0.019984 0.0287035 0.0359347 0.0392905 0.0376847 0.0319923 0.0244806 0.0174772 0.0123 0.00906223 0.00716613
 1.03986e-16 3.96345e-05 0.000385261 0.0025602 0.0116383 0.0362113 0.0771535 0.112616 0.112657 0.0773529 0.0368809 0.0135729 0.00741786 0.0109951 0.0202057 0.0333824 0.0481781 0.060774 0.0672836 0.0658823 0.0578548 0.046655 0.0357862 0.0271717 0.0209615 0.0163831
 1.03185e-16 6.65706e-05 0.00064709 0.00430014 0.0195478 0.0608206 0.129585 0.189136 0.189147 0.129642 0.0610105 0.0200973 0.00568267 0.00367611 0.00585139 0.00965218 0.014094 0.0181337 0.0207434 0.0214335 0.0205007 0.0187423 0.016887 0.015214 0.0135943 0.0117953
 1.02361e-16 5.60858e-05 0.000545174 0.00362288 0.0164691 0.0512416 0.109177 0.159352 0.159379 0.109309 0.0516861 0.0177526 0.00684347 0.00757195 0.0133901 0.0220191 0.0316476 0.0396608 0.043436 0.0417721 0.0356133 0.0274243 0.0197353 0.0139784 0.0102857 0.00803159
 1.04916e-16 3.56364e-05 0.000346398 0.00230194 0.0104643 0.0325586 0.0693711 0.101258 0.101302 0.0695826 0.033269 0.0125171 0.00745759 0.0116109 0.0214569 0.0354883 0.0512849 0.0648327 0.072038 0.0709738 0.0629726 0.0516241 0.0405393 0.0316569 0.025076 0.0199817
pSPR Fmed_Fpbrs
0.548975   0.21974 0.21974
Fs Fmed_Fpbrs
0.34   1.005 1.005
SSBpbr Bo_Bmed_Bpbrs
592072  295430  100499 100499
Ro
100750
SPR SPRFo_SPRFmed_SPRFpbrs
716031 393084 157341
Fref
1.005
Nvult_r0
 41573.9 29099.2 6804.35 566.393 344.903
CTP_r0
 18018.5 14585.9 3410.66 283.903 172.881
YTP_r0
480726
Np
 140594 24069.1 1610.48 942.261 250.001
Nvult_p0
 116524 20828 1393.62 815.376 216.336
CTP_p0
 50502.8 5187.47 3035.08 709.701 71.3681
 50502.8 10439.9 698.546 408.705 108.438
YTP_p0
 569111 596405
CBA_c0
507241
log_Ro
11.3404
likeval ReclasPelacesDesembMPH_pf_preclas_ppelaces_ptallas_desvR_qrecl_qpela
 12.0243 17.5678 0.0164625 27.1188 211.68 105.406 93.0849 0 21.6996 8.30316e-05 0.000161878 0.0422716 0 0 0
q_reclas_q_pelaces
3.6279 6.04556
M
1
N
 149111 27669 36937.6 3129.71 0.161966
 92959.2 40435.7 6818.4 9102.43 771.284
 83411.1 19459.1 7091.66 1195.82 1731.66
 127146 17544.8 3434.45 1251.65 516.689
 95576.3 23653.4 2635.18 515.846 265.6
 196390 28336.7 6553.7 730.136 216.517
 71066.1 52505 6853.76 1585.13 228.966
 25953.8 11669.1 6693.21 873.701 231.257
 25163.9 8176.35 3501.55 2008.43 331.565
 33285.8 4693.09 1232.12 527.661 352.622
 58573.2 3449.59 326.817 85.8025 61.3011
 117192 17097.9 936.45 88.7199 39.9337
 78613.2 20458.1 2362.18 129.376 17.7743
 51418.4 13240.9 2696.58 311.359 19.3959
 59774 2528.48 346.251 70.5158 8.64925
 247766 7895.2 242.162 33.1617 7.58192
 46271.7 41137.8 1021.25 31.3239 5.27024
 361186 8323.11 5911.47 146.754 5.25856
 264665 74069.6 1420.85 1009.16 25.9503
 237453 41961.5 9017.3 172.976 126.015
 245943 43324.8 6143.78 1320.27 43.7766
 338987 51344 7571.37 1073.68 238.378
 55898.1 58742.7 7025.24 1035.97 179.524
 158515 11388.2 9941.88 1188.98 205.715
 151616 35835 2209.67 1929.05 270.617
 59422.5 33690.6 6797.73 419.164 417.265
 149946 14317.1 7107.75 1434.12 176.463
 134853 35625.4 2965.46 1472.21 333.596
 50161.3 33627.5 7863.21 654.533 398.575
pred_Ctot
 25398 5964.66 7962.71 674.676 0.0349154
 26500.5 14189.5 2392.68 3194.19 270.656
 23617.9 6785.66 2472.96 416.999 603.855
 41957 7045.08 1379.1 502.597 207.475
 11933.2 3776.76 420.762 82.3656 42.4086
 34814.3 6347.3 1468 163.547 48.4988
 26520.4 23571.1 3076.86 711.614 102.789
 2386.71 1382.4 792.925 103.505 27.3963
 8280.89 3274.9 1402.49 804.443 132.803
 16674.4 2727.56 716.092 306.669 204.939
 7791.76 585.763 55.4956 14.5698 10.4093
 41313 7291.07 399.331 37.8329 17.029
 28671.6 8996.43 1038.77 56.8931 7.81622
 32660.2 9355.98 1905.39 220.005 13.7051
 26251 1311.66 179.619 36.5804 4.48684
 91551 3512.97 107.75 14.7553 3.37358
 15827.5 17068.7 423.735 12.9968 2.1867
 105900 2997.78 2129.17 52.8571 1.894
 101781 34161.2 655.303 465.428 11.9684
 80018.9 17175.4 3690.9 70.8012 51.5795
 70378.2 15256.8 2163.52 464.929 15.4159
 120360 22037.2 3249.69 460.83 102.314
 16533.1 21329.3 2550.84 376.156 65.1847
 40174 3580.93 3126.15 373.867 64.6858
 39524.2 11569.5 713.405 622.803 87.37
 13412.9 9499.14 1916.63 118.184 117.649
 34777.5 4141.62 2056.11 414.86 51.0467
 28340.4 9387.14 781.385 387.92 87.9011
 11556.3 9666.3 2260.3 188.147 114.571
F
 0.30498 0.40069 0.40069 0.40069 0.40069
 0.563845 0.740793 0.740793 0.740793 0.740793
 0.559024 0.734458 0.734458 0.734458 0.734458
 0.681831 0.895805 0.895805 0.895805 0.895805
 0.215766 0.283478 0.283478 0.283478 0.283478
 0.319191 0.419361 0.419361 0.419361 0.419361
 0.806666 1.05982 1.05982 1.05982 1.05982
 0.155074 0.20374 0.20374 0.20374 0.20374
 0.679321 0.892507 0.892507 0.892507 0.892507
 1.26687 1.66445 1.66445 1.66445 1.66445
 0.231322 0.303916 0.303916 0.303916 0.303916
 0.745436 0.979371 0.979371 0.979371 0.979371
 0.781227 1.02639 1.02639 1.02639 1.02639
 2.01238 2.64391 2.64391 2.64391 2.64391
 1.02432 1.34577 1.34577 1.34577 1.34577
 0.795559 1.04522 1.04522 1.04522 1.04522
 0.715494 0.940032 0.940032 0.940032 0.940032
 0.584386 0.76778 0.76778 0.76778 0.76778
 0.841712 1.10586 1.10586 1.10586 1.10586
 0.701246 0.921312 0.921312 0.921312 0.921312
 0.566554 0.744352 0.744352 0.744352 0.744352
 0.752794 0.989038 0.989038 0.989038 0.989038
 0.590957 0.776412 0.776412 0.776412 0.776412
 0.486923 0.63973 0.63973 0.63973 0.63973
 0.50413 0.662337 0.662337 0.662337 0.662337
 0.423219 0.556034 0.556034 0.556034 0.556034
 0.437216 0.574424 0.574424 0.574424 0.574424
 0.388838 0.510864 0.510864 0.510864 0.510864
 0.433709 0.569817 0.569817 0.569817 0.569817
YTP_r0W_actual
 93696.4 299011 74011.3 8233.18 5774.24
YTP_p0W_proyectada
 380791 90521.3 73054.4 22227.8 2515.72
 380791 182177 16814 12800.6 3822.43
CTP_r0_actual
 18018.5 14585.9 3410.66 283.903 172.881
CTP_p0_proyectada
 50502.8 5187.47 3035.08 709.701 71.3681
 50502.8 10439.9 698.546 408.705 108.438
Wmedp
 7.54 17.45 24.07 31.32 35.25
Frms_r0
 0.764944 1.005 1.005 1.005 1.005
Zrms_r0
 1.76494 2.005 2.005 2.005 2.005
nmprior
 7.29 8.9 8.7 0
nm_flota  nm_reclas  nm_pelaces    nm_pelaL
inf 12.974 10.9259 13.8773
cv_recla  cv_pelaces  cv_mph
0.328966 0.513339 0.751648
 ------------------------------------------------
Talla a la edad & desviaci?n 
 8 13.2811 15.8009 17.003 17.5766
 0.8 1.32811 1.58009 1.7003 1.75766
