years
 1991 1992 1993 1994 1995 1996 1997 1998 1999 2000 2001 2002 2003 2004 2005 2006 2007 2008 2009 2010 2011 2012 2013 2014 2015 2016 2017 2018 2019 2020 2021 2022
reclasobs
 0 0 0 0 0 0 0 0 0 252601 567819 844713 477998 351125 339783 2.1784e+06 2.13404e+06 4.81314e+06 1.55562e+06 2.62356e+06 3.21686e+06 3.843e+06 1.13348e+06 3.07943e+06 1.97215e+06 2.03268e+06 2.025e+06 2.42433e+06 2.27542e+06 1.05018e+06 2.36338e+06 3.18982e+06
reclaspred
 3.37192e+06 1.84631e+06 934645 941223 945883 1.58506e+06 895510 781220 556139 382408 547204 783440 666502 355496 540686 1.38714e+06 1.23221e+06 2.78707e+06 2.23688e+06 1.83418e+06 3.24283e+06 2.63004e+06 1.9906e+06 3.04173e+06 2.29779e+06 2.03454e+06 2.44578e+06 2.7621e+06 2.29048e+06 1.63501e+06 1.90354e+06 2.0226e+06
pelacesobs
 0 0 0 0 0 0 0 0 0 0 0 0 0 0 0 552880 188675 0 991730 2.46772e+06 1.41603e+06 1.21717e+06 2.29649e+06 1.80582e+06 0 1.4828e+06 1.56532e+06 1.57751e+06 1.42118e+06 867257 1.10002e+06 1.06204e+06
pelacespred
 1.83211e+06 1.09933e+06 544785 452527 489785 852051 418577 488021 318441 202387 312791 376862 345668 172506 302742 655240 582604 1.53403e+06 1.23526e+06 913210 1.67269e+06 1.42188e+06 1.09723e+06 1.86235e+06 1.32951e+06 1.18408e+06 1.63936e+06 1.65753e+06 1.24222e+06 1.01581e+06 1.01714e+06 1.1131e+06
mphobs
 0 0 0 0 0 0 0 0 0 0 0 0 498337 0 5186 125008 0 168611 109162 213762 579715 649985 157893 87575 83554 210694 70296 0 107559 103333 445601 22526
mphpred
 598364 399266 192515 106459 114575 135359 180285 97629.7 89164.8 56764.7 35558.2 77527.7 93659.7 58509.9 24104.8 55910 179765 157014 300032 361932 432987 513980 114114 93755.7 138490 110476 95328.6 106791 155434 114798 69561.6 98562.6
desembarqueobs
 494567 514787 250237 358949 120608 361735 552515 73892 212993 205616 52469 317467 293654 387597 252695 516296 358380 742168 942051 627588 828172 859565 418607 520667 417249 300574 415391 372974 316634 284311 391294 218835
desembarquepred
 494570 513879 250662 358982 120613 361743 552543 73897.1 213053 205670 52471.1 317495 293741 387739 252645 516218 358404 742022 941692 627342 828240 859544 418614 520698 417227 300574 415385 372942 316605 284277 391257 218839
Reclutas
 173374 95538.6 97392.2 146287 118989 211012 84588.8 36979.6 35543.3 47941 97618 143162 87681.5 54551.4 86164.3 371513 73538.1 527440 332702 307083 377253 510847 98692.7 284604 261169 109124 248781 299206 103385 97747.3 199526 96731.2
log_desv_Rt
 0.206477 -0.389446 -0.37023 0.0365963 -0.169948 0.402939 -0.511175 -1.33861 -1.37822 -1.079 -0.367915 0.0150026 -0.475266 -0.949833 -0.49272 0.968606 -0.651173 1.31906 0.85827 0.778141 0.983939 1.28709 -0.356965 0.702123 0.61619 -0.256496 0.567595 0.752155 -0.310517 -0.366592 0.346968 -0.37704
SSB
 2.20115e+06 1.46875e+06 708190 391622 421476 497932 663198 359142 328003 208816 130805 285194 328416 210153 85653.9 199237 661284 577592 1.13911e+06 820833 1.00677e+06 1.25348e+06 1.18528e+06 935700 1.29783e+06 1.09763e+06 893381 963921 1.45346e+06 1.01094e+06 696919 1.00918e+06
BT
 3.07945e+06 2.10054e+06 1.0342e+06 953953 806370 1.54489e+06 1.10035e+06 774312 674350 490801 498910 810769 766017 651691 690301 1.37145e+06 1.12663e+06 2.88628e+06 2.69746e+06 1.87038e+06 3.10136e+06 2.86103e+06 1.95717e+06 3.19309e+06 2.31656e+06 1.98465e+06 2.80806e+06 2.75461e+06 2.06517e+06 1.74958e+06 1.81634e+06 1.79267e+06
Ftot
 0.191281 0.352107 0.345964 0.532718 0.17804 0.334361 0.770777 0.131248 0.521909 0.72226 0.150707 0.575608 0.597455 1.38949 0.73172 0.589094 0.38342 0.410053 0.578815 0.486614 0.366586 0.462337 0.27642 0.255885 0.250462 0.199719 0.251717 0.204602 0.178332 0.233545 0.304046 0.146054
BD_Bspro_t
 0.969859 0.791929 0.59349 0.494998 0.484593 0.575222 0.568003 0.374613 0.434969 0.374823 0.3336 0.607362 0.498983 0.343679 0.179478 0.334248 0.505071 0.456105 0.556472 0.446348 0.446742 0.496798 0.51181 0.493361 0.607462 0.623317 0.628222 0.672424 0.738819 0.670457 0.618253 0.668272
BD_Bspro
 2.16829 1.44682 0.697619 0.385777 0.415184 0.4905 0.653299 0.353781 0.323107 0.205699 0.128853 0.280938 0.323514 0.207017 0.0843754 0.196264 0.651414 0.568971 1.12211 0.808581 0.991741 1.23477 1.16759 0.921733 1.27845 1.08125 0.880046 0.949533 1.43177 0.995851 0.686516 0.994113
BD_Bo
 1.46609 0.978269 0.471695 0.260843 0.280727 0.331652 0.441728 0.239209 0.218469 0.139083 0.0871237 0.189956 0.218744 0.139974 0.0570504 0.132704 0.440454 0.38471 0.758712 0.546723 0.670566 0.83489 0.789466 0.62323 0.864427 0.731084 0.595043 0.642027 0.968088 0.673345 0.464188 0.67217
BD_Brms
 8.04107 5.3655 2.5871 1.43064 1.5397 1.81901 2.42274 1.31199 1.19823 0.762828 0.477847 1.04185 1.19974 0.767716 0.312904 0.727838 2.41575 2.11001 4.1613 2.9986 3.67785 4.57911 4.32998 3.41823 4.74111 4.00977 3.26363 3.52132 5.30966 3.69309 2.54593 3.68664
Sel_flota
 0.708775 1 1 1 1
 0.708775 1 1 1 1
 0.708775 1 1 1 1
 0.708775 1 1 1 1
 0.708775 1 1 1 1
 0.708775 1 1 1 1
 0.708775 1 1 1 1
 0.708775 1 1 1 1
 0.708775 1 1 1 1
 0.708775 1 1 1 1
 0.708775 1 1 1 1
 0.708775 1 1 1 1
 0.708775 1 1 1 1
 0.708775 1 1 1 1
 0.708775 1 1 1 1
 0.708775 1 1 1 1
 0.708775 1 1 1 1
 0.708775 1 1 1 1
 0.708775 1 1 1 1
 0.708775 1 1 1 1
 0.708775 1 1 1 1
 0.708775 1 1 1 1
 0.708775 1 1 1 1
 0.708775 1 1 1 1
 0.708775 1 1 1 1
 0.708775 1 1 1 1
 0.708775 1 1 1 1
 0.708775 1 1 1 1
 0.708775 1 1 1 1
 0.708775 1 1 1 1
 0.708775 1 1 1 1
 0.708775 1 1 1 1
Sel_reclas
 1 1 1 1 1
 1 1 1 1 1
 1 1 1 1 1
 1 1 1 1 1
 1 1 1 1 1
 1 1 1 1 1
 1 1 1 1 1
 1 1 1 1 1
 1 1 1 1 1
 1 1 1 1 1
 1 1 1 1 1
 1 1 1 1 1
 1 1 1 1 1
 1 1 1 1 1
 1 1 1 1 1
 1 1 1 1 1
 1 1 1 1 1
 1 1 1 1 1
 1 1 1 1 1
 1 1 1 1 1
 1 1 1 1 1
 1 1 1 1 1
 1 1 1 1 1
 1 1 1 1 1
 1 1 1 1 1
 1 1 1 1 1
 1 1 1 1 1
 1 1 1 1 1
 1 1 1 1 1
 1 1 1 1 1
 1 1 1 1 1
 1 1 1 1 1
Sel_pelaces
 1 1 1 1 1
 1 1 1 1 1
 1 1 1 1 1
 1 1 1 1 1
 1 1 1 1 1
 1 1 1 1 1
 1 1 1 1 1
 1 1 1 1 1
 1 1 1 1 1
 1 1 1 1 1
 1 1 1 1 1
 1 1 1 1 1
 1 1 1 1 1
 1 1 1 1 1
 1 1 1 1 1
 1 1 1 1 1
 1 1 1 1 1
 1 1 1 1 1
 1 1 1 1 1
 1 1 1 1 1
 1 1 1 1 1
 1 1 1 1 1
 1 1 1 1 1
 1 1 1 1 1
 1 1 1 1 1
 1 1 1 1 1
 1 1 1 1 1
 1 1 1 1 1
 1 1 1 1 1
 1 1 1 1 1
 1 1 1 1 1
 1 1 1 1 1
pf_obs 
 0.8446 0.082 0.0669 0.0065 0
 0.8095 0.147 0.0364 0.0071 0
 0.9664 0.0169 0.016 0.0007 0
 0.9276 0.0648 0.0075 0.0001 0
 0.7033 0.2144 0.0806 0.0017 0
 0.9318 0.0425 0.0243 0.0014 0
 0.5671 0.3108 0.0964 0.0239 0.0018
 0.0768 0.2599 0.5324 0.112 0.0189
 0.490249 0.384438 0.106611 0.0170017 0.00170017
 0.7925 0.1577 0.0466 0.003 0.0002
 0.840416 0.127587 0.0312969 0.00059994 9.999e-05
 0.8084 0.0986 0.0794 0.0134 0.0002
 0.7335 0.1905 0.0724 0.0035 0.0001
 0.4001 0.4547 0.1325 0.0127 0
 0.49795 0.308269 0.164784 0.0264974 0.00249975
 0.9179 0.0499 0.0305 0.0017 0
 0.2467 0.6533 0.0926 0.0074 0
 0.9418 0.0223 0.034 0.0019 0
 0.707729 0.231977 0.0356964 0.0245975 0
 0.517169 0.277429 0.184464 0.0207286 0.00020938
 0.811772 0.124168 0.05621 0.00726502 0.000585176
 0.764997 0.148141 0.077277 0.00933861 0.000247198
 0.163321 0.427699 0.378323 0.0303852 0.000271297
 0.753843 0.0900009 0.118128 0.0371064 0.000921714
 0.721811 0.176058 0.0630433 0.0369309 0.00215725
 0.143369 0.312575 0.442814 0.0836902 0.0175525
 0.692698 0.0596174 0.167031 0.0765114 0.00414204
 0.394062 0.376323 0.152708 0.0712218 0.00568511
 0.125707 0.32114 0.495352 0.0537591 0.00404204
 0.23352 0.215282 0.420074 0.123614 0.00750983
 0.796117 0.104755 0.0508955 0.0450114 0.00322123
 0.162477 0.292055 0.404252 0.121198 0.0200186
pf_pred 
 0.469783 0.136597 0.369008 0.0246114 8.55619e-07
 0.416471 0.328956 0.0655841 0.177172 0.0118171
 0.575695 0.219472 0.115472 0.0230217 0.06634
 0.724607 0.184642 0.0469407 0.0246972 0.0191127
 0.652243 0.279373 0.0458497 0.0116562 0.0108787
 0.746718 0.185359 0.0545661 0.0089552 0.00440144
 0.464286 0.436721 0.072446 0.0213267 0.00522033
 0.463572 0.313772 0.181512 0.0301104 0.0110336
 0.544549 0.252768 0.118555 0.0685823 0.0155458
 0.725372 0.178355 0.0534299 0.0250601 0.0177829
 0.843639 0.1266 0.019328 0.00579011 0.00464282
 0.748153 0.223269 0.0231381 0.00353249 0.00190678
 0.609355 0.321508 0.0612924 0.00635191 0.0014932
 0.597852 0.285653 0.0958778 0.0182782 0.00233951
 0.866045 0.0982309 0.0253752 0.00851706 0.00183152
 0.931455 0.0625493 0.00439696 0.00113583 0.000463218
 0.366222 0.605392 0.0259032 0.00182089 0.000662205
 0.898509 0.04729 0.0517737 0.00221526 0.000212357
 0.617243 0.356238 0.0123566 0.0135282 0.000634323
 0.669747 0.236589 0.0871746 0.00302377 0.00346568
 0.725238 0.208096 0.0477589 0.0175974 0.00130999
 0.740088 0.207649 0.0395827 0.00908438 0.00359645
 0.302633 0.567331 0.103888 0.0198035 0.00634432
 0.731481 0.105047 0.13299 0.0243528 0.0061294
 0.636055 0.291431 0.0283684 0.0359145 0.00823184
 0.414869 0.421496 0.131031 0.0127548 0.0198488
 0.726119 0.139335 0.0969194 0.0301296 0.00749692
 0.693179 0.244312 0.0318009 0.0221203 0.00858763
 0.376299 0.478745 0.115424 0.0150242 0.0145078
 0.498274 0.234552 0.20508 0.0494441 0.0126506
 0.740423 0.154028 0.0493431 0.0431429 0.0130629
 0.488277 0.414157 0.0578938 0.0185464 0.0211258
pobs_RECLAS
 0 0 0 0 0
 0 0 0 0 0
 0 0 0 0 0
 0 0 0 0 0
 0 0 0 0 0
 0 0 0 0 0
 0 0 0 0 0
 0 0 0 0 0
 0 0 0 0 0
 0 0 0 0 0
 0.991045 0.00858322 0.000360255 1.14367e-05 0
 0.934742 0.0480273 0.0164251 0.00080598 0
 0.827803 0.169806 0.00239088 0 0
 0.941827 0.0461693 0.0120037 0 0
 0.791401 0.0380133 0.147996 0.0225897 0
 0.846168 0.0940531 0.0597789 0 0
 0.134021 0.677848 0.182769 0.00536245 0
 0.80878 0.0450904 0.141981 0.00414843 0
 0.846168 0.0940531 0.0597789 0 0
 0.905697 0.0802665 0.012482 0.00150086 5.37128e-05
 0.989698 0.0102097 9.19794e-05 0 0
 0.975433 0.0193895 0.00387452 0.00125025 5.28907e-05
 0.303575 0.632131 0.0575291 0.00676475 0
 0.966965 0.00978017 0.0227588 0.000495775 0
 0.843318 0.132988 0.00938335 0.0141283 0.000182051
 0.564624 0.303363 0.111486 0.0197234 0.00080311
 0.826376 0.0876187 0.0782897 0.00655872 0.00115652
 0.89761 0.0855135 0.0140674 0.00269457 0.000114338
 0.34875 0.467042 0.161289 0.0227151 0.000203297
 0.318654 0.224769 0.449479 0.00709798 0
 0.937255 0.0296025 0.0250945 0.00804832 0
 0.456809 0.399803 0.12412 0.0192676 0
ppred_RECLAS
 0.556874 0.11416 0.308397 0.0205688 7.15079e-07
 0.504438 0.279366 0.0556972 0.150463 0.0100356
 0.659244 0.176256 0.0927346 0.0184885 0.0532771
 0.790812 0.140254 0.0356561 0.01876 0.014518
 0.726711 0.219548 0.0360315 0.00916012 0.00854917
 0.807766 0.140683 0.0414142 0.00679676 0.00334057
 0.557446 0.360776 0.0598478 0.017618 0.00431252
 0.550259 0.263066 0.15218 0.0252445 0.00925057
 0.63195 0.204262 0.0958043 0.0554213 0.0125626
 0.792928 0.134481 0.0402867 0.0188956 0.0134085
 0.884302 0.0936762 0.0143016 0.00428433 0.00343541
 0.810476 0.168018 0.0174122 0.00265833 0.00143492
 0.692094 0.253412 0.0483106 0.00500657 0.00117694
 0.691934 0.218824 0.0734473 0.014002 0.00179219
 0.903638 0.0706639 0.0182541 0.00612688 0.00131753
 0.951394 0.0443538 0.00311789 0.00080542 0.000328468
 0.452088 0.523371 0.0223937 0.00157419 0.000572488
 0.926765 0.034124 0.0373593 0.00159851 0.000153234
 0.698955 0.280187 0.00971867 0.0106401 0.000498906
 0.74411 0.183316 0.0675454 0.0023429 0.00268531
 0.790206 0.158891 0.0364661 0.0134365 0.00100024
 0.803104 0.157304 0.0299858 0.00688186 0.00272448
 0.381666 0.503035 0.0921146 0.0175592 0.00562532
 0.794743 0.0802985 0.101658 0.0186154 0.00468535
 0.712939 0.229865 0.0223755 0.0283274 0.00649284
 0.501473 0.359111 0.111638 0.010867 0.016911
 0.790259 0.106704 0.0742221 0.0230736 0.00574124
 0.76223 0.189329 0.024644 0.017142 0.00665496
 0.461032 0.413705 0.0997431 0.0129831 0.0125368
 0.58515 0.193938 0.169569 0.0408825 0.0104601
 0.802413 0.117244 0.0375594 0.0328399 0.00994336
 0.574741 0.344178 0.0481116 0.0154126 0.0175563
pobs_PELACES
 0 0 0 0 0
 0 0 0 0 0
 0 0 0 0 0
 0 0 0 0 0
 0 0 0 0 0
 0 0 0 0 0
 0 0 0 0 0
 0 0 0 0 0
 0 0 0 0 0
 0 0 0 0 0
 0 0 0 0 0
 0 0 0 0 0
 0 0 0 0 0
 0 0 0 0 0
 0 0 0 0 0
 0 0 0 0 0
 0.505614 0.472636 0.0217494 0 0
 0 0 0 0 0
 0.443492 0.261883 0.143347 0.151278 0
 0.227955 0.32914 0.350689 0.0885471 0.00366901
 0.970185 0.0296113 0.000203453 0 0
 0.997202 0.00247181 0.000326279 0 0
 0.445219 0.490057 0.0546422 0.010081 0
 0.90214 0.0892962 0.00764917 0.000914606 0
 0 0 0 0 0
 0.581667 0.319106 0.0959925 0.00289975 0.000334073
 0.762889 0.0836404 0.116647 0.0363945 0.000428098
 0.88444 0.0763242 0.0277011 0.0115352 0
 0.521256 0.241999 0.230069 0.00667565 0
 0.616807 0.101726 0.260614 0.0208532 0
 0.833518 0.0704572 0.0857862 0.0102388 0
 0.697417 0.212968 0.0787535 0.0105354 0.000325836
ppred_PELACES
 0.561405 0.112992 0.305243 0.0203585 7.07767e-07
 0.512895 0.274598 0.0547467 0.147895 0.00986438
 0.666673 0.172413 0.0907129 0.0180855 0.0521156
 0.799156 0.13466 0.0342339 0.0180117 0.0139389
 0.730096 0.216829 0.0355852 0.00904666 0.00844328
 0.812706 0.137067 0.0403499 0.00662208 0.00325472
 0.575634 0.345948 0.0573881 0.0168939 0.00413528
 0.553379 0.261241 0.151124 0.0250694 0.00918641
 0.643537 0.197831 0.0927882 0.0536766 0.0121671
 0.804093 0.12723 0.0381144 0.0178767 0.0126855
 0.885776 0.0924831 0.0141194 0.00422976 0.00339165
 0.818828 0.160614 0.0166449 0.00254118 0.00137169
 0.704193 0.243454 0.0464122 0.00480984 0.00113069
 0.719647 0.199139 0.0668401 0.0127424 0.00163097
 0.90959 0.0662992 0.0171266 0.00574844 0.00123615
 0.953947 0.0420249 0.00295418 0.00076313 0.000311222
 0.461231 0.514638 0.0220201 0.00154792 0.000562935
 0.929395 0.0328985 0.0360176 0.0015411 0.000147731
 0.710529 0.269415 0.00934504 0.0102311 0.000479725
 0.752913 0.17701 0.0652219 0.00226231 0.00259294
 0.795987 0.154513 0.0354613 0.0130662 0.000972675
 0.810036 0.151766 0.0289302 0.00663959 0.00262857
 0.387954 0.497919 0.0911778 0.0173806 0.00556811
 0.798725 0.0787405 0.0996858 0.0182542 0.00459444
 0.71784 0.225941 0.0219935 0.0278438 0.00638199
 0.506271 0.355655 0.110563 0.0107624 0.0167483
 0.79424 0.104679 0.0728132 0.0226356 0.00563225
 0.765776 0.186506 0.0242765 0.0168864 0.00655573
 0.465293 0.410434 0.0989545 0.0128804 0.0124377
 0.590588 0.191396 0.167346 0.0403467 0.0103229
 0.807005 0.11452 0.0366865 0.0320767 0.00971228
 0.578168 0.341405 0.0477239 0.0152884 0.0174148
pobs_pel_tallas
 0 0 0 0 0 0 0 0 0 0 0 0 0 0 0 0 0 0 0 0 0 0 0 0 0 0
 0 0 0 0 0 0 0 0 0 0 0 0 0 0 0 0 0 0 0 0 0 0 0 0 0 0
 0 0 0 0 0 0 0 0 0 0 0 0 0 0 0 0 0 0 0 0 0 0 0 0 0 0
 0 0 0 0 0 0 0 0 0 0 0 0 0 0 0 0 0 0 0 0 0 0 0 0 0 0
 0 0 0 0 0 0 0 0 0 0 0 0 0 0 0 0 0 0 0 0 0 0 0 0 0 0
 0 0 0 0 0 0 0 0 0 0 0 0 0 0 0 0 0 0 0 0 0 0 0 0 0 0
 0 0 0 0 0 0 0 0 0 0 0 0 0 0 0 0 0 0 0 0 0 0 0 0 0 0
 0 0 0 0 0 0 0 0 0 0 0 0 0 0 0 0 0 0 0 0 0 0 0 0 0 0
 0 0 0 0 0 0 0 0 0 0 0 0 0 0 0 0 0 0 0 0 0 0 0 0 0 0
 0 0 0 0 0 0 0 0 0 0 0 0 0 0 0 0 0 0 0 0 0 0 0 0 0 0
 0 0 0 0 0 0 0 0 0 0 0 0 0 0 0 0 0 0 0 0 0 0 0 0 0 0
 0 0 0 0 0 0 0 0 0 0 0 0 0 0 0 0 0 0 0 0 0 0 0 0 0 0
 0.00862536 0 0 0.000197151 0.00414017 0.0128641 0.00837892 0.0270097 0.101434 0.158115 0.152841 0.127902 0.109271 0.109419 0.0830992 0.0579132 0.0238553 0.00714673 0.00463305 0.00128148 0.00103504 0.000492878 0.000147863 0.000147863 4.92878e-05 0
 0 0 0 0 0 0 0 0 0 0 0 0 0 0 0 0 0 0 0 0 0 0 0 0 0 0
 0 0 0 0 0 0 0 0.0054083 0.00873648 0.0413646 0.0450493 0.0745869 0.0622846 0.0627006 0.0613931 0.0827291 0.12552 0.122667 0.0946155 0.0697135 0.0546179 0.0294188 0.0215738 0.0213955 0.0102223 0.00600262
 0 0 0 0 0.00359764 0.0251062 0.0480494 0.140153 0.205849 0.193036 0.1447 0.116669 0.0760912 0.0342217 0.00950174 0.001854 0.000860785 0 0 0 0.000165536 0 0.000143464 0 0 0
 0 0 0 0 0 0 0 0.000145254 0.000435761 0.0275982 0.070085 0.0708112 0.156366 0.174668 0.174014 0.160142 0.0824315 0.0480064 0.0283245 0.00493863 0.00203355 0 0 0 0 0
 0 0 0 0 0 0 0 0 0 0 0 0 0 0 0 0 0 0 0 0 0 0 0 0 0 0
 0 0 1.00437e-05 0.000401748 0.00122533 0.00171747 0.00176769 0.0269171 0.070346 0.194647 0.189555 0.159765 0.064822 0.0314167 0.0384472 0.0292271 0.0345202 0.0313363 0.0194345 0.0106764 0.0143323 0.0359363 0.0279516 0.0138201 0.00172751 0
 0 0.0021121 0.0136068 0.0755702 0.200478 0.177729 0.0527432 0.0373336 0.0318909 0.0142505 0.0149659 0.0166563 0.0217959 0.0798694 0.0677717 0.0528807 0.04013 0.0224614 0.0357745 0.0225083 0.00881397 0.00855152 0.00135912 0.000746735 0 0
 0 0 0 0 5.4009e-05 0.00500934 0.000945158 0.0243581 0.138947 0.33067 0.221406 0.137944 0.0707744 0.0437923 0.0131692 0.00525238 0.0047753 0.00276346 9.45158e-05 9.00151e-06 2.25038e-05 9.00151e-06 4.50075e-06 0 0 0
 0.000866109 0.00284123 0.00948549 0.0512746 0.133035 0.25785 0.225252 0.132002 0.0553304 0.0519788 0.0540692 0.017754 0.00435017 0.00159236 0.00146478 0.000404838 0.000125132 0.000115318 0.000107957 0.000100596 0 0 0 0 0 0
 0 0 0 0 0.00144013 0.00171154 0.00461396 0.0210425 0.0478622 0.0707936 0.0888783 0.103762 0.0637923 0.0337046 0.0602308 0.124433 0.169614 0.0934646 0.0462172 0.0250306 0.0313229 0.00938855 0.002487 0.000210481 0 0
 0 0.00764035 0.051015 0.0998891 0.058973 0.0496711 0.0374665 0.0718981 0.12319 0.153886 0.159021 0.0857701 0.0377988 0.023471 0.0147837 0.00900784 0.00315554 0.000888139 0.00291439 0.00214683 0.00393193 0.00274676 0.000635225 9.99891e-05 0 0
 0 0 0 0 0 0 0 0 0 0 0 0 0 0 0 0 0 0 0 0 0 0 0 0 0 0
 0 0 0 0 0 0 0 0 0 0 0 0 0 0 0 0 0 0 0 0 0 0 0 0 0 0
 0 0 0 0 0 0 0 0 0 0 0 0 0 0 0 0 0 0 0 0 0 0 0 0 0 0
 0 0 0 0 0 0 0 0 0 0 0 0 0 0 0 0 0 0 0 0 0 0 0 0 0 0
 0 0 0 0 0 0 0 0 0 0 0 0 0 0 0 0 0 0 0 0 0 0 0 0 0 0
 0 0 0 0 0 0 0 0 0 0 0 0 0 0 0 0 0 0 0 0 0 0 0 0 0 0
 0 0 0 0 0 0 0 0 0 0 0 0 0 0 0 0 0 0 0 0 0 0 0 0 0 0
 0 0 0 0 0 0 0 0 0 0 0 0 0 0 0 0 0 0 0 0 0 0 0 0 0 0
ppred_pel_tallas
 1.1088e-16 4.62422e-05 0.000449491 0.00298703 0.0135786 0.0422481 0.0900144 0.131381 0.131392 0.0900701 0.0424362 0.0141277 0.004387 0.00357729 0.00619603 0.0107153 0.0166977 0.0236283 0.0309142 0.0381256 0.0449692 0.0509456 0.0550781 0.0561294 0.0532621 0.0466428
 1.18152e-16 4.22466e-05 0.000410652 0.00272893 0.0124053 0.0385977 0.0822374 0.120033 0.12006 0.0823672 0.0390335 0.0136653 0.00589612 0.00734015 0.0132507 0.0219737 0.0319886 0.0409995 0.0467609 0.0484087 0.0470314 0.0448963 0.0439128 0.0445167 0.0456764 0.0457661
 1.13296e-16 5.4913e-05 0.000533774 0.00354712 0.0161247 0.05017 0.106893 0.156017 0.156034 0.106975 0.0504451 0.0169208 0.00555133 0.0049287 0.00846033 0.0140558 0.0206153 0.0267261 0.0309973 0.0328366 0.0327866 0.032067 0.0316937 0.0318821 0.032103 0.031581
 1.05188e-16 6.58254e-05 0.000639847 0.00425201 0.019329 0.0601398 0.128135 0.187019 0.187032 0.128198 0.0603534 0.0199463 0.00580322 0.00403159 0.00652371 0.0107249 0.01555 0.0197881 0.0222598 0.0224474 0.0208003 0.0184064 0.0162921 0.0149005 0.0140585 0.0133035
 1.03419e-16 6.01371e-05 0.000584554 0.00388457 0.0176587 0.0549429 0.117062 0.17086 0.170881 0.117165 0.0552859 0.0186497 0.00637275 0.00601793 0.0103841 0.0170853 0.0246386 0.0310543 0.0343472 0.0336077 0.0295383 0.0239617 0.0187112 0.0147677 0.0121446 0.0103337
 1.02415e-16 6.69416e-05 0.000650696 0.0043241 0.0196568 0.0611595 0.130307 0.19019 0.190203 0.130372 0.061377 0.0202852 0.00590332 0.00410351 0.00664019 0.0109127 0.0158094 0.0200808 0.0224943 0.0224736 0.0204169 0.017383 0.0144106 0.0120169 0.0101699 0.00859189
 1.04139e-16 4.74143e-05 0.000460884 0.00306274 0.0139228 0.0433191 0.0922972 0.134717 0.134751 0.0924602 0.0438665 0.015504 0.00703254 0.00912953 0.0165182 0.0272528 0.0393008 0.0495211 0.0547389 0.0534873 0.0468664 0.0377643 0.029096 0.0224381 0.0178521 0.0145927
 1.08497e-16 4.55811e-05 0.000443065 0.00294432 0.0133845 0.0416442 0.0887283 0.129507 0.129532 0.0888523 0.0420611 0.0145911 0.00598197 0.00710372 0.0127818 0.0212845 0.0311841 0.0403178 0.0464791 0.048608 0.047317 0.0442568 0.0408856 0.0376774 0.0342629 0.0301256
 1.10171e-16 5.30073e-05 0.00051525 0.00342402 0.0155651 0.0484289 0.103184 0.150604 0.150623 0.103277 0.0487442 0.0164775 0.00572015 0.00554783 0.00967061 0.0160626 0.0235126 0.0303805 0.0350355 0.0367586 0.0361345 0.034534 0.0331153 0.0321568 0.0311405 0.0293351
 1.05073e-16 6.62321e-05 0.0006438 0.00427828 0.0194484 0.0605114 0.128926 0.188174 0.188187 0.128986 0.0607134 0.0200324 0.00574601 0.00385446 0.00618355 0.0101705 0.0147711 0.018849 0.021299 0.0216329 0.0202621 0.0181846 0.0163299 0.0150798 0.014252 0.0134177
 1.0143e-16 7.29602e-05 0.000709199 0.00471288 0.0214241 0.0666583 0.142023 0.207288 0.207297 0.142066 0.0668046 0.0218467 0.0057738 0.00302567 0.00447379 0.00728455 0.0104963 0.0132209 0.0146074 0.0142682 0.0125054 0.0101013 0.00784388 0.00615645 0.00504598 0.00429293
 1.01009e-16 6.74458e-05 0.000655597 0.00435668 0.0198048 0.0616202 0.131289 0.191623 0.191639 0.131365 0.061874 0.0205377 0.00619566 0.0046684 0.00768342 0.0125821 0.0180866 0.0226767 0.0248501 0.0239126 0.0203882 0.0156667 0.0111811 0.00775281 0.00548012 0.00404323
 1.02076e-16 5.80035e-05 0.000563815 0.00374675 0.0170322 0.0529936 0.112909 0.164799 0.164823 0.113024 0.0533789 0.0181454 0.00654181 0.00666804 0.0116585 0.019201 0.0276972 0.0349162 0.0386152 0.0377433 0.0330443 0.0265167 0.0201902 0.0151835 0.0115891 0.00896097
 1.03534e-16 5.92764e-05 0.000576188 0.00382897 0.017406 0.0541565 0.115387 0.168415 0.168434 0.115481 0.0544727 0.01832 0.00612641 0.00560139 0.00963203 0.0159055 0.0230828 0.0293945 0.0330652 0.0332575 0.0305282 0.0263686 0.0222259 0.0187957 0.0160066 0.0134736
 1.01297e-16 7.49217e-05 0.000728266 0.00483958 0.022 0.0684503 0.145841 0.21286 0.212867 0.145872 0.0685554 0.0223038 0.00560282 0.00239661 0.00324992 0.00527135 0.00762674 0.00967632 0.0108221 0.0107895 0.00978024 0.00831788 0.0069142 0.00582034 0.00501016 0.00432921
 1.00226e-16 7.85753e-05 0.00076378 0.00507559 0.0230729 0.0717883 0.152953 0.22324 0.223244 0.152973 0.0718547 0.0232645 0.00555627 0.00181232 0.00206765 0.00328782 0.00471437 0.00589834 0.00644107 0.00616067 0.00519763 0.00392256 0.00271937 0.00181077 0.00122576 0.000877879
 1.01018e-16 3.79911e-05 0.000369287 0.00245404 0.0111558 0.03471 0.0739551 0.10795 0.108 0.074197 0.035522 0.0135001 0.00833452 0.0131926 0.0243509 0.0400894 0.0574936 0.0717649 0.0780363 0.0740585 0.0615642 0.0451567 0.0296509 0.0179099 0.0104059 0.00614106
 1.01228e-16 7.6553e-05 0.000744123 0.00494496 0.0224791 0.0699407 0.149016 0.217494 0.217497 0.149032 0.0699938 0.0226329 0.00533334 0.00159962 0.00172366 0.00278647 0.00414119 0.00548637 0.00656006 0.0072241 0.00751054 0.00753983 0.00738765 0.00702643 0.00638363 0.00544518
 1.01446e-16 5.85254e-05 0.000568888 0.00378046 0.0171854 0.0534704 0.113925 0.166283 0.166309 0.114052 0.0538955 0.0184127 0.00685902 0.00728241 0.0127883 0.0209957 0.0301156 0.0376137 0.0409544 0.0389803 0.0326196 0.0242939 0.0165143 0.0107398 0.00715125 0.00515119
 1.02594e-16 6.20165e-05 0.000602822 0.00400597 0.0182106 0.0566599 0.12072 0.176199 0.176216 0.120804 0.0569411 0.0190235 0.00604939 0.00507315 0.00857972 0.0141577 0.0205545 0.0261895 0.0294775 0.0296581 0.0272007 0.0234029 0.0195359 0.0162306 0.0134691 0.0109763
 1.02538e-16 6.55644e-05 0.00063731 0.00423515 0.0192524 0.0599014 0.127627 0.186278 0.186293 0.1277 0.0601462 0.0199598 0.00601217 0.00452049 0.00745202 0.0122465 0.0177074 0.0224202 0.0249876 0.0247647 0.0222266 0.0186126 0.0151456 0.0124446 0.0104752 0.008889
 1.01985e-16 6.67216e-05 0.000648558 0.00430989 0.0195922 0.0609586 0.129879 0.189566 0.18958 0.129951 0.0611988 0.0202862 0.00605274 0.00445521 0.00730214 0.0119817 0.0172898 0.0218182 0.0241769 0.0237227 0.02093 0.0170485 0.0133342 0.0104584 0.00843892 0.00695381
 1.05444e-16 3.19554e-05 0.000310618 0.00206417 0.00938343 0.0291956 0.0622061 0.0908016 0.0908497 0.0624407 0.0299836 0.01166 0.00778025 0.012794 0.0237552 0.0392607 0.0566439 0.0714185 0.0790164 0.0773116 0.0678548 0.0547585 0.0421793 0.0323758 0.0254687 0.0204548
 1.05506e-16 6.57899e-05 0.000639502 0.00424971 0.0193186 0.0601073 0.128065 0.186917 0.186924 0.128103 0.0602348 0.0196887 0.00518567 0.0027057 0.00405742 0.00678025 0.0101738 0.0136583 0.0166682 0.0189144 0.0204764 0.0215836 0.0222906 0.0223594 0.0214436 0.0193885
 1.04565e-16 5.91276e-05 0.000574741 0.00381936 0.0173623 0.0540205 0.115097 0.167992 0.168014 0.115204 0.0543777 0.0183937 0.00640831 0.00622587 0.0107905 0.0177437 0.0255557 0.0321502 0.035467 0.0345907 0.030313 0.0246058 0.0194321 0.0158081 0.0136643 0.0123297
 1.07196e-16 4.1701e-05 0.000405348 0.00269368 0.0122451 0.0380993 0.0811758 0.118486 0.11852 0.0813438 0.0386637 0.0138765 0.00679331 0.00937011 0.0171121 0.0283406 0.0410941 0.0522466 0.0586189 0.0587213 0.0535838 0.0459387 0.0384587 0.0324613 0.027843 0.023867
 1.05352e-16 6.54205e-05 0.000635911 0.00422585 0.0192101 0.0597699 0.127346 0.185868 0.185878 0.127396 0.0599374 0.0196954 0.00544868 0.00332124 0.00521223 0.00863659 0.012725 0.016614 0.0194612 0.0208738 0.0210939 0.0207257 0.0202403 0.0196806 0.0187588 0.0171795
 1.03552e-16 6.3076e-05 0.000613121 0.0040744 0.0185217 0.0576279 0.122783 0.179209 0.179227 0.122871 0.0579228 0.0193736 0.00621317 0.00528266 0.0089334 0.0146751 0.021151 0.0266403 0.0294413 0.0287888 0.025315 0.020619 0.0162962 0.0131793 0.0112325 0.00994632
 1.06358e-16 3.83256e-05 0.000372539 0.00247565 0.011254 0.0350156 0.0746058 0.108898 0.108937 0.0747994 0.0356659 0.0131333 0.00719619 0.0106878 0.0196591 0.0325188 0.0470247 0.0595185 0.0662796 0.0655719 0.0586348 0.048753 0.0391991 0.0316794 0.0261911 0.0218906
 1.10672e-16 4.8646e-05 0.000472856 0.0031423 0.0142844 0.0444443 0.094694 0.138213 0.138231 0.0947854 0.0447518 0.0151755 0.00539022 0.00541739 0.00954897 0.0159971 0.0237144 0.0312392 0.037084 0.040531 0.0419409 0.0422463 0.0420854 0.0413423 0.0394083 0.0358116
 1.05949e-16 6.64719e-05 0.000646131 0.00429377 0.0195189 0.0607305 0.129393 0.188855 0.188866 0.129447 0.0609125 0.0200451 0.00561712 0.00354272 0.00559086 0.00920028 0.0133989 0.0171819 0.0195847 0.0201978 0.0194079 0.0180992 0.017052 0.016513 0.0162025 0.0156359
 1.05945e-16 4.7623e-05 0.000462913 0.00307622 0.0139841 0.0435098 0.0927034 0.13531 0.135343 0.0928642 0.0440497 0.0155437 0.00699131 0.00901048 0.0162839 0.0268539 0.0387024 0.0487249 0.053795 0.0524918 0.0459529 0.0370976 0.0288644 0.022828 0.0189968 0.0165116
pSPR Fmed_Fpbrs
0.559764   0.232326 0.232326
Fs Fmed_Fpbrs
0.34   1.005 1.005
SSBpbr Bo_Bmed_Bpbrs
1.50137e+06  765345  273739 273739
Ro
141031
SPR SPRFo_SPRFmed_SPRFpbrs
1.01515e+06 568246 235846
Fref
1.005
Nvult_r0
 79276.4 51203.7 7157.6 2292.95 2611.86
CTP_r0
 32978.7 25665.7 3587.73 1149.33 1309.19
YTP_r0
1.11533e+06
Np
 178708 32247.2 4320.7 2532.96 401.755
Nvult_p0
 146460 27904.8 3738.87 2191.87 347.655
CTP_p0
 60927 13917.2 8158.83 1140.5 481.504
 60927 13987.2 1874.1 1098.67 174.261
YTP_p0
 951322 789129
CBA_c0
1.06613e+06
log_Ro
11.6767
likeval ReclasPelacesDesembMPH_pf_preclas_ppelaces_ptallas_desvR_qrecl_qpela
 14.2052 16.8973 0.0342588 27.7936 233.172 130.032 110.512 0 23.1437 3.36832e-06 1.07233e-05 0.162063 0 0 0
q_reclas_q_pelaces
1.29635 1.589
M
1
N
 173374 36545.8 98726.7 6584.68 0.228917
 95538.6 55694.3 11103.8 29996.3 2000.7
 97392.2 27384.2 14407.8 2872.49 8277.46
 146287 28037.3 7127.8 3750.19 2902.2
 118989 36892 6054.59 1539.23 1436.57
 211012 38584 11358.4 1864.1 916.195
 84588.8 61247.8 10160.2 2990.96 732.124
 36979.6 18020.2 10424.4 1729.27 633.671
 35543.3 12395.6 5813.87 3363.24 762.357
 47941 9032.56 2705.89 1269.14 900.595
 97618 10570.3 1613.77 483.44 387.648
 143162 32273.4 3344.59 510.619 275.624
 87681.5 35022.9 6676.79 691.936 162.659
 54551.4 21120.6 7089.03 1351.46 172.979
 86164.3 7495.56 1936.27 649.899 139.755
 371513 18871.1 1326.56 342.68 139.753
 73538.1 90021.4 3851.79 270.765 98.4696
 527440 20615.5 22570.1 965.719 92.5744
 332702 145097 5032.88 5510.06 258.361
 307083 81206.7 29921.8 1037.88 1189.56
 377253 80015.3 18363.8 6766.42 503.706
 510847 107028 20402 4682.34 1853.71
 98692.7 135420 24797.7 4727.02 1514.36
 284604 29847.2 37786.7 6919.41 1741.56
 261169 87333.5 8501.19 10762.5 2466.85
 109124 80450.8 25009.9 2434.51 3788.53
 248781 34845.5 24238.1 7534.96 1874.87
 299206 76566.6 9966.29 6932.42 2691.34
 103385 95212.8 22955.5 2988.01 2885.31
 97747.3 33517.3 29305.7 7065.52 1807.76
 199526 30473.4 9762.2 8535.53 2584.41
 96731.2 59171.8 8271.44 2649.77 3018.3
pred_Ctot
 14049.7 4085.16 11035.8 736.047 0.0255888
 13611.9 10751.6 2143.54 5790.66 386.228
 13657.6 5206.67 2739.42 546.159 1573.83
 29983.9 7640.4 1942.39 1021.96 790.876
 9009.41 3858.97 633.321 161.006 150.268
 28692.5 7122.38 2096.69 344.101 169.124
 23518.5 22122.2 3669.77 1080.31 264.437
 2092.3 1416.19 819.243 135.901 49.7994
 7158.66 3322.9 1558.53 901.585 204.365
 12653.3 3111.2 932.025 437.145 310.203
 6306.3 946.347 144.479 43.2817 34.7056
 31334.6 9351.08 969.08 147.95 79.8607
 19801 10447.4 1991.7 206.406 48.5216
 23348.2 11155.7 3744.35 713.825 91.366
 22981.3 2606.64 673.354 226.008 48.601
 82913.3 5567.82 391.395 101.106 41.2333
 11308.9 18694.4 799.885 56.2287 20.4488
 86099.1 4531.54 4961.19 212.277 20.349
 73161.4 42224.7 1464.62 1603.49 75.186
 58231.5 20570.4 7579.44 262.903 301.326
 55731.3 15991.3 3670.06 1352.29 100.667
 92660.8 25998.1 4955.85 1137.39 450.284
 11278.5 21143.3 3871.7 738.036 236.44
 30285.3 4349.23 5506.14 1008.27 253.774
 27244.8 12483.2 1215.13 1538.36 352.603
 9210.66 9357.8 2909.08 283.175 440.671
 26073.1 5003.15 3480.13 1081.88 269.195
 25835.8 9105.87 1185.27 824.455 320.074
 7840.1 9974.55 2404.83 313.025 302.267
 9554.37 4497.53 3932.39 948.087 242.574
 24883.9 5176.51 1658.3 1449.93 439.014
 6064.28 5143.73 719.027 230.341 262.378
F
 0.135575 0.191281 0.191281 0.191281 0.191281
 0.249564 0.352107 0.352107 0.352107 0.352107
 0.245211 0.345964 0.345964 0.345964 0.345964
 0.377577 0.532718 0.532718 0.532718 0.532718
 0.126191 0.17804 0.17804 0.17804 0.17804
 0.236987 0.334361 0.334361 0.334361 0.334361
 0.546307 0.770777 0.770777 0.770777 0.770777
 0.0930253 0.131248 0.131248 0.131248 0.131248
 0.369916 0.521909 0.521909 0.521909 0.521909
 0.51192 0.72226 0.72226 0.72226 0.72226
 0.106817 0.150707 0.150707 0.150707 0.150707
 0.407976 0.575608 0.575608 0.575608 0.575608
 0.423461 0.597455 0.597455 0.597455 0.597455
 0.984833 1.38949 1.38949 1.38949 1.38949
 0.518625 0.73172 0.73172 0.73172 0.73172
 0.417535 0.589094 0.589094 0.589094 0.589094
 0.271758 0.38342 0.38342 0.38342 0.38342
 0.290635 0.410053 0.410053 0.410053 0.410053
 0.41025 0.578815 0.578815 0.578815 0.578815
 0.3449 0.486614 0.486614 0.486614 0.486614
 0.259827 0.366586 0.366586 0.366586 0.366586
 0.327693 0.462337 0.462337 0.462337 0.462337
 0.19592 0.27642 0.27642 0.27642 0.27642
 0.181365 0.255885 0.255885 0.255885 0.255885
 0.177521 0.250462 0.250462 0.250462 0.250462
 0.141556 0.199719 0.199719 0.199719 0.199719
 0.178411 0.251717 0.251717 0.251717 0.251717
 0.145017 0.204602 0.204602 0.204602 0.204602
 0.126397 0.178332 0.178332 0.178332 0.178332
 0.165531 0.233545 0.233545 0.233545 0.233545
 0.2155 0.304046 0.304046 0.304046 0.304046
 0.103519 0.146054 0.146054 0.146054 0.146054
YTP_r0W_actual
 283617 636509 100098 42870.1 52236.5
YTP_p0W_proyectada
 459390 242856 196383 35720.4 16973
 459390 244077 45109.5 34410.4 6142.69
CTP_r0_actual
 32978.7 25665.7 3587.73 1149.33 1309.19
CTP_p0_proyectada
 60927 13917.2 8158.83 1140.5 481.504
 60927 13987.2 1874.1 1098.67 174.261
Wmedp
 7.54 17.45 24.07 31.32 35.25
Frms_r0
 0.712319 1.005 1.005 1.005 1.005
Zrms_r0
 1.71232 2.005 2.005 2.005 2.005
nmprior
 7.29 8.9 8.7 0
nm_flota  nm_reclas  nm_pelaces    nm_pelaL
inf 11.7981 20.448 68.3774
cv_recla  cv_pelaces  cv_mph
0.333423 0.450298 0.717424
 ------------------------------------------------
Talla a la edad & desviaci?n 
 8 13.2811 15.8009 17.003 17.5766
 0.8 1.32811 1.58009 1.7003 1.75766
