years
 1991 1992 1993 1994 1995 1996 1997 1998 1999 2000 2001 2002 2003 2004 2005 2006 2007 2008 2009 2010 2011 2012 2013 2014 2015 2016 2017 2018 2019 2020 2021
reclasobs
 0 0 0 0 0 0 0 0 0 252601 567819 844713 477998 351125 339783 2.1784e+06 2.13404e+06 4.81314e+06 1.55562e+06 2.62356e+06 3.21686e+06 3.843e+06 1.13348e+06 3.07943e+06 1.97215e+06 2.03268e+06 2.025e+06 2.42433e+06 2.27542e+06 1.05018e+06 2.36338e+06
reclaspred
 3.91519e+06 2.1967e+06 1.07558e+06 917414 995118 1.49556e+06 1.01155e+06 815466 548164 367959 442876 657236 574935 235742 391363 1.24429e+06 1.7986e+06 2.41887e+06 2.50654e+06 2.11438e+06 3.7019e+06 2.70972e+06 2.143e+06 2.51913e+06 2.14295e+06 2.01272e+06 2.49524e+06 2.5874e+06 2.6682e+06 1.69523e+06 2.72191e+06
pelacesobs
 0 0 0 0 0 0 0 0 0 0 0 0 0 0 0 552880 188675 0 991730 2.46772e+06 1.41603e+06 1.21717e+06 2.29649e+06 1.80582e+06 0 1.4828e+06 1.56532e+06 1.57751e+06 1.42118e+06 867257 1.10002e+06
pelacespred
 978418 583022 284529 194964 233901 350309 212760 217446 140602 84104.7 116521 135531 126721 42523.9 96468.7 270090 390108 572362 633262 506790 818056 689130 530149 672912 568978 515939 741365 737902 654327 469220 661420
mphobs
 0 0 0 0 0 0 0 0 0 0 0 0 498337 0 5186 125008 0 168611 109162 213762 579715 649985 157893 87575 83554 210694 70296 0 107559 103333 445601
mphpred
 2.01902e+06 1.35166e+06 647969 359730 393165 471742 625635 327631 298406 182109 116621 257224 263419 157289 48379.7 194336 780354 730422 972917 958108 1.05581e+06 1.26697e+06 923886 722918 1.0586e+06 792457 752936 1.08071e+06 1.29908e+06 916438 554744
desembarqueobs
 494567 514787 250237 358949 120608 361735 552515 73892 212993 205616 52469 317467 293654 387597 252695 516296 358380 742168 942051 627588 828172 859565 418607 520667 417249 300574 415391 372974 316634 284311 391294
desembarquepred
 494570 513910 250654 358984 120614 361745 552549 73897.7 213061 205676 52472.2 317556 293758 387839 252663 516220 358463 742074 941621 627359 828264 859698 418658 520750 417284 300566 415379 372988 316644 284300 391280
Reclutas
 170655 93471.1 94871.9 142865 115923 204185 81150.7 34896.9 33026 48037.2 91047.9 116453 87222.9 47631.1 89496.8 422234 90253.8 422409 465188 289652 411008 405152 94147 255012 213468 116710 305510 253160 86977.7 87837 415346
log_desv_Rt
 0.186729 -0.415265 -0.40039 0.00898478 -0.19999 0.36611 -0.556609 -1.40052 -1.45562 -1.08094 -0.441532 -0.195432 -0.484451 -1.08943 -0.458715 1.09264 -0.450292 1.09306 1.18952 0.715761 1.0657 1.05135 -0.40806 0.588391 0.410568 -0.193221 0.769065 0.581106 -0.487265 -0.477435 1.07619
SSB
 2.01902e+06 1.35166e+06 647969 359730 393165 471742 625635 327631 298406 182109 116621 257224 250071 152734 46675 188468 780354 730422 1.00327e+06 986164 1.1136e+06 1.4051e+06 1.06744e+06 802000 1.10081e+06 874670 781414 1.08071e+06 1.3466e+06 893506 610492
BT
 2.85877e+06 1.95707e+06 959207 905346 765341 1.48409e+06 1.0487e+06 717920 621979 459073 459196 698140 670163 544498 661817 1.50756e+06 1.33338e+06 2.65088e+06 3.004e+06 2.02437e+06 3.39213e+06 2.7929e+06 1.79714e+06 2.82314e+06 1.95375e+06 1.76583e+06 3.06054e+06 2.65395e+06 1.89195e+06 1.55985e+06 2.73302e+06
Ftot
 0.207173 0.381437 0.37495 0.570081 0.18879 0.352036 0.824418 0.143026 0.579296 0.800422 0.16547 0.690881 0.7333 1.93876 0.793498 0.532957 0.316607 0.435414 0.536116 0.443141 0.332336 0.478233 0.313027 0.297651 0.303261 0.233852 0.237527 0.213067 0.197623 0.267037 0.196976
BD_Bspro_t
 0.967396 0.777724 0.570692 0.471202 0.464828 0.559449 0.551899 0.353235 0.411506 0.343872 0.308309 0.577199 0.43378 0.275505 0.10864 0.324091 0.544878 0.506265 0.533567 0.491607 0.470472 0.521416 0.488467 0.464703 0.574936 0.574823 0.601755 0.69366 0.722554 0.641727 0.595805
BD_Bspro
 1.99783 1.33747 0.641167 0.355954 0.389038 0.46679 0.619067 0.324192 0.295274 0.180197 0.115397 0.254524 0.247446 0.151131 0.0461851 0.18649 0.772162 0.722755 0.99274 0.975812 1.10191 1.39035 1.05624 0.793581 1.08926 0.865488 0.773212 1.06937 1.33246 0.884127 0.604083
BD_Bo
 1.43483 0.960562 0.460482 0.255644 0.279405 0.335245 0.44461 0.232833 0.212064 0.129416 0.0828775 0.182797 0.177714 0.108541 0.0331698 0.133936 0.554562 0.519077 0.712979 0.700822 0.791384 0.998538 0.758583 0.569944 0.782298 0.621588 0.555315 0.768011 0.956966 0.634974 0.433849
BD_Brms
 7.82598 5.2392 2.51161 1.39436 1.52396 1.82853 2.42504 1.26994 1.15666 0.705877 0.452039 0.997032 0.969308 0.592016 0.180918 0.730528 3.02475 2.83121 3.88881 3.8225 4.31645 5.44633 4.13754 3.10865 4.26689 3.39033 3.02886 4.18897 5.21958 3.46334 2.36634
Sel_flota
 0.700226 1 1 1 1
 0.700226 1 1 1 1
 0.700226 1 1 1 1
 0.700226 1 1 1 1
 0.700226 1 1 1 1
 0.700226 1 1 1 1
 0.700226 1 1 1 1
 0.700226 1 1 1 1
 0.700226 1 1 1 1
 0.700226 1 1 1 1
 0.700226 1 1 1 1
 0.700226 1 1 1 1
 0.700226 1 1 1 1
 0.700226 1 1 1 1
 0.700226 1 1 1 1
 0.700226 1 1 1 1
 0.700226 1 1 1 1
 0.700226 1 1 1 1
 0.700226 1 1 1 1
 0.700226 1 1 1 1
 0.700226 1 1 1 1
 0.700226 1 1 1 1
 0.700226 1 1 1 1
 0.700226 1 1 1 1
 0.700226 1 1 1 1
 0.700226 1 1 1 1
 0.700226 1 1 1 1
 0.700226 1 1 1 1
 0.700226 1 1 1 1
 0.700226 1 1 1 1
 0.700226 1 1 1 1
Sel_reclas
 0.5 1 1 1 1
 0.5 1 1 1 1
 0.5 1 1 1 1
 0.5 1 1 1 1
 0.5 1 1 1 1
 0.5 1 1 1 1
 0.5 1 1 1 1
 0.5 1 1 1 1
 0.5 1 1 1 1
 0.5 1 1 1 1
 0.5 1 1 1 1
 0.5 1 1 1 1
 0.5 1 1 1 1
 0.5 1 1 1 1
 0.5 1 1 1 1
 0.5 1 1 1 1
 0.5 1 1 1 1
 0.5 1 1 1 1
 0.5 1 1 1 1
 0.5 1 1 1 1
 0.5 1 1 1 1
 0.5 1 1 1 1
 0.5 1 1 1 1
 0.5 1 1 1 1
 0.5 1 1 1 1
 0.5 1 1 1 1
 0.5 1 1 1 1
 0.5 1 1 1 1
 0.5 1 1 1 1
 0.5 1 1 1 1
 0.5 1 1 1 1
Sel_pelaces
 0.5 1 1 1 1
 0.5 1 1 1 1
 0.5 1 1 1 1
 0.5 1 1 1 1
 0.5 1 1 1 1
 0.5 1 1 1 1
 0.5 1 1 1 1
 0.5 1 1 1 1
 0.5 1 1 1 1
 0.5 1 1 1 1
 0.5 1 1 1 1
 0.5 1 1 1 1
 0.5 1 1 1 1
 0.5 1 1 1 1
 0.5 1 1 1 1
 0.5 1 1 1 1
 0.5 1 1 1 1
 0.5 1 1 1 1
 0.5 1 1 1 1
 0.5 1 1 1 1
 0.5 1 1 1 1
 0.5 1 1 1 1
 0.5 1 1 1 1
 0.5 1 1 1 1
 0.5 1 1 1 1
 0.5 1 1 1 1
 0.5 1 1 1 1
 0.5 1 1 1 1
 0.5 1 1 1 1
 0.5 1 1 1 1
 0.5 1 1 1 1
pf_obs 
 0.8446 0.082 0.0669 0.0065 0
 0.8095 0.147 0.0364 0.0071 0
 0.9664 0.0169 0.016 0.0007 0
 0.9276 0.0648 0.0075 0.0001 0
 0.7033 0.2144 0.0806 0.0017 0
 0.9318 0.0425 0.0243 0.0014 0
 0.5671 0.3108 0.0964 0.0239 0.0018
 0.0768 0.2599 0.5324 0.112 0.0189
 0.490249 0.384438 0.106611 0.0170017 0.00170017
 0.7925 0.1577 0.0466 0.003 0.0002
 0.840416 0.127587 0.0312969 0.00059994 9.999e-05
 0.8084 0.0986 0.0794 0.0134 0.0002
 0.7335 0.1905 0.0724 0.0035 0.0001
 0.4001 0.4547 0.1325 0.0127 0
 0.49795 0.308269 0.164784 0.0264974 0.00249975
 0.9179 0.0499 0.0305 0.0017 0
 0.2467 0.6533 0.0926 0.0074 0
 0.9418 0.0223 0.034 0.0019 0
 0.707729 0.231977 0.0356964 0.0245975 0
 0.517169 0.277429 0.184464 0.0207286 0.00020938
 0.811772 0.124168 0.05621 0.00726502 0.000585176
 0.764997 0.148141 0.077277 0.00933861 0.000247198
 0.163321 0.427699 0.378323 0.0303852 0.000271297
 0.753843 0.0900009 0.118128 0.0371064 0.000921714
 0.721811 0.176058 0.0630433 0.0369309 0.00215725
 0.143369 0.312575 0.442814 0.0836902 0.0175525
 0.692698 0.0596174 0.167031 0.0765114 0.00414204
 0.394062 0.376323 0.152708 0.0712218 0.00568511
 0.125707 0.32114 0.495352 0.0537591 0.00404204
 0.23352 0.215282 0.420074 0.123614 0.00750983
 0.796117 0.104755 0.0508955 0.0450114 0.00322123
pf_pred 
 0.4828 0.138282 0.354892 0.0240248 9.03248e-07
 0.422539 0.335174 0.0647794 0.166252 0.011255
 0.582189 0.220741 0.114385 0.0221073 0.0605779
 0.730227 0.183596 0.0455299 0.023593 0.0170546
 0.656467 0.278682 0.0441349 0.010945 0.00977134
 0.746551 0.187143 0.0537888 0.00851855 0.0039985
 0.464124 0.438162 0.072151 0.0207378 0.00482582
 0.467348 0.314992 0.177971 0.0293061 0.0103833
 0.544669 0.25608 0.11783 0.0665744 0.0148468
 0.748273 0.164999 0.0487759 0.0224433 0.0155084
 0.842833 0.130719 0.017336 0.00512473 0.00398747
 0.72382 0.245104 0.0258469 0.00342782 0.00180175
 0.670187 0.267133 0.0556272 0.00586605 0.00118687
 0.61421 0.296749 0.0721184 0.0150178 0.00190409
 0.921442 0.060752 0.0136962 0.00332855 0.000781012
 0.940573 0.0565242 0.00224456 0.000506023 0.000151833
 0.371048 0.60471 0.0230577 0.000915614 0.000268356
 0.846532 0.0723596 0.0779823 0.00297347 0.000152682
 0.730209 0.241485 0.0133463 0.0143833 0.0005766
 0.595425 0.327781 0.0687362 0.00379888 0.00425819
 0.72703 0.189737 0.0674346 0.0141411 0.00165759
 0.667352 0.266641 0.0458806 0.0163065 0.00382031
 0.327178 0.50985 0.130633 0.022478 0.00986058
 0.738044 0.110961 0.11442 0.0293167 0.0072574
 0.622203 0.305775 0.0305077 0.0314587 0.0100557
 0.485541 0.36681 0.119502 0.0119229 0.0162245
 0.77919 0.129016 0.065449 0.0213225 0.00502229
 0.616262 0.322425 0.0358244 0.0181735 0.00731526
 0.353883 0.455099 0.160497 0.0178328 0.0126879
 0.505007 0.221556 0.192599 0.0679228 0.0129164
 0.870442 0.0783222 0.0229328 0.0199355 0.00836752
pobs_RECLAS
 0 0 0 0 0
 0 0 0 0 0
 0 0 0 0 0
 0 0 0 0 0
 0 0 0 0 0
 0 0 0 0 0
 0 0 0 0 0
 0 0 0 0 0
 0 0 0 0 0
 0 0 0 0 0
 0.991045 0.00858322 0.000360255 1.14367e-05 0
 0.934742 0.0480273 0.0164251 0.00080598 0
 0.827803 0.169806 0.00239088 0 0
 0.941827 0.0461693 0.0120037 0 0
 0.791401 0.0380133 0.147996 0.0225897 0
 0.846168 0.0940531 0.0597789 0 0
 0.134021 0.677848 0.182769 0.00536245 0
 0.80878 0.0450904 0.141981 0.00414843 0
 0.846168 0.0940531 0.0597789 0 0
 0.905697 0.0802665 0.012482 0.00150086 5.37128e-05
 0.989698 0.0102097 9.19794e-05 0 0
 0.975433 0.0193895 0.00387452 0.00125025 5.28907e-05
 0.303575 0.632131 0.0575291 0.00676475 0
 0.966965 0.00978017 0.0227588 0.000495775 0
 0.843318 0.132988 0.00938335 0.0141283 0.000182051
 0.564624 0.303363 0.111486 0.0197234 0.00080311
 0.826376 0.0876187 0.0782897 0.00655872 0.00115652
 0.89761 0.0855135 0.0140674 0.00269457 0.000114338
 0.34875 0.467042 0.161289 0.0227151 0.000203297
 0.318654 0.224769 0.449479 0.00709798 0
 0.937255 0.0296025 0.0250945 0.00804832 0
ppred_RECLAS
 0.401391 0.160048 0.410753 0.0278064 1.04542e-06
 0.34595 0.379629 0.0733712 0.188303 0.0127478
 0.501745 0.263241 0.136408 0.0263638 0.0722415
 0.6636 0.228939 0.0567745 0.0294198 0.0212666
 0.578385 0.342023 0.0541663 0.0134327 0.0119923
 0.680186 0.236146 0.0678735 0.0107491 0.00504551
 0.390049 0.498729 0.0821245 0.0236044 0.0054929
 0.386117 0.363029 0.205112 0.0337753 0.0119668
 0.465851 0.300407 0.138227 0.0780984 0.0174168
 0.686701 0.205358 0.0607064 0.0279329 0.0193018
 0.793685 0.171596 0.0227572 0.00672731 0.00523441
 0.657686 0.303796 0.0320362 0.00424865 0.00223319
 0.598866 0.3249 0.0676565 0.00713458 0.00144353
 0.560585 0.337998 0.0821429 0.0171053 0.00216876
 0.896325 0.0801761 0.0180752 0.00439278 0.00103072
 0.920096 0.0760018 0.00301801 0.000680392 0.000204153
 0.298439 0.674521 0.0257195 0.00102132 0.000299336
 0.799843 0.0943731 0.101706 0.00387807 0.000199132
 0.663231 0.301436 0.0166596 0.0179541 0.000719745
 0.5161 0.39205 0.0822134 0.00454373 0.0050931
 0.657726 0.237909 0.0845555 0.0177314 0.00207843
 0.592838 0.326369 0.056158 0.0199592 0.00467607
 0.259585 0.56107 0.143757 0.0247362 0.0108512
 0.669984 0.139791 0.144148 0.0369336 0.00914298
 0.542745 0.370085 0.0369241 0.0380751 0.0121706
 0.404245 0.424773 0.138386 0.013807 0.0187884
 0.717304 0.165175 0.0837925 0.0272986 0.0064299
 0.535705 0.390111 0.043345 0.0219886 0.00885095
 0.282282 0.505531 0.178283 0.019809 0.0140939
 0.423412 0.258077 0.224346 0.0791192 0.0150455
 0.82831 0.103793 0.0303906 0.0264186 0.0110886
pobs_PELACES
 0 0 0 0 0
 0 0 0 0 0
 0 0 0 0 0
 0 0 0 0 0
 0 0 0 0 0
 0 0 0 0 0
 0 0 0 0 0
 0 0 0 0 0
 0 0 0 0 0
 0 0 0 0 0
 0 0 0 0 0
 0 0 0 0 0
 0 0 0 0 0
 0 0 0 0 0
 0 0 0 0 0
 0 0 0 0 0
 0.505614 0.472636 0.0217494 0 0
 0 0 0 0 0
 0.443492 0.261883 0.143347 0.151278 0
 0.227955 0.32914 0.350689 0.0885471 0.00366901
 0.970185 0.0296113 0.000203453 0 0
 0.997202 0.00247181 0.000326279 0 0
 0.445219 0.490057 0.0546422 0.010081 0
 0.90214 0.0892962 0.00764917 0.000914606 0
 0 0 0 0 0
 0.581667 0.319106 0.0959925 0.00289975 0.000334073
 0.762889 0.0836404 0.116647 0.0363945 0.000428098
 0.88444 0.0763242 0.0277011 0.0115352 0
 0.521256 0.241999 0.230069 0.00667565 0
 0.616807 0.101726 0.260614 0.0208532 0
 0.833518 0.0704572 0.0857862 0.0102388 0
ppred_PELACES
 0.406325 0.158729 0.407368 0.0275772 1.0368e-06
 0.354537 0.374645 0.0724079 0.18583 0.0125805
 0.511016 0.258343 0.13387 0.0258732 0.0708973
 0.676071 0.220452 0.0546697 0.0283291 0.0204782
 0.582933 0.338334 0.0535821 0.0132878 0.0118629
 0.687713 0.230588 0.0662759 0.0104961 0.00492675
 0.409616 0.48273 0.0794899 0.0228471 0.00531669
 0.389476 0.361042 0.20399 0.0335905 0.0119013
 0.480135 0.292373 0.13453 0.07601 0.016951
 0.70348 0.19436 0.0574553 0.026437 0.0182681
 0.796352 0.169378 0.0224629 0.00664033 0.00516673
 0.672903 0.290291 0.030612 0.00405978 0.00213392
 0.61616 0.310892 0.0647395 0.00682697 0.00138129
 0.607146 0.302183 0.073439 0.0152928 0.00193896
 0.903396 0.074708 0.0168425 0.00409319 0.000960426
 0.923887 0.0723956 0.00287481 0.000648108 0.000194466
 0.305038 0.668176 0.0254776 0.00101171 0.000296521
 0.80665 0.0911637 0.0982475 0.00374619 0.00019236
 0.674972 0.290926 0.0160788 0.0173282 0.000694652
 0.527039 0.383187 0.0803549 0.00444102 0.00497797
 0.665088 0.232792 0.0827367 0.01735 0.00203372
 0.604206 0.317257 0.0545901 0.0194019 0.00454552
 0.265581 0.556527 0.142593 0.0245358 0.0107633
 0.676462 0.137047 0.141319 0.0362087 0.00896352
 0.55018 0.364067 0.0363237 0.037456 0.0119727
 0.409829 0.420792 0.137089 0.0136776 0.0186123
 0.722044 0.162406 0.0823875 0.0268408 0.00632208
 0.540943 0.385709 0.0428559 0.0217405 0.00875109
 0.28626 0.50273 0.177295 0.0196992 0.0140158
 0.429874 0.255184 0.221832 0.0782325 0.0148769
 0.831063 0.102128 0.0299032 0.0259949 0.0109108
pobs_pel_tallas
 0 0 0 0 0 0 0 0 0 0 0 0 0 0 0 0 0 0 0 0 0 0 0 0 0 0
 0 0 0 0 0 0 0 0 0 0 0 0 0 0 0 0 0 0 0 0 0 0 0 0 0 0
 0 0 0 0 0 0 0 0 0 0 0 0 0 0 0 0 0 0 0 0 0 0 0 0 0 0
 0 0 0 0 0 0 0 0 0 0 0 0 0 0 0 0 0 0 0 0 0 0 0 0 0 0
 0 0 0 0 0 0 0 0 0 0 0 0 0 0 0 0 0 0 0 0 0 0 0 0 0 0
 0 0 0 0 0 0 0 0 0 0 0 0 0 0 0 0 0 0 0 0 0 0 0 0 0 0
 0 0 0 0 0 0 0 0 0 0 0 0 0 0 0 0 0 0 0 0 0 0 0 0 0 0
 0 0 0 0 0 0 0 0 0 0 0 0 0 0 0 0 0 0 0 0 0 0 0 0 0 0
 0 0 0 0 0 0 0 0 0 0 0 0 0 0 0 0 0 0 0 0 0 0 0 0 0 0
 0 0 0 0 0 0 0 0 0 0 0 0 0 0 0 0 0 0 0 0 0 0 0 0 0 0
 0 0 0 0 0 0 0 0 0 0 0 0 0 0 0 0 0 0 0 0 0 0 0 0 0 0
 0 0 0 0 0 0 0 0 0 0 0 0 0 0 0 0 0 0 0 0 0 0 0 0 0 0
 0.00862536 0 0 0.000197151 0.00414017 0.0128641 0.00837892 0.0270097 0.101434 0.158115 0.152841 0.127902 0.109271 0.109419 0.0830992 0.0579132 0.0238553 0.00714673 0.00463305 0.00128148 0.00103504 0.000492878 0.000147863 0.000147863 4.92878e-05 0
 0 0 0 0 0 0 0 0 0 0 0 0 0 0 0 0 0 0 0 0 0 0 0 0 0 0
 0 0 0 0 0 0 0 0.0054083 0.00873648 0.0413646 0.0450493 0.0745869 0.0622846 0.0627006 0.0613931 0.0827291 0.12552 0.122667 0.0946155 0.0697135 0.0546179 0.0294188 0.0215738 0.0213955 0.0102223 0.00600262
 0 0 0 0 0.00359764 0.0251062 0.0480494 0.140153 0.205849 0.193036 0.1447 0.116669 0.0760912 0.0342217 0.00950174 0.001854 0.000860785 0 0 0 0.000165536 0 0.000143464 0 0 0
 0 0 0 0 0 0 0 0.000145254 0.000435761 0.0275982 0.070085 0.0708112 0.156366 0.174668 0.174014 0.160142 0.0824315 0.0480064 0.0283245 0.00493863 0.00203355 0 0 0 0 0
 0 0 0 0 0 0 0 0 0 0 0 0 0 0 0 0 0 0 0 0 0 0 0 0 0 0
 0 0 1.00437e-05 0.000401748 0.00122533 0.00171747 0.00176769 0.0269171 0.070346 0.194647 0.189555 0.159765 0.064822 0.0314167 0.0384472 0.0292271 0.0345202 0.0313363 0.0194345 0.0106764 0.0143323 0.0359363 0.0279516 0.0138201 0.00172751 0
 0 0.0021121 0.0136068 0.0755702 0.200478 0.177729 0.0527432 0.0373336 0.0318909 0.0142505 0.0149659 0.0166563 0.0217959 0.0798694 0.0677717 0.0528807 0.04013 0.0224614 0.0357745 0.0225083 0.00881397 0.00855152 0.00135912 0.000746735 0 0
 0 0 0 0 5.4009e-05 0.00500934 0.000945158 0.0243581 0.138947 0.33067 0.221406 0.137944 0.0707744 0.0437923 0.0131692 0.00525238 0.0047753 0.00276346 9.45158e-05 9.00151e-06 2.25038e-05 9.00151e-06 4.50075e-06 0 0 0
 0.000866109 0.00284123 0.00948549 0.0512746 0.133035 0.25785 0.225252 0.132002 0.0553304 0.0519788 0.0540692 0.017754 0.00435017 0.00159236 0.00146478 0.000404838 0.000125132 0.000115318 0.000107957 0.000100596 0 0 0 0 0 0
 0 0 0 0 0.00144013 0.00171154 0.00461396 0.0210425 0.0478622 0.0707936 0.0888783 0.103762 0.0637923 0.0337046 0.0602308 0.124433 0.169614 0.0934646 0.0462172 0.0250306 0.0313229 0.00938855 0.002487 0.000210481 0 0
 0 0.00764035 0.051015 0.0998891 0.058973 0.0496711 0.0374665 0.0718981 0.12319 0.153886 0.159021 0.0857701 0.0377988 0.023471 0.0147837 0.00900784 0.00315554 0.000888139 0.00291439 0.00214683 0.00393193 0.00274676 0.000635225 9.99891e-05 0 0
 0 0 0 0 0 0 0 0 0 0 0 0 0 0 0 0 0 0 0 0 0 0 0 0 0 0
 0 0 0 0 0 0 0 0 0 0 0 0 0 0 0 0 0 0 0 0 0 0 0 0 0 0
 0 0 0 0 0 0 0 0 0 0 0 0 0 0 0 0 0 0 0 0 0 0 0 0 0 0
 0 0 0 0 0 0 0 0 0 0 0 0 0 0 0 0 0 0 0 0 0 0 0 0 0 0
 0 0 0 0 0 0 0 0 0 0 0 0 0 0 0 0 0 0 0 0 0 0 0 0 0 0
 0 0 0 0 0 0 0 0 0 0 0 0 0 0 0 0 0 0 0 0 0 0 0 0 0 0
 0 0 0 0 0 0 0 0 0 0 0 0 0 0 0 0 0 0 0 0 0 0 0 0 0 0
ppred_pel_tallas
 1.14563e-16 3.34685e-05 0.000325326 0.00216191 0.00982772 0.0305778 0.0651498 0.0950913 0.0951072 0.0652277 0.0308413 0.0105966 0.00412082 0.004697 0.00861494 0.0149149 0.0231677 0.0326351 0.0424527 0.0520132 0.0609532 0.0686791 0.0739626 0.0751966 0.0712689 0.0623831
 1.22951e-16 2.92028e-05 0.000283862 0.00188636 0.00857515 0.0266807 0.0568473 0.0829779 0.0830141 0.0570242 0.0272751 0.0102935 0.00620514 0.00973102 0.0180309 0.0299295 0.043533 0.0557053 0.0633503 0.0652531 0.0628758 0.0593207 0.0572484 0.0573579 0.0583734 0.0581982
 1.18522e-16 4.20918e-05 0.000409147 0.00271893 0.0123599 0.0384563 0.0819361 0.119593 0.119618 0.0820587 0.0388684 0.0135524 0.0057208 0.00699081 0.0126268 0.0210337 0.0308337 0.0399293 0.0462213 0.0488032 0.0484731 0.0470556 0.0460897 0.0459394 0.0458726 0.0447965
 1.07941e-16 5.56871e-05 0.000541299 0.00359712 0.016352 0.0508773 0.1084 0.158218 0.158239 0.108504 0.0512269 0.0173624 0.00613589 0.00609179 0.0106222 0.0175401 0.0254255 0.032331 0.0363211 0.0365402 0.0337199 0.0296435 0.0260035 0.0235471 0.022018 0.0206861
 1.04973e-16 4.80155e-05 0.000466728 0.00310157 0.0140993 0.0438684 0.0934674 0.136425 0.136458 0.0936268 0.0444036 0.0156455 0.00698322 0.0089424 0.0161508 0.0266408 0.0384114 0.0483887 0.053471 0.0522346 0.0457753 0.0369447 0.0286183 0.0223467 0.0181707 0.0153113
 1.03858e-16 5.66461e-05 0.00055062 0.00365907 0.0166336 0.0517534 0.110267 0.160942 0.160965 0.110376 0.0521192 0.0176907 0.00631512 0.00635737 0.0111098 0.0183425 0.0265699 0.0337302 0.0377491 0.0376541 0.0341169 0.0289253 0.0238392 0.0197433 0.0165964 0.0139379
 1.05609e-16 3.37397e-05 0.000327962 0.00217942 0.00990736 0.0308257 0.0656792 0.0958705 0.095917 0.0659067 0.0315895 0.0121137 0.00771851 0.0124231 0.0230145 0.03802 0.0548268 0.0690749 0.0763335 0.0745531 0.0652678 0.0525098 0.0403521 0.0310038 0.0245606 0.0199908
 1.11362e-16 3.20807e-05 0.000311836 0.00207226 0.00942022 0.02931 0.0624493 0.0911539 0.091189 0.0626206 0.029886 0.0110872 0.0062685 0.00951163 0.0176197 0.0293801 0.043025 0.0555793 0.0639848 0.0667723 0.0647961 0.0603605 0.0555154 0.0509528 0.046188 0.0405137
 1.14449e-16 3.95482e-05 0.000384422 0.00255462 0.011613 0.0361324 0.0769849 0.112368 0.112396 0.0771235 0.0365983 0.0129609 0.00594677 0.00781826 0.0142433 0.0237117 0.0346952 0.0447905 0.0515784 0.0539865 0.0528772 0.0502873 0.0479544 0.0463264 0.0446763 0.0419523
 1.07451e-16 5.79447e-05 0.000563243 0.00374295 0.0170149 0.0529398 0.112795 0.164631 0.16465 0.112886 0.0532484 0.0179068 0.00598468 0.00546671 0.00939964 0.0155256 0.0225466 0.0287574 0.0324678 0.0329276 0.030763 0.0275002 0.0245666 0.022558 0.0212119 0.0198881
 1.02232e-16 6.55945e-05 0.000637602 0.00423709 0.0192612 0.0599289 0.127685 0.186364 0.18638 0.127765 0.0601967 0.0200347 0.00617873 0.00487612 0.00811509 0.0133117 0.0191695 0.0241075 0.0265629 0.0258205 0.0224375 0.0178617 0.0135616 0.0103415 0.00823816 0.00686101
 1.01726e-16 5.54262e-05 0.000538763 0.00358027 0.0162754 0.050639 0.107893 0.157478 0.157506 0.108029 0.0510976 0.0175999 0.00690413 0.00779175 0.0138212 0.0227377 0.0326925 0.0409908 0.0449208 0.0432259 0.0368505 0.0283031 0.0201715 0.013941 0.00979443 0.00716158
 1.02867e-16 5.07524e-05 0.000493331 0.00327836 0.014903 0.0463688 0.0987948 0.1442 0.14423 0.0989414 0.0468611 0.0163252 0.00684967 0.00829422 0.0148796 0.0245535 0.0354448 0.0447344 0.0495685 0.048607 0.0427878 0.0346354 0.0267039 0.0203865 0.0157819 0.0123258
 1.04059e-16 5.00099e-05 0.000486114 0.0032304 0.0146849 0.0456904 0.0973494 0.14209 0.14212 0.097492 0.0461693 0.0160687 0.00670626 0.00808178 0.0144985 0.0239497 0.034635 0.0438445 0.0488372 0.0483307 0.0432278 0.0359309 0.0288312 0.0231717 0.0189516 0.0155719
 1.01079e-16 7.44115e-05 0.000723307 0.00480663 0.0218502 0.0679842 0.144848 0.211411 0.211418 0.144883 0.0681026 0.0221922 0.00566554 0.00259999 0.00364348 0.00591847 0.00854856 0.0108128 0.0120292 0.0118822 0.0105997 0.00878335 0.00703199 0.0056575 0.00465764 0.00387544
 1.002e-16 7.60994e-05 0.000739713 0.00491565 0.0223458 0.0695263 0.148133 0.216206 0.216213 0.148167 0.0696405 0.0226756 0.00574284 0.00254352 0.00349608 0.00564411 0.00808753 0.010095 0.0109784 0.0104221 0.00867137 0.00637519 0.00421124 0.00258083 0.001547 0.000964804
 1.01058e-16 2.51257e-05 0.000244231 0.001623 0.00737798 0.022956 0.0489125 0.0714027 0.071467 0.0492266 0.0240102 0.0104214 0.00925664 0.0168897 0.0315824 0.0520261 0.0745989 0.0930824 0.101152 0.095884 0.0795327 0.0580896 0.0378291 0.0224935 0.0127144 0.00720204
 1.03267e-16 6.64427e-05 0.000645847 0.00429188 0.0195103 0.0607037 0.129336 0.188772 0.188781 0.12938 0.0608507 0.0199363 0.00536749 0.0030147 0.00462601 0.00770018 0.0114511 0.0151562 0.0180948 0.0198826 0.0206109 0.0206208 0.0201337 0.0190858 0.0172856 0.014697
 1.02394e-16 5.55966e-05 0.000540419 0.00359128 0.0163254 0.0507946 0.108224 0.157963 0.157991 0.108361 0.0512539 0.0176516 0.00691837 0.0077979 0.0138227 0.0227219 0.0326303 0.0408367 0.0446243 0.0427574 0.0362348 0.0276424 0.0196361 0.0137211 0.0100285 0.00787598
 1.03705e-16 4.34116e-05 0.000421976 0.00280418 0.0127474 0.0396621 0.0845058 0.123346 0.123383 0.0846864 0.0402689 0.0145003 0.00720598 0.0100369 0.0183205 0.0302615 0.0436858 0.0551332 0.0610866 0.0598931 0.0527093 0.0426496 0.0328682 0.0250909 0.0194468 0.0152415
 1.04532e-16 5.47825e-05 0.000532505 0.00353868 0.0160864 0.0500508 0.106639 0.155648 0.15567 0.106749 0.0504206 0.0171555 0.00622623 0.00641232 0.0112594 0.0186261 0.0270567 0.0345059 0.0389106 0.039298 0.0363123 0.0316743 0.0270388 0.0231785 0.0199781 0.0169767
 1.04372e-16 4.97677e-05 0.00048376 0.00321475 0.0146138 0.0454692 0.096878 0.141403 0.141433 0.0970276 0.0459713 0.0160642 0.00685642 0.00843671 0.0151633 0.0250142 0.0360887 0.0455105 0.0503792 0.0493597 0.0434644 0.0353338 0.0276181 0.0217278 0.01768 0.0147589
 1.0854e-16 2.18757e-05 0.000212639 0.00141307 0.00642362 0.0199866 0.0425855 0.062166 0.0622198 0.0428481 0.0208687 0.00897296 0.00781717 0.0142092 0.0266516 0.0441505 0.063889 0.0809488 0.0903018 0.0895957 0.0804881 0.0673795 0.0546338 0.0444958 0.0369252 0.030795
 1.09262e-16 5.57193e-05 0.000541611 0.0035992 0.0163614 0.0509066 0.108462 0.158307 0.15832 0.108528 0.0511275 0.0170021 0.00521722 0.00410638 0.00692185 0.0116068 0.0173055 0.0230047 0.027686 0.0308558 0.0327379 0.0338952 0.0346243 0.0346711 0.0334781 0.0306775
 1.06924e-16 4.53177e-05 0.000440504 0.00292731 0.0133071 0.0414036 0.0882161 0.128761 0.128796 0.0883875 0.0419791 0.0149691 0.0070987 0.00954548 0.0173344 0.0285802 0.0411599 0.0517619 0.0570596 0.0555665 0.0485481 0.0391802 0.0306386 0.0245915 0.0209692 0.0187323
 1.08586e-16 3.37571e-05 0.000328131 0.00218055 0.00991249 0.0308417 0.0657129 0.0959185 0.0959591 0.0659118 0.0315096 0.0118434 0.00703327 0.0109412 0.0202474 0.0335694 0.0487042 0.0619767 0.0696356 0.0699181 0.0640265 0.0551598 0.0464365 0.0393772 0.0338435 0.0289787
 1.06181e-16 5.94738e-05 0.000578107 0.00384172 0.0174639 0.0543368 0.115771 0.168974 0.16899 0.115848 0.0545958 0.0182131 0.0057271 0.00471033 0.00795581 0.013186 0.0192896 0.0248918 0.0286241 0.0298516 0.0290024 0.0271628 0.0252866 0.0236723 0.0220318 0.0199352
 1.04997e-16 4.45569e-05 0.000433109 0.00287816 0.0130837 0.0407085 0.0867352 0.1266 0.126637 0.0869168 0.0413182 0.0148444 0.00729719 0.010078 0.0183568 0.0302642 0.0435652 0.054734 0.0602129 0.0583806 0.050528 0.0399896 0.030147 0.0228529 0.0181829 0.0152103
 1.09593e-16 2.3579e-05 0.000229196 0.00152309 0.00692377 0.0215427 0.0459008 0.0670037 0.0670523 0.0461384 0.0223412 0.00923213 0.00732542 0.0129223 0.0242077 0.0401853 0.058357 0.0743657 0.0837429 0.084372 0.0776428 0.0672944 0.0569549 0.0483689 0.0413634 0.0349865
 1.16831e-16 3.54082e-05 0.000344181 0.0022872 0.0103973 0.03235 0.068926 0.100605 0.10063 0.0690479 0.0327601 0.0115859 0.00528618 0.00694244 0.0127186 0.0213701 0.0317226 0.041882 0.0499123 0.0549107 0.057404 0.0586458 0.0594329 0.0594803 0.0577883 0.0535355
 1.05343e-16 6.84536e-05 0.000665393 0.00442177 0.0201007 0.0625409 0.13325 0.194485 0.194495 0.133299 0.0627031 0.0205697 0.0056008 0.00324532 0.00498664 0.00818546 0.0119064 0.0152398 0.0173197 0.0177803 0.0169744 0.0157087 0.014704 0.0142044 0.013973 0.013572
pSPR Fmed_Fpbrs
0.56042   0.233341 0.233341
Fs Fmed_Fpbrs
0.34   1.005 1.005
SSBpbr Bo_Bmed_Bpbrs
1.40715e+06  718239  257990 257990
Ro
141587
SPR SPRFo_SPRFmed_SPRFpbrs
1.01061e+06 566365 235817
Fref
1.005
Nvult_r0
 339752 23193.3 6791.02 5903.44 2477.85
CTP_r0
 140335 11625.6 3403.98 2959.08 1242.01
YTP_r0
1.57018e+06
Np
 203244 36991.2 17924.8 1090.37 362.254
Nvult_p0
 166253 32009.9 15511 943.543 313.473
CTP_p0
 68671 57736.8 3512.16 1028.36 1164.03
 68671 16044.9 7774.85 472.948 157.127
YTP_p0
 1.68306e+06 1.00525e+06
CBA_c0
1.60404e+06
log_Ro
11.6807
likeval ReclasPelacesDesembMPH_pf_preclas_ppelaces_ptallas_desvR_qrecl_qpela
 13.8149 61.0224 0.035105 95.9955 218.83 133.531 108.819 0 24.9951 1.81735e-05 0 0.154528 0 0 0
q_reclas_q_pelaces
1.82738 1
M
1
N
 170655 35096.1 90071.8 6097.5 0.229245
 93471.1 54302.9 10495.2 26935.2 1823.48
 94871.9 26326.1 13641.8 2636.57 7224.68
 142865 26842.2 6656.61 3449.37 2493.44
 115923 35258.9 5583.95 1384.76 1236.27
 204185 37364.9 10739.5 1700.81 798.34
 81150.7 58704.9 9666.78 2778.44 646.563
 34896.9 16760.6 9469.77 1559.36 552.493
 33026 11614.4 5344.16 3019.46 673.371
 48037.2 8098.31 2393.96 1101.54 761.168
 91047.9 10089.5 1338.08 395.553 307.773
 116453 29830.1 3145.68 417.181 219.28
 87222.9 26409.2 5499.39 579.927 117.336
 47631.1 19201.5 4666.51 971.744 123.207
 89496.8 4508.27 1016.36 247.004 57.9571
 422234 18888.9 750.073 169.099 50.7386
 90253.8 106951 4078.04 161.938 47.4622
 422409 26600.5 28667.4 1093.09 56.1283
 465188 114558 6331.36 6823.34 273.534
 289652 117571 24654.8 1362.61 1527.36
 411008 78130.4 27768.4 5823.08 682.565
 405152 119810 20615.5 7326.98 1716.58
 94147 106633 27321.4 4701.17 2062.3
 255012 27817.6 28684.7 7349.58 1819.4
 213468 76163.8 7599 7835.88 2504.72
 116710 63506 20689.5 2064.23 2808.97
 305510 36450.2 18491 6024.13 1418.92
 253160 95169.5 10574.2 5364.24 2159.23
 86977.7 80224.5 28292.4 3143.55 2236.61
 87837 27862.2 24220.6 8541.78 1624.33
 415346 26802.5 7847.81 6822.11 2863.44
pred_Ctot
 14740.6 4221.96 10835.4 733.514 0.0275776
 14153.6 11227.2 2169.89 5568.88 377.005
 14146.9 5363.89 2779.5 537.196 1472.01
 30700 7718.68 1914.15 991.889 717.005
 9172.52 3893.89 616.676 152.929 136.53
 28769.8 7211.89 2072.85 328.278 154.09
 23566.6 22248.4 3663.58 1052.99 245.039
 2119.48 1428.52 807.121 132.907 47.0896
 7193.61 3382.12 1556.22 879.269 196.086
 13629.7 3005.43 888.443 408.8 282.483
 6356.57 985.869 130.746 38.6503 30.0732
 29358 9941.36 1048.35 139.032 73.0786
 23077.6 9198.58 1915.49 201.994 40.8693
 24831.6 11997.1 2915.64 607.147 76.9796
 25219.2 1662.74 374.855 91.1001 21.3758
 85684.1 5149.23 204.475 46.0975 13.8317
 11550.9 18824.9 717.796 28.5035 8.35405
 71929.5 6148.37 6626.12 252.655 12.9734
 94878.7 31377 1734.13 1868.88 74.9197
 50091.5 27575.3 5782.59 319.589 358.23
 54972.3 14346.4 5098.88 1069.24 125.334
 74887.9 29921.5 5148.56 1829.85 428.702
 11924.9 18582.9 4761.3 819.272 359.396
 30846.8 4637.67 4782.23 1225.3 303.326
 26266.8 12908.5 1287.91 1328.06 424.509
 11293.3 8531.71 2779.53 277.319 377.371
 29995.5 4966.55 2519.5 820.823 193.337
 22451.5 11746.5 1305.15 662.093 266.508
 7186.05 9241.35 3259.1 362.117 257.643
 9614.77 4218.17 3666.86 1293.17 245.914
 34209.7 3078.18 901.294 783.496 328.856
F
 0.145068 0.207173 0.207173 0.207173 0.207173
 0.267092 0.381437 0.381437 0.381437 0.381437
 0.26255 0.37495 0.37495 0.37495 0.37495
 0.399185 0.570081 0.570081 0.570081 0.570081
 0.132196 0.18879 0.18879 0.18879 0.18879
 0.246505 0.352036 0.352036 0.352036 0.352036
 0.577279 0.824418 0.824418 0.824418 0.824418
 0.10015 0.143026 0.143026 0.143026 0.143026
 0.405638 0.579296 0.579296 0.579296 0.579296
 0.560476 0.800422 0.800422 0.800422 0.800422
 0.115866 0.16547 0.16547 0.16547 0.16547
 0.483773 0.690881 0.690881 0.690881 0.690881
 0.513476 0.7333 0.7333 0.7333 0.7333
 1.35757 1.93876 1.93876 1.93876 1.93876
 0.555628 0.793498 0.793498 0.793498 0.793498
 0.373191 0.532957 0.532957 0.532957 0.532957
 0.221696 0.316607 0.316607 0.316607 0.316607
 0.304888 0.435414 0.435414 0.435414 0.435414
 0.375402 0.536116 0.536116 0.536116 0.536116
 0.310299 0.443141 0.443141 0.443141 0.443141
 0.23271 0.332336 0.332336 0.332336 0.332336
 0.334872 0.478233 0.478233 0.478233 0.478233
 0.21919 0.313027 0.313027 0.313027 0.313027
 0.208423 0.297651 0.297651 0.297651 0.297651
 0.212351 0.303261 0.303261 0.303261 0.303261
 0.16375 0.233852 0.233852 0.233852 0.233852
 0.166323 0.237527 0.237527 0.237527 0.237527
 0.149195 0.213067 0.213067 0.213067 0.213067
 0.138381 0.197623 0.197623 0.197623 0.197623
 0.186986 0.267037 0.267037 0.267037 0.267037
 0.137928 0.196976 0.196976 0.196976 0.196976
YTP_r0W_actual
 1.16478e+06 163920 93949.8 101201 46327.1
YTP_p0W_proyectada
 517779 1.00751e+06 84537.6 32208.3 41032
 517779 279983 187141 14812.7 5538.74
CTP_r0_actual
 140335 11625.6 3403.98 2959.08 1242.01
CTP_p0_proyectada
 68671 57736.8 3512.16 1028.36 1164.03
 68671 16044.9 7774.85 472.948 157.127
Wmedp
 7.54 17.45 24.07 31.32 35.25
Frms_r0
 0.703728 1.005 1.005 1.005 1.005
Zrms_r0
 1.70373 2.005 2.005 2.005 2.005
nmprior
 7.29 8.9 8.7 0
nm_flota  nm_reclas  nm_pelaces    nm_pelaL
inf 8.26606 7.89781 14.6811
cv_recla  cv_pelaces  cv_mph
0.336201 0.885762 1.3587
 ------------------------------------------------
Talla a la edad & desviaci?n 
 8 13.2811 15.8009 17.003 17.5766
 0.8 1.32811 1.58009 1.7003 1.75766
