years
 1991 1992 1993 1994 1995 1996 1997 1998 1999 2000 2001 2002 2003 2004 2005 2006 2007 2008 2009 2010 2011 2012 2013 2014 2015 2016 2017 2018 2019 2020 2021 2022
reclasobs
 0 0 0 0 0 0 0 0 0 252601 567819 844713 477998 351125 339783 2.1784e+06 2.13404e+06 4.81314e+06 1.55562e+06 2.62356e+06 3.21686e+06 3.843e+06 1.13348e+06 3.07943e+06 1.97215e+06 2.03268e+06 2.025e+06 2.42433e+06 2.27542e+06 1.05018e+06 2.36338e+06 3.18982e+06
reclaspred
 3.52724e+06 2.36865e+06 1.64295e+06 1.70558e+06 1.77676e+06 2.05022e+06 1.68303e+06 2.40459e+06 2.54302e+06 2.71093e+06 1.9921e+06 1.99742e+06 1.82518e+06 1.6971e+06 1.75729e+06 1.76768e+06 1.83842e+06 2.11254e+06 1.14965e+06 816483 1.29143e+06 772603 1.03719e+06 1.64231e+06 1.46783e+06 1.81881e+06 1.9788e+06 1.66178e+06 1.98698e+06 2.08892e+06 2.11579e+06 2.80532e+06
pelacesobs
 0 0 0 0 0 0 0 0 0 0 0 0 0 0 0 552880 188675 0 991730 2.46772e+06 1.41603e+06 1.21717e+06 2.29649e+06 1.80582e+06 0 1.4828e+06 1.56532e+06 1.57751e+06 1.42118e+06 867257 1.10002e+06 1.06204e+06
pelacespred
 1.68636e+06 1.2142e+06 821481 731123 828176 939036 776784 1.24156e+06 1.38593e+06 1.38103e+06 1.13728e+06 949969 914764 926484 966545 826823 825974 896208 538483 332515 494834 309826 464371 795742 715820 875191 1.06054e+06 892337 894906 1.02707e+06 1.01933e+06 1.30997e+06
mphobs
 0 0 0 0 0 0 0 0 0 0 0 0 498337 0 5186 125008 0 168611 109162 213762 579715 649985 157893 87575 83554 210694 70296 0 107559 103333 445601 22526
mphpred
 3.3139e+06 2.36052e+06 1.58182e+06 1.25272e+06 1.39447e+06 1.51807e+06 1.53734e+06 1.38421e+06 2.00224e+06 2.2995e+06 1.85046e+06 1.67881e+06 1.56128e+06 1.33366e+06 1.29166e+06 1.6073e+06 1.32626e+06 1.66207e+06 1.15827e+06 636887 721221 684983 442509 896246 1.27458e+06 1.06932e+06 1.46876e+06 1.35893e+06 1.51891e+06 1.58676e+06 1.50732e+06 1.75862e+06
desembarqueobs
 494567 514787 250237 358949 120608 361735 552515 73892 212993 205616 52469 317467 293654 387597 252695 516296 358380 742168 942051 627588 828172 859565 418607 520667 417249 300574 415391 372974 316634 284311 391294 218835
desembarquepred
 494461 505763 260262 358726 120542 361501 552130 73855.4 212920 205555 52445.9 317460 293646 387708 252635 515988 358081 740550 937185 624561 825212 855801 418217 520375 417007 300425 415146 372737 316499 284219 391164 218731
Reclutas
 273123 273123 273123 273123 273123 273123 273123 273123 273123 273123 273123 273123 273123 273123 273123 273123 273123 273123 273123 273123 273123 273123 273123 273123 273123 273123 273123 273123 273123 273123 273123 273123
log_desv_Rt
 0 0 0 0 0 0 0 0 0 0 0 0 0 0 0 0 0 0 0 0 0 0 0 0 0 0 0 0 0 0 0 0
SSB
 3.3139e+06 2.36052e+06 1.58182e+06 1.25272e+06 1.39447e+06 1.51807e+06 1.53734e+06 1.38421e+06 2.00224e+06 2.2995e+06 1.85046e+06 1.67881e+06 1.50821e+06 1.31754e+06 1.26263e+06 1.56687e+06 1.32626e+06 1.66207e+06 1.19908e+06 658820 768399 786189 514878 994284 1.32396e+06 1.173e+06 1.52252e+06 1.35893e+06 1.57228e+06 1.55133e+06 1.65589e+06 1.97924e+06
BT
 4.62808e+06 3.65291e+06 2.33842e+06 2.36425e+06 2.33629e+06 3.03147e+06 2.60499e+06 4.17209e+06 4.34637e+06 3.95896e+06 3.13625e+06 2.86487e+06 2.87882e+06 3.32113e+06 3.34438e+06 2.74047e+06 2.72278e+06 3.17509e+06 2.59242e+06 1.60121e+06 2.32836e+06 1.76007e+06 2.03471e+06 3.19019e+06 2.38619e+06 3.05022e+06 3.72885e+06 3.09728e+06 2.70959e+06 3.30611e+06 3.3094e+06 3.98922e+06
Ftot
 0.133057 0.201491 0.150159 0.198675 0.0647787 0.167017 0.306868 0.0294125 0.0798866 0.0723513 0.0252145 0.150695 0.152563 0.215739 0.136647 0.273861 0.184342 0.32721 0.731539 0.692922 0.584091 0.968624 0.376982 0.297596 0.266847 0.156721 0.198357 0.211967 0.151037 0.129299 0.175093 0.0744018
BD_Bspro_t
 0.978936 0.863346 0.767884 0.750893 0.753884 0.807137 0.769009 0.708665 0.834275 0.870199 0.873619 0.899453 0.833425 0.785886 0.766552 0.782391 0.695787 0.73212 0.598729 0.427441 0.413649 0.400385 0.33554 0.523933 0.61961 0.644756 0.738914 0.740784 0.760975 0.762274 0.785905 0.798923
BD_Bspro
 1.68564 1.20069 0.804603 0.637204 0.709306 0.772177 0.781977 0.704084 1.01845 1.16965 0.941248 0.853938 0.767161 0.670176 0.642242 0.796996 0.674612 0.84542 0.609919 0.335112 0.39085 0.399899 0.261895 0.505748 0.673438 0.596653 0.774437 0.691226 0.799749 0.789091 0.842277 1.00675
BD_Bo
 1.22032 0.869243 0.582494 0.461305 0.513504 0.559019 0.566114 0.509724 0.737311 0.846774 0.681419 0.618211 0.555389 0.485176 0.464953 0.576988 0.488387 0.612044 0.441553 0.242606 0.282957 0.289508 0.1896 0.366138 0.487537 0.431948 0.560656 0.500415 0.57898 0.571264 0.609769 0.728841
BD_Brms
 5.15854 3.67447 2.46232 1.95003 2.17068 2.36309 2.39308 2.1547 3.11676 3.57948 2.8805 2.6133 2.34774 2.05094 1.96545 2.43904 2.06451 2.58723 1.86653 1.02554 1.19612 1.22381 0.801477 1.54774 2.06092 1.82593 2.37 2.11535 2.44747 2.41485 2.57762 3.08096
Sel_flota
 0.5 1 1 1 1
 0.5 1 1 1 1
 0.5 1 1 1 1
 0.5 1 1 1 1
 0.5 1 1 1 1
 0.5 1 1 1 1
 0.5 1 1 1 1
 0.5 1 1 1 1
 0.5 1 1 1 1
 0.5 1 1 1 1
 0.5 1 1 1 1
 0.5 1 1 1 1
 0.5 1 1 1 1
 0.5 1 1 1 1
 0.5 1 1 1 1
 0.5 1 1 1 1
 0.5 1 1 1 1
 0.5 1 1 1 1
 0.5 1 1 1 1
 0.5 1 1 1 1
 0.5 1 1 1 1
 0.5 1 1 1 1
 0.5 1 1 1 1
 0.5 1 1 1 1
 0.5 1 1 1 1
 0.5 1 1 1 1
 0.5 1 1 1 1
 0.5 1 1 1 1
 0.5 1 1 1 1
 0.5 1 1 1 1
 0.5 1 1 1 1
 0.5 1 1 1 1
Sel_reclas
 0.5 1 1 1 1
 0.5 1 1 1 1
 0.5 1 1 1 1
 0.5 1 1 1 1
 0.5 1 1 1 1
 0.5 1 1 1 1
 0.5 1 1 1 1
 0.5 1 1 1 1
 0.5 1 1 1 1
 0.5 1 1 1 1
 0.5 1 1 1 1
 0.5 1 1 1 1
 0.5 1 1 1 1
 0.5 1 1 1 1
 0.5 1 1 1 1
 0.5 1 1 1 1
 0.5 1 1 1 1
 0.5 1 1 1 1
 0.5 1 1 1 1
 0.5 1 1 1 1
 0.5 1 1 1 1
 0.5 1 1 1 1
 0.5 1 1 1 1
 0.5 1 1 1 1
 0.5 1 1 1 1
 0.5 1 1 1 1
 0.5 1 1 1 1
 0.5 1 1 1 1
 0.5 1 1 1 1
 0.5 1 1 1 1
 0.5 1 1 1 1
 0.5 1 1 1 1
Sel_pelaces
 0.5 1 1 1 1
 0.5 1 1 1 1
 0.5 1 1 1 1
 0.5 1 1 1 1
 0.5 1 1 1 1
 0.5 1 1 1 1
 0.5 1 1 1 1
 0.5 1 1 1 1
 0.5 1 1 1 1
 0.5 1 1 1 1
 0.5 1 1 1 1
 0.5 1 1 1 1
 0.5 1 1 1 1
 0.5 1 1 1 1
 0.5 1 1 1 1
 0.5 1 1 1 1
 0.5 1 1 1 1
 0.5 1 1 1 1
 0.5 1 1 1 1
 0.5 1 1 1 1
 0.5 1 1 1 1
 0.5 1 1 1 1
 0.5 1 1 1 1
 0.5 1 1 1 1
 0.5 1 1 1 1
 0.5 1 1 1 1
 0.5 1 1 1 1
 0.5 1 1 1 1
 0.5 1 1 1 1
 0.5 1 1 1 1
 0.5 1 1 1 1
 0.5 1 1 1 1
pf_obs 
 0.8446 0.082 0.0669 0.0065 0
 0.8095 0.147 0.0364 0.0071 0
 0.9664 0.0169 0.016 0.0007 0
 0.9276 0.0648 0.0075 0.0001 0
 0.7033 0.2144 0.0806 0.0017 0
 0.9318 0.0425 0.0243 0.0014 0
 0.5671 0.3108 0.0964 0.0239 0.0018
 0.0768 0.2599 0.5324 0.112 0.0189
 0.490249 0.384438 0.106611 0.0170017 0.00170017
 0.7925 0.1577 0.0466 0.003 0.0002
 0.840416 0.127587 0.0312969 0.00059994 9.999e-05
 0.8084 0.0986 0.0794 0.0134 0.0002
 0.7335 0.1905 0.0724 0.0035 0.0001
 0.4001 0.4547 0.1325 0.0127 0
 0.49795 0.308269 0.164784 0.0264974 0.00249975
 0.9179 0.0499 0.0305 0.0017 0
 0.2467 0.6533 0.0926 0.0074 0
 0.9418 0.0223 0.034 0.0019 0
 0.707729 0.231977 0.0356964 0.0245975 0
 0.517169 0.277429 0.184464 0.0207286 0.00020938
 0.811772 0.124168 0.05621 0.00726502 0.000585176
 0.764997 0.148141 0.077277 0.00933861 0.000247198
 0.163321 0.427699 0.378323 0.0303852 0.000271297
 0.753843 0.0900009 0.118128 0.0371064 0.000921714
 0.721811 0.176058 0.0630433 0.0369309 0.00215725
 0.143369 0.312575 0.442814 0.0836902 0.0175525
 0.692698 0.0596174 0.167031 0.0765114 0.00414204
 0.394062 0.376323 0.152708 0.0712218 0.00568511
 0.125707 0.32114 0.495352 0.0537591 0.00404204
 0.23352 0.215282 0.420074 0.123614 0.00750983
 0.796117 0.104755 0.0508955 0.0450114 0.00322123
 0.162477 0.292055 0.404252 0.121198 0.0200186
pf_pred 
 0.425294 0.0514248 0.498035 0.00620522 0.0190414
 0.478446 0.316159 0.0183788 0.177993 0.00902293
 0.50599 0.326425 0.101588 0.00590546 0.060092
 0.509771 0.334176 0.103115 0.0320908 0.020848
 0.511441 0.336173 0.103877 0.0320528 0.0164558
 0.497245 0.342324 0.110391 0.0341108 0.015929
 0.514723 0.327633 0.107339 0.0346144 0.0156905
 0.527168 0.330666 0.0959827 0.0314459 0.0147372
 0.492554 0.351263 0.109224 0.0317044 0.0152549
 0.488546 0.340247 0.118513 0.0368509 0.0158436
 0.483641 0.341403 0.11639 0.0405403 0.0180255
 0.481278 0.339054 0.118792 0.0404982 0.0203781
 0.499424 0.330318 0.111286 0.0389905 0.0199811
 0.508861 0.332062 0.104972 0.0353655 0.0187406
 0.517337 0.332275 0.101678 0.0321426 0.0165674
 0.514992 0.334937 0.103312 0.031614 0.015145
 0.530198 0.327648 0.0981687 0.0302802 0.0137049
 0.528464 0.332189 0.0971835 0.0291177 0.0130464
 0.566694 0.308547 0.087891 0.025713 0.0111558
 0.631334 0.282658 0.0612439 0.0174456 0.00731815
 0.635092 0.295383 0.0533055 0.0115498 0.00467011
 0.636349 0.293268 0.0569731 0.0102815 0.00312847
 0.662685 0.278802 0.0471882 0.00916726 0.00215774
 0.586684 0.336819 0.0632276 0.0107015 0.00256832
 0.557258 0.334856 0.0879185 0.0165041 0.00346377
 0.539873 0.336645 0.0933921 0.0245207 0.00556908
 0.521027 0.340458 0.101343 0.0281145 0.00905814
 0.522232 0.33332 0.102675 0.0305627 0.0112104
 0.521589 0.334671 0.100282 0.0308905 0.0125678
 0.511307 0.339702 0.104226 0.0312308 0.0135342
 0.507187 0.337541 0.107934 0.0331159 0.0142232
 0.507618 0.336953 0.106458 0.0340414 0.0149304
pobs_RECLAS
 0 0 0 0 0
 0 0 0 0 0
 0 0 0 0 0
 0 0 0 0 0
 0 0 0 0 0
 0 0 0 0 0
 0 0 0 0 0
 0 0 0 0 0
 0 0 0 0 0
 0 0 0 0 0
 0.991045 0.00858322 0.000360255 1.14367e-05 0
 0.934742 0.0480273 0.0164251 0.00080598 0
 0.827803 0.169806 0.00239088 0 0
 0.941827 0.0461693 0.0120037 0 0
 0.791401 0.0380133 0.147996 0.0225897 0
 0.846168 0.0940531 0.0597789 0 0
 0.134021 0.677848 0.182769 0.00536245 0
 0.80878 0.0450904 0.141981 0.00414843 0
 0.846168 0.0940531 0.0597789 0 0
 0.905697 0.0802665 0.012482 0.00150086 5.37128e-05
 0.989698 0.0102097 9.19794e-05 0 0
 0.975433 0.0193895 0.00387452 0.00125025 5.28907e-05
 0.303575 0.632131 0.0575291 0.00676475 0
 0.966965 0.00978017 0.0227588 0.000495775 0
 0.843318 0.132988 0.00938335 0.0141283 0.000182051
 0.564624 0.303363 0.111486 0.0197234 0.00080311
 0.826376 0.0876187 0.0782897 0.00655872 0.00115652
 0.89761 0.0855135 0.0140674 0.00269457 0.000114338
 0.34875 0.467042 0.161289 0.0227151 0.000203297
 0.318654 0.224769 0.449479 0.00709798 0
 0.937255 0.0296025 0.0250945 0.00804832 0
 0.456809 0.399803 0.12412 0.0192676 0
ppred_RECLAS
 0.426755 0.051294 0.496768 0.00618944 0.018993
 0.480806 0.314728 0.0182956 0.177188 0.0089821
 0.507695 0.325298 0.101237 0.00588508 0.0598846
 0.512097 0.33259 0.102626 0.0319385 0.0207491
 0.512135 0.335695 0.10373 0.0320072 0.0164324
 0.499163 0.341018 0.10997 0.0339807 0.0158683
 0.518554 0.325046 0.106492 0.0343411 0.0155666
 0.527475 0.330452 0.0959204 0.0314255 0.0147277
 0.49342 0.350664 0.109037 0.0316503 0.0152289
 0.489326 0.339728 0.118332 0.0367947 0.0158194
 0.483904 0.341229 0.116331 0.0405196 0.0180163
 0.482988 0.337936 0.118401 0.0403647 0.0203109
 0.50116 0.329173 0.1109 0.0388554 0.0199118
 0.511413 0.330336 0.104426 0.0351817 0.0186432
 0.518873 0.331217 0.101355 0.0320403 0.0165147
 0.518347 0.332621 0.102597 0.0313953 0.0150403
 0.532329 0.326162 0.0977233 0.0301428 0.0136427
 0.532587 0.329284 0.0963337 0.0288631 0.0129323
 0.577805 0.300634 0.0856371 0.0250536 0.0108698
 0.641114 0.27516 0.0596193 0.0169828 0.00712402
 0.642898 0.289064 0.0521653 0.0113027 0.00457021
 0.65157 0.280993 0.0545885 0.00985119 0.00299753
 0.667055 0.27519 0.0465769 0.00904848 0.00212978
 0.590268 0.333898 0.0626793 0.0106087 0.00254604
 0.560471 0.332425 0.0872804 0.0163843 0.00343863
 0.541649 0.335346 0.0930317 0.0244261 0.00554759
 0.523345 0.33881 0.100852 0.0279784 0.0090143
 0.52473 0.331577 0.102138 0.0304029 0.0111518
 0.523301 0.333473 0.099923 0.0307799 0.0125228
 0.512755 0.338695 0.103918 0.0311382 0.0134941
 0.509207 0.336157 0.107491 0.0329802 0.0141649
 0.508421 0.336403 0.106284 0.0339859 0.014906
pobs_PELACES
 0 0 0 0 0
 0 0 0 0 0
 0 0 0 0 0
 0 0 0 0 0
 0 0 0 0 0
 0 0 0 0 0
 0 0 0 0 0
 0 0 0 0 0
 0 0 0 0 0
 0 0 0 0 0
 0 0 0 0 0
 0 0 0 0 0
 0 0 0 0 0
 0 0 0 0 0
 0 0 0 0 0
 0 0 0 0 0
 0.505614 0.472636 0.0217494 0 0
 0 0 0 0 0
 0.443492 0.261883 0.143347 0.151278 0
 0.227955 0.32914 0.350689 0.0885471 0.00366901
 0.970185 0.0296113 0.000203453 0 0
 0.997202 0.00247181 0.000326279 0 0
 0.445219 0.490057 0.0546422 0.010081 0
 0.90214 0.0892962 0.00764917 0.000914606 0
 0 0 0 0 0
 0.581667 0.319106 0.0959925 0.00289975 0.000334073
 0.762889 0.0836404 0.116647 0.0363945 0.000428098
 0.88444 0.0763242 0.0277011 0.0115352 0
 0.521256 0.241999 0.230069 0.00667565 0
 0.616807 0.101726 0.260614 0.0208532 0
 0.833518 0.0704572 0.0857862 0.0102388 0
 0.697417 0.212968 0.0787535 0.0105354 0.000325836
ppred_PELACES
 0.432135 0.0508127 0.492107 0.00613136 0.0188147
 0.48911 0.309695 0.018003 0.174354 0.00883844
 0.513886 0.321207 0.0999642 0.00581107 0.0591315
 0.520283 0.32701 0.100904 0.0314026 0.0204009
 0.514806 0.333858 0.103162 0.031832 0.0163425
 0.506052 0.336327 0.108457 0.0335132 0.01565
 0.531181 0.316521 0.103699 0.0334404 0.0151584
 0.528684 0.329606 0.0956749 0.0313451 0.01469
 0.496715 0.348383 0.108328 0.0314444 0.0151298
 0.492309 0.337743 0.117641 0.0365798 0.015727
 0.484943 0.340542 0.116096 0.040438 0.01798
 0.489199 0.333876 0.116978 0.0398798 0.0200669
 0.507452 0.325021 0.109501 0.0383652 0.0196607
 0.520303 0.324325 0.102526 0.0345415 0.018304
 0.524499 0.327344 0.100169 0.0316657 0.0163216
 0.529617 0.324838 0.100196 0.0306607 0.0146884
 0.539894 0.320886 0.0961427 0.0296553 0.013422
 0.546 0.319834 0.0935693 0.0280348 0.0125612
 0.606942 0.279887 0.0797271 0.0233246 0.0101196
 0.666975 0.255333 0.0553232 0.0157591 0.00661067
 0.664706 0.271411 0.0489795 0.0106124 0.00429111
 0.686922 0.252483 0.0490498 0.00885167 0.0026934
 0.680723 0.263893 0.0446648 0.00867702 0.00204235
 0.602089 0.324264 0.060871 0.0103026 0.00247259
 0.571287 0.324245 0.0851326 0.0159811 0.00335401
 0.548062 0.330654 0.0917301 0.0240843 0.00546997
 0.531503 0.333011 0.0991261 0.0274996 0.00886003
 0.533444 0.325498 0.100265 0.0298455 0.0109474
 0.529514 0.329127 0.0986207 0.0303787 0.0123596
 0.518083 0.334991 0.102781 0.0307977 0.0133465
 0.516424 0.331213 0.10591 0.0324952 0.0139566
 0.511489 0.334304 0.105621 0.0337738 0.014813
pobs_pel_tallas
 0 0 0 0 0 0 0 0 0 0 0 0 0 0 0 0 0 0 0 0 0 0 0 0 0 0
 0 0 0 0 0 0 0 0 0 0 0 0 0 0 0 0 0 0 0 0 0 0 0 0 0 0
 0 0 0 0 0 0 0 0 0 0 0 0 0 0 0 0 0 0 0 0 0 0 0 0 0 0
 0 0 0 0 0 0 0 0 0 0 0 0 0 0 0 0 0 0 0 0 0 0 0 0 0 0
 0 0 0 0 0 0 0 0 0 0 0 0 0 0 0 0 0 0 0 0 0 0 0 0 0 0
 0 0 0 0 0 0 0 0 0 0 0 0 0 0 0 0 0 0 0 0 0 0 0 0 0 0
 0 0 0 0 0 0 0 0 0 0 0 0 0 0 0 0 0 0 0 0 0 0 0 0 0 0
 0 0 0 0 0 0 0 0 0 0 0 0 0 0 0 0 0 0 0 0 0 0 0 0 0 0
 0 0 0 0 0 0 0 0 0 0 0 0 0 0 0 0 0 0 0 0 0 0 0 0 0 0
 0 0 0 0 0 0 0 0 0 0 0 0 0 0 0 0 0 0 0 0 0 0 0 0 0 0
 0 0 0 0 0 0 0 0 0 0 0 0 0 0 0 0 0 0 0 0 0 0 0 0 0 0
 0 0 0 0 0 0 0 0 0 0 0 0 0 0 0 0 0 0 0 0 0 0 0 0 0 0
 0.00862536 0 0 0.000197151 0.00414017 0.0128641 0.00837892 0.0270097 0.101434 0.158115 0.152841 0.127902 0.109271 0.109419 0.0830992 0.0579132 0.0238553 0.00714673 0.00463305 0.00128148 0.00103504 0.000492878 0.000147863 0.000147863 4.92878e-05 0
 0 0 0 0 0 0 0 0 0 0 0 0 0 0 0 0 0 0 0 0 0 0 0 0 0 0
 0 0 0 0 0 0 0 0.0054083 0.00873648 0.0413646 0.0450493 0.0745869 0.0622846 0.0627006 0.0613931 0.0827291 0.12552 0.122667 0.0946155 0.0697135 0.0546179 0.0294188 0.0215738 0.0213955 0.0102223 0.00600262
 0 0 0 0 0.00359764 0.0251062 0.0480494 0.140153 0.205849 0.193036 0.1447 0.116669 0.0760912 0.0342217 0.00950174 0.001854 0.000860785 0 0 0 0.000165536 0 0.000143464 0 0 0
 0 0 0 0 0 0 0 0.000145254 0.000435761 0.0275982 0.070085 0.0708112 0.156366 0.174668 0.174014 0.160142 0.0824315 0.0480064 0.0283245 0.00493863 0.00203355 0 0 0 0 0
 0 0 0 0 0 0 0 0 0 0 0 0 0 0 0 0 0 0 0 0 0 0 0 0 0 0
 0 0 1.00437e-05 0.000401748 0.00122533 0.00171747 0.00176769 0.0269171 0.070346 0.194647 0.189555 0.159765 0.064822 0.0314167 0.0384472 0.0292271 0.0345202 0.0313363 0.0194345 0.0106764 0.0143323 0.0359363 0.0279516 0.0138201 0.00172751 0
 0 0.0021121 0.0136068 0.0755702 0.200478 0.177729 0.0527432 0.0373336 0.0318909 0.0142505 0.0149659 0.0166563 0.0217959 0.0798694 0.0677717 0.0528807 0.04013 0.0224614 0.0357745 0.0225083 0.00881397 0.00855152 0.00135912 0.000746735 0 0
 0 0 0 0 5.4009e-05 0.00500934 0.000945158 0.0243581 0.138947 0.33067 0.221406 0.137944 0.0707744 0.0437923 0.0131692 0.00525238 0.0047753 0.00276346 9.45158e-05 9.00151e-06 2.25038e-05 9.00151e-06 4.50075e-06 0 0 0
 0.000866109 0.00284123 0.00948549 0.0512746 0.133035 0.25785 0.225252 0.132002 0.0553304 0.0519788 0.0540692 0.017754 0.00435017 0.00159236 0.00146478 0.000404838 0.000125132 0.000115318 0.000107957 0.000100596 0 0 0 0 0 0
 0 0 0 0 0.00144013 0.00171154 0.00461396 0.0210425 0.0478622 0.0707936 0.0888783 0.103762 0.0637923 0.0337046 0.0602308 0.124433 0.169614 0.0934646 0.0462172 0.0250306 0.0313229 0.00938855 0.002487 0.000210481 0 0
 0 0.00764035 0.051015 0.0998891 0.058973 0.0496711 0.0374665 0.0718981 0.12319 0.153886 0.159021 0.0857701 0.0377988 0.023471 0.0147837 0.00900784 0.00315554 0.000888139 0.00291439 0.00214683 0.00393193 0.00274676 0.000635225 9.99891e-05 0 0
 0 0 0 0 0 0 0 0 0 0 0 0 0 0 0 0 0 0 0 0 0 0 0 0 0 0
 0 0 0 0 0 0 0 0 0 0 0 0 0 0 0 0 0 0 0 0 0 0 0 0 0 0
 0 0 0 0 0 0 0 0 0 0 0 0 0 0 0 0 0 0 0 0 0 0 0 0 0 0
 0 0 0 0 0 0 0 0 0 0 0 0 0 0 0 0 0 0 0 0 0 0 0 0 0 0
 0 0 0 0 0 0 0 0 0 0 0 0 0 0 0 0 0 0 0 0 0 0 0 0 0 0
 0 0 0 0 0 0 0 0 0 0 0 0 0 0 0 0 0 0 0 0 0 0 0 0 0 0
 0 0 0 0 0 0 0 0 0 0 0 0 0 0 0 0 0 0 0 0 0 0 0 0 0 0
 0 0 0 0 0 0 0 0 0 0 0 0 0 0 0 0 0 0 0 0 0 0 0 0 0 0
ppred_pel_tallas
 1.18014e-16 3.55944e-05 0.00034599 0.00229922 0.0104519 0.0325199 0.0692873 0.101128 0.101134 0.0693153 0.032616 0.010739 0.00305594 0.00211715 0.00374795 0.00704658 0.012253 0.0197806 0.0299086 0.0425061 0.056649 0.0703621 0.0808711 0.0855043 0.0828519 0.0734737
 1.1958e-16 4.02874e-05 0.000391608 0.00260237 0.01183 0.0368078 0.078424 0.114468 0.114498 0.0785699 0.037298 0.0132463 0.00615936 0.00816387 0.014826 0.0245219 0.0355271 0.0451866 0.0509145 0.0517438 0.0490116 0.0454913 0.0436059 0.044068 0.045787 0.0468163
 1.13557e-16 4.23282e-05 0.000411445 0.0027342 0.0124293 0.0386723 0.0823965 0.120267 0.120298 0.0825483 0.0391822 0.0139033 0.00643881 0.00851438 0.015478 0.0256457 0.0372364 0.0474646 0.0535255 0.0541656 0.0504178 0.04483 0.0398233 0.0364733 0.0344311 0.0326712
 1.09598e-16 4.28551e-05 0.000416567 0.00276823 0.012584 0.0391537 0.0834223 0.121764 0.121795 0.0835768 0.0396728 0.0140846 0.00653967 0.00866548 0.015756 0.0261041 0.0378943 0.0482807 0.0543875 0.0549017 0.0508197 0.0446682 0.0388546 0.0344607 0.0311988 0.0281873
 1.09021e-16 4.24039e-05 0.000412181 0.00273909 0.0124515 0.0387415 0.0825441 0.120482 0.120515 0.0827018 0.0392715 0.0139835 0.00658929 0.00883316 0.0160826 0.0266453 0.0386744 0.0492609 0.0554608 0.0559232 0.0516534 0.0452221 0.0390868 0.0343662 0.0307969 0.0275206
 1.09226e-16 4.16829e-05 0.000405173 0.00269252 0.0122398 0.0380828 0.0811405 0.118434 0.118466 0.0812995 0.0386168 0.0137836 0.0065729 0.00889334 0.0162133 0.0268725 0.0390249 0.0497501 0.0560906 0.0566868 0.0525412 0.0462193 0.0401632 0.0354679 0.0318506 0.028451
 1.08993e-16 4.37527e-05 0.000425292 0.00282622 0.0128476 0.0399738 0.0851695 0.124314 0.124344 0.0853191 0.0404764 0.0143007 0.00647887 0.00841587 0.015269 0.0253049 0.0367589 0.046885 0.052906 0.0535477 0.0497539 0.0439317 0.0383638 0.0340594 0.0307308 0.0275536
 1.08475e-16 4.35471e-05 0.000423293 0.00281293 0.0127872 0.0397859 0.0847693 0.12373 0.123762 0.084925 0.0403089 0.0142989 0.00661181 0.00873045 0.0158623 0.0262656 0.0380952 0.0484648 0.0544564 0.0547323 0.0502959 0.0437134 0.037452 0.0326572 0.0290952 0.0259209
 1.0893e-16 4.09138e-05 0.000397697 0.00264284 0.012014 0.0373801 0.0796435 0.116249 0.116283 0.0798081 0.0379331 0.0136126 0.00666052 0.00918491 0.0167784 0.0278025 0.0403513 0.0513889 0.0578381 0.0582808 0.053757 0.0469421 0.0404005 0.0353116 0.0314244 0.0278744
 1.09812e-16 4.05509e-05 0.00039417 0.0026194 0.0119074 0.0370486 0.0789371 0.115218 0.115251 0.0790968 0.0375852 0.0134588 0.0065195 0.0089278 0.0163057 0.0270458 0.0393189 0.0502129 0.0567761 0.0576501 0.0538261 0.0478365 0.0420687 0.0375552 0.0339668 0.0304333
 1.10536e-16 3.99442e-05 0.000388272 0.00258021 0.0117293 0.0364943 0.0777561 0.113494 0.113527 0.0779171 0.0370352 0.0132934 0.00651218 0.00899143 0.0164371 0.0272643 0.0396354 0.0506174 0.0572406 0.0581476 0.0543547 0.0484323 0.0427949 0.0384722 0.0350984 0.0317466
 1.10857e-16 4.02947e-05 0.000391679 0.00260285 0.0118322 0.0368145 0.0784384 0.11449 0.114522 0.0785963 0.037345 0.0133661 0.00645913 0.00883014 0.0161262 0.0267539 0.0389102 0.049727 0.056302 0.0573104 0.0537479 0.048123 0.0427816 0.0387059 0.0355115 0.0322719
 1.10418e-16 4.17982e-05 0.000406294 0.00269997 0.0122737 0.0381881 0.081365 0.118761 0.118793 0.0815187 0.0387044 0.0137664 0.00645238 0.00861636 0.0156891 0.0260165 0.0378184 0.0482926 0.0546064 0.0554692 0.0518601 0.0462435 0.0409327 0.0369118 0.0338207 0.030752
 1.09604e-16 4.28568e-05 0.000416583 0.00276834 0.0125845 0.0391552 0.0834255 0.121769 0.1218 0.0835788 0.0396702 0.0140731 0.0065099 0.00860091 0.0156352 0.0259096 0.037626 0.0479686 0.0540919 0.0546965 0.0507659 0.0447904 0.0391325 0.0348383 0.0316028 0.028548
 1.08913e-16 4.32024e-05 0.000419942 0.00279067 0.012686 0.039471 0.0840982 0.12275 0.122782 0.0842529 0.0399906 0.014188 0.00656546 0.00867581 0.0157684 0.0261208 0.0379101 0.0482817 0.0543491 0.0547892 0.0505915 0.044282 0.0382756 0.0336714 0.0302086 0.0270375
 1.08536e-16 4.36239e-05 0.00042404 0.0028179 0.0128098 0.0398561 0.0849188 0.123948 0.123979 0.0850723 0.0403717 0.0143003 0.00656391 0.00861702 0.0156491 0.0259223 0.0376218 0.0479134 0.0539297 0.0543528 0.0501577 0.0438444 0.0378059 0.0331372 0.0295928 0.02635
 1.08102e-16 4.44704e-05 0.000432268 0.00287257 0.0130583 0.0406295 0.0865665 0.126353 0.126384 0.0867181 0.0411387 0.0145304 0.0065719 0.00852233 0.0154516 0.0255867 0.0371201 0.0472438 0.0531181 0.0534369 0.0491666 0.0427887 0.0366876 0.0319683 0.0284077 0.0252022
 1.0772e-16 4.49734e-05 0.000437157 0.00290507 0.013206 0.041089 0.0875456 0.127782 0.127813 0.0876967 0.0415965 0.0146729 0.00659127 0.00849782 0.015394 0.0254846 0.0369586 0.0470095 0.0527994 0.0530215 0.0486395 0.0421366 0.0359083 0.0310801 0.0274521 0.0242381
 1.06425e-16 4.9993e-05 0.00048595 0.00322931 0.01468 0.0456751 0.0973165 0.142042 0.142069 0.0974487 0.0461191 0.0159634 0.00645418 0.00753714 0.0134748 0.0222853 0.0323053 0.041064 0.0460706 0.0461764 0.042226 0.0364014 0.0308163 0.0264777 0.0232309 0.0204008
 1.04361e-16 5.49379e-05 0.000534016 0.00354872 0.016132 0.0501928 0.106942 0.15609 0.156115 0.107062 0.0505972 0.0173006 0.00648382 0.00694682 0.0122502 0.0202078 0.0292056 0.0369407 0.0410998 0.0406163 0.0362859 0.0301816 0.0243608 0.0198823 0.0167096 0.0142596
 1.03274e-16 5.4751e-05 0.000532199 0.00353665 0.0160771 0.0500221 0.106578 0.15556 0.155586 0.106706 0.0504516 0.017318 0.00665235 0.00733657 0.0129857 0.0214027 0.0308761 0.0389321 0.0430816 0.0421708 0.0370516 0.0299719 0.0231991 0.0179583 0.0143006 0.0116584
 1.02824e-16 5.65809e-05 0.000549987 0.00365486 0.0166145 0.0516939 0.11014 0.160758 0.160782 0.110259 0.0520936 0.0177692 0.00655434 0.00688288 0.0120935 0.0199284 0.02876 0.0362859 0.0401914 0.0393984 0.0346862 0.0281258 0.0218063 0.0168566 0.0133311 0.010727
 1.02573e-16 5.60703e-05 0.000545023 0.00362187 0.0164645 0.0512274 0.109146 0.159308 0.159333 0.109271 0.0516449 0.0176707 0.00664994 0.00715707 0.0126186 0.0207855 0.029967 0.0377457 0.0416904 0.0406708 0.035514 0.0284166 0.0216069 0.0163091 0.0126067 0.00997358
 1.03292e-16 4.95934e-05 0.000482065 0.00320349 0.0145626 0.0453099 0.0965388 0.140908 0.140939 0.0966916 0.0458232 0.0160454 0.0069264 0.00861278 0.0155017 0.0255758 0.0369 0.0465296 0.0514865 0.0503811 0.0442156 0.0356583 0.0274089 0.0209389 0.0163379 0.0129731
 1.0471e-16 4.70562e-05 0.000457403 0.00303961 0.0138176 0.042992 0.0916001 0.1337 0.133731 0.0917531 0.043506 0.0153032 0.00677151 0.00861417 0.0155675 0.0257379 0.0372494 0.0472117 0.0526946 0.0523246 0.0470581 0.0394433 0.0320051 0.0260389 0.021522 0.0178148
 1.06073e-16 4.51432e-05 0.000438808 0.00291603 0.0132559 0.0412442 0.0878762 0.128265 0.128297 0.0880323 0.0417686 0.0147716 0.00672429 0.00876437 0.0158926 0.0262957 0.0380949 0.0483666 0.0541479 0.0540597 0.0490836 0.0417977 0.0347244 0.0291067 0.0248366 0.0211951
 1.07203e-16 4.37792e-05 0.00042555 0.00282793 0.0128554 0.039998 0.0852212 0.12439 0.124422 0.0853785 0.0405265 0.0143828 0.00666623 0.00881885 0.0160263 0.026536 0.0384822 0.0489416 0.0549519 0.0551392 0.0504898 0.0435729 0.0368757 0.0315826 0.0275209 0.0239248
 1.07823e-16 4.39391e-05 0.000427104 0.00283826 0.0129023 0.0401441 0.0855324 0.124844 0.124875 0.0856862 0.0406608 0.0143958 0.00659156 0.00863571 0.0156783 0.0259674 0.0376802 0.047971 0.0539584 0.0543113 0.0499964 0.0435122 0.03726 0.0323543 0.0285802 0.0251532
 1.08069e-16 4.36155e-05 0.000423958 0.00281735 0.0128073 0.0398484 0.0849024 0.123924 0.123956 0.0850579 0.0403707 0.0143171 0.0066116 0.00872153 0.0158457 0.0262418 0.0380688 0.0484467 0.0544606 0.0547677 0.0503553 0.0437663 0.0374463 0.0325333 0.0288076 0.0254579
 1.08399e-16 4.26739e-05 0.000414805 0.00275653 0.0125308 0.0389882 0.0830696 0.121249 0.121282 0.0832279 0.0395199 0.0140678 0.00661927 0.00886278 0.016133 0.0267249 0.0387808 0.0493755 0.0555469 0.05593 0.0515257 0.0449115 0.038561 0.0336168 0.0298449 0.0264179
 1.08762e-16 4.25373e-05 0.000413477 0.0027477 0.0124907 0.0388633 0.0828036 0.120861 0.120893 0.0829601 0.0393892 0.0140109 0.00656864 0.00877126 0.0159647 0.0264554 0.0384125 0.048955 0.0551653 0.0557003 0.0515448 0.0452272 0.0391597 0.0344331 0.0307846 0.0273819
 1.09028e-16 4.21307e-05 0.000409526 0.00272144 0.0123713 0.0384919 0.0820123 0.119706 0.119738 0.0821703 0.0390227 0.0139056 0.00657771 0.00884439 0.0161106 0.0266972 0.0387611 0.0493946 0.0556544 0.0561883 0.0519968 0.0456397 0.0395575 0.0348512 0.0312467 0.0278883
pSPR Fmed_Fpbrs
0.600942   0.286563 0.286563
Fs Fmed_Fpbrs
0.34   1.005 1.005
SSBpbr Bo_Bmed_Bpbrs
2.7156e+06  1.49614e+06  642412 642412
Ro
273123
SPR SPRFo_SPRFmed_SPRFpbrs
1.96597e+06 1.18143e+06 563374
Fref
1.005
Nvult_r0
 212333 79658 25167.3 8047.63 3529.65
CTP_r0
 71013.3 39928.3 12615 4033.85 1769.23
YTP_r0
2.17395e+06
Np
 273123 60789.8 13036.1 4233.27 1517.57
Nvult_p0
 212333 52603.8 11280.6 3663.21 1313.21
CTP_p0
 71013.3 41990 13635.6 4308.06 1848.01
 71013.3 26367.5 5654.39 1836.17 658.245
YTP_p0
 1.79645e+06 1.21237e+06
CBA_c0
2.0607e+06
log_Ro
12.3377
likeval ReclasPelacesDesembMPH_pf_preclas_ppelaces_ptallas_desvR_qrecl_qpela
 120.535 77.685 9.74685 222.094 259.365 166.184 117.85 0 0 0 0 46.6024 0 0 0
q_reclas_q_pelaces
1 1
M
1
N
 273123 16969.3 164342 2047.61 6283.32
 273123 94009.3 5464.9 52926 2682.95
 273123 90847 28272.9 1643.54 16724.1
 273123 93208.8 28760.9 8950.8 5814.96
 273123 90975 28111.2 8674.11 4453.26
 273123 97274.1 31368.6 9692.85 4526.37
 273123 92426.5 30280.9 9764.85 4426.36
 273123 86184.3 25016.8 8196.02 3841.08
 273123 99009.5 30786.5 8936.41 4299.85
 273123 96542.1 33627 10456.1 4495.48
 273123 96906.5 33037 11507.3 5116.49
 273123 99217.6 34762.3 11851 5963.26
 273123 93183.9 31394.1 10999.4 5636.74
 273123 93096.9 29429.9 9915.08 5254.12
 273123 90202.1 27602.4 8725.7 4497.53
 273123 93840.7 28945.3 8857.42 4243.25
 273123 87618.5 26251.9 8097.42 3664.9
 273123 91629.3 26806.6 8031.7 3598.65
 273123 85312.2 24301.6 7109.56 3084.56
 273123 69696.7 15101.3 4301.66 1804.48
 273123 71055.5 12822.9 2778.35 1123.41
 273123 75029.2 14575.9 2630.41 800.384
 273123 61905.6 10477.7 2035.51 479.106
 273123 83215.3 15621.2 2643.94 634.535
 273123 86584.8 22733.4 4267.52 895.639
 273123 87926.3 24392.5 6404.42 1454.56
 273123 92903.6 27654.2 7671.84 2471.77
 273123 90989.5 28028 8342.98 3060.22
 273123 90372.4 27079.5 8341.46 3393.72
 273123 93167.9 28585.6 8565.47 3711.94
 273123 94186.1 30117.4 9240.55 3968.79
 273123 92054 29083.7 9299.97 4078.92
pred_Ctot
 11172.9 1350.98 13083.9 163.017 500.237
 16682.8 11024.1 640.845 6206.4 314.618
 12564.6 8105.67 2522.6 146.642 1492.18
 16459.1 10789.7 3329.3 1036.13 673.127
 5516.94 3626.32 1120.53 345.755 177.51
 13926.7 9587.71 3091.8 955.364 446.136
 24867.3 15828.6 5185.78 1672.29 758.041
 2523.45 1582.83 459.45 150.525 70.5442
 6782.31 4836.79 1503.97 436.559 210.055
 6152.19 4284.67 1492.41 464.058 199.516
 2165.17 1528.4 521.055 181.491 80.6967
 12608 8882.15 3111.98 1060.93 533.843
 12759.4 8439.03 2843.15 996.137 510.481
 17810.4 11622.3 3674.06 1237.81 655.929
 11465.8 7364.26 2253.51 712.382 367.186
 22341.9 14530.6 4481.97 1371.51 657.037
 15316.7 9465.32 2835.96 874.754 395.915
 26406.6 16599 4856.12 1454.97 651.909
 54480 29662.7 8449.54 2471.96 1072.49
 51994.5 23278.8 5043.83 1436.76 602.697
 44775.9 20825.3 3758.2 814.293 329.257
 68917.6 31761.3 6170.27 1113.5 338.818
 30118.8 12671.5 2144.69 416.649 98.0684
 24161.4 13871.2 2603.9 440.719 105.771
 21800.9 13100.1 3439.52 645.667 135.508
 13095.9 8166.1 2265.44 594.806 135.091
 16433.8 10738.5 3196.47 886.765 285.705
 17512.5 11177.6 3443.09 1024.89 375.931
 12635.7 8107.57 2429.38 748.336 304.461
 10865.8 7218.99 2214.91 663.684 287.614
 14575.9 9700.5 3101.88 951.711 408.757
 6323.86 4197.73 1326.24 424.085 186.001
F
 0.0665287 0.133057 0.133057 0.133057 0.133057
 0.100746 0.201491 0.201491 0.201491 0.201491
 0.0750797 0.150159 0.150159 0.150159 0.150159
 0.0993376 0.198675 0.198675 0.198675 0.198675
 0.0323894 0.0647787 0.0647787 0.0647787 0.0647787
 0.0835085 0.167017 0.167017 0.167017 0.167017
 0.153434 0.306868 0.306868 0.306868 0.306868
 0.0147063 0.0294125 0.0294125 0.0294125 0.0294125
 0.0399433 0.0798866 0.0798866 0.0798866 0.0798866
 0.0361756 0.0723513 0.0723513 0.0723513 0.0723513
 0.0126072 0.0252145 0.0252145 0.0252145 0.0252145
 0.0753474 0.150695 0.150695 0.150695 0.150695
 0.0762816 0.152563 0.152563 0.152563 0.152563
 0.107869 0.215739 0.215739 0.215739 0.215739
 0.0683235 0.136647 0.136647 0.136647 0.136647
 0.13693 0.273861 0.273861 0.273861 0.273861
 0.092171 0.184342 0.184342 0.184342 0.184342
 0.163605 0.32721 0.32721 0.32721 0.32721
 0.36577 0.731539 0.731539 0.731539 0.731539
 0.346461 0.692922 0.692922 0.692922 0.692922
 0.292046 0.584091 0.584091 0.584091 0.584091
 0.484312 0.968624 0.968624 0.968624 0.968624
 0.188491 0.376982 0.376982 0.376982 0.376982
 0.148798 0.297596 0.297596 0.297596 0.297596
 0.133424 0.266847 0.266847 0.266847 0.266847
 0.0783605 0.156721 0.156721 0.156721 0.156721
 0.0991784 0.198357 0.198357 0.198357 0.198357
 0.105984 0.211967 0.211967 0.211967 0.211967
 0.0755186 0.151037 0.151037 0.151037 0.151037
 0.0646497 0.129299 0.129299 0.129299 0.129299
 0.0875466 0.175093 0.175093 0.175093 0.175093
 0.0372009 0.0744018 0.0744018 0.0744018 0.0744018
YTP_r0W_actual
 610714 990223 351960 150463 70592.1
YTP_p0W_proyectada
 535440 732726 328209 134928 65142.4
 535440 460113 136101 57509 23203.1
CTP_r0_actual
 71013.3 39928.3 12615 4033.85 1769.23
CTP_p0_proyectada
 71013.3 41990 13635.6 4308.06 1848.01
 71013.3 26367.5 5654.39 1836.17 658.245
Wmedp
 7.54 17.45 24.07 31.32 35.25
Frms_r0
 0.5025 1.005 1.005 1.005 1.005
Zrms_r0
 1.5025 2.005 2.005 2.005 2.005
nmprior
 7.29 8.9 8.7 0
nm_flota  nm_reclas  nm_pelaces    nm_pelaL
inf 4.51003 7.53647 16.9058
cv_recla  cv_pelaces  cv_mph
0.971245 0.965515 2.02801
 ------------------------------------------------
Talla a la edad & desviaci?n 
 8 13.2811 15.8009 17.003 17.5766
 0.8 1.32811 1.58009 1.7003 1.75766
