years
 1991 1992 1993 1994 1995 1996 1997 1998 1999 2000 2001 2002 2003 2004 2005 2006 2007 2008 2009 2010 2011 2012 2013 2014 2015 2016 2017 2018 2019 2020 2021 2022 2023
reclasobs
 0 0 0 0 0 0 0 0 0 252601 567819 844713 477998 351125 339783 2.1784e+06 2.13404e+06 4.81314e+06 1.55562e+06 2.62356e+06 3.21686e+06 3.843e+06 1.13348e+06 3.07943e+06 1.97215e+06 2.03268e+06 2.025e+06 2.42433e+06 2.27542e+06 1.05018e+06 2.36338e+06 3.18982e+06 1.53035e+06
reclaspred
 3.48954e+06 2.33976e+06 1.61816e+06 1.67755e+06 1.7476e+06 2.01718e+06 1.65281e+06 2.36487e+06 2.50366e+06 2.6699e+06 1.96259e+06 1.96731e+06 1.79604e+06 1.6689e+06 1.72862e+06 1.73634e+06 1.80537e+06 2.07302e+06 1.12152e+06 793398 1.25312e+06 745256 1.00815e+06 1.6051e+06 1.43619e+06 1.78482e+06 1.94402e+06 1.63313e+06 1.95255e+06 2.05408e+06 2.08065e+06 2.7605e+06 2.20743e+06
pelacesobs
 0 0 0 0 0 0 0 0 0 0 0 0 0 0 0 552880 188675 0 991730 2.46772e+06 1.41603e+06 1.21717e+06 2.29649e+06 1.80582e+06 0 1.4828e+06 1.56532e+06 1.57751e+06 1.42118e+06 867257 1.10002e+06 1.06204e+06 0
pelacespred
 1.66134e+06 1.19853e+06 808705 718276 814021 922948 761287 1.2209e+06 1.36385e+06 1.35946e+06 1.12008e+06 934840 899410 910187 950098 810903 809913 877638 522655 320969 478772 295740 450102 776606 698564 857693 1.0408e+06 875625 878418 1.00899e+06 1.00119e+06 1.28829e+06 1.0466e+06
mphobs
 0 0 0 0 0 0 0 0 0 0 0 0 498337 0 5186 125008 0 168611 109162 213762 579715 649985 157893 87575 83554 210694 70296 0 107559 103333 445601 22526 28222
mphpred
 3.26761e+06 2.33443e+06 1.55928e+06 1.23228e+06 1.37063e+06 1.4933e+06 1.51074e+06 1.35816e+06 1.97016e+06 2.26424e+06 1.82223e+06 1.65396e+06 1.53647e+06 1.31116e+06 1.26931e+06 1.58006e+06 1.30096e+06 1.63161e+06 1.13186e+06 617251 697506 660014 424042 871624 1.24558e+06 1.04611e+06 1.44144e+06 1.33417e+06 1.49202e+06 1.55894e+06 1.48129e+06 1.72893e+06 1.5883e+06
desembarqueobs
 494567 514787 250237 358949 120608 361735 552515 73892 212993 205616 52469 317467 293654 387597 252695 516296 358380 742168 942051 627588 828172 859565 418607 520667 417249 300574 415391 372974 316634 284311 391294 218835 356480
desembarquepred
 494558 505861 260176 358741 120546 361513 552149 73857.4 212927 205562 52447.3 317471 293657 387720 252640 515984 358076 740481 936923 624403 825045 855582 418212 520379 417013 300431 415155 372747 316513 284238 391221 218759 356330
Reclutas
 269500 269500 269500 269500 269500 269500 269500 269500 269500 269500 269500 269500 269500 269500 269500 269500 269500 269500 269500 269500 269500 269500 269500 269500 269500 269500 269500 269500 269500 269500 269500 269500 269500
log_desv_Rt
 0 0 0 0 0 0 0 0 0 0 0 0 0 0 0 0 0 0 0 0 0 0 0 0 0 0 0 0 0 0 0 0 0
SSB
 3.26761e+06 2.33443e+06 1.55928e+06 1.23228e+06 1.37063e+06 1.4933e+06 1.51074e+06 1.35816e+06 1.97016e+06 2.26424e+06 1.82223e+06 1.65396e+06 1.48415e+06 1.29527e+06 1.24072e+06 1.54016e+06 1.30096e+06 1.63161e+06 1.17213e+06 638748 743634 759214 493965 967491 1.29406e+06 1.14781e+06 1.49436e+06 1.33417e+06 1.54456e+06 1.52406e+06 1.62768e+06 1.94608e+06 1.66328e+06
BT
 4.5648e+06 3.6119e+06 2.30619e+06 2.32904e+06 2.29923e+06 2.98644e+06 2.56441e+06 4.10781e+06 4.28261e+06 3.90127e+06 3.09043e+06 2.82448e+06 2.83645e+06 3.27215e+06 3.29437e+06 2.69831e+06 2.67817e+06 3.12452e+06 2.54762e+06 1.56763e+06 2.28128e+06 1.71934e+06 1.99121e+06 3.13241e+06 2.34089e+06 2.99882e+06 3.67076e+06 3.04897e+06 2.66617e+06 3.25487e+06 3.2589e+06 3.92854e+06 3.36125e+06
Ftot
 0.134504 0.203973 0.15238 0.201949 0.0658564 0.169721 0.312335 0.0299062 0.0811379 0.0734588 0.0255937 0.152977 0.155013 0.219329 0.138894 0.278681 0.187666 0.33323 0.748329 0.711684 0.600917 1.00033 0.387568 0.304348 0.272596 0.159675 0.201855 0.215632 0.153674 0.131479 0.178036 0.0756129 0.1531
BD_Bspro_t
 0.978709 0.86187 0.765304 0.747934 0.750735 0.804549 0.765834 0.70467 0.831939 0.868374 0.871858 0.89805 0.831152 0.782988 0.763383 0.779396 0.691688 0.728366 0.593143 0.41999 0.4057 0.391847 0.32624 0.516669 0.613759 0.639391 0.735001 0.737068 0.757609 0.758944 0.782905 0.7961 0.833571
BD_Bspro
 1.68298 1.20234 0.803102 0.634685 0.705939 0.769119 0.778103 0.699519 1.01473 1.16619 0.938538 0.851868 0.764407 0.667126 0.639033 0.793258 0.670057 0.840357 0.603705 0.328986 0.383007 0.391032 0.254416 0.498304 0.666501 0.591176 0.769669 0.687162 0.795522 0.784964 0.838336 1.00233 0.856667
BD_Bo
 1.22144 0.872611 0.582859 0.460629 0.512342 0.558195 0.564716 0.507683 0.736447 0.846375 0.681153 0.618251 0.554775 0.484173 0.463784 0.575714 0.4863 0.609897 0.438145 0.238765 0.277971 0.283795 0.184645 0.361649 0.483719 0.429051 0.558594 0.498715 0.577358 0.569695 0.60843 0.727448 0.621734
BD_Brms
 5.15258 3.68107 2.45877 1.94314 2.16129 2.35472 2.38223 2.14164 3.10667 3.5704 2.87341 2.60807 2.3403 2.04246 1.95645 2.42863 2.05144 2.57283 1.8483 1.00722 1.17261 1.19718 0.778916 1.5256 2.04055 1.80994 2.35641 2.10381 2.43556 2.40324 2.56664 3.06871 2.62276
Sel_flota
 0.5 1 1 1 1
 0.5 1 1 1 1
 0.5 1 1 1 1
 0.5 1 1 1 1
 0.5 1 1 1 1
 0.5 1 1 1 1
 0.5 1 1 1 1
 0.5 1 1 1 1
 0.5 1 1 1 1
 0.5 1 1 1 1
 0.5 1 1 1 1
 0.5 1 1 1 1
 0.5 1 1 1 1
 0.5 1 1 1 1
 0.5 1 1 1 1
 0.5 1 1 1 1
 0.5 1 1 1 1
 0.5 1 1 1 1
 0.5 1 1 1 1
 0.5 1 1 1 1
 0.5 1 1 1 1
 0.5 1 1 1 1
 0.5 1 1 1 1
 0.5 1 1 1 1
 0.5 1 1 1 1
 0.5 1 1 1 1
 0.5 1 1 1 1
 0.5 1 1 1 1
 0.5 1 1 1 1
 0.5 1 1 1 1
 0.5 1 1 1 1
 0.5 1 1 1 1
 0.5 1 1 1 1
Sel_reclas
 0.5 1 1 1 1
 0.5 1 1 1 1
 0.5 1 1 1 1
 0.5 1 1 1 1
 0.5 1 1 1 1
 0.5 1 1 1 1
 0.5 1 1 1 1
 0.5 1 1 1 1
 0.5 1 1 1 1
 0.5 1 1 1 1
 0.5 1 1 1 1
 0.5 1 1 1 1
 0.5 1 1 1 1
 0.5 1 1 1 1
 0.5 1 1 1 1
 0.5 1 1 1 1
 0.5 1 1 1 1
 0.5 1 1 1 1
 0.5 1 1 1 1
 0.5 1 1 1 1
 0.5 1 1 1 1
 0.5 1 1 1 1
 0.5 1 1 1 1
 0.5 1 1 1 1
 0.5 1 1 1 1
 0.5 1 1 1 1
 0.5 1 1 1 1
 0.5 1 1 1 1
 0.5 1 1 1 1
 0.5 1 1 1 1
 0.5 1 1 1 1
 0.5 1 1 1 1
 0.5 1 1 1 1
Sel_pelaces
 0.5 1 1 1 1
 0.5 1 1 1 1
 0.5 1 1 1 1
 0.5 1 1 1 1
 0.5 1 1 1 1
 0.5 1 1 1 1
 0.5 1 1 1 1
 0.5 1 1 1 1
 0.5 1 1 1 1
 0.5 1 1 1 1
 0.5 1 1 1 1
 0.5 1 1 1 1
 0.5 1 1 1 1
 0.5 1 1 1 1
 0.5 1 1 1 1
 0.5 1 1 1 1
 0.5 1 1 1 1
 0.5 1 1 1 1
 0.5 1 1 1 1
 0.5 1 1 1 1
 0.5 1 1 1 1
 0.5 1 1 1 1
 0.5 1 1 1 1
 0.5 1 1 1 1
 0.5 1 1 1 1
 0.5 1 1 1 1
 0.5 1 1 1 1
 0.5 1 1 1 1
 0.5 1 1 1 1
 0.5 1 1 1 1
 0.5 1 1 1 1
 0.5 1 1 1 1
 0.5 1 1 1 1
pf_obs 
 0.8446 0.082 0.0669 0.0065 0
 0.8095 0.147 0.0364 0.0071 0
 0.9664 0.0169 0.016 0.0007 0
 0.9276 0.0648 0.0075 0.0001 0
 0.7033 0.2144 0.0806 0.0017 0
 0.9318 0.0425 0.0243 0.0014 0
 0.5671 0.3108 0.0964 0.0239 0.0018
 0.0768 0.2599 0.5324 0.112 0.0189
 0.490249 0.384438 0.106611 0.0170017 0.00170017
 0.7925 0.1577 0.0466 0.003 0.0002
 0.840416 0.127587 0.0312969 0.00059994 9.999e-05
 0.8084 0.0986 0.0794 0.0134 0.0002
 0.7335 0.1905 0.0724 0.0035 0.0001
 0.4001 0.4547 0.1325 0.0127 0
 0.49795 0.308269 0.164784 0.0264974 0.00249975
 0.9179 0.0499 0.0305 0.0017 0
 0.2467 0.6533 0.0926 0.0074 0
 0.9418 0.0223 0.034 0.0019 0
 0.707729 0.231977 0.0356964 0.0245975 0
 0.517169 0.277429 0.184464 0.0207286 0.00020938
 0.811772 0.124168 0.05621 0.00726502 0.000585176
 0.764997 0.148141 0.077277 0.00933861 0.000247198
 0.163321 0.427699 0.378323 0.0303852 0.000271297
 0.753843 0.0900009 0.118128 0.0371064 0.000921714
 0.721811 0.176058 0.0630433 0.0369309 0.00215725
 0.143369 0.312575 0.442814 0.0836902 0.0175525
 0.692698 0.0596174 0.167031 0.0765114 0.00414204
 0.394062 0.376323 0.152708 0.0712218 0.00568511
 0.125707 0.32114 0.495352 0.0537591 0.00404204
 0.23352 0.215282 0.420074 0.123614 0.00750983
 0.796117 0.104755 0.0508955 0.0450114 0.00322123
 0.162477 0.292055 0.404252 0.121198 0.0200186
 0 0 0 0 0
pf_pred 
 0.424115 0.050553 0.501949 0.0142387 0.00914419
 0.478316 0.315691 0.0180827 0.179546 0.00836404
 0.506431 0.326159 0.101306 0.00580281 0.0603011
 0.510403 0.334003 0.102819 0.0319361 0.0208388
 0.512179 0.336034 0.103549 0.0318765 0.0163615
 0.497775 0.34232 0.11015 0.0339428 0.0158122
 0.515559 0.32738 0.107054 0.0344473 0.0155599
 0.528251 0.330408 0.0955166 0.0312341 0.0145901
 0.493024 0.351423 0.108948 0.0314954 0.01511
 0.488947 0.340236 0.118406 0.0367081 0.0157029
 0.483963 0.341414 0.116256 0.0404584 0.0179085
 0.48156 0.339033 0.118697 0.040418 0.020292
 0.499986 0.330151 0.111082 0.0388901 0.0198911
 0.509584 0.331893 0.10467 0.0352171 0.0186359
 0.518207 0.332087 0.101314 0.0319519 0.0164393
 0.515826 0.334791 0.102966 0.0314131 0.015004
 0.531325 0.327339 0.0977299 0.030057 0.0135497
 0.529569 0.331951 0.0967193 0.0288764 0.0128846
 0.568566 0.30777 0.0872612 0.025425 0.0109779
 0.634734 0.280912 0.0601752 0.0170613 0.00711748
 0.638853 0.293491 0.0520311 0.0111458 0.00447845
 0.640385 0.291225 0.0555784 0.00985311 0.00295876
 0.667741 0.275965 0.0455884 0.00870026 0.00200557
 0.589434 0.336176 0.0617867 0.0102069 0.00239696
 0.559168 0.334499 0.0870668 0.0160022 0.0032643
 0.541365 0.336407 0.0927447 0.0241406 0.00534193
 0.522064 0.340397 0.100885 0.027813 0.00884144
 0.523241 0.33314 0.102289 0.0303156 0.0110146
 0.522563 0.334506 0.0998742 0.0306658 0.0123906
 0.512103 0.339633 0.103878 0.031015 0.0133708
 0.507907 0.337454 0.107647 0.0329239 0.014068
 0.508344 0.336856 0.106155 0.0338629 0.0147825
 0.497169 0.341369 0.110624 0.0348615 0.0159753
pobs_RECLAS
 0 0 0 0 0
 0 0 0 0 0
 0 0 0 0 0
 0 0 0 0 0
 0 0 0 0 0
 0 0 0 0 0
 0 0 0 0 0
 0 0 0 0 0
 0 0 0 0 0
 0 0 0 0 0
 0.991045 0.00858322 0.000360255 1.14367e-05 0
 0.934742 0.0480273 0.0164251 0.00080598 0
 0.827803 0.169806 0.00239088 0 0
 0.941827 0.0461693 0.0120037 0 0
 0.791401 0.0380133 0.147996 0.0225897 0
 0.846168 0.0940531 0.0597789 0 0
 0.134021 0.677848 0.182769 0.00536245 0
 0.80878 0.0450904 0.141981 0.00414843 0
 0.846168 0.0940531 0.0597789 0 0
 0.905697 0.0802665 0.012482 0.00150086 5.37128e-05
 0.989698 0.0102097 9.19794e-05 0 0
 0.975433 0.0193895 0.00387452 0.00125025 5.28907e-05
 0.303575 0.632131 0.0575291 0.00676475 0
 0.966965 0.00978017 0.0227588 0.000495775 0
 0.843318 0.132988 0.00938335 0.0141283 0.000182051
 0.564624 0.303363 0.111486 0.0197234 0.00080311
 0.826376 0.0876187 0.0782897 0.00655872 0.00115652
 0.89761 0.0855135 0.0140674 0.00269457 0.000114338
 0.34875 0.467042 0.161289 0.0227151 0.000203297
 0.318654 0.224769 0.449479 0.00709798 0
 0.937255 0.0296025 0.0250945 0.00804832 0
 0.456809 0.399803 0.12412 0.0192676 0
 0.883104 0.0372192 0.0704036 0.00927362 0
ppred_RECLAS
 0.425593 0.0504232 0.500661 0.0142022 0.00912072
 0.480709 0.314242 0.0179998 0.178723 0.00832567
 0.508163 0.325014 0.100951 0.00578244 0.0600894
 0.512772 0.332387 0.102322 0.0317815 0.020738
 0.512886 0.335547 0.103399 0.0318304 0.0163378
 0.499727 0.340989 0.109722 0.0338109 0.0157507
 0.519471 0.324736 0.106189 0.0341691 0.0154343
 0.528563 0.330189 0.0954534 0.0312135 0.0145805
 0.493905 0.350812 0.108759 0.0314407 0.0150837
 0.48974 0.339708 0.118222 0.0366512 0.0156785
 0.48423 0.341237 0.116196 0.0404375 0.0178992
 0.483298 0.337897 0.118299 0.0402824 0.0202239
 0.501752 0.328985 0.110689 0.0387527 0.0198209
 0.512185 0.330132 0.104115 0.0350303 0.018537
 0.519771 0.33101 0.100985 0.0318482 0.0163859
 0.519249 0.332425 0.102238 0.031191 0.0148979
 0.533499 0.32582 0.0972766 0.0299176 0.0134869
 0.533781 0.328979 0.0958533 0.0286179 0.0127692
 0.580004 0.299611 0.0849477 0.0247509 0.0106868
 0.644822 0.273154 0.0585134 0.0165901 0.00692092
 0.646911 0.286943 0.0508702 0.0108971 0.00437853
 0.656211 0.278408 0.0531325 0.0094195 0.00282855
 0.672225 0.27224 0.0449731 0.00858282 0.0019785
 0.593106 0.333169 0.061234 0.0101156 0.00237552
 0.562458 0.332002 0.0864169 0.0158828 0.00323994
 0.543177 0.335079 0.0923784 0.0240452 0.00532083
 0.524428 0.338713 0.100386 0.0276755 0.00879771
 0.525787 0.331361 0.101742 0.0301537 0.0109558
 0.524309 0.333283 0.0995091 0.0305537 0.0123454
 0.513577 0.338607 0.103564 0.0309213 0.0133303
 0.509965 0.336043 0.107196 0.0327863 0.0140092
 0.509161 0.336296 0.105978 0.0338066 0.0147579
 0.498912 0.340187 0.110241 0.0347407 0.0159199
pobs_PELACES
 0 0 0 0 0
 0 0 0 0 0
 0 0 0 0 0
 0 0 0 0 0
 0 0 0 0 0
 0 0 0 0 0
 0 0 0 0 0
 0 0 0 0 0
 0 0 0 0 0
 0 0 0 0 0
 0 0 0 0 0
 0 0 0 0 0
 0 0 0 0 0
 0 0 0 0 0
 0 0 0 0 0
 0 0 0 0 0
 0.505614 0.472636 0.0217494 0 0
 0 0 0 0 0
 0.443492 0.261883 0.143347 0.151278 0
 0.227955 0.32914 0.350689 0.0885471 0.00366901
 0.970185 0.0296113 0.000203453 0 0
 0.997202 0.00247181 0.000326279 0 0
 0.445219 0.490057 0.0546422 0.010081 0
 0.90214 0.0892962 0.00764917 0.000914606 0
 0 0 0 0 0
 0.581667 0.319106 0.0959925 0.00289975 0.000334073
 0.762889 0.0836404 0.116647 0.0363945 0.000428098
 0.88444 0.0763242 0.0277011 0.0115352 0
 0.521256 0.241999 0.230069 0.00667565 0
 0.616807 0.101726 0.260614 0.0208532 0
 0.833518 0.0704572 0.0857862 0.0102388 0
 0.697417 0.212968 0.0787535 0.0105354 0.000325836
 0 0 0 0 0
ppred_PELACES
 0.431027 0.0499462 0.495924 0.0140678 0.00903444
 0.489115 0.309156 0.0177084 0.17583 0.0081909
 0.514446 0.320863 0.099661 0.00570857 0.0593219
 0.521092 0.326711 0.100574 0.0312388 0.0203838
 0.5156 0.333677 0.102823 0.031653 0.0162468
 0.506728 0.336218 0.108186 0.0333378 0.0155303
 0.532319 0.316053 0.10335 0.0332555 0.0150216
 0.529793 0.329328 0.0952044 0.0311321 0.0145425
 0.497251 0.348493 0.108039 0.0312328 0.014984
 0.492769 0.337692 0.11752 0.0364336 0.0155854
 0.485284 0.34054 0.115959 0.0403548 0.0178626
 0.489604 0.333773 0.116855 0.0397908 0.0199771
 0.508146 0.324763 0.109269 0.0382554 0.0195665
 0.521222 0.324017 0.102187 0.0343814 0.0181936
 0.525489 0.327069 0.0997831 0.031469 0.0161908
 0.530715 0.324496 0.0997993 0.0304471 0.0145426
 0.541196 0.320444 0.0956714 0.0294239 0.0132643
 0.547435 0.319344 0.093046 0.0277797 0.0123952
 0.60975 0.278391 0.0789312 0.0229979 0.00992992
 0.671236 0.252839 0.0541618 0.0153563 0.00640621
 0.669216 0.268817 0.0476567 0.0102087 0.00410193
 0.692431 0.249077 0.0475347 0.00842711 0.00253055
 0.686157 0.260669 0.0430615 0.00821801 0.00189441
 0.605166 0.323294 0.059419 0.0098158 0.00230511
 0.573495 0.323628 0.0842372 0.0154822 0.00315821
 0.549707 0.330289 0.091058 0.0237015 0.00524478
 0.532727 0.332802 0.0986338 0.0271925 0.00864418
 0.534649 0.325168 0.099841 0.0295902 0.010751
 0.530628 0.328855 0.0981871 0.0301477 0.0121813
 0.518995 0.334836 0.10241 0.0305769 0.0131819
 0.517303 0.331011 0.105591 0.0322953 0.0137994
 0.512279 0.33416 0.105305 0.0335919 0.0146642
 0.505227 0.335899 0.108852 0.0343029 0.0157193
pobs_pel_tallas
 0 0 0 0 0 0 0 0 0 0 0 0 0 0 0 0 0 0 0 0 0 0 0 0 0 0
 0 0 0 0 0 0 0 0 0 0 0 0 0 0 0 0 0 0 0 0 0 0 0 0 0 0
 0 0 0 0 0 0 0 0 0 0 0 0 0 0 0 0 0 0 0 0 0 0 0 0 0 0
 0 0 0 0 0 0 0 0 0 0 0 0 0 0 0 0 0 0 0 0 0 0 0 0 0 0
 0 0 0 0 0 0 0 0 0 0 0 0 0 0 0 0 0 0 0 0 0 0 0 0 0 0
 0 0 0 0 0 0 0 0 0 0 0 0 0 0 0 0 0 0 0 0 0 0 0 0 0 0
 0 0 0 0 0 0 0 0 0 0 0 0 0 0 0 0 0 0 0 0 0 0 0 0 0 0
 0 0 0 0 0 0 0 0 0 0 0 0 0 0 0 0 0 0 0 0 0 0 0 0 0 0
 0 0 0 0 0 0 0 0 0 0 0 0 0 0 0 0 0 0 0 0 0 0 0 0 0 0
 0 0 0 0 0 0 0 0 0 0 0 0 0 0 0 0 0 0 0 0 0 0 0 0 0 0
 0 0 0 0 0 0 0 0 0 0 0 0 0 0 0 0 0 0 0 0 0 0 0 0 0 0
 0 0 0 0 0 0 0 0 0 0 0 0 0 0 0 0 0 0 0 0 0 0 0 0 0 0
 0.00862536 0 0 0.000197151 0.00414017 0.0128641 0.00837892 0.0270097 0.101434 0.158115 0.152841 0.127902 0.109271 0.109419 0.0830992 0.0579132 0.0238553 0.00714673 0.00463305 0.00128148 0.00103504 0.000492878 0.000147863 0.000147863 4.92878e-05 0
 0 0 0 0 0 0 0 0 0 0 0 0 0 0 0 0 0 0 0 0 0 0 0 0 0 0
 0 0 0 0 0 0 0 0.0054083 0.00873648 0.0413646 0.0450493 0.0745869 0.0622846 0.0627006 0.0613931 0.0827291 0.12552 0.122667 0.0946155 0.0697135 0.0546179 0.0294188 0.0215738 0.0213955 0.0102223 0.00600262
 0 0 0 0 0.00359764 0.0251062 0.0480494 0.140153 0.205849 0.193036 0.1447 0.116669 0.0760912 0.0342217 0.00950174 0.001854 0.000860785 0 0 0 0.000165536 0 0.000143464 0 0 0
 0 0 0 0 0 0 0 0.000145254 0.000435761 0.0275982 0.070085 0.0708112 0.156366 0.174668 0.174014 0.160142 0.0824315 0.0480064 0.0283245 0.00493863 0.00203355 0 0 0 0 0
 0 0 0 0 0 0 0 0 0 0 0 0 0 0 0 0 0 0 0 0 0 0 0 0 0 0
 0 0 1.00437e-05 0.000401748 0.00122533 0.00171747 0.00176769 0.0269171 0.070346 0.194647 0.189555 0.159765 0.064822 0.0314167 0.0384472 0.0292271 0.0345202 0.0313363 0.0194345 0.0106764 0.0143323 0.0359363 0.0279516 0.0138201 0.00172751 0
 0 0.0021121 0.0136068 0.0755702 0.200478 0.177729 0.0527432 0.0373336 0.0318909 0.0142505 0.0149659 0.0166563 0.0217959 0.0798694 0.0677717 0.0528807 0.04013 0.0224614 0.0357745 0.0225083 0.00881397 0.00855152 0.00135912 0.000746735 0 0
 0 0 0 0 5.4009e-05 0.00500934 0.000945158 0.0243581 0.138947 0.33067 0.221406 0.137944 0.0707744 0.0437923 0.0131692 0.00525238 0.0047753 0.00276346 9.45158e-05 9.00151e-06 2.25038e-05 9.00151e-06 4.50075e-06 0 0 0
 0.000866109 0.00284123 0.00948549 0.0512746 0.133035 0.25785 0.225252 0.132002 0.0553304 0.0519788 0.0540692 0.017754 0.00435017 0.00159236 0.00146478 0.000404838 0.000125132 0.000115318 0.000107957 0.000100596 0 0 0 0 0 0
 0 0 0 0 0.00144013 0.00171154 0.00461396 0.0210425 0.0478622 0.0707936 0.0888783 0.103762 0.0637923 0.0337046 0.0602308 0.124433 0.169614 0.0934646 0.0462172 0.0250306 0.0313229 0.00938855 0.002487 0.000210481 0 0
 0 0.00764035 0.051015 0.0998891 0.058973 0.0496711 0.0374665 0.0718981 0.12319 0.153886 0.159021 0.0857701 0.0377988 0.023471 0.0147837 0.00900784 0.00315554 0.000888139 0.00291439 0.00214683 0.00393193 0.00274676 0.000635225 9.99891e-05 0 0
 0 0 0 0 0 0 0 0 0 0 0 0 0 0 0 0 0 0 0 0 0 0 0 0 0 0
 0 0 0 0 0 0 0 0 0 0 0 0 0 0 0 0 0 0 0 0 0 0 0 0 0 0
 0 0 0 0 0 0 0 0 0 0 0 0 0 0 0 0 0 0 0 0 0 0 0 0 0 0
 0 0 0 0 0 0 0 0 0 0 0 0 0 0 0 0 0 0 0 0 0 0 0 0 0 0
 0 0 0 0 0 0 0 0 0 0 0 0 0 0 0 0 0 0 0 0 0 0 0 0 0 0
 0 0 0 0 0 0 0 0 0 0 0 0 0 0 0 0 0 0 0 0 0 0 0 0 0 0
 0 0 0 0 0 0 0 0 0 0 0 0 0 0 0 0 0 0 0 0 0 0 0 0 0 0
 0 0 0 0 0 0 0 0 0 0 0 0 0 0 0 0 0 0 0 0 0 0 0 0 0 0
 0 0 0 0 0 0 0 0 0 0 0 0 0 0 0 0 0 0 0 0 0 0 0 0 0 0
ppred_pel_tallas
 1.17264e-16 3.55032e-05 0.000345103 0.00229333 0.0104252 0.0324366 0.0691098 0.100869 0.100874 0.0691374 0.0325314 0.0107088 0.00304173 0.0020992 0.00371868 0.00700665 0.0122146 0.0197709 0.0299673 0.0426714 0.0569358 0.0707407 0.0812584 0.085776 0.0828765 0.0731557
 1.1961e-16 4.02878e-05 0.000391612 0.0026024 0.0118302 0.0368082 0.0784248 0.11447 0.114499 0.0785705 0.0372975 0.013244 0.00615324 0.00815048 0.0148007 0.0244804 0.0354684 0.0451154 0.0508418 0.0516847 0.0489807 0.0454989 0.0436549 0.0441541 0.0458991 0.0469386
 1.1357e-16 4.23743e-05 0.000411893 0.00273718 0.0124428 0.0387144 0.0824863 0.120398 0.120429 0.0826379 0.0392238 0.0139152 0.00643775 0.00850595 0.0154611 0.0256171 0.0371942 0.0474095 0.0534612 0.0540974 0.0503509 0.0447684 0.0397698 0.0364304 0.0344014 0.0326566
 1.09569e-16 4.29217e-05 0.000417215 0.00277254 0.0126036 0.0392146 0.083552 0.121953 0.121985 0.0837064 0.0397332 0.0141028 0.00654043 0.0086583 0.0157409 0.0260785 0.0378559 0.0482291 0.0543244 0.0548297 0.0507409 0.0445835 0.0387645 0.034367 0.0311051 0.0280986
 1.08977e-16 4.24694e-05 0.000412817 0.00274332 0.0124707 0.0388013 0.0826715 0.120668 0.1207 0.0828291 0.039331 0.0140018 0.00659131 0.00882888 0.016073 0.0266287 0.0386487 0.0492246 0.0554135 0.0558643 0.0515822 0.0451376 0.038989 0.0342574 0.0306819 0.0274062
 1.0918e-16 4.17386e-05 0.000405714 0.00269611 0.0122562 0.0381336 0.0812489 0.118592 0.118624 0.0814078 0.0386675 0.0137994 0.00657513 0.0088908 0.0162072 0.0268617 0.0390079 0.0497253 0.0560567 0.0566421 0.052484 0.0461478 0.0400768 0.0353684 0.0317423 0.0283404
 1.08941e-16 4.38465e-05 0.000426204 0.00283228 0.0128751 0.0400595 0.0853521 0.12458 0.124611 0.0855015 0.0405614 0.0143261 0.00647944 0.00840471 0.0152459 0.0252658 0.036701 0.0468084 0.0528146 0.0534463 0.0496462 0.0438184 0.0382439 0.0339327 0.0305999 0.0274238
 1.08415e-16 4.36384e-05 0.000424181 0.00281883 0.012814 0.0398694 0.0849471 0.123989 0.124021 0.0851026 0.0403919 0.0143244 0.00661435 0.00872386 0.0158478 0.0262405 0.0380565 0.048411 0.0543873 0.0546478 0.0501955 0.0435961 0.0373179 0.0325091 0.0289394 0.0257662
 1.08875e-16 4.0958e-05 0.000398126 0.00264569 0.0120269 0.0374205 0.0797295 0.116375 0.116408 0.0798942 0.0379737 0.013626 0.00666449 0.00918768 0.0167826 0.0278085 0.0403582 0.0513934 0.057835 0.0582636 0.0537196 0.0468804 0.0403142 0.0352041 0.0313025 0.0277471
 1.0977e-16 4.05888e-05 0.000394538 0.00262184 0.0119185 0.0370832 0.0790108 0.115325 0.115358 0.0791705 0.0376197 0.0134697 0.00652129 0.00892671 0.0163028 0.0270406 0.0393105 0.0502002 0.0567579 0.0576248 0.0537915 0.0477904 0.0420095 0.037483 0.0338838 0.0303442
 1.10504e-16 3.99723e-05 0.000388545 0.00258202 0.0117375 0.0365199 0.0778108 0.113574 0.113607 0.0779718 0.0370609 0.0133016 0.0065139 0.00899145 0.0164365 0.0272629 0.0396325 0.0506117 0.0572306 0.058131 0.0543292 0.0483961 0.0427473 0.0384141 0.0350323 0.0316766
 1.10829e-16 4.03281e-05 0.000392003 0.002605 0.011842 0.036845 0.0785033 0.114585 0.114617 0.0786611 0.0373753 0.0133754 0.00646005 0.00882773 0.0161209 0.0267449 0.0388964 0.049708 0.0562778 0.0572813 0.0537134 0.0480823 0.0427339 0.0386513 0.0354515 0.0322096
 1.10385e-16 4.18554e-05 0.000406849 0.00270366 0.0122905 0.0382403 0.0814762 0.118924 0.118955 0.0816298 0.0387562 0.0137819 0.00645303 0.00861023 0.0156763 0.0259947 0.0377859 0.0482492 0.0545538 0.0554098 0.0517954 0.0461735 0.0408571 0.0368308 0.0337363 0.0306681
 1.09559e-16 4.29324e-05 0.000417319 0.00277323 0.0126067 0.0392243 0.0835728 0.121983 0.122015 0.0837259 0.0397388 0.0140939 0.00651112 0.00859356 0.0156197 0.025883 0.0375861 0.0479148 0.0540256 0.05462 0.0506804 0.044696 0.0390289 0.0347267 0.0314867 0.0284332
 1.0886e-16 4.32839e-05 0.000420735 0.00279593 0.0127099 0.0395454 0.0842569 0.122982 0.123014 0.0844114 0.0400646 0.0142106 0.00656741 0.00866926 0.0157542 0.0260964 0.0378729 0.0482307 0.0542846 0.0547119 0.0505017 0.0441789 0.0381589 0.033543 0.0300732 0.0269025
 1.08478e-16 4.37144e-05 0.000424919 0.00282374 0.0128363 0.0399388 0.0850949 0.124205 0.124236 0.0852482 0.0404538 0.0143252 0.00656569 0.00860891 0.0156318 0.0258926 0.0375771 0.0478527 0.0538543 0.0542644 0.0500574 0.0437316 0.03768 0.0329995 0.0294478 0.0262052
 1.08039e-16 4.45777e-05 0.000433311 0.00287951 0.0130898 0.0407275 0.0867754 0.126658 0.126689 0.0869268 0.041236 0.0145598 0.00657358 0.0085118 0.0154293 0.0255487 0.0370631 0.047167 0.0530237 0.0533282 0.0490455 0.0426552 0.0365413 0.0318106 0.0282434 0.0250395
 1.07651e-16 4.50916e-05 0.000438306 0.0029127 0.0132407 0.041197 0.0877757 0.128118 0.128149 0.0879266 0.0417037 0.0147053 0.00659309 0.00848613 0.0153693 0.0254425 0.0368953 0.0469244 0.0526949 0.0529012 0.0485056 0.0419894 0.0357473 0.0309069 0.0272722 0.0240604
 1.06336e-16 5.02244e-05 0.000488199 0.00324426 0.0147479 0.0458864 0.0977669 0.142699 0.142726 0.0978983 0.0463281 0.0160244 0.00645172 0.00750123 0.0134021 0.0221633 0.0321263 0.040832 0.0458016 0.045892 0.0419432 0.0361275 0.03055 0.026216 0.0229752 0.0201579
 1.04252e-16 5.52889e-05 0.000537428 0.0035714 0.0162351 0.0505135 0.107625 0.157087 0.157112 0.107744 0.0509139 0.0173922 0.00647758 0.00688689 0.0121296 0.020006 0.0289106 0.0365605 0.0406636 0.0401626 0.0358461 0.02977 0.023976 0.0195182 0.0163648 0.0139405
 1.03163e-16 5.51225e-05 0.00053581 0.00356065 0.0161862 0.0503614 0.107301 0.156615 0.156641 0.107428 0.0507868 0.0174151 0.00664623 0.00727417 0.0128599 0.0211921 0.0305678 0.038534 0.0426233 0.0416919 0.0365848 0.0295322 0.0227863 0.0175678 0.0139327 0.0113208
 1.02709e-16 5.70347e-05 0.000554397 0.00368417 0.0167477 0.0521084 0.111023 0.162047 0.162071 0.111141 0.0525027 0.0178867 0.0065442 0.00680088 0.011929 0.0196536 0.0283588 0.0357705 0.039603 0.0387917 0.0341066 0.0275948 0.0213237 0.0164139 0.0129246 0.0103615
 1.02455e-16 5.65179e-05 0.000549374 0.00365079 0.016596 0.0516363 0.110018 0.160579 0.160604 0.11014 0.0520487 0.0177872 0.00664145 0.00707944 0.0124625 0.0205242 0.0295848 0.037253 0.0411248 0.0400826 0.0349451 0.0278869 0.0211172 0.0158536 0.0121849 0.00959317
 1.03172e-16 4.98468e-05 0.000484529 0.00321987 0.0146371 0.0455415 0.0970321 0.141628 0.141659 0.0971845 0.0460532 0.0161152 0.00693113 0.00858946 0.0154519 0.0254903 0.03677 0.046352 0.0512639 0.0501192 0.0439184 0.0353282 0.0270498 0.0205606 0.0159578 0.012613
 1.04601e-16 4.72381e-05 0.000459171 0.00305135 0.013871 0.0431581 0.091954 0.134216 0.134247 0.0921067 0.0436711 0.0153536 0.00677584 0.0085995 0.0155357 0.0256832 0.0371659 0.0470968 0.052549 0.0521502 0.0468552 0.039211 0.0317435 0.0257531 0.0212239 0.0175214
 1.05977e-16 4.52787e-05 0.000440125 0.00292479 0.0132957 0.0413679 0.0881399 0.12865 0.128681 0.0882959 0.0418918 0.0148096 0.00672859 0.00875579 0.0158733 0.0262621 0.0380429 0.0482934 0.0540521 0.0539401 0.0489381 0.0416239 0.0345218 0.0288794 0.0245944 0.0209521
 1.07122e-16 4.38801e-05 0.00042653 0.00283444 0.012885 0.0400902 0.0854175 0.124676 0.124708 0.0855747 0.0406182 0.0144114 0.00667014 0.00881401 0.0160149 0.0265158 0.0384502 0.0488953 0.0548891 0.0550573 0.0503856 0.0434435 0.0367201 0.0314038 0.0273269 0.0237271
 1.07752e-16 4.40384e-05 0.000428069 0.00284467 0.0129315 0.0402348 0.0857257 0.125126 0.125157 0.0858793 0.0407509 0.0144234 0.00659402 0.00862794 0.0156614 0.0259384 0.0376361 0.0479105 0.053882 0.0542198 0.0498895 0.0433885 0.0371183 0.032196 0.0284108 0.0249814
 1.08003e-16 4.37072e-05 0.00042485 0.00282328 0.0128342 0.0399322 0.085081 0.124185 0.124217 0.0852364 0.0404541 0.0143428 0.00661424 0.00871514 0.0158316 0.0262173 0.0380312 0.0483944 0.0543932 0.0546851 0.0502567 0.0436501 0.0373118 0.0323827 0.0286467 0.0252957
 1.08339e-16 4.2749e-05 0.000415536 0.00276138 0.0125529 0.0390568 0.0832158 0.121463 0.121495 0.083374 0.0395882 0.0140891 0.00662219 0.00885917 0.0161245 0.0267099 0.038757 0.049341 0.0555001 0.0558688 0.051448 0.044815 0.0384451 0.0334837 0.0297005 0.0262708
 1.08706e-16 4.26096e-05 0.000414181 0.00275238 0.0125119 0.0389295 0.0829445 0.121067 0.121099 0.0831009 0.039455 0.0140312 0.00657087 0.00876653 0.0159542 0.0264371 0.0383844 0.0489156 0.0551143 0.0556372 0.0514686 0.0451363 0.0390531 0.0343122 0.0306538 0.0272484
 1.08975e-16 4.21958e-05 0.000410158 0.00272565 0.0123904 0.0385514 0.082139 0.119891 0.119923 0.0822969 0.0390819 0.013924 0.00658013 0.00884105 0.0161029 0.0266835 0.0387395 0.0493636 0.0556128 0.0561347 0.0519293 0.0455565 0.039458 0.0347372 0.031123 0.0277621
 1.09328e-16 4.16149e-05 0.000404512 0.00268813 0.0122198 0.0380207 0.0810082 0.118241 0.118273 0.081167 0.038554 0.0137618 0.00656384 0.00888267 0.0161947 0.0268434 0.0389866 0.0497098 0.0560616 0.0566863 0.0525854 0.0463187 0.0403196 0.0356737 0.0320902 0.0287039
pSPR Fmed_Fpbrs
0.601426   0.287053 0.287053
Fs Fmed_Fpbrs
0.34   1.005 1.005
SSBpbr Bo_Bmed_Bpbrs
2.67522e+06  1.47519e+06  634170 634170
Ro
269500
SPR SPRFo_SPRFmed_SPRFpbrs
1.94157e+06 1.16771e+06 557333
Fref
1.005
Nvult_r0
 209516 82609.7 26770.6 8436.31 3865.94
CTP_r0
 70071.1 41407.9 13418.7 4228.67 1937.79
YTP_r0
1.77464e+06
Np
 269500 59983.3 12366.8 4057.88 1492.08
Nvult_p0
 209516 51906 10701.5 3511.44 1291.15
CTP_p0
 70071.1 39834.2 13070.7 4235.69 1756.15
 70071.1 26017.7 5364.09 1760.1 647.186
YTP_p0
 1.73262e+06 1.1894e+06
CBA_c0
1.76203e+06
log_Ro
12.3243
likeval ReclasPelacesDesembMPH_pf_preclas_ppelaces_ptallas_desvR_qrecl_qpela
 121.697 80.5481 9.62971 251.587 259.524 173.426 117.817 0 0 0 0 45.753 0 0 0
q_reclas_q_pelaces
1 1
M
1
N
 269500 16510.8 163938 4650.42 2986.52
 269500 92695 5309.56 52719.5 2455.9
 269500 89530.6 27808.5 1592.87 16552.6
 269500 91870.2 28281.3 8784.26 5731.87
 269500 89621.2 27616.9 8501.57 4363.66
 269500 95931.9 30868.5 9512.16 4431.21
 269500 91077.1 29782.4 9583.23 4328.77
 269500 84808.8 24517.1 8017.14 3744.98
 269500 97671.9 30280.2 8753.6 4199.55
 269500 95201.7 33131.2 10271.3 4393.83
 269500 95567.9 32542.2 11325 5012.9
 269500 97882.7 34269.1 11669.1 5858.52
 269500 91842.8 30901.1 10818.6 5533.39
 269500 91749.3 28935.4 9735.51 5151.75
 269500 88845.8 27105.3 8548.33 4398.12
 269500 92491.8 28446 8678.39 4145.1
 269500 86247.9 25750.1 7919.49 3570.11
 269500 90263.6 26299.8 7852.03 3503.55
 269500 83927.3 23795.7 6933.26 2993.61
 269500 68197.1 14608.8 4141.98 1727.92
 269500 69458.2 12313.8 2637.78 1059.88
 269500 73413.5 14010.5 2483.83 745.86
 269500 60123.7 9932.2 1895.5 436.948
 269500 81677.8 15011.8 2479.89 582.369
 269500 85148.1 22163.2 4073.44 830.942
 269500 86510.7 23850.3 6208 1373.73
 269500 91535.7 27128.7 7479.17 2377.54
 269500 89625.4 27518.9 8155.88 2963.28
 269500 89010.2 26576 8159.98 3297.08
 269500 91810.8 28080.5 8384.06 3614.42
 269500 92835.3 29614.1 9057.53 3870.18
 269500 90699.2 28582.4 9117.67 3980.22
 269500 95465.1 30936.5 9749.13 4467.54
pred_Ctot
 11141.2 1327.99 13185.8 374.041 240.211
 16655.7 10992.9 629.669 6252.09 291.249
 12575.5 8099.05 2515.59 144.093 1497.37
 16497.3 10795.7 3323.34 1032.24 673.554
 5533.08 3630.17 1118.64 344.362 176.753
 13956.7 9597.99 3088.39 951.692 443.342
 24946.8 15841.2 5180.12 1666.83 752.912
 2531.51 1583.39 457.738 149.681 69.9194
 6795.4 4843.69 1501.64 434.103 208.262
 6162.07 4287.9 1492.24 462.622 197.899
 2168.4 1529.71 520.888 181.275 80.2391
 12623.2 8887.12 3111.41 1059.48 531.916
 12785.8 8442.74 2840.62 994.51 508.663
 17853.4 11628 3667.16 1233.84 652.914
 11494.4 7366.07 2247.26 708.729 364.641
 22411.6 14546 4473.64 1364.83 651.89
 15375.5 9472.55 2828.11 869.792 392.103
 26503.3 16613.1 4840.51 1445.18 644.833
 54811.7 29670.1 8412.27 2451.05 1058.3
 52501.1 23235.2 4977.3 1411.2 588.712
 45303.8 20812.7 3689.75 790.395 317.586
 69807.1 31745.8 6058.49 1074.07 322.528
 30488.6 12600.4 2081.54 397.248 91.5733
 24348.3 13886.7 2552.28 421.627 99.0136
 21949.4 13130.3 3417.69 628.146 128.136
 13157.7 8176.28 2254.13 586.728 129.834
 16489.9 10751.8 3186.54 878.504 279.266
 17565.8 11183.9 3433.95 1017.73 369.773
 12678.9 8116.09 2423.24 744.04 300.633
 10897.5 7227.34 2210.5 659.993 284.527
 14615.4 9710.5 3097.61 947.41 404.818
 6339.93 4201.17 1323.93 422.329 184.363
 12633 8674.17 2810.96 885.828 405.931
F
 0.0672519 0.134504 0.134504 0.134504 0.134504
 0.101986 0.203973 0.203973 0.203973 0.203973
 0.0761902 0.15238 0.15238 0.15238 0.15238
 0.100974 0.201949 0.201949 0.201949 0.201949
 0.0329282 0.0658564 0.0658564 0.0658564 0.0658564
 0.0848606 0.169721 0.169721 0.169721 0.169721
 0.156168 0.312335 0.312335 0.312335 0.312335
 0.0149531 0.0299062 0.0299062 0.0299062 0.0299062
 0.040569 0.0811379 0.0811379 0.0811379 0.0811379
 0.0367294 0.0734588 0.0734588 0.0734588 0.0734588
 0.0127968 0.0255937 0.0255937 0.0255937 0.0255937
 0.0764886 0.152977 0.152977 0.152977 0.152977
 0.0775066 0.155013 0.155013 0.155013 0.155013
 0.109665 0.219329 0.219329 0.219329 0.219329
 0.0694471 0.138894 0.138894 0.138894 0.138894
 0.139341 0.278681 0.278681 0.278681 0.278681
 0.0938329 0.187666 0.187666 0.187666 0.187666
 0.166615 0.33323 0.33323 0.33323 0.33323
 0.374165 0.748329 0.748329 0.748329 0.748329
 0.355842 0.711684 0.711684 0.711684 0.711684
 0.300459 0.600917 0.600917 0.600917 0.600917
 0.500163 1.00033 1.00033 1.00033 1.00033
 0.193784 0.387568 0.387568 0.387568 0.387568
 0.152174 0.304348 0.304348 0.304348 0.304348
 0.136298 0.272596 0.272596 0.272596 0.272596
 0.0798375 0.159675 0.159675 0.159675 0.159675
 0.100927 0.201855 0.201855 0.201855 0.201855
 0.107816 0.215632 0.215632 0.215632 0.215632
 0.0768372 0.153674 0.153674 0.153674 0.153674
 0.0657397 0.131479 0.131479 0.131479 0.131479
 0.0890179 0.178036 0.178036 0.178036 0.178036
 0.0378064 0.0756129 0.0756129 0.0756129 0.0756129
 0.0765502 0.1531 0.1531 0.1531 0.1531
YTP_r0W_actual
 528336 722567 322987 132442 68307.1
YTP_p0W_proyectada
 528336 695107 314611 132662 61904.3
 528336 454009 129114 55126.3 22813.3
CTP_r0_actual
 70071.1 41407.9 13418.7 4228.67 1937.79
CTP_p0_proyectada
 70071.1 39834.2 13070.7 4235.69 1756.15
 70071.1 26017.7 5364.09 1760.1 647.186
Wmedp
 7.54 17.45 24.07 31.32 35.25
Frms_r0
 0.5025 1.005 1.005 1.005 1.005
Zrms_r0
 1.5025 2.005 2.005 2.005 2.005
nmprior
 7.29 8.9 8.7 0
nm_flota  nm_reclas  nm_pelaces    nm_pelaL
inf 4.41327 7.55156 16.9532
cv_recla  cv_pelaces  cv_mph
0.955367 0.983147 2.11958
 ------------------------------------------------
Talla a la edad & desviaci?n 
 8 13.2811 15.8009 17.003 17.5766
 0.8 1.32811 1.58009 1.7003 1.75766
