years
 1991 1992 1993 1994 1995 1996 1997 1998 1999 2000 2001 2002 2003 2004 2005 2006 2007 2008 2009 2010 2011 2012 2013 2014 2015 2016 2017 2018 2019
reclasobs
 0 0 0 0 0 0 0 0 0 252601 567819 844713 477998 351125 339783 2.1784e+06 2.13404e+06 4.81314e+06 1.55562e+06 2.62356e+06 3.21686e+06 3.843e+06 1.13348e+06 3.07943e+06 1.97215e+06 2.03268e+06 2.025e+06 2.42433e+06 2.27542e+06
reclaspred
 3.26134e+06 1.7782e+06 895380 934587 954742 1.67761e+06 934351 803417 564157 375116 552656 810671 685175 352754 543586 1.39283e+06 1.20622e+06 2.81669e+06 2.24926e+06 1.83085e+06 3.22225e+06 2.63758e+06 1.95976e+06 3.04777e+06 2.29905e+06 2.03301e+06 2.4664e+06 2.48714e+06 1.94679e+06
pelacesobs
 0 0 0 0 0 0 0 0 0 0 0 0 0 0 0 552880 188675 0 991730 2.46772e+06 1.41603e+06 1.21717e+06 2.29649e+06 1.80582e+06 0 1.4828e+06 1.56532e+06 1.57751e+06 1.42118e+06
pelacespred
 1.88755e+06 1.11995e+06 547150 457923 517057 926015 462459 526870 336637 202846 320712 399391 367443 170339 300776 654267 599901 1.56081e+06 1.27733e+06 936578 1.70247e+06 1.4659e+06 1.14269e+06 1.90741e+06 1.4001e+06 1.24834e+06 1.69598e+06 1.5506e+06 1.13242e+06
mphobs
 0 0 0 0 0 0 0 0 0 0 0 0 498337 0 5186 125008 0 168611 109162 213762 579715 649985 157893 87575 83554 210694 70296 0 107559
mphpred
 584578 390927 186807 103215 114816 140311 194284 102551 93264.1 57337.2 34521.4 79937.8 97793 59755.8 23063.2 55924.2 180230 154367 305400 362854 432401 513369 110869 89921.2 135871 108339 93458 105276 134195
desembarqueobs
 494567 514787 250237 358949 120608 361735 552515 73892 212993 205616 52469 317467 293654 387597 252695 516296 358380 742168 942051 627588 828172 859565 418607 520667 417249 300574 415391 372974 316634
desembarquepred
 494570 513968 250627 358978 120613 361739 552534 73897.3 213055 205672 52471.1 317490 293734 387720 252639 516214 358408 742012 941662 627320 828242 859532 418612 520696 417222 300572 415378 372936 316620
Reclutas
 166225 94054.4 91580.6 141649 113833 208658 82767.3 34771.4 33591.9 45214.8 91180.7 139748 85257.5 53406.1 81319.5 345903 69055.7 497082 318157 290133 352194 486665 90919 265312 243996 101517 231641 234787 79863.4
log_desv_Rt
 0.215574 -0.353896 -0.38055 0.0555788 -0.163035 0.442927 -0.481737 -1.34898 -1.38349 -1.08634 -0.384927 0.0420711 -0.452094 -0.919845 -0.499384 0.948387 -0.662857 1.31099 0.864773 0.772568 0.966411 1.28981 -0.387801 0.683137 0.59938 -0.277543 0.54742 0.560908 -0.517453
SSB
 1.8797e+06 1.25702e+06 600675 331887 369187 451168 624718 329751 299889 184367 111003 257039 299422 187409 71577.8 174084 579526 496366 1.01445e+06 720019 880134 1.09745e+06 1.04633e+06 813855 1.15364e+06 976108 793434 860360 1.13793e+06
BT
 2.68332e+06 1.84633e+06 897698 866719 731439 1.47741e+06 1.04956e+06 719081 626722 449236 452784 765390 721304 615816 639874 1.26337e+06 1.01158e+06 2.66253e+06 2.49284e+06 1.70279e+06 2.82688e+06 2.61192e+06 1.75368e+06 2.90845e+06 2.09759e+06 1.79548e+06 2.57052e+06 2.2938e+06 1.62515e+06
Ftot
 0.21863 0.403794 0.397353 0.583833 0.193315 0.342894 0.808568 0.139616 0.559181 0.796663 0.160511 0.602654 0.632578 1.495 0.771557 0.621915 0.429423 0.43518 0.624992 0.528005 0.400101 0.500519 0.308426 0.276073 0.27366 0.21929 0.269887 0.241589 0.230544
BD_Bspro_t
 0.965624 0.764886 0.550003 0.447451 0.4447 0.544161 0.549038 0.351798 0.409299 0.343708 0.296663 0.581609 0.474617 0.317425 0.154361 0.305033 0.471814 0.418733 0.527118 0.413501 0.412375 0.462148 0.47776 0.455182 0.576114 0.592512 0.597637 0.643916 0.688084
BD_Bspro
 1.97391 1.32002 0.630782 0.348521 0.387691 0.473781 0.656029 0.346278 0.31492 0.193607 0.116567 0.269922 0.314429 0.196802 0.0751653 0.182809 0.608573 0.521244 1.06529 0.756108 0.924247 1.15246 1.09877 0.854646 1.21146 1.02503 0.833202 0.903482 1.19497
BD_Bo
 1.4377 0.96144 0.459431 0.253846 0.282376 0.345079 0.47782 0.252212 0.229372 0.141014 0.0849016 0.196598 0.229015 0.143341 0.0547468 0.133149 0.443255 0.379649 0.775908 0.550712 0.673177 0.839396 0.800291 0.622483 0.882373 0.746584 0.606864 0.658053 0.870358
BD_Brms
 8.34744 5.58221 2.6675 1.47386 1.6395 2.00356 2.77427 1.46437 1.33176 0.818743 0.492947 1.14147 1.32968 0.832253 0.317865 0.773077 2.57358 2.20428 4.505 3.19749 3.90853 4.87361 4.64657 3.6142 5.12314 4.33474 3.52351 3.82072 5.05338
Sel_flota
 0.749915 1 1 1 1
 0.749915 1 1 1 1
 0.749915 1 1 1 1
 0.749915 1 1 1 1
 0.749915 1 1 1 1
 0.749915 1 1 1 1
 0.749915 1 1 1 1
 0.749915 1 1 1 1
 0.749915 1 1 1 1
 0.749915 1 1 1 1
 0.749915 1 1 1 1
 0.749915 1 1 1 1
 0.749915 1 1 1 1
 0.749915 1 1 1 1
 0.749915 1 1 1 1
 0.749915 1 1 1 1
 0.749915 1 1 1 1
 0.749915 1 1 1 1
 0.749915 1 1 1 1
 0.749915 1 1 1 1
 0.749915 1 1 1 1
 0.749915 1 1 1 1
 0.749915 1 1 1 1
 0.749915 1 1 1 1
 0.749915 1 1 1 1
 0.749915 1 1 1 1
 0.749915 1 1 1 1
 0.749915 1 1 1 1
 0.749915 1 1 1 1
Sel_reclas
 1 1 1 1 1
 1 1 1 1 1
 1 1 1 1 1
 1 1 1 1 1
 1 1 1 1 1
 1 1 1 1 1
 1 1 1 1 1
 1 1 1 1 1
 1 1 1 1 1
 1 1 1 1 1
 1 1 1 1 1
 1 1 1 1 1
 1 1 1 1 1
 1 1 1 1 1
 1 1 1 1 1
 1 1 1 1 1
 1 1 1 1 1
 1 1 1 1 1
 1 1 1 1 1
 1 1 1 1 1
 1 1 1 1 1
 1 1 1 1 1
 1 1 1 1 1
 1 1 1 1 1
 1 1 1 1 1
 1 1 1 1 1
 1 1 1 1 1
 1 1 1 1 1
 1 1 1 1 1
Sel_pelaces
 0.900326 1 1 1 1
 0.900326 1 1 1 1
 0.900326 1 1 1 1
 0.900326 1 1 1 1
 0.900326 1 1 1 1
 0.900326 1 1 1 1
 0.900326 1 1 1 1
 0.900326 1 1 1 1
 0.900326 1 1 1 1
 0.900326 1 1 1 1
 0.900326 1 1 1 1
 0.900326 1 1 1 1
 0.900326 1 1 1 1
 0.900326 1 1 1 1
 0.900326 1 1 1 1
 0.900326 1 1 1 1
 0.900326 1 1 1 1
 0.900326 1 1 1 1
 0.900326 1 1 1 1
 0.900326 1 1 1 1
 0.900326 1 1 1 1
 0.900326 1 1 1 1
 0.900326 1 1 1 1
 0.900326 1 1 1 1
 0.900326 1 1 1 1
 0.900326 1 1 1 1
 0.900326 1 1 1 1
 0.900326 1 1 1 1
 0.900326 1 1 1 1
pf_obs 
 0.8446 0.082 0.0669 0.0065 0
 0.8095 0.147 0.0364 0.0071 0
 0.9664 0.0169 0.016 0.0007 0
 0.9276 0.0648 0.0075 0.0001 0
 0.7033 0.2144 0.0806 0.0017 0
 0.9318 0.0425 0.0243 0.0014 0
 0.5671 0.3108 0.0964 0.0239 0.0018
 0.0768 0.2599 0.5324 0.112 0.0189
 0.490249 0.384438 0.106611 0.0170017 0.00170017
 0.7925 0.1577 0.0466 0.003 0.0002
 0.840416 0.127587 0.0312969 0.00059994 9.999e-05
 0.8084 0.0986 0.0794 0.0134 0.0002
 0.7335 0.1905 0.0724 0.0035 0.0001
 0.4001 0.4547 0.1325 0.0127 0
 0.49795 0.308269 0.164784 0.0264974 0.00249975
 0.9179 0.0499 0.0305 0.0017 0
 0.2467 0.6533 0.0926 0.0074 0
 0.9418 0.0223 0.034 0.0019 0
 0.707729 0.231977 0.0356964 0.0245975 0
 0.517169 0.277429 0.184464 0.0207286 0.00020938
 0.811772 0.124168 0.05621 0.00726502 0.000585176
 0.764997 0.148141 0.077277 0.00933861 0.000247198
 0.163321 0.427699 0.378323 0.0303852 0.000271297
 0.753843 0.0900009 0.118128 0.0371064 0.000921714
 0.721811 0.176058 0.0630433 0.0369309 0.00215725
 0.143369 0.312575 0.442814 0.0836902 0.0175525
 0.692698 0.0596174 0.167031 0.0765114 0.00414204
 0.394062 0.376323 0.152708 0.0712218 0.00568511
 0.125707 0.32114 0.495352 0.0537591 0.00404204
pf_pred 
 0.507483 0.139369 0.330276 0.0228719 8.64035e-07
 0.45336 0.320718 0.0639298 0.151501 0.0104919
 0.601543 0.215354 0.107428 0.021414 0.0542611
 0.753617 0.167886 0.0424257 0.0211637 0.0149083
 0.678946 0.262318 0.0400225 0.0101139 0.00859925
 0.768687 0.172037 0.0484315 0.00738931 0.00345499
 0.48106 0.427376 0.0681001 0.0191714 0.00429267
 0.48208 0.302635 0.177299 0.0282517 0.00973422
 0.563113 0.244181 0.112604 0.0659691 0.0141337
 0.745325 0.166073 0.0495208 0.0228365 0.0162452
 0.861022 0.113378 0.0166935 0.00497779 0.00392845
 0.769367 0.206255 0.0198881 0.00292827 0.00156228
 0.632551 0.305021 0.0558293 0.00538335 0.00121551
 0.624084 0.269542 0.0883012 0.0161621 0.00191032
 0.883284 0.0864124 0.0217285 0.00711819 0.00145687
 0.937791 0.0571936 0.00371323 0.000933698 0.00036848
 0.392919 0.580857 0.0241093 0.00156527 0.000548919
 0.910158 0.0430888 0.044734 0.00185675 0.000162822
 0.642019 0.334793 0.0111207 0.0115453 0.000521226
 0.693728 0.222051 0.0787652 0.00261631 0.00283883
 0.745507 0.194992 0.0431389 0.0153021 0.0010598
 0.762769 0.191183 0.0352819 0.00780558 0.00296053
 0.319744 0.559454 0.0973538 0.0179662 0.00548229
 0.753352 0.0977625 0.122446 0.0213075 0.00513209
 0.657302 0.277366 0.0258954 0.0324336 0.00700334
 0.436342 0.409863 0.124476 0.0116213 0.0176984
 0.744059 0.132097 0.0900529 0.0273491 0.00644196
 0.675031 0.260452 0.0332985 0.0227002 0.00851792
 0.386852 0.454791 0.126918 0.0162263 0.0152125
pobs_RECLAS
 0 0 0 0 0
 0 0 0 0 0
 0 0 0 0 0
 0 0 0 0 0
 0 0 0 0 0
 0 0 0 0 0
 0 0 0 0 0
 0 0 0 0 0
 0 0 0 0 0
 0 0 0 0 0
 0.991045 0.00858322 0.000360255 1.14367e-05 0
 0.934742 0.0480273 0.0164251 0.00080598 0
 0.827803 0.169806 0.00239088 0 0
 0.941827 0.0461693 0.0120037 0 0
 0.791401 0.0380133 0.147996 0.0225897 0
 0.846168 0.0940531 0.0597789 0 0
 0.134021 0.677848 0.182769 0.00536245 0
 0.80878 0.0450904 0.141981 0.00414843 0
 0.846168 0.0940531 0.0597789 0 0
 0.905697 0.0802665 0.012482 0.00150086 5.37128e-05
 0.989698 0.0102097 9.19794e-05 0 0
 0.975433 0.0193895 0.00387452 0.00125025 5.28907e-05
 0.303575 0.632131 0.0575291 0.00676475 0
 0.966965 0.00978017 0.0227588 0.000495775 0
 0.843318 0.132988 0.00938335 0.0141283 0.000182051
 0.564624 0.303363 0.111486 0.0197234 0.00080311
 0.826376 0.0876187 0.0782897 0.00655872 0.00115652
 0.89761 0.0855135 0.0140674 0.00269457 0.000114338
 0.34875 0.467042 0.161289 0.0227151 0.000203297
ppred_RECLAS
 0.580063 0.118831 0.281605 0.0195013 7.36706e-07
 0.527907 0.27698 0.0552115 0.13084 0.00906111
 0.670518 0.178075 0.0888314 0.0177071 0.0448682
 0.805888 0.132268 0.0334249 0.0166737 0.0117454
 0.739107 0.213163 0.0325228 0.0082187 0.00698786
 0.817238 0.135928 0.0382661 0.00583834 0.00272981
 0.55958 0.36271 0.057796 0.0162706 0.00364315
 0.554602 0.260258 0.152473 0.0242957 0.00837118
 0.636069 0.203405 0.0937997 0.0549528 0.0117735
 0.800358 0.130186 0.0388198 0.0179017 0.0127347
 0.892384 0.0877928 0.0129263 0.00385447 0.00304193
 0.81921 0.16168 0.01559 0.00229542 0.00122464
 0.700707 0.248444 0.0454738 0.00438481 0.000990047
 0.702854 0.213062 0.0697984 0.0127755 0.00151002
 0.911931 0.0652029 0.0163954 0.00537107 0.00109929
 0.953473 0.0427758 0.00277717 0.000698324 0.00027559
 0.466221 0.510722 0.0211983 0.00137628 0.00048264
 0.931852 0.032684 0.0339318 0.00140839 0.000123505
 0.709163 0.271999 0.00903489 0.00937984 0.000423465
 0.754164 0.178235 0.0632228 0.00210005 0.00227865
 0.797948 0.154812 0.0342498 0.012149 0.000841416
 0.813091 0.150629 0.0277978 0.00614984 0.00233253
 0.387175 0.503998 0.0877035 0.0161853 0.00493885
 0.803976 0.077697 0.0973143 0.0169342 0.00407875
 0.720306 0.226373 0.0211346 0.0264707 0.00571579
 0.509272 0.356832 0.10837 0.0101176 0.0154084
 0.796044 0.105266 0.071762 0.0217942 0.00513351
 0.735903 0.211666 0.0270612 0.0184481 0.00692239
 0.458315 0.401785 0.112126 0.0143351 0.0134395
pobs_PELACES
 0 0 0 0 0
 0 0 0 0 0
 0 0 0 0 0
 0 0 0 0 0
 0 0 0 0 0
 0 0 0 0 0
 0 0 0 0 0
 0 0 0 0 0
 0 0 0 0 0
 0 0 0 0 0
 0 0 0 0 0
 0 0 0 0 0
 0 0 0 0 0
 0 0 0 0 0
 0 0 0 0 0
 0 0 0 0 0
 0.505614 0.472636 0.0217494 0 0
 0 0 0 0 0
 0.443492 0.261883 0.143347 0.151278 0
 0.227955 0.32914 0.350689 0.0885471 0.00366901
 0.970185 0.0296113 0.000203453 0 0
 0.997202 0.00247181 0.000326279 0 0
 0.445219 0.490057 0.0546422 0.010081 0
 0.90214 0.0892962 0.00764917 0.000914606 0
 0 0 0 0 0
 0.581667 0.319106 0.0959925 0.00289975 0.000334073
 0.762889 0.0836404 0.116647 0.0363945 0.000428098
 0.88444 0.0763242 0.0277011 0.0115352 0
 0.521256 0.241999 0.230069 0.00667565 0
ppred_PELACES
 0.558746 0.124863 0.295899 0.0204912 7.74102e-07
 0.510017 0.287477 0.0573038 0.135798 0.0094045
 0.654374 0.186801 0.0931839 0.0185747 0.0470666
 0.796845 0.13843 0.034982 0.0174505 0.0122926
 0.721576 0.227488 0.0347083 0.00877099 0.00745744
 0.805503 0.144656 0.0407233 0.00621324 0.0029051
 0.550128 0.370494 0.0590363 0.0166198 0.00372134
 0.53141 0.27381 0.160412 0.0255608 0.00880706
 0.622341 0.211078 0.0973382 0.0570258 0.0122176
 0.794012 0.134324 0.0400537 0.0184707 0.0131395
 0.883251 0.095244 0.0140234 0.00418161 0.00330011
 0.810881 0.169128 0.0163082 0.00240117 0.00128106
 0.68952 0.257731 0.0471735 0.00454871 0.00102705
 0.706679 0.21032 0.0689 0.0126111 0.00149059
 0.908556 0.0677021 0.0170238 0.00557694 0.00114142
 0.951033 0.0450189 0.0029228 0.000734943 0.000290042
 0.448958 0.527239 0.0218838 0.00142079 0.000498249
 0.927332 0.0348518 0.0361825 0.00150181 0.000131696
 0.698023 0.282417 0.00938093 0.0097391 0.000439684
 0.742599 0.186619 0.0661969 0.00219884 0.00238585
 0.786094 0.163895 0.0362591 0.0128617 0.00089078
 0.803218 0.158585 0.0292662 0.00647469 0.00245574
 0.368479 0.519373 0.0903791 0.016679 0.00508953
 0.790694 0.0829613 0.103908 0.0180816 0.00435509
 0.703406 0.240051 0.0224116 0.0280702 0.00606117
 0.487551 0.372626 0.113167 0.0105655 0.0160905
 0.782284 0.112368 0.0766035 0.0232645 0.00547985
 0.719043 0.225178 0.0287888 0.0196258 0.00736431
 0.43706 0.41755 0.116525 0.0148976 0.0139668
pobs_pel_tallas
 0 0 0 0 0 0 0 0 0 0 0 0 0 0 0 0 0 0 0 0 0 0 0 0 0 0
 0 0 0 0 0 0 0 0 0 0 0 0 0 0 0 0 0 0 0 0 0 0 0 0 0 0
 0 0 0 0 0 0 0 0 0 0 0 0 0 0 0 0 0 0 0 0 0 0 0 0 0 0
 0 0 0 0 0 0 0 0 0 0 0 0 0 0 0 0 0 0 0 0 0 0 0 0 0 0
 0 0 0 0 0 0 0 0 0 0 0 0 0 0 0 0 0 0 0 0 0 0 0 0 0 0
 0 0 0 0 0 0 0 0 0 0 0 0 0 0 0 0 0 0 0 0 0 0 0 0 0 0
 0 0 0 0 0 0 0 0 0 0 0 0 0 0 0 0 0 0 0 0 0 0 0 0 0 0
 0 0 0 0 0 0 0 0 0 0 0 0 0 0 0 0 0 0 0 0 0 0 0 0 0 0
 0 0 0 0 0 0 0 0 0 0 0 0 0 0 0 0 0 0 0 0 0 0 0 0 0 0
 0 0 0 0 0 0 0 0 0 0 0 0 0 0 0 0 0 0 0 0 0 0 0 0 0 0
 0 0 0 0 0 0 0 0 0 0 0 0 0 0 0 0 0 0 0 0 0 0 0 0 0 0
 0 0 0 0 0 0 0 0 0 0 0 0 0 0 0 0 0 0 0 0 0 0 0 0 0 0
 0.00862536 0 0 0.000197151 0.00414017 0.0128641 0.00837892 0.0270097 0.101434 0.158115 0.152841 0.127902 0.109271 0.109419 0.0830992 0.0579132 0.0238553 0.00714673 0.00463305 0.00128148 0.00103504 0.000492878 0.000147863 0.000147863 4.92878e-05 0
 0 0 0 0 0 0 0 0 0 0 0 0 0 0 0 0 0 0 0 0 0 0 0 0 0 0
 0 0 0 0 0 0 0 0.0054083 0.00873648 0.0413646 0.0450493 0.0745869 0.0622846 0.0627006 0.0613931 0.0827291 0.12552 0.122667 0.0946155 0.0697135 0.0546179 0.0294188 0.0215738 0.0213955 0.0102223 0.00600262
 0 0 0 0 0.00359764 0.0251062 0.0480494 0.140153 0.205849 0.193036 0.1447 0.116669 0.0760912 0.0342217 0.00950174 0.001854 0.000860785 0 0 0 0.000165536 0 0.000143464 0 0 0
 0 0 0 0 0 0 0 0.000145254 0.000435761 0.0275982 0.070085 0.0708112 0.156366 0.174668 0.174014 0.160142 0.0824315 0.0480064 0.0283245 0.00493863 0.00203355 0 0 0 0 0
 0 0 0 0 0 0 0 0 0 0 0 0 0 0 0 0 0 0 0 0 0 0 0 0 0 0
 0 0 1.00437e-05 0.000401748 0.00122533 0.00171747 0.00176769 0.0269171 0.070346 0.194647 0.189555 0.159765 0.064822 0.0314167 0.0384472 0.0292271 0.0345202 0.0313363 0.0194345 0.0106764 0.0143323 0.0359363 0.0279516 0.0138201 0.00172751 0
 0 0.0021121 0.0136068 0.0755702 0.200478 0.177729 0.0527432 0.0373336 0.0318909 0.0142505 0.0149659 0.0166563 0.0217959 0.0798694 0.0677717 0.0528807 0.04013 0.0224614 0.0357745 0.0225083 0.00881397 0.00855152 0.00135912 0.000746735 0 0
 0 0 0 0 5.4009e-05 0.00500934 0.000945158 0.0243581 0.138947 0.33067 0.221406 0.137944 0.0707744 0.0437923 0.0131692 0.00525238 0.0047753 0.00276346 9.45158e-05 9.00151e-06 2.25038e-05 9.00151e-06 4.50075e-06 0 0 0
 0.000866109 0.00284123 0.00948549 0.0512746 0.133035 0.25785 0.225252 0.132002 0.0553304 0.0519788 0.0540692 0.017754 0.00435017 0.00159236 0.00146478 0.000404838 0.000125132 0.000115318 0.000107957 0.000100596 0 0 0 0 0 0
 0 0 0 0 0.00144013 0.00171154 0.00461396 0.0210425 0.0478622 0.0707936 0.0888783 0.103762 0.0637923 0.0337046 0.0602308 0.124433 0.169614 0.0934646 0.0462172 0.0250306 0.0313229 0.00938855 0.002487 0.000210481 0 0
 0 0.00764035 0.051015 0.0998891 0.058973 0.0496711 0.0374665 0.0718981 0.12319 0.153886 0.159021 0.0857701 0.0377988 0.023471 0.0147837 0.00900784 0.00315554 0.000888139 0.00291439 0.00214683 0.00393193 0.00274676 0.000635225 9.99891e-05 0 0
 0 0 0 0 0 0 0 0 0 0 0 0 0 0 0 0 0 0 0 0 0 0 0 0 0 0
 0 0 0 0 0 0 0 0 0 0 0 0 0 0 0 0 0 0 0 0 0 0 0 0 0 0
 0 0 0 0 0 0 0 0 0 0 0 0 0 0 0 0 0 0 0 0 0 0 0 0 0 0
 0 0 0 0 0 0 0 0 0 0 0 0 0 0 0 0 0 0 0 0 0 0 0 0 0 0
 0 0 0 0 0 0 0 0 0 0 0 0 0 0 0 0 0 0 0 0 0 0 0 0 0 0
ppred_pel_tallas
 1.10627e-16 4.60232e-05 0.000447362 0.00297288 0.0135143 0.042048 0.0895882 0.130759 0.130772 0.0896494 0.0422546 0.0141163 0.00450498 0.0038609 0.00673055 0.0115787 0.0178938 0.0250332 0.0322776 0.0391448 0.0454048 0.0507138 0.0542711 0.0549624 0.0519864 0.0454689
 1.16938e-16 4.20095e-05 0.000408347 0.00271361 0.0123357 0.0383811 0.081776 0.11936 0.119388 0.0819117 0.0388372 0.0136542 0.00602752 0.00765726 0.0138543 0.0229638 0.0333937 0.0427159 0.0485428 0.0499275 0.0479759 0.0450589 0.043224 0.0430355 0.0435626 0.043252
 1.12565e-16 5.39e-05 0.000523927 0.00348168 0.0158272 0.0492445 0.104921 0.153139 0.153157 0.10501 0.0495423 0.016689 0.00565072 0.0052785 0.0091418 0.0151823 0.0222332 0.028748 0.0331947 0.0349078 0.0344622 0.0331875 0.0322212 0.031861 0.0316152 0.0307255
 1.04876e-16 6.56351e-05 0.000637997 0.00423971 0.0192731 0.0599659 0.127764 0.186478 0.186492 0.12783 0.0601855 0.0199077 0.00583407 0.00412383 0.00670191 0.0110189 0.0159709 0.0203108 0.0228209 0.0229616 0.0211889 0.0186183 0.0163091 0.0147304 0.0137257 0.0128451
 1.03202e-16 5.94353e-05 0.000577732 0.00383923 0.0174526 0.0543017 0.115696 0.168867 0.168889 0.115803 0.0546615 0.018492 0.00644865 0.00627508 0.0108827 0.0179053 0.0258071 0.0324963 0.0358827 0.0350073 0.0306086 0.0246094 0.0189523 0.0146902 0.0118585 0.00993689
 1.02327e-16 6.63482e-05 0.000644928 0.00428578 0.0194825 0.0606174 0.129152 0.188505 0.188519 0.129221 0.0608468 0.0201456 0.00595166 0.00428669 0.00699772 0.0115027 0.0166546 0.0211331 0.0236328 0.0235423 0.0212837 0.0179827 0.0147499 0.0121479 0.0101571 0.00849143
 1.04095e-16 4.53134e-05 0.000440463 0.00292703 0.0133059 0.0413997 0.0882078 0.128749 0.128785 0.0883824 0.0419858 0.014999 0.00717746 0.00972116 0.0176768 0.029167 0.0420478 0.0529524 0.0584736 0.0570356 0.049818 0.0399247 0.0304971 0.0232484 0.0182665 0.0147658
 1.08753e-16 4.37716e-05 0.000425476 0.00282744 0.0128531 0.039991 0.0852061 0.124366 0.124393 0.0853361 0.0404281 0.014118 0.00601184 0.0074083 0.0133971 0.0223182 0.032705 0.0422956 0.0487777 0.0510373 0.0497083 0.0465093 0.0429568 0.0395427 0.035885 0.0314587
 1.1065e-16 5.12614e-05 0.000498279 0.00331124 0.0150524 0.0468338 0.0997852 0.145644 0.145664 0.0998853 0.0471702 0.0160257 0.00576046 0.00586593 0.0103079 0.0171259 0.0250613 0.0323642 0.0372909 0.0390717 0.038332 0.0365416 0.0349478 0.0338609 0.0327395 0.0308089
 1.05267e-16 6.54018e-05 0.000635728 0.00422464 0.0192046 0.0597527 0.12731 0.185815 0.185828 0.127373 0.059966 0.0198211 0.00577409 0.00402505 0.00652285 0.0107349 0.0155894 0.0198891 0.0224661 0.0228033 0.0213345 0.0191136 0.0171241 0.0157734 0.014874 0.0139783
 1.01407e-16 7.27522e-05 0.000707177 0.00469944 0.021363 0.0664682 0.141618 0.206697 0.206707 0.141663 0.0666189 0.0217981 0.00579182 0.00309219 0.00460336 0.00749802 0.0108013 0.0135991 0.015014 0.0146456 0.0128057 0.0103022 0.00795044 0.00619093 0.00503479 0.004258
 1.00972e-16 6.67912e-05 0.000649235 0.00431439 0.0196126 0.0610222 0.130015 0.189764 0.18978 0.130094 0.0612894 0.0203841 0.00625039 0.00487341 0.00808296 0.0132404 0.0190274 0.0238437 0.026105 0.0250794 0.0213206 0.016298 0.0115292 0.0078882 0.00548507 0.00398426
 1.02058e-16 5.67949e-05 0.000552067 0.00366868 0.0166773 0.0518894 0.110557 0.161366 0.161391 0.110678 0.0522973 0.0178555 0.00662689 0.00701207 0.0123318 0.0203131 0.0292922 0.0369068 0.0407786 0.0397933 0.0347418 0.0277491 0.0209784 0.0156291 0.0118092 0.00904876
 1.0356e-16 5.82082e-05 0.000565805 0.00375997 0.0170923 0.0531806 0.113308 0.16538 0.1654 0.113407 0.0535145 0.0180575 0.0061857 0.00587113 0.0101631 0.0167856 0.0243515 0.0309911 0.0348251 0.0349668 0.0320062 0.0275264 0.023069 0.0193842 0.0164087 0.0137414
 1.01262e-16 7.48365e-05 0.000727438 0.00483408 0.021975 0.0683725 0.145675 0.212618 0.212625 0.145707 0.0684798 0.0222852 0.00561326 0.00243051 0.0033155 0.00537912 0.00778015 0.00986526 0.0110225 0.0109705 0.00991556 0.00839448 0.00693365 0.00579425 0.00495378 0.00425694
 1.00219e-16 7.83354e-05 0.000761448 0.00506009 0.0230024 0.0715691 0.152486 0.222558 0.222563 0.152507 0.0716402 0.0232076 0.00557492 0.00188442 0.00220839 0.00351991 0.00504647 0.00631121 0.00688682 0.00657819 0.00553614 0.00415881 0.00285928 0.00187813 0.00124797 0.000876719
 1.00994e-16 3.69802e-05 0.000359461 0.00238875 0.0108589 0.0337864 0.0719874 0.105078 0.105129 0.0722352 0.0346183 0.0132606 0.00841294 0.013496 0.0249432 0.0410662 0.0588913 0.0735025 0.0799123 0.0758158 0.0629891 0.0461517 0.030241 0.0181955 0.0105025 0.00614031
 1.01227e-16 7.63831e-05 0.000742471 0.00493398 0.0224292 0.0697855 0.148685 0.217012 0.217015 0.148702 0.0698416 0.0225919 0.00534471 0.00164671 0.00181594 0.002939 0.00436021 0.00576023 0.00685865 0.00750866 0.00774856 0.00771584 0.00750403 0.00709625 0.00642201 0.00546407
 1.01395e-16 5.74953e-05 0.000558875 0.00371392 0.016883 0.0525293 0.11192 0.163357 0.163384 0.112053 0.0529749 0.0181694 0.00694081 0.00759568 0.0133996 0.0220039 0.0315584 0.0394075 0.0428909 0.040793 0.034086 0.0253105 0.0171038 0.0110034 0.0072079 0.00509806
 1.02583e-16 6.11669e-05 0.000594565 0.00395109 0.0179611 0.0558837 0.119067 0.173785 0.173803 0.119155 0.0561801 0.0188178 0.00610449 0.00530484 0.00903415 0.0149092 0.0216343 0.0275413 0.0309545 0.0310708 0.0283898 0.0242921 0.0201351 0.0166011 0.0136816 0.0110865
 1.02529e-16 6.47495e-05 0.000629389 0.00418251 0.0190131 0.0591569 0.126041 0.183963 0.183979 0.126118 0.0594165 0.0197633 0.00606685 0.00474666 0.00789525 0.0129791 0.0187593 0.0237355 0.0264216 0.0261311 0.0233692 0.0194568 0.0157027 0.0127772 0.010656 0.00897562
 1.01951e-16 6.616e-05 0.000643099 0.00427362 0.0194273 0.0604455 0.128786 0.18797 0.187986 0.128861 0.0606965 0.0201524 0.00609438 0.00461963 0.00762362 0.0125125 0.0180508 0.0227671 0.0252063 0.0246948 0.0217291 0.0176193 0.0136852 0.0106376 0.00850294 0.00694905
 1.05275e-16 3.03512e-05 0.000295025 0.00196055 0.00891239 0.02773 0.0590836 0.0862447 0.0862948 0.0593283 0.0285519 0.0112865 0.00792106 0.0133109 0.0247618 0.0409188 0.0590126 0.0743548 0.0821697 0.0802346 0.0701741 0.0563003 0.0429837 0.0326181 0.0253574 0.0201639
 1.05571e-16 6.51285e-05 0.000633072 0.00420699 0.0191244 0.059503 0.126778 0.185038 0.185046 0.126818 0.0596373 0.0195141 0.00519258 0.00280847 0.0042666 0.00713343 0.0106971 0.0143463 0.0174805 0.0197916 0.021363 0.022441 0.0230935 0.0230841 0.0220626 0.0198768
 1.04549e-16 5.79386e-05 0.000563184 0.00374256 0.0170131 0.0529343 0.112783 0.164615 0.164638 0.112896 0.0533137 0.0181089 0.00649267 0.00656572 0.0114554 0.0188416 0.0271294 0.0341127 0.0375972 0.0366055 0.0319768 0.0258095 0.0201993 0.0162421 0.0138826 0.0124238
 1.07144e-16 4.0159e-05 0.00039036 0.00259408 0.0117923 0.0366905 0.0781744 0.114105 0.114141 0.0783504 0.0372818 0.0135012 0.00688823 0.00977972 0.0179168 0.0296727 0.0430116 0.0546536 0.0612605 0.0612665 0.0557521 0.0475908 0.0396023 0.0331911 0.0282704 0.0240819
 1.055e-16 6.44357e-05 0.000626338 0.00416224 0.0189209 0.0588701 0.125429 0.18307 0.183081 0.125483 0.0590499 0.0194416 0.00547421 0.00350695 0.0055841 0.00925807 0.0136323 0.0177797 0.0207914 0.022242 0.0223919 0.0218965 0.0212744 0.0205883 0.0195447 0.0178365
 1.04103e-16 5.92267e-05 0.000575704 0.00382576 0.0173914 0.0541111 0.11529 0.168274 0.168296 0.115396 0.0544672 0.0184199 0.00640771 0.00621264 0.0107666 0.0177113 0.0255242 0.032139 0.0354986 0.0346766 0.0304348 0.0247055 0.0194202 0.0155933 0.0131921 0.0116113
 1.07328e-16 3.60002e-05 0.000349935 0.00232544 0.0105711 0.032891 0.0700791 0.102291 0.102331 0.0702763 0.0335531 0.0124849 0.0071337 0.010861 0.020041 0.0331864 0.0480627 0.0609831 0.0681912 0.0679289 0.0614262 0.0519473 0.0427122 0.0353504 0.0297951 0.0251915
pSPR Fmed_Fpbrs
0.551074   0.222233 0.222233
Fs Fmed_Fpbrs
0.34   1.005 1.005
SSBpbr Bo_Bmed_Bpbrs
1.30743e+06  655121  225183 225183
Ro
133991
SPR SPRFo_SPRFmed_SPRFpbrs
952271 524772 211626
Fref
1.005
Nvult_r0
 66036 62356.8 17401.8 2224.8 2085.8
CTP_r0
 28380 31256.2 8722.61 1115.18 1045.5
YTP_r0
1.04487e+06
Np
 213055 36888 3328.19 2834.77 897.625
Nvult_p0
 176167 31920.7 2880.02 2453.04 776.751
CTP_p0
 75710.7 10720.3 9130.98 2548.17 420.951
 75710.7 16000.1 1443.6 1229.58 389.344
YTP_p0
 1.07236e+06 937044
CBA_c0
1.05311e+06
log_Ro
11.6255
likeval ReclasPelacesDesembMPH_pf_preclas_ppelaces_ptallas_desvR_qrecl_qpela
 11.7566 16.7539 0.0291014 15.8962 200.55 104.295 88.5051 0 22.3241 6.72391e-06 2.23335e-05 0.136321 0 0 0
q_reclas_q_pelaces
1.44298 1.95098
M
1
N
 166225 34996.4 82934.4 5743.27 0.216965
 94054.4 51903.7 10346.2 24518.3 1697.97
 91580.6 25560.9 12750.8 2541.67 6440.37
 141649 25009.1 6319.94 3152.65 2220.81
 113833 33633.5 5131.54 1296.77 1102.57
 208658 36225.6 10198.2 1555.96 727.513
 82767.3 59356.2 9458.09 2662.63 596.188
 34771.4 16604.5 9727.8 1550.07 534.083
 33591.9 11520.1 5312.48 3112.33 666.809
 45214.8 8125 2422.77 1117.26 794.784
 91180.7 9152.21 1347.54 401.821 317.115
 139748 29739.4 2867.63 422.22 225.261
 85257.5 32717.2 5988.37 577.429 130.378
 53406.1 19517.2 6393.77 1170.28 138.323
 81319.5 6403.23 1610.1 527.464 107.955
 345903 16773.2 1088.98 273.827 108.064
 69055.7 79820 3313.05 215.096 75.4312
 497082 18409.8 19112.7 793.3 69.5659
 318157 131948 4382.86 4550.2 205.425
 290133 73248.1 25982.3 863.044 936.446
 352194 71835.5 15892.5 5637.33 390.432
 486665 95979.9 17712.6 3918.65 1486.28
 90919 123006 21404.9 3950.17 1205.38
 265312 26540.6 33241.7 5784.57 1393.26
 243996 79350.5 7408.31 9278.79 2003.56
 101517 73107.3 22202.7 2072.89 3156.86
 231641 31682.9 21598.8 6559.57 1545.08
 234787 69602.3 8898.57 6066.31 2276.3
 79863.4 72060.5 20109.8 2571.02 2410.39
pred_Ctot
 16103.3 4422.42 10480.2 725.765 0.0274174
 15919.9 11262.1 2244.92 5320 368.428
 15283 5471.37 2729.35 544.051 1378.58
 32891.2 7327.27 1851.64 923.677 650.664
 9826.29 3796.49 579.239 146.377 124.456
 30538.9 6834.8 1924.12 293.567 137.262
 24974.7 22187.7 3535.49 995.305 222.858
 2203.69 1383.41 810.473 129.145 44.4972
 7524.09 3262.65 1504.57 881.453 188.849
 13487.2 3005.21 896.116 413.243 293.968
 6601.09 869.224 127.982 38.1626 30.1178
 33315.1 8931.23 861.195 126.8 67.6496
 21151.8 10199.6 1866.87 180.014 40.6453
 24843.4 10729.9 3515.08 643.38 76.0456
 23658 2314.48 581.98 190.655 39.021
 84627.6 5161.23 335.088 84.2583 33.2521
 12336.7 18237.5 756.975 49.1458 17.2347
 89841.4 4253.29 4415.68 183.279 16.0721
 78155.5 40755.7 1353.77 1405.45 63.4509
 61919.3 19819.4 7030.25 233.521 253.382
 59132.6 15466.5 3421.72 1213.74 84.0615
 99246.6 24875.5 4590.66 1015.61 385.205
 12093.2 21159.4 3682.07 679.508 207.349
 31896.4 4139.19 5184.27 902.145 217.289
 29098.4 12278.8 1146.37 1435.82 310.034
 9862.3 9263.83 2813.43 262.667 400.024
 27275.2 4842.32 3301.1 1002.54 236.145
 24959.4 9630.29 1231.22 839.345 314.952
 8129.03 9556.65 2666.96 340.968 319.665
F
 0.163954 0.21863 0.21863 0.21863 0.21863
 0.302811 0.403794 0.403794 0.403794 0.403794
 0.297981 0.397353 0.397353 0.397353 0.397353
 0.437826 0.583833 0.583833 0.583833 0.583833
 0.14497 0.193315 0.193315 0.193315 0.193315
 0.257142 0.342894 0.342894 0.342894 0.342894
 0.606357 0.808568 0.808568 0.808568 0.808568
 0.104701 0.139616 0.139616 0.139616 0.139616
 0.419338 0.559181 0.559181 0.559181 0.559181
 0.59743 0.796663 0.796663 0.796663 0.796663
 0.12037 0.160511 0.160511 0.160511 0.160511
 0.45194 0.602654 0.602654 0.602654 0.602654
 0.47438 0.632578 0.632578 0.632578 0.632578
 1.12112 1.495 1.495 1.495 1.495
 0.578602 0.771557 0.771557 0.771557 0.771557
 0.466383 0.621915 0.621915 0.621915 0.621915
 0.322031 0.429423 0.429423 0.429423 0.429423
 0.326348 0.43518 0.43518 0.43518 0.43518
 0.468691 0.624992 0.624992 0.624992 0.624992
 0.395959 0.528005 0.528005 0.528005 0.528005
 0.300042 0.400101 0.400101 0.400101 0.400101
 0.375347 0.500519 0.500519 0.500519 0.500519
 0.231293 0.308426 0.308426 0.308426 0.308426
 0.207032 0.276073 0.276073 0.276073 0.276073
 0.205222 0.27366 0.27366 0.27366 0.27366
 0.164449 0.21929 0.21929 0.21929 0.21929
 0.202392 0.269887 0.269887 0.269887 0.269887
 0.181172 0.241589 0.241589 0.241589 0.241589
 0.172889 0.230544 0.230544 0.230544 0.230544
YTP_r0W_actual
 147576 640752 189281 32340.1 34919.8
YTP_p0W_proyectada
 570859 187069 219783 79808.6 14838.5
 570859 279203 34747.4 38510.4 13724.4
CTP_r0_actual
 28380 31256.2 8722.61 1115.18 1045.5
CTP_p0_proyectada
 75710.7 10720.3 9130.98 2548.17 420.951
 75710.7 16000.1 1443.6 1229.58 389.344
Wmedp
 7.54 17.45 24.07 31.32 35.25
Frms_r0
 0.753665 1.005 1.005 1.005 1.005
Zrms_r0
 1.75366 2.005 2.005 2.005 2.005
nmprior
 7.29 8.9 8.7 0
nm_flota  nm_reclas  nm_pelaces    nm_pelaL
inf 12.2993 15.2071 19.9641
cv_recla  cv_pelaces  cv_mph
0.325283 0.501306 0.575474
 ------------------------------------------------
Talla a la edad & desviaci?n 
 8 13.2811 15.8009 17.003 17.5766
 0.8 1.32811 1.58009 1.7003 1.75766
