years
 1991 1992 1993 1994 1995 1996 1997 1998 1999 2000 2001 2002 2003 2004 2005 2006 2007 2008 2009 2010 2011 2012 2013 2014 2015 2016 2017 2018 2019 2020 2021 2022
reclasobs
 0 0 0 0 0 0 0 0 0 252601 567819 844713 477998 351125 339783 2.1784e+06 2.13404e+06 4.81314e+06 1.55562e+06 2.62356e+06 3.21686e+06 3.843e+06 1.13348e+06 3.07943e+06 1.97215e+06 2.03268e+06 2.025e+06 2.42433e+06 2.27542e+06 1.05018e+06 2.36338e+06 3.18982e+06
reclaspred
 4.05836e+06 2.27606e+06 1.11529e+06 946241 1.02094e+06 1.52934e+06 1.02044e+06 820401 547800 363176 445440 666763 587315 238331 398404 1.27537e+06 1.84144e+06 2.47764e+06 2.57572e+06 2.17316e+06 3.80554e+06 2.78042e+06 2.19468e+06 2.57516e+06 2.18632e+06 2.05684e+06 2.56245e+06 2.66974e+06 2.7794e+06 1.87671e+06 1.87984e+06 2.73123e+06
pelacesobs
 0 0 0 0 0 0 0 0 0 0 0 0 0 0 0 552880 188675 0 991730 2.46772e+06 1.41603e+06 1.21717e+06 2.29649e+06 1.80582e+06 0 1.4828e+06 1.56532e+06 1.57751e+06 1.42118e+06 867257 1.10002e+06 1.06204e+06
pelacespred
 972133 578619 282354 192117 229877 342832 203963 209357 133646 78592.8 111786 131088 123589 40828.2 93769.3 264621 382072 561077 622052 497672 805821 675423 519367 658543 554985 504464 729437 728754 652923 497906 446908 639978
mphobs
 0 0 0 0 0 0 0 0 0 0 0 0 498337 0 5186 125008 0 168611 109162 213762 579715 649985 157893 87575 83554 210694 70296 0 107559 103333 445601 22526
mphpred
 2.00727e+06 1.34472e+06 643559 358322 387252 463261 610380 314748 286813 172842 109730 248758 256646 153129 46612.9 188509 767251 715081 955287 944600 1.03945e+06 1.24787e+06 907133 707890 1.03623e+06 774771 737662 1.06573e+06 1.28883e+06 928219 596206 875944
desembarqueobs
 494567 514787 250237 358949 120608 361735 552515 73892 212993 205616 52469 317467 293654 387597 252695 516296 358380 742168 942051 627588 828172 859565 418607 520667 417249 300574 415391 372974 316634 284311 391294 218835
desembarquepred
 494569 513919 250641 358986 120614 361745 552548 73897.8 213062 205677 52472.2 317554 293755 387825 252661 516213 358463 742067 941603 627350 828264 859693 418656 520750 417283 300565 415378 372986 316641 284289 391270 218837
Reclutas
 170868 92470.6 95313.7 140133 114307 201089 79248.3 34144.3 32346.6 46968.9 89421.3 116005 87270 47442.3 88242.3 418447 88918.4 418703 462819 286973 407675 399886 92994.8 251223 210351 115406 303026 252239 92758.2 106221 198179 144634
log_desv_Rt
 0.212329 -0.401671 -0.371388 0.0140282 -0.189677 0.375185 -0.555976 -1.39796 -1.45205 -1.07907 -0.435203 -0.174927 -0.459554 -1.06905 -0.448475 1.10799 -0.440842 1.1086 1.20877 0.730825 1.08191 1.06262 -0.396018 0.597781 0.420216 -0.180102 0.785257 0.601817 -0.398565 -0.26304 0.360609 0.0456426
SSB
 2.00727e+06 1.34472e+06 643559 358322 387252 463261 610380 314748 286813 172842 109730 248758 243469 148584 44931.2 182726 767251 715081 985423 972500 1.09678e+06 1.38521e+06 1.04898e+06 786067 1.07786e+06 855637 765761 1.06573e+06 1.336e+06 905268 662628 992231
BT
 2.84593e+06 1.94659e+06 954941 896186 754547 1.46114e+06 1.02734e+06 695854 603955 443799 445406 687098 662853 539527 651509 1.48978e+06 1.31298e+06 2.61869e+06 2.97581e+06 2.00233e+06 3.35712e+06 2.75829e+06 1.77009e+06 2.77808e+06 1.91881e+06 1.73601e+06 3.0256e+06 2.63211e+06 1.8966e+06 1.66899e+06 1.76976e+06 2.05728e+06
Ftot
 0.209501 0.385419 0.379005 0.585283 0.194127 0.365164 0.854983 0.149668 0.609572 0.851546 0.175241 0.718462 0.756961 2.01346 0.837256 0.557669 0.324879 0.451412 0.552948 0.45541 0.34217 0.491574 0.320761 0.30941 0.312961 0.240982 0.246122 0.218972 0.198204 0.251832 0.320351 0.133215
BD_Bspro_t
 0.967035 0.776793 0.569424 0.470622 0.462157 0.55624 0.546242 0.345152 0.402992 0.332872 0.296212 0.569153 0.427245 0.269672 0.105023 0.317228 0.540654 0.500955 0.529211 0.488337 0.466932 0.518103 0.484819 0.460527 0.570443 0.570224 0.597569 0.690994 0.72144 0.645694 0.605845 0.665084
BD_Bspro
 2.01809 1.35197 0.647029 0.360253 0.389339 0.465758 0.61367 0.316444 0.28836 0.173774 0.110322 0.250099 0.244781 0.149385 0.0451734 0.183711 0.771387 0.718936 0.990735 0.977743 1.10269 1.39268 1.05463 0.790304 1.08367 0.86025 0.769889 1.07147 1.3432 0.910148 0.6662 0.99758
BD_Bo
 1.44268 0.966487 0.462543 0.257536 0.278328 0.332958 0.438696 0.226218 0.206141 0.124226 0.078866 0.178789 0.174988 0.106791 0.0322933 0.13133 0.551444 0.513948 0.70825 0.698962 0.788285 0.995586 0.753929 0.564967 0.774687 0.614969 0.550373 0.765967 0.96022 0.65064 0.476248 0.713143
BD_Brms
 7.57739 5.07628 2.42942 1.35266 1.46186 1.7488 2.30417 1.18816 1.08271 0.652473 0.414228 0.939055 0.919088 0.5609 0.169614 0.689787 2.89635 2.69941 3.71994 3.67116 4.14032 5.22912 3.95987 2.96738 4.06889 3.23001 2.89073 4.02309 5.04337 3.41736 2.5014 3.74564
Sel_flota
 0.674811 1 1 1 1
 0.674811 1 1 1 1
 0.674811 1 1 1 1
 0.674811 1 1 1 1
 0.674811 1 1 1 1
 0.674811 1 1 1 1
 0.674811 1 1 1 1
 0.674811 1 1 1 1
 0.674811 1 1 1 1
 0.674811 1 1 1 1
 0.674811 1 1 1 1
 0.674811 1 1 1 1
 0.674811 1 1 1 1
 0.674811 1 1 1 1
 0.674811 1 1 1 1
 0.674811 1 1 1 1
 0.674811 1 1 1 1
 0.674811 1 1 1 1
 0.674811 1 1 1 1
 0.674811 1 1 1 1
 0.674811 1 1 1 1
 0.674811 1 1 1 1
 0.674811 1 1 1 1
 0.674811 1 1 1 1
 0.674811 1 1 1 1
 0.674811 1 1 1 1
 0.674811 1 1 1 1
 0.674811 1 1 1 1
 0.674811 1 1 1 1
 0.674811 1 1 1 1
 0.674811 1 1 1 1
 0.674811 1 1 1 1
Sel_reclas
 0.5 1 1 1 1
 0.5 1 1 1 1
 0.5 1 1 1 1
 0.5 1 1 1 1
 0.5 1 1 1 1
 0.5 1 1 1 1
 0.5 1 1 1 1
 0.5 1 1 1 1
 0.5 1 1 1 1
 0.5 1 1 1 1
 0.5 1 1 1 1
 0.5 1 1 1 1
 0.5 1 1 1 1
 0.5 1 1 1 1
 0.5 1 1 1 1
 0.5 1 1 1 1
 0.5 1 1 1 1
 0.5 1 1 1 1
 0.5 1 1 1 1
 0.5 1 1 1 1
 0.5 1 1 1 1
 0.5 1 1 1 1
 0.5 1 1 1 1
 0.5 1 1 1 1
 0.5 1 1 1 1
 0.5 1 1 1 1
 0.5 1 1 1 1
 0.5 1 1 1 1
 0.5 1 1 1 1
 0.5 1 1 1 1
 0.5 1 1 1 1
 0.5 1 1 1 1
Sel_pelaces
 0.5 1 1 1 1
 0.5 1 1 1 1
 0.5 1 1 1 1
 0.5 1 1 1 1
 0.5 1 1 1 1
 0.5 1 1 1 1
 0.5 1 1 1 1
 0.5 1 1 1 1
 0.5 1 1 1 1
 0.5 1 1 1 1
 0.5 1 1 1 1
 0.5 1 1 1 1
 0.5 1 1 1 1
 0.5 1 1 1 1
 0.5 1 1 1 1
 0.5 1 1 1 1
 0.5 1 1 1 1
 0.5 1 1 1 1
 0.5 1 1 1 1
 0.5 1 1 1 1
 0.5 1 1 1 1
 0.5 1 1 1 1
 0.5 1 1 1 1
 0.5 1 1 1 1
 0.5 1 1 1 1
 0.5 1 1 1 1
 0.5 1 1 1 1
 0.5 1 1 1 1
 0.5 1 1 1 1
 0.5 1 1 1 1
 0.5 1 1 1 1
 0.5 1 1 1 1
pf_obs 
 0.8446 0.082 0.0669 0.0065 0
 0.8095 0.147 0.0364 0.0071 0
 0.9664 0.0169 0.016 0.0007 0
 0.9276 0.0648 0.0075 0.0001 0
 0.7033 0.2144 0.0806 0.0017 0
 0.9318 0.0425 0.0243 0.0014 0
 0.5671 0.3108 0.0964 0.0239 0.0018
 0.0768 0.2599 0.5324 0.112 0.0189
 0.490249 0.384438 0.106611 0.0170017 0.00170017
 0.7925 0.1577 0.0466 0.003 0.0002
 0.840416 0.127587 0.0312969 0.00059994 9.999e-05
 0.8084 0.0986 0.0794 0.0134 0.0002
 0.7335 0.1905 0.0724 0.0035 0.0001
 0.4001 0.4547 0.1325 0.0127 0
 0.49795 0.308269 0.164784 0.0264974 0.00249975
 0.9179 0.0499 0.0305 0.0017 0
 0.2467 0.6533 0.0926 0.0074 0
 0.9418 0.0223 0.034 0.0019 0
 0.707729 0.231977 0.0356964 0.0245975 0
 0.517169 0.277429 0.184464 0.0207286 0.00020938
 0.811772 0.124168 0.05621 0.00726502 0.000585176
 0.764997 0.148141 0.077277 0.00933861 0.000247198
 0.163321 0.427699 0.378323 0.0303852 0.000271297
 0.753843 0.0900009 0.118128 0.0371064 0.000921714
 0.721811 0.176058 0.0630433 0.0369309 0.00215725
 0.143369 0.312575 0.442814 0.0836902 0.0175525
 0.692698 0.0596174 0.167031 0.0765114 0.00414204
 0.394062 0.376323 0.152708 0.0712218 0.00568511
 0.125707 0.32114 0.495352 0.0537591 0.00404204
 0.23352 0.215282 0.420074 0.123614 0.00750983
 0.796117 0.104755 0.0508955 0.0450114 0.00322123
 0.162477 0.292055 0.404252 0.121198 0.0200186
pf_pred 
 0.476071 0.139575 0.359824 0.0245294 8.99514e-07
 0.412166 0.343139 0.0651868 0.168052 0.0114566
 0.576381 0.223912 0.116576 0.0221462 0.0609853
 0.719427 0.192143 0.0467411 0.024335 0.0173535
 0.648702 0.284708 0.0456025 0.0110934 0.00989421
 0.740349 0.192054 0.054784 0.00877493 0.00403847
 0.456108 0.445726 0.0726095 0.0207121 0.00484434
 0.46162 0.321576 0.177674 0.0289433 0.0101872
 0.540085 0.260623 0.119038 0.0657694 0.0144849
 0.746669 0.167985 0.0483633 0.0220896 0.0148926
 0.841941 0.132604 0.0168799 0.00485977 0.00371615
 0.722435 0.24728 0.0254072 0.00323424 0.00164317
 0.66726 0.271872 0.0542263 0.00557156 0.00106957
 0.610835 0.302115 0.071126 0.0141864 0.00173742
 0.920184 0.0627609 0.0132403 0.00311713 0.00069787
 0.939876 0.057303 0.00221846 0.000468015 0.000134852
 0.363136 0.6132 0.0225535 0.000873148 0.000237278
 0.843635 0.0740925 0.0792158 0.00291356 0.000143449
 0.725506 0.246329 0.0133458 0.0142686 0.000550638
 0.587493 0.335788 0.0688464 0.00373 0.00414182
 0.72101 0.194718 0.0685987 0.0140647 0.00160814
 0.659613 0.273594 0.0466175 0.0164232 0.00375224
 0.320129 0.516745 0.131116 0.0223409 0.00966884
 0.731911 0.114287 0.1169 0.0296616 0.00724134
 0.615195 0.312179 0.0309604 0.0316683 0.00999706
 0.478699 0.37316 0.120182 0.0119191 0.0160402
 0.774773 0.13239 0.0664545 0.0214027 0.00497916
 0.609839 0.328695 0.0361298 0.0181357 0.00719972
 0.362137 0.451177 0.157276 0.0172877 0.0121227
 0.536488 0.216202 0.174928 0.0609786 0.0114029
 0.731072 0.172929 0.0447779 0.0362297 0.014991
 0.578366 0.341925 0.0512558 0.013272 0.0151817
pobs_RECLAS
 0 0 0 0 0
 0 0 0 0 0
 0 0 0 0 0
 0 0 0 0 0
 0 0 0 0 0
 0 0 0 0 0
 0 0 0 0 0
 0 0 0 0 0
 0 0 0 0 0
 0 0 0 0 0
 0.991045 0.00858322 0.000360255 1.14367e-05 0
 0.934742 0.0480273 0.0164251 0.00080598 0
 0.827803 0.169806 0.00239088 0 0
 0.941827 0.0461693 0.0120037 0 0
 0.791401 0.0380133 0.147996 0.0225897 0
 0.846168 0.0940531 0.0597789 0 0
 0.134021 0.677848 0.182769 0.00536245 0
 0.80878 0.0450904 0.141981 0.00414843 0
 0.846168 0.0940531 0.0597789 0 0
 0.905697 0.0802665 0.012482 0.00150086 5.37128e-05
 0.989698 0.0102097 9.19794e-05 0 0
 0.975433 0.0193895 0.00387452 0.00125025 5.28907e-05
 0.303575 0.632131 0.0575291 0.00676475 0
 0.966965 0.00978017 0.0227588 0.000495775 0
 0.843318 0.132988 0.00938335 0.0141283 0.000182051
 0.564624 0.303363 0.111486 0.0197234 0.00080311
 0.826376 0.0876187 0.0782897 0.00655872 0.00115652
 0.89761 0.0855135 0.0140674 0.00269457 0.000114338
 0.34875 0.467042 0.161289 0.0227151 0.000203297
 0.318654 0.224769 0.449479 0.00709798 0
 0.937255 0.0296025 0.0250945 0.00804832 0
 0.456809 0.399803 0.12412 0.0192676 0
ppred_RECLAS
 0.403936 0.158791 0.409365 0.0279066 1.02336e-06
 0.344926 0.382389 0.0726432 0.187275 0.0127671
 0.505315 0.261475 0.136133 0.0258614 0.071216
 0.660292 0.23264 0.0565925 0.029464 0.021011
 0.579201 0.341034 0.0546245 0.0132881 0.0118517
 0.681468 0.235606 0.0672074 0.0107648 0.00495427
 0.392236 0.49807 0.0811364 0.0231444 0.00541323
 0.389556 0.36462 0.201456 0.0328175 0.0115508
 0.471259 0.299625 0.136852 0.0756118 0.0166526
 0.693985 0.202921 0.0584213 0.0266835 0.0179898
 0.798709 0.168873 0.0214969 0.006189 0.00473258
 0.665225 0.298248 0.0306439 0.00390086 0.00198185
 0.60542 0.3224 0.0643044 0.00660705 0.00126835
 0.570122 0.333722 0.0785671 0.0156706 0.00191919
 0.898609 0.0797253 0.0168192 0.00395969 0.000886506
 0.922078 0.0742658 0.00287516 0.000606556 0.00017477
 0.299287 0.674677 0.0248146 0.000960686 0.000261067
 0.802508 0.09358 0.100051 0.00367987 0.000181179
 0.666698 0.299103 0.016205 0.0173255 0.000668606
 0.517571 0.392706 0.0805162 0.00436225 0.00484387
 0.659544 0.237618 0.0837121 0.0171634 0.00196244
 0.593862 0.326443 0.0556225 0.0195957 0.00447705
 0.260714 0.561904 0.142575 0.0242933 0.0105138
 0.671461 0.140056 0.143259 0.0363498 0.00887414
 0.544831 0.369263 0.0366217 0.0374591 0.0118251
 0.406751 0.424662 0.136769 0.0135641 0.0182541
 0.719805 0.164701 0.0826733 0.0266262 0.00619437
 0.538343 0.388928 0.0427505 0.021459 0.00851905
 0.297381 0.49698 0.173243 0.0190427 0.0133534
 0.463678 0.250164 0.202407 0.0705573 0.0131941
 0.670615 0.211805 0.0548443 0.0443744 0.0183611
 0.505044 0.401385 0.0601691 0.01558 0.0178218
pobs_PELACES
 0 0 0 0 0
 0 0 0 0 0
 0 0 0 0 0
 0 0 0 0 0
 0 0 0 0 0
 0 0 0 0 0
 0 0 0 0 0
 0 0 0 0 0
 0 0 0 0 0
 0 0 0 0 0
 0 0 0 0 0
 0 0 0 0 0
 0 0 0 0 0
 0 0 0 0 0
 0 0 0 0 0
 0 0 0 0 0
 0.505614 0.472636 0.0217494 0 0
 0 0 0 0 0
 0.443492 0.261883 0.143347 0.151278 0
 0.227955 0.32914 0.350689 0.0885471 0.00366901
 0.970185 0.0296113 0.000203453 0 0
 0.997202 0.00247181 0.000326279 0 0
 0.445219 0.490057 0.0546422 0.010081 0
 0.90214 0.0892962 0.00764917 0.000914606 0
 0 0 0 0 0
 0.581667 0.319106 0.0959925 0.00289975 0.000334073
 0.762889 0.0836404 0.116647 0.0363945 0.000428098
 0.88444 0.0763242 0.0277011 0.0115352 0
 0.521256 0.241999 0.230069 0.00667565 0
 0.616807 0.101726 0.260614 0.0208532 0
 0.833518 0.0704572 0.0857862 0.0102388 0
 0.697417 0.212968 0.0787535 0.0105354 0.000325836
ppred_PELACES
 0.409361 0.157346 0.405639 0.0276526 1.01405e-06
 0.354331 0.376899 0.0716003 0.184586 0.0125838
 0.515478 0.256103 0.133336 0.0253301 0.0697529
 0.674235 0.223092 0.0542697 0.0282547 0.0201487
 0.58427 0.336926 0.0539666 0.013128 0.0117089
 0.689913 0.22936 0.0654256 0.0104794 0.00482292
 0.414311 0.479979 0.0781894 0.0223038 0.00521662
 0.393382 0.362335 0.200193 0.0326118 0.0114784
 0.487583 0.290375 0.132627 0.0732773 0.0161385
 0.71304 0.190285 0.0547834 0.025022 0.0168696
 0.801715 0.166351 0.0211758 0.00609656 0.00466189
 0.682171 0.283151 0.0290928 0.0037034 0.00188153
 0.62465 0.306688 0.0611705 0.00628505 0.00120654
 0.622087 0.29338 0.0690696 0.0137763 0.00168719
 0.906507 0.073515 0.015509 0.00365125 0.000817451
 0.92627 0.0702698 0.00272046 0.00057392 0.000165366
 0.306649 0.667588 0.0245539 0.000950592 0.000258324
 0.810073 0.0899953 0.0962182 0.00353891 0.000174239
 0.679751 0.287389 0.0155703 0.016647 0.000642422
 0.529761 0.382783 0.0784817 0.00425203 0.00472148
 0.667741 0.231897 0.0816968 0.0167502 0.0019152
 0.606519 0.316269 0.053889 0.0189849 0.00433752
 0.267402 0.55682 0.141285 0.0240735 0.0104187
 0.678744 0.136952 0.140083 0.035544 0.00867743
 0.553147 0.362517 0.0359527 0.0367748 0.0116091
 0.413006 0.420185 0.135327 0.0134211 0.0180616
 0.725101 0.161588 0.0811107 0.026123 0.00607729
 0.544178 0.384013 0.0422102 0.0211878 0.00841138
 0.301844 0.493823 0.172143 0.0189217 0.0132685
 0.470405 0.247026 0.199868 0.0696724 0.0130286
 0.678164 0.206951 0.0535874 0.0433574 0.0179403
 0.508617 0.398488 0.0597348 0.0154676 0.0176931
pobs_pel_tallas
 0 0 0 0 0 0 0 0 0 0 0 0 0 0 0 0 0 0 0 0 0 0 0 0 0 0
 0 0 0 0 0 0 0 0 0 0 0 0 0 0 0 0 0 0 0 0 0 0 0 0 0 0
 0 0 0 0 0 0 0 0 0 0 0 0 0 0 0 0 0 0 0 0 0 0 0 0 0 0
 0 0 0 0 0 0 0 0 0 0 0 0 0 0 0 0 0 0 0 0 0 0 0 0 0 0
 0 0 0 0 0 0 0 0 0 0 0 0 0 0 0 0 0 0 0 0 0 0 0 0 0 0
 0 0 0 0 0 0 0 0 0 0 0 0 0 0 0 0 0 0 0 0 0 0 0 0 0 0
 0 0 0 0 0 0 0 0 0 0 0 0 0 0 0 0 0 0 0 0 0 0 0 0 0 0
 0 0 0 0 0 0 0 0 0 0 0 0 0 0 0 0 0 0 0 0 0 0 0 0 0 0
 0 0 0 0 0 0 0 0 0 0 0 0 0 0 0 0 0 0 0 0 0 0 0 0 0 0
 0 0 0 0 0 0 0 0 0 0 0 0 0 0 0 0 0 0 0 0 0 0 0 0 0 0
 0 0 0 0 0 0 0 0 0 0 0 0 0 0 0 0 0 0 0 0 0 0 0 0 0 0
 0 0 0 0 0 0 0 0 0 0 0 0 0 0 0 0 0 0 0 0 0 0 0 0 0 0
 0.00862536 0 0 0.000197151 0.00414017 0.0128641 0.00837892 0.0270097 0.101434 0.158115 0.152841 0.127902 0.109271 0.109419 0.0830992 0.0579132 0.0238553 0.00714673 0.00463305 0.00128148 0.00103504 0.000492878 0.000147863 0.000147863 4.92878e-05 0
 0 0 0 0 0 0 0 0 0 0 0 0 0 0 0 0 0 0 0 0 0 0 0 0 0 0
 0 0 0 0 0 0 0 0.0054083 0.00873648 0.0413646 0.0450493 0.0745869 0.0622846 0.0627006 0.0613931 0.0827291 0.12552 0.122667 0.0946155 0.0697135 0.0546179 0.0294188 0.0215738 0.0213955 0.0102223 0.00600262
 0 0 0 0 0.00359764 0.0251062 0.0480494 0.140153 0.205849 0.193036 0.1447 0.116669 0.0760912 0.0342217 0.00950174 0.001854 0.000860785 0 0 0 0.000165536 0 0.000143464 0 0 0
 0 0 0 0 0 0 0 0.000145254 0.000435761 0.0275982 0.070085 0.0708112 0.156366 0.174668 0.174014 0.160142 0.0824315 0.0480064 0.0283245 0.00493863 0.00203355 0 0 0 0 0
 0 0 0 0 0 0 0 0 0 0 0 0 0 0 0 0 0 0 0 0 0 0 0 0 0 0
 0 0 1.00437e-05 0.000401748 0.00122533 0.00171747 0.00176769 0.0269171 0.070346 0.194647 0.189555 0.159765 0.064822 0.0314167 0.0384472 0.0292271 0.0345202 0.0313363 0.0194345 0.0106764 0.0143323 0.0359363 0.0279516 0.0138201 0.00172751 0
 0 0.0021121 0.0136068 0.0755702 0.200478 0.177729 0.0527432 0.0373336 0.0318909 0.0142505 0.0149659 0.0166563 0.0217959 0.0798694 0.0677717 0.0528807 0.04013 0.0224614 0.0357745 0.0225083 0.00881397 0.00855152 0.00135912 0.000746735 0 0
 0 0 0 0 5.4009e-05 0.00500934 0.000945158 0.0243581 0.138947 0.33067 0.221406 0.137944 0.0707744 0.0437923 0.0131692 0.00525238 0.0047753 0.00276346 9.45158e-05 9.00151e-06 2.25038e-05 9.00151e-06 4.50075e-06 0 0 0
 0.000866109 0.00284123 0.00948549 0.0512746 0.133035 0.25785 0.225252 0.132002 0.0553304 0.0519788 0.0540692 0.017754 0.00435017 0.00159236 0.00146478 0.000404838 0.000125132 0.000115318 0.000107957 0.000100596 0 0 0 0 0 0
 0 0 0 0 0.00144013 0.00171154 0.00461396 0.0210425 0.0478622 0.0707936 0.0888783 0.103762 0.0637923 0.0337046 0.0602308 0.124433 0.169614 0.0934646 0.0462172 0.0250306 0.0313229 0.00938855 0.002487 0.000210481 0 0
 0 0.00764035 0.051015 0.0998891 0.058973 0.0496711 0.0374665 0.0718981 0.12319 0.153886 0.159021 0.0857701 0.0377988 0.023471 0.0147837 0.00900784 0.00315554 0.000888139 0.00291439 0.00214683 0.00393193 0.00274676 0.000635225 9.99891e-05 0 0
 0 0 0 0 0 0 0 0 0 0 0 0 0 0 0 0 0 0 0 0 0 0 0 0 0 0
 0 0 0 0 0 0 0 0 0 0 0 0 0 0 0 0 0 0 0 0 0 0 0 0 0 0
 0 0 0 0 0 0 0 0 0 0 0 0 0 0 0 0 0 0 0 0 0 0 0 0 0 0
 0 0 0 0 0 0 0 0 0 0 0 0 0 0 0 0 0 0 0 0 0 0 0 0 0 0
 0 0 0 0 0 0 0 0 0 0 0 0 0 0 0 0 0 0 0 0 0 0 0 0 0 0
 0 0 0 0 0 0 0 0 0 0 0 0 0 0 0 0 0 0 0 0 0 0 0 0 0 0
 0 0 0 0 0 0 0 0 0 0 0 0 0 0 0 0 0 0 0 0 0 0 0 0 0 0
 0 0 0 0 0 0 0 0 0 0 0 0 0 0 0 0 0 0 0 0 0 0 0 0 0 0
ppred_pel_tallas
 1.1452e-16 3.37186e-05 0.000327756 0.00217806 0.00990114 0.0308062 0.0656365 0.0958016 0.0958174 0.0657138 0.0310675 0.0106636 0.00412058 0.0046633 0.00854551 0.014797 0.0229915 0.0324005 0.0421705 0.0517 0.0606253 0.0683485 0.0736395 0.0748928 0.0709984 0.0621594
 1.22804e-16 2.91858e-05 0.000283697 0.00188527 0.00857017 0.0266652 0.0568143 0.0829298 0.0829662 0.0569923 0.0272631 0.0102986 0.00622937 0.00978575 0.018134 0.0300969 0.0437668 0.0559835 0.0636259 0.0654665 0.062975 0.0592784 0.0570677 0.0570664 0.0580128 0.0578131
 1.18258e-16 4.24593e-05 0.00041272 0.00274267 0.0124678 0.0387921 0.0826515 0.120638 0.120662 0.082773 0.0392006 0.01365 0.00571867 0.00693776 0.0125192 0.0208539 0.0305714 0.0395919 0.0458338 0.0483966 0.0480682 0.0466532 0.045674 0.0454912 0.0453831 0.0442746
 1.07867e-16 5.55359e-05 0.000539829 0.00358735 0.0163076 0.0507391 0.108106 0.157788 0.15781 0.108211 0.0510929 0.01733 0.00615608 0.0061555 0.0107452 0.0177419 0.0257122 0.0326828 0.0366919 0.0368713 0.0339618 0.0297723 0.0260236 0.023482 0.0218978 0.0205383
 1.04942e-16 4.81256e-05 0.000467798 0.00310869 0.0141317 0.043969 0.0936818 0.136738 0.136771 0.0938405 0.044502 0.0156714 0.00697438 0.00890877 0.0160854 0.0265333 0.0382588 0.048201 0.0532718 0.0520529 0.0456338 0.0368509 0.028564 0.0223147 0.0181434 0.0152772
 1.03814e-16 5.68272e-05 0.000552381 0.00367077 0.0166868 0.0519189 0.11062 0.161457 0.161479 0.110728 0.0522827 0.0177382 0.0063125 0.00632769 0.0110498 0.0182417 0.0264217 0.0335377 0.0375255 0.0374179 0.0338837 0.0287038 0.0236319 0.0195507 0.0164211 0.0137842
 1.05499e-16 3.41264e-05 0.00033172 0.0022044 0.0100209 0.031179 0.0664319 0.096969 0.0970153 0.0666581 0.0319384 0.0122145 0.00771158 0.012357 0.0228813 0.0377971 0.0545009 0.0686549 0.0758512 0.074051 0.0647808 0.0520539 0.0399269 0.0306036 0.024185 0.0196473
 1.11083e-16 3.24024e-05 0.000314963 0.00209304 0.00951469 0.0296039 0.0630756 0.092068 0.0921032 0.0632475 0.0301819 0.0111871 0.00630256 0.00954268 0.0176699 0.0294542 0.0431123 0.0556479 0.0639825 0.0666379 0.0644792 0.0598407 0.0548124 0.0501227 0.0453085 0.039664
 1.13982e-16 4.01616e-05 0.000390385 0.00259425 0.0117931 0.0366929 0.0781791 0.114111 0.114139 0.0783167 0.0371555 0.0131317 0.00596261 0.00777165 0.0141421 0.0235381 0.0344321 0.044431 0.0511254 0.0534439 0.05224 0.0495401 0.047082 0.0453306 0.0435879 0.0408297
 1.06994e-16 5.87322e-05 0.000570898 0.00379382 0.0172462 0.0536593 0.114328 0.166868 0.166887 0.114417 0.0539613 0.0181192 0.00598789 0.00536964 0.00919949 0.015188 0.0220471 0.0281007 0.0316886 0.032072 0.0298635 0.0265629 0.0235793 0.0215128 0.020123 0.018796
 1.02055e-16 6.60363e-05 0.000641896 0.00426562 0.0193909 0.0603324 0.128545 0.187619 0.187635 0.128624 0.0605954 0.0201505 0.00617219 0.00480357 0.00796878 0.013067 0.0188118 0.0236466 0.0260337 0.0252687 0.0218992 0.0173508 0.0130728 0.00986376 0.00776814 0.00640744
 1.01602e-16 5.61896e-05 0.000546183 0.00362958 0.0164996 0.0513364 0.109379 0.159647 0.159674 0.109512 0.0517837 0.0177914 0.00687138 0.00761989 0.013481 0.022173 0.0318764 0.0399589 0.0437735 0.0420934 0.0358405 0.0274653 0.0194975 0.0133926 0.0093339 0.00676769
 1.02679e-16 5.14517e-05 0.000500128 0.00332353 0.0151083 0.0470077 0.100156 0.146187 0.146216 0.100301 0.0474932 0.0165109 0.00684554 0.00819262 0.0146722 0.0242037 0.0349272 0.0440549 0.0487667 0.0477388 0.0419019 0.0337595 0.02585 0.0195665 0.015018 0.0116475
 1.03736e-16 5.12405e-05 0.000498076 0.00330989 0.0150463 0.0468148 0.099745 0.145587 0.145615 0.0998834 0.0472797 0.0163895 0.00668359 0.00786985 0.014072 0.0232359 0.0335906 0.0424977 0.04729 0.0467196 0.0416661 0.0344727 0.0274783 0.0219093 0.0177801 0.0145149
 1.00971e-16 7.46678e-05 0.000725798 0.00482318 0.0219255 0.0682184 0.145347 0.212139 0.212146 0.145381 0.0683348 0.0222619 0.00566796 0.0025713 0.00358356 0.0058165 0.00839574 0.0106081 0.01178 0.0115996 0.010293 0.00845698 0.00668906 0.00530475 0.00430833 0.00354734
 1.00183e-16 7.62957e-05 0.000741621 0.00492833 0.0224035 0.0697056 0.148515 0.216764 0.216771 0.148548 0.0698165 0.0227236 0.0057312 0.00249237 0.00339561 0.00547797 0.00784879 0.00979608 0.0106514 0.0101083 0.008405 0.00617152 0.00406631 0.0024797 0.00147361 0.000907846
 1.01019e-16 2.52584e-05 0.000245521 0.00163157 0.00741694 0.0230772 0.0491708 0.0717797 0.0718439 0.0494846 0.0241304 0.0104575 0.00925817 0.0168754 0.0315523 0.0519746 0.0745209 0.0929766 0.101021 0.0957329 0.0793664 0.0579121 0.0376452 0.0223102 0.0125414 0.00704932
 1.03185e-16 6.67247e-05 0.000648588 0.00431009 0.0195931 0.0609613 0.129885 0.189573 0.189581 0.129928 0.0611064 0.0200135 0.00537163 0.00298625 0.00456568 0.00759643 0.0112934 0.0149405 0.017825 0.0195672 0.0202584 0.0202394 0.0197342 0.0186852 0.0169067 0.0143632
 1.02302e-16 5.59902e-05 0.000544245 0.0036167 0.016441 0.0511543 0.108991 0.159081 0.159108 0.109126 0.0516079 0.017751 0.00690319 0.00771303 0.0136545 0.0224427 0.032227 0.040327 0.0440574 0.0421964 0.0357306 0.0272159 0.019279 0.0134117 0.00974794 0.00761695
 1.03589e-16 4.36358e-05 0.000424156 0.00281867 0.0128133 0.039867 0.0849423 0.123983 0.12402 0.0851227 0.0404731 0.0145641 0.00721516 0.010027 0.0182965 0.0302178 0.0436144 0.0550258 0.060935 0.05969 0.0524494 0.0423327 0.0325032 0.0246972 0.0190511 0.014872
 1.04421e-16 5.5001e-05 0.000534629 0.0035528 0.0161505 0.0502504 0.107065 0.156269 0.156291 0.107174 0.0506187 0.0172154 0.00622971 0.00639095 0.0112142 0.0185489 0.0269403 0.0343485 0.0387162 0.0390728 0.0360606 0.0313971 0.0267371 0.0228575 0.0196503 0.0166601
 1.04274e-16 4.99582e-05 0.000485612 0.00322706 0.0146698 0.0456433 0.097249 0.141944 0.141975 0.097398 0.0461438 0.0161156 0.00685716 0.00841313 0.0151146 0.024932 0.035967 0.0453501 0.0501884 0.0491495 0.0432431 0.0351035 0.0273771 0.0214759 0.017422 0.0145055
 1.08397e-16 2.20257e-05 0.000214098 0.00142276 0.00646768 0.0201236 0.0428775 0.0625923 0.0626461 0.0431403 0.0210062 0.00901819 0.00782969 0.0142164 0.0266616 0.0441638 0.063901 0.0809487 0.0902727 0.0895176 0.0803433 0.067159 0.0543413 0.0441479 0.036548 0.0304183
 1.09111e-16 5.59073e-05 0.000543438 0.00361134 0.0164166 0.0510783 0.108828 0.158841 0.158854 0.108894 0.051299 0.0170567 0.00522775 0.00410433 0.00691361 0.01159 0.0172744 0.022951 0.0275986 0.030722 0.0325457 0.0336375 0.0343027 0.0342986 0.0330777 0.0302776
 1.06783e-16 4.5562e-05 0.000442879 0.00294309 0.0133789 0.0416268 0.0886917 0.129455 0.12949 0.0888623 0.0421998 0.0150337 0.00709657 0.00950866 0.0172599 0.0284557 0.0409782 0.0515282 0.0567914 0.0552858 0.0482703 0.0389077 0.0303632 0.0243028 0.0206637 0.0184171
 1.08416e-16 3.40188e-05 0.000330675 0.00219745 0.00998933 0.0310807 0.0662223 0.0966619 0.0967025 0.0664208 0.0317477 0.0119172 0.00704256 0.0109267 0.0202139 0.0335101 0.0486104 0.0618411 0.0694527 0.0696831 0.0637349 0.0548093 0.0460314 0.0389315 0.0333808 0.0285272
 1.06031e-16 5.97256e-05 0.000580554 0.00385799 0.0175379 0.0545669 0.116261 0.16969 0.169705 0.116338 0.0548245 0.0182831 0.0057335 0.0046909 0.00791346 0.0131128 0.0191776 0.0247369 0.0284263 0.0296125 0.0287218 0.0268389 0.0249202 0.0232714 0.0216141 0.0195251
 1.04865e-16 4.48233e-05 0.000435698 0.00289537 0.013162 0.0409519 0.0872538 0.127357 0.127394 0.0874346 0.0415589 0.0149149 0.00729475 0.0100375 0.0182748 0.030127 0.0433644 0.0544746 0.0599137 0.0580655 0.0502152 0.0396841 0.0298431 0.022543 0.0178655 0.0148935
 1.09237e-16 2.48626e-05 0.000241673 0.00160601 0.0073007 0.0227154 0.0483994 0.0706503 0.0706981 0.0486328 0.0234997 0.00956792 0.00730475 0.0127076 0.0237746 0.0394594 0.0572928 0.0729888 0.0821534 0.0827052 0.0760122 0.0657565 0.0555162 0.0470208 0.040112 0.0338588
 1.15023e-16 3.87467e-05 0.000376632 0.00250285 0.0113776 0.0354001 0.0754245 0.110089 0.110113 0.0755423 0.0357965 0.0125263 0.00540002 0.00674681 0.0122716 0.0205804 0.0304778 0.0400902 0.047508 0.05184 0.0536179 0.0541271 0.0542526 0.0538429 0.0520243 0.0480319
 1.08984e-16 5.58595e-05 0.000542974 0.00360825 0.0164026 0.0510347 0.108736 0.158707 0.158727 0.108833 0.0513631 0.0173519 0.00599384 0.00576041 0.009994 0.016513 0.0239755 0.0305753 0.0345278 0.0350623 0.0328846 0.0296562 0.0269083 0.0252404 0.0242882 0.0232576
 1.06372e-16 4.18942e-05 0.000407226 0.00270616 0.0123019 0.0382758 0.0815521 0.119036 0.119074 0.0817399 0.0389062 0.0141226 0.00727693 0.0103869 0.0190004 0.0313597 0.0452069 0.0569306 0.0628797 0.0613851 0.0537544 0.04337 0.0336412 0.0264036 0.0216913 0.0185495
pSPR Fmed_Fpbrs
0.566265   0.240393 0.240393
Fs Fmed_Fpbrs
0.34   1.005 1.005
SSBpbr Bo_Bmed_Bpbrs
1.39135e+06  718305  264903 264903
Ro
138181
SPR SPRFo_SPRFmed_SPRFpbrs
994638 563229 239104
Fref
1.005
Nvult_r0
 117629 50823.6 7618.64 1972.75 2256.6
CTP_r0
 47535.9 25475.2 3818.82 988.836 1131.11
YTP_r0
1.22915e+06
Np
 175602 32787 6548.98 2546.65 433.159
Nvult_p0
 142815 28371.9 5667.09 2203.72 374.83
CTP_p0
 57714 21094.6 8202.91 1229.65 420.926
 57714 14221.3 2840.61 1104.61 187.882
YTP_p0
 1.05406e+06 792918
CBA_c0
1.17663e+06
log_Ro
11.6563
likeval ReclasPelacesDesembMPH_pf_preclas_ppelaces_ptallas_desvR_qrecl_qpela
 14.6347 66.8697 0.0339901 121.311 235.681 144.62 117.179 0 23.39 2.07622e-05 0 0.148675 0 0 0
q_reclas_q_pelaces
1.90483 1
M
1
N
 170868 34748.6 89582.2 6106.86 0.223944
 92470.6 54571.8 10367.1 26726.5 1822.02
 95313.7 26227.4 13654.9 2594.05 7143.38
 140133 27151.1 6604.83 3438.7 2452.17
 114307 34731.1 5562.98 1353.26 1206.98
 201089 36888 10522.4 1685.41 775.672
 79248.3 57819.7 9418.93 2686.78 628.409
 34144.3 16373 9046.22 1473.64 518.68
 32346.6 11354.3 5186.01 2865.32 631.053
 46968.9 7886.57 2270.56 1037.06 699.18
 89421.3 9726.5 1238.15 356.465 272.58
 116005 29227.3 3003 382.271 194.214
 87270 26280 5241.68 538.564 103.388
 47442.3 19263.3 4535.1 904.549 110.781
 88242.3 4485.33 946.244 222.771 49.8746
 418447 18450.6 714.305 150.693 43.4199
 88918.4 105660 3886.18 150.451 40.8853
 418703 26271.6 28088.2 1033.08 50.864
 462819 113584 6153.83 6579.35 253.903
 286973 117237 24037.1 1302.29 1446.08
 407675 77639 27352 5607.96 641.207
 399886 119053 20285.4 7146.49 1632.77
 92994.8 105579 26789.1 4564.58 1975.49
 251223 27552.4 28182.4 7150.88 1745.76
 210351 75004.6 7438.59 7608.68 2401.91
 115406 62651.5 20177.9 2001.15 2693.07
 303026 36083.7 18112.6 5833.43 1357.1
 252239 94418 10378.3 5209.5 2068.13
 92758.2 80046.9 27903.7 3067.14 2150.78
 106221 29851.8 24153 8419.54 1574.43
 198179 32969.5 8537.04 6907.29 2858.08
 144634 58732.6 8804.22 2279.74 2607.76
pred_Ctot
 14404.8 4223.19 10887.4 742.2 0.0272171
 13672.8 11382.9 2162.44 5574.79 380.05
 13882.5 5393.07 2807.82 533.407 1468.87
 29842.5 7970.27 1938.87 1009.44 719.84
 8967.08 3935.55 630.369 153.345 136.769
 28324.3 7347.62 2095.93 335.712 154.504
 23003.9 22480.3 3662.07 1044.62 244.325
 2090.59 1456.36 804.652 131.079 46.136
 7129.03 3440.18 1571.28 868.144 191.199
 13590.9 3057.68 880.313 402.077 271.077
 6365.45 1002.54 127.62 36.7421 28.0958
 29297.1 10028 1030.34 131.159 66.6358
 22993.2 9368.47 1868.59 191.991 36.8564
 24744.9 12238.6 2881.31 574.691 70.3828
 25196.1 1718.49 362.541 85.3518 19.1088
 85523.9 5214.28 201.868 42.587 12.2708
 11264.6 19021.8 699.621 27.0854 7.36048
 71242.9 6256.93 6689.58 246.043 12.114
 93908.3 31884.5 1727.46 1846.9 71.2737
 49208.9 28125.9 5766.62 312.427 346.921
 54141.4 14621.6 5151.15 1056.14 120.757
 73309.2 30407.2 5181.06 1825.27 417.023
 11644.7 18796.6 4769.35 812.648 351.703
 30438 4752.84 4861.52 1233.54 301.146
 25753.7 13068.7 1296.09 1325.72 418.504
 11095 8648.86 2785.5 276.252 371.771
 29712.1 5077.09 2548.49 820.781 190.948
 22168.3 11948.4 1313.36 659.252 261.717
 7421.16 9245.84 3223.02 354.271 248.427
 10640.1 4287.91 3469.33 1209.38 226.152
 24786.7 5863.11 1518.18 1228.35 508.266
 7918.16 4681.15 701.721 181.702 207.846
F
 0.141374 0.209501 0.209501 0.209501 0.209501
 0.260085 0.385419 0.385419 0.385419 0.385419
 0.255757 0.379005 0.379005 0.379005 0.379005
 0.394955 0.585283 0.585283 0.585283 0.585283
 0.130999 0.194127 0.194127 0.194127 0.194127
 0.246417 0.365164 0.365164 0.365164 0.365164
 0.576953 0.854983 0.854983 0.854983 0.854983
 0.100998 0.149668 0.149668 0.149668 0.149668
 0.411346 0.609572 0.609572 0.609572 0.609572
 0.574633 0.851546 0.851546 0.851546 0.851546
 0.118254 0.175241 0.175241 0.175241 0.175241
 0.484826 0.718462 0.718462 0.718462 0.718462
 0.510806 0.756961 0.756961 0.756961 0.756961
 1.3587 2.01346 2.01346 2.01346 2.01346
 0.56499 0.837256 0.837256 0.837256 0.837256
 0.376322 0.557669 0.557669 0.557669 0.557669
 0.219232 0.324879 0.324879 0.324879 0.324879
 0.304618 0.451412 0.451412 0.451412 0.451412
 0.373136 0.552948 0.552948 0.552948 0.552948
 0.307316 0.45541 0.45541 0.45541 0.45541
 0.2309 0.34217 0.34217 0.34217 0.34217
 0.331719 0.491574 0.491574 0.491574 0.491574
 0.216453 0.320761 0.320761 0.320761 0.320761
 0.208793 0.30941 0.30941 0.30941 0.30941
 0.21119 0.312961 0.312961 0.312961 0.312961
 0.162617 0.240982 0.240982 0.240982 0.240982
 0.166086 0.246122 0.246122 0.246122 0.246122
 0.147765 0.218972 0.218972 0.218972 0.218972
 0.13375 0.198204 0.198204 0.198204 0.198204
 0.169939 0.251832 0.251832 0.251832 0.251832
 0.216177 0.320351 0.320351 0.320351 0.320351
 0.0898952 0.133215 0.133215 0.133215 0.133215
YTP_r0W_actual
 408809 631784 106545 36883.6 45131.4
YTP_p0W_proyectada
 435163 368102 197444 38512.5 14837.6
 435163 248162 68373.5 34596.3 6622.85
CTP_r0_actual
 47535.9 25475.2 3818.82 988.836 1131.11
CTP_p0_proyectada
 57714 21094.6 8202.91 1229.65 420.926
 57714 14221.3 2840.61 1104.61 187.882
Wmedp
 7.54 17.45 24.07 31.32 35.25
Frms_r0
 0.678186 1.005 1.005 1.005 1.005
Zrms_r0
 1.67819 2.005 2.005 2.005 2.005
nmprior
 7.29 8.9 8.7 0
nm_flota  nm_reclas  nm_pelaces    nm_pelaL
inf 8.81437 7.15878 15.7317
cv_recla  cv_pelaces  cv_mph
0.338427 0.895788 1.49883
 ------------------------------------------------
Talla a la edad & desviaci?n 
 8 13.2811 15.8009 17.003 17.5766
 0.8 1.32811 1.58009 1.7003 1.75766
