years
 1991 1992 1993 1994 1995 1996 1997 1998 1999 2000 2001 2002 2003 2004 2005 2006 2007 2008 2009 2010 2011 2012 2013 2014 2015 2016 2017 2018 2019 2020 2021 2022 2023
reclasobs
 0 0 0 0 0 0 0 0 0 252601 567819 844713 477998 351125 339783 2.1784e+06 2.13404e+06 4.81314e+06 1.55562e+06 2.62356e+06 3.21686e+06 3.843e+06 1.13348e+06 3.07943e+06 1.97215e+06 2.03268e+06 2.025e+06 2.42433e+06 2.27542e+06 1.05018e+06 2.36338e+06 3.18982e+06 1.53035e+06
reclaspred
 4.10367e+06 2.29761e+06 1.12425e+06 956613 1.03412e+06 1.56674e+06 1.04243e+06 832165 551840 360186 447735 677627 598189 241071 404502 1.30857e+06 1.88267e+06 2.53182e+06 2.64556e+06 2.23381e+06 3.9142e+06 2.85978e+06 2.2487e+06 2.63685e+06 2.23525e+06 2.10084e+06 2.63255e+06 2.759e+06 2.87512e+06 1.91043e+06 1.68739e+06 1.95118e+06 1.53562e+06
pelacesobs
 0 0 0 0 0 0 0 0 0 0 0 0 0 0 0 552880 188675 0 991730 2.46772e+06 1.41603e+06 1.21717e+06 2.29649e+06 1.80582e+06 0 1.4828e+06 1.56532e+06 1.57751e+06 1.42118e+06 867257 1.10002e+06 1.06204e+06 0
pelacespred
 938790 556731 270858 184995 222463 336022 198553 203247 128257 73897.4 107199 127066 120090 39140.6 90797.5 259547 373513 548486 610945 489114 793595 664219 508981 645355 542562 492905 717628 720756 646659 484983 383704 429090 348143
mphobs
 0 0 0 0 0 0 0 0 0 0 0 0 498337 0 5186 125008 0 168611 109162 213762 579715 649985 157893 87575 83554 210694 70296 0 107559 103333 445601 22526 28222
mphpred
 1.94295e+06 1.30074e+06 620943 345380 374325 450274 599467 305878 277718 164862 103082 240455 249510 148423 44497.6 182350 753316 697433 934215 929346 1.02192e+06 1.22876e+06 891367 692813 1.01495e+06 757392 721214 1.05048e+06 1.27789e+06 918112 566822 687312 445917
desembarqueobs
 494567 514787 250237 358949 120608 361735 552515 73892 212993 205616 52469 317467 293654 387597 252695 516296 358380 742168 942051 627588 828172 859565 418607 520667 417249 300574 415391 372974 316634 284311 391294 218835 356480
desembarquepred
 494569 513949 250625 358984 120613 361743 552542 73897.7 213062 205677 52472.1 317550 293750 387811 252657 516209 358462 742062 941587 627342 828257 859682 418653 520747 417281 300562 415375 372983 316637 284285 391277 218865 356526
Reclutas
 168840 92243.5 94012.8 138547 112539 200507 78495.9 33356.2 31697.6 45993.2 87694.1 115678 86876.6 47567 86817.2 414687 87138.3 414179 461393 284772 404792 397153 91621.4 248012 207690 113816 300731 251585 91841.4 99687.7 155450 66535.9 178659
log_desv_Rt
 0.234869 -0.369649 -0.350649 0.0371316 -0.170785 0.406767 -0.531034 -1.38684 -1.43784 -1.06559 -0.420227 -0.143267 -0.429592 -1.03194 -0.430276 1.13344 -0.426584 1.13222 1.24017 0.757608 1.10929 1.09024 -0.376416 0.619395 0.441968 -0.159498 0.812135 0.633699 -0.374018 -0.292039 0.152244 -0.696339 0.291397
SSB
 1.94295e+06 1.30074e+06 620943 345380 374325 450274 599467 305878 277718 164862 103082 240455 236622 143973 42884.9 176754 753316 697433 963746 956862 1.07837e+06 1.36436e+06 1.03127e+06 769495 1.05587e+06 836697 748712 1.05048e+06 1.32472e+06 895307 632625 784147 470972
BT
 2.76522e+06 1.894e+06 926080 875505 734803 1.44269e+06 1.01245e+06 678066 588467 429857 431417 675722 652796 533971 639294 1.47087e+06 1.28925e+06 2.57853e+06 2.94335e+06 1.97732e+06 3.32063e+06 2.72604e+06 1.74216e+06 2.73495e+06 1.88519e+06 1.70398e+06 2.98912e+06 2.61013e+06 1.88052e+06 1.62321e+06 1.5342e+06 1.34908e+06 1.48831e+06
Ftot
 0.21535 0.396829 0.390462 0.598077 0.198595 0.368099 0.86855 0.153104 0.626096 0.884764 0.179304 0.72965 0.767862 2.04357 0.84575 0.558547 0.3302 0.456014 0.556064 0.458908 0.344287 0.495397 0.325405 0.312179 0.317559 0.244759 0.247241 0.219113 0.199538 0.257616 0.372919 0.198257 0.366676
BD_Bspro_t
 0.966131 0.770934 0.559967 0.460077 0.452203 0.5478 0.540758 0.338005 0.394311 0.321892 0.283044 0.560683 0.419869 0.263309 0.100594 0.310056 0.535828 0.494558 0.52365 0.483956 0.462235 0.513816 0.479912 0.454598 0.564867 0.564199 0.59173 0.687691 0.719344 0.642493 0.592274 0.61179 0.598291
BD_Bspro
 2.0202 1.35246 0.645633 0.359113 0.389209 0.468177 0.623302 0.31804 0.28876 0.171417 0.10718 0.250016 0.24603 0.149698 0.0445901 0.183782 0.783269 0.725164 1.00207 0.994908 1.12125 1.41861 1.07228 0.800091 1.09786 0.869965 0.778481 1.09225 1.37739 0.930906 0.657779 0.815326 0.489698
BD_Bo
 1.45076 0.971238 0.463647 0.257889 0.279502 0.336211 0.447611 0.228393 0.207367 0.123099 0.0769692 0.179543 0.176681 0.107502 0.0320214 0.131979 0.562487 0.52076 0.719611 0.714471 0.805202 1.01874 0.770034 0.574568 0.788401 0.624746 0.559049 0.784374 0.98914 0.668509 0.47237 0.585508 0.351666
BD_Brms
 7.7134 5.16387 2.46511 1.37114 1.48605 1.78757 2.37985 1.21432 1.10253 0.654493 0.409229 0.954594 0.939377 0.571567 0.170251 0.701704 2.99063 2.76877 3.82602 3.79869 4.28109 5.41644 4.09411 3.05486 4.19176 3.32164 2.97235 4.17036 5.25905 3.55432 2.51149 3.11303 1.86974
Sel_flota
 0.686117 1 1 1 1
 0.686117 1 1 1 1
 0.686117 1 1 1 1
 0.686117 1 1 1 1
 0.686117 1 1 1 1
 0.686117 1 1 1 1
 0.686117 1 1 1 1
 0.686117 1 1 1 1
 0.686117 1 1 1 1
 0.686117 1 1 1 1
 0.686117 1 1 1 1
 0.686117 1 1 1 1
 0.686117 1 1 1 1
 0.686117 1 1 1 1
 0.686117 1 1 1 1
 0.686117 1 1 1 1
 0.686117 1 1 1 1
 0.686117 1 1 1 1
 0.686117 1 1 1 1
 0.686117 1 1 1 1
 0.686117 1 1 1 1
 0.686117 1 1 1 1
 0.686117 1 1 1 1
 0.686117 1 1 1 1
 0.686117 1 1 1 1
 0.686117 1 1 1 1
 0.686117 1 1 1 1
 0.686117 1 1 1 1
 0.686117 1 1 1 1
 0.686117 1 1 1 1
 0.686117 1 1 1 1
 0.686117 1 1 1 1
 0.686117 1 1 1 1
Sel_reclas
 0.5 1 1 1 1
 0.5 1 1 1 1
 0.5 1 1 1 1
 0.5 1 1 1 1
 0.5 1 1 1 1
 0.5 1 1 1 1
 0.5 1 1 1 1
 0.5 1 1 1 1
 0.5 1 1 1 1
 0.5 1 1 1 1
 0.5 1 1 1 1
 0.5 1 1 1 1
 0.5 1 1 1 1
 0.5 1 1 1 1
 0.5 1 1 1 1
 0.5 1 1 1 1
 0.5 1 1 1 1
 0.5 1 1 1 1
 0.5 1 1 1 1
 0.5 1 1 1 1
 0.5 1 1 1 1
 0.5 1 1 1 1
 0.5 1 1 1 1
 0.5 1 1 1 1
 0.5 1 1 1 1
 0.5 1 1 1 1
 0.5 1 1 1 1
 0.5 1 1 1 1
 0.5 1 1 1 1
 0.5 1 1 1 1
 0.5 1 1 1 1
 0.5 1 1 1 1
 0.5 1 1 1 1
Sel_pelaces
 0.5 1 1 1 1
 0.5 1 1 1 1
 0.5 1 1 1 1
 0.5 1 1 1 1
 0.5 1 1 1 1
 0.5 1 1 1 1
 0.5 1 1 1 1
 0.5 1 1 1 1
 0.5 1 1 1 1
 0.5 1 1 1 1
 0.5 1 1 1 1
 0.5 1 1 1 1
 0.5 1 1 1 1
 0.5 1 1 1 1
 0.5 1 1 1 1
 0.5 1 1 1 1
 0.5 1 1 1 1
 0.5 1 1 1 1
 0.5 1 1 1 1
 0.5 1 1 1 1
 0.5 1 1 1 1
 0.5 1 1 1 1
 0.5 1 1 1 1
 0.5 1 1 1 1
 0.5 1 1 1 1
 0.5 1 1 1 1
 0.5 1 1 1 1
 0.5 1 1 1 1
 0.5 1 1 1 1
 0.5 1 1 1 1
 0.5 1 1 1 1
 0.5 1 1 1 1
 0.5 1 1 1 1
pf_obs 
 0.8446 0.082 0.0669 0.0065 0
 0.8095 0.147 0.0364 0.0071 0
 0.9664 0.0169 0.016 0.0007 0
 0.9276 0.0648 0.0075 0.0001 0
 0.7033 0.2144 0.0806 0.0017 0
 0.9318 0.0425 0.0243 0.0014 0
 0.5671 0.3108 0.0964 0.0239 0.0018
 0.0768 0.2599 0.5324 0.112 0.0189
 0.490249 0.384438 0.106611 0.0170017 0.00170017
 0.7925 0.1577 0.0466 0.003 0.0002
 0.840416 0.127587 0.0312969 0.00059994 9.999e-05
 0.8084 0.0986 0.0794 0.0134 0.0002
 0.7335 0.1905 0.0724 0.0035 0.0001
 0.4001 0.4547 0.1325 0.0127 0
 0.49795 0.308269 0.164784 0.0264974 0.00249975
 0.9179 0.0499 0.0305 0.0017 0
 0.2467 0.6533 0.0926 0.0074 0
 0.9418 0.0223 0.034 0.0019 0
 0.707729 0.231977 0.0356964 0.0245975 0
 0.517169 0.277429 0.184464 0.0207286 0.00020938
 0.811772 0.124168 0.05621 0.00726502 0.000585176
 0.764997 0.148141 0.077277 0.00933861 0.000247198
 0.163321 0.427699 0.378323 0.0303852 0.000271297
 0.753843 0.0900009 0.118128 0.0371064 0.000921714
 0.721811 0.176058 0.0630433 0.0369309 0.00215725
 0.143369 0.312575 0.442814 0.0836902 0.0175525
 0.692698 0.0596174 0.167031 0.0765114 0.00414204
 0.394062 0.376323 0.152708 0.0712218 0.00568511
 0.125707 0.32114 0.495352 0.0537591 0.00404204
 0.23352 0.215282 0.420074 0.123614 0.00750983
 0.796117 0.104755 0.0508955 0.0450114 0.00322123
 0.162477 0.292055 0.404252 0.121198 0.0200186
 0 0 0 0 0
pf_pred 
 0.484155 0.140528 0.351005 0.0243114 8.80242e-07
 0.421519 0.339853 0.0650075 0.162373 0.0112468
 0.583012 0.22264 0.114178 0.0218401 0.05833
 0.726074 0.188199 0.0457718 0.0234735 0.0164819
 0.655577 0.279933 0.044307 0.0107759 0.00940657
 0.74734 0.187525 0.0529392 0.00837904 0.00381678
 0.46035 0.443692 0.0712204 0.0201058 0.00463186
 0.466704 0.318199 0.176849 0.0283874 0.00986007
 0.546129 0.257586 0.117117 0.0650912 0.0140774
 0.753433 0.163882 0.0469264 0.021336 0.0144228
 0.848932 0.127156 0.015893 0.00455084 0.00346783
 0.730393 0.241134 0.0239665 0.00299553 0.00151137
 0.674403 0.26704 0.052373 0.00520541 0.000978874
 0.619647 0.296112 0.0690906 0.0135503 0.00160004
 0.923153 0.0605898 0.0126567 0.00295315 0.000647574
 0.941974 0.0553554 0.00210541 0.000439805 0.00012512
 0.365944 0.610889 0.0221004 0.000840577 0.000225544
 0.8474 0.0720934 0.077565 0.0028061 0.000135366
 0.731751 0.240972 0.0128866 0.0138646 0.000525783
 0.592559 0.332389 0.0674198 0.00360545 0.00402619
 0.725821 0.191471 0.0674731 0.0136858 0.00154918
 0.664424 0.270019 0.0457814 0.016133 0.00364274
 0.323712 0.514303 0.13034 0.022099 0.0095459
 0.736502 0.112235 0.115032 0.0291528 0.00707791
 0.620457 0.308222 0.0303791 0.0311362 0.00980667
 0.484386 0.369555 0.118612 0.0116907 0.015756
 0.779859 0.129682 0.0648346 0.0208093 0.00481523
 0.615997 0.324083 0.035298 0.0176473 0.00697474
 0.36524 0.450018 0.155915 0.0169818 0.0118456
 0.527397 0.219939 0.179128 0.0620614 0.0114746
 0.696212 0.191572 0.0522227 0.0425324 0.0174605
 0.452592 0.428042 0.0752736 0.0205197 0.0235728
 0.769374 0.128148 0.0801318 0.0140916 0.00825435
pobs_RECLAS
 0 0 0 0 0
 0 0 0 0 0
 0 0 0 0 0
 0 0 0 0 0
 0 0 0 0 0
 0 0 0 0 0
 0 0 0 0 0
 0 0 0 0 0
 0 0 0 0 0
 0 0 0 0 0
 0.991045 0.00858322 0.000360255 1.14367e-05 0
 0.934742 0.0480273 0.0164251 0.00080598 0
 0.827803 0.169806 0.00239088 0 0
 0.941827 0.0461693 0.0120037 0 0
 0.791401 0.0380133 0.147996 0.0225897 0
 0.846168 0.0940531 0.0597789 0 0
 0.134021 0.677848 0.182769 0.00536245 0
 0.80878 0.0450904 0.141981 0.00414843 0
 0.846168 0.0940531 0.0597789 0 0
 0.905697 0.0802665 0.012482 0.00150086 5.37128e-05
 0.989698 0.0102097 9.19794e-05 0 0
 0.975433 0.0193895 0.00387452 0.00125025 5.28907e-05
 0.303575 0.632131 0.0575291 0.00676475 0
 0.966965 0.00978017 0.0227588 0.000495775 0
 0.843318 0.132988 0.00938335 0.0141283 0.000182051
 0.564624 0.303363 0.111486 0.0197234 0.00080311
 0.826376 0.0876187 0.0782897 0.00655872 0.00115652
 0.89761 0.0855135 0.0140674 0.00269457 0.000114338
 0.34875 0.467042 0.161289 0.0227151 0.000203297
 0.318654 0.224769 0.449479 0.00709798 0
 0.937255 0.0296025 0.0250945 0.00804832 0
 0.456809 0.399803 0.12412 0.0192676 0
 0.883104 0.0372192 0.0704036 0.00927362 0
ppred_RECLAS
 0.407735 0.161346 0.403005 0.027913 1.01065e-06
 0.34989 0.381935 0.0730569 0.182479 0.0126394
 0.507975 0.262704 0.134725 0.0257703 0.0688266
 0.663971 0.230866 0.056149 0.0287953 0.0202186
 0.582522 0.339309 0.0537048 0.0130615 0.0114018
 0.685745 0.233241 0.0658449 0.0104217 0.00474724
 0.392249 0.499684 0.080208 0.0226431 0.00521638
 0.390457 0.363693 0.202134 0.0324461 0.0112698
 0.4732 0.298975 0.135935 0.0755502 0.0163394
 0.698264 0.20055 0.057426 0.0261099 0.0176498
 0.804568 0.164498 0.0205603 0.00588729 0.00448623
 0.670342 0.294842 0.0293047 0.00366273 0.001848
 0.609069 0.320624 0.0628821 0.00624991 0.00117529
 0.574859 0.33098 0.0772262 0.0151459 0.00178845
 0.900759 0.0782458 0.016345 0.0038137 0.000836278
 0.923537 0.0729444 0.0027744 0.000579551 0.000164877
 0.298313 0.676049 0.0244577 0.000930237 0.000249601
 0.804384 0.0924158 0.0994298 0.00359712 0.000173524
 0.669897 0.296537 0.0158581 0.0170616 0.000647022
 0.518554 0.392762 0.0796655 0.00426032 0.00475748
 0.661143 0.236639 0.0833898 0.0169143 0.00191462
 0.594937 0.325931 0.0552612 0.0194737 0.00439703
 0.260641 0.562267 0.142496 0.02416 0.0104362
 0.672932 0.139313 0.142784 0.036186 0.00878549
 0.546194 0.368529 0.0363231 0.0372284 0.0117255
 0.408209 0.424154 0.136136 0.0134179 0.0180838
 0.722328 0.163573 0.0817785 0.0262476 0.00607365
 0.540608 0.387708 0.0422279 0.021112 0.00834406
 0.296677 0.498626 0.172756 0.018816 0.0131251
 0.450479 0.255735 0.208282 0.0721621 0.0133422
 0.628398 0.234336 0.0638803 0.0520268 0.0213582
 0.377371 0.48686 0.0856173 0.0233393 0.026812
 0.711063 0.160549 0.100392 0.0176546 0.0103414
pobs_PELACES
 0 0 0 0 0
 0 0 0 0 0
 0 0 0 0 0
 0 0 0 0 0
 0 0 0 0 0
 0 0 0 0 0
 0 0 0 0 0
 0 0 0 0 0
 0 0 0 0 0
 0 0 0 0 0
 0 0 0 0 0
 0 0 0 0 0
 0 0 0 0 0
 0 0 0 0 0
 0 0 0 0 0
 0 0 0 0 0
 0.505614 0.472636 0.0217494 0 0
 0 0 0 0 0
 0.443492 0.261883 0.143347 0.151278 0
 0.227955 0.32914 0.350689 0.0885471 0.00366901
 0.970185 0.0296113 0.000203453 0 0
 0.997202 0.00247181 0.000326279 0 0
 0.445219 0.490057 0.0546422 0.010081 0
 0.90214 0.0892962 0.00764917 0.000914606 0
 0 0 0 0 0
 0.581667 0.319106 0.0959925 0.00289975 0.000334073
 0.762889 0.0836404 0.116647 0.0363945 0.000428098
 0.88444 0.0763242 0.0277011 0.0115352 0
 0.521256 0.241999 0.230069 0.00667565 0
 0.616807 0.101726 0.260614 0.0208532 0
 0.833518 0.0704572 0.0857862 0.0102388 0
 0.697417 0.212968 0.0787535 0.0105354 0.000325836
 0 0 0 0 0
ppred_PELACES
 0.413133 0.159876 0.399332 0.0276586 1.00144e-06
 0.359296 0.376408 0.0719999 0.179839 0.0124565
 0.518078 0.257309 0.131958 0.0252411 0.0674132
 0.677649 0.221469 0.0538634 0.0276232 0.0193956
 0.587516 0.33525 0.0530624 0.0129053 0.0112654
 0.693903 0.227186 0.0641356 0.0101512 0.00462401
 0.413891 0.48189 0.0773518 0.0218367 0.00503062
 0.394238 0.361437 0.20088 0.0322448 0.0111999
 0.489389 0.289787 0.131758 0.0732285 0.0158373
 0.717216 0.187954 0.0538192 0.02447 0.0165413
 0.807472 0.162054 0.0202548 0.00579981 0.00441957
 0.686824 0.280101 0.0278396 0.00347961 0.00175561
 0.627834 0.305234 0.0598636 0.00594991 0.00111888
 0.625599 0.291478 0.0680095 0.0133383 0.001575
 0.90832 0.0722845 0.0150997 0.00352315 0.000772565
 0.927524 0.0691411 0.00262974 0.000549334 0.00015628
 0.305521 0.669104 0.0242065 0.00092068 0.000247037
 0.811709 0.0889549 0.0957062 0.00346241 0.000167026
 0.682507 0.285209 0.0152523 0.0164099 0.000622306
 0.530409 0.383092 0.0777039 0.00415542 0.00464034
 0.669086 0.231092 0.0814351 0.0165178 0.00186974
 0.60724 0.316031 0.0535827 0.0188822 0.00426347
 0.267189 0.557288 0.141234 0.023946 0.0103437
 0.680008 0.136298 0.139695 0.035403 0.00859539
 0.554334 0.361919 0.0356716 0.0365606 0.0115151
 0.414347 0.419754 0.134724 0.0132787 0.0178962
 0.727435 0.160564 0.0802744 0.0257648 0.00596194
 0.546239 0.382956 0.0417103 0.0208532 0.00824178
 0.301008 0.495555 0.171692 0.0187002 0.0130443
 0.457093 0.252657 0.205775 0.0712936 0.0131816
 0.637373 0.228677 0.0623375 0.0507703 0.0208424
 0.382208 0.483078 0.0849521 0.023158 0.0266037
 0.718803 0.156248 0.0977029 0.0171816 0.0100643
pobs_pel_tallas
 0 0 0 0 0 0 0 0 0 0 0 0 0 0 0 0 0 0 0 0 0 0 0 0 0 0
 0 0 0 0 0 0 0 0 0 0 0 0 0 0 0 0 0 0 0 0 0 0 0 0 0 0
 0 0 0 0 0 0 0 0 0 0 0 0 0 0 0 0 0 0 0 0 0 0 0 0 0 0
 0 0 0 0 0 0 0 0 0 0 0 0 0 0 0 0 0 0 0 0 0 0 0 0 0 0
 0 0 0 0 0 0 0 0 0 0 0 0 0 0 0 0 0 0 0 0 0 0 0 0 0 0
 0 0 0 0 0 0 0 0 0 0 0 0 0 0 0 0 0 0 0 0 0 0 0 0 0 0
 0 0 0 0 0 0 0 0 0 0 0 0 0 0 0 0 0 0 0 0 0 0 0 0 0 0
 0 0 0 0 0 0 0 0 0 0 0 0 0 0 0 0 0 0 0 0 0 0 0 0 0 0
 0 0 0 0 0 0 0 0 0 0 0 0 0 0 0 0 0 0 0 0 0 0 0 0 0 0
 0 0 0 0 0 0 0 0 0 0 0 0 0 0 0 0 0 0 0 0 0 0 0 0 0 0
 0 0 0 0 0 0 0 0 0 0 0 0 0 0 0 0 0 0 0 0 0 0 0 0 0 0
 0 0 0 0 0 0 0 0 0 0 0 0 0 0 0 0 0 0 0 0 0 0 0 0 0 0
 0.00862536 0 0 0.000197151 0.00414017 0.0128641 0.00837892 0.0270097 0.101434 0.158115 0.152841 0.127902 0.109271 0.109419 0.0830992 0.0579132 0.0238553 0.00714673 0.00463305 0.00128148 0.00103504 0.000492878 0.000147863 0.000147863 4.92878e-05 0
 0 0 0 0 0 0 0 0 0 0 0 0 0 0 0 0 0 0 0 0 0 0 0 0 0 0
 0 0 0 0 0 0 0 0.0054083 0.00873648 0.0413646 0.0450493 0.0745869 0.0622846 0.0627006 0.0613931 0.0827291 0.12552 0.122667 0.0946155 0.0697135 0.0546179 0.0294188 0.0215738 0.0213955 0.0102223 0.00600262
 0 0 0 0 0.00359764 0.0251062 0.0480494 0.140153 0.205849 0.193036 0.1447 0.116669 0.0760912 0.0342217 0.00950174 0.001854 0.000860785 0 0 0 0.000165536 0 0.000143464 0 0 0
 0 0 0 0 0 0 0 0.000145254 0.000435761 0.0275982 0.070085 0.0708112 0.156366 0.174668 0.174014 0.160142 0.0824315 0.0480064 0.0283245 0.00493863 0.00203355 0 0 0 0 0
 0 0 0 0 0 0 0 0 0 0 0 0 0 0 0 0 0 0 0 0 0 0 0 0 0 0
 0 0 1.00437e-05 0.000401748 0.00122533 0.00171747 0.00176769 0.0269171 0.070346 0.194647 0.189555 0.159765 0.064822 0.0314167 0.0384472 0.0292271 0.0345202 0.0313363 0.0194345 0.0106764 0.0143323 0.0359363 0.0279516 0.0138201 0.00172751 0
 0 0.0021121 0.0136068 0.0755702 0.200478 0.177729 0.0527432 0.0373336 0.0318909 0.0142505 0.0149659 0.0166563 0.0217959 0.0798694 0.0677717 0.0528807 0.04013 0.0224614 0.0357745 0.0225083 0.00881397 0.00855152 0.00135912 0.000746735 0 0
 0 0 0 0 5.4009e-05 0.00500934 0.000945158 0.0243581 0.138947 0.33067 0.221406 0.137944 0.0707744 0.0437923 0.0131692 0.00525238 0.0047753 0.00276346 9.45158e-05 9.00151e-06 2.25038e-05 9.00151e-06 4.50075e-06 0 0 0
 0.000866109 0.00284123 0.00948549 0.0512746 0.133035 0.25785 0.225252 0.132002 0.0553304 0.0519788 0.0540692 0.017754 0.00435017 0.00159236 0.00146478 0.000404838 0.000125132 0.000115318 0.000107957 0.000100596 0 0 0 0 0 0
 0 0 0 0 0.00144013 0.00171154 0.00461396 0.0210425 0.0478622 0.0707936 0.0888783 0.103762 0.0637923 0.0337046 0.0602308 0.124433 0.169614 0.0934646 0.0462172 0.0250306 0.0313229 0.00938855 0.002487 0.000210481 0 0
 0 0.00764035 0.051015 0.0998891 0.058973 0.0496711 0.0374665 0.0718981 0.12319 0.153886 0.159021 0.0857701 0.0377988 0.023471 0.0147837 0.00900784 0.00315554 0.000888139 0.00291439 0.00214683 0.00393193 0.00274676 0.000635225 9.99891e-05 0 0
 0 0 0 0 0 0 0 0 0 0 0 0 0 0 0 0 0 0 0 0 0 0 0 0 0 0
 0 0 0 0 0 0 0 0 0 0 0 0 0 0 0 0 0 0 0 0 0 0 0 0 0 0
 0 0 0 0 0 0 0 0 0 0 0 0 0 0 0 0 0 0 0 0 0 0 0 0 0 0
 0 0 0 0 0 0 0 0 0 0 0 0 0 0 0 0 0 0 0 0 0 0 0 0 0 0
 0 0 0 0 0 0 0 0 0 0 0 0 0 0 0 0 0 0 0 0 0 0 0 0 0 0
 0 0 0 0 0 0 0 0 0 0 0 0 0 0 0 0 0 0 0 0 0 0 0 0 0 0
 0 0 0 0 0 0 0 0 0 0 0 0 0 0 0 0 0 0 0 0 0 0 0 0 0 0
 0 0 0 0 0 0 0 0 0 0 0 0 0 0 0 0 0 0 0 0 0 0 0 0 0 0
 0 0 0 0 0 0 0 0 0 0 0 0 0 0 0 0 0 0 0 0 0 0 0 0 0 0
ppred_pel_tallas
 1.14339e-16 3.40292e-05 0.000330776 0.00219813 0.00999237 0.0310901 0.0662412 0.0966844 0.0967004 0.0663197 0.0313552 0.0107656 0.00416727 0.0047228 0.00864832 0.0149541 0.0231892 0.0325896 0.0422686 0.0516131 0.060283 0.0677354 0.0728062 0.0739412 0.0700501 0.0613194
 1.22318e-16 2.95949e-05 0.000287673 0.00191169 0.00869027 0.0270389 0.0576105 0.0840918 0.0841282 0.0577883 0.027636 0.0104164 0.00624988 0.00977656 0.0181085 0.0300515 0.0436942 0.0558751 0.0634693 0.0652412 0.0626496 0.0588147 0.0564319 0.0562464 0.0570312 0.0567307
 1.17814e-16 4.26735e-05 0.000414802 0.0027565 0.0125307 0.0389877 0.0830684 0.121246 0.121271 0.0831905 0.0393981 0.0137182 0.00574564 0.00696803 0.0125714 0.0209357 0.0306794 0.0397058 0.045916 0.0483985 0.0479427 0.0463667 0.0452141 0.0448682 0.0446281 0.0434352
 1.07664e-16 5.58171e-05 0.000542562 0.00360552 0.0163902 0.050996 0.108653 0.158587 0.158608 0.108758 0.0513472 0.0174051 0.00615548 0.00611714 0.010667 0.0176112 0.025521 0.0324359 0.0364065 0.0365685 0.0336553 0.0294614 0.0256963 0.0231251 0.0215071 0.0201232
 1.04818e-16 4.8393e-05 0.000470397 0.00312596 0.0142102 0.0442133 0.0942023 0.137498 0.13753 0.0943602 0.0447437 0.0157422 0.00697217 0.00886862 0.0160039 0.0263966 0.0380581 0.0479406 0.0529694 0.0517321 0.0453131 0.036537 0.0282541 0.0220041 0.0178323 0.0149735
 1.0371e-16 5.71559e-05 0.000555576 0.003692 0.0167833 0.0522192 0.111259 0.162391 0.162413 0.111367 0.0525795 0.0178247 0.00630843 0.00627538 0.0109439 0.018064 0.0261609 0.0331993 0.037133 0.0370031 0.0334728 0.0283093 0.0232546 0.0191888 0.0160775 0.013468
 1.05397e-16 3.40918e-05 0.000331384 0.00220217 0.0100108 0.0311474 0.0663646 0.0968708 0.0969173 0.0665916 0.0319098 0.012213 0.0077308 0.0124032 0.0229686 0.037939 0.0546993 0.0688916 0.0760873 0.0742379 0.0648772 0.0520398 0.0398075 0.0304032 0.0239369 0.0193848
 1.11019e-16 3.24729e-05 0.000315648 0.0020976 0.00953539 0.0296683 0.0632128 0.0922682 0.0923033 0.0633843 0.0302449 0.0112038 0.00629707 0.0095216 0.0176291 0.0293877 0.043019 0.0555355 0.063867 0.0665379 0.0644073 0.0597973 0.0547857 0.0500944 0.0452622 0.0395915
 1.13901e-16 4.03104e-05 0.000391831 0.00260386 0.0118368 0.0368288 0.0784686 0.114533 0.114561 0.078606 0.0372905 0.0131726 0.00596519 0.00775754 0.0141121 0.0234866 0.0343541 0.044325 0.0509933 0.0532897 0.0520665 0.0493489 0.0468747 0.0451117 0.0433657 0.0406155
 1.06855e-16 5.90761e-05 0.000574241 0.00381604 0.0173472 0.0539735 0.114997 0.167845 0.167863 0.115086 0.0542718 0.0182094 0.0059831 0.0053138 0.00908683 0.0149996 0.0217715 0.0277455 0.0312804 0.0316457 0.0294464 0.0261651 0.0231964 0.0211362 0.0197508 0.018436
 1.01956e-16 6.65104e-05 0.000646505 0.00429625 0.0195302 0.0607656 0.129468 0.188966 0.188982 0.129544 0.0610218 0.0202701 0.00615342 0.00470025 0.00776398 0.0127269 0.0183199 0.023024 0.0253399 0.024581 0.0212808 0.0168301 0.0126433 0.00950182 0.00745172 0.00612576
 1.01522e-16 5.65728e-05 0.000549908 0.00365433 0.0166121 0.0516865 0.110125 0.160736 0.160763 0.110256 0.052129 0.0178899 0.00686086 0.0075464 0.0133341 0.0219279 0.0315194 0.0395019 0.0432548 0.0415639 0.0353429 0.0270203 0.0191053 0.0130445 0.00902379 0.00649607
 1.02592e-16 5.17139e-05 0.000502678 0.00334047 0.0151853 0.0472473 0.100666 0.146932 0.146961 0.10081 0.0477305 0.0165812 0.00684538 0.00815756 0.0146002 0.0240819 0.0347464 0.0438163 0.0484826 0.047427 0.0415774 0.0334303 0.0255197 0.0192399 0.0147048 0.0113615
 1.03642e-16 5.15298e-05 0.000500888 0.00332858 0.0151313 0.0470791 0.100308 0.146408 0.146437 0.100446 0.0475409 0.0164657 0.00668015 0.00782413 0.0139794 0.0230806 0.0333628 0.0422022 0.0469474 0.0463575 0.0413071 0.0341269 0.0271457 0.0215878 0.0174723 0.0142295
 1.00939e-16 7.48171e-05 0.000727249 0.00483283 0.0219693 0.0683548 0.145637 0.212563 0.21257 0.145671 0.0684693 0.0223001 0.0056634 0.00254168 0.00352452 0.00571813 0.00825281 0.0104258 0.0115743 0.0113915 0.0100998 0.00828675 0.00654102 0.00517418 0.00419152 0.00344365
 1.00176e-16 7.63989e-05 0.000742624 0.004935 0.0224338 0.0697999 0.148716 0.217057 0.217064 0.148749 0.069909 0.0227487 0.00572496 0.0024652 0.00334226 0.00538974 0.00772201 0.00963733 0.0104778 0.00994191 0.00826396 0.00606423 0.00399088 0.00242836 0.00143788 0.000881583
 1.01004e-16 2.51655e-05 0.000244618 0.00162558 0.00738967 0.0229923 0.04899 0.0715158 0.0715802 0.0493045 0.024048 0.0104371 0.00926935 0.0169118 0.0316227 0.05209 0.0746846 0.0931771 0.101232 0.0959205 0.0795035 0.0579871 0.0376632 0.0222878 0.0124976 0.00700005
 1.03161e-16 6.68595e-05 0.000649898 0.0043188 0.0196326 0.0610845 0.130147 0.189956 0.189964 0.13019 0.0612278 0.0200483 0.00536827 0.00296114 0.00451537 0.00751233 0.0111706 0.0147827 0.0176448 0.0193816 0.020082 0.0200796 0.019592 0.0185591 0.016796 0.0142688
 1.02265e-16 5.62172e-05 0.000546451 0.00363136 0.0165077 0.0513616 0.109432 0.159726 0.159753 0.109567 0.0518119 0.0178077 0.00689283 0.00766062 0.0135509 0.022271 0.0319793 0.0400147 0.0437117 0.0418576 0.0354316 0.0269713 0.019085 0.0132551 0.00961583 0.00750225
 1.03543e-16 4.36891e-05 0.000424674 0.00282211 0.0128289 0.0399158 0.0850461 0.124135 0.124172 0.0852267 0.0405222 0.0145811 0.00722183 0.0100344 0.0183089 0.0302365 0.0436376 0.0550469 0.0609433 0.0596727 0.0523964 0.0422404 0.0323765 0.0245479 0.0188948 0.0147237
 1.04383e-16 5.51117e-05 0.000535706 0.00355995 0.016183 0.0503516 0.10728 0.156583 0.156606 0.107389 0.0507187 0.0172443 0.00622755 0.00637165 0.0111755 0.0184842 0.026846 0.0342277 0.0385785 0.0389308 0.0359245 0.0312706 0.0266186 0.0227436 0.0195396 0.0165543
 1.04243e-16 5.00176e-05 0.000486189 0.0032309 0.0146872 0.0456976 0.0973646 0.142113 0.142143 0.0975135 0.0461977 0.0161319 0.00685816 0.00840743 0.0151025 0.0249114 0.0359358 0.0453078 0.0501359 0.0490884 0.0431745 0.0350278 0.0272947 0.0213883 0.0173325 0.0144188
 1.08371e-16 2.20081e-05 0.000213927 0.00142162 0.00646251 0.0201076 0.0428433 0.0625423 0.0625961 0.0431062 0.0209909 0.00901513 0.00783385 0.0142277 0.0266833 0.0441994 0.0639514 0.0810102 0.0903365 0.0895728 0.0803799 0.0671718 0.05433 0.0441162 0.0365017 0.0303638
 1.09072e-16 5.60114e-05 0.000544451 0.00361807 0.0164472 0.0511735 0.109031 0.159137 0.15915 0.109096 0.0513932 0.0170843 0.00522687 0.00408864 0.00688174 0.0115365 0.0171957 0.0228487 0.0274794 0.030595 0.0324183 0.0335128 0.0341805 0.0341782 0.0329603 0.0301666
 1.06738e-16 4.56598e-05 0.00044383 0.00294941 0.0134076 0.0417162 0.0888821 0.129733 0.129768 0.0890524 0.0422882 0.0150597 0.00709594 0.00949437 0.0172309 0.0284069 0.0409067 0.0514354 0.0566835 0.055171 0.0481547 0.0387934 0.0302485 0.024186 0.0205454 0.0183007
 1.08356e-16 3.41293e-05 0.000331749 0.00220459 0.0100218 0.0311817 0.0664374 0.0969758 0.0970163 0.0666357 0.0318479 0.0119477 0.00704454 0.0109164 0.0201919 0.0334724 0.0485533 0.0617635 0.069356 0.0695699 0.0636071 0.0546678 0.0458769 0.0387672 0.0332133 0.0283652
 1.05951e-16 5.99179e-05 0.000582423 0.00387041 0.0175943 0.0547425 0.116635 0.170236 0.170252 0.116711 0.0549985 0.0183348 0.0057339 0.00466632 0.00786283 0.0130273 0.0190506 0.0245693 0.0282266 0.0293926 0.0284911 0.0266015 0.0246767 0.0230236 0.0213684 0.0192921
 1.04788e-16 4.49931e-05 0.000437349 0.00290634 0.0132118 0.041107 0.0875842 0.127839 0.127876 0.0877645 0.0417123 0.0149598 0.00729343 0.0100123 0.0182235 0.0300409 0.0432381 0.054311 0.0597238 0.057864 0.0500134 0.0394855 0.0296456 0.0223433 0.0176643 0.0146965
 1.09165e-16 2.47937e-05 0.000241004 0.00160156 0.00728048 0.0226525 0.0482654 0.0704548 0.0705027 0.0484996 0.0234395 0.00955552 0.00731988 0.0127495 0.0238547 0.0395903 0.0574775 0.073213 0.0823846 0.0829025 0.0761407 0.0657989 0.0554758 0.0469153 0.0399653 0.0336942
 1.15384e-16 3.76502e-05 0.000365973 0.00243202 0.0110556 0.0343983 0.0732902 0.106974 0.106999 0.0734107 0.0348039 0.0122307 0.00539571 0.00688273 0.0125528 0.0210577 0.0311901 0.0410379 0.0486496 0.0531137 0.0549706 0.0555277 0.0556815 0.0552692 0.0533944 0.0492781
 1.10477e-16 5.24996e-05 0.000510315 0.00339122 0.015416 0.0479651 0.102195 0.149162 0.149184 0.102304 0.0483281 0.0164654 0.00602868 0.00627966 0.011045 0.0182725 0.0265509 0.0339022 0.0383665 0.039101 0.0368854 0.0335421 0.0307348 0.0290891 0.0281657 0.0270629
 1.094e-16 3.14821e-05 0.000306017 0.00203359 0.00924445 0.0287632 0.0612847 0.0894565 0.0895031 0.0615123 0.0295277 0.0114533 0.00757979 0.0124191 0.0230537 0.0381091 0.055007 0.0694189 0.0769548 0.0756135 0.0669707 0.0550736 0.0439608 0.0357444 0.0303659 0.0266122
 1.06286e-16 5.92069e-05 0.000575512 0.00382448 0.0173855 0.054093 0.115251 0.168216 0.168231 0.115326 0.0543426 0.0181082 0.00564435 0.0045681 0.00770005 0.0127884 0.0187732 0.0243564 0.0282388 0.0298018 0.0294095 0.0280211 0.0264545 0.0249244 0.0231445 0.0207625
pSPR Fmed_Fpbrs
0.564547   0.238083 0.238083
Fs Fmed_Fpbrs
0.34   1.005 1.005
SSBpbr Bo_Bmed_Bpbrs
1.33926e+06  689112  251892 251892
Ro
133497
SPR SPRFo_SPRFmed_SPRFpbrs
961759 542958 228979
Fref
1.005
Nvult_r0
 145678 18487.3 11560.2 2032.93 1190.81
CTP_r0
 59454.8 9266.68 5794.51 1019 596.891
YTP_r0
802423
Np
 146902 27118.5 6881.9 733.475 520.408
Nvult_p0
 119783 23466.7 5955.18 634.705 450.33
CTP_p0
 48886.7 22167 2362.57 1477.33 326.033
 48886.7 11762.6 2985.02 318.144 225.727
YTP_p0
 870049 663634
CBA_c0
822711
log_Ro
11.6218
likeval ReclasPelacesDesembMPH_pf_preclas_ppelaces_ptallas_desvR_qrecl_qpela
 16.3248 73.5927 0.0320052 131.151 233.915 149.816 118.643 0 24.2441 2.36036e-05 0 0.138577 0 0 0
q_reclas_q_pelaces
1.98789 1
M
1
N
 168840 34554.4 86308.7 5977.94 0.216443
 92243.5 53581 10249 25599.7 1773.16
 94012.8 25846.1 13254.9 2535.41 6771.5
 138547 26457.2 6434.66 3299.94 2317.05
 112539 33813.5 5351.9 1301.63 1136.23
 200507 36126.9 10198.8 1614.23 735.304
 78495.9 57299.4 9197.55 2596.51 598.168
 33356.2 15912.7 8844 1419.62 493.089
 31697.6 11047.4 5022.94 2791.66 603.756
 45993.2 7588.75 2172.98 987.992 667.864
 87694.1 9220.61 1152.47 330 251.466
 115678 28526.4 2835.27 354.374 178.797
 86876.6 25795.2 5059.06 502.825 94.556
 47567 18871.4 4403.18 863.569 101.971
 86817.2 4306 899.49 209.874 46.0218
 414687 17877.1 679.947 142.036 40.4078
 87138.3 103990 3762.09 143.089 38.3937
 414179 25557.8 27497.5 994.789 47.9885
 461393 111433 5959.14 6411.42 243.138
 284772 115900 23508.3 1257.17 1403.88
 404792 76464.3 26945.5 5465.46 618.667
 397153 117584 19936.2 7025.38 1586.29
 91621.4 104003 26357.6 4468.89 1930.39
 248012 26961.2 27633.1 7003.09 1700.26
 207690 73647.1 7258.84 7439.74 2343.23
 113816 61446.4 19721.8 1943.83 2619.76
 300731 35397.8 17697.2 5680.09 1314.36
 251585 93370.9 10169.7 5084.34 2009.48
 91841.4 79634.1 27590.4 3005.05 2096.17
 99687.7 29463.6 23996.4 8313.9 1537.17
 155450 30731.5 8377.43 6822.93 2800.97
 66535.9 44276.7 7786.32 2122.56 2438.37
 178659 21364.2 13359.1 2349.28 1376.12
pred_Ctot
 14837.8 4306.71 10757.2 745.065 0.0269765
 14209.3 11456.3 2191.38 5473.56 379.125
 14274.2 5451.02 2795.49 534.725 1428.13
 30473 7898.62 1921.02 985.174 691.74
 9163.24 3912.73 619.294 150.618 131.479
 28875.5 7245.56 2045.45 323.748 147.472
 23368.9 22523.3 3615.39 1020.64 235.129
 2120.7 1445.89 803.601 128.992 44.8041
 7244.52 3416.93 1553.58 863.449 186.74
 13890.6 3021.38 865.151 393.359 265.903
 6481.63 970.844 121.344 34.7459 26.477
 29986 9899.66 983.938 122.98 62.0487
 23465.5 9291.52 1822.29 181.119 34.0594
 25251.6 12067 2815.55 552.196 65.2041
 25314.9 1661.51 347.077 80.982 17.7579
 86079.7 5058.5 192.397 40.1903 11.4338
 11374.5 18988 686.936 26.1272 7.01047
 72149.2 6138.16 6604.02 238.917 11.5253
 95412.1 31420 1680.26 1807.79 68.5561
 49882.5 27981 5675.5 303.512 338.931
 54880.7 14477.5 5101.77 1034.81 117.136
 74364.9 30221.6 5124.03 1805.67 407.709
 11801.5 18749.9 4751.79 805.66 348.014
 30759.1 4687.37 4804.18 1217.53 295.6
 26163.5 12997.1 1281.03 1312.95 413.528
 11275.5 8602.49 2761.05 272.136 366.767
 30074.1 5000.97 2500.25 802.479 185.692
 22472.1 11822.8 1287.7 643.79 254.445
 7511.54 9255.1 3206.56 349.248 243.617
 10357.6 4319.39 3517.89 1218.82 225.35
 22650.1 6232.48 1698.98 1383.72 568.048
 5408.85 5115.45 899.582 245.227 281.714
 25639.7 4270.58 2670.42 469.609 275.079
F
 0.147756 0.21535 0.21535 0.21535 0.21535
 0.272271 0.396829 0.396829 0.396829 0.396829
 0.267903 0.390462 0.390462 0.390462 0.390462
 0.410351 0.598077 0.598077 0.598077 0.598077
 0.136259 0.198595 0.198595 0.198595 0.198595
 0.252559 0.368099 0.368099 0.368099 0.368099
 0.595927 0.86855 0.86855 0.86855 0.86855
 0.105047 0.153104 0.153104 0.153104 0.153104
 0.429575 0.626096 0.626096 0.626096 0.626096
 0.607051 0.884764 0.884764 0.884764 0.884764
 0.123024 0.179304 0.179304 0.179304 0.179304
 0.500625 0.72965 0.72965 0.72965 0.72965
 0.526844 0.767862 0.767862 0.767862 0.767862
 1.40213 2.04357 2.04357 2.04357 2.04357
 0.580283 0.84575 0.84575 0.84575 0.84575
 0.383229 0.558547 0.558547 0.558547 0.558547
 0.226556 0.3302 0.3302 0.3302 0.3302
 0.312879 0.456014 0.456014 0.456014 0.456014
 0.381525 0.556064 0.556064 0.556064 0.556064
 0.314865 0.458908 0.458908 0.458908 0.458908
 0.236221 0.344287 0.344287 0.344287 0.344287
 0.3399 0.495397 0.495397 0.495397 0.495397
 0.223266 0.325405 0.325405 0.325405 0.325405
 0.214191 0.312179 0.312179 0.312179 0.312179
 0.217883 0.317559 0.317559 0.317559 0.317559
 0.167934 0.244759 0.244759 0.244759 0.244759
 0.169636 0.247241 0.247241 0.247241 0.247241
 0.150337 0.219113 0.219113 0.219113 0.219113
 0.136906 0.199538 0.199538 0.199538 0.199538
 0.176754 0.257616 0.257616 0.257616 0.257616
 0.255866 0.372919 0.372919 0.372919 0.372919
 0.136028 0.198257 0.198257 0.198257 0.198257
 0.251583 0.366676 0.366676 0.366676 0.366676
YTP_r0W_actual
 448290 161704 139474 31915.1 21040.4
YTP_p0W_proyectada
 368605 386814 56867 46269.9 11492.7
 368605 205258 71849.4 9964.27 7956.86
CTP_r0_actual
 59454.8 9266.68 5794.51 1019 596.891
CTP_p0_proyectada
 48886.7 22167 2362.57 1477.33 326.033
 48886.7 11762.6 2985.02 318.144 225.727
Wmedp
 7.54 17.45 24.07 31.32 35.25
Frms_r0
 0.689548 1.005 1.005 1.005 1.005
Zrms_r0
 1.68955 2.005 2.005 2.005 2.005
nmprior
 7.29 8.9 8.7 0
nm_flota  nm_reclas  nm_pelaces    nm_pelaL
inf 8.54706 6.55803 13.915
cv_recla  cv_pelaces  cv_mph
0.349908 0.939741 1.53035
 ------------------------------------------------
Talla a la edad & desviaci?n 
 8 13.2811 15.8009 17.003 17.5766
 0.8 1.32811 1.58009 1.7003 1.75766
