years
 1991 1992 1993 1994 1995 1996 1997 1998 1999 2000 2001 2002 2003 2004 2005 2006 2007 2008 2009 2010 2011 2012 2013 2014 2015 2016 2017 2018 2019 2020 2021 2022 2023
reclasobs
 0 0 0 0 0 0 0 0 0 252601 567819 844713 477998 351125 339783 2.1784e+06 2.13404e+06 4.81314e+06 1.55562e+06 2.62356e+06 3.21686e+06 3.843e+06 1.13348e+06 3.07943e+06 1.97215e+06 2.03268e+06 2.025e+06 2.42433e+06 2.27542e+06 1.05018e+06 2.36338e+06 3.18982e+06 1.53035e+06
reclaspred
 3.33976e+06 1.8214e+06 923808 938886 949099 1.60353e+06 894450 780737 553905 377697 549201 793786 675102 354632 544405 1.39325e+06 1.23383e+06 2.81171e+06 2.25807e+06 1.83863e+06 3.25507e+06 2.65454e+06 2.00488e+06 3.0838e+06 2.32145e+06 2.05165e+06 2.46022e+06 2.78201e+06 2.30214e+06 1.63841e+06 1.8328e+06 1.82895e+06 1.55781e+06
pelacesobs
 0 0 0 0 0 0 0 0 0 0 0 0 0 0 0 552880 188675 0 991730 2.46772e+06 1.41603e+06 1.21717e+06 2.29649e+06 1.80582e+06 0 1.4828e+06 1.56532e+06 1.57751e+06 1.42118e+06 867257 1.10002e+06 1.06204e+06 0
pelacespred
 1.87225e+06 1.11487e+06 550320 449791 496073 856984 423644 492096 319196 199056 309877 379321 350618 169530 296617 641685 590398 1.52167e+06 1.24546e+06 915671 1.67063e+06 1.43422e+06 1.12469e+06 1.87715e+06 1.36289e+06 1.21316e+06 1.64192e+06 1.66295e+06 1.28232e+06 1.0381e+06 980378 1.01823e+06 864382
mphobs
 0 0 0 0 0 0 0 0 0 0 0 0 498337 0 5186 125008 0 168611 109162 213762 579715 649985 157893 87575 83554 210694 70296 0 107559 103333 445601 22526 28222
mphpred
 593862 395396 189653 105474 114324 136341 181999 97079.5 89004.8 56098.1 34867.4 77976.6 94839.7 58693.5 23645.7 55898 179930 156981 302180 363106 431524 514056 106259 87137.9 129823 103112 88776.4 99202.5 144774 106676 64039.1 86510.4 57225.7
desembarqueobs
 494567 514787 250237 358949 120608 361735 552515 73892 212993 205616 52469 317467 293654 387597 252695 516296 358380 742168 942051 627588 828172 859565 418607 520667 417249 300574 415391 372974 316634 284311 391294 218835 356480
desembarquepred
 494569 513904 250648 358984 120613 361743 552541 73897.2 213055 205671 52471.1 317494 293739 387731 252642 516214 358406 742013 941674 627327 828245 859541 418613 520698 417226 300574 415386 372941 316605 284276 391259 218847 356501
Reclutas
 169183 93802.6 96197.9 143006 116658 207279 82705.9 36091.2 34734.7 46826.1 95261.3 141834 86801 53830.8 84617 362341 72790.6 516408 328699 299174 369600 503657 96494.4 279847 254512 106573 241785 291484 101095 94823.2 182986 77034.8 162366
log_desv_Rt
 0.205729 -0.384058 -0.358843 0.0376326 -0.166006 0.408814 -0.509959 -1.3392 -1.37751 -1.07881 -0.368627 0.0294052 -0.461633 -0.939404 -0.487116 0.967335 -0.637663 1.32165 0.869892 0.775775 0.98717 1.29664 -0.355766 0.708994 0.614096 -0.256416 0.562797 0.749736 -0.309187 -0.373236 0.28416 -0.580993 0.164605
SSB
 2.08861e+06 1.39061e+06 667009 370953 402077 479511 640090 341429 313030 197297 122629 274244 317723 201401 80262.9 190322 632815 552101 1.09739e+06 789368 962025 1.20287e+06 1.14532e+06 902249 1.26132e+06 1.06253e+06 862656 928067 1.40343e+06 973446 666513 920227 565095
BT
 2.93773e+06 2.00436e+06 984027 919819 777806 1.50714e+06 1.06955e+06 745294 651336 472576 481049 793886 750293 637868 673541 1.3337e+06 1.09026e+06 2.81167e+06 2.63439e+06 1.8132e+06 3.01183e+06 2.78425e+06 1.89942e+06 3.12013e+06 2.25573e+06 1.92854e+06 2.72452e+06 2.67207e+06 1.9998e+06 1.69058e+06 1.70327e+06 1.57142e+06 1.52143e+06
Ftot
 0.20328 0.375849 0.369489 0.570152 0.189766 0.354522 0.819044 0.139889 0.557172 0.779499 0.162162 0.610925 0.630806 1.4835 0.786258 0.6346 0.409969 0.437635 0.615202 0.519382 0.391434 0.491386 0.292045 0.270283 0.26464 0.210814 0.267711 0.218484 0.188649 0.246667 0.33588 0.170332 0.354795
BD_Bspro_t
 0.968133 0.782702 0.579125 0.481035 0.472607 0.565629 0.558822 0.363257 0.423863 0.361917 0.319876 0.598084 0.490607 0.333736 0.170297 0.324228 0.494275 0.444903 0.547282 0.436746 0.435669 0.486656 0.503395 0.484287 0.600621 0.615937 0.620336 0.664369 0.732358 0.662313 0.607223 0.648378 0.637851
BD_Bspro
 2.10501 1.40153 0.672247 0.373866 0.405234 0.483276 0.645116 0.34411 0.315488 0.198846 0.123592 0.276397 0.320218 0.202982 0.0808931 0.191816 0.637784 0.556436 1.10601 0.795566 0.969578 1.21232 1.15431 0.909333 1.27123 1.07087 0.869429 0.935354 1.41445 0.981089 0.671746 0.927452 0.569532
BD_Bo
 1.48928 0.991573 0.475611 0.264508 0.286701 0.341915 0.456416 0.243456 0.223206 0.140682 0.0874403 0.195549 0.226553 0.143609 0.0572314 0.135709 0.451229 0.393676 0.782493 0.562859 0.685971 0.857708 0.816669 0.643348 0.899385 0.757635 0.615116 0.661758 1.00072 0.694115 0.475256 0.656168 0.402941
BD_Brms
 7.74644 5.15762 2.47387 1.37583 1.49126 1.77846 2.37403 1.26632 1.161 0.731754 0.454817 1.01714 1.1784 0.746974 0.297687 0.705885 2.34705 2.04769 4.07011 2.92768 3.56805 4.46133 4.24787 3.34635 4.67811 3.94081 3.1995 3.44211 5.20519 3.61041 2.47203 3.41303 2.09588
Sel_flota
 0.677846 0.975597 0.998685 0.999931 0.999996
 0.677846 0.975597 0.998685 0.999931 0.999996
 0.677846 0.975597 0.998685 0.999931 0.999996
 0.677846 0.975597 0.998685 0.999931 0.999996
 0.677846 0.975597 0.998685 0.999931 0.999996
 0.677846 0.975597 0.998685 0.999931 0.999996
 0.677846 0.975597 0.998685 0.999931 0.999996
 0.677846 0.975597 0.998685 0.999931 0.999996
 0.677846 0.975597 0.998685 0.999931 0.999996
 0.677846 0.975597 0.998685 0.999931 0.999996
 0.677846 0.975597 0.998685 0.999931 0.999996
 0.677846 0.975597 0.998685 0.999931 0.999996
 0.677846 0.975597 0.998685 0.999931 0.999996
 0.677846 0.975597 0.998685 0.999931 0.999996
 0.677846 0.975597 0.998685 0.999931 0.999996
 0.677846 0.975597 0.998685 0.999931 0.999996
 0.677846 0.975597 0.998685 0.999931 0.999996
 0.677846 0.975597 0.998685 0.999931 0.999996
 0.677846 0.975597 0.998685 0.999931 0.999996
 0.677846 0.975597 0.998685 0.999931 0.999996
 0.677846 0.975597 0.998685 0.999931 0.999996
 0.677846 0.975597 0.998685 0.999931 0.999996
 0.677846 0.975597 0.998685 0.999931 0.999996
 0.677846 0.975597 0.998685 0.999931 0.999996
 0.677846 0.975597 0.998685 0.999931 0.999996
 0.677846 0.975597 0.998685 0.999931 0.999996
 0.677846 0.975597 0.998685 0.999931 0.999996
 0.677846 0.975597 0.998685 0.999931 0.999996
 0.677846 0.975597 0.998685 0.999931 0.999996
 0.677846 0.975597 0.998685 0.999931 0.999996
 0.677846 0.975597 0.998685 0.999931 0.999996
 0.677846 0.975597 0.998685 0.999931 0.999996
 0.677846 0.975597 0.998685 0.999931 0.999996
Sel_reclas
 1 1 1 1 1
 1 1 1 1 1
 1 1 1 1 1
 1 1 1 1 1
 1 1 1 1 1
 1 1 1 1 1
 1 1 1 1 1
 1 1 1 1 1
 1 1 1 1 1
 1 1 1 1 1
 1 1 1 1 1
 1 1 1 1 1
 1 1 1 1 1
 1 1 1 1 1
 1 1 1 1 1
 1 1 1 1 1
 1 1 1 1 1
 1 1 1 1 1
 1 1 1 1 1
 1 1 1 1 1
 1 1 1 1 1
 1 1 1 1 1
 1 1 1 1 1
 1 1 1 1 1
 1 1 1 1 1
 1 1 1 1 1
 1 1 1 1 1
 1 1 1 1 1
 1 1 1 1 1
 1 1 1 1 1
 1 1 1 1 1
 1 1 1 1 1
 1 1 1 1 1
Sel_pelaces
 0.918632 0.982704 0.996515 0.999306 0.999862
 0.918632 0.982704 0.996515 0.999306 0.999862
 0.918632 0.982704 0.996515 0.999306 0.999862
 0.918632 0.982704 0.996515 0.999306 0.999862
 0.918632 0.982704 0.996515 0.999306 0.999862
 0.918632 0.982704 0.996515 0.999306 0.999862
 0.918632 0.982704 0.996515 0.999306 0.999862
 0.918632 0.982704 0.996515 0.999306 0.999862
 0.918632 0.982704 0.996515 0.999306 0.999862
 0.918632 0.982704 0.996515 0.999306 0.999862
 0.918632 0.982704 0.996515 0.999306 0.999862
 0.918632 0.982704 0.996515 0.999306 0.999862
 0.918632 0.982704 0.996515 0.999306 0.999862
 0.918632 0.982704 0.996515 0.999306 0.999862
 0.918632 0.982704 0.996515 0.999306 0.999862
 0.918632 0.982704 0.996515 0.999306 0.999862
 0.918632 0.982704 0.996515 0.999306 0.999862
 0.918632 0.982704 0.996515 0.999306 0.999862
 0.918632 0.982704 0.996515 0.999306 0.999862
 0.918632 0.982704 0.996515 0.999306 0.999862
 0.918632 0.982704 0.996515 0.999306 0.999862
 0.918632 0.982704 0.996515 0.999306 0.999862
 0.918632 0.982704 0.996515 0.999306 0.999862
 0.918632 0.982704 0.996515 0.999306 0.999862
 0.918632 0.982704 0.996515 0.999306 0.999862
 0.918632 0.982704 0.996515 0.999306 0.999862
 0.918632 0.982704 0.996515 0.999306 0.999862
 0.918632 0.982704 0.996515 0.999306 0.999862
 0.918632 0.982704 0.996515 0.999306 0.999862
 0.918632 0.982704 0.996515 0.999306 0.999862
 0.918632 0.982704 0.996515 0.999306 0.999862
 0.918632 0.982704 0.996515 0.999306 0.999862
 0.918632 0.982704 0.996515 0.999306 0.999862
pf_obs 
 0.8446 0.082 0.0669 0.0065 0
 0.8095 0.147 0.0364 0.0071 0
 0.9664 0.0169 0.016 0.0007 0
 0.9276 0.0648 0.0075 0.0001 0
 0.7033 0.2144 0.0806 0.0017 0
 0.9318 0.0425 0.0243 0.0014 0
 0.5671 0.3108 0.0964 0.0239 0.0018
 0.0768 0.2599 0.5324 0.112 0.0189
 0.490249 0.384438 0.106611 0.0170017 0.00170017
 0.7925 0.1577 0.0466 0.003 0.0002
 0.840416 0.127587 0.0312969 0.00059994 9.999e-05
 0.8084 0.0986 0.0794 0.0134 0.0002
 0.7335 0.1905 0.0724 0.0035 0.0001
 0.4001 0.4547 0.1325 0.0127 0
 0.49795 0.308269 0.164784 0.0264974 0.00249975
 0.9179 0.0499 0.0305 0.0017 0
 0.2467 0.6533 0.0926 0.0074 0
 0.9418 0.0223 0.034 0.0019 0
 0.707729 0.231977 0.0356964 0.0245975 0
 0.517169 0.277429 0.184464 0.0207286 0.00020938
 0.811772 0.124168 0.05621 0.00726502 0.000585176
 0.764997 0.148141 0.077277 0.00933861 0.000247198
 0.163321 0.427699 0.378323 0.0303852 0.000271297
 0.753843 0.0900009 0.118128 0.0371064 0.000921714
 0.721811 0.176058 0.0630433 0.0369309 0.00215725
 0.143369 0.312575 0.442814 0.0836902 0.0175525
 0.692698 0.0596174 0.167031 0.0765114 0.00414204
 0.394062 0.376323 0.152708 0.0712218 0.00568511
 0.125707 0.32114 0.495352 0.0537591 0.00404204
 0.23352 0.215282 0.420074 0.123614 0.00750983
 0.796117 0.104755 0.0508955 0.0450114 0.00322123
 0.162477 0.292055 0.404252 0.121198 0.0200186
 0 0 0 0 0
pf_pred 
 0.466611 0.139364 0.36915 0.0248732 8.85212e-07
 0.415451 0.330769 0.0675504 0.174488 0.0117416
 0.576058 0.220741 0.116412 0.0231263 0.0636623
 0.722126 0.187657 0.0476114 0.024425 0.0181815
 0.651056 0.28061 0.0466137 0.0114717 0.0102487
 0.744485 0.187103 0.0552856 0.00895767 0.00416828
 0.460874 0.439817 0.073258 0.0210594 0.00499247
 0.461039 0.315651 0.183333 0.0295049 0.010473
 0.54202 0.254545 0.120354 0.0682233 0.0148573
 0.725426 0.179274 0.0537004 0.0246273 0.0169723
 0.843903 0.126967 0.0192464 0.00557383 0.00430986
 0.749056 0.222746 0.0230423 0.00340783 0.00174768
 0.607906 0.323792 0.0608397 0.00609974 0.00136244
 0.597027 0.287512 0.0958748 0.0174492 0.00213651
 0.867607 0.0980771 0.0248062 0.0078998 0.0016098
 0.93127 0.062923 0.0043401 0.00106095 0.000405975
 0.369004 0.603031 0.0256703 0.00171558 0.000578861
 0.897602 0.0482235 0.0518378 0.0021454 0.000191466
 0.617583 0.356258 0.0125066 0.0130643 0.000588038
 0.66567 0.240453 0.0876458 0.00298199 0.00324971
 0.724467 0.208581 0.0485537 0.0171786 0.00121941
 0.739755 0.208324 0.0395735 0.00895842 0.00338945
 0.298772 0.571594 0.10438 0.0192553 0.00599858
 0.728268 0.10562 0.136064 0.0242007 0.00584683
 0.630419 0.296076 0.0290314 0.0364383 0.0080355
 0.410311 0.422755 0.13444 0.0128449 0.01965
 0.720958 0.141268 0.0994795 0.0308485 0.00744591
 0.690101 0.246236 0.0326496 0.0224019 0.0086115
 0.373218 0.480259 0.117038 0.0151316 0.0143536
 0.491412 0.237 0.209313 0.0497565 0.012518
 0.725873 0.161947 0.0530031 0.045622 0.0135545
 0.44922 0.440751 0.0657377 0.0209431 0.0233483
 0.716929 0.153901 0.103882 0.0151166 0.0101712
pobs_RECLAS
 0 0 0 0 0
 0 0 0 0 0
 0 0 0 0 0
 0 0 0 0 0
 0 0 0 0 0
 0 0 0 0 0
 0 0 0 0 0
 0 0 0 0 0
 0 0 0 0 0
 0 0 0 0 0
 0.991045 0.00858322 0.000360255 1.14367e-05 0
 0.934742 0.0480273 0.0164251 0.00080598 0
 0.827803 0.169806 0.00239088 0 0
 0.941827 0.0461693 0.0120037 0 0
 0.791401 0.0380133 0.147996 0.0225897 0
 0.846168 0.0940531 0.0597789 0 0
 0.134021 0.677848 0.182769 0.00536245 0
 0.80878 0.0450904 0.141981 0.00414843 0
 0.846168 0.0940531 0.0597789 0 0
 0.905697 0.0802665 0.012482 0.00150086 5.37128e-05
 0.989698 0.0102097 9.19794e-05 0 0
 0.975433 0.0193895 0.00387452 0.00125025 5.28907e-05
 0.303575 0.632131 0.0575291 0.00676475 0
 0.966965 0.00978017 0.0227588 0.000495775 0
 0.843318 0.132988 0.00938335 0.0141283 0.000182051
 0.564624 0.303363 0.111486 0.0197234 0.00080311
 0.826376 0.0876187 0.0782897 0.00655872 0.00115652
 0.89761 0.0855135 0.0140674 0.00269457 0.000114338
 0.34875 0.467042 0.161289 0.0227151 0.000203297
 0.318654 0.224769 0.449479 0.00709798 0
 0.937255 0.0296025 0.0250945 0.00804832 0
 0.456809 0.399803 0.12412 0.0192676 0
 0.883104 0.0372192 0.0704036 0.00927362 0
ppred_RECLAS
 0.563101 0.116183 0.300494 0.0202214 7.19612e-07
 0.51136 0.279531 0.0557131 0.143724 0.00967079
 0.66691 0.175505 0.0903313 0.0179218 0.049332
 0.793725 0.14046 0.0347557 0.0178061 0.0132536
 0.730634 0.217636 0.035302 0.00867685 0.00775129
 0.810171 0.139912 0.0403496 0.00652921 0.00303803
 0.560873 0.35997 0.0584139 0.0167688 0.00397502
 0.555175 0.263095 0.14923 0.0239863 0.00851352
 0.637234 0.203909 0.0940331 0.053232 0.0115918
 0.798227 0.132949 0.0388053 0.0177718 0.0122468
 0.887017 0.0923106 0.0136646 0.00395232 0.00305585
 0.814955 0.164717 0.0166154 0.00245402 0.00125844
 0.696349 0.251858 0.046142 0.00461993 0.00103183
 0.698801 0.216739 0.0701523 0.0127473 0.00156068
 0.907347 0.069103 0.0170302 0.00541597 0.00110357
 0.952382 0.0436882 0.00293812 0.000717265 0.000274443
 0.460568 0.516081 0.021438 0.00143086 0.00048276
 0.928394 0.0341615 0.035831 0.00148099 0.000132162
 0.7042 0.276049 0.00944954 0.00985764 0.000443671
 0.746031 0.183929 0.0653972 0.00222207 0.0024214
 0.794017 0.156863 0.0356345 0.0125913 0.000893726
 0.806961 0.155293 0.0287787 0.00650617 0.00246146
 0.383246 0.504983 0.0900204 0.0165851 0.00516636
 0.797825 0.0797526 0.100301 0.017817 0.00430425
 0.713172 0.230906 0.022104 0.027708 0.00610985
 0.503556 0.358324 0.111263 0.010617 0.0162406
 0.791374 0.10689 0.0734842 0.0227582 0.00549279
 0.764221 0.188279 0.0243755 0.0167035 0.00642055
 0.464202 0.41284 0.0982408 0.0126852 0.0120322
 0.586582 0.195149 0.16827 0.0399489 0.0100499
 0.7955 0.122042 0.0389867 0.0335142 0.00995657
 0.542356 0.367985 0.0535957 0.0170532 0.0190105
 0.788451 0.116302 0.0766201 0.0111351 0.00749169
pobs_PELACES
 0 0 0 0 0
 0 0 0 0 0
 0 0 0 0 0
 0 0 0 0 0
 0 0 0 0 0
 0 0 0 0 0
 0 0 0 0 0
 0 0 0 0 0
 0 0 0 0 0
 0 0 0 0 0
 0 0 0 0 0
 0 0 0 0 0
 0 0 0 0 0
 0 0 0 0 0
 0 0 0 0 0
 0 0 0 0 0
 0.505614 0.472636 0.0217494 0 0
 0 0 0 0 0
 0.443492 0.261883 0.143347 0.151278 0
 0.227955 0.32914 0.350689 0.0885471 0.00366901
 0.970185 0.0296113 0.000203453 0 0
 0.997202 0.00247181 0.000326279 0 0
 0.445219 0.490057 0.0546422 0.010081 0
 0.90214 0.0892962 0.00764917 0.000914606 0
 0 0 0 0 0
 0.581667 0.319106 0.0959925 0.00289975 0.000334073
 0.762889 0.0836404 0.116647 0.0363945 0.000428098
 0.88444 0.0763242 0.0277011 0.0115352 0
 0.521256 0.241999 0.230069 0.00667565 0
 0.616807 0.101726 0.260614 0.0208532 0
 0.833518 0.0704572 0.0857862 0.0102388 0
 0.697417 0.212968 0.0787535 0.0105354 0.000325836
 0 0 0 0 0
ppred_PELACES
 0.549107 0.1188 0.3111 0.020992 7.47449e-07
 0.502337 0.283101 0.0570539 0.147573 0.00993518
 0.658636 0.178805 0.0930612 0.0185123 0.0509854
 0.791274 0.141632 0.0353841 0.0181746 0.0135353
 0.720404 0.225315 0.0370077 0.00912085 0.00815243
 0.804619 0.143556 0.0418691 0.00679306 0.00316254
 0.563712 0.3571 0.058397 0.0168052 0.0039858
 0.540518 0.270274 0.155291 0.0250289 0.0088885
 0.633198 0.205202 0.0955528 0.0542314 0.0118158
 0.799196 0.131895 0.0388076 0.0178169 0.0122845
 0.881489 0.0965824 0.01448 0.0041996 0.00324884
 0.813674 0.165678 0.0168685 0.00249776 0.00128156
 0.694854 0.252688 0.0467197 0.00468965 0.00104798
 0.714856 0.205011 0.0665326 0.0121161 0.00148417
 0.907986 0.068475 0.0170104 0.00542306 0.00110561
 0.952115 0.0438978 0.00297927 0.000729157 0.000279144
 0.453714 0.522387 0.0219363 0.00146797 0.000495553
 0.926371 0.0349297 0.037028 0.00153448 0.000137009
 0.702597 0.277348 0.0095824 0.0100217 0.0004513
 0.742374 0.186051 0.0668167 0.00227618 0.00248171
 0.788773 0.160406 0.0368414 0.0130521 0.000926942
 0.803625 0.15764 0.0295134 0.0066896 0.00253224
 0.373611 0.511726 0.0922989 0.0170504 0.00531425
 0.789907 0.0822546 0.104686 0.0186458 0.00450697
 0.704069 0.237599 0.0230179 0.0289313 0.0063831
 0.490975 0.366077 0.115083 0.0110113 0.0168531
 0.783453 0.110262 0.0767109 0.0238215 0.00575257
 0.755329 0.194839 0.0255368 0.0175467 0.00674838
 0.451318 0.42149 0.101563 0.0131499 0.0124798
 0.574426 0.199539 0.174145 0.0414554 0.0104346
 0.788978 0.125281 0.0404799 0.0348904 0.0103711
 0.52907 0.377634 0.0557018 0.0177717 0.0198224
 0.782061 0.119178 0.0794029 0.0115701 0.00778867
pobs_pel_tallas
 0 0 0 0 0 0 0 0 0 0 0 0 0 0 0 0 0 0 0 0 0 0 0 0 0 0
 0 0 0 0 0 0 0 0 0 0 0 0 0 0 0 0 0 0 0 0 0 0 0 0 0 0
 0 0 0 0 0 0 0 0 0 0 0 0 0 0 0 0 0 0 0 0 0 0 0 0 0 0
 0 0 0 0 0 0 0 0 0 0 0 0 0 0 0 0 0 0 0 0 0 0 0 0 0 0
 0 0 0 0 0 0 0 0 0 0 0 0 0 0 0 0 0 0 0 0 0 0 0 0 0 0
 0 0 0 0 0 0 0 0 0 0 0 0 0 0 0 0 0 0 0 0 0 0 0 0 0 0
 0 0 0 0 0 0 0 0 0 0 0 0 0 0 0 0 0 0 0 0 0 0 0 0 0 0
 0 0 0 0 0 0 0 0 0 0 0 0 0 0 0 0 0 0 0 0 0 0 0 0 0 0
 0 0 0 0 0 0 0 0 0 0 0 0 0 0 0 0 0 0 0 0 0 0 0 0 0 0
 0 0 0 0 0 0 0 0 0 0 0 0 0 0 0 0 0 0 0 0 0 0 0 0 0 0
 0 0 0 0 0 0 0 0 0 0 0 0 0 0 0 0 0 0 0 0 0 0 0 0 0 0
 0 0 0 0 0 0 0 0 0 0 0 0 0 0 0 0 0 0 0 0 0 0 0 0 0 0
 0.00862536 0 0 0.000197151 0.00414017 0.0128641 0.00837892 0.0270097 0.101434 0.158115 0.152841 0.127902 0.109271 0.109419 0.0830992 0.0579132 0.0238553 0.00714673 0.00463305 0.00128148 0.00103504 0.000492878 0.000147863 0.000147863 4.92878e-05 0
 0 0 0 0 0 0 0 0 0 0 0 0 0 0 0 0 0 0 0 0 0 0 0 0 0 0
 0 0 0 0 0 0 0 0.0054083 0.00873648 0.0413646 0.0450493 0.0745869 0.0622846 0.0627006 0.0613931 0.0827291 0.12552 0.122667 0.0946155 0.0697135 0.0546179 0.0294188 0.0215738 0.0213955 0.0102223 0.00600262
 0 0 0 0 0.00359764 0.0251062 0.0480494 0.140153 0.205849 0.193036 0.1447 0.116669 0.0760912 0.0342217 0.00950174 0.001854 0.000860785 0 0 0 0.000165536 0 0.000143464 0 0 0
 0 0 0 0 0 0 0 0.000145254 0.000435761 0.0275982 0.070085 0.0708112 0.156366 0.174668 0.174014 0.160142 0.0824315 0.0480064 0.0283245 0.00493863 0.00203355 0 0 0 0 0
 0 0 0 0 0 0 0 0 0 0 0 0 0 0 0 0 0 0 0 0 0 0 0 0 0 0
 0 0 1.00437e-05 0.000401748 0.00122533 0.00171747 0.00176769 0.0269171 0.070346 0.194647 0.189555 0.159765 0.064822 0.0314167 0.0384472 0.0292271 0.0345202 0.0313363 0.0194345 0.0106764 0.0143323 0.0359363 0.0279516 0.0138201 0.00172751 0
 0 0.0021121 0.0136068 0.0755702 0.200478 0.177729 0.0527432 0.0373336 0.0318909 0.0142505 0.0149659 0.0166563 0.0217959 0.0798694 0.0677717 0.0528807 0.04013 0.0224614 0.0357745 0.0225083 0.00881397 0.00855152 0.00135912 0.000746735 0 0
 0 0 0 0 5.4009e-05 0.00500934 0.000945158 0.0243581 0.138947 0.33067 0.221406 0.137944 0.0707744 0.0437923 0.0131692 0.00525238 0.0047753 0.00276346 9.45158e-05 9.00151e-06 2.25038e-05 9.00151e-06 4.50075e-06 0 0 0
 0.000866109 0.00284123 0.00948549 0.0512746 0.133035 0.25785 0.225252 0.132002 0.0553304 0.0519788 0.0540692 0.017754 0.00435017 0.00159236 0.00146478 0.000404838 0.000125132 0.000115318 0.000107957 0.000100596 0 0 0 0 0 0
 0 0 0 0 0.00144013 0.00171154 0.00461396 0.0210425 0.0478622 0.0707936 0.0888783 0.103762 0.0637923 0.0337046 0.0602308 0.124433 0.169614 0.0934646 0.0462172 0.0250306 0.0313229 0.00938855 0.002487 0.000210481 0 0
 0 0.00764035 0.051015 0.0998891 0.058973 0.0496711 0.0374665 0.0718981 0.12319 0.153886 0.159021 0.0857701 0.0377988 0.023471 0.0147837 0.00900784 0.00315554 0.000888139 0.00291439 0.00214683 0.00393193 0.00274676 0.000635225 9.99891e-05 0 0
 0 0 0 0 0 0 0 0 0 0 0 0 0 0 0 0 0 0 0 0 0 0 0 0 0 0
 0 0 0 0 0 0 0 0 0 0 0 0 0 0 0 0 0 0 0 0 0 0 0 0 0 0
 0 0 0 0 0 0 0 0 0 0 0 0 0 0 0 0 0 0 0 0 0 0 0 0 0 0
 0 0 0 0 0 0 0 0 0 0 0 0 0 0 0 0 0 0 0 0 0 0 0 0 0 0
 0 0 0 0 0 0 0 0 0 0 0 0 0 0 0 0 0 0 0 0 0 0 0 0 0 0
 0 0 0 0 0 0 0 0 0 0 0 0 0 0 0 0 0 0 0 0 0 0 0 0 0 0
 0 0 0 0 0 0 0 0 0 0 0 0 0 0 0 0 0 0 0 0 0 0 0 0 0 0
 0 0 0 0 0 0 0 0 0 0 0 0 0 0 0 0 0 0 0 0 0 0 0 0 0 0
 0 0 0 0 0 0 0 0 0 0 0 0 0 0 0 0 0 0 0 0 0 0 0 0 0 0
ppred_pel_tallas
 1.11114e-16 4.52292e-05 0.000439644 0.00292159 0.0132811 0.0413226 0.0880426 0.128503 0.128515 0.088101 0.04152 0.0138573 0.00438998 0.00371806 0.00648474 0.0112038 0.0174238 0.0245877 0.0320572 0.0393787 0.0462664 0.0522446 0.0563525 0.0573487 0.0543818 0.0476128
 1.182e-16 4.13769e-05 0.000402198 0.00267275 0.01215 0.0378032 0.0805447 0.117563 0.11759 0.0806784 0.0382525 0.0134489 0.00593776 0.00754545 0.0136565 0.0226474 0.0329628 0.0422315 0.0481303 0.0497574 0.0482248 0.0458663 0.0446588 0.045076 0.0460909 0.0460669
 1.13217e-16 5.4251e-05 0.000527339 0.00350435 0.0159303 0.0495652 0.105604 0.154136 0.154154 0.105689 0.0498504 0.0167557 0.00558232 0.00508357 0.00876691 0.0145659 0.0213552 0.0276665 0.0320503 0.0338848 0.0337272 0.0328418 0.0322897 0.0323109 0.0323808 0.0317225
 1.05171e-16 6.51762e-05 0.000633536 0.00421007 0.0191384 0.0595467 0.126871 0.185175 0.185188 0.126938 0.0597713 0.0197876 0.00584124 0.00419984 0.00685462 0.011273 0.0163396 0.0207806 0.0233517 0.023504 0.0217078 0.0191082 0.0167908 0.0152332 0.0142678 0.0134227
 1.0342e-16 5.93388e-05 0.000576794 0.003833 0.0174243 0.0542135 0.115508 0.168592 0.168614 0.115615 0.05457 0.0184541 0.00641851 0.00622268 0.0107869 0.0177526 0.0256 0.0322631 0.0356776 0.0348965 0.0306476 0.0248237 0.0193302 0.0151898 0.0124226 0.0105078
 1.02462e-16 6.62754e-05 0.000644221 0.00428108 0.0194612 0.060551 0.129011 0.188298 0.188312 0.129079 0.0607787 0.0201193 0.00593489 0.00426001 0.00694944 0.011426 0.0165512 0.0210182 0.0235351 0.0234975 0.0213224 0.0181203 0.0149821 0.0124531 0.0105038 0.00884549
 1.04137e-16 4.64323e-05 0.000451339 0.00299931 0.0136344 0.042422 0.0903857 0.131928 0.131962 0.090554 0.0429869 0.0152665 0.0070967 0.00939832 0.0170453 0.0281241 0.0405525 0.0510872 0.0564485 0.0551201 0.0482377 0.0387864 0.0297821 0.0228616 0.0180973 0.0147254
 1.08565e-16 4.45218e-05 0.000432768 0.0028759 0.0130734 0.0406764 0.0866664 0.126498 0.126524 0.0867946 0.0411077 0.0143216 0.00601808 0.00732227 0.0132172 0.022011 0.0322419 0.0416708 0.0480108 0.0501619 0.0487571 0.0455086 0.041934 0.0385369 0.0349489 0.0306458
 1.10249e-16 5.21557e-05 0.000506972 0.00336901 0.015315 0.0476508 0.101526 0.148184 0.148204 0.101623 0.0479779 0.0162612 0.00575027 0.00572581 0.0100247 0.0166525 0.02437 0.0314738 0.0362679 0.0380013 0.0372778 0.0355212 0.0339413 0.0328412 0.0317015 0.0297801
 1.0502e-16 6.58287e-05 0.000639879 0.00425222 0.01933 0.0601428 0.128141 0.187028 0.187041 0.128203 0.0603522 0.0199352 0.00577341 0.0039672 0.00640459 0.0105362 0.0152972 0.0195084 0.0220207 0.0223244 0.0208442 0.0186167 0.016612 0.0152365 0.0143142 0.0134123
 1.01414e-16 7.26071e-05 0.000705767 0.00469007 0.0213204 0.0663357 0.141336 0.206285 0.206295 0.141381 0.0664885 0.0217617 0.00579788 0.00312453 0.00466749 0.0076047 0.010956 0.0137957 0.0152342 0.0148653 0.0130041 0.0104685 0.00808366 0.00629526 0.00511486 0.00431691
 1.00997e-16 6.70213e-05 0.000651471 0.00432925 0.0196802 0.0612324 0.130463 0.190417 0.190433 0.130541 0.0614941 0.0204361 0.00622609 0.00479043 0.00792216 0.0129763 0.0186519 0.0233818 0.0256157 0.0246368 0.020986 0.0160982 0.0114537 0.00790265 0.00554918 0.00406492
 1.02061e-16 5.72343e-05 0.000556338 0.00369706 0.0168063 0.0522908 0.111412 0.162614 0.162639 0.111531 0.0526907 0.0179616 0.00659758 0.0068905 0.0120936 0.0199192 0.0287266 0.0361994 0.040007 0.0390576 0.0341259 0.0272932 0.0206765 0.0154477 0.0117095 0.00899971
 1.03439e-16 5.88818e-05 0.000572352 0.00380348 0.0172901 0.053796 0.114619 0.167294 0.167313 0.114716 0.0541214 0.0182308 0.00616774 0.00574308 0.00990696 0.0163578 0.0237278 0.0301912 0.033915 0.0340343 0.0311256 0.0267352 0.0223705 0.0187672 0.0158664 0.013277
 1.0124e-16 7.47896e-05 0.000726982 0.00483105 0.0219613 0.0683296 0.145584 0.212485 0.212492 0.145616 0.0684382 0.0222749 0.00561903 0.00244921 0.0033517 0.00543866 0.007865 0.00996994 0.0111338 0.0110714 0.00999151 0.00843786 0.00694484 0.00577916 0.00492059 0.0042137
 1.00218e-16 7.84244e-05 0.000762313 0.00506584 0.0230286 0.0716505 0.152659 0.222811 0.222815 0.15268 0.0717198 0.0232287 0.0055679 0.00185745 0.00215578 0.00343322 0.00492257 0.00615745 0.00672127 0.00642383 0.00541187 0.00407298 0.00280905 0.00185387 0.00123882 0.000874289
 1.00998e-16 3.73719e-05 0.000363268 0.00241405 0.0109739 0.0341443 0.0727498 0.106191 0.106241 0.0729954 0.0349685 0.0133535 0.0083829 0.0133792 0.0247151 0.04069 0.058353 0.0728332 0.0791895 0.0751382 0.0624389 0.045766 0.03001 0.0180803 0.0104585 0.00613265
 1.01255e-16 7.63039e-05 0.000741701 0.00492887 0.0224059 0.0697131 0.148531 0.216787 0.21679 0.148548 0.0697694 0.0225691 0.00534079 0.00164875 0.0018218 0.00295038 0.00438024 0.00579295 0.00690869 0.00758043 0.00784484 0.00783586 0.00764212 0.00724206 0.00656275 0.00558803
 1.01429e-16 5.7872e-05 0.000562537 0.00373825 0.0169936 0.0528735 0.112654 0.164427 0.164453 0.112784 0.0533111 0.018257 0.0069074 0.00747355 0.0131619 0.0216124 0.0309992 0.0387146 0.0421473 0.0401048 0.0335415 0.0249507 0.0169188 0.0109511 0.00723771 0.00516789
 1.02625e-16 6.11484e-05 0.000594384 0.00394989 0.0179556 0.0558668 0.119031 0.173733 0.173751 0.119119 0.0561623 0.0188099 0.00609705 0.00529121 0.00900913 0.0148692 0.0215801 0.0274801 0.0309001 0.0310401 0.0283966 0.0243419 0.0202238 0.0167169 0.0138093 0.0112116
 1.02571e-16 6.49703e-05 0.000631534 0.00419677 0.0190779 0.0593585 0.12647 0.18459 0.184606 0.126546 0.0596127 0.0198123 0.00604153 0.00466269 0.00773279 0.0127124 0.0183804 0.0232701 0.02593 0.0256894 0.0230403 0.0192689 0.0156461 0.0128173 0.0107512 0.00909051
 1.01992e-16 6.61936e-05 0.000643425 0.00427579 0.0194371 0.0604762 0.128851 0.188066 0.188081 0.128926 0.0607257 0.020158 0.00608586 0.00459676 0.00757995 0.0124412 0.0179502 0.0226454 0.0250814 0.0245895 0.0216628 0.0176016 0.0137146 0.0107041 0.00859264 0.00704832
 1.05404e-16 3.07739e-05 0.000299134 0.00198785 0.00903651 0.0281162 0.0599064 0.0874454 0.0874948 0.0601475 0.028926 0.011376 0.00786183 0.0131269 0.0244073 0.0403382 0.0581907 0.0733515 0.0811217 0.0793137 0.0695221 0.0559799 0.04297 0.0328278 0.0256897 0.020532
 1.05675e-16 6.50636e-05 0.000632441 0.00420279 0.0191053 0.0594437 0.126651 0.184853 0.184861 0.126691 0.0595769 0.019492 0.00518066 0.00279125 0.00423582 0.00708477 0.0106321 0.0142754 0.0174234 0.0197727 0.0214037 0.0225525 0.0232738 0.0233188 0.0223295 0.0201507
 1.04707e-16 5.79933e-05 0.000563715 0.00374609 0.0170292 0.0529842 0.112889 0.16477 0.164793 0.113001 0.0533598 0.0181139 0.00646853 0.00650617 0.0113423 0.0186572 0.0268701 0.0338003 0.0372799 0.036345 0.0318269 0.0257992 0.0203278 0.016485 0.0142027 0.0127806
 1.07371e-16 4.04411e-05 0.000393102 0.0026123 0.0118752 0.0369482 0.0787234 0.114907 0.114942 0.0788963 0.0375292 0.0135545 0.00683249 0.00962179 0.0176143 0.0291782 0.0423138 0.0538068 0.0603865 0.0605183 0.0552586 0.0474123 0.0397224 0.0335391 0.0287553 0.024619
 1.05605e-16 6.4532e-05 0.000627274 0.00416846 0.0189492 0.0589581 0.125617 0.183344 0.183354 0.125669 0.0591346 0.0194603 0.0054565 0.00345581 0.0054858 0.00909675 0.0134032 0.017499 0.0204967 0.0219821 0.0222098 0.0218157 0.0212961 0.0206967 0.0197156 0.0180436
 1.03689e-16 6.22155e-05 0.000604757 0.00401882 0.018269 0.0568417 0.121108 0.176765 0.176783 0.1212 0.0571498 0.0191591 0.0062532 0.00548307 0.00932923 0.0153313 0.0220976 0.0278334 0.0307611 0.030081 0.0264526 0.0215455 0.0170253 0.0137619 0.0117186 0.0103653
 1.0647e-16 3.71745e-05 0.00036135 0.0024013 0.010916 0.0339639 0.0723651 0.105628 0.105668 0.072564 0.0346318 0.0128459 0.00724894 0.0109543 0.0201861 0.0333936 0.0482893 0.0611174 0.0680564 0.0673227 0.0601885 0.0500266 0.0401982 0.0324575 0.026804 0.0223746
 1.11e-16 4.73147e-05 0.000459916 0.0030563 0.0138935 0.043228 0.0921026 0.134431 0.13445 0.0921979 0.0435486 0.0148224 0.00539967 0.00561425 0.00995033 0.0166738 0.0247151 0.0325513 0.0386299 0.0422003 0.0436375 0.0439148 0.0437013 0.0428823 0.0408308 0.0370617
 1.06455e-16 6.49871e-05 0.000631698 0.00419785 0.0190828 0.0593739 0.126503 0.184637 0.184649 0.126562 0.059573 0.0196586 0.00564564 0.00380072 0.00610911 0.0100657 0.0146607 0.0188014 0.0214324 0.022105 0.0212405 0.0198039 0.018647 0.0180397 0.017678 0.0170364
 1.06841e-16 4.35789e-05 0.000423602 0.00281499 0.0127965 0.039815 0.0848314 0.123822 0.123858 0.0850093 0.0404123 0.014522 0.00714669 0.00988154 0.0180116 0.0297236 0.042854 0.0539829 0.0596596 0.0583158 0.0512057 0.0415448 0.0325621 0.0259758 0.0217774 0.0190104
 1.04801e-16 6.44173e-05 0.000626159 0.00416105 0.0189155 0.0588533 0.125394 0.183018 0.18303 0.12545 0.0590439 0.0194672 0.00555075 0.00367606 0.00590422 0.00978306 0.0143769 0.018687 0.0217259 0.023019 0.0228303 0.021867 0.0207247 0.0195467 0.0181126 0.0161727
pSPR Fmed_Fpbrs
0.568681   0.242254 0.242254
Fs Fmed_Fpbrs
0.34   1.005 1.005
SSBpbr Bo_Bmed_Bpbrs
1.40243e+06  727413  269622 269622
Ro
137724
SPR SPRFo_SPRFmed_SPRFpbrs
992210 564251 240367
Fref
1.005
Nvult_r0
 132143 21764.8 14450.4 2100.92 1413.54
CTP_r0
 53544.2 10775.1 7238.46 1053.05 708.53
YTP_r0
823936
Np
 153721 28614.3 6481.07 886.02 658.781
Nvult_p0
 125107 24665.4 5607.17 766.7 570.069
CTP_p0
 50693.2 20041.4 2847.7 1869.92 341.804
 50693.2 12211.1 2808.73 384.293 285.745
YTP_p0
 871108 685026
CBA_c0
838088
log_Ro
11.653
likeval ReclasPelacesDesembMPH_pf_preclas_ppelaces_ptallas_desvR_qrecl_qpela
 14.892 16.8165 0.0327214 28.4924 232.472 134.478 110.905 0 23.3804 4.46752e-06 1.54667e-05 0.153235 0 0 0
q_reclas_q_pelaces
1.3484 1.744
M
1
N
 169183 35979.4 93275.5 6277.67 0.223403
 93802.6 54227.4 10855 28009.5 1884.7
 96197.9 26747.1 13825.4 2743.6 7552.21
 143006 27548.6 6861.69 3516.64 2617.6
 116658 35744.9 5810.77 1428.39 1276.04
 207279 37735.9 10927.4 1768.62 822.944
 82705.9 59964.5 9823.15 2821.36 668.817
 36091.2 17463.4 9921.42 1594.84 566.065
 34734.7 12076.1 5604.84 3173.99 691.181
 46826.1 8758.83 2579.64 1181.98 814.539
 95261.3 10156 1506.19 435.69 336.869
 141834 31396.7 3189.47 471.251 241.665
 86801 34485.6 6364.18 637.458 142.375
 53830.8 20822.4 6856.04 1246.96 152.675
 84617 7244.64 1801.7 573.258 116.811
 362341 18268.4 1237.62 302.252 115.651
 72790.6 86697.4 3618.5 241.575 81.5066
 516408 20281.1 21380.1 883.935 78.8824
 328699 141210 4868.26 5080.45 228.665
 299174 79688.9 28504.4 968.839 1055.76
 369600 77398.3 17662.1 6242.37 443.087
 503657 104281 19435.2 4395.16 1662.84
 96494.4 132796 23752.7 4376.91 1363.45
 279847 29122.8 36741 6527.56 1576.95
 254512 85715.6 8230.41 10318.8 2275.4
 106573 78254.2 24357.8 2324.59 3555.9
 241785 33985.5 23436.4 7259.53 1752.13
 291484 74186.4 9628.79 6599.1 2536.6
 101095 92470.3 22052.6 2847.84 2701.26
 94823.2 32726.6 28299.5 6719.59 1690.45
 182986 29512.5 9464.45 8137.64 2417.6
 77034.8 53610 7823.48 2489.56 2775.31
 162366 25249.3 16702.5 2427.89 1633.51
pred_Ctot
 13921.7 4158.04 11013.9 742.111 0.026411
 13614.9 10839.8 2213.72 5718.22 384.788
 13749.9 5268.85 2778.64 552 1519.55
 29898.5 7769.64 1971.28 1011.28 752.78
 8994.86 3876.85 644.006 158.491 141.594
 28542.2 7173.2 2119.55 343.421 159.804
 23291 22226.8 3702.21 1064.27 252.302
 2079.97 1424.05 827.101 133.111 47.2485
 7121.03 3344.2 1581.21 896.313 195.195
 12677.3 3132.94 938.452 430.38 296.602
 6324.83 951.587 144.247 41.7744 32.3013
 31436.2 9348.14 967.032 143.019 73.3461
 19761.8 10525.8 1977.78 198.29 44.2901
 23358 11248.6 3750.99 682.678 83.5884
 23067.3 2607.6 659.527 210.034 42.8
 82907.5 5601.8 386.383 94.4528 36.1425
 11418.9 18660.9 794.372 53.0889 17.913
 85838.3 4611.65 4957.28 205.166 18.31
 73281.1 42272.9 1484.01 1550.18 69.7754
 57747.8 20859.7 7603.41 258.692 281.917
 55635.6 16018.1 3728.69 1319.23 93.6452
 92663.3 26095 4957.06 1122.15 424.57
 11133.1 21299.2 3889.49 717.508 223.524
 30059.7 4359.51 5616.12 998.896 241.331
 26808.9 12590.7 1234.57 1549.56 341.713
 9075.86 9351.11 2973.74 284.124 434.647
 25742.1 5044.04 3551.96 1101.46 265.86
 25671.7 9159.98 1214.57 833.352 320.348
 7751.42 9974.56 2430.78 314.269 298.112
 9355.79 4512.15 3985.03 947.293 238.325
 23993.1 5353.02 1751.97 1507.99 448.032
 5360.21 5259.16 784.4 249.898 278.599
 22373.4 4802.82 3241.88 471.748 317.414
F
 0.137793 0.19832 0.203013 0.203266 0.20328
 0.254768 0.366677 0.375355 0.375823 0.375848
 0.250456 0.360472 0.369003 0.369463 0.369487
 0.386475 0.556238 0.569402 0.570112 0.570149
 0.128632 0.185135 0.189516 0.189753 0.189765
 0.240311 0.34587 0.354056 0.354497 0.35452
 0.555186 0.799057 0.817968 0.818988 0.819041
 0.0948234 0.136476 0.139705 0.13988 0.139889
 0.377677 0.543575 0.556439 0.557133 0.55717
 0.528381 0.760477 0.778474 0.779445 0.779497
 0.109921 0.158205 0.161949 0.162151 0.162162
 0.414113 0.596016 0.610122 0.610883 0.610923
 0.427589 0.615412 0.629977 0.630762 0.630804
 1.00558 1.4473 1.48155 1.4834 1.48349
 0.532962 0.767071 0.785224 0.786204 0.786255
 0.430161 0.619114 0.633766 0.634556 0.634598
 0.277896 0.399965 0.40943 0.409941 0.409968
 0.296649 0.426955 0.43706 0.437605 0.437634
 0.417012 0.600189 0.614393 0.615159 0.6152
 0.352061 0.506707 0.518699 0.519346 0.51938
 0.265332 0.381881 0.390919 0.391406 0.391432
 0.333084 0.479395 0.49074 0.491352 0.491384
 0.197962 0.284919 0.291661 0.292025 0.292044
 0.18321 0.263687 0.269927 0.270264 0.270282
 0.179385 0.258182 0.264292 0.264621 0.264639
 0.1429 0.20567 0.210537 0.2108 0.210814
 0.181467 0.261177 0.267359 0.267692 0.26771
 0.148099 0.213152 0.218197 0.218469 0.218483
 0.127875 0.184045 0.188401 0.188636 0.188648
 0.167202 0.240647 0.246342 0.24665 0.246666
 0.227675 0.327683 0.335438 0.335856 0.335878
 0.115459 0.166175 0.170108 0.17032 0.170331
 0.240496 0.346136 0.354328 0.35477 0.354793
YTP_r0W_actual
 403723 188026 174230 32981.4 24975.7
YTP_p0W_proyectada
 382227 349722 68544.1 58566 12048.6
 382227 213084 67606.2 12036 10072.5
CTP_r0_actual
 53544.2 10775.1 7238.46 1053.05 708.53
CTP_p0_proyectada
 50693.2 20041.4 2847.7 1869.92 341.804
 50693.2 12211.1 2808.73 384.293 285.745
Wmedp
 7.54 17.45 24.07 31.32 35.25
Frms_r0
 0.681235 0.980475 1.00368 1.00493 1.005
Zrms_r0
 1.68124 1.98047 2.00368 2.00493 2.005
nmprior
 7.29 8.9 8.7 0
nm_flota  nm_reclas  nm_pelaces    nm_pelaL
inf 12.4675 17.7536 56.1051
cv_recla  cv_pelaces  cv_mph
0.3342 0.449219 0.713297
 ------------------------------------------------
Talla a la edad & desviaci?n 
 8 13.2811 15.8009 17.003 17.5766
 0.8 1.32811 1.58009 1.7003 1.75766
