years
 1991 1992 1993 1994 1995 1996 1997 1998 1999 2000 2001 2002 2003 2004 2005 2006 2007 2008 2009 2010 2011 2012 2013 2014 2015 2016 2017 2018 2019
reclasobs
 0 0 0 0 0 0 0 0 0 252601 567819 844713 477998 351125 339783 2.1784e+06 2.13404e+06 4.81314e+06 1.55562e+06 2.62356e+06 3.21686e+06 3.843e+06 1.13348e+06 3.07943e+06 1.97215e+06 2.03268e+06 2.025e+06 2.42433e+06 2.27542e+06
reclaspred
 3.91683e+06 2.19581e+06 1.07338e+06 921327 1.00486e+06 1.53301e+06 1.03575e+06 828637 553550 365975 445392 668652 585240 238616 397606 1.27847e+06 1.84079e+06 2.47422e+06 2.57734e+06 2.17685e+06 3.81447e+06 2.79301e+06 2.19956e+06 2.58285e+06 2.19399e+06 2.0685e+06 2.70524e+06 2.80205e+06 2.96179e+06
pelacesobs
 0 0 0 0 0 0 0 0 0 0 0 0 0 0 0 552880 188675 0 991730 2.46772e+06 1.41603e+06 1.21717e+06 2.29649e+06 1.80582e+06 0 1.4828e+06 1.56532e+06 1.57751e+06 1.42118e+06
pelacespred
 930648 552746 268821 185819 224879 342532 207127 210969 134986 79172.3 111531 131176 122700 40654.2 93204.4 264608 380764 558566 621147 497719 804870 677682 519169 658525 555619 506184 771417 767687 696079
mphobs
 0 0 0 0 0 0 0 0 0 0 0 0 498337 0 5186 125008 0 168611 109162 213762 579715 649985 157893 87575 83554 210694 70296 0 107559
mphpred
 1.92578e+06 1.28992e+06 617157 341777 376913 456580 613376 318117 288832 173605 109452 248157 255340 151900 45945.5 187657 764672 711262 949277 940718 1.03684e+06 1.24621e+06 906931 706966 1.03471e+06 774051 743171 1.14427e+06 1.3311e+06
desembarqueobs
 494567 514787 250237 358949 120608 361735 552515 73892 212993 205616 52469 317467 293654 387597 252695 516296 358380 742168 942051 627588 828172 859565 418607 520667 417249 300574 415391 372974 316634
desembarquepred
 494571 513939 250643 358982 120614 361744 552546 73897.8 213062 205676 52472.2 317553 293755 387829 252661 516219 358463 742072 941612 627356 828259 859690 418656 520749 417283 300565 415374 372973 316624
Reclutas
 168341 93577.9 92776.7 141607 114128 203576 80757.5 34085.9 32327.1 47055 89099.4 116059 86662.1 47877 87942 417977 88447.5 417163 463680 287689 407888 402891 92813.9 251286 211049 116839 328177 251267 122857
log_desv_Rt
 0.189325 -0.397873 -0.406472 0.0163859 -0.199344 0.379372 -0.545216 -1.40778 -1.46076 -1.08535 -0.446914 -0.182569 -0.47465 -1.06803 -0.459989 1.09876 -0.454258 1.09681 1.20253 0.725213 1.07433 1.062 -0.406071 0.589926 0.415423 -0.175871 0.856887 0.589851 -0.125648
SSB
 1.92578e+06 1.28992e+06 617157 341777 376913 456580 613376 318117 288832 173605 109452 248157 242349 147478 44329.6 182014 764672 711262 978869 968276 1.09358e+06 1.38215e+06 1.04827e+06 784305 1.07606e+06 854439 770946 1.14427e+06 1.37921e+06
BT
 2.74303e+06 1.8842e+06 919286 879218 741495 1.46259e+06 1.03261e+06 699111 605347 444252 443780 685352 658155 538234 648244 1.4863e+06 1.30726e+06 2.60536e+06 2.96696e+06 1.99664e+06 3.35198e+06 2.7584e+06 1.76743e+06 2.77455e+06 1.91714e+06 1.74216e+06 3.20201e+06 2.71901e+06 2.03531e+06
Ftot
 0.214976 0.396314 0.389762 0.58222 0.192875 0.352134 0.834656 0.145594 0.5915 0.825784 0.167528 0.696956 0.740489 1.95454 0.790198 0.526446 0.320916 0.436101 0.534843 0.443713 0.33192 0.47904 0.316635 0.2977 0.306305 0.235093 0.223061 0.203688 0.183465
BD_Bspro_t
 0.966189 0.769483 0.55748 0.456172 0.45173 0.54886 0.54545 0.345218 0.401973 0.332135 0.294199 0.568116 0.42552 0.268421 0.10356 0.316486 0.539496 0.499399 0.527369 0.486543 0.465224 0.516557 0.482824 0.457996 0.568464 0.568165 0.598253 0.704282 0.727316
BD_Bspro
 1.94515 1.30289 0.623365 0.345215 0.380704 0.461173 0.619546 0.321317 0.291737 0.175352 0.110553 0.250653 0.244787 0.148961 0.0447755 0.183845 0.772363 0.718417 0.988715 0.978016 1.10458 1.39605 1.05881 0.792194 1.08689 0.863033 0.778701 1.15578 1.39309
BD_Bo
 1.38917 0.930488 0.445189 0.246542 0.271888 0.329356 0.442462 0.229475 0.20835 0.125231 0.0789537 0.179009 0.17482 0.106384 0.0319774 0.131297 0.5516 0.513073 0.706112 0.698471 0.788861 0.997019 0.756175 0.565763 0.776224 0.616354 0.556126 0.825423 0.994902
BD_Brms
 7.8109 5.23185 2.50316 1.38623 1.52874 1.85187 2.48783 1.29027 1.17149 0.704137 0.443932 1.00651 0.982959 0.598165 0.179799 0.738242 3.10148 2.88485 3.97025 3.92729 4.43552 5.60593 4.25174 3.18111 4.36447 3.46557 3.12693 4.6411 5.59403
Sel_flota
 0.725074 1 1 1 1
 0.725074 1 1 1 1
 0.725074 1 1 1 1
 0.725074 1 1 1 1
 0.725074 1 1 1 1
 0.725074 1 1 1 1
 0.725074 1 1 1 1
 0.725074 1 1 1 1
 0.725074 1 1 1 1
 0.725074 1 1 1 1
 0.725074 1 1 1 1
 0.725074 1 1 1 1
 0.725074 1 1 1 1
 0.725074 1 1 1 1
 0.725074 1 1 1 1
 0.725074 1 1 1 1
 0.725074 1 1 1 1
 0.725074 1 1 1 1
 0.725074 1 1 1 1
 0.725074 1 1 1 1
 0.725074 1 1 1 1
 0.725074 1 1 1 1
 0.725074 1 1 1 1
 0.725074 1 1 1 1
 0.725074 1 1 1 1
 0.725074 1 1 1 1
 0.725074 1 1 1 1
 0.725074 1 1 1 1
 0.725074 1 1 1 1
Sel_reclas
 0.5 1 1 1 1
 0.5 1 1 1 1
 0.5 1 1 1 1
 0.5 1 1 1 1
 0.5 1 1 1 1
 0.5 1 1 1 1
 0.5 1 1 1 1
 0.5 1 1 1 1
 0.5 1 1 1 1
 0.5 1 1 1 1
 0.5 1 1 1 1
 0.5 1 1 1 1
 0.5 1 1 1 1
 0.5 1 1 1 1
 0.5 1 1 1 1
 0.5 1 1 1 1
 0.5 1 1 1 1
 0.5 1 1 1 1
 0.5 1 1 1 1
 0.5 1 1 1 1
 0.5 1 1 1 1
 0.5 1 1 1 1
 0.5 1 1 1 1
 0.5 1 1 1 1
 0.5 1 1 1 1
 0.5 1 1 1 1
 0.5 1 1 1 1
 0.5 1 1 1 1
 0.5 1 1 1 1
Sel_pelaces
 0.5 1 1 1 1
 0.5 1 1 1 1
 0.5 1 1 1 1
 0.5 1 1 1 1
 0.5 1 1 1 1
 0.5 1 1 1 1
 0.5 1 1 1 1
 0.5 1 1 1 1
 0.5 1 1 1 1
 0.5 1 1 1 1
 0.5 1 1 1 1
 0.5 1 1 1 1
 0.5 1 1 1 1
 0.5 1 1 1 1
 0.5 1 1 1 1
 0.5 1 1 1 1
 0.5 1 1 1 1
 0.5 1 1 1 1
 0.5 1 1 1 1
 0.5 1 1 1 1
 0.5 1 1 1 1
 0.5 1 1 1 1
 0.5 1 1 1 1
 0.5 1 1 1 1
 0.5 1 1 1 1
 0.5 1 1 1 1
 0.5 1 1 1 1
 0.5 1 1 1 1
 0.5 1 1 1 1
pf_obs 
 0.8446 0.082 0.0669 0.0065 0
 0.8095 0.147 0.0364 0.0071 0
 0.9664 0.0169 0.016 0.0007 0
 0.9276 0.0648 0.0075 0.0001 0
 0.7033 0.2144 0.0806 0.0017 0
 0.9318 0.0425 0.0243 0.0014 0
 0.5671 0.3108 0.0964 0.0239 0.0018
 0.0768 0.2599 0.5324 0.112 0.0189
 0.490249 0.384438 0.106611 0.0170017 0.00170017
 0.7925 0.1577 0.0466 0.003 0.0002
 0.840416 0.127587 0.0312969 0.00059994 9.999e-05
 0.8084 0.0986 0.0794 0.0134 0.0002
 0.7335 0.1905 0.0724 0.0035 0.0001
 0.4001 0.4547 0.1325 0.0127 0
 0.49795 0.308269 0.164784 0.0264974 0.00249975
 0.9179 0.0499 0.0305 0.0017 0
 0.2467 0.6533 0.0926 0.0074 0
 0.9418 0.0223 0.034 0.0019 0
 0.707729 0.231977 0.0356964 0.0245975 0
 0.517169 0.277429 0.184464 0.0207286 0.00020938
 0.811772 0.124168 0.05621 0.00726502 0.000585176
 0.764997 0.148141 0.077277 0.00933861 0.000247198
 0.163321 0.427699 0.378323 0.0303852 0.000271297
 0.753843 0.0900009 0.118128 0.0371064 0.000921714
 0.721811 0.176058 0.0630433 0.0369309 0.00215725
 0.143369 0.312575 0.442814 0.0836902 0.0175525
 0.692698 0.0596174 0.167031 0.0765114 0.00414204
 0.394062 0.376323 0.152708 0.0712218 0.00568511
 0.125707 0.32114 0.495352 0.0537591 0.00404204
pf_pred 
 0.497803 0.138815 0.340142 0.0232389 8.97723e-07
 0.439205 0.328694 0.0641562 0.157204 0.0107408
 0.592727 0.218213 0.110812 0.021629 0.0566193
 0.743001 0.175213 0.0438199 0.0222525 0.0157133
 0.668582 0.270087 0.0418133 0.0104573 0.00906026
 0.757026 0.180213 0.0511463 0.00791816 0.00369603
 0.473576 0.431684 0.0702681 0.0199428 0.00452857
 0.477253 0.308146 0.17598 0.0286454 0.00997598
 0.554422 0.250945 0.114731 0.065522 0.0143798
 0.7581 0.158443 0.0470019 0.021489 0.0149656
 0.852193 0.123147 0.0161521 0.0047915 0.00371628
 0.735005 0.236104 0.0240714 0.00315725 0.00166301
 0.681026 0.258955 0.0534757 0.00545199 0.00109175
 0.627509 0.286823 0.0695483 0.0143621 0.00175747
 0.925841 0.0572497 0.0130207 0.00315724 0.000731771
 0.943549 0.0537321 0.00209915 0.000477425 0.000142597
 0.378312 0.597965 0.0225807 0.000882163 0.000260562
 0.852317 0.0693433 0.0753502 0.00284542 0.000143996
 0.740051 0.232771 0.0127611 0.0138666 0.000550138
 0.60522 0.320288 0.0667034 0.00365686 0.00413128
 0.735274 0.183972 0.0655169 0.0136446 0.00159311
 0.676321 0.259557 0.0445621 0.0158697 0.00369092
 0.335068 0.503716 0.129279 0.0221953 0.00974266
 0.745694 0.107517 0.111199 0.0285394 0.00705057
 0.632266 0.297668 0.029623 0.0306377 0.00980575
 0.499558 0.357243 0.115915 0.0115355 0.015749
 0.79843 0.118653 0.0591909 0.0192057 0.00452072
 0.60667 0.334331 0.0347295 0.0173251 0.00694467
 0.439396 0.385382 0.148939 0.0154714 0.0108118
pobs_RECLAS
 0 0 0 0 0
 0 0 0 0 0
 0 0 0 0 0
 0 0 0 0 0
 0 0 0 0 0
 0 0 0 0 0
 0 0 0 0 0
 0 0 0 0 0
 0 0 0 0 0
 0 0 0 0 0
 0.991045 0.00858322 0.000360255 1.14367e-05 0
 0.934742 0.0480273 0.0164251 0.00080598 0
 0.827803 0.169806 0.00239088 0 0
 0.941827 0.0461693 0.0120037 0 0
 0.791401 0.0380133 0.147996 0.0225897 0
 0.846168 0.0940531 0.0597789 0 0
 0.134021 0.677848 0.182769 0.00536245 0
 0.80878 0.0450904 0.141981 0.00414843 0
 0.846168 0.0940531 0.0597789 0 0
 0.905697 0.0802665 0.012482 0.00150086 5.37128e-05
 0.989698 0.0102097 9.19794e-05 0 0
 0.975433 0.0193895 0.00387452 0.00125025 5.28907e-05
 0.303575 0.632131 0.0575291 0.00676475 0
 0.966965 0.00978017 0.0227588 0.000495775 0
 0.843318 0.132988 0.00938335 0.0141283 0.000182051
 0.564624 0.303363 0.111486 0.0197234 0.00080311
 0.826376 0.0876187 0.0782897 0.00655872 0.00115652
 0.89761 0.0855135 0.0140674 0.00269457 0.000114338
 0.34875 0.467042 0.161289 0.0227151 0.000203297
ppred_RECLAS
 0.407395 0.163805 0.401377 0.0274226 1.05934e-06
 0.353378 0.378998 0.073975 0.181264 0.0123846
 0.503794 0.265862 0.13501 0.0263519 0.0689828
 0.670242 0.224817 0.0562258 0.0285525 0.0201618
 0.583013 0.339821 0.0526091 0.0131573 0.0113995
 0.684604 0.233929 0.0663914 0.0102783 0.0047977
 0.390291 0.499981 0.0813853 0.023098 0.00524504
 0.387214 0.361221 0.206291 0.0335794 0.0116943
 0.466703 0.300348 0.137317 0.078421 0.0172107
 0.690303 0.20285 0.0601752 0.0275118 0.01916
 0.79972 0.166866 0.0218864 0.00649257 0.00503562
 0.662182 0.300987 0.0306864 0.00402488 0.00212002
 0.601915 0.32318 0.0667386 0.00680417 0.00136252
 0.564073 0.335669 0.0813925 0.016808 0.00205677
 0.898613 0.0782686 0.0178012 0.00431639 0.00100044
 0.921402 0.0748118 0.00292268 0.000664725 0.000198539
 0.297497 0.675695 0.0255161 0.000996837 0.000294433
 0.801319 0.093289 0.10137 0.00382801 0.000193721
 0.666382 0.298738 0.0163776 0.0177963 0.000706046
 0.5173 0.391619 0.0815588 0.00447127 0.00505136
 0.659126 0.236891 0.0843626 0.0175694 0.00205137
 0.593937 0.32562 0.0559042 0.0199089 0.00463034
 0.259605 0.560882 0.143951 0.0247143 0.0108484
 0.670945 0.139119 0.143884 0.036928 0.00912296
 0.544613 0.36862 0.036684 0.0379404 0.012143
 0.409241 0.421716 0.136834 0.0136174 0.0185914
 0.733176 0.157064 0.0783526 0.0254231 0.0059842
 0.516752 0.410761 0.0426688 0.0212857 0.00853227
 0.351941 0.445502 0.172173 0.017885 0.0124984
pobs_PELACES
 0 0 0 0 0
 0 0 0 0 0
 0 0 0 0 0
 0 0 0 0 0
 0 0 0 0 0
 0 0 0 0 0
 0 0 0 0 0
 0 0 0 0 0
 0 0 0 0 0
 0 0 0 0 0
 0 0 0 0 0
 0 0 0 0 0
 0 0 0 0 0
 0 0 0 0 0
 0 0 0 0 0
 0 0 0 0 0
 0.505614 0.472636 0.0217494 0 0
 0 0 0 0 0
 0.443492 0.261883 0.143347 0.151278 0
 0.227955 0.32914 0.350689 0.0885471 0.00366901
 0.970185 0.0296113 0.000203453 0 0
 0.997202 0.00247181 0.000326279 0 0
 0.445219 0.490057 0.0546422 0.010081 0
 0.90214 0.0892962 0.00764917 0.000914606 0
 0 0 0 0 0
 0.581667 0.319106 0.0959925 0.00289975 0.000334073
 0.762889 0.0836404 0.116647 0.0363945 0.000428098
 0.88444 0.0763242 0.0277011 0.0115352 0
 0.521256 0.241999 0.230069 0.00667565 0
ppred_PELACES
 0.412112 0.162501 0.398182 0.0272043 1.05091e-06
 0.361637 0.374158 0.0730302 0.178949 0.0122265
 0.512631 0.261127 0.132605 0.0258826 0.0677542
 0.68181 0.216931 0.0542534 0.0275508 0.0194546
 0.58726 0.33636 0.0520732 0.0130232 0.0112834
 0.691461 0.228843 0.064948 0.0100549 0.00469339
 0.408453 0.485088 0.078961 0.0224099 0.0050888
 0.390353 0.359371 0.205234 0.0334074 0.0116344
 0.48008 0.292814 0.133873 0.0764539 0.0167789
 0.706087 0.192512 0.0571083 0.0261096 0.0181834
 0.802143 0.164847 0.0216216 0.00641401 0.00497469
 0.676178 0.288516 0.029415 0.00385812 0.00203218
 0.617897 0.310205 0.0640592 0.006531 0.00130782
 0.607076 0.302557 0.0733634 0.01515 0.00185388
 0.904961 0.0733685 0.0166867 0.00404616 0.000937801
 0.924792 0.0715851 0.00279662 0.000636054 0.000189976
 0.303618 0.669809 0.0252938 0.000988152 0.000291868
 0.807543 0.0903666 0.0981946 0.00370809 0.000187652
 0.677081 0.289157 0.0158524 0.0172256 0.000683403
 0.527343 0.38347 0.0798618 0.00437824 0.00494625
 0.665859 0.232211 0.0826962 0.0172224 0.00201085
 0.604374 0.31725 0.0544672 0.0193971 0.00451132
 0.265164 0.55667 0.14287 0.0245287 0.0107669
 0.676881 0.13661 0.141289 0.0362619 0.0089584
 0.551496 0.363048 0.0361295 0.037367 0.0119595
 0.414407 0.418028 0.135638 0.0134983 0.0184288
 0.737116 0.154745 0.0771956 0.0250476 0.00589583
 0.521366 0.40684 0.0422615 0.0210825 0.00845082
 0.355747 0.442886 0.171162 0.0177799 0.012425
pobs_pel_tallas
 0 0 0 0 0 0 0 0 0 0 0 0 0 0 0 0 0 0 0 0 0 0 0 0 0 0
 0 0 0 0 0 0 0 0 0 0 0 0 0 0 0 0 0 0 0 0 0 0 0 0 0 0
 0 0 0 0 0 0 0 0 0 0 0 0 0 0 0 0 0 0 0 0 0 0 0 0 0 0
 0 0 0 0 0 0 0 0 0 0 0 0 0 0 0 0 0 0 0 0 0 0 0 0 0 0
 0 0 0 0 0 0 0 0 0 0 0 0 0 0 0 0 0 0 0 0 0 0 0 0 0 0
 0 0 0 0 0 0 0 0 0 0 0 0 0 0 0 0 0 0 0 0 0 0 0 0 0 0
 0 0 0 0 0 0 0 0 0 0 0 0 0 0 0 0 0 0 0 0 0 0 0 0 0 0
 0 0 0 0 0 0 0 0 0 0 0 0 0 0 0 0 0 0 0 0 0 0 0 0 0 0
 0 0 0 0 0 0 0 0 0 0 0 0 0 0 0 0 0 0 0 0 0 0 0 0 0 0
 0 0 0 0 0 0 0 0 0 0 0 0 0 0 0 0 0 0 0 0 0 0 0 0 0 0
 0 0 0 0 0 0 0 0 0 0 0 0 0 0 0 0 0 0 0 0 0 0 0 0 0 0
 0 0 0 0 0 0 0 0 0 0 0 0 0 0 0 0 0 0 0 0 0 0 0 0 0 0
 0.00862536 0 0 0.000197151 0.00414017 0.0128641 0.00837892 0.0270097 0.101434 0.158115 0.152841 0.127902 0.109271 0.109419 0.0830992 0.0579132 0.0238553 0.00714673 0.00463305 0.00128148 0.00103504 0.000492878 0.000147863 0.000147863 4.92878e-05 0
 0 0 0 0 0 0 0 0 0 0 0 0 0 0 0 0 0 0 0 0 0 0 0 0 0 0
 0 0 0 0 0 0 0 0.0054083 0.00873648 0.0413646 0.0450493 0.0745869 0.0622846 0.0627006 0.0613931 0.0827291 0.12552 0.122667 0.0946155 0.0697135 0.0546179 0.0294188 0.0215738 0.0213955 0.0102223 0.00600262
 0 0 0 0 0.00359764 0.0251062 0.0480494 0.140153 0.205849 0.193036 0.1447 0.116669 0.0760912 0.0342217 0.00950174 0.001854 0.000860785 0 0 0 0.000165536 0 0.000143464 0 0 0
 0 0 0 0 0 0 0 0.000145254 0.000435761 0.0275982 0.070085 0.0708112 0.156366 0.174668 0.174014 0.160142 0.0824315 0.0480064 0.0283245 0.00493863 0.00203355 0 0 0 0 0
 0 0 0 0 0 0 0 0 0 0 0 0 0 0 0 0 0 0 0 0 0 0 0 0 0 0
 0 0 1.00437e-05 0.000401748 0.00122533 0.00171747 0.00176769 0.0269171 0.070346 0.194647 0.189555 0.159765 0.064822 0.0314167 0.0384472 0.0292271 0.0345202 0.0313363 0.0194345 0.0106764 0.0143323 0.0359363 0.0279516 0.0138201 0.00172751 0
 0 0.0021121 0.0136068 0.0755702 0.200478 0.177729 0.0527432 0.0373336 0.0318909 0.0142505 0.0149659 0.0166563 0.0217959 0.0798694 0.0677717 0.0528807 0.04013 0.0224614 0.0357745 0.0225083 0.00881397 0.00855152 0.00135912 0.000746735 0 0
 0 0 0 0 5.4009e-05 0.00500934 0.000945158 0.0243581 0.138947 0.33067 0.221406 0.137944 0.0707744 0.0437923 0.0131692 0.00525238 0.0047753 0.00276346 9.45158e-05 9.00151e-06 2.25038e-05 9.00151e-06 4.50075e-06 0 0 0
 0.000866109 0.00284123 0.00948549 0.0512746 0.133035 0.25785 0.225252 0.132002 0.0553304 0.0519788 0.0540692 0.017754 0.00435017 0.00159236 0.00146478 0.000404838 0.000125132 0.000115318 0.000107957 0.000100596 0 0 0 0 0 0
 0 0 0 0 0.00144013 0.00171154 0.00461396 0.0210425 0.0478622 0.0707936 0.0888783 0.103762 0.0637923 0.0337046 0.0602308 0.124433 0.169614 0.0934646 0.0462172 0.0250306 0.0313229 0.00938855 0.002487 0.000210481 0 0
 0 0.00764035 0.051015 0.0998891 0.058973 0.0496711 0.0374665 0.0718981 0.12319 0.153886 0.159021 0.0857701 0.0377988 0.023471 0.0147837 0.00900784 0.00315554 0.000888139 0.00291439 0.00214683 0.00393193 0.00274676 0.000635225 9.99891e-05 0 0
 0 0 0 0 0 0 0 0 0 0 0 0 0 0 0 0 0 0 0 0 0 0 0 0 0 0
 0 0 0 0 0 0 0 0 0 0 0 0 0 0 0 0 0 0 0 0 0 0 0 0 0 0
 0 0 0 0 0 0 0 0 0 0 0 0 0 0 0 0 0 0 0 0 0 0 0 0 0 0
 0 0 0 0 0 0 0 0 0 0 0 0 0 0 0 0 0 0 0 0 0 0 0 0 0 0
 0 0 0 0 0 0 0 0 0 0 0 0 0 0 0 0 0 0 0 0 0 0 0 0 0 0
ppred_pel_tallas
 1.14261e-16 3.39451e-05 0.000329959 0.00219269 0.00996767 0.0310132 0.0660775 0.0964455 0.0964617 0.0661572 0.0312824 0.0107527 0.00419134 0.00478598 0.00876855 0.0151498 0.0234635 0.0329186 0.0426008 0.0518845 0.0604407 0.0677561 0.0727008 0.0737451 0.0698079 0.0610719
 1.22219e-16 2.97876e-05 0.000289546 0.00192414 0.00874688 0.027215 0.0579857 0.0846394 0.0846756 0.0581624 0.0278086 0.0104629 0.00623692 0.00972322 0.0180045 0.0298811 0.0434527 0.0555792 0.0631564 0.0649563 0.0624256 0.0586581 0.056323 0.056152 0.0569212 0.0565899
 1.17956e-16 4.22248e-05 0.00041044 0.00272752 0.0123989 0.0385778 0.082195 0.119971 0.119997 0.0823189 0.0389942 0.0136039 0.00576053 0.00705952 0.0127532 0.0212378 0.0311164 0.0402596 0.0465346 0.0490156 0.0485054 0.0468547 0.0456378 0.045252 0.0449917 0.0437841
 1.07677e-16 5.61599e-05 0.000545894 0.00362766 0.0164908 0.0513092 0.10932 0.159561 0.159582 0.109423 0.0516532 0.0174851 0.00612597 0.006008 0.0104545 0.0172614 0.0250217 0.0318179 0.0357441 0.0359562 0.0331707 0.0291389 0.025524 0.0230627 0.0215084 0.0201521
 1.04805e-16 4.83719e-05 0.000470192 0.0031246 0.014204 0.044194 0.0941612 0.137438 0.13747 0.0943197 0.0447261 0.015741 0.00698312 0.00889503 0.0160537 0.0264768 0.0381689 0.0480701 0.0530941 0.0518238 0.0453498 0.0365121 0.0281779 0.0218983 0.0177216 0.0148774
 1.03736e-16 5.69548e-05 0.000553621 0.003679 0.0167242 0.0520354 0.110868 0.161819 0.161842 0.110976 0.0523984 0.0177732 0.00631462 0.00631544 0.0110239 0.0181976 0.0263555 0.0334486 0.0374161 0.0372917 0.0337425 0.0285469 0.0234577 0.0193604 0.0162203 0.0135832
 1.05512e-16 3.36438e-05 0.00032703 0.00217323 0.00987921 0.0307382 0.0654926 0.0955982 0.095645 0.0657212 0.0315056 0.0120962 0.00773898 0.0124802 0.0231236 0.0381985 0.055079 0.0693814 0.0766503 0.0748246 0.0654465 0.0525718 0.0403011 0.0308634 0.024363 0.0197678
 1.11334e-16 3.21529e-05 0.000312538 0.00207693 0.00944142 0.029376 0.0625899 0.091359 0.0913939 0.0627604 0.0299494 0.0111009 0.00625451 0.00947194 0.017544 0.0292574 0.042854 0.055376 0.0637822 0.0666098 0.0647034 0.0603452 0.0555614 0.0510286 0.0462604 0.0405585
 1.14445e-16 3.95436e-05 0.000384378 0.00255433 0.0116116 0.0361282 0.0769761 0.112355 0.112383 0.0771149 0.0365948 0.0129615 0.0059513 0.0078286 0.0142626 0.0237425 0.0347371 0.0448381 0.0516217 0.0540143 0.0528813 0.0502668 0.0479158 0.0462807 0.0446344 0.0419214
 1.07393e-16 5.81595e-05 0.000565331 0.00375682 0.017078 0.0531361 0.113213 0.165241 0.16526 0.113304 0.0534417 0.0179614 0.00597731 0.00542236 0.00931153 0.0153793 0.0223348 0.0284889 0.0321677 0.0326282 0.0304902 0.0272647 0.0243643 0.0223781 0.0210455 0.0197327
 1.02152e-16 6.60715e-05 0.000642238 0.0042679 0.0194013 0.0603646 0.128614 0.187719 0.187735 0.128691 0.0606253 0.0201541 0.00615751 0.00476711 0.00789954 0.0129541 0.0186531 0.0234556 0.0258398 0.0251095 0.0218072 0.0173433 0.0131486 0.0100076 0.00795767 0.00661894
 1.01654e-16 5.5696e-05 0.000541385 0.00359769 0.0163546 0.0508854 0.108418 0.158245 0.158273 0.108554 0.0513412 0.0176709 0.00690086 0.00774894 0.0137344 0.022592 0.0324781 0.040712 0.0445963 0.0428814 0.0365079 0.027974 0.0198584 0.0136449 0.00951946 0.00691585
 1.02805e-16 5.08954e-05 0.000494722 0.0032876 0.014945 0.0464995 0.0990732 0.144607 0.144636 0.0992195 0.0469907 0.0163639 0.0068508 0.00827773 0.0148453 0.0244953 0.0353578 0.0446184 0.0494282 0.0484491 0.0426178 0.0344556 0.0265152 0.0201917 0.0155876 0.0121415
 1.04028e-16 5.00041e-05 0.000486058 0.00323003 0.0146832 0.0456852 0.0973382 0.142074 0.142103 0.097481 0.0461646 0.0160687 0.0067101 0.00809088 0.0145158 0.0239778 0.0346745 0.0438921 0.0488854 0.04837 0.0432497 0.0359305 0.0288079 0.0231289 0.0188947 0.0155073
 1.01065e-16 7.45404e-05 0.00072456 0.00481495 0.0218881 0.068102 0.145099 0.211777 0.211784 0.145133 0.0682182 0.0222239 0.00565852 0.00256775 0.00358002 0.00581341 0.00839734 0.0106229 0.0118205 0.0116802 0.0104258 0.00864701 0.00693117 0.00558349 0.00460125 0.00383039
 1.00196e-16 7.61739e-05 0.000740438 0.00492047 0.0223677 0.0695944 0.148278 0.216418 0.216425 0.148312 0.0697073 0.0226938 0.00573838 0.002524 0.00345773 0.00558069 0.00799634 0.00998078 0.0108533 0.0103019 0.00856923 0.00629716 0.00415611 0.00254322 0.00152097 0.000946028
 1.0105e-16 2.50087e-05 0.000243094 0.00161545 0.00734363 0.0228491 0.0486848 0.0710704 0.0711348 0.0489996 0.0239059 0.0103944 0.00926765 0.016929 0.0316587 0.0521516 0.0747777 0.0933032 0.101388 0.0960998 0.0797004 0.0581965 0.0378797 0.022503 0.0127004 0.00717881
 1.03261e-16 6.65163e-05 0.000646562 0.00429663 0.0195319 0.0607709 0.129479 0.188981 0.188989 0.129522 0.0609166 0.0199542 0.00536313 0.00299553 0.00458835 0.0076379 0.0113616 0.0150442 0.0179723 0.0197651 0.0205112 0.0205446 0.0200795 0.0190479 0.017258 0.0146757
 1.02375e-16 5.57704e-05 0.000542108 0.0036025 0.0163764 0.0509534 0.108563 0.158456 0.158484 0.108699 0.0514099 0.0176945 0.00690931 0.00775533 0.0137388 0.0225829 0.0324302 0.0405851 0.0443472 0.0424883 0.0360014 0.0274573 0.0194965 0.0136161 0.00994653 0.0078094
 1.03679e-16 4.34366e-05 0.00042222 0.0028058 0.0127548 0.0396851 0.0845546 0.123418 0.123455 0.0847354 0.0402922 0.0145089 0.00721065 0.0100437 0.0183325 0.0302802 0.0437103 0.0551589 0.0611052 0.059895 0.0526867 0.0425997 0.0327945 0.0250019 0.019353 0.015153
 1.04514e-16 5.4846e-05 0.000533123 0.00354279 0.016105 0.0501088 0.106763 0.155828 0.155851 0.106873 0.0504777 0.0171715 0.00622369 0.00639843 0.0112319 0.0185805 0.026991 0.0344231 0.038819 0.0392079 0.0362322 0.0316071 0.0269828 0.0231293 0.0199321 0.0169325
 1.04362e-16 4.97816e-05 0.000483895 0.00321565 0.0146179 0.0454819 0.0969051 0.141442 0.141473 0.0970546 0.045984 0.0160683 0.0068572 0.00843654 0.0151626 0.0250128 0.0360862 0.0455061 0.0503721 0.0493489 0.0434492 0.0353139 0.027594 0.0217008 0.0176519 0.0147317
 1.08548e-16 2.18413e-05 0.000212306 0.00141085 0.00641355 0.0199552 0.0425187 0.0620685 0.0621223 0.0427814 0.0208376 0.00896357 0.00781669 0.0142127 0.026659 0.0441634 0.0639086 0.0809757 0.0903355 0.0896352 0.0805321 0.0674268 0.0546828 0.0445438 0.0369694 0.0308326
 1.09265e-16 5.57538e-05 0.000541947 0.00360143 0.0163716 0.0509381 0.10853 0.158405 0.158418 0.108595 0.0511583 0.0170103 0.00521445 0.00409583 0.00690125 0.0115728 0.0172568 0.0229441 0.0276203 0.0307941 0.0326877 0.0338604 0.0346043 0.034663 0.033478 0.0306821
 1.06907e-16 4.54261e-05 0.000441558 0.00293431 0.013339 0.0415026 0.088427 0.129069 0.129104 0.0885979 0.0420765 0.0149963 0.00709399 0.00952096 0.0172859 0.0284997 0.0410436 0.051615 0.0568964 0.0554057 0.0484049 0.0390617 0.0305435 0.0245141 0.0209042 0.0186765
 1.08494e-16 3.41342e-05 0.000331797 0.00220491 0.0100232 0.0311862 0.066447 0.0969897 0.0970302 0.0666445 0.0318498 0.0119414 0.00702554 0.0108746 0.0201134 0.0333453 0.0483764 0.0615542 0.0691509 0.0694149 0.0635417 0.0547119 0.0460273 0.0390024 0.0335024 0.0286763
 1.05777e-16 6.07153e-05 0.000590175 0.00392192 0.0178285 0.0554711 0.118188 0.172501 0.172516 0.118261 0.0557178 0.0185421 0.00571784 0.00452597 0.00758062 0.0125549 0.0183594 0.0236779 0.0272028 0.028328 0.027463 0.0256492 0.0238055 0.0222272 0.020648 0.018661
 1.04869e-16 4.29443e-05 0.000417434 0.002774 0.0126102 0.0392352 0.0835963 0.122019 0.122059 0.0837878 0.0398782 0.014467 0.00743386 0.0105871 0.0193487 0.0318988 0.0459014 0.0576325 0.0633305 0.0612792 0.0528426 0.0415508 0.0309949 0.023159 0.0181494 0.0150042
 1.08939e-16 2.93025e-05 0.000284831 0.0018928 0.00860443 0.0267718 0.0570417 0.0832631 0.0833059 0.0572512 0.0274757 0.0106397 0.00700981 0.0114824 0.0213746 0.0354964 0.0516109 0.0659003 0.0744505 0.075399 0.0699358 0.0612798 0.0525273 0.0451253 0.038878 0.0329696
pSPR Fmed_Fpbrs
0.555748   0.227851 0.227851
Fs Fmed_Fpbrs
0.34   1.005 1.005
SSBpbr Bo_Bmed_Bpbrs
1.38628e+06  701109  246551 246551
Ro
139305
SPR SPRFo_SPRFmed_SPRFpbrs
990042 550214 225582
Fref
1.005
Nvult_r0
 101048 69006.2 26668.9 2770.3 1935.95
CTP_r0
 42594.7 34589.1 13367.7 1388.6 970.387
YTP_r0
1.29333e+06
Np
 236209 41930.7 5328.09 3288.28 1441.95
Nvult_p0
 194279 36284.3 4610.61 2845.48 1247.78
CTP_p0
 81894.3 17162.1 10591.7 4093.39 555.419
 81894.3 18187.4 2311.05 1426.29 625.445
YTP_p0
 1.31969e+06 1.0572e+06
CBA_c0
1.30124e+06
log_Ro
11.6644
likeval ReclasPelacesDesembMPH_pf_preclas_ppelaces_ptallas_desvR_qrecl_qpela
 12.7316 57.7381 0.0332589 84.8234 202.495 118.85 93.1446 0 23.097 2.10195e-05 0 0.146228 0 0 0
q_reclas_q_pelaces
1.91243 1
M
1
N
 168341 34858.3 85414.5 5835.62 0.225431
 93577.9 52990.8 10343 25343.9 1731.6
 92776.7 25827.4 13115.6 2559.98 6701.41
 141607 25728.2 6434.51 3267.56 2307.33
 114128 34154.7 5287.62 1322.41 1145.74
 203576 36505.9 10360.8 1603.99 748.708
 80757.5 58015.9 9443.63 2680.2 608.614
 34085.9 16220.3 9263.3 1507.85 525.12
 32327.1 11283.2 5158.62 2946.05 646.555
 47055 7744.82 2297.49 1050.4 731.527
 89099.4 9512.08 1247.62 370.105 287.052
 116059 29028.6 2959.54 388.179 204.465
 86662.1 25758.2 5319.22 542.308 108.596
 47877 18636.2 4518.88 933.175 114.191
 87942 4269.29 970.994 235.445 54.5704
 417977 18242 712.66 162.085 48.4114
 88447.5 104974 3964.1 154.866 45.7423
 417163 25783.1 28016.6 1057.98 53.5404
 463680 111863 6132.61 6663.85 264.379
 287689 115745 24105.2 1321.51 1492.96
 407888 76719.4 27321.7 5690.03 664.356
 402891 117958 20251.6 7212.11 1677.37
 92813.9 104724 26877.4 4614.46 2025.52
 251286 27140.1 28069.7 7204.11 1779.75
 211049 74495.5 7413.58 7667.5 2454.02
 116839 62177.7 20174.8 2007.74 2741.1
 328177 36246.3 18081.7 5866.98 1381
 251267 102701 10668.3 5321.96 2133.28
 122857 79744.6 30818.9 3201.4 2237.21
pred_Ctot
 15555.4 4337.68 10628.8 726.171 0.0280521
 15122.9 11317.7 2209.05 5412.93 369.832
 14773.3 5438.79 2761.92 539.086 1411.2
 31896.1 7521.66 1881.13 955.273 674.55
 9523.54 3847.23 595.605 148.958 129.058
 29605.8 7047.78 2000.23 309.664 144.545
 24331.8 22179.4 3610.29 1024.64 232.673
 2177.34 1405.83 802.861 130.687 45.5127
 7378.42 3339.65 1526.87 871.986 191.37
 14060.3 2938.62 871.735 398.552 277.563
 6506.47 940.22 123.321 36.583 28.3736
 30314 9737.68 992.782 130.215 68.5879
 23764.4 9036.24 1866.04 190.247 38.0967
 25567.1 11686.2 2833.66 585.167 71.6059
 25388.4 1569.9 357.054 86.5779 20.0666
 86470.2 4924.2 192.374 43.7529 13.0681
 11828.8 18696.8 706.041 27.5829 8.1471
 73345.4 5967.28 6484.19 244.86 12.3914
 97225.3 30580.6 1676.51 1821.74 72.2751
 51352.7 27176.3 5659.75 310.283 350.537
 56241.1 14072 5011.39 1043.67 121.857
 76866.5 29499.6 5064.66 1803.65 419.487
 12262.4 18434.4 4731.19 812.277 356.55
 31386.3 4525.38 4680.38 1201.22 296.759
 27054.7 12737.2 1267.57 1310.99 419.589
 11737.1 8393.41 2723.41 271.026 370.023
 31390.7 4664.9 2327.12 755.082 177.735
 22072.2 12163.8 1263.55 630.33 252.665
 9778.86 8576.77 3314.67 344.32 240.619
F
 0.155873 0.214976 0.214976 0.214976 0.214976
 0.287357 0.396314 0.396314 0.396314 0.396314
 0.282606 0.389762 0.389762 0.389762 0.389762
 0.422153 0.58222 0.58222 0.58222 0.58222
 0.139849 0.192875 0.192875 0.192875 0.192875
 0.255323 0.352134 0.352134 0.352134 0.352134
 0.605188 0.834656 0.834656 0.834656 0.834656
 0.105566 0.145594 0.145594 0.145594 0.145594
 0.428882 0.5915 0.5915 0.5915 0.5915
 0.598755 0.825784 0.825784 0.825784 0.825784
 0.12147 0.167528 0.167528 0.167528 0.167528
 0.505345 0.696956 0.696956 0.696956 0.696956
 0.53691 0.740489 0.740489 0.740489 0.740489
 1.41719 1.95454 1.95454 1.95454 1.95454
 0.572952 0.790198 0.790198 0.790198 0.790198
 0.381712 0.526446 0.526446 0.526446 0.526446
 0.232688 0.320916 0.320916 0.320916 0.320916
 0.316205 0.436101 0.436101 0.436101 0.436101
 0.387801 0.534843 0.534843 0.534843 0.534843
 0.321725 0.443713 0.443713 0.443713 0.443713
 0.240666 0.33192 0.33192 0.33192 0.33192
 0.34734 0.47904 0.47904 0.47904 0.47904
 0.229584 0.316635 0.316635 0.316635 0.316635
 0.215855 0.2977 0.2977 0.2977 0.2977
 0.222094 0.306305 0.306305 0.306305 0.306305
 0.17046 0.235093 0.235093 0.235093 0.235093
 0.161736 0.223061 0.223061 0.223061 0.223061
 0.147689 0.203688 0.203688 0.203688 0.203688
 0.133026 0.183465 0.183465 0.183465 0.183465
YTP_r0W_actual
 221493 709077 290079 40269.5 32410.9
YTP_p0W_proyectada
 617483 299479 254943 128205 19578.5
 617483 317370 55627 44671.3 22046.9
CTP_r0_actual
 42594.7 34589.1 13367.7 1388.6 970.387
CTP_p0_proyectada
 81894.3 17162.1 10591.7 4093.39 555.419
 81894.3 18187.4 2311.05 1426.29 625.445
Wmedp
 7.54 17.45 24.07 31.32 35.25
Frms_r0
 0.7287 1.005 1.005 1.005 1.005
Zrms_r0
 1.7287 2.005 2.005 2.005 2.005
nmprior
 7.29 8.9 8.7 0
nm_flota  nm_reclas  nm_pelaces    nm_pelaL
inf 8.94066 6.71443 8.12289
cv_recla  cv_pelaces  cv_mph
0.338504 0.930629 1.32934
 ------------------------------------------------
Talla a la edad & desviaci?n 
 8 13.2811 15.8009 17.003 17.5766
 0.8 1.32811 1.58009 1.7003 1.75766
