    unsorted:	 2.329925826e-06 1.879277503e-08 5.730044271e-05 8.883778054e-05 4.349463212 5.102903033 1.942542082 12.23752295 11.94570122 19.62633868 46.78500250 81.07642123 176.3200707 189.6123860 204.9285085 245.0978074 499.9794063 602.1556104 923.5759017 944.1889719 895.9344246 849.0851226 754.9819250 1073.816488 1132.877265 1136.871650 1223.343994 1417.147867 1458.876912 1572.768571 1650.804103 1887.115821 1963.185162 1983.971215 2303.325604 2308.344513 2328.122767 2500.392742 2789.598335 2913.328131 3058.548334 3451.610135 3740.112494 3895.136944 4279.782550 10245.54530 13507.60660 42218.39085 158327.6248 388424.8319 387333.8810 378283.3748 400436.6692 367428.3877 355105.3066 323025.5285 455298.8720 445181.9621 487699.8326 557959.1317 609061.5984 635518.5755 689025.3219 693636.7068 897223.0318 1036446.593 1155735.212 1198993.424 1313576.522 1528464.654 1658717.017 1871581.374 2232707.608 2331137.238 2370077.743 2716460.265 2879512.460 3168230.553 3893121.204 46559059.25
      sorted:	 1.879277503e-08 2.329925826e-06 5.730044271e-05 8.883778054e-05 1.942542082 4.349463212 5.102903033 11.94570122 12.23752295 19.62633868 46.78500250 81.07642123 176.3200707 189.6123860 204.9285085 245.0978074 499.9794063 602.1556104 754.9819250 849.0851226 895.9344246 923.5759017 944.1889719 1073.816488 1132.877265 1136.871650 1223.343994 1417.147867 1458.876912 1572.768571 1650.804103 1887.115821 1963.185162 1983.971215 2303.325604 2308.344513 2328.122767 2500.392742 2789.598335 2913.328131 3058.548334 3451.610135 3740.112494 3895.136944 4279.782550 10245.54530 13507.60660 42218.39085 158327.6248 323025.5285 355105.3066 367428.3877 378283.3748 387333.8810 388424.8319 400436.6692 445181.9621 455298.8720 487699.8326 557959.1317 609061.5984 635518.5755 689025.3219 693636.7068 897223.0318 1036446.593 1155735.212 1198993.424 1313576.522 1528464.654 1658717.017 1871581.374 2232707.608 2331137.238 2370077.743 2716460.265 2879512.460 3168230.553 3893121.204 46559059.25
