years
 1991 1992 1993 1994 1995 1996 1997 1998 1999 2000 2001 2002 2003 2004 2005 2006 2007 2008 2009 2010 2011 2012 2013 2014 2015 2016 2017 2018 2019 2020 2021 2022 2023
reclasobs
 0 0 0 0 0 0 0 0 0 252601 567819 844713 477998 351125 339783 2.1784e+06 2.13404e+06 4.81314e+06 1.55562e+06 2.62356e+06 3.21686e+06 3.843e+06 1.13348e+06 3.07943e+06 1.97215e+06 2.03268e+06 2.025e+06 2.42433e+06 2.27542e+06 1.05018e+06 2.36338e+06 3.18982e+06 1.53035e+06
reclaspred
 4.35566e+06 2.34603e+06 1.15044e+06 1.3125e+06 1.51472e+06 3.03879e+06 1.72351e+06 1.30992e+06 778503 335075 568710 1.02508e+06 911701 358785 583823 1.53919e+06 1.213e+06 3.10739e+06 2.70074e+06 2.17818e+06 3.65061e+06 2.75829e+06 1.76109e+06 2.67297e+06 2.07608e+06 1.79163e+06 2.32355e+06 2.64711e+06 2.22374e+06 1.48619e+06 1.5674e+06 1.49844e+06 1.37838e+06
pelacesobs
 0 0 0 0 0 0 0 0 0 0 0 0 0 0 0 552880 188675 0 991730 2.46772e+06 1.41603e+06 1.21717e+06 2.29649e+06 1.80582e+06 0 1.4828e+06 1.56532e+06 1.57751e+06 1.42118e+06 867257 1.10002e+06 1.06204e+06 0
pelacespred
 2.80933e+06 1.53748e+06 702999 632343 923954 1.82279e+06 968601 977583 497146 152548 329287 494703 484868 135445 288112 674813 599773 1.65842e+06 1.47544e+06 1.0756e+06 1.93527e+06 1.46623e+06 1.02577e+06 1.63722e+06 1.27296e+06 1.1177e+06 1.58605e+06 1.70481e+06 1.43126e+06 975469 813859 915254 736890
mphobs
 0 0 0 0 0 0 0 0 0 0 0 0 498337 0 5186 125008 0 168611 109162 213762 579715 649985 157893 87575 83554 210694 70296 0 107559 103333 445601 22526 28222
mphpred
 870276 596164 265463 153621 208058 294209 474268 208469 179667 76633.1 28292.5 114229 147562 78948.3 19971.5 71099.3 241302 152277 423245 282074 353221 386778 302100 191313 366180 273450 223278 318527 463743 286632 160406 227256 128148
desembarqueobs
 494567 514787 250237 358949 120608 361735 552515 73892 212993 205616 52469 317467 293654 387597 252695 516296 358380 742168 942051 627588 828172 859565 418607 520667 417249 300574 415391 372974 316634 284311 391294 218835 356480
desembarquepred
 494555 514372 250414 358948 120609 361715 552475 73897.6 213070 205686 52470.6 317454 293652 387521 252589 516131 358420 741853 941327 627089 828258 859398 418560 520687 417145 300544 415330 372896 316534 284175 391196 218881 356524
Reclutas
 147751 91797.5 84153.9 124801 93988.8 195609 69071.1 25276 24398.4 32333.1 55903.2 115155 78574.8 52102.7 59453.4 239414 46108.4 350502 265441 230555 241718 331209 54996.1 155086 145381 56989.8 142127 146595 56343.8 62886.3 99700.4 34596.5 102036
log_desv_Rt
 0.439631 -0.0363118 -0.12325 0.270825 -0.0127213 0.720221 -0.320761 -1.32604 -1.36138 -1.07981 -0.532276 0.190378 -0.191846 -0.602681 -0.470705 0.922296 -0.724902 1.30347 1.0255 0.884592 0.931875 1.24685 -0.548634 0.488084 0.423464 -0.513025 0.400824 0.431774 -0.524426 -0.414569 0.0462723 -1.01214 0.0694268
SSB
 870276 596164 265463 153621 208058 294209 474268 208469 179667 76633.1 28292.5 114229 138530 75992.4 19024.6 68114.7 241302 152277 442141 293589 379701 447197 370131 219160 385614 311124 234574 318527 485503 277094 186430 269206 138311
BT
 1.44774e+06 1.05979e+06 487667 596956 491129 1.23109e+06 843480 488267 421465 266874 230721 515994 500462 468184 426397 814234 522756 1.64153e+06 1.60919e+06 1.02684e+06 1.69143e+06 1.45116e+06 777821 1.40423e+06 915148 744697 1.28589e+06 1.18288e+06 789053 696542 730392 552003 702968
Ftot
 0.424973 0.787714 0.781577 0.956024 0.299834 0.439474 1.1022 0.214959 0.958724 1.87412 0.340441 1.06743 1.10548 2.816 1.42873 1.14423 1.02643 0.841969 1.18384 1.00052 0.807196 1.07357 0.84636 0.698649 0.723759 0.613408 0.645177 0.515465 0.528549 0.691996 0.879368 0.539978 0.907948
BD_Bspro_t
 0.934264 0.605254 0.33853 0.250151 0.286862 0.411581 0.463234 0.250559 0.287103 0.176275 0.0982037 0.383966 0.294446 0.15788 0.0464603 0.147205 0.270888 0.183361 0.327406 0.2233 0.228625 0.254473 0.238759 0.179542 0.306044 0.308813 0.297873 0.395581 0.476885 0.353049 0.297199 0.338169 0.294856
BD_Bspro
 1.269 0.869302 0.387087 0.224004 0.303381 0.429003 0.691558 0.30398 0.261983 0.111743 0.0412549 0.166565 0.201999 0.110809 0.0277408 0.099322 0.351857 0.222043 0.644712 0.428099 0.553664 0.652085 0.53971 0.31957 0.562286 0.453668 0.342046 0.464463 0.707941 0.404047 0.271845 0.392545 0.20168
BD_Bo
 1.63219 1.1181 0.497871 0.288114 0.390209 0.551785 0.889483 0.39098 0.336963 0.143724 0.0530621 0.214236 0.259811 0.142523 0.0356803 0.127748 0.452559 0.285593 0.829229 0.550622 0.712123 0.838712 0.694176 0.411032 0.723214 0.583509 0.439941 0.597393 0.910555 0.519687 0.349648 0.504892 0.259401
BD_Brms
 9.12163 6.24858 2.78239 1.61015 2.18072 3.08369 4.97095 2.18502 1.88314 0.803215 0.296542 1.19727 1.45198 0.7965 0.199402 0.713931 2.52916 1.59606 4.63421 3.0772 3.97976 4.68721 3.87946 2.29708 4.04174 3.26099 2.45864 3.33858 5.08871 2.90431 1.95403 2.82163 1.44968
Sel_flota
 0.725099 1 1 1 1
 0.725099 1 1 1 1
 0.725099 1 1 1 1
 0.725099 1 1 1 1
 0.725099 1 1 1 1
 0.725099 1 1 1 1
 0.725099 1 1 1 1
 0.725099 1 1 1 1
 0.725099 1 1 1 1
 0.725099 1 1 1 1
 0.725099 1 1 1 1
 0.725099 1 1 1 1
 0.725099 1 1 1 1
 0.725099 1 1 1 1
 0.725099 1 1 1 1
 0.725099 1 1 1 1
 0.725099 1 1 1 1
 0.725099 1 1 1 1
 0.725099 1 1 1 1
 0.725099 1 1 1 1
 0.725099 1 1 1 1
 0.725099 1 1 1 1
 0.725099 1 1 1 1
 0.725099 1 1 1 1
 0.725099 1 1 1 1
 0.725099 1 1 1 1
 0.725099 1 1 1 1
 0.725099 1 1 1 1
 0.725099 1 1 1 1
 0.725099 1 1 1 1
 0.725099 1 1 1 1
 0.725099 1 1 1 1
 0.725099 1 1 1 1
Sel_reclas
 0.689122 1 1 1 1
 0.689122 1 1 1 1
 0.689122 1 1 1 1
 0.689122 1 1 1 1
 0.689122 1 1 1 1
 0.689122 1 1 1 1
 0.689122 1 1 1 1
 0.689122 1 1 1 1
 0.689122 1 1 1 1
 0.689122 1 1 1 1
 0.689122 1 1 1 1
 0.689122 1 1 1 1
 0.689122 1 1 1 1
 0.689122 1 1 1 1
 0.689122 1 1 1 1
 0.689122 1 1 1 1
 0.689122 1 1 1 1
 0.689122 1 1 1 1
 0.689122 1 1 1 1
 0.689122 1 1 1 1
 0.689122 1 1 1 1
 0.689122 1 1 1 1
 0.689122 1 1 1 1
 0.689122 1 1 1 1
 0.689122 1 1 1 1
 0.689122 1 1 1 1
 0.689122 1 1 1 1
 0.689122 1 1 1 1
 0.689122 1 1 1 1
 0.689122 1 1 1 1
 0.689122 1 1 1 1
 0.689122 1 1 1 1
 0.689122 1 1 1 1
Sel_pelaces
 0.5 1 1 1 1
 0.5 1 1 1 1
 0.5 1 1 1 1
 0.5 1 1 1 1
 0.5 1 1 1 1
 0.5 1 1 1 1
 0.5 1 1 1 1
 0.5 1 1 1 1
 0.5 1 1 1 1
 0.5 1 1 1 1
 0.5 1 1 1 1
 0.5 1 1 1 1
 0.5 1 1 1 1
 0.5 1 1 1 1
 0.5 1 1 1 1
 0.5 1 1 1 1
 0.5 1 1 1 1
 0.5 1 1 1 1
 0.5 1 1 1 1
 0.5 1 1 1 1
 0.5 1 1 1 1
 0.5 1 1 1 1
 0.5 1 1 1 1
 0.5 1 1 1 1
 0.5 1 1 1 1
 0.5 1 1 1 1
 0.5 1 1 1 1
 0.5 1 1 1 1
 0.5 1 1 1 1
 0.5 1 1 1 1
 0.5 1 1 1 1
 0.5 1 1 1 1
 0.5 1 1 1 1
pf_obs 
 0.8446 0.082 0.0669 0.0065 0
 0.8095 0.147 0.0364 0.0071 0
 0.9664 0.0169 0.016 0.0007 0
 0.9276 0.0648 0.0075 0.0001 0
 0.7033 0.2144 0.0806 0.0017 0
 0.9318 0.0425 0.0243 0.0014 0
 0.5671 0.3108 0.0964 0.0239 0.0018
 0.0768 0.2599 0.5324 0.112 0.0189
 0.490249 0.384438 0.106611 0.0170017 0.00170017
 0.7925 0.1577 0.0466 0.003 0.0002
 0.840416 0.127587 0.0312969 0.00059994 9.999e-05
 0.8084 0.0986 0.0794 0.0134 0.0002
 0.7335 0.1905 0.0724 0.0035 0.0001
 0.4001 0.4547 0.1325 0.0127 0
 0.49795 0.308269 0.164784 0.0264974 0.00249975
 0.9179 0.0499 0.0305 0.0017 0
 0.2467 0.6533 0.0926 0.0074 0
 0.9418 0.0223 0.034 0.0019 0
 0.707729 0.231977 0.0356964 0.0245975 0
 0.517169 0.277429 0.184464 0.0207286 0.00020938
 0.811772 0.124168 0.05621 0.00726502 0.000585176
 0.764997 0.148141 0.077277 0.00933861 0.000247198
 0.163321 0.427699 0.378323 0.0303852 0.000271297
 0.753843 0.0900009 0.118128 0.0371064 0.000921714
 0.721811 0.176058 0.0630433 0.0369309 0.00215725
 0.143369 0.312575 0.442814 0.0836902 0.0175525
 0.692698 0.0596174 0.167031 0.0765114 0.00414204
 0.394062 0.376323 0.152708 0.0712218 0.00568511
 0.125707 0.32114 0.495352 0.0537591 0.00404204
 0.23352 0.215282 0.420074 0.123614 0.00750983
 0.796117 0.104755 0.0508955 0.0450114 0.00322123
 0.162477 0.292055 0.404252 0.121198 0.0200186
 0 0 0 0 0
pf_pred 
 0.634358 0.151083 0.197386 0.0171722 8.6634e-07
 0.564969 0.313158 0.0503579 0.0657913 0.00572399
 0.699512 0.202113 0.0708155 0.0113876 0.016172
 0.816436 0.144328 0.0263905 0.00924658 0.00359854
 0.729493 0.23778 0.025732 0.0047051 0.00229013
 0.809695 0.151534 0.0340803 0.0036881 0.00100261
 0.478616 0.450133 0.0567344 0.0127597 0.0017562
 0.499176 0.303883 0.170028 0.0214302 0.00548307
 0.589243 0.241296 0.102823 0.0575315 0.00910649
 0.810986 0.1325 0.0331983 0.0141467 0.00916827
 0.924868 0.0671998 0.00556074 0.00139326 0.000978478
 0.845052 0.146778 0.00730735 0.000604678 0.000257904
 0.744879 0.229873 0.0239168 0.0011907 0.000140554
 0.747255 0.209986 0.0385277 0.00400856 0.000223124
 0.945411 0.0479635 0.00550454 0.00100996 0.000110929
 0.960236 0.0385252 0.00108839 0.00012491 2.54353e-05
 0.484026 0.503668 0.0119221 0.000336817 4.65263e-05
 0.954271 0.0278205 0.0174812 0.00041379 1.3305e-05
 0.748922 0.243769 0.00444653 0.002794 6.82622e-05
 0.788179 0.177073 0.0337367 0.000615384 0.000396127
 0.799185 0.172654 0.0235411 0.00448516 0.000134476
 0.822709 0.153067 0.0208264 0.00283966 0.000557245
 0.407236 0.525067 0.0584474 0.00795239 0.00129708
 0.852369 0.0772954 0.0623031 0.00693522 0.00109752
 0.748127 0.226644 0.0132091 0.0106471 0.00137273
 0.533806 0.383581 0.0743378 0.00433251 0.00394242
 0.839239 0.102387 0.0480298 0.00930816 0.00103614
 0.752966 0.219717 0.0173979 0.0081614 0.00175774
 0.488633 0.419843 0.0814029 0.00644575 0.00367494
 0.671624 0.193876 0.110427 0.0214107 0.00266195
 0.810731 0.143973 0.0267434 0.0152324 0.00332059
 0.544641 0.397682 0.0438734 0.00814961 0.00565373
 0.858265 0.0912596 0.0440821 0.00486326 0.00153007
pobs_RECLAS
 0 0 0 0 0
 0 0 0 0 0
 0 0 0 0 0
 0 0 0 0 0
 0 0 0 0 0
 0 0 0 0 0
 0 0 0 0 0
 0 0 0 0 0
 0 0 0 0 0
 0 0 0 0 0
 0.991045 0.00858322 0.000360255 1.14367e-05 0
 0.934742 0.0480273 0.0164251 0.00080598 0
 0.827803 0.169806 0.00239088 0 0
 0.941827 0.0461693 0.0120037 0 0
 0.791401 0.0380133 0.147996 0.0225897 0
 0.846168 0.0940531 0.0597789 0 0
 0.134021 0.677848 0.182769 0.00536245 0
 0.80878 0.0450904 0.141981 0.00414843 0
 0.846168 0.0940531 0.0597789 0 0
 0.905697 0.0802665 0.012482 0.00150086 5.37128e-05
 0.989698 0.0102097 9.19794e-05 0 0
 0.975433 0.0193895 0.00387452 0.00125025 5.28907e-05
 0.303575 0.632131 0.0575291 0.00676475 0
 0.966965 0.00978017 0.0227588 0.000495775 0
 0.843318 0.132988 0.00938335 0.0141283 0.000182051
 0.564624 0.303363 0.111486 0.0197234 0.00080311
 0.826376 0.0876187 0.0782897 0.00655872 0.00115652
 0.89761 0.0855135 0.0140674 0.00269457 0.000114338
 0.34875 0.467042 0.161289 0.0227151 0.000203297
 0.318654 0.224769 0.449479 0.00709798 0
 0.937255 0.0296025 0.0250945 0.00804832 0
 0.456809 0.399803 0.12412 0.0192676 0
 0.883104 0.0372192 0.0704036 0.00927362 0
ppred_RECLAS
 0.625504 0.154742 0.202166 0.017588 8.87319e-07
 0.559573 0.317042 0.0509826 0.0666074 0.00579499
 0.694818 0.20527 0.0719217 0.0115655 0.0164246
 0.814481 0.145866 0.0266716 0.00934508 0.00363687
 0.721032 0.245217 0.0265369 0.00485227 0.00236176
 0.803861 0.15618 0.0351251 0.00380117 0.00103335
 0.47749 0.451106 0.056857 0.0127873 0.00176
 0.487882 0.310735 0.173863 0.0219135 0.00560672
 0.586131 0.243124 0.103602 0.0579674 0.00917549
 0.818582 0.127176 0.0318642 0.0135782 0.00879985
 0.921963 0.0697975 0.00577569 0.00144712 0.0010163
 0.844187 0.147597 0.00734814 0.000608054 0.000259344
 0.744058 0.230613 0.0239938 0.00119454 0.000141007
 0.772086 0.189356 0.0347425 0.00361474 0.000201203
 0.946267 0.0472112 0.00541821 0.000994119 0.000109189
 0.960161 0.0385977 0.00109044 0.000125145 2.54832e-05
 0.481781 0.50586 0.011974 0.000338283 4.67287e-05
 0.953428 0.0283332 0.0178033 0.000421416 1.35502e-05
 0.749017 0.243677 0.00444486 0.00279295 6.82366e-05
 0.786424 0.17854 0.0340163 0.000620484 0.00039941
 0.795804 0.175561 0.0239375 0.00456068 0.000136741
 0.821799 0.153853 0.0209334 0.00285423 0.000560106
 0.402678 0.529104 0.0588968 0.00801354 0.00130705
 0.849031 0.0790429 0.0637116 0.00709201 0.00112233
 0.743372 0.230923 0.0134585 0.0108481 0.00139864
 0.526284 0.38977 0.0755373 0.00440242 0.00400603
 0.83532 0.104883 0.0492007 0.00953507 0.0010614
 0.746512 0.225457 0.0178524 0.00837462 0.00180366
 0.480178 0.426785 0.082749 0.00655233 0.00373571
 0.665732 0.197355 0.112409 0.0217948 0.00270971
 0.808082 0.145988 0.0271177 0.0154456 0.00336707
 0.536351 0.404922 0.0446721 0.00829797 0.00575665
 0.856352 0.0924912 0.0446771 0.00492889 0.00155072
pobs_PELACES
 0 0 0 0 0
 0 0 0 0 0
 0 0 0 0 0
 0 0 0 0 0
 0 0 0 0 0
 0 0 0 0 0
 0 0 0 0 0
 0 0 0 0 0
 0 0 0 0 0
 0 0 0 0 0
 0 0 0 0 0
 0 0 0 0 0
 0 0 0 0 0
 0 0 0 0 0
 0 0 0 0 0
 0 0 0 0 0
 0.505614 0.472636 0.0217494 0 0
 0 0 0 0 0
 0.443492 0.261883 0.143347 0.151278 0
 0.227955 0.32914 0.350689 0.0885471 0.00366901
 0.970185 0.0296113 0.000203453 0 0
 0.997202 0.00247181 0.000326279 0 0
 0.445219 0.490057 0.0546422 0.010081 0
 0.90214 0.0892962 0.00764917 0.000914606 0
 0 0 0 0 0
 0.581667 0.319106 0.0959925 0.00289975 0.000334073
 0.762889 0.0836404 0.116647 0.0363945 0.000428098
 0.88444 0.0763242 0.0277011 0.0115352 0
 0.521256 0.241999 0.230069 0.00667565 0
 0.616807 0.101726 0.260614 0.0208532 0
 0.833518 0.0704572 0.0857862 0.0102388 0
 0.697417 0.212968 0.0787535 0.0105354 0.000325836
 0 0 0 0 0
ppred_PELACES
 0.557425 0.182872 0.238917 0.0207853 1.04862e-06
 0.49752 0.361711 0.0581657 0.0759919 0.00661147
 0.639417 0.242534 0.084978 0.013665 0.0194063
 0.776487 0.175739 0.0321338 0.0112589 0.00438169
 0.658356 0.30031 0.0324989 0.00594243 0.00289238
 0.755776 0.194468 0.0437362 0.00473305 0.00128668
 0.42289 0.498245 0.0627983 0.0141235 0.00194391
 0.413433 0.355908 0.199138 0.0250991 0.00642179
 0.528508 0.276974 0.118026 0.0660381 0.010453
 0.795105 0.143634 0.0359878 0.0153354 0.00993863
 0.898385 0.0908869 0.00752083 0.00188436 0.00132338
 0.81241 0.177699 0.00884678 0.000732065 0.000312236
 0.699862 0.270434 0.028137 0.0014008 0.000165355
 0.760382 0.199079 0.0365265 0.00380036 0.000211535
 0.935674 0.0565187 0.00648639 0.00119011 0.000130715
 0.950979 0.0474934 0.00134176 0.000153987 3.13564e-05
 0.42541 0.560887 0.0132765 0.000375081 5.18118e-05
 0.94129 0.0357179 0.0224435 0.000531251 1.70818e-05
 0.706814 0.284651 0.00519226 0.00326259 7.97105e-05
 0.745253 0.212957 0.0405734 0.000740092 0.000476402
 0.75263 0.21268 0.0289987 0.00552495 0.000165652
 0.786703 0.184154 0.0250561 0.00341636 0.000670416
 0.34562 0.579646 0.0645228 0.00877902 0.0014319
 0.812995 0.0979101 0.0789194 0.00878485 0.00139023
 0.691772 0.277354 0.0161646 0.0130293 0.00167987
 0.460103 0.444224 0.0860904 0.00501747 0.0045657
 0.796008 0.12992 0.0609457 0.0118112 0.00131477
 0.691267 0.274594 0.0217432 0.0101998 0.00219675
 0.412851 0.482062 0.0934665 0.00740098 0.00421955
 0.606091 0.232567 0.132465 0.0256835 0.00319318
 0.767912 0.176544 0.0327936 0.0186785 0.00407182
 0.468501 0.464178 0.0512094 0.00951229 0.00659907
 0.824462 0.113025 0.0545955 0.00602313 0.00189498
pobs_pel_tallas
 0 0 0 0 0 0 0 0 0 0 0 0 0 0 0 0 0 0 0 0 0 0 0 0 0 0
 0 0 0 0 0 0 0 0 0 0 0 0 0 0 0 0 0 0 0 0 0 0 0 0 0 0
 0 0 0 0 0 0 0 0 0 0 0 0 0 0 0 0 0 0 0 0 0 0 0 0 0 0
 0 0 0 0 0 0 0 0 0 0 0 0 0 0 0 0 0 0 0 0 0 0 0 0 0 0
 0 0 0 0 0 0 0 0 0 0 0 0 0 0 0 0 0 0 0 0 0 0 0 0 0 0
 0 0 0 0 0 0 0 0 0 0 0 0 0 0 0 0 0 0 0 0 0 0 0 0 0 0
 0 0 0 0 0 0 0 0 0 0 0 0 0 0 0 0 0 0 0 0 0 0 0 0 0 0
 0 0 0 0 0 0 0 0 0 0 0 0 0 0 0 0 0 0 0 0 0 0 0 0 0 0
 0 0 0 0 0 0 0 0 0 0 0 0 0 0 0 0 0 0 0 0 0 0 0 0 0 0
 0 0 0 0 0 0 0 0 0 0 0 0 0 0 0 0 0 0 0 0 0 0 0 0 0 0
 0 0 0 0 0 0 0 0 0 0 0 0 0 0 0 0 0 0 0 0 0 0 0 0 0 0
 0 0 0 0 0 0 0 0 0 0 0 0 0 0 0 0 0 0 0 0 0 0 0 0 0 0
 0.00862536 0 0 0.000197151 0.00414017 0.0128641 0.00837892 0.0270097 0.101434 0.158115 0.152841 0.127902 0.109271 0.109419 0.0830992 0.0579132 0.0238553 0.00714673 0.00463305 0.00128148 0.00103504 0.000492878 0.000147863 0.000147863 4.92878e-05 0
 0 0 0 0 0 0 0 0 0 0 0 0 0 0 0 0 0 0 0 0 0 0 0 0 0 0
 0 0 0 0 0 0 0 0.0054083 0.00873648 0.0413646 0.0450493 0.0745869 0.0622846 0.0627006 0.0613931 0.0827291 0.12552 0.122667 0.0946155 0.0697135 0.0546179 0.0294188 0.0215738 0.0213955 0.0102223 0.00600262
 0 0 0 0 0.00359764 0.0251062 0.0480494 0.140153 0.205849 0.193036 0.1447 0.116669 0.0760912 0.0342217 0.00950174 0.001854 0.000860785 0 0 0 0.000165536 0 0.000143464 0 0 0
 0 0 0 0 0 0 0 0.000145254 0.000435761 0.0275982 0.070085 0.0708112 0.156366 0.174668 0.174014 0.160142 0.0824315 0.0480064 0.0283245 0.00493863 0.00203355 0 0 0 0 0
 0 0 0 0 0 0 0 0 0 0 0 0 0 0 0 0 0 0 0 0 0 0 0 0 0 0
 0 0 1.00437e-05 0.000401748 0.00122533 0.00171747 0.00176769 0.0269171 0.070346 0.194647 0.189555 0.159765 0.064822 0.0314167 0.0384472 0.0292271 0.0345202 0.0313363 0.0194345 0.0106764 0.0143323 0.0359363 0.0279516 0.0138201 0.00172751 0
 0 0.0021121 0.0136068 0.0755702 0.200478 0.177729 0.0527432 0.0373336 0.0318909 0.0142505 0.0149659 0.0166563 0.0217959 0.0798694 0.0677717 0.0528807 0.04013 0.0224614 0.0357745 0.0225083 0.00881397 0.00855152 0.00135912 0.000746735 0 0
 0 0 0 0 5.4009e-05 0.00500934 0.000945158 0.0243581 0.138947 0.33067 0.221406 0.137944 0.0707744 0.0437923 0.0131692 0.00525238 0.0047753 0.00276346 9.45158e-05 9.00151e-06 2.25038e-05 9.00151e-06 4.50075e-06 0 0 0
 0.000866109 0.00284123 0.00948549 0.0512746 0.133035 0.25785 0.225252 0.132002 0.0553304 0.0519788 0.0540692 0.017754 0.00435017 0.00159236 0.00146478 0.000404838 0.000125132 0.000115318 0.000107957 0.000100596 0 0 0 0 0 0
 0 0 0 0 0.00144013 0.00171154 0.00461396 0.0210425 0.0478622 0.0707936 0.0888783 0.103762 0.0637923 0.0337046 0.0602308 0.124433 0.169614 0.0934646 0.0462172 0.0250306 0.0313229 0.00938855 0.002487 0.000210481 0 0
 0 0.00764035 0.051015 0.0998891 0.058973 0.0496711 0.0374665 0.0718981 0.12319 0.153886 0.159021 0.0857701 0.0377988 0.023471 0.0147837 0.00900784 0.00315554 0.000888139 0.00291439 0.00214683 0.00393193 0.00274676 0.000635225 9.99891e-05 0 0
 0 0 0 0 0 0 0 0 0 0 0 0 0 0 0 0 0 0 0 0 0 0 0 0 0 0
 0 0 0 0 0 0 0 0 0 0 0 0 0 0 0 0 0 0 0 0 0 0 0 0 0 0
 0 0 0 0 0 0 0 0 0 0 0 0 0 0 0 0 0 0 0 0 0 0 0 0 0 0
 0 0 0 0 0 0 0 0 0 0 0 0 0 0 0 0 0 0 0 0 0 0 0 0 0 0
 0 0 0 0 0 0 0 0 0 0 0 0 0 0 0 0 0 0 0 0 0 0 0 0 0 0
 0 0 0 0 0 0 0 0 0 0 0 0 0 0 0 0 0 0 0 0 0 0 0 0 0 0
 0 0 0 0 0 0 0 0 0 0 0 0 0 0 0 0 0 0 0 0 0 0 0 0 0 0
 0 0 0 0 0 0 0 0 0 0 0 0 0 0 0 0 0 0 0 0 0 0 0 0 0 0
 0 0 0 0 0 0 0 0 0 0 0 0 0 0 0 0 0 0 0 0 0 0 0 0 0 0
ppred_pel_tallas
 1.09027e-16 4.59144e-05 0.000446304 0.00296585 0.0134823 0.0419486 0.0893767 0.130452 0.13047 0.0894646 0.0422448 0.0143419 0.00513961 0.00524457 0.00931349 0.0157273 0.0235873 0.0316064 0.0384297 0.0433172 0.046374 0.0480743 0.0485522 0.0473633 0.0439156 0.0381167
 1.10511e-16 4.09801e-05 0.000398341 0.00264712 0.0120334 0.0374407 0.0797727 0.116438 0.116473 0.0799432 0.0380134 0.0136882 0.0068027 0.00947705 0.017305 0.028605 0.0413567 0.0523586 0.0584017 0.0580806 0.0526513 0.0451508 0.0384899 0.0339992 0.0312935 0.0291395
 1.07169e-16 5.2668e-05 0.000511952 0.0034021 0.0154655 0.0481189 0.102523 0.149641 0.149664 0.102638 0.0485042 0.0165794 0.00620221 0.00663827 0.0117279 0.0194111 0.0282065 0.035997 0.0406524 0.041189 0.0383168 0.0338662 0.0295799 0.0262409 0.0236542 0.021217
 1.02843e-16 6.39582e-05 0.000621697 0.0041314 0.0187807 0.0584339 0.1245 0.181715 0.181732 0.124583 0.0587121 0.0195844 0.00614945 0.00502948 0.00844213 0.013874 0.0200243 0.0252768 0.0280296 0.0275484 0.0243951 0.0200262 0.0158959 0.0127659 0.0106247 0.00905901
 1.02101e-16 5.4228e-05 0.000527116 0.00350287 0.0159236 0.0495442 0.10556 0.154074 0.154103 0.105702 0.0500188 0.017294 0.00694195 0.00803189 0.014299 0.0235318 0.0338424 0.0424499 0.0465548 0.0448623 0.038352 0.0296164 0.0213224 0.0149901 0.010789 0.00811158
 1.02005e-16 6.22523e-05 0.000605115 0.0040212 0.0182798 0.0568754 0.12118 0.176869 0.176888 0.121271 0.0571834 0.0191698 0.00625634 0.00548821 0.0093471 0.0153824 0.0222179 0.0280726 0.0311661 0.030662 0.0271413 0.0221675 0.0173158 0.0134348 0.0105714 0.00837138
 1.03685e-16 3.4833e-05 0.000338589 0.00225004 0.0102284 0.0318246 0.0678075 0.0989771 0.0990251 0.0680421 0.0326122 0.0125031 0.00795923 0.0127996 0.0236939 0.0390981 0.056277 0.0706794 0.0776802 0.0751346 0.064647 0.0504687 0.0369551 0.0265618 0.0195325 0.0148693
 1.09442e-16 3.4054e-05 0.000331017 0.00219973 0.00999966 0.0311128 0.0662905 0.0967601 0.0967947 0.0664594 0.0316806 0.0116424 0.00633456 0.00939482 0.0173574 0.028927 0.0423317 0.0546169 0.0627413 0.0652272 0.062895 0.0580159 0.0526441 0.0475337 0.0423068 0.0363688
 1.11869e-16 4.35326e-05 0.000423152 0.002812 0.0127829 0.0397726 0.0847408 0.123687 0.123714 0.084872 0.0402136 0.0140586 0.00602126 0.00745319 0.0134667 0.0223851 0.0326964 0.0420883 0.0482341 0.0500921 0.0484774 0.0453565 0.0424529 0.0402961 0.0383035 0.0355555
 1.04296e-16 6.54918e-05 0.000636603 0.00423045 0.019231 0.0598349 0.127485 0.186071 0.186085 0.127553 0.0600627 0.0198893 0.00588422 0.00425189 0.00694684 0.0114216 0.0165448 0.0210172 0.0235649 0.0236161 0.021633 0.0187692 0.0161331 0.0142371 0.0129587 0.011876
 1.00654e-16 7.39988e-05 0.000719294 0.00477996 0.021729 0.0676071 0.144044 0.210239 0.210248 0.144087 0.0677507 0.0221435 0.00581999 0.00298831 0.00437925 0.00711216 0.0102136 0.0127923 0.013995 0.0134309 0.0114029 0.00870826 0.00616904 0.00425704 0.00302602 0.0022835
 1.00428e-16 6.69172e-05 0.000650459 0.00432253 0.0196496 0.0611373 0.13026 0.190122 0.190139 0.130344 0.0614177 0.0204592 0.00635346 0.00507955 0.00846542 0.0138545 0.0198699 0.0248143 0.0270063 0.0256699 0.021401 0.0157832 0.0104701 0.00644174 0.00385557 0.00236679
 1.0105e-16 5.76468e-05 0.000560347 0.00372371 0.0169274 0.0526677 0.112215 0.163787 0.163813 0.112342 0.053095 0.0181612 0.00681975 0.00731584 0.012878 0.0211732 0.0304339 0.0381391 0.0417542 0.0400991 0.0340462 0.0259308 0.0181722 0.0121754 0.00814113 0.00557141
 1.01522e-16 6.26317e-05 0.000608803 0.00404571 0.0183912 0.057222 0.121918 0.177947 0.177966 0.122012 0.0575371 0.0193013 0.00633075 0.00559878 0.00954443 0.0156922 0.022627 0.028509 0.0314998 0.0307379 0.0268329 0.0214248 0.0161832 0.0120344 0.00906297 0.00690917
 1.00344e-16 7.70702e-05 0.00074915 0.00497837 0.0226309 0.0704133 0.150023 0.218964 0.21897 0.15005 0.0705026 0.0228889 0.00562572 0.00216189 0.00275879 0.00443534 0.00637335 0.00799636 0.00877342 0.00845991 0.00723839 0.00559414 0.00402649 0.00282024 0.00200841 0.00148049
 1.00072e-16 7.83309e-05 0.000761405 0.0050598 0.0230011 0.0715651 0.152477 0.222546 0.22255 0.152499 0.07164 0.0232174 0.00560224 0.0019441 0.00232022 0.00370062 0.00529691 0.0066052 0.0071708 0.00678582 0.00561174 0.00407683 0.00262995 0.00153936 0.000850501 0.000470173
 1.00573e-16 3.50406e-05 0.000340607 0.00226346 0.0102894 0.0320143 0.0682119 0.0995686 0.0996226 0.0684755 0.032899 0.0128431 0.00866841 0.0143049 0.0265031 0.0436215 0.0625102 0.0779228 0.0845363 0.0798943 0.0659069 0.047644 0.0304272 0.0174487 0.00926466 0.00478345
 1.00714e-16 7.75328e-05 0.000753647 0.00500825 0.0227668 0.0708359 0.150923 0.220278 0.220281 0.15094 0.0708929 0.0229318 0.00542386 0.0016651 0.00182068 0.00291865 0.00426947 0.00551856 0.00635505 0.00662499 0.00640009 0.00589463 0.00530364 0.00470131 0.00406229 0.00335147
 1.00564e-16 5.82194e-05 0.000565913 0.00376069 0.0170956 0.0531909 0.11333 0.165414 0.165441 0.113464 0.0536398 0.0183915 0.00701096 0.00765211 0.0134892 0.0221376 0.0317188 0.0395392 0.0428985 0.0405564 0.0334911 0.0242837 0.0156373 0.0091638 0.00512609 0.00294424
 1.01381e-16 6.13856e-05 0.00059669 0.00396521 0.0180253 0.0560835 0.119493 0.174407 0.174428 0.119593 0.0564205 0.0189989 0.00640978 0.00593514 0.0102056 0.0167885 0.0242088 0.0305016 0.0336968 0.0328667 0.0286551 0.022809 0.0171128 0.0125663 0.00927942 0.00689233
 1.01474e-16 6.19932e-05 0.000602596 0.00400446 0.0182037 0.0566387 0.120675 0.176134 0.176154 0.120776 0.0569749 0.0191749 0.00644218 0.00592366 0.0101662 0.0167045 0.024047 0.030216 0.0332356 0.0321876 0.0277492 0.021723 0.0159548 0.0114848 0.00841949 0.00634624
 1.01227e-16 6.47997e-05 0.000629877 0.00418575 0.0190278 0.0592027 0.126138 0.184106 0.184124 0.126225 0.0594939 0.0198687 0.00629638 0.00523688 0.00881274 0.0144623 0.020816 0.0261513 0.0287548 0.0278298 0.0239619 0.0187129 0.013685 0.00978514 0.00711241 0.00531495
 1.03133e-16 2.84684e-05 0.000276723 0.00183892 0.00835952 0.0260099 0.0554188 0.0808971 0.0809529 0.0556917 0.0269258 0.0110047 0.00847706 0.0147625 0.0275238 0.0454151 0.0653186 0.0819228 0.0898195 0.086495 0.073821 0.0567844 0.0405282 0.0280036 0.0195797 0.0141442
 1.03419e-16 6.69654e-05 0.000650927 0.00432564 0.0196637 0.0611813 0.130353 0.190257 0.190266 0.1304 0.0613382 0.0201184 0.00547189 0.00316949 0.00489787 0.00811544 0.0119731 0.0156578 0.0183675 0.0197005 0.0198279 0.0192525 0.0183754 0.0172536 0.015708 0.0136072
 1.02129e-16 5.69804e-05 0.00055387 0.00368066 0.0167318 0.0520589 0.110918 0.161894 0.16192 0.111048 0.0524967 0.0179961 0.00685257 0.00747282 0.0131817 0.0216615 0.0311055 0.0389237 0.0425223 0.0407181 0.0344584 0.0262056 0.0184952 0.0127735 0.00918294 0.00709117
 1.03874e-16 3.78981e-05 0.000368383 0.00244804 0.0111285 0.034625 0.0737738 0.107684 0.107727 0.0739832 0.0353281 0.0131598 0.00754839 0.0115074 0.0212069 0.035035 0.0505463 0.063725 0.0704817 0.0688971 0.0603251 0.0484097 0.0368544 0.0277058 0.0211406 0.0163533
 1.032e-16 6.55662e-05 0.000637327 0.00423526 0.0192529 0.0599029 0.12763 0.186282 0.186295 0.127692 0.0601098 0.0198513 0.00574064 0.00393454 0.00635973 0.0104941 0.0153068 0.019658 0.0224201 0.023056 0.0218946 0.0198224 0.01766 0.0157399 0.0139418 0.0120173
 1.02093e-16 5.69388e-05 0.000553465 0.00367797 0.0167195 0.0520208 0.110837 0.161775 0.161802 0.110966 0.0524545 0.0179718 0.00682013 0.00740873 0.0130644 0.0214768 0.0308605 0.0386582 0.0423061 0.0406288 0.0345474 0.026472 0.0188817 0.013188 0.00953381 0.00731846
 1.04277e-16 3.40061e-05 0.000330551 0.00219663 0.0099856 0.0310692 0.0661978 0.0966274 0.0966739 0.066425 0.0318322 0.01219 0.00773158 0.0124188 0.0230075 0.0380221 0.0548594 0.0691692 0.0765169 0.0748218 0.0655547 0.0526683 0.0401766 0.0302915 0.0231948 0.0180045
 1.06999e-16 4.9923e-05 0.000485269 0.00322478 0.0146594 0.045611 0.0971799 0.141842 0.141864 0.0972903 0.0459821 0.0157334 0.00592833 0.00641284 0.0113829 0.0189365 0.0277343 0.0358391 0.0412806 0.043111 0.0418735 0.039039 0.0359111 0.0329205 0.0297507 0.0259577
 1.03554e-16 6.32519e-05 0.000614831 0.00408577 0.0185733 0.0577886 0.123125 0.179709 0.179726 0.123209 0.0580681 0.019381 0.00611393 0.00504538 0.0084869 0.0139554 0.0201575 0.0254806 0.0283295 0.0279814 0.0250109 0.0208784 0.0170225 0.014166 0.0122424 0.0107861
 1.03668e-16 3.85899e-05 0.000375108 0.00249273 0.0113316 0.0352571 0.0751205 0.10965 0.109695 0.075339 0.0359906 0.0134499 0.00780888 0.0119764 0.0220601 0.0363786 0.0523302 0.0656569 0.0720402 0.0694846 0.0595077 0.0461155 0.0334229 0.0237655 0.0173861 0.0133266
 1.0253e-16 6.79098e-05 0.000660108 0.00438665 0.0199411 0.0620442 0.132192 0.19294 0.192951 0.132246 0.0622242 0.0204617 0.00569647 0.00352907 0.00554471 0.00913227 0.013319 0.0171026 0.0194972 0.0200284 0.0189734 0.0170965 0.0151122 0.0133216 0.0116432 0.00988826
pSPR Fmed_Fpbrs
0.557114   0.228936 0.228936
Fs Fmed_Fpbrs
0.34   1.005 1.005
SSBpbr Bo_Bmed_Bpbrs
533195  270391  95408 95408
Ro
95192.1
SPR SPRFo_SPRFmed_SPRFpbrs
685796 382067 157004
Fref
1.005
Nvult_r0
 83923.4 7445.3 3596.39 396.763 124.829
CTP_r0
 35377 3731.93 1802.68 198.876 62.57
YTP_r0
383689
Np
 85719.8 15216.2 2616.85 171.919 94.2267
Nvult_p0
 70503.6 13167.2 2264.47 148.768 81.5381
CTP_p0
 29720 8429.03 553.761 267.49 33.889
 29720 6600 1135.06 74.5696 40.8707
YTP_p0
 394077 370356
CBA_c0
386806
log_Ro
11.2837
likeval ReclasPelacesDesembMPH_pf_preclas_ppelaces_ptallas_desvR_qrecl_qpela
 16.9712 17.9386 0.0189803 45.054 250.174 137.387 117.481 0 23.2822 9.99469e-05 0.000192512 0.0358384 0 0 0
q_reclas_q_pelaces
4.11171 7.11499
M
1
N
 147751 26703.7 34887.7 3035.16 0.153124
 91797.5 39940.1 6422.64 8391.01 730.037
 84153.9 19075.7 6683.66 1074.78 1526.34
 124801 17565.3 3211.82 1125.34 437.956
 93988.8 22954.4 2484.08 454.214 221.081
 195609 27820.3 6256.85 677.103 184.07
 69071.1 52324 6594.88 1483.2 204.143
 25276 11426.4 6393.32 805.809 206.172
 24398.4 7956.49 3390.48 1897.04 300.277
 32333.1 4478.77 1122.17 478.188 309.906
 55903.2 3056.19 252.898 63.3642 44.5004
 115155 16067 799.898 66.191 28.2314
 78574.8 19536.5 2032.65 101.196 11.9455
 52102.7 12967.8 2379.3 247.551 13.7792
 59453.4 2487.66 285.497 52.3822 5.75339
 239414 7761.86 219.284 25.1662 5.12458
 46108.4 38417.5 909.365 25.6909 3.5488
 350502 8058.53 5063.62 119.859 3.85393
 265441 70025.3 1277.32 802.609 19.6091
 230555 41388 7885.43 143.836 92.5885
 241718 41059.3 5598.37 1066.63 31.9802
 331209 49524.9 6738.39 918.77 180.297
 54996.1 55941.4 6227.08 847.26 138.193
 155086 10952.5 8828.14 982.698 155.515
 145381 34377.2 2003.55 1614.94 208.214
 56989.8 31644.5 6132.69 357.421 325.24
 142127 13438.1 6303.82 1221.68 135.991
 146595 32750 2593.25 1216.5 262.001
 56343.8 37110.8 7195.38 569.753 324.836
 62886.3 14128.9 8047.48 1560.32 193.992
 99700.4 14007.1 2601.86 1481.96 323.059
 34596.5 19385.8 2138.69 397.269 275.602
 102036 8603.9 4156.04 458.506 144.254
pred_Ctot
 25396 6048.47 7902.17 687.472 0.0346831
 26436.7 14653.7 2356.41 3078.59 267.844
 24086.7 6959.47 2438.43 392.117 556.86
 41696.7 7371.09 1347.8 472.238 183.783
 11816.6 3851.64 416.817 76.2149 37.0964
 34625.6 6480.17 1457.4 157.717 42.8753
 25605.7 24081.8 3035.26 682.635 93.9558
 2335.5 1421.78 795.513 100.266 25.6537
 8168.83 3345.15 1425.46 797.574 126.246
 16865.8 2755.56 690.412 294.204 190.669
 7886.8 573.046 47.4192 11.881 8.34397
 41718.1 7246.05 360.745 29.8514 12.7321
 29190.6 9008.35 937.262 46.6617 5.50809
 33304.4 9358.86 1717.14 178.657 9.94442
 26302.4 1334.4 153.143 28.0982 3.08616
 91143.1 3656.72 103.307 11.8561 2.41426
 16235.6 16894.4 399.902 11.2978 1.56062
 106323 3099.71 1947.72 46.1036 1.48241
 103491 33685.5 614.45 386.093 9.4329
 79673.2 17899.4 3410.28 62.2062 40.0426
 70958.3 15329.6 2090.17 398.229 11.9399
 120487 22417 3050.07 415.873 81.6096
 16750 21596.4 2403.99 327.089 53.3499
 40588.3 3680.68 2966.77 330.244 52.262
 39145.4 11859.1 691.163 557.105 71.8275
 13407.6 9634.37 1867.14 108.819 99.0213
 34860.2 4252.93 1995.06 386.641 43.039
 29787.6 8692.07 688.266 322.867 69.5367
 11696.3 10049.7 1948.52 154.29 87.9659
 16331.4 4714.34 2685.18 520.627 64.7287
 31271.4 5553.29 1031.54 587.542 128.081
 7313.56 5340.17 589.141 109.435 75.9195
 32792.6 3486.85 1684.29 185.816 58.4609
F
 0.308148 0.424973 0.424973 0.424973 0.424973
 0.571171 0.787714 0.787714 0.787714 0.787714
 0.566721 0.781577 0.781577 0.781577 0.781577
 0.693212 0.956024 0.956024 0.956024 0.956024
 0.217409 0.299834 0.299834 0.299834 0.299834
 0.318662 0.439474 0.439474 0.439474 0.439474
 0.799205 1.1022 1.1022 1.1022 1.1022
 0.155866 0.214959 0.214959 0.214959 0.214959
 0.69517 0.958724 0.958724 0.958724 0.958724
 1.35892 1.87412 1.87412 1.87412 1.87412
 0.246853 0.340441 0.340441 0.340441 0.340441
 0.773991 1.06743 1.06743 1.06743 1.06743
 0.80158 1.10548 1.10548 1.10548 1.10548
 2.04188 2.816 2.816 2.816 2.816
 1.03597 1.42873 1.42873 1.42873 1.42873
 0.829681 1.14423 1.14423 1.14423 1.14423
 0.744264 1.02643 1.02643 1.02643 1.02643
 0.610511 0.841969 0.841969 0.841969 0.841969
 0.858401 1.18384 1.18384 1.18384 1.18384
 0.725473 1.00052 1.00052 1.00052 1.00052
 0.585297 0.807196 0.807196 0.807196 0.807196
 0.778443 1.07357 1.07357 1.07357 1.07357
 0.613695 0.84636 0.84636 0.84636 0.84636
 0.506589 0.698649 0.698649 0.698649 0.698649
 0.524797 0.723759 0.723759 0.723759 0.723759
 0.444781 0.613408 0.613408 0.613408 0.613408
 0.467817 0.645177 0.645177 0.645177 0.645177
 0.373763 0.515465 0.515465 0.515465 0.515465
 0.38325 0.528549 0.528549 0.528549 0.528549
 0.501765 0.691996 0.691996 0.691996 0.691996
 0.637629 0.879368 0.879368 0.879368 0.879368
 0.391538 0.539978 0.539978 0.539978 0.539978
 0.658352 0.907948 0.907948 0.907948 0.907948
YTP_r0W_actual
 266742 65122.2 43390.4 6228.8 2205.59
YTP_p0W_proyectada
 224089 147087 13329 8377.77 1194.59
 224089 115170 27320.8 2335.52 1440.69
CTP_r0_actual
 35377 3731.93 1802.68 198.876 62.57
CTP_p0_proyectada
 29720 8429.03 553.761 267.49 33.889
 29720 6600 1135.06 74.5696 40.8707
Wmedp
 7.54 17.45 24.07 31.32 35.25
Frms_r0
 0.728724 1.005 1.005 1.005 1.005
Zrms_r0
 1.72872 2.005 2.005 2.005 2.005
nmprior
 7.29 8.9 8.7 0
nm_flota  nm_reclas  nm_pelaces    nm_pelaL
inf 12.7045 10.1884 25.784
cv_recla  cv_pelaces  cv_mph
0.356768 0.463964 0.896959
 ------------------------------------------------
Talla a la edad & desviaci?n 
 8 13.2811 15.8009 17.003 17.5766
 0.8 1.32811 1.58009 1.7003 1.75766
