    unsorted:	 2.326414743e-06 8.087774906e-07 5.703986016e-05 8.664184188e-05 3.993329686 4.799712426 1.524232739 12.25178857 11.91060550 18.76567310 43.78927918 77.78459852 166.0702556 191.6728764 204.8655037 238.4237351 491.8111053 608.1166222 751.1052504 840.1526031 898.9851427 924.6759119 973.9996522 1072.818093 1112.896566 1176.039332 1374.428716 1418.867401 1534.040559 1608.681385 1842.440358 1912.374139 1977.326201 2273.917612 2245.193329 2289.569357 2465.946007 2758.079383 2899.482248 3038.450112 3386.443502 3662.505089 3813.520968 4263.069521 10386.19404 15234.96094 42273.72157 163553.8336 387265.6081 391521.8771 378861.6634 356259.7140 366517.6665 404728.4250 322833.2902 447496.7164 458347.7773 461098.9208 568722.8058 613768.8247 644617.6618 694828.9222 700048.9919 958568.5757 1038757.806 1207478.853 1189277.947 1530422.965 1680906.852 1879642.907 2234455.585 2358169.809 2419077.220 2728910.684 2942393.418 3175286.226 8463984.299 54101563.15
      sorted:	 8.087774906e-07 2.326414743e-06 5.703986016e-05 8.664184188e-05 1.524232739 3.993329686 4.799712426 11.91060550 12.25178857 18.76567310 43.78927918 77.78459852 166.0702556 191.6728764 204.8655037 238.4237351 491.8111053 608.1166222 751.1052504 840.1526031 898.9851427 924.6759119 973.9996522 1072.818093 1112.896566 1176.039332 1374.428716 1418.867401 1534.040559 1608.681385 1842.440358 1912.374139 1977.326201 2245.193329 2273.917612 2289.569357 2465.946007 2758.079383 2899.482248 3038.450112 3386.443502 3662.505089 3813.520968 4263.069521 10386.19404 15234.96094 42273.72157 163553.8336 322833.2902 356259.7140 366517.6665 378861.6634 387265.6081 391521.8771 404728.4250 447496.7164 458347.7773 461098.9208 568722.8058 613768.8247 644617.6618 694828.9222 700048.9919 958568.5757 1038757.806 1189277.947 1207478.853 1530422.965 1680906.852 1879642.907 2234455.585 2358169.809 2419077.220 2728910.684 2942393.418 3175286.226 8463984.299 54101563.15
