    unsorted:	 2.333544234e-06 5.755218398e-05 8.595909934e-05 0.4584639994 1.244303354 9.612502200 12.22355633 11.93576951 4.417296119 20.61678434 46.86058199 74.99654495 134.1471593 183.6484760 203.7071528 248.3999665 498.8376511 565.4532332 627.7636330 744.5866219 818.6846033 876.8447735 916.6558694 1054.004240 1066.497625 1150.181719 1167.456740 1281.444614 1453.991452 1513.279104 1607.905228 1657.781009 1752.258871 1980.938526 2054.372983 2342.412260 2324.954586 2412.974243 2479.261841 2570.660606 2835.110496 3080.912386 3254.299918 3363.340499 3584.996886 3916.227640 4111.129190 4355.611312 9951.911369 41357.33128 375686.5116 379684.5645 372632.6482 385994.5008 388342.5458 361662.5515 395497.0181 350561.4116 439098.8467 436928.1611 312582.8685 148772.6054 539076.2036 597204.4683 615589.2973 620474.7747 679002.6228 696517.9596 844760.0225 989813.4402 1053273.542 1181412.953 1253262.419 1524318.595 1782532.510 1837513.574 2117640.363 2351579.944 2328514.375 2527485.395 2736324.472 2952001.099 3291801.514 46009193.28
      sorted:	 2.333544234e-06 5.755218398e-05 8.595909934e-05 0.4584639994 1.244303354 4.417296119 9.612502200 11.93576951 12.22355633 20.61678434 46.86058199 74.99654495 134.1471593 183.6484760 203.7071528 248.3999665 498.8376511 565.4532332 627.7636330 744.5866219 818.6846033 876.8447735 916.6558694 1054.004240 1066.497625 1150.181719 1167.456740 1281.444614 1453.991452 1513.279104 1607.905228 1657.781009 1752.258871 1980.938526 2054.372983 2324.954586 2342.412260 2412.974243 2479.261841 2570.660606 2835.110496 3080.912386 3254.299918 3363.340499 3584.996886 3916.227640 4111.129190 4355.611312 9951.911369 41357.33128 148772.6054 312582.8685 350561.4116 361662.5515 372632.6482 375686.5116 379684.5645 385994.5008 388342.5458 395497.0181 436928.1611 439098.8467 539076.2036 597204.4683 615589.2973 620474.7747 679002.6228 696517.9596 844760.0225 989813.4402 1053273.542 1181412.953 1253262.419 1524318.595 1782532.510 1837513.574 2117640.363 2328514.375 2351579.944 2527485.395 2736324.472 2952001.099 3291801.514 46009193.28
