years
 1991 1992 1993 1994 1995 1996 1997 1998 1999 2000 2001 2002 2003 2004 2005 2006 2007 2008 2009 2010 2011 2012 2013 2014 2015 2016 2017 2018 2019 2020 2021
reclasobs
 0 0 0 0 0 0 0 0 0 252601 567819 844713 477998 351125 339783 2.1784e+06 2.13404e+06 4.81314e+06 1.55562e+06 2.62356e+06 3.21686e+06 3.843e+06 1.13348e+06 3.07943e+06 1.97215e+06 2.03268e+06 2.025e+06 2.42433e+06 2.27542e+06 1.05018e+06 2.36338e+06
reclaspred
 3.24948e+06 1.77204e+06 895402 924479 941689 1.62761e+06 910608 789700 558336 377298 549968 798073 677005 353428 541298 1.37759e+06 1.21461e+06 2.79097e+06 2.24089e+06 1.80921e+06 3.18543e+06 2.53818e+06 1.87466e+06 2.90762e+06 2.17625e+06 1.92415e+06 2.3695e+06 2.6661e+06 2.16373e+06 1.41642e+06 2.08563e+06
pelacesobs
 0 0 0 0 0 0 0 0 0 0 0 0 0 0 0 552880 188675 0 991730 2.46772e+06 1.41603e+06 1.21717e+06 2.29649e+06 1.80582e+06 0 1.4828e+06 1.56532e+06 1.57751e+06 1.42118e+06 867257 1.10002e+06
pelacespred
 1.93188e+06 1.1479e+06 563301 456084 511960 892677 455200 518872 336215 205872 316689 391380 363662 172298 296150 638152 606045 1.53079e+06 1.27301e+06 931574 1.67328e+06 1.41351e+06 1.09997e+06 1.80593e+06 1.32653e+06 1.18498e+06 1.61719e+06 1.6337e+06 1.27371e+06 944895 1.11562e+06
mphobs
 0 0 0 0 0 0 0 0 0 0 0 0 498337 0 5186 125008 0 168611 109162 213762 579715 649985 157893 87575 83554 210694 70296 0 107559 103333 445601
mphpred
 580113 387781 185617 102852 113303 137179 187282 99833 91154.8 56968.3 34991.9 79015.1 96163.3 59313.1 23529.3 55863.2 178508 155745 302059 366349 431084 510025 139666 112537 169933 134144 115911 133355 193204 138568 76223.3
desembarqueobs
 494567 514787 250237 358949 120608 361735 552515 73892 212993 205616 52469 317467 293654 387597 252695 516296 358380 742168 942051 627588 828172 859565 418607 520667 417249 300574 415391 372974 316634 284311 391294
desembarquepred
 494570 513937 250639 358980 120613 361741 552537 73897.2 213054 205671 52471.1 317492 293737 387728 252642 516217 358410 742015 941676 627326 828248 859557 418619 520704 417228 300575 415384 372943 316605 284279 391277
Reclutas
 168618 93716.2 93700.3 142809 115764 209221 83179.8 35672.1 34397.9 46344.3 93957.1 141121 86307.2 53743.3 83287.9 354005 72235.4 507314 325570 291947 359473 475953 90755 265308 239603 101516 235191 275545 90476 72452.6 236632
log_desv_Rt
 0.211404 -0.375962 -0.376132 0.0452776 -0.164682 0.427159 -0.495229 -1.34186 -1.37824 -1.08014 -0.373395 0.0333851 -0.45832 -0.932014 -0.49393 0.953078 -0.636303 1.3129 0.869344 0.760338 0.968406 1.24909 -0.40807 0.664659 0.562749 -0.296016 0.544164 0.702518 -0.411149 -0.633301 0.550272
SSB
 1.97378e+06 1.31938e+06 631541 349942 385502 466737 637207 339671 310145 193829 119056 268841 311659 196901 77279.5 184009 607353 529907 1.06134e+06 761288 918819 1.14224e+06 1.05353e+06 814365 1.15321e+06 966155 786488 870914 1.308e+06 882068 552427
BT
 2.80033e+06 1.91941e+06 937776 892798 755723 1.49927e+06 1.0661e+06 739210 644973 465833 472139 784513 740513 630488 660524 1.30048e+06 1.05746e+06 2.74616e+06 2.57769e+06 1.75896e+06 2.90973e+06 2.64275e+06 1.76207e+06 2.91007e+06 2.086e+06 1.78418e+06 2.5872e+06 2.51951e+06 1.85613e+06 1.46668e+06 1.81617e+06
Ftot
 0.210661 0.388604 0.382202 0.572994 0.189453 0.343882 0.799683 0.137258 0.547951 0.770038 0.157913 0.595711 0.620586 1.4608 0.764899 0.62019 0.411936 0.430243 0.609493 0.518819 0.393502 0.503421 0.310152 0.282486 0.27914 0.223572 0.27444 0.222847 0.199368 0.280802 0.301624
BD_Bspro_t
 0.966856 0.773517 0.563729 0.463102 0.458272 0.55531 0.555587 0.360047 0.419277 0.356271 0.312309 0.592745 0.485244 0.32857 0.164778 0.316791 0.483878 0.434744 0.538735 0.427341 0.423637 0.472648 0.48144 0.458154 0.578136 0.591981 0.59724 0.648791 0.716969 0.638005 0.566853
BD_Bspro
 2.02603 1.35432 0.648262 0.359207 0.395708 0.479094 0.654078 0.348665 0.318356 0.198961 0.122208 0.275959 0.319911 0.202114 0.0793256 0.18888 0.623434 0.543937 1.08944 0.781444 0.943146 1.17248 1.08142 0.835926 1.18374 0.991735 0.807311 0.893973 1.34263 0.905421 0.567054
BD_Bo
 1.46384 0.978517 0.46838 0.259533 0.285906 0.346154 0.472583 0.251916 0.230018 0.143753 0.0882977 0.199385 0.231141 0.146031 0.0573141 0.136469 0.450442 0.393004 0.787142 0.564607 0.68144 0.847138 0.781344 0.603971 0.855275 0.716546 0.583296 0.645911 0.970071 0.654183 0.409706
BD_Brms
 2.66154 1.77912 0.851601 0.471878 0.519829 0.629371 0.859242 0.458029 0.418214 0.261368 0.160541 0.362518 0.420257 0.265511 0.104207 0.248126 0.818985 0.714552 1.43117 1.02656 1.23898 1.54025 1.42062 1.09813 1.55505 1.30281 1.06054 1.17438 1.76377 1.18942 0.74492
Sel_flota
 0.72056 1 1 1 1
 0.72056 1 1 1 1
 0.72056 1 1 1 1
 0.72056 1 1 1 1
 0.72056 1 1 1 1
 0.72056 1 1 1 1
 0.72056 1 1 1 1
 0.72056 1 1 1 1
 0.72056 1 1 1 1
 0.72056 1 1 1 1
 0.72056 1 1 1 1
 0.72056 1 1 1 1
 0.72056 1 1 1 1
 0.72056 1 1 1 1
 0.72056 1 1 1 1
 0.72056 1 1 1 1
 0.72056 1 1 1 1
 0.72056 1 1 1 1
 0.72056 1 1 1 1
 0.72056 1 1 1 1
 0.72056 1 1 1 1
 0.72056 1 1 1 1
 0.72056 1 1 1 1
 0.72056 1 1 1 1
 0.72056 1 1 1 1
 0.72056 1 1 1 1
 0.72056 1 1 1 1
 0.72056 1 1 1 1
 0.72056 1 1 1 1
 0.72056 1 1 1 1
 0.72056 1 1 1 1
Sel_reclas
 1 1 1 1 1
 1 1 1 1 1
 1 1 1 1 1
 1 1 1 1 1
 1 1 1 1 1
 1 1 1 1 1
 1 1 1 1 1
 1 1 1 1 1
 1 1 1 1 1
 1 1 1 1 1
 1 1 1 1 1
 1 1 1 1 1
 1 1 1 1 1
 1 1 1 1 1
 1 1 1 1 1
 1 1 1 1 1
 1 1 1 1 1
 1 1 1 1 1
 1 1 1 1 1
 1 1 1 1 1
 1 1 1 1 1
 1 1 1 1 1
 1 1 1 1 1
 1 1 1 1 1
 1 1 1 1 1
 1 1 1 1 1
 1 1 1 1 1
 1 1 1 1 1
 1 1 1 1 1
 1 1 1 1 1
 1 1 1 1 1
Sel_pelaces
 0.844408 0.96468 0.992777 0.998556 0.999713
 0.844408 0.96468 0.992777 0.998556 0.999713
 0.844408 0.96468 0.992777 0.998556 0.999713
 0.844408 0.96468 0.992777 0.998556 0.999713
 0.844408 0.96468 0.992777 0.998556 0.999713
 0.844408 0.96468 0.992777 0.998556 0.999713
 0.844408 0.96468 0.992777 0.998556 0.999713
 0.844408 0.96468 0.992777 0.998556 0.999713
 0.844408 0.96468 0.992777 0.998556 0.999713
 0.844408 0.96468 0.992777 0.998556 0.999713
 0.844408 0.96468 0.992777 0.998556 0.999713
 0.844408 0.96468 0.992777 0.998556 0.999713
 0.844408 0.96468 0.992777 0.998556 0.999713
 0.844408 0.96468 0.992777 0.998556 0.999713
 0.844408 0.96468 0.992777 0.998556 0.999713
 0.844408 0.96468 0.992777 0.998556 0.999713
 0.844408 0.96468 0.992777 0.998556 0.999713
 0.844408 0.96468 0.992777 0.998556 0.999713
 0.844408 0.96468 0.992777 0.998556 0.999713
 0.844408 0.96468 0.992777 0.998556 0.999713
 0.844408 0.96468 0.992777 0.998556 0.999713
 0.844408 0.96468 0.992777 0.998556 0.999713
 0.844408 0.96468 0.992777 0.998556 0.999713
 0.844408 0.96468 0.992777 0.998556 0.999713
 0.844408 0.96468 0.992777 0.998556 0.999713
 0.844408 0.96468 0.992777 0.998556 0.999713
 0.844408 0.96468 0.992777 0.998556 0.999713
 0.844408 0.96468 0.992777 0.998556 0.999713
 0.844408 0.96468 0.992777 0.998556 0.999713
 0.844408 0.96468 0.992777 0.998556 0.999713
 0.844408 0.96468 0.992777 0.998556 0.999713
pf_obs 
 0.8446 0.082 0.0669 0.0065 0
 0.8095 0.147 0.0364 0.0071 0
 0.9664 0.0169 0.016 0.0007 0
 0.9276 0.0648 0.0075 0.0001 0
 0.7033 0.2144 0.0806 0.0017 0
 0.9318 0.0425 0.0243 0.0014 0
 0.5671 0.3108 0.0964 0.0239 0.0018
 0.0768 0.2599 0.5324 0.112 0.0189
 0.490249 0.384438 0.106611 0.0170017 0.00170017
 0.7925 0.1577 0.0466 0.003 0.0002
 0.840416 0.127587 0.0312969 0.00059994 9.999e-05
 0.8084 0.0986 0.0794 0.0134 0.0002
 0.7335 0.1905 0.0724 0.0035 0.0001
 0.4001 0.4547 0.1325 0.0127 0
 0.49795 0.308269 0.164784 0.0264974 0.00249975
 0.9179 0.0499 0.0305 0.0017 0
 0.2467 0.6533 0.0926 0.0074 0
 0.9418 0.0223 0.034 0.0019 0
 0.707729 0.231977 0.0356964 0.0245975 0
 0.517169 0.277429 0.184464 0.0207286 0.00020938
 0.811772 0.124168 0.05621 0.00726502 0.000585176
 0.764997 0.148141 0.077277 0.00933861 0.000247198
 0.163321 0.427699 0.378323 0.0303852 0.000271297
 0.753843 0.0900009 0.118128 0.0371064 0.000921714
 0.721811 0.176058 0.0630433 0.0369309 0.00215725
 0.143369 0.312575 0.442814 0.0836902 0.0175525
 0.692698 0.0596174 0.167031 0.0765114 0.00414204
 0.394062 0.376323 0.152708 0.0712218 0.00568511
 0.125707 0.32114 0.495352 0.0537591 0.00404204
 0.23352 0.215282 0.420074 0.123614 0.00750983
 0.796117 0.104755 0.0508955 0.0450114 0.00322123
pf_pred 
 0.491261 0.138892 0.346126 0.0237202 8.73265e-07
 0.434547 0.328664 0.0646463 0.161102 0.0110408
 0.59 0.21835 0.111394 0.0219107 0.0583447
 0.739845 0.177065 0.0442507 0.0225752 0.0162645
 0.665988 0.271681 0.0424235 0.0106022 0.00930572
 0.757375 0.179699 0.0511838 0.00799244 0.00375058
 0.470618 0.434706 0.070121 0.0199727 0.0045823
 0.471258 0.310403 0.179291 0.0289208 0.0101275
 0.552514 0.249947 0.115967 0.0669833 0.0145885
 0.73467 0.17332 0.0513926 0.0238445 0.0167723
 0.851597 0.120936 0.0179421 0.00532016 0.00420466
 0.757762 0.215836 0.0215159 0.00319209 0.00169457
 0.619272 0.315249 0.0583426 0.00581595 0.00132091
 0.60925 0.279581 0.0920502 0.0170356 0.00208391
 0.87443 0.0929447 0.0233436 0.00768574 0.00159638
 0.933963 0.0605621 0.00405215 0.00101772 0.000404677
 0.384617 0.58847 0.0246816 0.00165142 0.000579686
 0.903371 0.0465737 0.0478667 0.00200762 0.00018148
 0.630389 0.344909 0.0119058 0.0122364 0.00055961
 0.676113 0.234702 0.0832243 0.0028728 0.00308759
 0.735538 0.20101 0.0459799 0.0163042 0.00116768
 0.745282 0.205035 0.0377623 0.00863793 0.00328233
 0.31188 0.561345 0.102047 0.0187946 0.0059328
 0.746521 0.101033 0.124361 0.0226076 0.00547812
 0.644589 0.288173 0.0268002 0.0329883 0.00745012
 0.430056 0.413269 0.127034 0.0118143 0.0178263
 0.741135 0.134827 0.0899403 0.0276467 0.00645073
 0.69806 0.243431 0.0304738 0.0203284 0.00770674
 0.372648 0.482468 0.116809 0.0146226 0.0134525
 0.462263 0.247408 0.223279 0.0540573 0.0129927
 0.818191 0.101027 0.037167 0.0335421 0.0100726
pobs_RECLAS
 0 0 0 0 0
 0 0 0 0 0
 0 0 0 0 0
 0 0 0 0 0
 0 0 0 0 0
 0 0 0 0 0
 0 0 0 0 0
 0 0 0 0 0
 0 0 0 0 0
 0 0 0 0 0
 0.991045 0.00858322 0.000360255 1.14367e-05 0
 0.934742 0.0480273 0.0164251 0.00080598 0
 0.827803 0.169806 0.00239088 0 0
 0.941827 0.0461693 0.0120037 0 0
 0.791401 0.0380133 0.147996 0.0225897 0
 0.846168 0.0940531 0.0597789 0 0
 0.134021 0.677848 0.182769 0.00536245 0
 0.80878 0.0450904 0.141981 0.00414843 0
 0.846168 0.0940531 0.0597789 0 0
 0.905697 0.0802665 0.012482 0.00150086 5.37128e-05
 0.989698 0.0102097 9.19794e-05 0 0
 0.975433 0.0193895 0.00387452 0.00125025 5.28907e-05
 0.303575 0.632131 0.0575291 0.00676475 0
 0.966965 0.00978017 0.0227588 0.000495775 0
 0.843318 0.132988 0.00938335 0.0141283 0.000182051
 0.564624 0.303363 0.111486 0.0197234 0.00080311
 0.826376 0.0876187 0.0782897 0.00655872 0.00115652
 0.89761 0.0855135 0.0140674 0.00269457 0.000114338
 0.34875 0.467042 0.161289 0.0227151 0.000203297
 0.318654 0.224769 0.449479 0.00709798 0
 0.937255 0.0296025 0.0250945 0.00804832 0
ppred_RECLAS
 0.574059 0.116287 0.289794 0.0198597 7.3114e-07
 0.519024 0.279562 0.0549883 0.137034 0.00939137
 0.668894 0.176334 0.0899597 0.0176946 0.0471178
 0.800928 0.135491 0.0338608 0.0172746 0.0124457
 0.735525 0.21512 0.0335914 0.00839491 0.00736838
 0.813992 0.137765 0.0392398 0.00612737 0.00287536
 0.559736 0.361526 0.0583166 0.0166104 0.0038109
 0.553824 0.261932 0.151293 0.0244046 0.00854601
 0.635686 0.20349 0.0944129 0.0545335 0.011877
 0.798137 0.131862 0.0390995 0.0181409 0.0127604
 0.888845 0.0905823 0.0134388 0.00398484 0.00314932
 0.815837 0.16409 0.0163576 0.0024268 0.0012883
 0.697522 0.250457 0.0463515 0.00462061 0.00104943
 0.699055 0.215325 0.0708946 0.0131203 0.00160497
 0.908602 0.0676506 0.0169909 0.00559414 0.00116194
 0.952496 0.0435657 0.00291493 0.000732103 0.000291106
 0.467631 0.509087 0.0213521 0.00142865 0.000501488
 0.92932 0.0340665 0.0350123 0.00146848 0.000132744
 0.70733 0.273111 0.00942743 0.00968917 0.000443118
 0.746604 0.183621 0.0651112 0.00224756 0.0024156
 0.796173 0.154923 0.0354378 0.0125661 0.000899961
 0.804959 0.156998 0.0289151 0.00661417 0.00251332
 0.388243 0.499051 0.090723 0.0167089 0.00527442
 0.804686 0.077849 0.095824 0.0174199 0.00422108
 0.717263 0.229248 0.0213201 0.0262429 0.00592673
 0.513039 0.353097 0.108538 0.0100941 0.0152308
 0.800162 0.104083 0.0694319 0.0213426 0.00497981
 0.763478 0.190689 0.0238713 0.0159241 0.00603699
 0.45318 0.420534 0.101814 0.0127456 0.0117256
 0.545972 0.208895 0.188521 0.0456422 0.0109702
 0.863006 0.0761246 0.0280055 0.0252741 0.00758974
pobs_PELACES
 0 0 0 0 0
 0 0 0 0 0
 0 0 0 0 0
 0 0 0 0 0
 0 0 0 0 0
 0 0 0 0 0
 0 0 0 0 0
 0 0 0 0 0
 0 0 0 0 0
 0 0 0 0 0
 0 0 0 0 0
 0 0 0 0 0
 0 0 0 0 0
 0 0 0 0 0
 0 0 0 0 0
 0 0 0 0 0
 0.505614 0.472636 0.0217494 0 0
 0 0 0 0 0
 0.443492 0.261883 0.143347 0.151278 0
 0.227955 0.32914 0.350689 0.0885471 0.00366901
 0.970185 0.0296113 0.000203453 0 0
 0.997202 0.00247181 0.000326279 0 0
 0.445219 0.490057 0.0546422 0.010081 0
 0.90214 0.0892962 0.00764917 0.000914606 0
 0 0 0 0 0
 0.581667 0.319106 0.0959925 0.00289975 0.000334073
 0.762889 0.0836404 0.116647 0.0363945 0.000428098
 0.88444 0.0763242 0.0277011 0.0115352 0
 0.521256 0.241999 0.230069 0.00667565 0
 0.616807 0.101726 0.260614 0.0208532 0
 0.833518 0.0704572 0.0857862 0.0102388 0
ppred_PELACES
 0.540777 0.12274 0.314784 0.021698 7.9974e-07
 0.491216 0.29163 0.0590327 0.147969 0.0101525
 0.643462 0.18708 0.0982216 0.0194321 0.0518045
 0.786098 0.144104 0.0370623 0.019018 0.0137176
 0.711225 0.233525 0.0375275 0.00943319 0.00828928
 0.796876 0.149269 0.0437547 0.00687216 0.0032286
 0.543686 0.372657 0.0618629 0.0177231 0.00407089
 0.520792 0.277853 0.165164 0.0267971 0.00939468
 0.613054 0.21315 0.101775 0.0591282 0.0128926
 0.786089 0.138199 0.0421722 0.0196804 0.0138593
 0.875948 0.100508 0.0153457 0.00457678 0.00362133
 0.803271 0.174709 0.0179234 0.00267459 0.00142149
 0.680154 0.263487 0.0501834 0.00503171 0.00114412
 0.69758 0.214539 0.072693 0.0135315 0.00165718
 0.902566 0.0715443 0.0184921 0.00612387 0.00127344
 0.948815 0.0468226 0.0032241 0.000814466 0.000324231
 0.443707 0.531275 0.0229317 0.00154327 0.00054235
 0.921846 0.037104 0.0392448 0.00165559 0.000149831
 0.690689 0.288019 0.0102316 0.0105769 0.000484276
 0.728526 0.195133 0.0712085 0.00247234 0.00266026
 0.778735 0.166944 0.0392997 0.0140166 0.00100501
 0.789994 0.16804 0.0318502 0.00732798 0.00278779
 0.362428 0.517217 0.0967641 0.0179253 0.00566494
 0.784264 0.0844514 0.106979 0.019561 0.00474536
 0.693664 0.246847 0.0236255 0.0292499 0.00661348
 0.482833 0.371893 0.117645 0.0110048 0.0166242
 0.779849 0.112994 0.0775712 0.0239833 0.00560245
 0.741355 0.207234 0.0266981 0.0179134 0.00679905
 0.423212 0.440489 0.109752 0.0138192 0.012728
 0.515189 0.219436 0.203803 0.0496293 0.0119423
 0.848232 0.0831336 0.0314748 0.0285705 0.00858957
pobs_pel_tallas
 0 0 0 0 0 0 0 0 0 0 0 0 0 0 0 0 0 0 0 0 0 0 0 0 0 0
 0 0 0 0 0 0 0 0 0 0 0 0 0 0 0 0 0 0 0 0 0 0 0 0 0 0
 0 0 0 0 0 0 0 0 0 0 0 0 0 0 0 0 0 0 0 0 0 0 0 0 0 0
 0 0 0 0 0 0 0 0 0 0 0 0 0 0 0 0 0 0 0 0 0 0 0 0 0 0
 0 0 0 0 0 0 0 0 0 0 0 0 0 0 0 0 0 0 0 0 0 0 0 0 0 0
 0 0 0 0 0 0 0 0 0 0 0 0 0 0 0 0 0 0 0 0 0 0 0 0 0 0
 0 0 0 0 0 0 0 0 0 0 0 0 0 0 0 0 0 0 0 0 0 0 0 0 0 0
 0 0 0 0 0 0 0 0 0 0 0 0 0 0 0 0 0 0 0 0 0 0 0 0 0 0
 0 0 0 0 0 0 0 0 0 0 0 0 0 0 0 0 0 0 0 0 0 0 0 0 0 0
 0 0 0 0 0 0 0 0 0 0 0 0 0 0 0 0 0 0 0 0 0 0 0 0 0 0
 0 0 0 0 0 0 0 0 0 0 0 0 0 0 0 0 0 0 0 0 0 0 0 0 0 0
 0 0 0 0 0 0 0 0 0 0 0 0 0 0 0 0 0 0 0 0 0 0 0 0 0 0
 0.00862536 0 0 0.000197151 0.00414017 0.0128641 0.00837892 0.0270097 0.101434 0.158115 0.152841 0.127902 0.109271 0.109419 0.0830992 0.0579132 0.0238553 0.00714673 0.00463305 0.00128148 0.00103504 0.000492878 0.000147863 0.000147863 4.92878e-05 0
 0 0 0 0 0 0 0 0 0 0 0 0 0 0 0 0 0 0 0 0 0 0 0 0 0 0
 0 0 0 0 0 0 0 0.0054083 0.00873648 0.0413646 0.0450493 0.0745869 0.0622846 0.0627006 0.0613931 0.0827291 0.12552 0.122667 0.0946155 0.0697135 0.0546179 0.0294188 0.0215738 0.0213955 0.0102223 0.00600262
 0 0 0 0 0.00359764 0.0251062 0.0480494 0.140153 0.205849 0.193036 0.1447 0.116669 0.0760912 0.0342217 0.00950174 0.001854 0.000860785 0 0 0 0.000165536 0 0.000143464 0 0 0
 0 0 0 0 0 0 0 0.000145254 0.000435761 0.0275982 0.070085 0.0708112 0.156366 0.174668 0.174014 0.160142 0.0824315 0.0480064 0.0283245 0.00493863 0.00203355 0 0 0 0 0
 0 0 0 0 0 0 0 0 0 0 0 0 0 0 0 0 0 0 0 0 0 0 0 0 0 0
 0 0 1.00437e-05 0.000401748 0.00122533 0.00171747 0.00176769 0.0269171 0.070346 0.194647 0.189555 0.159765 0.064822 0.0314167 0.0384472 0.0292271 0.0345202 0.0313363 0.0194345 0.0106764 0.0143323 0.0359363 0.0279516 0.0138201 0.00172751 0
 0 0.0021121 0.0136068 0.0755702 0.200478 0.177729 0.0527432 0.0373336 0.0318909 0.0142505 0.0149659 0.0166563 0.0217959 0.0798694 0.0677717 0.0528807 0.04013 0.0224614 0.0357745 0.0225083 0.00881397 0.00855152 0.00135912 0.000746735 0 0
 0 0 0 0 5.4009e-05 0.00500934 0.000945158 0.0243581 0.138947 0.33067 0.221406 0.137944 0.0707744 0.0437923 0.0131692 0.00525238 0.0047753 0.00276346 9.45158e-05 9.00151e-06 2.25038e-05 9.00151e-06 4.50075e-06 0 0 0
 0.000866109 0.00284123 0.00948549 0.0512746 0.133035 0.25785 0.225252 0.132002 0.0553304 0.0519788 0.0540692 0.017754 0.00435017 0.00159236 0.00146478 0.000404838 0.000125132 0.000115318 0.000107957 0.000100596 0 0 0 0 0 0
 0 0 0 0 0.00144013 0.00171154 0.00461396 0.0210425 0.0478622 0.0707936 0.0888783 0.103762 0.0637923 0.0337046 0.0602308 0.124433 0.169614 0.0934646 0.0462172 0.0250306 0.0313229 0.00938855 0.002487 0.000210481 0 0
 0 0.00764035 0.051015 0.0998891 0.058973 0.0496711 0.0374665 0.0718981 0.12319 0.153886 0.159021 0.0857701 0.0377988 0.023471 0.0147837 0.00900784 0.00315554 0.000888139 0.00291439 0.00214683 0.00393193 0.00274676 0.000635225 9.99891e-05 0 0
 0 0 0 0 0 0 0 0 0 0 0 0 0 0 0 0 0 0 0 0 0 0 0 0 0 0
 0 0 0 0 0 0 0 0 0 0 0 0 0 0 0 0 0 0 0 0 0 0 0 0 0 0
 0 0 0 0 0 0 0 0 0 0 0 0 0 0 0 0 0 0 0 0 0 0 0 0 0 0
 0 0 0 0 0 0 0 0 0 0 0 0 0 0 0 0 0 0 0 0 0 0 0 0 0 0
 0 0 0 0 0 0 0 0 0 0 0 0 0 0 0 0 0 0 0 0 0 0 0 0 0 0
 0 0 0 0 0 0 0 0 0 0 0 0 0 0 0 0 0 0 0 0 0 0 0 0 0 0
 0 0 0 0 0 0 0 0 0 0 0 0 0 0 0 0 0 0 0 0 0 0 0 0 0 0
ppred_pel_tallas
 1.11292e-16 4.45431e-05 0.000432975 0.00287727 0.0130797 0.0406957 0.086707 0.126554 0.126566 0.0867673 0.0408995 0.0136742 0.00439199 0.00381334 0.00668005 0.0115339 0.0179138 0.025234 0.0328254 0.0402189 0.0471349 0.0531153 0.057211 0.0581783 0.0551551 0.0482956
 1.18336e-16 4.04609e-05 0.000393294 0.00261358 0.011881 0.0369662 0.0787615 0.114961 0.114989 0.0788993 0.0374291 0.0132189 0.00597667 0.00775085 0.0140632 0.0233228 0.0339394 0.0434674 0.0495062 0.0511182 0.0494415 0.0468784 0.0454741 0.0457374 0.046641 0.0465299
 1.13598e-16 5.30011e-05 0.00051519 0.00342362 0.0155633 0.0484233 0.103172 0.150586 0.150604 0.10326 0.0487217 0.016427 0.00559798 0.0052829 0.00917041 0.0152431 0.0223502 0.0289582 0.0335497 0.0354708 0.0352987 0.0343491 0.0337264 0.0336813 0.0336721 0.0329005
 1.05336e-16 6.47499e-05 0.000629392 0.00418253 0.0190132 0.0591572 0.126041 0.183964 0.183977 0.126109 0.0593857 0.0196738 0.0058426 0.00425917 0.0069759 0.0114773 0.0166412 0.0211755 0.0238167 0.0240073 0.022224 0.0196267 0.0173115 0.0157553 0.0147813 0.0139078
 1.03492e-16 5.85827e-05 0.000569445 0.00378416 0.0172023 0.0535227 0.114037 0.166445 0.166467 0.114147 0.0538922 0.0182695 0.00646358 0.00642017 0.0111748 0.0183938 0.0265212 0.0334162 0.036938 0.0361045 0.0316716 0.0256049 0.019885 0.0155771 0.0127053 0.0107301
 1.02537e-16 6.56376e-05 0.000638021 0.00423988 0.0192739 0.0599682 0.127769 0.186486 0.1865 0.12784 0.060205 0.0199583 0.00595956 0.00439786 0.00722311 0.0118813 0.0172116 0.0218577 0.0244766 0.0244389 0.0221777 0.0188462 0.0155777 0.0129394 0.0109016 0.00916663
 1.04347e-16 4.47828e-05 0.000435305 0.00289275 0.0131501 0.0409149 0.0871749 0.127242 0.127278 0.0873504 0.0415045 0.0148533 0.00716899 0.00977305 0.0177868 0.0293552 0.0423321 0.0533377 0.0589513 0.0575907 0.0504392 0.0406068 0.0312345 0.0240243 0.0190483 0.0155106
 1.09115e-16 4.2897e-05 0.000416974 0.00277094 0.0125963 0.0391919 0.0835035 0.121882 0.121909 0.0836355 0.0396355 0.0138801 0.00600331 0.00750565 0.0136006 0.0226649 0.033225 0.0429932 0.0496288 0.0520042 0.05076 0.0476287 0.0441316 0.0407475 0.0370732 0.0325697
 1.11104e-16 5.04965e-05 0.000490844 0.00326183 0.0148278 0.046135 0.0982962 0.14347 0.143491 0.0983973 0.0464748 0.0158111 0.00573651 0.00591529 0.0104185 0.0173195 0.0253627 0.032791 0.0378524 0.0397746 0.039185 0.0375511 0.0361057 0.0351316 0.0340578 0.0320916
 1.05572e-16 6.47491e-05 0.000629384 0.00418248 0.019013 0.0591565 0.12604 0.183961 0.183975 0.126105 0.0593759 0.0196473 0.00577706 0.00411773 0.00671176 0.0110523 0.0160563 0.020497 0.0231763 0.0235645 0.0221074 0.0198853 0.017902 0.0165661 0.015675 0.0147617
 1.01541e-16 7.21507e-05 0.00070133 0.00466059 0.0211864 0.0659187 0.140447 0.204989 0.204998 0.140494 0.0660777 0.0216456 0.00581356 0.0032188 0.00485483 0.00791605 0.0114068 0.0143675 0.0158737 0.0155038 0.013586 0.0109705 0.00851371 0.00667577 0.00546493 0.00464333
 1.01071e-16 6.61644e-05 0.000643142 0.00427391 0.0194286 0.0604496 0.128795 0.187983 0.188 0.128877 0.0607256 0.0202257 0.00627419 0.00500787 0.00834989 0.0136843 0.0196707 0.0246606 0.0270198 0.0259928 0.0221497 0.0170031 0.0121132 0.00837507 0.00589744 0.00433336
 1.02214e-16 5.60234e-05 0.000544568 0.00361884 0.0164508 0.0511846 0.109055 0.159174 0.1592 0.109179 0.0516016 0.0176555 0.00664386 0.00715097 0.0126107 0.0207797 0.0299745 0.0377857 0.0417857 0.0408367 0.0357434 0.0286687 0.02181 0.0163799 0.0124801 0.00962985
 1.03791e-16 5.74587e-05 0.000558519 0.00371156 0.0168722 0.0524959 0.111849 0.163251 0.163272 0.11195 0.0528365 0.017857 0.00618687 0.00597295 0.0103721 0.0171387 0.0248756 0.0316823 0.035647 0.035867 0.03294 0.0284691 0.0240091 0.0203071 0.0172862 0.0145354
 1.01382e-16 7.43432e-05 0.000722642 0.00480221 0.0218302 0.0679218 0.144715 0.211217 0.211224 0.144749 0.0680352 0.022158 0.00562582 0.00252295 0.00350046 0.00568774 0.00822965 0.0104408 0.0116762 0.0116391 0.0105469 0.00896444 0.00744415 0.00625757 0.00537745 0.00463826
 1.00242e-16 7.81526e-05 0.000759671 0.00504828 0.0229488 0.0714021 0.15213 0.222039 0.222044 0.152152 0.0714761 0.0231622 0.00558381 0.00192784 0.00229409 0.00366199 0.00525141 0.00656946 0.00717233 0.00685726 0.00578081 0.00435621 0.00301173 0.00199618 0.00134245 0.000954549
 1.01045e-16 3.65477e-05 0.000355257 0.00236081 0.0107319 0.0333913 0.0711455 0.10385 0.103901 0.0713953 0.0342296 0.0131521 0.00843145 0.0135933 0.0251359 0.0413863 0.0593545 0.0740892 0.0805662 0.0764634 0.063569 0.0466338 0.0306274 0.0185045 0.0107528 0.0063434
 1.01334e-16 7.59312e-05 0.000738079 0.00490479 0.0222965 0.0693726 0.147806 0.215728 0.215731 0.147824 0.0694324 0.0224698 0.00534232 0.0017015 0.00192987 0.00313318 0.00465185 0.0061516 0.00733542 0.0080472 0.00832616 0.00831503 0.00810847 0.00768394 0.00696398 0.00593103
 1.01512e-16 5.68912e-05 0.000553002 0.0036749 0.0167056 0.0519774 0.110744 0.16164 0.161668 0.11088 0.0524318 0.0180176 0.00696609 0.00773024 0.013666 0.0224458 0.0321964 0.0402131 0.0437851 0.0416744 0.0348718 0.0259651 0.017638 0.0114509 0.00759945 0.00544826
 1.02804e-16 6.00078e-05 0.000583297 0.00387621 0.0176207 0.0548247 0.11681 0.170492 0.170511 0.116903 0.0551346 0.0185168 0.00612859 0.00551057 0.00944785 0.015602 0.022649 0.0288516 0.0324613 0.0326396 0.0299046 0.0256903 0.0214025 0.0177414 0.0146905 0.0119474
 1.02753e-16 6.41434e-05 0.000623497 0.00414336 0.0188351 0.0586031 0.124861 0.182241 0.182257 0.124939 0.0588676 0.0195996 0.00606368 0.00482006 0.00804737 0.0132372 0.0191444 0.0242477 0.027039 0.0268212 0.0241051 0.0202245 0.0164946 0.0135791 0.0114394 0.00970176
 1.02169e-16 6.50708e-05 0.000632511 0.00420326 0.0191074 0.0594504 0.126666 0.184876 0.184892 0.126745 0.0597164 0.0198759 0.00613292 0.00484714 0.00807579 0.0132646 0.0191409 0.0241521 0.026759 0.0262492 0.0231483 0.0188403 0.0147173 0.0115243 0.00928234 0.00763589
 1.05681e-16 2.98528e-05 0.00029018 0.00192835 0.00876604 0.0272747 0.0581134 0.0848287 0.0848786 0.0583572 0.0280933 0.0111311 0.00786669 0.0132594 0.0246779 0.0407945 0.0588655 0.0742367 0.0821657 0.0804439 0.0706765 0.0571252 0.0440941 0.0339187 0.0267205 0.0214633
 1.05874e-16 6.45988e-05 0.000627923 0.00417277 0.0189688 0.0590191 0.125747 0.183533 0.183541 0.125787 0.0591558 0.0193658 0.00517662 0.00284401 0.00434579 0.00727171 0.0109118 0.0146491 0.0178768 0.0202847 0.0219574 0.0231401 0.0238913 0.0239557 0.0229632 0.0207495
 1.04798e-16 5.71363e-05 0.000555385 0.00369073 0.0167775 0.0522012 0.111221 0.162336 0.162359 0.111337 0.0525914 0.0179044 0.00651896 0.00672861 0.0117793 0.0193797 0.0279081 0.0350999 0.038701 0.0377082 0.0329843 0.0266853 0.0209612 0.0169324 0.014535 0.0130471
 1.07407e-16 3.97704e-05 0.000386582 0.00256898 0.0116782 0.0363355 0.0774179 0.113001 0.113037 0.0775936 0.0369257 0.0133843 0.00685643 0.00976249 0.0178943 0.0296452 0.0429932 0.0546748 0.0613672 0.0615101 0.0561731 0.0482014 0.0403771 0.0340699 0.0291739 0.0249321
 1.05621e-16 6.42352e-05 0.000624389 0.00414928 0.018862 0.0586869 0.125039 0.1825 0.182511 0.125093 0.0588677 0.0193857 0.00546881 0.00352177 0.00561657 0.00931424 0.0137185 0.0178993 0.0209449 0.0224289 0.0226132 0.0221542 0.0215685 0.0209123 0.0198841 0.0181707
 1.03771e-16 6.10645e-05 0.000593568 0.00394447 0.017931 0.0557901 0.118868 0.173495 0.173515 0.118965 0.0561179 0.0188776 0.00632074 0.00578148 0.00991561 0.0163014 0.0234924 0.0295817 0.0326761 0.0319226 0.0280217 0.0227505 0.0178859 0.0143609 0.012146 0.0106851
 1.0682e-16 3.48595e-05 0.000338847 0.00225176 0.0102362 0.0318488 0.0678589 0.0990509 0.0990934 0.0680667 0.0325469 0.0122535 0.00731919 0.011413 0.0211015 0.0349208 0.0505131 0.0639629 0.0712816 0.0706048 0.063253 0.0527323 0.0425313 0.0344628 0.0285183 0.0238043
 1.12936e-16 4.24355e-05 0.000412488 0.00274113 0.0124608 0.0387703 0.0826049 0.120569 0.12059 0.0827098 0.0391232 0.0134838 0.00532295 0.00609458 0.010969 0.0184212 0.0273634 0.0361565 0.0431201 0.0474393 0.0495054 0.0503281 0.0505515 0.0499542 0.0477807 0.0434854
 1.05249e-16 6.98677e-05 0.000679139 0.00451312 0.020516 0.0638329 0.136003 0.198502 0.19851 0.136042 0.0639652 0.0208988 0.00547608 0.00278858 0.004098 0.00672328 0.00982137 0.012663 0.014566 0.0152481 0.0149912 0.0144161 0.0140435 0.0139905 0.0139913 0.0136503
pSPR Fmed_Fpbrs
0.556559   0.6 0.325
Fs Fmed_Fpbrs
0.34   0.292131 0.720649
SSBpbr Bo_Bmed_Bpbrs
1.34835e+06  683019  741593 370796
Ro
136488
SPR SPRFo_SPRFmed_SPRFpbrs
974207 542203 316617
Fref
0.292131
Nvult_r0
 166104 15791.1 5809.4 5242.81 1574.4
CTP_r0
 28884.4 3570.13 1313.41 1185.32 355.948
YTP_r0
380145
Np
 187505 55885.8 19240.9 1627.17 763.051
Nvult_p0
 131620 40534.8 13955.7 1180.21 553.452
CTP_p0
 22887.8 11486.5 971.395 357.366 410.265
 22887.8 9164.29 3155.17 266.827 125.127
YTP_p0
 422050 421204
CBA_c0
392716
log_Ro
11.644
likeval ReclasPelacesDesembMPH_pf_preclas_ppelaces_ptallas_desvR_qrecl_qpela
 12.1218 16.988 0.0309279 23.4089 217.443 118.971 102.887 0 23.1367 5.1047e-06 2.17375e-05 0.145179 7.44005e-16 0 0
q_reclas_q_pelaces
1.37647 1.93355
M
1
N
 168618 35177.2 87663.6 6007.64 0.221173
 93716.2 53295 10482.8 26123.8 1790.34
 93700.3 26056.3 13293 2614.66 6962.43
 142809 26172.3 6540.78 3336.88 2404.09
 115764 34765.8 5428.74 1356.71 1190.81
 209221 37152.8 10582.3 1652.44 775.434
 83179.8 60075.6 9690.6 2760.19 633.266
 35672.1 17197.9 9933.59 1602.35 561.112
 34397.9 11887.3 5515.3 3185.67 693.818
 46344.3 8526.36 2528.22 1173.01 825.103
 93957.1 9788.8 1452.26 430.623 340.332
 141121 30847.4 3075.06 456.216 242.189
 86307.2 33797 6254.75 623.513 141.612
 53743.3 20302.5 6684.47 1237.08 151.328
 83287.9 6900.71 1733.15 570.63 118.524
 354005 17657.3 1181.43 296.723 117.986
 72235.4 83298.2 3493.69 233.759 82.0548
 507314 19749 20297.3 851.31 76.9546
 325570 136881 4724.97 4856.15 222.088
 291947 77200.1 27374.8 944.943 1015.59
 359473 73901.3 16904.5 5994.26 429.299
 475953 99593.6 18342.7 4195.78 1594.36
 90755 121824 22146.4 4078.82 1287.54
 265308 26700.4 32865.5 5974.65 1447.73
 239603 79626.3 7405.29 9115.14 2058.57
 101516 72084.9 22158.1 2060.72 3109.38
 235191 31789 21205.8 6518.42 1520.93
 275545 70997.7 8887.8 5928.87 2247.7
 90476 86329.9 20901.1 2616.49 2407.11
 72452.6 28830.3 26018.5 6299.26 1514.03
 236632 21771.4 8009.48 7228.32 2170.64
pred_Ctot
 15198.3 4296.95 10708.2 733.843 0.0270166
 14801.1 11194.6 2201.92 5487.31 376.063
 14581.5 5396.36 2753.04 541.507 1441.95
 31573 7556.25 1888.4 963.397 694.09
 9442.36 3851.89 601.479 150.317 131.936
 29617.6 7027.22 2001.57 312.549 146.668
 24121.1 22280.4 3593.99 1023.68 234.861
 2140.67 1409.99 814.419 131.371 46.0036
 7323.39 3312.96 1537.11 887.842 193.366
 13045 3077.52 912.54 423.389 297.814
 6447.36 915.599 135.838 40.2785 31.8331
 32232.7 9180.94 915.213 135.781 72.0812
 20395.2 10382.5 1921.46 191.544 43.5031
 24021.4 11023.3 3629.34 671.676 82.1641
 23319.8 2478.71 622.542 204.968 42.5734
 83610.5 5421.66 362.758 91.1087 36.2276
 12013.4 18380.7 770.921 51.5815 18.1063
 87663.2 4519.52 4644.99 194.82 17.6109
 75792.1 41468.7 1431.45 1471.19 67.2823
 59333 20596.6 7303.44 252.106 270.955
 57408.9 15688.8 3588.74 1272.55 91.1378
 94264.7 25933.2 4776.25 1092.54 415.155
 11700.3 21059 3828.34 705.085 222.571
 31403.2 4250.04 5231.35 951.014 230.443
 28051.8 12541 1166.32 1435.61 324.221
 9674.31 9296.67 2857.7 265.767 401.012
 27108.5 4931.57 3289.75 1011.23 235.949
 26179.5 9129.43 1142.86 762.38 289.027
 7743.4 10025.4 2427.22 303.85 279.535
 8528.88 4564.75 4119.55 997.371 239.719
 29741.3 3672.36 1351.02 1219.26 366.14
F
 0.151794 0.210661 0.210661 0.210661 0.210661
 0.280012 0.388604 0.388604 0.388604 0.388604
 0.2754 0.382202 0.382202 0.382202 0.382202
 0.412877 0.572994 0.572994 0.572994 0.572994
 0.136512 0.189453 0.189453 0.189453 0.189453
 0.247788 0.343882 0.343882 0.343882 0.343882
 0.57622 0.799683 0.799683 0.799683 0.799683
 0.0989026 0.137258 0.137258 0.137258 0.137258
 0.394832 0.547951 0.547951 0.547951 0.547951
 0.554859 0.770038 0.770038 0.770038 0.770038
 0.113786 0.157913 0.157913 0.157913 0.157913
 0.429246 0.595711 0.595711 0.595711 0.595711
 0.44717 0.620586 0.620586 0.620586 0.620586
 1.05259 1.4608 1.4608 1.4608 1.4608
 0.551156 0.764899 0.764899 0.764899 0.764899
 0.446885 0.62019 0.62019 0.62019 0.62019
 0.296825 0.411936 0.411936 0.411936 0.411936
 0.310016 0.430243 0.430243 0.430243 0.430243
 0.439177 0.609493 0.609493 0.609493 0.609493
 0.37384 0.518819 0.518819 0.518819 0.518819
 0.283542 0.393502 0.393502 0.393502 0.393502
 0.362745 0.503421 0.503421 0.503421 0.503421
 0.223483 0.310152 0.310152 0.310152 0.310152
 0.203548 0.282486 0.282486 0.282486 0.282486
 0.201137 0.27914 0.27914 0.27914 0.27914
 0.161097 0.223572 0.223572 0.223572 0.223572
 0.19775 0.27444 0.27444 0.27444 0.27444
 0.160575 0.222847 0.222847 0.222847 0.222847
 0.143656 0.199368 0.199368 0.199368 0.199368
 0.202335 0.280802 0.280802 0.280802 0.280802
 0.217338 0.301624 0.301624 0.301624 0.301624
YTP_r0W_actual
 239741 50338.8 36250.2 40537.9 13276.9
YTP_p0W_proyectada
 172574 200439 23381.5 11192.7 14461.8
 172574 159917 75944.8 8357.04 4410.73
CTP_r0_actual
 28884.4 3570.13 1313.41 1185.32 355.948
CTP_p0_proyectada
 22887.8 11486.5 971.395 357.366 410.265
 22887.8 9164.29 3155.17 266.827 125.127
Wmedp
 7.54 17.45 24.07 31.32 35.25
Frms_r0
 0.210498 0.292131 0.292131 0.292131 0.292131
Zrms_r0
 1.2105 1.29213 1.29213 1.29213 1.29213
nmprior
 7.29 8.9 8.7 0
nm_flota  nm_reclas  nm_pelaces    nm_pelaL
inf 12.5928 17.1889 40.3481
cv_recla  cv_pelaces  cv_mph
0.314927 0.467351 0.670948
 ------------------------------------------------
Talla a la edad & desviaci?n 
 8 13.2811 15.8009 17.003 17.5766
 0.8 1.32811 1.58009 1.7003 1.75766
