years
 1991 1992 1993 1994 1995 1996 1997 1998 1999 2000 2001 2002 2003 2004 2005 2006 2007 2008 2009 2010 2011 2012 2013 2014 2015 2016 2017 2018 2019
reclasobs
 0 0 0 0 0 0 0 0 0 252601 567819 844713 477998 351125 339783 2.1784e+06 2.13404e+06 4.81314e+06 1.55562e+06 2.62356e+06 3.21686e+06 3.843e+06 1.13348e+06 3.07943e+06 1.97215e+06 2.03268e+06 2.025e+06 2.42433e+06 2.27542e+06
reclaspred
 3.63803e+06 1.94557e+06 969794 1.20087e+06 1.30913e+06 2.72495e+06 1.40352e+06 1.1199e+06 704836 338121 579189 990091 837613 337032 554124 1.5314e+06 1.06592e+06 3.08397e+06 2.47038e+06 2.03317e+06 3.35058e+06 2.58612e+06 1.52205e+06 2.62153e+06 1.89405e+06 1.60272e+06 2.30118e+06 2.30497e+06 1.57555e+06
pelacesobs
 0 0 0 0 0 0 0 0 0 0 0 0 0 0 0 552880 188675 0 991730 2.46772e+06 1.41603e+06 1.21717e+06 2.29649e+06 1.80582e+06 0 1.4828e+06 1.56532e+06 1.57751e+06 1.42118e+06
pelacespred
 2.73373e+06 1.52133e+06 701028 611726 876019 1.68786e+06 934258 941230 509198 178853 332039 500687 485887 133032 254395 638369 609601 1.60573e+06 1.44858e+06 1.05783e+06 1.86604e+06 1.47445e+06 1.04754e+06 1.61918e+06 1.29351e+06 1.14063e+06 1.60544e+06 1.56065e+06 1.19503e+06
mphobs
 0 0 0 0 0 0 0 0 0 0 0 0 498337 0 5186 125008 0 168611 109162 213762 579715 649985 157893 87575 83554 210694 70296 0 107559
mphpred
 942008 645101 291806 166420 222304 309801 494022 225424 196790 91688.8 36678.9 127348 168157 89410.6 21708.6 70874.8 262011 174995 464160 310260 386285 424663 343599 219568 408644 309685 256568 359934 447477
desembarqueobs
 494567 514787 250237 358949 120608 361735 552515 73892 212993 205616 52469 317467 293654 387597 252695 516296 358380 742168 942051 627588 828172 859565 418607 520667 417249 300574 415391 372974 316634
desembarquepred
 494541 514329 250442 358939 120609 361699 552492 73897.8 213064 205684 52466.2 317429 293647 387546 252575 516104 358449 741835 941322 627102 828233 859420 418597 520663 417150 300551 415304 372880 316594
Reclutas
 149350 92990.7 83362.1 127749 96255.1 198187 72177 26560.1 25782.9 33122 58650.8 120223 77986.6 50847.9 58737.7 247993 48334.3 361408 268586 235140 247257 345952 54131 161807 151941 59912.1 151234 136393 50895.5
log_desv_Rt
 0.387462 -0.0863301 -0.195636 0.231238 -0.0518282 0.670382 -0.339709 -1.33942 -1.36912 -1.11863 -0.547228 0.170521 -0.262293 -0.689991 -0.545747 0.894569 -0.740688 1.27118 0.97434 0.84135 0.8916 1.22747 -0.627423 0.467577 0.40466 -0.525951 0.399996 0.296709 -0.689055
SSB
 942008 645101 291806 166420 222304 309801 494022 225424 196790 91688.8 36678.9 127348 158379 86244.7 20704.7 68036.9 262011 174995 483897 322352 414070 487241 416964 249941 429305 350366 268877 359934 468858
BT
 1.53541e+06 1.11977e+06 517522 620813 513407 1.26037e+06 871829 520008 450323 287502 250416 546565 522142 473887 423782 838324 554569 1.71355e+06 1.66896e+06 1.07256e+06 1.75825e+06 1.532e+06 828591 1.48889e+06 983914 807934 1.38873e+06 1.18043e+06 754070
Ftot
 0.391788 0.724623 0.718282 0.879118 0.278643 0.412243 1.03515 0.196783 0.852552 1.57581 0.297004 0.94624 0.996726 2.60506 1.36737 1.04324 0.922896 0.756436 1.08208 0.911641 0.736501 0.963778 0.759334 0.619562 0.644076 0.542785 0.562042 0.499822 0.555835
BD_Bspro_t
 0.939238 0.624276 0.360373 0.26691 0.301877 0.425438 0.474817 0.264886 0.305453 0.203132 0.122831 0.410672 0.32252 0.174913 0.0503886 0.147944 0.287691 0.20419 0.347172 0.239627 0.244272 0.271483 0.260706 0.199274 0.329153 0.334623 0.3272 0.42357 0.468633
BD_Bspro
 1.30748 0.895384 0.40502 0.230986 0.308552 0.429996 0.68569 0.312883 0.27314 0.127262 0.0509093 0.176756 0.219827 0.119706 0.0287375 0.0944335 0.363664 0.242889 0.671636 0.447416 0.574718 0.676278 0.578736 0.346912 0.595864 0.486299 0.373195 0.49958 0.650763
BD_Bo
 1.5506 1.06188 0.480331 0.273937 0.365926 0.509951 0.813191 0.371062 0.323928 0.150925 0.0603756 0.209623 0.260702 0.141964 0.0340811 0.111993 0.431286 0.288053 0.796523 0.53061 0.681584 0.802028 0.686349 0.411419 0.706661 0.576723 0.442588 0.592474 0.771768
BD_Brms
 9.20527 6.30391 2.85152 1.62625 2.17235 3.02736 4.82757 2.20284 1.92303 0.89598 0.358425 1.24444 1.54768 0.842781 0.202325 0.664855 2.56036 1.71005 4.72862 3.15001 4.04628 4.7613 4.07456 2.44242 4.19515 3.42376 2.62746 3.51727 4.58166
Sel_flota
 0.767011 1 1 1 1
 0.767011 1 1 1 1
 0.767011 1 1 1 1
 0.767011 1 1 1 1
 0.767011 1 1 1 1
 0.767011 1 1 1 1
 0.767011 1 1 1 1
 0.767011 1 1 1 1
 0.767011 1 1 1 1
 0.767011 1 1 1 1
 0.767011 1 1 1 1
 0.767011 1 1 1 1
 0.767011 1 1 1 1
 0.767011 1 1 1 1
 0.767011 1 1 1 1
 0.767011 1 1 1 1
 0.767011 1 1 1 1
 0.767011 1 1 1 1
 0.767011 1 1 1 1
 0.767011 1 1 1 1
 0.767011 1 1 1 1
 0.767011 1 1 1 1
 0.767011 1 1 1 1
 0.767011 1 1 1 1
 0.767011 1 1 1 1
 0.767011 1 1 1 1
 0.767011 1 1 1 1
 0.767011 1 1 1 1
 0.767011 1 1 1 1
Sel_reclas
 0.954708 1 1 1 1
 0.954708 1 1 1 1
 0.954708 1 1 1 1
 0.954708 1 1 1 1
 0.954708 1 1 1 1
 0.954708 1 1 1 1
 0.954708 1 1 1 1
 0.954708 1 1 1 1
 0.954708 1 1 1 1
 0.954708 1 1 1 1
 0.954708 1 1 1 1
 0.954708 1 1 1 1
 0.954708 1 1 1 1
 0.954708 1 1 1 1
 0.954708 1 1 1 1
 0.954708 1 1 1 1
 0.954708 1 1 1 1
 0.954708 1 1 1 1
 0.954708 1 1 1 1
 0.954708 1 1 1 1
 0.954708 1 1 1 1
 0.954708 1 1 1 1
 0.954708 1 1 1 1
 0.954708 1 1 1 1
 0.954708 1 1 1 1
 0.954708 1 1 1 1
 0.954708 1 1 1 1
 0.954708 1 1 1 1
 0.954708 1 1 1 1
Sel_pelaces
 0.5 1 1 1 1
 0.5 1 1 1 1
 0.5 1 1 1 1
 0.5 1 1 1 1
 0.5 1 1 1 1
 0.5 1 1 1 1
 0.5 1 1 1 1
 0.5 1 1 1 1
 0.5 1 1 1 1
 0.5 1 1 1 1
 0.5 1 1 1 1
 0.5 1 1 1 1
 0.5 1 1 1 1
 0.5 1 1 1 1
 0.5 1 1 1 1
 0.5 1 1 1 1
 0.5 1 1 1 1
 0.5 1 1 1 1
 0.5 1 1 1 1
 0.5 1 1 1 1
 0.5 1 1 1 1
 0.5 1 1 1 1
 0.5 1 1 1 1
 0.5 1 1 1 1
 0.5 1 1 1 1
 0.5 1 1 1 1
 0.5 1 1 1 1
 0.5 1 1 1 1
 0.5 1 1 1 1
pf_obs 
 0.8446 0.082 0.0669 0.0065 0
 0.8095 0.147 0.0364 0.0071 0
 0.9664 0.0169 0.016 0.0007 0
 0.9276 0.0648 0.0075 0.0001 0
 0.7033 0.2144 0.0806 0.0017 0
 0.9318 0.0425 0.0243 0.0014 0
 0.5671 0.3108 0.0964 0.0239 0.0018
 0.0768 0.2599 0.5324 0.112 0.0189
 0.490249 0.384438 0.106611 0.0170017 0.00170017
 0.7925 0.1577 0.0466 0.003 0.0002
 0.840416 0.127587 0.0312969 0.00059994 9.999e-05
 0.8084 0.0986 0.0794 0.0134 0.0002
 0.7335 0.1905 0.0724 0.0035 0.0001
 0.4001 0.4547 0.1325 0.0127 0
 0.49795 0.308269 0.164784 0.0264974 0.00249975
 0.9179 0.0499 0.0305 0.0017 0
 0.2467 0.6533 0.0926 0.0074 0
 0.9418 0.0223 0.034 0.0019 0
 0.707729 0.231977 0.0356964 0.0245975 0
 0.517169 0.277429 0.184464 0.0207286 0.00020938
 0.811772 0.124168 0.05621 0.00726502 0.000585176
 0.764997 0.148141 0.077277 0.00933861 0.000247198
 0.163321 0.427699 0.378323 0.0303852 0.000271297
 0.753843 0.0900009 0.118128 0.0371064 0.000921714
 0.721811 0.176058 0.0630433 0.0369309 0.00215725
 0.143369 0.312575 0.442814 0.0836902 0.0175525
 0.692698 0.0596174 0.167031 0.0765114 0.00414204
 0.394062 0.376323 0.152708 0.0712218 0.00568511
 0.125707 0.32114 0.495352 0.0537591 0.00404204
pf_pred 
 0.631797 0.148906 0.202256 0.0170395 8.88513e-07
 0.567368 0.304063 0.0519949 0.0706235 0.00595014
 0.694357 0.20032 0.0740229 0.0126579 0.0186415
 0.820661 0.13755 0.0273891 0.0101209 0.00427947
 0.733941 0.231961 0.0261524 0.0052075 0.00273795
 0.81323 0.147364 0.0343554 0.00387339 0.00117679
 0.492861 0.434892 0.0570037 0.0132894 0.00195352
 0.507987 0.293804 0.169972 0.0222791 0.0059575
 0.594758 0.235212 0.101533 0.0587388 0.00975801
 0.798519 0.137972 0.036862 0.015912 0.0107347
 0.91698 0.0721512 0.00744254 0.00198843 0.00143739
 0.84476 0.145546 0.00842516 0.000869072 0.000400035
 0.729889 0.240683 0.0275902 0.00159711 0.000240577
 0.733767 0.213982 0.0465583 0.00533713 0.000355486
 0.943648 0.0478322 0.00684795 0.00148998 0.000182177
 0.963468 0.0352291 0.00110621 0.000158372 3.86717e-05
 0.48795 0.499646 0.011962 0.000375611 6.69057e-05
 0.95203 0.028203 0.019288 0.000461771 1.70826e-05
 0.744881 0.246595 0.00501167 0.00342747 8.50923e-05
 0.786917 0.174259 0.0375273 0.000762686 0.000534549
 0.799139 0.170051 0.0251968 0.00542625 0.000187573
 0.825697 0.148598 0.0217618 0.0032245 0.000718415
 0.390054 0.535018 0.0638781 0.00935482 0.00169495
 0.850403 0.0721885 0.0678996 0.00810682 0.00140233
 0.747805 0.224512 0.0133586 0.0125649 0.00175968
 0.533664 0.37745 0.0791291 0.00470823 0.0050487
 0.83814 0.0999276 0.0501281 0.0105089 0.00129579
 0.726957 0.240235 0.0202549 0.0101608 0.00239277
 0.48601 0.40531 0.0956211 0.00806211 0.0049967
pobs_RECLAS
 0 0 0 0 0
 0 0 0 0 0
 0 0 0 0 0
 0 0 0 0 0
 0 0 0 0 0
 0 0 0 0 0
 0 0 0 0 0
 0 0 0 0 0
 0 0 0 0 0
 0 0 0 0 0
 0.991045 0.00858322 0.000360255 1.14367e-05 0
 0.934742 0.0480273 0.0164251 0.00080598 0
 0.827803 0.169806 0.00239088 0 0
 0.941827 0.0461693 0.0120037 0 0
 0.791401 0.0380133 0.147996 0.0225897 0
 0.846168 0.0940531 0.0597789 0 0
 0.134021 0.677848 0.182769 0.00536245 0
 0.80878 0.0450904 0.141981 0.00414843 0
 0.846168 0.0940531 0.0597789 0 0
 0.905697 0.0802665 0.012482 0.00150086 5.37128e-05
 0.989698 0.0102097 9.19794e-05 0 0
 0.975433 0.0193895 0.00387452 0.00125025 5.28907e-05
 0.303575 0.632131 0.0575291 0.00676475 0
 0.966965 0.00978017 0.0227588 0.000495775 0
 0.843318 0.132988 0.00938335 0.0141283 0.000182051
 0.564624 0.303363 0.111486 0.0197234 0.00080311
 0.826376 0.0876187 0.0782897 0.00655872 0.00115652
 0.89761 0.0855135 0.0140674 0.00269457 0.000114338
 0.34875 0.467042 0.161289 0.0227151 0.000203297
ppred_RECLAS
 0.683258 0.128095 0.173989 0.014658 7.64334e-07
 0.625305 0.263344 0.0450319 0.0611658 0.00515331
 0.742942 0.168478 0.0622564 0.0106459 0.0156783
 0.85428 0.111764 0.0222547 0.00822361 0.00347723
 0.775597 0.195644 0.0220578 0.00439218 0.00230928
 0.845618 0.12181 0.0283978 0.0032017 0.000972722
 0.556423 0.380385 0.0498592 0.0116238 0.00170868
 0.563466 0.260675 0.150806 0.019767 0.00528574
 0.652536 0.201676 0.0870565 0.050364 0.00836674
 0.840638 0.109129 0.0291561 0.0125856 0.00849062
 0.932642 0.0585395 0.00603847 0.0016133 0.00116622
 0.874895 0.117292 0.00678965 0.000700366 0.000322379
 0.776845 0.198843 0.022794 0.00131947 0.000198755
 0.798259 0.162148 0.0352801 0.00404427 0.000269373
 0.956535 0.0368932 0.00528185 0.00114922 0.000140514
 0.971473 0.0275094 0.000863808 0.000123668 3.01976e-05
 0.55022 0.438884 0.0105073 0.000329933 5.87692e-05
 0.961961 0.0223643 0.0152949 0.000366174 1.35461e-05
 0.790689 0.202318 0.0041118 0.00281205 6.98136e-05
 0.825733 0.142515 0.0306911 0.000623751 0.000437173
 0.835129 0.139581 0.0206821 0.00445398 0.000153964
 0.859017 0.120192 0.0176018 0.00260811 0.000581083
 0.449021 0.483295 0.0577026 0.00845042 0.00153109
 0.878102 0.0588222 0.0553274 0.00660577 0.00114268
 0.789963 0.186982 0.0111255 0.0104645 0.00146553
 0.591173 0.330903 0.0693709 0.00412761 0.00442609
 0.867508 0.0817962 0.0410325 0.00860212 0.00106067
 0.770594 0.201841 0.0170178 0.00853688 0.00201036
 0.544496 0.359191 0.0847406 0.00714474 0.00442814
pobs_PELACES
 0 0 0 0 0
 0 0 0 0 0
 0 0 0 0 0
 0 0 0 0 0
 0 0 0 0 0
 0 0 0 0 0
 0 0 0 0 0
 0 0 0 0 0
 0 0 0 0 0
 0 0 0 0 0
 0 0 0 0 0
 0 0 0 0 0
 0 0 0 0 0
 0 0 0 0 0
 0 0 0 0 0
 0 0 0 0 0
 0.505614 0.472636 0.0217494 0 0
 0 0 0 0 0
 0.443492 0.261883 0.143347 0.151278 0
 0.227955 0.32914 0.350689 0.0885471 0.00366901
 0.970185 0.0296113 0.000203453 0 0
 0.997202 0.00247181 0.000326279 0 0
 0.445219 0.490057 0.0546422 0.010081 0
 0.90214 0.0892962 0.00764917 0.000914606 0
 0 0 0 0 0
 0.581667 0.319106 0.0959925 0.00289975 0.000334073
 0.762889 0.0836404 0.116647 0.0363945 0.000428098
 0.88444 0.0763242 0.0277011 0.0115352 0
 0.521256 0.241999 0.230069 0.00667565 0
ppred_PELACES
 0.537954 0.186858 0.253805 0.0213823 1.11497e-06
 0.480271 0.365277 0.0624625 0.0848413 0.00714802
 0.615323 0.25212 0.093164 0.0159311 0.0234619
 0.766628 0.178992 0.0356411 0.0131702 0.00556882
 0.649039 0.305983 0.0344979 0.00686928 0.00361166
 0.74754 0.199195 0.0464388 0.00523573 0.00159069
 0.415675 0.501082 0.0656796 0.0153121 0.00225084
 0.406989 0.354115 0.204863 0.0268525 0.00718043
 0.512237 0.283109 0.122208 0.0707 0.0117451
 0.757192 0.166272 0.044423 0.0191758 0.0129365
 0.881221 0.103229 0.0106483 0.0028449 0.00205652
 0.797527 0.189829 0.0109886 0.00113349 0.000521748
 0.663116 0.300181 0.0344107 0.00199192 0.000300049
 0.716861 0.22757 0.0495148 0.00567604 0.00037806
 0.927553 0.0614931 0.00880372 0.00191551 0.000234207
 0.950798 0.0474465 0.00148984 0.000213295 5.2083e-05
 0.407508 0.578139 0.0138412 0.000434619 7.74164e-05
 0.933499 0.039098 0.026739 0.000640156 2.36817e-05
 0.682543 0.30685 0.00623627 0.00426497 0.000105885
 0.726906 0.223335 0.0480962 0.000977483 0.000685095
 0.737352 0.22236 0.0329476 0.00709541 0.000245273
 0.774597 0.192162 0.0281417 0.00416983 0.000929032
 0.311516 0.603908 0.0721032 0.0105594 0.0019132
 0.798254 0.0973531 0.0915691 0.0109328 0.00189118
 0.67424 0.290002 0.0172553 0.0162301 0.00227298
 0.441211 0.452281 0.0948168 0.00564166 0.00604962
 0.781687 0.13478 0.0676115 0.0141742 0.00174773
 0.646411 0.311102 0.02623 0.0131581 0.00309861
 0.395176 0.476938 0.11252 0.00948687 0.00587974
pobs_pel_tallas
 0 0 0 0 0 0 0 0 0 0 0 0 0 0 0 0 0 0 0 0 0 0 0 0 0 0
 0 0 0 0 0 0 0 0 0 0 0 0 0 0 0 0 0 0 0 0 0 0 0 0 0 0
 0 0 0 0 0 0 0 0 0 0 0 0 0 0 0 0 0 0 0 0 0 0 0 0 0 0
 0 0 0 0 0 0 0 0 0 0 0 0 0 0 0 0 0 0 0 0 0 0 0 0 0 0
 0 0 0 0 0 0 0 0 0 0 0 0 0 0 0 0 0 0 0 0 0 0 0 0 0 0
 0 0 0 0 0 0 0 0 0 0 0 0 0 0 0 0 0 0 0 0 0 0 0 0 0 0
 0 0 0 0 0 0 0 0 0 0 0 0 0 0 0 0 0 0 0 0 0 0 0 0 0 0
 0 0 0 0 0 0 0 0 0 0 0 0 0 0 0 0 0 0 0 0 0 0 0 0 0 0
 0 0 0 0 0 0 0 0 0 0 0 0 0 0 0 0 0 0 0 0 0 0 0 0 0 0
 0 0 0 0 0 0 0 0 0 0 0 0 0 0 0 0 0 0 0 0 0 0 0 0 0 0
 0 0 0 0 0 0 0 0 0 0 0 0 0 0 0 0 0 0 0 0 0 0 0 0 0 0
 0 0 0 0 0 0 0 0 0 0 0 0 0 0 0 0 0 0 0 0 0 0 0 0 0 0
 0.00862536 0 0 0.000197151 0.00414017 0.0128641 0.00837892 0.0270097 0.101434 0.158115 0.152841 0.127902 0.109271 0.109419 0.0830992 0.0579132 0.0238553 0.00714673 0.00463305 0.00128148 0.00103504 0.000492878 0.000147863 0.000147863 4.92878e-05 0
 0 0 0 0 0 0 0 0 0 0 0 0 0 0 0 0 0 0 0 0 0 0 0 0 0 0
 0 0 0 0 0 0 0 0.0054083 0.00873648 0.0413646 0.0450493 0.0745869 0.0622846 0.0627006 0.0613931 0.0827291 0.12552 0.122667 0.0946155 0.0697135 0.0546179 0.0294188 0.0215738 0.0213955 0.0102223 0.00600262
 0 0 0 0 0.00359764 0.0251062 0.0480494 0.140153 0.205849 0.193036 0.1447 0.116669 0.0760912 0.0342217 0.00950174 0.001854 0.000860785 0 0 0 0.000165536 0 0.000143464 0 0 0
 0 0 0 0 0 0 0 0.000145254 0.000435761 0.0275982 0.070085 0.0708112 0.156366 0.174668 0.174014 0.160142 0.0824315 0.0480064 0.0283245 0.00493863 0.00203355 0 0 0 0 0
 0 0 0 0 0 0 0 0 0 0 0 0 0 0 0 0 0 0 0 0 0 0 0 0 0 0
 0 0 1.00437e-05 0.000401748 0.00122533 0.00171747 0.00176769 0.0269171 0.070346 0.194647 0.189555 0.159765 0.064822 0.0314167 0.0384472 0.0292271 0.0345202 0.0313363 0.0194345 0.0106764 0.0143323 0.0359363 0.0279516 0.0138201 0.00172751 0
 0 0.0021121 0.0136068 0.0755702 0.200478 0.177729 0.0527432 0.0373336 0.0318909 0.0142505 0.0149659 0.0166563 0.0217959 0.0798694 0.0677717 0.0528807 0.04013 0.0224614 0.0357745 0.0225083 0.00881397 0.00855152 0.00135912 0.000746735 0 0
 0 0 0 0 5.4009e-05 0.00500934 0.000945158 0.0243581 0.138947 0.33067 0.221406 0.137944 0.0707744 0.0437923 0.0131692 0.00525238 0.0047753 0.00276346 9.45158e-05 9.00151e-06 2.25038e-05 9.00151e-06 4.50075e-06 0 0 0
 0.000866109 0.00284123 0.00948549 0.0512746 0.133035 0.25785 0.225252 0.132002 0.0553304 0.0519788 0.0540692 0.017754 0.00435017 0.00159236 0.00146478 0.000404838 0.000125132 0.000115318 0.000107957 0.000100596 0 0 0 0 0 0
 0 0 0 0 0.00144013 0.00171154 0.00461396 0.0210425 0.0478622 0.0707936 0.0888783 0.103762 0.0637923 0.0337046 0.0602308 0.124433 0.169614 0.0934646 0.0462172 0.0250306 0.0313229 0.00938855 0.002487 0.000210481 0 0
 0 0.00764035 0.051015 0.0998891 0.058973 0.0496711 0.0374665 0.0718981 0.12319 0.153886 0.159021 0.0857701 0.0377988 0.023471 0.0147837 0.00900784 0.00315554 0.000888139 0.00291439 0.00214683 0.00393193 0.00274676 0.000635225 9.99891e-05 0 0
 0 0 0 0 0 0 0 0 0 0 0 0 0 0 0 0 0 0 0 0 0 0 0 0 0 0
 0 0 0 0 0 0 0 0 0 0 0 0 0 0 0 0 0 0 0 0 0 0 0 0 0 0
 0 0 0 0 0 0 0 0 0 0 0 0 0 0 0 0 0 0 0 0 0 0 0 0 0 0
 0 0 0 0 0 0 0 0 0 0 0 0 0 0 0 0 0 0 0 0 0 0 0 0 0 0
 0 0 0 0 0 0 0 0 0 0 0 0 0 0 0 0 0 0 0 0 0 0 0 0 0 0
ppred_pel_tallas
 1.09517e-16 4.43106e-05 0.000430715 0.00286225 0.0130114 0.0404834 0.0862548 0.125895 0.125914 0.0863447 0.0407863 0.0138908 0.00508686 0.0053435 0.00953966 0.0161305 0.0242303 0.0325438 0.039701 0.044947 0.0483666 0.0503956 0.0511068 0.0499888 0.04641 0.0402921
 1.11614e-16 3.95594e-05 0.000384531 0.00255535 0.0116163 0.0361427 0.0770071 0.112402 0.112437 0.0771794 0.0367212 0.0132879 0.006754 0.00955892 0.0174903 0.0289272 0.0418544 0.053058 0.059319 0.0592366 0.0540847 0.0469132 0.0406162 0.0364695 0.0340102 0.0319355
 1.08322e-16 5.06834e-05 0.000492661 0.0032739 0.0148827 0.0463058 0.0986602 0.144003 0.144027 0.0987795 0.0467065 0.0160413 0.00618675 0.0068671 0.0122032 0.0202159 0.0294041 0.0375846 0.0425593 0.0433169 0.0405953 0.036279 0.0321431 0.028954 0.0264616 0.0240064
 1.03338e-16 6.31462e-05 0.000613803 0.00407894 0.0185423 0.057692 0.12292 0.179408 0.179426 0.123004 0.0579755 0.0193612 0.00613561 0.00510683 0.00860603 0.0141537 0.0204453 0.0258448 0.0287301 0.0283597 0.0253046 0.0210358 0.0170106 0.0139752 0.0118902 0.0103173
 1.02374e-16 5.34605e-05 0.000519655 0.00345329 0.0156982 0.048843 0.104066 0.151894 0.151924 0.10421 0.0493266 0.0170947 0.00695794 0.00816795 0.014572 0.0239874 0.0345061 0.0433004 0.0475227 0.0458572 0.0393017 0.0304918 0.0221337 0.0157616 0.0115339 0.00882239
 1.02186e-16 6.15739e-05 0.000598521 0.00397738 0.0180806 0.0562556 0.119859 0.174942 0.174961 0.119953 0.0565712 0.0189924 0.00626748 0.00560213 0.00957688 0.0157675 0.0227824 0.0288028 0.0320087 0.0315451 0.0280044 0.0229806 0.0180751 0.0141447 0.0112285 0.0089611
 1.0394e-16 3.42387e-05 0.000332813 0.00221166 0.0100539 0.0312817 0.0666508 0.0972889 0.0973372 0.0668867 0.0320739 0.0123419 0.00795437 0.0128677 0.0238358 0.0393391 0.0566372 0.07116 0.0782624 0.0757905 0.0653545 0.0512179 0.0377413 0.0273725 0.0203398 0.0156331
 1.09911e-16 3.35232e-05 0.000325858 0.00216544 0.00984381 0.0306279 0.0652573 0.0952521 0.0952865 0.0654254 0.031193 0.0114791 0.00628206 0.00935153 0.0172893 0.028828 0.0422191 0.0545388 0.0627756 0.0654657 0.0634146 0.0588496 0.0537656 0.0488605 0.0437216 0.037748
 1.12677e-16 4.21924e-05 0.000410125 0.00272543 0.0123894 0.0385482 0.082132 0.11988 0.119907 0.0822661 0.038999 0.0136936 0.00600669 0.00759857 0.0137699 0.0228985 0.0334603 0.0431017 0.0494549 0.0514642 0.0499671 0.0469678 0.0442095 0.0422033 0.0403188 0.0375856
 1.05437e-16 6.23689e-05 0.000606248 0.00402873 0.0183141 0.0569819 0.121407 0.1772 0.177216 0.121485 0.0572457 0.0190764 0.00594436 0.00479483 0.00803748 0.0132429 0.0192005 0.0244255 0.0274532 0.0276281 0.0254846 0.0223471 0.0194766 0.0174379 0.016062 0.0148423
 1.00968e-16 7.2585e-05 0.000705552 0.00468864 0.0213139 0.0663155 0.141293 0.206223 0.206233 0.141341 0.0664786 0.021785 0.00587075 0.00328513 0.00496889 0.00809244 0.0116336 0.0145945 0.0160122 0.0154455 0.0132364 0.0102805 0.00749593 0.00540069 0.00404139 0.00319305
 1.00568e-16 6.56913e-05 0.000638543 0.00424334 0.0192896 0.0600173 0.127874 0.186639 0.186658 0.127963 0.0603169 0.0201547 0.0064135 0.00537167 0.00904193 0.0148104 0.0212489 0.0265524 0.0289284 0.027549 0.0230485 0.0171109 0.0114919 0.00722682 0.00447594 0.0028694
 1.01321e-16 5.462e-05 0.000530926 0.00352819 0.0160387 0.0499024 0.106323 0.155188 0.155217 0.106465 0.0503768 0.0174086 0.00696598 0.0080329 0.014294 0.0235223 0.0338261 0.0424208 0.0464993 0.0447532 0.0381444 0.0292492 0.0207311 0.0141282 0.00965092 0.00674782
 1.02121e-16 5.90469e-05 0.000573957 0.00381415 0.0173386 0.0539469 0.11494 0.167763 0.167785 0.115048 0.0543073 0.0183799 0.00642911 0.0062864 0.0109195 0.0179883 0.0259748 0.032802 0.036383 0.0357368 0.0315446 0.0256425 0.0198843 0.0152756 0.011882 0.00929479
 1.00502e-16 7.64014e-05 0.000742648 0.00493516 0.0224345 0.0698022 0.148721 0.217064 0.21707 0.14875 0.0698994 0.0227154 0.00564018 0.0022817 0.00299932 0.00483744 0.00696068 0.00875185 0.00963761 0.00935347 0.00809521 0.00638223 0.0047447 0.00347858 0.00260991 0.00201618
 1.00086e-16 7.8316e-05 0.000761259 0.00505884 0.0229967 0.0715514 0.152448 0.222503 0.222508 0.15247 0.0716263 0.0232128 0.00560079 0.00194296 0.00231844 0.00369804 0.005294 0.00660325 0.0071719 0.00679246 0.00562606 0.00409981 0.002661 0.00157636 0.000890305 0.000509379
 1.00604e-16 3.3566e-05 0.000326273 0.0021682 0.00985637 0.0306671 0.0653416 0.0953797 0.0954353 0.0656133 0.031579 0.0124887 0.00877024 0.0147202 0.0273163 0.0449642 0.0644354 0.0803244 0.0871449 0.0823653 0.0679542 0.0491365 0.0313967 0.0180235 0.00958966 0.00496942
 1.0085e-16 7.68911e-05 0.000747409 0.00496679 0.0225783 0.0702496 0.149674 0.218455 0.218459 0.149693 0.0703121 0.0227593 0.00542252 0.00174735 0.0019908 0.00320793 0.00470254 0.00609685 0.00705437 0.00740689 0.00722794 0.00674113 0.00614549 0.00550919 0.00479829 0.00397773
 1.00705e-16 5.62202e-05 0.00054648 0.00363156 0.0165085 0.0513644 0.109438 0.159735 0.159764 0.109582 0.0518483 0.0179057 0.0071356 0.00818617 0.014537 0.0238691 0.0342045 0.042647 0.0462883 0.0437931 0.0362159 0.0263356 0.0170601 0.0101192 0.00578876 0.00343906
 1.0166e-16 5.98743e-05 0.000582 0.00386759 0.0175815 0.0547028 0.116551 0.170114 0.170135 0.116656 0.0550564 0.0186033 0.0064333 0.00618637 0.0107134 0.0176416 0.0254636 0.032133 0.0355927 0.0348712 0.0306312 0.0246774 0.0188441 0.0141456 0.01068 0.00807662
 1.01761e-16 6.07347e-05 0.000590363 0.00392317 0.0178342 0.0554889 0.118226 0.172558 0.17258 0.11833 0.0558405 0.0188499 0.0064729 0.00615668 0.0106328 0.0174836 0.0251829 0.0316727 0.0348938 0.0338895 0.0293641 0.0231889 0.0172733 0.0126819 0.00950857 0.00731631
 1.01437e-16 6.38026e-05 0.000620184 0.00412134 0.018735 0.0582917 0.124197 0.181274 0.181292 0.124288 0.0585956 0.0196127 0.00632454 0.00542978 0.00919805 0.0151049 0.0217513 0.0273474 0.0301101 0.0292099 0.0252548 0.0198649 0.0146974 0.0106829 0.00791349 0.00601914
 1.03618e-16 2.56593e-05 0.000249418 0.00165747 0.00753465 0.0234434 0.0499508 0.0729169 0.0729751 0.0502351 0.0243979 0.0102911 0.00857535 0.015347 0.0286861 0.0473496 0.0681254 0.0854942 0.093832 0.0905242 0.0775129 0.0599699 0.0432177 0.0302934 0.0215555 0.0158393
 1.04084e-16 6.57511e-05 0.000639124 0.00424721 0.0193072 0.0600719 0.12799 0.186807 0.186816 0.128036 0.0602284 0.0197608 0.00539183 0.00315744 0.00490587 0.00815591 0.0120907 0.0159295 0.0188992 0.0206071 0.0211974 0.0211052 0.0206372 0.0197599 0.0182409 0.0159519
 1.02585e-16 5.55363e-05 0.000539833 0.00358738 0.0163077 0.0507395 0.108107 0.157791 0.157819 0.108243 0.0511974 0.0176298 0.00690432 0.00777548 0.013782 0.0226572 0.0325428 0.0407387 0.0445391 0.0427138 0.0362578 0.0277454 0.0198184 0.0139713 0.0103289 0.00820695
 1.04442e-16 3.63421e-05 0.000353258 0.00234752 0.0106715 0.0332033 0.0707448 0.103263 0.103307 0.0709581 0.0339195 0.0127405 0.00754306 0.011702 0.0216094 0.0357178 0.051565 0.0650792 0.072111 0.0707109 0.0622452 0.0503901 0.038868 0.0297132 0.0230739 0.0181262
 1.03703e-16 6.43865e-05 0.00062586 0.00415906 0.0189065 0.0588252 0.125334 0.182931 0.182944 0.125398 0.0590399 0.0195278 0.00572251 0.00405151 0.00660735 0.0109182 0.015948 0.0205281 0.0234997 0.0243108 0.0232965 0.021355 0.0193039 0.0174507 0.015642 0.0136105
 1.02681e-16 5.32441e-05 0.000517552 0.00343931 0.0156346 0.0486453 0.103645 0.151279 0.151309 0.103791 0.0491367 0.0170537 0.00699999 0.00828644 0.0147959 0.0243455 0.0349944 0.0438599 0.0480445 0.0462213 0.0394345 0.0304075 0.0219346 0.0155949 0.01153 0.00904504
 1.05316e-16 3.25502e-05 0.0003164 0.00210259 0.0095581 0.029739 0.0633639 0.0924911 0.0925371 0.0635889 0.0304946 0.0117414 0.00758614 0.0122975 0.0228175 0.0377492 0.0545576 0.0689803 0.0766661 0.0755666 0.0670976 0.0550721 0.0433235 0.033906 0.0269192 0.021495
pSPR Fmed_Fpbrs
0.54788   0.218447 0.218447
Fs Fmed_Fpbrs
0.34   1.005 1.005
SSBpbr Bo_Bmed_Bpbrs
607511  302468  102334 102334
Ro
101375
SPR SPRFo_SPRFmed_SPRFpbrs
720474 394734 157386
Fref
1.005
Nvult_r0
 42233.7 29593 6981.61 588.64 364.825
CTP_r0
 18384.2 14833.4 3499.51 295.054 182.867
YTP_r0
490286
Np
 141411 24066.6 1646.16 971.742 260.126
Nvult_p0
 117345 20825.8 1424.49 840.887 225.097
CTP_p0
 51079.9 5302.37 3130.04 738.442 75.398
 51079.9 10438.9 714.019 421.492 112.829
YTP_p0
 578795 601666
CBA_c0
516839
log_Ro
11.3466
likeval ReclasPelacesDesembMPH_pf_preclas_ppelaces_ptallas_desvR_qrecl_qpela
 12.4042 17.2097 0.018797 27.9184 211.17 105.842 93.2755 0 21.6765 5.69686e-05 0.000170353 0.0440788 0 0 0
q_reclas_q_pelaces
2.90785 6.33331
M
1
N
 149350 27979.8 38004.4 3201.76 0.166954
 92990.7 40682 6956.64 9449.04 796.096
 83362.1 19623.1 7251.17 1239.95 1826.09
 127749 17677 3519.87 1300.67 549.969
 96255.1 23945.4 2699.71 537.571 282.639
 198187 28596.4 6666.74 751.64 228.359
 72177 53144.6 6965.97 1623.99 238.724
 26560.1 12003 6943.95 910.182 243.385
 25782.9 8402.06 3626.87 2098.22 348.567
 33122 4932.24 1317.75 568.825 383.745
 58650.8 3638.35 375.304 100.27 72.4828
 120223 17180.9 994.543 102.589 47.2219
 77986.6 21403.9 2453.6 142.031 21.3945
 50847.9 13357 2906.21 333.148 22.1897
 58737.7 2536.37 363.122 79.008 9.66019
 247993 7570.78 237.726 34.0343 8.3106
 48334.3 40985.6 981.23 30.8111 5.48822
 361408 8760.65 5991.39 143.439 5.30634
 268586 74426.5 1512.61 1034.47 25.6823
 235140 43086.3 9278.81 188.578 132.17
 247257 42988.9 6369.77 1371.76 47.4185
 345952 51703.5 7571.87 1121.94 249.967
 54131 60768.5 7255.41 1062.54 192.516
 161807 11122.7 10461.9 1249.09 216.07
 151941 37010.3 2202.13 2071.3 290.08
 59912.1 34106.1 7150.05 425.433 456.197
 151234 14535 7291.37 1528.57 188.479
 136393 36152 3048.09 1529.05 360.078
 50895.5 34198.1 8068.05 680.242 421.598
pred_Ctot
 25109.7 5918.03 8038.32 677.206 0.0353124
 26210 14046.4 2401.94 3262.5 274.871
 23333 6731.51 2487.45 425.354 626.425
 41805.2 7006.9 1395.23 515.567 218
 11913.9 3765.38 424.526 84.5324 44.4446
 34844.2 6314.06 1472.01 165.962 50.4214
 26631.6 23499.3 3080.18 718.091 105.558
 2381.26 1377.25 796.767 104.437 27.9267
 8243.81 3260.23 1407.32 814.166 135.254
 16134.6 2787.81 744.82 321.513 216.901
 7694.27 605.412 62.4495 16.6846 12.0609
 41558.5 7160.23 414.482 42.7546 19.68
 28001.9 9233.7 1058.49 61.2723 9.22963
 32197.5 9389.5 2042.97 234.192 15.5986
 26192.7 1327.67 190.078 41.3571 5.05667
 92014.6 3364.5 105.647 15.1251 3.69329
 16402.3 16795.5 402.099 12.6261 2.24902
 105370 3121.48 2134.77 51.1084 1.89069
 102273 33857.9 688.112 470.598 11.6833
 79070.3 17509.7 3770.79 76.6356 53.7121
 70591.7 15021.4 2225.76 479.326 16.5692
 121212 21814.1 3194.63 473.356 105.463
 15829.4 21712.5 2592.35 379.644 68.7858
 40201 3412.56 3209.81 383.233 66.2924
 38963.4 11697.9 696.033 654.679 91.6861
 13338.4 9434.01 1977.76 117.678 126.188
 34666.4 4133.12 2073.35 434.66 53.5953
 28320.9 9359.1 789.094 395.844 93.2177
 11558.8 9639.49 2274.16 191.741 118.837
F
 0.300506 0.391788 0.391788 0.391788 0.391788
 0.555794 0.724623 0.724623 0.724623 0.724623
 0.55093 0.718282 0.718282 0.718282 0.718282
 0.674293 0.879118 0.879118 0.879118 0.879118
 0.213722 0.278643 0.278643 0.278643 0.278643
 0.316195 0.412243 0.412243 0.412243 0.412243
 0.793969 1.03515 1.03515 1.03515 1.03515
 0.150935 0.196783 0.196783 0.196783 0.196783
 0.653917 0.852552 0.852552 0.852552 0.852552
 1.20867 1.57581 1.57581 1.57581 1.57581
 0.227805 0.297004 0.297004 0.297004 0.297004
 0.725776 0.94624 0.94624 0.94624 0.94624
 0.7645 0.996726 0.996726 0.996726 0.996726
 1.99811 2.60506 2.60506 2.60506 2.60506
 1.04879 1.36737 1.36737 1.36737 1.36737
 0.800179 1.04324 1.04324 1.04324 1.04324
 0.707872 0.922896 0.922896 0.922896 0.922896
 0.580195 0.756436 0.756436 0.756436 0.756436
 0.829966 1.08208 1.08208 1.08208 1.08208
 0.699239 0.911641 0.911641 0.911641 0.911641
 0.564904 0.736501 0.736501 0.736501 0.736501
 0.739228 0.963778 0.963778 0.963778 0.963778
 0.582418 0.759334 0.759334 0.759334 0.759334
 0.475211 0.619562 0.619562 0.619562 0.619562
 0.494013 0.644076 0.644076 0.644076 0.644076
 0.416322 0.542785 0.542785 0.542785 0.542785
 0.431092 0.562042 0.562042 0.562042 0.562042
 0.383369 0.499822 0.499822 0.499822 0.499822
 0.426331 0.555835 0.555835 0.555835 0.555835
YTP_r0W_actual
 95598 304084 75939.3 8556.57 6107.77
YTP_p0W_proyectada
 385143 92526.4 75340.1 23128 2657.78
 385143 182158 17186.4 13201.1 3977.23
CTP_r0_actual
 18384.2 14833.4 3499.51 295.054 182.867
CTP_p0_proyectada
 51079.9 5302.37 3130.04 738.442 75.398
 51079.9 10438.9 714.019 421.492 112.829
Wmedp
 7.54 17.45 24.07 31.32 35.25
Frms_r0
 0.770846 1.005 1.005 1.005 1.005
Zrms_r0
 1.77085 2.005 2.005 2.005 2.005
nmprior
 7.29 8.9 8.7 0
nm_flota  nm_reclas  nm_pelaces    nm_pelaL
inf 13.9901 8.73578 10.85
cv_recla  cv_pelaces  cv_mph
0.334122 0.50808 0.762649
 ------------------------------------------------
Talla a la edad & desviaci?n 
 8 13.2811 15.8009 17.003 17.5766
 0.8 1.32811 1.58009 1.7003 1.75766
