years
 1991 1992 1993 1994 1995 1996 1997 1998 1999 2000 2001 2002 2003 2004 2005 2006 2007 2008 2009 2010 2011 2012 2013 2014 2015 2016 2017 2018 2019 2020
reclasobs
 0 0 0 0 0 0 0 0 0 252601 567819 844713 477998 351125 339783 2.1784e+06 2.13404e+06 4.81314e+06 1.55562e+06 2.62356e+06 3.21686e+06 3.843e+06 1.13348e+06 3.07943e+06 1.97215e+06 2.03268e+06 2.025e+06 2.42433e+06 2.27542e+06 1.05018e+06
reclaspred
 3.21566e+06 1.75133e+06 883657 911221 927134 1.62716e+06 904277 780812 551392 370610 547744 800854 678523 351223 539471 1.37707e+06 1.202e+06 2.79162e+06 2.2317e+06 1.80667e+06 3.18903e+06 2.60299e+06 1.93795e+06 3.01317e+06 2.26171e+06 1.98877e+06 2.38098e+06 2.59881e+06 2.02447e+06 1.20389e+06
pelacesobs
 0 0 0 0 0 0 0 0 0 0 0 0 0 0 0 552880 188675 0 991730 2.46772e+06 1.41603e+06 1.21717e+06 2.29649e+06 1.80582e+06 0 1.4828e+06 1.56532e+06 1.57751e+06 1.42118e+06 867257
pelacespred
 1.91914e+06 1.13702e+06 556360 452349 508244 903237 453363 518595 333890 203039 319131 397137 368081 172215 299105 647022 604559 1.55323e+06 1.27944e+06 937132 1.69729e+06 1.463e+06 1.14848e+06 1.90171e+06 1.39784e+06 1.24112e+06 1.64965e+06 1.61819e+06 1.20483e+06 811033
mphobs
 0 0 0 0 0 0 0 0 0 0 0 0 498337 0 5186 125008 0 168611 109162 213762 579715 649985 157893 87575 83554 210694 70296 0 107559 103333
mphpred
 578171 386355 184485 102120 112005 136160 188378 99375.3 90678.3 56278.9 34371.9 79420.6 97141.6 59610 23293.4 55850.1 179275 154732 304095 364344 430862 513095 111075 90132.7 136149 107786 92371 102847 143936 97363.7
desembarqueobs
 494567 514787 250237 358949 120608 361735 552515 73892 212993 205616 52469 317467 293654 387597 252695 516296 358380 742168 942051 627588 828172 859565 418607 520667 417249 300574 415391 372974 316634 284311
desembarquepred
 494570 513968 250619 358979 120613 361739 552530 73897.2 213053 205670 52471.1 317490 293734 387721 252640 516214 358409 742010 941665 627319 828243 859536 418613 520697 417223 300574 415384 372942 316615 284319
Reclutas
 166814 93402.9 92547.1 139991 113295 208336 82276.4 34887.3 33923.6 45800.7 92706.4 140590 85773.7 53456 82265.4 349714 70345.7 502956 320804 290321 356794 488643 91583.2 268786 243604 101151 228513 261673 72805.5 55501.3
log_desv_Rt
 0.243997 -0.335961 -0.345166 0.0686928 -0.142888 0.466267 -0.462799 -1.32076 -1.34877 -1.04859 -0.343447 0.0729621 -0.421172 -0.894025 -0.462934 0.984232 -0.619463 1.34762 0.897946 0.798103 1.00427 1.31875 -0.355636 0.721031 0.622659 -0.256267 0.55871 0.69421 -0.585093 -0.856477
SSB
 1.91159e+06 1.27739e+06 609957 337635 370320 450182 622828 328562 299807 186073 113643 262586 305863 192247 74327.1 178742 592733 511586 1.03854e+06 739296 896770 1.12159e+06 1.06625e+06 830073 1.17623e+06 988154 798090 855231 1.24135e+06 788363
BT
 2.72273e+06 1.86899e+06 910409 869363 731624 1.47534e+06 1.0469e+06 718824 629252 454078 461309 775152 731421 622936 649928 1.28104e+06 1.03264e+06 2.70584e+06 2.53291e+06 1.72783e+06 2.87002e+06 2.64741e+06 1.78092e+06 2.95338e+06 2.12401e+06 1.80797e+06 2.55557e+06 2.42826e+06 1.72617e+06 1.26969e+06
Ftot
 0.216611 0.400031 0.393732 0.589249 0.195551 0.349377 0.817143 0.141063 0.563174 0.794912 0.160809 0.60234 0.628475 1.48612 0.775752 0.627271 0.422475 0.435939 0.620471 0.527419 0.398955 0.499889 0.305073 0.276232 0.272869 0.219501 0.275869 0.230931 0.215121 0.331419
BD_Bspro_t
 0.965936 0.767759 0.55457 0.452867 0.447137 0.545481 0.549182 0.351845 0.410204 0.346394 0.301997 0.586642 0.480095 0.323008 0.159441 0.310595 0.477653 0.426218 0.533106 0.420109 0.417483 0.468083 0.483496 0.461306 0.581728 0.596543 0.600026 0.644415 0.706228 0.611914
BD_Bspro
 2.05466 1.373 0.655609 0.362906 0.398037 0.483876 0.669444 0.353153 0.322247 0.2 0.122148 0.28224 0.328755 0.206636 0.0798902 0.192121 0.637096 0.549876 1.11627 0.79463 0.963889 1.20554 1.14605 0.892201 1.26427 1.06211 0.857824 0.919241 1.33426 0.847368
BD_Bo
 1.43705 0.96029 0.458539 0.25382 0.27839 0.338427 0.468215 0.246998 0.225382 0.139882 0.0854317 0.197401 0.229934 0.144523 0.0558759 0.134371 0.445591 0.384588 0.780729 0.555771 0.674153 0.843166 0.801559 0.624013 0.884239 0.742852 0.59997 0.642925 0.933192 0.592657
BD_Brms
 8.10975 5.41923 2.58769 1.43239 1.57105 1.90986 2.64229 1.39389 1.27191 0.789399 0.482119 1.114 1.2976 0.815593 0.315326 0.758299 2.51462 2.17036 4.40592 3.1364 3.80447 4.75826 4.52346 3.52151 4.99006 4.19216 3.38583 3.62824 5.26631 3.34456
Sel_flota
 0.726924 1 1 1 1
 0.726924 1 1 1 1
 0.726924 1 1 1 1
 0.726924 1 1 1 1
 0.726924 1 1 1 1
 0.726924 1 1 1 1
 0.726924 1 1 1 1
 0.726924 1 1 1 1
 0.726924 1 1 1 1
 0.726924 1 1 1 1
 0.726924 1 1 1 1
 0.726924 1 1 1 1
 0.726924 1 1 1 1
 0.726924 1 1 1 1
 0.726924 1 1 1 1
 0.726924 1 1 1 1
 0.726924 1 1 1 1
 0.726924 1 1 1 1
 0.726924 1 1 1 1
 0.726924 1 1 1 1
 0.726924 1 1 1 1
 0.726924 1 1 1 1
 0.726924 1 1 1 1
 0.726924 1 1 1 1
 0.726924 1 1 1 1
 0.726924 1 1 1 1
 0.726924 1 1 1 1
 0.726924 1 1 1 1
 0.726924 1 1 1 1
 0.726924 1 1 1 1
Sel_reclas
 1 1 1 1 1
 1 1 1 1 1
 1 1 1 1 1
 1 1 1 1 1
 1 1 1 1 1
 1 1 1 1 1
 1 1 1 1 1
 1 1 1 1 1
 1 1 1 1 1
 1 1 1 1 1
 1 1 1 1 1
 1 1 1 1 1
 1 1 1 1 1
 1 1 1 1 1
 1 1 1 1 1
 1 1 1 1 1
 1 1 1 1 1
 1 1 1 1 1
 1 1 1 1 1
 1 1 1 1 1
 1 1 1 1 1
 1 1 1 1 1
 1 1 1 1 1
 1 1 1 1 1
 1 1 1 1 1
 1 1 1 1 1
 1 1 1 1 1
 1 1 1 1 1
 1 1 1 1 1
 1 1 1 1 1
Sel_pelaces
 0.856406 0.967758 0.993423 0.998686 0.999739
 0.856406 0.967758 0.993423 0.998686 0.999739
 0.856406 0.967758 0.993423 0.998686 0.999739
 0.856406 0.967758 0.993423 0.998686 0.999739
 0.856406 0.967758 0.993423 0.998686 0.999739
 0.856406 0.967758 0.993423 0.998686 0.999739
 0.856406 0.967758 0.993423 0.998686 0.999739
 0.856406 0.967758 0.993423 0.998686 0.999739
 0.856406 0.967758 0.993423 0.998686 0.999739
 0.856406 0.967758 0.993423 0.998686 0.999739
 0.856406 0.967758 0.993423 0.998686 0.999739
 0.856406 0.967758 0.993423 0.998686 0.999739
 0.856406 0.967758 0.993423 0.998686 0.999739
 0.856406 0.967758 0.993423 0.998686 0.999739
 0.856406 0.967758 0.993423 0.998686 0.999739
 0.856406 0.967758 0.993423 0.998686 0.999739
 0.856406 0.967758 0.993423 0.998686 0.999739
 0.856406 0.967758 0.993423 0.998686 0.999739
 0.856406 0.967758 0.993423 0.998686 0.999739
 0.856406 0.967758 0.993423 0.998686 0.999739
 0.856406 0.967758 0.993423 0.998686 0.999739
 0.856406 0.967758 0.993423 0.998686 0.999739
 0.856406 0.967758 0.993423 0.998686 0.999739
 0.856406 0.967758 0.993423 0.998686 0.999739
 0.856406 0.967758 0.993423 0.998686 0.999739
 0.856406 0.967758 0.993423 0.998686 0.999739
 0.856406 0.967758 0.993423 0.998686 0.999739
 0.856406 0.967758 0.993423 0.998686 0.999739
 0.856406 0.967758 0.993423 0.998686 0.999739
 0.856406 0.967758 0.993423 0.998686 0.999739
pf_obs 
 0.8446 0.082 0.0669 0.0065 0
 0.8095 0.147 0.0364 0.0071 0
 0.9664 0.0169 0.016 0.0007 0
 0.9276 0.0648 0.0075 0.0001 0
 0.7033 0.2144 0.0806 0.0017 0
 0.9318 0.0425 0.0243 0.0014 0
 0.5671 0.3108 0.0964 0.0239 0.0018
 0.0768 0.2599 0.5324 0.112 0.0189
 0.490249 0.384438 0.106611 0.0170017 0.00170017
 0.7925 0.1577 0.0466 0.003 0.0002
 0.840416 0.127587 0.0312969 0.00059994 9.999e-05
 0.8084 0.0986 0.0794 0.0134 0.0002
 0.7335 0.1905 0.0724 0.0035 0.0001
 0.4001 0.4547 0.1325 0.0127 0
 0.49795 0.308269 0.164784 0.0264974 0.00249975
 0.9179 0.0499 0.0305 0.0017 0
 0.2467 0.6533 0.0926 0.0074 0
 0.9418 0.0223 0.034 0.0019 0
 0.707729 0.231977 0.0356964 0.0245975 0
 0.517169 0.277429 0.184464 0.0207286 0.00020938
 0.811772 0.124168 0.05621 0.00726502 0.000585176
 0.764997 0.148141 0.077277 0.00933861 0.000247198
 0.163321 0.427699 0.378323 0.0303852 0.000271297
 0.753843 0.0900009 0.118128 0.0371064 0.000921714
 0.721811 0.176058 0.0630433 0.0369309 0.00215725
 0.143369 0.312575 0.442814 0.0836902 0.0175525
 0.692698 0.0596174 0.167031 0.0765114 0.00414204
 0.394062 0.376323 0.152708 0.0712218 0.00568511
 0.125707 0.32114 0.495352 0.0537591 0.00404204
 0.23352 0.215282 0.420074 0.123614 0.00750983
pf_pred 
 0.497605 0.140203 0.338685 0.0235071 8.49078e-07
 0.44169 0.326789 0.06461 0.156077 0.0108332
 0.594915 0.217819 0.10961 0.0216711 0.0559842
 0.742915 0.175649 0.043789 0.0220352 0.0156113
 0.671364 0.267701 0.0416329 0.010379 0.00892309
 0.763838 0.175624 0.0493131 0.00766916 0.00355562
 0.473746 0.434155 0.0684901 0.0192311 0.00437744
 0.475468 0.30842 0.178291 0.0281262 0.00969513
 0.558562 0.247461 0.114057 0.0659336 0.0139867
 0.740739 0.17031 0.049864 0.0229827 0.0161041
 0.855904 0.117947 0.0171774 0.00502926 0.00394227
 0.76204 0.21261 0.0207504 0.00302201 0.00157836
 0.623153 0.312757 0.057262 0.00558869 0.00123901
 0.613938 0.276752 0.0907201 0.0166097 0.00198048
 0.877817 0.0906727 0.0225883 0.00740451 0.00151732
 0.935344 0.0594004 0.00390039 0.000971663 0.000383783
 0.385595 0.587858 0.0243886 0.00160142 0.000556518
 0.906311 0.0450533 0.0465346 0.00193059 0.000170821
 0.63288 0.343144 0.0115296 0.0119087 0.000537772
 0.682597 0.2301 0.081602 0.00274182 0.00295985
 0.739579 0.198906 0.0445947 0.015815 0.00110502
 0.754603 0.197975 0.0362207 0.00812068 0.00308112
 0.311417 0.565642 0.0991832 0.0181462 0.00561198
 0.746862 0.100109 0.125707 0.0220423 0.00527996
 0.646072 0.286473 0.0266764 0.0334976 0.00728065
 0.426046 0.415669 0.128117 0.0119303 0.018237
 0.735069 0.13622 0.0932147 0.0287306 0.00676509
 0.694026 0.2447 0.0315055 0.021559 0.00820955
 0.337234 0.50646 0.125004 0.0160945 0.0152072
 0.434137 0.237815 0.250681 0.0618731 0.0154933
pobs_RECLAS
 0 0 0 0 0
 0 0 0 0 0
 0 0 0 0 0
 0 0 0 0 0
 0 0 0 0 0
 0 0 0 0 0
 0 0 0 0 0
 0 0 0 0 0
 0 0 0 0 0
 0 0 0 0 0
 0.991045 0.00858322 0.000360255 1.14367e-05 0
 0.934742 0.0480273 0.0164251 0.00080598 0
 0.827803 0.169806 0.00239088 0 0
 0.941827 0.0461693 0.0120037 0 0
 0.791401 0.0380133 0.147996 0.0225897 0
 0.846168 0.0940531 0.0597789 0 0
 0.134021 0.677848 0.182769 0.00536245 0
 0.80878 0.0450904 0.141981 0.00414843 0
 0.846168 0.0940531 0.0597789 0 0
 0.905697 0.0802665 0.012482 0.00150086 5.37128e-05
 0.989698 0.0102097 9.19794e-05 0 0
 0.975433 0.0193895 0.00387452 0.00125025 5.28907e-05
 0.303575 0.632131 0.0575291 0.00676475 0
 0.966965 0.00978017 0.0227588 0.000495775 0
 0.843318 0.132988 0.00938335 0.0141283 0.000182051
 0.564624 0.303363 0.111486 0.0197234 0.00080311
 0.826376 0.0876187 0.0782897 0.00655872 0.00115652
 0.89761 0.0855135 0.0140674 0.00269457 0.000114338
 0.34875 0.467042 0.161289 0.0227151 0.000203297
 0.318654 0.224769 0.449479 0.00709798 0
ppred_RECLAS
 0.578123 0.117733 0.284404 0.0197397 7.12999e-07
 0.524112 0.278546 0.0550718 0.133036 0.00923396
 0.671487 0.176646 0.0888907 0.0175747 0.0454017
 0.802122 0.135197 0.0337044 0.0169605 0.012016
 0.738537 0.212983 0.0331231 0.00825752 0.0070992
 0.817997 0.135348 0.038004 0.00591037 0.0027402
 0.560722 0.362401 0.0571705 0.0160527 0.00365397
 0.55583 0.261168 0.150975 0.0238171 0.00820977
 0.639372 0.20216 0.0931771 0.0538636 0.0114263
 0.801849 0.130166 0.0381106 0.0175654 0.0123082
 0.891358 0.0889266 0.0129509 0.00379183 0.00297229
 0.818007 0.162605 0.01587 0.00231125 0.00120714
 0.699122 0.249708 0.0457185 0.00446207 0.000989241
 0.701413 0.214045 0.0701645 0.0128463 0.00153174
 0.910442 0.0664617 0.0165569 0.00542739 0.00111217
 0.953111 0.0430778 0.0028286 0.000704659 0.000278323
 0.4665 0.510449 0.0211771 0.00139055 0.000483236
 0.930963 0.0331986 0.0342901 0.0014226 0.000125874
 0.707733 0.273179 0.00917878 0.00948056 0.000428123
 0.750549 0.180838 0.0641319 0.00215482 0.00232618
 0.798118 0.154195 0.0345705 0.01226 0.000856628
 0.811227 0.152293 0.027863 0.00624688 0.00237017
 0.385558 0.504738 0.088504 0.0161923 0.00500773
 0.803525 0.0777003 0.0975685 0.0171083 0.00409808
 0.716717 0.229292 0.0213517 0.0268114 0.00582741
 0.506685 0.357269 0.110117 0.0102542 0.0156748
 0.79364 0.106105 0.0726066 0.0223788 0.00526945
 0.758431 0.193192 0.0248738 0.017021 0.0064815
 0.413131 0.448463 0.110689 0.0142514 0.0134657
 0.515841 0.203477 0.214486 0.0529393 0.0132563
pobs_PELACES
 0 0 0 0 0
 0 0 0 0 0
 0 0 0 0 0
 0 0 0 0 0
 0 0 0 0 0
 0 0 0 0 0
 0 0 0 0 0
 0 0 0 0 0
 0 0 0 0 0
 0 0 0 0 0
 0 0 0 0 0
 0 0 0 0 0
 0 0 0 0 0
 0 0 0 0 0
 0 0 0 0 0
 0 0 0 0 0
 0.505614 0.472636 0.0217494 0 0
 0 0 0 0 0
 0.443492 0.261883 0.143347 0.151278 0
 0.227955 0.32914 0.350689 0.0885471 0.00366901
 0.970185 0.0296113 0.000203453 0 0
 0.997202 0.00247181 0.000326279 0 0
 0.445219 0.490057 0.0546422 0.010081 0
 0.90214 0.0892962 0.00764917 0.000914606 0
 0 0 0 0 0
 0.581667 0.319106 0.0959925 0.00289975 0.000334073
 0.762889 0.0836404 0.116647 0.0363945 0.000428098
 0.88444 0.0763242 0.0277011 0.0115352 0
 0.521256 0.241999 0.230069 0.00667565 0
 0.616807 0.101726 0.260614 0.0208532 0
ppred_PELACES
 0.548142 0.123703 0.306751 0.0214035 7.73911e-07
 0.499442 0.289328 0.0587205 0.142602 0.00990833
 0.649035 0.186214 0.0961905 0.0191187 0.0494425
 0.78939 0.142575 0.0364864 0.0184577 0.0130905
 0.716773 0.229503 0.0366388 0.00918238 0.00790265
 0.802982 0.145485 0.0419338 0.00655609 0.00304278
 0.547509 0.371483 0.0601575 0.0169809 0.00386932
 0.525841 0.275675 0.163588 0.0259436 0.00895219
 0.619768 0.210483 0.099586 0.0578734 0.0122898
 0.792054 0.13525 0.0406493 0.0188348 0.0132116
 0.879931 0.0977736 0.014617 0.0043023 0.00337599
 0.807214 0.171743 0.0172064 0.00251915 0.00131711
 0.684151 0.260929 0.0490399 0.00481159 0.00106785
 0.702237 0.211807 0.0712722 0.0131182 0.00156581
 0.905466 0.0696495 0.0178112 0.00586949 0.00120403
 0.949977 0.0458522 0.00309063 0.000774015 0.000306039
 0.445336 0.53008 0.0225748 0.00149017 0.000518404
 0.924479 0.0358188 0.0379776 0.00158393 0.000140296
 0.693421 0.286008 0.0098647 0.010243 0.000463042
 0.734867 0.190794 0.0694572 0.00234612 0.00253535
 0.782736 0.164852 0.0379399 0.0135262 0.000946093
 0.798257 0.161884 0.0304032 0.00685251 0.0026027
 0.362232 0.521328 0.0938373 0.0172591 0.00534325
 0.784928 0.0836623 0.107841 0.0190097 0.00455835
 0.695276 0.245248 0.0234432 0.0295937 0.00643892
 0.479181 0.37433 0.118436 0.0110872 0.016966
 0.774882 0.114192 0.0802133 0.0248543 0.00585851
 0.738236 0.208122 0.0275067 0.0189223 0.00721312
 0.38689 0.465472 0.117935 0.0152647 0.0144383
 0.488751 0.211448 0.228799 0.0567713 0.0142308
pobs_pel_tallas
 0 0 0 0 0 0 0 0 0 0 0 0 0 0 0 0 0 0 0 0 0 0 0 0 0 0
 0 0 0 0 0 0 0 0 0 0 0 0 0 0 0 0 0 0 0 0 0 0 0 0 0 0
 0 0 0 0 0 0 0 0 0 0 0 0 0 0 0 0 0 0 0 0 0 0 0 0 0 0
 0 0 0 0 0 0 0 0 0 0 0 0 0 0 0 0 0 0 0 0 0 0 0 0 0 0
 0 0 0 0 0 0 0 0 0 0 0 0 0 0 0 0 0 0 0 0 0 0 0 0 0 0
 0 0 0 0 0 0 0 0 0 0 0 0 0 0 0 0 0 0 0 0 0 0 0 0 0 0
 0 0 0 0 0 0 0 0 0 0 0 0 0 0 0 0 0 0 0 0 0 0 0 0 0 0
 0 0 0 0 0 0 0 0 0 0 0 0 0 0 0 0 0 0 0 0 0 0 0 0 0 0
 0 0 0 0 0 0 0 0 0 0 0 0 0 0 0 0 0 0 0 0 0 0 0 0 0 0
 0 0 0 0 0 0 0 0 0 0 0 0 0 0 0 0 0 0 0 0 0 0 0 0 0 0
 0 0 0 0 0 0 0 0 0 0 0 0 0 0 0 0 0 0 0 0 0 0 0 0 0 0
 0 0 0 0 0 0 0 0 0 0 0 0 0 0 0 0 0 0 0 0 0 0 0 0 0 0
 0.00862536 0 0 0.000197151 0.00414017 0.0128641 0.00837892 0.0270097 0.101434 0.158115 0.152841 0.127902 0.109271 0.109419 0.0830992 0.0579132 0.0238553 0.00714673 0.00463305 0.00128148 0.00103504 0.000492878 0.000147863 0.000147863 4.92878e-05 0
 0 0 0 0 0 0 0 0 0 0 0 0 0 0 0 0 0 0 0 0 0 0 0 0 0 0
 0 0 0 0 0 0 0 0.0054083 0.00873648 0.0413646 0.0450493 0.0745869 0.0622846 0.0627006 0.0613931 0.0827291 0.12552 0.122667 0.0946155 0.0697135 0.0546179 0.0294188 0.0215738 0.0213955 0.0102223 0.00600262
 0 0 0 0 0.00359764 0.0251062 0.0480494 0.140153 0.205849 0.193036 0.1447 0.116669 0.0760912 0.0342217 0.00950174 0.001854 0.000860785 0 0 0 0.000165536 0 0.000143464 0 0 0
 0 0 0 0 0 0 0 0.000145254 0.000435761 0.0275982 0.070085 0.0708112 0.156366 0.174668 0.174014 0.160142 0.0824315 0.0480064 0.0283245 0.00493863 0.00203355 0 0 0 0 0
 0 0 0 0 0 0 0 0 0 0 0 0 0 0 0 0 0 0 0 0 0 0 0 0 0 0
 0 0 1.00437e-05 0.000401748 0.00122533 0.00171747 0.00176769 0.0269171 0.070346 0.194647 0.189555 0.159765 0.064822 0.0314167 0.0384472 0.0292271 0.0345202 0.0313363 0.0194345 0.0106764 0.0143323 0.0359363 0.0279516 0.0138201 0.00172751 0
 0 0.0021121 0.0136068 0.0755702 0.200478 0.177729 0.0527432 0.0373336 0.0318909 0.0142505 0.0149659 0.0166563 0.0217959 0.0798694 0.0677717 0.0528807 0.04013 0.0224614 0.0357745 0.0225083 0.00881397 0.00855152 0.00135912 0.000746735 0 0
 0 0 0 0 5.4009e-05 0.00500934 0.000945158 0.0243581 0.138947 0.33067 0.221406 0.137944 0.0707744 0.0437923 0.0131692 0.00525238 0.0047753 0.00276346 9.45158e-05 9.00151e-06 2.25038e-05 9.00151e-06 4.50075e-06 0 0 0
 0.000866109 0.00284123 0.00948549 0.0512746 0.133035 0.25785 0.225252 0.132002 0.0553304 0.0519788 0.0540692 0.017754 0.00435017 0.00159236 0.00146478 0.000404838 0.000125132 0.000115318 0.000107957 0.000100596 0 0 0 0 0 0
 0 0 0 0 0.00144013 0.00171154 0.00461396 0.0210425 0.0478622 0.0707936 0.0888783 0.103762 0.0637923 0.0337046 0.0602308 0.124433 0.169614 0.0934646 0.0462172 0.0250306 0.0313229 0.00938855 0.002487 0.000210481 0 0
 0 0.00764035 0.051015 0.0998891 0.058973 0.0496711 0.0374665 0.0718981 0.12319 0.153886 0.159021 0.0857701 0.0377988 0.023471 0.0147837 0.00900784 0.00315554 0.000888139 0.00291439 0.00214683 0.00393193 0.00274676 0.000635225 9.99891e-05 0 0
 0 0 0 0 0 0 0 0 0 0 0 0 0 0 0 0 0 0 0 0 0 0 0 0 0 0
 0 0 0 0 0 0 0 0 0 0 0 0 0 0 0 0 0 0 0 0 0 0 0 0 0 0
 0 0 0 0 0 0 0 0 0 0 0 0 0 0 0 0 0 0 0 0 0 0 0 0 0 0
 0 0 0 0 0 0 0 0 0 0 0 0 0 0 0 0 0 0 0 0 0 0 0 0 0 0
 0 0 0 0 0 0 0 0 0 0 0 0 0 0 0 0 0 0 0 0 0 0 0 0 0 0
 0 0 0 0 0 0 0 0 0 0 0 0 0 0 0 0 0 0 0 0 0 0 0 0 0 0
ppred_pel_tallas
 1.11031e-16 4.51497e-05 0.000438871 0.00291646 0.0132578 0.04125 0.0878879 0.128278 0.12829 0.0879486 0.041455 0.0138558 0.00443927 0.00383489 0.00670449 0.0115581 0.017913 0.0251592 0.0326059 0.0397788 0.0464198 0.0521202 0.0559937 0.0568512 0.0538545 0.0471442
 1.17747e-16 4.11384e-05 0.00039988 0.00265735 0.0120799 0.0375853 0.0800805 0.116886 0.116914 0.0802171 0.0380444 0.0134072 0.00599354 0.00769829 0.0139501 0.0231308 0.0336527 0.043083 0.0490322 0.050561 0.0487907 0.0461033 0.0445376 0.0446212 0.0453672 0.0451662
 1.13108e-16 5.34602e-05 0.000519652 0.00345327 0.0156981 0.0488426 0.104065 0.15189 0.151908 0.104153 0.0491397 0.0165576 0.00561686 0.00526326 0.00912327 0.0151596 0.022218 0.0287663 0.0332877 0.0351259 0.0348535 0.0337842 0.0330283 0.0328523 0.0327365 0.0319039
 1.05156e-16 6.5021e-05 0.000632028 0.00420005 0.0190928 0.0594049 0.126569 0.184734 0.184748 0.126636 0.059631 0.0197464 0.00584238 0.00422293 0.00690185 0.0113531 0.016459 0.0209389 0.0235412 0.0237122 0.0219223 0.019319 0.016989 0.0154087 0.0144094 0.0135211
 1.03375e-16 5.90397e-05 0.000573887 0.00381368 0.0173365 0.0539403 0.114926 0.167743 0.167765 0.115034 0.0543034 0.0183853 0.00644684 0.00632353 0.0109829 0.0180751 0.02606 0.0328318 0.0362854 0.0354552 0.0310835 0.0251032 0.0194622 0.0152103 0.012374 0.0104255
 1.0242e-16 6.61406e-05 0.00064291 0.00427236 0.0194216 0.0604277 0.128748 0.187915 0.187929 0.128817 0.0606585 0.0200885 0.00594819 0.00430667 0.00704015 0.0115755 0.016765 0.0212833 0.02382 0.0237611 0.0215297 0.0182533 0.0150414 0.0124523 0.0104605 0.00877663
 1.04189e-16 4.50977e-05 0.000438365 0.00291309 0.0132425 0.0412026 0.0877878 0.128136 0.128172 0.0879629 0.0417903 0.0149402 0.00717525 0.00974493 0.0177266 0.0292517 0.0421748 0.0531226 0.0586812 0.0572716 0.0500751 0.0401993 0.0307868 0.0235477 0.0185642 0.0150467
 1.08909e-16 4.33128e-05 0.000421016 0.0027978 0.0127184 0.0395719 0.084313 0.123063 0.12309 0.0844439 0.040012 0.0139921 0.00600467 0.00745362 0.0134933 0.0224838 0.0329567 0.0426397 0.0492084 0.0515418 0.050274 0.0471248 0.0436069 0.0402019 0.0365175 0.0320267
 1.10812e-16 5.10495e-05 0.000496219 0.00329755 0.0149902 0.0466402 0.0993726 0.145042 0.145062 0.0994724 0.0469757 0.015961 0.00574087 0.00585163 0.0102863 0.0170955 0.0250294 0.0323487 0.0373207 0.0391803 0.0385472 0.0368745 0.0353868 0.0343731 0.0332784 0.0313263
 1.05333e-16 6.52405e-05 0.000634161 0.00421422 0.0191573 0.0596054 0.126996 0.185357 0.18537 0.12706 0.0598201 0.019778 0.00577449 0.00404724 0.00656824 0.0108114 0.0157022 0.0200367 0.0226398 0.0229915 0.0215278 0.0193085 0.0173213 0.0159729 0.0150723 0.0141677
 1.0145e-16 7.24788e-05 0.00070452 0.00468178 0.0212827 0.0662184 0.141086 0.205921 0.20593 0.141132 0.0663731 0.0217294 0.00580325 0.0031531 0.004724 0.00769838 0.0110911 0.013966 0.0154226 0.0150501 0.013168 0.0106045 0.00819515 0.00639078 0.00520227 0.00440006
 1.01017e-16 6.64892e-05 0.000646299 0.00429488 0.0195239 0.0607463 0.129427 0.188906 0.188922 0.129508 0.0610176 0.0203075 0.00626105 0.00493646 0.00820836 0.0134492 0.0193305 0.0242297 0.0265393 0.025516 0.0217211 0.0166433 0.0118192 0.00813211 0.00569131 0.00415652
 1.02146e-16 5.63527e-05 0.000547768 0.00364011 0.0165474 0.0514854 0.109696 0.16011 0.160135 0.109819 0.0518984 0.0177405 0.00663551 0.00708931 0.0124873 0.0205736 0.0296738 0.0373999 0.0413464 0.0403858 0.0353162 0.0282827 0.0214662 0.0160724 0.0122054 0.00939003
 1.03692e-16 5.78424e-05 0.000562248 0.00373634 0.0169849 0.0528463 0.112595 0.164341 0.164361 0.112696 0.0531827 0.0179571 0.00617993 0.00590714 0.0102396 0.0169169 0.0245509 0.0312632 0.0351649 0.0353643 0.0324519 0.0280126 0.0235856 0.0199127 0.0169217 0.0142083
 1.01325e-16 7.4582e-05 0.000724964 0.00481764 0.0219003 0.06814 0.14518 0.211895 0.211902 0.145213 0.0682504 0.0222194 0.00561936 0.00247737 0.00340936 0.00553583 0.0080086 0.0101582 0.011356 0.0113129 0.0102406 0.00869011 0.00720055 0.00603804 0.0051775 0.00445844
 1.00231e-16 7.82484e-05 0.000760602 0.00505447 0.0229769 0.0714896 0.152316 0.222311 0.222316 0.152338 0.071562 0.0231859 0.00557887 0.00190448 0.00224806 0.00358573 0.00514155 0.00643128 0.00702005 0.00670923 0.00565222 0.00425398 0.00293443 0.00193776 0.00129662 0.000917149
 1.01025e-16 3.66819e-05 0.000356561 0.00236948 0.0107713 0.0335139 0.0714067 0.104231 0.104282 0.0716559 0.0343503 0.013186 0.00842635 0.0135645 0.0250787 0.0412912 0.0592167 0.073914 0.08037 0.0762675 0.063391 0.0464825 0.0305022 0.0184005 0.0106654 0.00627008
 1.01288e-16 7.61481e-05 0.000740187 0.0049188 0.0223602 0.0695708 0.148228 0.216344 0.216347 0.148245 0.0696285 0.0225275 0.00534121 0.00167033 0.0018661 0.00302539 0.00449187 0.00594069 0.00708507 0.00777427 0.00804588 0.00803724 0.00783913 0.00742937 0.00673306 0.00573357
 1.01464e-16 5.71162e-05 0.00055519 0.00368943 0.0167717 0.052183 0.111182 0.16228 0.162307 0.111317 0.0526343 0.0180745 0.00695752 0.00768195 0.0135702 0.0222867 0.0319664 0.039922 0.0434607 0.0413523 0.0345812 0.0257184 0.0174316 0.0112735 0.00744108 0.00530512
 1.02718e-16 6.05301e-05 0.000588374 0.00390995 0.0177741 0.0553019 0.117827 0.171976 0.171995 0.117917 0.0556049 0.0186502 0.00611217 0.00540588 0.00923908 0.0152539 0.0221426 0.0282045 0.0317296 0.0318974 0.0292148 0.0250847 0.0208827 0.0172952 0.0143075 0.0116245
 1.02654e-16 6.4473e-05 0.0006267 0.00416465 0.0189319 0.0589042 0.125502 0.183177 0.183193 0.12558 0.0591654 0.0196867 0.00606057 0.00476969 0.00794509 0.0130653 0.0188913 0.0239181 0.0266543 0.0264108 0.0236934 0.0198235 0.0161062 0.013204 0.0110836 0.00937717
 1.02047e-16 6.57514e-05 0.000639127 0.00424723 0.0193073 0.0600722 0.127991 0.18681 0.186825 0.128067 0.0603285 0.0200476 0.00610607 0.004699 0.00778206 0.0127766 0.0184347 0.0232574 0.0257607 0.0252577 0.0222546 0.0180864 0.0140963 0.011005 0.00883567 0.00724762
 1.05477e-16 2.98367e-05 0.000290023 0.00192731 0.0087613 0.0272599 0.058082 0.0847829 0.0848332 0.0583277 0.028085 0.0111447 0.00791143 0.0133583 0.0248631 0.0410936 0.0592793 0.0747213 0.082632 0.0807822 0.0707966 0.0569883 0.0437224 0.03338 0.0261018 0.020846
 1.05812e-16 6.46535e-05 0.000628455 0.00417631 0.0189849 0.0590691 0.125853 0.183688 0.183696 0.125893 0.0592046 0.0193783 0.0051714 0.00282561 0.00431042 0.00721446 0.0108323 0.0145548 0.0177828 0.0202079 0.0219085 0.0231181 0.023883 0.0239421 0.0229275 0.0206836
 1.04797e-16 5.7269e-05 0.000556675 0.0036993 0.0168165 0.0523225 0.11148 0.162713 0.162736 0.111595 0.0527102 0.0179361 0.00650925 0.00669002 0.0117038 0.0192549 0.0277292 0.0348765 0.0384582 0.0374784 0.032795 0.0265498 0.0208779 0.0168899 0.0145193 0.0130461
 1.07497e-16 3.94696e-05 0.000383659 0.00254955 0.0115899 0.0360607 0.0768324 0.112147 0.112183 0.0770093 0.0366548 0.0133072 0.00686511 0.00982107 0.0180112 0.0298399 0.043276 0.0550354 0.0617739 0.0619216 0.0565557 0.0485405 0.0406757 0.0343396 0.0294238 0.025164
 1.05829e-16 6.3826e-05 0.000620412 0.00412285 0.0187419 0.0583131 0.124243 0.181338 0.181349 0.124297 0.0584959 0.0192713 0.00545709 0.00355059 0.00568046 0.00942581 0.0138917 0.0181435 0.0212638 0.0228237 0.0230852 0.0227029 0.022185 0.021574 0.0205542 0.0188063
 1.03966e-16 6.08076e-05 0.000591071 0.00392788 0.0178556 0.0555554 0.118367 0.172765 0.172785 0.118465 0.0558846 0.0188064 0.00631468 0.00580224 0.00996032 0.0163779 0.0236079 0.0297386 0.0328722 0.0321547 0.0282906 0.023062 0.0182462 0.0147701 0.0125923 0.0111458
 1.07497e-16 3.18677e-05 0.000309765 0.0020585 0.00935768 0.0291155 0.0620352 0.0905516 0.0905966 0.0622549 0.0298532 0.0114897 0.00741415 0.0120144 0.0222996 0.0369159 0.0534103 0.0676547 0.0754403 0.0748007 0.0671303 0.056126 0.0454597 0.0370289 0.0308079 0.0258425
 1.14759e-16 4.02578e-05 0.00039132 0.00260046 0.0118213 0.0367807 0.0783658 0.114382 0.114402 0.0784672 0.0371219 0.0128111 0.00510082 0.00590266 0.0106634 0.0179742 0.0268484 0.0357806 0.04322 0.0484091 0.0516702 0.0538188 0.0552387 0.0554691 0.0536118 0.0491084
pSPR Fmed_Fpbrs
0.555331   0.2272 0.2272
Fs Fmed_Fpbrs
0.34   1.005 1.005
SSBpbr Bo_Bmed_Bpbrs
1.33022e+06  672200  235715 235715
Ro
130697
SPR SPRFo_SPRFmed_SPRFpbrs
930366 516661 211379
Fref
1.005
Nvult_r0
 45667.3 19821.8 20894.2 5157.09 1291.36
CTP_r0
 19278.5 9935.6 10473.1 2584.98 647.29
YTP_r0
681559
Np
 182363 32312.1 2160.83 814.644 974.353
Nvult_p0
 150051 27960.9 1869.85 704.943 843.146
CTP_p0
 63344.3 6960.15 2624.02 2765.98 863
 63344.3 14015.3 937.256 353.351 422.624
YTP_p0
 779282 770707
CBA_c0
710876
log_Ro
11.6006
likeval ReclasPelacesDesembMPH_pf_preclas_ppelaces_ptallas_desvR_qrecl_qpela
 11.7562 16.6633 0.0285228 16.0797 211.281 115.513 97.5678 0 23.6872 5.71158e-06 2.33501e-05 0.133334 0 0 0
q_reclas_q_pelaces
1.40211 1.98055
M
1
N
 166814 34990.9 84526.8 5866.75 0.211908
 93402.9 52427 10365.4 25039.6 1737.98
 92547.1 25690.7 12927.9 2556 6603.06
 139991 25572.2 6375.09 3208.03 2272.8
 113295 33556.7 5218.74 1301.02 1118.52
 208336 36156.1 10152.2 1578.86 732.001
 82276.4 59452.7 9378.95 2633.49 599.442
 34887.3 16711.3 9660.42 1523.98 525.317
 33923.6 11583.5 5338.91 3086.31 654.708
 45800.7 8287.32 2426.4 1118.34 783.631
 92706.4 9454.19 1376.87 403.126 315.998
 140590 30342.3 2961.36 431.282 225.253
 85773.7 33381.2 6111.68 596.492 132.242
 53456 19982.5 6550.33 1199.29 142.998
 82265.4 6676.31 1663.2 545.201 111.722
 349714 17219.4 1130.67 281.673 111.254
 70345.7 81543.6 3383.01 222.138 77.1963
 502956 19035.7 19661.5 815.7 72.1744
 320804 134775 4528.43 4677.31 211.218
 290321 75173.2 26659.3 895.748 966.978
 356794 72791.1 16319.7 5787.6 404.389
 488643 98213.9 17968.8 4028.61 1528.52
 91583.2 124992 21916.9 4009.83 1240.1
 268786 26990.4 33892 5942.83 1423.53
 243604 80892 7532.68 9458.8 2055.86
 101151 73492.9 22652 2109.35 3224.42
 228513 31723.5 21708.1 6690.88 1575.48
 261673 68790.1 8856.82 6060.66 2307.87
 72805.5 81387.8 20088.1 2586.37 2443.78
 55501.3 22906.4 24145.6 5959.62 1492.32
pred_Ctot
 15561.1 4384.42 10591.4 735.115 0.0265524
 15254.3 11286.1 2231.39 5390.33 374.14
 14903.5 5456.71 2745.89 542.895 1402.49
 31918.1 7546.49 1881.32 946.708 670.715
 9600.62 3828.18 595.357 148.421 127.602
 30153.8 6933.07 1946.72 302.753 140.364
 24432.7 22390.8 3532.27 991.815 225.76
 2167.37 1405.9 812.718 128.21 44.1942
 7446.59 3299.08 1520.57 879.007 186.467
 13310.9 3060.43 896.045 412.993 289.387
 6527.1 899.461 130.994 38.353 30.0637
 32647.1 9108.58 888.985 129.468 67.6198
 20631.4 10354.8 1895.83 185.031 41.0214
 24292.6 10950.7 3589.67 657.224 78.365
 23454.1 2422.66 603.53 197.839 40.5409
 83984.7 5333.58 350.217 87.2458 34.46
 12055.4 18379 762.492 50.0673 17.3992
 88598.1 4404.27 4549.07 188.728 16.6989
 76351.1 41397.1 1390.94 1436.67 64.8771
 60286.2 20322.1 7207 242.154 261.411
 58131.8 15634.2 3505.19 1243.07 86.8556
 96923.7 25428.6 4652.31 1043.05 395.75
 11724.4 21295.5 3734.09 683.175 211.282
 31419.9 4211.51 5288.4 927.301 222.124
 28157.2 12485.1 1162.62 1459.9 317.307
 9553.59 9320.88 2872.88 267.523 408.943
 26679.9 4944.23 3383.3 1042.8 245.544
 25914.2 9136.83 1176.38 804.989 306.536
 6747.86 10134 2501.26 322.041 304.287
 7659.92 4196.01 4423.02 1091.69 273.364
F
 0.15746 0.216611 0.216611 0.216611 0.216611
 0.290792 0.400031 0.400031 0.400031 0.400031
 0.286213 0.393732 0.393732 0.393732 0.393732
 0.428339 0.589249 0.589249 0.589249 0.589249
 0.142151 0.195551 0.195551 0.195551 0.195551
 0.253971 0.349377 0.349377 0.349377 0.349377
 0.594001 0.817143 0.817143 0.817143 0.817143
 0.102542 0.141063 0.141063 0.141063 0.141063
 0.409385 0.563174 0.563174 0.563174 0.563174
 0.577841 0.794912 0.794912 0.794912 0.794912
 0.116896 0.160809 0.160809 0.160809 0.160809
 0.437855 0.60234 0.60234 0.60234 0.60234
 0.456854 0.628475 0.628475 0.628475 0.628475
 1.08029 1.48612 1.48612 1.48612 1.48612
 0.563913 0.775752 0.775752 0.775752 0.775752
 0.455978 0.627271 0.627271 0.627271 0.627271
 0.307107 0.422475 0.422475 0.422475 0.422475
 0.316894 0.435939 0.435939 0.435939 0.435939
 0.451035 0.620471 0.620471 0.620471 0.620471
 0.383393 0.527419 0.527419 0.527419 0.527419
 0.29001 0.398955 0.398955 0.398955 0.398955
 0.363381 0.499889 0.499889 0.499889 0.499889
 0.221765 0.305073 0.305073 0.305073 0.305073
 0.2008 0.276232 0.276232 0.276232 0.276232
 0.198355 0.272869 0.272869 0.272869 0.272869
 0.159561 0.219501 0.219501 0.219501 0.219501
 0.200535 0.275869 0.275869 0.275869 0.275869
 0.16787 0.230931 0.230931 0.230931 0.230931
 0.156377 0.215121 0.215121 0.215121 0.215121
 0.240916 0.331419 0.331419 0.331419 0.331419
YTP_r0W_actual
 140733 157976 277538 81943.8 23367.2
YTP_p0W_proyectada
 477616 121455 63160.1 86630.5 30420.8
 477616 244567 22559.8 11066.9 14897.5
CTP_r0_actual
 19278.5 9935.6 10473.1 2584.98 647.29
CTP_p0_proyectada
 63344.3 6960.15 2624.02 2765.98 863
 63344.3 14015.3 937.256 353.351 422.624
Wmedp
 7.54 17.45 24.07 31.32 35.25
Frms_r0
 0.730558 1.005 1.005 1.005 1.005
Zrms_r0
 1.73056 2.005 2.005 2.005 2.005
nmprior
 7.29 8.9 8.7 0
nm_flota  nm_reclas  nm_pelaces    nm_pelaL
inf 12.5017 14.9772 25.7346
cv_recla  cv_pelaces  cv_mph
0.317438 0.480336 0.567093
 ------------------------------------------------
Talla a la edad & desviaci?n 
 8 13.2811 15.8009 17.003 17.5766
 0.8 1.32811 1.58009 1.7003 1.75766
