    unsorted:	 6.473068540e-05 0.4235359039 -2.094262277 8.884341721 7.819862011 3.760508136 11.89595792 -4.150396752 17.55698846 41.12066628 74.31417238 157.7358849 181.3683761 194.6660759 234.5588399 378.1871699 493.9174490 617.0932078 751.6353262 925.2933010 906.8265533 838.7701363 990.7895861 1080.218528 1105.832680 1178.365639 1370.895104 1401.181586 1498.312755 1571.295088 1848.659220 1887.547792 1994.581694 2258.182012 2270.085006 2294.868104 2416.498242 2686.549070 2817.603420 2959.638027 3293.501803 3727.727845 4133.310533 10557.79493 14599.28621 42354.16574 169219.0178 386874.6121 384095.3433 397570.3448 373448.0221 361891.8964 416370.1074 325930.5341 455804.5922 472543.9650 569851.0165 615906.2890 658406.1864 701813.7504 706185.9740 947556.1418 1024870.623 1203981.299 1182521.218 1530526.931 1664271.125 1872151.980 2182677.855 2297247.232 2385754.272 2513097.921 2778269.514 3086559.746 4445247.578 44684327.63
      sorted:	 -4.150396752 -2.094262277 6.473068540e-05 0.4235359039 3.760508136 7.819862011 8.884341721 11.89595792 17.55698846 41.12066628 74.31417238 157.7358849 181.3683761 194.6660759 234.5588399 378.1871699 493.9174490 617.0932078 751.6353262 838.7701363 906.8265533 925.2933010 990.7895861 1080.218528 1105.832680 1178.365639 1370.895104 1401.181586 1498.312755 1571.295088 1848.659220 1887.547792 1994.581694 2258.182012 2270.085006 2294.868104 2416.498242 2686.549070 2817.603420 2959.638027 3293.501803 3727.727845 4133.310533 10557.79493 14599.28621 42354.16574 169219.0178 325930.5341 361891.8964 373448.0221 384095.3433 386874.6121 397570.3448 416370.1074 455804.5922 472543.9650 569851.0165 615906.2890 658406.1864 701813.7504 706185.9740 947556.1418 1024870.623 1182521.218 1203981.299 1530526.931 1664271.125 1872151.980 2182677.855 2297247.232 2385754.272 2513097.921 2778269.514 3086559.746 4445247.578 44684327.63
