years
 1991 1992 1993 1994 1995 1996 1997 1998 1999 2000 2001 2002 2003 2004 2005 2006 2007 2008 2009 2010 2011 2012 2013 2014 2015 2016 2017 2018 2019 2020
reclasobs
 0 0 0 0 0 0 0 0 0 252601 567819 844713 477998 351125 339783 2.1784e+06 2.13404e+06 4.81314e+06 1.55562e+06 2.62356e+06 3.21686e+06 3.843e+06 1.13348e+06 3.07943e+06 1.97215e+06 2.03268e+06 2.025e+06 2.42433e+06 2.27542e+06 1.05018e+06
reclaspred
 3.46781e+06 2.33324e+06 1.64473e+06 1.72681e+06 1.80668e+06 2.08863e+06 1.71962e+06 2.45374e+06 2.59207e+06 2.76223e+06 2.02906e+06 2.03516e+06 1.86173e+06 1.73248e+06 1.79326e+06 1.807e+06 1.87991e+06 2.16212e+06 1.18503e+06 845576 1.33968e+06 806995 1.0737e+06 1.68898e+06 1.50749e+06 1.86143e+06 2.0224e+06 1.69771e+06 2.03019e+06 2.13264e+06
pelacesobs
 0 0 0 0 0 0 0 0 0 0 0 0 0 0 0 552880 188675 0 991730 2.46772e+06 1.41603e+06 1.21717e+06 2.29649e+06 1.80582e+06 0 1.4828e+06 1.56532e+06 1.57751e+06 1.42118e+06 867257
pelacespred
 1.67005e+06 1.19602e+06 818250 739453 842024 957409 795441 1.26709e+06 1.41343e+06 1.40801e+06 1.15882e+06 968936 934026 946942 987186 846814 846143 919535 558449 347131 515106 327684 482363 819777 737479 897144 1.08531e+06 913314 915606 1.04976e+06
mphobs
 0 0 0 0 0 0 0 0 0 0 0 0 498337 0 5186 125008 0 168611 109162 213762 579715 649985 157893 87575 83554 210694 70296 0 107559 103333
mphpred
 3.27954e+06 2.31896e+06 1.5718e+06 1.26258e+06 1.41666e+06 1.5455e+06 1.56907e+06 1.41612e+06 2.04211e+06 2.34355e+06 1.88579e+06 1.70996e+06 1.59238e+06 1.36189e+06 1.31971e+06 1.64149e+06 1.35803e+06 1.70029e+06 1.19145e+06 661652 751128 716428 465813 927161 1.31096e+06 1.09843e+06 1.503e+06 1.38998e+06 1.55267e+06 1.62168e+06
desembarqueobs
 494567 514787 250237 358949 120608 361735 552515 73892 212993 205616 52469 317467 293654 387597 252695 516296 358380 742168 942051 627588 828172 859565 418607 520667 417249 300574 415391 372974 316634 284311
desembarquepred
 494539 505565 260809 358697 120534 361472 552077 73845.7 212899 205541 52440.8 317422 293615 387654 252611 515952 358067 740560 937351 624650 825321 855926 418203 520328 416978 300392 415116 372681 316449 284164
Reclutas
 277666 277666 277666 277666 277666 277666 277666 277666 277666 277666 277666 277666 277666 277666 277666 277666 277666 277666 277666 277666 277666 277666 277666 277666 277666 277666 277666 277666 277666 277666
log_desv_Rt
 0 0 0 0 0 0 0 0 0 0 0 0 0 0 0 0 0 0 0 0 0 0 0 0 0 0 0 0 0 0
SSB
 3.27954e+06 2.31896e+06 1.5718e+06 1.26258e+06 1.41666e+06 1.5455e+06 1.56907e+06 1.41612e+06 2.04211e+06 2.34355e+06 1.88579e+06 1.70996e+06 1.5384e+06 1.34549e+06 1.29011e+06 1.60038e+06 1.35803e+06 1.70029e+06 1.23293e+06 684131 799624 820138 541246 1.02792e+06 1.36146e+06 1.20459e+06 1.55782e+06 1.38998e+06 1.60707e+06 1.58555e+06
BT
 4.59922e+06 3.61703e+06 2.33368e+06 2.38967e+06 2.37367e+06 3.0836e+06 2.65395e+06 4.2518e+06 4.42587e+06 4.0311e+06 3.19361e+06 2.91547e+06 2.93195e+06 3.38256e+06 3.40711e+06 2.79335e+06 2.77875e+06 3.23853e+06 2.64864e+06 1.64346e+06 2.38757e+06 1.81126e+06 2.08939e+06 3.26266e+06 2.443e+06 3.11466e+06 3.80169e+06 3.15785e+06 2.76405e+06 3.37038e+06
Ftot
 0.135336 0.204425 0.150312 0.196259 0.0637071 0.163974 0.300485 0.0288206 0.0783756 0.0710099 0.0247536 0.147917 0.149588 0.211375 0.133919 0.268021 0.180323 0.319926 0.71136 0.67054 0.564137 0.931357 0.36445 0.289516 0.259959 0.153155 0.194129 0.207518 0.147838 0.12665
BD_Bspro_t
 0.978579 0.861781 0.76661 0.751117 0.755659 0.809202 0.772343 0.713248 0.837003 0.872373 0.87574 0.901152 0.836197 0.789426 0.770426 0.78605 0.700798 0.736702 0.60556 0.436601 0.423416 0.410842 0.346953 0.532793 0.626736 0.651286 0.743677 0.745314 0.765087 0.766343
BD_Bspro
 1.65922 1.17323 0.79522 0.638775 0.716734 0.781916 0.793842 0.716456 1.03316 1.18567 0.954081 0.865119 0.778322 0.680725 0.652708 0.809681 0.687071 0.860228 0.623778 0.346123 0.404554 0.414933 0.273833 0.520054 0.688802 0.609437 0.788148 0.703232 0.813064 0.802177
BD_Bo
 1.20204 0.84996 0.576106 0.462768 0.519246 0.566468 0.575108 0.519045 0.748488 0.858975 0.691195 0.626746 0.563864 0.493159 0.472862 0.586582 0.497756 0.623202 0.451903 0.250753 0.293084 0.300603 0.198381 0.376759 0.499011 0.441514 0.570983 0.509464 0.589034 0.581147
BD_Brms
 5.10638 3.61071 2.44735 1.96588 2.20581 2.40641 2.44311 2.20495 3.17965 3.64901 2.93626 2.66247 2.39535 2.09499 2.00876 2.49186 2.11452 2.64742 1.91973 1.06522 1.24505 1.27699 0.842743 1.60051 2.11985 1.87559 2.42559 2.16425 2.50227 2.46877
Sel_flota
 0.5 1 1 1 1
 0.5 1 1 1 1
 0.5 1 1 1 1
 0.5 1 1 1 1
 0.5 1 1 1 1
 0.5 1 1 1 1
 0.5 1 1 1 1
 0.5 1 1 1 1
 0.5 1 1 1 1
 0.5 1 1 1 1
 0.5 1 1 1 1
 0.5 1 1 1 1
 0.5 1 1 1 1
 0.5 1 1 1 1
 0.5 1 1 1 1
 0.5 1 1 1 1
 0.5 1 1 1 1
 0.5 1 1 1 1
 0.5 1 1 1 1
 0.5 1 1 1 1
 0.5 1 1 1 1
 0.5 1 1 1 1
 0.5 1 1 1 1
 0.5 1 1 1 1
 0.5 1 1 1 1
 0.5 1 1 1 1
 0.5 1 1 1 1
 0.5 1 1 1 1
 0.5 1 1 1 1
 0.5 1 1 1 1
Sel_reclas
 0.5 1 1 1 1
 0.5 1 1 1 1
 0.5 1 1 1 1
 0.5 1 1 1 1
 0.5 1 1 1 1
 0.5 1 1 1 1
 0.5 1 1 1 1
 0.5 1 1 1 1
 0.5 1 1 1 1
 0.5 1 1 1 1
 0.5 1 1 1 1
 0.5 1 1 1 1
 0.5 1 1 1 1
 0.5 1 1 1 1
 0.5 1 1 1 1
 0.5 1 1 1 1
 0.5 1 1 1 1
 0.5 1 1 1 1
 0.5 1 1 1 1
 0.5 1 1 1 1
 0.5 1 1 1 1
 0.5 1 1 1 1
 0.5 1 1 1 1
 0.5 1 1 1 1
 0.5 1 1 1 1
 0.5 1 1 1 1
 0.5 1 1 1 1
 0.5 1 1 1 1
 0.5 1 1 1 1
 0.5 1 1 1 1
Sel_pelaces
 0.5 1 1 1 1
 0.5 1 1 1 1
 0.5 1 1 1 1
 0.5 1 1 1 1
 0.5 1 1 1 1
 0.5 1 1 1 1
 0.5 1 1 1 1
 0.5 1 1 1 1
 0.5 1 1 1 1
 0.5 1 1 1 1
 0.5 1 1 1 1
 0.5 1 1 1 1
 0.5 1 1 1 1
 0.5 1 1 1 1
 0.5 1 1 1 1
 0.5 1 1 1 1
 0.5 1 1 1 1
 0.5 1 1 1 1
 0.5 1 1 1 1
 0.5 1 1 1 1
 0.5 1 1 1 1
 0.5 1 1 1 1
 0.5 1 1 1 1
 0.5 1 1 1 1
 0.5 1 1 1 1
 0.5 1 1 1 1
 0.5 1 1 1 1
 0.5 1 1 1 1
 0.5 1 1 1 1
 0.5 1 1 1 1
pf_obs 
 0.8446 0.082 0.0669 0.0065 0
 0.8095 0.147 0.0364 0.0071 0
 0.9664 0.0169 0.016 0.0007 0
 0.9276 0.0648 0.0075 0.0001 0
 0.7033 0.2144 0.0806 0.0017 0
 0.9318 0.0425 0.0243 0.0014 0
 0.5671 0.3108 0.0964 0.0239 0.0018
 0.0768 0.2599 0.5324 0.112 0.0189
 0.490249 0.384438 0.106611 0.0170017 0.00170017
 0.7925 0.1577 0.0466 0.003 0.0002
 0.840416 0.127587 0.0312969 0.00059994 9.999e-05
 0.8084 0.0986 0.0794 0.0134 0.0002
 0.7335 0.1905 0.0724 0.0035 0.0001
 0.4001 0.4547 0.1325 0.0127 0
 0.49795 0.308269 0.164784 0.0264974 0.00249975
 0.9179 0.0499 0.0305 0.0017 0
 0.2467 0.6533 0.0926 0.0074 0
 0.9418 0.0223 0.034 0.0019 0
 0.707729 0.231977 0.0356964 0.0245975 0
 0.517169 0.277429 0.184464 0.0207286 0.00020938
 0.811772 0.124168 0.05621 0.00726502 0.000585176
 0.764997 0.148141 0.077277 0.00933861 0.000247198
 0.163321 0.427699 0.378323 0.0303852 0.000271297
 0.753843 0.0900009 0.118128 0.0371064 0.000921714
 0.721811 0.176058 0.0630433 0.0369309 0.00215725
 0.143369 0.312575 0.442814 0.0836902 0.0175525
 0.692698 0.0596174 0.167031 0.0765114 0.00414204
 0.394062 0.376323 0.152708 0.0712218 0.00568511
 0.125707 0.32114 0.495352 0.0537591 0.00404204
 0.23352 0.215282 0.420074 0.123614 0.00750983
pf_pred 
 0.438885 0.0439081 0.468983 0.0340746 0.0141493
 0.484294 0.319475 0.0153554 0.164011 0.0168647
 0.508409 0.327495 0.101656 0.00488605 0.0575542
 0.510442 0.33475 0.103133 0.0320128 0.0196633
 0.511236 0.336519 0.104102 0.0320725 0.0160704
 0.496869 0.342456 0.110626 0.0342222 0.0158264
 0.513841 0.32797 0.107671 0.034782 0.0157357
 0.525929 0.330984 0.0965288 0.03169 0.0148685
 0.492006 0.351085 0.109549 0.0319492 0.01541
 0.488068 0.340264 0.118644 0.0370205 0.0160043
 0.483254 0.341391 0.116552 0.0406394 0.0181628
 0.480936 0.339079 0.118908 0.0405956 0.0204811
 0.498741 0.330521 0.111535 0.039113 0.0200902
 0.507981 0.332266 0.105339 0.0355467 0.0188683
 0.516277 0.332501 0.102121 0.0323757 0.0167244
 0.513978 0.335112 0.103733 0.0318595 0.0153181
 0.52883 0.32802 0.0987019 0.0305528 0.0138954
 0.527123 0.332472 0.0977472 0.0294124 0.0132452
 0.564423 0.30948 0.0886566 0.0260651 0.011375
 0.627218 0.284747 0.0625494 0.0179185 0.00756707
 0.630556 0.297618 0.0548641 0.0120518 0.00491048
 0.631503 0.295669 0.0586685 0.0108152 0.00334373
 0.656643 0.282119 0.0491355 0.00974976 0.00235299
 0.583384 0.337552 0.0649629 0.0113143 0.00278688
 0.554958 0.33527 0.0889393 0.0171166 0.00371543
 0.538075 0.336921 0.0941709 0.0249813 0.00585133
 0.519772 0.340528 0.101895 0.02848 0.0093247
 0.52101 0.333535 0.103142 0.0308627 0.0114506
 0.520404 0.334869 0.100778 0.0311643 0.012785
 0.510338 0.339782 0.104651 0.0314942 0.0137347
pobs_RECLAS
 0 0 0 0 0
 0 0 0 0 0
 0 0 0 0 0
 0 0 0 0 0
 0 0 0 0 0
 0 0 0 0 0
 0 0 0 0 0
 0 0 0 0 0
 0 0 0 0 0
 0 0 0 0 0
 0.991045 0.00858322 0.000360255 1.14367e-05 0
 0.934742 0.0480273 0.0164251 0.00080598 0
 0.827803 0.169806 0.00239088 0 0
 0.941827 0.0461693 0.0120037 0 0
 0.791401 0.0380133 0.147996 0.0225897 0
 0.846168 0.0940531 0.0597789 0 0
 0.134021 0.677848 0.182769 0.00536245 0
 0.80878 0.0450904 0.141981 0.00414843 0
 0.846168 0.0940531 0.0597789 0 0
 0.905697 0.0802665 0.012482 0.00150086 5.37128e-05
 0.989698 0.0102097 9.19794e-05 0 0
 0.975433 0.0193895 0.00387452 0.00125025 5.28907e-05
 0.303575 0.632131 0.0575291 0.00676475 0
 0.966965 0.00978017 0.0227588 0.000495775 0
 0.843318 0.132988 0.00938335 0.0141283 0.000182051
 0.564624 0.303363 0.111486 0.0197234 0.00080311
 0.826376 0.0876187 0.0782897 0.00655872 0.00115652
 0.89761 0.0855135 0.0140674 0.00269457 0.000114338
 0.34875 0.467042 0.161289 0.0227151 0.000203297
 0.318654 0.224769 0.449479 0.00709798 0
ppred_RECLAS
 0.440385 0.0437907 0.467729 0.0339835 0.0141114
 0.486695 0.317987 0.0152839 0.163248 0.0167862
 0.510116 0.326358 0.101303 0.00486908 0.0573544
 0.512736 0.333181 0.102649 0.0318628 0.0195711
 0.511919 0.336049 0.103956 0.0320278 0.016048
 0.498748 0.341177 0.110213 0.0340944 0.0157673
 0.51758 0.325448 0.106843 0.0345145 0.0156147
 0.526229 0.330774 0.0964676 0.0316699 0.014859
 0.492855 0.350499 0.109366 0.0318958 0.0153842
 0.488833 0.339756 0.118466 0.0369652 0.0159803
 0.483512 0.341221 0.116494 0.0406192 0.0181537
 0.482611 0.337985 0.118525 0.0404646 0.020415
 0.500439 0.329401 0.111157 0.0389805 0.0200221
 0.510475 0.330581 0.104805 0.0353664 0.0187727
 0.51778 0.331468 0.101804 0.0322751 0.0166724
 0.51725 0.332856 0.103034 0.031645 0.015215
 0.53091 0.326572 0.0982661 0.0304179 0.0138341
 0.531139 0.329649 0.0969171 0.0291626 0.0131327
 0.575146 0.301861 0.086474 0.0254235 0.011095
 0.636632 0.277556 0.0609699 0.017466 0.00737598
 0.638063 0.29157 0.0537493 0.0118069 0.0048107
 0.646015 0.284025 0.056358 0.0103893 0.00321205
 0.660876 0.278641 0.0485297 0.00962956 0.00232398
 0.586863 0.334733 0.0644205 0.0112198 0.0027636
 0.558079 0.332919 0.0883157 0.0169966 0.00368938
 0.539808 0.335658 0.0938178 0.0248877 0.00582938
 0.522036 0.338923 0.101415 0.0283458 0.00928075
 0.523449 0.331837 0.102617 0.0307056 0.0113923
 0.522077 0.333701 0.100426 0.0310556 0.0127404
 0.511754 0.3388 0.104348 0.0314032 0.013695
pobs_PELACES
 0 0 0 0 0
 0 0 0 0 0
 0 0 0 0 0
 0 0 0 0 0
 0 0 0 0 0
 0 0 0 0 0
 0 0 0 0 0
 0 0 0 0 0
 0 0 0 0 0
 0 0 0 0 0
 0 0 0 0 0
 0 0 0 0 0
 0 0 0 0 0
 0 0 0 0 0
 0 0 0 0 0
 0 0 0 0 0
 0.505614 0.472636 0.0217494 0 0
 0 0 0 0 0
 0.443492 0.261883 0.143347 0.151278 0
 0.227955 0.32914 0.350689 0.0885471 0.00366901
 0.970185 0.0296113 0.000203453 0 0
 0.997202 0.00247181 0.000326279 0 0
 0.445219 0.490057 0.0546422 0.010081 0
 0.90214 0.0892962 0.00764917 0.000914606 0
 0 0 0 0 0
 0.581667 0.319106 0.0959925 0.00289975 0.000334073
 0.762889 0.0836404 0.116647 0.0363945 0.000428098
 0.88444 0.0763242 0.0277011 0.0115352 0
 0.521256 0.241999 0.230069 0.00667565 0
 0.616807 0.101726 0.260614 0.0208532 0
ppred_PELACES
 0.445896 0.0433595 0.463124 0.0336488 0.0139725
 0.495125 0.312765 0.0150329 0.160567 0.0165105
 0.516312 0.32223 0.100022 0.0048075 0.056629
 0.520822 0.327652 0.100946 0.031334 0.0192463
 0.514545 0.334241 0.103397 0.0318554 0.0159616
 0.505512 0.336573 0.108726 0.0336343 0.0155545
 0.529946 0.317105 0.104104 0.0336297 0.0152144
 0.527415 0.329947 0.0962262 0.0315907 0.0148219
 0.496087 0.348265 0.108669 0.0316925 0.0152862
 0.491761 0.337809 0.117788 0.0367534 0.0158888
 0.484532 0.340547 0.116264 0.0405389 0.0181178
 0.488707 0.334003 0.117128 0.0399878 0.0201744
 0.506609 0.325333 0.109784 0.038499 0.0197748
 0.519187 0.324698 0.10294 0.0347371 0.0184386
 0.523295 0.327677 0.10064 0.031906 0.0164817
 0.528283 0.325249 0.10068 0.0309218 0.0148673
 0.538313 0.321418 0.0967154 0.0299379 0.0136158
 0.54426 0.320423 0.0942049 0.0283465 0.0127652
 0.603544 0.281685 0.080694 0.0237241 0.0103534
 0.66182 0.258317 0.0567436 0.0162553 0.0068647
 0.659272 0.274485 0.0505997 0.0111151 0.0045288
 0.68032 0.2565 0.0508963 0.00938245 0.00290077
 0.67422 0.267676 0.0466201 0.00925065 0.00223253
 0.598395 0.32539 0.0626223 0.0109067 0.00268646
 0.56863 0.324971 0.0862072 0.0165908 0.0036013
 0.546079 0.331084 0.0925394 0.0245485 0.00574995
 0.530022 0.33326 0.0997201 0.0278722 0.00912568
 0.531983 0.325894 0.100779 0.0301557 0.0111883
 0.52816 0.329453 0.0991478 0.0306603 0.0125782
 0.516974 0.335178 0.103232 0.0310674 0.0135486
pobs_pel_tallas
 0 0 0 0 0 0 0 0 0 0 0 0 0 0 0 0 0 0 0 0 0 0 0 0 0 0
 0 0 0 0 0 0 0 0 0 0 0 0 0 0 0 0 0 0 0 0 0 0 0 0 0 0
 0 0 0 0 0 0 0 0 0 0 0 0 0 0 0 0 0 0 0 0 0 0 0 0 0 0
 0 0 0 0 0 0 0 0 0 0 0 0 0 0 0 0 0 0 0 0 0 0 0 0 0 0
 0 0 0 0 0 0 0 0 0 0 0 0 0 0 0 0 0 0 0 0 0 0 0 0 0 0
 0 0 0 0 0 0 0 0 0 0 0 0 0 0 0 0 0 0 0 0 0 0 0 0 0 0
 0 0 0 0 0 0 0 0 0 0 0 0 0 0 0 0 0 0 0 0 0 0 0 0 0 0
 0 0 0 0 0 0 0 0 0 0 0 0 0 0 0 0 0 0 0 0 0 0 0 0 0 0
 0 0 0 0 0 0 0 0 0 0 0 0 0 0 0 0 0 0 0 0 0 0 0 0 0 0
 0 0 0 0 0 0 0 0 0 0 0 0 0 0 0 0 0 0 0 0 0 0 0 0 0 0
 0 0 0 0 0 0 0 0 0 0 0 0 0 0 0 0 0 0 0 0 0 0 0 0 0 0
 0 0 0 0 0 0 0 0 0 0 0 0 0 0 0 0 0 0 0 0 0 0 0 0 0 0
 0.00862536 0 0 0.000197151 0.00414017 0.0128641 0.00837892 0.0270097 0.101434 0.158115 0.152841 0.127902 0.109271 0.109419 0.0830992 0.0579132 0.0238553 0.00714673 0.00463305 0.00128148 0.00103504 0.000492878 0.000147863 0.000147863 4.92878e-05 0
 0 0 0 0 0 0 0 0 0 0 0 0 0 0 0 0 0 0 0 0 0 0 0 0 0 0
 0 0 0 0 0 0 0 0.0054083 0.00873648 0.0413646 0.0450493 0.0745869 0.0622846 0.0627006 0.0613931 0.0827291 0.12552 0.122667 0.0946155 0.0697135 0.0546179 0.0294188 0.0215738 0.0213955 0.0102223 0.00600262
 0 0 0 0 0.00359764 0.0251062 0.0480494 0.140153 0.205849 0.193036 0.1447 0.116669 0.0760912 0.0342217 0.00950174 0.001854 0.000860785 0 0 0 0.000165536 0 0.000143464 0 0 0
 0 0 0 0 0 0 0 0.000145254 0.000435761 0.0275982 0.070085 0.0708112 0.156366 0.174668 0.174014 0.160142 0.0824315 0.0480064 0.0283245 0.00493863 0.00203355 0 0 0 0 0
 0 0 0 0 0 0 0 0 0 0 0 0 0 0 0 0 0 0 0 0 0 0 0 0 0 0
 0 0 1.00437e-05 0.000401748 0.00122533 0.00171747 0.00176769 0.0269171 0.070346 0.194647 0.189555 0.159765 0.064822 0.0314167 0.0384472 0.0292271 0.0345202 0.0313363 0.0194345 0.0106764 0.0143323 0.0359363 0.0279516 0.0138201 0.00172751 0
 0 0.0021121 0.0136068 0.0755702 0.200478 0.177729 0.0527432 0.0373336 0.0318909 0.0142505 0.0149659 0.0166563 0.0217959 0.0798694 0.0677717 0.0528807 0.04013 0.0224614 0.0357745 0.0225083 0.00881397 0.00855152 0.00135912 0.000746735 0 0
 0 0 0 0 5.4009e-05 0.00500934 0.000945158 0.0243581 0.138947 0.33067 0.221406 0.137944 0.0707744 0.0437923 0.0131692 0.00525238 0.0047753 0.00276346 9.45158e-05 9.00151e-06 2.25038e-05 9.00151e-06 4.50075e-06 0 0 0
 0.000866109 0.00284123 0.00948549 0.0512746 0.133035 0.25785 0.225252 0.132002 0.0553304 0.0519788 0.0540692 0.017754 0.00435017 0.00159236 0.00146478 0.000404838 0.000125132 0.000115318 0.000107957 0.000100596 0 0 0 0 0 0
 0 0 0 0 0.00144013 0.00171154 0.00461396 0.0210425 0.0478622 0.0707936 0.0888783 0.103762 0.0637923 0.0337046 0.0602308 0.124433 0.169614 0.0934646 0.0462172 0.0250306 0.0313229 0.00938855 0.002487 0.000210481 0 0
 0 0.00764035 0.051015 0.0998891 0.058973 0.0496711 0.0374665 0.0718981 0.12319 0.153886 0.159021 0.0857701 0.0377988 0.023471 0.0147837 0.00900784 0.00315554 0.000888139 0.00291439 0.00214683 0.00393193 0.00274676 0.000635225 9.99891e-05 0 0
 0 0 0 0 0 0 0 0 0 0 0 0 0 0 0 0 0 0 0 0 0 0 0 0 0 0
 0 0 0 0 0 0 0 0 0 0 0 0 0 0 0 0 0 0 0 0 0 0 0 0 0 0
 0 0 0 0 0 0 0 0 0 0 0 0 0 0 0 0 0 0 0 0 0 0 0 0 0 0
 0 0 0 0 0 0 0 0 0 0 0 0 0 0 0 0 0 0 0 0 0 0 0 0 0 0
 0 0 0 0 0 0 0 0 0 0 0 0 0 0 0 0 0 0 0 0 0 0 0 0 0 0
 0 0 0 0 0 0 0 0 0 0 0 0 0 0 0 0 0 0 0 0 0 0 0 0 0 0
ppred_pel_tallas
 1.19115e-16 3.67278e-05 0.000357008 0.00237244 0.0107848 0.0335555 0.0714937 0.104348 0.104353 0.0715179 0.0336391 0.0110354 0.00303608 0.0019202 0.00334062 0.00633786 0.0111587 0.018264 0.0280047 0.0403274 0.0543836 0.0682686 0.0792572 0.0846669 0.0829803 0.0745603
 1.19411e-16 4.07828e-05 0.000396424 0.00263438 0.0119755 0.0372604 0.0793883 0.115876 0.115906 0.0795357 0.0377553 0.0134052 0.00622448 0.00823941 0.0149561 0.0247235 0.0357868 0.0454462 0.0510697 0.0516647 0.0485824 0.0446527 0.0423823 0.0425717 0.0441958 0.0453304
 1.13035e-16 4.2528e-05 0.000413387 0.0027471 0.012488 0.0388548 0.0827855 0.120834 0.120866 0.0829377 0.0393663 0.0139665 0.00646318 0.00854111 0.0155246 0.0257202 0.0373381 0.047579 0.0536227 0.054203 0.0503487 0.0446119 0.039426 0.0358852 0.0336655 0.0317691
 1.09397e-16 4.28995e-05 0.000416998 0.0027711 0.012597 0.0391943 0.0835087 0.12189 0.121922 0.0836635 0.0397144 0.0141005 0.00654981 0.0086817 0.0157858 0.0261526 0.0379622 0.0483616 0.0544667 0.054959 0.0508341 0.0446222 0.0387368 0.0342671 0.030934 0.0278654
 1.08966e-16 4.23825e-05 0.000411973 0.0027377 0.0124452 0.0387219 0.0825023 0.120421 0.120454 0.0826602 0.0392525 0.0139789 0.00659234 0.00884266 0.0161011 0.0266761 0.038719 0.0493173 0.0555234 0.0559835 0.051703 0.0452542 0.0390967 0.034351 0.030756 0.0274559
 1.09229e-16 4.16384e-05 0.00040474 0.00268964 0.0122267 0.0380421 0.0810539 0.118307 0.11834 0.081213 0.0385765 0.0137717 0.00657293 0.00889931 0.0162256 0.0268933 0.0390561 0.0497916 0.0561405 0.0567421 0.0525993 0.0462782 0.0402211 0.0355227 0.0318994 0.0284906
 1.09033e-16 4.3651e-05 0.000424304 0.00281965 0.0128177 0.0398809 0.0849715 0.124025 0.124056 0.0851214 0.0403845 0.0142736 0.00647913 0.00842989 0.0152977 0.0253532 0.0368303 0.0469785 0.0530163 0.0536672 0.0498768 0.0440555 0.0384884 0.0341847 0.0308544 0.0276706
 1.08538e-16 4.34425e-05 0.000422277 0.00280618 0.0127565 0.0396904 0.0845657 0.123433 0.123465 0.0847216 0.0402139 0.0142698 0.00660917 0.00873856 0.01588 0.0262962 0.0381419 0.0485295 0.054539 0.0548322 0.0504129 0.0438481 0.037604 0.0328231 0.0292678 0.0260902
 1.08991e-16 4.08621e-05 0.000397194 0.0026395 0.0119988 0.0373329 0.0795429 0.116102 0.116136 0.0797075 0.0378857 0.0135969 0.00665598 0.0091819 0.0167739 0.0277961 0.0403444 0.051385 0.057843 0.058302 0.0538015 0.0470142 0.0405008 0.0354359 0.0315646 0.0280202
 1.09861e-16 4.05057e-05 0.00039373 0.00261648 0.0118941 0.0370073 0.0788491 0.115089 0.115122 0.0790089 0.037544 0.0134459 0.00651741 0.00892924 0.0163094 0.0270524 0.0393296 0.0502288 0.0567987 0.0576811 0.0538679 0.0478917 0.0421391 0.0376407 0.0340645 0.0305379
 1.10574e-16 3.99104e-05 0.000387943 0.00257802 0.0117193 0.0364633 0.0776902 0.113398 0.113431 0.0778512 0.0370043 0.0132835 0.00651012 0.00899145 0.0164378 0.0272661 0.0396391 0.0506243 0.0572529 0.0581679 0.0543856 0.048476 0.0428522 0.038542 0.0351775 0.0318303
 1.1089e-16 4.02542e-05 0.000391286 0.00260023 0.0118203 0.0367775 0.0783596 0.114375 0.114407 0.0785175 0.0373082 0.0133548 0.00645803 0.00883308 0.0161326 0.026765 0.0389271 0.0497502 0.0563314 0.0573459 0.0537899 0.0481725 0.0428395 0.0387721 0.035584 0.0323472
 1.10459e-16 4.17288e-05 0.000405619 0.00269548 0.0122533 0.0381247 0.0812298 0.118564 0.118595 0.0813837 0.0386415 0.0137474 0.00645157 0.0086238 0.0157047 0.0260429 0.0378579 0.0483452 0.0546702 0.0555415 0.0519389 0.0463285 0.0410247 0.0370103 0.0339233 0.030854
 1.09658e-16 4.27648e-05 0.000415689 0.0027624 0.0125575 0.0390712 0.0832464 0.121507 0.121539 0.0833999 0.0395867 0.0140479 0.00650839 0.00860979 0.015654 0.0259417 0.0376743 0.0480338 0.0541722 0.0547894 0.0508698 0.0449052 0.0392586 0.0349743 0.0317444 0.028688
 1.08977e-16 4.31032e-05 0.000418979 0.00278426 0.0126569 0.0393804 0.0839052 0.122469 0.1225 0.0840601 0.0399005 0.0141604 0.00656305 0.0086837 0.0157855 0.0261503 0.037955 0.0483434 0.0544273 0.0548829 0.0507006 0.0444075 0.0384178 0.0338281 0.0303738 0.0272023
 1.08606e-16 4.3514e-05 0.000422972 0.0028108 0.0127775 0.0397557 0.0847049 0.123636 0.123667 0.0848585 0.040272 0.0142699 0.00656171 0.00862677 0.0156699 0.0259579 0.0376757 0.0479866 0.0540209 0.0544597 0.0502794 0.0439815 0.0379593 0.0333052 0.0297697 0.0265268
 1.0818e-16 4.43402e-05 0.000431002 0.00286416 0.0130201 0.0405105 0.0863131 0.125983 0.126014 0.0864649 0.0410206 0.0144946 0.0065698 0.00853499 0.0154784 0.0256323 0.0371888 0.0473363 0.0532319 0.0535684 0.0493133 0.0429507 0.0368655 0.0321605 0.028608 0.0254008
 1.07804e-16 4.483e-05 0.000435764 0.00289581 0.0131639 0.0409581 0.0872666 0.127375 0.127406 0.087418 0.0414665 0.0146336 0.006589 0.00851185 0.0154236 0.0255352 0.0370346 0.0471119 0.0529254 0.0531668 0.0488015 0.0423152 0.036104 0.031291 0.0276715 0.0244551
 1.06532e-16 4.97132e-05 0.00048323 0.00321123 0.0145978 0.0454194 0.0967718 0.141247 0.141274 0.0969048 0.0458663 0.0158895 0.00645701 0.00758028 0.0135622 0.022432 0.0325206 0.0413432 0.0463945 0.0465194 0.0425675 0.0367331 0.0311396 0.0267961 0.0235427 0.0206973
 1.04496e-16 5.45133e-05 0.000529888 0.0035213 0.0160073 0.0498048 0.106115 0.154884 0.154909 0.106237 0.050214 0.0171897 0.00649101 0.00701855 0.0123947 0.0204496 0.0295592 0.0373967 0.0416238 0.0411624 0.0368167 0.0306805 0.0248292 0.0203273 0.0171322 0.0146516
 1.03412e-16 5.43034e-05 0.000527848 0.00350774 0.0159457 0.0496131 0.105707 0.154288 0.154314 0.105836 0.0500475 0.0172008 0.00665915 0.00741052 0.0131349 0.0216527 0.0312424 0.0394056 0.0436277 0.0427433 0.0376124 0.0305034 0.0237013 0.0184363 0.014753 0.0120749
 1.02967e-16 5.60371e-05 0.000544701 0.00361973 0.0164548 0.0511971 0.109082 0.159213 0.159238 0.109203 0.0516032 0.017628 0.00656578 0.00697959 0.0122877 0.0202531 0.0292341 0.0368957 0.040889 0.0401198 0.0353785 0.0287641 0.0223907 0.0173964 0.0138297 0.0111772
 1.0272e-16 5.55347e-05 0.000539817 0.00358727 0.0163072 0.050738 0.108104 0.157786 0.157812 0.10823 0.0511616 0.0175308 0.00665928 0.00724817 0.0128021 0.0210928 0.0304167 0.0383263 0.0423585 0.041368 0.0361923 0.0290527 0.0221998 0.0168648 0.0131245 0.0104426
 1.03439e-16 4.92891e-05 0.000479107 0.00318384 0.0144733 0.0450319 0.0959464 0.140043 0.140075 0.0960998 0.045547 0.0159613 0.00692028 0.00863981 0.0155597 0.0256756 0.0370519 0.0467378 0.0517486 0.0506918 0.0445705 0.0360553 0.0278436 0.0213991 0.0168021 0.0134143
 1.04845e-16 4.68373e-05 0.000455276 0.00302547 0.0137534 0.042792 0.091174 0.133078 0.133109 0.0913274 0.0433072 0.0152423 0.00676611 0.00863141 0.0156049 0.0258025 0.037348 0.0473477 0.0528675 0.0525327 0.0473012 0.039723 0.0323215 0.0263856 0.0218846 0.0181727
 1.06191e-16 4.49798e-05 0.00043722 0.00290548 0.0132079 0.0410949 0.0875582 0.127801 0.127832 0.0877146 0.0416201 0.0147257 0.00671899 0.00877448 0.0159153 0.0263354 0.0381565 0.0484536 0.0542621 0.0542028 0.0492583 0.0420072 0.0349694 0.0293822 0.0251309 0.0214908
 1.07303e-16 4.36573e-05 0.000424364 0.00282005 0.0128196 0.0398866 0.0849838 0.124043 0.124075 0.0851412 0.0404154 0.0143482 0.00666145 0.00882461 0.0160399 0.0265601 0.0385203 0.048997 0.0550273 0.0552378 0.0506155 0.0437294 0.0370642 0.0317994 0.0277566 0.0241653
 1.0791e-16 4.38188e-05 0.000425934 0.00283048 0.012867 0.0400341 0.0852981 0.124502 0.124533 0.0854521 0.0405514 0.0143623 0.00658853 0.00864505 0.0156985 0.0260023 0.0377334 0.0480439 0.0540507 0.054422 0.0501258 0.0436622 0.037432 0.0325466 0.0287864 0.0253624
 1.08149e-16 4.35039e-05 0.000422874 0.00281015 0.0127745 0.0397465 0.0846853 0.123607 0.123639 0.0848409 0.0402693 0.0142859 0.00660835 0.00872923 0.0158627 0.0262713 0.0381142 0.0485099 0.0545421 0.0548677 0.0504751 0.0439076 0.03761 0.0327168 0.0290038 0.0256558
 1.08474e-16 4.25825e-05 0.000413917 0.00275063 0.012504 0.0389047 0.0828917 0.12099 0.121022 0.0830501 0.0394367 0.0140419 0.00661569 0.0088671 0.0161432 0.026743 0.0388094 0.0494171 0.0556036 0.056004 0.05162 0.0450289 0.0387023 0.0337791 0.0300211 0.0265976
pSPR Fmed_Fpbrs
0.599873   0.2854 0.2854
Fs Fmed_Fpbrs
0.34   1.005 1.005
SSBpbr Bo_Bmed_Bpbrs
2.72831e+06  1.50023e+06  642244 642244
Ro
277666
SPR SPRFo_SPRFmed_SPRFpbrs
1.97656e+06 1.18568e+06 564109
Fref
1.005
Nvult_r0
 215865 82094.1 25284.4 7609.25 3318.41
CTP_r0
 72194.4 41149.4 12673.7 3814.11 1663.34
YTP_r0
1.6981e+06
Np
 277666 61800.9 12911.2 4140.64 1447.02
Nvult_p0
 215865 53478.8 11172.6 3583.06 1252.16
CTP_p0
 72194.4 41587.7 13337.2 4107.78 1636.9
 72194.4 26806.1 5600.21 1796 627.642
YTP_p0
 1.77743e+06 1.22528e+06
CBA_c0
1.7219e+06
log_Ro
12.3542
likeval ReclasPelacesDesembMPH_pf_preclas_ppelaces_ptallas_desvR_qrecl_qpela
 120.09 74.0484 10.645 184.399 238.8 150.123 102.467 0 0 0 0 51.2427 0 0 0
q_reclas_q_pelaces
1 1
M
1
N
 277666 14280.2 152527 11082.1 4601.77
 277666 95464.1 4588.45 49009.2 5039.44
 277666 92222.7 28626.3 1375.91 16207.3
 277666 94751.9 29192 9061.31 5565.75
 277666 92599.9 28645.7 8825.4 4422.09
 277666 98945 31963.1 9887.74 4572.69
 277666 94106.9 30894.9 9980.25 4515.17
 277666 87897.9 25634.7 8415.76 3948.55
 277666 100686 31417.2 9162.56 4419.35
 277666 98222 34248.1 10686.5 4619.85
 277666 98584.4 33657 11735.5 5244.9
 277666 100891 35380.5 12079 6094.03
 277666 94865.5 32012.4 11226.1 5766.24
 277666 94786.2 30050.3 10140.5 5382.62
 277666 91902.7 28226.1 8948.59 4622.59
 277666 95531.8 29571.5 9082.33 4366.8
 277666 89336.3 26881.5 8321.07 3784.42
 277666 93340.8 27442.3 8257.44 3718.56
 277666 87047.6 24936.5 7331.34 3199.45
 277666 71574.4 15722.5 4504.02 1902.07
 277666 73050.3 13466.4 2958.12 1205.28
 277666 77041.9 15287.1 2818.09 871.269
 277666 64118.9 11167.3 2215.89 534.779
 277666 85131.2 16383.8 2853.49 702.854
 277666 88381.3 23445.5 4512.15 979.433
 277666 89697.1 25070.7 6650.68 1557.77
 277666 94617.3 28311.9 7913.31 2590.91
 277666 92698.6 28666 8577.6 3182.44
 277666 92080.1 27711.2 8569.36 3515.53
 277666 94869.2 29219.1 8793.37 3834.8
pred_Ctot
 11547.8 1155.29 12339.7 896.556 372.29
 17196.8 11344.2 545.257 5823.89 598.85
 12786.1 8236.28 2556.58 122.881 1447.45
 16537.6 10845.4 3341.35 1037.17 637.063
 5517.15 3631.64 1123.44 346.12 173.428
 13909.1 9586.5 3096.81 957.995 443.035
 24787.1 15820.9 5193.94 1677.84 759.074
 2514.1 1582.21 461.438 151.488 71.0759
 6766.83 4828.66 1506.69 439.414 211.941
 6140.26 4280.78 1492.63 465.745 201.346
 2161.16 1526.73 521.231 181.743 81.2255
 12588.6 8875.49 3112.45 1062.6 536.097
 12726.5 8433.98 2846.05 998.053 512.646
 17756.2 11614.2 3682.07 1242.52 659.534
 11430.2 7361.46 2260.93 716.788 370.272
 22255.7 14510.6 4491.7 1379.54 663.285
 15244.5 9455.79 2845.27 880.743 400.562
 26286.9 16580 4874.52 1466.76 660.521
 54070.7 29647.6 8493.14 2496.99 1089.7
 51376.5 23324.1 5123.52 1467.73 619.831
 44139.3 20833.4 3840.52 843.636 343.737
 67848.5 31766.6 6303.33 1161.98 359.25
 29676.8 12750.3 2220.66 440.637 106.342
 23935.5 13849.4 2665.35 464.213 114.342
 21621.7 13062.4 3465.16 666.88 144.757
 13020.3 8152.81 2278.75 604.498 141.59
 16365.3 10721.7 3208.21 896.708 293.593
 17446 11168.4 3453.71 1033.44 383.423
 12582.1 8096.3 2436.55 753.475 309.109
 10826 7207.96 2220 668.102 291.36
F
 0.0676678 0.135336 0.135336 0.135336 0.135336
 0.102212 0.204425 0.204425 0.204425 0.204425
 0.0751562 0.150312 0.150312 0.150312 0.150312
 0.0981296 0.196259 0.196259 0.196259 0.196259
 0.0318535 0.0637071 0.0637071 0.0637071 0.0637071
 0.0819869 0.163974 0.163974 0.163974 0.163974
 0.150243 0.300485 0.300485 0.300485 0.300485
 0.0144103 0.0288206 0.0288206 0.0288206 0.0288206
 0.0391878 0.0783756 0.0783756 0.0783756 0.0783756
 0.0355049 0.0710099 0.0710099 0.0710099 0.0710099
 0.0123768 0.0247536 0.0247536 0.0247536 0.0247536
 0.0739585 0.147917 0.147917 0.147917 0.147917
 0.0747942 0.149588 0.149588 0.149588 0.149588
 0.105688 0.211375 0.211375 0.211375 0.211375
 0.0669593 0.133919 0.133919 0.133919 0.133919
 0.134011 0.268021 0.268021 0.268021 0.268021
 0.0901613 0.180323 0.180323 0.180323 0.180323
 0.159963 0.319926 0.319926 0.319926 0.319926
 0.35568 0.71136 0.71136 0.71136 0.71136
 0.33527 0.67054 0.67054 0.67054 0.67054
 0.282068 0.564137 0.564137 0.564137 0.564137
 0.465678 0.931357 0.931357 0.931357 0.931357
 0.182225 0.36445 0.36445 0.36445 0.36445
 0.144758 0.289516 0.289516 0.289516 0.289516
 0.129979 0.259959 0.259959 0.259959 0.259959
 0.0765776 0.153155 0.153155 0.153155 0.153155
 0.0970646 0.194129 0.194129 0.194129 0.194129
 0.103759 0.207518 0.207518 0.207518 0.207518
 0.0739189 0.147838 0.147838 0.147838 0.147838
 0.063325 0.12665 0.12665 0.12665 0.12665
YTP_r0W_actual
 527019 654276 335854 120907 60046.6
YTP_p0W_proyectada
 544346 725705 321027 128656 57700.7
 544346 467766 134797 56250.6 22124.4
CTP_r0_actual
 72194.4 41149.4 12673.7 3814.11 1663.34
CTP_p0_proyectada
 72194.4 41587.7 13337.2 4107.78 1636.9
 72194.4 26806.1 5600.21 1796 627.642
Wmedp
 7.54 17.45 24.07 31.32 35.25
Frms_r0
 0.5025 1.005 1.005 1.005 1.005
Zrms_r0
 1.5025 2.005 2.005 2.005 2.005
nmprior
 7.29 8.9 8.7 0
nm_flota  nm_reclas  nm_pelaces    nm_pelaL
inf 4.02725 7.69188 11.5675
cv_recla  cv_pelaces  cv_mph
1.01457 1.01256 1.92041
 ------------------------------------------------
Talla a la edad & desviaci?n 
 8 13.2811 15.8009 17.003 17.5766
 0.8 1.32811 1.58009 1.7003 1.75766
