years
 1991 1992 1993 1994 1995 1996 1997 1998 1999 2000 2001 2002 2003 2004 2005 2006 2007 2008 2009 2010 2011 2012 2013 2014 2015 2016 2017 2018 2019 2020 2021 2022
reclasobs
 0 0 0 0 0 0 0 0 0 252601 567819 844713 477998 351125 339783 2.1784e+06 2.13404e+06 4.81314e+06 1.55562e+06 2.62356e+06 3.21686e+06 3.843e+06 1.13348e+06 3.07943e+06 1.97215e+06 2.03268e+06 2.025e+06 2.42433e+06 2.27542e+06 1.05018e+06 2.36338e+06 3.18982e+06
reclaspred
 4.23556e+06 2.28422e+06 1.12431e+06 1.265e+06 1.43179e+06 2.84803e+06 1.59061e+06 1.22395e+06 740656 337249 567273 994220 878928 346459 564268 1.53707e+06 1.19435e+06 3.09503e+06 2.60091e+06 2.14643e+06 3.5909e+06 2.6943e+06 1.72974e+06 2.61328e+06 2.02587e+06 1.76543e+06 2.31522e+06 2.63597e+06 2.18907e+06 1.45233e+06 1.65558e+06 1.85314e+06
pelacesobs
 0 0 0 0 0 0 0 0 0 0 0 0 0 0 0 552880 188675 0 991730 2.46772e+06 1.41603e+06 1.21717e+06 2.29649e+06 1.80582e+06 0 1.4828e+06 1.56532e+06 1.57751e+06 1.42118e+06 867257 1.10002e+06 1.06204e+06
pelacespred
 2.56879e+06 1.42515e+06 658648 613875 840305 1.70793e+06 833723 879103 455314 156590 340358 486504 467883 135755 295723 711263 573247 1.73734e+06 1.42324e+06 1.05797e+06 1.92871e+06 1.42928e+06 973500 1.6452e+06 1.20105e+06 1.07103e+06 1.61753e+06 1.69451e+06 1.32486e+06 933937 873366 1.11875e+06
mphobs
 0 0 0 0 0 0 0 0 0 0 0 0 498337 0 5186 125008 0 168611 109162 213762 579715 649985 157893 87575 83554 210694 70296 0 107559 103333 445601 22526
mphpred
 943751 645182 290060 166356 217830 303385 481414 214237 185766 82388.5 32338.9 122696 156562 84506 21234.5 74340.8 264956 167584 459804 298602 386488 420000 327965 212725 388627 297834 246186 346764 506206 317200 175949 279424
desembarqueobs
 494567 514787 250237 358949 120608 361735 552515 73892 212993 205616 52469 317467 293654 387597 252695 516296 358380 742168 942051 627588 828172 859565 418607 520667 417249 300574 415391 372974 316634 284311 391294 218835
desembarquepred
 494557 514338 250432 358952 120610 361718 552481 73897.6 213069 205686 52470.7 317459 293658 387544 252595 516136 358409 741873 941336 627117 828246 859401 418567 520695 417152 300545 415332 372896 316536 284184 391197 218842
Reclutas
 149262 91379.6 83937.1 125076 95061.2 195728 69919.8 25786.9 24917.8 33054.4 58198.8 116142 79075.6 51449.6 60084 248698 45033 363318 261759 239244 246132 335060 56494.5 157157 151154 58911.5 147569 153551 57430.6 62275.5 110402 52340.9
log_desv_Rt
 0.421657 -0.0690232 -0.153977 0.244875 -0.0295244 0.692678 -0.336696 -1.33418 -1.36846 -1.08589 -0.520181 0.170769 -0.213641 -0.643443 -0.488302 0.932195 -0.77665 1.31123 0.983378 0.893437 0.921822 1.23026 -0.549903 0.473199 0.434257 -0.50801 0.410253 0.449989 -0.533468 -0.452477 0.120087 -0.626267
SSB
 943751 645182 290060 166356 217830 303385 481414 214237 185766 82388.5 32338.9 122696 147190 81413.7 20244.1 71316 264956 167584 479862 310429 414646 483675 399187 243012 408726 337660 258299 346764 529285 306913 202830 325998
BT
 1.53833e+06 1.11667e+06 516808 613774 505407 1.2427e+06 853482 499778 432074 276500 243629 529551 512973 471955 432228 845523 546886 1.71279e+06 1.64376e+06 1.06952e+06 1.75539e+06 1.5055e+06 819397 1.44867e+06 958076 787470 1.35194e+06 1.25319e+06 843655 729600 799473 721986
Ftot
 0.396827 0.735389 0.729139 0.916085 0.289706 0.431913 1.08169 0.209022 0.922392 1.74168 0.318386 1.02006 1.05768 2.72793 1.38817 1.07696 0.954821 0.790704 1.13489 0.942182 0.758106 1.01656 0.786566 0.663874 0.680808 0.568792 0.601058 0.47929 0.486144 0.64843 0.777208 0.401452
BD_Bspro_t
 0.938481 0.624053 0.359897 0.267779 0.299052 0.422011 0.468718 0.256178 0.294446 0.187221 0.110453 0.400402 0.307165 0.167046 0.0493269 0.15331 0.289248 0.197934 0.344947 0.233396 0.24474 0.269917 0.253408 0.195734 0.319552 0.327136 0.318565 0.416152 0.49864 0.376585 0.316582 0.383536
BD_Bspro
 1.3391 0.915458 0.411571 0.236045 0.309083 0.430478 0.683086 0.303984 0.263586 0.116902 0.0458861 0.174095 0.20885 0.115519 0.0287247 0.101191 0.375951 0.237788 0.680883 0.440473 0.588347 0.686293 0.566412 0.344814 0.579947 0.479111 0.366504 0.492029 0.751011 0.435483 0.287799 0.462563
BD_Bo
 1.6098 1.10052 0.49477 0.283761 0.371563 0.517498 0.821171 0.365435 0.316869 0.140534 0.0551619 0.209288 0.251068 0.138871 0.0345313 0.121647 0.451949 0.285856 0.818522 0.529514 0.70728 0.825027 0.680912 0.414518 0.697183 0.575963 0.440593 0.591492 0.902827 0.523516 0.345977 0.556069
BD_Brms
 9.08093 6.20804 2.79101 1.60071 2.096 2.91922 4.63225 2.06143 1.78747 0.792756 0.31117 1.1806 1.41628 0.783376 0.194792 0.686214 2.54945 1.61252 4.61731 2.987 3.98979 4.654 3.84104 2.33831 3.93283 3.24902 2.4854 3.33662 5.09287 2.95317 1.95167 3.1368
Sel_flota
 0.730655 1 1 1 1
 0.730655 1 1 1 1
 0.730655 1 1 1 1
 0.730655 1 1 1 1
 0.730655 1 1 1 1
 0.730655 1 1 1 1
 0.730655 1 1 1 1
 0.730655 1 1 1 1
 0.730655 1 1 1 1
 0.730655 1 1 1 1
 0.730655 1 1 1 1
 0.730655 1 1 1 1
 0.730655 1 1 1 1
 0.730655 1 1 1 1
 0.730655 1 1 1 1
 0.730655 1 1 1 1
 0.730655 1 1 1 1
 0.730655 1 1 1 1
 0.730655 1 1 1 1
 0.730655 1 1 1 1
 0.730655 1 1 1 1
 0.730655 1 1 1 1
 0.730655 1 1 1 1
 0.730655 1 1 1 1
 0.730655 1 1 1 1
 0.730655 1 1 1 1
 0.730655 1 1 1 1
 0.730655 1 1 1 1
 0.730655 1 1 1 1
 0.730655 1 1 1 1
 0.730655 1 1 1 1
 0.730655 1 1 1 1
Sel_reclas
 0.730607 1 1 1 1
 0.730607 1 1 1 1
 0.730607 1 1 1 1
 0.730607 1 1 1 1
 0.730607 1 1 1 1
 0.730607 1 1 1 1
 0.730607 1 1 1 1
 0.730607 1 1 1 1
 0.730607 1 1 1 1
 0.730607 1 1 1 1
 0.730607 1 1 1 1
 0.730607 1 1 1 1
 0.730607 1 1 1 1
 0.730607 1 1 1 1
 0.730607 1 1 1 1
 0.730607 1 1 1 1
 0.730607 1 1 1 1
 0.730607 1 1 1 1
 0.730607 1 1 1 1
 0.730607 1 1 1 1
 0.730607 1 1 1 1
 0.730607 1 1 1 1
 0.730607 1 1 1 1
 0.730607 1 1 1 1
 0.730607 1 1 1 1
 0.730607 1 1 1 1
 0.730607 1 1 1 1
 0.730607 1 1 1 1
 0.730607 1 1 1 1
 0.730607 1 1 1 1
 0.730607 1 1 1 1
 0.730607 1 1 1 1
Sel_pelaces
 0.626431 1 1 1 1
 0.626431 1 1 1 1
 0.626431 1 1 1 1
 0.626431 1 1 1 1
 0.626431 1 1 1 1
 0.626431 1 1 1 1
 0.626431 1 1 1 1
 0.626431 1 1 1 1
 0.626431 1 1 1 1
 0.626431 1 1 1 1
 0.626431 1 1 1 1
 0.626431 1 1 1 1
 0.626431 1 1 1 1
 0.626431 1 1 1 1
 0.626431 1 1 1 1
 0.626431 1 1 1 1
 0.626431 1 1 1 1
 0.626431 1 1 1 1
 0.626431 1 1 1 1
 0.626431 1 1 1 1
 0.626431 1 1 1 1
 0.626431 1 1 1 1
 0.626431 1 1 1 1
 0.626431 1 1 1 1
 0.626431 1 1 1 1
 0.626431 1 1 1 1
 0.626431 1 1 1 1
 0.626431 1 1 1 1
 0.626431 1 1 1 1
 0.626431 1 1 1 1
 0.626431 1 1 1 1
 0.626431 1 1 1 1
pf_obs 
 0.8446 0.082 0.0669 0.0065 0
 0.8095 0.147 0.0364 0.0071 0
 0.9664 0.0169 0.016 0.0007 0
 0.9276 0.0648 0.0075 0.0001 0
 0.7033 0.2144 0.0806 0.0017 0
 0.9318 0.0425 0.0243 0.0014 0
 0.5671 0.3108 0.0964 0.0239 0.0018
 0.0768 0.2599 0.5324 0.112 0.0189
 0.490249 0.384438 0.106611 0.0170017 0.00170017
 0.7925 0.1577 0.0466 0.003 0.0002
 0.840416 0.127587 0.0312969 0.00059994 9.999e-05
 0.8084 0.0986 0.0794 0.0134 0.0002
 0.7335 0.1905 0.0724 0.0035 0.0001
 0.4001 0.4547 0.1325 0.0127 0
 0.49795 0.308269 0.164784 0.0264974 0.00249975
 0.9179 0.0499 0.0305 0.0017 0
 0.2467 0.6533 0.0926 0.0074 0
 0.9418 0.0223 0.034 0.0019 0
 0.707729 0.231977 0.0356964 0.0245975 0
 0.517169 0.277429 0.184464 0.0207286 0.00020938
 0.811772 0.124168 0.05621 0.00726502 0.000585176
 0.764997 0.148141 0.077277 0.00933861 0.000247198
 0.163321 0.427699 0.378323 0.0303852 0.000271297
 0.753843 0.0900009 0.118128 0.0371064 0.000921714
 0.721811 0.176058 0.0630433 0.0369309 0.00215725
 0.143369 0.312575 0.442814 0.0836902 0.0175525
 0.692698 0.0596174 0.167031 0.0765114 0.00414204
 0.394062 0.376323 0.152708 0.0712218 0.00568511
 0.125707 0.32114 0.495352 0.0537591 0.00404204
 0.23352 0.215282 0.420074 0.123614 0.00750983
 0.796117 0.104755 0.0508955 0.0450114 0.00322123
 0.162477 0.292055 0.404252 0.121198 0.0200186
pf_pred 
 0.622044 0.151053 0.209081 0.0178218 8.6227e-07
 0.552503 0.316032 0.0525407 0.0727247 0.00619927
 0.688034 0.20493 0.0755907 0.012567 0.0188776
 0.809904 0.14705 0.0282763 0.01043 0.00433873
 0.726237 0.238808 0.0270399 0.00519951 0.00271571
 0.80721 0.152669 0.0349982 0.0039628 0.00116
 0.480802 0.44661 0.0574821 0.0131774 0.00192882
 0.499874 0.302649 0.169868 0.0218633 0.00574564
 0.588753 0.240933 0.103065 0.0578473 0.00940203
 0.806437 0.134879 0.0343807 0.0147072 0.00959637
 0.919753 0.0712107 0.0062966 0.00160501 0.00113457
 0.83857 0.152216 0.00817656 0.000722989 0.000314565
 0.737953 0.234451 0.0260213 0.00139778 0.000177369
 0.736217 0.217005 0.0418518 0.00464506 0.00028118
 0.943544 0.0489981 0.00613515 0.00118323 0.000139275
 0.9604 0.0382972 0.00113107 0.000141624 3.05287e-05
 0.457868 0.528941 0.0127564 0.000376749 5.73423e-05
 0.952564 0.0273719 0.0195759 0.00047211 1.60655e-05
 0.733051 0.258725 0.00474582 0.00339412 8.46411e-05
 0.788996 0.173269 0.0365724 0.000670852 0.000491745
 0.789941 0.18016 0.0245523 0.00518232 0.00016474
 0.815663 0.157449 0.0230604 0.00314268 0.000684421
 0.400552 0.526628 0.0621986 0.00910976 0.00151185
 0.842895 0.0803171 0.06746 0.00796752 0.00136061
 0.747585 0.225016 0.0140069 0.0117647 0.00162678
 0.525182 0.389228 0.0763 0.00474956 0.00454087
 0.833518 0.104004 0.0512162 0.0100399 0.00122247
 0.748562 0.222127 0.0183111 0.00901721 0.00198287
 0.474784 0.428147 0.085753 0.00706904 0.00424661
 0.65264 0.198972 0.120963 0.0242275 0.00319698
 0.819089 0.134141 0.0267905 0.016287 0.00369255
 0.602951 0.347879 0.0364585 0.00728145 0.00543029
pobs_RECLAS
 0 0 0 0 0
 0 0 0 0 0
 0 0 0 0 0
 0 0 0 0 0
 0 0 0 0 0
 0 0 0 0 0
 0 0 0 0 0
 0 0 0 0 0
 0 0 0 0 0
 0 0 0 0 0
 0.991045 0.00858322 0.000360255 1.14367e-05 0
 0.934742 0.0480273 0.0164251 0.00080598 0
 0.827803 0.169806 0.00239088 0 0
 0.941827 0.0461693 0.0120037 0 0
 0.791401 0.0380133 0.147996 0.0225897 0
 0.846168 0.0940531 0.0597789 0 0
 0.134021 0.677848 0.182769 0.00536245 0
 0.80878 0.0450904 0.141981 0.00414843 0
 0.846168 0.0940531 0.0597789 0 0
 0.905697 0.0802665 0.012482 0.00150086 5.37128e-05
 0.989698 0.0102097 9.19794e-05 0 0
 0.975433 0.0193895 0.00387452 0.00125025 5.28907e-05
 0.303575 0.632131 0.0575291 0.00676475 0
 0.966965 0.00978017 0.0227588 0.000495775 0
 0.843318 0.132988 0.00938335 0.0141283 0.000182051
 0.564624 0.303363 0.111486 0.0197234 0.00080311
 0.826376 0.0876187 0.0782897 0.00655872 0.00115652
 0.89761 0.0855135 0.0140674 0.00269457 0.000114338
 0.34875 0.467042 0.161289 0.0227151 0.000203297
 0.318654 0.224769 0.449479 0.00709798 0
 0.937255 0.0296025 0.0250945 0.00804832 0
 0.456809 0.399803 0.12412 0.0192676 0
ppred_RECLAS
 0.624756 0.149969 0.20758 0.0176939 8.56082e-07
 0.558875 0.311533 0.0517926 0.0716892 0.006111
 0.693483 0.201351 0.0742704 0.0123475 0.0185478
 0.815228 0.142933 0.0274845 0.0101379 0.00421723
 0.727797 0.237447 0.0268858 0.00516987 0.00270023
 0.809202 0.151091 0.0346366 0.00392186 0.00114802
 0.49185 0.437106 0.0562589 0.012897 0.00188777
 0.501211 0.30184 0.169414 0.0218049 0.00573028
 0.59727 0.235943 0.10093 0.0566492 0.0092073
 0.819944 0.125466 0.0319815 0.0136809 0.0089267
 0.920401 0.0706357 0.00624576 0.00159205 0.00112541
 0.844001 0.147095 0.00790146 0.000698663 0.000303981
 0.746151 0.227116 0.0252073 0.00135405 0.00017182
 0.768753 0.190239 0.0366896 0.00407212 0.000246498
 0.946834 0.0461427 0.00577762 0.00111428 0.000131158
 0.962038 0.0367129 0.00108428 0.000135765 2.92658e-05
 0.467078 0.519956 0.0125397 0.000370349 5.63682e-05
 0.953835 0.0266384 0.0190513 0.000459459 1.5635e-05
 0.74222 0.249838 0.0045828 0.00327753 8.17338e-05
 0.794986 0.16835 0.0355342 0.000651808 0.000477786
 0.794369 0.176362 0.0240346 0.00507306 0.000161267
 0.821672 0.152317 0.0223087 0.00304023 0.00066211
 0.407363 0.520644 0.0614918 0.00900624 0.00149467
 0.845848 0.0788071 0.0661918 0.00781773 0.00133503
 0.751948 0.221128 0.0137648 0.0115614 0.00159867
 0.529746 0.385487 0.0755666 0.0047039 0.00449723
 0.836232 0.102308 0.0503811 0.00987616 0.00120254
 0.751312 0.219697 0.0181107 0.00891856 0.00196117
 0.47851 0.42511 0.0851446 0.00701889 0.00421648
 0.657561 0.196153 0.119249 0.0238843 0.00315169
 0.823177 0.13111 0.0261852 0.015919 0.00360912
 0.605754 0.345423 0.0362011 0.00723004 0.00539195
pobs_PELACES
 0 0 0 0 0
 0 0 0 0 0
 0 0 0 0 0
 0 0 0 0 0
 0 0 0 0 0
 0 0 0 0 0
 0 0 0 0 0
 0 0 0 0 0
 0 0 0 0 0
 0 0 0 0 0
 0 0 0 0 0
 0 0 0 0 0
 0 0 0 0 0
 0 0 0 0 0
 0 0 0 0 0
 0 0 0 0 0
 0.505614 0.472636 0.0217494 0 0
 0 0 0 0 0
 0.443492 0.261883 0.143347 0.151278 0
 0.227955 0.32914 0.350689 0.0885471 0.00366901
 0.970185 0.0296113 0.000203453 0 0
 0.997202 0.00247181 0.000326279 0 0
 0.445219 0.490057 0.0546422 0.010081 0
 0.90214 0.0892962 0.00764917 0.000914606 0
 0 0 0 0 0
 0.581667 0.319106 0.0959925 0.00289975 0.000334073
 0.762889 0.0836404 0.116647 0.0363945 0.000428098
 0.88444 0.0763242 0.0277011 0.0115352 0
 0.521256 0.241999 0.230069 0.00667565 0
 0.616807 0.101726 0.260614 0.0208532 0
 0.833518 0.0704572 0.0857862 0.0102388 0
 0.697417 0.212968 0.0787535 0.0105354 0.000325836
ppred_PELACES
 0.596576 0.161231 0.223169 0.0190227 9.20372e-07
 0.536963 0.327007 0.0543653 0.0752502 0.00641455
 0.67424 0.213992 0.0789331 0.0131227 0.0197123
 0.80407 0.151564 0.0291441 0.0107501 0.00447189
 0.701696 0.260215 0.0294639 0.0056656 0.00295915
 0.790739 0.165712 0.0379883 0.00430137 0.00125911
 0.477442 0.4495 0.0578542 0.0132627 0.0019413
 0.467442 0.322275 0.180883 0.0232811 0.00611822
 0.579873 0.246135 0.10529 0.0590964 0.00960505
 0.820087 0.125367 0.0319561 0.01367 0.00891961
 0.910705 0.0792402 0.00700659 0.00178599 0.0012625
 0.835502 0.155109 0.00833195 0.000736728 0.000320542
 0.734653 0.237403 0.026349 0.00141538 0.000179603
 0.784133 0.177586 0.0342495 0.0038013 0.000230104
 0.94528 0.0474914 0.0059465 0.00114685 0.000134992
 0.959858 0.0388214 0.00114655 0.000143562 3.09466e-05
 0.449956 0.536661 0.0129426 0.000382248 5.81792e-05
 0.950013 0.0288439 0.0206286 0.000497498 1.69295e-05
 0.731957 0.259785 0.00476526 0.00340802 8.49879e-05
 0.783325 0.177926 0.0375553 0.000688881 0.000504961
 0.779888 0.188782 0.0257273 0.00543033 0.000172624
 0.81218 0.160425 0.0234962 0.00320206 0.000697354
 0.38727 0.538296 0.0635767 0.00931159 0.00154535
 0.833074 0.0853377 0.0716769 0.00846557 0.00144566
 0.734134 0.237007 0.0147533 0.0123916 0.00171347
 0.50396 0.406624 0.0797101 0.00496183 0.00474382
 0.822013 0.111191 0.0547556 0.0107337 0.00130695
 0.729953 0.238566 0.0196662 0.00968454 0.00212961
 0.450998 0.447538 0.0896366 0.00738919 0.00443894
 0.635582 0.208743 0.126903 0.0254172 0.00335397
 0.8105 0.14051 0.0280624 0.0170602 0.00386786
 0.577213 0.37043 0.0388219 0.00775345 0.0057823
pobs_pel_tallas
 0 0 0 0 0 0 0 0 0 0 0 0 0 0 0 0 0 0 0 0 0 0 0 0 0 0
 0 0 0 0 0 0 0 0 0 0 0 0 0 0 0 0 0 0 0 0 0 0 0 0 0 0
 0 0 0 0 0 0 0 0 0 0 0 0 0 0 0 0 0 0 0 0 0 0 0 0 0 0
 0 0 0 0 0 0 0 0 0 0 0 0 0 0 0 0 0 0 0 0 0 0 0 0 0 0
 0 0 0 0 0 0 0 0 0 0 0 0 0 0 0 0 0 0 0 0 0 0 0 0 0 0
 0 0 0 0 0 0 0 0 0 0 0 0 0 0 0 0 0 0 0 0 0 0 0 0 0 0
 0 0 0 0 0 0 0 0 0 0 0 0 0 0 0 0 0 0 0 0 0 0 0 0 0 0
 0 0 0 0 0 0 0 0 0 0 0 0 0 0 0 0 0 0 0 0 0 0 0 0 0 0
 0 0 0 0 0 0 0 0 0 0 0 0 0 0 0 0 0 0 0 0 0 0 0 0 0 0
 0 0 0 0 0 0 0 0 0 0 0 0 0 0 0 0 0 0 0 0 0 0 0 0 0 0
 0 0 0 0 0 0 0 0 0 0 0 0 0 0 0 0 0 0 0 0 0 0 0 0 0 0
 0 0 0 0 0 0 0 0 0 0 0 0 0 0 0 0 0 0 0 0 0 0 0 0 0 0
 0.00862536 0 0 0.000197151 0.00414017 0.0128641 0.00837892 0.0270097 0.101434 0.158115 0.152841 0.127902 0.109271 0.109419 0.0830992 0.0579132 0.0238553 0.00714673 0.00463305 0.00128148 0.00103504 0.000492878 0.000147863 0.000147863 4.92878e-05 0
 0 0 0 0 0 0 0 0 0 0 0 0 0 0 0 0 0 0 0 0 0 0 0 0 0 0
 0 0 0 0 0 0 0 0.0054083 0.00873648 0.0413646 0.0450493 0.0745869 0.0622846 0.0627006 0.0613931 0.0827291 0.12552 0.122667 0.0946155 0.0697135 0.0546179 0.0294188 0.0215738 0.0213955 0.0102223 0.00600262
 0 0 0 0 0.00359764 0.0251062 0.0480494 0.140153 0.205849 0.193036 0.1447 0.116669 0.0760912 0.0342217 0.00950174 0.001854 0.000860785 0 0 0 0.000165536 0 0.000143464 0 0 0
 0 0 0 0 0 0 0 0.000145254 0.000435761 0.0275982 0.070085 0.0708112 0.156366 0.174668 0.174014 0.160142 0.0824315 0.0480064 0.0283245 0.00493863 0.00203355 0 0 0 0 0
 0 0 0 0 0 0 0 0 0 0 0 0 0 0 0 0 0 0 0 0 0 0 0 0 0 0
 0 0 1.00437e-05 0.000401748 0.00122533 0.00171747 0.00176769 0.0269171 0.070346 0.194647 0.189555 0.159765 0.064822 0.0314167 0.0384472 0.0292271 0.0345202 0.0313363 0.0194345 0.0106764 0.0143323 0.0359363 0.0279516 0.0138201 0.00172751 0
 0 0.0021121 0.0136068 0.0755702 0.200478 0.177729 0.0527432 0.0373336 0.0318909 0.0142505 0.0149659 0.0166563 0.0217959 0.0798694 0.0677717 0.0528807 0.04013 0.0224614 0.0357745 0.0225083 0.00881397 0.00855152 0.00135912 0.000746735 0 0
 0 0 0 0 5.4009e-05 0.00500934 0.000945158 0.0243581 0.138947 0.33067 0.221406 0.137944 0.0707744 0.0437923 0.0131692 0.00525238 0.0047753 0.00276346 9.45158e-05 9.00151e-06 2.25038e-05 9.00151e-06 4.50075e-06 0 0 0
 0.000866109 0.00284123 0.00948549 0.0512746 0.133035 0.25785 0.225252 0.132002 0.0553304 0.0519788 0.0540692 0.017754 0.00435017 0.00159236 0.00146478 0.000404838 0.000125132 0.000115318 0.000107957 0.000100596 0 0 0 0 0 0
 0 0 0 0 0.00144013 0.00171154 0.00461396 0.0210425 0.0478622 0.0707936 0.0888783 0.103762 0.0637923 0.0337046 0.0602308 0.124433 0.169614 0.0934646 0.0462172 0.0250306 0.0313229 0.00938855 0.002487 0.000210481 0 0
 0 0.00764035 0.051015 0.0998891 0.058973 0.0496711 0.0374665 0.0718981 0.12319 0.153886 0.159021 0.0857701 0.0377988 0.023471 0.0147837 0.00900784 0.00315554 0.000888139 0.00291439 0.00214683 0.00393193 0.00274676 0.000635225 9.99891e-05 0 0
 0 0 0 0 0 0 0 0 0 0 0 0 0 0 0 0 0 0 0 0 0 0 0 0 0 0
 0 0 0 0 0 0 0 0 0 0 0 0 0 0 0 0 0 0 0 0 0 0 0 0 0 0
 0 0 0 0 0 0 0 0 0 0 0 0 0 0 0 0 0 0 0 0 0 0 0 0 0 0
 0 0 0 0 0 0 0 0 0 0 0 0 0 0 0 0 0 0 0 0 0 0 0 0 0 0
 0 0 0 0 0 0 0 0 0 0 0 0 0 0 0 0 0 0 0 0 0 0 0 0 0 0
 0 0 0 0 0 0 0 0 0 0 0 0 0 0 0 0 0 0 0 0 0 0 0 0 0 0
 0 0 0 0 0 0 0 0 0 0 0 0 0 0 0 0 0 0 0 0 0 0 0 0 0 0
 0 0 0 0 0 0 0 0 0 0 0 0 0 0 0 0 0 0 0 0 0 0 0 0 0 0
ppred_pel_tallas
 1.0839e-16 4.91392e-05 0.000477651 0.00317416 0.0144293 0.0448949 0.0956539 0.139613 0.139629 0.0957315 0.0451564 0.0151886 0.00509521 0.00472109 0.00825374 0.0139461 0.0209653 0.028193 0.0344538 0.0390977 0.0421891 0.044083 0.0448133 0.0439111 0.0408162 0.0354641
 1.10285e-16 4.4229e-05 0.000429922 0.00285698 0.0129874 0.0404089 0.0860967 0.125667 0.125699 0.0862509 0.0409268 0.0144838 0.00661512 0.00864133 0.015662 0.0258861 0.0374454 0.0474523 0.0530207 0.052895 0.0482183 0.0417286 0.0360289 0.0322743 0.0300596 0.0282208
 1.06985e-16 5.55363e-05 0.000539833 0.00358738 0.0163077 0.0507395 0.108107 0.157789 0.15781 0.108208 0.0510795 0.017291 0.00605962 0.00594998 0.0103694 0.0171576 0.0249529 0.0318915 0.0361054 0.0367351 0.0344061 0.030718 0.0271797 0.0244451 0.0223068 0.0202093
 1.02715e-16 6.62302e-05 0.000643781 0.00427815 0.0194479 0.0605096 0.128923 0.18817 0.188184 0.128994 0.0607496 0.0201412 0.00601925 0.0044471 0.00729684 0.0119781 0.0172959 0.0218521 0.0242695 0.0239189 0.0212849 0.0176177 0.0141595 0.0115508 0.00976573 0.00843652
 1.01986e-16 5.77978e-05 0.000561815 0.00373346 0.0169718 0.0528057 0.112509 0.164215 0.164241 0.112631 0.0532169 0.0181594 0.00671392 0.00706618 0.0124048 0.0204006 0.0293454 0.0368244 0.0404148 0.0389971 0.0334188 0.0259207 0.0188036 0.0133729 0.0097651 0.00744841
 1.01784e-16 6.51322e-05 0.000633108 0.00420723 0.0191254 0.0595065 0.126785 0.18505 0.185066 0.126864 0.059769 0.0198839 0.00611214 0.00479498 0.00797923 0.0131139 0.0189439 0.0239439 0.0265976 0.0261934 0.0232256 0.0190232 0.0149228 0.0116416 0.00921448 0.00733743
 1.03444e-16 3.93263e-05 0.000382266 0.00254029 0.0115478 0.0359298 0.0765539 0.111742 0.111785 0.0767655 0.0366404 0.0136002 0.00769142 0.0116256 0.0213875 0.0352824 0.0507903 0.0638021 0.0701476 0.0678936 0.0584858 0.0457541 0.0336185 0.024284 0.017962 0.0137489
 1.08673e-16 3.85027e-05 0.00037426 0.00248709 0.011306 0.0351772 0.07495 0.109398 0.109429 0.0751029 0.0356913 0.0127936 0.00623145 0.00858232 0.0157269 0.0261989 0.0383424 0.049478 0.0568534 0.0591327 0.057059 0.0526866 0.0478705 0.0432861 0.0385839 0.0332194
 1.10654e-16 4.77634e-05 0.000464277 0.00308529 0.0140253 0.043638 0.0929762 0.135707 0.13573 0.0930929 0.0440299 0.015159 0.00593743 0.00671216 0.0119779 0.0198971 0.0290643 0.037419 0.042895 0.044568 0.043163 0.040426 0.037885 0.0360048 0.0342616 0.031833
 1.03835e-16 6.75495e-05 0.000656606 0.00436338 0.0198353 0.061715 0.131491 0.191917 0.191929 0.13155 0.0619138 0.0204099 0.00580706 0.0038128 0.00607555 0.00997412 0.0144501 0.0183629 0.0206019 0.020669 0.0189673 0.0165017 0.0142351 0.0126093 0.0115123 0.0105723
 1.00616e-16 7.50136e-05 0.000729158 0.00484551 0.022027 0.0685342 0.14602 0.213122 0.213129 0.146057 0.0686594 0.0223884 0.00575244 0.00270793 0.00382993 0.00620474 0.0089118 0.0111668 0.0122263 0.0117499 0.0100016 0.00767399 0.0054807 0.00382924 0.00276354 0.00211456
 1.00409e-16 6.88192e-05 0.000668947 0.00444539 0.0202081 0.062875 0.133962 0.195525 0.19554 0.134035 0.0631198 0.0209149 0.00621837 0.00453564 0.00740137 0.0120981 0.0173527 0.0216767 0.023603 0.0224545 0.0187504 0.0138697 0.00925172 0.00574759 0.00349211 0.00218424
 1.00994e-16 6.05124e-05 0.000588202 0.00390881 0.0177689 0.0552858 0.117793 0.171927 0.17195 0.117905 0.0556609 0.0188522 0.00662731 0.00652032 0.0113195 0.0185984 0.0267396 0.033525 0.036732 0.0353253 0.030067 0.0229991 0.0162341 0.0109945 0.0074507 0.00516663
 1.01454e-16 6.4588e-05 0.000627819 0.00417208 0.0189657 0.0590093 0.125726 0.183505 0.183522 0.12581 0.0592904 0.0197777 0.00621105 0.0050809 0.00852748 0.0140099 0.0202083 0.0254783 0.0281824 0.0275533 0.0241317 0.0193723 0.0147523 0.0110858 0.00844072 0.0064955
 1.00322e-16 7.78615e-05 0.000756841 0.00502948 0.0228633 0.0711362 0.151563 0.221212 0.221217 0.151586 0.0712112 0.0230801 0.00557363 0.00194449 0.0023327 0.00373126 0.00536279 0.00673354 0.00739762 0.00714985 0.00614276 0.00478168 0.00348253 0.00248084 0.00180179 0.00135209
 1.00063e-16 7.90622e-05 0.000768513 0.00510704 0.0232159 0.0722332 0.153901 0.224623 0.224627 0.153919 0.0722944 0.0233926 0.00555045 0.00173531 0.00191175 0.00302632 0.00433054 0.00540063 0.00586412 0.00555109 0.00459348 0.00334109 0.00216045 0.00127045 0.000707932 0.000396615
 1.00559e-16 3.70624e-05 0.000360259 0.00239405 0.0108831 0.0338615 0.0721474 0.105312 0.105364 0.0723996 0.0347079 0.0133266 0.00852246 0.0137216 0.0253626 0.0417392 0.0598136 0.0745637 0.0808963 0.0764615 0.0630863 0.0456204 0.0291539 0.0167395 0.00890872 0.00461705
 1.00656e-16 7.82513e-05 0.000760631 0.00505466 0.0229777 0.0714923 0.152322 0.222319 0.222322 0.152336 0.0715385 0.0231113 0.00539119 0.00149925 0.00149261 0.00237378 0.00348136 0.00452113 0.0052449 0.00552865 0.00542453 0.00509297 0.00467477 0.00421482 0.00368553 0.00306243
 1.00561e-16 6.02904e-05 0.000586044 0.00389447 0.0177037 0.055083 0.117361 0.171297 0.171322 0.117483 0.0554927 0.0188865 0.00686085 0.00705335 0.0123184 0.0202053 0.0289504 0.0360904 0.0391612 0.037032 0.0305961 0.022209 0.0143363 0.00844671 0.00477666 0.00279365
 1.01284e-16 6.45215e-05 0.000627172 0.00416778 0.0189461 0.0589485 0.125597 0.183316 0.183333 0.125681 0.0592302 0.01976 0.00621153 0.00509122 0.00854981 0.0140508 0.0202756 0.0255789 0.0283195 0.0277228 0.0243187 0.0195485 0.0148788 0.0111227 0.0083615 0.00629931
 1.01365e-16 6.42384e-05 0.00062442 0.00414949 0.018863 0.0586899 0.125046 0.182512 0.18253 0.125135 0.0589883 0.0197251 0.00631333 0.00534771 0.00903343 0.0148291 0.0213474 0.0268261 0.0295118 0.0285906 0.0246647 0.019334 0.0142359 0.0102909 0.00758905 0.00576021
 1.01159e-16 6.68982e-05 0.000650274 0.0043213 0.019644 0.0611199 0.130223 0.190068 0.190083 0.130299 0.0613736 0.0203768 0.00616059 0.00466543 0.00769228 0.0126104 0.0181573 0.0228273 0.0251302 0.0243729 0.0210622 0.0165504 0.0122218 0.00885503 0.00652963 0.00493936
 1.03168e-16 3.18991e-05 0.00031007 0.00206053 0.00936689 0.0291442 0.0620966 0.0906427 0.0906946 0.06235 0.0299949 0.0118238 0.00822654 0.0137666 0.0255765 0.0422012 0.0607137 0.0761857 0.0836022 0.080632 0.0690072 0.053341 0.0383823 0.0268436 0.0190477 0.0139577
 1.03184e-16 6.86192e-05 0.000667003 0.00443247 0.0201494 0.0626922 0.133573 0.194955 0.194963 0.133613 0.0628292 0.020546 0.00543265 0.00286538 0.00428762 0.00709404 0.0104787 0.0137311 0.016158 0.0174115 0.0176359 0.0172554 0.0165984 0.0156926 0.0143665 0.0125027
 1.0202e-16 6.04697e-05 0.000587787 0.00390605 0.0177564 0.0552468 0.11771 0.171806 0.171829 0.117821 0.055621 0.0188369 0.00661701 0.00650159 0.0112796 0.01852 0.0266 0.0333006 0.0364087 0.0349167 0.0296345 0.0226624 0.0161573 0.011342 0.00832435 0.00655405
 1.03705e-16 4.15106e-05 0.000403498 0.00268139 0.0121892 0.0379254 0.0808056 0.117946 0.117986 0.0809972 0.0385691 0.0140487 0.00735043 0.0106008 0.0194217 0.0320772 0.0462836 0.0583622 0.0645725 0.0631596 0.0553627 0.0445138 0.0339962 0.025674 0.0197003 0.0153314
 1.02907e-16 6.77081e-05 0.000658147 0.00437362 0.0198818 0.0618599 0.131799 0.192367 0.192378 0.131852 0.062037 0.0203943 0.00566298 0.0034829 0.00546199 0.00899983 0.0131382 0.0168982 0.0193193 0.0199437 0.0190483 0.0173791 0.0156196 0.0140353 0.0125104 0.0108309
 1.01961e-16 6.01253e-05 0.00058444 0.00388381 0.0176552 0.0549321 0.11704 0.170828 0.17085 0.117152 0.055309 0.0187433 0.00661407 0.00654134 0.0113638 0.0186666 0.0268265 0.0336162 0.0368104 0.0353904 0.0301565 0.023199 0.0166645 0.0117698 0.00862921 0.00671423
 1.04194e-16 3.71482e-05 0.000361094 0.0023996 0.0109082 0.0339398 0.072314 0.105553 0.105597 0.0725249 0.0346483 0.0129551 0.00753924 0.0115868 0.0213735 0.0353189 0.0509726 0.0642977 0.0711829 0.0696992 0.0612074 0.0493636 0.0378741 0.0287714 0.0222092 0.0173653
 1.06833e-16 5.23521e-05 0.000508881 0.0033817 0.0153727 0.0478303 0.101908 0.148742 0.148763 0.102007 0.0481637 0.0163376 0.00581139 0.00583816 0.0102477 0.0170525 0.0250123 0.0324003 0.0374648 0.0393615 0.0385643 0.0363544 0.0338426 0.0313544 0.0285636 0.025064
 1.03212e-16 6.67598e-05 0.000648929 0.00431236 0.0196034 0.0609935 0.129954 0.189674 0.189687 0.13002 0.0612161 0.0202465 0.00592749 0.00417789 0.0067783 0.0111256 0.0160818 0.0203573 0.0226896 0.0225096 0.0202751 0.0171399 0.0142304 0.0120963 0.010659 0.00952953
 1.02972e-16 4.75443e-05 0.000462148 0.00307114 0.013961 0.0434379 0.0925504 0.135087 0.135123 0.0927247 0.0440232 0.0156512 0.00731292 0.00971843 0.0176164 0.0290208 0.0417366 0.0523497 0.0574107 0.0553285 0.0473206 0.0365951 0.0264489 0.0187555 0.0137093 0.0105364
pSPR Fmed_Fpbrs
0.555615   0.227273 0.227273
Fs Fmed_Fpbrs
0.34   1.005 1.005
SSBpbr Bo_Bmed_Bpbrs
586253  296419  103927 103927
Ro
97909.7
SPR SPRFo_SPRFmed_SPRFpbrs
704764 391577 160174
Fref
1.005
Nvult_r0
 43101.6 19918.1 2087.46 416.905 310.915
CTP_r0
 18249.3 9983.88 1046.33 208.972 155.845
YTP_r0
447749
Np
 101979 18001.5 1933.74 763.234 90.7599
Nvult_p0
 83977.3 15577.4 1673.34 660.456 78.5381
CTP_p0
 35556.1 6228.69 2458.42 257.648 64.1279
 35556.1 7808.15 838.757 331.052 39.367
YTP_p0
 446288 436290
CBA_c0
447311
log_Ro
11.3118
likeval ReclasPelacesDesembMPH_pf_preclas_ppelaces_ptallas_desvR_qrecl_qpela
 14.5225 17.7285 0.0187171 44.7381 249.052 132.61 116.11 0 22.5691 8.45226e-05 0.000152846 0.0421144 0 0 0
q_reclas_q_pelaces
3.66993 5.74541
M
1
N
 149262 27614.2 38222.4 3258.04 0.157633
 91379.6 41089.7 6831.21 9455.49 806.014
 83937.1 19642.7 7245.42 1204.56 1809.43
 125076 18125.5 3485.35 1285.61 534.793
 95061.2 23560.7 2667.75 512.98 267.93
 195728 28299.6 6487.47 734.569 215.025
 69919.8 52517.4 6759.39 1549.54 226.812
 25786.9 11669.8 6549.94 843.027 221.546
 24917.8 8142.89 3483.32 1955.09 317.764
 33054.4 4672.22 1190.95 509.459 332.42
 58198.8 3406.17 301.181 76.7713 54.2693
 116142 16966.4 911.379 80.586 35.0621
 79075.6 20277.2 2250.54 120.892 15.3404
 51449.6 13431.6 2590.43 287.508 17.4037
 60084 2579.07 322.93 62.2806 7.33086
 248698 8016.26 236.753 29.6443 6.39019
 45033 41652.1 1004.52 29.6675 4.51549
 363318 8246.18 5897.51 142.23 4.83997
 261759 75004.4 1375.82 983.957 24.5375
 239244 42022.8 8869.88 162.701 119.263
 246132 44215.4 6025.68 1271.86 40.431
 335060 52036.9 7621.45 1038.65 226.201
 56494.5 58648 6926.75 1014.51 168.368
 157157 11698.2 9825.56 1160.47 198.173
 151154 35594.2 2215.68 1861 257.332
 58911.5 33813.7 6628.47 412.612 394.483
 147569 14302.6 7043.28 1380.69 168.115
 153551 34992.4 2884.6 1420.51 312.367
 57430.6 39798.9 7971.25 657.11 394.748
 62275.5 14811.1 9004.23 1803.44 237.976
 110402 14264.7 2848.93 1731.98 392.67
 52340.9 23017.6 2412.3 481.782 359.299
pred_Ctot
 24314.1 5904.27 8172.45 696.611 0.033704
 25073.2 14341.9 2384.35 3300.32 281.329
 22874.7 6813.2 2513.12 417.809 627.611
 40703.7 7390.38 1421.09 524.186 218.053
 11663 3835.14 434.249 83.5016 43.6129
 34353.1 6497.23 1489.44 168.648 49.3671
 25714.3 23885.7 3074.27 704.754 103.157
 2337.64 1415.32 794.38 102.243 26.8692
 8151.11 3335.64 1426.9 800.878 130.168
 16602.1 2776.74 707.795 302.776 197.56
 7781.66 602.485 53.273 13.5793 9.59916
 40937.9 7431.01 399.17 35.2954 15.3567
 28615.5 9091.27 1009.03 54.2016 6.87783
 32543.2 9592.31 1849.98 205.327 12.4291
 26218.3 1361.51 170.478 32.8785 3.87003
 91176.5 3635.78 107.379 13.4452 2.89828
 15117.5 17464.1 421.18 12.4392 1.89328
 105574 3033.68 2169.63 52.3248 1.78057
 99609.9 35156.5 644.881 461.207 11.5014
 79518.2 17462.7 3685.91 67.6112 49.5601
 69187.8 15779.5 2150.44 453.899 14.429
 117806 22740.3 3330.6 453.895 98.8505
 16348.9 21494.9 2538.7 371.824 61.7079
 39705.8 3783.46 3177.8 375.322 64.0934
 38979.6 11732.5 730.33 613.42 84.8215
 13096.3 9706.07 1902.67 118.438 113.235
 34353.2 4286.49 2110.86 413.791 50.3839
 29503.6 8754.86 721.707 355.402 78.1521
 11170.7 10073.5 2017.6 166.321 99.9145
 15434.1 4705.45 2860.63 572.951 75.6046
 31650.1 5183.29 1035.2 629.34 142.682
 8613.97 4969.93 520.86 104.025 77.5791
F
 0.289944 0.396827 0.396827 0.396827 0.396827
 0.537316 0.735389 0.735389 0.735389 0.735389
 0.532749 0.729139 0.729139 0.729139 0.729139
 0.669342 0.916085 0.916085 0.916085 0.916085
 0.211675 0.289706 0.289706 0.289706 0.289706
 0.315579 0.431913 0.431913 0.431913 0.431913
 0.790342 1.08169 1.08169 1.08169 1.08169
 0.152723 0.209022 0.209022 0.209022 0.209022
 0.67395 0.922392 0.922392 0.922392 0.922392
 1.27257 1.74168 1.74168 1.74168 1.74168
 0.23263 0.318386 0.318386 0.318386 0.318386
 0.745316 1.02006 1.02006 1.02006 1.02006
 0.772796 1.05768 1.05768 1.05768 1.05768
 1.99318 2.72793 2.72793 2.72793 2.72793
 1.01427 1.38817 1.38817 1.38817 1.38817
 0.786889 1.07696 1.07696 1.07696 1.07696
 0.697645 0.954821 0.954821 0.954821 0.954821
 0.577732 0.790704 0.790704 0.790704 0.790704
 0.829211 1.13489 1.13489 1.13489 1.13489
 0.68841 0.942182 0.942182 0.942182 0.942182
 0.553914 0.758106 0.758106 0.758106 0.758106
 0.742757 1.01656 1.01656 1.01656 1.01656
 0.574708 0.786566 0.786566 0.786566 0.786566
 0.485063 0.663874 0.663874 0.663874 0.663874
 0.497436 0.680808 0.680808 0.680808 0.680808
 0.415591 0.568792 0.568792 0.568792 0.568792
 0.439167 0.601058 0.601058 0.601058 0.601058
 0.350196 0.47929 0.47929 0.47929 0.47929
 0.355204 0.486144 0.486144 0.486144 0.486144
 0.473779 0.64843 0.64843 0.64843 0.64843
 0.567871 0.777208 0.777208 0.777208 0.777208
 0.293323 0.401452 0.401452 0.401452 0.401452
YTP_r0W_actual
 156944 247600 29192.7 7794.66 6218.23
YTP_p0W_proyectada
 268093 108691 59174.2 8069.54 2260.51
 268093 136252 20188.9 10368.5 1387.69
CTP_r0_actual
 18249.3 9983.88 1046.33 208.972 155.845
CTP_p0_proyectada
 35556.1 6228.69 2458.42 257.648 64.1279
 35556.1 7808.15 838.757 331.052 39.367
Wmedp
 7.54 17.45 24.07 31.32 35.25
Frms_r0
 0.734309 1.005 1.005 1.005 1.005
Zrms_r0
 1.73431 2.005 2.005 2.005 2.005
nmprior
 7.29 8.9 8.7 0
nm_flota  nm_reclas  nm_pelaces    nm_pelaL
inf 11.6834 14.314 41.5016
cv_recla  cv_pelaces  cv_mph
0.337127 0.46124 0.910211
 ------------------------------------------------
Talla a la edad & desviaci?n 
 8 13.2811 15.8009 17.003 17.5766
 0.8 1.32811 1.58009 1.7003 1.75766
