years
 1991 1992 1993 1994 1995 1996 1997 1998 1999 2000 2001 2002 2003 2004 2005 2006 2007 2008 2009 2010 2011 2012 2013 2014 2015 2016 2017 2018 2019
reclasobs
 0 0 0 0 0 0 0 0 0 252601 567819 844713 477998 351125 339783 2.1784e+06 2.13404e+06 4.81314e+06 1.55562e+06 2.62356e+06 3.21686e+06 3.843e+06 1.13348e+06 3.07943e+06 1.97215e+06 2.03268e+06 2.025e+06 2.42433e+06 2.27542e+06
reclaspred
 3.25965e+06 1.77686e+06 894740 934458 955410 1.68039e+06 935015 803895 563933 374345 552415 811473 685990 352466 543524 1.39133e+06 1.20641e+06 2.81662e+06 2.25253e+06 1.82924e+06 3.22076e+06 2.63616e+06 1.95713e+06 3.04733e+06 2.29653e+06 2.03024e+06 2.4643e+06 2.48417e+06 1.94508e+06
pelacesobs
 0 0 0 0 0 0 0 0 0 0 0 0 0 0 0 552880 188675 0 991730 2.46772e+06 1.41603e+06 1.21717e+06 2.29649e+06 1.80582e+06 0 1.4828e+06 1.56532e+06 1.57751e+06 1.42118e+06
pelacespred
 1.87021e+06 1.1076e+06 540675 441473 500479 886886 450829 510716 326875 195070 304998 381554 353697 162661 283200 615652 579204 1.48029e+06 1.22595e+06 901509 1.62605e+06 1.40869e+06 1.11005e+06 1.82496e+06 1.3558e+06 1.21168e+06 1.62361e+06 1.48509e+06 1.10635e+06
mphobs
 0 0 0 0 0 0 0 0 0 0 0 0 498337 0 5186 125008 0 168611 109162 213762 579715 649985 157893 87575 83554 210694 70296 0 107559
mphpred
 584450 390937 186726 103200 114870 140567 194737 102638 93367.9 57286.5 34431.8 79982.9 97946.3 59797 23007.2 55908.1 180062 154490 305522 363455 431923 513225 110896 89867.5 136050 108322 93432.2 105330 134217
desembarqueobs
 494567 514787 250237 358949 120608 361735 552515 73892 212993 205616 52469 317467 293654 387597 252695 516296 358380 742168 942051 627588 828172 859565 418607 520667 417249 300574 415391 372974 316634
desembarquepred
 494563 513963 250625 358983 120612 361739 552528 73896.7 213054 205676 52471.4 317487 293734 387719 252637 516214 358414 742009 941664 627324 828247 859532 418613 520692 417216 300571 415371 372933 316622
Reclutas
 166069 93913.2 91456.2 141349 113665 208357 82603.5 34694.9 33488.3 45082 90901.4 139617 85186 53330.4 81138.3 344648 69232.9 495459 318378 288745 351436 485226 90542 264687 242715 101172 230852 233737 79846.5
log_desv_Rt
 0.216857 -0.353178 -0.379689 0.0556795 -0.162297 0.443702 -0.481497 -1.34896 -1.38435 -1.08707 -0.385774 0.0433512 -0.450713 -0.919043 -0.499394 0.946974 -0.658073 1.30994 0.86769 0.769995 0.966477 1.28906 -0.389736 0.682999 0.596339 -0.278723 0.546226 0.558646 -0.515443
SSB
 1.86898e+06 1.25016e+06 597120 330017 367336 449511 622739 328221 298576 183193 110108 255773 298224 186495 71005.8 173065 575812 494036 1.00934e+06 717394 874536 1.09149e+06 1.04038e+06 808480 1.14812e+06 970075 788388 855518 1.13119e+06
BT
 2.67035e+06 1.83788e+06 893317 863594 728839 1.47414e+06 1.04691e+06 716575 624476 447290 450750 763490 719626 614338 637971 1.25844e+06 1.00789e+06 2.65319e+06 2.48756e+06 1.69615e+06 2.81657e+06 2.60138e+06 1.74481e+06 2.89761e+06 2.08761e+06 1.78634e+06 2.55915e+06 2.2826e+06 1.61717e+06
Ftot
 0.219827 0.405998 0.39956 0.586994 0.194204 0.344204 0.811714 0.140253 0.562182 0.802196 0.161531 0.605344 0.635101 1.50313 0.776144 0.626138 0.431638 0.43762 0.627495 0.531107 0.402473 0.50341 0.310321 0.277676 0.275303 0.220695 0.271602 0.243185 0.231871
BD_Bspro_t
 0.965439 0.763888 0.548476 0.445911 0.443349 0.543143 0.548169 0.350747 0.408234 0.342274 0.295008 0.580416 0.473603 0.316316 0.153326 0.303782 0.470254 0.417563 0.525889 0.412583 0.410823 0.460775 0.476331 0.453552 0.574914 0.591035 0.596148 0.642634 0.686829
BD_Bspro
 1.96702 1.31573 0.628443 0.347328 0.386605 0.473091 0.655405 0.345438 0.314238 0.192803 0.115883 0.26919 0.313867 0.196277 0.0747305 0.182143 0.606016 0.519951 1.06229 0.755026 0.920411 1.14875 1.09495 0.85089 1.20835 1.02096 0.829743 0.900395 1.19052
BD_Bo
 1.43826 0.962046 0.459508 0.253961 0.28268 0.345917 0.479223 0.252579 0.229767 0.140975 0.0847324 0.196828 0.229495 0.143515 0.0546419 0.13318 0.44311 0.380181 0.776728 0.552064 0.672991 0.839947 0.800612 0.622159 0.883528 0.746512 0.606696 0.658356 0.870493
BD_Brms
 2.61506 1.7492 0.835484 0.461756 0.513972 0.628951 0.871329 0.459243 0.417765 0.256322 0.154061 0.357875 0.417271 0.260941 0.0993506 0.24215 0.805669 0.691249 1.41226 1.00377 1.22364 1.5272 1.45568 1.13122 1.60644 1.35732 1.1031 1.19703 1.58274
Sel_flota
 0.748161 1 1 1 1
 0.748161 1 1 1 1
 0.748161 1 1 1 1
 0.748161 1 1 1 1
 0.748161 1 1 1 1
 0.748161 1 1 1 1
 0.748161 1 1 1 1
 0.748161 1 1 1 1
 0.748161 1 1 1 1
 0.748161 1 1 1 1
 0.748161 1 1 1 1
 0.748161 1 1 1 1
 0.748161 1 1 1 1
 0.748161 1 1 1 1
 0.748161 1 1 1 1
 0.748161 1 1 1 1
 0.748161 1 1 1 1
 0.748161 1 1 1 1
 0.748161 1 1 1 1
 0.748161 1 1 1 1
 0.748161 1 1 1 1
 0.748161 1 1 1 1
 0.748161 1 1 1 1
 0.748161 1 1 1 1
 0.748161 1 1 1 1
 0.748161 1 1 1 1
 0.748161 1 1 1 1
 0.748161 1 1 1 1
 0.748161 1 1 1 1
Sel_reclas
 0.999297 1 1 1 1
 0.999297 1 1 1 1
 0.999297 1 1 1 1
 0.999297 1 1 1 1
 0.999297 1 1 1 1
 0.999297 1 1 1 1
 0.999297 1 1 1 1
 0.999297 1 1 1 1
 0.999297 1 1 1 1
 0.999297 1 1 1 1
 0.999297 1 1 1 1
 0.999297 1 1 1 1
 0.999297 1 1 1 1
 0.999297 1 1 1 1
 0.999297 1 1 1 1
 0.999297 1 1 1 1
 0.999297 1 1 1 1
 0.999297 1 1 1 1
 0.999297 1 1 1 1
 0.999297 1 1 1 1
 0.999297 1 1 1 1
 0.999297 1 1 1 1
 0.999297 1 1 1 1
 0.999297 1 1 1 1
 0.999297 1 1 1 1
 0.999297 1 1 1 1
 0.999297 1 1 1 1
 0.999297 1 1 1 1
 0.999297 1 1 1 1
Sel_pelaces
 0.830853 0.963096 0.992839 0.998644 0.999745
 0.830853 0.963096 0.992839 0.998644 0.999745
 0.830853 0.963096 0.992839 0.998644 0.999745
 0.830853 0.963096 0.992839 0.998644 0.999745
 0.830853 0.963096 0.992839 0.998644 0.999745
 0.830853 0.963096 0.992839 0.998644 0.999745
 0.830853 0.963096 0.992839 0.998644 0.999745
 0.830853 0.963096 0.992839 0.998644 0.999745
 0.830853 0.963096 0.992839 0.998644 0.999745
 0.830853 0.963096 0.992839 0.998644 0.999745
 0.830853 0.963096 0.992839 0.998644 0.999745
 0.830853 0.963096 0.992839 0.998644 0.999745
 0.830853 0.963096 0.992839 0.998644 0.999745
 0.830853 0.963096 0.992839 0.998644 0.999745
 0.830853 0.963096 0.992839 0.998644 0.999745
 0.830853 0.963096 0.992839 0.998644 0.999745
 0.830853 0.963096 0.992839 0.998644 0.999745
 0.830853 0.963096 0.992839 0.998644 0.999745
 0.830853 0.963096 0.992839 0.998644 0.999745
 0.830853 0.963096 0.992839 0.998644 0.999745
 0.830853 0.963096 0.992839 0.998644 0.999745
 0.830853 0.963096 0.992839 0.998644 0.999745
 0.830853 0.963096 0.992839 0.998644 0.999745
 0.830853 0.963096 0.992839 0.998644 0.999745
 0.830853 0.963096 0.992839 0.998644 0.999745
 0.830853 0.963096 0.992839 0.998644 0.999745
 0.830853 0.963096 0.992839 0.998644 0.999745
 0.830853 0.963096 0.992839 0.998644 0.999745
 0.830853 0.963096 0.992839 0.998644 0.999745
pf_obs 
 0.8446 0.082 0.0669 0.0065 0
 0.8095 0.147 0.0364 0.0071 0
 0.9664 0.0169 0.016 0.0007 0
 0.9276 0.0648 0.0075 0.0001 0
 0.7033 0.2144 0.0806 0.0017 0
 0.9318 0.0425 0.0243 0.0014 0
 0.5671 0.3108 0.0964 0.0239 0.0018
 0.0768 0.2599 0.5324 0.112 0.0189
 0.490249 0.384438 0.106611 0.0170017 0.00170017
 0.7925 0.1577 0.0466 0.003 0.0002
 0.840416 0.127587 0.0312969 0.00059994 9.999e-05
 0.8084 0.0986 0.0794 0.0134 0.0002
 0.7335 0.1905 0.0724 0.0035 0.0001
 0.4001 0.4547 0.1325 0.0127 0
 0.49795 0.308269 0.164784 0.0264974 0.00249975
 0.9179 0.0499 0.0305 0.0017 0
 0.2467 0.6533 0.0926 0.0074 0
 0.9418 0.0223 0.034 0.0019 0
 0.707729 0.231977 0.0356964 0.0245975 0
 0.517169 0.277429 0.184464 0.0207286 0.00020938
 0.811772 0.124168 0.05621 0.00726502 0.000585176
 0.764997 0.148141 0.077277 0.00933861 0.000247198
 0.163321 0.427699 0.378323 0.0303852 0.000271297
 0.753843 0.0900009 0.118128 0.0371064 0.000921714
 0.721811 0.176058 0.0630433 0.0369309 0.00215725
 0.143369 0.312575 0.442814 0.0836902 0.0175525
 0.692698 0.0596174 0.167031 0.0765114 0.00414204
 0.394062 0.376323 0.152708 0.0712218 0.00568511
 0.125707 0.32114 0.495352 0.0537591 0.00404204
pf_pred 
 0.508013 0.139471 0.329717 0.0227989 8.77682e-07
 0.453384 0.321349 0.0638597 0.150967 0.0104393
 0.60171 0.215582 0.107411 0.0213452 0.0539505
 0.753567 0.168124 0.0423867 0.0211187 0.0148042
 0.679044 0.262393 0.0399533 0.0100729 0.00853679
 0.768542 0.172283 0.0483777 0.00736625 0.00343109
 0.480722 0.427812 0.0680815 0.0191176 0.00426682
 0.481966 0.303006 0.177153 0.0281918 0.00968323
 0.562763 0.244605 0.112673 0.0658744 0.0140839
 0.745463 0.166099 0.0494751 0.0227899 0.0161728
 0.861188 0.113345 0.0166185 0.00495009 0.00389829
 0.769602 0.206132 0.0198137 0.00290507 0.00154678
 0.632588 0.305237 0.0556267 0.00534691 0.00120137
 0.624141 0.269777 0.0881307 0.016061 0.00189068
 0.883563 0.0863376 0.0216043 0.00705769 0.00143761
 0.93777 0.0572434 0.00369734 0.000925187 0.000363805
 0.394487 0.579441 0.0239826 0.00154903 0.000540034
 0.910018 0.0433741 0.0446009 0.001846 0.0001608
 0.642804 0.334092 0.0111369 0.0114519 0.000515273
 0.692762 0.223171 0.0786294 0.0026211 0.0028165
 0.745872 0.194661 0.0431954 0.015219 0.00105246
 0.762679 0.191444 0.0351421 0.00779806 0.00293748
 0.319451 0.559978 0.0972629 0.0178539 0.00545418
 0.753659 0.097736 0.122277 0.0212383 0.00508956
 0.656554 0.278211 0.0258819 0.0323807 0.00697201
 0.436451 0.409736 0.124598 0.0115913 0.0176243
 0.744102 0.132281 0.0898771 0.0273311 0.00640856
 0.674668 0.260905 0.0333045 0.0226283 0.00849462
 0.387635 0.45435 0.126723 0.0161761 0.0151166
pobs_RECLAS
 0 0 0 0 0
 0 0 0 0 0
 0 0 0 0 0
 0 0 0 0 0
 0 0 0 0 0
 0 0 0 0 0
 0 0 0 0 0
 0 0 0 0 0
 0 0 0 0 0
 0 0 0 0 0
 0.991045 0.00858322 0.000360255 1.14367e-05 0
 0.934742 0.0480273 0.0164251 0.00080598 0
 0.827803 0.169806 0.00239088 0 0
 0.941827 0.0461693 0.0120037 0 0
 0.791401 0.0380133 0.147996 0.0225897 0
 0.846168 0.0940531 0.0597789 0 0
 0.134021 0.677848 0.182769 0.00536245 0
 0.80878 0.0450904 0.141981 0.00414843 0
 0.846168 0.0940531 0.0597789 0 0
 0.905697 0.0802665 0.012482 0.00150086 5.37128e-05
 0.989698 0.0102097 9.19794e-05 0 0
 0.975433 0.0193895 0.00387452 0.00125025 5.28907e-05
 0.303575 0.632131 0.0575291 0.00676475 0
 0.966965 0.00978017 0.0227588 0.000495775 0
 0.843318 0.132988 0.00938335 0.0141283 0.000182051
 0.564624 0.303363 0.111486 0.0197234 0.00080311
 0.826376 0.0876187 0.0782897 0.00655872 0.00115652
 0.89761 0.0855135 0.0140674 0.00269457 0.000114338
 0.34875 0.467042 0.161289 0.0227151 0.000203297
ppred_RECLAS
 0.580995 0.118782 0.280805 0.0194168 7.47484e-07
 0.528378 0.277261 0.0550984 0.130255 0.0090071
 0.671067 0.178042 0.0887072 0.0176282 0.0445557
 0.80614 0.132256 0.033344 0.0166132 0.0116459
 0.739521 0.212951 0.032425 0.00817486 0.00692823
 0.817377 0.135934 0.0381707 0.00581207 0.00270718
 0.559732 0.362719 0.0577227 0.0162088 0.00361761
 0.554904 0.260344 0.15221 0.0242225 0.00831986
 0.636173 0.203537 0.0937559 0.0548144 0.0117193
 0.800806 0.129985 0.038718 0.0178348 0.0126564
 0.89268 0.0876303 0.0128483 0.00382707 0.00301389
 0.819684 0.161325 0.0155068 0.0022736 0.00121055
 0.701134 0.248291 0.0452487 0.00434936 0.00097724
 0.703449 0.212852 0.0695346 0.0126721 0.00149173
 0.91231 0.0650214 0.0162703 0.00531519 0.00108267
 0.953543 0.0427341 0.00276019 0.000690682 0.000271592
 0.468303 0.508804 0.021059 0.0013602 0.0004742
 0.931859 0.0328462 0.0337752 0.00139793 0.00012177
 0.710252 0.271007 0.00903396 0.00928948 0.000417976
 0.753666 0.178932 0.0630426 0.00210151 0.00225818
 0.798546 0.154313 0.0342421 0.0120645 0.000834315
 0.813295 0.150612 0.0276469 0.00613486 0.00231096
 0.387271 0.504174 0.0875702 0.0160747 0.00491065
 0.804509 0.0775611 0.0970362 0.0168543 0.00403896
 0.719988 0.226826 0.0211016 0.0264001 0.0056843
 0.509812 0.356397 0.108378 0.0100824 0.01533
 0.796362 0.105266 0.071522 0.0217494 0.00509978
 0.735916 0.211786 0.0270344 0.0183682 0.00689539
 0.45956 0.400985 0.111839 0.0142762 0.0133411
pobs_PELACES
 0 0 0 0 0
 0 0 0 0 0
 0 0 0 0 0
 0 0 0 0 0
 0 0 0 0 0
 0 0 0 0 0
 0 0 0 0 0
 0 0 0 0 0
 0 0 0 0 0
 0 0 0 0 0
 0 0 0 0 0
 0 0 0 0 0
 0 0 0 0 0
 0 0 0 0 0
 0 0 0 0 0
 0 0 0 0 0
 0.505614 0.472636 0.0217494 0 0
 0 0 0 0 0
 0.443492 0.261883 0.143347 0.151278 0
 0.227955 0.32914 0.350689 0.0885471 0.00366901
 0.970185 0.0296113 0.000203453 0 0
 0.997202 0.00247181 0.000326279 0 0
 0.445219 0.490057 0.0546422 0.010081 0
 0.90214 0.0892962 0.00764917 0.000914606 0
 0 0 0 0 0
 0.581667 0.319106 0.0959925 0.00289975 0.000334073
 0.762889 0.0836404 0.116647 0.0363945 0.000428098
 0.88444 0.0763242 0.0277011 0.0115352 0
 0.521256 0.241999 0.230069 0.00667565 0
ppred_PELACES
 0.54388 0.126469 0.308213 0.0214366 8.26148e-07
 0.496488 0.29177 0.0597722 0.142131 0.0098391
 0.64196 0.190846 0.0980233 0.0195934 0.0495774
 0.78855 0.142721 0.0370936 0.0185895 0.0130456
 0.712309 0.233791 0.0366977 0.00930616 0.0078957
 0.797723 0.149339 0.0432301 0.00662093 0.00308733
 0.53863 0.377942 0.0620026 0.0175124 0.00391287
 0.517984 0.278243 0.167699 0.0268434 0.00923024
 0.609183 0.21546 0.102313 0.0601669 0.0128778
 0.785726 0.138205 0.0424378 0.0196625 0.0139688
 0.878551 0.0985679 0.0148983 0.00446364 0.00351907
 0.804419 0.174393 0.0172806 0.00254849 0.00135841
 0.679868 0.264546 0.0497 0.00480516 0.00108084
 0.696932 0.215588 0.0726032 0.0133086 0.0015684
 0.904761 0.0700285 0.0180644 0.00593579 0.00121042
 0.949025 0.0467684 0.00311406 0.000783787 0.000308542
 0.440426 0.534758 0.0228168 0.00148235 0.000517355
 0.923365 0.0363541 0.0385369 0.00160434 0.000139904
 0.68988 0.289424 0.00994584 0.0102869 0.000463366
 0.732408 0.192722 0.0699985 0.00234703 0.00252478
 0.778353 0.168497 0.0385443 0.0136596 0.000945671
 0.795787 0.163711 0.0309795 0.00691457 0.00260754
 0.357627 0.525576 0.0941069 0.0173756 0.00531391
 0.781031 0.0852314 0.109926 0.0192047 0.00460728
 0.692903 0.247141 0.0237015 0.0298262 0.00642906
 0.475484 0.378038 0.118509 0.0110894 0.0168796
 0.772708 0.115673 0.0810199 0.0247817 0.00581719
 0.709171 0.231677 0.0304869 0.0208351 0.00783005
 0.426019 0.422363 0.121439 0.0155924 0.0145871
pobs_pel_tallas
 0 0 0 0 0 0 0 0 0 0 0 0 0 0 0 0 0 0 0 0 0 0 0 0 0 0
 0 0 0 0 0 0 0 0 0 0 0 0 0 0 0 0 0 0 0 0 0 0 0 0 0 0
 0 0 0 0 0 0 0 0 0 0 0 0 0 0 0 0 0 0 0 0 0 0 0 0 0 0
 0 0 0 0 0 0 0 0 0 0 0 0 0 0 0 0 0 0 0 0 0 0 0 0 0 0
 0 0 0 0 0 0 0 0 0 0 0 0 0 0 0 0 0 0 0 0 0 0 0 0 0 0
 0 0 0 0 0 0 0 0 0 0 0 0 0 0 0 0 0 0 0 0 0 0 0 0 0 0
 0 0 0 0 0 0 0 0 0 0 0 0 0 0 0 0 0 0 0 0 0 0 0 0 0 0
 0 0 0 0 0 0 0 0 0 0 0 0 0 0 0 0 0 0 0 0 0 0 0 0 0 0
 0 0 0 0 0 0 0 0 0 0 0 0 0 0 0 0 0 0 0 0 0 0 0 0 0 0
 0 0 0 0 0 0 0 0 0 0 0 0 0 0 0 0 0 0 0 0 0 0 0 0 0 0
 0 0 0 0 0 0 0 0 0 0 0 0 0 0 0 0 0 0 0 0 0 0 0 0 0 0
 0 0 0 0 0 0 0 0 0 0 0 0 0 0 0 0 0 0 0 0 0 0 0 0 0 0
 0.00862536 0 0 0.000197151 0.00414017 0.0128641 0.00837892 0.0270097 0.101434 0.158115 0.152841 0.127902 0.109271 0.109419 0.0830992 0.0579132 0.0238553 0.00714673 0.00463305 0.00128148 0.00103504 0.000492878 0.000147863 0.000147863 4.92878e-05 0
 0 0 0 0 0 0 0 0 0 0 0 0 0 0 0 0 0 0 0 0 0 0 0 0 0 0
 0 0 0 0 0 0 0 0.0054083 0.00873648 0.0413646 0.0450493 0.0745869 0.0622846 0.0627006 0.0613931 0.0827291 0.12552 0.122667 0.0946155 0.0697135 0.0546179 0.0294188 0.0215738 0.0213955 0.0102223 0.00600262
 0 0 0 0 0.00359764 0.0251062 0.0480494 0.140153 0.205849 0.193036 0.1447 0.116669 0.0760912 0.0342217 0.00950174 0.001854 0.000860785 0 0 0 0.000165536 0 0.000143464 0 0 0
 0 0 0 0 0 0 0 0.000145254 0.000435761 0.0275982 0.070085 0.0708112 0.156366 0.174668 0.174014 0.160142 0.0824315 0.0480064 0.0283245 0.00493863 0.00203355 0 0 0 0 0
 0 0 0 0 0 0 0 0 0 0 0 0 0 0 0 0 0 0 0 0 0 0 0 0 0 0
 0 0 1.00437e-05 0.000401748 0.00122533 0.00171747 0.00176769 0.0269171 0.070346 0.194647 0.189555 0.159765 0.064822 0.0314167 0.0384472 0.0292271 0.0345202 0.0313363 0.0194345 0.0106764 0.0143323 0.0359363 0.0279516 0.0138201 0.00172751 0
 0 0.0021121 0.0136068 0.0755702 0.200478 0.177729 0.0527432 0.0373336 0.0318909 0.0142505 0.0149659 0.0166563 0.0217959 0.0798694 0.0677717 0.0528807 0.04013 0.0224614 0.0357745 0.0225083 0.00881397 0.00855152 0.00135912 0.000746735 0 0
 0 0 0 0 5.4009e-05 0.00500934 0.000945158 0.0243581 0.138947 0.33067 0.221406 0.137944 0.0707744 0.0437923 0.0131692 0.00525238 0.0047753 0.00276346 9.45158e-05 9.00151e-06 2.25038e-05 9.00151e-06 4.50075e-06 0 0 0
 0.000866109 0.00284123 0.00948549 0.0512746 0.133035 0.25785 0.225252 0.132002 0.0553304 0.0519788 0.0540692 0.017754 0.00435017 0.00159236 0.00146478 0.000404838 0.000125132 0.000115318 0.000107957 0.000100596 0 0 0 0 0 0
 0 0 0 0 0.00144013 0.00171154 0.00461396 0.0210425 0.0478622 0.0707936 0.0888783 0.103762 0.0637923 0.0337046 0.0602308 0.124433 0.169614 0.0934646 0.0462172 0.0250306 0.0313229 0.00938855 0.002487 0.000210481 0 0
 0 0.00764035 0.051015 0.0998891 0.058973 0.0496711 0.0374665 0.0718981 0.12319 0.153886 0.159021 0.0857701 0.0377988 0.023471 0.0147837 0.00900784 0.00315554 0.000888139 0.00291439 0.00214683 0.00393193 0.00274676 0.000635225 9.99891e-05 0 0
 0 0 0 0 0 0 0 0 0 0 0 0 0 0 0 0 0 0 0 0 0 0 0 0 0 0
 0 0 0 0 0 0 0 0 0 0 0 0 0 0 0 0 0 0 0 0 0 0 0 0 0 0
 0 0 0 0 0 0 0 0 0 0 0 0 0 0 0 0 0 0 0 0 0 0 0 0 0 0
 0 0 0 0 0 0 0 0 0 0 0 0 0 0 0 0 0 0 0 0 0 0 0 0 0 0
 0 0 0 0 0 0 0 0 0 0 0 0 0 0 0 0 0 0 0 0 0 0 0 0 0 0
ppred_pel_tallas
 1.11077e-16 4.47987e-05 0.000435459 0.00289378 0.0131547 0.0409293 0.0872046 0.12728 0.127293 0.0872666 0.0411387 0.0137655 0.00444869 0.0039018 0.00683843 0.011782 0.01824 0.0255795 0.0330857 0.0402722 0.0468872 0.0525399 0.0563611 0.0571689 0.0541241 0.0473641
 1.17719e-16 4.08951e-05 0.000397515 0.00264163 0.0120085 0.037363 0.0796069 0.116194 0.116223 0.0797447 0.037826 0.013347 0.00600602 0.0077576 0.0140673 0.0233259 0.0339355 0.0434422 0.0494337 0.0509587 0.0491438 0.046388 0.0447475 0.0447612 0.0454459 0.0451933
 1.13233e-16 5.28774e-05 0.000513987 0.00341563 0.015527 0.0483102 0.102931 0.150234 0.150253 0.103021 0.0486146 0.0164078 0.00563278 0.00537483 0.00934628 0.0155317 0.0227598 0.0294597 0.0340744 0.0359286 0.0356079 0.0344594 0.0336247 0.0333836 0.0332122 0.0323228
 1.05179e-16 6.49518e-05 0.000631355 0.00419558 0.0190725 0.0593417 0.126434 0.184537 0.184551 0.126502 0.0595681 0.0197268 0.0058398 0.00422654 0.00691036 0.0113684 0.0164837 0.0209757 0.0235921 0.0237791 0.0220062 0.0194191 0.0171015 0.0155266 0.0145234 0.0136224
 1.03389e-16 5.8672e-05 0.000570313 0.00378993 0.0172285 0.0536043 0.114211 0.166698 0.166721 0.114321 0.0539742 0.0182968 0.00647206 0.00642671 0.0111849 0.0184086 0.0265379 0.0334277 0.0369323 0.0360674 0.0315905 0.0254731 0.0197041 0.0153571 0.0124622 0.0104823
 1.02473e-16 6.57074e-05 0.000638699 0.00424438 0.0192944 0.060032 0.127905 0.186684 0.186699 0.127975 0.0602688 0.019979 0.00596465 0.00439965 0.00722483 0.0118828 0.0172108 0.0218504 0.0244564 0.0243983 0.0221099 0.0187472 0.0154485 0.0127863 0.010735 0.00899921
 1.04305e-16 4.43664e-05 0.000431257 0.00286585 0.0130278 0.0405345 0.0863643 0.126059 0.126095 0.0865424 0.0411324 0.0147551 0.00720242 0.0099005 0.0180355 0.0297655 0.0429197 0.0540689 0.0597416 0.0583318 0.0510398 0.0410233 0.0314736 0.0241245 0.019056 0.0154648
 1.09165e-16 4.26657e-05 0.000414726 0.002756 0.0125284 0.0389807 0.0830534 0.121225 0.121252 0.0831856 0.039425 0.0138143 0.00599373 0.00751569 0.0136254 0.0227108 0.0333017 0.0431111 0.0497985 0.0522343 0.0510541 0.0479811 0.0445234 0.0411475 0.0374447 0.0328809
 1.11221e-16 5.01776e-05 0.000487744 0.00324123 0.0147342 0.0458437 0.0976755 0.142565 0.142586 0.0977777 0.0461871 0.015728 0.00574256 0.00597047 0.0105293 0.0175042 0.0256315 0.0331349 0.0382433 0.0401765 0.0395702 0.0379104 0.036446 0.0354644 0.0343879 0.0324127
 1.05596e-16 6.47192e-05 0.000629094 0.00418055 0.0190042 0.0591291 0.125981 0.183876 0.18389 0.126047 0.0593486 0.0196386 0.00577529 0.00411787 0.00671275 0.0110545 0.0160607 0.0205052 0.0231903 0.0235865 0.0221392 0.0199278 0.0179543 0.0166255 0.0157377 0.0148234
 1.01499e-16 7.23651e-05 0.000703415 0.00467444 0.0212493 0.0661146 0.140864 0.205598 0.205607 0.140911 0.0662705 0.0216997 0.0058051 0.00317211 0.00476227 0.00776229 0.0111843 0.0140857 0.0155595 0.015192 0.0133053 0.0107339 0.00831873 0.00651221 0.00532321 0.00451865
 1.01029e-16 6.6259e-05 0.000644061 0.00428001 0.0194563 0.0605359 0.128979 0.188252 0.188269 0.129061 0.0608115 0.0202519 0.00627645 0.00500023 0.00833326 0.0136555 0.0196263 0.0245987 0.0269404 0.0258965 0.0220375 0.016876 0.0119737 0.00822864 0.00575214 0.00419826
 1.02167e-16 5.59999e-05 0.000544339 0.00361732 0.0164438 0.051163 0.109009 0.159107 0.159133 0.109134 0.0515817 0.0176534 0.00665423 0.00717652 0.0126591 0.0208584 0.0300845 0.037917 0.0419171 0.0409414 0.035799 0.0286649 0.0217505 0.0162786 0.0123556 0.0095001
 1.03751e-16 5.74054e-05 0.000558001 0.00370811 0.0168566 0.0524471 0.111745 0.163099 0.16312 0.111847 0.0527895 0.0178461 0.00619534 0.00599835 0.010421 0.017219 0.0249896 0.0318221 0.035794 0.0359973 0.033033 0.0285139 0.0240063 0.0202654 0.0172178 0.0144529
 1.0134e-16 7.4524e-05 0.0007244 0.00481389 0.0218832 0.0680869 0.145067 0.21173 0.211737 0.1451 0.068198 0.0222041 0.00562003 0.00248651 0.00342789 0.00556697 0.00805441 0.0102178 0.0114254 0.0113867 0.0103142 0.00876108 0.00726829 0.00610232 0.00523726 0.00451178
 1.00233e-16 7.817e-05 0.00075984 0.0050494 0.0229539 0.071418 0.152164 0.222088 0.222093 0.152186 0.0714918 0.023167 0.00558427 0.00192654 0.00229122 0.00365701 0.00524373 0.00655872 0.00715844 0.00684027 0.00576075 0.00433313 0.00298597 0.00196861 0.00131452 0.000927979
 1.01032e-16 3.62774e-05 0.000352629 0.00234335 0.0106526 0.0331443 0.0706194 0.103082 0.103133 0.0708708 0.0339881 0.0130885 0.00845368 0.0136771 0.0252994 0.0416557 0.0597396 0.0745671 0.0810806 0.0769425 0.063953 0.0468957 0.0307742 0.0185651 0.0107604 0.00632481
 1.01307e-16 7.60563e-05 0.000739295 0.00491287 0.0223332 0.0694869 0.148049 0.216083 0.216087 0.148067 0.0695455 0.022503 0.00534159 0.00168333 0.00189273 0.00307046 0.00455887 0.00602921 0.00719048 0.00788968 0.00816495 0.00815574 0.00795425 0.00753802 0.00683113 0.0058167
 1.01472e-16 5.68246e-05 0.000552355 0.0036706 0.016686 0.0519165 0.110615 0.161451 0.161479 0.110751 0.0523732 0.0180044 0.00697769 0.00776416 0.0137311 0.0225524 0.0323473 0.0403969 0.0439763 0.0418404 0.0349852 0.0260127 0.0176227 0.0113872 0.00750639 0.00534393
 1.02732e-16 6.03275e-05 0.000586405 0.00389687 0.0177146 0.0551168 0.117433 0.171401 0.171419 0.117524 0.0554229 0.0185995 0.00612128 0.00545242 0.00933118 0.015407 0.0223641 0.028485 0.0320421 0.0322065 0.0294906 0.025312 0.0210615 0.0174335 0.0144139 0.0117051
 1.02686e-16 6.4112e-05 0.000623191 0.00414132 0.0188259 0.0585744 0.124799 0.182152 0.182168 0.124879 0.0588413 0.0195973 0.00607907 0.00485751 0.00811824 0.0133522 0.0193051 0.0244391 0.0272295 0.0269715 0.0241821 0.0202133 0.016401 0.0134246 0.0112521 0.00950857
 1.02071e-16 6.5548e-05 0.00063715 0.00423408 0.0192475 0.0598863 0.127595 0.186232 0.186247 0.127672 0.0601455 0.0199962 0.00611399 0.00474307 0.00786953 0.0129221 0.0186457 0.0235255 0.0260611 0.0255578 0.022527 0.0183173 0.0142857 0.0111599 0.00896281 0.00735077
 1.05492e-16 2.94574e-05 0.000286336 0.00190281 0.00864992 0.0269134 0.0573437 0.0837054 0.0837561 0.0575914 0.0277451 0.0110527 0.00793551 0.0134606 0.0250638 0.0414251 0.0597554 0.0753168 0.0832817 0.0814026 0.0713184 0.0573797 0.0439906 0.0335545 0.0262156 0.0209233
 1.059e-16 6.43325e-05 0.000625335 0.00415557 0.0188906 0.0587758 0.125228 0.182776 0.182785 0.125269 0.0589139 0.0192915 0.00516933 0.0028637 0.00438974 0.00734966 0.0110353 0.0148274 0.0181151 0.020584 0.0223134 0.0235408 0.0243133 0.0243658 0.0233244 0.0210325
 1.04827e-16 5.70735e-05 0.000554775 0.00368668 0.0167591 0.0521439 0.111099 0.162157 0.162181 0.111215 0.0525346 0.0178873 0.00651833 0.00673551 0.0117936 0.0194039 0.027944 0.0351472 0.0387576 0.0377714 0.033053 0.0267601 0.0210437 0.0170229 0.0146306 0.013142
 1.07486e-16 3.91651e-05 0.000380698 0.00252988 0.0115005 0.0357824 0.0762396 0.111282 0.111318 0.0764182 0.0363824 0.0132346 0.00688777 0.0099104 0.0181858 0.030128 0.0436888 0.0555495 0.0623308 0.0624463 0.0569856 0.0488462 0.0408636 0.0344372 0.0294628 0.02517
 1.05838e-16 6.3647e-05 0.000618671 0.00411129 0.0186893 0.0581495 0.123894 0.180829 0.180841 0.123949 0.0583347 0.0192256 0.0054627 0.00358647 0.00575212 0.00954555 0.0140664 0.0183678 0.0215191 0.0230849 0.0233299 0.0229183 0.0223676 0.0217244 0.0206736 0.0188951
 1.04354e-16 5.84135e-05 0.000567801 0.00377324 0.0171526 0.0533682 0.113707 0.165964 0.165986 0.113817 0.0537346 0.018211 0.00643009 0.00636852 0.0110777 0.0182293 0.0262763 0.0330972 0.0365789 0.0357701 0.0314543 0.0256156 0.020234 0.0163437 0.0139024 0.0122818
 1.07645e-16 3.50907e-05 0.000341094 0.00226669 0.0103041 0.03206 0.0683087 0.0997072 0.099748 0.0685082 0.0327299 0.0122403 0.00713171 0.0109771 0.0202808 0.0335927 0.048668 0.0617859 0.0691539 0.068996 0.0625499 0.0531005 0.04388 0.0365114 0.0309108 0.026212
pSPR Fmed_Fpbrs
0.551403   0.599991 0.325001
Fs Fmed_Fpbrs
0.34   0.287185 0.706166
SSBpbr Bo_Bmed_Bpbrs
1.29948e+06  651561  714700 357358
Ro
133693
SPR SPRFo_SPRFmed_SPRFpbrs
950159 523920 308803
Fref
0.287185
Nvult_r0
 56151.9 51895.2 14474.1 1847.62 1726.59
CTP_r0
 9931.04 11578.4 3229.32 412.223 385.222
YTP_r0
383895
Np
 212427 63038 6817.17 5773.04 2054.64
Nvult_p0
 149389 45636.5 4935.31 4179.41 1487.46
CTP_p0
 26420.9 3988.89 3377.94 942.142 155.351
 26420.9 10182 1101.12 932.471 331.868
YTP_p0
 385111 444297
CBA_c0
384260
log_Ro
11.6233
likeval ReclasPelacesDesembMPH_pf_preclas_ppelaces_ptallas_desvR_qrecl_qpela
 11.757 16.7007 0.029193 15.8812 200.572 104.309 88.4552 0 22.2985 6.89231e-06 2.34902e-05 0.134839 8.6836e-08 0 0
q_reclas_q_pelaces
1.44958 1.98461
M
1
N
 166069 34880.5 82459.2 5701.8 0.2195
 93913.2 51828.5 10299.6 24348.6 1683.7
 91456.2 25498.5 12704.3 2524.65 6381.11
 141349 24951.3 6290.61 3134.22 2197.1
 113665 33517.3 5103.52 1286.68 1090.47
 208357 36160.1 10153.9 1546.09 720.144
 82603.5 59248 9428.64 2647.6 590.913
 34694.9 16556.2 9679.57 1540.39 529.089
 33488.3 11492.1 5293.64 3094.92 661.692
 45082 8089.7 2409.64 1109.96 787.68
 90901.4 9100.33 1334.29 397.437 312.99
 139617 29634 2848.46 417.64 222.368
 85186 32655.3 5951.12 572.03 128.527
 53330.4 19485.7 6365.58 1160.07 136.561
 81138.3 6372.05 1594.48 520.884 106.101
 344648 16701.1 1078.72 269.929 106.142
 69232.9 79366.1 3284.9 212.171 73.9685
 495459 18440.4 18961.9 784.82 68.3637
 318378 131377 4379.44 4503.31 202.625
 288745 73242.2 25805.3 860.215 924.345
 351436 71392.4 15842 5581.59 385.993
 485226 95670.6 17561.7 3896.94 1467.95
 90542 122484 21274.3 3905.2 1193
 264687 26407.4 33038.1 5738.4 1375.15
 242715 79107 7359.32 9207.19 1982.44
 101172 72669.2 22098.3 2055.8 3125.78
 230852 31554.3 21439.2 6519.54 1528.7
 233737 69308.9 8847.27 6011.18 2256.58
 79846.5 71683 19993.1 2552.12 2384.95
pred_Ctot
 16135.1 4429.77 10472.2 724.12 0.0278762
 15939.5 11297.6 2245.09 5307.51 367.012
 15305.4 5483.65 2732.17 542.946 1372.31
 32905 7341.24 1850.84 922.161 646.437
 9832.45 3799.4 578.517 145.853 123.611
 30535.1 6845 1922.11 292.67 136.321
 24955 22208.5 3534.22 992.425 221.497
 2203.5 1385.31 809.924 128.89 44.2708
 7519.84 3268.5 1505.58 880.237 188.194
 13495.5 3006.98 895.675 412.577 292.784
 6605.9 869.43 127.476 37.9705 29.9025
 33341.9 8930.36 858.398 125.858 67.0118
 21162.5 10211.4 1860.93 178.875 40.1906
 24856 10743.7 3509.74 639.619 75.2949
 23671.7 2313.09 578.805 189.084 38.5153
 84627.8 5165.86 333.662 83.4923 32.8311
 12398.7 18211.8 753.772 48.686 16.9732
 89802 4280.23 4401.29 182.166 15.868
 78316.3 40704.3 1356.87 1395.25 62.7785
 61806.7 19910.8 7015.15 233.849 251.282
 59191.2 15448 3427.92 1207.75 83.5219
 99242.1 24911.3 4572.8 1014.71 382.234
 12084.5 21183.4 3679.35 675.396 206.326
 31921.9 4139.69 5179.14 899.568 215.573
 29042.6 12306.6 1144.88 1432.36 308.406
 9865.98 9262.08 2816.54 262.023 398.398
 27282 4850.01 3295.28 1002.08 234.966
 24945.6 9646.87 1231.42 836.676 314.086
 8153.03 9556.23 2665.33 340.229 317.944
F
 0.164466 0.219827 0.219827 0.219827 0.219827
 0.303752 0.405998 0.405998 0.405998 0.405998
 0.298936 0.39956 0.39956 0.39956 0.39956
 0.439166 0.586994 0.586994 0.586994 0.586994
 0.145296 0.194204 0.194204 0.194204 0.194204
 0.25752 0.344204 0.344204 0.344204 0.344204
 0.607293 0.811714 0.811714 0.811714 0.811714
 0.104932 0.140253 0.140253 0.140253 0.140253
 0.420603 0.562182 0.562182 0.562182 0.562182
 0.600172 0.802196 0.802196 0.802196 0.802196
 0.120851 0.161531 0.161531 0.161531 0.161531
 0.452895 0.605344 0.605344 0.605344 0.605344
 0.475158 0.635101 0.635101 0.635101 0.635101
 1.12459 1.50313 1.50313 1.50313 1.50313
 0.580681 0.776144 0.776144 0.776144 0.776144
 0.468452 0.626138 0.626138 0.626138 0.626138
 0.322935 0.431638 0.431638 0.431638 0.431638
 0.32741 0.43762 0.43762 0.43762 0.43762
 0.469467 0.627495 0.627495 0.627495 0.627495
 0.397353 0.531107 0.531107 0.531107 0.531107
 0.301115 0.402473 0.402473 0.402473 0.402473
 0.376632 0.50341 0.50341 0.50341 0.50341
 0.23217 0.310321 0.310321 0.310321 0.310321
 0.207746 0.277676 0.277676 0.277676 0.277676
 0.205971 0.275303 0.275303 0.275303 0.275303
 0.165115 0.220695 0.220695 0.220695 0.220695
 0.203202 0.271602 0.271602 0.271602 0.271602
 0.181941 0.243185 0.243185 0.243185 0.243185
 0.173477 0.231871 0.231871 0.231871 0.231871
YTP_r0W_actual
 51641.4 237356 70076.3 11954.5 12866.4
YTP_p0W_proyectada
 199214 69606.1 81307.1 29507.9 5476.13
 199214 177676 26504 29205 11698.4
CTP_r0_actual
 9931.04 11578.4 3229.32 412.223 385.222
CTP_p0_proyectada
 26420.9 3988.89 3377.94 942.142 155.351
 26420.9 10182 1101.12 932.471 331.868
Wmedp
 7.54 17.45 24.07 31.32 35.25
Frms_r0
 0.21486 0.287185 0.287185 0.287185 0.287185
Zrms_r0
 1.21486 1.28718 1.28718 1.28718 1.28718
nmprior
 7.29 8.9 8.7 0
nm_flota  nm_reclas  nm_pelaces    nm_pelaL
inf 12.302 14.191 18.5018
cv_recla  cv_pelaces  cv_mph
0.325289 0.50051 0.575203
 ------------------------------------------------
Talla a la edad & desviaci?n 
 8 13.2811 15.8009 17.003 17.5766
 0.8 1.32811 1.58009 1.7003 1.75766
