years
 1991 1992 1993 1994 1995 1996 1997 1998 1999 2000 2001 2002 2003 2004 2005 2006 2007 2008 2009 2010 2011 2012 2013 2014 2015 2016 2017 2018 2019 2020
reclasobs
 0 0 0 0 0 0 0 0 0 252601 567819 844713 477998 351125 339783 2.1784e+06 2.13404e+06 4.81314e+06 1.55562e+06 2.62356e+06 3.21686e+06 3.843e+06 1.13348e+06 3.07943e+06 1.97215e+06 2.03268e+06 2.025e+06 2.42433e+06 2.27542e+06 1.05018e+06
reclaspred
 3.57047e+06 1.90422e+06 950279 1.15921e+06 1.26648e+06 2.6486e+06 1.36907e+06 1.09254e+06 688521 331678 566928 971531 827645 331091 541748 1.49586e+06 1.05285e+06 3.02784e+06 2.42946e+06 1.99552e+06 3.29309e+06 2.53477e+06 1.50374e+06 2.56768e+06 1.85946e+06 1.57195e+06 2.22596e+06 2.5034e+06 1.76824e+06 919305
pelacesobs
 0 0 0 0 0 0 0 0 0 0 0 0 0 0 0 552880 188675 0 991730 2.46772e+06 1.41603e+06 1.21717e+06 2.29649e+06 1.80582e+06 0 1.4828e+06 1.56532e+06 1.57751e+06 1.42118e+06 867257
pelacespred
 2.71424e+06 1.50309e+06 691817 599059 857764 1.66621e+06 917191 928704 502104 177612 332398 500774 488826 133550 255250 638741 610802 1.61422e+06 1.45181e+06 1.05779e+06 1.86902e+06 1.47071e+06 1.04795e+06 1.6196e+06 1.29029e+06 1.13437e+06 1.58237e+06 1.69878e+06 1.40475e+06 689205
mphobs
 0 0 0 0 0 0 0 0 0 0 0 0 498337 0 5186 125008 0 168611 109162 213762 579715 649985 157893 87575 83554 210694 70296 0 107559 103333
mphpred
 942021 643721 289905 165936 218995 305589 491234 223343 195255 91298 36971.2 128110 169641 90415.2 21995.6 71443.7 264154 176476 469518 312860 389152 427509 345621 220815 411260 310638 255939 358985 518417 295039
desembarqueobs
 494567 514787 250237 358949 120608 361735 552515 73892 212993 205616 52469 317467 293654 387597 252695 516296 358380 742168 942051 627588 828172 859565 418607 520667 417249 300574 415391 372974 316634 284311
desembarquepred
 494523 514329 250434 358926 120608 361676 552492 73898.1 213061 205681 52462 317411 293642 387539 252558 516058 358462 741771 941302 627079 828213 859395 418614 520629 417142 300550 415281 372852 316565 284245
Reclutas
 148961 92037.8 83751 126017 95529.5 198375 71486 26499.8 25862 33216.6 58950.4 120483 78314.8 50574.9 58919 248742 48177.2 363760 267937 235351 247772 345200 53980.3 162335 151448 59534.7 150037 155465 48244.5 39196.5
log_desv_Rt
 0.415211 -0.0662765 -0.160628 0.247943 -0.0290414 0.701684 -0.318975 -1.31134 -1.3357 -1.08543 -0.511779 0.203032 -0.227739 -0.665021 -0.512312 0.927939 -0.713591 1.30802 1.00227 0.872604 0.924032 1.25565 -0.599857 0.501183 0.431767 -0.501916 0.422404 0.457944 -0.712194 -0.919889
SSB
 942021 643721 289905 165936 218995 305589 491234 223343 195255 91298 36971.2 128110 159754 87185.8 20967.1 68554.6 264154 176476 489579 325124 417268 490922 419506 251548 432133 351594 268338 358985 542122 284348
BT
 1.53515e+06 1.11625e+06 516126 615628 507833 1.25647e+06 867713 517062 449367 287751 251860 548743 525488 474641 425513 841605 557009 1.72556e+06 1.67557e+06 1.07767e+06 1.76565e+06 1.53645e+06 831358 1.49525e+06 986775 807624 1.3806e+06 1.27758e+06 832847 589760
Ftot
 0.395284 0.732443 0.726207 0.902408 0.285594 0.421354 1.04931 0.199886 0.865378 1.59452 0.301886 0.958104 1.00167 2.63711 1.39437 1.06398 0.925848 0.767056 1.09194 0.922565 0.743963 0.97585 0.761227 0.628852 0.6503 0.548097 0.576941 0.462345 0.49039 0.845436
BD_Bspro_t
 0.938713 0.623651 0.359435 0.266867 0.299519 0.423086 0.473667 0.263527 0.304293 0.20269 0.123861 0.41194 0.324412 0.17625 0.0510145 0.148862 0.289318 0.205649 0.349612 0.241244 0.245868 0.273136 0.262348 0.200757 0.331025 0.335985 0.327354 0.424841 0.504076 0.356582
BD_Bspro
 1.34562 0.919519 0.414113 0.23703 0.312822 0.436517 0.7017 0.319034 0.27891 0.130414 0.0528114 0.182998 0.228199 0.12454 0.0299503 0.0979264 0.377329 0.252086 0.699336 0.464422 0.596044 0.701254 0.599241 0.359322 0.617278 0.502232 0.383306 0.51279 0.774391 0.406175
BD_Bo
 1.55135 1.0601 0.477425 0.273268 0.360648 0.503255 0.808979 0.367809 0.321552 0.150352 0.0608854 0.210976 0.263088 0.14358 0.0345293 0.112898 0.435017 0.290626 0.806255 0.535425 0.68717 0.808466 0.690856 0.414257 0.711651 0.579016 0.441908 0.591188 0.892784 0.468274
BD_Brms
 8.97044 6.12987 2.76064 1.58013 2.08539 2.90999 4.6778 2.1268 1.85932 0.86939 0.352061 1.21994 1.52126 0.830232 0.199661 0.652815 2.51542 1.6805 4.66205 3.09602 3.97346 4.67483 3.99477 2.39538 4.11502 3.34807 2.55527 3.41846 5.16239 2.70772
Sel_flota
 0.745758 1 1 1 1
 0.745758 1 1 1 1
 0.745758 1 1 1 1
 0.745758 1 1 1 1
 0.745758 1 1 1 1
 0.745758 1 1 1 1
 0.745758 1 1 1 1
 0.745758 1 1 1 1
 0.745758 1 1 1 1
 0.745758 1 1 1 1
 0.745758 1 1 1 1
 0.745758 1 1 1 1
 0.745758 1 1 1 1
 0.745758 1 1 1 1
 0.745758 1 1 1 1
 0.745758 1 1 1 1
 0.745758 1 1 1 1
 0.745758 1 1 1 1
 0.745758 1 1 1 1
 0.745758 1 1 1 1
 0.745758 1 1 1 1
 0.745758 1 1 1 1
 0.745758 1 1 1 1
 0.745758 1 1 1 1
 0.745758 1 1 1 1
 0.745758 1 1 1 1
 0.745758 1 1 1 1
 0.745758 1 1 1 1
 0.745758 1 1 1 1
 0.745758 1 1 1 1
Sel_reclas
 0.935834 1 1 1 1
 0.935834 1 1 1 1
 0.935834 1 1 1 1
 0.935834 1 1 1 1
 0.935834 1 1 1 1
 0.935834 1 1 1 1
 0.935834 1 1 1 1
 0.935834 1 1 1 1
 0.935834 1 1 1 1
 0.935834 1 1 1 1
 0.935834 1 1 1 1
 0.935834 1 1 1 1
 0.935834 1 1 1 1
 0.935834 1 1 1 1
 0.935834 1 1 1 1
 0.935834 1 1 1 1
 0.935834 1 1 1 1
 0.935834 1 1 1 1
 0.935834 1 1 1 1
 0.935834 1 1 1 1
 0.935834 1 1 1 1
 0.935834 1 1 1 1
 0.935834 1 1 1 1
 0.935834 1 1 1 1
 0.935834 1 1 1 1
 0.935834 1 1 1 1
 0.935834 1 1 1 1
 0.935834 1 1 1 1
 0.935834 1 1 1 1
 0.935834 1 1 1 1
Sel_pelaces
 0.5 1 1 1 1
 0.5 1 1 1 1
 0.5 1 1 1 1
 0.5 1 1 1 1
 0.5 1 1 1 1
 0.5 1 1 1 1
 0.5 1 1 1 1
 0.5 1 1 1 1
 0.5 1 1 1 1
 0.5 1 1 1 1
 0.5 1 1 1 1
 0.5 1 1 1 1
 0.5 1 1 1 1
 0.5 1 1 1 1
 0.5 1 1 1 1
 0.5 1 1 1 1
 0.5 1 1 1 1
 0.5 1 1 1 1
 0.5 1 1 1 1
 0.5 1 1 1 1
 0.5 1 1 1 1
 0.5 1 1 1 1
 0.5 1 1 1 1
 0.5 1 1 1 1
 0.5 1 1 1 1
 0.5 1 1 1 1
 0.5 1 1 1 1
 0.5 1 1 1 1
 0.5 1 1 1 1
 0.5 1 1 1 1
pf_obs 
 0.8446 0.082 0.0669 0.0065 0
 0.8095 0.147 0.0364 0.0071 0
 0.9664 0.0169 0.016 0.0007 0
 0.9276 0.0648 0.0075 0.0001 0
 0.7033 0.2144 0.0806 0.0017 0
 0.9318 0.0425 0.0243 0.0014 0
 0.5671 0.3108 0.0964 0.0239 0.0018
 0.0768 0.2599 0.5324 0.112 0.0189
 0.490249 0.384438 0.106611 0.0170017 0.00170017
 0.7925 0.1577 0.0466 0.003 0.0002
 0.840416 0.127587 0.0312969 0.00059994 9.999e-05
 0.8084 0.0986 0.0794 0.0134 0.0002
 0.7335 0.1905 0.0724 0.0035 0.0001
 0.4001 0.4547 0.1325 0.0127 0
 0.49795 0.308269 0.164784 0.0264974 0.00249975
 0.9179 0.0499 0.0305 0.0017 0
 0.2467 0.6533 0.0926 0.0074 0
 0.9418 0.0223 0.034 0.0019 0
 0.707729 0.231977 0.0356964 0.0245975 0
 0.517169 0.277429 0.184464 0.0207286 0.00020938
 0.811772 0.124168 0.05621 0.00726502 0.000585176
 0.764997 0.148141 0.077277 0.00933861 0.000247198
 0.163321 0.427699 0.378323 0.0303852 0.000271297
 0.753843 0.0900009 0.118128 0.0371064 0.000921714
 0.721811 0.176058 0.0630433 0.0369309 0.00215725
 0.143369 0.312575 0.442814 0.0836902 0.0175525
 0.692698 0.0596174 0.167031 0.0765114 0.00414204
 0.394062 0.376323 0.152708 0.0712218 0.00568511
 0.125707 0.32114 0.495352 0.0537591 0.00404204
 0.23352 0.215282 0.420074 0.123614 0.00750983
pf_pred 
 0.625815 0.150434 0.206249 0.0175003 1.57999e-06
 0.559326 0.310457 0.0523511 0.0717749 0.00609066
 0.691351 0.202734 0.0746178 0.0125825 0.0187149
 0.814492 0.143099 0.0278556 0.0102524 0.00430024
 0.730029 0.235452 0.0266272 0.00518322 0.00270789
 0.811195 0.149371 0.0343922 0.0038894 0.00115264
 0.485697 0.442379 0.056902 0.0131015 0.00192074
 0.502057 0.299272 0.170887 0.0219808 0.00580297
 0.591409 0.237886 0.102596 0.0585836 0.00952484
 0.795934 0.140966 0.0367375 0.0158443 0.0105182
 0.914082 0.0750382 0.00751548 0.00195864 0.0014055
 0.841346 0.148702 0.00869213 0.000870563 0.000389688
 0.724444 0.245993 0.0277093 0.0016197 0.000234836
 0.726795 0.220233 0.047289 0.00532675 0.000356511
 0.941833 0.0496621 0.00685554 0.00147204 0.000176912
 0.962506 0.0361804 0.00112149 0.000154814 3.72372e-05
 0.479649 0.507978 0.0119391 0.000370077 6.33745e-05
 0.950844 0.0289935 0.0196827 0.000462605 1.6795e-05
 0.73802 0.253347 0.00509202 0.00345679 8.41951e-05
 0.781692 0.178821 0.0381862 0.000767503 0.000533721
 0.794293 0.174458 0.025597 0.00546609 0.000186261
 0.820933 0.152867 0.0222198 0.00326015 0.000719911
 0.3823 0.54252 0.06418 0.0093288 0.001671
 0.846811 0.0741444 0.0694241 0.00821285 0.0014076
 0.741333 0.230521 0.0136226 0.0127554 0.00176757
 0.525042 0.384693 0.0804436 0.0047538 0.00506798
 0.833911 0.102595 0.0514268 0.0107539 0.001313
 0.74852 0.22145 0.0185496 0.00929814 0.00218174
 0.43039 0.461924 0.0948272 0.00794311 0.0049158
 0.572782 0.223192 0.165454 0.0339657 0.00460587
pobs_RECLAS
 0 0 0 0 0
 0 0 0 0 0
 0 0 0 0 0
 0 0 0 0 0
 0 0 0 0 0
 0 0 0 0 0
 0 0 0 0 0
 0 0 0 0 0
 0 0 0 0 0
 0 0 0 0 0
 0.991045 0.00858322 0.000360255 1.14367e-05 0
 0.934742 0.0480273 0.0164251 0.00080598 0
 0.827803 0.169806 0.00239088 0 0
 0.941827 0.0461693 0.0120037 0 0
 0.791401 0.0380133 0.147996 0.0225897 0
 0.846168 0.0940531 0.0597789 0 0
 0.134021 0.677848 0.182769 0.00536245 0
 0.80878 0.0450904 0.141981 0.00414843 0
 0.846168 0.0940531 0.0597789 0 0
 0.905697 0.0802665 0.012482 0.00150086 5.37128e-05
 0.989698 0.0102097 9.19794e-05 0 0
 0.975433 0.0193895 0.00387452 0.00125025 5.28907e-05
 0.303575 0.632131 0.0575291 0.00676475 0
 0.966965 0.00978017 0.0227588 0.000495775 0
 0.843318 0.132988 0.00938335 0.0141283 0.000182051
 0.564624 0.303363 0.111486 0.0197234 0.00080311
 0.826376 0.0876187 0.0782897 0.00655872 0.00115652
 0.89761 0.0855135 0.0140674 0.00269457 0.000114338
 0.34875 0.467042 0.161289 0.0227151 0.000203297
 0.318654 0.224769 0.449479 0.00709798 0
ppred_RECLAS
 0.679675 0.12878 0.176562 0.0149813 1.35257e-06
 0.620067 0.267665 0.0451353 0.0618819 0.00525116
 0.742224 0.169318 0.0623188 0.0105086 0.0156302
 0.850558 0.115278 0.02244 0.00825919 0.0034642
 0.773674 0.197388 0.0223225 0.00434527 0.00227012
 0.8451 0.122548 0.0282162 0.00319095 0.000945656
 0.552307 0.385084 0.0495324 0.0114047 0.00167197
 0.559745 0.2646 0.15109 0.0194342 0.00513068
 0.651915 0.202659 0.0874035 0.0499083 0.00811435
 0.840519 0.110167 0.0287111 0.0123826 0.0082202
 0.930826 0.060415 0.00605089 0.00157694 0.0011316
 0.87332 0.118733 0.00694035 0.000695114 0.000311152
 0.77404 0.201717 0.0227219 0.00132817 0.000192569
 0.796263 0.164234 0.0352648 0.00397232 0.00026586
 0.955732 0.0377954 0.00521742 0.0011203 0.000134639
 0.971066 0.02792 0.00086544 0.000119469 2.87355e-05
 0.544695 0.444479 0.0104467 0.000323816 5.54525e-05
 0.961408 0.022763 0.015453 0.000363194 1.31859e-05
 0.786722 0.20625 0.00414542 0.00281418 6.85432e-05
 0.822896 0.14507 0.0309789 0.000622643 0.000432986
 0.832427 0.142117 0.0208518 0.00445279 0.000151732
 0.856433 0.122561 0.0178147 0.00261383 0.000577189
 0.443472 0.488794 0.0578241 0.00840495 0.00150552
 0.876175 0.0599321 0.0561166 0.00663858 0.00113779
 0.785954 0.190756 0.0112727 0.010555 0.00146266
 0.585128 0.336026 0.0702669 0.00415241 0.00442684
 0.865106 0.0833259 0.0417679 0.00873413 0.0010664
 0.791021 0.184025 0.0154147 0.00772674 0.00181302
 0.490284 0.413353 0.0848562 0.0071079 0.00439891
 0.634115 0.19115 0.141701 0.0290894 0.00394463
pobs_PELACES
 0 0 0 0 0
 0 0 0 0 0
 0 0 0 0 0
 0 0 0 0 0
 0 0 0 0 0
 0 0 0 0 0
 0 0 0 0 0
 0 0 0 0 0
 0 0 0 0 0
 0 0 0 0 0
 0 0 0 0 0
 0 0 0 0 0
 0 0 0 0 0
 0 0 0 0 0
 0 0 0 0 0
 0 0 0 0 0
 0.505614 0.472636 0.0217494 0 0
 0 0 0 0 0
 0.443492 0.261883 0.143347 0.151278 0
 0.227955 0.32914 0.350689 0.0885471 0.00366901
 0.970185 0.0296113 0.000203453 0 0
 0.997202 0.00247181 0.000326279 0 0
 0.445219 0.490057 0.0546422 0.010081 0
 0.90214 0.0892962 0.00764917 0.000914606 0
 0 0 0 0 0
 0.581667 0.319106 0.0959925 0.00289975 0.000334073
 0.762889 0.0836404 0.116647 0.0363945 0.000428098
 0.88444 0.0763242 0.0277011 0.0115352 0
 0.521256 0.241999 0.230069 0.00667565 0
 0.616807 0.101726 0.260614 0.0208532 0
ppred_PELACES
 0.53957 0.185107 0.253787 0.0215339 1.94416e-06
 0.481122 0.365552 0.0616416 0.0845125 0.00717155
 0.620498 0.249273 0.0917469 0.0154709 0.023011
 0.76636 0.180229 0.0350831 0.0129126 0.00541601
 0.651652 0.303809 0.0343576 0.00668801 0.00349404
 0.751232 0.19681 0.0453148 0.00512463 0.00151871
 0.418533 0.50015 0.064333 0.0148125 0.00217157
 0.408558 0.355467 0.202975 0.0261082 0.0068926
 0.518303 0.280449 0.120953 0.0690656 0.011229
 0.762972 0.163736 0.0426717 0.0184036 0.0122172
 0.88058 0.104298 0.010446 0.00272236 0.00195354
 0.799664 0.187769 0.0109757 0.00109928 0.000492067
 0.665628 0.298498 0.0336236 0.00196541 0.00028496
 0.722625 0.223594 0.0480107 0.00540805 0.000361951
 0.928401 0.0611308 0.00843872 0.00181198 0.000217767
 0.95147 0.0468298 0.00145159 0.000200383 4.81976e-05
 0.408567 0.577371 0.01357 0.000420631 7.20318e-05
 0.934188 0.0388182 0.0263523 0.000619362 2.24861e-05
 0.683534 0.306038 0.00615104 0.00417572 0.000101706
 0.728428 0.22245 0.0475029 0.00095476 0.00066394
 0.738563 0.221722 0.0325317 0.00694696 0.000236723
 0.775741 0.191447 0.0278275 0.00408293 0.000901598
 0.312159 0.604125 0.0714678 0.0103881 0.00186074
 0.799413 0.0970855 0.0909048 0.010754 0.00184313
 0.674462 0.290116 0.0171444 0.0160529 0.00222453
 0.441029 0.452739 0.0946728 0.00559467 0.00596443
 0.782439 0.13439 0.0673643 0.0140866 0.00171991
 0.677663 0.283847 0.0237762 0.011918 0.00279648
 0.348746 0.528133 0.108419 0.00908162 0.00562039
 0.498503 0.261998 0.194221 0.0398711 0.00540667
pobs_pel_tallas
 0 0 0 0 0 0 0 0 0 0 0 0 0 0 0 0 0 0 0 0 0 0 0 0 0 0
 0 0 0 0 0 0 0 0 0 0 0 0 0 0 0 0 0 0 0 0 0 0 0 0 0 0
 0 0 0 0 0 0 0 0 0 0 0 0 0 0 0 0 0 0 0 0 0 0 0 0 0 0
 0 0 0 0 0 0 0 0 0 0 0 0 0 0 0 0 0 0 0 0 0 0 0 0 0 0
 0 0 0 0 0 0 0 0 0 0 0 0 0 0 0 0 0 0 0 0 0 0 0 0 0 0
 0 0 0 0 0 0 0 0 0 0 0 0 0 0 0 0 0 0 0 0 0 0 0 0 0 0
 0 0 0 0 0 0 0 0 0 0 0 0 0 0 0 0 0 0 0 0 0 0 0 0 0 0
 0 0 0 0 0 0 0 0 0 0 0 0 0 0 0 0 0 0 0 0 0 0 0 0 0 0
 0 0 0 0 0 0 0 0 0 0 0 0 0 0 0 0 0 0 0 0 0 0 0 0 0 0
 0 0 0 0 0 0 0 0 0 0 0 0 0 0 0 0 0 0 0 0 0 0 0 0 0 0
 0 0 0 0 0 0 0 0 0 0 0 0 0 0 0 0 0 0 0 0 0 0 0 0 0 0
 0 0 0 0 0 0 0 0 0 0 0 0 0 0 0 0 0 0 0 0 0 0 0 0 0 0
 0.00862536 0 0 0.000197151 0.00414017 0.0128641 0.00837892 0.0270097 0.101434 0.158115 0.152841 0.127902 0.109271 0.109419 0.0830992 0.0579132 0.0238553 0.00714673 0.00463305 0.00128148 0.00103504 0.000492878 0.000147863 0.000147863 4.92878e-05 0
 0 0 0 0 0 0 0 0 0 0 0 0 0 0 0 0 0 0 0 0 0 0 0 0 0 0
 0 0 0 0 0 0 0 0.0054083 0.00873648 0.0413646 0.0450493 0.0745869 0.0622846 0.0627006 0.0613931 0.0827291 0.12552 0.122667 0.0946155 0.0697135 0.0546179 0.0294188 0.0215738 0.0213955 0.0102223 0.00600262
 0 0 0 0 0.00359764 0.0251062 0.0480494 0.140153 0.205849 0.193036 0.1447 0.116669 0.0760912 0.0342217 0.00950174 0.001854 0.000860785 0 0 0 0.000165536 0 0.000143464 0 0 0
 0 0 0 0 0 0 0 0.000145254 0.000435761 0.0275982 0.070085 0.0708112 0.156366 0.174668 0.174014 0.160142 0.0824315 0.0480064 0.0283245 0.00493863 0.00203355 0 0 0 0 0
 0 0 0 0 0 0 0 0 0 0 0 0 0 0 0 0 0 0 0 0 0 0 0 0 0 0
 0 0 1.00437e-05 0.000401748 0.00122533 0.00171747 0.00176769 0.0269171 0.070346 0.194647 0.189555 0.159765 0.064822 0.0314167 0.0384472 0.0292271 0.0345202 0.0313363 0.0194345 0.0106764 0.0143323 0.0359363 0.0279516 0.0138201 0.00172751 0
 0 0.0021121 0.0136068 0.0755702 0.200478 0.177729 0.0527432 0.0373336 0.0318909 0.0142505 0.0149659 0.0166563 0.0217959 0.0798694 0.0677717 0.0528807 0.04013 0.0224614 0.0357745 0.0225083 0.00881397 0.00855152 0.00135912 0.000746735 0 0
 0 0 0 0 5.4009e-05 0.00500934 0.000945158 0.0243581 0.138947 0.33067 0.221406 0.137944 0.0707744 0.0437923 0.0131692 0.00525238 0.0047753 0.00276346 9.45158e-05 9.00151e-06 2.25038e-05 9.00151e-06 4.50075e-06 0 0 0
 0.000866109 0.00284123 0.00948549 0.0512746 0.133035 0.25785 0.225252 0.132002 0.0553304 0.0519788 0.0540692 0.017754 0.00435017 0.00159236 0.00146478 0.000404838 0.000125132 0.000115318 0.000107957 0.000100596 0 0 0 0 0 0
 0 0 0 0 0.00144013 0.00171154 0.00461396 0.0210425 0.0478622 0.0707936 0.0888783 0.103762 0.0637923 0.0337046 0.0602308 0.124433 0.169614 0.0934646 0.0462172 0.0250306 0.0313229 0.00938855 0.002487 0.000210481 0 0
 0 0.00764035 0.051015 0.0998891 0.058973 0.0496711 0.0374665 0.0718981 0.12319 0.153886 0.159021 0.0857701 0.0377988 0.023471 0.0147837 0.00900784 0.00315554 0.000888139 0.00291439 0.00214683 0.00393193 0.00274676 0.000635225 9.99891e-05 0 0
 0 0 0 0 0 0 0 0 0 0 0 0 0 0 0 0 0 0 0 0 0 0 0 0 0 0
 0 0 0 0 0 0 0 0 0 0 0 0 0 0 0 0 0 0 0 0 0 0 0 0 0 0
 0 0 0 0 0 0 0 0 0 0 0 0 0 0 0 0 0 0 0 0 0 0 0 0 0 0
 0 0 0 0 0 0 0 0 0 0 0 0 0 0 0 0 0 0 0 0 0 0 0 0 0 0
 0 0 0 0 0 0 0 0 0 0 0 0 0 0 0 0 0 0 0 0 0 0 0 0 0 0
 0 0 0 0 0 0 0 0 0 0 0 0 0 0 0 0 0 0 0 0 0 0 0 0 0 0
ppred_pel_tallas
 1.09531e-16 4.44437e-05 0.000432009 0.00287085 0.0130505 0.040605 0.0865139 0.126273 0.126292 0.086603 0.0409052 0.013922 0.00507549 0.00530126 0.00945734 0.0159948 0.0240362 0.0323027 0.0394414 0.0447051 0.048173 0.050265 0.0510367 0.0499656 0.0464175 0.040316
 1.11562e-16 3.96295e-05 0.000385213 0.00255988 0.0116368 0.0362067 0.0771436 0.112601 0.112636 0.0773159 0.0367857 0.0133097 0.00676135 0.00956552 0.0175009 0.0289428 0.0418726 0.0530719 0.0593171 0.0592058 0.0540142 0.0467987 0.0404624 0.0362895 0.0338215 0.031756
 1.08158e-16 5.11096e-05 0.000496804 0.00330144 0.0150079 0.0466952 0.0994899 0.145213 0.145238 0.0996078 0.0470913 0.0161533 0.00618123 0.00679879 0.0120651 0.0199846 0.0290653 0.0371467 0.0420539 0.0427862 0.0400729 0.0357787 0.0316621 0.0284847 0.0260038 0.0235702
 1.03271e-16 6.31241e-05 0.000613588 0.00407751 0.0185358 0.0576718 0.122877 0.179346 0.179363 0.122961 0.0579572 0.0193603 0.00614807 0.00513671 0.00866253 0.0142455 0.0205736 0.0259978 0.0288827 0.0284804 0.0253666 0.0210262 0.0169329 0.0138452 0.0117292 0.0101467
 1.02332e-16 5.36758e-05 0.000521748 0.0034672 0.0157614 0.0490397 0.104485 0.152506 0.152535 0.104628 0.0495198 0.017148 0.00694696 0.00811575 0.0144692 0.0238172 0.0342614 0.0429934 0.0471856 0.0455311 0.0390198 0.0302681 0.0219624 0.0156265 0.011419 0.00871813
 1.0213e-16 6.1878e-05 0.000601477 0.00399702 0.0181699 0.0565334 0.120451 0.175806 0.175825 0.120544 0.0568452 0.0190707 0.00625949 0.00554458 0.0094617 0.0155751 0.0225017 0.0284426 0.0315984 0.0311241 0.0276062 0.0226223 0.0177586 0.0138653 0.0109832 0.00875123
 1.03838e-16 3.44741e-05 0.000335101 0.00222687 0.010123 0.0314968 0.067109 0.0979576 0.0980058 0.0673445 0.0322875 0.0124066 0.00795841 0.0128453 0.0237881 0.0392573 0.0565131 0.0709909 0.0780513 0.0755434 0.065076 0.0509108 0.0374097 0.0270258 0.0199941 0.0153086
 1.09734e-16 3.36524e-05 0.000327114 0.00217379 0.00988174 0.0307459 0.0655088 0.0956192 0.0956537 0.0656775 0.0313131 0.0115229 0.00630507 0.00938422 0.0173474 0.0289192 0.0423398 0.0546677 0.062874 0.0654866 0.0633182 0.0586175 0.0534065 0.0484073 0.0432208 0.0372484
 1.12389e-16 4.2692e-05 0.000414981 0.0027577 0.0125361 0.0390046 0.0831045 0.121299 0.121326 0.0832374 0.0394512 0.013828 0.00600798 0.00753543 0.0136402 0.0226802 0.0331385 0.0426809 0.0489592 0.0509245 0.0494042 0.0463834 0.0435921 0.0415438 0.0396242 0.0368827
 1.05187e-16 6.2845e-05 0.000610876 0.00405949 0.0184538 0.0574168 0.122333 0.178552 0.178568 0.122411 0.0576765 0.0192044 0.00594543 0.00473423 0.0079128 0.0130326 0.0188894 0.0240167 0.0269688 0.0270978 0.0249305 0.0217755 0.0188828 0.0168193 0.0154283 0.014217
 1.00932e-16 7.25323e-05 0.000705039 0.00468524 0.0212984 0.0662673 0.14119 0.206073 0.206083 0.141239 0.0664321 0.0217743 0.00587944 0.00331094 0.00501851 0.00817373 0.0117487 0.0147352 0.016159 0.0155741 0.0133259 0.0103209 0.00748901 0.00535669 0.00397379 0.00311467
 1.00559e-16 6.58673e-05 0.000640253 0.00425471 0.0193413 0.0601781 0.128216 0.187139 0.187157 0.128305 0.0604745 0.020197 0.00640135 0.00532212 0.00894496 0.0146503 0.0210196 0.0262666 0.0286184 0.027256 0.0228064 0.0169349 0.0113774 0.00715743 0.00443377 0.00284105
 1.01292e-16 5.4827e-05 0.000532938 0.00354156 0.0160994 0.0500915 0.106726 0.155776 0.155805 0.106867 0.0505631 0.0174616 0.00695985 0.00799222 0.0142128 0.0233867 0.0336284 0.0421675 0.0462116 0.0444595 0.0378691 0.0290052 0.0205204 0.0139476 0.00949798 0.00662228
 1.02047e-16 5.95217e-05 0.000578573 0.00384482 0.017478 0.0543807 0.115865 0.169112 0.169134 0.11597 0.0547347 0.018501 0.00641384 0.0061905 0.0107284 0.0176698 0.0255117 0.0322107 0.0357152 0.0350608 0.030918 0.025094 0.0194149 0.0148734 0.0115369 0.00900415
 1.00478e-16 7.64712e-05 0.000743327 0.00493967 0.022455 0.0698659 0.148857 0.217262 0.217268 0.148886 0.0699626 0.0227342 0.00564041 0.00227296 0.00298125 0.00480682 0.00691503 0.00869122 0.00956474 0.00927241 0.00800939 0.00629359 0.00465432 0.00338821 0.00252275 0.00193642
 1.00083e-16 7.83713e-05 0.000761797 0.00506241 0.023013 0.071602 0.152556 0.22266 0.222665 0.152578 0.0716758 0.0232263 0.00559732 0.00192811 0.00228932 0.00364991 0.00522488 0.00651682 0.00707759 0.00670237 0.00555023 0.0040428 0.00262172 0.00155042 0.000872904 0.000496976
 1.00594e-16 3.36532e-05 0.000327121 0.00217384 0.00988199 0.0307468 0.0655114 0.0956275 0.095683 0.0657827 0.0316575 0.0125108 0.008767 0.0147017 0.0272794 0.0449028 0.0643463 0.080211 0.0870175 0.0822374 0.0678373 0.0490366 0.0313139 0.0179553 0.00953352 0.00492403
 1.00837e-16 7.69478e-05 0.00074796 0.00497046 0.022595 0.0703014 0.149785 0.218616 0.21862 0.149803 0.0703634 0.0227746 0.00542285 0.00174054 0.00197663 0.00318377 0.00466622 0.00604806 0.00699485 0.00733952 0.00715551 0.00666581 0.00606935 0.00543506 0.00472988 0.00391877
 1.00692e-16 5.63019e-05 0.000547274 0.00363683 0.0165325 0.051439 0.109597 0.159967 0.159996 0.109741 0.0519217 0.0179259 0.00713156 0.00816664 0.0144984 0.0238053 0.0341127 0.0425315 0.0461609 0.0436693 0.0361079 0.0262489 0.0169932 0.0100666 0.00574529 0.00340153
 1.01636e-16 5.99997e-05 0.000583219 0.00387569 0.0176184 0.0548174 0.116795 0.17047 0.170492 0.1169 0.0551696 0.018636 0.00643108 0.00616496 0.0106702 0.0175691 0.0253572 0.031995 0.0354331 0.0347034 0.0304671 0.0245238 0.0187031 0.0140177 0.0105668 0.00798068
 1.01733e-16 6.08345e-05 0.000591333 0.00392962 0.0178635 0.05558 0.11842 0.172842 0.172863 0.118524 0.0559307 0.0188763 0.0064719 0.0061413 0.0106016 0.0174312 0.0251057 0.0315721 0.0347765 0.0337646 0.0292389 0.0230673 0.017156 0.0125692 0.00940225 0.00721998
 1.01415e-16 6.38968e-05 0.0006211 0.00412743 0.0187627 0.0583778 0.124381 0.181541 0.18156 0.124471 0.0586806 0.0196371 0.00632234 0.00541256 0.00916351 0.0150472 0.0216671 0.0272394 0.0299868 0.0290831 0.025134 0.0197547 0.0145978 0.0105921 0.00783077 0.00594528
 1.03574e-16 2.57122e-05 0.000249932 0.00166089 0.0075502 0.0234918 0.0500539 0.0730673 0.0731255 0.0503382 0.0244466 0.0103076 0.00858099 0.0153522 0.0286945 0.047362 0.0681401 0.0855057 0.0938317 0.090502 0.0774604 0.0598838 0.0431014 0.0301565 0.0214109 0.0157004
 1.04039e-16 6.58466e-05 0.000640052 0.00425337 0.0193352 0.0601591 0.128176 0.187078 0.187088 0.128222 0.0603152 0.0197876 0.00539468 0.00315097 0.00489143 0.00813058 0.0120512 0.0158733 0.0188252 0.0205146 0.021086 0.0209753 0.0204915 0.0196046 0.0180851 0.015806
 1.02556e-16 5.55546e-05 0.000540011 0.00358856 0.0163131 0.0507563 0.108143 0.157843 0.157871 0.108279 0.0512143 0.0176357 0.00690675 0.00777832 0.013787 0.022665 0.032553 0.0407495 0.0445469 0.0427139 0.036246 0.0277189 0.0197766 0.0139161 0.0102643 0.00813826
 1.04419e-16 3.63271e-05 0.000353112 0.00234656 0.0106671 0.0331897 0.0707157 0.103221 0.103264 0.0709291 0.0339065 0.0127382 0.00754726 0.0117131 0.0216305 0.0357523 0.0516135 0.0651377 0.0721709 0.070761 0.062276 0.050397 0.0388518 0.0296788 0.0230278 0.0180749
 1.03683e-16 6.44485e-05 0.000626462 0.00416306 0.0189247 0.0588818 0.125454 0.183107 0.18312 0.125518 0.0590959 0.0195442 0.00572197 0.00404213 0.00658831 0.0108862 0.0159009 0.0204668 0.0234282 0.0242345 0.0232198 0.02128 0.0192309 0.0173795 0.0155737 0.0135472
 1.02428e-16 5.58182e-05 0.000542573 0.00360559 0.0163905 0.0509971 0.108656 0.158592 0.158619 0.108789 0.0514454 0.0176852 0.00685425 0.00763065 0.0135064 0.0222119 0.031926 0.0400122 0.0438261 0.0421567 0.0359568 0.0277121 0.0199731 0.0141823 0.01047 0.00820292
 1.05126e-16 2.87258e-05 0.000279226 0.00185555 0.00843511 0.026245 0.0559197 0.0816271 0.0816781 0.0561687 0.0270812 0.0108509 0.00792177 0.0135294 0.025215 0.041696 0.0601899 0.0759507 0.0841328 0.0824614 0.0725379 0.0586644 0.0451961 0.0345129 0.0267841 0.0210382
 1.10586e-16 4.10611e-05 0.000399129 0.00265235 0.0120572 0.0375146 0.0799298 0.116665 0.116691 0.0800546 0.0379342 0.0132725 0.00571516 0.00712616 0.012937 0.0216366 0.0318984 0.0416497 0.0487615 0.0521963 0.0524829 0.0510562 0.0490595 0.0466492 0.0432564 0.0383636
pSPR Fmed_Fpbrs
0.551786   0.22294 0.22294
Fs Fmed_Fpbrs
0.34   1.005 1.005
SSBpbr Bo_Bmed_Bpbrs
607226  304698  105014 105014
Ro
98344.4
SPR SPRFo_SPRFmed_SPRFpbrs
700063 386285 156072
Fref
1.005
Nvult_r0
 32381.7 10654 7897.92 1621.34 219.86
CTP_r0
 13872.4 5340.29 3958.81 812.693 110.204
YTP_r0
320829
Np
 119375 20754.9 1033.65 261.881 220.277
Nvult_p0
 98620 17960 894.459 226.616 190.614
CTP_p0
 42249.2 3329.45 843.534 625.32 148.647
 42249.2 9002.41 448.345 113.591 95.5449
YTP_p0
 421787 493368
CBA_c0
351116
log_Ro
11.3162
likeval ReclasPelacesDesembMPH_pf_preclas_ppelaces_ptallas_desvR_qrecl_qpela
 12.181 17.4123 0.0213723 31.1512 223.129 118.148 102.728 0 23.1516 5.5789e-05 0.000169347 0.0421437 0 0 0
q_reclas_q_pelaces
2.87573 6.29884
M
1
N
 148961 27774.3 38079.5 3231.05 0.291711
 92037.8 40808.9 6881.44 9434.67 800.605
 83751 19608.7 7217.13 1217 1810.13
 126017 17926.4 3489.53 1284.35 538.701
 95529.5 23651.8 2674.77 520.669 272.015
 198375 28401.7 6539.41 739.538 219.166
 71486 53299.8 6855.81 1578.53 231.419
 26499.8 12024.8 6866.27 883.191 233.164
 25862 8398.66 3622.21 2068.32 336.278
 33216.6 4989.87 1300.43 560.854 372.322
 58950.4 3720.74 372.652 97.1182 69.6911
 120483 17314.8 1012.11 101.368 45.3752
 78314.8 21693.1 2443.57 142.835 20.7093
 50574.9 13649.9 2930.94 330.149 22.0963
 58919 2603.38 359.38 77.1669 9.27405
 248742 7662.22 237.507 32.7863 7.88603
 48177.2 41385.9 972.698 30.1508 5.16324
 363760 8885.55 6032.09 141.773 5.1471
 267937 75524.5 1517.96 1030.49 25.0991
 235351 43659.7 9323.29 187.388 130.31
 247772 43513.4 6384.42 1363.36 46.4575
 345200 52336.4 7607.29 1116.16 246.473
 53980.3 61336.5 7256.09 1054.7 188.921
 162335 11256.3 10539.7 1246.84 213.696
 151448 37363.3 2207.98 2067.41 286.491
 59534.7 34304.5 7173.46 423.914 451.931
 150037 14553.2 7294.93 1525.45 186.25
 155465 35895.9 3006.78 1507.18 353.648
 48244.5 40513 8316.79 696.649 431.139
 39196.5 12311.9 9126.96 1873.65 254.074
pred_Ctot
 24623.3 5918.96 8115.08 688.566 0.0621662
 25586.6 14202 2394.82 3283.37 278.619
 23125 6781.26 2495.89 420.873 625.995
 41177.9 7234.6 1408.28 518.328 217.405
 11786.8 3801.52 429.912 83.6863 43.7205
 34687.1 6387.19 1470.63 166.313 49.2877
 26103.5 23775.4 3058.17 704.133 103.229
 2348.23 1399.76 799.278 102.809 27.1418
 8186.69 3292.98 1420.21 810.955 131.849
 16022 2837.62 739.521 318.944 211.73
 7651.07 628.086 62.9062 16.3942 11.7643
 41170.1 7276.54 425.338 42.5998 19.0689
 27650.2 9388.91 1057.59 61.8197 8.9631
 31801.2 9636.39 2069.15 233.074 15.5993
 26129.2 1377.77 190.193 40.8387 4.90806
 91739 3448.45 106.892 14.7558 3.54918
 16048.5 16996.3 399.466 12.3823 2.12043
 104884 3198.17 2171.13 51.0283 1.85259
 100662 34555.4 694.527 471.49 11.4838
 78190.6 17887 3819.67 76.7713 53.3867
 69738.6 15317.3 2247.4 479.921 16.3537
 119567 22264.6 3236.25 474.832 104.853
 15471.2 21955.1 2597.28 377.525 67.6232
 39897.3 3493.3 3270.9 386.947 66.3188
 38257.2 11896.3 703.009 658.253 91.2175
 13051.4 9562.62 1999.65 118.169 125.979
 34336.5 4224.38 2117.51 442.795 54.0632
 29472.9 8719.58 730.388 366.114 85.9059
 9622.07 10327.1 2120.02 177.581 109.901
 12188.6 4749.45 3520.81 722.777 98.0112
F
 0.294786 0.395284 0.395284 0.395284 0.395284
 0.546225 0.732443 0.732443 0.732443 0.732443
 0.541575 0.726207 0.726207 0.726207 0.726207
 0.672978 0.902408 0.902408 0.902408 0.902408
 0.212984 0.285594 0.285594 0.285594 0.285594
 0.314228 0.421354 0.421354 0.421354 0.421354
 0.782532 1.04931 1.04931 1.04931 1.04931
 0.149066 0.199886 0.199886 0.199886 0.199886
 0.645363 0.865378 0.865378 0.865378 0.865378
 1.18913 1.59452 1.59452 1.59452 1.59452
 0.225134 0.301886 0.301886 0.301886 0.301886
 0.714514 0.958104 0.958104 0.958104 0.958104
 0.747004 1.00167 1.00167 1.00167 1.00167
 1.96665 2.63711 2.63711 2.63711 2.63711
 1.03986 1.39437 1.39437 1.39437 1.39437
 0.793474 1.06398 1.06398 1.06398 1.06398
 0.690459 0.925848 0.925848 0.925848 0.925848
 0.572039 0.767056 0.767056 0.767056 0.767056
 0.814324 1.09194 1.09194 1.09194 1.09194
 0.68801 0.922565 0.922565 0.922565 0.922565
 0.554817 0.743963 0.743963 0.743963 0.743963
 0.727748 0.97585 0.97585 0.97585 0.97585
 0.567691 0.761227 0.761227 0.761227 0.761227
 0.468972 0.628852 0.628852 0.628852 0.628852
 0.484967 0.6503 0.6503 0.6503 0.6503
 0.408748 0.548097 0.548097 0.548097 0.548097
 0.430258 0.576941 0.576941 0.576941 0.576941
 0.344797 0.462345 0.462345 0.462345 0.462345
 0.365712 0.49039 0.49039 0.49039 0.49039
 0.630491 0.845436 0.845436 0.845436 0.845436
YTP_r0W_actual
 101269 84910.7 104908 25762.4 3978.37
YTP_p0W_proyectada
 318559 58098.9 20303.9 19585 5239.81
 318559 157092 10791.7 3557.66 3367.96
CTP_r0_actual
 13872.4 5340.29 3958.81 812.693 110.204
CTP_p0_proyectada
 42249.2 3329.45 843.534 625.32 148.647
 42249.2 9002.41 448.345 113.591 95.5449
Wmedp
 7.54 17.45 24.07 31.32 35.25
Frms_r0
 0.749487 1.005 1.005 1.005 1.005
Zrms_r0
 1.74949 2.005 2.005 2.005 2.005
nmprior
 7.29 8.9 8.7 0
nm_flota  nm_reclas  nm_pelaces    nm_pelaL
inf 13.373 8.96494 13.9014
cv_recla  cv_pelaces  cv_mph
0.323123 0.491012 0.789319
 ------------------------------------------------
Talla a la edad & desviaci?n 
 8 13.2811 15.8009 17.003 17.5766
 0.8 1.32811 1.58009 1.7003 1.75766
