years
 1991 1992 1993 1994 1995 1996 1997 1998 1999 2000 2001 2002 2003 2004 2005 2006 2007 2008 2009 2010 2011 2012 2013 2014 2015 2016 2017 2018 2019 2020 2021 2022
reclasobs
 0 0 0 0 0 0 0 0 0 252601 567819 844713 477998 351125 339783 2.1784e+06 2.13404e+06 4.81314e+06 1.55562e+06 2.62356e+06 3.21686e+06 3.843e+06 1.13348e+06 3.07943e+06 1.97215e+06 2.03268e+06 2.025e+06 2.42433e+06 2.27542e+06 1.05018e+06 2.36338e+06 3.18982e+06
reclaspred
 3.75142e+06 2.00003e+06 999289 1.19903e+06 1.31025e+06 2.70913e+06 1.39961e+06 1.11541e+06 698063 329200 566326 981690 839465 334666 547957 1.52351e+06 1.07618e+06 3.0864e+06 2.48504e+06 2.04018e+06 3.36743e+06 2.58815e+06 1.54131e+06 2.60977e+06 1.8939e+06 1.60482e+06 2.25931e+06 2.55362e+06 1.90821e+06 1.3204e+06 1.5925e+06 1.69496e+06
pelacesobs
 0 0 0 0 0 0 0 0 0 0 0 0 0 0 0 552880 188675 0 991730 2.46772e+06 1.41603e+06 1.21717e+06 2.29649e+06 1.80582e+06 0 1.4828e+06 1.56532e+06 1.57751e+06 1.42118e+06 867257 1.10002e+06 1.06204e+06
pelacespred
 2.76127e+06 1.53046e+06 705788 602201 857832 1.64959e+06 898917 911990 488257 167306 319610 485253 475381 129169 249561 629400 599466 1.59272e+06 1.43013e+06 1.0418e+06 1.84491e+06 1.44564e+06 1.03092e+06 1.59089e+06 1.26236e+06 1.11221e+06 1.55072e+06 1.67001e+06 1.43733e+06 960697 845211 1.16967e+06
mphobs
 0 0 0 0 0 0 0 0 0 0 0 0 498337 0 5186 125008 0 168611 109162 213762 579715 649985 157893 87575 83554 210694 70296 0 107559 103333 445601 22526
mphpred
 965285 659304 296999 170127 221431 307579 489107 221126 193127 88945.3 35199.4 124519 166546 88368.6 21487.2 70298.6 262993 174756 467124 311449 387622 425193 343619 218942 407229 307456 253282 355018 518080 327187 178900 282588
desembarqueobs
 494567 514787 250237 358949 120608 361735 552515 73892 212993 205616 52469 317467 293654 387597 252695 516296 358380 742168 942051 627588 828172 859565 418607 520667 417249 300574 415391 372974 316634 284311 391294 218835
desembarquepred
 494481 514304 250440 358898 120607 361627 552509 73899.1 213057 205683 52451.2 317370 293633 387527 252512 515954 358500 741624 941236 627022 828165 859332 418651 520549 417125 300552 415217 372794 316568 284172 391101 218852
Reclutas
 149664 91156.3 83983.5 125395 95717.8 197205 70813.9 26385.9 25621.4 32759 58034.8 120314 78231 50647.1 58683.3 248638 47846.9 363401 267657 235078 247305 344050 53793.6 161507 150761 59333.4 149096 155392 58360.4 61469.2 110573 55722.7
log_desv_Rt
 0.417361 -0.0784539 -0.160408 0.240441 -0.0296251 0.693213 -0.330974 -1.3182 -1.3476 -1.10185 -0.529986 0.199075 -0.231363 -0.666147 -0.518875 0.924967 -0.723023 1.30448 0.998678 0.868888 0.919593 1.24976 -0.605875 0.493517 0.424663 -0.507856 0.413561 0.454923 -0.524392 -0.472493 0.114646 -0.570641
SSB
 965285 659304 296999 170127 221431 307579 489107 221126 193127 88945.3 35199.4 124519 156732 85157.8 20466.1 67423.7 262993 174756 487239 323752 415816 488809 417442 249696 428049 348225 265661 355018 541517 316638 206150 329259
BT
 1.56484e+06 1.13285e+06 525216 619486 511323 1.2542e+06 864367 513448 445543 283461 246561 544039 521788 473035 423391 840078 554773 1.7224e+06 1.67301e+06 1.0761e+06 1.76244e+06 1.5324e+06 828375 1.48762e+06 980582 802698 1.37141e+06 1.27281e+06 860715 737336 804482 745576
Ftot
 0.389696 0.722377 0.716091 0.905225 0.286234 0.427514 1.06175 0.202958 0.883978 1.65603 0.314578 0.984941 1.02449 2.70109 1.4344 1.08781 0.938022 0.783031 1.10796 0.937221 0.755295 0.991835 0.769186 0.642977 0.662076 0.556455 0.590534 0.471071 0.474809 0.638558 0.772173 0.38958
BD_Bspro_t
 0.939553 0.629168 0.365811 0.272984 0.303338 0.426278 0.473327 0.262304 0.302723 0.198851 0.119 0.405634 0.32034 0.172799 0.0498635 0.14675 0.288328 0.204093 0.348462 0.24052 0.245295 0.272354 0.26167 0.199828 0.329196 0.334197 0.325433 0.422396 0.504786 0.383924 0.320239 0.386623
BD_Bspro
 1.36012 0.928986 0.418483 0.239716 0.312005 0.433391 0.689171 0.311575 0.272123 0.125328 0.0495973 0.175452 0.220842 0.119991 0.0288376 0.0950027 0.370567 0.246239 0.686539 0.45618 0.585902 0.688752 0.588192 0.351831 0.603138 0.490663 0.374327 0.500235 0.763019 0.446156 0.290473 0.463939
BD_Bo
 1.60857 1.09868 0.494924 0.283503 0.368996 0.512555 0.815057 0.368488 0.32183 0.14822 0.0586569 0.2075 0.261181 0.141908 0.0341051 0.112356 0.438255 0.291217 0.811944 0.539507 0.692924 0.81456 0.695632 0.416097 0.713309 0.580289 0.442702 0.591608 0.902393 0.527652 0.343531 0.548682
BD_Brms
 9.06017 6.18823 2.78764 1.59682 2.07835 2.88694 4.59076 2.07549 1.81269 0.834841 0.330382 1.16874 1.47109 0.799292 0.192095 0.632839 2.46845 1.64026 4.57323 3.03874 3.90285 4.58797 3.91811 2.34365 4.01767 3.26844 2.4935 3.3322 5.08268 2.97197 1.93492 3.09042
Sel_flota
 0.729473 1 1 1 1
 0.729473 1 1 1 1
 0.729473 1 1 1 1
 0.729473 1 1 1 1
 0.729473 1 1 1 1
 0.729473 1 1 1 1
 0.729473 1 1 1 1
 0.729473 1 1 1 1
 0.729473 1 1 1 1
 0.729473 1 1 1 1
 0.729473 1 1 1 1
 0.729473 1 1 1 1
 0.729473 1 1 1 1
 0.729473 1 1 1 1
 0.729473 1 1 1 1
 0.729473 1 1 1 1
 0.729473 1 1 1 1
 0.729473 1 1 1 1
 0.729473 1 1 1 1
 0.729473 1 1 1 1
 0.729473 1 1 1 1
 0.729473 1 1 1 1
 0.729473 1 1 1 1
 0.729473 1 1 1 1
 0.729473 1 1 1 1
 0.729473 1 1 1 1
 0.729473 1 1 1 1
 0.729473 1 1 1 1
 0.729473 1 1 1 1
 0.729473 1 1 1 1
 0.729473 1 1 1 1
 0.729473 1 1 1 1
Sel_reclas
 0.922629 1 1 1 1
 0.922629 1 1 1 1
 0.922629 1 1 1 1
 0.922629 1 1 1 1
 0.922629 1 1 1 1
 0.922629 1 1 1 1
 0.922629 1 1 1 1
 0.922629 1 1 1 1
 0.922629 1 1 1 1
 0.922629 1 1 1 1
 0.922629 1 1 1 1
 0.922629 1 1 1 1
 0.922629 1 1 1 1
 0.922629 1 1 1 1
 0.922629 1 1 1 1
 0.922629 1 1 1 1
 0.922629 1 1 1 1
 0.922629 1 1 1 1
 0.922629 1 1 1 1
 0.922629 1 1 1 1
 0.922629 1 1 1 1
 0.922629 1 1 1 1
 0.922629 1 1 1 1
 0.922629 1 1 1 1
 0.922629 1 1 1 1
 0.922629 1 1 1 1
 0.922629 1 1 1 1
 0.922629 1 1 1 1
 0.922629 1 1 1 1
 0.922629 1 1 1 1
 0.922629 1 1 1 1
 0.922629 1 1 1 1
Sel_pelaces
 0.5 1 1 1 1
 0.5 1 1 1 1
 0.5 1 1 1 1
 0.5 1 1 1 1
 0.5 1 1 1 1
 0.5 1 1 1 1
 0.5 1 1 1 1
 0.5 1 1 1 1
 0.5 1 1 1 1
 0.5 1 1 1 1
 0.5 1 1 1 1
 0.5 1 1 1 1
 0.5 1 1 1 1
 0.5 1 1 1 1
 0.5 1 1 1 1
 0.5 1 1 1 1
 0.5 1 1 1 1
 0.5 1 1 1 1
 0.5 1 1 1 1
 0.5 1 1 1 1
 0.5 1 1 1 1
 0.5 1 1 1 1
 0.5 1 1 1 1
 0.5 1 1 1 1
 0.5 1 1 1 1
 0.5 1 1 1 1
 0.5 1 1 1 1
 0.5 1 1 1 1
 0.5 1 1 1 1
 0.5 1 1 1 1
 0.5 1 1 1 1
 0.5 1 1 1 1
pf_obs 
 0.8446 0.082 0.0669 0.0065 0
 0.8095 0.147 0.0364 0.0071 0
 0.9664 0.0169 0.016 0.0007 0
 0.9276 0.0648 0.0075 0.0001 0
 0.7033 0.2144 0.0806 0.0017 0
 0.9318 0.0425 0.0243 0.0014 0
 0.5671 0.3108 0.0964 0.0239 0.0018
 0.0768 0.2599 0.5324 0.112 0.0189
 0.490249 0.384438 0.106611 0.0170017 0.00170017
 0.7925 0.1577 0.0466 0.003 0.0002
 0.840416 0.127587 0.0312969 0.00059994 9.999e-05
 0.8084 0.0986 0.0794 0.0134 0.0002
 0.7335 0.1905 0.0724 0.0035 0.0001
 0.4001 0.4547 0.1325 0.0127 0
 0.49795 0.308269 0.164784 0.0264974 0.00249975
 0.9179 0.0499 0.0305 0.0017 0
 0.2467 0.6533 0.0926 0.0074 0
 0.9418 0.0223 0.034 0.0019 0
 0.707729 0.231977 0.0356964 0.0245975 0
 0.517169 0.277429 0.184464 0.0207286 0.00020938
 0.811772 0.124168 0.05621 0.00726502 0.000585176
 0.764997 0.148141 0.077277 0.00933861 0.000247198
 0.163321 0.427699 0.378323 0.0303852 0.000271297
 0.753843 0.0900009 0.118128 0.0371064 0.000921714
 0.721811 0.176058 0.0630433 0.0369309 0.00215725
 0.143369 0.312575 0.442814 0.0836902 0.0175525
 0.692698 0.0596174 0.167031 0.0765114 0.00414204
 0.394062 0.376323 0.152708 0.0712218 0.00568511
 0.125707 0.32114 0.495352 0.0537591 0.00404204
 0.23352 0.215282 0.420074 0.123614 0.00750983
 0.796117 0.104755 0.0508955 0.0450114 0.00322123
 0.162477 0.292055 0.404252 0.121198 0.0200186
pf_pred 
 0.617953 0.150849 0.213112 0.0180853 8.47878e-07
 0.548007 0.317637 0.0530495 0.0749457 0.0063604
 0.684558 0.205903 0.0769784 0.0128564 0.0197043
 0.807705 0.148198 0.0287842 0.0107612 0.00455181
 0.724583 0.23982 0.027434 0.00532845 0.0028347
 0.806344 0.153129 0.0352892 0.00403687 0.0012012
 0.480343 0.44673 0.0576657 0.0132893 0.00197256
 0.49762 0.303621 0.170865 0.022056 0.00583735
 0.586916 0.241182 0.103892 0.058466 0.00954443
 0.79433 0.14277 0.0367246 0.0158196 0.0103559
 0.914363 0.0751884 0.00725295 0.00186567 0.00132975
 0.842177 0.148204 0.00844515 0.00081465 0.000358909
 0.723342 0.248105 0.0268124 0.00152785 0.000212314
 0.727085 0.221323 0.0462668 0.00499998 0.000324507
 0.941639 0.0503191 0.00652159 0.00136331 0.000156893
 0.962415 0.0363203 0.00109056 0.000141341 3.29471e-05
 0.474371 0.513554 0.0116683 0.000350355 5.59922e-05
 0.950323 0.0294547 0.019758 0.000448917 1.56334e-05
 0.735168 0.256286 0.00506676 0.00339875 7.99113e-05
 0.778661 0.182018 0.0380527 0.000752298 0.000516501
 0.791158 0.177563 0.0257219 0.00537744 0.000179301
 0.818199 0.155487 0.022373 0.00324097 0.000700151
 0.377805 0.547576 0.0638189 0.00918287 0.00161761
 0.844351 0.0758099 0.070264 0.00818914 0.0013859
 0.738437 0.233408 0.0137131 0.0127099 0.00173201
 0.521121 0.389021 0.0801855 0.00471104 0.00496142
 0.831422 0.104662 0.0519227 0.0107024 0.00129098
 0.746544 0.22352 0.018586 0.00922047 0.00212979
 0.473092 0.428718 0.0865932 0.00720035 0.00439717
 0.642815 0.204006 0.124634 0.0251738 0.00337155
 0.818149 0.133332 0.0277112 0.0169297 0.00387747
 0.615624 0.336563 0.0350559 0.00728586 0.00547065
pobs_RECLAS
 0 0 0 0 0
 0 0 0 0 0
 0 0 0 0 0
 0 0 0 0 0
 0 0 0 0 0
 0 0 0 0 0
 0 0 0 0 0
 0 0 0 0 0
 0 0 0 0 0
 0 0 0 0 0
 0.991045 0.00858322 0.000360255 1.14367e-05 0
 0.934742 0.0480273 0.0164251 0.00080598 0
 0.827803 0.169806 0.00239088 0 0
 0.941827 0.0461693 0.0120037 0 0
 0.791401 0.0380133 0.147996 0.0225897 0
 0.846168 0.0940531 0.0597789 0 0
 0.134021 0.677848 0.182769 0.00536245 0
 0.80878 0.0450904 0.141981 0.00414843 0
 0.846168 0.0940531 0.0597789 0 0
 0.905697 0.0802665 0.012482 0.00150086 5.37128e-05
 0.989698 0.0102097 9.19794e-05 0 0
 0.975433 0.0193895 0.00387452 0.00125025 5.28907e-05
 0.303575 0.632131 0.0575291 0.00676475 0
 0.966965 0.00978017 0.0227588 0.000495775 0
 0.843318 0.132988 0.00938335 0.0141283 0.000182051
 0.564624 0.303363 0.111486 0.0197234 0.00080311
 0.826376 0.0876187 0.0782897 0.00655872 0.00115652
 0.89761 0.0855135 0.0140674 0.00269457 0.000114338
 0.34875 0.467042 0.161289 0.0227151 0.000203297
 0.318654 0.224769 0.449479 0.00709798 0
 0.937255 0.0296025 0.0250945 0.00804832 0
 0.456809 0.399803 0.12412 0.0192676 0
ppred_RECLAS
 0.674186 0.128646 0.181744 0.0154233 7.23079e-07
 0.611325 0.273141 0.045618 0.0644468 0.0054694
 0.737838 0.171125 0.0639762 0.0106848 0.0163761
 0.846141 0.118576 0.0230307 0.00861022 0.00364198
 0.77031 0.200003 0.0228792 0.00444378 0.00236406
 0.842126 0.124835 0.0287687 0.00329097 0.000979247
 0.549721 0.387088 0.0499668 0.011515 0.00170921
 0.557407 0.267488 0.150531 0.0194312 0.00514267
 0.650125 0.204277 0.0879945 0.0495197 0.00808395
 0.841445 0.110064 0.0283116 0.0121956 0.00798354
 0.931617 0.0600394 0.00579162 0.00148977 0.00106183
 0.875267 0.117131 0.0066745 0.000643846 0.000283658
 0.775071 0.201715 0.0217991 0.00124218 0.000172616
 0.800248 0.161991 0.0338636 0.00365959 0.000237513
 0.956181 0.0377811 0.0048966 0.00102361 0.0001178
 0.971323 0.0277116 0.000832071 0.00010784 2.51379e-05
 0.542062 0.447418 0.0101657 0.000305236 4.87815e-05
 0.961375 0.0229018 0.0153623 0.000349044 1.21554e-05
 0.786161 0.206939 0.00409116 0.00274432 6.45245e-05
 0.821873 0.146482 0.0306237 0.000605427 0.000415665
 0.831145 0.143565 0.020797 0.00434782 0.00014497
 0.855501 0.123584 0.0177825 0.00257599 0.000556493
 0.441185 0.491797 0.057318 0.00824745 0.00145283
 0.87518 0.0607943 0.0563468 0.00656712 0.00111139
 0.785046 0.191816 0.0112695 0.0104451 0.00142338
 0.583552 0.338305 0.0697318 0.00409686 0.0043146
 0.86413 0.0843553 0.0418484 0.00862585 0.0010405
 0.790781 0.184508 0.0153421 0.00761116 0.00175806
 0.535387 0.378031 0.0763554 0.00634906 0.0038773
 0.699307 0.17174 0.104922 0.0211923 0.00283831
 0.854025 0.107028 0.0222443 0.0135898 0.00311252
 0.672018 0.287184 0.0299127 0.00621692 0.00466802
pobs_PELACES
 0 0 0 0 0
 0 0 0 0 0
 0 0 0 0 0
 0 0 0 0 0
 0 0 0 0 0
 0 0 0 0 0
 0 0 0 0 0
 0 0 0 0 0
 0 0 0 0 0
 0 0 0 0 0
 0 0 0 0 0
 0 0 0 0 0
 0 0 0 0 0
 0 0 0 0 0
 0 0 0 0 0
 0 0 0 0 0
 0.505614 0.472636 0.0217494 0 0
 0 0 0 0 0
 0.443492 0.261883 0.143347 0.151278 0
 0.227955 0.32914 0.350689 0.0885471 0.00366901
 0.970185 0.0296113 0.000203453 0 0
 0.997202 0.00247181 0.000326279 0 0
 0.445219 0.490057 0.0546422 0.010081 0
 0.90214 0.0892962 0.00764917 0.000914606 0
 0 0 0 0 0
 0.581667 0.319106 0.0959925 0.00289975 0.000334073
 0.762889 0.0836404 0.116647 0.0363945 0.000428098
 0.88444 0.0763242 0.0277011 0.0115352 0
 0.521256 0.241999 0.230069 0.00667565 0
 0.616807 0.101726 0.260614 0.0208532 0
 0.833518 0.0704572 0.0857862 0.0102388 0
 0.697417 0.212968 0.0787535 0.0105354 0.000325836
ppred_PELACES
 0.537269 0.182707 0.258119 0.0219047 1.02694e-06
 0.476207 0.368095 0.0614766 0.086851 0.00737076
 0.619181 0.248578 0.0929326 0.0155209 0.0237881
 0.763659 0.182143 0.0353773 0.0132261 0.00559442
 0.6509 0.30398 0.0347735 0.00675399 0.00359308
 0.7502 0.197523 0.04552 0.00520721 0.00154944
 0.421093 0.497664 0.0642405 0.0148045 0.00219747
 0.410026 0.35656 0.200657 0.0259016 0.00685514
 0.521459 0.279399 0.120355 0.0677306 0.0110568
 0.769279 0.16016 0.0411977 0.0177464 0.0116173
 0.88363 0.102172 0.00985583 0.00253521 0.00180697
 0.805912 0.182259 0.0103857 0.00100184 0.00044138
 0.671728 0.294393 0.0318146 0.0018129 0.000251924
 0.734264 0.215502 0.0450498 0.00486847 0.000315972
 0.930753 0.0597052 0.00773807 0.00161761 0.000186159
 0.952893 0.0455222 0.00136685 0.00017715 4.12944e-05
 0.410904 0.575564 0.0130772 0.000392658 6.2753e-05
 0.935338 0.0383392 0.0257177 0.000584324 2.03489e-05
 0.687451 0.302463 0.00597967 0.00401112 9.43095e-05
 0.731086 0.221141 0.0462318 0.000913998 0.000627519
 0.740501 0.220633 0.0319611 0.0066818 0.000222793
 0.77805 0.189825 0.0273138 0.0039567 0.00085477
 0.314254 0.603505 0.0703374 0.0101208 0.00178284
 0.800966 0.0969409 0.0898492 0.0104718 0.0017722
 0.677391 0.287883 0.0169136 0.0156763 0.00213625
 0.443846 0.451796 0.0931248 0.00547125 0.00576203
 0.784168 0.134 0.0664769 0.0137023 0.00165285
 0.681153 0.281187 0.0233811 0.0115993 0.00267927
 0.394498 0.492665 0.0995094 0.00827435 0.00505305
 0.571601 0.244679 0.149483 0.0301928 0.00404376
 0.772563 0.166756 0.0346578 0.0211736 0.00484947
 0.534815 0.407321 0.0424258 0.00881761 0.00662077
pobs_pel_tallas
 0 0 0 0 0 0 0 0 0 0 0 0 0 0 0 0 0 0 0 0 0 0 0 0 0 0
 0 0 0 0 0 0 0 0 0 0 0 0 0 0 0 0 0 0 0 0 0 0 0 0 0 0
 0 0 0 0 0 0 0 0 0 0 0 0 0 0 0 0 0 0 0 0 0 0 0 0 0 0
 0 0 0 0 0 0 0 0 0 0 0 0 0 0 0 0 0 0 0 0 0 0 0 0 0 0
 0 0 0 0 0 0 0 0 0 0 0 0 0 0 0 0 0 0 0 0 0 0 0 0 0 0
 0 0 0 0 0 0 0 0 0 0 0 0 0 0 0 0 0 0 0 0 0 0 0 0 0 0
 0 0 0 0 0 0 0 0 0 0 0 0 0 0 0 0 0 0 0 0 0 0 0 0 0 0
 0 0 0 0 0 0 0 0 0 0 0 0 0 0 0 0 0 0 0 0 0 0 0 0 0 0
 0 0 0 0 0 0 0 0 0 0 0 0 0 0 0 0 0 0 0 0 0 0 0 0 0 0
 0 0 0 0 0 0 0 0 0 0 0 0 0 0 0 0 0 0 0 0 0 0 0 0 0 0
 0 0 0 0 0 0 0 0 0 0 0 0 0 0 0 0 0 0 0 0 0 0 0 0 0 0
 0 0 0 0 0 0 0 0 0 0 0 0 0 0 0 0 0 0 0 0 0 0 0 0 0 0
 0.00862536 0 0 0.000197151 0.00414017 0.0128641 0.00837892 0.0270097 0.101434 0.158115 0.152841 0.127902 0.109271 0.109419 0.0830992 0.0579132 0.0238553 0.00714673 0.00463305 0.00128148 0.00103504 0.000492878 0.000147863 0.000147863 4.92878e-05 0
 0 0 0 0 0 0 0 0 0 0 0 0 0 0 0 0 0 0 0 0 0 0 0 0 0 0
 0 0 0 0 0 0 0 0.0054083 0.00873648 0.0413646 0.0450493 0.0745869 0.0622846 0.0627006 0.0613931 0.0827291 0.12552 0.122667 0.0946155 0.0697135 0.0546179 0.0294188 0.0215738 0.0213955 0.0102223 0.00600262
 0 0 0 0 0.00359764 0.0251062 0.0480494 0.140153 0.205849 0.193036 0.1447 0.116669 0.0760912 0.0342217 0.00950174 0.001854 0.000860785 0 0 0 0.000165536 0 0.000143464 0 0 0
 0 0 0 0 0 0 0 0.000145254 0.000435761 0.0275982 0.070085 0.0708112 0.156366 0.174668 0.174014 0.160142 0.0824315 0.0480064 0.0283245 0.00493863 0.00203355 0 0 0 0 0
 0 0 0 0 0 0 0 0 0 0 0 0 0 0 0 0 0 0 0 0 0 0 0 0 0 0
 0 0 1.00437e-05 0.000401748 0.00122533 0.00171747 0.00176769 0.0269171 0.070346 0.194647 0.189555 0.159765 0.064822 0.0314167 0.0384472 0.0292271 0.0345202 0.0313363 0.0194345 0.0106764 0.0143323 0.0359363 0.0279516 0.0138201 0.00172751 0
 0 0.0021121 0.0136068 0.0755702 0.200478 0.177729 0.0527432 0.0373336 0.0318909 0.0142505 0.0149659 0.0166563 0.0217959 0.0798694 0.0677717 0.0528807 0.04013 0.0224614 0.0357745 0.0225083 0.00881397 0.00855152 0.00135912 0.000746735 0 0
 0 0 0 0 5.4009e-05 0.00500934 0.000945158 0.0243581 0.138947 0.33067 0.221406 0.137944 0.0707744 0.0437923 0.0131692 0.00525238 0.0047753 0.00276346 9.45158e-05 9.00151e-06 2.25038e-05 9.00151e-06 4.50075e-06 0 0 0
 0.000866109 0.00284123 0.00948549 0.0512746 0.133035 0.25785 0.225252 0.132002 0.0553304 0.0519788 0.0540692 0.017754 0.00435017 0.00159236 0.00146478 0.000404838 0.000125132 0.000115318 0.000107957 0.000100596 0 0 0 0 0 0
 0 0 0 0 0.00144013 0.00171154 0.00461396 0.0210425 0.0478622 0.0707936 0.0888783 0.103762 0.0637923 0.0337046 0.0602308 0.124433 0.169614 0.0934646 0.0462172 0.0250306 0.0313229 0.00938855 0.002487 0.000210481 0 0
 0 0.00764035 0.051015 0.0998891 0.058973 0.0496711 0.0374665 0.0718981 0.12319 0.153886 0.159021 0.0857701 0.0377988 0.023471 0.0147837 0.00900784 0.00315554 0.000888139 0.00291439 0.00214683 0.00393193 0.00274676 0.000635225 9.99891e-05 0 0
 0 0 0 0 0 0 0 0 0 0 0 0 0 0 0 0 0 0 0 0 0 0 0 0 0 0
 0 0 0 0 0 0 0 0 0 0 0 0 0 0 0 0 0 0 0 0 0 0 0 0 0 0
 0 0 0 0 0 0 0 0 0 0 0 0 0 0 0 0 0 0 0 0 0 0 0 0 0 0
 0 0 0 0 0 0 0 0 0 0 0 0 0 0 0 0 0 0 0 0 0 0 0 0 0 0
 0 0 0 0 0 0 0 0 0 0 0 0 0 0 0 0 0 0 0 0 0 0 0 0 0 0
 0 0 0 0 0 0 0 0 0 0 0 0 0 0 0 0 0 0 0 0 0 0 0 0 0 0
 0 0 0 0 0 0 0 0 0 0 0 0 0 0 0 0 0 0 0 0 0 0 0 0 0 0
 0 0 0 0 0 0 0 0 0 0 0 0 0 0 0 0 0 0 0 0 0 0 0 0 0 0
ppred_pel_tallas
 1.09693e-16 4.42541e-05 0.000430166 0.00285861 0.0129948 0.0404318 0.0861449 0.125735 0.125753 0.0862329 0.0407283 0.0138559 0.00503743 0.00524425 0.00935582 0.0158362 0.0238287 0.0320851 0.0392827 0.0446857 0.0483556 0.0506685 0.0516272 0.050668 0.0471398 0.0409761
 1.11826e-16 3.92246e-05 0.000381277 0.00253372 0.011518 0.0358368 0.0763554 0.11145 0.111486 0.076529 0.0364198 0.0132024 0.00676438 0.00962536 0.0176219 0.0291442 0.0421649 0.0534453 0.0597421 0.0596468 0.0544495 0.047231 0.0409142 0.0367853 0.0343704 0.0323425
 1.08328e-16 5.10012e-05 0.000495749 0.00329443 0.014976 0.0465961 0.0992787 0.144905 0.144929 0.0993963 0.0469912 0.0161184 0.00616675 0.00678179 0.0120358 0.0199391 0.0290064 0.0370868 0.0420152 0.0427959 0.0401551 0.0359465 0.0319138 0.0288051 0.0263685 0.0239508
 1.03341e-16 6.29016e-05 0.000611426 0.00406314 0.0184705 0.0574686 0.122444 0.178714 0.178731 0.122529 0.057757 0.0193037 0.00615569 0.00518258 0.00875365 0.0143968 0.0207924 0.0262747 0.0291915 0.0287876 0.0256456 0.0212668 0.0171406 0.0140326 0.0119068 0.0103177
 1.02367e-16 5.36138e-05 0.000521145 0.0034632 0.0157432 0.0489831 0.104365 0.15233 0.152359 0.104508 0.0494635 0.0171306 0.00694507 0.00811987 0.0144784 0.0238334 0.0342866 0.0430291 0.0472326 0.0455898 0.0390906 0.030351 0.0220562 0.0157279 0.0115226 0.00881765
 1.02149e-16 6.1793e-05 0.00060065 0.00399153 0.0181449 0.0564558 0.120286 0.175564 0.175583 0.120379 0.0567687 0.0190491 0.00626222 0.00556173 0.00949586 0.0156319 0.0225842 0.0285476 0.0317165 0.031243 0.0277158 0.0227181 0.0178413 0.0139381 0.0110488 0.00881019
 1.03838e-16 3.4685e-05 0.000337151 0.00224049 0.010185 0.0316894 0.0675195 0.0985567 0.0986046 0.0677538 0.0324762 0.0124572 0.00794364 0.0127854 0.0236709 0.0390638 0.0562357 0.0706449 0.0776755 0.0751875 0.0647815 0.0506969 0.0372722 0.0269465 0.0199525 0.0152885
 1.0964e-16 3.37734e-05 0.000328289 0.0021816 0.00991726 0.0308565 0.0657442 0.0959629 0.0959975 0.0659134 0.0314253 0.0115632 0.00632451 0.00941015 0.0173927 0.0289892 0.0424295 0.0547574 0.0629296 0.0654687 0.0631961 0.058382 0.0530749 0.048018 0.0428214 0.036882
 1.12209e-16 4.29519e-05 0.000417508 0.00277449 0.0126124 0.0392421 0.0836105 0.122038 0.122065 0.0837429 0.039687 0.0138994 0.00601245 0.00751083 0.0135882 0.0225921 0.0330069 0.0425052 0.048745 0.0506789 0.0491293 0.0460744 0.0432413 0.041149 0.0391946 0.03644
 1.04976e-16 6.33645e-05 0.000615926 0.00409304 0.0186064 0.0578915 0.123344 0.180028 0.180044 0.12342 0.0581455 0.0193405 0.00593756 0.00464855 0.00774008 0.0127438 0.0184674 0.0234733 0.0263453 0.0264486 0.0242982 0.0211763 0.01831 0.0162592 0.0148763 0.013683
 1.00871e-16 7.27835e-05 0.000707481 0.00470146 0.0213722 0.0664968 0.141679 0.206787 0.206796 0.141727 0.0666582 0.0218383 0.00587117 0.00325982 0.00491678 0.00800447 0.0115033 0.014423 0.0158085 0.015222 0.0130025 0.0100395 0.00724701 0.00514386 0.00378161 0.00294047
 1.00522e-16 6.63819e-05 0.000645256 0.00428795 0.0194924 0.0606483 0.129218 0.188601 0.188619 0.129304 0.060936 0.020323 0.0063715 0.00518943 0.00868413 0.0142187 0.0203988 0.025488 0.0277647 0.0264338 0.0221042 0.0163936 0.010989 0.0068859 0.00423979 0.0026964
 1.01218e-16 5.53294e-05 0.000537821 0.00357401 0.016247 0.0505505 0.107704 0.157203 0.157232 0.107843 0.0510156 0.0175902 0.0069448 0.00789311 0.0140149 0.0230565 0.0331474 0.0415517 0.0455131 0.0437479 0.0372035 0.0284164 0.0200118 0.0135101 0.00912446 0.00631181
 1.01897e-16 6.04804e-05 0.000587891 0.00390674 0.0177595 0.0552565 0.117731 0.171836 0.171856 0.117832 0.0555977 0.0187453 0.00638232 0.00599536 0.0103397 0.0170221 0.0245704 0.0310099 0.0343605 0.0336919 0.0296526 0.0239903 0.018474 0.0140697 0.0108484 0.00842399
 1.00433e-16 7.66649e-05 0.00074521 0.00495218 0.0225119 0.0700429 0.149234 0.217813 0.217818 0.149262 0.0701373 0.0227845 0.00563639 0.00223861 0.00291224 0.00469138 0.00674629 0.00847391 0.00931571 0.00901423 0.00776094 0.00606414 0.00444454 0.00319569 0.00234711 0.00178055
 1.00076e-16 7.84885e-05 0.000762936 0.00506998 0.0230474 0.071709 0.152784 0.222993 0.222998 0.152805 0.0717808 0.0232547 0.00558993 0.00189663 0.00222757 0.00354784 0.00507831 0.0063335 0.00687755 0.00651129 0.0053894 0.00392197 0.00253863 0.00149583 0.00083663 0.000471512
 1.00575e-16 3.38457e-05 0.000328992 0.00218627 0.00993851 0.0309227 0.0658861 0.0961743 0.0962297 0.0661566 0.0318305 0.012559 0.00875864 0.0146581 0.0271931 0.0447595 0.0641388 0.0799481 0.0867244 0.0819471 0.0675776 0.0488212 0.0311423 0.0178198 0.00942586 0.00483899
 1.00815e-16 7.70426e-05 0.000748882 0.00497658 0.0226228 0.070388 0.149969 0.218885 0.218889 0.149987 0.0704493 0.0228002 0.00542328 0.00172889 0.00195244 0.00314257 0.0046044 0.00596523 0.00689416 0.0072261 0.00703427 0.00654045 0.00594323 0.00531265 0.0046171 0.00382164
 1.00669e-16 5.66245e-05 0.000550411 0.00365767 0.0166273 0.0517338 0.110225 0.160883 0.160912 0.110367 0.0522108 0.0180044 0.00711155 0.00808065 0.0143297 0.0235265 0.0337124 0.0420309 0.0456149 0.0431477 0.0356685 0.0259176 0.0167628 0.00991115 0.00563667 0.0033198
 1.01589e-16 6.02186e-05 0.000585346 0.00388983 0.0176826 0.0550173 0.117221 0.171092 0.171113 0.117325 0.0553675 0.0186942 0.00642983 0.00613321 0.0106053 0.0174595 0.0251946 0.0317808 0.0351792 0.0344272 0.0301843 0.0242443 0.0184327 0.0137625 0.0103354 0.00778238
 1.01687e-16 6.09942e-05 0.000592885 0.00393993 0.0179104 0.0557259 0.118731 0.173295 0.173317 0.118835 0.0560748 0.0189181 0.00646956 0.00611511 0.0105487 0.0173426 0.0249758 0.0314041 0.0345824 0.0335607 0.0290387 0.0228769 0.0169756 0.0123973 0.00924014 0.00707189
 1.01379e-16 6.4087e-05 0.000622948 0.00413971 0.0188185 0.0585516 0.124751 0.182082 0.1821 0.12484 0.0588517 0.0196855 0.00631592 0.00537349 0.00908578 0.0149178 0.0214793 0.0270002 0.0297179 0.0288125 0.0248852 0.0195389 0.0144141 0.010434 0.0076927 0.00582535
 1.03501e-16 2.58848e-05 0.00025161 0.00167204 0.00760088 0.0236495 0.0503898 0.0735576 0.0736157 0.0506739 0.0246032 0.0103553 0.00858463 0.0153372 0.0286622 0.0473062 0.0680547 0.0853878 0.093682 0.0903229 0.0772544 0.0596533 0.0428508 0.029895 0.0211525 0.0154609
 1.03968e-16 6.59745e-05 0.000641296 0.00426164 0.0193728 0.060276 0.128425 0.187442 0.187451 0.128471 0.0604318 0.0198243 0.00540089 0.00314745 0.00488169 0.00811212 0.0120195 0.0158229 0.0187496 0.0204073 0.0209417 0.0207925 0.0202752 0.0193666 0.0178427 0.0155776
 1.02496e-16 5.57959e-05 0.000542356 0.00360415 0.0163839 0.0509767 0.108612 0.158528 0.158556 0.108748 0.0514312 0.0176963 0.00689673 0.00772477 0.013681 0.0224893 0.0322997 0.0404301 0.0441932 0.0423665 0.0359373 0.0274619 0.0195653 0.0137351 0.0100999 0.00798423
 1.04327e-16 3.65591e-05 0.000355367 0.00236154 0.0107353 0.0334016 0.0711672 0.10388 0.103923 0.0713802 0.0341169 0.0128018 0.00755092 0.0116902 0.021582 0.035669 0.051487 0.0649652 0.0719553 0.070509 0.0619938 0.0500894 0.0385252 0.0293445 0.0227023 0.0177766
 1.03607e-16 6.45909e-05 0.000627847 0.00417226 0.0189665 0.0590119 0.125732 0.183512 0.183525 0.125795 0.0592254 0.0195842 0.00572636 0.00403278 0.00656735 0.0108495 0.0158437 0.0203856 0.0233212 0.0241006 0.0230578 0.0210894 0.0190141 0.0171445 0.0153336 0.0133177
 1.02364e-16 5.61057e-05 0.000545368 0.00362416 0.0164749 0.0512598 0.109215 0.159409 0.159436 0.109348 0.0517039 0.0177574 0.0068423 0.00756678 0.01338 0.0220022 0.0316233 0.0396301 0.0434021 0.0417391 0.0355848 0.0274021 0.0197195 0.0139683 0.0102802 0.00802995
 1.04683e-16 3.24944e-05 0.000315857 0.00209898 0.0095417 0.029688 0.0632552 0.0923328 0.0923803 0.0634875 0.030468 0.011795 0.0077572 0.0126744 0.0235227 0.0388855 0.0561247 0.0708052 0.0784033 0.0767961 0.0674806 0.0544775 0.0418611 0.0318623 0.0246464 0.0193072
 1.08089e-16 4.70821e-05 0.000457655 0.00304128 0.0138252 0.0430155 0.09165 0.133771 0.133795 0.0917662 0.0434063 0.0149563 0.00588955 0.00670528 0.012 0.0199927 0.0293302 0.0380018 0.0439571 0.0462077 0.0453082 0.0427569 0.0398501 0.0369623 0.0337057 0.0296014
 1.03987e-16 6.36351e-05 0.000618555 0.00411052 0.0186858 0.0581386 0.123871 0.180797 0.180813 0.12395 0.0584028 0.0194492 0.00602792 0.00480839 0.00803329 0.0132133 0.0191089 0.024206 0.0270113 0.0268521 0.0242707 0.0206302 0.017256 0.0147868 0.0131169 0.0117782
 1.03334e-16 4.40521e-05 0.000428202 0.00284556 0.0129355 0.0402474 0.0857527 0.125167 0.125206 0.0859444 0.040891 0.0147941 0.00750972 0.0106062 0.0193623 0.0319097 0.0458919 0.0575614 0.0631266 0.0608389 0.052039 0.0402562 0.0291168 0.0206798 0.0151561 0.0116895
pSPR Fmed_Fpbrs
0.555838   0.227543 0.227543
Fs Fmed_Fpbrs
0.34   1.005 1.005
SSBpbr Bo_Bmed_Bpbrs
600090  303548  106542 106542
Ro
98595.9
SPR SPRFo_SPRFmed_SPRFpbrs
709703 394480 161488
Fref
1.005
Nvult_r0
 45874.7 20040.6 2087.4 433.836 325.749
CTP_r0
 19405.3 10045.3 1046.3 217.459 163.281
YTP_r0
459827
Np
 102898 18185.4 2077.57 777.101 91.8412
Nvult_p0
 84712.7 15736.5 1797.81 672.457 79.4739
CTP_p0
 35834 6691.98 2503.09 260.718 67.6886
 35834 7887.89 901.144 337.067 39.836
YTP_p0
 457765 441484
CBA_c0
459208
log_Ro
11.3188
likeval ReclasPelacesDesembMPH_pf_preclas_ppelaces_ptallas_desvR_qrecl_qpela
 15.0482 17.574 0.0323747 45.8414 248.368 133.572 116.475 0 22.5186 5.94227e-05 0.000167715 0.0439894 0 0 0
q_reclas_q_pelaces
2.97476 6.24308
M
1
N
 149664 27774.8 39238.8 3329.92 0.156114
 91156.3 41434.6 6920.12 9776.39 829.691
 83983.5 19798.8 7401.93 1236.22 1894.68
 125395 18324.7 3559.18 1330.63 562.833
 95717.8 23834.5 2726.52 529.567 281.726
 197205 28577.1 6585.69 753.364 224.168
 70813.9 53110.9 6855.77 1579.94 234.514
 26385.9 12007.6 6757.35 872.266 230.854
 25621.4 8371.04 3605.93 2029.26 331.272
 32759 4946.05 1272.27 548.044 358.765
 58034.8 3600.76 347.342 89.3465 63.6817
 120314 16972 967.12 93.2918 41.1015
 78231 21576.7 2331.77 132.871 18.4641
 50647.1 13630.8 2849.46 307.937 19.9856
 58683.3 2597.39 336.634 70.372 8.09858
 248638 7582.17 227.663 29.5062 6.87799
 47846.9 41366.5 939.878 28.2209 4.51014
 363401 8879.49 5956.3 135.332 4.71289
 267657 75513.2 1492.89 1001.42 23.5454
 235078 43880.9 9173.76 181.364 124.518
 247305 43651.6 6323.41 1321.97 44.0789
 344050 52439.2 7545.45 1093.04 236.131
 53793.6 61391.5 7155.06 1029.54 181.359
 161507 11291.5 10465.5 1219.74 206.424
 150761 37170.3 2183.82 2024.06 275.824
 59333.4 34217.1 7052.87 414.369 436.391
 149096 14545.1 7215.78 1487.33 179.41
 155392 35652.2 2964.54 1470.7 339.709
 58360.4 40541.2 8188.58 680.892 415.813
 61469.2 15184.5 9276.73 1873.73 250.951
 110573 14192.7 2949.74 1802.1 412.741
 55722.7 23159.3 2412.23 501.348 376.441
pred_Ctot
 23956.4 5848.03 8261.8 701.119 0.03287
 24625.6 14273.6 2383.87 3367.81 285.815
 22529.5 6776.47 2533.43 423.116 648.486
 40392 7411.14 1439.45 538.15 227.629
 11597.4 3838.48 439.099 85.2854 45.3713
 34254.5 6505.12 1499.13 171.491 51.0283
 25667.1 23871 3081.36 710.111 105.404
 2323.19 1417.48 797.701 102.97 27.2522
 8105.51 3330.8 1434.78 807.436 131.812
 15952.7 2867.29 737.549 317.708 207.98
 7664.19 630.23 60.7942 15.638 11.146
 41281.4 7264.6 413.96 39.932 17.5928
 27629.5 9476.88 1024.15 58.3594 8.10977
 31873.4 9702.2 2028.21 219.185 14.2255
 26129.3 1396.29 180.966 37.8303 4.35359
 91704.8 3460.82 103.915 13.4679 3.13941
 15831.2 17138.9 389.408 11.6924 1.86863
 104660 3243.88 2175.97 49.4397 1.72172
 100022 34868.5 689.347 462.409 10.8722
 77731 18170.2 3798.67 75.0993 51.5605
 69224.3 15536.3 2250.6 470.512 15.6884
 118658 22549.3 3244.6 470.016 101.538
 15276.4 22141 2580.49 371.305 65.4075
 39698.2 3564.3 3303.55 385.022 65.1598
 37955.4 11997.1 704.85 653.286 89.0248
 12931.4 9653.36 1989.76 116.902 123.115
 34155.6 4299.63 2133.04 439.664 53.0349
 29373.1 8794.5 731.276 362.784 83.7976
 11107.3 10065.5 2033.04 169.05 103.237
 15023.7 4767.98 2912.92 588.356 78.7992
 31496.8 5132.98 1066.82 651.755 149.274
 8917.09 4874.99 507.771 105.533 79.2403
F
 0.284273 0.389696 0.389696 0.389696 0.389696
 0.526955 0.722377 0.722377 0.722377 0.722377
 0.522369 0.716091 0.716091 0.716091 0.716091
 0.660338 0.905225 0.905225 0.905225 0.905225
 0.2088 0.286234 0.286234 0.286234 0.286234
 0.31186 0.427514 0.427514 0.427514 0.427514
 0.77452 1.06175 1.06175 1.06175 1.06175
 0.148052 0.202958 0.202958 0.202958 0.202958
 0.644839 0.883978 0.883978 0.883978 0.883978
 1.20803 1.65603 1.65603 1.65603 1.65603
 0.229476 0.314578 0.314578 0.314578 0.314578
 0.718489 0.984941 0.984941 0.984941 0.984941
 0.747335 1.02449 1.02449 1.02449 1.02449
 1.97037 2.70109 2.70109 2.70109 2.70109
 1.04635 1.4344 1.4344 1.4344 1.4344
 0.793525 1.08781 1.08781 1.08781 1.08781
 0.684262 0.938022 0.938022 0.938022 0.938022
 0.5712 0.783031 0.783031 0.783031 0.783031
 0.808228 1.10796 1.10796 1.10796 1.10796
 0.683678 0.937221 0.937221 0.937221 0.937221
 0.550968 0.755295 0.755295 0.755295 0.755295
 0.723517 0.991835 0.991835 0.991835 0.991835
 0.561101 0.769186 0.769186 0.769186 0.769186
 0.469035 0.642977 0.642977 0.642977 0.642977
 0.482967 0.662076 0.662076 0.662076 0.662076
 0.405919 0.556455 0.556455 0.556455 0.556455
 0.430779 0.590534 0.590534 0.590534 0.590534
 0.343634 0.471071 0.471071 0.471071 0.471071
 0.346361 0.474809 0.474809 0.474809 0.474809
 0.465811 0.638558 0.638558 0.638558 0.638558
 0.56328 0.772173 0.772173 0.772173 0.772173
 0.284188 0.38958 0.38958 0.38958 0.38958
YTP_r0W_actual
 166886 249124 29191.9 8111.23 6514.91
YTP_p0W_proyectada
 270188 116775 60249.4 8165.68 2386.02
 270188 137644 21690.5 10556.9 1404.22
CTP_r0_actual
 19405.3 10045.3 1046.3 217.459 163.281
CTP_p0_proyectada
 35834 6691.98 2503.09 260.718 67.6886
 35834 7887.89 901.144 337.067 39.836
Wmedp
 7.54 17.45 24.07 31.32 35.25
Frms_r0
 0.733121 1.005 1.005 1.005 1.005
Zrms_r0
 1.73312 2.005 2.005 2.005 2.005
nmprior
 7.29 8.9 8.7 0
nm_flota  nm_reclas  nm_pelaces    nm_pelaL
inf 12.619 9.92267 24.8474
cv_recla  cv_pelaces  cv_mph
0.343175 0.459226 0.921366
 ------------------------------------------------
Talla a la edad & desviaci?n 
 8 13.2811 15.8009 17.003 17.5766
 0.8 1.32811 1.58009 1.7003 1.75766
