    unsorted:	 2.336057707e-06 2.301099823e-06 2.203377942e-06 5.723436374e-05 4.757022166e-05 8.231009755e-05 12.21226275 11.91819096 4.215791791 20.27019898 49.43627610 83.71992560 182.7119985 195.0506480 207.5161715 260.0514582 513.5088464 593.9948895 922.1863584 897.5558669 958.8507609 857.6515672 757.6152244 1058.138871 1125.101284 1176.147906 1221.228250 1433.902198 1535.841858 1652.228546 1734.899337 1937.971347 1955.457137 2050.130819 2311.276355 2333.465167 2363.505781 2536.567448 2743.635854 2907.524255 3076.294808 3263.322248 3576.601762 3913.179428 4066.424055 4326.055121 9807.101063 14914.41962 41748.57089 153405.4431 392211.9210 391734.2561 382051.1877 376975.1229 397945.9079 367518.1054 356369.0573 322976.2124 438171.5501 445782.0277 547213.9548 596556.2903 568942.2937 616780.1171 677360.2291 683978.7452 937694.8267 1008741.606 1183622.674 1149149.396 1508402.688 1649425.196 1819213.606 1946381.996 2346756.197 2312453.230 2391604.104 2728216.790 2904139.274 3240152.578 8037735.923 58204756.57
      sorted:	 2.203377942e-06 2.301099823e-06 2.336057707e-06 4.757022166e-05 5.723436374e-05 8.231009755e-05 4.215791791 11.91819096 12.21226275 20.27019898 49.43627610 83.71992560 182.7119985 195.0506480 207.5161715 260.0514582 513.5088464 593.9948895 757.6152244 857.6515672 897.5558669 922.1863584 958.8507609 1058.138871 1125.101284 1176.147906 1221.228250 1433.902198 1535.841858 1652.228546 1734.899337 1937.971347 1955.457137 2050.130819 2311.276355 2333.465167 2363.505781 2536.567448 2743.635854 2907.524255 3076.294808 3263.322248 3576.601762 3913.179428 4066.424055 4326.055121 9807.101063 14914.41962 41748.57089 153405.4431 322976.2124 356369.0573 367518.1054 376975.1229 382051.1877 391734.2561 392211.9210 397945.9079 438171.5501 445782.0277 547213.9548 568942.2937 596556.2903 616780.1171 677360.2291 683978.7452 937694.8267 1008741.606 1149149.396 1183622.674 1508402.688 1649425.196 1819213.606 1946381.996 2312453.230 2346756.197 2391604.104 2728216.790 2904139.274 3240152.578 8037735.923 58204756.57
