years
 1991 1992 1993 1994 1995 1996 1997 1998 1999 2000 2001 2002 2003 2004 2005 2006 2007 2008 2009 2010 2011 2012 2013 2014 2015 2016 2017 2018 2019 2020 2021
reclasobs
 0 0 0 0 0 0 0 0 0 252601 567819 844713 477998 351125 339783 2.1784e+06 2.13404e+06 4.81314e+06 1.55562e+06 2.62356e+06 3.21686e+06 3.843e+06 1.13348e+06 3.07943e+06 1.97215e+06 2.03268e+06 2.025e+06 2.42433e+06 2.27542e+06 1.05018e+06 2.36338e+06
reclaspred
 3.88311e+06 2.08946e+06 1.0352e+06 1.19404e+06 1.3435e+06 2.69492e+06 1.46838e+06 1.15243e+06 710785 339489 571415 975132 857526 338685 556317 1.48461e+06 1.14618e+06 2.99892e+06 2.5504e+06 2.05659e+06 3.45308e+06 2.5909e+06 1.63063e+06 2.59292e+06 1.94581e+06 1.67794e+06 2.27067e+06 2.55683e+06 2.03099e+06 1.19997e+06 2.11674e+06
pelacesobs
 0 0 0 0 0 0 0 0 0 0 0 0 0 0 0 552880 188675 0 991730 2.46772e+06 1.41603e+06 1.21717e+06 2.29649e+06 1.80582e+06 0 1.4828e+06 1.56532e+06 1.57751e+06 1.42118e+06 867257 1.10002e+06
pelacespred
 2.6508e+06 1.47211e+06 679002 585385 841638 1.61575e+06 872394 889458 473096 167069 328120 480046 472088 131154 265837 634921 606739 1.57475e+06 1.43765e+06 1.04473e+06 1.86151e+06 1.4261e+06 1.01847e+06 1.58546e+06 1.25173e+06 1.10359e+06 1.55585e+06 1.6656e+06 1.415e+06 829175 1.0884e+06
mphobs
 0 0 0 0 0 0 0 0 0 0 0 0 498337 0 5186 125008 0 168611 109162 213762 579715 649985 157893 87575 83554 210694 70296 0 107559 103333 445601
mphpred
 941874 647837 291602 167472 220008 307775 485551 218490 191250 87859.3 36344.8 130111 165478 89864.1 22501.1 76757 268309 179651 468759 320713 393699 436232 340436 221168 412831 308240 256152 362875 522810 319425 155323
desembarqueobs
 494567 514787 250237 358949 120608 361735 552515 73892 212993 205616 52469 317467 293654 387597 252695 516296 358380 742168 942051 627588 828172 859565 418607 520667 417249 300574 415391 372974 316634 284311 391294
desembarquepred
 494559 514325 250443 358955 120610 361720 552486 73897.8 213069 205686 52470.8 317462 293661 387558 252598 516147 358441 741885 941373 627120 828272 859456 418585 520701 417166 300554 415341 372909 316551 284205 391258
Reclutas
 150804 90860.4 83869.5 125398 96208.9 195855 70397 26376.7 25462.7 33608.5 60168.9 117404 79635.6 50679.1 60682.4 248816 48207 362282 272803 234023 251325 336121 55987.5 162809 149307 60145.1 151339 155512 55207.8 49774.8 159304
log_desv_Rt
 0.398264 -0.10839 -0.188453 0.213776 -0.0511927 0.659661 -0.363564 -1.34523 -1.3805 -1.10293 -0.520559 0.147909 -0.240253 -0.6922 -0.512061 0.898999 -0.74221 1.27471 0.991036 0.837703 0.909033 1.19976 -0.592586 0.474861 0.388287 -0.520955 0.401809 0.429006 -0.60661 -0.710206 0.453099
SSB
 941874 647837 291602 167472 220008 307775 485551 218490 191250 87859.3 36344.8 130111 155716 86606.9 21453.3 73616 268309 179651 488879 333379 422218 501891 413613 252271 433968 349108 268652 362875 546506 308620 176534
BT
 1.53997e+06 1.11875e+06 518755 616461 510909 1.24891e+06 859783 510283 442503 285565 255390 542979 525940 475626 437989 849282 562745 1.72467e+06 1.69362e+06 1.08634e+06 1.79e+06 1.5318e+06 834558 1.50043e+06 984444 808689 1.39062e+06 1.28347e+06 857887 670231 992701
Ftot
 0.398338 0.735996 0.729488 0.920864 0.288669 0.433913 1.07511 0.205719 0.899415 1.65333 0.307034 0.99461 1.02678 2.69187 1.38428 1.08911 0.925124 0.792208 1.10127 0.936707 0.748388 1.003 0.77004 0.644745 0.664407 0.556299 0.588181 0.472221 0.477631 0.720535 0.600101
BD_Bspro_t
 0.938254 0.624822 0.361149 0.269378 0.301694 0.426035 0.471266 0.260257 0.300998 0.197359 0.122377 0.414185 0.319308 0.175461 0.0521761 0.157499 0.292422 0.208752 0.349771 0.245778 0.248156 0.277235 0.260577 0.202403 0.333007 0.335604 0.328653 0.427857 0.507091 0.376924 0.293969
BD_Bspro
 1.30313 0.896313 0.403445 0.231705 0.304392 0.425821 0.671783 0.302291 0.264604 0.121557 0.0502847 0.180015 0.21544 0.119825 0.0296817 0.101851 0.371218 0.248555 0.676386 0.461246 0.584158 0.69439 0.572253 0.349028 0.600415 0.483007 0.371693 0.502055 0.756117 0.426991 0.244243
BD_Bo
 1.58088 1.08735 0.489436 0.28109 0.36927 0.516581 0.814967 0.366721 0.321002 0.147466 0.0610024 0.218383 0.261359 0.145364 0.0360081 0.12356 0.45034 0.301533 0.820552 0.559556 0.708666 0.842393 0.694224 0.42342 0.728388 0.585956 0.450916 0.609063 0.917276 0.518 0.296301
BD_Brms
 8.8046 6.05596 2.72589 1.56552 2.05663 2.87707 4.53892 2.04243 1.7878 0.821306 0.33975 1.21628 1.45563 0.809598 0.200545 0.68816 2.50815 1.67937 4.57002 3.11642 3.94688 4.69166 3.86645 2.35822 4.05672 3.26345 2.51135 3.39214 5.10872 2.88497 1.65023
Sel_flota
 0.716522 1 1 1 1
 0.716522 1 1 1 1
 0.716522 1 1 1 1
 0.716522 1 1 1 1
 0.716522 1 1 1 1
 0.716522 1 1 1 1
 0.716522 1 1 1 1
 0.716522 1 1 1 1
 0.716522 1 1 1 1
 0.716522 1 1 1 1
 0.716522 1 1 1 1
 0.716522 1 1 1 1
 0.716522 1 1 1 1
 0.716522 1 1 1 1
 0.716522 1 1 1 1
 0.716522 1 1 1 1
 0.716522 1 1 1 1
 0.716522 1 1 1 1
 0.716522 1 1 1 1
 0.716522 1 1 1 1
 0.716522 1 1 1 1
 0.716522 1 1 1 1
 0.716522 1 1 1 1
 0.716522 1 1 1 1
 0.716522 1 1 1 1
 0.716522 1 1 1 1
 0.716522 1 1 1 1
 0.716522 1 1 1 1
 0.716522 1 1 1 1
 0.716522 1 1 1 1
 0.716522 1 1 1 1
Sel_reclas
 0.790548 1 1 1 1
 0.790548 1 1 1 1
 0.790548 1 1 1 1
 0.790548 1 1 1 1
 0.790548 1 1 1 1
 0.790548 1 1 1 1
 0.790548 1 1 1 1
 0.790548 1 1 1 1
 0.790548 1 1 1 1
 0.790548 1 1 1 1
 0.790548 1 1 1 1
 0.790548 1 1 1 1
 0.790548 1 1 1 1
 0.790548 1 1 1 1
 0.790548 1 1 1 1
 0.790548 1 1 1 1
 0.790548 1 1 1 1
 0.790548 1 1 1 1
 0.790548 1 1 1 1
 0.790548 1 1 1 1
 0.790548 1 1 1 1
 0.790548 1 1 1 1
 0.790548 1 1 1 1
 0.790548 1 1 1 1
 0.790548 1 1 1 1
 0.790548 1 1 1 1
 0.790548 1 1 1 1
 0.790548 1 1 1 1
 0.790548 1 1 1 1
 0.790548 1 1 1 1
 0.790548 1 1 1 1
Sel_pelaces
 0.5 1 1 1 1
 0.5 1 1 1 1
 0.5 1 1 1 1
 0.5 1 1 1 1
 0.5 1 1 1 1
 0.5 1 1 1 1
 0.5 1 1 1 1
 0.5 1 1 1 1
 0.5 1 1 1 1
 0.5 1 1 1 1
 0.5 1 1 1 1
 0.5 1 1 1 1
 0.5 1 1 1 1
 0.5 1 1 1 1
 0.5 1 1 1 1
 0.5 1 1 1 1
 0.5 1 1 1 1
 0.5 1 1 1 1
 0.5 1 1 1 1
 0.5 1 1 1 1
 0.5 1 1 1 1
 0.5 1 1 1 1
 0.5 1 1 1 1
 0.5 1 1 1 1
 0.5 1 1 1 1
 0.5 1 1 1 1
 0.5 1 1 1 1
 0.5 1 1 1 1
 0.5 1 1 1 1
 0.5 1 1 1 1
 0.5 1 1 1 1
pf_obs 
 0.8446 0.082 0.0669 0.0065 0
 0.8095 0.147 0.0364 0.0071 0
 0.9664 0.0169 0.016 0.0007 0
 0.9276 0.0648 0.0075 0.0001 0
 0.7033 0.2144 0.0806 0.0017 0
 0.9318 0.0425 0.0243 0.0014 0
 0.5671 0.3108 0.0964 0.0239 0.0018
 0.0768 0.2599 0.5324 0.112 0.0189
 0.490249 0.384438 0.106611 0.0170017 0.00170017
 0.7925 0.1577 0.0466 0.003 0.0002
 0.840416 0.127587 0.0312969 0.00059994 9.999e-05
 0.8084 0.0986 0.0794 0.0134 0.0002
 0.7335 0.1905 0.0724 0.0035 0.0001
 0.4001 0.4547 0.1325 0.0127 0
 0.49795 0.308269 0.164784 0.0264974 0.00249975
 0.9179 0.0499 0.0305 0.0017 0
 0.2467 0.6533 0.0926 0.0074 0
 0.9418 0.0223 0.034 0.0019 0
 0.707729 0.231977 0.0356964 0.0245975 0
 0.517169 0.277429 0.184464 0.0207286 0.00020938
 0.811772 0.124168 0.05621 0.00726502 0.000585176
 0.764997 0.148141 0.077277 0.00933861 0.000247198
 0.163321 0.427699 0.378323 0.0303852 0.000271297
 0.753843 0.0900009 0.118128 0.0371064 0.000921714
 0.721811 0.176058 0.0630433 0.0369309 0.00215725
 0.143369 0.312575 0.442814 0.0836902 0.0175525
 0.692698 0.0596174 0.167031 0.0765114 0.00414204
 0.394062 0.376323 0.152708 0.0712218 0.00568511
 0.125707 0.32114 0.495352 0.0537591 0.00404204
 0.23352 0.215282 0.420074 0.123614 0.00750983
 0.796117 0.104755 0.0508955 0.0450114 0.00322123
pf_pred 
 0.621003 0.150986 0.210237 0.0177727 8.95628e-07
 0.544931 0.323145 0.0525563 0.0731808 0.00618675
 0.683247 0.207757 0.0773983 0.012588 0.0190097
 0.806777 0.149598 0.0286131 0.0106596 0.00435178
 0.722842 0.242031 0.0271968 0.00520182 0.00272905
 0.802163 0.156821 0.0358171 0.00402473 0.00117366
 0.477234 0.449141 0.0583606 0.0133292 0.00193456
 0.495499 0.306946 0.169732 0.0220547 0.00576823
 0.583491 0.244341 0.10475 0.0579235 0.00949497
 0.798336 0.14059 0.0358285 0.0153599 0.00988582
 0.912525 0.0773195 0.0070798 0.00180425 0.00127132
 0.830858 0.158793 0.00914802 0.000837643 0.000363885
 0.726874 0.243521 0.0277931 0.00160116 0.000210301
 0.721316 0.22788 0.0452975 0.00516982 0.00033695
 0.940406 0.0514657 0.00664635 0.00132115 0.000160611
 0.958621 0.0399829 0.00120576 0.000155713 3.47153e-05
 0.468722 0.518173 0.0126624 0.00038186 6.0308e-05
 0.948149 0.0307481 0.0205819 0.000502953 1.7563e-05
 0.736067 0.255258 0.0051444 0.00344352 8.70865e-05
 0.769771 0.190341 0.0385775 0.000777482 0.000533585
 0.789404 0.178368 0.026644 0.00540009 0.000183524
 0.808368 0.164181 0.0232502 0.00347303 0.00072782
 0.38723 0.536893 0.065008 0.00920601 0.00166334
 0.841246 0.0798702 0.069116 0.0083687 0.00139925
 0.730793 0.240228 0.0145796 0.0126165 0.00178305
 0.520696 0.388225 0.0812751 0.00493262 0.00487172
 0.829534 0.106659 0.0516823 0.0108197 0.0013052
 0.73931 0.230136 0.0191169 0.00926322 0.0021732
 0.45325 0.443525 0.0911265 0.00756965 0.00452845
 0.597673 0.224087 0.144589 0.0297072 0.00394398
 0.886655 0.0795875 0.018802 0.0121317 0.0028235
pobs_RECLAS
 0 0 0 0 0
 0 0 0 0 0
 0 0 0 0 0
 0 0 0 0 0
 0 0 0 0 0
 0 0 0 0 0
 0 0 0 0 0
 0 0 0 0 0
 0 0 0 0 0
 0 0 0 0 0
 0.991045 0.00858322 0.000360255 1.14367e-05 0
 0.934742 0.0480273 0.0164251 0.00080598 0
 0.827803 0.169806 0.00239088 0 0
 0.941827 0.0461693 0.0120037 0 0
 0.791401 0.0380133 0.147996 0.0225897 0
 0.846168 0.0940531 0.0597789 0 0
 0.134021 0.677848 0.182769 0.00536245 0
 0.80878 0.0450904 0.141981 0.00414843 0
 0.846168 0.0940531 0.0597789 0 0
 0.905697 0.0802665 0.012482 0.00150086 5.37128e-05
 0.989698 0.0102097 9.19794e-05 0 0
 0.975433 0.0193895 0.00387452 0.00125025 5.28907e-05
 0.303575 0.632131 0.0575291 0.00676475 0
 0.966965 0.00978017 0.0227588 0.000495775 0
 0.843318 0.132988 0.00938335 0.0141283 0.000182051
 0.564624 0.303363 0.111486 0.0197234 0.00080311
 0.826376 0.0876187 0.0782897 0.00655872 0.00115652
 0.89761 0.0855135 0.0140674 0.00269457 0.000114338
 0.34875 0.467042 0.161289 0.0227151 0.000203297
 0.318654 0.224769 0.449479 0.00709798 0
 0.937255 0.0296025 0.0250945 0.00804832 0
ppred_RECLAS
 0.64666 0.140765 0.196005 0.0165695 8.34998e-07
 0.575837 0.301199 0.0489869 0.0682107 0.00576657
 0.709696 0.190409 0.0709355 0.0115369 0.0174224
 0.827002 0.13394 0.0256182 0.00954388 0.00389628
 0.743686 0.223829 0.0251514 0.00481062 0.00252381
 0.819332 0.143212 0.0327087 0.00367545 0.0010718
 0.513308 0.418148 0.0543334 0.0124094 0.00180107
 0.521462 0.29115 0.160997 0.0209196 0.00547138
 0.615678 0.225458 0.096655 0.0534473 0.00876121
 0.826435 0.121 0.0308363 0.0132197 0.00850835
 0.920716 0.0700798 0.0064169 0.00163531 0.00115228
 0.849575 0.141221 0.0081357 0.00074495 0.000323617
 0.75404 0.2193 0.0250288 0.0014419 0.000189384
 0.773646 0.185089 0.0367917 0.00419905 0.000273679
 0.948994 0.0440488 0.00568852 0.00113075 0.000137464
 0.964013 0.0347727 0.00104864 0.000135422 3.01915e-05
 0.502572 0.485159 0.0118557 0.00035753 5.64656e-05
 0.954109 0.027214 0.0182162 0.000445144 1.55443e-05
 0.763435 0.228789 0.00461097 0.00308645 7.80563e-05
 0.793021 0.171119 0.0346816 0.000698966 0.0004797
 0.809607 0.161257 0.024088 0.00488205 0.000165918
 0.829132 0.146391 0.020731 0.00309672 0.00064896
 0.417815 0.510095 0.0617632 0.00874652 0.00158032
 0.856756 0.0720671 0.0623636 0.00755111 0.00126255
 0.754109 0.219421 0.0133168 0.0115237 0.00162861
 0.549807 0.364646 0.0763388 0.00463304 0.00457583
 0.84564 0.0965817 0.0467994 0.00979748 0.00118189
 0.760585 0.211356 0.0175568 0.00850728 0.00199585
 0.481552 0.420567 0.0864095 0.00717782 0.00429404
 0.627266 0.207604 0.133954 0.0275221 0.00365388
 0.898077 0.0715676 0.0169074 0.0109092 0.00253898
pobs_PELACES
 0 0 0 0 0
 0 0 0 0 0
 0 0 0 0 0
 0 0 0 0 0
 0 0 0 0 0
 0 0 0 0 0
 0 0 0 0 0
 0 0 0 0 0
 0 0 0 0 0
 0 0 0 0 0
 0 0 0 0 0
 0 0 0 0 0
 0 0 0 0 0
 0 0 0 0 0
 0 0 0 0 0
 0 0 0 0 0
 0.505614 0.472636 0.0217494 0 0
 0 0 0 0 0
 0.443492 0.261883 0.143347 0.151278 0
 0.227955 0.32914 0.350689 0.0885471 0.00366901
 0.970185 0.0296113 0.000203453 0 0
 0.997202 0.00247181 0.000326279 0 0
 0.445219 0.490057 0.0546422 0.010081 0
 0.90214 0.0892962 0.00764917 0.000914606 0
 0 0 0 0 0
 0.581667 0.319106 0.0959925 0.00289975 0.000334073
 0.762889 0.0836404 0.116647 0.0363945 0.000428098
 0.88444 0.0763242 0.0277011 0.0115352 0
 0.521256 0.241999 0.230069 0.00667565 0
 0.616807 0.101726 0.260614 0.0208532 0
 0.833518 0.0704572 0.0857862 0.0102388 0
ppred_PELACES
 0.545755 0.180964 0.251979 0.0213014 1.07345e-06
 0.479122 0.369876 0.0601566 0.0837637 0.00708143
 0.623407 0.247006 0.0920204 0.0149662 0.0226011
 0.767197 0.180242 0.0344743 0.0128431 0.00524321
 0.653418 0.302655 0.0340091 0.00650479 0.00341263
 0.749191 0.198811 0.0454073 0.00510238 0.00148791
 0.424506 0.494443 0.0642471 0.0146737 0.00212969
 0.412662 0.357346 0.197601 0.0256759 0.00671535
 0.524297 0.279066 0.119637 0.0661556 0.0108444
 0.77853 0.154398 0.0393474 0.0168684 0.0108567
 0.883161 0.103274 0.00945636 0.0024099 0.00169808
 0.796765 0.1908 0.0109919 0.00100648 0.00043723
 0.680965 0.284454 0.0324649 0.00187029 0.00024565
 0.735501 0.21628 0.0429918 0.00490667 0.000319799
 0.930529 0.0599955 0.0077479 0.00154011 0.00018723
 0.949392 0.0489003 0.00147468 0.000190443 4.24579e-05
 0.410648 0.574815 0.0140466 0.000423602 6.69004e-05
 0.934042 0.0391141 0.0261818 0.000639797 2.23415e-05
 0.693495 0.296431 0.0059742 0.00399896 0.000101134
 0.725665 0.226805 0.0459678 0.000926425 0.000635805
 0.742566 0.218039 0.0325698 0.0066011 0.00022434
 0.771217 0.19601 0.0277577 0.00414633 0.000868921
 0.327871 0.588902 0.0713053 0.0100978 0.00182447
 0.800719 0.100259 0.0867598 0.010505 0.00175645
 0.673638 0.29123 0.0176749 0.0152951 0.0021616
 0.448635 0.446592 0.0934944 0.00567422 0.00560415
 0.785449 0.134242 0.0650481 0.0136179 0.00164274
 0.677421 0.284772 0.0236554 0.0114624 0.00268913
 0.380539 0.502509 0.103245 0.00857633 0.00513068
 0.532402 0.260441 0.168046 0.0345267 0.00458382
 0.854961 0.101842 0.0240595 0.0155241 0.00361302
pobs_pel_tallas
 0 0 0 0 0 0 0 0 0 0 0 0 0 0 0 0 0 0 0 0 0 0 0 0 0 0
 0 0 0 0 0 0 0 0 0 0 0 0 0 0 0 0 0 0 0 0 0 0 0 0 0 0
 0 0 0 0 0 0 0 0 0 0 0 0 0 0 0 0 0 0 0 0 0 0 0 0 0 0
 0 0 0 0 0 0 0 0 0 0 0 0 0 0 0 0 0 0 0 0 0 0 0 0 0 0
 0 0 0 0 0 0 0 0 0 0 0 0 0 0 0 0 0 0 0 0 0 0 0 0 0 0
 0 0 0 0 0 0 0 0 0 0 0 0 0 0 0 0 0 0 0 0 0 0 0 0 0 0
 0 0 0 0 0 0 0 0 0 0 0 0 0 0 0 0 0 0 0 0 0 0 0 0 0 0
 0 0 0 0 0 0 0 0 0 0 0 0 0 0 0 0 0 0 0 0 0 0 0 0 0 0
 0 0 0 0 0 0 0 0 0 0 0 0 0 0 0 0 0 0 0 0 0 0 0 0 0 0
 0 0 0 0 0 0 0 0 0 0 0 0 0 0 0 0 0 0 0 0 0 0 0 0 0 0
 0 0 0 0 0 0 0 0 0 0 0 0 0 0 0 0 0 0 0 0 0 0 0 0 0 0
 0 0 0 0 0 0 0 0 0 0 0 0 0 0 0 0 0 0 0 0 0 0 0 0 0 0
 0.00862536 0 0 0.000197151 0.00414017 0.0128641 0.00837892 0.0270097 0.101434 0.158115 0.152841 0.127902 0.109271 0.109419 0.0830992 0.0579132 0.0238553 0.00714673 0.00463305 0.00128148 0.00103504 0.000492878 0.000147863 0.000147863 4.92878e-05 0
 0 0 0 0 0 0 0 0 0 0 0 0 0 0 0 0 0 0 0 0 0 0 0 0 0 0
 0 0 0 0 0 0 0 0.0054083 0.00873648 0.0413646 0.0450493 0.0745869 0.0622846 0.0627006 0.0613931 0.0827291 0.12552 0.122667 0.0946155 0.0697135 0.0546179 0.0294188 0.0215738 0.0213955 0.0102223 0.00600262
 0 0 0 0 0.00359764 0.0251062 0.0480494 0.140153 0.205849 0.193036 0.1447 0.116669 0.0760912 0.0342217 0.00950174 0.001854 0.000860785 0 0 0 0.000165536 0 0.000143464 0 0 0
 0 0 0 0 0 0 0 0.000145254 0.000435761 0.0275982 0.070085 0.0708112 0.156366 0.174668 0.174014 0.160142 0.0824315 0.0480064 0.0283245 0.00493863 0.00203355 0 0 0 0 0
 0 0 0 0 0 0 0 0 0 0 0 0 0 0 0 0 0 0 0 0 0 0 0 0 0 0
 0 0 1.00437e-05 0.000401748 0.00122533 0.00171747 0.00176769 0.0269171 0.070346 0.194647 0.189555 0.159765 0.064822 0.0314167 0.0384472 0.0292271 0.0345202 0.0313363 0.0194345 0.0106764 0.0143323 0.0359363 0.0279516 0.0138201 0.00172751 0
 0 0.0021121 0.0136068 0.0755702 0.200478 0.177729 0.0527432 0.0373336 0.0318909 0.0142505 0.0149659 0.0166563 0.0217959 0.0798694 0.0677717 0.0528807 0.04013 0.0224614 0.0357745 0.0225083 0.00881397 0.00855152 0.00135912 0.000746735 0 0
 0 0 0 0 5.4009e-05 0.00500934 0.000945158 0.0243581 0.138947 0.33067 0.221406 0.137944 0.0707744 0.0437923 0.0131692 0.00525238 0.0047753 0.00276346 9.45158e-05 9.00151e-06 2.25038e-05 9.00151e-06 4.50075e-06 0 0 0
 0.000866109 0.00284123 0.00948549 0.0512746 0.133035 0.25785 0.225252 0.132002 0.0553304 0.0519788 0.0540692 0.017754 0.00435017 0.00159236 0.00146478 0.000404838 0.000125132 0.000115318 0.000107957 0.000100596 0 0 0 0 0 0
 0 0 0 0 0.00144013 0.00171154 0.00461396 0.0210425 0.0478622 0.0707936 0.0888783 0.103762 0.0637923 0.0337046 0.0602308 0.124433 0.169614 0.0934646 0.0462172 0.0250306 0.0313229 0.00938855 0.002487 0.000210481 0 0
 0 0.00764035 0.051015 0.0998891 0.058973 0.0496711 0.0374665 0.0718981 0.12319 0.153886 0.159021 0.0857701 0.0377988 0.023471 0.0147837 0.00900784 0.00315554 0.000888139 0.00291439 0.00214683 0.00393193 0.00274676 0.000635225 9.99891e-05 0 0
 0 0 0 0 0 0 0 0 0 0 0 0 0 0 0 0 0 0 0 0 0 0 0 0 0 0
 0 0 0 0 0 0 0 0 0 0 0 0 0 0 0 0 0 0 0 0 0 0 0 0 0 0
 0 0 0 0 0 0 0 0 0 0 0 0 0 0 0 0 0 0 0 0 0 0 0 0 0 0
 0 0 0 0 0 0 0 0 0 0 0 0 0 0 0 0 0 0 0 0 0 0 0 0 0 0
 0 0 0 0 0 0 0 0 0 0 0 0 0 0 0 0 0 0 0 0 0 0 0 0 0 0
 0 0 0 0 0 0 0 0 0 0 0 0 0 0 0 0 0 0 0 0 0 0 0 0 0 0
 0 0 0 0 0 0 0 0 0 0 0 0 0 0 0 0 0 0 0 0 0 0 0 0 0 0
ppred_pel_tallas
 1.09455e-16 4.49532e-05 0.000436961 0.00290376 0.0132001 0.0410704 0.0875056 0.127721 0.127738 0.0875927 0.041364 0.0140525 0.00506045 0.00520126 0.00925763 0.0156615 0.0235507 0.0316811 0.0387361 0.043986 0.0474997 0.0496681 0.0505193 0.0495187 0.046034 0.0399957
 1.1143e-16 3.94647e-05 0.000383611 0.00254923 0.0115885 0.0360562 0.0768229 0.112133 0.112168 0.0769973 0.0366419 0.0132808 0.00679944 0.00966973 0.0177 0.0292676 0.0423295 0.0536236 0.0598812 0.059679 0.0543103 0.0468783 0.0403395 0.0360164 0.0334654 0.0313791
 1.08045e-16 5.13492e-05 0.000499133 0.00331691 0.0150782 0.0469141 0.0999563 0.145894 0.145918 0.100073 0.0473066 0.0162133 0.00617086 0.00674479 0.0119586 0.0198088 0.0288132 0.0368318 0.04171 0.0424551 0.0397862 0.0355449 0.0314672 0.0283042 0.0258164 0.0233668
 1.03217e-16 6.31931e-05 0.000614259 0.00408197 0.018556 0.0577348 0.123011 0.179542 0.179559 0.123096 0.0580202 0.0193805 0.00615244 0.00513704 0.00866149 0.0142424 0.0205662 0.0259822 0.0288536 0.0284319 0.0252937 0.0209268 0.0168091 0.0137038 0.0115802 0.0100011
 1.02289e-16 5.38213e-05 0.000523162 0.0034766 0.0158041 0.0491726 0.104769 0.152919 0.152948 0.104911 0.0496509 0.0171854 0.00694305 0.00808806 0.0144138 0.0237251 0.0341274 0.0428225 0.0469925 0.0453349 0.0388362 0.0301036 0.0218152 0.0154915 0.0112925 0.00860036
 1.02125e-16 6.17099e-05 0.000599842 0.00398616 0.0181205 0.0563798 0.120124 0.175328 0.175348 0.120218 0.0566948 0.0190305 0.0062715 0.00559281 0.00955606 0.0157309 0.0227251 0.0287213 0.0319011 0.0314106 0.0278429 0.0227933 0.0178669 0.0139251 0.0110112 0.0087605
 1.03813e-16 3.49661e-05 0.000339883 0.00225865 0.0102675 0.0319463 0.0680667 0.0993553 0.099403 0.0682995 0.032728 0.0125251 0.00792503 0.012708 0.0235193 0.0388135 0.055877 0.0701976 0.07719 0.0747276 0.0643997 0.0504158 0.0370837 0.0268247 0.0198693 0.015224
 1.09506e-16 3.39905e-05 0.0003304 0.00219562 0.00998101 0.0310548 0.0661668 0.0965797 0.0966144 0.0663364 0.0316247 0.0116301 0.00634639 0.0094286 0.0174216 0.0290305 0.0424748 0.0547847 0.0629045 0.065352 0.0629579 0.0580148 0.0525995 0.0474793 0.0422758 0.0363817
 1.11994e-16 4.31857e-05 0.00041978 0.00278959 0.0126811 0.0394557 0.0840656 0.122702 0.122729 0.0841978 0.0399001 0.0139664 0.00602333 0.00750359 0.0135695 0.0225582 0.0329521 0.0424228 0.0486271 0.0505155 0.0489076 0.0457817 0.0428704 0.0407043 0.0386955 0.0359185
 1.04704e-16 6.41265e-05 0.000623333 0.00414226 0.0188301 0.0585876 0.124828 0.182193 0.182208 0.124901 0.0588325 0.0195378 0.00592025 0.00451037 0.00746332 0.0122823 0.0177959 0.0226144 0.025371 0.0254521 0.0233542 0.0203142 0.0175183 0.0155108 0.0141543 0.012992
 1.00829e-16 7.27449e-05 0.000707106 0.00469897 0.0213608 0.0664615 0.141604 0.206677 0.206687 0.141652 0.0666247 0.0218319 0.0058811 0.00328641 0.00496749 0.00808718 0.0116196 0.0145632 0.0159515 0.0153412 0.0130757 0.0100563 0.00721061 0.00506732 0.00368181 0.0028333
 1.00541e-16 6.56285e-05 0.000637932 0.00423929 0.0192712 0.0599599 0.127752 0.186461 0.186479 0.127841 0.0602611 0.0201407 0.0064205 0.00539516 0.00908748 0.0148854 0.0213559 0.0266848 0.0290699 0.0276786 0.0231481 0.0171712 0.0115132 0.00721595 0.00444239 0.00282238
 1.01239e-16 5.60902e-05 0.000545217 0.00362316 0.0164704 0.0512456 0.109185 0.159365 0.159392 0.109319 0.0516951 0.0177685 0.00688078 0.00765399 0.013549 0.0222893 0.0320518 0.0401942 0.0440558 0.0423967 0.0361284 0.0276932 0.0196159 0.0133548 0.00911049 0.00636037
 1.01843e-16 6.05823e-05 0.000588882 0.00391333 0.0177894 0.0553496 0.117929 0.172125 0.172146 0.118031 0.055692 0.0187786 0.00639706 0.00601363 0.0103711 0.0170698 0.0246299 0.0310655 0.0343863 0.0336584 0.029538 0.0237903 0.0182052 0.0137651 0.010547 0.0081591
 1.00426e-16 7.66465e-05 0.000745031 0.00495099 0.0225065 0.0700261 0.149198 0.21776 0.217766 0.149226 0.0701209 0.0227804 0.00563851 0.00224564 0.00292587 0.00471382 0.00677831 0.00851351 0.00935799 0.00905286 0.00779045 0.00608167 0.00445014 0.0031915 0.0023361 0.00176572
 1.00082e-16 7.82002e-05 0.000760134 0.00505135 0.0229627 0.0714456 0.152223 0.222174 0.222179 0.152246 0.0715227 0.0231854 0.00560989 0.00197797 0.00238678 0.00381073 0.00545523 0.00680365 0.00738818 0.00699489 0.0057899 0.0042137 0.00272777 0.00160756 0.000899306 0.000506884
 1.00607e-16 3.38246e-05 0.000328787 0.00218491 0.00993232 0.0309034 0.0658451 0.0961144 0.0961697 0.0661152 0.0318101 0.0125496 0.00874909 0.0146403 0.0271604 0.0447075 0.0640686 0.0798697 0.0866562 0.0819111 0.067591 0.0488894 0.0312572 0.0179627 0.00957476 0.00497474
 1.00834e-16 7.69358e-05 0.000747843 0.00496968 0.0225915 0.0702904 0.149761 0.218582 0.218586 0.14978 0.0703529 0.0227724 0.00542539 0.00174762 0.00199012 0.00320572 0.00469694 0.00608485 0.00703196 0.00736995 0.00717371 0.00666981 0.0060611 0.0054191 0.00471139 0.00390189
 1.00667e-16 5.71223e-05 0.000555249 0.00368983 0.0167734 0.0521885 0.111194 0.162297 0.162326 0.111334 0.0526561 0.0181231 0.00707486 0.00793544 0.0140459 0.0230583 0.0330419 0.0411964 0.0447118 0.0422979 0.0349733 0.0254228 0.0164563 0.00974558 0.00555837 0.00328709
 1.01586e-16 5.97721e-05 0.000581007 0.00386099 0.0175515 0.0546094 0.116352 0.169824 0.169846 0.116459 0.0549685 0.0185888 0.00646552 0.00626948 0.0108711 0.0178974 0.0258206 0.0325577 0.0360154 0.0352065 0.0308108 0.0246751 0.0186815 0.0138772 0.0103706 0.00778088
 1.01696e-16 6.11642e-05 0.000594538 0.00395092 0.0179603 0.0558813 0.119062 0.173779 0.1738 0.119164 0.0562261 0.0189563 0.00645115 0.00605284 0.0104282 0.0171448 0.0246952 0.03106 0.0342196 0.0332353 0.0287962 0.0227361 0.0169263 0.0124113 0.00928521 0.00712272
 1.01415e-16 6.35242e-05 0.000617478 0.00410336 0.0186533 0.0580374 0.123655 0.180483 0.180502 0.123748 0.0583473 0.0195485 0.00635032 0.00552237 0.00937804 0.015401 0.0221735 0.0278692 0.0306674 0.0297219 0.0256544 0.0201223 0.0148223 0.0107102 0.00788368 0.00596505
 1.0353e-16 2.70064e-05 0.000262512 0.00174449 0.00793022 0.0246741 0.052573 0.0767437 0.0768004 0.0528502 0.0256049 0.0106183 0.00849079 0.0149859 0.0279777 0.0461789 0.0664446 0.0833927 0.0915398 0.0883359 0.0756718 0.0585861 0.0422626 0.0296587 0.0211228 0.015523
 1.03881e-16 6.59542e-05 0.000641098 0.00426033 0.0193668 0.0602574 0.128385 0.187384 0.187394 0.128433 0.0604184 0.0198331 0.00543635 0.00322664 0.00502989 0.00835051 0.0123475 0.0162034 0.0191092 0.0206581 0.0210145 0.020664 0.0199743 0.0189596 0.0174074 0.0151796
 1.02485e-16 5.54867e-05 0.000539351 0.00358418 0.0162932 0.0506942 0.10801 0.15765 0.157678 0.108147 0.0511541 0.0176208 0.0069152 0.0078057 0.0138402 0.0227531 0.03268 0.0409087 0.0447205 0.0428774 0.0363761 0.0277995 0.0198012 0.0138856 0.0101856 0.0080232
 1.0433e-16 3.69536e-05 0.000359202 0.00238702 0.0108511 0.033762 0.0719351 0.105 0.105044 0.0721457 0.0344691 0.012894 0.00751716 0.011565 0.0213382 0.0352676 0.050914 0.0642558 0.0711949 0.0698057 0.0614368 0.0497184 0.0383265 0.0292712 0.0227007 0.0178038
 1.03556e-16 6.46964e-05 0.000628872 0.00417908 0.0189975 0.0591083 0.125937 0.183811 0.183824 0.126001 0.0593221 0.0196161 0.00573542 0.00403835 0.00657504 0.0108593 0.0158513 0.0203818 0.023292 0.0240309 0.0229362 0.0209142 0.0187955 0.0169029 0.015094 0.0131031
 1.02361e-16 5.57983e-05 0.000542379 0.0036043 0.0163847 0.0509789 0.108617 0.158535 0.158563 0.108751 0.0514287 0.0176835 0.00686344 0.00765321 0.0135492 0.0222819 0.0320247 0.0401317 0.0439481 0.0422581 0.0360167 0.0277185 0.0199249 0.0140873 0.0103415 0.00805651
 1.04837e-16 3.13446e-05 0.00030468 0.00202471 0.00920407 0.0286375 0.0610171 0.0890664 0.0891149 0.061254 0.0294331 0.0115026 0.00779662 0.012912 0.0239957 0.0396734 0.0572698 0.0722657 0.0800501 0.0784579 0.069012 0.0558048 0.0429799 0.0328022 0.0254346 0.019955
 1.09155e-16 4.38533e-05 0.00042627 0.00283272 0.0128771 0.0400657 0.0853651 0.124598 0.124623 0.0854889 0.0404819 0.0140822 0.00586789 0.0070862 0.0127924 0.021341 0.0313503 0.0407048 0.0472402 0.049911 0.049291 0.046931 0.0441454 0.0412668 0.0378389 0.0333479
 1.02889e-16 7.0422e-05 0.000684527 0.00454893 0.0206788 0.0643394 0.137082 0.200077 0.200087 0.13713 0.0645008 0.0211454 0.00572124 0.00324717 0.00494775 0.00809611 0.0117233 0.0148889 0.0166891 0.01672 0.0153121 0.0132846 0.0114212 0.0100787 0.00916129 0.00836324
pSPR Fmed_Fpbrs
0.557323   0.229551 0.229551
Fs Fmed_Fpbrs
0.34   1.005 1.005
SSBpbr Bo_Bmed_Bpbrs
595793  302259  106975 106975
Ro
101262
SPR SPRFo_SPRFmed_SPRFpbrs
722780 402822 165915
Fref
1.005
Nvult_r0
 130781 9455.5 2233.8 1441.33 335.45
CTP_r0
 54750.2 4739.54 1119.68 722.461 168.143
YTP_r0
583137
Np
 119542 21403.7 5133.71 297.045 79.6247
Nvult_p0
 98138.4 18521.5 4442.4 257.045 68.9024
CTP_p0
 41084.7 16536 956.8 226.038 175.291
 41084.7 9283.83 2226.74 128.843 34.5371
YTP_p0
 634620 530632
CBA_c0
598582
log_Ro
11.3455
likeval ReclasPelacesDesembMPH_pf_preclas_ppelaces_ptallas_desvR_qrecl_qpela
 12.0719 17.3919 0.0178552 33.8201 229.266 121.299 108.297 0 22.5013 7.06726e-05 0.000164845 0.0454114 0 0 0
q_reclas_q_pelaces
3.28343 6.14559
M
1
N
 150804 27458.7 38234.2 3232.18 0.162881
 90860.4 41702.5 6782.48 9444.11 798.411
 83869.5 19726.6 7349 1195.24 1804.98
 125398 18293.9 3499.01 1303.53 532.166
 96208.9 23847.3 2679.7 512.536 268.894
 195855 28780.1 6573.21 738.625 215.391
 70397 52797.7 6860.44 1566.88 227.413
 26376.7 11986.9 6628.36 861.277 225.261
 25462.7 8373.55 3589.78 1985.04 325.393
 33608.5 4917.32 1253.15 537.233 345.77
 60168.9 3781.53 346.258 88.2421 62.1776
 117404 17763.7 1023.36 93.705 40.7068
 79635.6 21178 2417.06 139.246 18.289
 50679.1 14037.8 2790.4 318.47 20.7567
 60682.4 2709.4 349.895 69.5514 8.45529
 248816 8279.5 249.684 32.2445 7.1887
 48207 41944.2 1024.98 30.9101 4.88171
 362282 9139.75 6117.88 149.501 5.22052
 272803 75549.5 1522.61 1019.19 25.7753
 234023 45589 9239.78 186.216 127.8
 251325 44002.5 6572.92 1332.17 45.2742
 336121 54082.5 7658.82 1144.04 239.75
 55987.5 60268 7297.36 1033.41 186.716
 162809 11862.4 10265.2 1242.93 207.819
 149307 37735.5 2290.18 1981.82 280.085
 60145.1 34121.9 7143.44 433.539 428.185
 151339 14852.4 7196.83 1506.66 181.751
 155512 36528 3034.29 1470.29 344.937
 55207.8 40787 8380.08 696.113 416.441
 49774.8 14423.7 9306.68 1912.15 253.86
 159304 10926.9 2581.41 1665.62 387.651
pred_Ctot
 24225.2 5889.93 8201.29 693.308 0.0349382
 24560.7 14564.6 2368.78 3298.35 278.845
 22510.1 6844.69 2549.94 414.722 626.29
 40368.8 7485.46 1431.72 533.376 217.75
 11556.5 3869.49 434.811 83.1646 43.631
 33929 6633.06 1514.95 170.234 49.642
 25416.4 23920.2 3108.15 709.884 103.03
 2312.79 1432.7 792.241 102.942 26.9238
 8051.62 3371.67 1445.45 799.289 131.022
 16174 2848.3 725.875 311.186 200.283
 7646.73 647.918 59.327 15.1192 10.6533
 40041 7652.61 440.865 40.368 17.5365
 27804.8 9315.28 1063.16 61.2482 8.04452
 31591 9980.31 1983.87 226.419 14.7572
 26094.5 1428.08 184.424 36.6594 4.45664
 90676.1 3781.99 114.053 14.729 3.28372
 15573.4 17216.4 420.712 12.6874 2.00375
 103825 3366.99 2253.77 55.0746 1.92319
 100214 34752.8 700.4 468.827 11.8566
 76315.4 18870.5 3824.59 77.0799 52.8999
 68849.3 15556.7 2323.8 470.978 16.0063
 115349 23427.6 3317.67 495.58 103.856
 15689.4 21753.3 2633.93 373 67.3936
 39522.3 3752.36 3247.12 393.167 65.7377
 37149.6 12211.9 741.146 641.354 90.6405
 12908.4 9624.36 2014.87 122.283 120.773
 34040.4 4376.81 2120.82 443.995 53.5597
 29004.1 9028.56 749.981 363.409 85.2575
 10398.9 10175.7 2090.7 173.67 103.896
 13227.3 4959.36 3199.96 657.463 87.2859
 36438 3270.73 772.688 498.567 116.035
F
 0.285418 0.398338 0.398338 0.398338 0.398338
 0.527358 0.735996 0.735996 0.735996 0.735996
 0.522694 0.729488 0.729488 0.729488 0.729488
 0.659819 0.920864 0.920864 0.920864 0.920864
 0.206838 0.288669 0.288669 0.288669 0.288669
 0.310908 0.433913 0.433913 0.433913 0.433913
 0.77034 1.07511 1.07511 1.07511 1.07511
 0.147402 0.205719 0.205719 0.205719 0.205719
 0.644451 0.899415 0.899415 0.899415 0.899415
 1.18465 1.65333 1.65333 1.65333 1.65333
 0.219996 0.307034 0.307034 0.307034 0.307034
 0.71266 0.99461 0.99461 0.99461 0.99461
 0.73571 1.02678 1.02678 1.02678 1.02678
 1.92879 2.69187 2.69187 2.69187 2.69187
 0.99187 1.38428 1.38428 1.38428 1.38428
 0.780374 1.08911 1.08911 1.08911 1.08911
 0.662872 0.925124 0.925124 0.925124 0.925124
 0.567634 0.792208 0.792208 0.792208 0.792208
 0.789085 1.10127 1.10127 1.10127 1.10127
 0.671172 0.936707 0.936707 0.936707 0.936707
 0.536237 0.748388 0.748388 0.748388 0.748388
 0.71867 1.003 1.003 1.003 1.003
 0.551751 0.77004 0.77004 0.77004 0.77004
 0.461974 0.644745 0.644745 0.644745 0.644745
 0.476062 0.664407 0.664407 0.664407 0.664407
 0.398601 0.556299 0.556299 0.556299 0.556299
 0.421445 0.588181 0.588181 0.588181 0.588181
 0.338357 0.472221 0.472221 0.472221 0.472221
 0.342233 0.477631 0.477631 0.477631 0.477631
 0.516279 0.720535 0.720535 0.720535 0.720535
 0.429985 0.600101 0.600101 0.600101 0.600101
YTP_r0W_actual
 454426 66827.5 30903.3 24708.2 6271.74
YTP_p0W_proyectada
 309778 288553 23030.2 7079.5 6179
 309778 162003 53597.6 4035.36 1217.43
CTP_r0_actual
 54750.2 4739.54 1119.68 722.461 168.143
CTP_p0_proyectada
 41084.7 16536 956.8 226.038 175.291
 41084.7 9283.83 2226.74 128.843 34.5371
Wmedp
 7.54 17.45 24.07 31.32 35.25
Frms_r0
 0.720105 1.005 1.005 1.005 1.005
Zrms_r0
 1.7201 2.005 2.005 2.005 2.005
nmprior
 7.29 8.9 8.7 0
nm_flota  nm_reclas  nm_pelaces    nm_pelaL
inf 12.8585 10.6871 21.7529
cv_recla  cv_pelaces  cv_mph
0.314277 0.472874 0.806466
 ------------------------------------------------
Talla a la edad & desviaci?n 
 8 13.2811 15.8009 17.003 17.5766
 0.8 1.32811 1.58009 1.7003 1.75766
