years
 1991 1992 1993 1994 1995 1996 1997 1998 1999 2000 2001 2002 2003 2004 2005 2006 2007 2008 2009 2010 2011 2012 2013 2014 2015 2016 2017 2018 2019
reclasobs
 0 0 0 0 0 0 0 0 0 252601 567819 844713 477998 351125 339783 2.1784e+06 2.13404e+06 4.81314e+06 1.55562e+06 2.62356e+06 3.21686e+06 3.843e+06 1.13348e+06 3.07943e+06 1.97215e+06 2.03268e+06 2.025e+06 2.42433e+06 2.27542e+06
reclaspred
 3.42877e+06 2.34876e+06 1.66626e+06 1.75705e+06 1.84068e+06 2.12857e+06 1.7566e+06 2.50268e+06 2.64068e+06 2.81295e+06 2.06557e+06 2.0724e+06 1.89778e+06 1.76737e+06 1.82874e+06 1.84578e+06 1.92082e+06 2.21101e+06 1.21986e+06 874229 1.38715e+06 840744 1.1096e+06 1.73487e+06 1.54653e+06 1.90341e+06 2.06539e+06 1.73316e+06 2.0728e+06
pelacesobs
 0 0 0 0 0 0 0 0 0 0 0 0 0 0 0 552880 188675 0 991730 2.46772e+06 1.41603e+06 1.21717e+06 2.29649e+06 1.80582e+06 0 1.4828e+06 1.56532e+06 1.57751e+06 1.42118e+06
pelacespred
 1.62783e+06 1.19857e+06 828139 752844 858306 976759 814388 1.29254e+06 1.44069e+06 1.43468e+06 1.1801e+06 987656 953028 967115 1.00754e+06 866528 866043 942543 578153 361572 535088 345328 500099 843434 758809 918773 1.10973e+06 934005 936023
mphobs
 0 0 0 0 0 0 0 0 0 0 0 0 498337 0 5186 125008 0 168611 109162 213762 579715 649985 157893 87575 83554 210694 70296 0 107559
mphpred
 3.18783e+06 2.31648e+06 1.58793e+06 1.28278e+06 1.44373e+06 1.57502e+06 1.60149e+06 1.44811e+06 2.08169e+06 2.38713e+06 1.92071e+06 1.74071e+06 1.62307e+06 1.38973e+06 1.34736e+06 1.67519e+06 1.38936e+06 1.73798e+06 1.22413e+06 686062 780566 747335 488743 957547 1.34673e+06 1.12709e+06 1.53674e+06 1.4206e+06 1.58596e+06
desembarqueobs
 494567 514787 250237 358949 120608 361735 552515 73892 212993 205616 52469 317467 293654 387597 252695 516296 358380 742168 942051 627588 828172 859565 418607 520667 417249 300574 415391 372974 316634
desembarquepred
 494425 505431 261020 358669 120526 361449 552048 73845.6 212891 205528 52439 317411 293603 387645 252602 515941 358058 740609 937580 624816 825464 856135 418185 520309 416947 300380 415069 372659 316407
Reclutas
 282150 282150 282150 282150 282150 282150 282150 282150 282150 282150 282150 282150 282150 282150 282150 282150 282150 282150 282150 282150 282150 282150 282150 282150 282150 282150 282150 282150 282150
log_desv_Rt
 0 0 0 0 0 0 0 0 0 0 0 0 0 0 0 0 0 0 0 0 0 0 0 0 0 0 0 0 0
SSB
 3.18783e+06 2.31648e+06 1.58793e+06 1.28278e+06 1.44373e+06 1.57502e+06 1.60149e+06 1.44811e+06 2.08169e+06 2.38713e+06 1.92071e+06 1.74071e+06 1.56818e+06 1.37305e+06 1.31721e+06 1.63342e+06 1.38936e+06 1.73798e+06 1.26628e+06 709079 830354 853498 567168 1.06097e+06 1.39834e+06 1.23569e+06 1.5926e+06 1.4206e+06 1.64137e+06
BT
 4.50091e+06 3.62642e+06 2.3597e+06 2.42721e+06 2.41664e+06 3.13798e+06 2.70357e+06 4.33107e+06 4.50463e+06 4.10242e+06 3.25028e+06 2.96544e+06 2.98439e+06 3.44317e+06 3.469e+06 2.84552e+06 2.83396e+06 3.30112e+06 2.70409e+06 1.68511e+06 2.44589e+06 1.86164e+06 2.14321e+06 3.334e+06 2.49892e+06 3.17817e+06 3.8735e+06 3.21761e+06 2.81777e+06
Ftot
 0.13683 0.203049 0.148514 0.192921 0.0625318 0.160926 0.294307 0.0282581 0.076938 0.0697321 0.0243161 0.145285 0.146774 0.207263 0.13134 0.262513 0.176529 0.313071 0.692593 0.649945 0.545817 0.89755 0.352912 0.282 0.253516 0.149808 0.190126 0.203325 0.144815
BD_Bspro_t
 0.978345 0.861145 0.767634 0.753335 0.758653 0.811873 0.775873 0.717807 0.839678 0.874475 0.877778 0.902777 0.838836 0.792794 0.774107 0.789529 0.70557 0.741062 0.612054 0.44533 0.4327 0.420757 0.357791 0.541183 0.633483 0.657481 0.748197 0.749627 0.768997
BD_Bspro
 1.58975 1.15521 0.79189 0.639713 0.719977 0.785454 0.79865 0.722163 1.03812 1.19044 0.957843 0.868078 0.782039 0.684733 0.656886 0.814577 0.692866 0.866717 0.631485 0.353613 0.414092 0.425633 0.282843 0.529096 0.697343 0.616228 0.794218 0.708443 0.81854
BD_Bo
 1.15106 0.836435 0.57337 0.463186 0.521302 0.56871 0.578265 0.522884 0.751656 0.861943 0.693529 0.628534 0.566237 0.495782 0.47562 0.589797 0.501672 0.627549 0.457229 0.256034 0.299824 0.308181 0.204793 0.383093 0.504913 0.446181 0.575056 0.51295 0.592666
BD_Brms
 4.88389 3.54895 2.43278 1.96527 2.21186 2.41301 2.45355 2.21857 3.18924 3.65718 2.94261 2.66684 2.40252 2.10358 2.01803 2.50248 2.12857 2.66266 1.94 1.08634 1.27214 1.3076 0.868927 1.62545 2.14232 1.89312 2.43993 2.17642 2.51465
Sel_flota
 0.5 1 1 1 1
 0.5 1 1 1 1
 0.5 1 1 1 1
 0.5 1 1 1 1
 0.5 1 1 1 1
 0.5 1 1 1 1
 0.5 1 1 1 1
 0.5 1 1 1 1
 0.5 1 1 1 1
 0.5 1 1 1 1
 0.5 1 1 1 1
 0.5 1 1 1 1
 0.5 1 1 1 1
 0.5 1 1 1 1
 0.5 1 1 1 1
 0.5 1 1 1 1
 0.5 1 1 1 1
 0.5 1 1 1 1
 0.5 1 1 1 1
 0.5 1 1 1 1
 0.5 1 1 1 1
 0.5 1 1 1 1
 0.5 1 1 1 1
 0.5 1 1 1 1
 0.5 1 1 1 1
 0.5 1 1 1 1
 0.5 1 1 1 1
 0.5 1 1 1 1
 0.5 1 1 1 1
Sel_reclas
 0.5 1 1 1 1
 0.5 1 1 1 1
 0.5 1 1 1 1
 0.5 1 1 1 1
 0.5 1 1 1 1
 0.5 1 1 1 1
 0.5 1 1 1 1
 0.5 1 1 1 1
 0.5 1 1 1 1
 0.5 1 1 1 1
 0.5 1 1 1 1
 0.5 1 1 1 1
 0.5 1 1 1 1
 0.5 1 1 1 1
 0.5 1 1 1 1
 0.5 1 1 1 1
 0.5 1 1 1 1
 0.5 1 1 1 1
 0.5 1 1 1 1
 0.5 1 1 1 1
 0.5 1 1 1 1
 0.5 1 1 1 1
 0.5 1 1 1 1
 0.5 1 1 1 1
 0.5 1 1 1 1
 0.5 1 1 1 1
 0.5 1 1 1 1
 0.5 1 1 1 1
 0.5 1 1 1 1
Sel_pelaces
 0.5 1 1 1 1
 0.5 1 1 1 1
 0.5 1 1 1 1
 0.5 1 1 1 1
 0.5 1 1 1 1
 0.5 1 1 1 1
 0.5 1 1 1 1
 0.5 1 1 1 1
 0.5 1 1 1 1
 0.5 1 1 1 1
 0.5 1 1 1 1
 0.5 1 1 1 1
 0.5 1 1 1 1
 0.5 1 1 1 1
 0.5 1 1 1 1
 0.5 1 1 1 1
 0.5 1 1 1 1
 0.5 1 1 1 1
 0.5 1 1 1 1
 0.5 1 1 1 1
 0.5 1 1 1 1
 0.5 1 1 1 1
 0.5 1 1 1 1
 0.5 1 1 1 1
 0.5 1 1 1 1
 0.5 1 1 1 1
 0.5 1 1 1 1
 0.5 1 1 1 1
 0.5 1 1 1 1
pf_obs 
 0.8446 0.082 0.0669 0.0065 0
 0.8095 0.147 0.0364 0.0071 0
 0.9664 0.0169 0.016 0.0007 0
 0.9276 0.0648 0.0075 0.0001 0
 0.7033 0.2144 0.0806 0.0017 0
 0.9318 0.0425 0.0243 0.0014 0
 0.5671 0.3108 0.0964 0.0239 0.0018
 0.0768 0.2599 0.5324 0.112 0.0189
 0.490249 0.384438 0.106611 0.0170017 0.00170017
 0.7925 0.1577 0.0466 0.003 0.0002
 0.840416 0.127587 0.0312969 0.00059994 9.999e-05
 0.8084 0.0986 0.0794 0.0134 0.0002
 0.7335 0.1905 0.0724 0.0035 0.0001
 0.4001 0.4547 0.1325 0.0127 0
 0.49795 0.308269 0.164784 0.0264974 0.00249975
 0.9179 0.0499 0.0305 0.0017 0
 0.2467 0.6533 0.0926 0.0074 0
 0.9418 0.0223 0.034 0.0019 0
 0.707729 0.231977 0.0356964 0.0245975 0
 0.517169 0.277429 0.184464 0.0207286 0.00020938
 0.811772 0.124168 0.05621 0.00726502 0.000585176
 0.764997 0.148141 0.077277 0.00933861 0.000247198
 0.163321 0.427699 0.378323 0.0303852 0.000271297
 0.753843 0.0900009 0.118128 0.0371064 0.000921714
 0.721811 0.176058 0.0630433 0.0369309 0.00215725
 0.143369 0.312575 0.442814 0.0836902 0.0175525
 0.692698 0.0596174 0.167031 0.0765114 0.00414204
 0.394062 0.376323 0.152708 0.0712218 0.00568511
 0.125707 0.32114 0.495352 0.0537591 0.00404204
pf_pred 
 0.443788 0.0401511 0.492754 0.0150754 0.00823111
 0.486333 0.320667 0.013932 0.170981 0.00808711
 0.508792 0.328085 0.101833 0.00442433 0.0568658
 0.51013 0.335068 0.103394 0.0320922 0.0193153
 0.510583 0.336732 0.104435 0.0322265 0.0160229
 0.496334 0.342496 0.110889 0.0343917 0.015889
 0.512916 0.328267 0.107997 0.0349659 0.0158546
 0.524706 0.331275 0.0970604 0.0319319 0.0150263
 0.491471 0.350905 0.109863 0.0321887 0.015573
 0.487608 0.340276 0.118767 0.037184 0.0161654
 0.482884 0.341379 0.116706 0.0407339 0.0182974
 0.48061 0.339103 0.119018 0.0406884 0.0205807
 0.498092 0.330713 0.111771 0.0392294 0.0201947
 0.507148 0.332457 0.105687 0.0357189 0.0189903
 0.515276 0.332712 0.102541 0.0325973 0.0168741
 0.513019 0.335274 0.104131 0.0320927 0.0154834
 0.527536 0.328367 0.0992068 0.030812 0.0140776
 0.525854 0.332736 0.0982809 0.0296928 0.0134355
 0.562284 0.31035 0.0893804 0.0264004 0.0115852
 0.623363 0.286675 0.063785 0.01837 0.00780703
 0.62633 0.299654 0.0563374 0.012535 0.00514431
 0.627001 0.297851 0.0602626 0.0113299 0.00355544
 0.651065 0.285109 0.0509675 0.010312 0.00254714
 0.580309 0.338204 0.066581 0.0119024 0.00300297
 0.552805 0.335646 0.0898913 0.0176966 0.00396168
 0.536386 0.337173 0.0949014 0.0254161 0.00612371
 0.518589 0.340592 0.102414 0.0288256 0.00957999
 0.519852 0.333736 0.103584 0.0311472 0.0116803
 0.519283 0.335052 0.101247 0.0314247 0.0129927
pobs_RECLAS
 0 0 0 0 0
 0 0 0 0 0
 0 0 0 0 0
 0 0 0 0 0
 0 0 0 0 0
 0 0 0 0 0
 0 0 0 0 0
 0 0 0 0 0
 0 0 0 0 0
 0 0 0 0 0
 0.991045 0.00858322 0.000360255 1.14367e-05 0
 0.934742 0.0480273 0.0164251 0.00080598 0
 0.827803 0.169806 0.00239088 0 0
 0.941827 0.0461693 0.0120037 0 0
 0.791401 0.0380133 0.147996 0.0225897 0
 0.846168 0.0940531 0.0597789 0 0
 0.134021 0.677848 0.182769 0.00536245 0
 0.80878 0.0450904 0.141981 0.00414843 0
 0.846168 0.0940531 0.0597789 0 0
 0.905697 0.0802665 0.012482 0.00150086 5.37128e-05
 0.989698 0.0102097 9.19794e-05 0 0
 0.975433 0.0193895 0.00387452 0.00125025 5.28907e-05
 0.303575 0.632131 0.0575291 0.00676475 0
 0.966965 0.00978017 0.0227588 0.000495775 0
 0.843318 0.132988 0.00938335 0.0141283 0.000182051
 0.564624 0.303363 0.111486 0.0197234 0.00080311
 0.826376 0.0876187 0.0782897 0.00655872 0.00115652
 0.89761 0.0855135 0.0140674 0.00269457 0.000114338
 0.34875 0.467042 0.161289 0.0227151 0.000203297
ppred_RECLAS
 0.44531 0.0400412 0.491406 0.0150341 0.0082086
 0.488717 0.319179 0.0138674 0.170187 0.00804958
 0.510476 0.32696 0.101484 0.00440916 0.0566708
 0.512381 0.333528 0.102919 0.0319447 0.0192266
 0.511253 0.336271 0.104293 0.0321824 0.016001
 0.498174 0.341245 0.110484 0.0342661 0.015831
 0.516565 0.325808 0.107187 0.0347039 0.0157359
 0.525001 0.33107 0.0970002 0.0319121 0.015017
 0.492303 0.350331 0.109683 0.0321361 0.0155476
 0.488358 0.339778 0.118593 0.0371295 0.0161417
 0.483137 0.341212 0.116649 0.0407139 0.0182885
 0.482252 0.33803 0.118642 0.0405598 0.0205156
 0.499756 0.329617 0.1114 0.0390994 0.0201278
 0.509588 0.330811 0.105164 0.035542 0.0188963
 0.516748 0.331702 0.102229 0.0324983 0.0168229
 0.516213 0.333075 0.103448 0.0318822 0.0153818
 0.529569 0.326955 0.09878 0.0306795 0.0140171
 0.52977 0.329989 0.0974693 0.0294475 0.0133246
 0.572649 0.303001 0.0872639 0.0257753 0.0113109
 0.632441 0.279765 0.0622476 0.0179272 0.00761886
 0.633563 0.293853 0.0552468 0.0122924 0.00504472
 0.640876 0.286772 0.058021 0.0109084 0.00342319
 0.655169 0.281755 0.0503679 0.0101907 0.00251717
 0.58369 0.33548 0.0660447 0.0118065 0.00297878
 0.555839 0.333368 0.0892813 0.0175765 0.0039348
 0.538078 0.335943 0.0945551 0.0253234 0.00610136
 0.520801 0.339027 0.101943 0.0286932 0.00953598
 0.522236 0.332079 0.10307 0.0309925 0.0116223
 0.52092 0.333912 0.100902 0.0313177 0.0129485
pobs_PELACES
 0 0 0 0 0
 0 0 0 0 0
 0 0 0 0 0
 0 0 0 0 0
 0 0 0 0 0
 0 0 0 0 0
 0 0 0 0 0
 0 0 0 0 0
 0 0 0 0 0
 0 0 0 0 0
 0 0 0 0 0
 0 0 0 0 0
 0 0 0 0 0
 0 0 0 0 0
 0 0 0 0 0
 0 0 0 0 0
 0.505614 0.472636 0.0217494 0 0
 0 0 0 0 0
 0.443492 0.261883 0.143347 0.151278 0
 0.227955 0.32914 0.350689 0.0885471 0.00366901
 0.970185 0.0296113 0.000203453 0 0
 0.997202 0.00247181 0.000326279 0 0
 0.445219 0.490057 0.0546422 0.010081 0
 0.90214 0.0892962 0.00764917 0.000914606 0
 0 0 0 0 0
 0.581667 0.319106 0.0959925 0.00289975 0.000334073
 0.762889 0.0836404 0.116647 0.0363945 0.000428098
 0.88444 0.0763242 0.0277011 0.0115352 0
 0.521256 0.241999 0.230069 0.00667565 0
ppred_PELACES
 0.450893 0.0396382 0.48646 0.0148828 0.00812597
 0.49709 0.313952 0.0136402 0.1674 0.00791775
 0.516598 0.322871 0.100215 0.00435402 0.0559621
 0.52033 0.328091 0.101242 0.031424 0.0189131
 0.513831 0.334498 0.103743 0.0320126 0.0159166
 0.504812 0.336731 0.109023 0.0338128 0.0156216
 0.52868 0.317643 0.104501 0.0338343 0.0153415
 0.526164 0.330259 0.0967628 0.0318339 0.0149803
 0.495476 0.348141 0.108998 0.0319352 0.0154504
 0.491233 0.337869 0.117926 0.0369209 0.016051
 0.484139 0.34055 0.116423 0.040635 0.018253
 0.48824 0.334121 0.11727 0.0400907 0.0202784
 0.50581 0.325628 0.110052 0.0386262 0.0198842
 0.51813 0.325048 0.103332 0.0349229 0.0185671
 0.522158 0.327989 0.101085 0.0321345 0.0166346
 0.527021 0.325634 0.101137 0.0311699 0.0150382
 0.536818 0.321916 0.0972577 0.0302067 0.0138011
 0.542616 0.320974 0.0948066 0.0286431 0.0129606
 0.600355 0.283357 0.0816064 0.0241042 0.0105776
 0.656998 0.261074 0.0580888 0.0167295 0.00710984
 0.654209 0.277297 0.0521341 0.0115998 0.00476049
 0.674204 0.260158 0.0526364 0.00989608 0.0031055
 0.668203 0.271105 0.0484641 0.00980549 0.00242203
 0.594951 0.326405 0.0642582 0.0114871 0.00289821
 0.566141 0.325636 0.0872106 0.0171688 0.00384354
 0.544215 0.331479 0.0932987 0.0249869 0.00602029
 0.528624 0.333492 0.100279 0.0282248 0.0093803
 0.5306 0.326266 0.101266 0.0304499 0.0114189
 0.52688 0.329758 0.0996469 0.0309281 0.0127874
pobs_pel_tallas
 0 0 0 0 0 0 0 0 0 0 0 0 0 0 0 0 0 0 0 0 0 0 0 0 0 0
 0 0 0 0 0 0 0 0 0 0 0 0 0 0 0 0 0 0 0 0 0 0 0 0 0 0
 0 0 0 0 0 0 0 0 0 0 0 0 0 0 0 0 0 0 0 0 0 0 0 0 0 0
 0 0 0 0 0 0 0 0 0 0 0 0 0 0 0 0 0 0 0 0 0 0 0 0 0 0
 0 0 0 0 0 0 0 0 0 0 0 0 0 0 0 0 0 0 0 0 0 0 0 0 0 0
 0 0 0 0 0 0 0 0 0 0 0 0 0 0 0 0 0 0 0 0 0 0 0 0 0 0
 0 0 0 0 0 0 0 0 0 0 0 0 0 0 0 0 0 0 0 0 0 0 0 0 0 0
 0 0 0 0 0 0 0 0 0 0 0 0 0 0 0 0 0 0 0 0 0 0 0 0 0 0
 0 0 0 0 0 0 0 0 0 0 0 0 0 0 0 0 0 0 0 0 0 0 0 0 0 0
 0 0 0 0 0 0 0 0 0 0 0 0 0 0 0 0 0 0 0 0 0 0 0 0 0 0
 0 0 0 0 0 0 0 0 0 0 0 0 0 0 0 0 0 0 0 0 0 0 0 0 0 0
 0 0 0 0 0 0 0 0 0 0 0 0 0 0 0 0 0 0 0 0 0 0 0 0 0 0
 0.00862536 0 0 0.000197151 0.00414017 0.0128641 0.00837892 0.0270097 0.101434 0.158115 0.152841 0.127902 0.109271 0.109419 0.0830992 0.0579132 0.0238553 0.00714673 0.00463305 0.00128148 0.00103504 0.000492878 0.000147863 0.000147863 4.92878e-05 0
 0 0 0 0 0 0 0 0 0 0 0 0 0 0 0 0 0 0 0 0 0 0 0 0 0 0
 0 0 0 0 0 0 0 0.0054083 0.00873648 0.0413646 0.0450493 0.0745869 0.0622846 0.0627006 0.0613931 0.0827291 0.12552 0.122667 0.0946155 0.0697135 0.0546179 0.0294188 0.0215738 0.0213955 0.0102223 0.00600262
 0 0 0 0 0.00359764 0.0251062 0.0480494 0.140153 0.205849 0.193036 0.1447 0.116669 0.0760912 0.0342217 0.00950174 0.001854 0.000860785 0 0 0 0.000165536 0 0.000143464 0 0 0
 0 0 0 0 0 0 0 0.000145254 0.000435761 0.0275982 0.070085 0.0708112 0.156366 0.174668 0.174014 0.160142 0.0824315 0.0480064 0.0283245 0.00493863 0.00203355 0 0 0 0 0
 0 0 0 0 0 0 0 0 0 0 0 0 0 0 0 0 0 0 0 0 0 0 0 0 0 0
 0 0 1.00437e-05 0.000401748 0.00122533 0.00171747 0.00176769 0.0269171 0.070346 0.194647 0.189555 0.159765 0.064822 0.0314167 0.0384472 0.0292271 0.0345202 0.0313363 0.0194345 0.0106764 0.0143323 0.0359363 0.0279516 0.0138201 0.00172751 0
 0 0.0021121 0.0136068 0.0755702 0.200478 0.177729 0.0527432 0.0373336 0.0318909 0.0142505 0.0149659 0.0166563 0.0217959 0.0798694 0.0677717 0.0528807 0.04013 0.0224614 0.0357745 0.0225083 0.00881397 0.00855152 0.00135912 0.000746735 0 0
 0 0 0 0 5.4009e-05 0.00500934 0.000945158 0.0243581 0.138947 0.33067 0.221406 0.137944 0.0707744 0.0437923 0.0131692 0.00525238 0.0047753 0.00276346 9.45158e-05 9.00151e-06 2.25038e-05 9.00151e-06 4.50075e-06 0 0 0
 0.000866109 0.00284123 0.00948549 0.0512746 0.133035 0.25785 0.225252 0.132002 0.0553304 0.0519788 0.0540692 0.017754 0.00435017 0.00159236 0.00146478 0.000404838 0.000125132 0.000115318 0.000107957 0.000100596 0 0 0 0 0 0
 0 0 0 0 0.00144013 0.00171154 0.00461396 0.0210425 0.0478622 0.0707936 0.0888783 0.103762 0.0637923 0.0337046 0.0602308 0.124433 0.169614 0.0934646 0.0462172 0.0250306 0.0313229 0.00938855 0.002487 0.000210481 0 0
 0 0.00764035 0.051015 0.0998891 0.058973 0.0496711 0.0374665 0.0718981 0.12319 0.153886 0.159021 0.0857701 0.0377988 0.023471 0.0147837 0.00900784 0.00315554 0.000888139 0.00291439 0.00214683 0.00393193 0.00274676 0.000635225 9.99891e-05 0 0
 0 0 0 0 0 0 0 0 0 0 0 0 0 0 0 0 0 0 0 0 0 0 0 0 0 0
 0 0 0 0 0 0 0 0 0 0 0 0 0 0 0 0 0 0 0 0 0 0 0 0 0 0
 0 0 0 0 0 0 0 0 0 0 0 0 0 0 0 0 0 0 0 0 0 0 0 0 0 0
 0 0 0 0 0 0 0 0 0 0 0 0 0 0 0 0 0 0 0 0 0 0 0 0 0 0
 0 0 0 0 0 0 0 0 0 0 0 0 0 0 0 0 0 0 0 0 0 0 0 0 0 0
ppred_pel_tallas
 1.16917e-16 3.71395e-05 0.000361009 0.00239903 0.0109057 0.0339315 0.0722949 0.105517 0.105522 0.0723176 0.0340098 0.0111413 0.00302646 0.00184914 0.00320967 0.00614824 0.0109447 0.0181058 0.028007 0.0405603 0.0548039 0.0686696 0.0792907 0.0839478 0.0812375 0.0717616
 1.18602e-16 4.09448e-05 0.000397998 0.00264484 0.0120231 0.0374084 0.0797036 0.116336 0.116366 0.0798515 0.0379051 0.013458 0.00624815 0.00826955 0.0150097 0.0248098 0.0359059 0.0455846 0.0511987 0.0517453 0.0485727 0.0445134 0.0420776 0.0420698 0.0434736 0.0443857
 1.12882e-16 4.25515e-05 0.000413616 0.00274863 0.0124949 0.0388764 0.0828314 0.120901 0.120933 0.0829839 0.0393889 0.0139764 0.00647201 0.00855724 0.0155546 0.0257693 0.0374076 0.0476631 0.0537077 0.0542703 0.0503787 0.0445889 0.0393401 0.0357341 0.0334544 0.0315116
 1.09358e-16 4.2859e-05 0.000416605 0.00276849 0.0125852 0.0391572 0.0834298 0.121775 0.121807 0.0835849 0.0396781 0.0140907 0.0065523 0.00869251 0.0158071 0.0261883 0.0380143 0.0484284 0.0545425 0.0550354 0.0509029 0.0446773 0.038774 0.0342836 0.0309283 0.0278377
 1.08984e-16 4.23236e-05 0.000411401 0.0027339 0.0124279 0.0386681 0.0823878 0.120254 0.120286 0.0825458 0.0391991 0.0139629 0.0065916 0.00884886 0.0161141 0.0266984 0.0387527 0.049363 0.0555797 0.0560485 0.051775 0.0453318 0.0391783 0.034434 0.0308361 0.0275281
 1.09267e-16 4.15808e-05 0.00040418 0.00268592 0.0122098 0.0379895 0.0809418 0.118144 0.118176 0.0811009 0.0385242 0.0137556 0.00657113 0.00890303 0.0162339 0.0269078 0.0390786 0.0498233 0.0561819 0.0567938 0.052662 0.0463527 0.0403075 0.0356189 0.0320008 0.0285912
 1.09087e-16 4.35467e-05 0.000423289 0.00281291 0.0127871 0.0397856 0.0847685 0.123728 0.123759 0.0849186 0.04029 0.0142455 0.0064787 0.00844274 0.0153242 0.025398 0.0368967 0.0470661 0.0531206 0.0537823 0.0499981 0.0441819 0.0386206 0.0343227 0.0309956 0.0278092
 1.08605e-16 4.33395e-05 0.000421275 0.00279952 0.0127262 0.0395962 0.0843651 0.12314 0.123172 0.0845211 0.0401203 0.0142411 0.00660631 0.00874599 0.0158963 0.0263245 0.0381855 0.0485901 0.0546172 0.0549277 0.0505264 0.0439807 0.0377555 0.0329902 0.0294433 0.026264
 1.09052e-16 4.08118e-05 0.000396705 0.00263625 0.011984 0.0372869 0.0794449 0.115959 0.115993 0.0796094 0.0378395 0.0135816 0.00665147 0.00917877 0.0167692 0.0277892 0.0403367 0.05138 0.0578467 0.0583217 0.0538441 0.0470844 0.0405991 0.0355583 0.0317034 0.028165
 1.09909e-16 4.04623e-05 0.000393308 0.00261367 0.0118814 0.0369676 0.0787645 0.114966 0.114999 0.0789243 0.0375044 0.0134334 0.00651536 0.00893051 0.0163127 0.0270585 0.0393394 0.0502435 0.0568196 0.0577103 0.0539076 0.0479447 0.0422071 0.0377236 0.0341596 0.03064
 1.10611e-16 3.9878e-05 0.000387628 0.00257593 0.0117098 0.0364337 0.0776272 0.113306 0.113339 0.0777882 0.0369748 0.013274 0.00650814 0.00899142 0.0164385 0.0272677 0.0396424 0.0506308 0.0572645 0.058187 0.054415 0.0485177 0.0429071 0.0386091 0.0352537 0.0319109
 1.10922e-16 4.02158e-05 0.000390912 0.00259775 0.011809 0.0367423 0.0782846 0.114265 0.114298 0.0784427 0.0372733 0.013344 0.00645696 0.00883585 0.0161387 0.0267754 0.0389429 0.049772 0.0563591 0.0573795 0.0538297 0.0482195 0.0428946 0.0388352 0.0356533 0.0324192
 1.10498e-16 4.1663e-05 0.000404979 0.00269123 0.012234 0.0380645 0.0811017 0.118377 0.118408 0.0812556 0.0385818 0.0137295 0.00645079 0.00863081 0.0157194 0.0260678 0.0378952 0.0483949 0.0547305 0.0556098 0.0520135 0.0464092 0.041112 0.037104 0.0340208 0.0309511
 1.0971e-16 4.26778e-05 0.000414843 0.00275678 0.0125319 0.0389917 0.0830771 0.12126 0.121291 0.0832307 0.0395078 0.014024 0.00650692 0.00861812 0.0156717 0.0259718 0.0377196 0.048095 0.0542478 0.054877 0.0509679 0.0450138 0.0393782 0.0351034 0.0318787 0.0288209
 1.09039e-16 4.30095e-05 0.000418068 0.00277821 0.0126293 0.0392948 0.0837228 0.122203 0.122234 0.0838778 0.0398154 0.0141344 0.00656074 0.00869107 0.0158015 0.0261779 0.037997 0.0484013 0.0545007 0.0549711 0.0508035 0.0445261 0.0385524 0.0339767 0.0305306 0.0273588
 1.08673e-16 4.34101e-05 0.000421962 0.00280408 0.012747 0.0396608 0.0845026 0.123341 0.123372 0.0846565 0.0401777 0.0142412 0.00655959 0.00863592 0.0156895 0.0259914 0.0377263 0.0480554 0.0541066 0.0545604 0.0503943 0.0441112 0.0381045 0.0334644 0.0299376 0.0266948
 1.08254e-16 4.42171e-05 0.000429806 0.00285621 0.0129839 0.040398 0.0860735 0.125633 0.125664 0.0862255 0.040909 0.0144608 0.00656776 0.00854684 0.0155034 0.0256752 0.0372532 0.0474232 0.053339 0.0536922 0.0494517 0.0431039 0.0370342 0.0323429 0.0287984 0.0255896
 1.07884e-16 4.46946e-05 0.000434448 0.00288706 0.0131242 0.0408343 0.087003 0.12699 0.127021 0.0871546 0.0413437 0.0145964 0.00658679 0.00852496 0.0154514 0.0255825 0.0371058 0.0472079 0.0530437 0.0533035 0.0489542 0.042484 0.0362895 0.0314912 0.02788 0.0246614
 1.06635e-16 4.94505e-05 0.000480677 0.00319427 0.0145207 0.0451794 0.0962605 0.140501 0.140528 0.0963943 0.045629 0.0158201 0.0064595 0.00762039 0.0136436 0.0225685 0.032721 0.0416034 0.0466966 0.0468398 0.0428873 0.0370446 0.0314444 0.0270971 0.023838 0.0209787
 1.04625e-16 5.41161e-05 0.000526028 0.00349564 0.0158907 0.049442 0.105342 0.153755 0.153781 0.105465 0.0498556 0.0170858 0.00649735 0.00708482 0.0125283 0.0206732 0.0298866 0.0378191 0.0421098 0.0416702 0.037312 0.0311481 0.0252705 0.0207484 0.0175334 0.0150247
 1.03545e-16 5.38864e-05 0.000523795 0.0034808 0.0158232 0.0492321 0.104895 0.153103 0.15313 0.105026 0.0496711 0.0170913 0.0066649 0.00747815 0.0132716 0.0218818 0.0315783 0.0398404 0.0441304 0.043272 0.038133 0.031 0.0241739 0.0188889 0.0151836 0.0124727
 1.03104e-16 5.55334e-05 0.000539804 0.00358719 0.0163069 0.0507368 0.108101 0.157782 0.157807 0.108224 0.0511487 0.0174969 0.00657565 0.00706762 0.0124647 0.0205491 0.0296667 0.0374529 0.0415275 0.0407823 0.0360175 0.0293572 0.022938 0.0179057 0.0143029 0.0116065
 1.02862e-16 5.50391e-05 0.000534999 0.00355526 0.0161617 0.0502852 0.107139 0.156378 0.156404 0.107267 0.0507143 0.0174011 0.00666711 0.0073307 0.0129686 0.0213717 0.0308255 0.0388548 0.042968 0.0420068 0.0368172 0.0296433 0.0227551 0.0173894 0.0136162 0.0108902
 1.03581e-16 4.90054e-05 0.00047635 0.00316551 0.01439 0.0447728 0.0953943 0.139237 0.139269 0.0955481 0.0452895 0.0158829 0.00691419 0.00866419 0.0156121 0.025766 0.0371899 0.0469277 0.0519886 0.0509779 0.0448996 0.0364259 0.0282516 0.021833 0.0172415 0.0138333
 1.04973e-16 4.66323e-05 0.000453283 0.00301223 0.0136932 0.0426047 0.0907749 0.132495 0.132527 0.0909286 0.043121 0.0151853 0.00676089 0.00864719 0.0156393 0.0258619 0.0374388 0.0474731 0.0530273 0.0527258 0.0475278 0.039985 0.0326188 0.0267126 0.0222276 0.018512
 1.06302e-16 4.48264e-05 0.000435728 0.00289557 0.0131629 0.0409547 0.0872595 0.127364 0.127397 0.087416 0.0414805 0.0146825 0.00671391 0.00878376 0.0159363 0.026372 0.0382135 0.0485342 0.0543682 0.0543363 0.0494219 0.042204 0.0352002 0.0296424 0.0254092 0.021771
 1.07398e-16 4.35421e-05 0.000423245 0.00281261 0.0127858 0.0397814 0.0847597 0.123716 0.123748 0.0849172 0.0403106 0.0143155 0.0066569 0.00882997 0.0160526 0.0265826 0.038556 0.0490488 0.055098 0.0553305 0.0507339 0.043877 0.0372423 0.0320046 0.0279798 0.0243934
 1.07992e-16 4.37049e-05 0.000424827 0.00282313 0.0128335 0.0399301 0.0850764 0.124178 0.12421 0.0852306 0.040448 0.0143306 0.00658562 0.0086538 0.0157176 0.0260351 0.0377832 0.0481124 0.0541375 0.0545263 0.050248 0.0438041 0.037595 0.0327291 0.0289822 0.0255613
 1.08226e-16 4.33985e-05 0.000421848 0.00280333 0.0127436 0.0396501 0.08448 0.123308 0.12334 0.0846357 0.0401735 0.0142564 0.00660522 0.0087364 0.0158786 0.0262988 0.0381566 0.048569 0.0546186 0.0549619 0.0505881 0.0440413 0.0377652 0.0328911 0.0291902 0.0258441
pSPR Fmed_Fpbrs
0.599947   0.285685 0.285685
Fs Fmed_Fpbrs
0.34   1.005 1.005
SSBpbr Bo_Bmed_Bpbrs
2.76947e+06  1.52306e+06  652723 652723
Ro
282150
SPR SPRFo_SPRFmed_SPRFpbrs
2.00524e+06 1.20304e+06 572868
Fref
1.005
Nvult_r0
 219351 81137.4 24518.3 7609.92 3146.36
CTP_r0
 73360.4 40669.9 12289.7 3814.45 1577.1
YTP_r0
1.64519e+06
Np
 282150 62799.1 13001.1 4018.72 1377.91
Nvult_p0
 219351 54342.5 11250.4 3477.56 1192.36
CTP_p0
 73360.4 41877.3 12944.5 3911.6 1600.49
 73360.4 27239 5639.2 1743.11 597.668
YTP_p0
 1.7744e+06 1.23986e+06
CBA_c0
1.68395e+06
log_Ro
12.3702
likeval ReclasPelacesDesembMPH_pf_preclas_ppelaces_ptallas_desvR_qrecl_qpela
 117.056 70.7659 10.996 172.18 225.53 137.08 92.2139 0 0 0 0 53.1902 0 0 0
q_reclas_q_pelaces
1 1
M
1
N
 282150 13126.6 161096 4928.6 2691
 282150 96933.5 4211.46 51685.2 2444.63
 282150 93776.6 29106.9 1264.61 16254
 282150 96368.8 29737.3 9230.03 5555.27
 282150 94252.7 29231.9 9020.33 4484.88
 282150 100602 32571.8 10102 4667.13
 282150 95772.6 31508.2 10201.4 4625.62
 282150 89593.9 26250.1 8636.02 4063.9
 282150 102341 32041.4 9387.81 4541.86
 282150 99880.2 34861.2 10914.5 4744.96
 282150 100241 34268.9 11960.9 5372.76
 282150 102543 35990.6 12304 6223.5
 282150 96524.6 32622.3 11449.8 5894.21
 282150 96452.7 30662 10362.8 5509.5
 282150 93579.2 28840.8 9168.38 4746.05
 282150 97199.9 30188.7 9304.05 4488.8
 282150 91029.5 27502 8541.66 3902.58
 282150 95028.4 28068.7 8480.15 3837.15
 282150 88757.2 25561.9 7550.27 3313.26
 282150 73416.1 16335 4704.46 1999.34
 282150 74998.4 14100.3 3137.31 1287.54
 282150 79006.6 15985 3005.31 943.102
 282150 66265.2 11845.9 2396.72 592.008
 282150 87006.6 17128.7 3062.01 772.545
 282150 90146.9 24142.8 4752.89 1064.02
 282150 91439.9 25736.9 6892.74 1660.72
 282150 96306.6 28958.8 8150.81 2708.86
 282150 94384.5 29294.8 8808.78 3303.33
 282150 93763.7 28333.7 8794.14 3635.99
pred_Ctot
 11860.2 1073.04 13168.9 402.889 219.976
 17361.9 11447.7 497.365 6103.92 288.706
 12842 8280.92 2570.28 111.671 1435.3
 16530.2 10857.5 3350.38 1039.91 625.89
 5504.17 3630.02 1125.83 347.406 172.73
 13879.7 9577.73 3100.97 961.747 444.329
 24700.6 15808.4 5200.81 1683.86 763.514
 2505.14 1581.63 463.402 152.454 71.7413
 6752.01 4820.86 1509.34 442.221 213.948
 6128.78 4276.97 1492.79 467.369 203.184
 2157.44 1525.22 521.423 181.992 81.7499
 12571.2 8869.79 3113.13 1064.27 538.323
 12696 8429.64 2848.96 999.93 514.751
 17706.9 11607.7 3690.03 1247.12 663.043
 11397.2 7359.15 2268.06 721.009 373.233
 22175.2 14492.2 4501.05 1387.21 669.268
 15176.7 9446.77 2854.07 886.428 404.998
 26175.5 16562.6 4892.13 1478.02 668.782
 53690.9 29634.5 8534.68 2520.9 1106.24
 50807.6 23365.6 5198.84 1497.26 636.317
 43553.5 20837.2 3917.57 871.656 357.723
 66872.9 31767.3 6427.32 1208.39 379.207
 29269.5 12817.4 2291.31 463.589 114.51
 23727 13828.1 2722.28 486.648 122.782
 21454.5 13026.5 3488.71 686.809 153.754
 12950.4 8140.62 2291.27 613.64 147.849
 16300 10705.3 3219.02 906.033 301.113
 17384.5 11160.6 3463.99 1041.6 390.605
 12531.7 8085.68 2443.35 758.36 313.548
F
 0.0684152 0.13683 0.13683 0.13683 0.13683
 0.101524 0.203049 0.203049 0.203049 0.203049
 0.0742571 0.148514 0.148514 0.148514 0.148514
 0.0964605 0.192921 0.192921 0.192921 0.192921
 0.0312659 0.0625318 0.0625318 0.0625318 0.0625318
 0.0804631 0.160926 0.160926 0.160926 0.160926
 0.147153 0.294307 0.294307 0.294307 0.294307
 0.014129 0.0282581 0.0282581 0.0282581 0.0282581
 0.038469 0.076938 0.076938 0.076938 0.076938
 0.034866 0.0697321 0.0697321 0.0697321 0.0697321
 0.012158 0.0243161 0.0243161 0.0243161 0.0243161
 0.0726427 0.145285 0.145285 0.145285 0.145285
 0.0733869 0.146774 0.146774 0.146774 0.146774
 0.103632 0.207263 0.207263 0.207263 0.207263
 0.06567 0.13134 0.13134 0.13134 0.13134
 0.131257 0.262513 0.262513 0.262513 0.262513
 0.0882644 0.176529 0.176529 0.176529 0.176529
 0.156535 0.313071 0.313071 0.313071 0.313071
 0.346296 0.692593 0.692593 0.692593 0.692593
 0.324973 0.649945 0.649945 0.649945 0.649945
 0.272908 0.545817 0.545817 0.545817 0.545817
 0.448775 0.89755 0.89755 0.89755 0.89755
 0.176456 0.352912 0.352912 0.352912 0.352912
 0.141 0.282 0.282 0.282 0.282
 0.126758 0.253516 0.253516 0.253516 0.253516
 0.0749038 0.149808 0.149808 0.149808 0.149808
 0.0950629 0.190126 0.190126 0.190126 0.190126
 0.101663 0.203325 0.203325 0.203325 0.203325
 0.0724074 0.144815 0.144815 0.144815 0.144815
YTP_r0W_actual
 381474 833733 266687 110619 52675.3
YTP_p0W_proyectada
 553138 730758 311575 122511 56417.3
 553138 475321 135736 54594.3 21067.8
CTP_r0_actual
 73360.4 40669.9 12289.7 3814.45 1577.1
CTP_p0_proyectada
 73360.4 41877.3 12944.5 3911.6 1600.49
 73360.4 27239 5639.2 1743.11 597.668
Wmedp
 7.54 17.45 24.07 31.32 35.25
Frms_r0
 0.5025 1.005 1.005 1.005 1.005
Zrms_r0
 1.5025 2.005 2.005 2.005 2.005
nmprior
 7.29 8.9 8.7 0
nm_flota  nm_reclas  nm_pelaces    nm_pelaL
inf 4.03204 7.76766 9.53496
cv_recla  cv_pelaces  cv_mph
1.02641 1.03029 1.89396
 ------------------------------------------------
Talla a la edad & desviaci?n 
 8 13.2811 15.8009 17.003 17.5766
 0.8 1.32811 1.58009 1.7003 1.75766
