years
 1991 1992 1993 1994 1995 1996 1997 1998 1999 2000 2001 2002 2003 2004 2005 2006 2007 2008 2009 2010 2011 2012 2013 2014 2015 2016 2017 2018 2019 2020 2021
reclasobs
 0 0 0 0 0 0 0 0 0 252601 567819 844713 477998 351125 339783 2.1784e+06 2.13404e+06 4.81314e+06 1.55562e+06 2.62356e+06 3.21686e+06 3.843e+06 1.13348e+06 3.07943e+06 1.97215e+06 2.03268e+06 2.025e+06 2.42433e+06 2.27542e+06 1.05018e+06 2.36338e+06
reclaspred
 3.88369e+06 2.08948e+06 1.03534e+06 1.19312e+06 1.34626e+06 2.7025e+06 1.47411e+06 1.1566e+06 712153 338768 571165 976898 861227 339598 553558 1.4981e+06 1.16314e+06 3.04183e+06 2.56868e+06 2.05648e+06 3.48278e+06 2.59563e+06 1.62771e+06 2.58172e+06 1.93655e+06 1.66826e+06 2.25463e+06 2.5331e+06 2.012e+06 1.18605e+06 2.1114e+06
pelacesobs
 0 0 0 0 0 0 0 0 0 0 0 0 0 0 0 552880 188675 0 991730 2.46772e+06 1.41603e+06 1.21717e+06 2.29649e+06 1.80582e+06 0 1.4828e+06 1.56532e+06 1.57751e+06 1.42118e+06 867257 1.10002e+06
pelacespred
 2.93632e+06 1.5932e+06 735035 598546 844701 1.63263e+06 884513 939118 502934 169844 324854 469608 469433 130606 258479 624614 597392 1.59366e+06 1.41646e+06 1.04462e+06 1.86483e+06 1.42552e+06 1.01989e+06 1.59962e+06 1.23167e+06 1.11081e+06 1.55892e+06 1.63018e+06 1.40018e+06 873914 1.09515e+06
mphobs
 0 0 0 0 0 0 0 0 0 0 0 0 498337 0 5186 125008 0 168611 109162 213762 579715 649985 157893 87575 83554 210694 70296 0 107559 103333 445601
mphpred
 932309 642070 288591 166030 218406 306321 483897 217272 190252 87119.9 35960.5 129420 164787 89508.4 22408.4 75886.8 270932 181191 474990 320225 390790 438358 337355 217897 408086 303626 251838 357574 513485 312243 151655
desembarqueobs
 494567 514787 250237 358949 120608 361735 552515 73892 212993 205616 52469 317467 293654 387597 252695 516296 358380 742168 942051 627588 828172 859565 418607 520667 417249 300574 415391 372974 316634 284311 391294
desembarquepred
 494558 514328 250441 358956 120610 361720 552486 73897.8 213069 205686 52470.8 317462 293661 387555 252598 516150 358443 741885 941361 627119 828275 859451 418585 520704 417166 300555 415344 372912 316557 284213 391258
Reclutas
 150877 90667.7 83927.9 125020 96076.5 195652 70148.1 26332.3 25415.9 33545.4 60025.6 117294 79712.5 50665.9 60409.4 250250 47960.3 365094 270332 232830 253538 332786 55700.6 162117 148272 59756.3 150337 153824 54802.3 49632.6 159188
log_desv_Rt
 0.401362 -0.107905 -0.185148 0.213371 -0.049962 0.661231 -0.364498 -1.34431 -1.37973 -1.10221 -0.520335 0.149579 -0.23668 -0.689853 -0.513962 0.907355 -0.744734 1.28505 0.984543 0.835204 0.920407 1.19239 -0.595116 0.47321 0.383943 -0.524832 0.39777 0.420706 -0.611374 -0.710458 0.454981
SSB
 932309 642070 288591 166030 218406 306321 483897 217272 190252 87119.9 35960.5 129420 155035 86247.1 21355.9 72776.5 270932 181191 495410 332936 419136 504623 410277 248734 429108 344128 264210 357574 536910 301587 172480
BT
 1.52896e+06 1.11158e+06 515327 613703 508718 1.2464e+06 857535 508456 441125 284548 254440 541939 525525 475386 436124 852467 565101 1.73818e+06 1.69399e+06 1.08322e+06 1.79696e+06 1.52813e+06 829453 1.49136e+06 976096 800600 1.37855e+06 1.2685e+06 845527 661204 987204
Ftot
 0.402527 0.74341 0.736888 0.931146 0.29121 0.437446 1.08165 0.207193 0.906959 1.67196 0.310638 1.00344 1.03338 2.71163 1.4055 1.09247 0.92173 0.790416 1.10467 0.946409 0.750626 1.01108 0.779067 0.654547 0.674338 0.565232 0.598684 0.481662 0.486929 0.736074 0.608396
BD_Bspro_t
 0.937626 0.622654 0.358694 0.267516 0.300079 0.424808 0.470315 0.259284 0.300016 0.196086 0.12132 0.412882 0.318379 0.174816 0.0519506 0.15605 0.294298 0.210113 0.352427 0.24557 0.247092 0.278302 0.259241 0.200503 0.330859 0.332696 0.325192 0.424326 0.502735 0.371635 0.289293
BD_Bspro
 1.29326 0.890653 0.400321 0.23031 0.302964 0.424917 0.671242 0.30139 0.26391 0.120849 0.049883 0.179527 0.215058 0.119638 0.029624 0.100953 0.375825 0.25134 0.687213 0.461836 0.581409 0.699992 0.569119 0.345034 0.595242 0.477361 0.366502 0.496012 0.744779 0.41835 0.239257
BD_Bo
 1.58014 1.08822 0.489122 0.281398 0.370169 0.519173 0.820139 0.368246 0.322452 0.147656 0.0609482 0.21935 0.262763 0.146177 0.0361953 0.123346 0.459192 0.307093 0.839653 0.564282 0.710379 0.855266 0.695363 0.42157 0.72728 0.58325 0.447801 0.606039 0.909989 0.511149 0.292329
BD_Brms
 8.72569 6.00927 2.70098 1.55391 2.04411 2.86693 4.5289 2.03349 1.78061 0.815374 0.336563 1.21127 1.45101 0.807206 0.199874 0.681132 2.53571 1.6958 4.63666 3.11603 3.92279 4.72287 3.83987 2.32796 4.01612 3.22077 2.4728 3.34661 5.02505 2.82262 1.61427
Sel_flota
 0.709872 1 1 1 1
 0.709872 1 1 1 1
 0.709872 1 1 1 1
 0.709872 1 1 1 1
 0.709872 1 1 1 1
 0.709872 1 1 1 1
 0.709872 1 1 1 1
 0.709872 1 1 1 1
 0.709872 1 1 1 1
 0.709872 1 1 1 1
 0.709872 1 1 1 1
 0.709872 1 1 1 1
 0.709872 1 1 1 1
 0.709872 1 1 1 1
 0.709872 1 1 1 1
 0.709872 1 1 1 1
 0.709872 1 1 1 1
 0.709872 1 1 1 1
 0.709872 1 1 1 1
 0.709872 1 1 1 1
 0.709872 1 1 1 1
 0.709872 1 1 1 1
 0.709872 1 1 1 1
 0.709872 1 1 1 1
 0.709872 1 1 1 1
 0.709872 1 1 1 1
 0.709872 1 1 1 1
 0.709872 1 1 1 1
 0.709872 1 1 1 1
 0.709872 1 1 1 1
 0.709872 1 1 1 1
Sel_reclas
 0.78388 1 1 1 1
 0.78388 1 1 1 1
 0.78388 1 1 1 1
 0.78388 1 1 1 1
 0.78388 1 1 1 1
 0.78388 1 1 1 1
 0.78388 1 1 1 1
 0.78388 1 1 1 1
 0.78388 1 1 1 1
 0.78388 1 1 1 1
 0.78388 1 1 1 1
 0.78388 1 1 1 1
 0.78388 1 1 1 1
 0.78388 1 1 1 1
 0.78388 1 1 1 1
 0.78388 1 1 1 1
 0.78388 1 1 1 1
 0.78388 1 1 1 1
 0.78388 1 1 1 1
 0.78388 1 1 1 1
 0.78388 1 1 1 1
 0.78388 1 1 1 1
 0.78388 1 1 1 1
 0.78388 1 1 1 1
 0.78388 1 1 1 1
 0.78388 1 1 1 1
 0.78388 1 1 1 1
 0.78388 1 1 1 1
 0.78388 1 1 1 1
 0.78388 1 1 1 1
 0.78388 1 1 1 1
Sel_pelaces
 0.387954 0.761337 0.941363 0.987774 0.997547
 0.387954 0.761337 0.941363 0.987774 0.997547
 0.387954 0.761337 0.941363 0.987774 0.997547
 0.387954 0.761337 0.941363 0.987774 0.997547
 0.387954 0.761337 0.941363 0.987774 0.997547
 0.387954 0.761337 0.941363 0.987774 0.997547
 0.387954 0.761337 0.941363 0.987774 0.997547
 0.387954 0.761337 0.941363 0.987774 0.997547
 0.387954 0.761337 0.941363 0.987774 0.997547
 0.387954 0.761337 0.941363 0.987774 0.997547
 0.387954 0.761337 0.941363 0.987774 0.997547
 0.387954 0.761337 0.941363 0.987774 0.997547
 0.387954 0.761337 0.941363 0.987774 0.997547
 0.387954 0.761337 0.941363 0.987774 0.997547
 0.387954 0.761337 0.941363 0.987774 0.997547
 0.387954 0.761337 0.941363 0.987774 0.997547
 0.387954 0.761337 0.941363 0.987774 0.997547
 0.387954 0.761337 0.941363 0.987774 0.997547
 0.387954 0.761337 0.941363 0.987774 0.997547
 0.387954 0.761337 0.941363 0.987774 0.997547
 0.387954 0.761337 0.941363 0.987774 0.997547
 0.387954 0.761337 0.941363 0.987774 0.997547
 0.387954 0.761337 0.941363 0.987774 0.997547
 0.387954 0.761337 0.941363 0.987774 0.997547
 0.387954 0.761337 0.941363 0.987774 0.997547
 0.387954 0.761337 0.941363 0.987774 0.997547
 0.387954 0.761337 0.941363 0.987774 0.997547
 0.387954 0.761337 0.941363 0.987774 0.997547
 0.387954 0.761337 0.941363 0.987774 0.997547
 0.387954 0.761337 0.941363 0.987774 0.997547
 0.387954 0.761337 0.941363 0.987774 0.997547
pf_obs 
 0.8446 0.082 0.0669 0.0065 0
 0.8095 0.147 0.0364 0.0071 0
 0.9664 0.0169 0.016 0.0007 0
 0.9276 0.0648 0.0075 0.0001 0
 0.7033 0.2144 0.0806 0.0017 0
 0.9318 0.0425 0.0243 0.0014 0
 0.5671 0.3108 0.0964 0.0239 0.0018
 0.0768 0.2599 0.5324 0.112 0.0189
 0.490249 0.384438 0.106611 0.0170017 0.00170017
 0.7925 0.1577 0.0466 0.003 0.0002
 0.840416 0.127587 0.0312969 0.00059994 9.999e-05
 0.8084 0.0986 0.0794 0.0134 0.0002
 0.7335 0.1905 0.0724 0.0035 0.0001
 0.4001 0.4547 0.1325 0.0127 0
 0.49795 0.308269 0.164784 0.0264974 0.00249975
 0.9179 0.0499 0.0305 0.0017 0
 0.2467 0.6533 0.0926 0.0074 0
 0.9418 0.0223 0.034 0.0019 0
 0.707729 0.231977 0.0356964 0.0245975 0
 0.517169 0.277429 0.184464 0.0207286 0.00020938
 0.811772 0.124168 0.05621 0.00726502 0.000585176
 0.764997 0.148141 0.077277 0.00933861 0.000247198
 0.163321 0.427699 0.378323 0.0303852 0.000271297
 0.753843 0.0900009 0.118128 0.0371064 0.000921714
 0.721811 0.176058 0.0630433 0.0369309 0.00215725
 0.143369 0.312575 0.442814 0.0836902 0.0175525
 0.692698 0.0596174 0.167031 0.0765114 0.00414204
 0.394062 0.376323 0.152708 0.0712218 0.00568511
 0.125707 0.32114 0.495352 0.0537591 0.00404204
 0.23352 0.215282 0.420074 0.123614 0.00750983
 0.796117 0.104755 0.0508955 0.0450114 0.00322123
pf_pred 
 0.62135 0.151242 0.209646 0.017762 8.98304e-07
 0.543624 0.325307 0.0523519 0.0725683 0.00614859
 0.683102 0.208463 0.0772929 0.0124388 0.0187031
 0.805757 0.150832 0.0285567 0.0105881 0.00426603
 0.721968 0.243062 0.0271547 0.00514114 0.00267423
 0.801172 0.157822 0.035849 0.00400502 0.00115268
 0.475159 0.451273 0.0583957 0.0132645 0.0019084
 0.493864 0.308777 0.169695 0.0219588 0.00570555
 0.582193 0.245493 0.105123 0.0577726 0.00941835
 0.797961 0.141246 0.0357201 0.0152958 0.00977654
 0.912185 0.0777859 0.00701133 0.00177311 0.00124457
 0.830326 0.159359 0.00913658 0.000823538 0.000354451
 0.726181 0.244444 0.0275895 0.00158179 0.000203942
 0.72038 0.229125 0.0450783 0.00508782 0.00032931
 0.939859 0.0520951 0.00659265 0.00129705 0.000155868
 0.959016 0.0396147 0.00118605 0.000150095 3.30785e-05
 0.463124 0.523948 0.0124959 0.000374121 5.77793e-05
 0.94779 0.0308354 0.0208597 0.000497491 1.7195e-05
 0.730271 0.260906 0.00521087 0.00352507 8.69767e-05
 0.768046 0.191269 0.039354 0.000785985 0.000544826
 0.790754 0.177375 0.0262811 0.00540737 0.000182858
 0.80441 0.168073 0.0233264 0.00345619 0.000735165
 0.3863 0.537031 0.0658828 0.00914371 0.00164297
 0.841323 0.0802432 0.0686351 0.00842013 0.00137859
 0.729776 0.241508 0.0145216 0.0124209 0.00177327
 0.520139 0.389325 0.0809145 0.00486529 0.00475559
 0.82951 0.107115 0.0514183 0.0106864 0.00127063
 0.738102 0.231568 0.0190551 0.00914701 0.00212709
 0.453559 0.443838 0.0907213 0.0074652 0.00441684
 0.599636 0.224399 0.142924 0.029214 0.00382625
 0.887492 0.0795509 0.0184722 0.0117653 0.00271982
pobs_RECLAS
 0 0 0 0 0
 0 0 0 0 0
 0 0 0 0 0
 0 0 0 0 0
 0 0 0 0 0
 0 0 0 0 0
 0 0 0 0 0
 0 0 0 0 0
 0 0 0 0 0
 0 0 0 0 0
 0.991045 0.00858322 0.000360255 1.14367e-05 0
 0.934742 0.0480273 0.0164251 0.00080598 0
 0.827803 0.169806 0.00239088 0 0
 0.941827 0.0461693 0.0120037 0 0
 0.791401 0.0380133 0.147996 0.0225897 0
 0.846168 0.0940531 0.0597789 0 0
 0.134021 0.677848 0.182769 0.00536245 0
 0.80878 0.0450904 0.141981 0.00414843 0
 0.846168 0.0940531 0.0597789 0 0
 0.905697 0.0802665 0.012482 0.00150086 5.37128e-05
 0.989698 0.0102097 9.19794e-05 0 0
 0.975433 0.0193895 0.00387452 0.00125025 5.28907e-05
 0.303575 0.632131 0.0575291 0.00676475 0
 0.966965 0.00978017 0.0227588 0.000495775 0
 0.843318 0.132988 0.00938335 0.0141283 0.000182051
 0.564624 0.303363 0.111486 0.0197234 0.00080311
 0.826376 0.0876187 0.0782897 0.00655872 0.00115652
 0.89761 0.0855135 0.0140674 0.00269457 0.000114338
 0.34875 0.467042 0.161289 0.0227151 0.000203297
 0.318654 0.224769 0.449479 0.00709798 0
 0.937255 0.0296025 0.0250945 0.00804832 0
ppred_RECLAS
 0.647292 0.14088 0.195282 0.0165451 8.3676e-07
 0.574998 0.302944 0.048753 0.0675796 0.0057259
 0.709934 0.190813 0.0707486 0.0113856 0.0171195
 0.826389 0.134811 0.0255235 0.00946347 0.00381291
 0.74307 0.224614 0.0250937 0.00475093 0.00247126
 0.818601 0.143987 0.0327065 0.00365394 0.00105164
 0.511794 0.419772 0.0543195 0.0123386 0.00177519
 0.520087 0.292779 0.160903 0.0208212 0.00540995
 0.614904 0.226273 0.0968929 0.0532495 0.00868098
 0.826703 0.121153 0.0306386 0.0131199 0.00838575
 0.920491 0.0704282 0.00634814 0.00160539 0.00112684
 0.849384 0.14146 0.00811038 0.000731039 0.000314639
 0.753799 0.219789 0.0248067 0.00142225 0.000183372
 0.774009 0.18518 0.0364325 0.004112 0.00026615
 0.948708 0.04443 0.00562263 0.0011062 0.000132934
 0.96443 0.0343815 0.00102937 0.000130267 2.87088e-05
 0.497316 0.49058 0.0117 0.000350295 5.40995e-05
 0.953852 0.0272555 0.0184379 0.000439733 1.51987e-05
 0.758428 0.23367 0.0046669 0.00315709 7.78971e-05
 0.791794 0.171687 0.0353248 0.000705515 0.000489046
 0.8111 0.160127 0.0237255 0.00488157 0.000165077
 0.825833 0.149663 0.0207714 0.00307762 0.000654639
 0.417339 0.509869 0.0625506 0.00868126 0.00155987
 0.857051 0.0722896 0.0618321 0.00758555 0.00124195
 0.753497 0.220308 0.0132468 0.0113305 0.00161761
 0.549669 0.365367 0.0759352 0.00456589 0.00446294
 0.84585 0.0968487 0.0464902 0.00966219 0.00114885
 0.759733 0.212442 0.0174813 0.00839153 0.0019514
 0.48226 0.420526 0.0859563 0.0070731 0.00418485
 0.629694 0.207552 0.132194 0.0270207 0.00353898
 0.898993 0.0714188 0.0165839 0.0105626 0.00244179
pobs_PELACES
 0 0 0 0 0
 0 0 0 0 0
 0 0 0 0 0
 0 0 0 0 0
 0 0 0 0 0
 0 0 0 0 0
 0 0 0 0 0
 0 0 0 0 0
 0 0 0 0 0
 0 0 0 0 0
 0 0 0 0 0
 0 0 0 0 0
 0 0 0 0 0
 0 0 0 0 0
 0 0 0 0 0
 0 0 0 0 0
 0.505614 0.472636 0.0217494 0 0
 0 0 0 0 0
 0.443492 0.261883 0.143347 0.151278 0
 0.227955 0.32914 0.350689 0.0885471 0.00366901
 0.970185 0.0296113 0.000203453 0 0
 0.997202 0.00247181 0.000326279 0 0
 0.445219 0.490057 0.0546422 0.010081 0
 0.90214 0.0892962 0.00764917 0.000914606 0
 0 0 0 0 0
 0.581667 0.319106 0.0959925 0.00289975 0.000334073
 0.762889 0.0836404 0.116647 0.0363945 0.000428098
 0.88444 0.0763242 0.0277011 0.0115352 0
 0.521256 0.241999 0.230069 0.00667565 0
 0.616807 0.101726 0.260614 0.0208532 0
 0.833518 0.0704572 0.0857862 0.0102388 0
ppred_PELACES
 0.519918 0.167491 0.287069 0.0255207 1.30347e-06
 0.466823 0.352357 0.0701136 0.101981 0.00872611
 0.610852 0.235359 0.1079 0.0182206 0.0276677
 0.761792 0.174866 0.0409355 0.0159262 0.00648026
 0.652056 0.294869 0.0407321 0.00809194 0.00425077
 0.744387 0.193155 0.0542497 0.00635954 0.00184844
 0.422065 0.480141 0.0768229 0.0183106 0.00266046
 0.396078 0.33626 0.228496 0.0310256 0.00814112
 0.505477 0.262338 0.1389 0.0800986 0.0131872
 0.771267 0.148154 0.0463266 0.0208157 0.0134363
 0.882802 0.10086 0.0112409 0.00298288 0.00211443
 0.799062 0.185966 0.0131832 0.00124687 0.000541962
 0.68174 0.276978 0.0386536 0.00232539 0.000302781
 0.734399 0.208485 0.0507167 0.00600641 0.000392613
 0.93014 0.058573 0.00916518 0.00189207 0.000229622
 0.951005 0.046974 0.00173894 0.000230913 5.13929e-05
 0.411224 0.571316 0.0168475 0.000529275 8.25499e-05
 0.929608 0.0378837 0.0316877 0.000792993 2.76798e-05
 0.692245 0.295163 0.007289 0.005174 0.000128925
 0.722058 0.219984 0.0559647 0.00117285 0.000821032
 0.742956 0.209985 0.0384698 0.00830545 0.00028364
 0.766465 0.193963 0.0332851 0.00517489 0.00111164
 0.327394 0.571076 0.0866257 0.0126153 0.00228918
 0.787343 0.0959539 0.10148 0.0130633 0.00215996
 0.673313 0.283904 0.0211074 0.0189441 0.00273132
 0.444683 0.430747 0.110692 0.00698392 0.00689398
 0.775701 0.129017 0.0765765 0.0166997 0.00200527
 0.676334 0.277818 0.0282665 0.0142377 0.00334366
 0.377571 0.483404 0.122173 0.0105489 0.00630309
 0.516783 0.2442 0.192314 0.0412473 0.00545574
 0.850569 0.098065 0.0281558 0.0188172 0.00439305
pobs_pel_tallas
 0 0 0 0 0 0 0 0 0 0 0 0 0 0 0 0 0 0 0 0 0 0 0 0 0 0
 0 0 0 0 0 0 0 0 0 0 0 0 0 0 0 0 0 0 0 0 0 0 0 0 0 0
 0 0 0 0 0 0 0 0 0 0 0 0 0 0 0 0 0 0 0 0 0 0 0 0 0 0
 0 0 0 0 0 0 0 0 0 0 0 0 0 0 0 0 0 0 0 0 0 0 0 0 0 0
 0 0 0 0 0 0 0 0 0 0 0 0 0 0 0 0 0 0 0 0 0 0 0 0 0 0
 0 0 0 0 0 0 0 0 0 0 0 0 0 0 0 0 0 0 0 0 0 0 0 0 0 0
 0 0 0 0 0 0 0 0 0 0 0 0 0 0 0 0 0 0 0 0 0 0 0 0 0 0
 0 0 0 0 0 0 0 0 0 0 0 0 0 0 0 0 0 0 0 0 0 0 0 0 0 0
 0 0 0 0 0 0 0 0 0 0 0 0 0 0 0 0 0 0 0 0 0 0 0 0 0 0
 0 0 0 0 0 0 0 0 0 0 0 0 0 0 0 0 0 0 0 0 0 0 0 0 0 0
 0 0 0 0 0 0 0 0 0 0 0 0 0 0 0 0 0 0 0 0 0 0 0 0 0 0
 0 0 0 0 0 0 0 0 0 0 0 0 0 0 0 0 0 0 0 0 0 0 0 0 0 0
 0.00862536 0 0 0.000197151 0.00414017 0.0128641 0.00837892 0.0270097 0.101434 0.158115 0.152841 0.127902 0.109271 0.109419 0.0830992 0.0579132 0.0238553 0.00714673 0.00463305 0.00128148 0.00103504 0.000492878 0.000147863 0.000147863 4.92878e-05 0
 0 0 0 0 0 0 0 0 0 0 0 0 0 0 0 0 0 0 0 0 0 0 0 0 0 0
 0 0 0 0 0 0 0 0.0054083 0.00873648 0.0413646 0.0450493 0.0745869 0.0622846 0.0627006 0.0613931 0.0827291 0.12552 0.122667 0.0946155 0.0697135 0.0546179 0.0294188 0.0215738 0.0213955 0.0102223 0.00600262
 0 0 0 0 0.00359764 0.0251062 0.0480494 0.140153 0.205849 0.193036 0.1447 0.116669 0.0760912 0.0342217 0.00950174 0.001854 0.000860785 0 0 0 0.000165536 0 0.000143464 0 0 0
 0 0 0 0 0 0 0 0.000145254 0.000435761 0.0275982 0.070085 0.0708112 0.156366 0.174668 0.174014 0.160142 0.0824315 0.0480064 0.0283245 0.00493863 0.00203355 0 0 0 0 0
 0 0 0 0 0 0 0 0 0 0 0 0 0 0 0 0 0 0 0 0 0 0 0 0 0 0
 0 0 1.00437e-05 0.000401748 0.00122533 0.00171747 0.00176769 0.0269171 0.070346 0.194647 0.189555 0.159765 0.064822 0.0314167 0.0384472 0.0292271 0.0345202 0.0313363 0.0194345 0.0106764 0.0143323 0.0359363 0.0279516 0.0138201 0.00172751 0
 0 0.0021121 0.0136068 0.0755702 0.200478 0.177729 0.0527432 0.0373336 0.0318909 0.0142505 0.0149659 0.0166563 0.0217959 0.0798694 0.0677717 0.0528807 0.04013 0.0224614 0.0357745 0.0225083 0.00881397 0.00855152 0.00135912 0.000746735 0 0
 0 0 0 0 5.4009e-05 0.00500934 0.000945158 0.0243581 0.138947 0.33067 0.221406 0.137944 0.0707744 0.0437923 0.0131692 0.00525238 0.0047753 0.00276346 9.45158e-05 9.00151e-06 2.25038e-05 9.00151e-06 4.50075e-06 0 0 0
 0.000866109 0.00284123 0.00948549 0.0512746 0.133035 0.25785 0.225252 0.132002 0.0553304 0.0519788 0.0540692 0.017754 0.00435017 0.00159236 0.00146478 0.000404838 0.000125132 0.000115318 0.000107957 0.000100596 0 0 0 0 0 0
 0 0 0 0 0.00144013 0.00171154 0.00461396 0.0210425 0.0478622 0.0707936 0.0888783 0.103762 0.0637923 0.0337046 0.0602308 0.124433 0.169614 0.0934646 0.0462172 0.0250306 0.0313229 0.00938855 0.002487 0.000210481 0 0
 0 0.00764035 0.051015 0.0998891 0.058973 0.0496711 0.0374665 0.0718981 0.12319 0.153886 0.159021 0.0857701 0.0377988 0.023471 0.0147837 0.00900784 0.00315554 0.000888139 0.00291439 0.00214683 0.00393193 0.00274676 0.000635225 9.99891e-05 0 0
 0 0 0 0 0 0 0 0 0 0 0 0 0 0 0 0 0 0 0 0 0 0 0 0 0 0
 0 0 0 0 0 0 0 0 0 0 0 0 0 0 0 0 0 0 0 0 0 0 0 0 0 0
 0 0 0 0 0 0 0 0 0 0 0 0 0 0 0 0 0 0 0 0 0 0 0 0 0 0
 0 0 0 0 0 0 0 0 0 0 0 0 0 0 0 0 0 0 0 0 0 0 0 0 0 0
 0 0 0 0 0 0 0 0 0 0 0 0 0 0 0 0 0 0 0 0 0 0 0 0 0 0
 0 0 0 0 0 0 0 0 0 0 0 0 0 0 0 0 0 0 0 0 0 0 0 0 0 0
 0 0 0 0 0 0 0 0 0 0 0 0 0 0 0 0 0 0 0 0 0 0 0 0 0 0
ppred_pel_tallas
 1.10887e-16 4.2825e-05 0.000416274 0.00276629 0.0125751 0.039126 0.0833628 0.121674 0.12169 0.0834439 0.0393995 0.0133703 0.00478214 0.0048825 0.0087169 0.0148427 0.0225386 0.0307569 0.038369 0.0447158 0.0497438 0.0535444 0.0557734 0.055589 0.0522208 0.0456568
 1.13818e-16 3.84516e-05 0.000373764 0.00248379 0.011291 0.0351306 0.0748508 0.109254 0.109288 0.0750171 0.0356892 0.0129052 0.00653942 0.00923976 0.016915 0.0280091 0.0406078 0.0516572 0.0581069 0.0586534 0.0545398 0.0486632 0.0436988 0.0407031 0.0390397 0.0373048
 1.09684e-16 5.03151e-05 0.000489081 0.00325012 0.0147746 0.0459693 0.0979433 0.142956 0.142979 0.0980548 0.0463441 0.0158587 0.0059774 0.00646306 0.0114558 0.0190168 0.0277611 0.0356965 0.0408176 0.042202 0.0405092 0.0374039 0.0343964 0.0320434 0.0299941 0.0275939
 1.0392e-16 6.27478e-05 0.000609931 0.00405321 0.0184253 0.0573281 0.122144 0.178276 0.178293 0.122227 0.0576052 0.0192262 0.006065 0.00500668 0.00842786 0.0138732 0.0200731 0.0254447 0.0284194 0.0282822 0.0255842 0.0217338 0.0181066 0.0153756 0.0134564 0.0119001
 1.02782e-16 5.3709e-05 0.000522071 0.00346935 0.0157712 0.0490701 0.10455 0.1526 0.152628 0.104689 0.0495364 0.0171178 0.00684955 0.00790077 0.0140663 0.0231669 0.0333616 0.0419397 0.0461721 0.044796 0.0387599 0.0305675 0.0227733 0.0168018 0.0127697 0.0100672
 1.02566e-16 6.13142e-05 0.000595996 0.0039606 0.0180043 0.0560183 0.119354 0.174204 0.174223 0.119445 0.0563246 0.0188896 0.00618469 0.00545773 0.00931373 0.01535 0.0222209 0.0281804 0.0314798 0.031294 0.0281791 0.0236346 0.0191493 0.0154923 0.0126654 0.0103187
 1.04627e-16 3.47651e-05 0.000337929 0.00224566 0.0102085 0.0317626 0.0676752 0.0987837 0.0988299 0.0679014 0.0325221 0.0124025 0.00775369 0.0123643 0.0228815 0.0377897 0.0544733 0.0685821 0.0756929 0.0737519 0.0642763 0.0512829 0.038849 0.0292175 0.0225396 0.017841
 1.1117e-16 3.26245e-05 0.000317121 0.00210738 0.00957989 0.0298068 0.0635076 0.0926981 0.0927308 0.0636675 0.0303445 0.0111367 0.00602912 0.00892416 0.0165134 0.0275989 0.040571 0.0527226 0.0612564 0.0647996 0.0640496 0.0609534 0.0571668 0.0531197 0.0482803 0.042086
 1.1434e-16 4.16355e-05 0.000404712 0.00268946 0.0122259 0.0380394 0.081048 0.118297 0.118323 0.0811725 0.0384581 0.0134377 0.0057406 0.00709647 0.0128429 0.0214112 0.031423 0.0407633 0.0473066 0.0501126 0.0499267 0.0484822 0.0471877 0.0462794 0.0449805 0.0423096
 1.05737e-16 6.35283e-05 0.000617517 0.00410362 0.0186545 0.0580411 0.123663 0.180493 0.180507 0.123733 0.0582763 0.0193347 0.00581336 0.00435796 0.0071914 0.0118525 0.0172218 0.0219888 0.0248682 0.0252885 0.023721 0.0213155 0.0191416 0.0176365 0.0165917 0.0155231
 1.01008e-16 7.27152e-05 0.000706818 0.00469705 0.0213521 0.0664345 0.141546 0.206593 0.206602 0.141593 0.0665939 0.0218125 0.00585235 0.00322813 0.00485908 0.00791262 0.011379 0.0142838 0.0156878 0.0151607 0.0130351 0.0101822 0.00749304 0.00546732 0.00414619 0.00330888
 1.00645e-16 6.58177e-05 0.000639771 0.00425151 0.0193267 0.0601328 0.12812 0.186998 0.187016 0.128207 0.0604264 0.0201745 0.00637838 0.0052791 0.00886593 0.0145245 0.0208493 0.0260755 0.0284506 0.0271644 0.0228327 0.0170933 0.0116497 0.00750119 0.00479727 0.00317858
 1.01471e-16 5.61541e-05 0.000545838 0.00362728 0.0164891 0.0513039 0.109309 0.159546 0.159573 0.10944 0.0517418 0.0177539 0.00680184 0.00747512 0.0132136 0.0217485 0.0313053 0.0393232 0.0432227 0.0417982 0.0359218 0.0279363 0.0202521 0.0142455 0.0100887 0.0072812
 1.02186e-16 6.04915e-05 0.000587999 0.00390746 0.0177628 0.0552667 0.117752 0.171867 0.171887 0.117851 0.055597 0.0187173 0.0063051 0.00582707 0.010025 0.0165152 0.0238714 0.0301964 0.0335875 0.033148 0.0294909 0.0242715 0.0191507 0.0150139 0.0119007 0.00943994
 1.00509e-16 7.66144e-05 0.00074472 0.00494892 0.0224971 0.0699968 0.149136 0.217669 0.217675 0.149163 0.0700895 0.0227647 0.00562074 0.0022115 0.00286285 0.00461299 0.00664082 0.00835689 0.00921613 0.00896683 0.00779375 0.00618773 0.00464844 0.00345284 0.00262314 0.00204345
 1.00095e-16 7.8333e-05 0.000761425 0.00505994 0.0230017 0.071567 0.152481 0.222552 0.222556 0.152503 0.0716411 0.0232157 0.00559659 0.00193163 0.00229687 0.00366295 0.00524487 0.00654443 0.00711264 0.00674411 0.0055978 0.00409524 0.00267746 0.00160689 0.00092667 0.000544583
 1.007e-16 3.38721e-05 0.000329249 0.00218798 0.00994627 0.0309468 0.0659375 0.0962492 0.0963042 0.066206 0.031848 0.0125479 0.00871324 0.0145566 0.0270031 0.0444536 0.0637174 0.0794584 0.0862597 0.0816199 0.0674774 0.0489793 0.0315241 0.0183429 0.00999238 0.00536489
 1.01009e-16 7.65706e-05 0.000744293 0.00494609 0.0224842 0.0699567 0.14905 0.217544 0.217548 0.149068 0.0700175 0.0226602 0.00538974 0.00171913 0.00194649 0.00314478 0.00463388 0.00605676 0.00709607 0.00758962 0.00759536 0.00730091 0.00686053 0.00630553 0.00558647 0.00467831
 1.00827e-16 5.70194e-05 0.000554249 0.00368318 0.0167432 0.0520945 0.110994 0.162005 0.162033 0.111133 0.0525601 0.0180873 0.00705432 0.00790459 0.0139905 0.0229705 0.0329241 0.041067 0.0446054 0.0422574 0.0350358 0.0256076 0.0167586 0.0101391 0.00600288 0.00373834
 1.01928e-16 5.9475e-05 0.000578118 0.0038418 0.0174643 0.0543379 0.115773 0.168979 0.169 0.115877 0.0546865 0.0184716 0.00637209 0.00610724 0.0105761 0.017431 0.0251968 0.0318732 0.0354474 0.0349636 0.0310555 0.0254575 0.0199192 0.0153878 0.0119349 0.00920756
 1.02045e-16 6.11963e-05 0.00059485 0.00395299 0.0179697 0.0559106 0.119124 0.173869 0.17389 0.119223 0.0562429 0.0189298 0.00636359 0.00585936 0.0100657 0.01656 0.0238867 0.0301148 0.0333134 0.0325829 0.0285739 0.0230169 0.0176622 0.0134633 0.010477 0.00829135
 1.01718e-16 6.31328e-05 0.000613673 0.00407807 0.0185383 0.0576798 0.122894 0.179371 0.179389 0.122985 0.0579867 0.0194249 0.00630376 0.00547363 0.00929677 0.0152789 0.022025 0.0277396 0.0306321 0.0298683 0.0260523 0.0207951 0.015735 0.0117767 0.00899217 0.00700766
 1.04299e-16 2.69672e-05 0.00026213 0.00174195 0.00791869 0.0246383 0.0524965 0.0766317 0.0766868 0.0527655 0.0255415 0.0105275 0.00829056 0.0145585 0.0271804 0.0448963 0.0646801 0.0813476 0.0896132 0.0870124 0.075344 0.0594068 0.0441055 0.0321883 0.0239226 0.0182163
 1.04629e-16 6.48524e-05 0.000630388 0.00418915 0.0190433 0.0592508 0.12624 0.184253 0.184263 0.126286 0.0594054 0.0194917 0.00532155 0.00312467 0.00486712 0.00811365 0.0120776 0.0160131 0.0191792 0.0211954 0.0221818 0.0225114 0.0224067 0.0217555 0.0202798 0.0178539
 1.03044e-16 5.546e-05 0.000539091 0.00358245 0.0162853 0.0506698 0.107958 0.157574 0.157601 0.108092 0.0511182 0.0175801 0.00683147 0.00762786 0.0135072 0.0222141 0.0319308 0.0400253 0.0438615 0.0422427 0.0361396 0.0280522 0.0205312 0.0149964 0.0115328 0.00945089
 1.05172e-16 3.66281e-05 0.000356038 0.002366 0.0107555 0.0334646 0.0713014 0.104075 0.104117 0.0715047 0.0341473 0.0127284 0.00732164 0.0111859 0.0206384 0.034149 0.0493913 0.0625258 0.0696354 0.0688709 0.061491 0.0508967 0.0404942 0.0320896 0.0257506 0.020707
 1.04257e-16 6.38935e-05 0.000621068 0.00412721 0.0187617 0.0583748 0.124374 0.18153 0.181543 0.124435 0.0585808 0.0193579 0.00562835 0.00391329 0.00636116 0.0105322 0.0154393 0.019988 0.0230927 0.0242331 0.0237082 0.0223189 0.0207617 0.0192432 0.0175598 0.0154504
 1.02881e-16 5.57088e-05 0.00054151 0.00359852 0.0163584 0.0508971 0.108443 0.158281 0.158308 0.108573 0.0513362 0.0176262 0.00678023 0.00748496 0.0132361 0.0217774 0.0313284 0.0393211 0.0431802 0.0417277 0.0358901 0.0280765 0.0207435 0.0152579 0.0117107 0.00946661
 1.05774e-16 3.11001e-05 0.000302304 0.00200892 0.00913229 0.0284142 0.0605412 0.0883714 0.0884181 0.0607693 0.0291803 0.0113461 0.00756982 0.0124545 0.0231474 0.0383139 0.0554105 0.0701351 0.0780918 0.0772077 0.068901 0.0569965 0.0453233 0.0359098 0.0288263 0.0231973
 1.10673e-16 4.25668e-05 0.000413764 0.00274961 0.0124993 0.0388902 0.0828606 0.120942 0.120966 0.082977 0.0392817 0.0136334 0.00560878 0.00669658 0.0120958 0.0202462 0.0299021 0.0391541 0.0460426 0.049611 0.0503333 0.0494913 0.0480655 0.0461122 0.0430376 0.0383458
 1.03469e-16 7.00603e-05 0.000681011 0.00452556 0.0205725 0.0640088 0.136378 0.199049 0.199059 0.136424 0.0641645 0.0210225 0.00565658 0.00315496 0.00478324 0.00783617 0.0113762 0.0145111 0.0163864 0.0166241 0.0155389 0.0138968 0.0124094 0.0113671 0.0106294 0.00987407
pSPR Fmed_Fpbrs
0.558585   0.23109 0.23109
Fs Fmed_Fpbrs
0.34   1.005 1.005
SSBpbr Bo_Bmed_Bpbrs
590018  300074  106847 106847
Ro
100999
SPR SPRFo_SPRFmed_SPRFpbrs
720897 402682 166592
Fref
1.005
Nvult_r0
 130495 9369.84 2175.74 1385.77 320.353
CTP_r0
 54334.5 4696.6 1090.58 694.613 160.576
YTP_r0
577043
Np
 118972 21444.5 5120.25 291.922 76.9144
Nvult_p0
 97527.8 18556.8 4430.76 252.612 66.5571
CTP_p0
 40607.9 16492.6 940.3 218.344 166.91
 40607.9 9301.54 2220.9 126.621 33.3615
YTP_p0
 629335 527094
CBA_c0
592731
log_Ro
11.3429
likeval ReclasPelacesDesembMPH_pf_preclas_ppelaces_ptallas_desvR_qrecl_qpela
 11.8944 17.0467 0.0176981 33.5391 229.299 121.399 106.671 0 22.5372 7.19447e-05 0.00020983 0.0448218 0 0 0
q_reclas_q_pelaces
3.31859 7.75672
M
1
N
 150877 27288.6 37826.5 3204.81 0.162082
 90667.7 41709.4 6712.31 9304.37 788.343
 83927.9 19677.5 7295.92 1174.14 1765.45
 125020 18299.3 3464.56 1284.57 517.565
 96076.5 23747.6 2653.06 502.299 261.277
 195652 28743.8 6529.12 729.428 209.936
 70148.1 52762.8 6827.62 1550.89 223.131
 26332.3 11974.5 6580.81 851.571 221.263
 25415.9 8362.16 3580.79 1967.9 320.816
 33545.4 4911.36 1242.04 531.859 339.946
 60025.6 3766.02 339.456 85.8456 60.256
 117294 17712.3 1015.5 91.5335 39.396
 79712.5 21165.5 2388.87 136.962 17.6586
 50665.9 14081.4 2770.4 312.684 20.2385
 60409.4 2719.22 344.119 67.7023 8.13588
 250250 8194.16 245.33 31.0466 6.84217
 47960.3 42391.5 1011.01 30.2693 4.67479
 365094 9171.14 6204.14 147.965 5.11419
 270332 76635.5 1530.58 1035.41 25.5475
 232830 45398.2 9340.75 186.555 129.316
 253538 43749.5 6482.22 1333.73 45.1019
 332786 54743.8 7597.77 1125.74 239.454
 55700.6 59725.7 7327.12 1016.91 182.722
 162117 11786.5 10081.4 1236.79 202.493
 148272 37474.9 2253.32 1927.35 275.159
 59756.3 33796.5 7024.01 422.345 412.822
 150337 14717.4 7064.8 1468.3 174.583
 153824 36157.6 2975.31 1428.24 332.128
 54802.3 40201.1 8217.17 676.168 400.06
 49632.6 14268.8 9088.08 1857.62 243.298
 159188 10827.9 2514.32 1601.42 370.204
pred_Ctot
 24261.5 5905.43 8185.89 693.541 0.0350755
 24522.3 14674.3 2361.54 3273.48 277.357
 22539.7 6878.46 2550.36 410.431 617.129
 40301.6 7544.18 1428.32 529.587 213.375
 11534.7 3883.34 433.843 82.1386 42.7255
 33857.6 6669.57 1514.98 169.253 48.7125
 25266.9 23996.7 3105.23 705.348 101.48
 2304.17 1440.63 791.726 102.451 26.6198
 8030.87 3386.36 1450.08 796.924 129.918
 16162.1 2860.84 723.483 309.805 198.016
 7644.86 651.91 58.7607 14.8601 10.4305
 39989 7674.84 440.023 39.662 17.0705
 27772.2 9348.57 1055.14 60.4944 7.7996
 31554.2 10036.2 1974.53 222.857 14.4245
 26077.9 1445.46 182.923 35.9886 4.3248
 90789.2 3750.29 112.282 14.2094 3.13152
 15341.8 17356.7 413.948 12.3934 1.91404
 103679 3373.08 2281.84 54.4205 1.88096
 98862.2 35320.8 705.434 477.215 11.7747
 75982.7 18922.2 3893.28 77.7574 53.8996
 69104.8 15501 2296.73 472.556 15.9802
 114095 23839 3308.56 490.217 104.274
 15637.8 21739.6 2667.01 370.148 66.5092
 39541.4 3771.36 3225.79 395.739 64.7925
 37058.9 12264.1 737.423 630.747 90.0489
 12896.8 9653.25 2006.26 120.634 117.914
 34052.8 4397.25 2110.81 438.696 52.1616
 28951.1 9082.95 747.411 358.779 83.4321
 10411.8 10188.7 2082.58 171.37 101.392
 13317.5 4983.76 3174.25 648.823 84.9783
 36545.6 3275.79 760.659 484.479 111.998
F
 0.285743 0.402527 0.402527 0.402527 0.402527
 0.527726 0.74341 0.74341 0.74341 0.74341
 0.523097 0.736888 0.736888 0.736888 0.736888
 0.660995 0.931146 0.931146 0.931146 0.931146
 0.206722 0.29121 0.29121 0.29121 0.29121
 0.310531 0.437446 0.437446 0.437446 0.437446
 0.767832 1.08165 1.08165 1.08165 1.08165
 0.147081 0.207193 0.207193 0.207193 0.207193
 0.643825 0.906959 0.906959 0.906959 0.906959
 1.18688 1.67196 1.67196 1.67196 1.67196
 0.220513 0.310638 0.310638 0.310638 0.310638
 0.712311 1.00344 1.00344 1.00344 1.00344
 0.73357 1.03338 1.03338 1.03338 1.03338
 1.92491 2.71163 2.71163 2.71163 2.71163
 0.997723 1.4055 1.4055 1.4055 1.4055
 0.775515 1.09247 1.09247 1.09247 1.09247
 0.654311 0.92173 0.92173 0.92173 0.92173
 0.561094 0.790416 0.790416 0.790416 0.790416
 0.784177 1.10467 1.10467 1.10467 1.10467
 0.67183 0.946409 0.946409 0.946409 0.946409
 0.532849 0.750626 0.750626 0.750626 0.750626
 0.717738 1.01108 1.01108 1.01108 1.01108
 0.553038 0.779067 0.779067 0.779067 0.779067
 0.464645 0.654547 0.654547 0.654547 0.654547
 0.478694 0.674338 0.674338 0.674338 0.674338
 0.401242 0.565232 0.565232 0.565232 0.565232
 0.424989 0.598684 0.598684 0.598684 0.598684
 0.341919 0.481662 0.481662 0.481662 0.481662
 0.345658 0.486929 0.486929 0.486929 0.486929
 0.522519 0.736074 0.736074 0.736074 0.736074
 0.431884 0.608396 0.608396 0.608396 0.608396
YTP_r0W_actual
 450976 66222.1 30100 23755.8 5989.47
YTP_p0W_proyectada
 306184 287796 22633 6838.52 5883.57
 306184 162312 53457.1 3965.77 1175.99
CTP_r0_actual
 54334.5 4696.6 1090.58 694.613 160.576
CTP_p0_proyectada
 40607.9 16492.6 940.3 218.344 166.91
 40607.9 9301.54 2220.9 126.621 33.3615
Wmedp
 7.54 17.45 24.07 31.32 35.25
Frms_r0
 0.713422 1.005 1.005 1.005 1.005
Zrms_r0
 1.71342 2.005 2.005 2.005 2.005
nmprior
 7.29 8.9 8.7 0
nm_flota  nm_reclas  nm_pelaces    nm_pelaL
inf 12.7555 11.6943 24.4548
cv_recla  cv_pelaces  cv_mph
0.311957 0.468159 0.803108
 ------------------------------------------------
Talla a la edad & desviaci?n 
 8 13.2811 15.8009 17.003 17.5766
 0.8 1.32811 1.58009 1.7003 1.75766
