years
 1991 1992 1993 1994 1995 1996 1997 1998 1999 2000 2001 2002 2003 2004 2005 2006 2007 2008 2009 2010 2011 2012 2013 2014 2015 2016 2017 2018 2019 2020 2021
reclasobs
 0 0 0 0 0 0 0 0 0 252601 567819 844713 477998 351125 339783 2.1784e+06 2.13404e+06 4.81314e+06 1.55562e+06 2.62356e+06 3.21686e+06 3.843e+06 1.13348e+06 3.07943e+06 1.97215e+06 2.03268e+06 2.025e+06 2.42433e+06 2.27542e+06 1.05018e+06 2.36338e+06
reclaspred
 3.48953e+06 2.32506e+06 1.63819e+06 1.71896e+06 1.79802e+06 2.07854e+06 1.7103e+06 2.44144e+06 2.57986e+06 2.7495e+06 2.0199e+06 2.0258e+06 1.85267e+06 1.72371e+06 1.78434e+06 1.79725e+06 1.86962e+06 2.14983e+06 1.17625e+06 838345 1.32768e+06 798442 1.06463e+06 1.6774e+06 1.49766e+06 1.85087e+06 2.0116e+06 1.68881e+06 2.01948e+06 2.12181e+06 2.14896e+06
pelacesobs
 0 0 0 0 0 0 0 0 0 0 0 0 0 0 0 552880 188675 0 991730 2.46772e+06 1.41603e+06 1.21717e+06 2.29649e+06 1.80582e+06 0 1.4828e+06 1.56532e+06 1.57751e+06 1.42118e+06 867257 1.10002e+06
pelacespred
 1.70022e+06 1.19486e+06 814904 735960 837861 952516 790667 1.26069e+06 1.40658e+06 1.40131e+06 1.15348e+06 964233 929250 941867 982067 841856 841143 913751 553492 343490 510060 323226 477888 813813 732111 891703 1.07917e+06 908114 910473 1.04413e+06 1.03647e+06
mphobs
 0 0 0 0 0 0 0 0 0 0 0 0 498337 0 5186 125008 0 168611 109162 213762 579715 649985 157893 87575 83554 210694 70296 0 107559 103333 445601
mphpred
 3.34327e+06 2.31899e+06 1.56601e+06 1.25724e+06 1.40972e+06 1.53802e+06 1.56091e+06 1.40806e+06 2.03216e+06 2.33261e+06 1.87703e+06 1.70224e+06 1.58467e+06 1.35489e+06 1.31275e+06 1.63301e+06 1.35016e+06 1.69082e+06 1.18322e+06 655500 743685 708604 460009 919489 1.30194e+06 1.09122e+06 1.49452e+06 1.38229e+06 1.5443e+06 1.61302e+06 1.53188e+06
desembarqueobs
 494567 514787 250237 358949 120608 361735 552515 73892 212993 205616 52469 317467 293654 387597 252695 516296 358380 742168 942051 627588 828172 859565 418607 520667 417249 300574 415391 372974 316634 284311 391294
desembarquepred
 494463 505512 260774 358700 120535 361479 552095 73850.9 212906 205542 52442.9 317437 293628 387680 252622 515964 358072 740569 937323 624662 825315 855930 418205 520346 416982 300407 415119 372707 316468 284185 391078
Reclutas
 276541 276541 276541 276541 276541 276541 276541 276541 276541 276541 276541 276541 276541 276541 276541 276541 276541 276541 276541 276541 276541 276541 276541 276541 276541 276541 276541 276541 276541 276541 276541
log_desv_Rt
 0 0 0 0 0 0 0 0 0 0 0 0 0 0 0 0 0 0 0 0 0 0 0 0 0 0 0 0 0 0 0
SSB
 3.34327e+06 2.31899e+06 1.56601e+06 1.25724e+06 1.40972e+06 1.53802e+06 1.56091e+06 1.40806e+06 2.03216e+06 2.33261e+06 1.87703e+06 1.70224e+06 1.53092e+06 1.33856e+06 1.2833e+06 1.59207e+06 1.35016e+06 1.69082e+06 1.22454e+06 677845 791854 811695 534680 1.01957e+06 1.35216e+06 1.19676e+06 1.54907e+06 1.38229e+06 1.59844e+06 1.57706e+06 1.68251e+06
BT
 4.67239e+06 3.61412e+06 2.3251e+06 2.37994e+06 2.3627e+06 3.06987e+06 2.64145e+06 4.23188e+06 4.40609e+06 4.01319e+06 3.17939e+06 2.90293e+06 2.91879e+06 3.36733e+06 3.39156e+06 2.78024e+06 2.76488e+06 3.22282e+06 2.6347e+06 1.63298e+06 2.37286e+06 1.79855e+06 2.07581e+06 3.24469e+06 2.42892e+06 3.0987e+06 3.78364e+06 3.14285e+06 2.75055e+06 3.35445e+06 3.35706e+06
Ftot
 0.134482 0.205109 0.150884 0.197142 0.0640131 0.164762 0.302087 0.0289676 0.0787472 0.0713373 0.0248667 0.148599 0.150318 0.212448 0.134587 0.269447 0.181303 0.321706 0.716269 0.676002 0.568985 0.940389 0.367483 0.291482 0.26163 0.154027 0.195157 0.20861 0.148621 0.1273 0.172389
BD_Bspro_t
 0.978713 0.862257 0.766393 0.750454 0.754832 0.808487 0.771425 0.71207 0.836311 0.871831 0.875216 0.900734 0.835515 0.788556 0.769472 0.785151 0.699568 0.735579 0.603885 0.434349 0.421007 0.408266 0.344139 0.530618 0.624989 0.649688 0.742511 0.744206 0.764077 0.765344 0.788672
BD_Bspro
 1.69377 1.17485 0.793372 0.636942 0.714193 0.779191 0.790787 0.713354 1.02953 1.18175 0.950943 0.862389 0.775593 0.678143 0.650144 0.806576 0.684018 0.856603 0.620377 0.34341 0.401169 0.411221 0.27088 0.516535 0.685033 0.606305 0.784793 0.700295 0.809805 0.798973 0.852396
BD_Bo
 1.22484 0.849584 0.573722 0.4606 0.516464 0.563467 0.571852 0.515857 0.744501 0.854572 0.687668 0.623631 0.560865 0.490394 0.470147 0.58327 0.494643 0.619447 0.448621 0.248335 0.290103 0.297372 0.195885 0.373529 0.495377 0.438445 0.567518 0.506414 0.585605 0.577772 0.616404
BD_Brms
 5.20423 3.60982 2.4377 1.95705 2.19441 2.39413 2.42975 2.19184 3.16333 3.63101 2.92185 2.64976 2.38307 2.08365 1.99762 2.47827 2.1017 2.63198 1.90616 1.05515 1.23262 1.26351 0.8323 1.5871 2.10482 1.86292 2.41134 2.15171 2.48819 2.45491 2.61905
Sel_flota
 0.5 1 1 1 1
 0.5 1 1 1 1
 0.5 1 1 1 1
 0.5 1 1 1 1
 0.5 1 1 1 1
 0.5 1 1 1 1
 0.5 1 1 1 1
 0.5 1 1 1 1
 0.5 1 1 1 1
 0.5 1 1 1 1
 0.5 1 1 1 1
 0.5 1 1 1 1
 0.5 1 1 1 1
 0.5 1 1 1 1
 0.5 1 1 1 1
 0.5 1 1 1 1
 0.5 1 1 1 1
 0.5 1 1 1 1
 0.5 1 1 1 1
 0.5 1 1 1 1
 0.5 1 1 1 1
 0.5 1 1 1 1
 0.5 1 1 1 1
 0.5 1 1 1 1
 0.5 1 1 1 1
 0.5 1 1 1 1
 0.5 1 1 1 1
 0.5 1 1 1 1
 0.5 1 1 1 1
 0.5 1 1 1 1
 0.5 1 1 1 1
Sel_reclas
 0.5 1 1 1 1
 0.5 1 1 1 1
 0.5 1 1 1 1
 0.5 1 1 1 1
 0.5 1 1 1 1
 0.5 1 1 1 1
 0.5 1 1 1 1
 0.5 1 1 1 1
 0.5 1 1 1 1
 0.5 1 1 1 1
 0.5 1 1 1 1
 0.5 1 1 1 1
 0.5 1 1 1 1
 0.5 1 1 1 1
 0.5 1 1 1 1
 0.5 1 1 1 1
 0.5 1 1 1 1
 0.5 1 1 1 1
 0.5 1 1 1 1
 0.5 1 1 1 1
 0.5 1 1 1 1
 0.5 1 1 1 1
 0.5 1 1 1 1
 0.5 1 1 1 1
 0.5 1 1 1 1
 0.5 1 1 1 1
 0.5 1 1 1 1
 0.5 1 1 1 1
 0.5 1 1 1 1
 0.5 1 1 1 1
 0.5 1 1 1 1
Sel_pelaces
 0.5 1 1 1 1
 0.5 1 1 1 1
 0.5 1 1 1 1
 0.5 1 1 1 1
 0.5 1 1 1 1
 0.5 1 1 1 1
 0.5 1 1 1 1
 0.5 1 1 1 1
 0.5 1 1 1 1
 0.5 1 1 1 1
 0.5 1 1 1 1
 0.5 1 1 1 1
 0.5 1 1 1 1
 0.5 1 1 1 1
 0.5 1 1 1 1
 0.5 1 1 1 1
 0.5 1 1 1 1
 0.5 1 1 1 1
 0.5 1 1 1 1
 0.5 1 1 1 1
 0.5 1 1 1 1
 0.5 1 1 1 1
 0.5 1 1 1 1
 0.5 1 1 1 1
 0.5 1 1 1 1
 0.5 1 1 1 1
 0.5 1 1 1 1
 0.5 1 1 1 1
 0.5 1 1 1 1
 0.5 1 1 1 1
 0.5 1 1 1 1
pf_obs 
 0.8446 0.082 0.0669 0.0065 0
 0.8095 0.147 0.0364 0.0071 0
 0.9664 0.0169 0.016 0.0007 0
 0.9276 0.0648 0.0075 0.0001 0
 0.7033 0.2144 0.0806 0.0017 0
 0.9318 0.0425 0.0243 0.0014 0
 0.5671 0.3108 0.0964 0.0239 0.0018
 0.0768 0.2599 0.5324 0.112 0.0189
 0.490249 0.384438 0.106611 0.0170017 0.00170017
 0.7925 0.1577 0.0466 0.003 0.0002
 0.840416 0.127587 0.0312969 0.00059994 9.999e-05
 0.8084 0.0986 0.0794 0.0134 0.0002
 0.7335 0.1905 0.0724 0.0035 0.0001
 0.4001 0.4547 0.1325 0.0127 0
 0.49795 0.308269 0.164784 0.0264974 0.00249975
 0.9179 0.0499 0.0305 0.0017 0
 0.2467 0.6533 0.0926 0.0074 0
 0.9418 0.0223 0.034 0.0019 0
 0.707729 0.231977 0.0356964 0.0245975 0
 0.517169 0.277429 0.184464 0.0207286 0.00020938
 0.811772 0.124168 0.05621 0.00726502 0.000585176
 0.764997 0.148141 0.077277 0.00933861 0.000247198
 0.163321 0.427699 0.378323 0.0303852 0.000271297
 0.753843 0.0900009 0.118128 0.0371064 0.000921714
 0.721811 0.176058 0.0630433 0.0369309 0.00215725
 0.143369 0.312575 0.442814 0.0836902 0.0175525
 0.692698 0.0596174 0.167031 0.0765114 0.00414204
 0.394062 0.376323 0.152708 0.0712218 0.00568511
 0.125707 0.32114 0.495352 0.0537591 0.00404204
 0.23352 0.215282 0.420074 0.123614 0.00750983
 0.796117 0.104755 0.0508955 0.0450114 0.00322123
pf_pred 
 0.437753 0.0490773 0.446263 0.0413949 0.0255115
 0.483759 0.319215 0.017198 0.156382 0.0234457
 0.508362 0.327315 0.101608 0.00547425 0.0572406
 0.510555 0.33467 0.103043 0.0319878 0.0197435
 0.511419 0.336469 0.104011 0.0320243 0.0160773
 0.497012 0.342448 0.110558 0.0341762 0.0158054
 0.514082 0.327894 0.107587 0.0347342 0.0157028
 0.526245 0.330908 0.0963914 0.0316276 0.014827
 0.492145 0.351132 0.109468 0.0318874 0.0153677
 0.488187 0.340261 0.118612 0.0369782 0.0159627
 0.48335 0.341395 0.116512 0.0406151 0.018128
 0.48102 0.339073 0.11888 0.0405717 0.0204554
 0.498909 0.330472 0.111474 0.0390829 0.0200633
 0.508197 0.332216 0.105249 0.0355021 0.0188369
 0.516538 0.332446 0.102012 0.0323184 0.0166857
 0.514227 0.335069 0.103629 0.0317991 0.0152754
 0.529164 0.32793 0.0985715 0.0304859 0.0138485
 0.527451 0.332403 0.0976094 0.0293401 0.0131963
 0.564978 0.309253 0.0884693 0.0259788 0.0113211
 0.628224 0.284239 0.0622294 0.0178022 0.00750566
 0.631667 0.297074 0.0544807 0.0119277 0.00485082
 0.632687 0.295088 0.0582521 0.0106829 0.00329002
 0.658117 0.281317 0.048657 0.00960518 0.00230399
 0.584188 0.337378 0.0645388 0.0111627 0.00273216
 0.555519 0.335171 0.088691 0.0169662 0.00365273
 0.538513 0.336855 0.0939814 0.0248688 0.00578151
 0.520079 0.340511 0.10176 0.0283908 0.00925913
 0.521308 0.333483 0.103028 0.0307894 0.0113917
 0.520694 0.334821 0.100656 0.0310973 0.0127317
 0.510576 0.339763 0.104547 0.0314296 0.0136854
 0.506525 0.337619 0.108197 0.0332928 0.0143668
pobs_RECLAS
 0 0 0 0 0
 0 0 0 0 0
 0 0 0 0 0
 0 0 0 0 0
 0 0 0 0 0
 0 0 0 0 0
 0 0 0 0 0
 0 0 0 0 0
 0 0 0 0 0
 0 0 0 0 0
 0.991045 0.00858322 0.000360255 1.14367e-05 0
 0.934742 0.0480273 0.0164251 0.00080598 0
 0.827803 0.169806 0.00239088 0 0
 0.941827 0.0461693 0.0120037 0 0
 0.791401 0.0380133 0.147996 0.0225897 0
 0.846168 0.0940531 0.0597789 0 0
 0.134021 0.677848 0.182769 0.00536245 0
 0.80878 0.0450904 0.141981 0.00414843 0
 0.846168 0.0940531 0.0597789 0 0
 0.905697 0.0802665 0.012482 0.00150086 5.37128e-05
 0.989698 0.0102097 9.19794e-05 0 0
 0.975433 0.0193895 0.00387452 0.00125025 5.28907e-05
 0.303575 0.632131 0.0575291 0.00676475 0
 0.966965 0.00978017 0.0227588 0.000495775 0
 0.843318 0.132988 0.00938335 0.0141283 0.000182051
 0.564624 0.303363 0.111486 0.0197234 0.00080311
 0.826376 0.0876187 0.0782897 0.00655872 0.00115652
 0.89761 0.0855135 0.0140674 0.00269457 0.000114338
 0.34875 0.467042 0.161289 0.0227151 0.000203297
 0.318654 0.224769 0.449479 0.00709798 0
 0.937255 0.0296025 0.0250945 0.00804832 0
ppred_RECLAS
 0.439242 0.0489474 0.445081 0.0412853 0.0254439
 0.486169 0.317725 0.0171177 0.155652 0.0233363
 0.510076 0.326174 0.101254 0.00545516 0.0570411
 0.512861 0.333094 0.102558 0.0318371 0.0196505
 0.512105 0.335997 0.103865 0.0319794 0.0160548
 0.498901 0.341162 0.110143 0.0340478 0.0157461
 0.517844 0.325355 0.106754 0.0344653 0.0155812
 0.526548 0.330697 0.0963299 0.0316074 0.0148176
 0.492998 0.350542 0.109284 0.0318338 0.0153419
 0.488955 0.33975 0.118434 0.0369227 0.0159387
 0.483609 0.341224 0.116454 0.0405947 0.018119
 0.482703 0.337973 0.118494 0.0404401 0.0203891
 0.500616 0.329346 0.111094 0.0389498 0.0199949
 0.510706 0.330521 0.104712 0.035321 0.0187408
 0.518049 0.331407 0.101694 0.0322174 0.0166336
 0.517519 0.332799 0.102927 0.0315836 0.0151719
 0.531257 0.326472 0.0981333 0.0303504 0.0137869
 0.531493 0.32956 0.0967745 0.0290892 0.0130834
 0.575795 0.301563 0.0862694 0.0253328 0.0110396
 0.637727 0.276974 0.0606388 0.0173472 0.00731381
 0.639246 0.290961 0.0533596 0.0116822 0.004751
 0.647371 0.283291 0.0559234 0.0102558 0.0031585
 0.662383 0.277807 0.0480498 0.00948532 0.00227524
 0.587693 0.334534 0.0639949 0.0110686 0.00270913
 0.558662 0.332801 0.0880638 0.0168462 0.0036269
 0.540256 0.335583 0.0936265 0.0247749 0.00575967
 0.522355 0.338896 0.101278 0.0282561 0.0092152
 0.523762 0.331774 0.1025 0.0306316 0.0113333
 0.522377 0.333645 0.100303 0.0309881 0.012687
 0.511999 0.338775 0.104242 0.0313381 0.0136456
 0.50851 0.33626 0.107762 0.0331588 0.014309
pobs_PELACES
 0 0 0 0 0
 0 0 0 0 0
 0 0 0 0 0
 0 0 0 0 0
 0 0 0 0 0
 0 0 0 0 0
 0 0 0 0 0
 0 0 0 0 0
 0 0 0 0 0
 0 0 0 0 0
 0 0 0 0 0
 0 0 0 0 0
 0 0 0 0 0
 0 0 0 0 0
 0 0 0 0 0
 0 0 0 0 0
 0.505614 0.472636 0.0217494 0 0
 0 0 0 0 0
 0.443492 0.261883 0.143347 0.151278 0
 0.227955 0.32914 0.350689 0.0885471 0.00366901
 0.970185 0.0296113 0.000203453 0 0
 0.997202 0.00247181 0.000326279 0 0
 0.445219 0.490057 0.0546422 0.010081 0
 0.90214 0.0892962 0.00764917 0.000914606 0
 0 0 0 0 0
 0.581667 0.319106 0.0959925 0.00289975 0.000334073
 0.762889 0.0836404 0.116647 0.0363945 0.000428098
 0.88444 0.0763242 0.0277011 0.0115352 0
 0.521256 0.241999 0.230069 0.00667565 0
 0.616807 0.101726 0.260614 0.0208532 0
 0.833518 0.0704572 0.0857862 0.0102388 0
ppred_PELACES
 0.444715 0.0484697 0.440738 0.0408823 0.0251956
 0.494626 0.312495 0.0168359 0.15309 0.0229522
 0.516295 0.322033 0.0999689 0.00538591 0.0563169
 0.520983 0.32754 0.100848 0.0313062 0.0193228
 0.514743 0.33418 0.103303 0.0318064 0.0159679
 0.505697 0.336535 0.108649 0.0335861 0.0155325
 0.530275 0.316967 0.104002 0.0335767 0.0151795
 0.527739 0.329865 0.0960875 0.0315279 0.0147803
 0.496246 0.348297 0.108584 0.0316299 0.0152436
 0.491897 0.337794 0.117752 0.0367101 0.015847
 0.484633 0.340546 0.116223 0.0405142 0.018083
 0.488828 0.333972 0.117091 0.0399613 0.0201477
 0.506816 0.325257 0.109714 0.0384662 0.0197467
 0.519461 0.324607 0.102838 0.034689 0.0184055
 0.523591 0.327596 0.100524 0.0318469 0.0164423
 0.528609 0.325149 0.100561 0.0308576 0.0148232
 0.538699 0.321289 0.0965753 0.0298685 0.013568
 0.544685 0.32028 0.0940495 0.0282701 0.012715
 0.604373 0.281247 0.0804576 0.0236262 0.0102959
 0.66308 0.25759 0.056395 0.0161332 0.00680196
 0.660602 0.273737 0.0502009 0.0109907 0.00446976
 0.681932 0.255526 0.0504423 0.00925066 0.00284893
 0.675807 0.266761 0.0461394 0.00910818 0.00218478
 0.599296 0.32512 0.062194 0.0107572 0.0026329
 0.569278 0.324796 0.0859457 0.016441 0.00353967
 0.546562 0.33098 0.0923423 0.0244351 0.00568068
 0.530383 0.3332 0.0995754 0.0277812 0.00906032
 0.53234 0.325798 0.100654 0.0300799 0.0111291
 0.528492 0.329373 0.0990187 0.0305913 0.0125245
 0.517246 0.335132 0.103122 0.0310012 0.0134989
 0.515617 0.331398 0.106204 0.0326794 0.0141021
pobs_pel_tallas
 0 0 0 0 0 0 0 0 0 0 0 0 0 0 0 0 0 0 0 0 0 0 0 0 0 0
 0 0 0 0 0 0 0 0 0 0 0 0 0 0 0 0 0 0 0 0 0 0 0 0 0 0
 0 0 0 0 0 0 0 0 0 0 0 0 0 0 0 0 0 0 0 0 0 0 0 0 0 0
 0 0 0 0 0 0 0 0 0 0 0 0 0 0 0 0 0 0 0 0 0 0 0 0 0 0
 0 0 0 0 0 0 0 0 0 0 0 0 0 0 0 0 0 0 0 0 0 0 0 0 0 0
 0 0 0 0 0 0 0 0 0 0 0 0 0 0 0 0 0 0 0 0 0 0 0 0 0 0
 0 0 0 0 0 0 0 0 0 0 0 0 0 0 0 0 0 0 0 0 0 0 0 0 0 0
 0 0 0 0 0 0 0 0 0 0 0 0 0 0 0 0 0 0 0 0 0 0 0 0 0 0
 0 0 0 0 0 0 0 0 0 0 0 0 0 0 0 0 0 0 0 0 0 0 0 0 0 0
 0 0 0 0 0 0 0 0 0 0 0 0 0 0 0 0 0 0 0 0 0 0 0 0 0 0
 0 0 0 0 0 0 0 0 0 0 0 0 0 0 0 0 0 0 0 0 0 0 0 0 0 0
 0 0 0 0 0 0 0 0 0 0 0 0 0 0 0 0 0 0 0 0 0 0 0 0 0 0
 0.00862536 0 0 0.000197151 0.00414017 0.0128641 0.00837892 0.0270097 0.101434 0.158115 0.152841 0.127902 0.109271 0.109419 0.0830992 0.0579132 0.0238553 0.00714673 0.00463305 0.00128148 0.00103504 0.000492878 0.000147863 0.000147863 4.92878e-05 0
 0 0 0 0 0 0 0 0 0 0 0 0 0 0 0 0 0 0 0 0 0 0 0 0 0 0
 0 0 0 0 0 0 0 0.0054083 0.00873648 0.0413646 0.0450493 0.0745869 0.0622846 0.0627006 0.0613931 0.0827291 0.12552 0.122667 0.0946155 0.0697135 0.0546179 0.0294188 0.0215738 0.0213955 0.0102223 0.00600262
 0 0 0 0 0.00359764 0.0251062 0.0480494 0.140153 0.205849 0.193036 0.1447 0.116669 0.0760912 0.0342217 0.00950174 0.001854 0.000860785 0 0 0 0.000165536 0 0.000143464 0 0 0
 0 0 0 0 0 0 0 0.000145254 0.000435761 0.0275982 0.070085 0.0708112 0.156366 0.174668 0.174014 0.160142 0.0824315 0.0480064 0.0283245 0.00493863 0.00203355 0 0 0 0 0
 0 0 0 0 0 0 0 0 0 0 0 0 0 0 0 0 0 0 0 0 0 0 0 0 0 0
 0 0 1.00437e-05 0.000401748 0.00122533 0.00171747 0.00176769 0.0269171 0.070346 0.194647 0.189555 0.159765 0.064822 0.0314167 0.0384472 0.0292271 0.0345202 0.0313363 0.0194345 0.0106764 0.0143323 0.0359363 0.0279516 0.0138201 0.00172751 0
 0 0.0021121 0.0136068 0.0755702 0.200478 0.177729 0.0527432 0.0373336 0.0318909 0.0142505 0.0149659 0.0166563 0.0217959 0.0798694 0.0677717 0.0528807 0.04013 0.0224614 0.0357745 0.0225083 0.00881397 0.00855152 0.00135912 0.000746735 0 0
 0 0 0 0 5.4009e-05 0.00500934 0.000945158 0.0243581 0.138947 0.33067 0.221406 0.137944 0.0707744 0.0437923 0.0131692 0.00525238 0.0047753 0.00276346 9.45158e-05 9.00151e-06 2.25038e-05 9.00151e-06 4.50075e-06 0 0 0
 0.000866109 0.00284123 0.00948549 0.0512746 0.133035 0.25785 0.225252 0.132002 0.0553304 0.0519788 0.0540692 0.017754 0.00435017 0.00159236 0.00146478 0.000404838 0.000125132 0.000115318 0.000107957 0.000100596 0 0 0 0 0 0
 0 0 0 0 0.00144013 0.00171154 0.00461396 0.0210425 0.0478622 0.0707936 0.0888783 0.103762 0.0637923 0.0337046 0.0602308 0.124433 0.169614 0.0934646 0.0462172 0.0250306 0.0313229 0.00938855 0.002487 0.000210481 0 0
 0 0.00764035 0.051015 0.0998891 0.058973 0.0496711 0.0374665 0.0718981 0.12319 0.153886 0.159021 0.0857701 0.0377988 0.023471 0.0147837 0.00900784 0.00315554 0.000888139 0.00291439 0.00214683 0.00393193 0.00274676 0.000635225 9.99891e-05 0 0
 0 0 0 0 0 0 0 0 0 0 0 0 0 0 0 0 0 0 0 0 0 0 0 0 0 0
 0 0 0 0 0 0 0 0 0 0 0 0 0 0 0 0 0 0 0 0 0 0 0 0 0 0
 0 0 0 0 0 0 0 0 0 0 0 0 0 0 0 0 0 0 0 0 0 0 0 0 0 0
 0 0 0 0 0 0 0 0 0 0 0 0 0 0 0 0 0 0 0 0 0 0 0 0 0 0
 0 0 0 0 0 0 0 0 0 0 0 0 0 0 0 0 0 0 0 0 0 0 0 0 0 0
 0 0 0 0 0 0 0 0 0 0 0 0 0 0 0 0 0 0 0 0 0 0 0 0 0 0
 0 0 0 0 0 0 0 0 0 0 0 0 0 0 0 0 0 0 0 0 0 0 0 0 0 0
ppred_pel_tallas
 1.21095e-16 3.66306e-05 0.000356062 0.00236616 0.0107562 0.0334666 0.0713043 0.104072 0.104077 0.0713309 0.0335576 0.0110279 0.00308142 0.00202746 0.00353329 0.00662455 0.0115009 0.0185564 0.0280928 0.0400736 0.0537603 0.0674287 0.0785317 0.0844732 0.0836729 0.0762913
 1.19803e-16 4.07418e-05 0.000396025 0.00263173 0.0119635 0.0372229 0.0793085 0.115759 0.11579 0.0794557 0.0377174 0.013392 0.00621905 0.0082331 0.0149453 0.0247068 0.0357649 0.0454228 0.0510504 0.0516553 0.0485872 0.0446759 0.0424325 0.0426668 0.0443631 0.0455994
 1.13038e-16 4.25266e-05 0.000413374 0.00274702 0.0124876 0.0388536 0.0827828 0.12083 0.120862 0.082935 0.0393648 0.0139653 0.00646086 0.00853625 0.0155155 0.0257053 0.0373173 0.0475542 0.0535982 0.0541845 0.0503415 0.0446193 0.0394481 0.0359192 0.0337061 0.0318097
 1.09404e-16 4.29128e-05 0.000417128 0.00277196 0.012601 0.0392064 0.0835346 0.121928 0.121959 0.0836893 0.0397263 0.0141039 0.00654935 0.00867895 0.0157802 0.0261433 0.0379486 0.0483438 0.0544461 0.0549375 0.0508135 0.044604 0.0387221 0.0342568 0.030929 0.027866
 1.08959e-16 4.23988e-05 0.000412131 0.00273876 0.01245 0.0387368 0.0825341 0.120468 0.1205 0.082692 0.0392673 0.0139834 0.00659266 0.00884118 0.0160979 0.0266706 0.0387107 0.049306 0.0555091 0.0559665 0.0516837 0.0452327 0.0390732 0.0343265 0.0307316 0.0274332
 1.09219e-16 4.16537e-05 0.000404889 0.00269063 0.0122312 0.0380561 0.0810837 0.118351 0.118383 0.0812427 0.0385904 0.013776 0.00657345 0.00889841 0.0162235 0.0268898 0.0390505 0.0497837 0.05613 0.0567288 0.0525829 0.0462584 0.040198 0.0354967 0.0318716 0.0284628
 1.09019e-16 4.36781e-05 0.000424567 0.0028214 0.0128257 0.0399056 0.0850243 0.124102 0.124133 0.0851742 0.040409 0.0142809 0.00647926 0.00842657 0.0152909 0.0253416 0.0368131 0.0469559 0.0529893 0.0536374 0.0498453 0.0440226 0.038454 0.0341486 0.0308174 0.0276342
 1.08521e-16 4.34692e-05 0.000422537 0.00280791 0.0127643 0.0397148 0.0846178 0.123509 0.123541 0.0847736 0.0402382 0.0142773 0.00660991 0.00873663 0.0158757 0.0262888 0.0381306 0.0485137 0.0545188 0.0548074 0.0503834 0.0438137 0.0375648 0.0327798 0.0292223 0.0260451
 1.08975e-16 4.08752e-05 0.000397321 0.00264034 0.0120026 0.0373448 0.0795683 0.116139 0.116173 0.0797329 0.0378977 0.0136009 0.00665715 0.00918271 0.0167752 0.0277978 0.0403463 0.0513862 0.0578421 0.0582969 0.0537904 0.0469961 0.0404754 0.0354042 0.0315287 0.0279827
 1.09848e-16 4.05169e-05 0.000393839 0.0026172 0.0118974 0.0370175 0.0788709 0.115121 0.115154 0.0790307 0.0375542 0.0134491 0.00651795 0.00892892 0.0163085 0.0270509 0.0393271 0.0502251 0.0567933 0.0576736 0.0538576 0.0478781 0.0421216 0.0376193 0.0340399 0.0305115
 1.10565e-16 3.99187e-05 0.000388024 0.00257856 0.0117218 0.0364709 0.0777064 0.113422 0.113455 0.0778674 0.0370119 0.0132859 0.00651064 0.00899146 0.0164377 0.0272657 0.0396382 0.0506227 0.05725 0.0581629 0.054378 0.0484652 0.0428381 0.0385248 0.0351579 0.0318095
 1.10882e-16 4.02642e-05 0.000391382 0.00260087 0.0118232 0.0367866 0.0783789 0.114403 0.114435 0.0785369 0.0373173 0.0133575 0.0064583 0.00883236 0.016131 0.0267623 0.038923 0.0497445 0.0563242 0.0573372 0.0537796 0.0481604 0.0428253 0.0387558 0.0355661 0.0323286
 1.10449e-16 4.17458e-05 0.000405784 0.00269658 0.0122583 0.0381403 0.081263 0.118612 0.118644 0.0814168 0.0386569 0.0137521 0.00645177 0.00862198 0.0157009 0.0260364 0.0378482 0.0483323 0.0546546 0.0555238 0.0519196 0.0463076 0.0410021 0.0369861 0.033898 0.0308289
 1.09645e-16 4.27874e-05 0.000415908 0.00276386 0.0125641 0.0390918 0.0832904 0.121571 0.121603 0.0834438 0.0396072 0.0140541 0.00650876 0.00860761 0.0156494 0.0259338 0.0376624 0.0480178 0.0541525 0.0547666 0.0508443 0.044877 0.0392277 0.0349409 0.0317096 0.0286536
 1.08961e-16 4.31276e-05 0.000419215 0.00278583 0.012664 0.0394026 0.0839526 0.122538 0.12257 0.0841074 0.0399226 0.0141672 0.00656365 0.00868176 0.0157813 0.0261431 0.037944 0.0483283 0.0544081 0.0548599 0.0506738 0.0443766 0.0383828 0.0337896 0.0303332 0.0271617
 1.08589e-16 4.35409e-05 0.000423233 0.00281254 0.0127854 0.0397803 0.0847573 0.123712 0.123744 0.0849109 0.0402964 0.0142774 0.00656226 0.0086244 0.0156649 0.0259492 0.0376626 0.0479687 0.0539986 0.0544336 0.0502496 0.0439479 0.0379216 0.0332639 0.0297262 0.0264833
 1.08161e-16 4.4372e-05 0.000431312 0.00286622 0.0130294 0.0405396 0.086375 0.126073 0.126104 0.0865268 0.0410495 0.0145034 0.00657032 0.00853191 0.0154718 0.0256212 0.0371721 0.0473138 0.0532042 0.0535363 0.0492774 0.042911 0.036822 0.0321134 0.0285589 0.0253521
 1.07783e-16 4.48651e-05 0.000436105 0.00289807 0.0131742 0.0409901 0.0873348 0.127474 0.127505 0.0874861 0.0414983 0.0146432 0.00658956 0.00850844 0.0154164 0.0255229 0.0370161 0.0470869 0.0528947 0.0531314 0.0487619 0.0422715 0.0360561 0.0312394 0.0276177 0.0244019
 1.06506e-16 4.97815e-05 0.000483894 0.00321564 0.0146179 0.0454818 0.0969047 0.141441 0.141468 0.0970375 0.045928 0.0159075 0.00645633 0.00756978 0.013541 0.0223963 0.0324682 0.0412753 0.0463156 0.0464358 0.0424842 0.0366521 0.0310606 0.0267182 0.0234663 0.0206247
 1.04463e-16 5.46171e-05 0.000530898 0.003528 0.0160378 0.0498997 0.106317 0.155179 0.155204 0.106439 0.0503077 0.0172169 0.00648928 0.00700108 0.0123595 0.0203907 0.029473 0.0372855 0.041496 0.0410291 0.036687 0.0305584 0.0247144 0.0202181 0.0170284 0.0145553
 1.03378e-16 5.44129e-05 0.000528913 0.00351481 0.0159779 0.0497132 0.10592 0.154599 0.154625 0.106049 0.0501464 0.0172295 0.00665754 0.00739254 0.0130986 0.0215919 0.0311532 0.0392903 0.0434946 0.0426036 0.0374754 0.0303732 0.0235779 0.0183186 0.0146415 0.0119721
 1.02931e-16 5.61699e-05 0.000545992 0.00362831 0.0164938 0.0513184 0.10934 0.15959 0.159615 0.109461 0.0517229 0.0176625 0.00656306 0.00695613 0.0122406 0.0201743 0.029119 0.0367476 0.0407194 0.0399442 0.0352097 0.028608 0.0222474 0.0172637 0.0137068 0.0110661
 1.02683e-16 5.56653e-05 0.000541087 0.00359571 0.0163456 0.0508574 0.108358 0.158157 0.158183 0.108484 0.0512795 0.017565 0.00665709 0.00722613 0.0127577 0.0210184 0.0303078 0.0381856 0.0421964 0.0411986 0.0360271 0.0288973 0.0220545 0.0167282 0.0129968 0.0103268
 1.03403e-16 4.93633e-05 0.000479828 0.00318863 0.0144951 0.0450997 0.0960908 0.140254 0.140285 0.0962441 0.0456143 0.0159818 0.00692183 0.00863334 0.0155458 0.0256516 0.0370153 0.0466877 0.0516853 0.0506165 0.0444842 0.0359584 0.0277372 0.0212861 0.016688 0.0133057
 1.04812e-16 4.68907e-05 0.000455794 0.00302892 0.013769 0.0428407 0.0912779 0.133229 0.133261 0.0914312 0.0433557 0.0152572 0.00676745 0.00862726 0.0155959 0.025787 0.0373242 0.0473148 0.0528256 0.0524822 0.0472421 0.0396549 0.0322442 0.0263008 0.0217958 0.0180849
 1.06162e-16 4.50196e-05 0.000437607 0.00290805 0.0132196 0.0411313 0.0876357 0.127914 0.127946 0.087792 0.0416563 0.0147369 0.00672029 0.00877205 0.0159098 0.0263258 0.0381416 0.0484325 0.0542344 0.0541681 0.0492158 0.0419561 0.0349096 0.0293149 0.0250589 0.0214184
 1.07279e-16 4.3687e-05 0.000424653 0.00282197 0.0128283 0.0399138 0.0850417 0.124128 0.12416 0.0851991 0.0404425 0.0143566 0.00666262 0.00882322 0.0160366 0.0265543 0.0385111 0.0489835 0.055009 0.0552138 0.0505849 0.0436912 0.0370182 0.0317464 0.027699 0.0241065
 1.07888e-16 4.38482e-05 0.00042622 0.00283238 0.0128756 0.040061 0.0853554 0.124585 0.124617 0.0855093 0.0405781 0.0143705 0.00658927 0.00864278 0.0156936 0.0259938 0.0377204 0.0480261 0.0540282 0.054395 0.0500942 0.0436255 0.03739 0.0324996 0.028736 0.0253113
 1.0813e-16 4.35313e-05 0.000423139 0.00281191 0.0127826 0.0397715 0.0847385 0.123685 0.123717 0.0848941 0.0402942 0.0142935 0.00660914 0.00872735 0.0158585 0.026264 0.0381031 0.0484944 0.0545222 0.0548432 0.0504457 0.043873 0.0375699 0.0326719 0.0289557 0.0256073
 1.08455e-16 4.26049e-05 0.000414135 0.00275207 0.0125106 0.0389251 0.0829353 0.121053 0.121086 0.0830937 0.0394571 0.0140482 0.00661657 0.00886605 0.0161407 0.0267386 0.0388025 0.0494069 0.0555897 0.0559859 0.0515969 0.0450001 0.0386676 0.0337393 0.0299779 0.0265535
 1.08814e-16 4.24707e-05 0.000412831 0.00274341 0.0124712 0.0388026 0.0826741 0.120672 0.120704 0.0828307 0.0393287 0.0139922 0.00656658 0.00877559 0.0159744 0.0264721 0.0384383 0.0489909 0.055212 0.0557581 0.0516147 0.0453108 0.0392577 0.0345445 0.0309051 0.0275049
pSPR Fmed_Fpbrs
0.5999   0.285354 0.285354
Fs Fmed_Fpbrs
0.34   1.005 1.005
SSBpbr Bo_Bmed_Bpbrs
2.72956e+06  1.50099e+06  642413 642413
Ro
276541
SPR SPRFo_SPRFmed_SPRFpbrs
1.97386e+06 1.18412e+06 563250
Fref
1.005
Nvult_r0
 214990 82605.4 26472.7 8145.77 3515.14
CTP_r0
 71901.9 41405.7 13269.4 4083.04 1761.96
YTP_r0
1.7522e+06
Np
 276541 61550.5 12568.1 3980.15 1447.29
Nvult_p0
 214990 53262.1 10875.7 3444.18 1252.4
CTP_p0
 71901.9 40482.7 12820.3 4108.54 1655.65
 71901.9 26697.4 5451.41 1726.38 627.76
YTP_p0
 1.74419e+06 1.21542e+06
CBA_c0
1.7498e+06
log_Ro
12.3501
likeval ReclasPelacesDesembMPH_pf_preclas_ppelaces_ptallas_desvR_qrecl_qpela
 120.194 74.8766 10.6068 186.645 245.609 156.723 109.918 0 0 0 0 51.0137 0 0 0
q_reclas_q_pelaces
1 1
M
1
N
 276541 15935.1 144899 13440.7 8283.42
 276541 95117.9 5124.56 46597.9 6986.23
 276541 91817.5 28502.9 1535.62 16057
 276541 94341 29047.1 9017.1 5565.54
 276541 92184 28496.3 8773.86 4404.78
 276541 98529 31809.8 9833.16 4547.53
 276541 93688.6 30740.8 9924.55 4486.73
 276541 87471.6 25479.9 8360.37 3919.34
 276541 100271 31260.2 9105.9 4388.47
 276541 97805.8 34094.2 10629.1 4588.37
 276541 98168.9 33503.4 11679 5212.76
 276541 100477 35227.3 12022.5 6061.5
 276541 94448.8 31859.2 11169.9 5734.09
 276541 94367.7 29896.5 10084.6 5350.73
 276541 91481.2 28071.4 8893.26 4591.52
 276541 95112.8 29416.2 9026.49 4336.09
 276541 88910.8 26725.5 8265.57 3754.71
 276541 92917 27284.8 8201.47 3688.77
 276541 86617.8 24779.1 7276.32 3170.89
 276541 71109.7 15568.3 4453.68 1877.73
 276541 72555.9 13306.1 2913.15 1184.74
 276541 76544 15110.2 2771.08 853.411
 276541 63571.4 10995.4 2170.55 520.651
 276541 84657.7 16194.6 2801.04 685.577
 276541 87936.7 23269.3 4451.31 958.344
 276541 89259 24903 6589.68 1531.97
 276541 94192.8 28149.1 7853.51 2561.28
 276541 92275.5 28508.1 8519.51 3152.1
 276541 91657 27554.6 8512.86 3485.28
 276541 94447.8 29062 8736.84 3804.29
 276541 95460 30592.3 9413.38 4062.16
pred_Ctot
 11430.4 1281.49 11652.6 1080.89 666.145
 17182.1 11337.8 610.836 5554.37 832.743
 12781.3 8229.38 2554.65 137.634 1439.15
 16541.7 10843.1 3338.55 1036.39 639.679
 5520.83 3632.23 1122.81 345.707 173.557
 13917 9589.01 3095.78 956.979 442.573
 24810.2 15824.6 5192.3 1676.32 757.836
 2516.61 1582.47 460.962 151.249 70.9057
 6770.84 4830.8 1506.04 438.7 211.426
 6143.16 4281.71 1492.56 465.319 200.868
 2162.19 1527.17 521.199 181.685 81.0928
 12593.6 8877.31 3112.41 1062.21 535.546
 12734.8 8435.37 2845.39 997.602 512.12
 17770.1 11616.6 3680.23 1241.4 658.669
 11439.2 7362.29 2259.15 715.718 369.519
 22276.9 14515.6 4489.35 1377.58 661.751
 15262.2 9458.19 2843.01 879.278 399.42
 26316.5 16584.9 4870.11 1463.89 658.414
 54171.3 29651.8 8482.62 2490.9 1085.49
 51529.9 23314.6 5104.35 1460.22 615.649
 44295.7 20832.4 3820.47 836.429 340.165
 68111.4 31767.4 6271.08 1150.06 354.184
 29784.3 12731.5 2202.06 434.7 104.272
 23990.9 13855.1 2650.42 458.42 112.202
 21665.1 13071.6 3458.92 661.676 142.456
 13039 8156.29 2275.58 602.149 139.988
 16381.8 10725.7 3205.32 894.273 291.651
 17462.8 11171 3451.23 1031.39 381.598
 12595.4 8099.22 2434.85 752.234 307.975
 10836.1 7210.87 2218.82 667.037 290.449
 14538.4 9690.43 3105.51 955.58 412.361
F
 0.0672408 0.134482 0.134482 0.134482 0.134482
 0.102555 0.205109 0.205109 0.205109 0.205109
 0.0754421 0.150884 0.150884 0.150884 0.150884
 0.0985712 0.197142 0.197142 0.197142 0.197142
 0.0320065 0.0640131 0.0640131 0.0640131 0.0640131
 0.0823809 0.164762 0.164762 0.164762 0.164762
 0.151044 0.302087 0.302087 0.302087 0.302087
 0.0144838 0.0289676 0.0289676 0.0289676 0.0289676
 0.0393736 0.0787472 0.0787472 0.0787472 0.0787472
 0.0356686 0.0713373 0.0713373 0.0713373 0.0713373
 0.0124334 0.0248667 0.0248667 0.0248667 0.0248667
 0.0742994 0.148599 0.148599 0.148599 0.148599
 0.0751588 0.150318 0.150318 0.150318 0.150318
 0.106224 0.212448 0.212448 0.212448 0.212448
 0.0672937 0.134587 0.134587 0.134587 0.134587
 0.134724 0.269447 0.269447 0.269447 0.269447
 0.0906516 0.181303 0.181303 0.181303 0.181303
 0.160853 0.321706 0.321706 0.321706 0.321706
 0.358135 0.716269 0.716269 0.716269 0.716269
 0.338001 0.676002 0.676002 0.676002 0.676002
 0.284493 0.568985 0.568985 0.568985 0.568985
 0.470195 0.940389 0.940389 0.940389 0.940389
 0.183742 0.367483 0.367483 0.367483 0.367483
 0.145741 0.291482 0.291482 0.291482 0.291482
 0.130815 0.26163 0.26163 0.26163 0.26163
 0.0770135 0.154027 0.154027 0.154027 0.154027
 0.0975786 0.195157 0.195157 0.195157 0.195157
 0.104305 0.20861 0.20861 0.20861 0.20861
 0.0743106 0.148621 0.148621 0.148621 0.148621
 0.06365 0.1273 0.1273 0.1273 0.1273
 0.0861944 0.172389 0.172389 0.172389 0.172389
YTP_r0W_actual
 596785 583820 366234 139640 65720.9
YTP_p0W_proyectada
 542140 706422 308584 128680 58361.8
 542140 465870 131215 54070.4 22128.5
CTP_r0_actual
 71901.9 41405.7 13269.4 4083.04 1761.96
CTP_p0_proyectada
 71901.9 40482.7 12820.3 4108.54 1655.65
 71901.9 26697.4 5451.41 1726.38 627.76
Wmedp
 7.54 17.45 24.07 31.32 35.25
Frms_r0
 0.5025 1.005 1.005 1.005 1.005
Zrms_r0
 1.5025 2.005 2.005 2.005 2.005
nmprior
 7.29 8.9 8.7 0
nm_flota  nm_reclas  nm_pelaces    nm_pelaL
inf 3.91331 7.25695 13.1517
cv_recla  cv_pelaces  cv_mph
0.991667 0.981173 1.89455
 ------------------------------------------------
Talla a la edad & desviaci?n 
 8 13.2811 15.8009 17.003 17.5766
 0.8 1.32811 1.58009 1.7003 1.75766
