years
 1991 1992 1993 1994 1995 1996 1997 1998 1999 2000 2001 2002 2003 2004 2005 2006 2007 2008 2009 2010 2011 2012 2013 2014 2015 2016 2017 2018 2019 2020 2021 2022 2023
reclasobs
 0 0 0 0 0 0 0 0 0 252601 567819 844713 477998 351125 339783 2.1784e+06 2.13404e+06 4.81314e+06 1.55562e+06 2.62356e+06 3.21686e+06 3.843e+06 1.13348e+06 3.07943e+06 1.97215e+06 2.03268e+06 2.025e+06 2.42433e+06 2.27542e+06 1.05018e+06 2.36338e+06 3.18982e+06 1.53035e+06
reclaspred
 4.35346e+06 2.34441e+06 1.1498e+06 1.31129e+06 1.51651e+06 3.04459e+06 1.72785e+06 1.3134e+06 779738 334580 568640 1.02631e+06 914498 359448 580792 1.55183e+06 1.2285e+06 3.14817e+06 2.71805e+06 2.17741e+06 3.67812e+06 2.76366e+06 1.75711e+06 2.66205e+06 2.06605e+06 1.78072e+06 2.30831e+06 2.62719e+06 2.207e+06 1.47209e+06 1.56334e+06 1.50229e+06 1.3782e+06
pelacesobs
 0 0 0 0 0 0 0 0 0 0 0 0 0 0 0 552880 188675 0 991730 2.46772e+06 1.41603e+06 1.21717e+06 2.29649e+06 1.80582e+06 0 1.4828e+06 1.56532e+06 1.57751e+06 1.42118e+06 867257 1.10002e+06 1.06204e+06 0
pelacespred
 3.10743e+06 1.65934e+06 758007 645732 926882 1.84301e+06 981747 1.03343e+06 529299 155383 326277 484591 481815 134872 280949 665862 590758 1.67783e+06 1.45406e+06 1.07479e+06 1.9389e+06 1.46569e+06 1.02566e+06 1.65151e+06 1.25261e+06 1.12341e+06 1.59087e+06 1.67316e+06 1.41873e+06 1.02087e+06 823736 911231 746696
mphobs
 0 0 0 0 0 0 0 0 0 0 0 0 498337 0 5186 125008 0 168611 109162 213762 579715 649985 157893 87575 83554 210694 70296 0 107559 103333 445601 22526 28222
mphpred
 863906 592346 263456 152682 206970 293255 473200 207705 179079 76221.1 28106.2 113826 147175 78756.3 19920.5 70366.4 243805 153630 429018 281931 351348 389307 300089 189082 362773 270115 220102 314722 457451 282114 157500 226162 127670
desembarqueobs
 494567 514787 250237 358949 120608 361735 552515 73892 212993 205616 52469 317467 293654 387597 252695 516296 358380 742168 942051 627588 828172 859565 418607 520667 417249 300574 415391 372974 316634 284311 391294 218835 356480
desembarquepred
 494555 514374 250413 358948 120609 361715 552474 73897.6 213070 205686 52470.6 317454 293652 387519 252589 516134 358421 741854 941316 627089 828261 859392 418560 520689 417145 300546 415333 372898 316539 284180 391194 218880 356524
Reclutas
 147821 91643.3 84210.6 124519 93914.8 195484 68889.6 25257.7 24377.5 32292.5 55819.6 115092 78638.9 52084.6 59211 240778 45837.7 353155 263280 229673 243787 328458 54779.7 154572 144628 56684.3 141418 145481 56209.2 62513.2 99911.5 34616.6 101813
log_desv_Rt
 0.441867 -0.0362317 -0.120815 0.270323 -0.0117474 0.721341 -0.321631 -1.32501 -1.36047 -1.0793 -0.53201 0.191593 -0.189269 -0.601267 -0.473029 0.92974 -0.729029 1.31277 1.01908 0.882521 0.942159 1.24027 -0.550816 0.486527 0.420028 -0.516638 0.397584 0.425912 -0.525055 -0.418759 0.0501496 -1.0098 0.0690048
SSB
 863906 592346 263456 152682 206970 293255 473200 207705 179079 76221.1 28106.2 113826 138144 75795.1 18968.8 67410.4 243805 153630 448193 293489 377699 450325 367979 216753 382127 307529 231303 314722 479025 272665 183188 267987 137837
BT
 1.44048e+06 1.05501e+06 485422 595075 489687 1.2295e+06 842030 487213 420730 266330 230215 515423 500339 468073 424776 817359 524881 1.65413e+06 1.61002e+06 1.02486e+06 1.69896e+06 1.44929e+06 774435 1.39776e+06 909151 738727 1.27719e+06 1.17265e+06 781112 689410 727390 550707 701427
Ftot
 0.428303 0.793668 0.787519 0.964329 0.301842 0.442278 1.10708 0.216047 0.964346 1.88915 0.343492 1.07478 1.11088 2.83239 1.44769 1.14587 1.02222 0.839124 1.18624 1.00881 0.807981 1.08002 0.854062 0.70722 0.73254 0.621513 0.654579 0.523507 0.536065 0.703378 0.88856 0.542596 0.915508
BD_Bspro_t
 0.933767 0.603659 0.336806 0.24891 0.285761 0.410772 0.462611 0.249958 0.286535 0.17554 0.0976745 0.383126 0.293886 0.1575 0.0463301 0.145971 0.272794 0.184649 0.330063 0.223271 0.227945 0.255765 0.237881 0.17822 0.304423 0.30658 0.295118 0.392782 0.473601 0.349418 0.293644 0.33703 0.293968
BD_Bspro
 1.26193 0.865258 0.384838 0.223027 0.302328 0.428366 0.691217 0.303401 0.261586 0.111338 0.0410556 0.166268 0.201792 0.110716 0.0277083 0.0984683 0.356134 0.224412 0.654689 0.428708 0.551716 0.657803 0.537518 0.316617 0.558184 0.449216 0.33787 0.459724 0.699726 0.39829 0.267588 0.391456 0.201342
BD_Bo
 1.6316 1.11872 0.497571 0.28836 0.390891 0.55385 0.893699 0.392278 0.338215 0.143954 0.0530823 0.214974 0.260904 0.143149 0.0358251 0.127313 0.460458 0.290151 0.846472 0.554292 0.713334 0.850497 0.694976 0.409366 0.721697 0.580808 0.436845 0.594394 0.904701 0.514964 0.345974 0.506128 0.260323
BD_Brms
 9.05301 6.20729 2.7608 1.59998 2.16888 3.07307 4.95874 2.17657 1.8766 0.798734 0.29453 1.1928 1.44764 0.794269 0.198777 0.706404 2.55488 1.60992 4.69669 3.07552 3.95797 4.71903 3.85611 2.27139 4.00437 3.22264 2.42386 3.29803 5.01978 2.8573 1.91965 2.80828 1.44442
Sel_flota
 0.719504 1 1 1 1
 0.719504 1 1 1 1
 0.719504 1 1 1 1
 0.719504 1 1 1 1
 0.719504 1 1 1 1
 0.719504 1 1 1 1
 0.719504 1 1 1 1
 0.719504 1 1 1 1
 0.719504 1 1 1 1
 0.719504 1 1 1 1
 0.719504 1 1 1 1
 0.719504 1 1 1 1
 0.719504 1 1 1 1
 0.719504 1 1 1 1
 0.719504 1 1 1 1
 0.719504 1 1 1 1
 0.719504 1 1 1 1
 0.719504 1 1 1 1
 0.719504 1 1 1 1
 0.719504 1 1 1 1
 0.719504 1 1 1 1
 0.719504 1 1 1 1
 0.719504 1 1 1 1
 0.719504 1 1 1 1
 0.719504 1 1 1 1
 0.719504 1 1 1 1
 0.719504 1 1 1 1
 0.719504 1 1 1 1
 0.719504 1 1 1 1
 0.719504 1 1 1 1
 0.719504 1 1 1 1
 0.719504 1 1 1 1
 0.719504 1 1 1 1
Sel_reclas
 0.685381 1 1 1 1
 0.685381 1 1 1 1
 0.685381 1 1 1 1
 0.685381 1 1 1 1
 0.685381 1 1 1 1
 0.685381 1 1 1 1
 0.685381 1 1 1 1
 0.685381 1 1 1 1
 0.685381 1 1 1 1
 0.685381 1 1 1 1
 0.685381 1 1 1 1
 0.685381 1 1 1 1
 0.685381 1 1 1 1
 0.685381 1 1 1 1
 0.685381 1 1 1 1
 0.685381 1 1 1 1
 0.685381 1 1 1 1
 0.685381 1 1 1 1
 0.685381 1 1 1 1
 0.685381 1 1 1 1
 0.685381 1 1 1 1
 0.685381 1 1 1 1
 0.685381 1 1 1 1
 0.685381 1 1 1 1
 0.685381 1 1 1 1
 0.685381 1 1 1 1
 0.685381 1 1 1 1
 0.685381 1 1 1 1
 0.685381 1 1 1 1
 0.685381 1 1 1 1
 0.685381 1 1 1 1
 0.685381 1 1 1 1
 0.685381 1 1 1 1
Sel_pelaces
 0.390548 0.763314 0.941963 0.987905 0.997573
 0.390548 0.763314 0.941963 0.987905 0.997573
 0.390548 0.763314 0.941963 0.987905 0.997573
 0.390548 0.763314 0.941963 0.987905 0.997573
 0.390548 0.763314 0.941963 0.987905 0.997573
 0.390548 0.763314 0.941963 0.987905 0.997573
 0.390548 0.763314 0.941963 0.987905 0.997573
 0.390548 0.763314 0.941963 0.987905 0.997573
 0.390548 0.763314 0.941963 0.987905 0.997573
 0.390548 0.763314 0.941963 0.987905 0.997573
 0.390548 0.763314 0.941963 0.987905 0.997573
 0.390548 0.763314 0.941963 0.987905 0.997573
 0.390548 0.763314 0.941963 0.987905 0.997573
 0.390548 0.763314 0.941963 0.987905 0.997573
 0.390548 0.763314 0.941963 0.987905 0.997573
 0.390548 0.763314 0.941963 0.987905 0.997573
 0.390548 0.763314 0.941963 0.987905 0.997573
 0.390548 0.763314 0.941963 0.987905 0.997573
 0.390548 0.763314 0.941963 0.987905 0.997573
 0.390548 0.763314 0.941963 0.987905 0.997573
 0.390548 0.763314 0.941963 0.987905 0.997573
 0.390548 0.763314 0.941963 0.987905 0.997573
 0.390548 0.763314 0.941963 0.987905 0.997573
 0.390548 0.763314 0.941963 0.987905 0.997573
 0.390548 0.763314 0.941963 0.987905 0.997573
 0.390548 0.763314 0.941963 0.987905 0.997573
 0.390548 0.763314 0.941963 0.987905 0.997573
 0.390548 0.763314 0.941963 0.987905 0.997573
 0.390548 0.763314 0.941963 0.987905 0.997573
 0.390548 0.763314 0.941963 0.987905 0.997573
 0.390548 0.763314 0.941963 0.987905 0.997573
 0.390548 0.763314 0.941963 0.987905 0.997573
 0.390548 0.763314 0.941963 0.987905 0.997573
pf_obs 
 0.8446 0.082 0.0669 0.0065 0
 0.8095 0.147 0.0364 0.0071 0
 0.9664 0.0169 0.016 0.0007 0
 0.9276 0.0648 0.0075 0.0001 0
 0.7033 0.2144 0.0806 0.0017 0
 0.9318 0.0425 0.0243 0.0014 0
 0.5671 0.3108 0.0964 0.0239 0.0018
 0.0768 0.2599 0.5324 0.112 0.0189
 0.490249 0.384438 0.106611 0.0170017 0.00170017
 0.7925 0.1577 0.0466 0.003 0.0002
 0.840416 0.127587 0.0312969 0.00059994 9.999e-05
 0.8084 0.0986 0.0794 0.0134 0.0002
 0.7335 0.1905 0.0724 0.0035 0.0001
 0.4001 0.4547 0.1325 0.0127 0
 0.49795 0.308269 0.164784 0.0264974 0.00249975
 0.9179 0.0499 0.0305 0.0017 0
 0.2467 0.6533 0.0926 0.0074 0
 0.9418 0.0223 0.034 0.0019 0
 0.707729 0.231977 0.0356964 0.0245975 0
 0.517169 0.277429 0.184464 0.0207286 0.00020938
 0.811772 0.124168 0.05621 0.00726502 0.000585176
 0.764997 0.148141 0.077277 0.00933861 0.000247198
 0.163321 0.427699 0.378323 0.0303852 0.000271297
 0.753843 0.0900009 0.118128 0.0371064 0.000921714
 0.721811 0.176058 0.0630433 0.0369309 0.00215725
 0.143369 0.312575 0.442814 0.0836902 0.0175525
 0.692698 0.0596174 0.167031 0.0765114 0.00414204
 0.394062 0.376323 0.152708 0.0712218 0.00568511
 0.125707 0.32114 0.495352 0.0537591 0.00404204
 0.23352 0.215282 0.420074 0.123614 0.00750983
 0.796117 0.104755 0.0508955 0.0450114 0.00322123
 0.162477 0.292055 0.404252 0.121198 0.0200186
 0 0 0 0 0
pf_pred 
 0.634447 0.151273 0.197105 0.0171732 8.71597e-07
 0.563772 0.314912 0.050203 0.0654133 0.00569956
 0.699274 0.202722 0.0707495 0.0112788 0.0159765
 0.81555 0.145349 0.0263582 0.00919896 0.00354379
 0.728717 0.23866 0.0257076 0.00466191 0.00225378
 0.808841 0.152374 0.0341207 0.00367536 0.000988724
 0.476867 0.451903 0.0567778 0.0127141 0.00173794
 0.49776 0.305421 0.17002 0.0213615 0.0054373
 0.588119 0.242254 0.103153 0.0574225 0.00905105
 0.81053 0.133122 0.0331417 0.0141119 0.00909395
 0.924521 0.0676181 0.00552318 0.00137503 0.000962802
 0.844589 0.147251 0.00731009 0.000597102 0.00025274
 0.744215 0.230687 0.02378 0.00118052 0.000137243
 0.746382 0.211042 0.0383983 0.00395822 0.000219345
 0.944935 0.0484893 0.00547169 0.000995554 0.000108312
 0.960628 0.0381547 0.00107189 0.000120956 2.44018e-05
 0.478466 0.509366 0.0117914 0.000331259 4.49214e-05
 0.954 0.0278569 0.0177194 0.000410188 1.30862e-05
 0.743701 0.248867 0.0045008 0.0028629 6.83878e-05
 0.786828 0.17776 0.0343855 0.000621868 0.000405011
 0.800373 0.17175 0.0232459 0.00449663 0.000134286
 0.819267 0.156424 0.0209147 0.00283075 0.000563928
 0.406392 0.525179 0.0592247 0.00791866 0.00128528
 0.852381 0.07761 0.0619389 0.00698487 0.0010855
 0.7474 0.227568 0.0131607 0.0105032 0.00136853
 0.533273 0.384568 0.0740172 0.00428055 0.00386133
 0.839323 0.102675 0.0477911 0.00919829 0.00101181
 0.752232 0.22067 0.0173165 0.0080601 0.00172196
 0.489515 0.419646 0.0809045 0.00634876 0.00358641
 0.671526 0.195081 0.109656 0.0211409 0.00259613
 0.812271 0.143205 0.0264428 0.0148637 0.00321751
 0.543819 0.399537 0.0432102 0.00797877 0.00545576
 0.857444 0.0920089 0.0442706 0.0047879 0.00148861
pobs_RECLAS
 0 0 0 0 0
 0 0 0 0 0
 0 0 0 0 0
 0 0 0 0 0
 0 0 0 0 0
 0 0 0 0 0
 0 0 0 0 0
 0 0 0 0 0
 0 0 0 0 0
 0 0 0 0 0
 0.991045 0.00858322 0.000360255 1.14367e-05 0
 0.934742 0.0480273 0.0164251 0.00080598 0
 0.827803 0.169806 0.00239088 0 0
 0.941827 0.0461693 0.0120037 0 0
 0.791401 0.0380133 0.147996 0.0225897 0
 0.846168 0.0940531 0.0597789 0 0
 0.134021 0.677848 0.182769 0.00536245 0
 0.80878 0.0450904 0.141981 0.00414843 0
 0.846168 0.0940531 0.0597789 0 0
 0.905697 0.0802665 0.012482 0.00150086 5.37128e-05
 0.989698 0.0102097 9.19794e-05 0 0
 0.975433 0.0193895 0.00387452 0.00125025 5.28907e-05
 0.303575 0.632131 0.0575291 0.00676475 0
 0.966965 0.00978017 0.0227588 0.000495775 0
 0.843318 0.132988 0.00938335 0.0141283 0.000182051
 0.564624 0.303363 0.111486 0.0197234 0.00080311
 0.826376 0.0876187 0.0782897 0.00655872 0.00115652
 0.89761 0.0855135 0.0140674 0.00269457 0.000114338
 0.34875 0.467042 0.161289 0.0227151 0.000203297
 0.318654 0.224769 0.449479 0.00709798 0
 0.937255 0.0296025 0.0250945 0.00804832 0
 0.456809 0.399803 0.12412 0.0192676 0
 0.883104 0.0372192 0.0704036 0.00927362 0
ppred_RECLAS
 0.626223 0.154677 0.20154 0.0175596 8.91208e-07
 0.559153 0.318246 0.0507347 0.066106 0.00575991
 0.695247 0.205436 0.0716968 0.0114299 0.0161905
 0.814117 0.146478 0.026563 0.00927043 0.00357132
 0.720752 0.245667 0.0264624 0.00479879 0.00231995
 0.80341 0.156703 0.0350901 0.00377978 0.00101681
 0.476609 0.452126 0.0568059 0.0127204 0.0017388
 0.487079 0.311917 0.173635 0.0218158 0.00555293
 0.585817 0.243608 0.10373 0.0577435 0.00910164
 0.818947 0.127208 0.0316694 0.013485 0.00868996
 0.921792 0.0700625 0.00572284 0.00142474 0.000997607
 0.844194 0.147626 0.00732866 0.000598619 0.000253382
 0.744062 0.230825 0.0237942 0.00118123 0.000137325
 0.772585 0.189238 0.0344311 0.00354927 0.000196682
 0.94605 0.0475075 0.0053609 0.000975395 0.000106119
 0.96068 0.0381044 0.00107048 0.000120796 2.43696e-05
 0.476934 0.510863 0.011826 0.000332232 4.50534e-05
 0.953276 0.0282956 0.0179985 0.000416649 1.32923e-05
 0.74445 0.24814 0.00448766 0.00285454 6.81882e-05
 0.785663 0.178731 0.0345733 0.000625265 0.000407223
 0.797478 0.17424 0.023583 0.00456184 0.000136234
 0.818868 0.156769 0.0209608 0.00283699 0.000565171
 0.402636 0.528502 0.0595994 0.00796876 0.00129341
 0.849452 0.0791497 0.0631677 0.00712345 0.00110703
 0.743253 0.231304 0.0133767 0.0106757 0.00139099
 0.526516 0.390136 0.0750889 0.00434252 0.00391724
 0.835841 0.104901 0.0488269 0.00939764 0.00103374
 0.746326 0.225929 0.0177292 0.00825221 0.001763
 0.481795 0.425991 0.0821278 0.00644476 0.00364064
 0.666372 0.198142 0.111377 0.0214726 0.00263686
 0.810169 0.144809 0.0267389 0.0150301 0.00325354
 0.536212 0.406199 0.0439307 0.00811181 0.00554673
 0.855941 0.0929791 0.0447374 0.00483838 0.00150431
pobs_PELACES
 0 0 0 0 0
 0 0 0 0 0
 0 0 0 0 0
 0 0 0 0 0
 0 0 0 0 0
 0 0 0 0 0
 0 0 0 0 0
 0 0 0 0 0
 0 0 0 0 0
 0 0 0 0 0
 0 0 0 0 0
 0 0 0 0 0
 0 0 0 0 0
 0 0 0 0 0
 0 0 0 0 0
 0 0 0 0 0
 0.505614 0.472636 0.0217494 0 0
 0 0 0 0 0
 0.443492 0.261883 0.143347 0.151278 0
 0.227955 0.32914 0.350689 0.0885471 0.00366901
 0.970185 0.0296113 0.000203453 0 0
 0.997202 0.00247181 0.000326279 0 0
 0.445219 0.490057 0.0546422 0.010081 0
 0.90214 0.0892962 0.00764917 0.000914606 0
 0 0 0 0 0
 0.581667 0.319106 0.0959925 0.00289975 0.000334073
 0.762889 0.0836404 0.116647 0.0363945 0.000428098
 0.88444 0.0763242 0.0277011 0.0115352 0
 0.521256 0.241999 0.230069 0.00667565 0
 0.616807 0.101726 0.260614 0.0208532 0
 0.833518 0.0704572 0.0857862 0.0102388 0
 0.697417 0.212968 0.0787535 0.0105354 0.000325836
 0 0 0 0 0
ppred_PELACES
 0.533029 0.169508 0.272557 0.0249053 1.2764e-06
 0.486621 0.34473 0.0678189 0.0926762 0.00815404
 0.628583 0.231314 0.0996222 0.0166563 0.0238247
 0.772293 0.170241 0.0380975 0.0139445 0.00542451
 0.658012 0.29216 0.0388359 0.00738615 0.00360575
 0.751848 0.188561 0.0521061 0.00588644 0.00159903
 0.421525 0.483479 0.074962 0.0176048 0.00243001
 0.39775 0.334445 0.229749 0.030274 0.00778126
 0.510631 0.260154 0.136702 0.0798095 0.0127028
 0.788689 0.137779 0.0423289 0.018903 0.0123006
 0.898471 0.0886153 0.00893234 0.00233223 0.00164901
 0.81523 0.172884 0.0105913 0.000907309 0.000387802
 0.701545 0.263046 0.0334619 0.00174219 0.000204522
 0.760114 0.191884 0.0430836 0.00465781 0.000260638
 0.935664 0.0550468 0.00766545 0.00146272 0.000160695
 0.952673 0.0455236 0.00157823 0.000186779 3.80497e-05
 0.426649 0.556909 0.0159092 0.000468742 6.41874e-05
 0.937741 0.0344994 0.0270806 0.000657468 2.11805e-05
 0.706665 0.282715 0.00630961 0.00420921 0.000101532
 0.742992 0.206231 0.0492295 0.000933749 0.000614085
 0.753904 0.204751 0.0341984 0.00693792 0.00020922
 0.783164 0.181737 0.0299862 0.00425651 0.000856257
 0.346303 0.562622 0.0782965 0.0109793 0.00179949
 0.801411 0.0936906 0.0922726 0.0109131 0.00171258
 0.692676 0.269829 0.0192569 0.0161181 0.00212067
 0.45757 0.428784 0.101842 0.00617699 0.00562658
 0.787707 0.124642 0.071594 0.0144517 0.00160524
 0.691589 0.267182 0.0258735 0.0126304 0.00272477
 0.411545 0.463838 0.110354 0.00908207 0.00518066
 0.591396 0.22071 0.153099 0.0309559 0.00383863
 0.765184 0.168743 0.0384508 0.0226676 0.00495482
 0.468162 0.4518 0.0602985 0.0116772 0.00806281
 0.816392 0.109144 0.0648057 0.00735063 0.00230776
pobs_pel_tallas
 0 0 0 0 0 0 0 0 0 0 0 0 0 0 0 0 0 0 0 0 0 0 0 0 0 0
 0 0 0 0 0 0 0 0 0 0 0 0 0 0 0 0 0 0 0 0 0 0 0 0 0 0
 0 0 0 0 0 0 0 0 0 0 0 0 0 0 0 0 0 0 0 0 0 0 0 0 0 0
 0 0 0 0 0 0 0 0 0 0 0 0 0 0 0 0 0 0 0 0 0 0 0 0 0 0
 0 0 0 0 0 0 0 0 0 0 0 0 0 0 0 0 0 0 0 0 0 0 0 0 0 0
 0 0 0 0 0 0 0 0 0 0 0 0 0 0 0 0 0 0 0 0 0 0 0 0 0 0
 0 0 0 0 0 0 0 0 0 0 0 0 0 0 0 0 0 0 0 0 0 0 0 0 0 0
 0 0 0 0 0 0 0 0 0 0 0 0 0 0 0 0 0 0 0 0 0 0 0 0 0 0
 0 0 0 0 0 0 0 0 0 0 0 0 0 0 0 0 0 0 0 0 0 0 0 0 0 0
 0 0 0 0 0 0 0 0 0 0 0 0 0 0 0 0 0 0 0 0 0 0 0 0 0 0
 0 0 0 0 0 0 0 0 0 0 0 0 0 0 0 0 0 0 0 0 0 0 0 0 0 0
 0 0 0 0 0 0 0 0 0 0 0 0 0 0 0 0 0 0 0 0 0 0 0 0 0 0
 0.00862536 0 0 0.000197151 0.00414017 0.0128641 0.00837892 0.0270097 0.101434 0.158115 0.152841 0.127902 0.109271 0.109419 0.0830992 0.0579132 0.0238553 0.00714673 0.00463305 0.00128148 0.00103504 0.000492878 0.000147863 0.000147863 4.92878e-05 0
 0 0 0 0 0 0 0 0 0 0 0 0 0 0 0 0 0 0 0 0 0 0 0 0 0 0
 0 0 0 0 0 0 0 0.0054083 0.00873648 0.0413646 0.0450493 0.0745869 0.0622846 0.0627006 0.0613931 0.0827291 0.12552 0.122667 0.0946155 0.0697135 0.0546179 0.0294188 0.0215738 0.0213955 0.0102223 0.00600262
 0 0 0 0 0.00359764 0.0251062 0.0480494 0.140153 0.205849 0.193036 0.1447 0.116669 0.0760912 0.0342217 0.00950174 0.001854 0.000860785 0 0 0 0.000165536 0 0.000143464 0 0 0
 0 0 0 0 0 0 0 0.000145254 0.000435761 0.0275982 0.070085 0.0708112 0.156366 0.174668 0.174014 0.160142 0.0824315 0.0480064 0.0283245 0.00493863 0.00203355 0 0 0 0 0
 0 0 0 0 0 0 0 0 0 0 0 0 0 0 0 0 0 0 0 0 0 0 0 0 0 0
 0 0 1.00437e-05 0.000401748 0.00122533 0.00171747 0.00176769 0.0269171 0.070346 0.194647 0.189555 0.159765 0.064822 0.0314167 0.0384472 0.0292271 0.0345202 0.0313363 0.0194345 0.0106764 0.0143323 0.0359363 0.0279516 0.0138201 0.00172751 0
 0 0.0021121 0.0136068 0.0755702 0.200478 0.177729 0.0527432 0.0373336 0.0318909 0.0142505 0.0149659 0.0166563 0.0217959 0.0798694 0.0677717 0.0528807 0.04013 0.0224614 0.0357745 0.0225083 0.00881397 0.00855152 0.00135912 0.000746735 0 0
 0 0 0 0 5.4009e-05 0.00500934 0.000945158 0.0243581 0.138947 0.33067 0.221406 0.137944 0.0707744 0.0437923 0.0131692 0.00525238 0.0047753 0.00276346 9.45158e-05 9.00151e-06 2.25038e-05 9.00151e-06 4.50075e-06 0 0 0
 0.000866109 0.00284123 0.00948549 0.0512746 0.133035 0.25785 0.225252 0.132002 0.0553304 0.0519788 0.0540692 0.017754 0.00435017 0.00159236 0.00146478 0.000404838 0.000125132 0.000115318 0.000107957 0.000100596 0 0 0 0 0 0
 0 0 0 0 0.00144013 0.00171154 0.00461396 0.0210425 0.0478622 0.0707936 0.0888783 0.103762 0.0637923 0.0337046 0.0602308 0.124433 0.169614 0.0934646 0.0462172 0.0250306 0.0313229 0.00938855 0.002487 0.000210481 0 0
 0 0.00764035 0.051015 0.0998891 0.058973 0.0496711 0.0374665 0.0718981 0.12319 0.153886 0.159021 0.0857701 0.0377988 0.023471 0.0147837 0.00900784 0.00315554 0.000888139 0.00291439 0.00214683 0.00393193 0.00274676 0.000635225 9.99891e-05 0 0
 0 0 0 0 0 0 0 0 0 0 0 0 0 0 0 0 0 0 0 0 0 0 0 0 0 0
 0 0 0 0 0 0 0 0 0 0 0 0 0 0 0 0 0 0 0 0 0 0 0 0 0 0
 0 0 0 0 0 0 0 0 0 0 0 0 0 0 0 0 0 0 0 0 0 0 0 0 0 0
 0 0 0 0 0 0 0 0 0 0 0 0 0 0 0 0 0 0 0 0 0 0 0 0 0 0
 0 0 0 0 0 0 0 0 0 0 0 0 0 0 0 0 0 0 0 0 0 0 0 0 0 0
 0 0 0 0 0 0 0 0 0 0 0 0 0 0 0 0 0 0 0 0 0 0 0 0 0 0
 0 0 0 0 0 0 0 0 0 0 0 0 0 0 0 0 0 0 0 0 0 0 0 0 0 0
 0 0 0 0 0 0 0 0 0 0 0 0 0 0 0 0 0 0 0 0 0 0 0 0 0 0
 0 0 0 0 0 0 0 0 0 0 0 0 0 0 0 0 0 0 0 0 0 0 0 0 0 0
ppred_pel_tallas
 1.10407e-16 4.39049e-05 0.000426771 0.00283605 0.0128923 0.0401127 0.085465 0.124742 0.124759 0.0855469 0.0403889 0.013695 0.00486969 0.00492817 0.0087741 0.0149077 0.0225676 0.0306593 0.0380124 0.0439566 0.0484785 0.0517611 0.0535768 0.053184 0.0498569 0.0435588
 1.1272e-16 4.00824e-05 0.000389615 0.00258913 0.0117698 0.0366205 0.0780251 0.113887 0.11392 0.0781878 0.0371669 0.0133489 0.00655601 0.00906082 0.0165434 0.0273831 0.039683 0.050442 0.0566608 0.0570481 0.0528093 0.0467815 0.0416053 0.0383591 0.0364785 0.0346441
 1.08637e-16 5.17756e-05 0.000503277 0.00334445 0.0152034 0.0473036 0.100786 0.147105 0.147127 0.100896 0.0476717 0.016268 0.00602228 0.00636709 0.0112416 0.0186432 0.0271821 0.0348818 0.0397536 0.0408803 0.0389148 0.035519 0.0322232 0.0296292 0.0274404 0.0250411
 1.0346e-16 6.36128e-05 0.000618339 0.00410908 0.0186793 0.0581183 0.123828 0.180734 0.18075 0.123908 0.058388 0.0194587 0.00606683 0.00489641 0.00820114 0.0134912 0.0195086 0.0247041 0.0275438 0.0273259 0.0245863 0.0207032 0.0170316 0.0142482 0.0122929 0.0107449
 1.02547e-16 5.41997e-05 0.00052684 0.00350104 0.0159152 0.0495183 0.105505 0.153994 0.154022 0.105643 0.0499802 0.0172493 0.00684955 0.00783591 0.0139332 0.0229426 0.0330299 0.0415045 0.0456579 0.044236 0.0381795 0.0299757 0.0221674 0.0161802 0.0121423 0.009457
 1.02413e-16 6.19288e-05 0.00060197 0.0040003 0.0181848 0.0565797 0.12055 0.17595 0.175968 0.120639 0.0568787 0.0190489 0.00617113 0.00534706 0.00909163 0.0149787 0.0216788 0.0274834 0.0306832 0.0304715 0.0273919 0.0229125 0.018493 0.0148915 0.0121159 0.00982706
 1.04464e-16 3.47205e-05 0.000337496 0.00224278 0.0101954 0.0317219 0.0675886 0.0986572 0.0987039 0.0678163 0.0324866 0.0124044 0.00778815 0.0124447 0.0230332 0.0380355 0.0548155 0.0689873 0.0760914 0.0740574 0.0644166 0.0512252 0.038607 0.0288395 0.0220895 0.0173797
 1.11069e-16 3.27622e-05 0.000318461 0.00211628 0.00962034 0.0299326 0.0637758 0.0930895 0.093122 0.0639349 0.0304675 0.011169 0.00601767 0.00888138 0.0164305 0.0274638 0.0403811 0.0524931 0.0610196 0.0645933 0.0639003 0.0608641 0.0571166 0.0530749 0.0482102 0.0419742
 1.14165e-16 4.20601e-05 0.000408839 0.00271688 0.0123506 0.0384273 0.0818744 0.119503 0.119529 0.0819979 0.0388425 0.0135522 0.00574228 0.00704389 0.0127341 0.0212269 0.0311483 0.0403988 0.0468688 0.0496259 0.0494113 0.0479486 0.0466404 0.0457263 0.0444382 0.0418015
 1.05235e-16 6.49633e-05 0.000631466 0.00419632 0.0190758 0.0593521 0.126456 0.18457 0.184583 0.126522 0.0595709 0.0197083 0.00578599 0.00410902 0.00669119 0.011017 0.0160029 0.0204235 0.0230807 0.0234417 0.0219451 0.0196638 0.0175985 0.0161634 0.0151712 0.0141754
 1.00794e-16 7.40059e-05 0.000719364 0.00478042 0.0217311 0.0676136 0.144058 0.210259 0.210268 0.1441 0.0677536 0.0221355 0.00579509 0.0029335 0.00427646 0.00694597 0.00998304 0.0125211 0.0137321 0.0132368 0.0113286 0.00877739 0.00637293 0.00456199 0.00338676 0.00265557
 1.00507e-16 6.71494e-05 0.000652716 0.00433753 0.0197178 0.0613495 0.130712 0.190782 0.190798 0.130793 0.0616224 0.0205057 0.00631416 0.00496388 0.00824352 0.0134921 0.019359 0.0241952 0.0263681 0.0251236 0.0210372 0.0156398 0.0105267 0.00663829 0.00412062 0.00263953
 1.01243e-16 5.77854e-05 0.000561694 0.00373266 0.0169681 0.0527943 0.112485 0.16418 0.164206 0.112609 0.0532101 0.0181689 0.00674633 0.00713898 0.0125444 0.0206336 0.0296852 0.037257 0.0408932 0.0394475 0.0337547 0.026056 0.0186632 0.012905 0.00895776 0.00634446
 1.01804e-16 6.26096e-05 0.000608588 0.00404428 0.0183847 0.0572018 0.121875 0.177884 0.177903 0.121966 0.0575057 0.0192629 0.00624963 0.00542655 0.00922339 0.0151763 0.0219185 0.0276904 0.0307334 0.0302199 0.0267208 0.0217774 0.0169444 0.0130628 0.0101857 0.00797233
 1.0041e-16 7.70694e-05 0.000749142 0.00497832 0.0226307 0.0704125 0.150022 0.218962 0.218967 0.150047 0.0704996 0.0228821 0.00560932 0.00212655 0.00269278 0.00432902 0.0062268 0.00782591 0.00861173 0.00834681 0.00720637 0.00565636 0.00417341 0.00302527 0.00223804 0.00170394
 1.00083e-16 7.84705e-05 0.000762761 0.00506881 0.0230421 0.0716925 0.152749 0.222942 0.222946 0.15277 0.0717643 0.0232494 0.00558886 0.00189671 0.00222819 0.00354928 0.0050813 0.00633916 0.00688732 0.00652661 0.00541125 0.00395025 0.00257186 0.00153124 0.000870845 0.000501496
 1.0066e-16 3.51426e-05 0.000341599 0.00227005 0.0103193 0.0321076 0.0684105 0.0998584 0.099912 0.0686723 0.032986 0.0128553 0.00863057 0.0142096 0.0263229 0.0433294 0.0621035 0.0774409 0.0840603 0.0795233 0.0657203 0.0476714 0.0306423 0.0177859 0.00964674 0.00514469
 1.0086e-16 7.72405e-05 0.000750805 0.00498937 0.0226809 0.0705688 0.150354 0.219447 0.219451 0.150371 0.0706241 0.022841 0.00539274 0.00163672 0.00177535 0.00285318 0.00419609 0.00546967 0.00638171 0.00678422 0.00673403 0.00641093 0.00596728 0.00544234 0.00479629 0.00400368
 1.00694e-16 5.82071e-05 0.000565794 0.0037599 0.017092 0.0531796 0.113306 0.165379 0.165406 0.113439 0.0536255 0.0183793 0.00698856 0.00760524 0.0134017 0.0219962 0.031523 0.03931 0.0426785 0.040399 0.033442 0.0243653 0.0158434 0.00946529 0.00548152 0.00331079
 1.01672e-16 6.11993e-05 0.000594879 0.00395318 0.0179706 0.0559133 0.11913 0.173878 0.173898 0.119227 0.05624 0.0189146 0.00632411 0.00577496 0.00991159 0.0163209 0.0235774 0.0297951 0.0330815 0.0325396 0.0287702 0.0234155 0.0181375 0.0138444 0.0106141 0.00811269
 1.01771e-16 6.20981e-05 0.000603616 0.00401124 0.0182345 0.0567345 0.120879 0.176431 0.176451 0.120976 0.0570584 0.0191703 0.00636046 0.00573317 0.00980751 0.0161243 0.0232416 0.029267 0.0323104 0.0314919 0.0274514 0.0218929 0.0165478 0.0123719 0.00943839 0.00734888
 1.01484e-16 6.45082e-05 0.000627043 0.00416692 0.0189422 0.0589364 0.125571 0.183278 0.183296 0.125657 0.0592239 0.0197727 0.00625182 0.00517923 0.00871236 0.0143073 0.0206173 0.0259529 0.0286327 0.0278733 0.0242422 0.0192545 0.0144546 0.0107011 0.00807017 0.00621559
 1.03809e-16 2.85246e-05 0.000277269 0.00184255 0.00837602 0.0260612 0.0555281 0.0810563 0.0811105 0.0557931 0.0269508 0.0109453 0.00829156 0.0143544 0.02676 0.0441845 0.0636209 0.0799452 0.0879361 0.085161 0.0734049 0.0574303 0.0421195 0.0302305 0.0220593 0.0165321
 1.04072e-16 6.60112e-05 0.000641652 0.00426401 0.0193836 0.0603095 0.128496 0.187546 0.187555 0.128541 0.0604602 0.0198206 0.00536707 0.00306955 0.00473529 0.00787576 0.0116923 0.0154394 0.0183793 0.0201351 0.0208362 0.0208802 0.0205339 0.0197391 0.0182588 0.015975
 1.02601e-16 5.70548e-05 0.000554593 0.00368547 0.0167536 0.0521269 0.111063 0.162105 0.162131 0.11119 0.052553 0.0179841 0.00677292 0.00729047 0.012838 0.0211035 0.0303265 0.0379972 0.0416047 0.0400064 0.0341225 0.026332 0.0190694 0.0137007 0.0103261 0.00830685
 1.04621e-16 3.76895e-05 0.000366356 0.00243457 0.0110672 0.0344344 0.0733677 0.107091 0.107132 0.0735699 0.0351137 0.0130301 0.00736451 0.0111379 0.0205222 0.0339384 0.049048 0.0620109 0.068912 0.0679054 0.0602594 0.049399 0.0387721 0.0302334 0.0238862 0.0189655
 1.03819e-16 6.48824e-05 0.00063068 0.00419109 0.0190521 0.0592782 0.126299 0.18434 0.184352 0.126358 0.0594771 0.0196278 0.0056403 0.0038083 0.00614079 0.0101565 0.014875 0.0192294 0.0221634 0.0231702 0.0225403 0.0210591 0.0194192 0.0178446 0.0161596 0.0141232
 1.02543e-16 5.69653e-05 0.000553723 0.00367969 0.0167273 0.0520451 0.110889 0.16185 0.161876 0.111014 0.0524673 0.0179464 0.006739 0.00722965 0.0127283 0.0209329 0.030105 0.0377677 0.0414393 0.0399836 0.0342915 0.0266857 0.0195402 0.0141842 0.0107201 0.00854672
 1.05091e-16 3.38985e-05 0.000329506 0.00218969 0.00995402 0.0309709 0.0659884 0.0963214 0.0963661 0.0662072 0.0317058 0.0120774 0.00752291 0.0119824 0.0221951 0.0367173 0.053069 0.0671039 0.0745905 0.073535 0.0653107 0.0536203 0.0421861 0.0330029 0.0261698 0.0208498
 1.08229e-16 4.87126e-05 0.000473503 0.0031466 0.014304 0.0445051 0.0948237 0.138402 0.138424 0.0949287 0.0448583 0.0153265 0.00572272 0.00612884 0.0108821 0.0181562 0.0267174 0.0347853 0.0405439 0.0431112 0.0429513 0.0413243 0.0392696 0.0369972 0.0340798 0.0300888
 1.04265e-16 6.30272e-05 0.000612647 0.00407126 0.0185073 0.0575833 0.122688 0.17907 0.179086 0.122768 0.0578508 0.0192802 0.00601283 0.00485622 0.00813762 0.0133943 0.0193875 0.024594 0.0275101 0.0274582 0.024981 0.0214413 0.0181547 0.0157407 0.0140739 0.0126769
 1.04392e-16 3.8562e-05 0.000374836 0.00249092 0.0113234 0.0352315 0.075066 0.10957 0.109614 0.0752788 0.0359458 0.0133865 0.00766934 0.0116784 0.0215033 0.0354808 0.05109 0.0642099 0.0706593 0.0685057 0.0592096 0.0466209 0.0346694 0.0255489 0.0194395 0.0153948
 1.03026e-16 6.72452e-05 0.000653647 0.00434372 0.0197459 0.0614369 0.130898 0.191052 0.191063 0.13095 0.0616111 0.0202501 0.00561303 0.00343695 0.00538946 0.00889779 0.0130306 0.0168431 0.0194045 0.0202619 0.0196584 0.0182721 0.0167094 0.0151803 0.0135597 0.0116714
pSPR Fmed_Fpbrs
0.558175   0.230227 0.230227
Fs Fmed_Fpbrs
0.34   1.005 1.005
SSBpbr Bo_Bmed_Bpbrs
529484  269071  95427.5 95427.5
Ro
95024.6
SPR SPRFo_SPRFmed_SPRFpbrs
684589 382120 157611
Fref
1.005
Nvult_r0
 83638.4 7458.09 3588.5 388.099 120.664
CTP_r0
 35098.9 3738.34 1798.72 194.533 60.4825
YTP_r0
381400
Np
 85421.9 15248.8 2610.2 170.917 93.3118
Nvult_p0
 70173.1 13195.4 2258.71 147.901 80.7464
CTP_p0
 29448.2 8407.63 550.535 264.892 32.8673
 29448.2 6614.15 1132.17 74.1351 40.4739
YTP_p0
 391459 368456
CBA_c0
384418
log_Ro
11.2819
likeval ReclasPelacesDesembMPH_pf_preclas_ppelaces_ptallas_desvR_qrecl_qpela
 16.7731 17.6669 0.0188643 44.8209 250.238 137.467 115.61 0 23.311 0.00010093 0.00024014 0.0355191 0 0 0
q_reclas_q_pelaces
4.14033 8.94889
M
1
N
 147821 26573.7 34624.9 3016.77 0.153111
 91643.3 39958.3 6370.13 8300.12 723.202
 84210.6 19046 6647.02 1059.66 1501.02
 124519 17578.9 3187.82 1112.54 428.594
 93914.8 22888.2 2465.44 447.092 216.145
 195484 27804.9 6226.28 670.673 180.42
 68889.6 52313.6 6572.76 1471.82 201.189
 25257.7 11426.8 6360.96 799.201 203.426
 24377.5 7954.06 3386.89 1885.39 297.178
 32292.5 4480.84 1115.54 475.003 306.099
 55819.6 3051.36 249.241 62.0503 43.4478
 115092 16038.3 796.2 65.0351 27.5279
 78638.9 19539.2 2014.16 99.9901 11.6244
 52084.6 13008.3 2366.81 243.978 13.52
 59211 2496.66 281.731 51.2599 5.57686
 240778 7686.69 215.945 24.3679 4.91601
 45837.7 38838.6 899.079 25.2581 3.42521
 353155 8081.8 5140.73 119.003 3.79656
 263280 71033.6 1284.66 817.152 19.5198
 229673 41252.5 7979.8 144.316 93.9904
 243787 40887.1 5533.96 1070.48 31.9684
 328458 50146.5 6704.86 907.485 180.784
 54779.7 55552.8 6264.71 837.625 135.955
 154572 10900.6 8699.54 981.051 152.462
 144628 34186 1977.04 1577.83 205.585
 56684.3 31409.1 6045.26 349.608 315.37
 141418 13334 6206.43 1194.54 131.399
 145481 32484 2549.09 1186.5 253.483
 56209.2 36722.2 7079.76 555.565 313.838
 62513.2 14060.6 7903.58 1523.75 187.118
 99911.5 13864 2559.99 1438.99 311.494
 34616.6 19394 2097.47 387.299 264.829
 101813 8618.68 4146.92 448.493 139.441
pred_Ctot
 25409.3 6058.42 7893.97 687.779 0.0349071
 26387.8 14739.7 2349.79 3061.72 266.772
 24099.7 6986.56 2438.3 388.712 550.613
 41630.5 7419.49 1345.48 469.57 180.896
 11795.7 3863.18 416.129 75.4624 36.482
 34561.5 6510.88 1457.97 157.047 42.2478
 25477.6 24143.9 3033.48 679.279 92.8533
 2327.91 1428.39 795.144 99.9031 25.429
 8150.27 3357.2 1429.52 795.772 125.431
 16846.9 2766.95 688.851 293.317 189.018
 7883.38 576.579 47.0961 11.7249 8.2098
 41668.8 7264.82 360.652 29.4587 12.4692
 29154.6 9037.18 931.582 46.247 5.3765
 33264.9 9405.75 1711.34 176.411 9.77579
 26287.3 1348.93 152.218 27.6955 3.01315
 91255 3624.51 101.825 11.4902 2.31805
 16000.7 17034.1 394.324 11.0779 1.50225
 106208 3101.28 1972.69 45.6659 1.45688
 102239 34212.6 618.741 393.573 9.40153
 79398.2 17937.6 3469.81 62.7522 40.8693
 71187.5 15275.9 2067.56 399.943 11.9438
 119336 22785 3046.47 412.332 82.1426
 16701 21582.6 2433.88 325.423 52.8196
 40599.4 3696.61 2950.19 332.694 51.703
 39077.4 11898.3 688.097 549.156 71.5527
 13395.3 9659.98 1859.24 107.523 96.9931
 34878.2 4266.69 1985.97 382.236 42.0459
 29757.2 8729.39 685.015 318.846 68.1183
 11731.8 10057.3 1938.97 152.155 85.9525
 16347.4 4748.98 2669.43 514.646 63.1992
 31401.2 5536.09 1022.24 574.609 124.384
 7299.75 5363.03 580.016 107.1 73.2334
 32734.6 3512.63 1690.12 182.788 56.8307
F
 0.308166 0.428303 0.428303 0.428303 0.428303
 0.571047 0.793668 0.793668 0.793668 0.793668
 0.566623 0.787519 0.787519 0.787519 0.787519
 0.693839 0.964329 0.964329 0.964329 0.964329
 0.217176 0.301842 0.301842 0.301842 0.301842
 0.318221 0.442278 0.442278 0.442278 0.442278
 0.796546 1.10708 1.10708 1.10708 1.10708
 0.155446 0.216047 0.216047 0.216047 0.216047
 0.693851 0.964346 0.964346 0.964346 0.964346
 1.35925 1.88915 1.88915 1.88915 1.88915
 0.247144 0.343492 0.343492 0.343492 0.343492
 0.773309 1.07478 1.07478 1.07478 1.07478
 0.799281 1.11088 1.11088 1.11088 1.11088
 2.03791 2.83239 2.83239 2.83239 2.83239
 1.04162 1.44769 1.44769 1.44769 1.44769
 0.824461 1.14587 1.14587 1.14587 1.14587
 0.735492 1.02222 1.02222 1.02222 1.02222
 0.603753 0.839124 0.839124 0.839124 0.839124
 0.853504 1.18624 1.18624 1.18624 1.18624
 0.725843 1.00881 1.00881 1.00881 1.00881
 0.581346 0.807981 0.807981 0.807981 0.807981
 0.777077 1.08002 1.08002 1.08002 1.08002
 0.614501 0.854062 0.854062 0.854062 0.854062
 0.508847 0.70722 0.70722 0.70722 0.70722
 0.527066 0.73254 0.73254 0.73254 0.73254
 0.447181 0.621513 0.621513 0.621513 0.621513
 0.470973 0.654579 0.654579 0.654579 0.654579
 0.376665 0.523507 0.523507 0.523507 0.523507
 0.385701 0.536065 0.536065 0.536065 0.536065
 0.506083 0.703378 0.703378 0.703378 0.703378
 0.639323 0.88856 0.88856 0.88856 0.88856
 0.3904 0.542596 0.542596 0.542596 0.542596
 0.658712 0.915508 0.915508 0.915508 0.915508
YTP_r0W_actual
 264646 65234.1 43295.2 6092.78 2132.01
YTP_p0W_proyectada
 222040 146713 13251.4 8296.43 1158.57
 222040 115417 27251.4 2321.91 1426.7
CTP_r0_actual
 35098.9 3738.34 1798.72 194.533 60.4825
CTP_p0_proyectada
 29448.2 8407.63 550.535 264.892 32.8673
 29448.2 6614.15 1132.17 74.1351 40.4739
Wmedp
 7.54 17.45 24.07 31.32 35.25
Frms_r0
 0.723101 1.005 1.005 1.005 1.005
Zrms_r0
 1.7231 2.005 2.005 2.005 2.005
nmprior
 7.29 8.9 8.7 0
nm_flota  nm_reclas  nm_pelaces    nm_pelaL
inf 12.6244 11.1965 29.425
cv_recla  cv_pelaces  cv_mph
0.354681 0.460437 0.894636
 ------------------------------------------------
Talla a la edad & desviaci?n 
 8 13.2811 15.8009 17.003 17.5766
 0.8 1.32811 1.58009 1.7003 1.75766
