years
 1991 1992 1993 1994 1995 1996 1997 1998 1999 2000 2001 2002 2003 2004 2005 2006 2007 2008 2009 2010 2011 2012 2013 2014 2015 2016 2017 2018 2019
reclasobs
 0 0 0 0 0 0 0 0 0 252601 567819 844713 477998 351125 339783 2.1784e+06 2.13404e+06 4.81314e+06 1.55562e+06 2.62356e+06 3.21686e+06 3.843e+06 1.13348e+06 3.07943e+06 1.97215e+06 2.03268e+06 2.025e+06 2.42433e+06 2.27542e+06
reclaspred
 3.19555e+06 2.18259e+06 1.54854e+06 1.63869e+06 1.72294e+06 1.99846e+06 1.63858e+06 2.34842e+06 2.48804e+06 2.65398e+06 1.95123e+06 1.95568e+06 1.78463e+06 1.65768e+06 1.71731e+06 1.72428e+06 1.79296e+06 2.059e+06 1.11414e+06 788920 1.24635e+06 740636 1.00147e+06 1.59397e+06 1.42562e+06 1.77264e+06 1.93122e+06 1.62249e+06 1.93973e+06
pelacesobs
 0 0 0 0 0 0 0 0 0 0 0 0 0 0 0 552880 188675 0 991730 2.46772e+06 1.41603e+06 1.21717e+06 2.29649e+06 1.80582e+06 0 1.4828e+06 1.56532e+06 1.57751e+06 1.42118e+06
pelacespred
 1.50883e+06 1.10653e+06 764321 697714 800694 913162 753753 1.21224e+06 1.35504e+06 1.35103e+06 1.11344e+06 928936 893344 903613 943593 804809 803905 871216 519061 319131 476113 293726 446861 770877 692879 851478 1.03356e+06 869447 872302
mphobs
 0 0 0 0 0 0 0 0 0 0 0 0 498337 0 5186 125008 0 168611 109162 213762 579715 649985 157893 87575 83554 210694 70296 0 107559
mphpred
 2.96855e+06 2.15267e+06 1.47192e+06 1.19264e+06 1.34584e+06 1.47643e+06 1.49731e+06 1.34665e+06 1.95718e+06 2.25045e+06 1.81131e+06 1.6444e+06 1.52678e+06 1.30223e+06 1.26032e+06 1.56944e+06 1.29138e+06 1.62047e+06 1.12384e+06 613392 693748 656060 420958 865096 1.23629e+06 1.03807e+06 1.4315e+06 1.32503e+06 1.48201e+06
desembarqueobs
 494567 514787 250237 358949 120608 361735 552515 73892 212993 205616 52469 317467 293654 387597 252695 516296 358380 742168 942051 627588 828172 859565 418607 520667 417249 300574 415391 372974 316634
desembarquepred
 494481 505524 261023 358678 120529 361490 552272 73853.4 213023 205666 52449.8 317832 293995 388362 252711 515706 357812 738879 931685 620710 821424 852260 418145 520366 417043 300426 415036 372652 316401
Reclutas
 268128 268128 268128 268128 268128 268128 268128 268128 268128 268128 268128 268128 268128 268128 268128 268128 268128 268128 268128 268128 268128 268128 268128 268128 268128 268128 268128 268128 268128
log_desv_Rt
 0 0 0 0 0 0 0 0 0 0 0 0 0 0 0 0 0 0 0 0 0 0 0 0 0 0 0 0 0
SSB
 2.96855e+06 2.15267e+06 1.47192e+06 1.19264e+06 1.34584e+06 1.47643e+06 1.49731e+06 1.34665e+06 1.95718e+06 2.25045e+06 1.81131e+06 1.6444e+06 1.47473e+06 1.28643e+06 1.23192e+06 1.52976e+06 1.29138e+06 1.62047e+06 1.16385e+06 634752 739644 754776 490505 960404 1.28447e+06 1.13909e+06 1.48411e+06 1.32503e+06 1.53425e+06
BT
 4.20987e+06 3.39353e+06 2.20101e+06 2.27782e+06 2.26665e+06 2.96051e+06 2.54508e+06 4.08153e+06 4.25751e+06 3.87893e+06 3.07281e+06 2.80908e+06 2.8201e+06 3.25321e+06 3.27484e+06 2.68195e+06 2.66126e+06 3.10559e+06 2.53176e+06 1.55865e+06 2.26949e+06 1.71014e+06 1.98013e+06 3.1142e+06 2.3258e+06 2.98033e+06 3.64923e+06 3.03095e+06 2.64994e+06
Ftot
 0.14671 0.218255 0.159655 0.206627 0.0667851 0.17128 0.315041 0.0301137 0.0816813 0.0739345 0.0257436 0.154049 0.15617 0.221149 0.139839 0.280435 0.18881 0.334728 0.749029 0.711511 0.601496 1.00241 0.390021 0.306418 0.274591 0.160757 0.203115 0.216969 0.154623
BD_Bspro_t
 0.9768 0.85207 0.753524 0.738756 0.744792 0.801089 0.763414 0.702451 0.83075 0.867522 0.871073 0.897432 0.830105 0.781619 0.761841 0.778089 0.690108 0.727093 0.591963 0.419497 0.405587 0.391549 0.325611 0.515508 0.61233 0.637779 0.733691 0.735764 0.756401
BD_Bspro
 1.55781 1.12966 0.772422 0.625866 0.706262 0.774791 0.785746 0.706686 1.02707 1.18097 0.950524 0.862938 0.773899 0.675081 0.646477 0.802775 0.677683 0.850379 0.610757 0.333101 0.388145 0.396086 0.257404 0.503994 0.674057 0.597762 0.77882 0.695342 0.805132
BD_Bo
 1.15301 0.836118 0.571707 0.463234 0.522739 0.57346 0.581568 0.523052 0.760187 0.874095 0.703529 0.638702 0.5728 0.49966 0.478489 0.594172 0.501585 0.629406 0.45205 0.246544 0.287285 0.293162 0.190517 0.37303 0.498902 0.442432 0.576442 0.514656 0.595917
BD_Brms
 4.89217 3.5476 2.42572 1.96548 2.21795 2.43316 2.46757 2.21928 3.22544 3.70874 2.98504 2.70998 2.43036 2.12003 2.0302 2.52104 2.1282 2.67054 1.91803 1.04607 1.21893 1.24387 0.808353 1.58275 2.11682 1.87722 2.44581 2.18366 2.52845
Sel_flota
 0.5 1 1 1 1
 0.5 1 1 1 1
 0.5 1 1 1 1
 0.5 1 1 1 1
 0.5 1 1 1 1
 0.5 1 1 1 1
 0.5 1 1 1 1
 0.5 1 1 1 1
 0.5 1 1 1 1
 0.5 1 1 1 1
 0.5 1 1 1 1
 0.5 1 1 1 1
 0.5 1 1 1 1
 0.5 1 1 1 1
 0.5 1 1 1 1
 0.5 1 1 1 1
 0.5 1 1 1 1
 0.5 1 1 1 1
 0.5 1 1 1 1
 0.5 1 1 1 1
 0.5 1 1 1 1
 0.5 1 1 1 1
 0.5 1 1 1 1
 0.5 1 1 1 1
 0.5 1 1 1 1
 0.5 1 1 1 1
 0.5 1 1 1 1
 0.5 1 1 1 1
 0.5 1 1 1 1
Sel_reclas
 0.5 1 1 1 1
 0.5 1 1 1 1
 0.5 1 1 1 1
 0.5 1 1 1 1
 0.5 1 1 1 1
 0.5 1 1 1 1
 0.5 1 1 1 1
 0.5 1 1 1 1
 0.5 1 1 1 1
 0.5 1 1 1 1
 0.5 1 1 1 1
 0.5 1 1 1 1
 0.5 1 1 1 1
 0.5 1 1 1 1
 0.5 1 1 1 1
 0.5 1 1 1 1
 0.5 1 1 1 1
 0.5 1 1 1 1
 0.5 1 1 1 1
 0.5 1 1 1 1
 0.5 1 1 1 1
 0.5 1 1 1 1
 0.5 1 1 1 1
 0.5 1 1 1 1
 0.5 1 1 1 1
 0.5 1 1 1 1
 0.5 1 1 1 1
 0.5 1 1 1 1
 0.5 1 1 1 1
Sel_pelaces
 0.5 1 1 1 1
 0.5 1 1 1 1
 0.5 1 1 1 1
 0.5 1 1 1 1
 0.5 1 1 1 1
 0.5 1 1 1 1
 0.5 1 1 1 1
 0.5 1 1 1 1
 0.5 1 1 1 1
 0.5 1 1 1 1
 0.5 1 1 1 1
 0.5 1 1 1 1
 0.5 1 1 1 1
 0.5 1 1 1 1
 0.5 1 1 1 1
 0.5 1 1 1 1
 0.5 1 1 1 1
 0.5 1 1 1 1
 0.5 1 1 1 1
 0.5 1 1 1 1
 0.5 1 1 1 1
 0.5 1 1 1 1
 0.5 1 1 1 1
 0.5 1 1 1 1
 0.5 1 1 1 1
 0.5 1 1 1 1
 0.5 1 1 1 1
 0.5 1 1 1 1
 0.5 1 1 1 1
pf_obs 
 0.8446 0.082 0.0669 0.0065 0
 0.8095 0.147 0.0364 0.0071 0
 0.9664 0.0169 0.016 0.0007 0
 0.9276 0.0648 0.0075 0.0001 0
 0.7033 0.2144 0.0806 0.0017 0
 0.9318 0.0425 0.0243 0.0014 0
 0.5671 0.3108 0.0964 0.0239 0.0018
 0.0768 0.2599 0.5324 0.112 0.0189
 0.490249 0.384438 0.106611 0.0170017 0.00170017
 0.7925 0.1577 0.0466 0.003 0.0002
 0.840416 0.127587 0.0312969 0.00059994 9.999e-05
 0.8084 0.0986 0.0794 0.0134 0.0002
 0.7335 0.1905 0.0724 0.0035 0.0001
 0.4001 0.4547 0.1325 0.0127 0
 0.49795 0.308269 0.164784 0.0264974 0.00249975
 0.9179 0.0499 0.0305 0.0017 0
 0.2467 0.6533 0.0926 0.0074 0
 0.9418 0.0223 0.034 0.0019 0
 0.707729 0.231977 0.0356964 0.0245975 0
 0.517169 0.277429 0.184464 0.0207286 0.00020938
 0.811772 0.124168 0.05621 0.00726502 0.000585176
 0.764997 0.148141 0.077277 0.00933861 0.000247198
 0.163321 0.427699 0.378323 0.0303852 0.000271297
 0.753843 0.0900009 0.118128 0.0371064 0.000921714
 0.721811 0.176058 0.0630433 0.0369309 0.00215725
 0.143369 0.312575 0.442814 0.0836902 0.0175525
 0.692698 0.0596174 0.167031 0.0765114 0.00414204
 0.394062 0.376323 0.152708 0.0712218 0.00568511
 0.125707 0.32114 0.495352 0.0537591 0.00404204
pf_pred 
 0.447989 0.0413385 0.488739 0.0156019 0.00633155
 0.490177 0.320648 0.0141668 0.167491 0.00751662
 0.512897 0.327497 0.100383 0.00443509 0.0547886
 0.513748 0.334663 0.101918 0.0312396 0.0184306
 0.513956 0.336348 0.103028 0.0313762 0.0152913
 0.498555 0.342591 0.109929 0.0336728 0.0152524
 0.516173 0.327346 0.10691 0.0343045 0.0152677
 0.528845 0.330318 0.0952871 0.0311203 0.01443
 0.493265 0.351519 0.108819 0.0313911 0.015006
 0.489133 0.34024 0.118363 0.0366413 0.0156227
 0.484105 0.341422 0.1162 0.0404236 0.0178494
 0.481685 0.339023 0.118656 0.0403835 0.0202519
 0.500248 0.330071 0.110987 0.0388447 0.0198503
 0.50993 0.331808 0.104527 0.0351474 0.0185876
 0.518632 0.331994 0.101135 0.03186 0.0163785
 0.516181 0.33475 0.102811 0.0313192 0.0149383
 0.531747 0.327237 0.0975679 0.0299657 0.0134824
 0.529931 0.331894 0.0965628 0.0287908 0.0128209
 0.568913 0.307692 0.0871238 0.0253482 0.0109233
 0.634897 0.280894 0.0601053 0.017019 0.00708536
 0.638884 0.293501 0.0520192 0.011131 0.00446392
 0.64054 0.291117 0.0555467 0.0098449 0.00295142
 0.668126 0.27571 0.0454857 0.0086789 0.00199936
 0.589936 0.335917 0.0615991 0.0101624 0.00238573
 0.559679 0.33433 0.0868262 0.0159218 0.00324338
 0.541844 0.336297 0.092526 0.0240292 0.00530399
 0.522423 0.340362 0.100719 0.0277111 0.00878515
 0.5236 0.333072 0.102148 0.0302274 0.0109531
 0.522915 0.334444 0.0997262 0.0305845 0.01233
pobs_RECLAS
 0 0 0 0 0
 0 0 0 0 0
 0 0 0 0 0
 0 0 0 0 0
 0 0 0 0 0
 0 0 0 0 0
 0 0 0 0 0
 0 0 0 0 0
 0 0 0 0 0
 0 0 0 0 0
 0.991045 0.00858322 0.000360255 1.14367e-05 0
 0.934742 0.0480273 0.0164251 0.00080598 0
 0.827803 0.169806 0.00239088 0 0
 0.941827 0.0461693 0.0120037 0 0
 0.791401 0.0380133 0.147996 0.0225897 0
 0.846168 0.0940531 0.0597789 0 0
 0.134021 0.677848 0.182769 0.00536245 0
 0.80878 0.0450904 0.141981 0.00414843 0
 0.846168 0.0940531 0.0597789 0 0
 0.905697 0.0802665 0.012482 0.00150086 5.37128e-05
 0.989698 0.0102097 9.19794e-05 0 0
 0.975433 0.0193895 0.00387452 0.00125025 5.28907e-05
 0.303575 0.632131 0.0575291 0.00676475 0
 0.966965 0.00978017 0.0227588 0.000495775 0
 0.843318 0.132988 0.00938335 0.0141283 0.000182051
 0.564624 0.303363 0.111486 0.0197234 0.00080311
 0.826376 0.0876187 0.0782897 0.00655872 0.00115652
 0.89761 0.0855135 0.0140674 0.00269457 0.000114338
 0.34875 0.467042 0.161289 0.0227151 0.000203297
ppred_RECLAS
 0.449634 0.0412153 0.487283 0.0155554 0.00631268
 0.492764 0.319021 0.0140949 0.166642 0.00747848
 0.51472 0.326271 0.100008 0.00441849 0.0545835
 0.516178 0.332991 0.101409 0.0310835 0.0183385
 0.514673 0.335852 0.102876 0.0313299 0.0152688
 0.500527 0.341244 0.109496 0.0335404 0.0151924
 0.520124 0.324672 0.106036 0.0340244 0.015143
 0.529159 0.330097 0.0952235 0.0310996 0.0144204
 0.494152 0.350904 0.108629 0.0313362 0.0149797
 0.489931 0.339708 0.118178 0.0365841 0.0155983
 0.484373 0.341245 0.116139 0.0404026 0.0178401
 0.483437 0.337878 0.118255 0.0402471 0.0201835
 0.502028 0.328894 0.110591 0.0387063 0.0197796
 0.512555 0.33003 0.103967 0.0349591 0.018488
 0.520207 0.330908 0.100804 0.0317557 0.0163249
 0.519629 0.332365 0.102078 0.0310961 0.0148319
 0.533935 0.325708 0.0971119 0.0298257 0.0134194
 0.534166 0.328904 0.0956929 0.0285315 0.0127054
 0.580363 0.299519 0.0848098 0.0246749 0.0106332
 0.644979 0.273137 0.0584455 0.016549 0.0068897
 0.646952 0.286945 0.0508571 0.0108823 0.0043642
 0.656408 0.278266 0.0530946 0.0094103 0.00282113
 0.672642 0.271958 0.0448667 0.00856079 0.00197215
 0.593636 0.332886 0.0610433 0.0100707 0.0023642
 0.562997 0.331811 0.086172 0.0158019 0.00321894
 0.543669 0.334957 0.0921575 0.0239335 0.00528287
 0.524803 0.338666 0.100217 0.0275729 0.00874136
 0.526164 0.331279 0.101598 0.0300647 0.0108941
 0.524672 0.333212 0.0993589 0.0304718 0.0122846
pobs_PELACES
 0 0 0 0 0
 0 0 0 0 0
 0 0 0 0 0
 0 0 0 0 0
 0 0 0 0 0
 0 0 0 0 0
 0 0 0 0 0
 0 0 0 0 0
 0 0 0 0 0
 0 0 0 0 0
 0 0 0 0 0
 0 0 0 0 0
 0 0 0 0 0
 0 0 0 0 0
 0 0 0 0 0
 0 0 0 0 0
 0.505614 0.472636 0.0217494 0 0
 0 0 0 0 0
 0.443492 0.261883 0.143347 0.151278 0
 0.227955 0.32914 0.350689 0.0885471 0.00366901
 0.970185 0.0296113 0.000203453 0 0
 0.997202 0.00247181 0.000326279 0 0
 0.445219 0.490057 0.0546422 0.010081 0
 0.90214 0.0892962 0.00764917 0.000914606 0
 0 0 0 0 0
 0.581667 0.319106 0.0959925 0.00289975 0.000334073
 0.762889 0.0836404 0.116647 0.0363945 0.000428098
 0.88444 0.0763242 0.0277011 0.0115352 0
 0.521256 0.241999 0.230069 0.00667565 0
ppred_PELACES
 0.455631 0.0407662 0.481973 0.0153859 0.00624389
 0.501766 0.313359 0.0138447 0.163684 0.00734575
 0.521297 0.321849 0.0986521 0.00435861 0.0538437
 0.524687 0.327135 0.0996254 0.0305368 0.018016
 0.517425 0.333947 0.102293 0.0311523 0.0151822
 0.507592 0.336417 0.107948 0.033066 0.0149775
 0.533082 0.315905 0.103173 0.0331056 0.0147341
 0.530397 0.32923 0.0949732 0.0310178 0.0143825
 0.497521 0.348567 0.107905 0.0311275 0.01488
 0.49298 0.337678 0.117471 0.0363654 0.0155051
 0.485434 0.340542 0.115901 0.0403195 0.0178034
 0.489787 0.333724 0.116802 0.0397523 0.0199354
 0.50847 0.32464 0.109161 0.0382056 0.0195238
 0.521667 0.323861 0.102024 0.0343056 0.0181425
 0.525963 0.326938 0.099595 0.0313747 0.016129
 0.531166 0.324382 0.0996266 0.0303492 0.0144756
 0.541679 0.320296 0.0954984 0.0293301 0.0131965
 0.54788 0.319222 0.0928758 0.0276915 0.0123314
 0.610128 0.278274 0.078794 0.0229247 0.00987892
 0.671382 0.252824 0.054099 0.0153183 0.00637732
 0.669276 0.2688 0.0476412 0.0101942 0.00408824
 0.69269 0.248882 0.047488 0.00841661 0.00252323
 0.686652 0.26032 0.0429466 0.00819442 0.00188775
 0.605773 0.322944 0.0592202 0.00976992 0.0022936
 0.57411 0.323372 0.0839805 0.0154 0.00313708
 0.550242 0.330133 0.0908301 0.0235888 0.00520678
 0.533153 0.332714 0.0984561 0.0270884 0.00858775
 0.53508 0.325045 0.0996863 0.0294989 0.0106891
 0.531031 0.328755 0.0980298 0.0300642 0.0121202
pobs_pel_tallas
 0 0 0 0 0 0 0 0 0 0 0 0 0 0 0 0 0 0 0 0 0 0 0 0 0 0
 0 0 0 0 0 0 0 0 0 0 0 0 0 0 0 0 0 0 0 0 0 0 0 0 0 0
 0 0 0 0 0 0 0 0 0 0 0 0 0 0 0 0 0 0 0 0 0 0 0 0 0 0
 0 0 0 0 0 0 0 0 0 0 0 0 0 0 0 0 0 0 0 0 0 0 0 0 0 0
 0 0 0 0 0 0 0 0 0 0 0 0 0 0 0 0 0 0 0 0 0 0 0 0 0 0
 0 0 0 0 0 0 0 0 0 0 0 0 0 0 0 0 0 0 0 0 0 0 0 0 0 0
 0 0 0 0 0 0 0 0 0 0 0 0 0 0 0 0 0 0 0 0 0 0 0 0 0 0
 0 0 0 0 0 0 0 0 0 0 0 0 0 0 0 0 0 0 0 0 0 0 0 0 0 0
 0 0 0 0 0 0 0 0 0 0 0 0 0 0 0 0 0 0 0 0 0 0 0 0 0 0
 0 0 0 0 0 0 0 0 0 0 0 0 0 0 0 0 0 0 0 0 0 0 0 0 0 0
 0 0 0 0 0 0 0 0 0 0 0 0 0 0 0 0 0 0 0 0 0 0 0 0 0 0
 0 0 0 0 0 0 0 0 0 0 0 0 0 0 0 0 0 0 0 0 0 0 0 0 0 0
 0.00862536 0 0 0.000197151 0.00414017 0.0128641 0.00837892 0.0270097 0.101434 0.158115 0.152841 0.127902 0.109271 0.109419 0.0830992 0.0579132 0.0238553 0.00714673 0.00463305 0.00128148 0.00103504 0.000492878 0.000147863 0.000147863 4.92878e-05 0
 0 0 0 0 0 0 0 0 0 0 0 0 0 0 0 0 0 0 0 0 0 0 0 0 0 0
 0 0 0 0 0 0 0 0.0054083 0.00873648 0.0413646 0.0450493 0.0745869 0.0622846 0.0627006 0.0613931 0.0827291 0.12552 0.122667 0.0946155 0.0697135 0.0546179 0.0294188 0.0215738 0.0213955 0.0102223 0.00600262
 0 0 0 0 0.00359764 0.0251062 0.0480494 0.140153 0.205849 0.193036 0.1447 0.116669 0.0760912 0.0342217 0.00950174 0.001854 0.000860785 0 0 0 0.000165536 0 0.000143464 0 0 0
 0 0 0 0 0 0 0 0.000145254 0.000435761 0.0275982 0.070085 0.0708112 0.156366 0.174668 0.174014 0.160142 0.0824315 0.0480064 0.0283245 0.00493863 0.00203355 0 0 0 0 0
 0 0 0 0 0 0 0 0 0 0 0 0 0 0 0 0 0 0 0 0 0 0 0 0 0 0
 0 0 1.00437e-05 0.000401748 0.00122533 0.00171747 0.00176769 0.0269171 0.070346 0.194647 0.189555 0.159765 0.064822 0.0314167 0.0384472 0.0292271 0.0345202 0.0313363 0.0194345 0.0106764 0.0143323 0.0359363 0.0279516 0.0138201 0.00172751 0
 0 0.0021121 0.0136068 0.0755702 0.200478 0.177729 0.0527432 0.0373336 0.0318909 0.0142505 0.0149659 0.0166563 0.0217959 0.0798694 0.0677717 0.0528807 0.04013 0.0224614 0.0357745 0.0225083 0.00881397 0.00855152 0.00135912 0.000746735 0 0
 0 0 0 0 5.4009e-05 0.00500934 0.000945158 0.0243581 0.138947 0.33067 0.221406 0.137944 0.0707744 0.0437923 0.0131692 0.00525238 0.0047753 0.00276346 9.45158e-05 9.00151e-06 2.25038e-05 9.00151e-06 4.50075e-06 0 0 0
 0.000866109 0.00284123 0.00948549 0.0512746 0.133035 0.25785 0.225252 0.132002 0.0553304 0.0519788 0.0540692 0.017754 0.00435017 0.00159236 0.00146478 0.000404838 0.000125132 0.000115318 0.000107957 0.000100596 0 0 0 0 0 0
 0 0 0 0 0.00144013 0.00171154 0.00461396 0.0210425 0.0478622 0.0707936 0.0888783 0.103762 0.0637923 0.0337046 0.0602308 0.124433 0.169614 0.0934646 0.0462172 0.0250306 0.0313229 0.00938855 0.002487 0.000210481 0 0
 0 0.00764035 0.051015 0.0998891 0.058973 0.0496711 0.0374665 0.0718981 0.12319 0.153886 0.159021 0.0857701 0.0377988 0.023471 0.0147837 0.00900784 0.00315554 0.000888139 0.00291439 0.00214683 0.00393193 0.00274676 0.000635225 9.99891e-05 0 0
 0 0 0 0 0 0 0 0 0 0 0 0 0 0 0 0 0 0 0 0 0 0 0 0 0 0
 0 0 0 0 0 0 0 0 0 0 0 0 0 0 0 0 0 0 0 0 0 0 0 0 0 0
 0 0 0 0 0 0 0 0 0 0 0 0 0 0 0 0 0 0 0 0 0 0 0 0 0 0
 0 0 0 0 0 0 0 0 0 0 0 0 0 0 0 0 0 0 0 0 0 0 0 0 0 0
 0 0 0 0 0 0 0 0 0 0 0 0 0 0 0 0 0 0 0 0 0 0 0 0 0 0
ppred_pel_tallas
 1.16519e-16 3.75297e-05 0.000364802 0.00242424 0.0110202 0.0342881 0.0730546 0.106626 0.106631 0.0730778 0.034368 0.0112605 0.00306288 0.00187623 0.00325082 0.00620649 0.0110071 0.0181391 0.0279584 0.0403685 0.0544182 0.0680688 0.0784927 0.0830067 0.0802285 0.0707626
 1.18138e-16 4.13299e-05 0.000401741 0.00266971 0.0121361 0.0377602 0.0804533 0.11743 0.11746 0.0806009 0.038256 0.0135683 0.00626597 0.00825762 0.0149795 0.0247567 0.035823 0.0454648 0.0510331 0.0515184 0.0482589 0.0440794 0.0414926 0.0413205 0.0425774 0.0433938
 1.12479e-16 4.29386e-05 0.000417378 0.00277363 0.0126085 0.03923 0.0835848 0.122001 0.122032 0.0837368 0.0397408 0.0140852 0.00648467 0.00853362 0.0155017 0.0256775 0.0372665 0.0474666 0.0534535 0.0539555 0.0499954 0.0441238 0.0387806 0.0350768 0.0327131 0.0307178
 1.0907e-16 4.32179e-05 0.000420093 0.00279167 0.0126905 0.0394851 0.0841284 0.122794 0.122826 0.084283 0.0400044 0.0141915 0.00656386 0.00867015 0.015757 0.026101 0.0378795 0.0482392 0.0542955 0.0547275 0.0505278 0.0442264 0.0382422 0.0336776 0.0302703 0.0271636
 1.08731e-16 4.26197e-05 0.000414279 0.00275303 0.0125149 0.0389386 0.0829641 0.121095 0.121128 0.0831219 0.0394687 0.0140471 0.00660381 0.0088362 0.0160836 0.026644 0.0386659 0.0492356 0.0554039 0.0558153 0.0514734 0.044952 0.0387169 0.0338998 0.0302522 0.0269294
 1.09052e-16 4.18098e-05 0.000406406 0.00270071 0.0122771 0.0381987 0.0813875 0.118794 0.118827 0.0815465 0.0387328 0.0138212 0.00658186 0.00889604 0.0162156 0.0268745 0.0390238 0.04974 0.0560619 0.0566271 0.0524372 0.0460598 0.0399424 0.035188 0.0315231 0.0280953
 1.08872e-16 4.39094e-05 0.000426815 0.00283633 0.0128936 0.0401169 0.0854744 0.124759 0.124789 0.0856237 0.0406185 0.0143439 0.00648171 0.00840135 0.0152383 0.0252525 0.0366805 0.0467797 0.052777 0.053399 0.049587 0.0437443 0.038152 0.033822 0.0304727 0.0272859
 1.0837e-16 4.36882e-05 0.000424665 0.00282205 0.0128286 0.0399148 0.0850439 0.124131 0.124163 0.0851994 0.0404372 0.0143386 0.00661633 0.0087216 0.0158424 0.026231 0.0380415 0.0483892 0.0543574 0.0546087 0.0501454 0.0435333 0.0372415 0.0324201 0.0288412 0.0256643
 1.08843e-16 4.09802e-05 0.000398342 0.00264712 0.0120335 0.0374408 0.0797727 0.116438 0.116471 0.0799374 0.037994 0.0136328 0.00666671 0.00918955 0.0167856 0.0278131 0.0403638 0.0513984 0.0578364 0.0582576 0.0537026 0.04685 0.0402697 0.035147 0.0312363 0.0276765
 1.09748e-16 4.06062e-05 0.000394707 0.00262297 0.0119236 0.0370991 0.0790447 0.115375 0.115408 0.0792043 0.0376355 0.0134747 0.00652223 0.00892645 0.0163019 0.027039 0.0393077 0.0501957 0.056751 0.0576145 0.0537765 0.0477695 0.0419817 0.0374482 0.0338431 0.0302998
 1.10489e-16 3.99846e-05 0.000388665 0.00258282 0.0117411 0.0365312 0.0778348 0.113609 0.113642 0.0779958 0.0370722 0.0133052 0.0065147 0.00899157 0.0164364 0.0272626 0.0396317 0.0506099 0.0572268 0.0581242 0.0543184 0.0483803 0.0427262 0.0383879 0.0350022 0.0316444
 1.10817e-16 4.03431e-05 0.00039215 0.00260597 0.0118464 0.0368587 0.0785326 0.114627 0.11466 0.0786904 0.037389 0.0133796 0.00646044 0.00882659 0.0161184 0.0267406 0.0388899 0.0496992 0.0562667 0.0572679 0.0536977 0.0480641 0.0427126 0.038627 0.0354248 0.0321818
 1.10369e-16 4.1882e-05 0.000407108 0.00270538 0.0122983 0.0382647 0.0815281 0.118999 0.119031 0.0816816 0.0387804 0.0137892 0.0064533 0.0086073 0.0156702 0.0259844 0.0377705 0.0482286 0.0545289 0.0553818 0.051765 0.0461409 0.0408221 0.0367935 0.0336976 0.0306296
 1.09538e-16 4.29691e-05 0.000417675 0.0027756 0.0126175 0.0392578 0.0836441 0.122088 0.122119 0.0837972 0.039772 0.0141039 0.00651165 0.00858985 0.0156119 0.0258697 0.0375661 0.047888 0.0539928 0.0545823 0.0506387 0.0446504 0.0389793 0.0346735 0.0314316 0.0283789
 1.08834e-16 4.3323e-05 0.000421115 0.00279846 0.0127214 0.0395811 0.084333 0.123093 0.123125 0.0844875 0.0401001 0.0142214 0.00656837 0.00866617 0.0157475 0.0260849 0.0378553 0.0482064 0.0542538 0.054675 0.0504586 0.0441293 0.0381027 0.0334811 0.030008 0.0268377
 1.08452e-16 4.37515e-05 0.000425281 0.00282614 0.0128472 0.0399727 0.0851672 0.124311 0.124342 0.0853205 0.0404876 0.0143356 0.00656672 0.00860623 0.0156259 0.0258825 0.0375615 0.047831 0.0538265 0.0542306 0.0500173 0.0436846 0.0376258 0.032939 0.0293833 0.0261402
 1.08013e-16 4.46174e-05 0.000433697 0.00288207 0.0131015 0.0407638 0.0868527 0.126771 0.126802 0.087004 0.0412721 0.0145708 0.00657439 0.00850829 0.0154219 0.0255359 0.0370437 0.0471407 0.0529909 0.0532897 0.0490016 0.0426057 0.0364858 0.0317497 0.0281791 0.0249751
 1.07626e-16 4.51282e-05 0.000438662 0.00291506 0.0132515 0.0412304 0.087847 0.128222 0.128253 0.0879977 0.0417369 0.0147155 0.00659399 0.00848324 0.015363 0.0254317 0.0368789 0.0469018 0.0526663 0.0528668 0.0484656 0.0419433 0.0356948 0.0308489 0.0272108 0.0239988
 1.06316e-16 5.02555e-05 0.000488502 0.00324627 0.0147571 0.0459149 0.0978275 0.142788 0.142815 0.0979589 0.0463563 0.016033 0.00645235 0.00749846 0.0133961 0.0221532 0.032111 0.0408112 0.0457757 0.0458616 0.0419087 0.0360886 0.0305066 0.0261684 0.0229251 0.0201079
 1.04242e-16 5.53009e-05 0.000537544 0.00357217 0.0162386 0.0505244 0.107648 0.157121 0.157146 0.107768 0.0509249 0.0173957 0.00647815 0.00688654 0.0121286 0.0200043 0.0289077 0.0365562 0.0406573 0.0401537 0.0358341 0.0297543 0.0239567 0.0194957 0.0163401 0.0139152
 1.03158e-16 5.51275e-05 0.000535859 0.00356097 0.0161877 0.050366 0.107311 0.156629 0.156655 0.107438 0.0507914 0.0174165 0.00664635 0.00727378 0.0128591 0.0211907 0.0305656 0.038531 0.0426196 0.0416875 0.0365797 0.0295262 0.0227794 0.0175598 0.0139239 0.0113115
 1.02706e-16 5.7056e-05 0.000554605 0.00368554 0.016754 0.0521279 0.111065 0.162108 0.162132 0.111182 0.0525219 0.0178921 0.00654334 0.0067962 0.0119197 0.0196382 0.0283365 0.0357423 0.0395715 0.0387604 0.0340785 0.0275712 0.0213043 0.0163979 0.012911 0.0103497
 1.02448e-16 5.65586e-05 0.00054977 0.00365342 0.0166079 0.0516735 0.110097 0.160695 0.16072 0.11022 0.0520854 0.0177976 0.00664005 0.00707103 0.0124457 0.0204963 0.0295443 0.0372015 0.0410669 0.0400243 0.0348915 0.0278405 0.0210779 0.0158201 0.012156 0.00956853
 1.0316e-16 4.98968e-05 0.000485014 0.00322309 0.0146517 0.0455871 0.0971293 0.14177 0.141801 0.0972815 0.0460982 0.0161282 0.00693028 0.00858101 0.0154349 0.0254617 0.0367282 0.046298 0.0512016 0.0500538 0.0438546 0.0352682 0.026994 0.0205086 0.01591 0.0125705
 1.04582e-16 4.72888e-05 0.000459664 0.00305463 0.0138859 0.0432044 0.0920527 0.13436 0.134391 0.0922053 0.043717 0.0153673 0.0067761 0.00859334 0.015523 0.0256616 0.0371336 0.0470539 0.0524973 0.0520925 0.0467937 0.0391469 0.0316774 0.0256861 0.0211584 0.0174605
 1.05953e-16 4.53227e-05 0.000440553 0.00292763 0.0133086 0.0414082 0.0882257 0.128775 0.128807 0.0883816 0.0419318 0.0148218 0.00672956 0.00875205 0.0158653 0.0262483 0.0380218 0.0482645 0.0540156 0.0538967 0.0488881 0.0415673 0.0344588 0.0288113 0.0245243 0.020884
 1.07097e-16 4.39152e-05 0.000426871 0.00283671 0.0128953 0.0401222 0.0854858 0.124776 0.124808 0.085643 0.0406502 0.0144213 0.00667133 0.00881194 0.0160102 0.0265076 0.0384374 0.0488771 0.054865 0.0550268 0.0503481 0.0433982 0.036667 0.031344 0.0272631 0.0236631
 1.07728e-16 4.40739e-05 0.000428414 0.00284697 0.0129419 0.0402673 0.0857948 0.125227 0.125258 0.0859484 0.0407832 0.0144332 0.00659484 0.00862503 0.0156551 0.0259277 0.0376198 0.0478881 0.0538538 0.0541863 0.0498508 0.0433442 0.037068 0.0321403 0.0283515 0.0249218
 1.0798e-16 4.37404e-05 0.000425172 0.00282542 0.012844 0.0399625 0.0851455 0.124279 0.124311 0.0853008 0.0404842 0.014352 0.00661517 0.00871277 0.0158264 0.0262083 0.0380174 0.0483752 0.0543686 0.054655 0.0502209 0.0436081 0.0372635 0.0323287 0.0285892 0.0252378
pSPR Fmed_Fpbrs
0.599947   0.285685 0.285685
Fs Fmed_Fpbrs
0.34   1.005 1.005
SSBpbr Bo_Bmed_Bpbrs
2.5746e+06  1.41589e+06  606795 606795
Ro
268128
SPR SPRFo_SPRFmed_SPRFpbrs
1.90559e+06 1.14325e+06 544398
Fref
1.005
Nvult_r0
 208450 76580.9 22835.2 7003.21 2823.31
CTP_r0
 69714.6 38385.9 11446.1 3510.34 1415.18
YTP_r0
1.54687e+06
Np
 268128 59678.1 12294.5 3756.01 1270.8
Nvult_p0
 208450 51641.8 10638.9 3250.22 1099.68
CTP_p0
 69714.6 39601.4 12098.3 3607.54 1455.08
 69714.6 25885.3 5332.73 1629.16 551.209
YTP_p0
 1.67218e+06 1.17616e+06
CBA_c0
1.58447e+06
log_Ro
12.3192
likeval ReclasPelacesDesembMPH_pf_preclas_ppelaces_ptallas_desvR_qrecl_qpela
 472.514 116.249 12.6531 452.801 225.809 136.224 92.1284 0 0 0 0 53.0084 0 0 0
q_reclas_q_pelaces
1 1
M
1
N
 268128 12748 150717 4811.32 1952.52
 268128 91662.2 4049.78 47879.9 2148.74
 268128 88441.1 27108.7 1197.71 14795.8
 268128 91070.8 27734.6 8501.13 5015.46
 268128 88956.9 27248.8 8298.34 4044.23
 268128 95399.4 30611.2 9376.68 4247.24
 268128 90543 29571 9488.56 4223.01
 268128 84263.1 24307.5 7938.72 3681.05
 268128 97164.7 30079.1 8676.95 4147.87
 268128 94691.5 32941.3 10197.6 4347.93
 268128 95059 32352.4 11254.8 4969.64
 268128 97377.3 34081.5 11599.3 5816.93
 268128 91326.5 30708.7 10747.8 5492.34
 268128 91229.7 28739.5 9663.68 5110.61
 268128 88313.3 26902.8 8475.02 4356.81
 268128 91977.6 28248.8 8605.42 4104.52
 268128 85733.8 25562.1 7850.81 3532.3
 268128 89752.9 26113.1 7785.79 3467.11
 268128 83437.8 23625.6 6873.75 2962.1
 268128 67826.3 14513.4 4109.51 1710.87
 268128 69110.7 12248.9 2621.01 1051.12
 268128 73018.8 13932.4 2469.32 740.283
 268128 59755.4 9858.22 1881 433.327
 268128 81162.6 14883.3 2455.39 576.429
 268128 84627.2 21977.9 4030.22 820.981
 268128 85984.7 23657.1 6143.82 1356.13
 268128 91020.7 26934.6 7410.58 2349.35
 268128 89113.2 27329.6 8087.32 2930.49
 268128 88498 26388.8 8093.02 3262.66
pred_Ctot
 12060 1112.85 13157 420.009 170.448
 17679.5 11565 510.96 6041.01 271.106
 13089.2 8357.74 2561.79 113.184 1398.21
 16777.4 10929.1 3328.34 1020.19 601.888
 5581.47 3652.68 1118.87 340.74 166.061
 14008.7 9626.3 3088.83 946.156 428.569
 25021.2 15867.9 5182.38 1662.89 740.092
 2535.99 1583.98 456.934 149.232 69.1967
 6805.33 4849.73 1501.32 433.088 207.03
 6169.81 4291.7 1493 462.184 197.061
 2169.94 1530.38 520.851 181.194 80.0076
 12644.1 8899.28 3114.7 1060.06 531.608
 12812.6 8453.94 2842.65 994.91 508.417
 17903.3 11649.5 3669.87 1234 652.597
 11511.5 7368.89 2244.78 707.158 363.534
 22429.8 14546 4467.48 1360.93 649.12
 15386.9 9469.11 2823.28 867.105 390.135
 26478.9 16583.6 4824.91 1438.58 640.617
 54576.3 29517.2 8357.86 2431.68 1047.88
 52222.9 23104.7 4943.91 1399.88 582.8
 45111.5 20724.1 3673.06 785.958 315.197
 69569.2 31618.3 6032.93 1069.26 320.554
 30510.4 12590.5 2077.13 396.327 91.3022
 24378.9 13881.7 2545.56 419.958 98.5896
 21988.5 13135 3411.2 625.533 127.425
 13176.5 8178.03 2250.04 584.34 128.982
 16504.2 10752.6 3181.88 875.438 277.537
 17579.9 11182.9 3429.63 1014.89 367.751
 12689.8 8116.1 2420.1 742.206 299.217
F
 0.073355 0.14671 0.14671 0.14671 0.14671
 0.109128 0.218255 0.218255 0.218255 0.218255
 0.0798275 0.159655 0.159655 0.159655 0.159655
 0.103313 0.206627 0.206627 0.206627 0.206627
 0.0333926 0.0667851 0.0667851 0.0667851 0.0667851
 0.0856399 0.17128 0.17128 0.17128 0.17128
 0.15752 0.315041 0.315041 0.315041 0.315041
 0.0150569 0.0301137 0.0301137 0.0301137 0.0301137
 0.0408407 0.0816813 0.0816813 0.0816813 0.0816813
 0.0369672 0.0739345 0.0739345 0.0739345 0.0739345
 0.0128718 0.0257436 0.0257436 0.0257436 0.0257436
 0.0770243 0.154049 0.154049 0.154049 0.154049
 0.0780848 0.15617 0.15617 0.15617 0.15617
 0.110574 0.221149 0.221149 0.221149 0.221149
 0.0699194 0.139839 0.139839 0.139839 0.139839
 0.140218 0.280435 0.280435 0.280435 0.280435
 0.0944049 0.18881 0.18881 0.18881 0.18881
 0.167364 0.334728 0.334728 0.334728 0.334728
 0.374515 0.749029 0.749029 0.749029 0.749029
 0.355755 0.711511 0.711511 0.711511 0.711511
 0.300748 0.601496 0.601496 0.601496 0.601496
 0.501206 1.00241 1.00241 1.00241 1.00241
 0.19501 0.390021 0.390021 0.390021 0.390021
 0.153209 0.306418 0.306418 0.306418 0.306418
 0.137295 0.274591 0.274591 0.274591 0.274591
 0.0803784 0.160757 0.160757 0.160757 0.160757
 0.101558 0.203115 0.203115 0.203115 0.203115
 0.108485 0.216969 0.216969 0.216969 0.216969
 0.0773117 0.154623 0.154623 0.154623 0.154623
YTP_r0W_actual
 362516 786911 248380 101800 47266.9
YTP_p0W_proyectada
 525648 691044 291207 112988 51291.5
 525648 451698 128359 51025.4 19430.1
CTP_r0_actual
 69714.6 38385.9 11446.1 3510.34 1415.18
CTP_p0_proyectada
 69714.6 39601.4 12098.3 3607.54 1455.08
 69714.6 25885.3 5332.73 1629.16 551.209
Wmedp
 7.54 17.45 24.07 31.32 35.25
Frms_r0
 0.5025 1.005 1.005 1.005 1.005
Zrms_r0
 1.5025 2.005 2.005 2.005 2.005
nmprior
 7.29 8.9 8.7 0
nm_flota  nm_reclas  nm_pelaces    nm_pelaL
inf 4.09318 7.81845 9.60357
cv_recla  cv_pelaces  cv_mph
1.03109 1.10042 1.84283
 ------------------------------------------------
Talla a la edad & desviaci?n 
 8 13.2811 15.8009 17.003 17.5766
 0.8 1.32811 1.58009 1.7003 1.75766
