years
 1991 1992 1993 1994 1995 1996 1997 1998 1999 2000 2001 2002 2003 2004 2005 2006 2007 2008 2009 2010 2011 2012 2013 2014 2015 2016 2017 2018 2019 2020
reclasobs
 0 0 0 0 0 0 0 0 0 252601 567819 844713 477998 351125 339783 2.1784e+06 2.13404e+06 4.81314e+06 1.55562e+06 2.62356e+06 3.21686e+06 3.843e+06 1.13348e+06 3.07943e+06 1.97215e+06 2.03268e+06 2.025e+06 2.42433e+06 2.27542e+06 1.05018e+06
reclaspred
 4.05825e+06 2.25959e+06 1.09756e+06 960747 1.05341e+06 1.69049e+06 1.07862e+06 806864 493419 284659 496899 812195 662560 215669 374066 1.55118e+06 2.23828e+06 2.53802e+06 2.38723e+06 2.32122e+06 4.3778e+06 2.85353e+06 1.86911e+06 2.32797e+06 2.01834e+06 1.82745e+06 2.53554e+06 2.54011e+06 2.35248e+06 1.40574e+06
pelacesobs
 0 0 0 0 0 0 0 0 0 0 0 0 0 0 0 552880 188675 0 991730 2.46772e+06 1.41603e+06 1.21717e+06 2.29649e+06 1.80582e+06 0 1.4828e+06 1.56532e+06 1.57751e+06 1.42118e+06 867257
pelacespred
 741493 431771 206451 146654 182296 293815 161340 160055 88666.7 43284.7 93865.1 123489 106914 25265.1 65206.2 249872 362064 439814 434084 396230 717042 531288 335916 460360 384539 339740 560815 535507 422779 280469
mphobs
 0 0 0 0 0 0 0 0 0 0 0 0 498337 0 5186 125008 0 168611 109162 213762 579715 649985 157893 87575 83554 210694 70296 0 107559 103333
mphpred
 1.55727e+06 1.04394e+06 492534 271996 304345 378480 524230 243021 212485 106275 61306.5 240172 236701 120759 26242.6 130625 757683 642692 688626 653625 941683 1.08447e+06 638140 428848 744926 539045 496291 845745 894467 567902
desembarqueobs
 494567 514787 250237 358949 120608 361735 552515 73892 212993 205616 52469 317467 293654 387597 252695 516296 358380 742168 942051 627588 828172 859565 418607 520667 417249 300574 415391 372974 316634 284311
desembarquepred
 494567 514101 250554 358972 120612 361734 552526 73898.3 213075 205671 52471.4 317556 293738 387881 252655 516269 358549 742175 941439 627214 828255 859713 418662 520774 417307 300547 415354 372987 316631 284244
Reclutas
 158987 93064.3 86893.8 131710 102526 192438 73186.3 27823.1 26341.8 41905.5 96471.2 109478 78420.6 45093.6 74522.7 432139 72090.5 325479 391994 341007 371751 298154 65308.1 221095 173170 87846.2 272757 181268 57974.3 72353.7
log_desv_Rt
 0.298213 -0.237318 -0.305923 0.109993 -0.140497 0.489166 -0.477601 -1.44474 -1.49945 -1.03519 -0.201364 -0.0748884 -0.408522 -0.961868 -0.459505 1.29814 -0.492687 1.01469 1.20064 1.06129 1.14761 0.927001 -0.591492 0.627984 0.383666 -0.295022 0.837971 0.429367 -0.710609 -0.489043
SSB
 1.55727e+06 1.04394e+06 492534 271996 304345 378480 524230 243021 212485 106275 61306.5 240172 224258 116733 25232 126746 757683 642692 712199 673302 994111 1.21148e+06 749217 479061 776992 599343 515737 845745 929805 552207
BT
 2.28562e+06 1.59177e+06 762076 763577 626545 1.31902e+06 909708 552451 472769 339684 411594 654926 604949 484910 533847 1.45773e+06 1.23343e+06 2.15423e+06 2.38265e+06 1.77433e+06 3.05626e+06 2.30586e+06 1.27926e+06 2.1897e+06 1.4577e+06 1.26801e+06 2.51509e+06 1.99777e+06 1.31716e+06 1.07447e+06
Ftot
 0.256584 0.475379 0.469099 0.66943 0.224772 0.383933 0.978251 0.183735 0.793476 1.19986 0.171484 0.705919 0.800073 2.39079 0.96343 0.507241 0.333371 0.520926 0.682904 0.483015 0.35449 0.582177 0.458818 0.384058 0.404817 0.325439 0.281104 0.274503 0.291536 0.401313
BD_Bspro_t
 0.959778 0.729614 0.496814 0.391286 0.390501 0.493578 0.5002 0.284593 0.326971 0.23251 0.188865 0.553913 0.401779 0.223956 0.0626325 0.24872 0.535815 0.469798 0.450113 0.402444 0.440709 0.478574 0.397432 0.343251 0.489383 0.478555 0.496918 0.634155 0.638964 0.52403
BD_Bspro
 1.85407 1.24291 0.586409 0.323837 0.362352 0.450616 0.624145 0.289339 0.252984 0.12653 0.0729912 0.285947 0.267 0.138981 0.0300411 0.150903 0.902093 0.765185 0.84794 0.80163 1.18358 1.44238 0.892013 0.570367 0.925082 0.713574 0.614033 1.00694 1.10702 0.657454
BD_Bo
 1.41498 0.948553 0.447532 0.247144 0.276537 0.343898 0.476331 0.220816 0.193071 0.0965646 0.0557049 0.218228 0.203767 0.106067 0.0229266 0.115165 0.688453 0.583969 0.647125 0.611783 0.903279 1.10079 0.680761 0.435289 0.705998 0.544581 0.468614 0.76847 0.844849 0.501752
BD_Brms
 8.53284 5.72012 2.69878 1.49037 1.66762 2.07383 2.87245 1.3316 1.16429 0.58232 0.335921 1.31599 1.22879 0.639622 0.138256 0.694489 4.15163 3.52155 3.9024 3.68928 5.44711 6.63817 4.10524 2.62496 4.25743 3.28402 2.82591 4.63416 5.09475 3.02575
Sel_flota
 0.778022 1 1 1 1
 0.778022 1 1 1 1
 0.778022 1 1 1 1
 0.778022 1 1 1 1
 0.778022 1 1 1 1
 0.778022 1 1 1 1
 0.778022 1 1 1 1
 0.778022 1 1 1 1
 0.778022 1 1 1 1
 0.778022 1 1 1 1
 0.778022 1 1 1 1
 0.778022 1 1 1 1
 0.778022 1 1 1 1
 0.778022 1 1 1 1
 0.778022 1 1 1 1
 0.778022 1 1 1 1
 0.778022 1 1 1 1
 0.778022 1 1 1 1
 0.778022 1 1 1 1
 0.778022 1 1 1 1
 0.778022 1 1 1 1
 0.778022 1 1 1 1
 0.778022 1 1 1 1
 0.778022 1 1 1 1
 0.778022 1 1 1 1
 0.778022 1 1 1 1
 0.778022 1 1 1 1
 0.778022 1 1 1 1
 0.778022 1 1 1 1
 0.778022 1 1 1 1
Sel_reclas
 0.5 1 1 1 1
 0.5 1 1 1 1
 0.5 1 1 1 1
 0.5 1 1 1 1
 0.5 1 1 1 1
 0.5 1 1 1 1
 0.5 1 1 1 1
 0.5 1 1 1 1
 0.5 1 1 1 1
 0.5 1 1 1 1
 0.5 1 1 1 1
 0.5 1 1 1 1
 0.5 1 1 1 1
 0.5 1 1 1 1
 0.5 1 1 1 1
 0.5 1 1 1 1
 0.5 1 1 1 1
 0.5 1 1 1 1
 0.5 1 1 1 1
 0.5 1 1 1 1
 0.5 1 1 1 1
 0.5 1 1 1 1
 0.5 1 1 1 1
 0.5 1 1 1 1
 0.5 1 1 1 1
 0.5 1 1 1 1
 0.5 1 1 1 1
 0.5 1 1 1 1
 0.5 1 1 1 1
 0.5 1 1 1 1
Sel_pelaces
 0.5 1 1 1 1
 0.5 1 1 1 1
 0.5 1 1 1 1
 0.5 1 1 1 1
 0.5 1 1 1 1
 0.5 1 1 1 1
 0.5 1 1 1 1
 0.5 1 1 1 1
 0.5 1 1 1 1
 0.5 1 1 1 1
 0.5 1 1 1 1
 0.5 1 1 1 1
 0.5 1 1 1 1
 0.5 1 1 1 1
 0.5 1 1 1 1
 0.5 1 1 1 1
 0.5 1 1 1 1
 0.5 1 1 1 1
 0.5 1 1 1 1
 0.5 1 1 1 1
 0.5 1 1 1 1
 0.5 1 1 1 1
 0.5 1 1 1 1
 0.5 1 1 1 1
 0.5 1 1 1 1
 0.5 1 1 1 1
 0.5 1 1 1 1
 0.5 1 1 1 1
 0.5 1 1 1 1
 0.5 1 1 1 1
pf_obs 
 0.8446 0.082 0.0669 0.0065 0
 0.8095 0.147 0.0364 0.0071 0
 0.9664 0.0169 0.016 0.0007 0
 0.9276 0.0648 0.0075 0.0001 0
 0.7033 0.2144 0.0806 0.0017 0
 0.9318 0.0425 0.0243 0.0014 0
 0.5671 0.3108 0.0964 0.0239 0.0018
 0.0768 0.2599 0.5324 0.112 0.0189
 0.490249 0.384438 0.106611 0.0170017 0.00170017
 0.7925 0.1577 0.0466 0.003 0.0002
 0.840416 0.127587 0.0312969 0.00059994 9.999e-05
 0.8084 0.0986 0.0794 0.0134 0.0002
 0.7335 0.1905 0.0724 0.0035 0.0001
 0.4001 0.4547 0.1325 0.0127 0
 0.49795 0.308269 0.164784 0.0264974 0.00249975
 0.9179 0.0499 0.0305 0.0017 0
 0.2467 0.6533 0.0926 0.0074 0
 0.9418 0.0223 0.034 0.0019 0
 0.707729 0.231977 0.0356964 0.0245975 0
 0.517169 0.277429 0.184464 0.0207286 0.00020938
 0.811772 0.124168 0.05621 0.00726502 0.000585176
 0.764997 0.148141 0.077277 0.00933861 0.000247198
 0.163321 0.427699 0.378323 0.0303852 0.000271297
 0.753843 0.0900009 0.118128 0.0371064 0.000921714
 0.721811 0.176058 0.0630433 0.0369309 0.00215725
 0.143369 0.312575 0.442814 0.0836902 0.0175525
 0.692698 0.0596174 0.167031 0.0765114 0.00414204
 0.394062 0.376323 0.152708 0.0712218 0.00568511
 0.125707 0.32114 0.495352 0.0537591 0.00404204
 0.23352 0.215282 0.420074 0.123614 0.00750983
pf_pred 
 0.545696 0.143957 0.288913 0.0214329 8.23473e-07
 0.491913 0.312483 0.0619815 0.124393 0.00922841
 0.629252 0.211478 0.0979542 0.0194293 0.0418864
 0.773389 0.158469 0.0388684 0.0180034 0.0112695
 0.700719 0.247817 0.0359888 0.00882712 0.00664795
 0.787069 0.161002 0.0429992 0.00624448 0.0026851
 0.493829 0.421864 0.0637467 0.017025 0.00353555
 0.508262 0.290474 0.167742 0.025347 0.00817528
 0.58676 0.238222 0.103385 0.0597022 0.0119312
 0.820857 0.120238 0.0339571 0.0147369 0.0102109
 0.916727 0.0728941 0.00696614 0.00196735 0.00144538
 0.731071 0.251549 0.0152141 0.00145394 0.00071229
 0.689688 0.246417 0.0597656 0.00361473 0.000514676
 0.666317 0.254203 0.0631144 0.0153077 0.00105766
 0.950354 0.0392434 0.00792444 0.00196751 0.000510168
 0.963193 0.0355487 0.00099461 0.000200842 6.27958e-05
 0.344045 0.638252 0.0170974 0.000478364 0.000126798
 0.842485 0.0651318 0.0898905 0.00240797 8.52302e-05
 0.780664 0.193173 0.010818 0.0149302 0.000414104
 0.731247 0.224198 0.0392402 0.0021975 0.00311696
 0.732017 0.211395 0.0472069 0.00826236 0.00111901
 0.648584 0.276369 0.0592004 0.0132201 0.00262722
 0.353023 0.465787 0.142495 0.0305237 0.00817088
 0.818896 0.077412 0.0746523 0.0228379 0.00620163
 0.665348 0.287659 0.0200871 0.019371 0.00753526
 0.524653 0.346854 0.110449 0.00771262 0.0103309
 0.838129 0.0966521 0.0475894 0.015154 0.00247562
 0.610221 0.3405 0.0294244 0.0144879 0.00536708
 0.367468 0.42765 0.178979 0.0154666 0.0104365
 0.599759 0.174928 0.152333 0.063754 0.00922691
pobs_RECLAS
 0 0 0 0 0
 0 0 0 0 0
 0 0 0 0 0
 0 0 0 0 0
 0 0 0 0 0
 0 0 0 0 0
 0 0 0 0 0
 0 0 0 0 0
 0 0 0 0 0
 0 0 0 0 0
 0.991045 0.00858322 0.000360255 1.14367e-05 0
 0.934742 0.0480273 0.0164251 0.00080598 0
 0.827803 0.169806 0.00239088 0 0
 0.941827 0.0461693 0.0120037 0 0
 0.791401 0.0380133 0.147996 0.0225897 0
 0.846168 0.0940531 0.0597789 0 0
 0.134021 0.677848 0.182769 0.00536245 0
 0.80878 0.0450904 0.141981 0.00414843 0
 0.846168 0.0940531 0.0597789 0 0
 0.905697 0.0802665 0.012482 0.00150086 5.37128e-05
 0.989698 0.0102097 9.19794e-05 0 0
 0.975433 0.0193895 0.00387452 0.00125025 5.28907e-05
 0.303575 0.632131 0.0575291 0.00676475 0
 0.966965 0.00978017 0.0227588 0.000495775 0
 0.843318 0.132988 0.00938335 0.0141283 0.000182051
 0.564624 0.303363 0.111486 0.0197234 0.00080311
 0.826376 0.0876187 0.0782897 0.00655872 0.00115652
 0.89761 0.0855135 0.0140674 0.00269457 0.000114338
 0.34875 0.467042 0.161289 0.0227151 0.000203297
 0.318654 0.224769 0.449479 0.00709798 0
ppred_RECLAS
 0.437045 0.178385 0.35801 0.0265587 1.02041e-06
 0.386419 0.377364 0.0748507 0.150221 0.0111445
 0.524672 0.271132 0.125585 0.0249099 0.0537017
 0.690907 0.216149 0.0530157 0.0245563 0.0153713
 0.601915 0.329631 0.0478701 0.0117413 0.00884268
 0.705672 0.222548 0.0594365 0.00863156 0.00371154
 0.392975 0.50592 0.0764481 0.0204172 0.00424001
 0.400057 0.354392 0.204652 0.0309245 0.00997422
 0.48309 0.297985 0.129321 0.0746797 0.0149243
 0.754529 0.164756 0.0465298 0.0201933 0.0139915
 0.876546 0.108067 0.0103275 0.00291665 0.00214282
 0.640673 0.336105 0.0203282 0.00194267 0.00095172
 0.594038 0.322372 0.0781877 0.00472893 0.000673319
 0.591284 0.311364 0.0773065 0.0187498 0.00129549
 0.926974 0.0577253 0.0116565 0.00289411 0.000750434
 0.944569 0.0535366 0.00149789 0.00030247 9.45709e-05
 0.253566 0.72629 0.0194557 0.000544348 0.000144288
 0.777006 0.0922067 0.127257 0.00340895 0.00012066
 0.699911 0.264295 0.0148008 0.0204271 0.000566566
 0.639033 0.301125 0.0527042 0.0029515 0.00418645
 0.639021 0.284753 0.0635887 0.0111296 0.00150732
 0.546471 0.356675 0.0764026 0.0170616 0.00339063
 0.261854 0.531423 0.162575 0.0348249 0.00932228
 0.745736 0.108684 0.10481 0.0320638 0.0087069
 0.563396 0.375295 0.0262066 0.0252724 0.00983089
 0.416806 0.425549 0.135508 0.00946246 0.0126748
 0.770044 0.137305 0.0676059 0.0215279 0.00351689
 0.503064 0.434109 0.0375137 0.0184709 0.00684259
 0.273165 0.491407 0.205663 0.0177724 0.0119925
 0.493023 0.221578 0.192956 0.0807558 0.0116875
pobs_PELACES
 0 0 0 0 0
 0 0 0 0 0
 0 0 0 0 0
 0 0 0 0 0
 0 0 0 0 0
 0 0 0 0 0
 0 0 0 0 0
 0 0 0 0 0
 0 0 0 0 0
 0 0 0 0 0
 0 0 0 0 0
 0 0 0 0 0
 0 0 0 0 0
 0 0 0 0 0
 0 0 0 0 0
 0 0 0 0 0
 0.505614 0.472636 0.0217494 0 0
 0 0 0 0 0
 0.443492 0.261883 0.143347 0.151278 0
 0.227955 0.32914 0.350689 0.0885471 0.00366901
 0.970185 0.0296113 0.000203453 0 0
 0.997202 0.00247181 0.000326279 0 0
 0.445219 0.490057 0.0546422 0.010081 0
 0.90214 0.0892962 0.00764917 0.000914606 0
 0 0 0 0 0
 0.581667 0.319106 0.0959925 0.00289975 0.000334073
 0.762889 0.0836404 0.116647 0.0363945 0.000428098
 0.88444 0.0763242 0.0277011 0.0115352 0
 0.521256 0.241999 0.230069 0.00667565 0
 0.616807 0.101726 0.260614 0.0208532 0
ppred_PELACES
 0.441675 0.176918 0.355065 0.0263403 1.01202e-06
 0.394708 0.372267 0.0738396 0.148192 0.010994
 0.533233 0.266248 0.123323 0.0244613 0.0527345
 0.70128 0.208895 0.0512365 0.0237322 0.0148555
 0.605853 0.32637 0.0473965 0.0116251 0.0087552
 0.711479 0.218157 0.0582638 0.00846125 0.00363831
 0.410194 0.491569 0.0742796 0.019838 0.00411974
 0.403292 0.352481 0.203549 0.0307577 0.00992044
 0.497614 0.289612 0.125687 0.0725813 0.014505
 0.770442 0.154076 0.0435134 0.0188842 0.0130845
 0.877899 0.106883 0.0102143 0.00288468 0.00211934
 0.652489 0.325052 0.0196598 0.00187879 0.000920424
 0.60809 0.311213 0.0754813 0.00456524 0.000650012
 0.632837 0.279709 0.0694469 0.0168436 0.00116378
 0.931609 0.0540608 0.0109165 0.00271039 0.000702796
 0.946482 0.0516883 0.00144618 0.000292028 9.1306e-05
 0.258215 0.721766 0.0193345 0.000540957 0.00014339
 0.783548 0.0895017 0.123524 0.00330894 0.00011712
 0.710312 0.255134 0.0142879 0.0197191 0.000546929
 0.647154 0.29435 0.0515185 0.0028851 0.00409226
 0.644989 0.280045 0.0625373 0.0109456 0.0014824
 0.557017 0.34838 0.0746259 0.0166648 0.00331178
 0.268402 0.526709 0.161133 0.034516 0.00923958
 0.751033 0.10642 0.102626 0.0313957 0.0085255
 0.570676 0.369037 0.0257697 0.024851 0.00966697
 0.422612 0.421312 0.134159 0.00936826 0.0125486
 0.77367 0.13514 0.0665399 0.0211884 0.00346144
 0.50809 0.429718 0.0371343 0.0182841 0.00677337
 0.277426 0.488526 0.204457 0.0176683 0.0119222
 0.500372 0.218366 0.190159 0.0795853 0.0115181
pobs_pel_tallas
 0 0 0 0 0 0 0 0 0 0 0 0 0 0 0 0 0 0 0 0 0 0 0 0 0 0
 0 0 0 0 0 0 0 0 0 0 0 0 0 0 0 0 0 0 0 0 0 0 0 0 0 0
 0 0 0 0 0 0 0 0 0 0 0 0 0 0 0 0 0 0 0 0 0 0 0 0 0 0
 0 0 0 0 0 0 0 0 0 0 0 0 0 0 0 0 0 0 0 0 0 0 0 0 0 0
 0 0 0 0 0 0 0 0 0 0 0 0 0 0 0 0 0 0 0 0 0 0 0 0 0 0
 0 0 0 0 0 0 0 0 0 0 0 0 0 0 0 0 0 0 0 0 0 0 0 0 0 0
 0 0 0 0 0 0 0 0 0 0 0 0 0 0 0 0 0 0 0 0 0 0 0 0 0 0
 0 0 0 0 0 0 0 0 0 0 0 0 0 0 0 0 0 0 0 0 0 0 0 0 0 0
 0 0 0 0 0 0 0 0 0 0 0 0 0 0 0 0 0 0 0 0 0 0 0 0 0 0
 0 0 0 0 0 0 0 0 0 0 0 0 0 0 0 0 0 0 0 0 0 0 0 0 0 0
 0 0 0 0 0 0 0 0 0 0 0 0 0 0 0 0 0 0 0 0 0 0 0 0 0 0
 0 0 0 0 0 0 0 0 0 0 0 0 0 0 0 0 0 0 0 0 0 0 0 0 0 0
 0.00862536 0 0 0.000197151 0.00414017 0.0128641 0.00837892 0.0270097 0.101434 0.158115 0.152841 0.127902 0.109271 0.109419 0.0830992 0.0579132 0.0238553 0.00714673 0.00463305 0.00128148 0.00103504 0.000492878 0.000147863 0.000147863 4.92878e-05 0
 0 0 0 0 0 0 0 0 0 0 0 0 0 0 0 0 0 0 0 0 0 0 0 0 0 0
 0 0 0 0 0 0 0 0.0054083 0.00873648 0.0413646 0.0450493 0.0745869 0.0622846 0.0627006 0.0613931 0.0827291 0.12552 0.122667 0.0946155 0.0697135 0.0546179 0.0294188 0.0215738 0.0213955 0.0102223 0.00600262
 0 0 0 0 0.00359764 0.0251062 0.0480494 0.140153 0.205849 0.193036 0.1447 0.116669 0.0760912 0.0342217 0.00950174 0.001854 0.000860785 0 0 0 0.000165536 0 0.000143464 0 0 0
 0 0 0 0 0 0 0 0.000145254 0.000435761 0.0275982 0.070085 0.0708112 0.156366 0.174668 0.174014 0.160142 0.0824315 0.0480064 0.0283245 0.00493863 0.00203355 0 0 0 0 0
 0 0 0 0 0 0 0 0 0 0 0 0 0 0 0 0 0 0 0 0 0 0 0 0 0 0
 0 0 1.00437e-05 0.000401748 0.00122533 0.00171747 0.00176769 0.0269171 0.070346 0.194647 0.189555 0.159765 0.064822 0.0314167 0.0384472 0.0292271 0.0345202 0.0313363 0.0194345 0.0106764 0.0143323 0.0359363 0.0279516 0.0138201 0.00172751 0
 0 0.0021121 0.0136068 0.0755702 0.200478 0.177729 0.0527432 0.0373336 0.0318909 0.0142505 0.0149659 0.0166563 0.0217959 0.0798694 0.0677717 0.0528807 0.04013 0.0224614 0.0357745 0.0225083 0.00881397 0.00855152 0.00135912 0.000746735 0 0
 0 0 0 0 5.4009e-05 0.00500934 0.000945158 0.0243581 0.138947 0.33067 0.221406 0.137944 0.0707744 0.0437923 0.0131692 0.00525238 0.0047753 0.00276346 9.45158e-05 9.00151e-06 2.25038e-05 9.00151e-06 4.50075e-06 0 0 0
 0.000866109 0.00284123 0.00948549 0.0512746 0.133035 0.25785 0.225252 0.132002 0.0553304 0.0519788 0.0540692 0.017754 0.00435017 0.00159236 0.00146478 0.000404838 0.000125132 0.000115318 0.000107957 0.000100596 0 0 0 0 0 0
 0 0 0 0 0.00144013 0.00171154 0.00461396 0.0210425 0.0478622 0.0707936 0.0888783 0.103762 0.0637923 0.0337046 0.0602308 0.124433 0.169614 0.0934646 0.0462172 0.0250306 0.0313229 0.00938855 0.002487 0.000210481 0 0
 0 0.00764035 0.051015 0.0998891 0.058973 0.0496711 0.0374665 0.0718981 0.12319 0.153886 0.159021 0.0857701 0.0377988 0.023471 0.0147837 0.00900784 0.00315554 0.000888139 0.00291439 0.00214683 0.00393193 0.00274676 0.000635225 9.99891e-05 0 0
 0 0 0 0 0 0 0 0 0 0 0 0 0 0 0 0 0 0 0 0 0 0 0 0 0 0
 0 0 0 0 0 0 0 0 0 0 0 0 0 0 0 0 0 0 0 0 0 0 0 0 0 0
 0 0 0 0 0 0 0 0 0 0 0 0 0 0 0 0 0 0 0 0 0 0 0 0 0 0
 0 0 0 0 0 0 0 0 0 0 0 0 0 0 0 0 0 0 0 0 0 0 0 0 0 0
 0 0 0 0 0 0 0 0 0 0 0 0 0 0 0 0 0 0 0 0 0 0 0 0 0 0
 0 0 0 0 0 0 0 0 0 0 0 0 0 0 0 0 0 0 0 0 0 0 0 0 0 0
ppred_pel_tallas
 1.12934e-16 3.63802e-05 0.000353629 0.00234999 0.0106827 0.033238 0.0708177 0.103364 0.103382 0.0709038 0.0335285 0.0115285 0.00449771 0.00512398 0.00933551 0.0159988 0.0244906 0.0338039 0.0428221 0.0508514 0.0577126 0.0632415 0.0667337 0.0670008 0.0630967 0.0551055
 1.18949e-16 3.25116e-05 0.000316025 0.0021001 0.00954676 0.0297037 0.0632882 0.0923785 0.0924145 0.063464 0.0302941 0.0112534 0.00638866 0.00969454 0.0178952 0.0296749 0.0431005 0.0550069 0.0622497 0.0635412 0.0602663 0.0554929 0.0519455 0.0505131 0.0502076 0.0492314
 1.15005e-16 4.39218e-05 0.000426935 0.00283714 0.0128972 0.0401282 0.0854983 0.124793 0.124819 0.0856245 0.0405523 0.0141242 0.00592433 0.00719096 0.0129632 0.0215552 0.0315079 0.0406081 0.0466328 0.0485957 0.0472995 0.0446608 0.0423688 0.040959 0.0398635 0.0381261
 1.06427e-16 5.77636e-05 0.000561483 0.00373125 0.0169617 0.0527744 0.112442 0.164117 0.164137 0.112541 0.0531056 0.017919 0.00613619 0.00581878 0.0100642 0.0166052 0.0240557 0.0305563 0.0342587 0.0343349 0.0314631 0.0273276 0.0235438 0.0208543 0.0190706 0.017563
 1.04099e-16 4.99034e-05 0.000485079 0.00322352 0.0146537 0.0455932 0.0971423 0.141789 0.14182 0.097296 0.0461094 0.0161446 0.00696612 0.00865585 0.0155697 0.0256663 0.0369819 0.0465362 0.051324 0.0499628 0.0435112 0.0347366 0.0264442 0.0201697 0.0159901 0.013179
 1.03202e-16 5.86037e-05 0.000569648 0.00378552 0.0172084 0.0535419 0.114077 0.166504 0.166525 0.11418 0.0538878 0.018208 0.00629661 0.00605824 0.0105025 0.017322 0.0250684 0.0317758 0.0354706 0.0352269 0.0316855 0.0265584 0.0215436 0.0175153 0.0144641 0.011966
 1.04956e-16 3.37872e-05 0.000328424 0.00218249 0.00992133 0.0308692 0.0657719 0.0960059 0.0960533 0.0660034 0.0316467 0.0121672 0.00782024 0.0126371 0.0234143 0.0386659 0.0557217 0.0701244 0.0773437 0.075282 0.0655082 0.0521593 0.0394357 0.0296488 0.0229479 0.0183071
 1.10728e-16 3.32187e-05 0.000322897 0.00214577 0.00975437 0.0303497 0.0646644 0.0943868 0.094421 0.0648317 0.0309122 0.0113822 0.00624379 0.00930817 0.017213 0.0287045 0.0420477 0.05434 0.0625952 0.0653712 0.0634842 0.0591585 0.0543716 0.0497897 0.0449547 0.0392136
 1.13435e-16 4.09879e-05 0.000398417 0.00264762 0.0120357 0.0374478 0.0797875 0.116458 0.116486 0.0799247 0.037909 0.01337 0.00600465 0.00775315 0.0140872 0.0234322 0.0342469 0.0441295 0.0506634 0.0527753 0.0513267 0.0483691 0.0456806 0.043771 0.0419756 0.039279
 1.05404e-16 6.34603e-05 0.000616857 0.00409923 0.0186345 0.057979 0.123531 0.1803 0.180315 0.123604 0.0582235 0.0193413 0.00587534 0.00450109 0.00746121 0.0122902 0.0178321 0.0227133 0.0255836 0.0258407 0.0239786 0.021215 0.0187001 0.0169338 0.015738 0.0146292
 1.00971e-16 7.23114e-05 0.000702892 0.00467097 0.0212335 0.0660655 0.14076 0.205445 0.205456 0.14081 0.0662343 0.0217212 0.00589462 0.00337294 0.00513973 0.00837351 0.0120343 0.0150898 0.0165415 0.0159327 0.013619 0.0105321 0.0076279 0.0054479 0.00404301 0.0031794
 1.00995e-16 5.37447e-05 0.000522418 0.00347165 0.0157816 0.0491027 0.10462 0.152702 0.152733 0.104772 0.0496158 0.017263 0.007188 0.008628 0.0154263 0.0253615 0.0363962 0.0454879 0.0495719 0.0472311 0.0395491 0.0294057 0.0198016 0.0125051 0.00778863 0.00502064
 1.02826e-16 5.00877e-05 0.00048687 0.00323542 0.0147078 0.0457615 0.0975009 0.142312 0.142342 0.0976477 0.0462546 0.0161326 0.00681398 0.00830594 0.0149204 0.0246396 0.0356095 0.0450238 0.0500363 0.0492997 0.0437223 0.035776 0.0279528 0.0215998 0.0168095 0.0130592
 1.03962e-16 5.2126e-05 0.000506683 0.00336709 0.0153063 0.0476238 0.101469 0.148102 0.148129 0.101601 0.0480671 0.0165874 0.00658517 0.00753958 0.0134318 0.0221827 0.0320895 0.0406447 0.0453169 0.0449234 0.0402992 0.0336599 0.0272019 0.0220546 0.018197 0.0150632
 1.0072e-16 7.67354e-05 0.000745896 0.00495674 0.0225326 0.0701074 0.149371 0.218013 0.218018 0.149397 0.070193 0.0227799 0.0055778 0.00210255 0.00265585 0.00427597 0.00616804 0.00778944 0.00864297 0.00849961 0.00752692 0.00616654 0.00486092 0.00384453 0.00312093 0.00257607
 1.001e-16 7.79605e-05 0.000757804 0.00503587 0.0228923 0.0712266 0.151756 0.221493 0.221498 0.15178 0.0713082 0.0231277 0.00562623 0.00204499 0.00251796 0.0040272 0.00576533 0.00718996 0.00780699 0.00739057 0.00611686 0.00445209 0.00288457 0.00170547 0.000962981 0.000554209
 1.00821e-16 2.1269e-05 0.000206742 0.00137388 0.0062455 0.0194324 0.0414054 0.060447 0.0605164 0.0417446 0.0205709 0.00953203 0.00961678 0.0181787 0.0340873 0.056146 0.0804702 0.100332 0.108886 0.102973 0.0850447 0.0616146 0.0395157 0.0228418 0.0123022 0.00649469
 1.0394e-16 6.45398e-05 0.00062735 0.00416896 0.0189515 0.0589652 0.125632 0.183365 0.183374 0.125675 0.0591103 0.0193728 0.00523457 0.00298053 0.00461236 0.00772738 0.0115988 0.015566 0.0189604 0.0214059 0.0229276 0.023724 0.0238349 0.0230417 0.0210882 0.0179906
 1.02548e-16 5.85075e-05 0.000568714 0.0037793 0.0171802 0.053454 0.11389 0.166231 0.166256 0.11401 0.0538569 0.0183433 0.00669756 0.0069348 0.0121359 0.0199375 0.0286401 0.0358644 0.039236 0.0376805 0.0320808 0.0247037 0.0178656 0.012861 0.00977027 0.00796271
 1.02544e-16 5.33053e-05 0.000518146 0.00344326 0.0156526 0.0487012 0.103764 0.151453 0.151481 0.103903 0.0491669 0.016998 0.0068209 0.00789345 0.0140658 0.0231829 0.033421 0.0420874 0.0464634 0.0452782 0.039444 0.031405 0.0236528 0.0175749 0.0132995 0.0102767
 1.03225e-16 5.3127e-05 0.000516413 0.00343175 0.0156002 0.0485383 0.103417 0.150946 0.150973 0.103549 0.0489819 0.0168819 0.00665068 0.00754901 0.0134258 0.0221542 0.0320079 0.0404555 0.0449417 0.0442701 0.0392843 0.0322378 0.025391 0.0199472 0.0159463 0.0128501
 1.04475e-16 4.58809e-05 0.000445978 0.00296368 0.0134725 0.0419181 0.0893122 0.130361 0.130395 0.0894765 0.0424699 0.0150667 0.00696731 0.0091925 0.0166764 0.0275472 0.0397956 0.0502888 0.0558526 0.0550082 0.0488213 0.0401139 0.0317113 0.0251075 0.0203281 0.0166625
 1.0981e-16 2.21081e-05 0.000214898 0.00142808 0.00649186 0.0201989 0.0430377 0.0628255 0.0628764 0.0432865 0.0210347 0.00890786 0.00749939 0.0134913 0.0253029 0.04197 0.0608643 0.0773911 0.0868495 0.0870371 0.079477 0.0682014 0.0571389 0.0482014 0.0412029 0.0350484
 1.07581e-16 6.18616e-05 0.000601317 0.00399596 0.0181651 0.0565183 0.120419 0.175757 0.175767 0.12047 0.0566897 0.0186619 0.00525025 0.00336337 0.00537809 0.00897875 0.0133648 0.0177279 0.0212742 0.0236305 0.0249965 0.0258483 0.0264544 0.0266365 0.0259453 0.0240447
 1.04967e-16 4.70059e-05 0.000456914 0.00303636 0.0138029 0.042946 0.0915023 0.133558 0.133593 0.0916759 0.0435288 0.0154859 0.00725939 0.00967074 0.0175312 0.0288715 0.0415041 0.0520313 0.0570363 0.0549782 0.0471379 0.0367849 0.0272449 0.0203532 0.0161832 0.0137803
 1.07043e-16 3.48101e-05 0.000338366 0.00224857 0.0102217 0.0318037 0.0677626 0.09891 0.0989507 0.0679616 0.0324723 0.0121544 0.00710544 0.0109592 0.0202588 0.0335749 0.048683 0.0618851 0.0694022 0.069446 0.0632056 0.053888 0.0446472 0.0370665 0.0310874 0.0259322
 1.04666e-16 6.37262e-05 0.000619442 0.00411641 0.0187126 0.0582219 0.124048 0.181055 0.181068 0.124113 0.0584373 0.0193357 0.00568433 0.00405523 0.00662723 0.010956 0.0160132 0.0206364 0.0236779 0.0246026 0.0237653 0.0220764 0.020346 0.0188462 0.0173629 0.015559
 1.04162e-16 4.18508e-05 0.000406805 0.00270336 0.0122891 0.0382362 0.0814678 0.118913 0.118955 0.08167 0.038915 0.0142493 0.00762211 0.0111392 0.0204092 0.0336347 0.0483572 0.0606248 0.0664426 0.0639842 0.0546958 0.0423396 0.0307686 0.0221507 0.016662 0.0133216
 1.09815e-16 2.28513e-05 0.000222123 0.00147609 0.0067101 0.0208779 0.0444843 0.064936 0.0649833 0.0447155 0.0216548 0.0089568 0.00712571 0.0125887 0.0236069 0.0392449 0.0571217 0.0730576 0.0827521 0.0841436 0.0785004 0.0692909 0.0598324 0.0516453 0.044499 0.0375513
 1.15474e-16 4.1215e-05 0.000400624 0.00266229 0.0121024 0.0376552 0.0802291 0.117101 0.117123 0.0803334 0.0380062 0.0131199 0.0052298 0.0060506 0.0109048 0.0183139 0.0272073 0.0359714 0.042971 0.0474573 0.0498982 0.0513633 0.0525 0.0529965 0.0519091 0.0484527
pSPR Fmed_Fpbrs
0.545767   0.215827 0.215827
Fs Fmed_Fpbrs
0.34   1.005 1.005
SSBpbr Bo_Bmed_Bpbrs
1.10056e+06  545620  182503 182503
Ro
117991
SPR SPRFo_SPRFmed_SPRFpbrs
839917 458398 181277
Fref
1.005
Nvult_r0
 60175.4 14710.3 12810.1 5361.28 775.921
CTP_r0
 26405.3 7373.47 6421.04 2687.33 388.928
YTP_r0
579383
Np
 159688 26878 2623.05 563.756 557.045
Nvult_p0
 132810 23258.6 2269.83 487.84 482.033
CTP_p0
 58277.6 8448.99 1815.89 1581.33 824.805
 58277.6 11658.3 1137.74 244.528 241.618
YTP_p0
 709158 686412
CBA_c0
618315
log_Ro
11.4984
likeval ReclasPelacesDesembMPH_pf_preclas_ppelaces_ptallas_desvR_qrecl_qpela
 39.451 151.467 0.0276241 174.822 216.846 129.605 106.037 0 24.73 3.92835e-05 0 0.0953929 0 0 0
q_reclas_q_pelaces
2.42633 1
M
1
N
 158987 33383.5 66998.8 4970.27 0.190963
 93064.3 47903.8 9501.77 19069.5 1414.72
 86893.8 23651.7 10955.2 2172.98 4684.58
 131710 22191.7 5443.04 2521.15 1578.15
 102526 28782.6 4179.9 1025.22 772.122
 192438 31665.7 8457.04 1228.16 528.103
 73186.3 52513.4 7935.15 2119.26 440.103
 27823.1 12577.5 7263.17 1097.52 353.988
 26341.8 8872.14 3850.38 2223.5 444.354
 41905.5 5226.88 1476.15 640.63 443.879
 96471.2 6061.14 579.234 163.585 120.184
 109478 31057.1 1878.39 179.508 87.9417
 78420.6 23254.5 5640.13 341.125 48.5704
 45093.6 15481 3843.67 932.239 64.4115
 74522.7 2582.24 521.433 129.463 33.5694
 432139 12955.7 362.485 73.1968 22.8859
 72090.5 107136 2869.95 80.2978 21.2843
 325479 20461.7 28239.8 756.482 26.7757
 391994 79838.6 4471.06 6170.66 171.149
 341007 84769.3 14836.7 830.874 1178.52
 371751 86151.3 19238.6 3367.22 456.037
 298154 103795 22233.8 4965.07 986.702
 65308.1 69732.3 21332.8 4569.66 1223.25
 221095 16812.9 16213.5 4960.11 1346.92
 173170 60327.5 4212.64 4062.46 1580.29
 87846.2 46493.8 14805.1 1033.83 1384.8
 272757 25088 12352.8 3933.51 642.597
 181268 80630.4 6967.7 3430.74 1270.92
 57974.3 53861 22541.8 1947.96 1314.44
 72353.7 16999.4 14803.6 6195.58 896.666
pred_Ctot
 18485.1 4876.44 9786.75 726.025 0.0278946
 18741.1 11905.1 2361.4 4739.19 351.588
 17300.2 5814.23 2693.08 534.176 1151.6
 35249 7222.6 1771.51 820.545 513.631
 10547.3 3730.18 541.708 132.867 100.066
 32183.3 6583.37 1758.24 255.337 109.794
 26193.5 22376.3 3381.23 903.032 187.531
 2370.21 1354.59 782.241 118.202 38.1244
 8059.58 3272.16 1420.07 820.055 163.883
 17305.9 2534.94 715.909 310.694 215.274
 7700.11 612.279 58.5126 16.5249 12.1406
 30567.3 10517.7 636.128 60.7917 29.782
 24147.3 8627.5 2092.5 126.558 18.0197
 27647.7 10547.7 2618.82 635.167 43.8858
 26377.2 1089.21 219.944 54.6084 14.1598
 91966.4 3394.22 94.9662 19.1766 5.99579
 10633.1 19725.8 528.411 14.7843 3.91883
 70843.7 5476.87 7558.81 202.484 7.16693
 106597 26377 1477.15 2038.66 56.5442
 69613.2 21343.2 3735.58 209.198 296.728
 57926.2 16728.2 3735.59 653.819 88.5495
 71208.9 30342.9 6499.7 1451.46 288.446
 12757.4 16832.4 5149.43 1103.05 295.275
 36986.5 3496.41 3371.77 1031.5 280.104
 30341.3 13117.9 916.015 883.36 343.625
 12679.8 8382.74 2669.33 186.398 249.676
 34478.4 3976.01 1957.7 623.393 101.84
 22421.6 12511.1 1081.15 532.337 197.205
 7575.66 8816.36 3689.81 318.856 215.158
 12580.9 3669.4 3195.43 1337.35 193.55
F
 0.199628 0.256584 0.256584 0.256584 0.256584
 0.369855 0.475379 0.475379 0.475379 0.475379
 0.364969 0.469099 0.469099 0.469099 0.469099
 0.520831 0.66943 0.66943 0.66943 0.66943
 0.174877 0.224772 0.224772 0.224772 0.224772
 0.298708 0.383933 0.383933 0.383933 0.383933
 0.7611 0.978251 0.978251 0.978251 0.978251
 0.14295 0.183735 0.183735 0.183735 0.183735
 0.617342 0.793476 0.793476 0.793476 0.793476
 0.933519 1.19986 1.19986 1.19986 1.19986
 0.133418 0.171484 0.171484 0.171484 0.171484
 0.54922 0.705919 0.705919 0.705919 0.705919
 0.622474 0.800073 0.800073 0.800073 0.800073
 1.86008 2.39079 2.39079 2.39079 2.39079
 0.749569 0.96343 0.96343 0.96343 0.96343
 0.394644 0.507241 0.507241 0.507241 0.507241
 0.25937 0.333371 0.333371 0.333371 0.333371
 0.405292 0.520926 0.520926 0.520926 0.520926
 0.531314 0.682904 0.682904 0.682904 0.682904
 0.375796 0.483015 0.483015 0.483015 0.483015
 0.275801 0.35449 0.35449 0.35449 0.35449
 0.452946 0.582177 0.582177 0.582177 0.582177
 0.35697 0.458818 0.458818 0.458818 0.458818
 0.298805 0.384058 0.384058 0.384058 0.384058
 0.314956 0.404817 0.404817 0.404817 0.404817
 0.253198 0.325439 0.325439 0.325439 0.325439
 0.218705 0.281104 0.281104 0.281104 0.281104
 0.213569 0.274503 0.274503 0.274503 0.274503
 0.226821 0.291536 0.291536 0.291536 0.291536
 0.31223 0.401313 0.401313 0.401313 0.401313
YTP_r0W_actual
 192758 117238 170158 85188.2 14040.3
YTP_p0W_proyectada
 439413 147435 43708.5 49527.3 29074.4
 439413 203438 27385.5 7658.63 8517.02
CTP_r0_actual
 26405.3 7373.47 6421.04 2687.33 388.928
CTP_p0_proyectada
 58277.6 8448.99 1815.89 1581.33 824.805
 58277.6 11658.3 1137.74 244.528 241.618
Wmedp
 7.54 17.45 24.07 31.32 35.25
Frms_r0
 0.781912 1.005 1.005 1.005 1.005
Zrms_r0
 1.78191 2.005 2.005 2.005 2.005
nmprior
 7.29 8.9 8.7 0
nm_flota  nm_reclas  nm_pelaces    nm_pelaL
inf 8.06787 6.44235 9.3509
cv_recla  cv_pelaces  cv_mph
0.290754 1.20682 1.12193
 ------------------------------------------------
Talla a la edad & desviaci?n 
 8 13.2811 15.8009 17.003 17.5766
 0.8 1.32811 1.58009 1.7003 1.75766
