years
 1991 1992 1993 1994 1995 1996 1997 1998 1999 2000 2001 2002 2003 2004 2005 2006 2007 2008 2009 2010 2011 2012 2013 2014 2015 2016 2017 2018 2019
reclasobs
 0 0 0 0 0 0 0 0 0 252601 567819 844713 477998 351125 339783 2.1784e+06 2.13404e+06 4.81314e+06 1.55562e+06 2.62356e+06 3.21686e+06 3.843e+06 1.13348e+06 3.07943e+06 1.97215e+06 2.03268e+06 2.025e+06 2.42433e+06 2.27542e+06
reclaspred
 4.32297e+06 2.33062e+06 1.13861e+06 1.42795e+06 1.63731e+06 3.35215e+06 1.83777e+06 1.36088e+06 778373 274759 560795 1.06753e+06 677487 300440 514788 1.77498e+06 1.45436e+06 3.23632e+06 2.21887e+06 2.48728e+06 3.97258e+06 2.8627e+06 1.5444e+06 2.51395e+06 2.01858e+06 1.70978e+06 2.23993e+06 2.41018e+06 1.86488e+06
pelacesobs
 0 0 0 0 0 0 0 0 0 0 0 0 0 0 0 552880 188675 0 991730 2.46772e+06 1.41603e+06 1.21717e+06 2.29649e+06 1.80582e+06 0 1.4828e+06 1.56532e+06 1.57751e+06 1.42118e+06
pelacespred
 2.84187e+06 1.54993e+06 702370 690438 1.0262e+06 2.04066e+06 1.08355e+06 1.05546e+06 505500 112875 308256 508936 329185 96836.1 229031 759837 764907 1.709e+06 1.13511e+06 1.147e+06 2.13625e+06 1.53742e+06 895972 1.48328e+06 1.20063e+06 1.06701e+06 1.49724e+06 1.52046e+06 1.1835e+06
mphobs
 0 0 0 0 0 0 0 0 0 0 0 0 498337 0 5186 125008 0 168611 109162 213762 579715 649985 157893 87575 83554 210694 70296 0 107559
mphpred
 782927 534852 238384 137592 203334 288805 467491 201189 168643 63031 17047.6 99151.5 128187 40314.2 12005.2 49201.7 252639 172755 352424 181401 383067 362401 261800 138100 292419 237461 186232 260632 351738
desembarqueobs
 494567 514787 250237 358949 120608 361735 552515 73892 212993 205616 52469 317467 293654 387597 252695 516296 358380 742168 942051 627588 828172 859565 418607 520667 417249 300574 415391 372974 316634
desembarquepred
 494556 514428 250396 358939 120609 361714 552479 73897.8 213077 205688 52470.6 317382 293649 387531 252485 516160 358521 742068 941202 627074 828257 859469 418564 520751 417139 300565 415323 372873 316524
Reclutas
 144032 96917.3 83822.4 129812 92851.5 194633 69798.6 23939.9 22895.8 30057.4 52180.5 115002 56671.8 58993.6 53149.8 250414 50798.4 316436 222956 281149 220526 324322 44633.9 143588 150046 52333.5 129450 125816 58451.1
log_desv_Rt
 0.40743 0.0112537 -0.133905 0.303485 -0.0316034 0.70851 -0.31699 -1.38706 -1.43165 -1.1595 -0.607896 0.182343 -0.525329 -0.485176 -0.58949 0.960512 -0.634739 1.19452 0.84437 1.07628 0.83341 1.21913 -0.76411 0.404343 0.44834 -0.604968 0.300689 0.272215 -0.494415
SSB
 782927 534852 238384 137592 203334 288805 467491 201189 168643 63031 17047.6 99151.5 119088 38684.7 11401.6 47260.6 252639 172755 369935 188424 411149 418669 325848 158871 308305 271291 195866 260632 369591
BT
 1.33249e+06 997319 453059 589047 482012 1.21834e+06 834143 467043 396730 240329 203790 494093 397382 446515 373330 816458 550996 1.52868e+06 1.3702e+06 1.01444e+06 1.62621e+06 1.3931e+06 675615 1.24409e+06 828935 668097 1.14953e+06 1.00225e+06 656634
Ftot
 0.446491 0.825325 0.819558 0.90516 0.28842 0.411135 1.08554 0.216071 0.990263 2.19382 0.35013 1.04756 1.45424 3.12573 1.57938 1.0126 0.906012 0.82367 1.42463 0.899319 0.768667 1.06187 0.989523 0.751425 0.763427 0.664861 0.681261 0.576832 0.65034
BD_Bspro_t
 0.931054 0.58012 0.31145 0.224911 0.275021 0.398919 0.455861 0.241332 0.271331 0.148367 0.0616622 0.353718 0.259849 0.0911427 0.0290438 0.109938 0.280824 0.199595 0.287962 0.160092 0.24325 0.24244 0.214461 0.136164 0.260959 0.277148 0.257099 0.345648 0.408449
BD_Bspro
 1.14953 0.785296 0.350007 0.20202 0.298545 0.424037 0.686394 0.295395 0.24761 0.0925452 0.0250301 0.145579 0.174851 0.0567989 0.0167403 0.0693903 0.370936 0.253648 0.543157 0.276654 0.603669 0.614711 0.478426 0.233262 0.452669 0.398322 0.287581 0.382673 0.542651
BD_Bo
 1.55404 1.06163 0.473171 0.273109 0.403599 0.573251 0.927928 0.399341 0.33474 0.125111 0.0338379 0.196807 0.236379 0.0767857 0.0226311 0.0938079 0.501465 0.342904 0.734288 0.374005 0.816094 0.831021 0.646778 0.315344 0.611957 0.538487 0.388777 0.517331 0.733604
BD_Brms
 9.93205 6.78502 3.02409 1.74547 2.57945 3.66372 5.9305 2.55224 2.13937 0.799598 0.216262 1.25782 1.51073 0.490747 0.144638 0.599538 3.20492 2.19154 4.69292 2.39031 5.21575 5.31115 4.13364 2.0154 3.91109 3.44154 2.48472 3.30632 4.68855
Sel_flota
 0.823134 1 1 1 1
 0.823134 1 1 1 1
 0.823134 1 1 1 1
 0.823134 1 1 1 1
 0.823134 1 1 1 1
 0.823134 1 1 1 1
 0.823134 1 1 1 1
 0.823134 1 1 1 1
 0.823134 1 1 1 1
 0.823134 1 1 1 1
 0.823134 1 1 1 1
 0.823134 1 1 1 1
 0.823134 1 1 1 1
 0.823134 1 1 1 1
 0.823134 1 1 1 1
 0.823134 1 1 1 1
 0.823134 1 1 1 1
 0.823134 1 1 1 1
 0.823134 1 1 1 1
 0.823134 1 1 1 1
 0.823134 1 1 1 1
 0.823134 1 1 1 1
 0.823134 1 1 1 1
 0.823134 1 1 1 1
 0.823134 1 1 1 1
 0.823134 1 1 1 1
 0.823134 1 1 1 1
 0.823134 1 1 1 1
 0.823134 1 1 1 1
Sel_reclas
 0.747482 1 1 1 1
 0.747482 1 1 1 1
 0.747482 1 1 1 1
 0.747482 1 1 1 1
 0.747482 1 1 1 1
 0.747482 1 1 1 1
 0.747482 1 1 1 1
 0.747482 1 1 1 1
 0.747482 1 1 1 1
 0.747482 1 1 1 1
 0.747482 1 1 1 1
 0.747482 1 1 1 1
 0.747482 1 1 1 1
 0.747482 1 1 1 1
 0.747482 1 1 1 1
 0.747482 1 1 1 1
 0.747482 1 1 1 1
 0.747482 1 1 1 1
 0.747482 1 1 1 1
 0.747482 1 1 1 1
 0.747482 1 1 1 1
 0.747482 1 1 1 1
 0.747482 1 1 1 1
 0.747482 1 1 1 1
 0.747482 1 1 1 1
 0.747482 1 1 1 1
 0.747482 1 1 1 1
 0.747482 1 1 1 1
 0.747482 1 1 1 1
Sel_pelaces
 0.5 1 1 1 1
 0.5 1 1 1 1
 0.5 1 1 1 1
 0.5 1 1 1 1
 0.5 1 1 1 1
 0.5 1 1 1 1
 0.5 1 1 1 1
 0.5 1 1 1 1
 0.5 1 1 1 1
 0.5 1 1 1 1
 0.5 1 1 1 1
 0.5 1 1 1 1
 0.5 1 1 1 1
 0.5 1 1 1 1
 0.5 1 1 1 1
 0.5 1 1 1 1
 0.5 1 1 1 1
 0.5 1 1 1 1
 0.5 1 1 1 1
 0.5 1 1 1 1
 0.5 1 1 1 1
 0.5 1 1 1 1
 0.5 1 1 1 1
 0.5 1 1 1 1
 0.5 1 1 1 1
 0.5 1 1 1 1
 0.5 1 1 1 1
 0.5 1 1 1 1
 0.5 1 1 1 1
pf_obs 
 0.8446 0.082 0.0669 0.0065 0
 0.8095 0.147 0.0364 0.0071 0
 0.9664 0.0169 0.016 0.0007 0
 0.9276 0.0648 0.0075 0.0001 0
 0.7033 0.2144 0.0806 0.0017 0
 0.9318 0.0425 0.0243 0.0014 0
 0.5671 0.3108 0.0964 0.0239 0.0018
 0.0768 0.2599 0.5324 0.112 0.0189
 0.490249 0.384438 0.106611 0.0170017 0.00170017
 0.7925 0.1577 0.0466 0.003 0.0002
 0.840416 0.127587 0.0312969 0.00059994 9.999e-05
 0.8084 0.0986 0.0794 0.0134 0.0002
 0.7335 0.1905 0.0724 0.0035 0.0001
 0.4001 0.4547 0.1325 0.0127 0
 0.49795 0.308269 0.164784 0.0264974 0.00249975
 0.9179 0.0499 0.0305 0.0017 0
 0.2467 0.6533 0.0926 0.0074 0
 0.9418 0.0223 0.034 0.0019 0
 0.707729 0.231977 0.0356964 0.0245975 0
 0.517169 0.277429 0.184464 0.0207286 0.00020938
 0.811772 0.124168 0.05621 0.00726502 0.000585176
 0.764997 0.148141 0.077277 0.00933861 0.000247198
 0.163321 0.427699 0.378323 0.0303852 0.000271297
 0.753843 0.0900009 0.118128 0.0371064 0.000921714
 0.721811 0.176058 0.0630433 0.0369309 0.00215725
 0.143369 0.312575 0.442814 0.0836902 0.0175525
 0.692698 0.0596174 0.167031 0.0765114 0.00414204
 0.394062 0.376323 0.152708 0.0712218 0.00568511
 0.125707 0.32114 0.495352 0.0537591 0.00404204
pf_pred 
 0.67186 0.145433 0.167959 0.0147474 8.45172e-07
 0.623665 0.272113 0.0461913 0.0533461 0.00468424
 0.734714 0.182646 0.0597537 0.0101432 0.012743
 0.849995 0.118028 0.0220161 0.00720269 0.00275869
 0.752593 0.218745 0.0225519 0.00420667 0.00190335
 0.828942 0.135502 0.0314373 0.00324108 0.000878111
 0.508454 0.422844 0.0544218 0.0126262 0.0016544
 0.528131 0.277306 0.16737 0.0215412 0.00565254
 0.612615 0.225375 0.095209 0.0574641 0.0093366
 0.834817 0.11279 0.0304817 0.0128769 0.0090347
 0.955677 0.0394607 0.00332017 0.00089728 0.000645005
 0.871235 0.124199 0.00406556 0.000342071 0.000158899
 0.719173 0.253503 0.0263549 0.00086271 0.000106306
 0.873828 0.0993509 0.0242118 0.00251713 9.25494e-05
 0.963968 0.0334244 0.00205292 0.000500296 5.39246e-05
 0.975703 0.0236953 0.000558419 3.4298e-05 9.25933e-06
 0.520623 0.470789 0.00837516 0.000197375 1.53955e-05
 0.94844 0.0306255 0.0205597 0.000365749 9.29183e-06
 0.764003 0.226752 0.00549124 0.00368641 6.7246e-05
 0.888183 0.0920748 0.0189687 0.000459362 0.000314007
 0.779527 0.201614 0.0155293 0.00319925 0.000130436
 0.844905 0.127803 0.0249569 0.0019223 0.000412167
 0.409042 0.521299 0.0574018 0.0112092 0.00104851
 0.892214 0.0522877 0.0489563 0.00539073 0.00115115
 0.806856 0.176969 0.00784682 0.00734688 0.000981739
 0.564124 0.36912 0.0611651 0.00271207 0.00287859
 0.862802 0.0862503 0.0431451 0.00714936 0.000653471
 0.779312 0.19681 0.0150115 0.00750922 0.00135805
 0.588694 0.337481 0.0658376 0.00502172 0.00296632
pobs_RECLAS
 0 0 0 0 0
 0 0 0 0 0
 0 0 0 0 0
 0 0 0 0 0
 0 0 0 0 0
 0 0 0 0 0
 0 0 0 0 0
 0 0 0 0 0
 0 0 0 0 0
 0 0 0 0 0
 0.991045 0.00858322 0.000360255 1.14367e-05 0
 0.934742 0.0480273 0.0164251 0.00080598 0
 0.827803 0.169806 0.00239088 0 0
 0.941827 0.0461693 0.0120037 0 0
 0.791401 0.0380133 0.147996 0.0225897 0
 0.846168 0.0940531 0.0597789 0 0
 0.134021 0.677848 0.182769 0.00536245 0
 0.80878 0.0450904 0.141981 0.00414843 0
 0.846168 0.0940531 0.0597789 0 0
 0.905697 0.0802665 0.012482 0.00150086 5.37128e-05
 0.989698 0.0102097 9.19794e-05 0 0
 0.975433 0.0193895 0.00387452 0.00125025 5.28907e-05
 0.303575 0.632131 0.0575291 0.00676475 0
 0.966965 0.00978017 0.0227588 0.000495775 0
 0.843318 0.132988 0.00938335 0.0141283 0.000182051
 0.564624 0.303363 0.111486 0.0197234 0.00080311
 0.826376 0.0876187 0.0782897 0.00655872 0.00115652
 0.89761 0.0855135 0.0140674 0.00269457 0.000114338
 0.34875 0.467042 0.161289 0.0227151 0.000203297
ppred_RECLAS
 0.652301 0.154101 0.177971 0.0156264 8.9555e-07
 0.605641 0.285146 0.0484037 0.0559011 0.00490859
 0.719578 0.193067 0.0631631 0.010722 0.0134701
 0.840405 0.125573 0.0234235 0.00766315 0.00293505
 0.735228 0.234098 0.0241347 0.00450193 0.00203694
 0.816051 0.145713 0.0338064 0.00348533 0.000944286
 0.49183 0.437144 0.0562623 0.0130532 0.00171035
 0.504989 0.290905 0.175578 0.0225977 0.00592975
 0.595833 0.235139 0.0993335 0.0599535 0.00974106
 0.833232 0.113872 0.0307741 0.0130004 0.00912136
 0.951714 0.0429888 0.00361702 0.000977505 0.000702674
 0.863413 0.131743 0.00431252 0.00036285 0.000168551
 0.70885 0.262821 0.0273237 0.00089442 0.000110213
 0.879061 0.0952299 0.0232075 0.00241272 8.87105e-05
 0.962388 0.0348904 0.00214296 0.000522239 5.62897e-05
 0.974004 0.0253523 0.00059747 3.66965e-05 9.90684e-06
 0.502314 0.48877 0.00869504 0.000204914 1.59835e-05
 0.944585 0.0329149 0.0220967 0.000393092 9.98647e-06
 0.754512 0.235871 0.00571208 0.00383467 6.99504e-05
 0.88067 0.0982613 0.0202432 0.000490227 0.000335105
 0.765828 0.214141 0.0164942 0.00339803 0.000138541
 0.835862 0.135255 0.0264121 0.00203439 0.0004362
 0.392184 0.536169 0.0590392 0.0115289 0.00107842
 0.884421 0.056068 0.0524957 0.00578046 0.00123437
 0.794379 0.188401 0.00835372 0.00782148 0.00104516
 0.544038 0.38613 0.0639838 0.00283705 0.00301124
 0.852953 0.0924416 0.0462421 0.00766256 0.000700379
 0.764542 0.209981 0.0160161 0.00801177 0.00144894
 0.568766 0.353832 0.0690275 0.00526502 0.00311004
pobs_PELACES
 0 0 0 0 0
 0 0 0 0 0
 0 0 0 0 0
 0 0 0 0 0
 0 0 0 0 0
 0 0 0 0 0
 0 0 0 0 0
 0 0 0 0 0
 0 0 0 0 0
 0 0 0 0 0
 0 0 0 0 0
 0 0 0 0 0
 0 0 0 0 0
 0 0 0 0 0
 0 0 0 0 0
 0 0 0 0 0
 0.505614 0.472636 0.0217494 0 0
 0 0 0 0 0
 0.443492 0.261883 0.143347 0.151278 0
 0.227955 0.32914 0.350689 0.0885471 0.00366901
 0.970185 0.0296113 0.000203453 0 0
 0.997202 0.00247181 0.000326279 0 0
 0.445219 0.490057 0.0546422 0.010081 0
 0.90214 0.0892962 0.00764917 0.000914606 0
 0 0 0 0 0
 0.581667 0.319106 0.0959925 0.00289975 0.000334073
 0.762889 0.0836404 0.116647 0.0363945 0.000428098
 0.88444 0.0763242 0.0277011 0.0115352 0
 0.521256 0.241999 0.230069 0.00667565 0
ppred_PELACES
 0.562946 0.193704 0.223707 0.0196423 1.1257e-06
 0.518765 0.347963 0.0590669 0.068216 0.00598994
 0.642929 0.245839 0.0804277 0.0136527 0.0171519
 0.787843 0.16693 0.031138 0.010187 0.0039017
 0.653859 0.306041 0.0315518 0.00588546 0.00266293
 0.752448 0.196096 0.0454954 0.00469042 0.00127078
 0.408197 0.509088 0.0655219 0.0152015 0.00199183
 0.408654 0.347519 0.209748 0.0269954 0.00708376
 0.510956 0.284519 0.120194 0.0725441 0.0117868
 0.791609 0.142293 0.0384549 0.0162451 0.0113979
 0.930827 0.0615848 0.00518166 0.00140035 0.00100663
 0.818017 0.175529 0.00574582 0.000483446 0.00022457
 0.639359 0.325551 0.0338453 0.0011079 0.000136518
 0.853698 0.115202 0.0280746 0.00291871 0.000107315
 0.949414 0.0469254 0.00288215 0.000702379 7.57062e-05
 0.963752 0.0353497 0.000833075 5.11673e-05 1.38135e-05
 0.415818 0.573717 0.0102062 0.000240527 1.87614e-05
 0.922861 0.0458185 0.0307591 0.000547194 1.39014e-05
 0.690802 0.297086 0.0071945 0.00482986 8.81043e-05
 0.83878 0.132755 0.0273494 0.000662318 0.000452742
 0.69586 0.278124 0.0214224 0.00441332 0.000179935
 0.783746 0.178201 0.0347983 0.00268034 0.000574699
 0.313784 0.605328 0.0666545 0.013016 0.00121752
 0.842472 0.0764178 0.071549 0.00787848 0.00168239
 0.729873 0.247504 0.0109744 0.0102752 0.00137304
 0.453463 0.462833 0.0766938 0.00340061 0.00360941
 0.801487 0.124796 0.0624268 0.0103444 0.000945511
 0.691963 0.274707 0.0209531 0.0104814 0.00189557
 0.478182 0.428156 0.0835272 0.00637098 0.00376333
pobs_pel_tallas
 0 0 0 0 0 0 0 0 0 0 0 0 0 0 0 0 0 0 0 0 0 0 0 0 0 0
 0 0 0 0 0 0 0 0 0 0 0 0 0 0 0 0 0 0 0 0 0 0 0 0 0 0
 0 0 0 0 0 0 0 0 0 0 0 0 0 0 0 0 0 0 0 0 0 0 0 0 0 0
 0 0 0 0 0 0 0 0 0 0 0 0 0 0 0 0 0 0 0 0 0 0 0 0 0 0
 0 0 0 0 0 0 0 0 0 0 0 0 0 0 0 0 0 0 0 0 0 0 0 0 0 0
 0 0 0 0 0 0 0 0 0 0 0 0 0 0 0 0 0 0 0 0 0 0 0 0 0 0
 0 0 0 0 0 0 0 0 0 0 0 0 0 0 0 0 0 0 0 0 0 0 0 0 0 0
 0 0 0 0 0 0 0 0 0 0 0 0 0 0 0 0 0 0 0 0 0 0 0 0 0 0
 0 0 0 0 0 0 0 0 0 0 0 0 0 0 0 0 0 0 0 0 0 0 0 0 0 0
 0 0 0 0 0 0 0 0 0 0 0 0 0 0 0 0 0 0 0 0 0 0 0 0 0 0
 0 0 0 0 0 0 0 0 0 0 0 0 0 0 0 0 0 0 0 0 0 0 0 0 0 0
 0 0 0 0 0 0 0 0 0 0 0 0 0 0 0 0 0 0 0 0 0 0 0 0 0 0
 0.00862536 0 0 0.000197151 0.00414017 0.0128641 0.00837892 0.0270097 0.101434 0.158115 0.152841 0.127902 0.109271 0.109419 0.0830992 0.0579132 0.0238553 0.00714673 0.00463305 0.00128148 0.00103504 0.000492878 0.000147863 0.000147863 4.92878e-05 0
 0 0 0 0 0 0 0 0 0 0 0 0 0 0 0 0 0 0 0 0 0 0 0 0 0 0
 0 0 0 0 0 0 0 0.0054083 0.00873648 0.0413646 0.0450493 0.0745869 0.0622846 0.0627006 0.0613931 0.0827291 0.12552 0.122667 0.0946155 0.0697135 0.0546179 0.0294188 0.0215738 0.0213955 0.0102223 0.00600262
 0 0 0 0 0.00359764 0.0251062 0.0480494 0.140153 0.205849 0.193036 0.1447 0.116669 0.0760912 0.0342217 0.00950174 0.001854 0.000860785 0 0 0 0.000165536 0 0.000143464 0 0 0
 0 0 0 0 0 0 0 0.000145254 0.000435761 0.0275982 0.070085 0.0708112 0.156366 0.174668 0.174014 0.160142 0.0824315 0.0480064 0.0283245 0.00493863 0.00203355 0 0 0 0 0
 0 0 0 0 0 0 0 0 0 0 0 0 0 0 0 0 0 0 0 0 0 0 0 0 0 0
 0 0 1.00437e-05 0.000401748 0.00122533 0.00171747 0.00176769 0.0269171 0.070346 0.194647 0.189555 0.159765 0.064822 0.0314167 0.0384472 0.0292271 0.0345202 0.0313363 0.0194345 0.0106764 0.0143323 0.0359363 0.0279516 0.0138201 0.00172751 0
 0 0.0021121 0.0136068 0.0755702 0.200478 0.177729 0.0527432 0.0373336 0.0318909 0.0142505 0.0149659 0.0166563 0.0217959 0.0798694 0.0677717 0.0528807 0.04013 0.0224614 0.0357745 0.0225083 0.00881397 0.00855152 0.00135912 0.000746735 0 0
 0 0 0 0 5.4009e-05 0.00500934 0.000945158 0.0243581 0.138947 0.33067 0.221406 0.137944 0.0707744 0.0437923 0.0131692 0.00525238 0.0047753 0.00276346 9.45158e-05 9.00151e-06 2.25038e-05 9.00151e-06 4.50075e-06 0 0 0
 0.000866109 0.00284123 0.00948549 0.0512746 0.133035 0.25785 0.225252 0.132002 0.0553304 0.0519788 0.0540692 0.017754 0.00435017 0.00159236 0.00146478 0.000404838 0.000125132 0.000115318 0.000107957 0.000100596 0 0 0 0 0 0
 0 0 0 0 0.00144013 0.00171154 0.00461396 0.0210425 0.0478622 0.0707936 0.0888783 0.103762 0.0637923 0.0337046 0.0602308 0.124433 0.169614 0.0934646 0.0462172 0.0250306 0.0313229 0.00938855 0.002487 0.000210481 0 0
 0 0.00764035 0.051015 0.0998891 0.058973 0.0496711 0.0374665 0.0718981 0.12319 0.153886 0.159021 0.0857701 0.0377988 0.023471 0.0147837 0.00900784 0.00315554 0.000888139 0.00291439 0.00214683 0.00393193 0.00274676 0.000635225 9.99891e-05 0 0
 0 0 0 0 0 0 0 0 0 0 0 0 0 0 0 0 0 0 0 0 0 0 0 0 0 0
 0 0 0 0 0 0 0 0 0 0 0 0 0 0 0 0 0 0 0 0 0 0 0 0 0 0
 0 0 0 0 0 0 0 0 0 0 0 0 0 0 0 0 0 0 0 0 0 0 0 0 0 0
 0 0 0 0 0 0 0 0 0 0 0 0 0 0 0 0 0 0 0 0 0 0 0 0 0 0
 0 0 0 0 0 0 0 0 0 0 0 0 0 0 0 0 0 0 0 0 0 0 0 0 0 0
ppred_pel_tallas
 1.08476e-16 4.63691e-05 0.000450724 0.00299522 0.0136159 0.0423641 0.0902619 0.131744 0.131763 0.0903548 0.0426768 0.014523 0.00528707 0.00550256 0.00978322 0.0164711 0.0245842 0.0327047 0.0393502 0.0437297 0.0460195 0.0468697 0.0466219 0.0449903 0.041443 0.0358475
 1.09649e-16 4.273e-05 0.000415351 0.00276016 0.0125473 0.0390395 0.0831789 0.121409 0.121443 0.083343 0.0395905 0.0141393 0.00675842 0.00915071 0.0166547 0.0275268 0.0398011 0.0503939 0.0562128 0.055895 0.0506322 0.0433296 0.0367792 0.032271 0.0294653 0.0272207
 1.06656e-16 5.29573e-05 0.000514763 0.00342079 0.0155504 0.0483832 0.103086 0.150463 0.150486 0.103203 0.0487735 0.0166788 0.00625687 0.00671826 0.0118708 0.0196364 0.0285063 0.0363217 0.0409104 0.0412688 0.0381233 0.0333533 0.0287636 0.0251901 0.0224679 0.0199996
 1.02624e-16 6.48937e-05 0.000630789 0.00419182 0.0190554 0.0592885 0.126321 0.184373 0.184389 0.1264 0.0595528 0.0198189 0.00610888 0.00481808 0.00802422 0.0131813 0.0190255 0.0240183 0.0266375 0.0261839 0.0231883 0.0190307 0.0150896 0.0120884 0.0100203 0.00849964
 1.0203e-16 5.38576e-05 0.000523515 0.00347894 0.0158148 0.0492058 0.104839 0.153022 0.153052 0.104983 0.0496893 0.0172111 0.00698306 0.00816981 0.0145661 0.0239703 0.0344658 0.0432162 0.0473656 0.0455936 0.038901 0.029937 0.0214304 0.0149413 0.0106494 0.00793696
 1.02049e-16 6.19782e-05 0.00060245 0.00400349 0.0181993 0.0566249 0.120646 0.17609 0.176109 0.120739 0.0569355 0.0190969 0.00625782 0.00552781 0.00942816 0.0155196 0.0224218 0.0283421 0.0314868 0.0310126 0.0275018 0.022524 0.0176585 0.0137533 0.0108531 0.00860383
 1.03883e-16 3.36227e-05 0.000326825 0.00217187 0.00987303 0.0307189 0.0654517 0.095539 0.095588 0.0656914 0.0315237 0.0121974 0.00800586 0.0130606 0.0242118 0.039959 0.0575235 0.0722604 0.0794473 0.0768946 0.0662397 0.0518195 0.0380735 0.0274984 0.0203338 0.0155566
 1.10048e-16 3.36603e-05 0.000327191 0.0021743 0.00988406 0.0307532 0.0655241 0.0956415 0.0956752 0.0656892 0.031308 0.0114899 0.0062174 0.00919382 0.0169916 0.0283466 0.0415511 0.0537519 0.0620074 0.0648832 0.0631505 0.0589515 0.0541848 0.0494808 0.0444065 0.0383826
 1.12812e-16 4.20868e-05 0.000409099 0.00271861 0.0123584 0.0384517 0.0819265 0.11958 0.119607 0.0820613 0.0389047 0.0136688 0.00601542 0.00763109 0.0138324 0.0229992 0.0335994 0.043265 0.0496154 0.0515925 0.0500466 0.0470052 0.0442336 0.0422526 0.0404244 0.0377584
 1.04705e-16 6.52038e-05 0.000633804 0.00421185 0.0191465 0.0595719 0.126925 0.185253 0.185267 0.126992 0.0597976 0.0197989 0.00585137 0.00421878 0.00689135 0.0113367 0.0164376 0.0209147 0.023515 0.0236776 0.0218596 0.0191926 0.0167535 0.0150227 0.0138538 0.0128121
 1.00477e-16 7.6671e-05 0.000745269 0.00495258 0.0225137 0.0700485 0.149246 0.21783 0.217836 0.149275 0.0701458 0.0227946 0.00565734 0.00228289 0.00299428 0.00482198 0.00692287 0.0086723 0.00949104 0.00911462 0.00774872 0.00593319 0.00422426 0.00294007 0.00211519 0.00161747
 1.00298e-16 6.7379e-05 0.000654948 0.00435236 0.0197852 0.0615592 0.131159 0.191434 0.191451 0.131242 0.0618361 0.0205846 0.0063574 0.00502682 0.00835517 0.0136662 0.0195862 0.0244319 0.0265371 0.0251346 0.0208194 0.0151706 0.00984198 0.0058207 0.00327254 0.0018541
 1.01195e-16 5.26632e-05 0.000511905 0.00340179 0.0154641 0.0481146 0.102514 0.149629 0.149661 0.102668 0.048629 0.0169493 0.00712878 0.00864403 0.0154854 0.0254858 0.0366332 0.0459051 0.0502499 0.048246 0.0409424 0.0311503 0.021784 0.014538 0.00965907 0.00655235
 1.01151e-16 7.0318e-05 0.000683516 0.0045422 0.0206482 0.0642443 0.13688 0.199782 0.199793 0.136934 0.0644268 0.0211757 0.00586703 0.00357836 0.00557611 0.00912766 0.013189 0.0166818 0.0185515 0.0183015 0.0162695 0.0133697 0.0105204 0.00821321 0.00647359 0.00510041
 1.00179e-16 7.8202e-05 0.000760151 0.00505147 0.0229633 0.0714473 0.152226 0.222179 0.222184 0.152248 0.0715213 0.0231771 0.00558803 0.00193045 0.00229786 0.00366729 0.00525697 0.006572 0.00716643 0.00683625 0.00573837 0.00428821 0.00291759 0.0018793 0.0012097 0.000814996
 1.00041e-16 7.9383e-05 0.000771631 0.00512776 0.0233101 0.0725262 0.154525 0.225534 0.225538 0.154542 0.072582 0.023471 0.00553143 0.00165173 0.00174754 0.0027547 0.00394006 0.00491134 0.00532844 0.0050364 0.00415568 0.00300585 0.00192225 0.0011059 0.000591598 0.00031023
 1.00469e-16 3.42505e-05 0.000332927 0.00221242 0.0100574 0.0312925 0.0666741 0.0973243 0.0973795 0.0669436 0.0321973 0.0126692 0.00876267 0.0146131 0.0270987 0.0445979 0.0638946 0.0796175 0.0863164 0.0814783 0.0670646 0.048278 0.0305845 0.0172698 0.00891322 0.00439336
 1.00957e-16 7.60149e-05 0.000738892 0.00491019 0.022321 0.069449 0.147969 0.215966 0.21597 0.14799 0.0695223 0.022533 0.00544403 0.00191007 0.00231721 0.00375433 0.00550215 0.0071279 0.00823686 0.00863145 0.00839882 0.00780387 0.00708417 0.00632413 0.00548712 0.00453264
 1.00783e-16 5.69005e-05 0.000553093 0.0036755 0.0167083 0.0519859 0.110762 0.161667 0.161696 0.110902 0.0524545 0.0180611 0.00706852 0.00795106 0.0140805 0.0231184 0.0331348 0.0413267 0.0448812 0.0425071 0.0352235 0.0257154 0.0167886 0.0101072 0.00593008 0.0036446
 1.00967e-16 6.90892e-05 0.000671572 0.00446283 0.0202874 0.0631217 0.134488 0.196292 0.196305 0.13455 0.0633319 0.0208946 0.00598751 0.0040017 0.00639858 0.0104814 0.0151204 0.0190701 0.0211043 0.0206455 0.0180908 0.0145192 0.0110293 0.0082303 0.00618316 0.00466419
 1.01163e-16 5.73172e-05 0.000557143 0.00370241 0.0168307 0.0523665 0.111573 0.16285 0.162877 0.111704 0.0528057 0.0180988 0.00688409 0.0074979 0.0132247 0.0217344 0.0312142 0.0390631 0.0426692 0.0408247 0.0344491 0.0259824 0.0179546 0.0118381 0.00783676 0.00540298
 1.01416e-16 6.45561e-05 0.000627509 0.00417002 0.0189563 0.0589802 0.125664 0.183414 0.183431 0.125748 0.0592623 0.0197712 0.00621612 0.00509617 0.00855713 0.0140592 0.0202796 0.025568 0.0282806 0.0276457 0.0242038 0.0194132 0.0147562 0.0110523 0.0083749 0.00640745
 1.0359e-16 2.58461e-05 0.000251233 0.00166954 0.0075895 0.0236141 0.0503144 0.0734476 0.0735059 0.0505994 0.0245706 0.0103519 0.00860186 0.0153791 0.0287404 0.04743 0.0682207 0.0855723 0.0938428 0.0904146 0.0772496 0.0595592 0.042709 0.0297651 0.0210876 0.0154876
 1.0316e-16 6.93933e-05 0.000674528 0.00448248 0.0203767 0.0633995 0.13508 0.197154 0.197162 0.135116 0.0635223 0.0207327 0.00538078 0.00265079 0.00386734 0.00640004 0.0094836 0.0124896 0.0148087 0.0161315 0.0165714 0.0164717 0.0160772 0.0153669 0.0141632 0.0123681
 1.01643e-16 6.01188e-05 0.000584376 0.00388338 0.0176533 0.0549261 0.117027 0.170809 0.170833 0.117143 0.0553168 0.0187811 0.00671255 0.00675475 0.011762 0.0193064 0.0277052 0.0346314 0.0377622 0.0360383 0.0303105 0.0227933 0.0157756 0.0105759 0.00734155 0.00551316
 1.03284e-16 3.73513e-05 0.000363068 0.00241271 0.0109679 0.0341254 0.0727093 0.106131 0.106175 0.0729274 0.0348575 0.0130827 0.00772186 0.0119547 0.0220567 0.0364164 0.0524791 0.0660354 0.0728005 0.0707669 0.0613704 0.0484704 0.0360163 0.02623 0.0193511 0.0145408
 1.03031e-16 6.60175e-05 0.000641713 0.00426441 0.0193854 0.0603152 0.128508 0.187564 0.187576 0.128568 0.0605141 0.0199606 0.00571169 0.00381252 0.00612129 0.0101022 0.0147487 0.018969 0.021683 0.0223724 0.0213414 0.0194212 0.0173773 0.0155126 0.0137111 0.0117512
 1.02047e-16 5.69961e-05 0.000554022 0.00368168 0.0167364 0.0520732 0.110948 0.161938 0.161965 0.111078 0.0525071 0.0179891 0.00682486 0.00741134 0.0130678 0.0214809 0.0308631 0.0386546 0.0422893 0.0405913 0.0344836 0.0263807 0.0187674 0.0130599 0.00940298 0.00719505
 1.03796e-16 3.93873e-05 0.000382859 0.00254423 0.0115657 0.0359855 0.0766725 0.111914 0.111956 0.0768743 0.0366633 0.0135237 0.00746041 0.0111198 0.0204451 0.0337738 0.0487308 0.0614456 0.0679794 0.0664837 0.0582636 0.0468269 0.0357361 0.0269538 0.0206415 0.016018
pSPR Fmed_Fpbrs
0.537525   0.206467 0.206467
Fs Fmed_Fpbrs
0.34   1.005 1.005
SSBpbr Bo_Bmed_Bpbrs
503801  245616  78828.3 78828.3
Ro
95832.7
SPR SPRFo_SPRFmed_SPRFpbrs
681083 366099 140621
Fref
1.005
Nvult_r0
 49048.9 24912.7 4860.1 370.701 218.972
CTP_r0
 22205.9 12487.4 2436.11 185.813 109.759
YTP_r0
433380
Np
 132157 21258.2 1695.32 744.285 164.752
Nvult_p0
 110899 18395.6 1467.03 644.06 142.566
CTP_p0
 50207.3 5460.73 2397.39 467.696 42.5219
 50207.3 9220.74 735.344 322.833 71.461
YTP_p0
 547705 569795
CBA_c0
467678
log_Ro
11.2904
likeval ReclasPelacesDesembMPH_pf_preclas_ppelaces_ptallas_desvR_qrecl_qpela
 26.7651 31.6714 0.0202429 54.0637 224.215 107.313 95.9776 0 22.2043 0.000108802 0.000217755 0.0284344 0 0 0
q_reclas_q_pelaces
4.37166 8.05979
M
1
N
 144032 26458.5 30556.8 2682.99 0.153762
 96917.3 36690.3 6228.21 7192.91 631.599
 83822.4 18074.6 5913.2 1003.77 1261.04
 129812 15706.8 2929.84 958.514 367.119
 92851.5 22669.5 2337.15 435.956 197.253
 194633 26939.5 6250.12 644.367 174.579
 69798.6 51044.4 6569.63 1524.19 199.713
 23939.9 10507.3 6341.77 816.213 214.179
 22895.8 7372.03 3114.29 1879.65 305.4
 30057.4 3727.85 1007.46 425.597 298.608
 52180.5 1817.21 152.898 41.3208 29.7032
 115002 14389.6 471.032 39.632 18.4099
 56671.8 17861.8 1856.96 60.7863 7.49026
 58993.6 6298.06 1534.84 159.566 5.8669
 53149.8 1656.21 101.724 24.7902 2.67202
 250414 5328.52 125.576 7.71283 2.08221
 50798.4 40029.1 712.104 16.7819 1.30901
 316436 8864.87 5951.22 105.87 2.68962
 222956 59094 1431.07 960.718 17.525
 281149 25389 5230.48 126.666 86.5853
 220526 49334.5 3799.98 782.848 31.9174
 324322 43090.3 8414.51 648.126 138.967
 44633.9 49783 5481.76 1070.46 100.13
 143588 7271.66 6808.36 749.689 160.09
 150046 28457.8 1261.82 1181.43 157.871
 52333.5 29445.5 4879.28 216.348 229.632
 129450 11138 5571.59 923.242 84.3868
 125816 27181.2 2073.23 1037.09 187.559
 58451.1 28789.5 5616.41 428.388 253.048
pred_Ctot
 28848 6244.53 7211.77 633.218 0.0362897
 31894.5 13915.9 2362.24 2728.14 239.553
 27440 6821.42 2231.67 378.828 475.922
 45745.3 6352.05 1184.87 387.636 148.468
 12645.8 3675.58 378.94 70.6848 31.982
 36306.3 5934.76 1376.9 141.954 38.4598
 27978.9 23268 2994.7 694.788 91.0373
 2501.75 1313.59 792.828 102.04 26.776
 8607.77 3166.72 1337.77 807.42 131.187
 18175.3 2455.62 663.634 280.35 196.7
 8454.79 349.105 29.3732 7.93816 5.7063
 44978.2 6411.86 209.888 17.6597 8.20327
 27445.7 9674.41 1005.78 32.9234 4.05692
 41289.5 4694.46 1144.04 118.938 4.37308
 27029.8 937.224 57.5641 14.0284 1.51205
 95640.6 2322.66 54.7375 3.36197 0.90762
 17913.4 16198.7 288.17 6.79122 0.529722
 103979 3357.51 2253.99 40.0976 1.01868
 106634 31648.4 766.425 514.521 9.38569
 98607.6 10222.3 2105.93 50.9992 34.8616
 68760.4 17783.9 1369.8 282.198 11.5055
 128045 19368.6 3782.21 291.324 62.4637
 16771.4 21374.2 2353.57 459.597 42.9907
 43997.3 2578.44 2414.16 265.83 56.7659
 46540 10207.7 452.61 423.773 56.6274
 14570.8 9534.04 1579.84 70.0503 74.3514
 36744.1 3673.14 1837.42 304.47 27.8294
 31237.3 7888.76 601.71 300.994 54.4351
 15990.5 9166.86 1788.32 136.403 80.573
F
 0.367522 0.446491 0.446491 0.446491 0.446491
 0.679353 0.825325 0.825325 0.825325 0.825325
 0.674606 0.819558 0.819558 0.819558 0.819558
 0.745068 0.90516 0.90516 0.90516 0.90516
 0.237409 0.28842 0.28842 0.28842 0.28842
 0.338419 0.411135 0.411135 0.411135 0.411135
 0.893543 1.08554 1.08554 1.08554 1.08554
 0.177856 0.216071 0.216071 0.216071 0.216071
 0.815119 0.990263 0.990263 0.990263 0.990263
 1.80581 2.19382 2.19382 2.19382 2.19382
 0.288204 0.35013 0.35013 0.35013 0.35013
 0.862283 1.04756 1.04756 1.04756 1.04756
 1.19703 1.45424 1.45424 1.45424 1.45424
 2.57289 3.12573 3.12573 3.12573 3.12573
 1.30004 1.57938 1.57938 1.57938 1.57938
 0.833509 1.0126 1.0126 1.0126 1.0126
 0.745769 0.906012 0.906012 0.906012 0.906012
 0.677991 0.82367 0.82367 0.82367 0.82367
 1.17266 1.42463 1.42463 1.42463 1.42463
 0.74026 0.899319 0.899319 0.899319 0.899319
 0.632716 0.768667 0.768667 0.768667 0.768667
 0.874063 1.06187 1.06187 1.06187 1.06187
 0.81451 0.989523 0.989523 0.989523 0.989523
 0.618524 0.751425 0.751425 0.751425 0.751425
 0.628402 0.763427 0.763427 0.763427 0.763427
 0.54727 0.664861 0.664861 0.664861 0.664861
 0.560769 0.681261 0.681261 0.681261 0.681261
 0.47481 0.576832 0.576832 0.576832 0.576832
 0.535317 0.65034 0.65034 0.65034 0.65034
YTP_r0W_actual
 115471 255992 52863.6 5388.57 3665.96
YTP_p0W_proyectada
 378563 95289.8 57705.1 14648.2 1498.9
 378563 160902 17699.7 10111.1 2519
CTP_r0_actual
 22205.9 12487.4 2436.11 185.813 109.759
CTP_p0_proyectada
 50207.3 5460.73 2397.39 467.696 42.5219
 50207.3 9220.74 735.344 322.833 71.461
Wmedp
 7.54 17.45 24.07 31.32 35.25
Frms_r0
 0.827249 1.005 1.005 1.005 1.005
Zrms_r0
 1.82725 2.005 2.005 2.005 2.005
nmprior
 7.29 8.9 8.7 0
nm_flota  nm_reclas  nm_pelaces    nm_pelaL
inf 15.0945 8.78364 10.9155
cv_recla  cv_pelaces  cv_mph
0.245401 0.574379 0.636771
 ------------------------------------------------
Talla a la edad & desviaci?n 
 8 13.2811 15.8009 17.003 17.5766
 0.8 1.32811 1.58009 1.7003 1.75766
