years
 1991 1992 1993 1994 1995 1996 1997 1998 1999 2000 2001 2002 2003 2004 2005 2006 2007 2008 2009 2010 2011 2012 2013 2014 2015 2016 2017 2018 2019 2020 2021 2022 2023
reclasobs
 0 0 0 0 0 0 0 0 0 252601 567819 844713 477998 351125 339783 2.1784e+06 2.13404e+06 4.81314e+06 1.55562e+06 2.62356e+06 3.21686e+06 3.843e+06 1.13348e+06 3.07943e+06 1.97215e+06 2.03268e+06 2.025e+06 2.42433e+06 2.27542e+06 1.05018e+06 2.36338e+06 3.18982e+06 1.53035e+06
reclaspred
 3.34558e+06 2.19181e+06 1.51509e+06 1.57426e+06 1.64528e+06 1.90424e+06 1.55034e+06 2.23099e+06 2.37121e+06 2.53197e+06 1.8634e+06 1.86604e+06 1.69785e+06 1.5737e+06 1.63194e+06 1.63098e+06 1.69461e+06 1.94148e+06 1.03115e+06 721358 1.13421e+06 660448 916082 1.48364e+06 1.3315e+06 1.67131e+06 1.8275e+06 1.53703e+06 1.83686e+06 1.93699e+06 1.96258e+06 2.60997e+06 2.08842e+06
pelacesobs
 0 0 0 0 0 0 0 0 0 0 0 0 0 0 0 552880 188675 0 991730 2.46772e+06 1.41603e+06 1.21717e+06 2.29649e+06 1.80582e+06 0 1.4828e+06 1.56532e+06 1.57751e+06 1.42118e+06 867257 1.10002e+06 1.06204e+06 0
pelacespred
 1.6271e+06 1.12339e+06 752655 670084 763939 867761 708714 1.15124e+06 1.28954e+06 1.28689e+06 1.06225e+06 883900 847630 855096 894632 757448 756160 816118 472740 285673 429311 253127 405132 714249 641646 799387 974711 819596 823032 948267 940266 1.21551e+06 986986
mphobs
 0 0 0 0 0 0 0 0 0 0 0 0 498337 0 5186 125008 0 168611 109162 213762 579715 649985 157893 87575 83554 210694 70296 0 107559 103333 445601 22526 28222
mphpred
 3.22032e+06 2.20373e+06 1.45731e+06 1.15332e+06 1.28549e+06 1.40768e+06 1.42031e+06 1.27011e+06 1.8621e+06 2.14565e+06 1.72732e+06 1.57041e+06 1.45292e+06 1.23523e+06 1.19376e+06 1.4883e+06 1.21609e+06 1.52984e+06 1.04565e+06 555992 624547 583066 367196 792332 1.1501e+06 968945 1.35004e+06 1.25118e+06 1.40168e+06 1.46543e+06 1.39384e+06 1.62919e+06 1.50114e+06
desembarqueobs
 494567 514787 250237 358949 120608 361735 552515 73892 212993 205616 52469 317467 293654 387597 252695 516296 358380 742168 942051 627588 828172 859565 418607 520667 417249 300574 415391 372974 316634 284311 391294 218835 356480
desembarquepred
 494696 506011 260177 358766 120551 361562 552387 73867.8 213062 205703 52460.5 317905 294049 388435 252733 515638 357737 738263 929518 619335 819974 850492 418097 520374 417082 300499 415160 372888 316710 284372 391451 218823 356401
Reclutas
 257343 257343 257343 257343 257343 257343 257343 257343 257343 257343 257343 257343 257343 257343 257343 257343 257343 257343 257343 257343 257343 257343 257343 257343 257343 257343 257343 257343 257343 257343 257343 257343 257343
log_desv_Rt
 0 0 0 0 0 0 0 0 0 0 0 0 0 0 0 0 0 0 0 0 0 0 0 0 0 0 0 0 0 0 0 0 0
SSB
 3.22032e+06 2.20373e+06 1.45731e+06 1.15332e+06 1.28549e+06 1.40768e+06 1.42031e+06 1.27011e+06 1.8621e+06 2.14565e+06 1.72732e+06 1.57041e+06 1.40306e+06 1.22009e+06 1.16669e+06 1.45022e+06 1.21609e+06 1.52984e+06 1.08404e+06 576051 667331 675787 429527 881191 1.19561e+06 1.06405e+06 1.40014e+06 1.25118e+06 1.45147e+06 1.43241e+06 1.53289e+06 1.8347e+06 1.57254e+06
BT
 4.48247e+06 3.424e+06 2.16699e+06 2.19856e+06 2.16886e+06 2.83241e+06 2.42691e+06 3.89135e+06 4.06823e+06 3.70739e+06 2.93649e+06 2.68887e+06 2.69394e+06 3.10738e+06 3.12592e+06 2.55643e+06 2.52851e+06 2.95502e+06 2.39865e+06 1.45972e+06 2.13084e+06 1.59026e+06 1.852e+06 2.94279e+06 2.19109e+06 2.82725e+06 3.47612e+06 2.88698e+06 2.52044e+06 3.08278e+06 3.08925e+06 3.72483e+06 3.19336e+06
Ftot
 0.14026 0.217545 0.162606 0.21498 0.0699334 0.179667 0.332507 0.0317017 0.0856966 0.0774891 0.02696 0.161387 0.164076 0.232782 0.147092 0.296024 0.19956 0.354052 0.802732 0.772122 0.656521 1.10825 0.425351 0.328681 0.293557 0.170425 0.214517 0.228972 0.163326 0.139409 0.1887 0.0799712 0.161746
BD_Bspro_t
 0.977808 0.855831 0.753761 0.735221 0.7381 0.794547 0.7541 0.690147 0.823466 0.861769 0.865489 0.892969 0.82286 0.772384 0.751741 0.76855 0.67711 0.715194 0.574479 0.396658 0.38127 0.365265 0.297082 0.492812 0.593853 0.620737 0.72119 0.723873 0.745579 0.747002 0.772141 0.785991 0.825329
BD_Bspro
 1.73697 1.18864 0.786039 0.622077 0.693364 0.759272 0.766083 0.685068 1.00438 1.15732 0.93168 0.847048 0.756781 0.658091 0.629287 0.782219 0.655935 0.825161 0.584709 0.31071 0.359944 0.364505 0.231678 0.475296 0.644884 0.573928 0.755206 0.674861 0.78289 0.772613 0.82681 0.989598 0.848197
BD_Bo
 1.28064 0.876368 0.579533 0.458647 0.511205 0.559798 0.56482 0.505089 0.74051 0.853269 0.686912 0.624514 0.557962 0.485199 0.463963 0.576717 0.483609 0.608377 0.431096 0.229081 0.265381 0.268743 0.170812 0.350427 0.475462 0.423147 0.556801 0.497564 0.577211 0.569634 0.609593 0.729614 0.625361
BD_Brms
 5.40232 3.69692 2.44474 1.93478 2.1565 2.36149 2.38267 2.1307 3.12381 3.59948 2.89771 2.63449 2.35374 2.04679 1.95721 2.43286 2.04009 2.56641 1.81856 0.966369 1.1195 1.13368 0.720563 1.47826 2.00572 1.78503 2.34884 2.09895 2.43494 2.40298 2.57154 3.07785 2.63806
Sel_flota
 0.5 1 1 1 1
 0.5 1 1 1 1
 0.5 1 1 1 1
 0.5 1 1 1 1
 0.5 1 1 1 1
 0.5 1 1 1 1
 0.5 1 1 1 1
 0.5 1 1 1 1
 0.5 1 1 1 1
 0.5 1 1 1 1
 0.5 1 1 1 1
 0.5 1 1 1 1
 0.5 1 1 1 1
 0.5 1 1 1 1
 0.5 1 1 1 1
 0.5 1 1 1 1
 0.5 1 1 1 1
 0.5 1 1 1 1
 0.5 1 1 1 1
 0.5 1 1 1 1
 0.5 1 1 1 1
 0.5 1 1 1 1
 0.5 1 1 1 1
 0.5 1 1 1 1
 0.5 1 1 1 1
 0.5 1 1 1 1
 0.5 1 1 1 1
 0.5 1 1 1 1
 0.5 1 1 1 1
 0.5 1 1 1 1
 0.5 1 1 1 1
 0.5 1 1 1 1
 0.5 1 1 1 1
Sel_reclas
 0.5 1 1 1 1
 0.5 1 1 1 1
 0.5 1 1 1 1
 0.5 1 1 1 1
 0.5 1 1 1 1
 0.5 1 1 1 1
 0.5 1 1 1 1
 0.5 1 1 1 1
 0.5 1 1 1 1
 0.5 1 1 1 1
 0.5 1 1 1 1
 0.5 1 1 1 1
 0.5 1 1 1 1
 0.5 1 1 1 1
 0.5 1 1 1 1
 0.5 1 1 1 1
 0.5 1 1 1 1
 0.5 1 1 1 1
 0.5 1 1 1 1
 0.5 1 1 1 1
 0.5 1 1 1 1
 0.5 1 1 1 1
 0.5 1 1 1 1
 0.5 1 1 1 1
 0.5 1 1 1 1
 0.5 1 1 1 1
 0.5 1 1 1 1
 0.5 1 1 1 1
 0.5 1 1 1 1
 0.5 1 1 1 1
 0.5 1 1 1 1
 0.5 1 1 1 1
 0.5 1 1 1 1
Sel_pelaces
 0.5 1 1 1 1
 0.5 1 1 1 1
 0.5 1 1 1 1
 0.5 1 1 1 1
 0.5 1 1 1 1
 0.5 1 1 1 1
 0.5 1 1 1 1
 0.5 1 1 1 1
 0.5 1 1 1 1
 0.5 1 1 1 1
 0.5 1 1 1 1
 0.5 1 1 1 1
 0.5 1 1 1 1
 0.5 1 1 1 1
 0.5 1 1 1 1
 0.5 1 1 1 1
 0.5 1 1 1 1
 0.5 1 1 1 1
 0.5 1 1 1 1
 0.5 1 1 1 1
 0.5 1 1 1 1
 0.5 1 1 1 1
 0.5 1 1 1 1
 0.5 1 1 1 1
 0.5 1 1 1 1
 0.5 1 1 1 1
 0.5 1 1 1 1
 0.5 1 1 1 1
 0.5 1 1 1 1
 0.5 1 1 1 1
 0.5 1 1 1 1
 0.5 1 1 1 1
 0.5 1 1 1 1
pf_obs 
 0.8446 0.082 0.0669 0.0065 0
 0.8095 0.147 0.0364 0.0071 0
 0.9664 0.0169 0.016 0.0007 0
 0.9276 0.0648 0.0075 0.0001 0
 0.7033 0.2144 0.0806 0.0017 0
 0.9318 0.0425 0.0243 0.0014 0
 0.5671 0.3108 0.0964 0.0239 0.0018
 0.0768 0.2599 0.5324 0.112 0.0189
 0.490249 0.384438 0.106611 0.0170017 0.00170017
 0.7925 0.1577 0.0466 0.003 0.0002
 0.840416 0.127587 0.0312969 0.00059994 9.999e-05
 0.8084 0.0986 0.0794 0.0134 0.0002
 0.7335 0.1905 0.0724 0.0035 0.0001
 0.4001 0.4547 0.1325 0.0127 0
 0.49795 0.308269 0.164784 0.0264974 0.00249975
 0.9179 0.0499 0.0305 0.0017 0
 0.2467 0.6533 0.0926 0.0074 0
 0.9418 0.0223 0.034 0.0019 0
 0.707729 0.231977 0.0356964 0.0245975 0
 0.517169 0.277429 0.184464 0.0207286 0.00020938
 0.811772 0.124168 0.05621 0.00726502 0.000585176
 0.764997 0.148141 0.077277 0.00933861 0.000247198
 0.163321 0.427699 0.378323 0.0303852 0.000271297
 0.753843 0.0900009 0.118128 0.0371064 0.000921714
 0.721811 0.176058 0.0630433 0.0369309 0.00215725
 0.143369 0.312575 0.442814 0.0836902 0.0175525
 0.692698 0.0596174 0.167031 0.0765114 0.00414204
 0.394062 0.376323 0.152708 0.0712218 0.00568511
 0.125707 0.32114 0.495352 0.0537591 0.00404204
 0.23352 0.215282 0.420074 0.123614 0.00750983
 0.796117 0.104755 0.0508955 0.0450114 0.00322123
 0.162477 0.292055 0.404252 0.121198 0.0200186
 0 0 0 0 0
pf_pred 
 0.428695 0.0454876 0.467341 0.0271553 0.0313217
 0.481703 0.316167 0.0160936 0.165346 0.0206893
 0.510128 0.325653 0.100176 0.00509918 0.0589444
 0.51373 0.33361 0.101484 0.031218 0.019958
 0.51535 0.335638 0.102231 0.0310986 0.0156824
 0.49988 0.34239 0.109234 0.0332714 0.015225
 0.518679 0.326473 0.106011 0.0338212 0.0150155
 0.532246 0.329443 0.0938142 0.0304631 0.0140336
 0.494744 0.352004 0.107936 0.0307365 0.0145785
 0.490408 0.340195 0.118016 0.0361876 0.0151927
 0.48513 0.341452 0.115771 0.0401617 0.0174851
 0.482587 0.338955 0.11835 0.040127 0.0199808
 0.502053 0.329528 0.110331 0.0385233 0.0195653
 0.512259 0.331253 0.10356 0.0346735 0.0182554
 0.521438 0.331373 0.0999644 0.031252 0.0159727
 0.518862 0.334268 0.101698 0.0306789 0.0144932
 0.535373 0.326217 0.0961593 0.0292555 0.0129947
 0.533475 0.331111 0.0950746 0.0280252 0.0123137
 0.57486 0.305198 0.0851278 0.0244434 0.010371
 0.645623 0.275269 0.0567898 0.0158402 0.00647811
 0.650792 0.287297 0.0480907 0.00992143 0.00389911
 0.653427 0.284334 0.0512046 0.00857116 0.00246322
 0.68447 0.266147 0.0405145 0.0072961 0.00157228
 0.598828 0.333592 0.0570036 0.00867745 0.00189944
 0.565866 0.333066 0.0840426 0.0143611 0.00266466
 0.546695 0.335458 0.090412 0.0228137 0.0046217
 0.525785 0.340137 0.0992216 0.026742 0.00811484
 0.526871 0.332464 0.100893 0.0294316 0.0103394
 0.526088 0.33388 0.0983996 0.0298614 0.0117711
 0.514992 0.339364 0.102609 0.0302404 0.0127946
 0.510515 0.337132 0.106603 0.0322319 0.0135183
 0.510969 0.336494 0.105059 0.0332202 0.014257
 0.499089 0.341351 0.109791 0.0342786 0.0154908
pobs_RECLAS
 0 0 0 0 0
 0 0 0 0 0
 0 0 0 0 0
 0 0 0 0 0
 0 0 0 0 0
 0 0 0 0 0
 0 0 0 0 0
 0 0 0 0 0
 0 0 0 0 0
 0 0 0 0 0
 0.991045 0.00858322 0.000360255 1.14367e-05 0
 0.934742 0.0480273 0.0164251 0.00080598 0
 0.827803 0.169806 0.00239088 0 0
 0.941827 0.0461693 0.0120037 0 0
 0.791401 0.0380133 0.147996 0.0225897 0
 0.846168 0.0940531 0.0597789 0 0
 0.134021 0.677848 0.182769 0.00536245 0
 0.80878 0.0450904 0.141981 0.00414843 0
 0.846168 0.0940531 0.0597789 0 0
 0.905697 0.0802665 0.012482 0.00150086 5.37128e-05
 0.989698 0.0102097 9.19794e-05 0 0
 0.975433 0.0193895 0.00387452 0.00125025 5.28907e-05
 0.303575 0.632131 0.0575291 0.00676475 0
 0.966965 0.00978017 0.0227588 0.000495775 0
 0.843318 0.132988 0.00938335 0.0141283 0.000182051
 0.564624 0.303363 0.111486 0.0197234 0.00080311
 0.826376 0.0876187 0.0782897 0.00655872 0.00115652
 0.89761 0.0855135 0.0140674 0.00269457 0.000114338
 0.34875 0.467042 0.161289 0.0227151 0.000203297
 0.318654 0.224769 0.449479 0.00709798 0
 0.937255 0.0296025 0.0250945 0.00804832 0
 0.456809 0.399803 0.12412 0.0192676 0
 0.883104 0.0372192 0.0704036 0.00927362 0
ppred_RECLAS
 0.430246 0.0453641 0.466072 0.0270815 0.0312366
 0.484278 0.314596 0.0160137 0.164525 0.0205865
 0.511989 0.324416 0.0997955 0.00507981 0.0587205
 0.516272 0.331866 0.100953 0.0310548 0.0198537
 0.516102 0.335117 0.102073 0.0310504 0.015658
 0.501959 0.340966 0.10878 0.0331331 0.0151617
 0.52289 0.323616 0.105084 0.0335253 0.0148842
 0.532577 0.32921 0.0937478 0.0304415 0.0140237
 0.495677 0.351355 0.107737 0.0306798 0.0145516
 0.491247 0.339636 0.117822 0.0361281 0.0151677
 0.485412 0.341265 0.115708 0.0401398 0.0174755
 0.484432 0.337747 0.117928 0.039984 0.0199096
 0.503933 0.328283 0.109915 0.0383778 0.0194915
 0.515041 0.329363 0.102969 0.0344757 0.0181512
 0.523102 0.33022 0.0996168 0.0311433 0.0159172
 0.522533 0.331717 0.100922 0.0304449 0.0143826
 0.537699 0.324584 0.0956778 0.0291091 0.0129297
 0.537999 0.327901 0.0941527 0.0277535 0.0121943
 0.58737 0.296217 0.0826229 0.0237242 0.0100658
 0.656703 0.266662 0.0550142 0.0153449 0.00627556
 0.659685 0.27998 0.046866 0.00966876 0.00379981
 0.671336 0.269641 0.0485586 0.00812824 0.00233593
 0.689357 0.262025 0.0398871 0.0071831 0.00154793
 0.602819 0.330273 0.0564365 0.00859111 0.00188054
 0.569441 0.330323 0.0833506 0.0142428 0.00264272
 0.548638 0.33402 0.0900245 0.0227159 0.00460189
 0.528315 0.338322 0.0986923 0.0265994 0.00807154
 0.529595 0.33055 0.100312 0.0292622 0.0102799
 0.527953 0.332566 0.0980123 0.0297438 0.0117247
 0.516563 0.338265 0.102277 0.0301425 0.0127531
 0.512711 0.33562 0.106124 0.0320874 0.0134577
 0.511836 0.335898 0.104873 0.0331614 0.0142318
 0.500939 0.34009 0.109385 0.034152 0.0154336
pobs_PELACES
 0 0 0 0 0
 0 0 0 0 0
 0 0 0 0 0
 0 0 0 0 0
 0 0 0 0 0
 0 0 0 0 0
 0 0 0 0 0
 0 0 0 0 0
 0 0 0 0 0
 0 0 0 0 0
 0 0 0 0 0
 0 0 0 0 0
 0 0 0 0 0
 0 0 0 0 0
 0 0 0 0 0
 0 0 0 0 0
 0.505614 0.472636 0.0217494 0 0
 0 0 0 0 0
 0.443492 0.261883 0.143347 0.151278 0
 0.227955 0.32914 0.350689 0.0885471 0.00366901
 0.970185 0.0296113 0.000203453 0 0
 0.997202 0.00247181 0.000326279 0 0
 0.445219 0.490057 0.0546422 0.010081 0
 0.90214 0.0892962 0.00764917 0.000914606 0
 0 0 0 0 0
 0.581667 0.319106 0.0959925 0.00289975 0.000334073
 0.762889 0.0836404 0.116647 0.0363945 0.000428098
 0.88444 0.0763242 0.0277011 0.0115352 0
 0.521256 0.241999 0.230069 0.00667565 0
 0.616807 0.101726 0.260614 0.0208532 0
 0.833518 0.0704572 0.0857862 0.0102388 0
 0.697417 0.212968 0.0787535 0.0105354 0.000325836
 0 0 0 0 0
ppred_PELACES
 0.435928 0.0449117 0.461424 0.0268115 0.0309251
 0.493247 0.309125 0.0157352 0.161664 0.0202285
 0.51869 0.319961 0.0984252 0.00501006 0.0579142
 0.525124 0.325793 0.0991057 0.0304865 0.0194904
 0.518983 0.333121 0.101465 0.0308655 0.0155648
 0.50937 0.335893 0.107161 0.0326401 0.0149361
 0.536557 0.314346 0.102074 0.032565 0.0144578
 0.533879 0.328293 0.0934867 0.0303567 0.0139846
 0.499212 0.348892 0.106982 0.0304648 0.0144496
 0.494443 0.337502 0.117082 0.0359011 0.0150725
 0.486523 0.340528 0.115458 0.0400531 0.0174378
 0.491085 0.333388 0.116406 0.039468 0.0196527
 0.510699 0.323805 0.108415 0.0378543 0.0192256
 0.524628 0.322852 0.100934 0.0337942 0.0177924
 0.529153 0.32603 0.0983529 0.0307482 0.0157152
 0.534704 0.323262 0.0983494 0.0296688 0.014016
 0.545874 0.318845 0.0939861 0.0285944 0.012701
 0.552483 0.317621 0.091201 0.0268834 0.011812
 0.619059 0.273469 0.0762777 0.0219022 0.00929282
 0.684825 0.244818 0.0505075 0.0140879 0.00576148
 0.683568 0.260332 0.043577 0.00899022 0.00353314
 0.710352 0.237632 0.0427941 0.00716332 0.00205863
 0.704183 0.249519 0.0379834 0.00684027 0.00147405
 0.615729 0.319538 0.0546021 0.00831187 0.00181942
 0.581274 0.321245 0.0810598 0.0138514 0.00257009
 0.555591 0.328874 0.0886376 0.022366 0.004531
 0.537126 0.332002 0.0968488 0.0261025 0.00792077
 0.538996 0.323945 0.0983076 0.0286774 0.0100745
 0.534664 0.327838 0.096619 0.029321 0.011558
 0.522305 0.334247 0.101062 0.0297845 0.0126017
 0.520486 0.330265 0.104431 0.0315754 0.013243
 0.515132 0.33363 0.104165 0.0329374 0.0141357
 0.507611 0.335544 0.107923 0.0336954 0.0152272
pobs_pel_tallas
 0 0 0 0 0 0 0 0 0 0 0 0 0 0 0 0 0 0 0 0 0 0 0 0 0 0
 0 0 0 0 0 0 0 0 0 0 0 0 0 0 0 0 0 0 0 0 0 0 0 0 0 0
 0 0 0 0 0 0 0 0 0 0 0 0 0 0 0 0 0 0 0 0 0 0 0 0 0 0
 0 0 0 0 0 0 0 0 0 0 0 0 0 0 0 0 0 0 0 0 0 0 0 0 0 0
 0 0 0 0 0 0 0 0 0 0 0 0 0 0 0 0 0 0 0 0 0 0 0 0 0 0
 0 0 0 0 0 0 0 0 0 0 0 0 0 0 0 0 0 0 0 0 0 0 0 0 0 0
 0 0 0 0 0 0 0 0 0 0 0 0 0 0 0 0 0 0 0 0 0 0 0 0 0 0
 0 0 0 0 0 0 0 0 0 0 0 0 0 0 0 0 0 0 0 0 0 0 0 0 0 0
 0 0 0 0 0 0 0 0 0 0 0 0 0 0 0 0 0 0 0 0 0 0 0 0 0 0
 0 0 0 0 0 0 0 0 0 0 0 0 0 0 0 0 0 0 0 0 0 0 0 0 0 0
 0 0 0 0 0 0 0 0 0 0 0 0 0 0 0 0 0 0 0 0 0 0 0 0 0 0
 0 0 0 0 0 0 0 0 0 0 0 0 0 0 0 0 0 0 0 0 0 0 0 0 0 0
 0.00862536 0 0 0.000197151 0.00414017 0.0128641 0.00837892 0.0270097 0.101434 0.158115 0.152841 0.127902 0.109271 0.109419 0.0830992 0.0579132 0.0238553 0.00714673 0.00463305 0.00128148 0.00103504 0.000492878 0.000147863 0.000147863 4.92878e-05 0
 0 0 0 0 0 0 0 0 0 0 0 0 0 0 0 0 0 0 0 0 0 0 0 0 0 0
 0 0 0 0 0 0 0 0.0054083 0.00873648 0.0413646 0.0450493 0.0745869 0.0622846 0.0627006 0.0613931 0.0827291 0.12552 0.122667 0.0946155 0.0697135 0.0546179 0.0294188 0.0215738 0.0213955 0.0102223 0.00600262
 0 0 0 0 0.00359764 0.0251062 0.0480494 0.140153 0.205849 0.193036 0.1447 0.116669 0.0760912 0.0342217 0.00950174 0.001854 0.000860785 0 0 0 0.000165536 0 0.000143464 0 0 0
 0 0 0 0 0 0 0 0.000145254 0.000435761 0.0275982 0.070085 0.0708112 0.156366 0.174668 0.174014 0.160142 0.0824315 0.0480064 0.0283245 0.00493863 0.00203355 0 0 0 0 0
 0 0 0 0 0 0 0 0 0 0 0 0 0 0 0 0 0 0 0 0 0 0 0 0 0 0
 0 0 1.00437e-05 0.000401748 0.00122533 0.00171747 0.00176769 0.0269171 0.070346 0.194647 0.189555 0.159765 0.064822 0.0314167 0.0384472 0.0292271 0.0345202 0.0313363 0.0194345 0.0106764 0.0143323 0.0359363 0.0279516 0.0138201 0.00172751 0
 0 0.0021121 0.0136068 0.0755702 0.200478 0.177729 0.0527432 0.0373336 0.0318909 0.0142505 0.0149659 0.0166563 0.0217959 0.0798694 0.0677717 0.0528807 0.04013 0.0224614 0.0357745 0.0225083 0.00881397 0.00855152 0.00135912 0.000746735 0 0
 0 0 0 0 5.4009e-05 0.00500934 0.000945158 0.0243581 0.138947 0.33067 0.221406 0.137944 0.0707744 0.0437923 0.0131692 0.00525238 0.0047753 0.00276346 9.45158e-05 9.00151e-06 2.25038e-05 9.00151e-06 4.50075e-06 0 0 0
 0.000866109 0.00284123 0.00948549 0.0512746 0.133035 0.25785 0.225252 0.132002 0.0553304 0.0519788 0.0540692 0.017754 0.00435017 0.00159236 0.00146478 0.000404838 0.000125132 0.000115318 0.000107957 0.000100596 0 0 0 0 0 0
 0 0 0 0 0.00144013 0.00171154 0.00461396 0.0210425 0.0478622 0.0707936 0.0888783 0.103762 0.0637923 0.0337046 0.0602308 0.124433 0.169614 0.0934646 0.0462172 0.0250306 0.0313229 0.00938855 0.002487 0.000210481 0 0
 0 0.00764035 0.051015 0.0998891 0.058973 0.0496711 0.0374665 0.0718981 0.12319 0.153886 0.159021 0.0857701 0.0377988 0.023471 0.0147837 0.00900784 0.00315554 0.000888139 0.00291439 0.00214683 0.00393193 0.00274676 0.000635225 9.99891e-05 0 0
 0 0 0 0 0 0 0 0 0 0 0 0 0 0 0 0 0 0 0 0 0 0 0 0 0 0
 0 0 0 0 0 0 0 0 0 0 0 0 0 0 0 0 0 0 0 0 0 0 0 0 0 0
 0 0 0 0 0 0 0 0 0 0 0 0 0 0 0 0 0 0 0 0 0 0 0 0 0 0
 0 0 0 0 0 0 0 0 0 0 0 0 0 0 0 0 0 0 0 0 0 0 0 0 0 0
 0 0 0 0 0 0 0 0 0 0 0 0 0 0 0 0 0 0 0 0 0 0 0 0 0 0
 0 0 0 0 0 0 0 0 0 0 0 0 0 0 0 0 0 0 0 0 0 0 0 0 0 0
 0 0 0 0 0 0 0 0 0 0 0 0 0 0 0 0 0 0 0 0 0 0 0 0 0 0
 0 0 0 0 0 0 0 0 0 0 0 0 0 0 0 0 0 0 0 0 0 0 0 0 0 0
 0 0 0 0 0 0 0 0 0 0 0 0 0 0 0 0 0 0 0 0 0 0 0 0 0 0
ppred_pel_tallas
 1.2125e-16 3.59068e-05 0.000349027 0.00231941 0.0105437 0.0328054 0.0698955 0.102016 0.102021 0.0699205 0.0328914 0.0108012 0.00300044 0.00195002 0.00341128 0.00645569 0.0113295 0.0184857 0.0282734 0.0406567 0.0548272 0.0689338 0.0802942 0.0862305 0.0851733 0.07738
 1.20169e-16 4.06282e-05 0.000394921 0.00262439 0.0119301 0.0371191 0.0790874 0.115437 0.115466 0.079233 0.0376083 0.0133434 0.00617351 0.00814903 0.014789 0.0244524 0.0354087 0.044999 0.050635 0.051351 0.0484951 0.0448671 0.0429311 0.0434449 0.045345 0.0466751
 1.13226e-16 4.27238e-05 0.000415291 0.00275976 0.0125455 0.0390338 0.0831667 0.121391 0.121422 0.0833179 0.0395417 0.0140136 0.00644946 0.00848522 0.0154144 0.0255362 0.0370698 0.0472358 0.0532356 0.0538163 0.0500061 0.0443468 0.0392597 0.0358303 0.0337263 0.0319387
 1.09299e-16 4.32539e-05 0.000420443 0.00279399 0.0127011 0.039518 0.0841985 0.122897 0.122928 0.0843524 0.0400351 0.0141959 0.00655077 0.00863684 0.0156931 0.0259955 0.037728 0.0480504 0.0540927 0.0545429 0.0503938 0.0441684 0.0382763 0.0338106 0.0305001 0.0274769
 1.08743e-16 4.27481e-05 0.000415526 0.00276132 0.0125526 0.0390559 0.0832139 0.12146 0.121492 0.0833713 0.0395846 0.014081 0.00660238 0.00881604 0.0160426 0.0265746 0.0385629 0.0490999 0.0552432 0.055641 0.0512966 0.0447809 0.0385581 0.0337601 0.0301398 0.0268509
 1.0898e-16 4.19562e-05 0.000407829 0.00271017 0.0123201 0.0383324 0.0816725 0.11921 0.119243 0.0818312 0.0388657 0.0138617 0.00658501 0.00888349 0.0161886 0.026828 0.038953 0.0496427 0.055939 0.0564807 0.0522686 0.0458694 0.0397319 0.034963 0.0312941 0.0278762
 1.08739e-16 4.41956e-05 0.000429597 0.00285482 0.0129776 0.0403784 0.0860315 0.125572 0.125602 0.0861801 0.0408775 0.0144207 0.00648196 0.00836405 0.0151616 0.0251233 0.0364892 0.0465285 0.0524795 0.0530738 0.0492485 0.0433976 0.0377957 0.0334559 0.0301036 0.0269284
 1.08193e-16 4.3975e-05 0.000427452 0.00284057 0.0129129 0.0401768 0.0856022 0.124946 0.124977 0.0857572 0.0406977 0.0144183 0.00662356 0.00869932 0.0157939 0.0261472 0.0379132 0.0482119 0.0541314 0.0543358 0.0498257 0.0431651 0.0368254 0.0319649 0.0283662 0.0251965
 1.08677e-16 4.11195e-05 0.000399696 0.00265612 0.0120744 0.037568 0.0800439 0.116833 0.116867 0.0802087 0.0381218 0.0136751 0.00667901 0.0091978 0.0167979 0.0278307 0.0403831 0.0514098 0.0578237 0.0582009 0.0535829 0.0466553 0.0399989 0.0348112 0.0308572 0.0272823
 1.09617e-16 4.07266e-05 0.000395878 0.00263075 0.011959 0.0372091 0.0792791 0.115717 0.11575 0.0794387 0.0377453 0.0135092 0.0065278 0.00892264 0.0162921 0.0270214 0.0392794 0.0501535 0.0566912 0.0575322 0.0536653 0.0476225 0.0417941 0.0372203 0.0335824 0.0300206
 1.10387e-16 4.00743e-05 0.000389537 0.00258861 0.0117675 0.0366131 0.0780094 0.113864 0.113897 0.0781704 0.0371541 0.0133314 0.00652013 0.0089915 0.0164343 0.0272577 0.0396218 0.0505912 0.0571939 0.0580704 0.0542365 0.0482647 0.0425745 0.0382031 0.0347927 0.031423
 1.10729e-16 4.04501e-05 0.000393189 0.00261288 0.0118778 0.0369564 0.0787408 0.114931 0.114963 0.0788984 0.0374861 0.0134094 0.00646334 0.00881874 0.0161013 0.0267111 0.0388451 0.0496376 0.0561887 0.0571739 0.0535867 0.0479335 0.04256 0.0384527 0.0352337 0.0319835
 1.10262e-16 4.20657e-05 0.000408894 0.00271724 0.0123522 0.0384325 0.0818856 0.119521 0.119552 0.0820387 0.0389468 0.0138392 0.00645533 0.0085874 0.0156286 0.0259138 0.0376652 0.0480883 0.054359 0.0551899 0.0515563 0.0459161 0.0405796 0.0365342 0.0334279 0.0303616
 1.09396e-16 4.3213e-05 0.000420046 0.00279135 0.0126891 0.0394807 0.0841189 0.122781 0.122812 0.0842715 0.0399932 0.0141708 0.00651543 0.0085658 0.0155611 0.0257831 0.0374359 0.0477127 0.0537773 0.0543341 0.0503625 0.0443464 0.0386467 0.0343158 0.0310602 0.0280121
 1.08665e-16 4.35857e-05 0.000423669 0.00281543 0.0127986 0.0398212 0.0848445 0.12384 0.123871 0.0849985 0.0403387 0.0142943 0.00657447 0.00864463 0.015701 0.0260049 0.0377336 0.0480396 0.0540435 0.0544242 0.0501681 0.0437973 0.0377281 0.0330696 0.0295752 0.0264068
 1.08269e-16 4.40429e-05 0.000428113 0.00284496 0.0129328 0.0402389 0.0857344 0.125138 0.12517 0.0858871 0.040752 0.0144159 0.00657221 0.00857962 0.0155693 0.0257856 0.0374153 0.0476331 0.053581 0.0539441 0.0496931 0.0433215 0.0372218 0.0324983 0.0289204 0.0256785
 1.07811e-16 4.49629e-05 0.000437056 0.00290439 0.013203 0.0410795 0.0875253 0.127752 0.127783 0.0876759 0.0415854 0.0146654 0.00657951 0.00847372 0.015349 0.0254117 0.0368573 0.0468901 0.0526837 0.0529368 0.0486103 0.0421765 0.036017 0.0312457 0.0276554 0.0244572
 1.07409e-16 4.55074e-05 0.000442348 0.00293956 0.0133628 0.0415769 0.088585 0.129299 0.12933 0.088735 0.0420808 0.0148193 0.00659951 0.00844508 0.0152826 0.0252948 0.0366732 0.0466254 0.0523275 0.052478 0.0480349 0.0414715 0.0351806 0.0302972 0.026639 0.0234349
 1.06041e-16 5.09911e-05 0.000495652 0.00329378 0.0149731 0.0465869 0.0992593 0.144877 0.144904 0.0993884 0.0470207 0.0162268 0.00644401 0.00738314 0.0131627 0.0217617 0.0315368 0.0400674 0.0449145 0.0449527 0.0410076 0.0352187 0.029664 0.0253434 0.0221209 0.0193457
 1.03909e-16 5.64082e-05 0.000548308 0.0036437 0.0165637 0.0515361 0.109804 0.160267 0.160291 0.109919 0.0519238 0.0176839 0.00645689 0.00669405 0.0117416 0.0193573 0.0279625 0.0353399 0.0392645 0.0387099 0.0344419 0.0284599 0.0227558 0.0183672 0.0152771 0.0129346
 1.02824e-16 5.63046e-05 0.000547301 0.00363701 0.0165333 0.0514415 0.109602 0.159973 0.159998 0.109725 0.0518534 0.0177232 0.00662417 0.00707001 0.0124491 0.0205049 0.0295631 0.0372394 0.041138 0.0401481 0.0350915 0.0281402 0.0214944 0.0163578 0.0128009 0.0102872
 1.02363e-16 5.85108e-05 0.000568746 0.00377952 0.0171812 0.0534571 0.113897 0.166241 0.166263 0.114009 0.0538331 0.0182675 0.00650712 0.00652528 0.0113773 0.0187326 0.0270165 0.0340499 0.0376459 0.0367859 0.0322084 0.0258785 0.0197875 0.0150257 0.0116651 0.00923908
 1.02096e-16 5.80027e-05 0.000563807 0.00374669 0.0170319 0.0529928 0.112908 0.164797 0.164821 0.113025 0.0533875 0.0181718 0.00660817 0.00681092 0.0119238 0.0196239 0.0282705 0.0355639 0.0391954 0.0380919 0.0330424 0.026144 0.0195353 0.0144076 0.0108642 0.00841426
 1.02799e-16 5.07168e-05 0.000492986 0.00327606 0.0148925 0.0463364 0.0987257 0.144099 0.14413 0.0988762 0.0468419 0.016353 0.00694258 0.00849906 0.0152616 0.0251651 0.03628 0.0456904 0.0504489 0.0491808 0.0428814 0.0342061 0.0258556 0.0193233 0.0147296 0.0114604
 1.04246e-16 4.78788e-05 0.000465399 0.00309274 0.0140592 0.0437435 0.0932013 0.136037 0.136068 0.0933529 0.0442527 0.0155305 0.00678872 0.00854264 0.015414 0.0254744 0.0368492 0.0466648 0.0520082 0.0515124 0.0461276 0.0383934 0.0308381 0.0247776 0.0202178 0.0165406
 1.05652e-16 4.57634e-05 0.000444836 0.0029561 0.013438 0.0418108 0.0890835 0.130027 0.130058 0.0892387 0.0423323 0.0149452 0.00674273 0.00872233 0.0157993 0.0261336 0.0378449 0.0480168 0.053694 0.0534994 0.0484103 0.0410024 0.0338057 0.0280832 0.0237523 0.020113
 1.06838e-16 4.42424e-05 0.000430052 0.00285785 0.0129914 0.0404212 0.0861228 0.125705 0.125738 0.0862796 0.0409479 0.0145139 0.00668363 0.00879537 0.0159716 0.0264395 0.0383301 0.0487225 0.0546563 0.0547568 0.0500076 0.0429781 0.0361646 0.0307694 0.0266414 0.0230314
 1.07501e-16 4.43964e-05 0.000431549 0.0028678 0.0130366 0.0405619 0.0864226 0.126143 0.126174 0.0865756 0.041076 0.0145227 0.00660252 0.00859904 0.015599 0.0258312 0.0374733 0.0476877 0.0536014 0.0538855 0.0495017 0.0429425 0.0366103 0.0316309 0.0278075 0.0243714
 1.07769e-16 4.40396e-05 0.000428081 0.00284475 0.0129318 0.0402359 0.0857281 0.125129 0.125161 0.0858829 0.0407561 0.0144355 0.00662343 0.00869112 0.0157788 0.0261261 0.0378914 0.0482005 0.0541446 0.0543822 0.0498973 0.0432294 0.0368276 0.0318424 0.0280711 0.0247165
 1.08122e-16 4.30216e-05 0.000418186 0.00277899 0.0126329 0.0393058 0.0837465 0.122237 0.122269 0.0839044 0.0398363 0.0141663 0.00663249 0.00884548 0.0160925 0.0266535 0.0386681 0.0492127 0.0553268 0.0556443 0.0511644 0.0444649 0.0380262 0.0330044 0.0291817 0.0257433
 1.08506e-16 4.28718e-05 0.000416729 0.00276931 0.0125889 0.039169 0.0834548 0.121811 0.121843 0.0836108 0.0396933 0.0141046 0.00657877 0.00874903 0.0159154 0.0263698 0.0382808 0.0487712 0.0549277 0.0554072 0.0511917 0.0448069 0.038668 0.0338763 0.0301832 0.0267689
 1.08787e-16 4.24308e-05 0.000412443 0.00274083 0.0124594 0.0387661 0.0825964 0.120559 0.120591 0.082754 0.0392957 0.0139904 0.00658877 0.00882871 0.0160743 0.0266333 0.0386607 0.0492506 0.0554612 0.0559398 0.0516849 0.0452562 0.0390995 0.0343271 0.0306786 0.0273092
 1.09157e-16 4.18113e-05 0.000406421 0.00270081 0.0122775 0.0382001 0.0813905 0.118799 0.118831 0.0815491 0.0387329 0.0138177 0.00657206 0.00887452 0.016175 0.0268081 0.0389303 0.049627 0.055947 0.0565336 0.0523871 0.0460678 0.0400133 0.0353174 0.0316991 0.0283014
pSPR Fmed_Fpbrs
0.601426   0.287053 0.287053
Fs Fmed_Fpbrs
0.34   1.005 1.005
SSBpbr Bo_Bmed_Bpbrs
2.51462e+06  1.38663e+06  596099 596099
Ro
257343
SPR SPRFo_SPRFmed_SPRFpbrs
1.85399e+06 1.11504e+06 532193
Fref
1.005
Nvult_r0
 200065 78711.6 25316.5 7904.25 3572
CTP_r0
 66910.4 39453.9 12689.8 3961.98 1790.45
YTP_r0
1.68562e+06
Np
 257343 57277.6 11758 3833.11 1398.88
Nvult_p0
 200065 49564.6 10174.7 3316.95 1210.51
CTP_p0
 66910.4 37873.3 12346.7 3971.14 1627.86
 66910.4 24844.1 5100.03 1662.61 606.764
YTP_p0
 1.64434e+06 1.13425e+06
CBA_c0
1.67324e+06
log_Ro
12.2782
likeval ReclasPelacesDesembMPH_pf_preclas_ppelaces_ptallas_desvR_qrecl_qpela
 494.207 130.954 12.1219 668.374 260.081 172.627 117.741 0 0 0 0 45.4444 0 0 0
q_reclas_q_pelaces
1 1
M
1
N
 257343 14051 144360 8388.17 9675.15
 257343 88259.3 4492.6 46157.1 5775.49
 257343 84913.8 26120.9 1329.61 15369.7
 257343 87278.7 26550 8167.22 5221.39
 257343 85022.8 25897 7877.82 3972.61
 257343 91418 29165.5 8883.47 4065.07
 257343 86537.3 28100.2 8964.91 3980.14
 257343 80170.5 22829.8 7413.24 3415.1
 257343 93182.4 28572.8 8136.55 3859.22
 257343 90700.3 31464.6 9648.07 4050.57
 257343 91073.3 30878.9 10712.1 4663.69
 257343 93403.6 32612.8 11057.5 5505.97
 257343 87331.9 29240.1 10209.5 5185.23
 257343 87214.6 27266 9129.09 4806.4
 257343 84269.3 25421.3 7947.5 4061.92
 257343 87958.4 26760.5 8072.77 3813.7
 257343 81646.4 24066.9 7322.14 3252.35
 257343 85680.8 24602.2 7252.01 3186.37
 257343 79311.5 22122.1 6352.1 2695.11
 257343 63373.3 13074.3 3646.78 1491.41
 257343 64350.7 10771.7 2222.27 873.349
 257343 68179.8 12278.2 2055.26 590.649
 257343 54395.5 8280.42 1491.19 321.345
 257343 76533.9 13078 1990.81 435.776
 257343 80324 20268.2 3463.4 642.625
 257343 81747.1 22032.3 5559.43 1126.25
 257343 86938.1 25360.8 6835.2 2074.13
 257343 85042.5 25807.9 7528.44 2644.77
 257343 84430 24882.8 7551.21 2976.61
 257343 87247.3 26379.8 7774.53 3289.37
 257343 88296.9 27919.8 8441.74 3540.54
 257343 86147.3 26896.7 8504.86 3650.01
 257343 90960.4 29256.1 9134.27 4127.86
pred_Ctot
 11080.8 1175.75 12079.7 701.901 809.592
 16915.6 11102.6 565.146 5806.33 726.528
 12787.1 8162.96 2511.06 127.818 1477.53
 16724.9 10861 3303.89 1016.33 649.75
 5605.83 3650.97 1112.04 338.282 170.588
 14079.3 9643.53 3076.62 937.103 428.817
 25256.5 15897.2 5162.11 1646.89 731.166
 2561.48 1585.48 451.49 146.606 67.538
 6846.97 4871.53 1493.77 425.376 201.758
 6201.75 4302.14 1492.44 457.632 192.129
 2180.51 1534.72 520.354 180.514 78.59
 12694.4 8916.18 3113.17 1055.54 525.593
 12898.8 8466.28 2834.65 989.746 502.676
 18044.1 11668.2 3647.85 1221.36 643.036
 11604.1 7374.37 2224.61 695.482 355.457
 22652.4 14593.4 4439.9 1339.37 632.741
 15574.4 9489.93 2797.35 851.068 378.027
 26776.1 16619.1 4771.97 1406.64 618.045
 55554.9 29494.5 8226.81 2362.23 1002.26
 53754.3 22918.8 4728.3 1318.85 539.365
 46748.9 20637.7 3454.54 712.695 280.088
 72361.3 31487.6 5670.47 949.181 272.78
 31709.8 12329.9 1876.94 338.01 72.8397
 24985.3 13918.7 2378.4 362.054 79.2514
 22474.9 13228.6 3337.98 570.388 105.834
 13380.5 8210.4 2212.85 558.37 113.117
 16690.5 10797.3 3149.69 848.899 257.597
 17762.5 11208.4 3401.43 992.236 348.576
 12841.8 8150 2401.93 728.915 287.331
 11015.4 7258.82 2194.75 646.827 273.669
 14759.8 9746.98 3082.04 931.873 390.835
 6397.11 4212.76 1315.3 415.903 178.492
 12721.7 8701.02 2798.56 873.759 394.859
F
 0.0701302 0.14026 0.14026 0.14026 0.14026
 0.108772 0.217545 0.217545 0.217545 0.217545
 0.081303 0.162606 0.162606 0.162606 0.162606
 0.10749 0.21498 0.21498 0.21498 0.21498
 0.0349667 0.0699334 0.0699334 0.0699334 0.0699334
 0.0898337 0.179667 0.179667 0.179667 0.179667
 0.166254 0.332507 0.332507 0.332507 0.332507
 0.0158509 0.0317017 0.0317017 0.0317017 0.0317017
 0.0428483 0.0856966 0.0856966 0.0856966 0.0856966
 0.0387445 0.0774891 0.0774891 0.0774891 0.0774891
 0.01348 0.02696 0.02696 0.02696 0.02696
 0.0806934 0.161387 0.161387 0.161387 0.161387
 0.0820382 0.164076 0.164076 0.164076 0.164076
 0.116391 0.232782 0.232782 0.232782 0.232782
 0.0735459 0.147092 0.147092 0.147092 0.147092
 0.148012 0.296024 0.296024 0.296024 0.296024
 0.0997802 0.19956 0.19956 0.19956 0.19956
 0.177026 0.354052 0.354052 0.354052 0.354052
 0.401366 0.802732 0.802732 0.802732 0.802732
 0.386061 0.772122 0.772122 0.772122 0.772122
 0.328261 0.656521 0.656521 0.656521 0.656521
 0.554127 1.10825 1.10825 1.10825 1.10825
 0.212676 0.425351 0.425351 0.425351 0.425351
 0.16434 0.328681 0.328681 0.328681 0.328681
 0.146779 0.293557 0.293557 0.293557 0.293557
 0.0852127 0.170425 0.170425 0.170425 0.170425
 0.107259 0.214517 0.214517 0.214517 0.214517
 0.114486 0.228972 0.228972 0.228972 0.228972
 0.0816629 0.163326 0.163326 0.163326 0.163326
 0.0697043 0.139409 0.139409 0.139409 0.139409
 0.0943502 0.1887 0.1887 0.1887 0.1887
 0.0399856 0.0799712 0.0799712 0.0799712 0.0799712
 0.0808731 0.161746 0.161746 0.161746 0.161746
YTP_r0W_actual
 504504 688471 305443 124089 63113.5
YTP_p0W_proyectada
 504504 660889 297185 124376 57382
 504504 433529 122758 52072.9 21388.4
CTP_r0_actual
 66910.4 39453.9 12689.8 3961.98 1790.45
CTP_p0_proyectada
 66910.4 37873.3 12346.7 3971.14 1627.86
 66910.4 24844.1 5100.03 1662.61 606.764
Wmedp
 7.54 17.45 24.07 31.32 35.25
Frms_r0
 0.5025 1.005 1.005 1.005 1.005
Zrms_r0
 1.5025 2.005 2.005 2.005 2.005
nmprior
 7.29 8.9 8.7 0
nm_flota  nm_reclas  nm_pelaces    nm_pelaL
inf 4.45345 7.6231 17.1785
cv_recla  cv_pelaces  cv_mph
0.96262 1.04464 2.07285
 ------------------------------------------------
Talla a la edad & desviaci?n 
 8 13.2811 15.8009 17.003 17.5766
 0.8 1.32811 1.58009 1.7003 1.75766
