    unsorted:	 2.343880359e-06 2.233331172e-06 5.835815376e-05 9.197991381e-05 9.490359852 9.626680526 12.33290740 4.027122118 31.72079737 51.17835086 80.25107299 128.0200085 195.2010652 211.7508490 243.3450545 404.4099790 2169.918443 2162.508436 2255.005707 2248.704561 2104.114900 2065.591952 2338.641121 2404.934995 2509.381696 2551.169245 2577.412816 1715.780417 1683.592798 1477.400200 1266.461273 1135.544785 1020.225690 751.7609767 2960.244976 3201.097154 3348.738258 3577.212835 3734.613613 3953.481052 4032.426156 4437.379517 4618.294854 4754.029046 11504.36978 23847.78125 42898.43901 163471.4724 379419.2723 377960.0811 383575.9433 360682.7991 343632.5979 400169.1849 312306.9231 453970.6694 457414.4275 467336.4378 596704.7312 640467.3156 669397.4717 729953.9171 803552.2434 1049709.123 1103697.750 1241792.691 1441287.421 1562820.950 1838709.104 2037587.477 2143970.156 2344366.271 2574318.279 2802247.668 3060518.426 3424324.726 7616432.411 47816242.51
      sorted:	 2.233331172e-06 2.343880359e-06 5.835815376e-05 9.197991381e-05 4.027122118 9.490359852 9.626680526 12.33290740 31.72079737 51.17835086 80.25107299 128.0200085 195.2010652 211.7508490 243.3450545 404.4099790 751.7609767 1020.225690 1135.544785 1266.461273 1477.400200 1683.592798 1715.780417 2065.591952 2104.114900 2162.508436 2169.918443 2248.704561 2255.005707 2338.641121 2404.934995 2509.381696 2551.169245 2577.412816 2960.244976 3201.097154 3348.738258 3577.212835 3734.613613 3953.481052 4032.426156 4437.379517 4618.294854 4754.029046 11504.36978 23847.78125 42898.43901 163471.4724 312306.9231 343632.5979 360682.7991 377960.0811 379419.2723 383575.9433 400169.1849 453970.6694 457414.4275 467336.4378 596704.7312 640467.3156 669397.4717 729953.9171 803552.2434 1049709.123 1103697.750 1241792.691 1441287.421 1562820.950 1838709.104 2037587.477 2143970.156 2344366.271 2574318.279 2802247.668 3060518.426 3424324.726 7616432.411 47816242.51
