years
 1991 1992 1993 1994 1995 1996 1997 1998 1999 2000 2001 2002 2003 2004 2005 2006 2007 2008 2009 2010 2011 2012 2013 2014 2015 2016 2017 2018 2019 2020 2021 2022
reclasobs
 0 0 0 0 0 0 0 0 0 252601 567819 844713 477998 351125 339783 2.1784e+06 2.13404e+06 4.81314e+06 1.55562e+06 2.62356e+06 3.21686e+06 3.843e+06 1.13348e+06 3.07943e+06 1.97215e+06 2.03268e+06 2.025e+06 2.42433e+06 2.27542e+06 1.05018e+06 2.36338e+06 3.18982e+06
reclaspred
 3.39488e+06 1.8403e+06 930027 958977 972132 1.69459e+06 878497 730925 482083 282104 561766 884813 643333 279094 477670 1.6742e+06 1.50596e+06 2.99676e+06 1.98241e+06 2.21319e+06 3.62935e+06 2.74087e+06 1.84926e+06 2.92922e+06 2.25046e+06 1.98921e+06 2.29788e+06 2.66052e+06 2.19286e+06 1.62262e+06 1.96698e+06 2.34579e+06
pelacesobs
 0 0 0 0 0 0 0 0 0 0 0 0 0 0 0 552880 188675 0 991730 2.46772e+06 1.41603e+06 1.21717e+06 2.29649e+06 1.80582e+06 0 1.4828e+06 1.56532e+06 1.57751e+06 1.42118e+06 867257 1.10002e+06 1.06204e+06
pelacespred
 1.86368e+06 1.09477e+06 533367 437477 493971 874072 394424 450219 259347 130039 294207 405818 315855 112543 234765 735264 714009 1.56186e+06 1.02927e+06 1.01073e+06 1.79151e+06 1.44569e+06 1.01308e+06 1.71459e+06 1.2638e+06 1.13826e+06 1.47257e+06 1.52075e+06 1.19288e+06 993312 1.00474e+06 1.29022e+06
mphobs
 0 0 0 0 0 0 0 0 0 0 0 0 498337 0 5186 125008 0 168611 109162 213762 579715 649985 157893 87575 83554 210694 70296 0 107559 103333 445601 22526
mphpred
 642341 430753 204120 113450 123555 150763 202290 97225.5 86818.3 46414.4 24372.7 87199.7 112996 52334.9 15601.9 48783.4 239507 208960 330883 286253 516170 545137 118591 86327 135437 111434 95007.3 101526 153417 113490 70643.5 105730
desembarqueobs
 494567 514787 250237 358949 120608 361735 552515 73892 212993 205616 52469 317467 293654 387597 252695 516296 358380 742168 942051 627588 828172 859565 418607 520667 417249 300574 415391 372974 316634 284311 391294 218835
desembarquepred
 494568 514020 250589 358981 120613 361739 552536 73898.3 213071 205682 52470.3 317459 293774 387796 252574 516221 358468 742152 941759 627304 828291 859606 418640 520699 417192 300569 415383 372917 316579 284216 391232 218842
Reclutas
 164498 91296.1 90689.5 133067 106786 193526 74176.5 30023.8 28452.8 38350.1 93221.5 143229 63926.2 49581.8 72685.5 388265 72409.5 450698 240612 389168 322601 442721 67010.7 242720 233002 90887 196073 248389 93980.4 90505.5 178249 115151
log_desv_Rt
 0.271585 -0.317208 -0.323875 0.0595384 -0.160489 0.434094 -0.524869 -1.42933 -1.48307 -1.18456 -0.296337 0.133126 -0.673586 -0.927691 -0.545174 1.13037 -0.548978 1.27948 0.651869 1.1327 0.945102 1.26162 -0.626463 0.660593 0.619732 -0.321699 0.447172 0.683681 -0.28823 -0.325905 0.351865 -0.0850743
SSB
 1.74669e+06 1.17133e+06 555056 308499 335977 409963 550080 264381 236082 126213 66275.7 237119 291637 138043 40741.3 128429 651281 568217 932397 533887 987475 1.09875e+06 957380 667515 979350 856144 687245 705663 1.10645e+06 768674 547736 834878
BT
 2.52348e+06 1.73865e+06 842824 814041 675082 1.36352e+06 944537 598245 516470 351298 406438 752154 634577 537095 543329 1.33119e+06 1.11006e+06 2.56629e+06 2.13023e+06 1.73253e+06 2.81601e+06 2.51366e+06 1.53203e+06 2.57372e+06 1.86183e+06 1.59141e+06 2.20319e+06 2.18042e+06 1.62923e+06 1.42507e+06 1.5372e+06 1.69601e+06
Ftot
 0.236128 0.436064 0.429679 0.647318 0.215698 0.389199 0.951528 0.174216 0.734839 1.17417 0.188994 0.637561 0.740122 2.04584 1.02558 0.618637 0.3876 0.466058 0.781743 0.52825 0.399278 0.544925 0.360882 0.332478 0.31879 0.252319 0.330487 0.264928 0.230885 0.293319 0.36657 0.159783
BD_Bspro_t
 0.962924 0.751718 0.530126 0.427952 0.421526 0.520639 0.516412 0.305204 0.354565 0.265178 0.203435 0.561631 0.462142 0.254037 0.0966888 0.251173 0.500609 0.445833 0.502525 0.351499 0.44351 0.463615 0.457243 0.410183 0.540087 0.562706 0.562132 0.599573 0.682048 0.606697 0.558367 0.622398
BD_Bspro
 1.93546 1.29792 0.615043 0.341839 0.372287 0.454269 0.609529 0.292954 0.261595 0.139853 0.0734383 0.262745 0.323155 0.152961 0.0451443 0.142309 0.721667 0.629626 1.03316 0.591585 1.09419 1.21749 1.06085 0.739655 1.08519 0.94867 0.761517 0.781926 1.22603 0.851746 0.606932 0.925106
BD_Bo
 1.46541 0.982699 0.465671 0.258819 0.281872 0.343943 0.461496 0.221806 0.198063 0.105888 0.0556028 0.198933 0.244672 0.115813 0.0341803 0.107747 0.5464 0.476712 0.782245 0.447911 0.828454 0.921806 0.803205 0.56002 0.821637 0.718272 0.576572 0.592024 0.928268 0.644887 0.45953 0.700431
BD_Brms
 2.66438 1.78673 0.846675 0.47058 0.512494 0.625351 0.839084 0.403283 0.360115 0.192523 0.101096 0.361697 0.444859 0.210568 0.0621461 0.195904 0.993454 0.866749 1.42226 0.814383 1.50628 1.67601 1.46037 1.01822 1.49389 1.30595 1.04831 1.07641 1.68776 1.17252 0.835509 1.27351
Sel_flota
 0.702453 1 1 1 1
 0.702453 1 1 1 1
 0.702453 1 1 1 1
 0.702453 1 1 1 1
 0.702453 1 1 1 1
 0.702453 1 1 1 1
 0.702453 1 1 1 1
 0.702453 1 1 1 1
 0.702453 1 1 1 1
 0.702453 1 1 1 1
 0.702453 1 1 1 1
 0.702453 1 1 1 1
 0.702453 1 1 1 1
 0.702453 1 1 1 1
 0.702453 1 1 1 1
 0.702453 1 1 1 1
 0.702453 1 1 1 1
 0.702453 1 1 1 1
 0.702453 1 1 1 1
 0.702453 1 1 1 1
 0.702453 1 1 1 1
 0.702453 1 1 1 1
 0.702453 1 1 1 1
 0.702453 1 1 1 1
 0.702453 1 1 1 1
 0.702453 1 1 1 1
 0.702453 1 1 1 1
 0.702453 1 1 1 1
 0.702453 1 1 1 1
 0.702453 1 1 1 1
 0.702453 1 1 1 1
 0.702453 1 1 1 1
Sel_reclas
 1 1 1 1 1
 1 1 1 1 1
 1 1 1 1 1
 1 1 1 1 1
 1 1 1 1 1
 1 1 1 1 1
 1 1 1 1 1
 1 1 1 1 1
 1 1 1 1 1
 1 1 1 1 1
 1 1 1 1 1
 1 1 1 1 1
 1 1 1 1 1
 1 1 1 1 1
 1 1 1 1 1
 1 1 1 1 1
 1 1 1 1 1
 1 1 1 1 1
 1 1 1 1 1
 1 1 1 1 1
 1 1 1 1 1
 1 1 1 1 1
 1 1 1 1 1
 1 1 1 1 1
 1 1 1 1 1
 1 1 1 1 1
 1 1 1 1 1
 1 1 1 1 1
 1 1 1 1 1
 1 1 1 1 1
 1 1 1 1 1
 1 1 1 1 1
Sel_pelaces
 0.868329 0.970751 0.994049 0.998812 0.999764
 0.868329 0.970751 0.994049 0.998812 0.999764
 0.868329 0.970751 0.994049 0.998812 0.999764
 0.868329 0.970751 0.994049 0.998812 0.999764
 0.868329 0.970751 0.994049 0.998812 0.999764
 0.868329 0.970751 0.994049 0.998812 0.999764
 0.868329 0.970751 0.994049 0.998812 0.999764
 0.868329 0.970751 0.994049 0.998812 0.999764
 0.868329 0.970751 0.994049 0.998812 0.999764
 0.868329 0.970751 0.994049 0.998812 0.999764
 0.868329 0.970751 0.994049 0.998812 0.999764
 0.868329 0.970751 0.994049 0.998812 0.999764
 0.868329 0.970751 0.994049 0.998812 0.999764
 0.868329 0.970751 0.994049 0.998812 0.999764
 0.868329 0.970751 0.994049 0.998812 0.999764
 0.868329 0.970751 0.994049 0.998812 0.999764
 0.868329 0.970751 0.994049 0.998812 0.999764
 0.868329 0.970751 0.994049 0.998812 0.999764
 0.868329 0.970751 0.994049 0.998812 0.999764
 0.868329 0.970751 0.994049 0.998812 0.999764
 0.868329 0.970751 0.994049 0.998812 0.999764
 0.868329 0.970751 0.994049 0.998812 0.999764
 0.868329 0.970751 0.994049 0.998812 0.999764
 0.868329 0.970751 0.994049 0.998812 0.999764
 0.868329 0.970751 0.994049 0.998812 0.999764
 0.868329 0.970751 0.994049 0.998812 0.999764
 0.868329 0.970751 0.994049 0.998812 0.999764
 0.868329 0.970751 0.994049 0.998812 0.999764
 0.868329 0.970751 0.994049 0.998812 0.999764
 0.868329 0.970751 0.994049 0.998812 0.999764
 0.868329 0.970751 0.994049 0.998812 0.999764
 0.868329 0.970751 0.994049 0.998812 0.999764
pf_obs 
 0.8446 0.082 0.0669 0.0065 0
 0.8095 0.147 0.0364 0.0071 0
 0.9664 0.0169 0.016 0.0007 0
 0.9276 0.0648 0.0075 0.0001 0
 0.7033 0.2144 0.0806 0.0017 0
 0.9318 0.0425 0.0243 0.0014 0
 0.5671 0.3108 0.0964 0.0239 0.0018
 0.0768 0.2599 0.5324 0.112 0.0189
 0.490249 0.384438 0.106611 0.0170017 0.00170017
 0.7925 0.1577 0.0466 0.003 0.0002
 0.840416 0.127587 0.0312969 0.00059994 9.999e-05
 0.8084 0.0986 0.0794 0.0134 0.0002
 0.7335 0.1905 0.0724 0.0035 0.0001
 0.4001 0.4547 0.1325 0.0127 0
 0.49795 0.308269 0.164784 0.0264974 0.00249975
 0.9179 0.0499 0.0305 0.0017 0
 0.2467 0.6533 0.0926 0.0074 0
 0.9418 0.0223 0.034 0.0019 0
 0.707729 0.231977 0.0356964 0.0245975 0
 0.517169 0.277429 0.184464 0.0207286 0.00020938
 0.811772 0.124168 0.05621 0.00726502 0.000585176
 0.764997 0.148141 0.077277 0.00933861 0.000247198
 0.163321 0.427699 0.378323 0.0303852 0.000271297
 0.753843 0.0900009 0.118128 0.0371064 0.000921714
 0.721811 0.176058 0.0630433 0.0369309 0.00215725
 0.143369 0.312575 0.442814 0.0836902 0.0175525
 0.692698 0.0596174 0.167031 0.0765114 0.00414204
 0.394062 0.376323 0.152708 0.0712218 0.00568511
 0.125707 0.32114 0.495352 0.0537591 0.00404204
 0.23352 0.215282 0.420074 0.123614 0.00750983
 0.796117 0.104755 0.0508955 0.0450114 0.00322123
 0.162477 0.292055 0.404252 0.121198 0.0200186
pf_pred 
 0.506709 0.14318 0.326715 0.0233953 8.66017e-07
 0.44279 0.336535 0.064052 0.146157 0.0104663
 0.59852 0.221004 0.109001 0.0207459 0.0507289
 0.739368 0.181521 0.0435485 0.0214784 0.014084
 0.670162 0.270456 0.0413577 0.00992207 0.00810253
 0.759712 0.180295 0.049192 0.00752237 0.00327841
 0.468563 0.440268 0.0684071 0.0186643 0.004098
 0.48065 0.312095 0.1717 0.0266781 0.00887709
 0.560898 0.252937 0.111872 0.0615471 0.012745
 0.766755 0.157686 0.0435244 0.0192505 0.0127839
 0.902536 0.0833101 0.00956872 0.00264115 0.00194391
 0.770234 0.214062 0.0134236 0.00154178 0.00073878
 0.54951 0.379787 0.0658701 0.00413063 0.000701764
 0.665196 0.223016 0.0942433 0.0163455 0.00119915
 0.914252 0.0696946 0.010693 0.00451871 0.000841219
 0.955196 0.0425058 0.00186798 0.000286598 0.000143659
 0.358547 0.623144 0.0173698 0.000763342 0.000175823
 0.883476 0.053657 0.061073 0.00170238 9.20455e-05
 0.586702 0.380884 0.0149258 0.0169887 0.000499157
 0.799211 0.140696 0.0553802 0.0021702 0.00254272
 0.674421 0.28063 0.031497 0.0123977 0.00105506
 0.737225 0.199758 0.0543164 0.0060963 0.00260382
 0.264961 0.599291 0.103194 0.0280596 0.00449443
 0.76633 0.0826872 0.123099 0.0211968 0.00668683
 0.666714 0.27733 0.0198008 0.0294781 0.0066772
 0.418982 0.436323 0.120402 0.00859646 0.0156967
 0.725855 0.141949 0.0992744 0.0273945 0.00552731
 0.715835 0.227331 0.0294283 0.0205812 0.00682522
 0.414067 0.46283 0.0984816 0.0127486 0.0118727
 0.534 0.23848 0.179719 0.0382409 0.00956057
 0.75308 0.156115 0.0464701 0.0350201 0.00931459
 0.572369 0.351791 0.0479497 0.0142729 0.0136171
pobs_RECLAS
 0 0 0 0 0
 0 0 0 0 0
 0 0 0 0 0
 0 0 0 0 0
 0 0 0 0 0
 0 0 0 0 0
 0 0 0 0 0
 0 0 0 0 0
 0 0 0 0 0
 0 0 0 0 0
 0.991045 0.00858322 0.000360255 1.14367e-05 0
 0.934742 0.0480273 0.0164251 0.00080598 0
 0.827803 0.169806 0.00239088 0 0
 0.941827 0.0461693 0.0120037 0 0
 0.791401 0.0380133 0.147996 0.0225897 0
 0.846168 0.0940531 0.0597789 0 0
 0.134021 0.677848 0.182769 0.00536245 0
 0.80878 0.0450904 0.141981 0.00414843 0
 0.846168 0.0940531 0.0597789 0 0
 0.905697 0.0802665 0.012482 0.00150086 5.37128e-05
 0.989698 0.0102097 9.19794e-05 0 0
 0.975433 0.0193895 0.00387452 0.00125025 5.28907e-05
 0.303575 0.632131 0.0575291 0.00676475 0
 0.966965 0.00978017 0.0227588 0.000495775 0
 0.843318 0.132988 0.00938335 0.0141283 0.000182051
 0.564624 0.303363 0.111486 0.0197234 0.00080311
 0.826376 0.0876187 0.0782897 0.00655872 0.00115652
 0.89761 0.0855135 0.0140674 0.00269457 0.000114338
 0.34875 0.467042 0.161289 0.0227151 0.000203297
 0.318654 0.224769 0.449479 0.00709798 0
 0.937255 0.0296025 0.0250945 0.00804832 0
 0.456809 0.399803 0.12412 0.0192676 0
ppred_RECLAS
 0.595532 0.117399 0.267886 0.0191827 7.1008e-07
 0.534373 0.281222 0.0535243 0.122134 0.00874608
 0.682784 0.174619 0.0861233 0.0163917 0.0400817
 0.805308 0.135596 0.0325306 0.0160443 0.0105207
 0.74427 0.20969 0.0320655 0.00769278 0.00628205
 0.820061 0.135013 0.0368373 0.00563311 0.00245503
 0.566551 0.35909 0.055794 0.0152229 0.0033424
 0.569691 0.258587 0.142263 0.0221042 0.00735513
 0.651666 0.200652 0.0887469 0.0488245 0.0101104
 0.831725 0.113763 0.0314007 0.0138883 0.00922295
 0.929839 0.0599718 0.00688816 0.00190126 0.00139935
 0.830092 0.158295 0.00992649 0.00114012 0.000546315
 0.64119 0.302497 0.0524648 0.00329 0.000558948
 0.762034 0.158512 0.0669846 0.0116178 0.000852308
 0.94075 0.0481573 0.00738863 0.00312232 0.000581262
 0.968791 0.029608 0.00130116 0.000199634 0.000100067
 0.446189 0.538004 0.0149966 0.000659046 0.0001518
 0.916413 0.0384901 0.0438098 0.00122118 6.60276e-05
 0.67577 0.298801 0.0117092 0.0133275 0.000391586
 0.852318 0.103483 0.0407326 0.0015962 0.00187019
 0.749192 0.216181 0.0242635 0.00955051 0.00081276
 0.802798 0.14991 0.0407622 0.00457502 0.00195406
 0.341686 0.536736 0.0924223 0.0251306 0.00402529
 0.825084 0.0618964 0.0921471 0.0158671 0.0050055
 0.741987 0.214694 0.0153287 0.0228203 0.00516913
 0.50841 0.369166 0.10187 0.00727333 0.0132807
 0.792011 0.107694 0.0753176 0.0207837 0.00419346
 0.783287 0.173369 0.0224429 0.0156958 0.00520512
 0.503173 0.392445 0.083505 0.0108099 0.0100671
 0.622047 0.193421 0.145763 0.0310156 0.00775417
 0.814554 0.117248 0.0349007 0.0263013 0.00699559
 0.656809 0.282326 0.0384815 0.0114546 0.0109282
pobs_PELACES
 0 0 0 0 0
 0 0 0 0 0
 0 0 0 0 0
 0 0 0 0 0
 0 0 0 0 0
 0 0 0 0 0
 0 0 0 0 0
 0 0 0 0 0
 0 0 0 0 0
 0 0 0 0 0
 0 0 0 0 0
 0 0 0 0 0
 0 0 0 0 0
 0 0 0 0 0
 0 0 0 0 0
 0 0 0 0 0
 0.505614 0.472636 0.0217494 0 0
 0 0 0 0 0
 0.443492 0.261883 0.143347 0.151278 0
 0.227955 0.32914 0.350689 0.0885471 0.00366901
 0.970185 0.0296113 0.000203453 0 0
 0.997202 0.00247181 0.000326279 0 0
 0.445219 0.490057 0.0546422 0.010081 0
 0.90214 0.0892962 0.00764917 0.000914606 0
 0 0 0 0 0
 0.581667 0.319106 0.0959925 0.00289975 0.000334073
 0.762889 0.0836404 0.116647 0.0363945 0.000428098
 0.88444 0.0763242 0.0277011 0.0115352 0
 0.521256 0.241999 0.230069 0.00667565 0
 0.616807 0.101726 0.260614 0.0208532 0
 0.833518 0.0704572 0.0857862 0.0102388 0
 0.697417 0.212968 0.0787535 0.0105354 0.000325836
ppred_PELACES
 0.569901 0.122719 0.286747 0.0206317 7.64444e-07
 0.514542 0.290037 0.056527 0.129604 0.00928982
 0.664981 0.182271 0.0920549 0.0176046 0.0430886
 0.796392 0.140679 0.0345602 0.017127 0.0112413
 0.725788 0.223812 0.0350463 0.0084482 0.00690551
 0.808032 0.143148 0.0399942 0.00614515 0.00268074
 0.561044 0.362083 0.0576092 0.0157935 0.00347099
 0.543966 0.271351 0.152868 0.0238659 0.00794888
 0.640159 0.205018 0.0928545 0.0513291 0.0106392
 0.83107 0.113243 0.0320074 0.0142245 0.00945518
 0.923265 0.0653476 0.00768574 0.00213157 0.00157036
 0.822838 0.164775 0.0105808 0.0012211 0.000585675
 0.631322 0.309633 0.0549914 0.00346496 0.000589233
 0.776434 0.147697 0.0639126 0.0111381 0.000817896
 0.939875 0.0486348 0.00764097 0.00324443 0.00060457
 0.967179 0.0310977 0.00139943 0.000215739 0.000108243
 0.427952 0.555336 0.0158512 0.000699943 0.000161374
 0.910185 0.040826 0.0475838 0.00133273 7.21278e-05
 0.66765 0.305646 0.0122649 0.0140269 0.000412527
 0.843696 0.10873 0.0438251 0.00172561 0.00202375
 0.734681 0.227887 0.0261912 0.0103587 0.000882377
 0.792486 0.15682 0.0436645 0.00492425 0.00210522
 0.32377 0.548788 0.0967655 0.0264377 0.00423868
 0.810971 0.0658291 0.100354 0.0173631 0.00548265
 0.72543 0.22743 0.0166278 0.0248729 0.00563943
 0.485187 0.38422 0.108569 0.00778875 0.0142354
 0.776595 0.114284 0.0818446 0.022693 0.00458306
 0.767484 0.185032 0.0245275 0.0172359 0.00572129
 0.479664 0.408861 0.089086 0.0115876 0.0108017
 0.5995 0.202481 0.156253 0.033407 0.00836
 0.801338 0.124392 0.0379158 0.0287105 0.00764365
 0.633834 0.299845 0.0418503 0.0125171 0.0119532
pobs_pel_tallas
 0 0 0 0 0 0 0 0 0 0 0 0 0 0 0 0 0 0 0 0 0 0 0 0 0 0
 0 0 0 0 0 0 0 0 0 0 0 0 0 0 0 0 0 0 0 0 0 0 0 0 0 0
 0 0 0 0 0 0 0 0 0 0 0 0 0 0 0 0 0 0 0 0 0 0 0 0 0 0
 0 0 0 0 0 0 0 0 0 0 0 0 0 0 0 0 0 0 0 0 0 0 0 0 0 0
 0 0 0 0 0 0 0 0 0 0 0 0 0 0 0 0 0 0 0 0 0 0 0 0 0 0
 0 0 0 0 0 0 0 0 0 0 0 0 0 0 0 0 0 0 0 0 0 0 0 0 0 0
 0 0 0 0 0 0 0 0 0 0 0 0 0 0 0 0 0 0 0 0 0 0 0 0 0 0
 0 0 0 0 0 0 0 0 0 0 0 0 0 0 0 0 0 0 0 0 0 0 0 0 0 0
 0 0 0 0 0 0 0 0 0 0 0 0 0 0 0 0 0 0 0 0 0 0 0 0 0 0
 0 0 0 0 0 0 0 0 0 0 0 0 0 0 0 0 0 0 0 0 0 0 0 0 0 0
 0 0 0 0 0 0 0 0 0 0 0 0 0 0 0 0 0 0 0 0 0 0 0 0 0 0
 0 0 0 0 0 0 0 0 0 0 0 0 0 0 0 0 0 0 0 0 0 0 0 0 0 0
 0.00862536 0 0 0.000197151 0.00414017 0.0128641 0.00837892 0.0270097 0.101434 0.158115 0.152841 0.127902 0.109271 0.109419 0.0830992 0.0579132 0.0238553 0.00714673 0.00463305 0.00128148 0.00103504 0.000492878 0.000147863 0.000147863 4.92878e-05 0
 0 0 0 0 0 0 0 0 0 0 0 0 0 0 0 0 0 0 0 0 0 0 0 0 0 0
 0 0 0 0 0 0 0 0.0054083 0.00873648 0.0413646 0.0450493 0.0745869 0.0622846 0.0627006 0.0613931 0.0827291 0.12552 0.122667 0.0946155 0.0697135 0.0546179 0.0294188 0.0215738 0.0213955 0.0102223 0.00600262
 0 0 0 0 0.00359764 0.0251062 0.0480494 0.140153 0.205849 0.193036 0.1447 0.116669 0.0760912 0.0342217 0.00950174 0.001854 0.000860785 0 0 0 0.000165536 0 0.000143464 0 0 0
 0 0 0 0 0 0 0 0.000145254 0.000435761 0.0275982 0.070085 0.0708112 0.156366 0.174668 0.174014 0.160142 0.0824315 0.0480064 0.0283245 0.00493863 0.00203355 0 0 0 0 0
 0 0 0 0 0 0 0 0 0 0 0 0 0 0 0 0 0 0 0 0 0 0 0 0 0 0
 0 0 1.00437e-05 0.000401748 0.00122533 0.00171747 0.00176769 0.0269171 0.070346 0.194647 0.189555 0.159765 0.064822 0.0314167 0.0384472 0.0292271 0.0345202 0.0313363 0.0194345 0.0106764 0.0143323 0.0359363 0.0279516 0.0138201 0.00172751 0
 0 0.0021121 0.0136068 0.0755702 0.200478 0.177729 0.0527432 0.0373336 0.0318909 0.0142505 0.0149659 0.0166563 0.0217959 0.0798694 0.0677717 0.0528807 0.04013 0.0224614 0.0357745 0.0225083 0.00881397 0.00855152 0.00135912 0.000746735 0 0
 0 0 0 0 5.4009e-05 0.00500934 0.000945158 0.0243581 0.138947 0.33067 0.221406 0.137944 0.0707744 0.0437923 0.0131692 0.00525238 0.0047753 0.00276346 9.45158e-05 9.00151e-06 2.25038e-05 9.00151e-06 4.50075e-06 0 0 0
 0.000866109 0.00284123 0.00948549 0.0512746 0.133035 0.25785 0.225252 0.132002 0.0553304 0.0519788 0.0540692 0.017754 0.00435017 0.00159236 0.00146478 0.000404838 0.000125132 0.000115318 0.000107957 0.000100596 0 0 0 0 0 0
 0 0 0 0 0.00144013 0.00171154 0.00461396 0.0210425 0.0478622 0.0707936 0.0888783 0.103762 0.0637923 0.0337046 0.0602308 0.124433 0.169614 0.0934646 0.0462172 0.0250306 0.0313229 0.00938855 0.002487 0.000210481 0 0
 0 0.00764035 0.051015 0.0998891 0.058973 0.0496711 0.0374665 0.0718981 0.12319 0.153886 0.159021 0.0857701 0.0377988 0.023471 0.0147837 0.00900784 0.00315554 0.000888139 0.00291439 0.00214683 0.00393193 0.00274676 0.000635225 9.99891e-05 0 0
 0 0 0 0 0 0 0 0 0 0 0 0 0 0 0 0 0 0 0 0 0 0 0 0 0 0
 0 0 0 0 0 0 0 0 0 0 0 0 0 0 0 0 0 0 0 0 0 0 0 0 0 0
 0 0 0 0 0 0 0 0 0 0 0 0 0 0 0 0 0 0 0 0 0 0 0 0 0 0
 0 0 0 0 0 0 0 0 0 0 0 0 0 0 0 0 0 0 0 0 0 0 0 0 0 0
 0 0 0 0 0 0 0 0 0 0 0 0 0 0 0 0 0 0 0 0 0 0 0 0 0 0
 0 0 0 0 0 0 0 0 0 0 0 0 0 0 0 0 0 0 0 0 0 0 0 0 0 0
 0 0 0 0 0 0 0 0 0 0 0 0 0 0 0 0 0 0 0 0 0 0 0 0 0 0
 0 0 0 0 0 0 0 0 0 0 0 0 0 0 0 0 0 0 0 0 0 0 0 0 0 0
ppred_pel_tallas
 1.10376e-16 4.6942e-05 0.000456293 0.00303223 0.0137841 0.0428875 0.0913768 0.13337 0.133382 0.0914368 0.0430903 0.0143754 0.00453663 0.00380721 0.00660633 0.0113558 0.0175351 0.0245048 0.0315526 0.0382054 0.0442475 0.0493617 0.0527863 0.0534475 0.0505647 0.0442507
 1.16275e-16 4.23822e-05 0.00041197 0.00273769 0.0124452 0.0387217 0.0825016 0.120419 0.120447 0.0826386 0.0391817 0.0137751 0.00607996 0.00772199 0.0139683 0.0231449 0.0336376 0.0429844 0.0487606 0.0499943 0.047792 0.044551 0.0423647 0.0418512 0.0421321 0.0416942
 1.11761e-16 5.47737e-05 0.000532419 0.00353811 0.0160838 0.0500427 0.106622 0.155621 0.155639 0.106708 0.0503333 0.0169247 0.00565476 0.00517223 0.0089235 0.0148166 0.0216975 0.0280539 0.0323867 0.034039 0.0335612 0.0322399 0.0311787 0.0306733 0.0302632 0.0292393
 1.04654e-16 6.55978e-05 0.000637634 0.0042373 0.0192622 0.0599318 0.127692 0.186372 0.186386 0.127758 0.0601549 0.0199069 0.00585709 0.00417872 0.00680601 0.0111888 0.0162104 0.0206003 0.0231162 0.0232059 0.0213307 0.0186272 0.0161797 0.0144781 0.0133786 0.0124378
 1.03085e-16 5.97823e-05 0.000581105 0.00386165 0.0175545 0.0546187 0.116372 0.169852 0.169874 0.116477 0.0549728 0.0185772 0.00642917 0.00618718 0.0107102 0.0176207 0.0253997 0.0319891 0.0353326 0.0344854 0.0301705 0.0242745 0.0187031 0.0144891 0.0116693 0.00973845
 1.02261e-16 6.65565e-05 0.000646953 0.00429923 0.0195437 0.0608078 0.129558 0.189096 0.18911 0.129625 0.0610348 0.0201998 0.00594764 0.00425042 0.00692478 0.0113807 0.0164764 0.0209037 0.0233699 0.0232697 0.0210211 0.017739 0.0145245 0.0119368 0.00995861 0.00830794
 1.03927e-16 4.62125e-05 0.000449202 0.00298511 0.0135699 0.0422211 0.0899579 0.131303 0.131338 0.0901284 0.0427939 0.0152245 0.00713896 0.00951895 0.0172768 0.0285033 0.0410894 0.0517421 0.0571303 0.0557127 0.0486411 0.038949 0.0297083 0.0225967 0.0177048 0.0142696
 1.0822e-16 4.48058e-05 0.000435528 0.00289424 0.0131568 0.0409359 0.0872192 0.127304 0.127331 0.0873479 0.0413688 0.0144096 0.0060477 0.00734887 0.0132605 0.022076 0.0323209 0.0417392 0.048026 0.0500719 0.0485153 0.0450884 0.0413384 0.0377986 0.0341228 0.0297975
 1.09681e-16 5.27291e-05 0.000512545 0.00340605 0.0154834 0.0481747 0.102642 0.149813 0.149833 0.102739 0.0485013 0.0164284 0.00578391 0.00572303 0.0100066 0.016614 0.024296 0.0313407 0.0360421 0.0376414 0.0367401 0.0347718 0.0329695 0.0316708 0.0303927 0.0284206
 1.0398e-16 6.84542e-05 0.000665399 0.00442181 0.0201009 0.0625415 0.133252 0.194487 0.194498 0.133305 0.0627212 0.0206204 0.00572725 0.00352034 0.00550594 0.00903528 0.0131079 0.016697 0.0188094 0.0190027 0.0176401 0.0156162 0.0137752 0.0124831 0.0116073 0.0107915
 1.00719e-16 7.60481e-05 0.000739215 0.00491234 0.0223308 0.0694794 0.148034 0.216061 0.216067 0.148064 0.0695827 0.0226291 0.00566103 0.00237328 0.00317847 0.00513182 0.00737953 0.00926835 0.0101893 0.00986431 0.0085089 0.00668584 0.00496923 0.00367877 0.00283726 0.00229914
 1.0057e-16 6.77761e-05 0.000658808 0.00437801 0.0199018 0.061922 0.131932 0.192562 0.192578 0.132009 0.0621821 0.0206528 0.00626214 0.0047684 0.00786232 0.0128636 0.0184598 0.023078 0.0251637 0.0239991 0.0201332 0.0150226 0.0101839 0.00650787 0.0041283 0.00272307
 1.02114e-16 5.20012e-05 0.00050547 0.00335903 0.0152697 0.0475098 0.101226 0.147748 0.147778 0.101372 0.0479997 0.0166849 0.00691214 0.00826399 0.0147926 0.0243872 0.035157 0.0442706 0.0488644 0.047594 0.0414085 0.0328683 0.0245881 0.0180318 0.0133529 0.0100042
 1.03138e-16 6.39539e-05 0.000621655 0.00413111 0.0187795 0.0584299 0.124492 0.181702 0.181716 0.124562 0.0586649 0.0194591 0.00584031 0.00436379 0.00720299 0.0118903 0.0173169 0.0221819 0.025191 0.0257267 0.0241701 0.0215546 0.0188545 0.0164939 0.0143718 0.0122192
 1.00661e-16 7.74163e-05 0.000752514 0.00500072 0.0227325 0.0707294 0.150697 0.219947 0.219952 0.15072 0.0708064 0.0229548 0.00555874 0.001971 0.00239252 0.00383543 0.00552393 0.00696027 0.00769489 0.00752321 0.00660236 0.00534062 0.00414837 0.0032449 0.00263328 0.00220134
 1.00089e-16 7.96653e-05 0.000774375 0.00514599 0.0233929 0.0727841 0.155074 0.226336 0.226339 0.155089 0.0728332 0.0235346 0.00550137 0.00154936 0.00154912 0.00242867 0.00347612 0.00434007 0.00472217 0.00448671 0.00373861 0.00275583 0.00182854 0.00112844 0.00068249 0.000428955
 1.00697e-16 3.52499e-05 0.000342642 0.00227698 0.0103508 0.0322056 0.0686194 0.100163 0.100217 0.0688804 0.0330816 0.0128797 0.00861955 0.0141716 0.0262489 0.0432075 0.0619293 0.0772249 0.0838286 0.0793094 0.0655531 0.047566 0.0305983 0.0177925 0.00968918 0.00520879
 1.0153e-16 7.49708e-05 0.000728743 0.00484275 0.0220144 0.0684951 0.145936 0.212999 0.213003 0.145956 0.068561 0.0222056 0.00532569 0.00179315 0.00212611 0.00347315 0.00517409 0.00687517 0.00825552 0.00914246 0.00956776 0.00966613 0.00951392 0.00906357 0.00822255 0.00698378
 1.01909e-16 5.49935e-05 0.000534556 0.00355232 0.0161483 0.0502436 0.10705 0.156249 0.156279 0.107194 0.0507259 0.0175409 0.00704569 0.00815328 0.0145029 0.0238335 0.0341988 0.0427388 0.0465844 0.0444275 0.0373207 0.0280032 0.0193063 0.0128626 0.00885557 0.00659364
 1.01809e-16 6.94941e-05 0.000675508 0.00448899 0.0204063 0.0634916 0.135276 0.197441 0.197452 0.135327 0.0636644 0.0209061 0.00574557 0.00342545 0.00531201 0.00872336 0.0126787 0.0161897 0.0182877 0.0185073 0.0171298 0.0149341 0.0126753 0.0107158 0.00902925 0.00744724
 1.02003e-16 6.05147e-05 0.000588225 0.00390896 0.0177696 0.0552879 0.117797 0.171933 0.171955 0.117905 0.0556481 0.0188098 0.00651969 0.00628615 0.0108781 0.0178781 0.0257254 0.0323036 0.0354979 0.0343353 0.029562 0.0231353 0.0170541 0.0124349 0.00936639 0.00735899
 1.02151e-16 6.5276e-05 0.000634506 0.00421652 0.0191677 0.0596379 0.127065 0.185459 0.185474 0.127139 0.0598866 0.0198864 0.0060221 0.00458133 0.00757628 0.0124615 0.0180366 0.0228714 0.0255452 0.0253889 0.0228558 0.0191667 0.0155332 0.0125814 0.0103117 0.00843567
 1.06302e-16 2.66687e-05 0.000259229 0.00172267 0.00783104 0.0243655 0.0519153 0.075783 0.075836 0.052174 0.025234 0.0103399 0.00802196 0.0140159 0.0261686 0.0432603 0.0624106 0.0786824 0.0870464 0.0851701 0.0747788 0.0604209 0.0466836 0.0360437 0.0286015 0.0232078
 1.05582e-16 6.67986e-05 0.000649307 0.00431487 0.0196148 0.0610289 0.130029 0.189782 0.189789 0.130061 0.0611361 0.0199262 0.0051037 0.00239495 0.00345145 0.00578164 0.00874627 0.0118866 0.0147605 0.0171358 0.0190466 0.0206021 0.0217303 0.022116 0.0213986 0.0194486
 1.03987e-16 5.97527e-05 0.000580818 0.00385974 0.0175458 0.0545917 0.116314 0.169769 0.16979 0.116421 0.054951 0.0185834 0.00646346 0.00626255 0.0108444 0.0178189 0.0256334 0.0321829 0.0353781 0.0342889 0.0297178 0.0236761 0.0181839 0.0143163 0.0120466 0.01072
 1.06422e-16 3.99643e-05 0.000388467 0.0025815 0.0117352 0.0365126 0.0777954 0.113552 0.11359 0.0779768 0.037122 0.0134962 0.00700595 0.0100604 0.0184477 0.0305359 0.0442198 0.0560974 0.0627052 0.0624159 0.0563521 0.0475126 0.0388668 0.0319345 0.0266863 0.0223696
 1.05443e-16 6.39672e-05 0.000621784 0.00413197 0.0187833 0.058442 0.124517 0.181739 0.18175 0.124572 0.058625 0.0193133 0.00546756 0.00355508 0.0056869 0.00943701 0.013909 0.018166 0.0212859 0.0228322 0.0230564 0.0226034 0.0219773 0.021227 0.0200575 0.0181793
 1.03452e-16 6.32166e-05 0.000614488 0.00408349 0.018563 0.0577564 0.123057 0.179609 0.179627 0.123144 0.058049 0.0194083 0.00620551 0.00524757 0.00886461 0.0145619 0.0209895 0.0264405 0.0292266 0.0285881 0.0251499 0.020495 0.0162018 0.0130938 0.0111356 0.00982599
 1.05666e-16 3.95093e-05 0.000384045 0.00255212 0.0116016 0.036097 0.0769099 0.112261 0.1123 0.0771028 0.0367446 0.0134726 0.00725097 0.0106495 0.0195582 0.0323305 0.0467077 0.0590239 0.0655536 0.0645605 0.0572957 0.047076 0.0372272 0.0295164 0.0239852 0.0198
 1.09326e-16 4.938e-05 0.000479992 0.00318971 0.0145 0.045115 0.0961229 0.140298 0.140318 0.0962194 0.0454395 0.01544 0.00555941 0.0056866 0.0100362 0.0167717 0.0247595 0.0324025 0.0380751 0.0409909 0.0415588 0.0408647 0.0397446 0.0382565 0.0358978 0.0322233
 1.05299e-16 6.60052e-05 0.000641594 0.00426362 0.0193818 0.060304 0.128485 0.187529 0.187541 0.128543 0.0605016 0.019953 0.00569963 0.00378368 0.00605521 0.00996461 0.0144894 0.0185287 0.0210156 0.0214858 0.0203467 0.0185626 0.0170096 0.0160097 0.0153292 0.0145093
 1.04563e-16 5.22081e-05 0.000507482 0.0033724 0.0153304 0.0476988 0.101629 0.148336 0.148365 0.10177 0.048173 0.0167001 0.00681061 0.00801366 0.0143095 0.0235791 0.0339753 0.0427583 0.0471744 0.0459661 0.0401228 0.0322025 0.024789 0.0192808 0.0157141 0.0133704
pSPR Fmed_Fpbrs
0.560968   0.6 0.325
Fs Fmed_Fpbrs
0.34   0.296471 0.733478
SSBpbr Bo_Bmed_Bpbrs
1.19195e+06  609049  655572 327786
Ro
125376
SPR SPRFo_SPRFmed_SPRFpbrs
902468 506256 293302
Fref
0.296471
Nvult_r0
 80753.2 36824.8 5019.29 1494.07 1425.41
CTP_r0
 13918.7 8420.94 1147.79 341.656 325.956
YTP_r0
386313
Np
 155623 46487.2 10355.6 4346.75 754.507
Nvult_p0
 109135 33773.2 7523.41 3157.93 548.153
CTP_p0
 18810.8 6290.5 2640.42 359.894 140.718
 18810.8 7723.09 1720.42 722.142 125.349
YTP_p0
 331389 345048
CBA_c0
369836
log_Ro
11.5591
likeval ReclasPelacesDesembMPH_pf_preclas_ppelaces_ptallas_desvR_qrecl_qpela
 33.4825 28.6253 0.0287144 69.088 239.692 131.708 113.292 0 24.7894 1.10333e-05 2.76102e-05 0.116608 8.2283e-16 0 0
q_reclas_q_pelaces
1.5996 2.10245
M
1
N
 164498 33587.5 76641.4 5488.11 0.203152
 91296.1 51266.2 9757.38 22264.8 1594.39
 90689.5 24724.5 12194.3 2320.91 5675.21
 133067 24670.6 5918.68 2919.14 1914.16
 106786 31066.9 4750.71 1139.73 930.726
 193526 33761.1 9211.43 1408.6 613.898
 74176.5 54164 8415.78 2296.18 504.157
 30023.8 13985.8 7694.36 1195.52 397.807
 28452.8 9772.87 4322.47 2378.03 492.435
 38350.1 6246.72 1724.21 762.608 506.432
 93221.5 6183.96 710.269 196.048 144.293
 143229 30030.7 1883.18 216.296 103.643
 63926.2 33669.3 5839.58 366.193 62.2134
 49581.8 13982.8 5908.92 1024.84 75.1848
 72685.5 4334.11 664.969 281.006 52.313
 388265 13010 571.744 87.721 43.9705
 72409.5 92492.3 2578.18 113.302 26.0971
 450698 20288.8 23092.9 643.703 34.8042
 240612 119511 4683.33 5330.62 156.622
 389168 51113.4 20119.1 788.412 923.746
 322601 98784.5 11087.3 4364.13 371.393
 442721 89652.7 24377.5 2736.06 1168.61
 67010.7 111070 19125.4 5200.41 832.975
 242720 19131.8 28482.1 4904.42 1547.17
 233002 70693.8 5047.39 7514.21 1702.07
 90887 68519.1 18907.7 1349.97 2464.97
 196073 28004.8 19585.6 5404.59 1090.47
 248389 57187.5 7403.01 5177.42 1716.96
 93980.4 75860.6 16141.7 2089.57 1946
 90505.5 29397.2 22153.9 4713.94 1178.53
 178249 27095.5 8065.38 6078.11 1616.65
 115151 50687.7 6908.81 2056.51 1962.01
pred_Ctot
 16109.6 4552.08 10387.2 743.8 0.027533
 15610.2 11864.3 2258.1 5152.64 368.982
 15306.5 5651.94 2787.58 530.554 1297.34
 31883.1 7827.57 1877.9 926.195 607.331
 9608.69 3877.76 592.982 142.261 116.173
 29920.6 7100.76 1937.38 296.262 129.117
 24113.9 22657.7 3520.46 960.529 210.897
 2208.06 1433.73 788.773 122.557 40.7804
 7560.1 3409.23 1507.88 829.567 171.784
 14538.9 2989.99 825.293 365.021 242.403
 7405.98 683.621 78.5185 21.6726 15.9513
 33889.3 9418.45 590.619 67.8365 32.5054
 17083.8 11807.2 2047.84 128.418 21.8172
 26681.6 8945.38 3780.18 655.632 48.0988
 24988.9 1904.94 292.269 123.508 22.9927
 89596.7 3987.01 175.215 26.8827 13.4751
 11154.1 19385.4 540.36 23.7469 5.46969
 81683.2 4960.95 5646.61 157.396 8.51023
 67173.3 43608.6 1708.9 1945.09 57.15
 78590.3 13835.3 5445.81 213.406 250.038
 51024.9 21231.7 2382.98 937.981 79.8232
 91808.3 24876.3 6764.15 759.186 324.259
 9682.83 21900.8 3771.16 1025.42 164.246
 32570.1 3514.31 5231.87 900.893 284.199
 30094.4 12518.2 893.776 1330.59 301.398
 9467.38 9859.21 2720.62 194.247 354.685
 26167.7 5117.38 3578.92 987.595 199.264
 27069.8 8596.68 1112.85 778.292 258.101
 9012.72 10074.1 2143.58 277.49 258.424
 10833.1 4837.97 3645.91 775.783 193.953
 26120.8 5414.9 1611.83 1214.68 323.079
 7799.27 4793.61 653.377 194.487 185.55
F
 0.165869 0.236128 0.236128 0.236128 0.236128
 0.306314 0.436064 0.436064 0.436064 0.436064
 0.30183 0.429679 0.429679 0.429679 0.429679
 0.454711 0.647318 0.647318 0.647318 0.647318
 0.151518 0.215698 0.215698 0.215698 0.215698
 0.273394 0.389199 0.389199 0.389199 0.389199
 0.668404 0.951528 0.951528 0.951528 0.951528
 0.122379 0.174216 0.174216 0.174216 0.174216
 0.51619 0.734839 0.734839 0.734839 0.734839
 0.824799 1.17417 1.17417 1.17417 1.17417
 0.13276 0.188994 0.188994 0.188994 0.188994
 0.447856 0.637561 0.637561 0.637561 0.637561
 0.519901 0.740122 0.740122 0.740122 0.740122
 1.43711 2.04584 2.04584 2.04584 2.04584
 0.720422 1.02558 1.02558 1.02558 1.02558
 0.434564 0.618637 0.618637 0.618637 0.618637
 0.272271 0.3876 0.3876 0.3876 0.3876
 0.327384 0.466058 0.466058 0.466058 0.466058
 0.549138 0.781743 0.781743 0.781743 0.781743
 0.371071 0.52825 0.52825 0.52825 0.52825
 0.280474 0.399278 0.399278 0.399278 0.399278
 0.382784 0.544925 0.544925 0.544925 0.544925
 0.253503 0.360882 0.360882 0.360882 0.360882
 0.23355 0.332478 0.332478 0.332478 0.332478
 0.223935 0.31879 0.31879 0.31879 0.31879
 0.177243 0.252319 0.252319 0.252319 0.252319
 0.232152 0.330487 0.330487 0.330487 0.330487
 0.186099 0.264928 0.264928 0.264928 0.264928
 0.162186 0.230885 0.230885 0.230885 0.230885
 0.206043 0.293319 0.293319 0.293319 0.293319
 0.257498 0.36657 0.36657 0.36657 0.36657
 0.11224 0.159783 0.159783 0.159783 0.159783
YTP_r0W_actual
 119701 208839 32023.3 12743.8 13005.7
YTP_p0W_proyectada
 141833 109769 63554.9 11271.9 4960.31
 141833 134768 41410.5 22617.5 4418.56
CTP_r0_actual
 13918.7 8420.94 1147.79 341.656 325.956
CTP_p0_proyectada
 18810.8 6290.5 2640.42 359.894 140.718
 18810.8 7723.09 1720.42 722.142 125.349
Wmedp
 7.54 17.45 24.07 31.32 35.25
Frms_r0
 0.208257 0.296471 0.296471 0.296471 0.296471
Zrms_r0
 1.20826 1.29647 1.29647 1.29647 1.29647
nmprior
 7.29 8.9 8.7 0
nm_flota  nm_reclas  nm_pelaces    nm_pelaL
inf 12.0305 16.0274 48.6192
cv_recla  cv_pelaces  cv_mph
0.255948 0.48841 0.678665
 ------------------------------------------------
Talla a la edad & desviaci?n 
 8 13.2811 15.8009 17.003 17.5766
 0.8 1.32811 1.58009 1.7003 1.75766
