years
 1991 1992 1993 1994 1995 1996 1997 1998 1999 2000 2001 2002 2003 2004 2005 2006 2007 2008 2009 2010 2011 2012 2013 2014 2015 2016 2017 2018 2019 2020 2021 2022
reclasobs
 0 0 0 0 0 0 0 0 0 252601 567819 844713 477998 351125 339783 2.1784e+06 2.13404e+06 4.81314e+06 1.55562e+06 2.62356e+06 3.21686e+06 3.843e+06 1.13348e+06 3.07943e+06 1.97215e+06 2.03268e+06 2.025e+06 2.42433e+06 2.27542e+06 1.05018e+06 2.36338e+06 3.18982e+06
reclaspred
 4.72768e+06 2.54711e+06 1.23728e+06 1.48662e+06 1.73478e+06 3.49124e+06 1.9862e+06 1.44686e+06 812371 274391 553579 1.07447e+06 686048 302534 518093 1.76661e+06 1.51079e+06 3.22058e+06 2.27704e+06 2.49565e+06 4.09793e+06 2.91083e+06 1.61407e+06 2.51368e+06 2.06822e+06 1.76254e+06 2.21395e+06 2.51115e+06 2.00744e+06 1.51092e+06 1.7026e+06 2.22302e+06
pelacesobs
 0 0 0 0 0 0 0 0 0 0 0 0 0 0 0 552880 188675 0 991730 2.46772e+06 1.41603e+06 1.21717e+06 2.29649e+06 1.80582e+06 0 1.4828e+06 1.56532e+06 1.57751e+06 1.42118e+06 867257 1.10002e+06 1.06204e+06
pelacespred
 2.95987e+06 1.60384e+06 725627 707251 1.04826e+06 2.09015e+06 1.09784e+06 1.06877e+06 502080 106652 307272 502307 317037 97381.6 235835 768465 750271 1.69733e+06 1.12442e+06 1.14145e+06 2.14022e+06 1.51355e+06 873941 1.47785e+06 1.18413e+06 1.04234e+06 1.45859e+06 1.55197e+06 1.20207e+06 930338 863891 1.36312e+06
mphobs
 0 0 0 0 0 0 0 0 0 0 0 0 498337 0 5186 125008 0 168611 109162 213762 579715 649985 157893 87575 83554 210694 70296 0 107559 103333 445601 22526
mphpred
 791223 537836 238498 138044 201608 285772 463644 197564 164756 59758.6 15674.6 95756.5 121721 37403.1 11736.7 48934.6 245715 162917 337789 174751 369481 350170 248225 130626 281753 226938 175357 246343 355312 207201 141726 215532
desembarqueobs
 494567 514787 250237 358949 120608 361735 552515 73892 212993 205616 52469 317467 293654 387597 252695 516296 358380 742168 942051 627588 828172 859565 418607 520667 417249 300574 415391 372974 316634 284311 391294 218835
desembarquepred
 494554 514430 250390 358938 120609 361712 552473 73897.7 213076 205687 52470.7 317386 293652 387512 252483 516154 358509 742043 941186 627057 828254 859418 418539 520740 417131 300553 415325 372872 316478 284077 391231 218861
Reclutas
 143364 95983.9 84159.5 128636 92153.7 194245 68894.5 23625.9 22587.1 30018.3 51323.8 113237 56598 59602 53177.1 247808 49360.3 312643 223716 277764 219706 318983 45531.2 142009 147833 51129.1 126128 129396 52795.1 70859 97611.3 66421.5
log_desv_Rt
 0.43253 0.0313259 -0.100142 0.324134 -0.00939698 0.736268 -0.300279 -1.37051 -1.41547 -1.13105 -0.594701 0.196629 -0.496881 -0.445165 -0.559227 0.979798 -0.633709 1.21221 0.877522 1.09392 0.859434 1.23228 -0.714457 0.423036 0.463232 -0.5985 0.304446 0.330022 -0.566437 -0.272163 0.0481385 -0.336834
SSB
 791223 537836 238498 138044 201608 285772 463644 197564 164756 59758.6 15674.6 95756.5 112844 35864 11140.1 46973.9 245715 162917 354894 181639 396956 405751 310308 150635 297335 259935 184646 246343 373513 200094 164630 251693
BT
 1.34134e+06 998977 453919 586473 478347 1.21325e+06 828206 459916 390338 236454 199134 484853 389729 445743 373197 808576 537774 1.50118e+06 1.35465e+06 997431 1.60543e+06 1.36566e+06 661555 1.22278e+06 810141 647795 1.11345e+06 1.00309e+06 645934 640092 690676 713920
Ftot
 0.446508 0.828517 0.822868 0.920502 0.293438 0.418285 1.10274 0.221164 1.02253 2.30302 0.365194 1.0917 1.52422 3.20209 1.60859 1.04463 0.944627 0.858546 1.46991 0.932882 0.793197 1.10458 1.02936 0.781474 0.79425 0.696938 0.720534 0.581955 0.665241 0.745021 0.87258 0.410013
BD_Bspro_t
 0.931051 0.581367 0.3122 0.226144 0.274068 0.397246 0.453985 0.238409 0.267121 0.142018 0.0571407 0.345666 0.249784 0.0853874 0.0284027 0.109207 0.27509 0.190737 0.279874 0.155269 0.23678 0.236495 0.206456 0.130168 0.254064 0.268642 0.246041 0.333699 0.410074 0.283041 0.269045 0.320166
BD_Bspro
 1.18164 0.803227 0.356182 0.20616 0.30109 0.426784 0.692425 0.295051 0.246054 0.0892459 0.0234091 0.143007 0.168525 0.0535607 0.016637 0.0701528 0.366961 0.243307 0.530013 0.271267 0.592831 0.605965 0.463427 0.224964 0.444052 0.388197 0.275758 0.367898 0.557819 0.298828 0.245866 0.375889
BD_Bo
 1.6398 1.11466 0.494285 0.286094 0.417832 0.59226 0.960899 0.409451 0.341456 0.123849 0.0324855 0.198455 0.233868 0.0743278 0.0230877 0.0973531 0.509243 0.337645 0.735515 0.376446 0.822689 0.840915 0.643111 0.31219 0.616224 0.538713 0.382678 0.510543 0.774102 0.414693 0.341195 0.521632
BD_Brms
 10.2323 6.95546 3.08433 1.78522 2.60726 3.69569 5.99599 2.55496 2.13068 0.772816 0.202709 1.23835 1.45933 0.463804 0.144067 0.607481 3.17766 2.1069 4.5896 2.34901 5.13356 5.24729 4.013 1.94806 3.84522 3.36156 2.3879 3.18578 4.83038 2.58768 2.12905 3.25497
Sel_flota
 0.808088 1 1 1 1
 0.808088 1 1 1 1
 0.808088 1 1 1 1
 0.808088 1 1 1 1
 0.808088 1 1 1 1
 0.808088 1 1 1 1
 0.808088 1 1 1 1
 0.808088 1 1 1 1
 0.808088 1 1 1 1
 0.808088 1 1 1 1
 0.808088 1 1 1 1
 0.808088 1 1 1 1
 0.808088 1 1 1 1
 0.808088 1 1 1 1
 0.808088 1 1 1 1
 0.808088 1 1 1 1
 0.808088 1 1 1 1
 0.808088 1 1 1 1
 0.808088 1 1 1 1
 0.808088 1 1 1 1
 0.808088 1 1 1 1
 0.808088 1 1 1 1
 0.808088 1 1 1 1
 0.808088 1 1 1 1
 0.808088 1 1 1 1
 0.808088 1 1 1 1
 0.808088 1 1 1 1
 0.808088 1 1 1 1
 0.808088 1 1 1 1
 0.808088 1 1 1 1
 0.808088 1 1 1 1
 0.808088 1 1 1 1
Sel_reclas
 0.66605 1 1 1 1
 0.66605 1 1 1 1
 0.66605 1 1 1 1
 0.66605 1 1 1 1
 0.66605 1 1 1 1
 0.66605 1 1 1 1
 0.66605 1 1 1 1
 0.66605 1 1 1 1
 0.66605 1 1 1 1
 0.66605 1 1 1 1
 0.66605 1 1 1 1
 0.66605 1 1 1 1
 0.66605 1 1 1 1
 0.66605 1 1 1 1
 0.66605 1 1 1 1
 0.66605 1 1 1 1
 0.66605 1 1 1 1
 0.66605 1 1 1 1
 0.66605 1 1 1 1
 0.66605 1 1 1 1
 0.66605 1 1 1 1
 0.66605 1 1 1 1
 0.66605 1 1 1 1
 0.66605 1 1 1 1
 0.66605 1 1 1 1
 0.66605 1 1 1 1
 0.66605 1 1 1 1
 0.66605 1 1 1 1
 0.66605 1 1 1 1
 0.66605 1 1 1 1
 0.66605 1 1 1 1
 0.66605 1 1 1 1
Sel_pelaces
 0.5 1 1 1 1
 0.5 1 1 1 1
 0.5 1 1 1 1
 0.5 1 1 1 1
 0.5 1 1 1 1
 0.5 1 1 1 1
 0.5 1 1 1 1
 0.5 1 1 1 1
 0.5 1 1 1 1
 0.5 1 1 1 1
 0.5 1 1 1 1
 0.5 1 1 1 1
 0.5 1 1 1 1
 0.5 1 1 1 1
 0.5 1 1 1 1
 0.5 1 1 1 1
 0.5 1 1 1 1
 0.5 1 1 1 1
 0.5 1 1 1 1
 0.5 1 1 1 1
 0.5 1 1 1 1
 0.5 1 1 1 1
 0.5 1 1 1 1
 0.5 1 1 1 1
 0.5 1 1 1 1
 0.5 1 1 1 1
 0.5 1 1 1 1
 0.5 1 1 1 1
 0.5 1 1 1 1
 0.5 1 1 1 1
 0.5 1 1 1 1
 0.5 1 1 1 1
pf_obs 
 0.8446 0.082 0.0669 0.0065 0
 0.8095 0.147 0.0364 0.0071 0
 0.9664 0.0169 0.016 0.0007 0
 0.9276 0.0648 0.0075 0.0001 0
 0.7033 0.2144 0.0806 0.0017 0
 0.9318 0.0425 0.0243 0.0014 0
 0.5671 0.3108 0.0964 0.0239 0.0018
 0.0768 0.2599 0.5324 0.112 0.0189
 0.490249 0.384438 0.106611 0.0170017 0.00170017
 0.7925 0.1577 0.0466 0.003 0.0002
 0.840416 0.127587 0.0312969 0.00059994 9.999e-05
 0.8084 0.0986 0.0794 0.0134 0.0002
 0.7335 0.1905 0.0724 0.0035 0.0001
 0.4001 0.4547 0.1325 0.0127 0
 0.49795 0.308269 0.164784 0.0264974 0.00249975
 0.9179 0.0499 0.0305 0.0017 0
 0.2467 0.6533 0.0926 0.0074 0
 0.9418 0.0223 0.034 0.0019 0
 0.707729 0.231977 0.0356964 0.0245975 0
 0.517169 0.277429 0.184464 0.0207286 0.00020938
 0.811772 0.124168 0.05621 0.00726502 0.000585176
 0.764997 0.148141 0.077277 0.00933861 0.000247198
 0.163321 0.427699 0.378323 0.0303852 0.000271297
 0.753843 0.0900009 0.118128 0.0371064 0.000921714
 0.721811 0.176058 0.0630433 0.0369309 0.00215725
 0.143369 0.312575 0.442814 0.0836902 0.0175525
 0.692698 0.0596174 0.167031 0.0765114 0.00414204
 0.394062 0.376323 0.152708 0.0712218 0.00568511
 0.125707 0.32114 0.495352 0.0537591 0.00404204
 0.23352 0.215282 0.420074 0.123614 0.00750983
 0.796117 0.104755 0.0508955 0.0450114 0.00322123
 0.162477 0.292055 0.404252 0.121198 0.0200186
pf_pred 
 0.665753 0.146779 0.172215 0.015251 8.30602e-07
 0.617348 0.276296 0.0467047 0.0547984 0.0048531
 0.73278 0.183972 0.0601096 0.0101608 0.0129775
 0.845887 0.121692 0.0223209 0.00729295 0.00280732
 0.749541 0.221375 0.0229652 0.00421232 0.00190608
 0.827639 0.136685 0.0315334 0.00327123 0.000871524
 0.503126 0.428255 0.0544159 0.0125539 0.00164928
 0.524343 0.280696 0.168036 0.0213514 0.00557294
 0.61061 0.22709 0.0957771 0.0573361 0.00918692
 0.838332 0.111227 0.0294171 0.0124069 0.00861734
 0.957081 0.0385552 0.00300234 0.000794055 0.000567506
 0.871173 0.124503 0.00388397 0.000302449 0.000137161
 0.725046 0.249016 0.0250674 0.000781998 8.85109e-05
 0.8799 0.0959994 0.021827 0.00219723 7.63026e-05
 0.964102 0.033582 0.0018516 0.00042099 4.3851e-05
 0.975191 0.0242199 0.000551538 3.04099e-05 7.63437e-06
 0.515947 0.475477 0.00837235 0.000190656 1.31512e-05
 0.949787 0.0299903 0.0198646 0.000349782 8.51472e-06
 0.768345 0.22308 0.0051218 0.00339252 6.11906e-05
 0.888079 0.0931744 0.0180525 0.000414476 0.000279487
 0.781559 0.200272 0.0151262 0.0029307 0.00011266
 0.843842 0.129592 0.0243565 0.00183961 0.000370125
 0.420496 0.512783 0.0553707 0.0104068 0.000944151
 0.893613 0.053754 0.0465727 0.00502895 0.00103093
 0.806927 0.177546 0.00784552 0.00679738 0.000884453
 0.563358 0.371461 0.0599387 0.00264862 0.00259336
 0.864042 0.0862844 0.0422585 0.0068188 0.000596343
 0.790293 0.187822 0.0138888 0.00680216 0.00119358
 0.556228 0.369802 0.0662511 0.00489904 0.00282036
 0.769287 0.144644 0.0717221 0.0128492 0.00149716
 0.827683 0.141085 0.0195806 0.00970907 0.00194208
 0.730463 0.234157 0.0289679 0.00402032 0.00239223
pobs_RECLAS
 0 0 0 0 0
 0 0 0 0 0
 0 0 0 0 0
 0 0 0 0 0
 0 0 0 0 0
 0 0 0 0 0
 0 0 0 0 0
 0 0 0 0 0
 0 0 0 0 0
 0 0 0 0 0
 0.991045 0.00858322 0.000360255 1.14367e-05 0
 0.934742 0.0480273 0.0164251 0.00080598 0
 0.827803 0.169806 0.00239088 0 0
 0.941827 0.0461693 0.0120037 0 0
 0.791401 0.0380133 0.147996 0.0225897 0
 0.846168 0.0940531 0.0597789 0 0
 0.134021 0.677848 0.182769 0.00536245 0
 0.80878 0.0450904 0.141981 0.00414843 0
 0.846168 0.0940531 0.0597789 0 0
 0.905697 0.0802665 0.012482 0.00150086 5.37128e-05
 0.989698 0.0102097 9.19794e-05 0 0
 0.975433 0.0193895 0.00387452 0.00125025 5.28907e-05
 0.303575 0.632131 0.0575291 0.00676475 0
 0.966965 0.00978017 0.0227588 0.000495775 0
 0.843318 0.132988 0.00938335 0.0141283 0.000182051
 0.564624 0.303363 0.111486 0.0197234 0.00080311
 0.826376 0.0876187 0.0782897 0.00655872 0.00115652
 0.89761 0.0855135 0.0140674 0.00269457 0.000114338
 0.34875 0.467042 0.161289 0.0227151 0.000203297
 0.318654 0.224769 0.449479 0.00709798 0
 0.937255 0.0296025 0.0250945 0.00804832 0
 0.456809 0.399803 0.12412 0.0192676 0
ppred_RECLAS
 0.623737 0.16523 0.193864 0.0171682 9.35011e-07
 0.57617 0.306029 0.0517307 0.0606954 0.00537535
 0.697902 0.207984 0.0679551 0.011487 0.0146713
 0.822732 0.139976 0.0256746 0.00838871 0.00322912
 0.712723 0.253918 0.0263411 0.00483154 0.00218628
 0.799732 0.158815 0.036639 0.00380088 0.00101263
 0.463135 0.462723 0.0587956 0.0135643 0.00178203
 0.477088 0.308583 0.18473 0.0234726 0.0061266
 0.571078 0.250145 0.105501 0.063157 0.0101196
 0.825108 0.120325 0.0318233 0.0134217 0.00932221
 0.948769 0.0460223 0.00358381 0.000947842 0.000677417
 0.852037 0.142997 0.00446092 0.000347376 0.000157535
 0.69624 0.275104 0.0276936 0.000863923 9.77837e-05
 0.876566 0.0986641 0.0224329 0.00225822 7.84206e-05
 0.959096 0.0382644 0.00210977 0.000479689 4.99652e-05
 0.970934 0.0283749 0.000646157 3.56269e-05 8.94408e-06
 0.474279 0.516407 0.00909305 0.000207068 1.42833e-05
 0.941024 0.0352237 0.023331 0.00041082 1.00006e-05
 0.741931 0.248516 0.00570579 0.00377933 6.81676e-05
 0.870346 0.107937 0.0209128 0.000480148 0.000323771
 0.750681 0.228581 0.0172644 0.00334497 0.000128585
 0.821558 0.148084 0.0278321 0.00210212 0.000422941
 0.381289 0.547476 0.0591168 0.0111109 0.00100803
 0.876018 0.0626447 0.0542756 0.00586072 0.00120144
 0.778626 0.203571 0.00899553 0.00779376 0.0010141
 0.519717 0.408588 0.0659295 0.00291334 0.00285256
 0.842133 0.100189 0.0490683 0.00791762 0.000692441
 0.758975 0.215872 0.015963 0.00781802 0.00137184
 0.512225 0.40647 0.0728203 0.00538481 0.00310002
 0.736926 0.164933 0.0817824 0.0146516 0.00170716
 0.802138 0.162 0.0224833 0.0111484 0.00222998
 0.692617 0.267034 0.0330353 0.00458481 0.00272813
pobs_PELACES
 0 0 0 0 0
 0 0 0 0 0
 0 0 0 0 0
 0 0 0 0 0
 0 0 0 0 0
 0 0 0 0 0
 0 0 0 0 0
 0 0 0 0 0
 0 0 0 0 0
 0 0 0 0 0
 0 0 0 0 0
 0 0 0 0 0
 0 0 0 0 0
 0 0 0 0 0
 0 0 0 0 0
 0 0 0 0 0
 0.505614 0.472636 0.0217494 0 0
 0 0 0 0 0
 0.443492 0.261883 0.143347 0.151278 0
 0.227955 0.32914 0.350689 0.0885471 0.00366901
 0.970185 0.0296113 0.000203453 0 0
 0.997202 0.00247181 0.000326279 0 0
 0.445219 0.490057 0.0546422 0.010081 0
 0.90214 0.0892962 0.00764917 0.000914606 0
 0 0 0 0 0
 0.581667 0.319106 0.0959925 0.00289975 0.000334073
 0.762889 0.0836404 0.116647 0.0363945 0.000428098
 0.88444 0.0763242 0.0277011 0.0115352 0
 0.521256 0.241999 0.230069 0.00667565 0
 0.616807 0.101726 0.260614 0.0208532 0
 0.833518 0.0704572 0.0857862 0.0102388 0
 0.697417 0.212968 0.0787535 0.0105354 0.000325836
ppred_PELACES
 0.561429 0.192592 0.225967 0.0200112 1.08985e-06
 0.518188 0.347895 0.0588077 0.0689988 0.00611072
 0.64627 0.243531 0.0795694 0.0134503 0.0171788
 0.786928 0.168247 0.0308603 0.010083 0.00388132
 0.654861 0.305061 0.0316467 0.0058047 0.00262664
 0.754796 0.194451 0.0448601 0.00465373 0.00123985
 0.409835 0.508662 0.0646328 0.0149109 0.00195895
 0.40988 0.348244 0.208473 0.0264895 0.00691403
 0.516057 0.282233 0.119034 0.0712585 0.0114177
 0.803836 0.13496 0.0356941 0.0150542 0.0104561
 0.93433 0.058993 0.00459385 0.00121498 0.000868336
 0.822452 0.171589 0.00535287 0.000416833 0.000189034
 0.65458 0.312835 0.0314917 0.00098241 0.000111195
 0.867191 0.106158 0.0241368 0.00242975 8.43772e-05
 0.951195 0.0456557 0.0025173 0.000572348 5.96167e-05
 0.964018 0.0351264 0.000799904 4.4104e-05 1.10722e-05
 0.418263 0.57143 0.0100619 0.000229131 1.58051e-05
 0.926727 0.0437631 0.0289873 0.000510417 1.24251e-05
 0.703154 0.285857 0.00656313 0.00434721 7.84103e-05
 0.84242 0.131186 0.0254172 0.000583566 0.000393507
 0.703855 0.271512 0.0205069 0.0039732 0.000152735
 0.787537 0.176318 0.0331386 0.00250291 0.000503579
 0.330561 0.592362 0.0639637 0.0120218 0.00109068
 0.847869 0.0768675 0.0665983 0.00719133 0.00147422
 0.73521 0.243495 0.0107597 0.00932226 0.00121298
 0.459163 0.460102 0.0742417 0.00328065 0.00321221
 0.807378 0.122246 0.0598709 0.00966073 0.000844885
 0.710367 0.259407 0.0191823 0.00939469 0.0016485
 0.451227 0.457301 0.0819268 0.0060582 0.00348769
 0.687934 0.195649 0.0970126 0.0173801 0.00202508
 0.762822 0.19419 0.0269508 0.0133636 0.00267308
 0.634506 0.317518 0.0392807 0.00545159 0.00324389
pobs_pel_tallas
 0 0 0 0 0 0 0 0 0 0 0 0 0 0 0 0 0 0 0 0 0 0 0 0 0 0
 0 0 0 0 0 0 0 0 0 0 0 0 0 0 0 0 0 0 0 0 0 0 0 0 0 0
 0 0 0 0 0 0 0 0 0 0 0 0 0 0 0 0 0 0 0 0 0 0 0 0 0 0
 0 0 0 0 0 0 0 0 0 0 0 0 0 0 0 0 0 0 0 0 0 0 0 0 0 0
 0 0 0 0 0 0 0 0 0 0 0 0 0 0 0 0 0 0 0 0 0 0 0 0 0 0
 0 0 0 0 0 0 0 0 0 0 0 0 0 0 0 0 0 0 0 0 0 0 0 0 0 0
 0 0 0 0 0 0 0 0 0 0 0 0 0 0 0 0 0 0 0 0 0 0 0 0 0 0
 0 0 0 0 0 0 0 0 0 0 0 0 0 0 0 0 0 0 0 0 0 0 0 0 0 0
 0 0 0 0 0 0 0 0 0 0 0 0 0 0 0 0 0 0 0 0 0 0 0 0 0 0
 0 0 0 0 0 0 0 0 0 0 0 0 0 0 0 0 0 0 0 0 0 0 0 0 0 0
 0 0 0 0 0 0 0 0 0 0 0 0 0 0 0 0 0 0 0 0 0 0 0 0 0 0
 0 0 0 0 0 0 0 0 0 0 0 0 0 0 0 0 0 0 0 0 0 0 0 0 0 0
 0.00862536 0 0 0.000197151 0.00414017 0.0128641 0.00837892 0.0270097 0.101434 0.158115 0.152841 0.127902 0.109271 0.109419 0.0830992 0.0579132 0.0238553 0.00714673 0.00463305 0.00128148 0.00103504 0.000492878 0.000147863 0.000147863 4.92878e-05 0
 0 0 0 0 0 0 0 0 0 0 0 0 0 0 0 0 0 0 0 0 0 0 0 0 0 0
 0 0 0 0 0 0 0 0.0054083 0.00873648 0.0413646 0.0450493 0.0745869 0.0622846 0.0627006 0.0613931 0.0827291 0.12552 0.122667 0.0946155 0.0697135 0.0546179 0.0294188 0.0215738 0.0213955 0.0102223 0.00600262
 0 0 0 0 0.00359764 0.0251062 0.0480494 0.140153 0.205849 0.193036 0.1447 0.116669 0.0760912 0.0342217 0.00950174 0.001854 0.000860785 0 0 0 0.000165536 0 0.000143464 0 0 0
 0 0 0 0 0 0 0 0.000145254 0.000435761 0.0275982 0.070085 0.0708112 0.156366 0.174668 0.174014 0.160142 0.0824315 0.0480064 0.0283245 0.00493863 0.00203355 0 0 0 0 0
 0 0 0 0 0 0 0 0 0 0 0 0 0 0 0 0 0 0 0 0 0 0 0 0 0 0
 0 0 1.00437e-05 0.000401748 0.00122533 0.00171747 0.00176769 0.0269171 0.070346 0.194647 0.189555 0.159765 0.064822 0.0314167 0.0384472 0.0292271 0.0345202 0.0313363 0.0194345 0.0106764 0.0143323 0.0359363 0.0279516 0.0138201 0.00172751 0
 0 0.0021121 0.0136068 0.0755702 0.200478 0.177729 0.0527432 0.0373336 0.0318909 0.0142505 0.0149659 0.0166563 0.0217959 0.0798694 0.0677717 0.0528807 0.04013 0.0224614 0.0357745 0.0225083 0.00881397 0.00855152 0.00135912 0.000746735 0 0
 0 0 0 0 5.4009e-05 0.00500934 0.000945158 0.0243581 0.138947 0.33067 0.221406 0.137944 0.0707744 0.0437923 0.0131692 0.00525238 0.0047753 0.00276346 9.45158e-05 9.00151e-06 2.25038e-05 9.00151e-06 4.50075e-06 0 0 0
 0.000866109 0.00284123 0.00948549 0.0512746 0.133035 0.25785 0.225252 0.132002 0.0553304 0.0519788 0.0540692 0.017754 0.00435017 0.00159236 0.00146478 0.000404838 0.000125132 0.000115318 0.000107957 0.000100596 0 0 0 0 0 0
 0 0 0 0 0.00144013 0.00171154 0.00461396 0.0210425 0.0478622 0.0707936 0.0888783 0.103762 0.0637923 0.0337046 0.0602308 0.124433 0.169614 0.0934646 0.0462172 0.0250306 0.0313229 0.00938855 0.002487 0.000210481 0 0
 0 0.00764035 0.051015 0.0998891 0.058973 0.0496711 0.0374665 0.0718981 0.12319 0.153886 0.159021 0.0857701 0.0377988 0.023471 0.0147837 0.00900784 0.00315554 0.000888139 0.00291439 0.00214683 0.00393193 0.00274676 0.000635225 9.99891e-05 0 0
 0 0 0 0 0 0 0 0 0 0 0 0 0 0 0 0 0 0 0 0 0 0 0 0 0 0
 0 0 0 0 0 0 0 0 0 0 0 0 0 0 0 0 0 0 0 0 0 0 0 0 0 0
 0 0 0 0 0 0 0 0 0 0 0 0 0 0 0 0 0 0 0 0 0 0 0 0 0 0
 0 0 0 0 0 0 0 0 0 0 0 0 0 0 0 0 0 0 0 0 0 0 0 0 0 0
 0 0 0 0 0 0 0 0 0 0 0 0 0 0 0 0 0 0 0 0 0 0 0 0 0 0
 0 0 0 0 0 0 0 0 0 0 0 0 0 0 0 0 0 0 0 0 0 0 0 0 0 0
 0 0 0 0 0 0 0 0 0 0 0 0 0 0 0 0 0 0 0 0 0 0 0 0 0 0
 0 0 0 0 0 0 0 0 0 0 0 0 0 0 0 0 0 0 0 0 0 0 0 0 0 0
ppred_pel_tallas
 1.08578e-16 4.62442e-05 0.00044951 0.00298715 0.0135792 0.04225 0.0900187 0.131389 0.131408 0.0901111 0.042561 0.0144815 0.00526715 0.0054761 0.00973697 0.0163996 0.0244923 0.0326124 0.039292 0.0437459 0.0461421 0.0471088 0.0469614 0.0453919 0.0418589 0.0362333
 1.0974e-16 4.26825e-05 0.00041489 0.00275709 0.0125333 0.0389961 0.0830865 0.121274 0.121308 0.0832505 0.039547 0.0141251 0.00675456 0.00914853 0.0166515 0.0275217 0.0397943 0.050387 0.0562092 0.0559005 0.0506544 0.0433772 0.0368598 0.0323887 0.0296181 0.0273995
 1.06615e-16 5.32325e-05 0.000517439 0.00343856 0.0156312 0.0486347 0.103622 0.151244 0.151268 0.103737 0.0490213 0.016749 0.00624799 0.00666261 0.0117599 0.0194516 0.0282376 0.0359787 0.0405231 0.0408767 0.03776 0.0330354 0.0284916 0.0249572 0.0222683 0.019832
 1.02602e-16 6.48183e-05 0.000630057 0.00418695 0.0190333 0.0592196 0.126174 0.184159 0.184175 0.126254 0.059486 0.0198027 0.00611893 0.0048498 0.0080854 0.0132816 0.0191676 0.0241922 0.0268198 0.0263453 0.0233044 0.0190905 0.0150968 0.012057 0.009967 0.00843916
 1.02018e-16 5.39401e-05 0.000524317 0.00348427 0.015839 0.0492812 0.105 0.153256 0.153286 0.105143 0.0497632 0.0172309 0.00697724 0.00814632 0.0145202 0.0238947 0.0343577 0.043082 0.0472211 0.0454582 0.0387908 0.0298583 0.0213796 0.0149091 0.0106263 0.00791617
 1.02021e-16 6.21716e-05 0.00060433 0.00401598 0.0182561 0.0568016 0.121022 0.17664 0.176659 0.121114 0.0571096 0.0191461 0.00625131 0.00548811 0.0093491 0.0153878 0.0222303 0.0280978 0.0312111 0.0307341 0.0272447 0.0223006 0.0174694 0.0135938 0.0107185 0.00849238
 1.03823e-16 3.37577e-05 0.000328137 0.00218059 0.00991265 0.0308422 0.0657144 0.0959224 0.0959714 0.0659539 0.0316463 0.012235 0.00800937 0.0130503 0.0241893 0.0399197 0.0574629 0.0721755 0.0793374 0.0767602 0.0660811 0.0516378 0.0378721 0.0272851 0.0201208 0.0153578
 1.09932e-16 3.37613e-05 0.000328172 0.00218082 0.00991372 0.0308454 0.0657207 0.0959284 0.0959622 0.0658861 0.0314014 0.0115227 0.00623168 0.00921135 0.017022 0.0283936 0.0416118 0.0538131 0.062046 0.0648714 0.0630648 0.0587811 0.0539354 0.0491734 0.0440708 0.0380501
 1.12586e-16 4.2507e-05 0.000413183 0.00274575 0.0124818 0.0388356 0.0827445 0.120774 0.120801 0.0828782 0.039285 0.0137816 0.00601592 0.00757669 0.0137208 0.0228114 0.0333225 0.042903 0.0491892 0.0511296 0.049566 0.0465102 0.0437164 0.0417071 0.0398571 0.0371911
 1.04344e-16 6.62109e-05 0.000643594 0.00427691 0.0194422 0.060492 0.128885 0.188114 0.188127 0.128949 0.0607061 0.0200609 0.0058316 0.00404286 0.00653805 0.0107467 0.0155773 0.0198107 0.0222557 0.0223789 0.020614 0.0180377 0.0156772 0.013996 0.0128621 0.0118677
 1.00417e-16 7.69595e-05 0.000748074 0.00497121 0.0225984 0.0703121 0.149808 0.21865 0.218655 0.149835 0.0704053 0.0228674 0.00564617 0.00222055 0.00287065 0.00461661 0.00662573 0.00829588 0.00907109 0.00869747 0.00737248 0.00561492 0.00396039 0.00271678 0.00191976 0.00144386
 1.00273e-16 6.77443e-05 0.000658499 0.00437596 0.0198925 0.061893 0.13187 0.192472 0.192488 0.131951 0.0621636 0.0206739 0.00633589 0.00493195 0.00816875 0.0133578 0.0191428 0.0238759 0.0259281 0.0245489 0.0203205 0.0147877 0.00956921 0.00563191 0.00313916 0.00175549
 1.01107e-16 5.3917e-05 0.000524092 0.00348278 0.0158322 0.0492601 0.104955 0.153191 0.153221 0.105102 0.0497543 0.0172593 0.0070638 0.00833748 0.014881 0.0244839 0.0351881 0.0440846 0.0482391 0.0462852 0.0392332 0.0297896 0.0207618 0.0137848 0.00909919 0.00613219
 1.00982e-16 7.14294e-05 0.000694319 0.00461399 0.0209746 0.0652597 0.139043 0.202939 0.20295 0.139093 0.0654278 0.0214604 0.00583418 0.00336008 0.00514022 0.00840027 0.0121295 0.0153252 0.0170124 0.0167327 0.0148009 0.0120679 0.00939235 0.00723869 0.00563704 0.00440102
 1.00152e-16 7.83487e-05 0.000761577 0.00506095 0.0230063 0.0715813 0.152512 0.222596 0.2226 0.152533 0.0716533 0.0232144 0.00558287 0.00189989 0.0022371 0.00356619 0.00511036 0.00638559 0.00695723 0.00662649 0.00554648 0.0041228 0.00277777 0.00175965 0.00110551 0.000724546
 1.00039e-16 7.94049e-05 0.000771844 0.00512918 0.0233165 0.0725463 0.154568 0.225597 0.2256 0.154584 0.0726017 0.0234764 0.00553029 0.00164635 0.00173695 0.00273715 0.00391477 0.00487952 0.00529337 0.0050023 0.00412607 0.00298236 0.00190459 0.00109272 0.000581478 0.000302206
 1.00463e-16 3.44519e-05 0.000334885 0.00222543 0.0101165 0.0314765 0.0670661 0.0978964 0.0979514 0.0673346 0.0323777 0.0127179 0.00874954 0.014558 0.0269908 0.0444195 0.0636385 0.0792974 0.0859675 0.0811458 0.0667861 0.0480708 0.030445 0.0171818 0.00885869 0.00435861
 1.00902e-16 7.63333e-05 0.000741986 0.00493076 0.0224145 0.0697399 0.148588 0.21687 0.216874 0.148609 0.0698099 0.0226169 0.00544051 0.00186022 0.00221594 0.00358371 0.00525009 0.00679802 0.00784966 0.00821623 0.00798185 0.00740153 0.00670479 0.00597463 0.00517717 0.00427315
 1.00712e-16 5.7918e-05 0.000562983 0.00374122 0.0170071 0.0529155 0.112743 0.164557 0.164585 0.112877 0.0533664 0.0183087 0.00700584 0.00768087 0.0135502 0.0222419 0.0318762 0.0397523 0.0431624 0.0408636 0.0338366 0.0246668 0.016057 0.00961217 0.00558479 0.00338693
 1.00893e-16 6.9389e-05 0.000674486 0.0044822 0.0203754 0.0633956 0.135071 0.197143 0.197156 0.135133 0.0636032 0.0209753 0.00598827 0.00396357 0.00631971 0.0103473 0.0149198 0.0188025 0.0207809 0.0202841 0.0177079 0.0141268 0.0106368 0.00785023 0.00583224 0.00435999
 1.01086e-16 5.79757e-05 0.000563544 0.00374495 0.017024 0.0529682 0.112855 0.164721 0.164747 0.112983 0.0533969 0.0182619 0.00685081 0.00733878 0.0129109 0.0212146 0.030465 0.0381204 0.0416294 0.0398122 0.0335668 0.0252771 0.0174166 0.0114269 0.00751076 0.00513562
 1.01338e-16 6.48684e-05 0.000630544 0.00419019 0.019048 0.0592654 0.126272 0.184301 0.184318 0.126355 0.0595445 0.0198541 0.00621419 0.00505063 0.00846416 0.0139023 0.0200473 0.0252629 0.0279202 0.0272553 0.0238055 0.01902 0.0143744 0.0106881 0.00803874 0.00611246
 1.03388e-16 2.7228e-05 0.000264666 0.0017588 0.0079953 0.0248766 0.0530044 0.0773735 0.0774305 0.0532832 0.0258126 0.0106983 0.00854212 0.015067 0.0281227 0.0464048 0.066739 0.083699 0.0917601 0.0883591 0.0754173 0.0580406 0.0414899 0.0287772 0.0202643 0.0147916
 1.02913e-16 6.98378e-05 0.000678849 0.00451119 0.0205072 0.0638056 0.135945 0.198417 0.198424 0.135981 0.063929 0.0208647 0.00541278 0.00266101 0.00387521 0.00640249 0.00946404 0.0124168 0.0146383 0.0158148 0.0160712 0.0157796 0.0152234 0.0144176 0.0132046 0.0114839
 1.01513e-16 6.05584e-05 0.000588649 0.00391178 0.0177824 0.0553278 0.117883 0.172058 0.172081 0.117997 0.0557121 0.0188919 0.00669503 0.00665878 0.0115721 0.0189918 0.0272516 0.0340602 0.0371304 0.035418 0.0297586 0.0223307 0.0153882 0.0102335 0.00701822 0.00519915
 1.03133e-16 3.78208e-05 0.000367631 0.00244304 0.0111057 0.0345543 0.0736233 0.107465 0.107509 0.07384 0.0352821 0.0132079 0.00772012 0.0118887 0.0219217 0.0361884 0.0521413 0.065591 0.0722742 0.0701942 0.0607817 0.0478828 0.0354371 0.0256667 0.0188183 0.0140585
 1.02871e-16 6.65027e-05 0.00064643 0.00429575 0.0195279 0.0607585 0.129453 0.188943 0.188955 0.129511 0.0609532 0.0200912 0.00571295 0.00375098 0.00599423 0.00988684 0.0144278 0.0185432 0.0211719 0.0218049 0.0207424 0.0188047 0.0167513 0.0148894 0.0131127 0.0112061
 1.01842e-16 5.8512e-05 0.000568758 0.0037796 0.0171815 0.0534582 0.113899 0.166245 0.16627 0.114021 0.0538679 0.0183644 0.00674745 0.00704337 0.0123426 0.0202799 0.0291333 0.03648 0.0398945 0.0382649 0.0324631 0.0247717 0.0175425 0.0121196 0.00864601 0.00655746
 1.03679e-16 3.7167e-05 0.000361277 0.00240081 0.0109138 0.0339571 0.0723507 0.105607 0.105651 0.0725662 0.0346807 0.0130041 0.00764894 0.0118214 0.0218117 0.0360248 0.051946 0.0654306 0.0722589 0.0704535 0.0614226 0.0489486 0.0368864 0.0273806 0.020632 0.0158034
 1.04936e-16 5.66642e-05 0.000550796 0.00366024 0.0166389 0.0517699 0.110302 0.160993 0.161012 0.110395 0.0520816 0.0175406 0.00592904 0.00552136 0.00954872 0.0158322 0.0231181 0.0297328 0.0339878 0.035074 0.0334738 0.0304957 0.0273423 0.0244857 0.0217337 0.0187241
 1.0262e-16 6.28327e-05 0.000610756 0.00405869 0.0184502 0.0574056 0.122309 0.178518 0.178537 0.122401 0.0577127 0.0193373 0.00628556 0.00547249 0.00929768 0.0152759 0.0220109 0.0277065 0.0305785 0.0298119 0.026044 0.0209232 0.0161106 0.0124995 0.0101068 0.008473
 1.02311e-16 5.22634e-05 0.000508019 0.00337597 0.0153467 0.0477494 0.101736 0.148493 0.148524 0.101886 0.0482513 0.0167961 0.0070138 0.00844765 0.0151258 0.0249091 0.0358434 0.0450005 0.0494268 0.0477524 0.0410005 0.0318877 0.0232034 0.0165301 0.0120389 0.00910094
pSPR Fmed_Fpbrs
0.541178   0.210257 0.210257
Fs Fmed_Fpbrs
0.34   1.005 1.005
SSBpbr Bo_Bmed_Bpbrs
482511  236999  77325.7 77325.7
Ro
93023.8
SPR SPRFo_SPRFmed_SPRFpbrs
669595 362370 140787
Fref
1.005
Nvult_r0
 55574.4 15351.9 1899.21 263.583 156.841
CTP_r0
 24906.4 7695.09 951.972 132.12 78.616
YTP_r0
439658
Np
 95706.7 15629.5 2362.44 583.249 81.8711
Nvult_p0
 80077.2 13524.8 2044.31 504.709 70.8463
CTP_p0
 35887.6 7609.55 1878.68 232.415 40.1307
 35887.6 6779.28 1024.7 252.984 35.5115
YTP_p0
 457293 422731
CBA_c0
444949
log_Ro
11.2606
likeval ReclasPelacesDesembMPH_pf_preclas_ppelaces_ptallas_desvR_qrecl_qpela
 35.2901 32.7915 0.0249377 91.3596 266.404 136.343 119.5 0 22.6058 0.000126743 0.000224412 0.0272658 0 0 0
q_reclas_q_pelaces
4.91416 8.31905
M
1
N
 143364 26402.2 30977.6 2743.31 0.149406
 95983.9 36765.8 6214.84 7291.84 645.786
 84159.5 18077.5 5906.48 998.424 1275.19
 128636 15923 2920.63 954.261 367.329
 92153.7 22491.6 2333.25 427.969 193.657
 194245 26744.7 6170.04 640.071 170.528
 68894.5 50963.6 6475.65 1493.94 196.27
 23625.9 10396.4 6223.73 790.814 206.411
 22587.1 7269.04 3065.77 1835.3 294.069
 30018.3 3636.73 961.838 405.663 281.757
 51323.8 1717.32 133.73 35.3687 25.2778
 113237 14055.9 438.486 34.1454 15.485
 56598 17241.1 1735.59 54.1431 6.12822
 59602 6075.52 1381.37 139.056 4.82897
 53177.1 1648.92 90.9156 20.6711 2.15314
 247808 5332.11 121.423 6.69487 1.68074
 49360.3 39193 690.122 15.7156 1.08404
 312643 8463.85 5606.19 98.7154 2.40302
 223716 57471.1 1319.51 874 15.7643
 277764 25092.2 4861.6 111.62 75.267
 219706 48082.6 3631.6 703.622 27.0482
 318983 42577.1 8002.26 604.398 121.603
 45531.2 48064.4 5190.03 975.453 88.4975
 142009 7290.56 6316.57 682.068 139.823
 147833 27782.1 1227.66 1063.65 138.398
 51129.1 28624.5 4618.83 204.1 199.842
 126128 10709.9 5245.26 846.371 74.0199
 129396 25920.8 1916.76 938.747 164.723
 52795.1 29743.4 5328.62 394.033 226.843
 70859 11345.8 5625.81 1007.88 117.436
 97611.3 14277 1981.44 982.5 196.527
 66421.5 17740.9 2194.75 304.6 181.248
pred_Ctot
 28264.2 6231.43 7311.31 647.475 0.0352627
 31242.3 13982.6 2363.6 2773.2 245.603
 27252.4 6842.01 2235.5 377.886 482.638
 45276.5 6513.6 1194.74 390.359 150.263
 12537.2 3702.82 384.125 70.4571 31.882
 36196.1 5977.79 1379.09 143.065 38.1154
 27564.9 23462.9 2981.3 687.792 90.3599
 2480.06 1327.65 794.786 100.989 26.3592
 8574 3188.74 1344.87 805.096 129
 18409.1 2442.45 645.978 272.446 189.23
 8492 342.093 26.6392 7.0455 5.03538
 44993.7 6430.23 200.596 15.6206 7.08397
 27884 9576.72 964.049 30.0743 3.40397
 41799.2 4560.41 1036.88 104.378 3.62472
 27041.8 941.931 51.9348 11.8082 1.22996
 95492.6 2371.66 54.0077 2.9778 0.747573
 17703.9 16315.2 287.283 6.54205 0.451261
 104520 3300.29 2186.01 38.4919 0.937006
 107838 31309.4 718.847 476.142 8.58814
 98723 10357.7 2006.8 46.0751 31.0691
 69187.4 17729 1339.04 259.439 9.97322
 127772 19622.4 3687.99 278.548 56.0432
 17364.8 21175.9 2286.59 429.76 38.9898
 44213.5 2659.6 2304.29 248.818 51.0075
 46601.3 10253.5 453.091 392.56 51.0786
 14562.3 9601.93 1549.36 68.4643 67.036
 36875.4 3682.43 1803.5 291.012 25.4506
 31874.2 7575.27 560.165 274.346 48.1397
 14491.7 9634.64 1726.07 127.637 73.4804
 21263.3 3998.02 1982.42 355.157 41.3819
 33028.9 5630.05 781.37 387.443 77.4993
 12164.2 3899.34 482.394 66.9493 39.8372
F
 0.360817 0.446508 0.446508 0.446508 0.446508
 0.669515 0.828517 0.828517 0.828517 0.828517
 0.664949 0.822868 0.822868 0.822868 0.822868
 0.743847 0.920502 0.920502 0.920502 0.920502
 0.237123 0.293438 0.293438 0.293438 0.293438
 0.338011 0.418285 0.418285 0.418285 0.418285
 0.891112 1.10274 1.10274 1.10274 1.10274
 0.17872 0.221164 0.221164 0.221164 0.221164
 0.826297 1.02253 1.02253 1.02253 1.02253
 1.86104 2.30302 2.30302 2.30302 2.30302
 0.295109 0.365194 0.365194 0.365194 0.365194
 0.882188 1.0917 1.0917 1.0917 1.0917
 1.23171 1.52422 1.52422 1.52422 1.52422
 2.58757 3.20209 3.20209 3.20209 3.20209
 1.29988 1.60859 1.60859 1.60859 1.60859
 0.844155 1.04463 1.04463 1.04463 1.04463
 0.763342 0.944627 0.944627 0.944627 0.944627
 0.69378 0.858546 0.858546 0.858546 0.858546
 1.18782 1.46991 1.46991 1.46991 1.46991
 0.753851 0.932882 0.932882 0.932882 0.932882
 0.640973 0.793197 0.793197 0.793197 0.793197
 0.892596 1.10458 1.10458 1.10458 1.10458
 0.831817 1.02936 1.02936 1.02936 1.02936
 0.6315 0.781474 0.781474 0.781474 0.781474
 0.641824 0.79425 0.79425 0.79425 0.79425
 0.563187 0.696938 0.696938 0.696938 0.696938
 0.582254 0.720534 0.720534 0.720534 0.720534
 0.470271 0.581955 0.581955 0.581955 0.581955
 0.537573 0.665241 0.665241 0.665241 0.665241
 0.602042 0.745021 0.745021 0.745021 0.745021
 0.705121 0.87258 0.87258 0.87258 0.87258
 0.331326 0.410013 0.410013 0.410013 0.410013
YTP_r0W_actual
 214195 190838 26560 4928.07 3136.78
YTP_p0W_proyectada
 270593 132787 45219.9 7279.23 1414.61
 270593 118298 24664.6 7923.45 1251.78
CTP_r0_actual
 24906.4 7695.09 951.972 132.12 78.616
CTP_p0_proyectada
 35887.6 7609.55 1878.68 232.415 40.1307
 35887.6 6779.28 1024.7 252.984 35.5115
Wmedp
 7.54 17.45 24.07 31.32 35.25
Frms_r0
 0.812128 1.005 1.005 1.005 1.005
Zrms_r0
 1.81213 2.005 2.005 2.005 2.005
nmprior
 7.29 8.9 8.7 0
nm_flota  nm_reclas  nm_pelaces    nm_pelaL
inf 12.1219 10.4044 26.5525
cv_recla  cv_pelaces  cv_mph
0.262766 0.522745 0.780425
 ------------------------------------------------
Talla a la edad & desviaci?n 
 8 13.2811 15.8009 17.003 17.5766
 0.8 1.32811 1.58009 1.7003 1.75766
