    unsorted:	 2.349291215e-06 1.214242210e-05 5.879380737e-05 8.766366253e-05 0.2559519024 3.605684677 7.165271212 12.29507718 31.82677215 55.56518029 89.01746956 149.2431211 198.6929817 217.7195408 259.2508672 435.8368903 2325.183025 2315.541062 2267.111108 2380.616877 2207.448427 2170.285951 2516.275672 2495.306903 2586.251914 2077.896103 2630.600503 1756.793985 1718.543315 1583.114981 1627.900023 2737.829189 1383.923051 1216.153247 774.6147135 1018.898113 3010.835616 3193.123046 3370.918121 3527.253142 3758.375645 4078.355488 4098.738746 4290.861854 4618.162675 4730.146485 4868.916819 10702.66513 24902.50056 42726.92586 148712.2277 386053.0950 388304.4344 383908.0931 374387.2314 369848.0492 363098.1750 344492.9123 310974.4204 438194.5620 448617.0860 577850.9732 589011.2467 626187.8060 663275.9369 706258.9090 741913.6723 809330.8540 1065643.967 1039565.332 1209922.374 1399695.985 1539001.160 1821197.685 2010748.373 2172607.543 2241868.206 2354950.207 2577362.674 2796467.282 3009772.683 3506804.396 22353018.59 216962387.9
      sorted:	 2.349291215e-06 1.214242210e-05 5.879380737e-05 8.766366253e-05 0.2559519024 3.605684677 7.165271212 12.29507718 31.82677215 55.56518029 89.01746956 149.2431211 198.6929817 217.7195408 259.2508672 435.8368903 774.6147135 1018.898113 1216.153247 1383.923051 1583.114981 1627.900023 1718.543315 1756.793985 2077.896103 2170.285951 2207.448427 2267.111108 2315.541062 2325.183025 2380.616877 2495.306903 2516.275672 2586.251914 2630.600503 2737.829189 3010.835616 3193.123046 3370.918121 3527.253142 3758.375645 4078.355488 4098.738746 4290.861854 4618.162675 4730.146485 4868.916819 10702.66513 24902.50056 42726.92586 148712.2277 310974.4204 344492.9123 363098.1750 369848.0492 374387.2314 383908.0931 386053.0950 388304.4344 438194.5620 448617.0860 577850.9732 589011.2467 626187.8060 663275.9369 706258.9090 741913.6723 809330.8540 1039565.332 1065643.967 1209922.374 1399695.985 1539001.160 1821197.685 2010748.373 2172607.543 2241868.206 2354950.207 2577362.674 2796467.282 3009772.683 3506804.396 22353018.59 216962387.9
