years
 1991 1992 1993 1994 1995 1996 1997 1998 1999 2000 2001 2002 2003 2004 2005 2006 2007 2008 2009 2010 2011 2012 2013 2014 2015 2016 2017 2018 2019 2020 2021
reclasobs
 0 0 0 0 0 0 0 0 0 252601 567819 844713 477998 351125 339783 2.1784e+06 2.13404e+06 4.81314e+06 1.55562e+06 2.62356e+06 3.21686e+06 3.843e+06 1.13348e+06 3.07943e+06 1.97215e+06 2.03268e+06 2.025e+06 2.42433e+06 2.27542e+06 1.05018e+06 2.36338e+06
reclaspred
 4.11627e+06 2.29708e+06 1.11759e+06 972044 1.06225e+06 1.6653e+06 1.05969e+06 796570 489157 286329 495664 805397 658642 213612 370112 1.52692e+06 2.21667e+06 2.51178e+06 2.34977e+06 2.28272e+06 4.30045e+06 2.80237e+06 1.84469e+06 2.2953e+06 1.99313e+06 1.80587e+06 2.49413e+06 2.4989e+06 2.34459e+06 1.47627e+06 2.81389e+06
pelacesobs
 0 0 0 0 0 0 0 0 0 0 0 0 0 0 0 552880 188675 0 991730 2.46772e+06 1.41603e+06 1.21717e+06 2.29649e+06 1.80582e+06 0 1.4828e+06 1.56532e+06 1.57751e+06 1.42118e+06 867257 1.10002e+06
pelacespred
 785589 460084 221003 155670 191720 300839 165512 164219 91757.8 45714.7 97455 127666 110988 26183.2 67328.4 255971 373124 452869 445104 405709 731633 543485 345287 471909 395360 349312 573161 547667 438356 307186 518385
mphobs
 0 0 0 0 0 0 0 0 0 0 0 0 498337 0 5186 125008 0 168611 109162 213762 579715 649985 157893 87575 83554 210694 70296 0 107559 103333 445601
mphpred
 1.64308e+06 1.1016e+06 521973 288127 320883 394869 533345 249192 218420 110495 64897.5 248629 244281 125693 27201.8 135265 776529 664185 708036 669213 963071 1.1069e+06 652981 441420 763835 553915 509744 863780 916015 599595 379807
desembarqueobs
 494567 514787 250237 358949 120608 361735 552515 73892 212993 205616 52469 317467 293654 387597 252695 516296 358380 742168 942051 627588 828172 859565 418607 520667 417249 300574 415391 372974 316634 284311 391294
desembarquepred
 494568 514059 250580 358975 120613 361737 552537 73898.5 213077 205673 52471.5 317562 293743 387904 252660 516276 358550 742181 941468 627226 828265 859737 418670 520778 417311 300552 415358 372993 316634 284231 391251
Reclutas
 161305 93240 87957.5 133999 104688 191573 73513.4 28335.4 26563.5 42479.8 98851.2 109820 79201.4 44327.5 75703.8 438315 73835.7 328471 394397 344465 374932 299637 66330.9 224151 175295 89005 276399 184091 64106.9 81119.7 367556
log_desv_Rt
 0.259328 -0.288795 -0.347118 0.0738582 -0.172984 0.431297 -0.526504 -1.47986 -1.54443 -1.07494 -0.230355 -0.12513 -0.451977 -1.03237 -0.497143 1.25897 -0.522129 0.970478 1.15339 1.01802 1.10277 0.878602 -0.629315 0.588348 0.342499 -0.335279 0.797876 0.391458 -0.66342 -0.428046 1.0829
SSB
 1.64308e+06 1.1016e+06 521973 288127 320883 394869 533345 249192 218420 110495 64897.5 248629 231561 121533 26161.1 131261 776529 664185 732154 689278 1.01651e+06 1.23588e+06 765872 492896 796534 615564 529665 863780 951921 583400 418821
BT
 2.39244e+06 1.66044e+06 798706 790279 651551 1.33534e+06 921463 564501 481531 347384 424207 666406 616870 487486 542958 1.48187e+06 1.2627e+06 2.1927e+06 2.41642e+06 1.80309e+06 3.09879e+06 2.33905e+06 1.3041e+06 2.22845e+06 1.48691e+06 1.29424e+06 2.55698e+06 2.03418e+06 1.36091e+06 1.1562e+06 2.27355e+06
Ftot
 0.245153 0.453605 0.447191 0.645083 0.216476 0.379792 0.964535 0.180168 0.777517 1.16456 0.167559 0.692675 0.78254 2.36512 0.950455 0.502189 0.32542 0.511984 0.674784 0.477058 0.350148 0.574538 0.449699 0.378788 0.397282 0.319101 0.277853 0.270572 0.281676 0.369008 0.222271
BD_Bspro_t
 0.961535 0.740141 0.512361 0.407284 0.405311 0.506067 0.505809 0.290606 0.334188 0.240175 0.198037 0.562523 0.409763 0.230752 0.0648652 0.255443 0.542097 0.477912 0.456927 0.408331 0.44663 0.48397 0.403245 0.350239 0.496089 0.485708 0.50404 0.63931 0.644889 0.53812 0.501946
BD_Bspro
 1.84959 1.24005 0.587578 0.324341 0.361213 0.444499 0.60038 0.280512 0.245873 0.124383 0.0730543 0.279878 0.260665 0.136808 0.0294492 0.147759 0.874128 0.747664 0.824176 0.775911 1.14427 1.39121 0.862132 0.554847 0.896648 0.692932 0.596237 0.972345 1.07157 0.656726 0.471461
BD_Bo
 1.46089 0.979452 0.464096 0.256179 0.285303 0.351086 0.474207 0.221561 0.194202 0.0982431 0.0577016 0.221061 0.205886 0.108058 0.0232604 0.116707 0.690427 0.59054 0.650972 0.61285 0.903801 1.09884 0.680951 0.438244 0.708214 0.54731 0.470935 0.768003 0.846372 0.518712 0.372382
BD_Brms
 8.71826 5.84514 2.76961 1.52882 1.70262 2.0952 2.82996 1.32222 1.15895 0.586291 0.34435 1.31924 1.22868 0.644862 0.138812 0.696479 4.1203 3.5242 3.88485 3.65734 5.39367 6.55763 4.06376 2.61533 4.22645 3.26621 2.81043 4.58326 5.05095 3.09555 2.22229
Sel_flota
 0.769874 1 1 1 1
 0.769874 1 1 1 1
 0.769874 1 1 1 1
 0.769874 1 1 1 1
 0.769874 1 1 1 1
 0.769874 1 1 1 1
 0.769874 1 1 1 1
 0.769874 1 1 1 1
 0.769874 1 1 1 1
 0.769874 1 1 1 1
 0.769874 1 1 1 1
 0.769874 1 1 1 1
 0.769874 1 1 1 1
 0.769874 1 1 1 1
 0.769874 1 1 1 1
 0.769874 1 1 1 1
 0.769874 1 1 1 1
 0.769874 1 1 1 1
 0.769874 1 1 1 1
 0.769874 1 1 1 1
 0.769874 1 1 1 1
 0.769874 1 1 1 1
 0.769874 1 1 1 1
 0.769874 1 1 1 1
 0.769874 1 1 1 1
 0.769874 1 1 1 1
 0.769874 1 1 1 1
 0.769874 1 1 1 1
 0.769874 1 1 1 1
 0.769874 1 1 1 1
 0.769874 1 1 1 1
Sel_reclas
 0.5 1 1 1 1
 0.5 1 1 1 1
 0.5 1 1 1 1
 0.5 1 1 1 1
 0.5 1 1 1 1
 0.5 1 1 1 1
 0.5 1 1 1 1
 0.5 1 1 1 1
 0.5 1 1 1 1
 0.5 1 1 1 1
 0.5 1 1 1 1
 0.5 1 1 1 1
 0.5 1 1 1 1
 0.5 1 1 1 1
 0.5 1 1 1 1
 0.5 1 1 1 1
 0.5 1 1 1 1
 0.5 1 1 1 1
 0.5 1 1 1 1
 0.5 1 1 1 1
 0.5 1 1 1 1
 0.5 1 1 1 1
 0.5 1 1 1 1
 0.5 1 1 1 1
 0.5 1 1 1 1
 0.5 1 1 1 1
 0.5 1 1 1 1
 0.5 1 1 1 1
 0.5 1 1 1 1
 0.5 1 1 1 1
 0.5 1 1 1 1
Sel_pelaces
 0.5 1 1 1 1
 0.5 1 1 1 1
 0.5 1 1 1 1
 0.5 1 1 1 1
 0.5 1 1 1 1
 0.5 1 1 1 1
 0.5 1 1 1 1
 0.5 1 1 1 1
 0.5 1 1 1 1
 0.5 1 1 1 1
 0.5 1 1 1 1
 0.5 1 1 1 1
 0.5 1 1 1 1
 0.5 1 1 1 1
 0.5 1 1 1 1
 0.5 1 1 1 1
 0.5 1 1 1 1
 0.5 1 1 1 1
 0.5 1 1 1 1
 0.5 1 1 1 1
 0.5 1 1 1 1
 0.5 1 1 1 1
 0.5 1 1 1 1
 0.5 1 1 1 1
 0.5 1 1 1 1
 0.5 1 1 1 1
 0.5 1 1 1 1
 0.5 1 1 1 1
 0.5 1 1 1 1
 0.5 1 1 1 1
 0.5 1 1 1 1
pf_obs 
 0.8446 0.082 0.0669 0.0065 0
 0.8095 0.147 0.0364 0.0071 0
 0.9664 0.0169 0.016 0.0007 0
 0.9276 0.0648 0.0075 0.0001 0
 0.7033 0.2144 0.0806 0.0017 0
 0.9318 0.0425 0.0243 0.0014 0
 0.5671 0.3108 0.0964 0.0239 0.0018
 0.0768 0.2599 0.5324 0.112 0.0189
 0.490249 0.384438 0.106611 0.0170017 0.00170017
 0.7925 0.1577 0.0466 0.003 0.0002
 0.840416 0.127587 0.0312969 0.00059994 9.999e-05
 0.8084 0.0986 0.0794 0.0134 0.0002
 0.7335 0.1905 0.0724 0.0035 0.0001
 0.4001 0.4547 0.1325 0.0127 0
 0.49795 0.308269 0.164784 0.0264974 0.00249975
 0.9179 0.0499 0.0305 0.0017 0
 0.2467 0.6533 0.0926 0.0074 0
 0.9418 0.0223 0.034 0.0019 0
 0.707729 0.231977 0.0356964 0.0245975 0
 0.517169 0.277429 0.184464 0.0207286 0.00020938
 0.811772 0.124168 0.05621 0.00726502 0.000585176
 0.764997 0.148141 0.077277 0.00933861 0.000247198
 0.163321 0.427699 0.378323 0.0303852 0.000271297
 0.753843 0.0900009 0.118128 0.0371064 0.000921714
 0.721811 0.176058 0.0630433 0.0369309 0.00215725
 0.143369 0.312575 0.442814 0.0836902 0.0175525
 0.692698 0.0596174 0.167031 0.0765114 0.00414204
 0.394062 0.376323 0.152708 0.0712218 0.00568511
 0.125707 0.32114 0.495352 0.0537591 0.00404204
 0.23352 0.215282 0.420074 0.123614 0.00750983
 0.796117 0.104755 0.0508955 0.0450114 0.00322123
pf_pred 
 0.53546 0.142345 0.300351 0.0218426 8.48915e-07
 0.480334 0.315769 0.0624784 0.131831 0.00958756
 0.620553 0.21302 0.101128 0.0200092 0.0452903
 0.767323 0.161359 0.0400378 0.0190073 0.0122733
 0.693271 0.252923 0.0373143 0.00925876 0.00723365
 0.778681 0.166325 0.0453466 0.0066901 0.00295693
 0.49076 0.421735 0.0657616 0.0179292 0.00381424
 0.50463 0.292753 0.1678 0.0261653 0.00865128
 0.580704 0.241343 0.105166 0.0602793 0.0125072
 0.816842 0.122412 0.0349645 0.015236 0.0105449
 0.913738 0.075358 0.0072876 0.00208155 0.00153482
 0.723767 0.257912 0.0160051 0.00154779 0.000768071
 0.684595 0.249174 0.0618383 0.00383745 0.000555263
 0.653814 0.262983 0.0657317 0.0163129 0.00115879
 0.949274 0.039789 0.00830824 0.00207661 0.000551969
 0.96215 0.0365442 0.00102401 0.000213821 6.76494e-05
 0.342045 0.639908 0.0174252 0.000488274 0.000134212
 0.838197 0.0669884 0.0922135 0.00251104 8.97029e-05
 0.776244 0.196589 0.0112476 0.015483 0.000436675
 0.727404 0.226916 0.0401338 0.00229621 0.00325001
 0.727795 0.214388 0.0481283 0.00851229 0.00117634
 0.643738 0.279593 0.0603844 0.0135558 0.0027289
 0.350204 0.466648 0.143734 0.0310425 0.00837166
 0.815486 0.0788286 0.0758975 0.0233774 0.00641047
 0.660845 0.29107 0.020543 0.0197791 0.00776281
 0.51952 0.349771 0.112178 0.00791722 0.0106146
 0.835253 0.0979976 0.0485907 0.0155839 0.00257447
 0.606933 0.342953 0.0298096 0.0147806 0.00552352
 0.383551 0.416439 0.17451 0.0151684 0.0103317
 0.608287 0.178861 0.143791 0.060256 0.00880485
 0.897363 0.0697807 0.0150024 0.0120608 0.00579264
pobs_RECLAS
 0 0 0 0 0
 0 0 0 0 0
 0 0 0 0 0
 0 0 0 0 0
 0 0 0 0 0
 0 0 0 0 0
 0 0 0 0 0
 0 0 0 0 0
 0 0 0 0 0
 0 0 0 0 0
 0.991045 0.00858322 0.000360255 1.14367e-05 0
 0.934742 0.0480273 0.0164251 0.00080598 0
 0.827803 0.169806 0.00239088 0 0
 0.941827 0.0461693 0.0120037 0 0
 0.791401 0.0380133 0.147996 0.0225897 0
 0.846168 0.0940531 0.0597789 0 0
 0.134021 0.677848 0.182769 0.00536245 0
 0.80878 0.0450904 0.141981 0.00414843 0
 0.846168 0.0940531 0.0597789 0 0
 0.905697 0.0802665 0.012482 0.00150086 5.37128e-05
 0.989698 0.0102097 9.19794e-05 0 0
 0.975433 0.0193895 0.00387452 0.00125025 5.28907e-05
 0.303575 0.632131 0.0575291 0.00676475 0
 0.966965 0.00978017 0.0227588 0.000495775 0
 0.843318 0.132988 0.00938335 0.0141283 0.000182051
 0.564624 0.303363 0.111486 0.0197234 0.00080311
 0.826376 0.0876187 0.0782897 0.00655872 0.00115652
 0.89761 0.0855135 0.0140674 0.00269457 0.000114338
 0.34875 0.467042 0.161289 0.0227151 0.000203297
 0.318654 0.224769 0.449479 0.00709798 0
 0.937255 0.0296025 0.0250945 0.00804832 0
ppred_RECLAS
 0.429484 0.174819 0.36887 0.0268256 1.04258e-06
 0.37789 0.378018 0.0747951 0.157819 0.0114776
 0.517961 0.270615 0.12847 0.0254192 0.0575356
 0.685748 0.21793 0.0540748 0.0256712 0.0165762
 0.595963 0.333161 0.049152 0.0121961 0.00952849
 0.697587 0.227269 0.0619623 0.00914145 0.0040404
 0.392667 0.502972 0.0784291 0.0213828 0.00454897
 0.399109 0.355114 0.203544 0.0317389 0.0104941
 0.479535 0.299575 0.130541 0.0748237 0.015525
 0.751379 0.166165 0.0474614 0.0206815 0.0143139
 0.873487 0.110521 0.0106881 0.00305283 0.00225099
 0.634635 0.341132 0.0211694 0.00204722 0.0010159
 0.590882 0.323208 0.0802117 0.00497764 0.000720242
 0.580827 0.318428 0.0795899 0.0197521 0.0014031
 0.92618 0.0579038 0.0120907 0.00302204 0.000803265
 0.943608 0.0544473 0.00152568 0.000318572 0.000100791
 0.253886 0.725648 0.0197599 0.000553697 0.000152195
 0.773301 0.0938563 0.129199 0.00351818 0.000125681
 0.696804 0.266383 0.0152408 0.0209798 0.000591705
 0.637023 0.302151 0.0534405 0.00305753 0.00432758
 0.636545 0.286256 0.0642621 0.0113658 0.00157068
 0.543893 0.357951 0.0773074 0.0173549 0.00349368
 0.26152 0.530336 0.16335 0.0352791 0.00951422
 0.743428 0.109613 0.105538 0.032507 0.00891395
 0.561054 0.376712 0.0265874 0.0255988 0.0100469
 0.414387 0.426304 0.136723 0.00964957 0.0129372
 0.768201 0.137883 0.0683672 0.0219266 0.00362228
 0.502273 0.434269 0.0377468 0.0187162 0.00699424
 0.289144 0.480215 0.201235 0.0174914 0.0119139
 0.504405 0.226295 0.181924 0.0762357 0.0111399
 0.850894 0.101374 0.0217948 0.0175214 0.00841529
pobs_PELACES
 0 0 0 0 0
 0 0 0 0 0
 0 0 0 0 0
 0 0 0 0 0
 0 0 0 0 0
 0 0 0 0 0
 0 0 0 0 0
 0 0 0 0 0
 0 0 0 0 0
 0 0 0 0 0
 0 0 0 0 0
 0 0 0 0 0
 0 0 0 0 0
 0 0 0 0 0
 0 0 0 0 0
 0 0 0 0 0
 0.505614 0.472636 0.0217494 0 0
 0 0 0 0 0
 0.443492 0.261883 0.143347 0.151278 0
 0.227955 0.32914 0.350689 0.0885471 0.00366901
 0.970185 0.0296113 0.000203453 0 0
 0.997202 0.00247181 0.000326279 0 0
 0.445219 0.490057 0.0546422 0.010081 0
 0.90214 0.0892962 0.00764917 0.000914606 0
 0 0 0 0 0
 0.581667 0.319106 0.0959925 0.00289975 0.000334073
 0.762889 0.0836404 0.116647 0.0363945 0.000428098
 0.88444 0.0763242 0.0277011 0.0115352 0
 0.521256 0.241999 0.230069 0.00667565 0
 0.616807 0.101726 0.260614 0.0208532 0
 0.833518 0.0704572 0.0857862 0.0102388 0
ppred_PELACES
 0.434052 0.173419 0.365917 0.0266108 1.03423e-06
 0.386022 0.373077 0.0738174 0.155756 0.0113276
 0.526434 0.265858 0.126212 0.0249724 0.0565242
 0.696207 0.210676 0.052275 0.0248167 0.0160245
 0.599915 0.329902 0.0486712 0.0120768 0.00943528
 0.703637 0.222723 0.0607228 0.00895858 0.00395957
 0.410265 0.488398 0.0761565 0.0207632 0.00441716
 0.402395 0.353172 0.202431 0.0315653 0.0104368
 0.494285 0.291085 0.126842 0.0727032 0.0150851
 0.76753 0.15537 0.0443781 0.019338 0.013384
 0.874886 0.109299 0.0105699 0.00301906 0.00222609
 0.646744 0.329827 0.0204678 0.00197937 0.000982234
 0.605167 0.311923 0.077411 0.00480384 0.000695095
 0.623817 0.28577 0.0714272 0.0177263 0.0012592
 0.930966 0.05415 0.0113069 0.00282612 0.00075119
 0.945603 0.0525207 0.00147169 0.0003073 9.72245e-05
 0.258596 0.721067 0.0196352 0.000550202 0.000151234
 0.780045 0.0910644 0.125355 0.00341353 0.000121943
 0.70752 0.256968 0.0147021 0.0202383 0.000570793
 0.645358 0.295213 0.0522134 0.00298733 0.00422821
 0.642675 0.281429 0.0631784 0.0111742 0.00154419
 0.554695 0.349474 0.0754766 0.0169439 0.00341095
 0.268169 0.525561 0.16188 0.0349615 0.00942855
 0.748876 0.107286 0.103297 0.0318167 0.00872466
 0.56847 0.370348 0.0261383 0.0251663 0.00987716
 0.420279 0.422014 0.135347 0.00955247 0.012807
 0.771937 0.135661 0.0672653 0.0215731 0.0035639
 0.50741 0.429788 0.0373573 0.0185231 0.00692207
 0.293561 0.477232 0.199985 0.0173828 0.0118399
 0.511409 0.223097 0.179353 0.0751584 0.0109825
 0.853023 0.099927 0.0214837 0.0172713 0.00829514
pobs_pel_tallas
 0 0 0 0 0 0 0 0 0 0 0 0 0 0 0 0 0 0 0 0 0 0 0 0 0 0
 0 0 0 0 0 0 0 0 0 0 0 0 0 0 0 0 0 0 0 0 0 0 0 0 0 0
 0 0 0 0 0 0 0 0 0 0 0 0 0 0 0 0 0 0 0 0 0 0 0 0 0 0
 0 0 0 0 0 0 0 0 0 0 0 0 0 0 0 0 0 0 0 0 0 0 0 0 0 0
 0 0 0 0 0 0 0 0 0 0 0 0 0 0 0 0 0 0 0 0 0 0 0 0 0 0
 0 0 0 0 0 0 0 0 0 0 0 0 0 0 0 0 0 0 0 0 0 0 0 0 0 0
 0 0 0 0 0 0 0 0 0 0 0 0 0 0 0 0 0 0 0 0 0 0 0 0 0 0
 0 0 0 0 0 0 0 0 0 0 0 0 0 0 0 0 0 0 0 0 0 0 0 0 0 0
 0 0 0 0 0 0 0 0 0 0 0 0 0 0 0 0 0 0 0 0 0 0 0 0 0 0
 0 0 0 0 0 0 0 0 0 0 0 0 0 0 0 0 0 0 0 0 0 0 0 0 0 0
 0 0 0 0 0 0 0 0 0 0 0 0 0 0 0 0 0 0 0 0 0 0 0 0 0 0
 0 0 0 0 0 0 0 0 0 0 0 0 0 0 0 0 0 0 0 0 0 0 0 0 0 0
 0.00862536 0 0 0.000197151 0.00414017 0.0128641 0.00837892 0.0270097 0.101434 0.158115 0.152841 0.127902 0.109271 0.109419 0.0830992 0.0579132 0.0238553 0.00714673 0.00463305 0.00128148 0.00103504 0.000492878 0.000147863 0.000147863 4.92878e-05 0
 0 0 0 0 0 0 0 0 0 0 0 0 0 0 0 0 0 0 0 0 0 0 0 0 0 0
 0 0 0 0 0 0 0 0.0054083 0.00873648 0.0413646 0.0450493 0.0745869 0.0622846 0.0627006 0.0613931 0.0827291 0.12552 0.122667 0.0946155 0.0697135 0.0546179 0.0294188 0.0215738 0.0213955 0.0102223 0.00600262
 0 0 0 0 0.00359764 0.0251062 0.0480494 0.140153 0.205849 0.193036 0.1447 0.116669 0.0760912 0.0342217 0.00950174 0.001854 0.000860785 0 0 0 0.000165536 0 0.000143464 0 0 0
 0 0 0 0 0 0 0 0.000145254 0.000435761 0.0275982 0.070085 0.0708112 0.156366 0.174668 0.174014 0.160142 0.0824315 0.0480064 0.0283245 0.00493863 0.00203355 0 0 0 0 0
 0 0 0 0 0 0 0 0 0 0 0 0 0 0 0 0 0 0 0 0 0 0 0 0 0 0
 0 0 1.00437e-05 0.000401748 0.00122533 0.00171747 0.00176769 0.0269171 0.070346 0.194647 0.189555 0.159765 0.064822 0.0314167 0.0384472 0.0292271 0.0345202 0.0313363 0.0194345 0.0106764 0.0143323 0.0359363 0.0279516 0.0138201 0.00172751 0
 0 0.0021121 0.0136068 0.0755702 0.200478 0.177729 0.0527432 0.0373336 0.0318909 0.0142505 0.0149659 0.0166563 0.0217959 0.0798694 0.0677717 0.0528807 0.04013 0.0224614 0.0357745 0.0225083 0.00881397 0.00855152 0.00135912 0.000746735 0 0
 0 0 0 0 5.4009e-05 0.00500934 0.000945158 0.0243581 0.138947 0.33067 0.221406 0.137944 0.0707744 0.0437923 0.0131692 0.00525238 0.0047753 0.00276346 9.45158e-05 9.00151e-06 2.25038e-05 9.00151e-06 4.50075e-06 0 0 0
 0.000866109 0.00284123 0.00948549 0.0512746 0.133035 0.25785 0.225252 0.132002 0.0553304 0.0519788 0.0540692 0.017754 0.00435017 0.00159236 0.00146478 0.000404838 0.000125132 0.000115318 0.000107957 0.000100596 0 0 0 0 0 0
 0 0 0 0 0.00144013 0.00171154 0.00461396 0.0210425 0.0478622 0.0707936 0.0888783 0.103762 0.0637923 0.0337046 0.0602308 0.124433 0.169614 0.0934646 0.0462172 0.0250306 0.0313229 0.00938855 0.002487 0.000210481 0 0
 0 0.00764035 0.051015 0.0998891 0.058973 0.0496711 0.0374665 0.0718981 0.12319 0.153886 0.159021 0.0857701 0.0377988 0.023471 0.0147837 0.00900784 0.00315554 0.000888139 0.00291439 0.00214683 0.00393193 0.00274676 0.000635225 9.99891e-05 0 0
 0 0 0 0 0 0 0 0 0 0 0 0 0 0 0 0 0 0 0 0 0 0 0 0 0 0
 0 0 0 0 0 0 0 0 0 0 0 0 0 0 0 0 0 0 0 0 0 0 0 0 0 0
 0 0 0 0 0 0 0 0 0 0 0 0 0 0 0 0 0 0 0 0 0 0 0 0 0 0
 0 0 0 0 0 0 0 0 0 0 0 0 0 0 0 0 0 0 0 0 0 0 0 0 0 0
 0 0 0 0 0 0 0 0 0 0 0 0 0 0 0 0 0 0 0 0 0 0 0 0 0 0
 0 0 0 0 0 0 0 0 0 0 0 0 0 0 0 0 0 0 0 0 0 0 0 0 0 0
 0 0 0 0 0 0 0 0 0 0 0 0 0 0 0 0 0 0 0 0 0 0 0 0 0 0
ppred_pel_tallas
 1.13273e-16 3.57523e-05 0.000347525 0.00230943 0.0104983 0.0326643 0.0695954 0.10158 0.101597 0.0696799 0.0329497 0.0113294 0.00442111 0.00504199 0.00919894 0.0157953 0.0242467 0.0335995 0.0427868 0.0511317 0.0584175 0.0643935 0.0682494 0.0687112 0.0647987 0.0566201
 1.19763e-16 3.17962e-05 0.00030907 0.00205388 0.00933667 0.02905 0.0618955 0.0903458 0.0903819 0.0620717 0.0296418 0.0110472 0.00635241 0.00970993 0.0179388 0.0297536 0.043228 0.0552002 0.0625327 0.0639512 0.0608565 0.0563252 0.0530704 0.0519433 0.0518976 0.0510752
 1.15781e-16 4.33617e-05 0.000421491 0.00280096 0.0127328 0.0396165 0.0844081 0.123202 0.123227 0.0845341 0.0400401 0.0139583 0.00588498 0.00717955 0.0129542 0.0215488 0.0315173 0.0406605 0.0467705 0.0488728 0.0477722 0.0453742 0.0433437 0.0421825 0.0412863 0.0396677
 1.06764e-16 5.73457e-05 0.000557421 0.00370426 0.016839 0.0523926 0.111629 0.16293 0.16295 0.111728 0.0527267 0.0178045 0.00613006 0.00586058 0.0101519 0.0167536 0.0242763 0.030849 0.0346116 0.0347337 0.0319016 0.0278131 0.0240911 0.0214728 0.0197534 0.0182829
 1.04297e-16 4.94142e-05 0.000480324 0.00319192 0.01451 0.0451463 0.0961901 0.140399 0.140431 0.0963455 0.0456681 0.0160172 0.00697536 0.00874049 0.0157397 0.0259501 0.0373957 0.0470669 0.0519289 0.0505863 0.0441095 0.0352929 0.0269662 0.0206738 0.0164852 0.01366
 1.03378e-16 5.79577e-05 0.000563369 0.00374379 0.0170187 0.0529517 0.11282 0.164669 0.16469 0.112925 0.0533048 0.0180394 0.00630792 0.00616822 0.010724 0.0176931 0.0256118 0.0324775 0.0362784 0.0360704 0.0325061 0.0273275 0.022259 0.0181835 0.015084 0.0125253
 1.05153e-16 3.37931e-05 0.000328481 0.00218288 0.00992306 0.0308746 0.0657833 0.0960225 0.0960696 0.0660134 0.0316472 0.0121547 0.00778521 0.0125605 0.0232707 0.0384337 0.0553996 0.0697455 0.0769764 0.0750114 0.0654061 0.0522598 0.0397275 0.0300851 0.0234646 0.0188404
 1.10864e-16 3.31448e-05 0.000322179 0.002141 0.00973268 0.0302822 0.0645206 0.094177 0.0942112 0.0646883 0.0308458 0.0113636 0.0062466 0.0093238 0.0172434 0.0287535 0.0421152 0.0544192 0.0626734 0.0654356 0.0635294 0.0591922 0.0544134 0.0498638 0.0450794 0.0393936
 1.13579e-16 4.07137e-05 0.000395751 0.00262991 0.0119552 0.0371972 0.0792536 0.115679 0.115707 0.0793916 0.0376608 0.0132963 0.0060042 0.00778844 0.0141598 0.0235547 0.0344283 0.0443681 0.0509465 0.0530852 0.0516498 0.0487006 0.0460219 0.044123 0.0423329 0.0396294
 1.05525e-16 6.32205e-05 0.000614525 0.00408374 0.0185641 0.0577599 0.123064 0.179619 0.179634 0.123137 0.0580064 0.0192768 0.00587498 0.00453201 0.00752476 0.0123974 0.0179905 0.0229213 0.0258297 0.0261095 0.0242588 0.0215031 0.0189982 0.0172434 0.016054 0.0149398
 1.01013e-16 7.20633e-05 0.000700481 0.00465494 0.0211607 0.0658388 0.140277 0.20474 0.204751 0.140328 0.0660115 0.0216594 0.0059063 0.00343102 0.00525441 0.0085636 0.0123084 0.0154351 0.0169232 0.0163058 0.0139468 0.010798 0.00783636 0.00561406 0.00418199 0.00330022
 1.0104e-16 5.32715e-05 0.000517818 0.00344108 0.0156427 0.0486704 0.103699 0.151358 0.151389 0.103854 0.049191 0.0171459 0.00721222 0.00874302 0.0156531 0.0257374 0.0369381 0.0461704 0.0503254 0.0479655 0.0401893 0.0299164 0.0201879 0.0127945 0.00801044 0.00519481
 1.02914e-16 4.98469e-05 0.000484529 0.00321987 0.0146371 0.0455415 0.0970321 0.141628 0.141658 0.0971793 0.0460358 0.0160653 0.00680724 0.00832331 0.0149589 0.0247073 0.0357153 0.0451741 0.0502341 0.0495456 0.0440155 0.0361123 0.0283217 0.0219822 0.0171799 0.0133918
 1.04126e-16 5.13831e-05 0.000499462 0.0033191 0.0150882 0.046945 0.100022 0.145991 0.146019 0.100157 0.047398 0.0163971 0.00660714 0.00768541 0.0137227 0.0226674 0.0327939 0.0415436 0.0463319 0.045952 0.0412569 0.0345077 0.0279443 0.0227145 0.0187914 0.015593
 1.00751e-16 7.66824e-05 0.000745381 0.00495332 0.0225171 0.0700589 0.149268 0.217862 0.217868 0.149294 0.0701447 0.0227648 0.00557554 0.00210469 0.00266115 0.00428561 0.00618383 0.0078133 0.00867683 0.00854539 0.00758627 0.00624003 0.00494713 0.00393947 0.0032185 0.00266941
 1.00104e-16 7.78881e-05 0.0007571 0.0050312 0.0228711 0.0711605 0.151615 0.221288 0.221293 0.15164 0.0712433 0.0231103 0.00563106 0.00206502 0.0025572 0.00409201 0.00585827 0.00730596 0.0079331 0.00751028 0.00621649 0.00452549 0.0029334 0.00173598 0.000982101 0.000567097
 1.00832e-16 2.13004e-05 0.000207047 0.00137591 0.00625471 0.0194611 0.0414665 0.0605361 0.0606054 0.0418053 0.0205985 0.00953809 0.00961095 0.0181619 0.0340552 0.0560937 0.0803967 0.100243 0.108795 0.102896 0.0849955 0.0615981 0.0395285 0.0228746 0.0123439 0.0065361
 1.04004e-16 6.42513e-05 0.000624545 0.00415032 0.0188668 0.0587016 0.12507 0.182546 0.182554 0.125114 0.0588492 0.0192954 0.00523442 0.0030185 0.00469066 0.00786027 0.0117972 0.01583 0.0192779 0.0217586 0.0232983 0.0241007 0.0242083 0.0234002 0.0214164 0.0182723
 1.02617e-16 5.82776e-05 0.000566479 0.00376445 0.0171127 0.053244 0.113443 0.165578 0.165603 0.113564 0.0536497 0.0182842 0.00670383 0.00697875 0.0122236 0.0200835 0.028852 0.0361343 0.0395401 0.0379882 0.0323677 0.0249604 0.0180963 0.0130749 0.00997373 0.00815499
 1.02598e-16 5.31573e-05 0.000516708 0.00343371 0.0156092 0.048566 0.103476 0.151032 0.151061 0.103615 0.0490331 0.0169585 0.00682145 0.00791424 0.0141083 0.0232546 0.0335271 0.0422265 0.0466276 0.0454563 0.0396267 0.0315875 0.0238339 0.0177534 0.0134715 0.010436
 1.03278e-16 5.29363e-05 0.00051456 0.00341943 0.0155443 0.0483641 0.103046 0.150404 0.150431 0.103179 0.0488099 0.0168323 0.0066544 0.00758229 0.0134927 0.0222661 0.0321714 0.040666 0.0451829 0.0445204 0.0395257 0.0324619 0.0255982 0.0201404 0.0161263 0.0130139
 1.04544e-16 4.56896e-05 0.000444119 0.00295133 0.0134163 0.0417433 0.0889399 0.129817 0.129851 0.0891047 0.0422969 0.0150156 0.00696777 0.00921881 0.0167303 0.027638 0.0399301 0.0504654 0.0560614 0.0552354 0.0490555 0.0403497 0.0319475 0.0253424 0.0205564 0.016875
 1.09908e-16 2.20889e-05 0.000214712 0.00142684 0.00648622 0.0201813 0.0430003 0.0627709 0.0628217 0.0432486 0.0210154 0.00889709 0.00748537 0.0134635 0.0252512 0.0418867 0.0607493 0.0772574 0.0867231 0.0869504 0.079458 0.0682642 0.0572804 0.0484044 0.0414426 0.0352983
 1.07676e-16 6.1684e-05 0.00059959 0.00398449 0.0181129 0.056356 0.120073 0.175252 0.175263 0.120124 0.0565288 0.0186138 0.00524894 0.00338402 0.00542094 0.00905125 0.0134726 0.0178706 0.0214454 0.0238213 0.0252006 0.0260644 0.026684 0.0268793 0.0261957 0.0242918
 1.05045e-16 4.68242e-05 0.000455148 0.00302462 0.0137495 0.04278 0.0911487 0.133042 0.133077 0.0913229 0.0433649 0.0154386 0.0072628 0.00970209 0.0175941 0.0289765 0.0416569 0.0522269 0.0572587 0.0552067 0.0473568 0.0369887 0.0274377 0.0205422 0.0163724 0.0139673
 1.0714e-16 3.46179e-05 0.000336499 0.00223615 0.0101653 0.0316281 0.0673885 0.0983641 0.0984049 0.0675879 0.0322979 0.0121013 0.00710149 0.0109761 0.0202951 0.0336375 0.0487785 0.0620162 0.0695678 0.0696428 0.0634308 0.0541398 0.0449223 0.0373569 0.0313796 0.0262099
 1.04743e-16 6.35835e-05 0.000618054 0.00410719 0.0186707 0.0580915 0.123771 0.180649 0.180663 0.123835 0.0583077 0.0192962 0.00568135 0.00406766 0.00665391 0.0110019 0.0160829 0.0207317 0.0237976 0.0247445 0.0239278 0.0222596 0.0205492 0.0190649 0.0175876 0.015777
 1.04217e-16 4.17948e-05 0.00040626 0.00269974 0.0122727 0.038185 0.0813588 0.118754 0.118796 0.081561 0.038864 0.0142332 0.00761939 0.0111407 0.0204133 0.0336422 0.0483695 0.0606437 0.0664702 0.064023 0.0547491 0.0424102 0.0308581 0.0222579 0.0167825 0.0134481
 1.09641e-16 2.41803e-05 0.000235041 0.00156193 0.00710035 0.0220921 0.0470712 0.0687115 0.0687577 0.0472971 0.0228511 0.00929514 0.00708105 0.012316 0.0230638 0.0383398 0.0558056 0.0713777 0.0808556 0.0822263 0.0767288 0.0677504 0.0585295 0.0505489 0.0435803 0.0367988
 1.14629e-16 4.21241e-05 0.000409462 0.00272102 0.0123694 0.0384858 0.0819989 0.119684 0.119706 0.0821053 0.0388439 0.013407 0.00533822 0.00616473 0.0110963 0.0186042 0.0275669 0.0362999 0.0430979 0.0471801 0.0490473 0.0498658 0.0504112 0.0504883 0.049224 0.045842
 1.03782e-16 7.02624e-05 0.000682975 0.00453861 0.0206319 0.0641935 0.136771 0.199624 0.199633 0.136819 0.0643519 0.0210896 0.00568858 0.00319664 0.00485419 0.00794107 0.0114997 0.0146103 0.0163946 0.0164714 0.0151849 0.0133586 0.01177 0.0107559 0.0101817 0.0096865
pSPR Fmed_Fpbrs
0.547305   0.217567 0.217567
Fs Fmed_Fpbrs
0.34   1.005 1.005
SSBpbr Bo_Bmed_Bpbrs
1.12471e+06  559323  188464 188464
Ro
124458
SPR SPRFo_SPRFmed_SPRFpbrs
888347 486196 193275
Fref
1.005
Nvult_r0
 305182 19437.5 4178.93 3359.55 1613.54
CTP_r0
 133125 9742.97 2094.68 1683.96 808.784
YTP_r0
1.38788e+06
Np
 165401 28068.5 15344.5 890.978 217.349
Nvult_p0
 137332 24288.8 13278.2 770.999 188.081
CTP_p0
 59906.3 49425.4 2869.89 617.009 642.139
 59906.3 12174.7 6655.64 386.461 94.2751
YTP_p0
 1.42521e+06 839770
CBA_c0
1.39908e+06
log_Ro
11.5517
likeval ReclasPelacesDesembMPH_pf_preclas_ppelaces_ptallas_desvR_qrecl_qpela
 41.0441 149.455 0.0307339 180.961 222.868 133.164 111.635 0 26.1089 3.60788e-05 0 0.108376 0 0 0
q_reclas_q_pelaces
2.33838 1
M
1
N
 161305 33768.4 71251.8 5181.69 0.201387
 93240 49134.6 9721.81 20513.2 1491.85
 87957.5 24190.4 11484 2272.24 5143.15
 133999 22932.9 5690.32 2701.39 1744.32
 104688 30000 4425.97 1098.21 858.007
 191573 32600.5 8888.17 1311.29 579.574
 73513.4 52608.4 8203.3 2236.54 475.8
 28335.4 12870 7376.81 1150.28 380.327
 26563.5 9073.91 3954 2266.36 470.242
 42479.8 5370.65 1534.01 668.454 462.642
 98851.2 6375.5 616.551 176.105 129.85
 109820 31964.2 1983.58 191.825 95.1903
 79201.4 23702.2 5882.26 365.031 52.8184
 44327.5 15951.2 3986.96 989.457 70.2866
 75703.8 2639.94 551.239 137.78 36.6224
 438315 13397.9 375.425 78.3914 24.8017
 73835.7 109543 2982.94 83.5854 22.9751
 328471 21143 29104.6 792.54 28.3122
 394397 81474.2 4661.44 6416.75 180.975
 344465 86302.7 15264.1 873.315 1236.07
 374932 87769.9 19703.6 3484.92 481.591
 299637 105338 22750.1 5107.22 1028.13
 66330.9 70827.8 21815.9 4711.62 1270.65
 224151 17260.9 16619.1 5118.9 1403.69
 175295 61602.3 4347.74 4186.08 1642.93
 89005 47494.5 15232.3 1075.06 1441.33
 276399 25611.1 12698.9 4072.75 672.821
 184091 82099.8 7136.14 3538.35 1322.28
 64106.9 54988.4 23043 2002.91 1364.24
 81119.7 18985.9 15263.2 6396.1 934.624
 367556 22462.2 4829.24 3882.35 1864.64
pred_Ctot
 17809.5 4734.43 9989.74 726.489 0.0282351
 17872.1 11749 2324.68 4905.11 356.731
 16653.3 5716.65 2713.89 536.973 1215.42
 34510.2 7257.09 1800.69 854.851 551.989
 10297.9 3756.92 554.267 137.53 107.449
 31439.5 6715.42 1830.88 270.115 119.387
 25842.3 22207.5 3462.85 944.107 200.849
 2346.26 1361.14 780.18 121.654 40.2238
 7935.64 3298.08 1437.16 823.75 170.918
 17067.6 2557.77 730.572 318.35 220.333
 7642.51 630.295 60.9535 17.4101 12.8372
 29951.7 10673.2 662.341 64.0526 31.7852
 23779.4 8655.06 2147.96 133.294 19.2871
 26909.2 10823.7 2705.33 671.392 47.6927
 26326.9 1103.5 230.418 57.5923 15.3082
 91669.4 3481.77 97.5634 20.3719 6.44533
 10556.5 19749.4 537.792 15.0696 4.14217
 69832 5580.95 7682.5 209.2 7.47334
 105334 26676.6 1526.27 2101 59.2555
 68953 21510.1 3804.41 217.665 308.079
 57243.4 16862.3 3785.44 669.518 92.5228
 70169.9 30476.7 6582.13 1477.63 297.46
 12619.6 16815.6 5179.42 1118.61 301.672
 36699.9 3547.58 3415.67 1052.07 288.495
 29933.3 13184.1 930.504 895.905 351.62
 12502.4 8417.33 2699.58 190.53 255.443
 34238.8 4017.13 1991.84 638.816 105.533
 22256.7 12576.3 1093.14 542.016 202.552
 8040.97 8730.46 3658.52 318 216.599
 12977.3 3815.85 3067.65 1285.51 187.844
 37056.2 2881.56 619.518 498.046 239.204
F
 0.188737 0.245153 0.245153 0.245153 0.245153
 0.349219 0.453605 0.453605 0.453605 0.453605
 0.344281 0.447191 0.447191 0.447191 0.447191
 0.496633 0.645083 0.645083 0.645083 0.645083
 0.166659 0.216476 0.216476 0.216476 0.216476
 0.292392 0.379792 0.379792 0.379792 0.379792
 0.74257 0.964535 0.964535 0.964535 0.964535
 0.138707 0.180168 0.180168 0.180168 0.180168
 0.59859 0.777517 0.777517 0.777517 0.777517
 0.896566 1.16456 1.16456 1.16456 1.16456
 0.128999 0.167559 0.167559 0.167559 0.167559
 0.533272 0.692675 0.692675 0.692675 0.692675
 0.602457 0.78254 0.78254 0.78254 0.78254
 1.82085 2.36512 2.36512 2.36512 2.36512
 0.73173 0.950455 0.950455 0.950455 0.950455
 0.386623 0.502189 0.502189 0.502189 0.502189
 0.250533 0.32542 0.32542 0.32542 0.32542
 0.394163 0.511984 0.511984 0.511984 0.511984
 0.519499 0.674784 0.674784 0.674784 0.674784
 0.367274 0.477058 0.477058 0.477058 0.477058
 0.26957 0.350148 0.350148 0.350148 0.350148
 0.442322 0.574538 0.574538 0.574538 0.574538
 0.346211 0.449699 0.449699 0.449699 0.449699
 0.291619 0.378788 0.378788 0.378788 0.378788
 0.305857 0.397282 0.397282 0.397282 0.397282
 0.245667 0.319101 0.319101 0.319101 0.319101
 0.213911 0.277853 0.277853 0.277853 0.277853
 0.208307 0.270572 0.270572 0.270572 0.270572
 0.216855 0.281676 0.281676 0.281676 0.281676
 0.28409 0.369008 0.369008 0.369008 0.369008
 0.171121 0.222271 0.222271 0.222271 0.222271
YTP_r0W_actual
 1.10493e+06 137376 57813.1 57591.5 30167.6
YTP_p0W_proyectada
 451693 862473 69078.3 19324.7 22635.4
 451693 212448 160201 12104 3323.2
CTP_r0_actual
 133125 9742.97 2094.68 1683.96 808.784
CTP_p0_proyectada
 59906.3 49425.4 2869.89 617.009 642.139
 59906.3 12174.7 6655.64 386.461 94.2751
Wmedp
 7.54 17.45 24.07 31.32 35.25
Frms_r0
 0.773723 1.005 1.005 1.005 1.005
Zrms_r0
 1.77372 2.005 2.005 2.005 2.005
nmprior
 7.29 8.9 8.7 0
nm_flota  nm_reclas  nm_pelaces    nm_pelaL
inf 8.4533 7.57506 13.906
cv_recla  cv_pelaces  cv_mph
0.289748 1.15517 1.11929
 ------------------------------------------------
Talla a la edad & desviaci?n 
 8 13.2811 15.8009 17.003 17.5766
 0.8 1.32811 1.58009 1.7003 1.75766
