years
 1991 1992 1993 1994 1995 1996 1997 1998 1999 2000 2001 2002 2003 2004 2005 2006 2007 2008 2009 2010 2011 2012 2013 2014 2015 2016 2017 2018 2019
reclasobs
 0 0 0 0 0 0 0 0 0 252601 567819 844713 477998 351125 339783 2.1784e+06 2.13404e+06 4.81314e+06 1.55562e+06 2.62356e+06 3.21686e+06 3.843e+06 1.13348e+06 3.07943e+06 1.97215e+06 2.03268e+06 2.025e+06 2.42433e+06 2.27542e+06
reclaspred
 4.12994e+06 2.30453e+06 1.11979e+06 985182 1.08433e+06 1.7297e+06 1.1032e+06 822251 500943 285456 497637 816297 663546 216798 376517 1.56271e+06 2.24986e+06 2.55301e+06 2.40539e+06 2.34022e+06 4.41374e+06 2.87866e+06 1.88374e+06 2.34546e+06 2.02802e+06 1.83182e+06 2.64549e+06 2.65283e+06 2.62499e+06
pelacesobs
 0 0 0 0 0 0 0 0 0 0 0 0 0 0 0 552880 188675 0 991730 2.46772e+06 1.41603e+06 1.21717e+06 2.29649e+06 1.80582e+06 0 1.4828e+06 1.56532e+06 1.57751e+06 1.42118e+06
pelacespred
 742004 433326 207435 148425 184769 295799 162790 160568 88592.8 42552.7 92360 121868 105002 24878.4 64407.4 247306 357536 434581 429772 392637 710533 526671 332617 455770 379642 334656 577580 552349 466388
mphobs
 0 0 0 0 0 0 0 0 0 0 0 0 498337 0 5186 125008 0 168611 109162 213762 579715 649985 157893 87575 83554 210694 70296 0 107559
mphpred
 1.55697e+06 1.04518e+06 494607 272547 308167 383248 526382 244159 212890 105427 59788.9 236679 233318 118480 25742.2 128970 748894 634619 680085 646626 932458 1.07411e+06 632017 424785 736422 530875 489906 881253 916789
desembarqueobs
 494567 514787 250237 358949 120608 361735 552515 73892 212993 205616 52469 317467 293654 387597 252695 516296 358380 742168 942051 627588 828172 859565 418607 520667 417249 300574 415391 372974 316634
desembarquepred
 494569 514091 250567 358972 120613 361735 552534 73898.6 213078 205674 52471.6 317557 293739 387885 252654 516271 358549 742181 941438 627219 828253 859715 418661 520775 417308 300549 415351 372963 316580
Reclutas
 159373 94016.4 86458.5 133645 103347 191949 73635.7 27793.5 26129.3 41549.4 95447.3 109344 77890.9 45568.4 74096.5 429129 71793.5 323718 391217 339796 370138 298610 65353.3 219506 171790 87328.6 285704 180447 102586
log_desv_Rt
 0.264143 -0.263634 -0.347439 0.0880815 -0.169012 0.450126 -0.507973 -1.4823 -1.54405 -1.08022 -0.24853 -0.112607 -0.451795 -0.987889 -0.501735 1.25465 -0.53331 0.972768 1.16216 1.02124 1.10677 0.892034 -0.627296 0.584276 0.339169 -0.337425 0.847854 0.388336 -0.176401
SSB
 1.55697e+06 1.04518e+06 494607 272547 308167 383248 526382 244159 212890 105427 59788.9 236679 221039 114547 24758.2 125159 748894 634619 703298 666050 984311 1.19983e+06 742115 474399 768143 590323 508895 881253 952049
BT
 2.28571e+06 1.59537e+06 763640 769479 632959 1.32227e+06 912646 553458 471518 336871 406165 649850 598684 483685 530264 1.44649e+06 1.2216e+06 2.13641e+06 2.36743e+06 1.76144e+06 3.03588e+06 2.29173e+06 1.27068e+06 2.17213e+06 1.4429e+06 1.25391e+06 2.59468e+06 2.03539e+06 1.47208e+06
Ftot
 0.255012 0.471904 0.465487 0.655071 0.219971 0.376755 0.967991 0.18178 0.787753 1.19959 0.170195 0.704475 0.802051 2.37629 0.948863 0.499966 0.335126 0.518667 0.678184 0.479851 0.352945 0.581134 0.459888 0.380841 0.405738 0.326806 0.267639 0.26541 0.257991
BD_Bspro_t
 0.960019 0.729904 0.497322 0.391174 0.392542 0.495567 0.500851 0.285124 0.32693 0.230867 0.184904 0.55055 0.398198 0.220961 0.0614696 0.246304 0.532829 0.466661 0.447011 0.399606 0.43787 0.475774 0.394482 0.340259 0.485826 0.474093 0.493417 0.642705 0.64567
BD_Bspro
 1.79017 1.20173 0.56869 0.31337 0.354325 0.440652 0.605224 0.280729 0.244777 0.121218 0.0687441 0.272129 0.254147 0.131704 0.0284665 0.143905 0.861065 0.729673 0.808639 0.765812 1.13174 1.37954 0.85327 0.545456 0.883196 0.678743 0.585118 1.01325 1.09465
BD_Bo
 1.40725 0.944673 0.447045 0.246339 0.278533 0.346395 0.475765 0.22068 0.192418 0.0952894 0.0540395 0.21392 0.199784 0.103532 0.0223774 0.113123 0.67688 0.573593 0.635668 0.602002 0.889659 1.08445 0.670753 0.428781 0.694277 0.533557 0.459959 0.796511 0.860499
BD_Brms
 8.70932 5.84649 2.76672 1.52457 1.72382 2.1438 2.94446 1.36577 1.19086 0.589737 0.334445 1.32393 1.23644 0.64075 0.138492 0.70011 4.18915 3.54992 3.93409 3.72574 5.50601 6.71155 4.15123 2.65368 4.29682 3.30214 2.84665 4.92953 5.32555
Sel_flota
 0.798796 1 1 1 1
 0.798796 1 1 1 1
 0.798796 1 1 1 1
 0.798796 1 1 1 1
 0.798796 1 1 1 1
 0.798796 1 1 1 1
 0.798796 1 1 1 1
 0.798796 1 1 1 1
 0.798796 1 1 1 1
 0.798796 1 1 1 1
 0.798796 1 1 1 1
 0.798796 1 1 1 1
 0.798796 1 1 1 1
 0.798796 1 1 1 1
 0.798796 1 1 1 1
 0.798796 1 1 1 1
 0.798796 1 1 1 1
 0.798796 1 1 1 1
 0.798796 1 1 1 1
 0.798796 1 1 1 1
 0.798796 1 1 1 1
 0.798796 1 1 1 1
 0.798796 1 1 1 1
 0.798796 1 1 1 1
 0.798796 1 1 1 1
 0.798796 1 1 1 1
 0.798796 1 1 1 1
 0.798796 1 1 1 1
 0.798796 1 1 1 1
Sel_reclas
 0.5 1 1 1 1
 0.5 1 1 1 1
 0.5 1 1 1 1
 0.5 1 1 1 1
 0.5 1 1 1 1
 0.5 1 1 1 1
 0.5 1 1 1 1
 0.5 1 1 1 1
 0.5 1 1 1 1
 0.5 1 1 1 1
 0.5 1 1 1 1
 0.5 1 1 1 1
 0.5 1 1 1 1
 0.5 1 1 1 1
 0.5 1 1 1 1
 0.5 1 1 1 1
 0.5 1 1 1 1
 0.5 1 1 1 1
 0.5 1 1 1 1
 0.5 1 1 1 1
 0.5 1 1 1 1
 0.5 1 1 1 1
 0.5 1 1 1 1
 0.5 1 1 1 1
 0.5 1 1 1 1
 0.5 1 1 1 1
 0.5 1 1 1 1
 0.5 1 1 1 1
 0.5 1 1 1 1
Sel_pelaces
 0.5 1 1 1 1
 0.5 1 1 1 1
 0.5 1 1 1 1
 0.5 1 1 1 1
 0.5 1 1 1 1
 0.5 1 1 1 1
 0.5 1 1 1 1
 0.5 1 1 1 1
 0.5 1 1 1 1
 0.5 1 1 1 1
 0.5 1 1 1 1
 0.5 1 1 1 1
 0.5 1 1 1 1
 0.5 1 1 1 1
 0.5 1 1 1 1
 0.5 1 1 1 1
 0.5 1 1 1 1
 0.5 1 1 1 1
 0.5 1 1 1 1
 0.5 1 1 1 1
 0.5 1 1 1 1
 0.5 1 1 1 1
 0.5 1 1 1 1
 0.5 1 1 1 1
 0.5 1 1 1 1
 0.5 1 1 1 1
 0.5 1 1 1 1
 0.5 1 1 1 1
 0.5 1 1 1 1
pf_obs 
 0.8446 0.082 0.0669 0.0065 0
 0.8095 0.147 0.0364 0.0071 0
 0.9664 0.0169 0.016 0.0007 0
 0.9276 0.0648 0.0075 0.0001 0
 0.7033 0.2144 0.0806 0.0017 0
 0.9318 0.0425 0.0243 0.0014 0
 0.5671 0.3108 0.0964 0.0239 0.0018
 0.0768 0.2599 0.5324 0.112 0.0189
 0.490249 0.384438 0.106611 0.0170017 0.00170017
 0.7925 0.1577 0.0466 0.003 0.0002
 0.840416 0.127587 0.0312969 0.00059994 9.999e-05
 0.8084 0.0986 0.0794 0.0134 0.0002
 0.7335 0.1905 0.0724 0.0035 0.0001
 0.4001 0.4547 0.1325 0.0127 0
 0.49795 0.308269 0.164784 0.0264974 0.00249975
 0.9179 0.0499 0.0305 0.0017 0
 0.2467 0.6533 0.0926 0.0074 0
 0.9418 0.0223 0.034 0.0019 0
 0.707729 0.231977 0.0356964 0.0245975 0
 0.517169 0.277429 0.184464 0.0207286 0.00020938
 0.811772 0.124168 0.05621 0.00726502 0.000585176
 0.764997 0.148141 0.077277 0.00933861 0.000247198
 0.163321 0.427699 0.378323 0.0303852 0.000271297
 0.753843 0.0900009 0.118128 0.0371064 0.000921714
 0.721811 0.176058 0.0630433 0.0369309 0.00215725
 0.143369 0.312575 0.442814 0.0836902 0.0175525
 0.692698 0.0596174 0.167031 0.0765114 0.00414204
 0.394062 0.376323 0.152708 0.0712218 0.00568511
 0.125707 0.32114 0.495352 0.0537591 0.00404204
pf_pred 
 0.552042 0.142629 0.284404 0.0209247 8.4056e-07
 0.50004 0.306999 0.0614385 0.122509 0.00901382
 0.632526 0.209581 0.0969539 0.019403 0.0415364
 0.780487 0.152639 0.0381402 0.017644 0.0110899
 0.705023 0.244421 0.035154 0.008784 0.00661765
 0.788867 0.159287 0.0429603 0.00617879 0.00270705
 0.500271 0.415004 0.0639201 0.0172394 0.00356578
 0.514108 0.285249 0.166626 0.0256641 0.00835337
 0.589858 0.235889 0.102298 0.0597562 0.0121995
 0.823919 0.117218 0.0338547 0.0146817 0.010327
 0.920072 0.0697753 0.00675873 0.00195205 0.00144199
 0.737657 0.245641 0.0145808 0.00141236 0.000709247
 0.695625 0.241606 0.0587734 0.00348869 0.000507628
 0.676245 0.246129 0.061617 0.0149891 0.00101919
 0.95203 0.0377653 0.00775775 0.0019421 0.000504563
 0.964198 0.0345725 0.000968335 0.000198915 6.27346e-05
 0.351116 0.631286 0.0169934 0.000475966 0.000128609
 0.846367 0.0635589 0.0876308 0.00235891 8.3923e-05
 0.786214 0.188201 0.0105844 0.014593 0.000406802
 0.737209 0.219111 0.0384525 0.00216256 0.0030647
 0.737772 0.206753 0.0462547 0.00811739 0.00110348
 0.656146 0.270337 0.057964 0.0129677 0.00258511
 0.360588 0.460262 0.140847 0.0301996 0.00810312
 0.822718 0.0758189 0.073035 0.0223499 0.00607793
 0.67132 0.282303 0.0198345 0.0191063 0.00743683
 0.533078 0.340302 0.108754 0.00764104 0.0102254
 0.849275 0.0901259 0.0441656 0.0141145 0.00231878
 0.604041 0.348172 0.0285745 0.0140027 0.00521019
 0.508297 0.326259 0.145477 0.0119393 0.00802776
pobs_RECLAS
 0 0 0 0 0
 0 0 0 0 0
 0 0 0 0 0
 0 0 0 0 0
 0 0 0 0 0
 0 0 0 0 0
 0 0 0 0 0
 0 0 0 0 0
 0 0 0 0 0
 0 0 0 0 0
 0.991045 0.00858322 0.000360255 1.14367e-05 0
 0.934742 0.0480273 0.0164251 0.00080598 0
 0.827803 0.169806 0.00239088 0 0
 0.941827 0.0461693 0.0120037 0 0
 0.791401 0.0380133 0.147996 0.0225897 0
 0.846168 0.0940531 0.0597789 0 0
 0.134021 0.677848 0.182769 0.00536245 0
 0.80878 0.0450904 0.141981 0.00414843 0
 0.846168 0.0940531 0.0597789 0 0
 0.905697 0.0802665 0.012482 0.00150086 5.37128e-05
 0.989698 0.0102097 9.19794e-05 0 0
 0.975433 0.0193895 0.00387452 0.00125025 5.28907e-05
 0.303575 0.632131 0.0575291 0.00676475 0
 0.966965 0.00978017 0.0227588 0.000495775 0
 0.843318 0.132988 0.00938335 0.0141283 0.000182051
 0.564624 0.303363 0.111486 0.0197234 0.00080311
 0.826376 0.0876187 0.0782897 0.00655872 0.00115652
 0.89761 0.0855135 0.0140674 0.00269457 0.000114338
 0.34875 0.467042 0.161289 0.0227151 0.000203297
ppred_RECLAS
 0.43673 0.179344 0.357614 0.0263111 1.05693e-06
 0.387596 0.376045 0.0752564 0.150062 0.0110411
 0.521309 0.273011 0.126297 0.0252753 0.0541074
 0.69355 0.213091 0.0532454 0.0246318 0.015482
 0.600405 0.331109 0.047622 0.0118994 0.00896471
 0.702206 0.224667 0.0605935 0.00871491 0.00381817
 0.392053 0.504875 0.0777622 0.0209727 0.00433796
 0.399252 0.352677 0.206013 0.0317306 0.0103279
 0.479116 0.299581 0.129919 0.0758907 0.0154935
 0.752819 0.164549 0.0475248 0.02061 0.014497
 0.878473 0.10609 0.0102764 0.002968 0.00219249
 0.641945 0.335259 0.0199004 0.00192764 0.000968005
 0.593905 0.322349 0.0784151 0.00465458 0.000677273
 0.592996 0.309418 0.077461 0.0188433 0.00128126
 0.927402 0.0571544 0.0117406 0.0029392 0.000763611
 0.944618 0.0534792 0.00149789 0.000307696 9.70424e-05
 0.254354 0.725423 0.0195275 0.000546942 0.000147787
 0.777336 0.0921176 0.127006 0.00341883 0.000121632
 0.700844 0.263355 0.014811 0.0204204 0.000569249
 0.639722 0.300394 0.0527171 0.00296479 0.00420161
 0.639571 0.284179 0.0635764 0.0111572 0.00151672
 0.547843 0.355484 0.0762207 0.0170521 0.00339933
 0.262937 0.530553 0.162358 0.0348117 0.00934062
 0.74549 0.108847 0.104851 0.032086 0.00872563
 0.563326 0.375058 0.0263515 0.025384 0.00988033
 0.418461 0.423836 0.13545 0.0095167 0.0127355
 0.780033 0.131529 0.0644549 0.0205986 0.003384
 0.489804 0.448622 0.0368185 0.0180426 0.00671336
 0.394101 0.402031 0.179264 0.0147122 0.00989218
pobs_PELACES
 0 0 0 0 0
 0 0 0 0 0
 0 0 0 0 0
 0 0 0 0 0
 0 0 0 0 0
 0 0 0 0 0
 0 0 0 0 0
 0 0 0 0 0
 0 0 0 0 0
 0 0 0 0 0
 0 0 0 0 0
 0 0 0 0 0
 0 0 0 0 0
 0 0 0 0 0
 0 0 0 0 0
 0 0 0 0 0
 0.505614 0.472636 0.0217494 0 0
 0 0 0 0 0
 0.443492 0.261883 0.143347 0.151278 0
 0.227955 0.32914 0.350689 0.0885471 0.00366901
 0.970185 0.0296113 0.000203453 0 0
 0.997202 0.00247181 0.000326279 0 0
 0.445219 0.490057 0.0546422 0.010081 0
 0.90214 0.0892962 0.00764917 0.000914606 0
 0 0 0 0 0
 0.581667 0.319106 0.0959925 0.00289975 0.000334073
 0.762889 0.0836404 0.116647 0.0363945 0.000428098
 0.88444 0.0763242 0.0277011 0.0115352 0
 0.521256 0.241999 0.230069 0.00667565 0
ppred_PELACES
 0.440899 0.178017 0.354967 0.0261163 1.04911e-06
 0.395059 0.371462 0.0743393 0.148233 0.0109065
 0.529016 0.268615 0.124264 0.0248684 0.0532363
 0.702716 0.206717 0.0516529 0.023895 0.015019
 0.603904 0.32821 0.047205 0.0117952 0.00888621
 0.70741 0.220741 0.0595345 0.0085626 0.00375144
 0.407473 0.492068 0.0757897 0.0204407 0.00422793
 0.40215 0.350975 0.205019 0.0315775 0.0102781
 0.492181 0.292067 0.12666 0.0739872 0.0151049
 0.76734 0.154882 0.0447328 0.0193992 0.0136453
 0.879674 0.105042 0.0101748 0.00293866 0.00217082
 0.652623 0.325261 0.0193069 0.00187015 0.000939135
 0.606682 0.312206 0.0759479 0.00450814 0.000655964
 0.630449 0.280945 0.0703329 0.0171093 0.00116335
 0.931531 0.0539036 0.0110729 0.00277202 0.000720178
 0.946329 0.0518268 0.00145161 0.000298189 9.40439e-05
 0.258598 0.721295 0.0194164 0.00054383 0.000146946
 0.78324 0.0896752 0.123638 0.00332819 0.000118407
 0.710199 0.25512 0.0143479 0.0197819 0.000551449
 0.647032 0.294299 0.0516475 0.00290464 0.00411636
 0.644955 0.279934 0.0626267 0.0109906 0.00149406
 0.557383 0.347985 0.0746127 0.0166923 0.00332762
 0.268898 0.526262 0.161045 0.0345302 0.00926508
 0.750258 0.106808 0.102887 0.0314849 0.00856216
 0.569941 0.369376 0.0259523 0.0249994 0.00973065
 0.423751 0.419981 0.134218 0.00943014 0.0126197
 0.783067 0.129715 0.0635659 0.0203145 0.00333733
 0.494208 0.444749 0.0365006 0.0178869 0.00665541
 0.398199 0.399312 0.178051 0.0146127 0.00982528
pobs_pel_tallas
 0 0 0 0 0 0 0 0 0 0 0 0 0 0 0 0 0 0 0 0 0 0 0 0 0 0
 0 0 0 0 0 0 0 0 0 0 0 0 0 0 0 0 0 0 0 0 0 0 0 0 0 0
 0 0 0 0 0 0 0 0 0 0 0 0 0 0 0 0 0 0 0 0 0 0 0 0 0 0
 0 0 0 0 0 0 0 0 0 0 0 0 0 0 0 0 0 0 0 0 0 0 0 0 0 0
 0 0 0 0 0 0 0 0 0 0 0 0 0 0 0 0 0 0 0 0 0 0 0 0 0 0
 0 0 0 0 0 0 0 0 0 0 0 0 0 0 0 0 0 0 0 0 0 0 0 0 0 0
 0 0 0 0 0 0 0 0 0 0 0 0 0 0 0 0 0 0 0 0 0 0 0 0 0 0
 0 0 0 0 0 0 0 0 0 0 0 0 0 0 0 0 0 0 0 0 0 0 0 0 0 0
 0 0 0 0 0 0 0 0 0 0 0 0 0 0 0 0 0 0 0 0 0 0 0 0 0 0
 0 0 0 0 0 0 0 0 0 0 0 0 0 0 0 0 0 0 0 0 0 0 0 0 0 0
 0 0 0 0 0 0 0 0 0 0 0 0 0 0 0 0 0 0 0 0 0 0 0 0 0 0
 0 0 0 0 0 0 0 0 0 0 0 0 0 0 0 0 0 0 0 0 0 0 0 0 0 0
 0.00862536 0 0 0.000197151 0.00414017 0.0128641 0.00837892 0.0270097 0.101434 0.158115 0.152841 0.127902 0.109271 0.109419 0.0830992 0.0579132 0.0238553 0.00714673 0.00463305 0.00128148 0.00103504 0.000492878 0.000147863 0.000147863 4.92878e-05 0
 0 0 0 0 0 0 0 0 0 0 0 0 0 0 0 0 0 0 0 0 0 0 0 0 0 0
 0 0 0 0 0 0 0 0.0054083 0.00873648 0.0413646 0.0450493 0.0745869 0.0622846 0.0627006 0.0613931 0.0827291 0.12552 0.122667 0.0946155 0.0697135 0.0546179 0.0294188 0.0215738 0.0213955 0.0102223 0.00600262
 0 0 0 0 0.00359764 0.0251062 0.0480494 0.140153 0.205849 0.193036 0.1447 0.116669 0.0760912 0.0342217 0.00950174 0.001854 0.000860785 0 0 0 0.000165536 0 0.000143464 0 0 0
 0 0 0 0 0 0 0 0.000145254 0.000435761 0.0275982 0.070085 0.0708112 0.156366 0.174668 0.174014 0.160142 0.0824315 0.0480064 0.0283245 0.00493863 0.00203355 0 0 0 0 0
 0 0 0 0 0 0 0 0 0 0 0 0 0 0 0 0 0 0 0 0 0 0 0 0 0 0
 0 0 1.00437e-05 0.000401748 0.00122533 0.00171747 0.00176769 0.0269171 0.070346 0.194647 0.189555 0.159765 0.064822 0.0314167 0.0384472 0.0292271 0.0345202 0.0313363 0.0194345 0.0106764 0.0143323 0.0359363 0.0279516 0.0138201 0.00172751 0
 0 0.0021121 0.0136068 0.0755702 0.200478 0.177729 0.0527432 0.0373336 0.0318909 0.0142505 0.0149659 0.0166563 0.0217959 0.0798694 0.0677717 0.0528807 0.04013 0.0224614 0.0357745 0.0225083 0.00881397 0.00855152 0.00135912 0.000746735 0 0
 0 0 0 0 5.4009e-05 0.00500934 0.000945158 0.0243581 0.138947 0.33067 0.221406 0.137944 0.0707744 0.0437923 0.0131692 0.00525238 0.0047753 0.00276346 9.45158e-05 9.00151e-06 2.25038e-05 9.00151e-06 4.50075e-06 0 0 0
 0.000866109 0.00284123 0.00948549 0.0512746 0.133035 0.25785 0.225252 0.132002 0.0553304 0.0519788 0.0540692 0.017754 0.00435017 0.00159236 0.00146478 0.000404838 0.000125132 0.000115318 0.000107957 0.000100596 0 0 0 0 0 0
 0 0 0 0 0.00144013 0.00171154 0.00461396 0.0210425 0.0478622 0.0707936 0.0888783 0.103762 0.0637923 0.0337046 0.0602308 0.124433 0.169614 0.0934646 0.0462172 0.0250306 0.0313229 0.00938855 0.002487 0.000210481 0 0
 0 0.00764035 0.051015 0.0998891 0.058973 0.0496711 0.0374665 0.0718981 0.12319 0.153886 0.159021 0.0857701 0.0377988 0.023471 0.0147837 0.00900784 0.00315554 0.000888139 0.00291439 0.00214683 0.00393193 0.00274676 0.000635225 9.99891e-05 0 0
 0 0 0 0 0 0 0 0 0 0 0 0 0 0 0 0 0 0 0 0 0 0 0 0 0 0
 0 0 0 0 0 0 0 0 0 0 0 0 0 0 0 0 0 0 0 0 0 0 0 0 0 0
 0 0 0 0 0 0 0 0 0 0 0 0 0 0 0 0 0 0 0 0 0 0 0 0 0 0
 0 0 0 0 0 0 0 0 0 0 0 0 0 0 0 0 0 0 0 0 0 0 0 0 0 0
 0 0 0 0 0 0 0 0 0 0 0 0 0 0 0 0 0 0 0 0 0 0 0 0 0 0
ppred_pel_tallas
 1.12909e-16 3.63163e-05 0.000353008 0.00234586 0.010664 0.0331796 0.0706933 0.103183 0.1032 0.0707799 0.0334719 0.0115147 0.00450606 0.00515051 0.00938678 0.016083 0.0246103 0.033951 0.0429774 0.0509906 0.0578149 0.0632966 0.0667433 0.0669746 0.0630477 0.055046
 1.18952e-16 3.25405e-05 0.000316306 0.00210196 0.00955524 0.0297301 0.0633445 0.0924606 0.0924965 0.0635198 0.0303193 0.0112582 0.00638153 0.00967532 0.0178586 0.0296155 0.0430177 0.0549082 0.0621511 0.0634621 0.0602221 0.0554888 0.0519756 0.0505639 0.0502639 0.0492806
 1.15158e-16 4.35744e-05 0.000423559 0.0028147 0.0127952 0.0398109 0.0848222 0.123806 0.123832 0.0849495 0.0402387 0.0140331 0.00592931 0.00724763 0.0130775 0.0217463 0.031787 0.0409675 0.047045 0.049025 0.0477182 0.0450589 0.0427522 0.0413377 0.0402415 0.0384968
 1.06482e-16 5.78818e-05 0.000562632 0.00373889 0.0169964 0.0528824 0.112672 0.164453 0.164473 0.11277 0.0532102 0.0179438 0.00611915 0.00576626 0.00996296 0.0164393 0.0238204 0.0302686 0.0339572 0.0340686 0.0312731 0.0272333 0.0235406 0.0209208 0.0191799 0.0176905
 1.04133e-16 4.97428e-05 0.000483518 0.00321315 0.0146065 0.0454465 0.0968297 0.141332 0.141364 0.0969843 0.0459656 0.0161058 0.0069767 0.00869992 0.0156559 0.0258084 0.0371851 0.0467885 0.0515963 0.0502185 0.0437213 0.0348899 0.0265481 0.0202424 0.0160498 0.0132377
 1.03269e-16 5.82685e-05 0.000566391 0.00376387 0.01711 0.0532357 0.113425 0.165552 0.165573 0.113529 0.0535857 0.0181215 0.00630492 0.00612059 0.0106274 0.0175308 0.0253732 0.0321675 0.0359176 0.0356869 0.0321228 0.0269545 0.0218964 0.0178295 0.0147421 0.0122057
 1.05079e-16 3.35631e-05 0.000326246 0.00216802 0.00985553 0.0306645 0.0653357 0.0953692 0.0954167 0.0655675 0.0314428 0.0121038 0.00781207 0.0126491 0.0234421 0.0387154 0.0558005 0.0702391 0.0774999 0.0754845 0.0657614 0.0524648 0.0397884 0.0300339 0.0233421 0.0186833
 1.10913e-16 3.31247e-05 0.000321984 0.0021397 0.00972676 0.0302638 0.0644814 0.0941196 0.0941537 0.064648 0.030824 0.011348 0.00622115 0.00927159 0.0171467 0.0285989 0.041905 0.0541803 0.0624577 0.0653041 0.0635292 0.059337 0.0546785 0.0501971 0.0454205 0.0396923
 1.13706e-16 4.05404e-05 0.000394067 0.00261871 0.0119043 0.0370389 0.0789163 0.115187 0.115215 0.0790547 0.037504 0.0132499 0.00600427 0.00781135 0.0142065 0.0236324 0.0345413 0.0445129 0.0511124 0.05326 0.0518273 0.0488847 0.0462237 0.0443534 0.0425943 0.0399126
 1.05586e-16 6.32048e-05 0.000614374 0.00408273 0.0185595 0.0577456 0.123034 0.179574 0.179589 0.123107 0.0579914 0.0192701 0.00586855 0.00452016 0.00750288 0.0123622 0.0179422 0.0228654 0.0257778 0.0260757 0.0242556 0.0215374 0.0190695 0.0173451 0.016176 0.0150708
 1.00983e-16 7.24576e-05 0.000704314 0.00468041 0.0212765 0.0661991 0.141045 0.205861 0.205871 0.141094 0.0663651 0.0217557 0.00588304 0.00332854 0.00505305 0.00823051 0.0118296 0.014835 0.0162661 0.0156743 0.0134092 0.0103859 0.00754283 0.00541034 0.00403681 0.00319112
 1.00987e-16 5.37558e-05 0.000522525 0.00347237 0.0157849 0.0491128 0.104641 0.152733 0.152765 0.104794 0.0496262 0.0172672 0.00719097 0.00863293 0.0154352 0.0253755 0.0364146 0.0455077 0.0495875 0.0472358 0.039538 0.0293775 0.0197595 0.0124554 0.00773881 0.00497702
 1.02835e-16 4.99716e-05 0.000485742 0.00322793 0.0146737 0.0456555 0.097275 0.141982 0.142012 0.0974223 0.0461502 0.0161031 0.00681798 0.00832999 0.0149683 0.0247195 0.0357258 0.0451726 0.0502047 0.0494703 0.0438802 0.0359129 0.0280671 0.0216932 0.016884 0.0131159
 1.04015e-16 5.19293e-05 0.000504771 0.00335439 0.0152486 0.0474441 0.101086 0.147543 0.14757 0.101218 0.0478894 0.0165354 0.00658692 0.00756941 0.0134924 0.0222847 0.0322399 0.0408412 0.0455469 0.0451698 0.0405475 0.0339023 0.0274362 0.022279 0.0184069 0.015251
 1.00734e-16 7.6729e-05 0.000745833 0.00495633 0.0225307 0.0701015 0.149359 0.217995 0.218 0.149384 0.0701869 0.0227774 0.00557565 0.00209876 0.00264891 0.00426488 0.00615299 0.00777246 0.00862794 0.00849131 0.00752935 0.00618151 0.00488755 0.00387969 0.00316035 0.00261545
 1.00102e-16 7.79479e-05 0.000757681 0.00503506 0.0228887 0.0712151 0.151732 0.221458 0.221463 0.151756 0.0712969 0.0231247 0.005627 0.00204832 0.00252449 0.004038 0.00578083 0.00720934 0.00782812 0.00741076 0.00613387 0.00446496 0.0028936 0.0017117 0.000967517 0.00055783
 1.00825e-16 2.13005e-05 0.000207049 0.00137591 0.00625475 0.0194612 0.0414667 0.0605364 0.0606058 0.0418057 0.0205989 0.00953914 0.00961348 0.0181674 0.0340653 0.05611 0.0804191 0.100269 0.10882 0.102913 0.0849991 0.0615873 0.0395052 0.0228435 0.0123104 0.00650499
 1.03945e-16 6.45145e-05 0.000627104 0.00416732 0.0189441 0.058942 0.125583 0.183293 0.183302 0.125626 0.0590874 0.0193661 0.00523495 0.00298473 0.00462083 0.00774159 0.0116197 0.0155931 0.0189918 0.0214391 0.0229603 0.023755 0.0238639 0.0230685 0.0211126 0.0180118
 1.02557e-16 5.84982e-05 0.000568623 0.0037787 0.0171774 0.0534455 0.113872 0.166205 0.16623 0.113992 0.0538483 0.0183405 0.00669682 0.00693443 0.0121354 0.0199369 0.0286396 0.0358647 0.0392379 0.0376852 0.0320894 0.0247168 0.0178833 0.0128823 0.00979378 0.00798653
 1.02554e-16 5.32953e-05 0.000518049 0.00344262 0.0156497 0.0486921 0.103745 0.151424 0.151453 0.103883 0.0491577 0.0169948 0.00681971 0.00789221 0.0140637 0.0231798 0.0334172 0.0420839 0.0464622 0.0452815 0.0394536 0.0314215 0.0236757 0.0176022 0.0133286 0.010305
 1.03234e-16 5.31242e-05 0.000516386 0.00343157 0.0155994 0.0485357 0.103411 0.150938 0.150965 0.103544 0.0489791 0.0168806 0.00664926 0.00754631 0.0134208 0.0221462 0.0319969 0.0404429 0.0449301 0.0442627 0.0392839 0.0322457 0.0254067 0.0199687 0.015971 0.0128753
 1.0448e-16 4.5911e-05 0.000446271 0.00296563 0.0134813 0.0419456 0.0893708 0.130446 0.13048 0.0895349 0.0424968 0.0150737 0.00696474 0.00918295 0.0166578 0.0275165 0.0397517 0.0502342 0.0557936 0.0549531 0.048777 0.0400839 0.0316951 0.0251023 0.0203305 0.0166693
 1.09813e-16 2.21489e-05 0.000215295 0.00143071 0.00650384 0.0202361 0.0431171 0.0629413 0.0629922 0.0433657 0.0210713 0.00891779 0.0074969 0.0134805 0.0252817 0.0419348 0.0608136 0.0773274 0.0867794 0.0869693 0.079419 0.068157 0.0571081 0.048182 0.0411924 0.0350444
 1.07603e-16 6.17978e-05 0.000600696 0.00399184 0.0181463 0.05646 0.120294 0.175575 0.175586 0.120346 0.056632 0.0186449 0.00525066 0.00337271 0.00539712 0.00901076 0.013412 0.0177895 0.0213464 0.023708 0.025075 0.0259258 0.0265308 0.0267117 0.0260181 0.0241127
 1.04998e-16 4.69454e-05 0.000456326 0.00303245 0.0137851 0.0428907 0.0913846 0.133386 0.133421 0.0915583 0.0434741 0.0154697 0.00725944 0.00967884 0.0175478 0.0288994 0.0415451 0.0520849 0.0570993 0.0550463 0.0472081 0.0368563 0.0273185 0.0204298 0.0162621 0.0138585
 1.07062e-16 3.49039e-05 0.000339278 0.00225463 0.0102492 0.0318894 0.0679452 0.0991765 0.0992171 0.0681436 0.0325559 0.0121759 0.00709634 0.010927 0.0201964 0.0334722 0.0485364 0.0617036 0.0692079 0.0692673 0.063066 0.0537989 0.0446066 0.0370636 0.0311091 0.0259671
 1.0447e-16 6.45002e-05 0.000626965 0.00416641 0.0189399 0.0589291 0.125555 0.183254 0.183267 0.125617 0.0591358 0.0195379 0.00567128 0.00392452 0.00636371 0.0105145 0.0153663 0.0198002 0.0227136 0.0235933 0.0227801 0.0211497 0.0194818 0.0180391 0.0166172 0.014892
 1.04088e-16 4.07074e-05 0.00039569 0.0026295 0.0119534 0.0371916 0.0792421 0.115665 0.115708 0.0794514 0.037894 0.0139819 0.00771949 0.0115011 0.0211144 0.0347964 0.0500169 0.0626826 0.0686537 0.0660367 0.0563305 0.0434377 0.0313616 0.022364 0.0166424 0.0131889
 1.08369e-16 3.27992e-05 0.00031882 0.00211867 0.0096312 0.0299664 0.0638481 0.0931963 0.0932349 0.0640372 0.0306018 0.0114688 0.00674048 0.0104383 0.0193391 0.0321475 0.0468361 0.0599971 0.068131 0.0695542 0.0652781 0.0580827 0.050607 0.0440287 0.0381287 0.032236
pSPR Fmed_Fpbrs
0.541991   0.211579 0.211579
Fs Fmed_Fpbrs
0.34   1.005 1.005
SSBpbr Bo_Bmed_Bpbrs
1.10639e+06  544335  178770 178770
Ro
122377
SPR SPRFo_SPRFmed_SPRFpbrs
869731 471387 184017
Fref
1.005
Nvult_r0
 85676 46469.6 20720.6 1700.54 1143.41
CTP_r0
 38151.9 23292.7 10386.1 852.39 573.13
YTP_r0
945132
Np
 196350 32365.9 4135.55 2055.34 1039.88
Nvult_p0
 163984 28007.5 3578.66 1778.57 899.847
CTP_p0
 73022.6 13320.9 6620.37 2951.99 311.129
 73022.6 14038.7 1793.79 891.501 451.045
YTP_p0
 1.04581e+06 882563
CBA_c0
975337
log_Ro
11.5349
likeval ReclasPelacesDesembMPH_pf_preclas_ppelaces_ptallas_desvR_qrecl_qpela
 38.436 139.941 0.028597 157.33 206.24 117.827 95.9976 0 23.743 4.07938e-05 0 0.100446 0 0 0
q_reclas_q_pelaces
2.46763 1
M
1
N
 159373 33573.9 66946.5 4925.52 0.197862
 94016.4 47824.8 9570.98 19084.6 1404.19
 86458.5 23724.7 10975.2 2196.43 4701.93
 133645 21929.6 5479.58 2534.9 1593.28
 103347 29134.3 4190.27 1047.03 788.806
 191949 31892.8 8601.58 1237.13 542.01
 73635.7 52262.5 8049.62 2171.01 449.048
 27793.5 12502.2 7303.03 1124.83 366.119
 26129.3 8842.75 3834.82 2240.07 457.323
 41549.4 5123.32 1479.71 641.703 451.371
 95447.3 5862.96 567.911 164.023 121.165
 109344 30649.7 1819.31 176.226 88.4959
 77890.9 22914.4 5574.19 330.875 48.1445
 45568.4 15099.1 3779.96 919.521 62.5231
 74096.5 2511.92 515.999 129.177 33.5605
 429129 12774.1 357.788 73.4968 23.1797
 71793.5 105889 2850.39 79.836 21.5722
 323718 20208.4 27861.9 750.009 26.683
 391217 78693.6 4425.7 6101.86 170.098
 339796 83724.6 14693.1 826.335 1171.06
 370138 85203.5 19061.7 3345.2 454.749
 298610 102714 22023.2 4927.03 982.204
 65353.3 69056.9 21132.5 4531.1 1215.78
 219506 16650.7 16039.3 4908.28 1334.78
 171790 59570.8 4185.43 4031.76 1569.3
 87328.6 45703.3 14605.9 1026.21 1373.3
 285704 24745.1 12126.2 3875.29 636.646
 180447 84874.1 6965.63 3413.46 1270.09
 102586 53701 23945 1965.17 1321.34
pred_Ctot
 18877.3 4877.26 9725.3 715.529 0.0287433
 19243.1 11814.3 2364.34 4714.51 346.879
 17490.3 5795.24 2680.92 536.523 1148.54
 35901.1 7021.14 1754.39 811.593 510.118
 10678.9 3702.23 532.476 133.051 100.237
 32313.9 6524.79 1759.76 253.098 110.887
 26657.7 22114.1 3406.08 918.63 190.008
 2402.84 1333.2 778.777 119.949 39.0421
 8112.96 3244.44 1407.01 821.892 167.794
 17462.6 2484.38 717.536 311.173 218.878
 7755 588.114 56.9672 16.4532 12.1541
 31122.8 10363.9 615.185 59.5895 29.9241
 24519.9 8516.29 2071.69 122.972 17.8932
 28200 10263.8 2569.48 625.057 42.5009
 26439.4 1048.81 215.445 53.9354 14.0125
 92250.6 3307.76 92.6465 19.0314 6.0022
 10893.1 19585.2 527.21 14.7665 3.99001
 71777.5 5390.22 7431.67 200.051 7.11722
 108046 25863.7 1454.57 2005.46 55.9051
 70545.7 20967.4 3679.63 206.941 293.27
 58813.8 16481.9 3687.34 647.103 87.9676
 72776.6 29984.6 6429.1 1438.32 286.729
 13084.5 16701.4 5110.88 1095.84 294.035
 37305.6 3437.96 3311.72 1013.44 275.6
 30862.3 12978.2 911.845 878.365 341.89
 12955.5 8270.41 2643.07 185.702 248.511
 35372.9 3753.81 1839.53 587.878 96.5786
 22170.9 12779.4 1048.81 513.961 191.236
 12281.2 7882.9 3514.95 288.472 193.963
F
 0.203703 0.255012 0.255012 0.255012 0.255012
 0.376955 0.471904 0.471904 0.471904 0.471904
 0.371829 0.465487 0.465487 0.465487 0.465487
 0.523268 0.655071 0.655071 0.655071 0.655071
 0.175712 0.219971 0.219971 0.219971 0.219971
 0.30095 0.376755 0.376755 0.376755 0.376755
 0.773227 0.967991 0.967991 0.967991 0.967991
 0.145205 0.18178 0.18178 0.18178 0.18178
 0.629253 0.787753 0.787753 0.787753 0.787753
 0.95823 1.19959 1.19959 1.19959 1.19959
 0.135951 0.170195 0.170195 0.170195 0.170195
 0.562732 0.704475 0.704475 0.704475 0.704475
 0.640675 0.802051 0.802051 0.802051 0.802051
 1.89817 2.37629 2.37629 2.37629 2.37629
 0.757947 0.948863 0.948863 0.948863 0.948863
 0.399371 0.499966 0.499966 0.499966 0.499966
 0.267697 0.335126 0.335126 0.335126 0.335126
 0.414309 0.518667 0.518667 0.518667 0.518667
 0.54173 0.678184 0.678184 0.678184 0.678184
 0.383303 0.479851 0.479851 0.479851 0.479851
 0.281931 0.352945 0.352945 0.352945 0.352945
 0.464207 0.581134 0.581134 0.581134 0.581134
 0.367356 0.459888 0.459888 0.459888 0.459888
 0.304214 0.380841 0.380841 0.380841 0.380841
 0.324101 0.405738 0.405738 0.405738 0.405738
 0.261052 0.326806 0.326806 0.326806 0.326806
 0.213789 0.267639 0.267639 0.267639 0.267639
 0.212008 0.26541 0.26541 0.26541 0.26541
 0.206082 0.257991 0.257991 0.257991 0.257991
YTP_r0W_actual
 198390 477501 225379 24719.3 19142.5
YTP_p0W_proyectada
 550590 232449 159352 92456.3 10967.3
 550590 244975 43176.5 27921.8 15899.3
CTP_r0_actual
 38151.9 23292.7 10386.1 852.39 573.13
CTP_p0_proyectada
 73022.6 13320.9 6620.37 2951.99 311.129
 73022.6 14038.7 1793.79 891.501 451.045
Wmedp
 7.54 17.45 24.07 31.32 35.25
Frms_r0
 0.80279 1.005 1.005 1.005 1.005
Zrms_r0
 1.80279 2.005 2.005 2.005 2.005
nmprior
 7.29 8.9 8.7 0
nm_flota  nm_reclas  nm_pelaces    nm_pelaL
inf 8.37576 6.3829 7.68281
cv_recla  cv_pelaces  cv_mph
0.294076 1.20736 1.08627
 ------------------------------------------------
Talla a la edad & desviaci?n 
 8 13.2811 15.8009 17.003 17.5766
 0.8 1.32811 1.58009 1.7003 1.75766
