years
 1991 1992 1993 1994 1995 1996 1997 1998 1999 2000 2001 2002 2003 2004 2005 2006 2007 2008 2009 2010 2011 2012 2013 2014 2015 2016 2017 2018 2019 2020 2021
reclasobs
 0 0 0 0 0 0 0 0 0 252601 567819 844713 477998 351125 339783 2.1784e+06 2.13404e+06 4.81314e+06 1.55562e+06 2.62356e+06 3.21686e+06 3.843e+06 1.13348e+06 3.07943e+06 1.97215e+06 2.03268e+06 2.025e+06 2.42433e+06 2.27542e+06 1.05018e+06 2.36338e+06
reclaspred
 3.2429e+06 2.16756e+06 1.52667e+06 1.60725e+06 1.68718e+06 1.95618e+06 1.59933e+06 2.29645e+06 2.43641e+06 2.60011e+06 1.91246e+06 1.91612e+06 1.74633e+06 1.62061e+06 1.67963e+06 1.6831e+06 1.74955e+06 2.00714e+06 1.07746e+06 758998 1.19669e+06 705156 963689 1.54527e+06 1.38409e+06 1.72794e+06 1.88545e+06 1.58474e+06 1.89425e+06 1.99509e+06 2.02126e+06
pelacesobs
 0 0 0 0 0 0 0 0 0 0 0 0 0 0 0 552880 188675 0 991730 2.46772e+06 1.41603e+06 1.21717e+06 2.29649e+06 1.80582e+06 0 1.4828e+06 1.56532e+06 1.57751e+06 1.42118e+06 867257 1.10002e+06
pelacespred
 1.55902e+06 1.1049e+06 754370 683878 783607 892714 733688 1.18523e+06 1.32609e+06 1.3227e+06 1.09084e+06 909059 873167 882197 921981 783902 782824 846884 498538 304260 455354 275639 428357 745855 670254 828487 1.00758e+06 847409 850507 978399 970581
mphobs
 0 0 0 0 0 0 0 0 0 0 0 0 498337 0 5186 125008 0 168611 109162 213762 579715 649985 157893 87575 83554 210694 70296 0 107559 103333 445601
mphpred
 3.07718e+06 2.1576e+06 1.45586e+06 1.17195e+06 1.31749e+06 1.44526e+06 1.46295e+06 1.31269e+06 1.91513e+06 2.20416e+06 1.77423e+06 1.61175e+06 1.49419e+06 1.27266e+06 1.23095e+06 1.53363e+06 1.25815e+06 1.58047e+06 1.08931e+06 587961 663077 623731 397098 832946 1.19825e+06 1.00757e+06 1.39556e+06 1.29242e+06 1.44651e+06 1.51182e+06 1.43728e+06
desembarqueobs
 494567 514787 250237 358949 120608 361735 552515 73892 212993 205616 52469 317467 293654 387597 252695 516296 358380 742168 942051 627588 828172 859565 418607 520667 417249 300574 415391 372974 316634 284311 391294
desembarquepred
 494445 505598 260763 358712 120539 361520 552325 73858.7 213041 205683 52453.7 317858 294021 388395 252724 515677 357785 738637 930840 620188 820875 851616 418134 520379 417074 300461 415134 372820 316607 284245 391072
Reclutas
 263368 263368 263368 263368 263368 263368 263368 263368 263368 263368 263368 263368 263368 263368 263368 263368 263368 263368 263368 263368 263368 263368 263368 263368 263368 263368 263368 263368 263368 263368 263368
log_desv_Rt
 0 0 0 0 0 0 0 0 0 0 0 0 0 0 0 0 0 0 0 0 0 0 0 0 0 0 0 0 0 0 0
SSB
 3.07718e+06 2.1576e+06 1.45586e+06 1.17195e+06 1.31749e+06 1.44526e+06 1.46295e+06 1.31269e+06 1.91513e+06 2.20416e+06 1.77423e+06 1.61175e+06 1.4431e+06 1.25715e+06 1.20313e+06 1.49466e+06 1.25815e+06 1.58047e+06 1.12861e+06 608748 707601 719813 463461 925411 1.24526e+06 1.10598e+06 1.44706e+06 1.29242e+06 1.49766e+06 1.47788e+06 1.57997e+06
BT
 4.32769e+06 3.38634e+06 2.17465e+06 2.23887e+06 2.22148e+06 2.90299e+06 2.49248e+06 3.99739e+06 4.17387e+06 3.80318e+06 3.01263e+06 2.75602e+06 2.76442e+06 3.18885e+06 3.20912e+06 2.62655e+06 2.60267e+06 3.03914e+06 2.473e+06 1.5149e+06 2.20817e+06 1.65714e+06 1.92346e+06 3.03852e+06 2.26636e+06 2.91279e+06 3.57285e+06 2.9674e+06 2.59273e+06 3.16812e+06 3.1734e+06
Ftot
 0.14458 0.219766 0.16175 0.210616 0.0681988 0.174943 0.32258 0.0307961 0.0834087 0.0754632 0.0262664 0.157201 0.159565 0.226138 0.142952 0.287108 0.193411 0.342999 0.77191 0.737203 0.624724 1.04675 0.404908 0.315868 0.282658 0.164885 0.208016 0.222152 0.15839 0.135331 0.183124
BD_Bspro_t
 0.977133 0.853068 0.752508 0.736226 0.741314 0.797961 0.759253 0.697068 0.82758 0.86503 0.86866 0.895507 0.826983 0.777636 0.757485 0.773976 0.6845 0.721963 0.584413 0.409583 0.395029 0.38016 0.313219 0.505703 0.604364 0.630435 0.728306 0.730625 0.751707 0.753081 0.777646
BD_Bspro
 1.63693 1.14775 0.774459 0.62343 0.700854 0.768821 0.778231 0.698298 1.01877 1.17252 0.943817 0.857384 0.767672 0.668752 0.640016 0.795096 0.669285 0.840748 0.600373 0.32383 0.376415 0.382911 0.246543 0.492281 0.662426 0.588338 0.769779 0.687515 0.796694 0.786171 0.840479
BD_Bo
 1.21027 0.848592 0.572596 0.460933 0.518176 0.568428 0.575385 0.516287 0.75323 0.866905 0.697811 0.633907 0.567579 0.494442 0.473196 0.587855 0.494836 0.621607 0.443886 0.239423 0.278303 0.283106 0.182281 0.363968 0.489765 0.434988 0.569136 0.508314 0.589036 0.581256 0.621408
BD_Brms
 5.14233 3.6056 2.43292 1.95847 2.20169 2.4152 2.44477 2.19366 3.20042 3.68341 2.96494 2.69342 2.4116 2.10085 2.01057 2.49775 2.10252 2.64116 1.88604 1.01729 1.18249 1.20289 0.774499 1.54647 2.08097 1.84823 2.41821 2.15979 2.50277 2.46971 2.64031
Sel_flota
 0.5 1 1 1 1
 0.5 1 1 1 1
 0.5 1 1 1 1
 0.5 1 1 1 1
 0.5 1 1 1 1
 0.5 1 1 1 1
 0.5 1 1 1 1
 0.5 1 1 1 1
 0.5 1 1 1 1
 0.5 1 1 1 1
 0.5 1 1 1 1
 0.5 1 1 1 1
 0.5 1 1 1 1
 0.5 1 1 1 1
 0.5 1 1 1 1
 0.5 1 1 1 1
 0.5 1 1 1 1
 0.5 1 1 1 1
 0.5 1 1 1 1
 0.5 1 1 1 1
 0.5 1 1 1 1
 0.5 1 1 1 1
 0.5 1 1 1 1
 0.5 1 1 1 1
 0.5 1 1 1 1
 0.5 1 1 1 1
 0.5 1 1 1 1
 0.5 1 1 1 1
 0.5 1 1 1 1
 0.5 1 1 1 1
 0.5 1 1 1 1
Sel_reclas
 0.5 1 1 1 1
 0.5 1 1 1 1
 0.5 1 1 1 1
 0.5 1 1 1 1
 0.5 1 1 1 1
 0.5 1 1 1 1
 0.5 1 1 1 1
 0.5 1 1 1 1
 0.5 1 1 1 1
 0.5 1 1 1 1
 0.5 1 1 1 1
 0.5 1 1 1 1
 0.5 1 1 1 1
 0.5 1 1 1 1
 0.5 1 1 1 1
 0.5 1 1 1 1
 0.5 1 1 1 1
 0.5 1 1 1 1
 0.5 1 1 1 1
 0.5 1 1 1 1
 0.5 1 1 1 1
 0.5 1 1 1 1
 0.5 1 1 1 1
 0.5 1 1 1 1
 0.5 1 1 1 1
 0.5 1 1 1 1
 0.5 1 1 1 1
 0.5 1 1 1 1
 0.5 1 1 1 1
 0.5 1 1 1 1
 0.5 1 1 1 1
Sel_pelaces
 0.5 1 1 1 1
 0.5 1 1 1 1
 0.5 1 1 1 1
 0.5 1 1 1 1
 0.5 1 1 1 1
 0.5 1 1 1 1
 0.5 1 1 1 1
 0.5 1 1 1 1
 0.5 1 1 1 1
 0.5 1 1 1 1
 0.5 1 1 1 1
 0.5 1 1 1 1
 0.5 1 1 1 1
 0.5 1 1 1 1
 0.5 1 1 1 1
 0.5 1 1 1 1
 0.5 1 1 1 1
 0.5 1 1 1 1
 0.5 1 1 1 1
 0.5 1 1 1 1
 0.5 1 1 1 1
 0.5 1 1 1 1
 0.5 1 1 1 1
 0.5 1 1 1 1
 0.5 1 1 1 1
 0.5 1 1 1 1
 0.5 1 1 1 1
 0.5 1 1 1 1
 0.5 1 1 1 1
 0.5 1 1 1 1
 0.5 1 1 1 1
pf_obs 
 0.8446 0.082 0.0669 0.0065 0
 0.8095 0.147 0.0364 0.0071 0
 0.9664 0.0169 0.016 0.0007 0
 0.9276 0.0648 0.0075 0.0001 0
 0.7033 0.2144 0.0806 0.0017 0
 0.9318 0.0425 0.0243 0.0014 0
 0.5671 0.3108 0.0964 0.0239 0.0018
 0.0768 0.2599 0.5324 0.112 0.0189
 0.490249 0.384438 0.106611 0.0170017 0.00170017
 0.7925 0.1577 0.0466 0.003 0.0002
 0.840416 0.127587 0.0312969 0.00059994 9.999e-05
 0.8084 0.0986 0.0794 0.0134 0.0002
 0.7335 0.1905 0.0724 0.0035 0.0001
 0.4001 0.4547 0.1325 0.0127 0
 0.49795 0.308269 0.164784 0.0264974 0.00249975
 0.9179 0.0499 0.0305 0.0017 0
 0.2467 0.6533 0.0926 0.0074 0
 0.9418 0.0223 0.034 0.0019 0
 0.707729 0.231977 0.0356964 0.0245975 0
 0.517169 0.277429 0.184464 0.0207286 0.00020938
 0.811772 0.124168 0.05621 0.00726502 0.000585176
 0.764997 0.148141 0.077277 0.00933861 0.000247198
 0.163321 0.427699 0.378323 0.0303852 0.000271297
 0.753843 0.0900009 0.118128 0.0371064 0.000921714
 0.721811 0.176058 0.0630433 0.0369309 0.00215725
 0.143369 0.312575 0.442814 0.0836902 0.0175525
 0.692698 0.0596174 0.167031 0.0765114 0.00414204
 0.394062 0.376323 0.152708 0.0712218 0.00568511
 0.125707 0.32114 0.495352 0.0537591 0.00404204
 0.23352 0.215282 0.420074 0.123614 0.00750983
 0.796117 0.104755 0.0508955 0.0450114 0.00322123
pf_pred 
 0.441818 0.0486842 0.456235 0.0384881 0.0147751
 0.48759 0.319201 0.0168516 0.157921 0.0184365
 0.512377 0.326781 0.100195 0.00528958 0.0553573
 0.514093 0.334275 0.101616 0.0311568 0.0188589
 0.514726 0.336083 0.102635 0.0311999 0.0153566
 0.499191 0.342536 0.109614 0.0334745 0.0151846
 0.517283 0.326979 0.106519 0.0340871 0.0151317
 0.530323 0.329948 0.0946488 0.0308335 0.0142471
 0.493907 0.351732 0.108438 0.0311066 0.0148159
 0.489684 0.340222 0.118214 0.0364452 0.0154341
 0.484547 0.341436 0.116016 0.0403109 0.0176908
 0.482073 0.338995 0.118524 0.0402731 0.0201344
 0.501024 0.329838 0.110705 0.0387063 0.0197272
 0.510931 0.331571 0.104111 0.0349432 0.0184441
 0.519838 0.33173 0.100632 0.0315978 0.0162031
 0.517333 0.334546 0.102333 0.0310431 0.0147457
 0.533302 0.326804 0.0969631 0.0296596 0.0132712
 0.531452 0.331562 0.0959239 0.0284607 0.0126011
 0.571465 0.306629 0.0862657 0.0249575 0.0106835
 0.639495 0.278505 0.058673 0.0165068 0.00681985
 0.643979 0.290887 0.0503188 0.0106007 0.00421455
 0.646038 0.28827 0.0536742 0.00928477 0.0027337
 0.675071 0.271715 0.0433374 0.00806919 0.00180682
 0.593726 0.334963 0.0596319 0.00951104 0.00216744
 0.562321 0.333805 0.0856414 0.0152463 0.00298588
 0.543917 0.335948 0.0916239 0.0235071 0.00500444
 0.523864 0.340268 0.100079 0.0272949 0.00849364
 0.525008 0.332811 0.101608 0.0298849 0.0106869
 0.524286 0.334202 0.0991527 0.0302716 0.0120873
 0.513516 0.339505 0.103257 0.0306347 0.0130874
 0.509174 0.337305 0.107139 0.0325851 0.0137976
pobs_RECLAS
 0 0 0 0 0
 0 0 0 0 0
 0 0 0 0 0
 0 0 0 0 0
 0 0 0 0 0
 0 0 0 0 0
 0 0 0 0 0
 0 0 0 0 0
 0 0 0 0 0
 0 0 0 0 0
 0.991045 0.00858322 0.000360255 1.14367e-05 0
 0.934742 0.0480273 0.0164251 0.00080598 0
 0.827803 0.169806 0.00239088 0 0
 0.941827 0.0461693 0.0120037 0 0
 0.791401 0.0380133 0.147996 0.0225897 0
 0.846168 0.0940531 0.0597789 0 0
 0.134021 0.677848 0.182769 0.00536245 0
 0.80878 0.0450904 0.141981 0.00414843 0
 0.846168 0.0940531 0.0597789 0 0
 0.905697 0.0802665 0.012482 0.00150086 5.37128e-05
 0.989698 0.0102097 9.19794e-05 0 0
 0.975433 0.0193895 0.00387452 0.00125025 5.28907e-05
 0.303575 0.632131 0.0575291 0.00676475 0
 0.966965 0.00978017 0.0227588 0.000495775 0
 0.843318 0.132988 0.00938335 0.0141283 0.000182051
 0.564624 0.303363 0.111486 0.0197234 0.00080311
 0.826376 0.0876187 0.0782897 0.00655872 0.00115652
 0.89761 0.0855135 0.0140674 0.00269457 0.000114338
 0.34875 0.467042 0.161289 0.0227151 0.000203297
 0.318654 0.224769 0.449479 0.00709798 0
 0.937255 0.0296025 0.0250945 0.00804832 0
ppred_RECLAS
 0.443432 0.0485434 0.454915 0.0383768 0.0147324
 0.490196 0.317577 0.0167658 0.157118 0.0183427
 0.514227 0.325542 0.0998149 0.00526952 0.0551474
 0.516576 0.332567 0.101097 0.0309976 0.0187625
 0.515459 0.335575 0.10248 0.0311528 0.0153334
 0.50121 0.341155 0.109172 0.0333396 0.0151233
 0.521346 0.324227 0.105623 0.0338002 0.0150043
 0.530644 0.329722 0.094584 0.0308124 0.0142373
 0.494813 0.351102 0.108244 0.0310509 0.0147893
 0.490499 0.339679 0.118025 0.036387 0.0154095
 0.484821 0.341254 0.115954 0.0402895 0.0176814
 0.483865 0.337822 0.118115 0.0401338 0.0200648
 0.502847 0.328633 0.1103 0.0385649 0.0196551
 0.513623 0.329745 0.103538 0.0347509 0.0183426
 0.521451 0.330615 0.100294 0.0314916 0.0161487
 0.520876 0.33209 0.101581 0.0308153 0.0146375
 0.535549 0.32523 0.0964962 0.0295168 0.0132073
 0.53581 0.328478 0.0950318 0.028196 0.0124839
 0.583363 0.298115 0.0838705 0.0242645 0.0103868
 0.65 0.27039 0.0569634 0.0160259 0.00662113
 0.652394 0.284011 0.0491294 0.0103502 0.00411492
 0.662758 0.274653 0.0511388 0.00884619 0.00260457
 0.679746 0.267806 0.0427139 0.0079531 0.00178082
 0.59755 0.331811 0.0590707 0.00942152 0.00214703
 0.565748 0.331192 0.0849709 0.015127 0.0029625
 0.545792 0.334566 0.0912472 0.0234105 0.00498386
 0.526308 0.338521 0.0995655 0.0271548 0.00845003
 0.527641 0.330967 0.101045 0.0297193 0.0106277
 0.52609 0.332935 0.0987768 0.0301568 0.0120415
 0.515037 0.338444 0.102934 0.030539 0.0130465
 0.511297 0.335845 0.106675 0.0324441 0.0137379
pobs_PELACES
 0 0 0 0 0
 0 0 0 0 0
 0 0 0 0 0
 0 0 0 0 0
 0 0 0 0 0
 0 0 0 0 0
 0 0 0 0 0
 0 0 0 0 0
 0 0 0 0 0
 0 0 0 0 0
 0 0 0 0 0
 0 0 0 0 0
 0 0 0 0 0
 0 0 0 0 0
 0 0 0 0 0
 0 0 0 0 0
 0.505614 0.472636 0.0217494 0 0
 0 0 0 0 0
 0.443492 0.261883 0.143347 0.151278 0
 0.227955 0.32914 0.350689 0.0885471 0.00366901
 0.970185 0.0296113 0.000203453 0 0
 0.997202 0.00247181 0.000326279 0 0
 0.445219 0.490057 0.0546422 0.010081 0
 0.90214 0.0892962 0.00764917 0.000914606 0
 0 0 0 0 0
 0.581667 0.319106 0.0959925 0.00289975 0.000334073
 0.762889 0.0836404 0.116647 0.0363945 0.000428098
 0.88444 0.0763242 0.0277011 0.0115352 0
 0.521256 0.241999 0.230069 0.00667565 0
 0.616807 0.101726 0.260614 0.0208532 0
 0.833518 0.0704572 0.0857862 0.0102388 0
ppred_PELACES
 0.449328 0.0480292 0.450096 0.0379703 0.0145763
 0.499261 0.311931 0.0164677 0.154324 0.0180166
 0.52089 0.321076 0.0984456 0.00519723 0.0543908
 0.525249 0.326601 0.0992835 0.0304415 0.0184259
 0.518269 0.333629 0.101885 0.0309722 0.0152445
 0.508425 0.33622 0.107593 0.0328573 0.0149046
 0.53461 0.315242 0.102696 0.0328635 0.0145885
 0.53191 0.328833 0.094329 0.0307293 0.0141989
 0.498254 0.348711 0.107507 0.0308394 0.0146886
 0.493611 0.337604 0.117304 0.0361647 0.0153154
 0.485903 0.340537 0.11571 0.0402048 0.0176442
 0.490345 0.333581 0.116632 0.0396299 0.0198129
 0.509428 0.324283 0.10884 0.0380544 0.0193949
 0.522939 0.32343 0.101555 0.0340853 0.0179913
 0.527333 0.326551 0.0990609 0.0311045 0.0159501
 0.532685 0.323905 0.0990779 0.0300558 0.0142767
 0.543478 0.319679 0.094849 0.0290129 0.0129819
 0.549854 0.31854 0.0921566 0.027343 0.0121062
 0.613953 0.276227 0.0777127 0.022483 0.00962421
 0.677144 0.24942 0.0525456 0.014783 0.00610763
 0.675389 0.265224 0.0458794 0.00966549 0.00384272
 0.700215 0.244147 0.0454588 0.00786365 0.00231528
 0.694112 0.255793 0.0407979 0.00759634 0.00170094
 0.610018 0.321532 0.0572407 0.00912965 0.00208052
 0.577169 0.322481 0.0827362 0.0147291 0.00288459
 0.552528 0.329605 0.089894 0.0230633 0.00490995
 0.534857 0.332412 0.0977687 0.0266647 0.00829754
 0.536767 0.324573 0.099093 0.0291451 0.0104223
 0.532601 0.328361 0.0974197 0.0297425 0.0118761
 0.520612 0.334553 0.101751 0.0301879 0.0128965
 0.518844 0.330659 0.105028 0.0319431 0.0135257
pobs_pel_tallas
 0 0 0 0 0 0 0 0 0 0 0 0 0 0 0 0 0 0 0 0 0 0 0 0 0 0
 0 0 0 0 0 0 0 0 0 0 0 0 0 0 0 0 0 0 0 0 0 0 0 0 0 0
 0 0 0 0 0 0 0 0 0 0 0 0 0 0 0 0 0 0 0 0 0 0 0 0 0 0
 0 0 0 0 0 0 0 0 0 0 0 0 0 0 0 0 0 0 0 0 0 0 0 0 0 0
 0 0 0 0 0 0 0 0 0 0 0 0 0 0 0 0 0 0 0 0 0 0 0 0 0 0
 0 0 0 0 0 0 0 0 0 0 0 0 0 0 0 0 0 0 0 0 0 0 0 0 0 0
 0 0 0 0 0 0 0 0 0 0 0 0 0 0 0 0 0 0 0 0 0 0 0 0 0 0
 0 0 0 0 0 0 0 0 0 0 0 0 0 0 0 0 0 0 0 0 0 0 0 0 0 0
 0 0 0 0 0 0 0 0 0 0 0 0 0 0 0 0 0 0 0 0 0 0 0 0 0 0
 0 0 0 0 0 0 0 0 0 0 0 0 0 0 0 0 0 0 0 0 0 0 0 0 0 0
 0 0 0 0 0 0 0 0 0 0 0 0 0 0 0 0 0 0 0 0 0 0 0 0 0 0
 0 0 0 0 0 0 0 0 0 0 0 0 0 0 0 0 0 0 0 0 0 0 0 0 0 0
 0.00862536 0 0 0.000197151 0.00414017 0.0128641 0.00837892 0.0270097 0.101434 0.158115 0.152841 0.127902 0.109271 0.109419 0.0830992 0.0579132 0.0238553 0.00714673 0.00463305 0.00128148 0.00103504 0.000492878 0.000147863 0.000147863 4.92878e-05 0
 0 0 0 0 0 0 0 0 0 0 0 0 0 0 0 0 0 0 0 0 0 0 0 0 0 0
 0 0 0 0 0 0 0 0.0054083 0.00873648 0.0413646 0.0450493 0.0745869 0.0622846 0.0627006 0.0613931 0.0827291 0.12552 0.122667 0.0946155 0.0697135 0.0546179 0.0294188 0.0215738 0.0213955 0.0102223 0.00600262
 0 0 0 0 0.00359764 0.0251062 0.0480494 0.140153 0.205849 0.193036 0.1447 0.116669 0.0760912 0.0342217 0.00950174 0.001854 0.000860785 0 0 0 0.000165536 0 0.000143464 0 0 0
 0 0 0 0 0 0 0 0.000145254 0.000435761 0.0275982 0.070085 0.0708112 0.156366 0.174668 0.174014 0.160142 0.0824315 0.0480064 0.0283245 0.00493863 0.00203355 0 0 0 0 0
 0 0 0 0 0 0 0 0 0 0 0 0 0 0 0 0 0 0 0 0 0 0 0 0 0 0
 0 0 1.00437e-05 0.000401748 0.00122533 0.00171747 0.00176769 0.0269171 0.070346 0.194647 0.189555 0.159765 0.064822 0.0314167 0.0384472 0.0292271 0.0345202 0.0313363 0.0194345 0.0106764 0.0143323 0.0359363 0.0279516 0.0138201 0.00172751 0
 0 0.0021121 0.0136068 0.0755702 0.200478 0.177729 0.0527432 0.0373336 0.0318909 0.0142505 0.0149659 0.0166563 0.0217959 0.0798694 0.0677717 0.0528807 0.04013 0.0224614 0.0357745 0.0225083 0.00881397 0.00855152 0.00135912 0.000746735 0 0
 0 0 0 0 5.4009e-05 0.00500934 0.000945158 0.0243581 0.138947 0.33067 0.221406 0.137944 0.0707744 0.0437923 0.0131692 0.00525238 0.0047753 0.00276346 9.45158e-05 9.00151e-06 2.25038e-05 9.00151e-06 4.50075e-06 0 0 0
 0.000866109 0.00284123 0.00948549 0.0512746 0.133035 0.25785 0.225252 0.132002 0.0553304 0.0519788 0.0540692 0.017754 0.00435017 0.00159236 0.00146478 0.000404838 0.000125132 0.000115318 0.000107957 0.000100596 0 0 0 0 0 0
 0 0 0 0 0.00144013 0.00171154 0.00461396 0.0210425 0.0478622 0.0707936 0.0888783 0.103762 0.0637923 0.0337046 0.0602308 0.124433 0.169614 0.0934646 0.0462172 0.0250306 0.0313229 0.00938855 0.002487 0.000210481 0 0
 0 0.00764035 0.051015 0.0998891 0.058973 0.0496711 0.0374665 0.0718981 0.12319 0.153886 0.159021 0.0857701 0.0377988 0.023471 0.0147837 0.00900784 0.00315554 0.000888139 0.00291439 0.00214683 0.00393193 0.00274676 0.000635225 9.99891e-05 0 0
 0 0 0 0 0 0 0 0 0 0 0 0 0 0 0 0 0 0 0 0 0 0 0 0 0 0
 0 0 0 0 0 0 0 0 0 0 0 0 0 0 0 0 0 0 0 0 0 0 0 0 0 0
 0 0 0 0 0 0 0 0 0 0 0 0 0 0 0 0 0 0 0 0 0 0 0 0 0 0
 0 0 0 0 0 0 0 0 0 0 0 0 0 0 0 0 0 0 0 0 0 0 0 0 0 0
 0 0 0 0 0 0 0 0 0 0 0 0 0 0 0 0 0 0 0 0 0 0 0 0 0 0
 0 0 0 0 0 0 0 0 0 0 0 0 0 0 0 0 0 0 0 0 0 0 0 0 0 0
 0 0 0 0 0 0 0 0 0 0 0 0 0 0 0 0 0 0 0 0 0 0 0 0 0 0
ppred_pel_tallas
 1.19276e-16 3.70105e-05 0.000359756 0.0023907 0.0108678 0.0338138 0.072044 0.105151 0.105157 0.0720704 0.0339043 0.0111383 0.00310342 0.00202712 0.00353019 0.00662889 0.011528 0.0186273 0.0282231 0.0402513 0.0539185 0.0674299 0.0781802 0.0835646 0.0820684 0.0739851
 1.19081e-16 4.11235e-05 0.000399735 0.00265638 0.0120755 0.0375717 0.0800515 0.116844 0.116874 0.0801985 0.0380652 0.0135014 0.00623698 0.00822192 0.0149167 0.0246569 0.0356876 0.0453129 0.0509012 0.0514542 0.0483102 0.0442867 0.0418888 0.0419334 0.0434281 0.0444857
 1.12649e-16 4.29051e-05 0.000417053 0.00277147 0.0125987 0.0391994 0.0835196 0.121906 0.121937 0.0836713 0.039709 0.0140718 0.00647373 0.00851419 0.0154656 0.0256187 0.0371837 0.0473671 0.0533543 0.0538799 0.0499673 0.044162 0.0388956 0.0352698 0.0329748 0.0310293
 1.0912e-16 4.32641e-05 0.000420542 0.00279465 0.0127041 0.0395274 0.0842184 0.122926 0.122957 0.0843727 0.0400458 0.0142026 0.00656064 0.00865701 0.0157311 0.0260578 0.0378165 0.0481585 0.0542045 0.0546365 0.050447 0.0441634 0.0382022 0.0336637 0.0302841 0.0272043
 1.08712e-16 4.26892e-05 0.000414954 0.00275752 0.0125353 0.0390021 0.0830993 0.121293 0.121325 0.083257 0.0395317 0.014066 0.00660452 0.00882851 0.0160675 0.0266165 0.0386245 0.0491797 0.0553354 0.0557368 0.0513876 0.0448606 0.0386217 0.033804 0.0301608 0.0268478
 1.09009e-16 4.18784e-05 0.000407073 0.00270514 0.0122972 0.0382614 0.0815211 0.118989 0.119022 0.08168 0.0387952 0.0138404 0.00658389 0.00889136 0.0162052 0.0268564 0.038996 0.0497009 0.0560112 0.0565643 0.0523618 0.045971 0.0398402 0.035075 0.0314043 0.0279781
 1.08809e-16 4.40352e-05 0.000428038 0.00284446 0.0129305 0.0402318 0.0857193 0.125116 0.125147 0.0858683 0.0407324 0.0143777 0.00648208 0.00838552 0.0152057 0.0251975 0.0365989 0.0466723 0.0526494 0.0532588 0.0494399 0.043592 0.0379937 0.0336575 0.0303051 0.027122
 1.08291e-16 4.38128e-05 0.000425876 0.0028301 0.0128652 0.0400286 0.0852864 0.124485 0.124516 0.0854418 0.0405504 0.0143733 0.00661959 0.00871218 0.0158219 0.0261954 0.0379869 0.0483135 0.0542607 0.0544913 0.0500072 0.0433734 0.03706 0.0322208 0.0286325 0.0254581
 1.08771e-16 4.10406e-05 0.000398929 0.00265103 0.0120512 0.0374959 0.0798903 0.116609 0.116643 0.080055 0.0380494 0.0136512 0.00667208 0.00919321 0.0167911 0.027821 0.0403726 0.0514038 0.0578314 0.0582335 0.053651 0.0467656 0.0401521 0.0350008 0.0310711 0.0275044
 1.09691e-16 4.06582e-05 0.000395212 0.00262632 0.0119389 0.0371466 0.0791459 0.115523 0.115555 0.0793055 0.0376829 0.0134896 0.00652466 0.00892486 0.0162978 0.0270316 0.0392957 0.0501778 0.0567255 0.0575793 0.0537287 0.0477061 0.0419006 0.0373495 0.03373 0.0301786
 1.10445e-16 4.00233e-05 0.000389041 0.00258531 0.0117525 0.0365665 0.07791 0.113719 0.113752 0.078071 0.0371075 0.0133165 0.00651705 0.00899156 0.0164355 0.0272606 0.0396275 0.050602 0.0572128 0.0581012 0.0542832 0.0483305 0.0426607 0.0383081 0.0349116 0.0315487
 1.10779e-16 4.03891e-05 0.000392597 0.00260895 0.0118599 0.0369007 0.0786221 0.114758 0.11479 0.0787799 0.0374308 0.0133924 0.0064617 0.00882323 0.0161111 0.026728 0.0388707 0.0496728 0.0562333 0.0572276 0.0536501 0.0480079 0.0426469 0.0385519 0.0353424 0.0320962
 1.10323e-16 4.1961e-05 0.000407875 0.00271048 0.0123215 0.0383368 0.0816817 0.119223 0.119255 0.0818351 0.0388519 0.0138107 0.00645418 0.00859877 0.0156524 0.0259541 0.0377253 0.0481685 0.0544561 0.0552994 0.0516754 0.0460443 0.0407178 0.0366819 0.0335815 0.0305142
 1.09477e-16 4.30738e-05 0.000418693 0.00278236 0.0126482 0.0393536 0.0838481 0.122385 0.122417 0.0840009 0.039867 0.0141327 0.0065133 0.00857958 0.0155902 0.0258327 0.0375104 0.047813 0.0539005 0.0544759 0.0505202 0.0445197 0.0388362 0.0345195 0.0312717 0.0282209
 1.08761e-16 4.34358e-05 0.000422212 0.00280575 0.0127545 0.0396843 0.0845527 0.123414 0.123445 0.084707 0.0402026 0.0142528 0.00657102 0.00865699 0.0157276 0.0260507 0.0378033 0.0481351 0.0541638 0.0545675 0.050334 0.0439866 0.0379415 0.0333039 0.0298216 0.026652
 1.08373e-16 4.38766e-05 0.000426496 0.00283422 0.012884 0.040087 0.0854107 0.124666 0.124697 0.0855637 0.0406011 0.0143701 0.00656912 0.0085949 0.0156018 0.0258412 0.0374991 0.0477466 0.0537216 0.054108 0.0498783 0.0435287 0.0374521 0.0327493 0.0291839 0.0259413
 1.07926e-16 4.47656e-05 0.000435138 0.00289164 0.013145 0.0408992 0.0871412 0.127192 0.127222 0.0872922 0.0414065 0.0146114 0.00657664 0.00849358 0.0153908 0.025483 0.0369642 0.0470338 0.0528598 0.0531389 0.048834 0.0424216 0.0362843 0.0315329 0.0279536 0.0247519
 1.07532e-16 4.52908e-05 0.000440243 0.00292557 0.0132992 0.041379 0.0881635 0.128684 0.128714 0.0883139 0.0418844 0.0147601 0.00659642 0.00846701 0.0153288 0.0253734 0.0367912 0.0467839 0.0525217 0.0527006 0.0482811 0.0417409 0.0354738 0.0306115 0.0269645 0.0237558
 1.06197e-16 5.05706e-05 0.000491564 0.00326662 0.0148496 0.0462027 0.0984407 0.143683 0.143709 0.0985712 0.0466409 0.0161161 0.0064489 0.00744935 0.0132967 0.0219864 0.0318662 0.040494 0.0454083 0.0454734 0.0415233 0.0357158 0.0301447 0.0258135 0.0225786 0.0197791
 1.04097e-16 5.57755e-05 0.000542158 0.00360283 0.016378 0.050958 0.108572 0.15847 0.158494 0.10869 0.0513531 0.0175194 0.00646935 0.0068047 0.011964 0.019729 0.0285054 0.0360381 0.0400635 0.0395373 0.0352383 0.0291987 0.0234394 0.019008 0.0158796 0.0134897
 1.03012e-16 5.56309e-05 0.000540752 0.00359349 0.0163355 0.050826 0.108291 0.158059 0.158085 0.108416 0.0512456 0.0175479 0.00663737 0.00718773 0.0126858 0.0209007 0.0301415 0.0379841 0.0419913 0.0410331 0.0359448 0.028932 0.0222256 0.0170393 0.0134357 0.0108651
 1.02555e-16 5.76758e-05 0.00056063 0.00372558 0.016936 0.0526942 0.112271 0.163868 0.163892 0.112387 0.0530807 0.0180523 0.00652856 0.00668218 0.0116913 0.0192566 0.0277801 0.0350282 0.0387579 0.0379243 0.0332837 0.0268482 0.0206526 0.0158049 0.01237 0.00986573
 1.02293e-16 5.71731e-05 0.000555743 0.00369311 0.0167884 0.052235 0.111293 0.162441 0.162465 0.111414 0.0526396 0.0179572 0.00662726 0.00696201 0.0122267 0.0201302 0.0290093 0.0365129 0.0402786 0.039208 0.034107 0.0271164 0.020415 0.0152091 0.0115944 0.00906474
 1.03002e-16 5.02464e-05 0.000488413 0.00324568 0.0147544 0.0459066 0.09781 0.142763 0.142794 0.0979615 0.0464154 0.0162242 0.00693598 0.00854705 0.0153628 0.0253382 0.0365413 0.0460439 0.0508856 0.0496854 0.0434414 0.0348146 0.0265051 0.0199974 0.0153992 0.0120887
 1.04436e-16 4.75407e-05 0.000462113 0.0030709 0.0139599 0.0434346 0.0925431 0.135076 0.135107 0.0926953 0.0439458 0.0154371 0.00678169 0.00857212 0.0154773 0.025583 0.0370141 0.0468901 0.0522908 0.0518468 0.0465104 0.0388251 0.0313177 0.0252955 0.020753 0.0170631
 1.05823e-16 4.55111e-05 0.000442384 0.0029398 0.0133639 0.0415803 0.0885923 0.12931 0.129342 0.0887479 0.042103 0.0148746 0.0067353 0.0087396 0.0158375 0.0262 0.0379473 0.0481599 0.0538795 0.053728 0.0486845 0.0413258 0.0341789 0.0284986 0.0241922 0.0205518
 1.06985e-16 4.40555e-05 0.000428235 0.00284578 0.0129365 0.0402504 0.085759 0.125174 0.125207 0.085916 0.0407779 0.014461 0.00667664 0.00880492 0.0159938 0.0264786 0.0383918 0.0488113 0.054776 0.0549115 0.0502024 0.0432181 0.0364513 0.0310971 0.0269957 0.0233911
 1.0763e-16 4.42128e-05 0.000429765 0.00285594 0.0129827 0.0403942 0.0860652 0.125621 0.125653 0.0862185 0.0409093 0.0144718 0.00659817 0.00861387 0.015631 0.0258862 0.0375568 0.047802 0.0537453 0.0540569 0.0497005 0.0431712 0.0368708 0.0319206 0.0281168 0.0246843
 1.07888e-16 4.38697e-05 0.000426429 0.00283377 0.0128819 0.0400807 0.0853973 0.124647 0.124678 0.0855524 0.0406018 0.0143881 0.00661876 0.00870346 0.0158059 0.0261729 0.0379631 0.0483 0.054272 0.0545373 0.0500811 0.0434444 0.0370749 0.0321182 0.0283649 0.025012
 1.08232e-16 4.28822e-05 0.00041683 0.00276999 0.012592 0.0391785 0.0834751 0.121841 0.121873 0.0836331 0.0397094 0.0141268 0.00662727 0.0088526 0.0161091 0.0266827 0.0387141 0.0492789 0.055416 0.0557596 0.0513097 0.0446439 0.03824 0.0332489 0.0294461 0.0260121
 1.08608e-16 4.27366e-05 0.000415415 0.00276058 0.0125492 0.0390454 0.0831915 0.121427 0.121459 0.0833478 0.0395704 0.0140668 0.0065748 0.00875829 0.0159358 0.0264053 0.0383352 0.0488469 0.0550252 0.0555268 0.0513351 0.0449767 0.0388659 0.0340998 0.0304241 0.0270141
pSPR Fmed_Fpbrs
0.5999   0.285354 0.285354
Fs Fmed_Fpbrs
0.34   1.005 1.005
SSBpbr Bo_Bmed_Bpbrs
2.54256e+06  1.39815e+06  598401 598401
Ro
263368
SPR SPRFo_SPRFmed_SPRFpbrs
1.87984e+06 1.12772e+06 536420
Fref
1.005
Nvult_r0
 204749 78355.3 24888.2 7569.46 3205.15
CTP_r0
 68476.9 39275.3 12475.1 3794.17 1606.57
YTP_r0
1.65614e+06
Np
 263368 58618.6 11905.4 3735.06 1346.13
Nvult_p0
 204749 50725 10302.2 3232.09 1164.86
CTP_p0
 68476.9 38347.9 12030.8 3821.38 1518.25
 68476.9 25425.8 5163.94 1620.08 583.883
YTP_p0
 1.64827e+06 1.15561e+06
CBA_c0
1.65378e+06
log_Ro
12.3013
likeval ReclasPelacesDesembMPH_pf_preclas_ppelaces_ptallas_desvR_qrecl_qpela
 485.761 122.466 12.5478 491.506 245.978 155.901 109.827 0 0 0 0 50.7176 0 0 0
q_reclas_q_pelaces
1 1
M
1
N
 263368 14946.3 140066 11816 4536.03
 263368 90130.8 4758.27 44591.1 5205.8
 263368 86805.5 26615.6 1405.11 14705
 263368 89360.4 27164.7 8329.02 5041.47
 263368 87203.5 26630.6 8095.46 3984.59
 263368 93639.6 29965.5 9150.99 4151.03
 263368 88772.8 28919.3 9254.43 4108.15
 263368 82455.8 23653.2 7705.46 3560.42
 263368 95407.2 29413.9 8437.65 4018.8
 263368 92930.1 32289.6 9954.83 4215.76
 263368 93300.1 31702.2 11015.3 4834.15
 263368 95623.6 33433.4 11360.2 5679.52
 263368 89563.9 30060.7 10510.3 5356.7
 263368 89458.1 28089.3 9427.71 4976.24
 263368 86529.3 26249.1 8242.05 4226.46
 263368 90204.2 27592.2 8370.22 3975.91
 263368 83931.3 24902.5 7617.31 3408.37
 263368 87956.9 25446.7 7550.07 3342.83
 263368 81618.2 22962.2 6643.16 2843.72
 263368 65864.3 13875.7 3903.75 1612.84
 263368 67017.3 11592.9 2442.3 970.986
 263368 70894.3 13200.1 2283.41 672.301
 263368 57407.6 9156.26 1704.85 381.741
 263368 79130.5 14087.2 2246.85 512.027
 263368 82733 21226.1 3778.77 740.045
 263368 84118.2 22941.8 5885.97 1253.07
 263368 89220.4 26241.4 7156.88 2227.08
 263368 87316.9 26658.1 7840.65 2803.83
 263368 86702 25723.2 7853.36 3135.82
 263368 89510.6 27223.7 8076.86 3450.51
 263368 90548.6 28761.2 8747.39 3703.92
pred_Ctot
 11679.1 1286.92 12060.2 1017.4 390.567
 17480.4 11443.6 604.139 5661.57 660.961
 13019.9 8303.76 2546.03 134.412 1406.67
 16784 10913.4 3317.56 1017.2 615.702
 5596.79 3654.34 1115.98 339.248 166.978
 14043.7 9636.54 3083.77 941.737 427.186
 25126.7 15882.8 5174.1 1655.76 735.01
 2547.05 1584.68 454.582 148.088 68.4262
 6823.43 4859.25 1498.1 429.744 204.684
 6183.61 4296.25 1492.78 460.221 194.899
 2174.46 1532.24 520.634 180.9 79.3896
 12665.6 8906.44 3114 1058.1 528.994
 12849.8 8459.36 2839.25 992.702 505.944
 17963.8 11657.7 3660.44 1228.57 648.477
 11551.4 7371.41 2236.16 702.138 360.051
 22525.3 14566.5 4455.68 1351.65 642.045
 15467.4 9478.34 2812.23 860.221 384.907
 26606.9 16599.5 4802.39 1424.88 630.869
 55000 29511.2 8302.56 2402 1028.22
 52882.6 23030.7 4851.92 1365.02 563.962
 45811.6 20693.3 3579.6 754.121 299.817
 70760.4 31574.1 5878.93 1016.96 299.422
 31019.6 12485.3 1991.36 370.78 83.0233
 24637.4 13899.7 2474.5 394.672 89.9403
 22196.2 13176.1 3380.48 601.811 117.86
 13263.7 8192.27 2234.3 573.234 122.036
 16585.7 10773 3168.55 864.166 268.912
 17661.6 11196 3418.16 1005.34 359.513
 12758.2 8132.62 2412.83 736.643 294.139
 10952.8 7241.33 2202.37 653.41 279.143
 14675.7 9722 3088.02 939.188 397.682
F
 0.0722901 0.14458 0.14458 0.14458 0.14458
 0.109883 0.219766 0.219766 0.219766 0.219766
 0.0808751 0.16175 0.16175 0.16175 0.16175
 0.105308 0.210616 0.210616 0.210616 0.210616
 0.0340994 0.0681988 0.0681988 0.0681988 0.0681988
 0.0874717 0.174943 0.174943 0.174943 0.174943
 0.16129 0.32258 0.32258 0.32258 0.32258
 0.0153981 0.0307961 0.0307961 0.0307961 0.0307961
 0.0417044 0.0834087 0.0834087 0.0834087 0.0834087
 0.0377316 0.0754632 0.0754632 0.0754632 0.0754632
 0.0131332 0.0262664 0.0262664 0.0262664 0.0262664
 0.0786004 0.157201 0.157201 0.157201 0.157201
 0.0797824 0.159565 0.159565 0.159565 0.159565
 0.113069 0.226138 0.226138 0.226138 0.226138
 0.0714759 0.142952 0.142952 0.142952 0.142952
 0.143554 0.287108 0.287108 0.287108 0.287108
 0.0967055 0.193411 0.193411 0.193411 0.193411
 0.1715 0.342999 0.342999 0.342999 0.342999
 0.385955 0.77191 0.77191 0.77191 0.77191
 0.368602 0.737203 0.737203 0.737203 0.737203
 0.312362 0.624724 0.624724 0.624724 0.624724
 0.523376 1.04675 1.04675 1.04675 1.04675
 0.202454 0.404908 0.404908 0.404908 0.404908
 0.157934 0.315868 0.315868 0.315868 0.315868
 0.141329 0.282658 0.282658 0.282658 0.282658
 0.0824427 0.164885 0.164885 0.164885 0.164885
 0.104008 0.208016 0.208016 0.208016 0.208016
 0.111076 0.222152 0.222152 0.222152 0.222152
 0.0791948 0.15839 0.15839 0.15839 0.15839
 0.0676656 0.135331 0.135331 0.135331 0.135331
 0.091562 0.183124 0.183124 0.183124 0.183124
YTP_r0W_actual
 568358 553782 344313 129761 59925.1
YTP_p0W_proyectada
 516316 669172 289582 119686 53518.2
 516316 443679 124296 50740.8 20581.9
CTP_r0_actual
 68476.9 39275.3 12475.1 3794.17 1606.57
CTP_p0_proyectada
 68476.9 38347.9 12030.8 3821.38 1518.25
 68476.9 25425.8 5163.94 1620.08 583.883
Wmedp
 7.54 17.45 24.07 31.32 35.25
Frms_r0
 0.5025 1.005 1.005 1.005 1.005
Zrms_r0
 1.5025 2.005 2.005 2.005 2.005
nmprior
 7.29 8.9 8.7 0
nm_flota  nm_reclas  nm_pelaces    nm_pelaL
inf 3.96343 7.31041 13.2777
cv_recla  cv_pelaces  cv_mph
0.996796 1.04568 1.84465
 ------------------------------------------------
Talla a la edad & desviaci?n 
 8 13.2811 15.8009 17.003 17.5766
 0.8 1.32811 1.58009 1.7003 1.75766
