years
 1991 1992 1993 1994 1995 1996 1997 1998 1999 2000 2001 2002 2003 2004 2005 2006 2007 2008 2009 2010 2011 2012 2013 2014 2015 2016 2017 2018 2019 2020 2021 2022 2023
reclasobs
 0 0 0 0 0 0 0 0 0 252601 567819 844713 477998 351125 339783 2.1784e+06 2.13404e+06 4.81314e+06 1.55562e+06 2.62356e+06 3.21686e+06 3.843e+06 1.13348e+06 3.07943e+06 1.97215e+06 2.03268e+06 2.025e+06 2.42433e+06 2.27542e+06 1.05018e+06 2.36338e+06 3.18982e+06 1.53035e+06
reclaspred
 5.46372e+06 2.87308e+06 1.36935e+06 1.54559e+06 1.89333e+06 3.7858e+06 2.30619e+06 1.69101e+06 926748 273543 534728 1.07988e+06 702093 305776 520642 1.69814e+06 1.60596e+06 3.1898e+06 2.37489e+06 2.45896e+06 4.25771e+06 2.97651e+06 1.7108e+06 2.52512e+06 2.12018e+06 1.83138e+06 2.20693e+06 2.44004e+06 2.06983e+06 1.59901e+06 1.74328e+06 1.73101e+06 1.4406e+06
pelacesobs
 0 0 0 0 0 0 0 0 0 0 0 0 0 0 0 552880 188675 0 991730 2.46772e+06 1.41603e+06 1.21717e+06 2.29649e+06 1.80582e+06 0 1.4828e+06 1.56532e+06 1.57751e+06 1.42118e+06 867257 1.10002e+06 1.06204e+06 0
pelacespred
 3.89098e+06 1.96083e+06 866853 749766 1.18217e+06 2.33226e+06 1.32913e+06 1.35155e+06 620079 103373 291591 489592 314625 95439.7 230715 714580 779068 1.6617e+06 1.14565e+06 1.13086e+06 2.17623e+06 1.56248e+06 924721 1.48324e+06 1.2191e+06 1.09389e+06 1.45644e+06 1.51568e+06 1.24056e+06 1.02434e+06 902093 1.03316e+06 762140
mphobs
 0 0 0 0 0 0 0 0 0 0 0 0 498337 0 5186 125008 0 168611 109162 213762 579715 649985 157893 87575 83554 210694 70296 0 107559 103333 445601 22526 28222
mphpred
 705817 480458 208424 123283 187771 272488 448722 185719 153797 52425.1 13119.2 89417.5 110586 32284.1 11373.8 48525.4 226584 148452 307530 164096 332165 320978 217927 112108 260082 200932 150715 222128 308799 171010 130573 189246 98618
desembarqueobs
 494567 514787 250237 358949 120608 361735 552515 73892 212993 205616 52469 317467 293654 387597 252695 516296 358380 742168 942051 627588 828172 859565 418607 520667 417249 300574 415391 372974 316634 284311 391294 218835 356480
desembarquepred
 494551 514466 250367 358934 120608 361710 552466 73897.8 213078 205686 52471.6 317409 293669 387478 252482 516174 358541 741992 941180 627017 828332 859386 418502 520715 417123 300548 415327 372884 316504 284085 391187 218944 356579
Reclutas
 141853 95271.4 85333.1 126732 90684.9 192657 66547.2 22912.6 22145.2 30110.8 49816.5 110351 56323 60687.7 53339.4 239792 49585.7 302396 227845 265568 219416 307502 46312.7 139784 140748 48702.6 122582 120704 49703 74259.4 94659.8 30396.3 94077.7
log_desv_Rt
 0.461339 0.0632749 -0.0468918 0.348623 0.0139364 0.767457 -0.295543 -1.36177 -1.39583 -1.08857 -0.585109 0.210207 -0.462351 -0.387714 -0.51678 0.986316 -0.589753 1.21828 0.93521 1.08842 0.897515 1.23503 -0.658038 0.446647 0.453514 -0.607722 0.315327 0.29989 -0.587389 -0.185891 0.0568351 -1.07913 0.050667
SSB
 705817 480458 208424 123283 187771 272488 448722 185719 153797 52425.1 13119.2 89417.5 102022 30889.9 10775.9 46478.7 226584 148452 323798 170935 357932 375065 276034 130142 275213 231881 159129 222128 325696 164891 152739 226607 107019
BT
 1.23743e+06 930193 419948 562958 458494 1.19106e+06 807390 439480 375178 228627 190784 469211 376477 444932 373972 784986 516700 1.44275e+06 1.3321e+06 954001 1.55773e+06 1.30417e+06 625487 1.18183e+06 766177 601027 1.05843e+06 929781 581828 614267 663362 476881 623508
Ftot
 0.497998 0.926395 0.920857 1.01146 0.316081 0.44505 1.1639 0.237719 1.11504 2.59117 0.404962 1.19906 1.68682 3.41459 1.70003 1.15465 1.02726 0.953713 1.57744 1.04151 0.867731 1.22468 1.14879 0.864462 0.884848 0.790674 0.81088 0.667444 0.775772 0.821765 0.959901 0.637935 1.0438
BD_Bspro_t
 0.923412 0.553315 0.28328 0.204993 0.257891 0.383293 0.443882 0.2277 0.254393 0.127219 0.0485345 0.329576 0.231373 0.0749113 0.0275148 0.10784 0.25944 0.177095 0.262502 0.147439 0.218729 0.222164 0.188177 0.114928 0.239638 0.247099 0.220306 0.311211 0.377478 0.246834 0.254104 0.294229 0.239611
BD_Bspro
 1.09551 0.745726 0.323498 0.191349 0.291442 0.422932 0.696468 0.288257 0.23871 0.0813696 0.0203625 0.138786 0.15835 0.0479446 0.0167255 0.0721402 0.351684 0.230414 0.502572 0.26531 0.555551 0.582143 0.428437 0.201995 0.427161 0.359905 0.246986 0.344768 0.505517 0.25593 0.237068 0.35172 0.166105
BD_Bo
 1.66885 1.13601 0.492803 0.291493 0.443971 0.644276 1.06097 0.439119 0.36364 0.123955 0.0310193 0.211421 0.241224 0.0730368 0.0254788 0.109895 0.53574 0.351003 0.765596 0.404162 0.846302 0.886812 0.652662 0.30771 0.650719 0.548264 0.376248 0.525205 0.770083 0.389873 0.361138 0.535795 0.253038
BD_Brms
 9.75755 6.64208 2.88135 1.70432 2.59584 3.767 6.20335 2.56747 2.12616 0.724749 0.181366 1.23615 1.41041 0.427037 0.148972 0.642544 3.13241 2.05227 4.47634 2.36308 4.94822 5.18508 3.81603 1.79914 3.80467 3.20563 2.19987 3.0708 4.50258 2.27954 2.11153 3.13273 1.47948
Sel_flota
 0.760062 1 1 1 1
 0.760062 1 1 1 1
 0.760062 1 1 1 1
 0.760062 1 1 1 1
 0.760062 1 1 1 1
 0.760062 1 1 1 1
 0.760062 1 1 1 1
 0.760062 1 1 1 1
 0.760062 1 1 1 1
 0.760062 1 1 1 1
 0.760062 1 1 1 1
 0.760062 1 1 1 1
 0.760062 1 1 1 1
 0.760062 1 1 1 1
 0.760062 1 1 1 1
 0.760062 1 1 1 1
 0.760062 1 1 1 1
 0.760062 1 1 1 1
 0.760062 1 1 1 1
 0.760062 1 1 1 1
 0.760062 1 1 1 1
 0.760062 1 1 1 1
 0.760062 1 1 1 1
 0.760062 1 1 1 1
 0.760062 1 1 1 1
 0.760062 1 1 1 1
 0.760062 1 1 1 1
 0.760062 1 1 1 1
 0.760062 1 1 1 1
 0.760062 1 1 1 1
 0.760062 1 1 1 1
 0.760062 1 1 1 1
 0.760062 1 1 1 1
Sel_reclas
 0.426068 0.788854 0.949501 0.989542 0.997904
 0.426068 0.788854 0.949501 0.989542 0.997904
 0.426068 0.788854 0.949501 0.989542 0.997904
 0.426068 0.788854 0.949501 0.989542 0.997904
 0.426068 0.788854 0.949501 0.989542 0.997904
 0.426068 0.788854 0.949501 0.989542 0.997904
 0.426068 0.788854 0.949501 0.989542 0.997904
 0.426068 0.788854 0.949501 0.989542 0.997904
 0.426068 0.788854 0.949501 0.989542 0.997904
 0.426068 0.788854 0.949501 0.989542 0.997904
 0.426068 0.788854 0.949501 0.989542 0.997904
 0.426068 0.788854 0.949501 0.989542 0.997904
 0.426068 0.788854 0.949501 0.989542 0.997904
 0.426068 0.788854 0.949501 0.989542 0.997904
 0.426068 0.788854 0.949501 0.989542 0.997904
 0.426068 0.788854 0.949501 0.989542 0.997904
 0.426068 0.788854 0.949501 0.989542 0.997904
 0.426068 0.788854 0.949501 0.989542 0.997904
 0.426068 0.788854 0.949501 0.989542 0.997904
 0.426068 0.788854 0.949501 0.989542 0.997904
 0.426068 0.788854 0.949501 0.989542 0.997904
 0.426068 0.788854 0.949501 0.989542 0.997904
 0.426068 0.788854 0.949501 0.989542 0.997904
 0.426068 0.788854 0.949501 0.989542 0.997904
 0.426068 0.788854 0.949501 0.989542 0.997904
 0.426068 0.788854 0.949501 0.989542 0.997904
 0.426068 0.788854 0.949501 0.989542 0.997904
 0.426068 0.788854 0.949501 0.989542 0.997904
 0.426068 0.788854 0.949501 0.989542 0.997904
 0.426068 0.788854 0.949501 0.989542 0.997904
 0.426068 0.788854 0.949501 0.989542 0.997904
 0.426068 0.788854 0.949501 0.989542 0.997904
 0.426068 0.788854 0.949501 0.989542 0.997904
Sel_pelaces
 0.247806 0.623773 0.892979 0.97674 0.99529
 0.247806 0.623773 0.892979 0.97674 0.99529
 0.247806 0.623773 0.892979 0.97674 0.99529
 0.247806 0.623773 0.892979 0.97674 0.99529
 0.247806 0.623773 0.892979 0.97674 0.99529
 0.247806 0.623773 0.892979 0.97674 0.99529
 0.247806 0.623773 0.892979 0.97674 0.99529
 0.247806 0.623773 0.892979 0.97674 0.99529
 0.247806 0.623773 0.892979 0.97674 0.99529
 0.247806 0.623773 0.892979 0.97674 0.99529
 0.247806 0.623773 0.892979 0.97674 0.99529
 0.247806 0.623773 0.892979 0.97674 0.99529
 0.247806 0.623773 0.892979 0.97674 0.99529
 0.247806 0.623773 0.892979 0.97674 0.99529
 0.247806 0.623773 0.892979 0.97674 0.99529
 0.247806 0.623773 0.892979 0.97674 0.99529
 0.247806 0.623773 0.892979 0.97674 0.99529
 0.247806 0.623773 0.892979 0.97674 0.99529
 0.247806 0.623773 0.892979 0.97674 0.99529
 0.247806 0.623773 0.892979 0.97674 0.99529
 0.247806 0.623773 0.892979 0.97674 0.99529
 0.247806 0.623773 0.892979 0.97674 0.99529
 0.247806 0.623773 0.892979 0.97674 0.99529
 0.247806 0.623773 0.892979 0.97674 0.99529
 0.247806 0.623773 0.892979 0.97674 0.99529
 0.247806 0.623773 0.892979 0.97674 0.99529
 0.247806 0.623773 0.892979 0.97674 0.99529
 0.247806 0.623773 0.892979 0.97674 0.99529
 0.247806 0.623773 0.892979 0.97674 0.99529
 0.247806 0.623773 0.892979 0.97674 0.99529
 0.247806 0.623773 0.892979 0.97674 0.99529
 0.247806 0.623773 0.892979 0.97674 0.99529
 0.247806 0.623773 0.892979 0.97674 0.99529
pf_obs 
 0.8446 0.082 0.0669 0.0065 0
 0.8095 0.147 0.0364 0.0071 0
 0.9664 0.0169 0.016 0.0007 0
 0.9276 0.0648 0.0075 0.0001 0
 0.7033 0.2144 0.0806 0.0017 0
 0.9318 0.0425 0.0243 0.0014 0
 0.5671 0.3108 0.0964 0.0239 0.0018
 0.0768 0.2599 0.5324 0.112 0.0189
 0.490249 0.384438 0.106611 0.0170017 0.00170017
 0.7925 0.1577 0.0466 0.003 0.0002
 0.840416 0.127587 0.0312969 0.00059994 9.999e-05
 0.8084 0.0986 0.0794 0.0134 0.0002
 0.7335 0.1905 0.0724 0.0035 0.0001
 0.4001 0.4547 0.1325 0.0127 0
 0.49795 0.308269 0.164784 0.0264974 0.00249975
 0.9179 0.0499 0.0305 0.0017 0
 0.2467 0.6533 0.0926 0.0074 0
 0.9418 0.0223 0.034 0.0019 0
 0.707729 0.231977 0.0356964 0.0245975 0
 0.517169 0.277429 0.184464 0.0207286 0.00020938
 0.811772 0.124168 0.05621 0.00726502 0.000585176
 0.764997 0.148141 0.077277 0.00933861 0.000247198
 0.163321 0.427699 0.378323 0.0303852 0.000271297
 0.753843 0.0900009 0.118128 0.0371064 0.000921714
 0.721811 0.176058 0.0630433 0.0369309 0.00215725
 0.143369 0.312575 0.442814 0.0836902 0.0175525
 0.692698 0.0596174 0.167031 0.0765114 0.00414204
 0.394062 0.376323 0.152708 0.0712218 0.00568511
 0.125707 0.32114 0.495352 0.0537591 0.00404204
 0.23352 0.215282 0.420074 0.123614 0.00750983
 0.796117 0.104755 0.0508955 0.0450114 0.00322123
 0.162477 0.292055 0.404252 0.121198 0.0200186
 0 0 0 0 0
pf_pred 
 0.673992 0.147443 0.163723 0.0148411 8.56717e-07
 0.620458 0.282912 0.0437027 0.0485281 0.00439921
 0.74266 0.183425 0.0550964 0.008511 0.0103075
 0.845602 0.125682 0.0204679 0.00614805 0.0020999
 0.746067 0.227018 0.0219094 0.00356804 0.00143781
 0.823459 0.141559 0.031274 0.00301825 0.000689608
 0.488584 0.443693 0.0543034 0.011997 0.00142237
 0.514731 0.291978 0.167695 0.0205241 0.00507189
 0.607853 0.231695 0.0965411 0.0554476 0.00846321
 0.845681 0.10933 0.0265815 0.0110758 0.00733224
 0.958997 0.0376906 0.00234649 0.000570505 0.000395082
 0.869476 0.126645 0.00356554 0.000221979 9.13448e-05
 0.731139 0.245679 0.0224932 0.000633266 5.56486e-05
 0.888955 0.0916569 0.0177169 0.00162207 4.96804e-05
 0.963362 0.0348736 0.00145603 0.000281445 2.65569e-05
 0.973251 0.0261778 0.000543774 2.27035e-05 4.80258e-06
 0.52404 0.467815 0.00797099 0.000165576 8.37544e-06
 0.949457 0.031825 0.018398 0.000313478 6.84105e-06
 0.777888 0.21462 0.00471725 0.00272703 4.74792e-05
 0.881856 0.101183 0.0163894 0.00036023 0.000211874
 0.788905 0.194281 0.0144003 0.00233253 8.14215e-05
 0.840002 0.135821 0.0222518 0.00164932 0.000276479
 0.436664 0.503344 0.0509265 0.0083434 0.000722087
 0.89848 0.0558394 0.0408161 0.00412962 0.000735119
 0.801114 0.184974 0.00765195 0.00559323 0.00066664
 0.563099 0.375123 0.0574568 0.00237686 0.00194445
 0.869878 0.0854495 0.0383559 0.0058749 0.00044185
 0.784237 0.196067 0.0129343 0.00580586 0.000956153
 0.559853 0.370141 0.0636155 0.00419665 0.00219399
 0.796153 0.133143 0.059458 0.0102189 0.00102657
 0.819975 0.153653 0.0172254 0.00769239 0.00145489
 0.560275 0.384438 0.0471883 0.00529012 0.00280923
 0.880231 0.0776663 0.0368089 0.00451816 0.00077549
pobs_RECLAS
 0 0 0 0 0
 0 0 0 0 0
 0 0 0 0 0
 0 0 0 0 0
 0 0 0 0 0
 0 0 0 0 0
 0 0 0 0 0
 0 0 0 0 0
 0 0 0 0 0
 0 0 0 0 0
 0.991045 0.00858322 0.000360255 1.14367e-05 0
 0.934742 0.0480273 0.0164251 0.00080598 0
 0.827803 0.169806 0.00239088 0 0
 0.941827 0.0461693 0.0120037 0 0
 0.791401 0.0380133 0.147996 0.0225897 0
 0.846168 0.0940531 0.0597789 0 0
 0.134021 0.677848 0.182769 0.00536245 0
 0.80878 0.0450904 0.141981 0.00414843 0
 0.846168 0.0940531 0.0597789 0 0
 0.905697 0.0802665 0.012482 0.00150086 5.37128e-05
 0.989698 0.0102097 9.19794e-05 0 0
 0.975433 0.0193895 0.00387452 0.00125025 5.28907e-05
 0.303575 0.632131 0.0575291 0.00676475 0
 0.966965 0.00978017 0.0227588 0.000495775 0
 0.843318 0.132988 0.00938335 0.0141283 0.000182051
 0.564624 0.303363 0.111486 0.0197234 0.00080311
 0.826376 0.0876187 0.0782897 0.00655872 0.00115652
 0.89761 0.0855135 0.0140674 0.00269457 0.000114338
 0.34875 0.467042 0.161289 0.0227151 0.000203297
 0.318654 0.224769 0.449479 0.00709798 0
 0.937255 0.0296025 0.0250945 0.00804832 0
 0.456809 0.399803 0.12412 0.0192676 0
 0.883104 0.0372192 0.0704036 0.00927362 0
ppred_RECLAS
 0.572166 0.173718 0.232181 0.0219342 1.27688e-06
 0.53106 0.33006 0.0613689 0.0710186 0.00649245
 0.665768 0.224191 0.0810552 0.013049 0.0159369
 0.79496 0.160374 0.0314363 0.00984089 0.00338961
 0.672957 0.285904 0.0332116 0.00563674 0.00229063
 0.763093 0.182401 0.0485034 0.00487846 0.00112405
 0.408283 0.499219 0.0735417 0.0169324 0.00202448
 0.41153 0.326664 0.225824 0.028804 0.00717817
 0.512582 0.263765 0.132285 0.0791809 0.0121879
 0.808632 0.127192 0.0372219 0.0161634 0.0107907
 0.942875 0.0515949 0.00386627 0.000979651 0.000684154
 0.831269 0.162711 0.00551379 0.000357747 0.000148458
 0.672052 0.294461 0.0324497 0.000952106 8.43739e-05
 0.872452 0.101588 0.0236353 0.00225519 6.9655e-05
 0.952333 0.0449123 0.00225704 0.000454674 4.32652e-05
 0.964146 0.0349347 0.000873456 3.80062e-05 8.10757e-06
 0.447206 0.541437 0.0111041 0.000240386 1.22624e-05
 0.927685 0.0423278 0.0294527 0.000523001 1.15099e-05
 0.725773 0.263003 0.00695789 0.00419197 7.36014e-05
 0.842517 0.131009 0.025542 0.000585075 0.000347027
 0.728922 0.245363 0.0218901 0.00369523 0.00013008
 0.791376 0.171707 0.0338599 0.00261556 0.000442157
 0.360022 0.559231 0.0681034 0.0116281 0.00101487
 0.855427 0.0726779 0.0639428 0.00674233 0.00121035
 0.7438 0.234555 0.011679 0.00889681 0.00106934
 0.477216 0.436065 0.080393 0.00346593 0.00285935
 0.819779 0.110358 0.0596244 0.00951767 0.000721871
 0.720958 0.248541 0.019735 0.00923207 0.00153326
 0.472837 0.42908 0.0887632 0.00610255 0.00321735
 0.726489 0.166415 0.0894504 0.016022 0.00162313
 0.764248 0.194883 0.0262968 0.0122386 0.00233429
 0.47341 0.448449 0.0662552 0.00774087 0.00414539
 0.834722 0.099802 0.0569322 0.00728292 0.00126059
pobs_PELACES
 0 0 0 0 0
 0 0 0 0 0
 0 0 0 0 0
 0 0 0 0 0
 0 0 0 0 0
 0 0 0 0 0
 0 0 0 0 0
 0 0 0 0 0
 0 0 0 0 0
 0 0 0 0 0
 0 0 0 0 0
 0 0 0 0 0
 0 0 0 0 0
 0 0 0 0 0
 0 0 0 0 0
 0 0 0 0 0
 0.505614 0.472636 0.0217494 0 0
 0 0 0 0 0
 0.443492 0.261883 0.143347 0.151278 0
 0.227955 0.32914 0.350689 0.0885471 0.00366901
 0.970185 0.0296113 0.000203453 0 0
 0.997202 0.00247181 0.000326279 0 0
 0.445219 0.490057 0.0546422 0.010081 0
 0.90214 0.0892962 0.00764917 0.000914606 0
 0 0 0 0 0
 0.581667 0.319106 0.0959925 0.00289975 0.000334073
 0.762889 0.0836404 0.116647 0.0363945 0.000428098
 0.88444 0.0763242 0.0277011 0.0115352 0
 0.521256 0.241999 0.230069 0.00667565 0
 0.616807 0.101726 0.260614 0.0208532 0
 0.833518 0.0704572 0.0857862 0.0102388 0
 0.697417 0.212968 0.0787535 0.0105354 0.000325836
 0 0 0 0 0
ppred_PELACES
 0.47843 0.189851 0.301794 0.029923 1.76014e-06
 0.456778 0.35867 0.0793171 0.0963361 0.00889901
 0.596042 0.25369 0.109089 0.0184322 0.0227467
 0.747201 0.189165 0.0441016 0.0144896 0.00504299
 0.602151 0.339208 0.0468653 0.00834811 0.00342793
 0.701334 0.220023 0.069587 0.00734577 0.00171024
 0.350437 0.531268 0.0930835 0.0224935 0.00271748
 0.325123 0.344325 0.283109 0.0378997 0.0095436
 0.434808 0.278487 0.166117 0.104357 0.016231
 0.780593 0.135965 0.0473241 0.0215683 0.0145495
 0.924742 0.0666262 0.00593808 0.00157915 0.00111435
 0.798269 0.193192 0.00778643 0.000530228 0.000222334
 0.628211 0.327433 0.0429161 0.00132158 0.00011834
 0.863794 0.104349 0.0288751 0.00289164 9.02466e-05
 0.943247 0.0528616 0.00315958 0.000668019 6.4231e-05
 0.955686 0.0429657 0.00127768 5.83491e-05 1.25773e-05
 0.391337 0.593832 0.0144849 0.000329108 1.69637e-05
 0.904133 0.0520067 0.0430403 0.000802141 1.78376e-05
 0.686195 0.298374 0.00938844 0.00593652 0.000105321
 0.805445 0.156798 0.0363589 0.00087411 0.000523883
 0.675262 0.288508 0.0306135 0.00542383 0.000192925
 0.748236 0.200321 0.046983 0.00380907 0.000650649
 0.306564 0.591121 0.085619 0.0153429 0.00135308
 0.809389 0.0873068 0.0913593 0.0101104 0.00183395
 0.692224 0.276697 0.0163863 0.0131011 0.00159114
 0.40916 0.47746 0.104694 0.00473718 0.00394897
 0.76815 0.131845 0.0847232 0.0141941 0.00108781
 0.66198 0.294292 0.0277928 0.0136456 0.00228995
 0.403668 0.468352 0.115235 0.00831496 0.00442959
 0.659184 0.192358 0.122974 0.0231179 0.00236646
 0.712798 0.229031 0.0367569 0.0179543 0.00346025
 0.403185 0.493673 0.0867487 0.0106373 0.00575603
 0.789132 0.1181 0.0801281 0.010758 0.00188156
pobs_pel_tallas
 0 0 0 0 0 0 0 0 0 0 0 0 0 0 0 0 0 0 0 0 0 0 0 0 0 0
 0 0 0 0 0 0 0 0 0 0 0 0 0 0 0 0 0 0 0 0 0 0 0 0 0 0
 0 0 0 0 0 0 0 0 0 0 0 0 0 0 0 0 0 0 0 0 0 0 0 0 0 0
 0 0 0 0 0 0 0 0 0 0 0 0 0 0 0 0 0 0 0 0 0 0 0 0 0 0
 0 0 0 0 0 0 0 0 0 0 0 0 0 0 0 0 0 0 0 0 0 0 0 0 0 0
 0 0 0 0 0 0 0 0 0 0 0 0 0 0 0 0 0 0 0 0 0 0 0 0 0 0
 0 0 0 0 0 0 0 0 0 0 0 0 0 0 0 0 0 0 0 0 0 0 0 0 0 0
 0 0 0 0 0 0 0 0 0 0 0 0 0 0 0 0 0 0 0 0 0 0 0 0 0 0
 0 0 0 0 0 0 0 0 0 0 0 0 0 0 0 0 0 0 0 0 0 0 0 0 0 0
 0 0 0 0 0 0 0 0 0 0 0 0 0 0 0 0 0 0 0 0 0 0 0 0 0 0
 0 0 0 0 0 0 0 0 0 0 0 0 0 0 0 0 0 0 0 0 0 0 0 0 0 0
 0 0 0 0 0 0 0 0 0 0 0 0 0 0 0 0 0 0 0 0 0 0 0 0 0 0
 0.00862536 0 0 0.000197151 0.00414017 0.0128641 0.00837892 0.0270097 0.101434 0.158115 0.152841 0.127902 0.109271 0.109419 0.0830992 0.0579132 0.0238553 0.00714673 0.00463305 0.00128148 0.00103504 0.000492878 0.000147863 0.000147863 4.92878e-05 0
 0 0 0 0 0 0 0 0 0 0 0 0 0 0 0 0 0 0 0 0 0 0 0 0 0 0
 0 0 0 0 0 0 0 0.0054083 0.00873648 0.0413646 0.0450493 0.0745869 0.0622846 0.0627006 0.0613931 0.0827291 0.12552 0.122667 0.0946155 0.0697135 0.0546179 0.0294188 0.0215738 0.0213955 0.0102223 0.00600262
 0 0 0 0 0.00359764 0.0251062 0.0480494 0.140153 0.205849 0.193036 0.1447 0.116669 0.0760912 0.0342217 0.00950174 0.001854 0.000860785 0 0 0 0.000165536 0 0.000143464 0 0 0
 0 0 0 0 0 0 0 0.000145254 0.000435761 0.0275982 0.070085 0.0708112 0.156366 0.174668 0.174014 0.160142 0.0824315 0.0480064 0.0283245 0.00493863 0.00203355 0 0 0 0 0
 0 0 0 0 0 0 0 0 0 0 0 0 0 0 0 0 0 0 0 0 0 0 0 0 0 0
 0 0 1.00437e-05 0.000401748 0.00122533 0.00171747 0.00176769 0.0269171 0.070346 0.194647 0.189555 0.159765 0.064822 0.0314167 0.0384472 0.0292271 0.0345202 0.0313363 0.0194345 0.0106764 0.0143323 0.0359363 0.0279516 0.0138201 0.00172751 0
 0 0.0021121 0.0136068 0.0755702 0.200478 0.177729 0.0527432 0.0373336 0.0318909 0.0142505 0.0149659 0.0166563 0.0217959 0.0798694 0.0677717 0.0528807 0.04013 0.0224614 0.0357745 0.0225083 0.00881397 0.00855152 0.00135912 0.000746735 0 0
 0 0 0 0 5.4009e-05 0.00500934 0.000945158 0.0243581 0.138947 0.33067 0.221406 0.137944 0.0707744 0.0437923 0.0131692 0.00525238 0.0047753 0.00276346 9.45158e-05 9.00151e-06 2.25038e-05 9.00151e-06 4.50075e-06 0 0 0
 0.000866109 0.00284123 0.00948549 0.0512746 0.133035 0.25785 0.225252 0.132002 0.0553304 0.0519788 0.0540692 0.017754 0.00435017 0.00159236 0.00146478 0.000404838 0.000125132 0.000115318 0.000107957 0.000100596 0 0 0 0 0 0
 0 0 0 0 0.00144013 0.00171154 0.00461396 0.0210425 0.0478622 0.0707936 0.0888783 0.103762 0.0637923 0.0337046 0.0602308 0.124433 0.169614 0.0934646 0.0462172 0.0250306 0.0313229 0.00938855 0.002487 0.000210481 0 0
 0 0.00764035 0.051015 0.0998891 0.058973 0.0496711 0.0374665 0.0718981 0.12319 0.153886 0.159021 0.0857701 0.0377988 0.023471 0.0147837 0.00900784 0.00315554 0.000888139 0.00291439 0.00214683 0.00393193 0.00274676 0.000635225 9.99891e-05 0 0
 0 0 0 0 0 0 0 0 0 0 0 0 0 0 0 0 0 0 0 0 0 0 0 0 0 0
 0 0 0 0 0 0 0 0 0 0 0 0 0 0 0 0 0 0 0 0 0 0 0 0 0 0
 0 0 0 0 0 0 0 0 0 0 0 0 0 0 0 0 0 0 0 0 0 0 0 0 0 0
 0 0 0 0 0 0 0 0 0 0 0 0 0 0 0 0 0 0 0 0 0 0 0 0 0 0
 0 0 0 0 0 0 0 0 0 0 0 0 0 0 0 0 0 0 0 0 0 0 0 0 0 0
 0 0 0 0 0 0 0 0 0 0 0 0 0 0 0 0 0 0 0 0 0 0 0 0 0 0
 0 0 0 0 0 0 0 0 0 0 0 0 0 0 0 0 0 0 0 0 0 0 0 0 0 0
 0 0 0 0 0 0 0 0 0 0 0 0 0 0 0 0 0 0 0 0 0 0 0 0 0 0
 0 0 0 0 0 0 0 0 0 0 0 0 0 0 0 0 0 0 0 0 0 0 0 0 0 0
ppred_pel_tallas
 1.11759e-16 3.94077e-05 0.000383057 0.00254555 0.0115717 0.036004 0.0767109 0.111966 0.111984 0.0768026 0.0363132 0.0124704 0.0048222 0.0054217 0.00980974 0.0166786 0.0252397 0.0342714 0.0424621 0.0490651 0.0540769 0.05772 0.0597573 0.0593673 0.055731 0.0487859
 1.13548e-16 3.76243e-05 0.000365721 0.00243035 0.011048 0.0343747 0.0732402 0.106904 0.106938 0.0734096 0.0349435 0.0126919 0.00656078 0.00939655 0.0172317 0.028545 0.0414045 0.0527072 0.059346 0.0599788 0.0558402 0.0498387 0.044664 0.0413862 0.0393929 0.0373241
 1.08911e-16 4.90952e-05 0.000477223 0.00317132 0.0144164 0.0448548 0.0955688 0.139491 0.139515 0.0956889 0.0452585 0.0155839 0.00610795 0.00690756 0.0123194 0.020441 0.0297993 0.0382291 0.0435442 0.0447313 0.0424987 0.0386638 0.0349056 0.0318949 0.0293272 0.0265557
 1.03628e-16 6.1546e-05 0.000598249 0.00397557 0.0180724 0.05623 0.119805 0.174862 0.174881 0.119894 0.0565298 0.0189386 0.00615144 0.00535323 0.00910707 0.0149979 0.0216926 0.0274778 0.0306486 0.0304211 0.0273825 0.0230534 0.0189303 0.0157634 0.0134954 0.0116777
 1.02857e-16 4.95985e-05 0.000482115 0.00320382 0.0145641 0.0453146 0.0965488 0.140923 0.140955 0.0967085 0.045851 0.0161132 0.00709213 0.00896981 0.0161677 0.0266458 0.0383688 0.0482256 0.0530732 0.0514536 0.0444526 0.0349476 0.0258798 0.0188974 0.0141516 0.0109608
 1.03091e-16 5.7768e-05 0.000561526 0.00373154 0.016963 0.0527784 0.112451 0.16413 0.164151 0.112555 0.0531276 0.0179723 0.00626775 0.00610744 0.0106177 0.0175325 0.0254142 0.0322972 0.0362013 0.0361869 0.0328677 0.0279123 0.0229649 0.0188565 0.0155706 0.012725
 1.05538e-16 2.88652e-05 0.00028058 0.00186455 0.00847602 0.0263723 0.0561909 0.082023 0.0820743 0.0564413 0.027213 0.0109047 0.00796217 0.0135964 0.0253315 0.0418676 0.0603909 0.0761129 0.0841557 0.0822515 0.0720632 0.0579945 0.0444978 0.0339959 0.0266197 0.0212906
 1.13674e-16 2.678e-05 0.000260311 0.00172986 0.00786371 0.0244671 0.052131 0.0760938 0.0761273 0.0522952 0.0250194 0.00946361 0.0057638 0.00912591 0.0170385 0.0285803 0.0422282 0.0553134 0.0650575 0.0700741 0.070975 0.0695092 0.0670324 0.0636599 0.058664 0.0514996
 1.18078e-16 3.58146e-05 0.000348131 0.00231345 0.0105166 0.0327213 0.0697172 0.10176 0.101787 0.0698496 0.0331665 0.0118057 0.00556099 0.00747675 0.013691 0.0228873 0.0337051 0.0439675 0.0514857 0.055309 0.0562219 0.0559761 0.055894 0.056004 0.0552721 0.0525273
 1.06026e-16 6.42964e-05 0.000624984 0.00415324 0.01888 0.0587429 0.125158 0.182675 0.182688 0.125223 0.058959 0.0195049 0.00572437 0.00406367 0.00662151 0.0109157 0.0158876 0.0203442 0.0231209 0.0237038 0.0225237 0.0206158 0.0189237 0.0178 0.0170078 0.0160735
 1.00536e-16 7.61698e-05 0.000740398 0.0049202 0.0223665 0.0695906 0.14827 0.216406 0.216413 0.148302 0.0696959 0.0226704 0.00568279 0.00240425 0.00323356 0.00521847 0.00749436 0.00939155 0.0102845 0.00988727 0.00842181 0.00647053 0.00463283 0.00325052 0.00235949 0.00181665
 1.00365e-16 6.57524e-05 0.000639137 0.00424729 0.0193076 0.0600731 0.127993 0.186813 0.186832 0.128084 0.060378 0.0201876 0.00645461 0.00545241 0.00919135 0.0150498 0.0215763 0.0269274 0.0292721 0.0277657 0.0230599 0.016885 0.0110519 0.00663843 0.00382335 0.00223155
 1.01475e-16 5.17449e-05 0.000502979 0.00334248 0.0151944 0.0472757 0.100727 0.147021 0.147052 0.100881 0.0477933 0.0166893 0.00709418 0.00869123 0.0155973 0.0256887 0.0369635 0.0463989 0.0509393 0.0491558 0.042083 0.0325037 0.0232898 0.0160927 0.0111359 0.00783526
 1.01166e-16 7.11496e-05 0.000691599 0.00459592 0.0208924 0.0650041 0.138498 0.202145 0.202155 0.138548 0.0651695 0.0213706 0.00579719 0.00331732 0.00506759 0.00829025 0.0119934 0.0152007 0.0169622 0.0168287 0.0150985 0.0125821 0.0100882 0.0080404 0.00645101 0.00514212
 1.00183e-16 7.7694e-05 0.000755213 0.00501866 0.0228141 0.0709831 0.151237 0.220736 0.220741 0.151262 0.0710666 0.023055 0.00562304 0.00207343 0.00257781 0.00412965 0.00592014 0.0073997 0.00806623 0.00768962 0.00644659 0.00480549 0.00325367 0.00207714 0.00131816 0.000872013
 1.00056e-16 7.87186e-05 0.000765173 0.00508484 0.023115 0.0719192 0.153232 0.223647 0.223651 0.153252 0.071987 0.0233106 0.00557558 0.00183515 0.00210698 0.00334858 0.00479236 0.00597617 0.00648809 0.00613985 0.0050772 0.00368722 0.00237577 0.00138565 0.000758535 0.000410942
 1.00606e-16 3.2234e-05 0.000313326 0.00208216 0.00946525 0.0294502 0.0627489 0.0915959 0.091653 0.063028 0.0303869 0.0121691 0.00886349 0.0150982 0.0280561 0.0461859 0.0661872 0.0825099 0.0895189 0.0846136 0.069815 0.0504884 0.0322656 0.018524 0.00985241 0.00509639
 1.01339e-16 7.44723e-05 0.000723897 0.00481055 0.0218681 0.0680397 0.144966 0.211583 0.211588 0.144991 0.0681231 0.0221096 0.0054194 0.0020616 0.00264003 0.00431152 0.00635372 0.0082998 0.0097147 0.0103752 0.0103613 0.009933 0.00930573 0.00852683 0.00753194 0.00628814
 1.00961e-16 5.65211e-05 0.000549405 0.00365099 0.0165969 0.0516392 0.110024 0.160589 0.160618 0.110164 0.05211 0.0179558 0.0070596 0.00798197 0.0141475 0.0232343 0.0333124 0.0415726 0.0451949 0.0428852 0.0356636 0.026216 0.0173434 0.0106983 0.00652686 0.00420937
 1.01266e-16 6.63435e-05 0.000644882 0.00428547 0.0194811 0.0606131 0.129143 0.188491 0.188507 0.129217 0.0608615 0.0201988 0.00608773 0.00458228 0.00755296 0.012404 0.0179128 0.0226282 0.0251087 0.0246727 0.02178 0.0176846 0.0136567 0.0103921 0.00795129 0.00607667
 1.01534e-16 5.56205e-05 0.000540651 0.00359282 0.0163324 0.0508164 0.108271 0.15803 0.158058 0.108407 0.0512723 0.0176489 0.00689636 0.00774936 0.0137375 0.0225996 0.0324948 0.0407446 0.0446534 0.0429708 0.0366326 0.0281275 0.0200224 0.0137911 0.00961638 0.0069389
 1.019e-16 6.16313e-05 0.000599078 0.00398108 0.0180974 0.0563079 0.119971 0.175105 0.175124 0.120065 0.0566253 0.0190144 0.00628404 0.0056307 0.00962988 0.0158542 0.0229049 0.0289508 0.0321577 0.0316604 0.0280495 0.0229246 0.0178981 0.0138409 0.0108087 0.00845378
 1.0439e-16 2.52514e-05 0.000245453 0.00163112 0.00741487 0.0230707 0.0491567 0.0717576 0.0718146 0.0494351 0.0240055 0.0101148 0.00840832 0.01504 0.0281224 0.0464502 0.0669047 0.0841164 0.092611 0.0898399 0.0776753 0.0611036 0.0452222 0.0328903 0.0243844 0.0185592
 1.03984e-16 6.66684e-05 0.00064804 0.00430646 0.0195765 0.0609099 0.129775 0.189413 0.189421 0.129817 0.0610505 0.0199844 0.00533629 0.00291602 0.0044321 0.00737312 0.0109673 0.0145256 0.0173684 0.0191454 0.0199649 0.0201708 0.0199766 0.0192961 0.0178931 0.0156658
 1.02127e-16 5.70177e-05 0.000554232 0.00368307 0.0167427 0.0520929 0.11099 0.161999 0.162026 0.111121 0.0525298 0.018004 0.00684756 0.00745706 0.0131514 0.0216119 0.0310354 0.0388385 0.0424339 0.0406413 0.034405 0.0261802 0.0184944 0.0127886 0.00920402 0.00711025
 1.04287e-16 3.37021e-05 0.000327596 0.00217699 0.00989632 0.0307914 0.065606 0.0957635 0.0958096 0.0658311 0.0315475 0.0120809 0.00766317 0.0123121 0.0228178 0.0377289 0.0544829 0.0687893 0.0762681 0.0748538 0.0659695 0.0534688 0.041254 0.03146 0.0242559 0.0188109
 1.04087e-16 6.32715e-05 0.000615021 0.00408703 0.0185791 0.0578065 0.123163 0.179763 0.179776 0.123226 0.0580172 0.019189 0.00562306 0.00398504 0.00651296 0.010796 0.0158464 0.0205541 0.0238123 0.0250818 0.0246454 0.0232874 0.021684 0.0200276 0.0181208 0.0157379
 1.02634e-16 5.45264e-05 0.000530016 0.00352215 0.0160112 0.0498169 0.106141 0.154922 0.15495 0.10628 0.0502818 0.0173539 0.00689156 0.0078824 0.0140091 0.0230505 0.0331467 0.0415739 0.0455964 0.0439602 0.0376465 0.0292155 0.0212876 0.0153348 0.0114782 0.00906256
 1.05029e-16 3.32497e-05 0.000323199 0.00214778 0.0097635 0.0303781 0.0647255 0.0944782 0.0945234 0.0649464 0.0311203 0.011908 0.00753414 0.012093 0.0224191 0.0370955 0.0536292 0.0678393 0.0754559 0.0744624 0.0662332 0.0544861 0.0429569 0.0336448 0.0266513 0.0211516
 1.06317e-16 5.42961e-05 0.000527778 0.00350727 0.0159436 0.0496064 0.105692 0.154265 0.154284 0.105784 0.0499138 0.0168334 0.00574832 0.00544468 0.00946477 0.0157503 0.023125 0.0300025 0.0347751 0.0366631 0.0360866 0.0341946 0.0319718 0.0296865 0.0270295 0.0236457
 1.03506e-16 5.87122e-05 0.000570704 0.00379253 0.0172403 0.0536411 0.114289 0.166813 0.166835 0.114397 0.0540035 0.0182872 0.00642092 0.00631046 0.0109655 0.0180514 0.0260374 0.0328295 0.0363362 0.0356022 0.0313716 0.0255645 0.0201013 0.0159938 0.0132301 0.0112583
 1.04671e-16 3.32099e-05 0.000322812 0.0021452 0.00975181 0.0303417 0.064648 0.0943657 0.0944133 0.0648807 0.0311229 0.0120084 0.00781064 0.0126942 0.0235394 0.0388901 0.0560814 0.0706489 0.0780462 0.0761516 0.0665011 0.0531905 0.0403817 0.0303712 0.0233364 0.0183228
 1.0374e-16 6.49998e-05 0.000631821 0.00419867 0.0190866 0.0593855 0.126527 0.184673 0.184684 0.126584 0.0595743 0.0196333 0.00557594 0.00365443 0.0058524 0.00969464 0.014244 0.0185054 0.0214912 0.0227165 0.0224238 0.0212958 0.0199152 0.0184376 0.0166838 0.0144657
pSPR Fmed_Fpbrs
0.55053   0.221032 0.221032
Fs Fmed_Fpbrs
0.34   1.005 1.005
SSBpbr Bo_Bmed_Bpbrs
422936  211693  72335.5 72335.5
Ro
89429.8
SPR SPRFo_SPRFmed_SPRFpbrs
644283 354697 142407
Fref
1.005
Nvult_r0
 77954.5 5958.5 2823.95 346.63 59.4951
CTP_r0
 33759.2 2986.68 1415.5 173.747 29.8217
YTP_r0
347226
Np
 78063.2 13378.6 2108.06 120.11 64.5897
Nvult_p0
 64684.6 11577 1824.18 103.936 55.8921
CTP_p0
 28012.5 6790.17 386.88 183.357 25.4217
 28012.5 5802.95 914.367 52.0974 28.0157
YTP_p0
 345654 337104
CBA_c0
346754
log_Ro
11.2212
likeval ReclasPelacesDesembMPH_pf_preclas_ppelaces_ptallas_desvR_qrecl_qpela
 43.2561 32.0424 0.026661 93.0659 267.002 139.596 119.214 0 23.8392 0.000205638 0.000385639 0.0215481 0 0 0
q_reclas_q_pelaces
7.59882 16.0738
M
1
N
 141853 24693.9 27420.4 2485.6 0.143484
 95271.4 35740.5 5521 6130.59 555.756
 85333.1 17333 5206.4 804.258 974.016
 126732 15590.4 2538.96 762.641 260.484
 90684.9 21613.1 2085.88 339.694 136.887
 192657 26236.4 5796.3 559.4 127.811
 66547.2 50534 6184.83 1366.39 161.999
 22912.6 10107.4 5805.13 710.487 175.575
 22145.2 7035.76 2931.61 1683.75 256.998
 30110.8 3490.75 848.709 353.634 234.108
 49816.5 1545.64 96.2263 23.3956 16.2018
 110351 13471.1 379.263 23.6117 9.71626
 56323 16318.5 1494.04 42.0629 3.6963
 60687.7 5748.94 1111.24 101.74 3.11607
 53339.4 1666.02 69.5595 13.4455 1.26871
 239792 5390.02 111.963 4.67466 0.988853
 49585.7 36677.6 624.941 12.9815 0.656651
 302396 8355.52 4830.31 82.3024 1.79609
 227845 53885.2 1184.37 684.68 11.9207
 265568 25272.3 4093.55 89.9741 52.9194
 219416 44267.8 3281.17 531.476 18.5522
 307502 41739.1 6838.21 506.855 84.965
 46312.7 44596.2 4512.09 739.225 63.9769
 139784 7115.43 5201.06 526.224 93.6738
 140748 26657.1 1102.75 806.058 96.0715
 48702.6 26428.1 4047.94 167.454 136.99
 122582 9823.44 4409.47 675.39 50.7959
 120704 24348.3 1606.23 720.994 118.739
 49703 26736.9 4595.23 303.142 158.482
 74259.4 10139.4 4527.97 778.214 78.1773
 94659.8 14628.5 1639.95 732.354 138.513
 30396.3 16788.7 2060.75 231.023 122.681
 94077.7 6885.74 3263.4 400.571 68.7534
pred_Ctot
 29136.3 6373.89 7077.64 641.572 0.0370354
 32203.1 14683.7 2268.26 2518.71 228.328
 28715.4 7092.24 2130.33 329.083 398.544
 45688.7 6790.74 1105.9 332.185 113.46
 12484 3798.7 366.612 59.7044 24.0591
 35923.6 6175.54 1364.34 131.672 30.0843
 26492.5 24058.4 2944.5 650.515 77.1252
 2429.66 1378.21 791.561 96.8789 23.9406
 8557.32 3261.79 1359.1 780.589 119.145
 18945.5 2449.28 595.496 248.127 164.262
 8554.05 336.192 20.9302 5.08878 3.52405
 44835.7 6530.64 183.862 11.4466 4.71032
 28412.7 9547.3 874.105 24.6093 2.16256
 42605.3 4392.88 849.124 77.7417 2.38105
 27030.2 978.489 40.8536 7.89682 0.745139
 94936.9 2553.55 53.0431 2.21464 0.468473
 18077.3 16137.7 274.967 5.7117 0.288919
 104437 3500.63 2023.7 34.4814 0.75249
 110450 30473.4 669.789 387.204 6.74145
 97779.9 11219.1 1817.25 39.9422 23.4925
 70612.2 17389.5 1288.92 208.777 7.28777
 126744 20493.4 3357.48 248.859 41.7167
 18271.4 21061.5 2130.93 349.114 30.2144
 44856.8 2787.79 2037.75 206.172 36.701
 45968.7 10614 439.076 320.945 38.2524
 14594.3 9722.36 1489.15 61.603 50.3959
 37457.6 3679.52 1651.64 252.978 19.0264
 31625.8 7906.75 521.6 234.132 38.5587
 14675.1 9702.31 1667.52 110.004 57.5099
 22925.7 3833.95 1712.13 294.261 29.5607
 32848.1 6155.31 690.05 308.156 58.2827
 7677.16 5267.76 646.598 72.4879 38.4934
 34693.3 3061.12 1450.78 178.078 30.565
F
 0.378509 0.497998 0.497998 0.497998 0.497998
 0.704118 0.926395 0.926395 0.926395 0.926395
 0.699908 0.920857 0.920857 0.920857 0.920857
 0.768776 1.01146 1.01146 1.01146 1.01146
 0.240241 0.316081 0.316081 0.316081 0.316081
 0.338266 0.44505 0.44505 0.44505 0.44505
 0.88464 1.1639 1.1639 1.1639 1.1639
 0.180681 0.237719 0.237719 0.237719 0.237719
 0.847503 1.11504 1.11504 1.11504 1.11504
 1.96945 2.59117 2.59117 2.59117 2.59117
 0.307796 0.404962 0.404962 0.404962 0.404962
 0.911363 1.19906 1.19906 1.19906 1.19906
 1.28209 1.68682 1.68682 1.68682 1.68682
 2.5953 3.41459 3.41459 3.41459 3.41459
 1.29212 1.70003 1.70003 1.70003 1.70003
 0.877604 1.15465 1.15465 1.15465 1.15465
 0.780779 1.02726 1.02726 1.02726 1.02726
 0.724881 0.953713 0.953713 0.953713 0.953713
 1.19895 1.57744 1.57744 1.57744 1.57744
 0.791612 1.04151 1.04151 1.04151 1.04151
 0.65953 0.867731 0.867731 0.867731 0.867731
 0.930833 1.22468 1.22468 1.22468 1.22468
 0.87315 1.14879 1.14879 1.14879 1.14879
 0.657045 0.864462 0.864462 0.864462 0.864462
 0.67254 0.884848 0.884848 0.884848 0.884848
 0.600961 0.790674 0.790674 0.790674 0.790674
 0.616319 0.81088 0.81088 0.81088 0.81088
 0.507299 0.667444 0.667444 0.667444 0.667444
 0.589635 0.775772 0.775772 0.775772 0.775772
 0.624593 0.821765 0.821765 0.821765 0.821765
 0.729585 0.959901 0.959901 0.959901 0.959901
 0.48487 0.637935 0.637935 0.637935 0.637935
 0.793355 1.0438 1.0438 1.0438 1.0438
YTP_r0W_actual
 254544 52117.6 34071 5441.76 1051.22
YTP_p0W_proyectada
 211214 118489 9312.2 5742.73 896.116
 211214 101261 22008.8 1631.69 987.554
CTP_r0_actual
 33759.2 2986.68 1415.5 173.747 29.8217
CTP_p0_proyectada
 28012.5 6790.17 386.88 183.357 25.4217
 28012.5 5802.95 914.367 52.0974 28.0157
Wmedp
 7.54 17.45 24.07 31.32 35.25
Frms_r0
 0.763863 1.005 1.005 1.005 1.005
Zrms_r0
 1.76386 2.005 2.005 2.005 2.005
nmprior
 7.29 8.9 8.7 0
nm_flota  nm_reclas  nm_pelaces    nm_pelaL
inf 13.3365 8.20129 19.0298
cv_recla  cv_pelaces  cv_mph
0.28479 0.51674 0.773486
 ------------------------------------------------
Talla a la edad & desviaci?n 
 8 13.2811 15.8009 17.003 17.5766
 0.8 1.32811 1.58009 1.7003 1.75766
