years
 1991 1992 1993 1994 1995 1996 1997 1998 1999 2000 2001 2002 2003 2004 2005 2006 2007 2008 2009 2010 2011 2012 2013 2014 2015 2016 2017 2018 2019 2020 2021
reclasobs
 0 0 0 0 0 0 0 0 0 252601 567819 844713 477998 351125 339783 2.1784e+06 2.13404e+06 4.81314e+06 1.55562e+06 2.62356e+06 3.21686e+06 3.843e+06 1.13348e+06 3.07943e+06 1.97215e+06 2.03268e+06 2.025e+06 2.42433e+06 2.27542e+06 1.05018e+06 2.36338e+06
reclaspred
 4.24719e+06 2.28879e+06 1.12089e+06 1.37612e+06 1.56424e+06 3.18128e+06 1.73348e+06 1.29353e+06 746527 274876 560598 1.04383e+06 674409 293682 503162 1.7636e+06 1.43943e+06 3.19381e+06 2.16759e+06 2.45332e+06 3.92576e+06 2.79474e+06 1.52413e+06 2.47117e+06 1.98055e+06 1.68662e+06 2.19027e+06 2.49161e+06 1.93415e+06 1.31177e+06 2.29088e+06
pelacesobs
 0 0 0 0 0 0 0 0 0 0 0 0 0 0 0 552880 188675 0 991730 2.46772e+06 1.41603e+06 1.21717e+06 2.29649e+06 1.80582e+06 0 1.4828e+06 1.56532e+06 1.57751e+06 1.42118e+06 867257 1.10002e+06
pelacespred
 2.71034e+06 1.48829e+06 678192 668984 958946 1.93314e+06 980287 979016 472972 114703 317216 503744 329783 98235.5 233404 783444 747110 1.7312e+06 1.11401e+06 1.14715e+06 2.12014e+06 1.50283e+06 868468 1.49045e+06 1.16558e+06 1.03852e+06 1.48464e+06 1.57139e+06 1.21346e+06 832051 1.20033e+06
mphobs
 0 0 0 0 0 0 0 0 0 0 0 0 498337 0 5186 125008 0 168611 109162 213762 579715 649985 157893 87575 83554 210694 70296 0 107559 103333 445601
mphpred
 827010 564550 252522 145222 207984 293174 470336 203373 171242 65656.6 18893.5 105424 134806 43875.8 12700.1 51641.8 270735 183977 373376 191036 406671 385504 275748 148413 307382 250850 198031 272957 398936 237951 141176
desembarqueobs
 494567 514787 250237 358949 120608 361735 552515 73892 212993 205616 52469 317467 293654 387597 252695 516296 358380 742168 942051 627588 828172 859565 418607 520667 417249 300574 415391 372974 316634 284311 391294
desembarquepred
 494556 514405 250406 358941 120609 361715 552480 73897.8 213076 205688 52470.4 317392 293655 387551 252498 516163 358517 742079 941240 627098 828258 859485 418584 520764 417149 300569 415337 372878 316484 284104 391225
Reclutas
 145178 95724.3 83644.4 129083 93395.8 194547 69743.8 24206.1 23145.2 30375.4 54270.9 115487 57319.7 58340.8 53793.9 257570 49704.8 323663 221037 287501 224036 323599 45087.5 145929 152152 53233 131052 136854 54728.2 60092.8 146206
log_desv_Rt
 0.409534 -0.00695121 -0.141848 0.292035 -0.0315773 0.702249 -0.323595 -1.38182 -1.42664 -1.15479 -0.574436 0.180737 -0.519779 -0.502122 -0.583264 0.982867 -0.662323 1.21128 0.829908 1.0928 0.843381 1.21108 -0.759818 0.414695 0.45646 -0.593745 0.307174 0.35049 -0.566044 -0.472534 0.41659
SSB
 827010 564550 252522 145222 207984 293174 470336 203373 171242 65656.6 18893.5 105424 125434 42109.7 12064.2 49629 270735 183977 391718 198349 436044 444731 341766 170524 323880 286022 208198 272957 418495 229704 160515
BT
 1.38804e+06 1.03007e+06 470090 596938 489011 1.22359e+06 837815 472126 401721 244894 213352 503868 407760 448806 378615 840921 568985 1.57258e+06 1.39273e+06 1.04414e+06 1.67411e+06 1.42555e+06 696948 1.27581e+06 854066 691250 1.17619e+06 1.07432e+06 704380 623090 909290
Ftot
 0.429939 0.795787 0.789903 0.898868 0.286526 0.4136 1.08404 0.214889 0.980184 2.12244 0.338096 1.02897 1.40197 3.10856 1.56857 0.987785 0.870581 0.804527 1.39777 0.878389 0.74345 1.04171 0.951284 0.736003 0.742749 0.640166 0.668968 0.53597 0.595419 0.763781 0.604749
BD_Bspro_t
 0.933523 0.593002 0.325076 0.236378 0.28193 0.40516 0.458691 0.243987 0.275086 0.153903 0.0678832 0.367084 0.269987 0.0980778 0.0306901 0.114817 0.294479 0.209767 0.299356 0.1672 0.254437 0.253746 0.223265 0.145309 0.271391 0.288701 0.269521 0.357239 0.438197 0.310341 0.269536
BD_Bspro
 1.20202 0.820546 0.367028 0.211073 0.302295 0.426114 0.683611 0.295592 0.248892 0.0954287 0.0274609 0.153229 0.182312 0.0612044 0.0175347 0.0721334 0.3935 0.267401 0.569343 0.288291 0.633769 0.646396 0.496741 0.247849 0.470744 0.41572 0.302606 0.39673 0.608262 0.333863 0.233301
BD_Bo
 1.59237 1.08701 0.486218 0.279618 0.400463 0.564491 0.905609 0.391584 0.329718 0.126419 0.0363786 0.202989 0.241517 0.0810801 0.023229 0.0955581 0.521286 0.354238 0.754233 0.381911 0.83958 0.856308 0.658054 0.328336 0.623615 0.550722 0.400875 0.525565 0.805791 0.442283 0.309063
BD_Brms
 9.99472 6.82279 3.05182 1.75506 2.51357 3.54311 5.68419 2.45783 2.06952 0.793485 0.228335 1.27409 1.51592 0.508911 0.1458 0.599785 3.27193 2.22343 4.73406 2.39712 5.26975 5.37474 4.13038 2.06085 3.91421 3.45669 2.51615 3.29879 5.05767 2.77606 1.93988
Sel_flota
 0.808321 1 1 1 1
 0.808321 1 1 1 1
 0.808321 1 1 1 1
 0.808321 1 1 1 1
 0.808321 1 1 1 1
 0.808321 1 1 1 1
 0.808321 1 1 1 1
 0.808321 1 1 1 1
 0.808321 1 1 1 1
 0.808321 1 1 1 1
 0.808321 1 1 1 1
 0.808321 1 1 1 1
 0.808321 1 1 1 1
 0.808321 1 1 1 1
 0.808321 1 1 1 1
 0.808321 1 1 1 1
 0.808321 1 1 1 1
 0.808321 1 1 1 1
 0.808321 1 1 1 1
 0.808321 1 1 1 1
 0.808321 1 1 1 1
 0.808321 1 1 1 1
 0.808321 1 1 1 1
 0.808321 1 1 1 1
 0.808321 1 1 1 1
 0.808321 1 1 1 1
 0.808321 1 1 1 1
 0.808321 1 1 1 1
 0.808321 1 1 1 1
 0.808321 1 1 1 1
 0.808321 1 1 1 1
Sel_reclas
 0.760741 1 1 1 1
 0.760741 1 1 1 1
 0.760741 1 1 1 1
 0.760741 1 1 1 1
 0.760741 1 1 1 1
 0.760741 1 1 1 1
 0.760741 1 1 1 1
 0.760741 1 1 1 1
 0.760741 1 1 1 1
 0.760741 1 1 1 1
 0.760741 1 1 1 1
 0.760741 1 1 1 1
 0.760741 1 1 1 1
 0.760741 1 1 1 1
 0.760741 1 1 1 1
 0.760741 1 1 1 1
 0.760741 1 1 1 1
 0.760741 1 1 1 1
 0.760741 1 1 1 1
 0.760741 1 1 1 1
 0.760741 1 1 1 1
 0.760741 1 1 1 1
 0.760741 1 1 1 1
 0.760741 1 1 1 1
 0.760741 1 1 1 1
 0.760741 1 1 1 1
 0.760741 1 1 1 1
 0.760741 1 1 1 1
 0.760741 1 1 1 1
 0.760741 1 1 1 1
 0.760741 1 1 1 1
Sel_pelaces
 0.558438 1 1 1 1
 0.558438 1 1 1 1
 0.558438 1 1 1 1
 0.558438 1 1 1 1
 0.558438 1 1 1 1
 0.558438 1 1 1 1
 0.558438 1 1 1 1
 0.558438 1 1 1 1
 0.558438 1 1 1 1
 0.558438 1 1 1 1
 0.558438 1 1 1 1
 0.558438 1 1 1 1
 0.558438 1 1 1 1
 0.558438 1 1 1 1
 0.558438 1 1 1 1
 0.558438 1 1 1 1
 0.558438 1 1 1 1
 0.558438 1 1 1 1
 0.558438 1 1 1 1
 0.558438 1 1 1 1
 0.558438 1 1 1 1
 0.558438 1 1 1 1
 0.558438 1 1 1 1
 0.558438 1 1 1 1
 0.558438 1 1 1 1
 0.558438 1 1 1 1
 0.558438 1 1 1 1
 0.558438 1 1 1 1
 0.558438 1 1 1 1
 0.558438 1 1 1 1
 0.558438 1 1 1 1
pf_obs 
 0.8446 0.082 0.0669 0.0065 0
 0.8095 0.147 0.0364 0.0071 0
 0.9664 0.0169 0.016 0.0007 0
 0.9276 0.0648 0.0075 0.0001 0
 0.7033 0.2144 0.0806 0.0017 0
 0.9318 0.0425 0.0243 0.0014 0
 0.5671 0.3108 0.0964 0.0239 0.0018
 0.0768 0.2599 0.5324 0.112 0.0189
 0.490249 0.384438 0.106611 0.0170017 0.00170017
 0.7925 0.1577 0.0466 0.003 0.0002
 0.840416 0.127587 0.0312969 0.00059994 9.999e-05
 0.8084 0.0986 0.0794 0.0134 0.0002
 0.7335 0.1905 0.0724 0.0035 0.0001
 0.4001 0.4547 0.1325 0.0127 0
 0.49795 0.308269 0.164784 0.0264974 0.00249975
 0.9179 0.0499 0.0305 0.0017 0
 0.2467 0.6533 0.0926 0.0074 0
 0.9418 0.0223 0.034 0.0019 0
 0.707729 0.231977 0.0356964 0.0245975 0
 0.517169 0.277429 0.184464 0.0207286 0.00020938
 0.811772 0.124168 0.05621 0.00726502 0.000585176
 0.764997 0.148141 0.077277 0.00933861 0.000247198
 0.163321 0.427699 0.378323 0.0303852 0.000271297
 0.753843 0.0900009 0.118128 0.0371064 0.000921714
 0.721811 0.176058 0.0630433 0.0369309 0.00215725
 0.143369 0.312575 0.442814 0.0836902 0.0175525
 0.692698 0.0596174 0.167031 0.0765114 0.00414204
 0.394062 0.376323 0.152708 0.0712218 0.00568511
 0.125707 0.32114 0.495352 0.0537591 0.00404204
 0.23352 0.215282 0.420074 0.123614 0.00750983
 0.796117 0.104755 0.0508955 0.0450114 0.00322123
pf_pred 
 0.66022 0.146777 0.177511 0.0154899 8.43437e-07
 0.608352 0.280644 0.0479514 0.057992 0.00506073
 0.723892 0.187545 0.0634618 0.0108432 0.0142581
 0.842131 0.123336 0.0234565 0.00793726 0.00313945
 0.747406 0.222426 0.0235688 0.00448242 0.00211671
 0.824763 0.138605 0.0322572 0.00341805 0.000957032
 0.503951 0.426297 0.0551704 0.0128397 0.00174147
 0.523609 0.281159 0.16778 0.0217137 0.00573879
 0.608546 0.227913 0.0965192 0.0575974 0.0094242
 0.830461 0.116098 0.0311146 0.0131768 0.00914975
 0.952228 0.0425248 0.00359344 0.000963051 0.000691045
 0.863671 0.131213 0.00455419 0.00038484 0.000177145
 0.710858 0.259972 0.028075 0.00097444 0.000120245
 0.862796 0.107672 0.026553 0.00286752 0.000111808
 0.962136 0.0350031 0.00224496 0.00055363 6.21191e-05
 0.974965 0.0244032 0.000584196 3.74681e-05 1.02768e-05
 0.495522 0.495384 0.00886366 0.00021219 1.73418e-05
 0.946187 0.030938 0.0224627 0.000401914 1.04079e-05
 0.750748 0.239282 0.00573232 0.00416198 7.63966e-05
 0.884737 0.0941677 0.0202511 0.000485142 0.000358705
 0.770256 0.209905 0.0162086 0.00348572 0.000145247
 0.835642 0.134687 0.0271086 0.0020933 0.000468929
 0.399418 0.527028 0.060276 0.0121318 0.00114666
 0.885947 0.0548273 0.0519724 0.00594407 0.00130944
 0.799825 0.182779 0.0083624 0.00792697 0.00110632
 0.553197 0.377093 0.063652 0.00291217 0.00314581
 0.855745 0.0899029 0.0458718 0.00774299 0.000736927
 0.784476 0.191455 0.015 0.00765353 0.00141484
 0.53932 0.381237 0.0705717 0.00552909 0.00334267
 0.714828 0.173563 0.0923616 0.0170973 0.00214934
 0.888911 0.0858589 0.015356 0.00817168 0.00170284
pobs_RECLAS
 0 0 0 0 0
 0 0 0 0 0
 0 0 0 0 0
 0 0 0 0 0
 0 0 0 0 0
 0 0 0 0 0
 0 0 0 0 0
 0 0 0 0 0
 0 0 0 0 0
 0 0 0 0 0
 0.991045 0.00858322 0.000360255 1.14367e-05 0
 0.934742 0.0480273 0.0164251 0.00080598 0
 0.827803 0.169806 0.00239088 0 0
 0.941827 0.0461693 0.0120037 0 0
 0.791401 0.0380133 0.147996 0.0225897 0
 0.846168 0.0940531 0.0597789 0 0
 0.134021 0.677848 0.182769 0.00536245 0
 0.80878 0.0450904 0.141981 0.00414843 0
 0.846168 0.0940531 0.0597789 0 0
 0.905697 0.0802665 0.012482 0.00150086 5.37128e-05
 0.989698 0.0102097 9.19794e-05 0 0
 0.975433 0.0193895 0.00387452 0.00125025 5.28907e-05
 0.303575 0.632131 0.0575291 0.00676475 0
 0.966965 0.00978017 0.0227588 0.000495775 0
 0.843318 0.132988 0.00938335 0.0141283 0.000182051
 0.564624 0.303363 0.111486 0.0197234 0.00080311
 0.826376 0.0876187 0.0782897 0.00655872 0.00115652
 0.89761 0.0855135 0.0140674 0.00269457 0.000114338
 0.34875 0.467042 0.161289 0.0227151 0.000203297
 0.318654 0.224769 0.449479 0.00709798 0
 0.937255 0.0296025 0.0250945 0.00804832 0
ppred_RECLAS
 0.648591 0.151801 0.183587 0.01602 8.72304e-07
 0.598825 0.287471 0.0491178 0.0594026 0.00518384
 0.71582 0.193028 0.0653172 0.0111602 0.0146749
 0.837291 0.127117 0.0241757 0.00818063 0.00323571
 0.736872 0.231702 0.0245517 0.00466935 0.00220498
 0.817141 0.144634 0.0336603 0.00356673 0.000998661
 0.496843 0.432406 0.055961 0.0130237 0.00176642
 0.50946 0.289509 0.172763 0.0223586 0.00590924
 0.600717 0.232471 0.0984497 0.0587494 0.00961269
 0.834167 0.11356 0.0304344 0.0128887 0.00894974
 0.949719 0.0447575 0.00378211 0.00101361 0.000727327
 0.860009 0.134737 0.00467651 0.000395176 0.000181903
 0.708018 0.262526 0.0283508 0.00098401 0.000121426
 0.873579 0.0992097 0.0244661 0.00264215 0.000103021
 0.961943 0.0351814 0.0022564 0.00055645 6.24354e-05
 0.974161 0.0251871 0.000602963 3.86717e-05 1.06069e-05
 0.486264 0.504476 0.00902633 0.000216084 1.766e-05
 0.94414 0.0321149 0.0233172 0.000417203 1.08038e-05
 0.748122 0.241803 0.00579271 0.00420582 7.72014e-05
 0.880936 0.097273 0.0209189 0.000501141 0.000370534
 0.762797 0.216719 0.0167348 0.00359888 0.000149963
 0.831448 0.138124 0.0278002 0.0021467 0.000480893
 0.391311 0.534142 0.0610896 0.0122956 0.00116214
 0.88164 0.0568976 0.0539349 0.00616852 0.00135889
 0.793065 0.188952 0.00864482 0.00819468 0.00114369
 0.542011 0.386534 0.0652456 0.00298508 0.00322457
 0.850201 0.0933582 0.0476347 0.00804058 0.00076525
 0.776181 0.198825 0.0155773 0.00794813 0.0014693
 0.527727 0.390831 0.0723476 0.00566823 0.00342678
 0.706405 0.17869 0.0950897 0.0176023 0.00221283
 0.884257 0.0894559 0.0159993 0.00851402 0.00177418
pobs_PELACES
 0 0 0 0 0
 0 0 0 0 0
 0 0 0 0 0
 0 0 0 0 0
 0 0 0 0 0
 0 0 0 0 0
 0 0 0 0 0
 0 0 0 0 0
 0 0 0 0 0
 0 0 0 0 0
 0 0 0 0 0
 0 0 0 0 0
 0 0 0 0 0
 0 0 0 0 0
 0 0 0 0 0
 0 0 0 0 0
 0.505614 0.472636 0.0217494 0 0
 0 0 0 0 0
 0.443492 0.261883 0.143347 0.151278 0
 0.227955 0.32914 0.350689 0.0885471 0.00366901
 0.970185 0.0296113 0.000203453 0 0
 0.997202 0.00247181 0.000326279 0 0
 0.445219 0.490057 0.0546422 0.010081 0
 0.90214 0.0892962 0.00764917 0.000914606 0
 0 0 0 0 0
 0.581667 0.319106 0.0959925 0.00289975 0.000334073
 0.762889 0.0836404 0.116647 0.0363945 0.000428098
 0.88444 0.0763242 0.0277011 0.0115352 0
 0.521256 0.241999 0.230069 0.00667565 0
 0.616807 0.101726 0.260614 0.0208532 0
 0.833518 0.0704572 0.0857862 0.0102388 0
ppred_PELACES
 0.581978 0.180576 0.218388 0.0190568 1.03766e-06
 0.535381 0.332933 0.0568856 0.0687969 0.00600364
 0.660301 0.230739 0.0780779 0.0133405 0.0175419
 0.799939 0.156298 0.0297254 0.0100586 0.0039785
 0.676722 0.284668 0.0301641 0.00573674 0.00270903
 0.771025 0.181109 0.0421492 0.00446623 0.00125052
 0.437034 0.483805 0.0626129 0.0145718 0.00197639
 0.435926 0.332908 0.198661 0.0257103 0.00679505
 0.540239 0.267683 0.113361 0.0676479 0.0110687
 0.808541 0.131109 0.0351374 0.0148804 0.0103327
 0.934059 0.0586974 0.00496006 0.00132931 0.000953856
 0.827969 0.165575 0.00574683 0.000485621 0.000223536
 0.660452 0.305293 0.0329693 0.00114431 0.000141208
 0.860621 0.109378 0.0269738 0.00291296 0.00011358
 0.953467 0.0430171 0.00275895 0.000680384 7.63412e-05
 0.967169 0.032002 0.000766107 4.91351e-05 1.34768e-05
 0.423349 0.566257 0.0101317 0.000242547 1.98228e-05
 0.92885 0.0409051 0.0296993 0.000531395 1.37609e-05
 0.704306 0.283866 0.0068004 0.00493746 9.06312e-05
 0.851668 0.121185 0.0260613 0.000624334 0.000461621
 0.712172 0.262973 0.0203065 0.00436698 0.000181969
 0.794566 0.168348 0.0338835 0.00261645 0.000586122
 0.333859 0.584557 0.0668556 0.0134561 0.00127183
 0.851379 0.0714445 0.0677243 0.00774561 0.00170631
 0.746746 0.231245 0.0105798 0.0100289 0.00139968
 0.474967 0.443118 0.0747968 0.00342206 0.0036966
 0.812958 0.116569 0.0594778 0.0100396 0.000955508
 0.72478 0.244485 0.0191547 0.00977342 0.00180673
 0.459969 0.446903 0.0827274 0.00648145 0.00391842
 0.64957 0.213281 0.113497 0.0210098 0.00264119
 0.853519 0.113212 0.0202481 0.010775 0.00224534
pobs_pel_tallas
 0 0 0 0 0 0 0 0 0 0 0 0 0 0 0 0 0 0 0 0 0 0 0 0 0 0
 0 0 0 0 0 0 0 0 0 0 0 0 0 0 0 0 0 0 0 0 0 0 0 0 0 0
 0 0 0 0 0 0 0 0 0 0 0 0 0 0 0 0 0 0 0 0 0 0 0 0 0 0
 0 0 0 0 0 0 0 0 0 0 0 0 0 0 0 0 0 0 0 0 0 0 0 0 0 0
 0 0 0 0 0 0 0 0 0 0 0 0 0 0 0 0 0 0 0 0 0 0 0 0 0 0
 0 0 0 0 0 0 0 0 0 0 0 0 0 0 0 0 0 0 0 0 0 0 0 0 0 0
 0 0 0 0 0 0 0 0 0 0 0 0 0 0 0 0 0 0 0 0 0 0 0 0 0 0
 0 0 0 0 0 0 0 0 0 0 0 0 0 0 0 0 0 0 0 0 0 0 0 0 0 0
 0 0 0 0 0 0 0 0 0 0 0 0 0 0 0 0 0 0 0 0 0 0 0 0 0 0
 0 0 0 0 0 0 0 0 0 0 0 0 0 0 0 0 0 0 0 0 0 0 0 0 0 0
 0 0 0 0 0 0 0 0 0 0 0 0 0 0 0 0 0 0 0 0 0 0 0 0 0 0
 0 0 0 0 0 0 0 0 0 0 0 0 0 0 0 0 0 0 0 0 0 0 0 0 0 0
 0.00862536 0 0 0.000197151 0.00414017 0.0128641 0.00837892 0.0270097 0.101434 0.158115 0.152841 0.127902 0.109271 0.109419 0.0830992 0.0579132 0.0238553 0.00714673 0.00463305 0.00128148 0.00103504 0.000492878 0.000147863 0.000147863 4.92878e-05 0
 0 0 0 0 0 0 0 0 0 0 0 0 0 0 0 0 0 0 0 0 0 0 0 0 0 0
 0 0 0 0 0 0 0 0.0054083 0.00873648 0.0413646 0.0450493 0.0745869 0.0622846 0.0627006 0.0613931 0.0827291 0.12552 0.122667 0.0946155 0.0697135 0.0546179 0.0294188 0.0215738 0.0213955 0.0102223 0.00600262
 0 0 0 0 0.00359764 0.0251062 0.0480494 0.140153 0.205849 0.193036 0.1447 0.116669 0.0760912 0.0342217 0.00950174 0.001854 0.000860785 0 0 0 0.000165536 0 0.000143464 0 0 0
 0 0 0 0 0 0 0 0.000145254 0.000435761 0.0275982 0.070085 0.0708112 0.156366 0.174668 0.174014 0.160142 0.0824315 0.0480064 0.0283245 0.00493863 0.00203355 0 0 0 0 0
 0 0 0 0 0 0 0 0 0 0 0 0 0 0 0 0 0 0 0 0 0 0 0 0 0 0
 0 0 1.00437e-05 0.000401748 0.00122533 0.00171747 0.00176769 0.0269171 0.070346 0.194647 0.189555 0.159765 0.064822 0.0314167 0.0384472 0.0292271 0.0345202 0.0313363 0.0194345 0.0106764 0.0143323 0.0359363 0.0279516 0.0138201 0.00172751 0
 0 0.0021121 0.0136068 0.0755702 0.200478 0.177729 0.0527432 0.0373336 0.0318909 0.0142505 0.0149659 0.0166563 0.0217959 0.0798694 0.0677717 0.0528807 0.04013 0.0224614 0.0357745 0.0225083 0.00881397 0.00855152 0.00135912 0.000746735 0 0
 0 0 0 0 5.4009e-05 0.00500934 0.000945158 0.0243581 0.138947 0.33067 0.221406 0.137944 0.0707744 0.0437923 0.0131692 0.00525238 0.0047753 0.00276346 9.45158e-05 9.00151e-06 2.25038e-05 9.00151e-06 4.50075e-06 0 0 0
 0.000866109 0.00284123 0.00948549 0.0512746 0.133035 0.25785 0.225252 0.132002 0.0553304 0.0519788 0.0540692 0.017754 0.00435017 0.00159236 0.00146478 0.000404838 0.000125132 0.000115318 0.000107957 0.000100596 0 0 0 0 0 0
 0 0 0 0 0.00144013 0.00171154 0.00461396 0.0210425 0.0478622 0.0707936 0.0888783 0.103762 0.0637923 0.0337046 0.0602308 0.124433 0.169614 0.0934646 0.0462172 0.0250306 0.0313229 0.00938855 0.002487 0.000210481 0 0
 0 0.00764035 0.051015 0.0998891 0.058973 0.0496711 0.0374665 0.0718981 0.12319 0.153886 0.159021 0.0857701 0.0377988 0.023471 0.0147837 0.00900784 0.00315554 0.000888139 0.00291439 0.00214683 0.00393193 0.00274676 0.000635225 9.99891e-05 0 0
 0 0 0 0 0 0 0 0 0 0 0 0 0 0 0 0 0 0 0 0 0 0 0 0 0 0
 0 0 0 0 0 0 0 0 0 0 0 0 0 0 0 0 0 0 0 0 0 0 0 0 0 0
 0 0 0 0 0 0 0 0 0 0 0 0 0 0 0 0 0 0 0 0 0 0 0 0 0 0
 0 0 0 0 0 0 0 0 0 0 0 0 0 0 0 0 0 0 0 0 0 0 0 0 0 0
 0 0 0 0 0 0 0 0 0 0 0 0 0 0 0 0 0 0 0 0 0 0 0 0 0 0
 0 0 0 0 0 0 0 0 0 0 0 0 0 0 0 0 0 0 0 0 0 0 0 0 0 0
 0 0 0 0 0 0 0 0 0 0 0 0 0 0 0 0 0 0 0 0 0 0 0 0 0 0
ppred_pel_tallas
 1.0826e-16 4.79368e-05 0.000465963 0.00309649 0.0140762 0.0437964 0.0933134 0.136197 0.136215 0.0934001 0.0440882 0.014923 0.00523659 0.00518569 0.00915158 0.0154179 0.023052 0.0307471 0.0371368 0.0414859 0.043937 0.0450466 0.0450663 0.043668 0.0403244 0.0349238
 1.09643e-16 4.40987e-05 0.000428655 0.00284856 0.0129492 0.0402899 0.085843 0.125297 0.125329 0.086 0.0408171 0.0144726 0.0066746 0.00878814 0.0159425 0.026348 0.0381048 0.0482657 0.0538789 0.0536488 0.0487212 0.0418746 0.035769 0.0316162 0.029062 0.0269862
 1.06619e-16 5.43882e-05 0.000528673 0.00351322 0.0159706 0.0496905 0.105872 0.154528 0.15455 0.105981 0.050057 0.01703 0.00617615 0.00635417 0.0111543 0.0184497 0.0267968 0.0341727 0.0385454 0.0389777 0.0361497 0.0318149 0.0276488 0.0244135 0.0219341 0.0196378
 1.0258e-16 6.589e-05 0.000640474 0.00425618 0.019348 0.0601988 0.12826 0.187203 0.187218 0.128334 0.0604462 0.0200629 0.00605141 0.00456186 0.00752037 0.0123472 0.0178249 0.0225109 0.0249821 0.0245855 0.0218187 0.0179713 0.0143289 0.0115619 0.00965609 0.00824486
 1.01978e-16 5.57407e-05 0.00054182 0.00360058 0.0163677 0.0509263 0.108505 0.158372 0.158399 0.108639 0.0513761 0.0176667 0.00686032 0.00765508 0.013557 0.0223027 0.0320717 0.0402234 0.0441031 0.0424835 0.0362949 0.0279977 0.020124 0.0141181 0.0101416 0.00761723
 1.01923e-16 6.35083e-05 0.000617324 0.00410233 0.0186486 0.0580229 0.123625 0.180437 0.180455 0.12371 0.0583098 0.0194776 0.00618444 0.00516645 0.00871437 0.0143351 0.0207109 0.0261814 0.0290902 0.028659 0.0254256 0.0208393 0.0163572 0.0127611 0.0100902 0.00801606
 1.03727e-16 3.5998e-05 0.000349914 0.0023253 0.0105705 0.032889 0.0700753 0.102287 0.102333 0.0703031 0.0336539 0.0127795 0.00786969 0.0124517 0.0230145 0.0379772 0.0546721 0.0686823 0.0755208 0.0731072 0.0629969 0.0493102 0.0362632 0.0262259 0.0194234 0.0148826
 1.09547e-16 3.59067e-05 0.000349026 0.0023194 0.0105437 0.0328055 0.0698968 0.102023 0.102056 0.0700549 0.033337 0.0120817 0.00619169 0.0088405 0.0162747 0.0271406 0.0397734 0.0514325 0.0592964 0.0619903 0.0602584 0.0561639 0.0515411 0.047008 0.0421566 0.0364293
 1.11998e-16 4.44988e-05 0.000432544 0.00287441 0.0130667 0.0406554 0.0866216 0.126432 0.126458 0.0867484 0.0410816 0.0142996 0.00597618 0.00722729 0.0130191 0.0216391 0.0316119 0.0407055 0.0466789 0.0485357 0.0470737 0.0441993 0.0415728 0.0396861 0.037943 0.0354166
 1.04289e-16 6.65985e-05 0.000647361 0.00430194 0.019556 0.0608461 0.129639 0.189215 0.189228 0.129701 0.061054 0.0201571 0.00581246 0.0039502 0.00635527 0.0104438 0.0151407 0.0192612 0.0216492 0.0217876 0.0200975 0.0176229 0.0153579 0.0137483 0.0126615 0.0116986
 1.00453e-16 7.69372e-05 0.000747857 0.00496978 0.0225919 0.0702918 0.149764 0.218586 0.218592 0.149792 0.0703845 0.0228596 0.0056415 0.0022134 0.0028578 0.00459628 0.00659855 0.00826614 0.00904681 0.00868841 0.00738693 0.00565679 0.004028 0.00280372 0.00201692 0.00154176
 1.00295e-16 6.81988e-05 0.000662916 0.00440531 0.0200259 0.0623082 0.132755 0.193763 0.193779 0.132833 0.0625694 0.02078 0.00629677 0.0047872 0.00788687 0.0128936 0.01848 0.023055 0.0250475 0.0237336 0.0196741 0.0143566 0.00933926 0.0055509 0.00314679 0.00180327
 1.01169e-16 5.44006e-05 0.000528794 0.00351402 0.0159742 0.049702 0.105896 0.154565 0.154594 0.10604 0.0501843 0.0173672 0.00700953 0.00815616 0.0145301 0.0239082 0.0343705 0.0430811 0.0471801 0.0453346 0.0385256 0.0293834 0.0206323 0.0138537 0.00927487 0.00633925
 1.01118e-16 7.08883e-05 0.000689059 0.00457904 0.0208157 0.0647653 0.13799 0.201402 0.201413 0.138041 0.0649386 0.0213165 0.00583703 0.00343794 0.00529933 0.00866885 0.0125273 0.0158482 0.017631 0.0174045 0.0154888 0.0127501 0.0100582 0.00787701 0.0062287 0.00492173
 1.00172e-16 7.85358e-05 0.000763396 0.00507304 0.0230613 0.0717523 0.152876 0.223128 0.223132 0.152896 0.0718202 0.0232574 0.00556495 0.00183636 0.00211367 0.00336314 0.0048209 0.00602804 0.00657561 0.00627666 0.00527485 0.00395041 0.00269834 0.00174946 0.00113647 0.000773292
 1.00038e-16 7.96645e-05 0.000774367 0.00514594 0.0233927 0.0727834 0.155073 0.226334 0.226337 0.155088 0.0728339 0.0235384 0.00551139 0.00157113 0.00158988 0.00249445 0.00356713 0.00444657 0.00482443 0.00456042 0.00376356 0.0027231 0.00174254 0.00100378 0.000538249 0.000283383
 1.00465e-16 3.48708e-05 0.000338957 0.00225249 0.0102395 0.0318593 0.0678816 0.0990865 0.099141 0.0681476 0.0327523 0.0128174 0.00871759 0.0144335 0.0267476 0.0440184 0.0630646 0.0785838 0.0851967 0.0804232 0.0661988 0.0476584 0.0301966 0.0170558 0.00880778 0.00434567
 1.00924e-16 7.65082e-05 0.000743687 0.00494206 0.0224659 0.0698998 0.148929 0.217367 0.217371 0.148948 0.0699652 0.0226554 0.00541945 0.00179157 0.00208333 0.00336636 0.004942 0.0064211 0.00745409 0.00786481 0.00772589 0.00726256 0.00667203 0.00601633 0.00525653 0.00436012
 1.0078e-16 5.80128e-05 0.000563905 0.00374735 0.0170349 0.0530021 0.112928 0.164827 0.164854 0.113061 0.0534498 0.0183275 0.00698939 0.00763269 0.0134576 0.0220901 0.0316609 0.0394892 0.0428876 0.0406229 0.0336696 0.0245936 0.0160756 0.00970426 0.00572467 0.00354885
 1.00924e-16 7.01508e-05 0.00068189 0.0045314 0.0205991 0.0640915 0.136554 0.199307 0.199319 0.136611 0.0642834 0.0211535 0.00592359 0.00372291 0.00585094 0.00957532 0.0138173 0.0174366 0.0193149 0.0189252 0.0166279 0.0134024 0.010244 0.00770251 0.00583005 0.00442384
 1.01123e-16 5.86607e-05 0.000570203 0.0037892 0.0172252 0.053594 0.114189 0.166667 0.166692 0.114312 0.0540093 0.0184242 0.00679759 0.00713297 0.012509 0.0205515 0.0295155 0.0369386 0.0403513 0.038612 0.0325906 0.0245937 0.0170126 0.0112383 0.00746173 0.00516373
 1.01383e-16 6.54474e-05 0.000636172 0.00422759 0.019218 0.0597944 0.127399 0.185946 0.185962 0.127478 0.0600609 0.019988 0.00616092 0.00485882 0.00809123 0.0132887 0.0191722 0.0241813 0.0267642 0.0261925 0.0229746 0.0184831 0.0141114 0.0106274 0.00809673 0.00622119
 1.03644e-16 2.74997e-05 0.000267307 0.00177635 0.00807506 0.0251248 0.0535332 0.078145 0.0782013 0.0538083 0.0260486 0.010743 0.00847178 0.0148789 0.0277641 0.0458201 0.0659174 0.0827095 0.0907534 0.0875235 0.0749103 0.0579341 0.0417577 0.0293223 0.0209617 0.0155248
 1.03039e-16 7.0127e-05 0.000681659 0.00452987 0.0205921 0.0640698 0.136508 0.199238 0.199245 0.136542 0.0641846 0.0209251 0.00537005 0.00253028 0.00362347 0.00599002 0.0088797 0.011703 0.0138919 0.0151584 0.0156075 0.0155564 0.0152273 0.0145932 0.0134822 0.0118002
 1.01608e-16 6.15086e-05 0.000597885 0.00397316 0.0180614 0.0561959 0.119732 0.174757 0.174779 0.119841 0.0565608 0.0191152 0.00661664 0.00636339 0.010996 0.0180416 0.025892 0.0323701 0.0353068 0.0337135 0.0283855 0.0213903 0.0148632 0.0100315 0.00702795 0.00532636
 1.03241e-16 3.91225e-05 0.000380284 0.00252713 0.011488 0.0357436 0.076157 0.111162 0.111205 0.0763658 0.0364446 0.0135129 0.00761064 0.0114796 0.0211244 0.0348746 0.0502634 0.0632609 0.0697674 0.067862 0.0589168 0.0466205 0.0347448 0.0254071 0.0188306 0.0142112
 1.02915e-16 6.69623e-05 0.000650897 0.00432544 0.0196628 0.0611785 0.130348 0.190248 0.19026 0.130403 0.0613642 0.0202003 0.00567777 0.00361398 0.00572648 0.00944473 0.013794 0.0177527 0.0203145 0.0209959 0.0200794 0.0183357 0.0164709 0.0147591 0.0130854 0.0112416
 1.01902e-16 5.96992e-05 0.000580298 0.00385628 0.0175301 0.0545429 0.11621 0.169617 0.169641 0.116325 0.054929 0.0186451 0.0066539 0.00668386 0.0116408 0.0191225 0.0274769 0.0344204 0.0376704 0.0361816 0.0307753 0.023598 0.0168567 0.011806 0.00856938 0.00660786
 1.03815e-16 3.78872e-05 0.000368277 0.00244733 0.0111252 0.034615 0.0737525 0.107653 0.107696 0.0739631 0.0353222 0.0131684 0.00757716 0.0115708 0.0213251 0.0352242 0.0508046 0.0640205 0.0707539 0.0690749 0.0603556 0.0482801 0.0365965 0.0273805 0.0208136 0.0160739
 1.05884e-16 5.35043e-05 0.000520081 0.00345612 0.015711 0.048883 0.104151 0.152016 0.152037 0.104252 0.049223 0.016695 0.00593237 0.00594718 0.0104234 0.0173114 0.0253155 0.0326347 0.0374449 0.03887 0.0374221 0.0344899 0.0313276 0.028392 0.025435 0.0220564
 1.02074e-16 7.03033e-05 0.000683373 0.00454125 0.0206439 0.0642309 0.136851 0.19974 0.199751 0.136904 0.0644101 0.0211617 0.00584144 0.00352334 0.00546891 0.0089434 0.0129091 0.0163047 0.0181015 0.0178323 0.0158647 0.0131384 0.010584 0.00867747 0.00738963 0.00643258
pSPR Fmed_Fpbrs
0.540197   0.209321 0.209321
Fs Fmed_Fpbrs
0.34   1.005 1.005
SSBpbr Bo_Bmed_Bpbrs
519359  254588  82744.7 82744.7
Ro
96392
SPR SPRFo_SPRFmed_SPRFpbrs
688017 371665 144016
Fref
1.005
Nvult_r0
 122335 10317.9 1845.36 982.008 204.634
CTP_r0
 54834.7 5171.79 924.982 492.228 102.572
YTP_r0
574240
Np
 111562 18214.5 4442.34 322.633 65.4737
Nvult_p0
 93347.5 15761.7 3844.14 279.187 56.657
CTP_p0
 41841.5 14309.1 1039.22 185.866 118.783
 41841.5 7900.52 1926.86 139.942 28.3991
YTP_p0
 600201 505113
CBA_c0
582028
log_Ro
11.2962
likeval ReclasPelacesDesembMPH_pf_preclas_ppelaces_ptallas_desvR_qrecl_qpela
 27.4429 31.7551 0.0226766 68.6015 242.759 123.828 110.916 0 22.9902 9.88253e-05 0.000192553 0.0317442 0 0 0
q_reclas_q_pelaces
4.07913 7.11645
M
1
N
 145178 26936.1 32576.3 2842.65 0.154785
 95724.3 37729 6446.45 7796.28 680.351
 83644.4 18508.3 6262.89 1070.09 1407.09
 129083 16249.8 3090.45 1045.76 413.631
 93395.8 22963 2433.21 462.758 218.526
 194547 27255.1 6343.04 672.123 188.19
 69743.8 51231.3 6630.24 1543.05 209.285
 24206.1 10682.2 6374.52 824.976 218.036
 23145.2 7485.05 3169.85 1891.59 309.507
 30375.4 3855.43 1033.26 437.579 303.848
 54270.9 2009.77 169.83 45.5149 32.6596
 115487 15190.9 527.252 44.554 20.5086
 57319.7 18493.6 1997.17 69.3185 8.55387
 58340.8 6789.65 1674.39 180.822 7.05049
 53793.9 1739.48 111.564 27.5127 3.08702
 257570 5569.21 133.323 8.55084 2.34532
 49704.8 42642.1 762.974 18.2651 1.49276
 323663 9046.63 6568.34 117.524 3.04338
 221037 62139.8 1488.64 1080.84 19.8396
 287501 26271.4 5649.76 135.348 100.074
 224036 51997.9 4015.22 863.487 35.9809
 323599 45189.2 9095.27 702.326 157.331
 45087.5 51288.8 5865.88 1180.63 111.59
 145929 7688.02 7287.7 833.492 183.613
 152152 29612.3 1354.81 1284.26 179.238
 53233 30707.4 5183.3 237.144 256.169
 131052 11672.3 5955.63 1005.29 95.677
 136854 28074.3 2199.54 1122.29 207.468
 54728.2 32644.5 6042.91 473.445 286.226
 60092.8 12442.2 6621.08 1225.64 154.079
 146206 11923.5 2132.53 1134.82 236.478
pred_Ctot
 27711.1 6160.61 7450.59 650.149 0.0354011
 30226.2 13943.9 2382.48 2881.36 251.445
 26262.6 6804.07 2302.38 393.388 517.278
 44657.4 6540.36 1243.87 420.905 166.482
 12437.8 3701.48 392.217 74.5935 35.2248
 35908.5 6034.55 1404.41 148.815 41.6672
 27583.1 23332.9 3019.69 702.766 95.317
 2474.61 1328.77 792.939 102.62 27.1219
 8527.2 3193.61 1352.47 807.077 132.056
 17920.2 2505.24 671.411 284.337 197.439
 8387.86 374.587 31.6535 8.4832 6.08719
 44041.9 6691.06 232.236 19.6244 9.03332
 26843.1 9816.96 1060.16 36.7964 4.54065
 40488 5052.68 1246.04 134.563 5.24679
 26960.7 980.847 62.9077 15.5137 1.74068
 95420.3 2388.35 57.1756 3.66702 1.00579
 16793.7 16789 300.397 7.1913 0.587726
 103055 3369.64 2446.54 43.7747 1.13358
 103320 32930.6 788.899 572.784 10.5139
 97783.4 10407.7 2238.2 53.6192 39.645
 67133.4 18294.7 1412.7 303.806 12.6594
 124479 20063.3 4038.15 311.822 69.8526
 16257.2 21451.3 2453.38 493.793 46.6718
 43387.4 2685.05 2545.24 291.098 64.1273
 45559.9 10411.5 476.342 451.538 63.0188
 14172.4 9660.75 1630.7 74.607 80.5925
 36141.4 3796.94 1937.34 327.016 31.1232
 31500.2 7687.78 602.315 307.323 56.8122
 13739.3 9712.09 1797.83 140.855 85.1551
 18387 4464.44 2375.75 439.781 55.286
 37172.6 3590.46 642.159 341.724 71.2097
F
 0.347528 0.429939 0.429939 0.429939 0.429939
 0.643252 0.795787 0.795787 0.795787 0.795787
 0.638495 0.789903 0.789903 0.789903 0.789903
 0.726574 0.898868 0.898868 0.898868 0.898868
 0.231605 0.286526 0.286526 0.286526 0.286526
 0.334322 0.4136 0.4136 0.4136 0.4136
 0.876254 1.08404 1.08404 1.08404 1.08404
 0.173699 0.214889 0.214889 0.214889 0.214889
 0.792303 0.980184 0.980184 0.980184 0.980184
 1.71561 2.12244 2.12244 2.12244 2.12244
 0.27329 0.338096 0.338096 0.338096 0.338096
 0.831736 1.02897 1.02897 1.02897 1.02897
 1.13325 1.40197 1.40197 1.40197 1.40197
 2.51271 3.10856 3.10856 3.10856 3.10856
 1.26791 1.56857 1.56857 1.56857 1.56857
 0.798447 0.987785 0.987785 0.987785 0.987785
 0.703709 0.870581 0.870581 0.870581 0.870581
 0.650316 0.804527 0.804527 0.804527 0.804527
 1.12985 1.39777 1.39777 1.39777 1.39777
 0.710021 0.878389 0.878389 0.878389 0.878389
 0.600946 0.74345 0.74345 0.74345 0.74345
 0.842033 1.04171 1.04171 1.04171 1.04171
 0.768943 0.951284 0.951284 0.951284 0.951284
 0.594927 0.736003 0.736003 0.736003 0.736003
 0.600379 0.742749 0.742749 0.742749 0.742749
 0.51746 0.640166 0.640166 0.640166 0.640166
 0.540741 0.668968 0.668968 0.668968 0.668968
 0.433236 0.53597 0.53597 0.53597 0.53597
 0.48129 0.595419 0.595419 0.595419 0.595419
 0.617381 0.763781 0.763781 0.763781 0.763781
 0.488832 0.604749 0.604749 0.604749 0.604749
YTP_r0W_actual
 455128 72922.3 25529.5 16834.2 3825.94
YTP_p0W_proyectada
 315485 249693 25014 5821.32 4187.1
 315485 137864 46379.6 4382.97 1001.07
CTP_r0_actual
 54834.7 5171.79 924.982 492.228 102.572
CTP_p0_proyectada
 41841.5 14309.1 1039.22 185.866 118.783
 41841.5 7900.52 1926.86 139.942 28.3991
Wmedp
 7.54 17.45 24.07 31.32 35.25
Frms_r0
 0.812363 1.005 1.005 1.005 1.005
Zrms_r0
 1.81236 2.005 2.005 2.005 2.005
nmprior
 7.29 8.9 8.7 0
nm_flota  nm_reclas  nm_pelaces    nm_pelaL
inf 14.3926 11.0253 22.6521
cv_recla  cv_pelaces  cv_mph
0.236924 0.532473 0.689154
 ------------------------------------------------
Talla a la edad & desviaci?n 
 8 13.2811 15.8009 17.003 17.5766
 0.8 1.32811 1.58009 1.7003 1.75766
