years
 1991 1992 1993 1994 1995 1996 1997 1998 1999 2000 2001 2002 2003 2004 2005 2006 2007 2008 2009 2010 2011 2012 2013 2014 2015 2016 2017 2018 2019
reclasobs
 0 0 0 0 0 0 0 0 0 252601 567819 844713 477998 351125 339783 2.1784e+06 2.13404e+06 4.81314e+06 1.55562e+06 2.62356e+06 3.21686e+06 3.843e+06 1.13348e+06 3.07943e+06 1.97215e+06 2.03268e+06 2.025e+06 2.42433e+06 2.27542e+06
reclaspred
 3.32312e+06 1.79513e+06 901637 976316 1.00842e+06 1.86109e+06 957443 784024 508506 280099 563836 912934 648508 280641 482159 1.68585e+06 1.47866e+06 3.04271e+06 1.97653e+06 2.22124e+06 3.60046e+06 2.77686e+06 1.8225e+06 2.9458e+06 2.26006e+06 1.98783e+06 2.32963e+06 2.56034e+06 2.01191e+06
pelacesobs
 0 0 0 0 0 0 0 0 0 0 0 0 0 0 0 552880 188675 0 991730 2.46772e+06 1.41603e+06 1.21717e+06 2.29649e+06 1.80582e+06 0 1.4828e+06 1.56532e+06 1.57751e+06 1.42118e+06
pelacespred
 1.97549e+06 1.14384e+06 548377 452481 536999 984360 462264 512302 288337 129807 294103 423159 328335 109436 227830 721465 737037 1.58991e+06 1.04655e+06 1.01924e+06 1.82034e+06 1.49942e+06 1.0647e+06 1.75115e+06 1.33234e+06 1.20632e+06 1.53034e+06 1.50617e+06 1.18305e+06
mphobs
 0 0 0 0 0 0 0 0 0 0 0 0 498337 0 5186 125008 0 168611 109162 213762 579715 649985 157893 87575 83554 210694 70296 0 107559
mphpred
 636707 428907 201165 111859 127771 162202 229208 108057 95675.1 48751.2 23575 89536.6 117280 51737.5 14879 48679.5 241572 207240 337778 282915 521468 545965 115887 82390.5 132880 109406 92862.8 100551 142786
desembarqueobs
 494567 514787 250237 358949 120608 361735 552515 73892 212993 205616 52469 317467 293654 387597 252695 516296 358380 742168 942051 627588 828172 859565 418607 520667 417249 300574 415391 372974 316634
desembarquepred
 494567 514115 250550 358973 120613 361734 552523 73898.2 213071 205683 52470.3 317447 293754 387749 252559 516220 358484 742151 941697 627280 828301 859593 418633 520693 417179 300567 415369 372904 316597
Reclutas
 158760 91505.6 86492.8 130906 103067 194553 73867.1 28643.6 27336.8 36454.9 84259.5 138405 62020.7 51143.5 68148.6 356094 68438.2 422589 231008 363215 298057 428023 61353.8 224218 217139 83680.5 182332 211930 77157.9
log_desv_Rt
 0.290844 -0.260151 -0.316491 0.0979288 -0.141175 0.494152 -0.474284 -1.42162 -1.46832 -1.18048 -0.34265 0.153631 -0.649083 -0.841917 -0.554861 1.09864 -0.550621 1.26985 0.665902 1.11844 0.920732 1.28263 -0.659894 0.636066 0.603984 -0.349545 0.429278 0.579706 -0.430698
SSB
 1.46749e+06 988550 463646 257815 294488 373846 528280 249051 220513 112362 54335.9 206365 255990 115500 32893.8 108537 556777 477649 808111 446439 844815 933477 830743 564004 849471 744130 593753 617226 910848
BT
 2.17972e+06 1.52272e+06 727491 744431 616323 1.3231e+06 916690 567228 489502 326039 360789 699047 584084 514654 502503 1.2098e+06 981855 2.33999e+06 1.94393e+06 1.55507e+06 2.52509e+06 2.27506e+06 1.35394e+06 2.31578e+06 1.66279e+06 1.41567e+06 1.99605e+06 1.8831e+06 1.34968e+06
Ftot
 0.271924 0.503284 0.496738 0.704021 0.232048 0.391442 0.975258 0.180823 0.769462 1.28636 0.204106 0.679683 0.814174 2.19104 1.08338 0.658349 0.441954 0.501731 0.865623 0.575033 0.445332 0.595768 0.410284 0.362739 0.35307 0.282249 0.358939 0.299474 0.281895
BD_Bspro_t
 0.957425 0.718478 0.481154 0.377421 0.381757 0.489467 0.501552 0.289535 0.335325 0.241033 0.172257 0.527385 0.429083 0.222512 0.0793883 0.220668 0.461324 0.403665 0.466192 0.311463 0.403753 0.422068 0.41894 0.366048 0.500754 0.524182 0.522781 0.564438 0.636778
BD_Bspro
 1.73964 1.17188 0.54963 0.305627 0.349101 0.443176 0.626251 0.295237 0.261408 0.1332 0.0644126 0.244636 0.303464 0.13692 0.038994 0.128665 0.660032 0.56623 0.957976 0.529232 1.00149 1.10659 0.984806 0.6686 1.00701 0.88213 0.703866 0.731691 1.07977
BD_Bo
 1.43153 0.96433 0.452286 0.251498 0.287272 0.364686 0.515337 0.242949 0.21511 0.109609 0.0530046 0.201309 0.249718 0.11267 0.0320879 0.105878 0.543135 0.465946 0.788311 0.435501 0.824116 0.910606 0.810389 0.550186 0.828658 0.725898 0.579206 0.602103 0.888531
BD_Brms
 8.29041 5.5847 2.61932 1.4565 1.66367 2.112 2.98446 1.40698 1.24576 0.634778 0.306964 1.16583 1.44619 0.652504 0.18583 0.613167 3.14545 2.69842 4.56533 2.52211 4.77268 5.27357 4.69319 3.18628 4.79899 4.20388 3.35434 3.48694 5.14573
Sel_flota
 0.747944 1 1 1 1
 0.747944 1 1 1 1
 0.747944 1 1 1 1
 0.747944 1 1 1 1
 0.747944 1 1 1 1
 0.747944 1 1 1 1
 0.747944 1 1 1 1
 0.747944 1 1 1 1
 0.747944 1 1 1 1
 0.747944 1 1 1 1
 0.747944 1 1 1 1
 0.747944 1 1 1 1
 0.747944 1 1 1 1
 0.747944 1 1 1 1
 0.747944 1 1 1 1
 0.747944 1 1 1 1
 0.747944 1 1 1 1
 0.747944 1 1 1 1
 0.747944 1 1 1 1
 0.747944 1 1 1 1
 0.747944 1 1 1 1
 0.747944 1 1 1 1
 0.747944 1 1 1 1
 0.747944 1 1 1 1
 0.747944 1 1 1 1
 0.747944 1 1 1 1
 0.747944 1 1 1 1
 0.747944 1 1 1 1
 0.747944 1 1 1 1
Sel_reclas
 1 1 1 1 1
 1 1 1 1 1
 1 1 1 1 1
 1 1 1 1 1
 1 1 1 1 1
 1 1 1 1 1
 1 1 1 1 1
 1 1 1 1 1
 1 1 1 1 1
 1 1 1 1 1
 1 1 1 1 1
 1 1 1 1 1
 1 1 1 1 1
 1 1 1 1 1
 1 1 1 1 1
 1 1 1 1 1
 1 1 1 1 1
 1 1 1 1 1
 1 1 1 1 1
 1 1 1 1 1
 1 1 1 1 1
 1 1 1 1 1
 1 1 1 1 1
 1 1 1 1 1
 1 1 1 1 1
 1 1 1 1 1
 1 1 1 1 1
 1 1 1 1 1
 1 1 1 1 1
Sel_pelaces
 0.735991 0.933465 0.986035 0.997194 0.999441
 0.735991 0.933465 0.986035 0.997194 0.999441
 0.735991 0.933465 0.986035 0.997194 0.999441
 0.735991 0.933465 0.986035 0.997194 0.999441
 0.735991 0.933465 0.986035 0.997194 0.999441
 0.735991 0.933465 0.986035 0.997194 0.999441
 0.735991 0.933465 0.986035 0.997194 0.999441
 0.735991 0.933465 0.986035 0.997194 0.999441
 0.735991 0.933465 0.986035 0.997194 0.999441
 0.735991 0.933465 0.986035 0.997194 0.999441
 0.735991 0.933465 0.986035 0.997194 0.999441
 0.735991 0.933465 0.986035 0.997194 0.999441
 0.735991 0.933465 0.986035 0.997194 0.999441
 0.735991 0.933465 0.986035 0.997194 0.999441
 0.735991 0.933465 0.986035 0.997194 0.999441
 0.735991 0.933465 0.986035 0.997194 0.999441
 0.735991 0.933465 0.986035 0.997194 0.999441
 0.735991 0.933465 0.986035 0.997194 0.999441
 0.735991 0.933465 0.986035 0.997194 0.999441
 0.735991 0.933465 0.986035 0.997194 0.999441
 0.735991 0.933465 0.986035 0.997194 0.999441
 0.735991 0.933465 0.986035 0.997194 0.999441
 0.735991 0.933465 0.986035 0.997194 0.999441
 0.735991 0.933465 0.986035 0.997194 0.999441
 0.735991 0.933465 0.986035 0.997194 0.999441
 0.735991 0.933465 0.986035 0.997194 0.999441
 0.735991 0.933465 0.986035 0.997194 0.999441
 0.735991 0.933465 0.986035 0.997194 0.999441
 0.735991 0.933465 0.986035 0.997194 0.999441
pf_obs 
 0.8446 0.082 0.0669 0.0065 0
 0.8095 0.147 0.0364 0.0071 0
 0.9664 0.0169 0.016 0.0007 0
 0.9276 0.0648 0.0075 0.0001 0
 0.7033 0.2144 0.0806 0.0017 0
 0.9318 0.0425 0.0243 0.0014 0
 0.5671 0.3108 0.0964 0.0239 0.0018
 0.0768 0.2599 0.5324 0.112 0.0189
 0.490249 0.384438 0.106611 0.0170017 0.00170017
 0.7925 0.1577 0.0466 0.003 0.0002
 0.840416 0.127587 0.0312969 0.00059994 9.999e-05
 0.8084 0.0986 0.0794 0.0134 0.0002
 0.7335 0.1905 0.0724 0.0035 0.0001
 0.4001 0.4547 0.1325 0.0127 0
 0.49795 0.308269 0.164784 0.0264974 0.00249975
 0.9179 0.0499 0.0305 0.0017 0
 0.2467 0.6533 0.0926 0.0074 0
 0.9418 0.0223 0.034 0.0019 0
 0.707729 0.231977 0.0356964 0.0245975 0
 0.517169 0.277429 0.184464 0.0207286 0.00020938
 0.811772 0.124168 0.05621 0.00726502 0.000585176
 0.764997 0.148141 0.077277 0.00933861 0.000247198
 0.163321 0.427699 0.378323 0.0303852 0.000271297
 0.753843 0.0900009 0.118128 0.0371064 0.000921714
 0.721811 0.176058 0.0630433 0.0369309 0.00215725
 0.143369 0.312575 0.442814 0.0836902 0.0175525
 0.692698 0.0596174 0.167031 0.0765114 0.00414204
 0.394062 0.376323 0.152708 0.0712218 0.00568511
 0.125707 0.32114 0.495352 0.0537591 0.00404204
pf_pred 
 0.549784 0.145433 0.283584 0.0211989 8.6419e-07
 0.487085 0.323038 0.0613358 0.119601 0.00894096
 0.629622 0.21429 0.0983059 0.0186655 0.0391175
 0.772 0.162007 0.0381813 0.0175158 0.0102956
 0.698522 0.251743 0.0353396 0.00832873 0.00606666
 0.783425 0.165108 0.0429762 0.00603299 0.0024575
 0.48575 0.430437 0.0638956 0.0166315 0.00328575
 0.498507 0.299304 0.169237 0.0251221 0.00783093
 0.579274 0.242869 0.106149 0.0600205 0.0116869
 0.784016 0.145891 0.040462 0.0176845 0.0119464
 0.91503 0.0728679 0.0081748 0.00226723 0.00166032
 0.795295 0.191787 0.0110783 0.00124284 0.000597116
 0.581863 0.3565 0.0577472 0.00333568 0.000554011
 0.710368 0.1968 0.0791479 0.0128207 0.000863565
 0.92712 0.0604529 0.00844417 0.00339603 0.000587156
 0.960357 0.0377839 0.00154184 0.000215367 0.000101591
 0.393767 0.58982 0.0156437 0.000638369 0.00013123
 0.898339 0.0489783 0.0512561 0.00135946 6.68792e-05
 0.618739 0.353576 0.0133379 0.0139582 0.000388423
 0.82163 0.127328 0.0473355 0.00178563 0.00192067
 0.699961 0.261267 0.0276776 0.0102894 0.000805646
 0.768429 0.178225 0.046452 0.00492094 0.00197265
 0.282169 0.595564 0.0941007 0.024526 0.00363973
 0.789779 0.0754441 0.111821 0.0176679 0.00528829
 0.692386 0.258859 0.0174969 0.0259333 0.00532399
 0.443928 0.422917 0.112051 0.00757381 0.0135302
 0.749226 0.132149 0.0902192 0.0239034 0.00450203
 0.72027 0.226139 0.0282402 0.0192798 0.00607023
 0.427156 0.448388 0.100613 0.0125645 0.0112786
pobs_RECLAS
 0 0 0 0 0
 0 0 0 0 0
 0 0 0 0 0
 0 0 0 0 0
 0 0 0 0 0
 0 0 0 0 0
 0 0 0 0 0
 0 0 0 0 0
 0 0 0 0 0
 0 0 0 0 0
 0.991045 0.00858322 0.000360255 1.14367e-05 0
 0.934742 0.0480273 0.0164251 0.00080598 0
 0.827803 0.169806 0.00239088 0 0
 0.941827 0.0461693 0.0120037 0 0
 0.791401 0.0380133 0.147996 0.0225897 0
 0.846168 0.0940531 0.0597789 0 0
 0.134021 0.677848 0.182769 0.00536245 0
 0.80878 0.0450904 0.141981 0.00414843 0
 0.846168 0.0940531 0.0597789 0 0
 0.905697 0.0802665 0.012482 0.00150086 5.37128e-05
 0.989698 0.0102097 9.19794e-05 0 0
 0.975433 0.0193895 0.00387452 0.00125025 5.28907e-05
 0.303575 0.632131 0.0575291 0.00676475 0
 0.966965 0.00978017 0.0227588 0.000495775 0
 0.843318 0.132988 0.00938335 0.0141283 0.000182051
 0.564624 0.303363 0.111486 0.0197234 0.00080311
 0.826376 0.0876187 0.0782897 0.00655872 0.00115652
 0.89761 0.0855135 0.0140674 0.00269457 0.000114338
 0.34875 0.467042 0.161289 0.0227151 0.000203297
ppred_RECLAS
 0.621782 0.122175 0.238233 0.0178088 7.25989e-07
 0.563031 0.275206 0.0522539 0.101892 0.00761709
 0.697515 0.175008 0.0802855 0.015244 0.0319469
 0.822441 0.126166 0.0297344 0.0136407 0.00801785
 0.757022 0.202894 0.0284822 0.00671258 0.00488946
 0.830177 0.129466 0.033699 0.00473065 0.001927
 0.566932 0.362487 0.0538088 0.014006 0.00276705
 0.571692 0.255625 0.144539 0.0214559 0.00668813
 0.653864 0.199812 0.0873303 0.0493796 0.00961497
 0.836598 0.110374 0.0306114 0.0133791 0.00903804
 0.935355 0.0554372 0.00621932 0.00172489 0.00126316
 0.841498 0.1485 0.00857786 0.000962322 0.000462344
 0.656736 0.292664 0.0474067 0.00273838 0.000454807
 0.786815 0.144856 0.0582573 0.00943673 0.000635632
 0.946618 0.0442797 0.00618506 0.00248748 0.000430071
 0.970652 0.0279716 0.00114143 0.000159437 7.52079e-05
 0.467893 0.5177 0.0137309 0.000560313 0.000115184
 0.923012 0.0370914 0.0388164 0.00102952 5.06477e-05
 0.691049 0.286517 0.0108082 0.0113109 0.000314755
 0.862399 0.0982258 0.0365164 0.0013775 0.00148168
 0.759535 0.209391 0.022182 0.0082464 0.000645681
 0.818798 0.13946 0.0363483 0.0038506 0.00154358
 0.347072 0.541716 0.0855926 0.0223085 0.00331065
 0.835315 0.059102 0.0875989 0.0138409 0.00414278
 0.752346 0.208403 0.0140864 0.0208784 0.00428624
 0.518091 0.366513 0.0971069 0.00656369 0.0117257
 0.801317 0.104699 0.0714788 0.0189382 0.00356686
 0.776253 0.180882 0.0225885 0.0154213 0.00485538
 0.501039 0.390556 0.0876362 0.010944 0.00982395
pobs_PELACES
 0 0 0 0 0
 0 0 0 0 0
 0 0 0 0 0
 0 0 0 0 0
 0 0 0 0 0
 0 0 0 0 0
 0 0 0 0 0
 0 0 0 0 0
 0 0 0 0 0
 0 0 0 0 0
 0 0 0 0 0
 0 0 0 0 0
 0 0 0 0 0
 0 0 0 0 0
 0 0 0 0 0
 0 0 0 0 0
 0.505614 0.472636 0.0217494 0 0
 0 0 0 0 0
 0.443492 0.261883 0.143347 0.151278 0
 0.227955 0.32914 0.350689 0.0885471 0.00366901
 0.970185 0.0296113 0.000203453 0 0
 0.997202 0.00247181 0.000326279 0 0
 0.445219 0.490057 0.0546422 0.010081 0
 0.90214 0.0892962 0.00764917 0.000914606 0
 0 0 0 0 0
 0.581667 0.319106 0.0959925 0.00289975 0.000334073
 0.762889 0.0836404 0.116647 0.0363945 0.000428098
 0.88444 0.0763242 0.0277011 0.0115352 0
 0.521256 0.241999 0.230069 0.00667565 0
ppred_PELACES
 0.560722 0.136614 0.28139 0.021273 8.69163e-07
 0.508511 0.302322 0.0606353 0.119573 0.00895901
 0.648762 0.198094 0.095994 0.0184329 0.0387169
 0.791854 0.145304 0.0361732 0.0167823 0.00988669
 0.712627 0.23761 0.0352341 0.00839784 0.00613079
 0.797053 0.152601 0.0419577 0.00595666 0.00243188
 0.525769 0.393144 0.0616463 0.0162276 0.00321318
 0.510712 0.285306 0.170407 0.0255821 0.00799229
 0.607497 0.220855 0.101964 0.0583062 0.0113787
 0.814964 0.12253 0.0358968 0.0158667 0.0107427
 0.920028 0.0679952 0.00805775 0.00226006 0.0016588
 0.815267 0.172443 0.0105219 0.00119377 0.000574836
 0.615488 0.325096 0.0556259 0.00324951 0.000540915
 0.774158 0.15065 0.0639997 0.0104842 0.000707781
 0.938058 0.0508568 0.00750383 0.00305201 0.000528865
 0.964875 0.0333862 0.00143911 0.000203292 9.6111e-05
 0.417981 0.56539 0.0158402 0.000653705 0.000134686
 0.905434 0.0442612 0.0489282 0.0013124 6.47097e-05
 0.65358 0.319813 0.0127437 0.0134872 0.000376164
 0.836066 0.115136 0.0452135 0.00172488 0.00185951
 0.719462 0.242413 0.0271265 0.0101987 0.000800341
 0.786982 0.161786 0.0445421 0.00477202 0.00191726
 0.300374 0.574671 0.0959131 0.0252813 0.00376027
 0.798907 0.0695616 0.108908 0.0174025 0.00522058
 0.70945 0.242035 0.0172811 0.0259033 0.0053298
 0.46115 0.404161 0.113112 0.00773206 0.013844
 0.761163 0.122426 0.0882884 0.0236566 0.00446558
 0.734843 0.211833 0.0279434 0.019293 0.00608809
 0.444534 0.429299 0.101754 0.0128509 0.0115617
pobs_pel_tallas
 0 0 0 0 0 0 0 0 0 0 0 0 0 0 0 0 0 0 0 0 0 0 0 0 0 0
 0 0 0 0 0 0 0 0 0 0 0 0 0 0 0 0 0 0 0 0 0 0 0 0 0 0
 0 0 0 0 0 0 0 0 0 0 0 0 0 0 0 0 0 0 0 0 0 0 0 0 0 0
 0 0 0 0 0 0 0 0 0 0 0 0 0 0 0 0 0 0 0 0 0 0 0 0 0 0
 0 0 0 0 0 0 0 0 0 0 0 0 0 0 0 0 0 0 0 0 0 0 0 0 0 0
 0 0 0 0 0 0 0 0 0 0 0 0 0 0 0 0 0 0 0 0 0 0 0 0 0 0
 0 0 0 0 0 0 0 0 0 0 0 0 0 0 0 0 0 0 0 0 0 0 0 0 0 0
 0 0 0 0 0 0 0 0 0 0 0 0 0 0 0 0 0 0 0 0 0 0 0 0 0 0
 0 0 0 0 0 0 0 0 0 0 0 0 0 0 0 0 0 0 0 0 0 0 0 0 0 0
 0 0 0 0 0 0 0 0 0 0 0 0 0 0 0 0 0 0 0 0 0 0 0 0 0 0
 0 0 0 0 0 0 0 0 0 0 0 0 0 0 0 0 0 0 0 0 0 0 0 0 0 0
 0 0 0 0 0 0 0 0 0 0 0 0 0 0 0 0 0 0 0 0 0 0 0 0 0 0
 0.00862536 0 0 0.000197151 0.00414017 0.0128641 0.00837892 0.0270097 0.101434 0.158115 0.152841 0.127902 0.109271 0.109419 0.0830992 0.0579132 0.0238553 0.00714673 0.00463305 0.00128148 0.00103504 0.000492878 0.000147863 0.000147863 4.92878e-05 0
 0 0 0 0 0 0 0 0 0 0 0 0 0 0 0 0 0 0 0 0 0 0 0 0 0 0
 0 0 0 0 0 0 0 0.0054083 0.00873648 0.0413646 0.0450493 0.0745869 0.0622846 0.0627006 0.0613931 0.0827291 0.12552 0.122667 0.0946155 0.0697135 0.0546179 0.0294188 0.0215738 0.0213955 0.0102223 0.00600262
 0 0 0 0 0.00359764 0.0251062 0.0480494 0.140153 0.205849 0.193036 0.1447 0.116669 0.0760912 0.0342217 0.00950174 0.001854 0.000860785 0 0 0 0.000165536 0 0.000143464 0 0 0
 0 0 0 0 0 0 0 0.000145254 0.000435761 0.0275982 0.070085 0.0708112 0.156366 0.174668 0.174014 0.160142 0.0824315 0.0480064 0.0283245 0.00493863 0.00203355 0 0 0 0 0
 0 0 0 0 0 0 0 0 0 0 0 0 0 0 0 0 0 0 0 0 0 0 0 0 0 0
 0 0 1.00437e-05 0.000401748 0.00122533 0.00171747 0.00176769 0.0269171 0.070346 0.194647 0.189555 0.159765 0.064822 0.0314167 0.0384472 0.0292271 0.0345202 0.0313363 0.0194345 0.0106764 0.0143323 0.0359363 0.0279516 0.0138201 0.00172751 0
 0 0.0021121 0.0136068 0.0755702 0.200478 0.177729 0.0527432 0.0373336 0.0318909 0.0142505 0.0149659 0.0166563 0.0217959 0.0798694 0.0677717 0.0528807 0.04013 0.0224614 0.0357745 0.0225083 0.00881397 0.00855152 0.00135912 0.000746735 0 0
 0 0 0 0 5.4009e-05 0.00500934 0.000945158 0.0243581 0.138947 0.33067 0.221406 0.137944 0.0707744 0.0437923 0.0131692 0.00525238 0.0047753 0.00276346 9.45158e-05 9.00151e-06 2.25038e-05 9.00151e-06 4.50075e-06 0 0 0
 0.000866109 0.00284123 0.00948549 0.0512746 0.133035 0.25785 0.225252 0.132002 0.0553304 0.0519788 0.0540692 0.017754 0.00435017 0.00159236 0.00146478 0.000404838 0.000125132 0.000115318 0.000107957 0.000100596 0 0 0 0 0 0
 0 0 0 0 0.00144013 0.00171154 0.00461396 0.0210425 0.0478622 0.0707936 0.0888783 0.103762 0.0637923 0.0337046 0.0602308 0.124433 0.169614 0.0934646 0.0462172 0.0250306 0.0313229 0.00938855 0.002487 0.000210481 0 0
 0 0.00764035 0.051015 0.0998891 0.058973 0.0496711 0.0374665 0.0718981 0.12319 0.153886 0.159021 0.0857701 0.0377988 0.023471 0.0147837 0.00900784 0.00315554 0.000888139 0.00291439 0.00214683 0.00393193 0.00274676 0.000635225 9.99891e-05 0 0
 0 0 0 0 0 0 0 0 0 0 0 0 0 0 0 0 0 0 0 0 0 0 0 0 0 0
 0 0 0 0 0 0 0 0 0 0 0 0 0 0 0 0 0 0 0 0 0 0 0 0 0 0
 0 0 0 0 0 0 0 0 0 0 0 0 0 0 0 0 0 0 0 0 0 0 0 0 0 0
 0 0 0 0 0 0 0 0 0 0 0 0 0 0 0 0 0 0 0 0 0 0 0 0 0 0
 0 0 0 0 0 0 0 0 0 0 0 0 0 0 0 0 0 0 0 0 0 0 0 0 0 0
ppred_pel_tallas
 1.10289e-16 4.6186e-05 0.000448944 0.00298339 0.0135621 0.0421967 0.0899051 0.131222 0.131236 0.0899716 0.0424213 0.014216 0.00464449 0.00414017 0.0072467 0.0124022 0.0190114 0.0262967 0.033407 0.0398091 0.0453492 0.0498641 0.05276 0.0530719 0.0500433 0.043745
 1.15335e-16 4.18854e-05 0.000407141 0.0027056 0.0122993 0.0382678 0.0815346 0.119008 0.119037 0.0816773 0.0387473 0.0136853 0.00618856 0.00802401 0.0145495 0.024103 0.0350077 0.0446809 0.0505677 0.0516209 0.0489624 0.0450801 0.0421844 0.0409974 0.0407207 0.0399008
 1.11222e-16 5.34377e-05 0.000519434 0.00345182 0.0156915 0.0488221 0.104021 0.151826 0.151846 0.104115 0.0491378 0.0166048 0.00575026 0.00555631 0.00967682 0.0160652 0.0234982 0.0303202 0.0348815 0.036448 0.035606 0.0337591 0.0321359 0.0311101 0.0302495 0.0288533
 1.04438e-16 6.5224e-05 0.000634001 0.00421316 0.0191524 0.0595903 0.126964 0.185311 0.185325 0.127033 0.0598207 0.0198183 0.00588618 0.00429142 0.00702689 0.0115553 0.0167397 0.0212677 0.0238525 0.0239178 0.0219334 0.0190673 0.016439 0.0145619 0.0133042 0.0122306
 1.02958e-16 5.86982e-05 0.000570567 0.00379162 0.0172362 0.0536282 0.114261 0.166773 0.166796 0.114373 0.0540041 0.0183217 0.00651662 0.0065199 0.0113595 0.0186917 0.026933 0.0338964 0.0373933 0.0364165 0.0317343 0.0253574 0.0193233 0.0147471 0.0116849 0.00961181
 1.02259e-16 6.56522e-05 0.000638163 0.00424082 0.0192781 0.0599815 0.127798 0.186527 0.186542 0.12787 0.0602235 0.0199775 0.00599776 0.00447866 0.00737429 0.0121259 0.0175512 0.0222575 0.0248643 0.0247239 0.0222814 0.0187282 0.0152439 0.0124333 0.0102868 0.00851098
 1.04051e-16 4.3307e-05 0.000420959 0.00279742 0.0127167 0.0395666 0.0843022 0.12305 0.123087 0.0844874 0.0401885 0.0145131 0.00730717 0.0102675 0.0187486 0.0309397 0.044596 0.056144 0.0619634 0.0603773 0.0526356 0.0420355 0.0319208 0.0241251 0.0187597 0.0150063
 1.08909e-16 4.20668e-05 0.000408904 0.00271731 0.0123525 0.0384334 0.0818875 0.119523 0.119551 0.082023 0.0388889 0.0136708 0.00603642 0.00768774 0.0139633 0.0232717 0.0341124 0.044135 0.0509311 0.0533349 0.051995 0.0486833 0.0449613 0.0413317 0.0374037 0.0326543
 1.10772e-16 5.00387e-05 0.000486394 0.00323226 0.0146934 0.0457168 0.0974052 0.14217 0.142192 0.0975099 0.0460687 0.0157117 0.00579477 0.00610217 0.0107803 0.017915 0.0262127 0.0338419 0.0389739 0.0407972 0.0399603 0.0379977 0.0362171 0.0349547 0.0336627 0.0315533
 1.04477e-16 6.71275e-05 0.000652503 0.00433611 0.0197114 0.0613294 0.130669 0.190718 0.19073 0.130727 0.0615239 0.0202736 0.00574914 0.0037431 0.00595453 0.00978531 0.0142035 0.0181073 0.0204259 0.0206829 0.0192705 0.0171511 0.0152288 0.0138878 0.0129745 0.0120976
 1.00758e-16 7.57815e-05 0.000736623 0.00489512 0.0222525 0.0692359 0.147515 0.215303 0.21531 0.147547 0.0693433 0.0225629 0.00567418 0.00243698 0.00330411 0.00534 0.0076796 0.00964604 0.010606 0.0102706 0.0088637 0.00697083 0.0051888 0.00384959 0.00297629 0.00241703
 1.00565e-16 6.71525e-05 0.000652746 0.00433773 0.0197187 0.0613522 0.130718 0.19079 0.190807 0.130799 0.0616245 0.0205046 0.00630934 0.00495299 0.00822288 0.0134583 0.019311 0.0241367 0.0263078 0.0250729 0.0210074 0.0156385 0.0105572 0.00669962 0.004208 0.00274522
 1.02106e-16 5.0697e-05 0.000492793 0.00327478 0.0148867 0.0463182 0.0986871 0.144043 0.144075 0.0988402 0.0468326 0.0163724 0.00700455 0.0086365 0.0155215 0.0255908 0.0368827 0.046423 0.0512015 0.0498054 0.0432356 0.0341904 0.0254304 0.0185071 0.0135908 0.0101066
 1.03057e-16 6.37664e-05 0.000619832 0.00411901 0.0187244 0.0582587 0.124127 0.18117 0.181184 0.124198 0.0584983 0.0194174 0.00586186 0.00443529 0.0073416 0.0121186 0.0176427 0.0225849 0.0256214 0.0261203 0.0244713 0.0217341 0.0189127 0.0164516 0.0142586 0.0120647
 1.00626e-16 7.72666e-05 0.000751059 0.00499105 0.0226886 0.0705927 0.150405 0.219522 0.219527 0.150429 0.0706731 0.022921 0.00557436 0.00202461 0.00249654 0.00400654 0.00576788 0.00726156 0.00801617 0.00781683 0.00682815 0.0054793 0.00420351 0.00323512 0.00258185 0.00212897
 1.00087e-16 7.94755e-05 0.00077253 0.00513373 0.0233372 0.0726108 0.154705 0.225797 0.2258 0.154721 0.0726634 0.0234893 0.00551524 0.00160447 0.00165687 0.0026065 0.00373088 0.00465741 0.00506598 0.00481079 0.00400455 0.00294593 0.00194697 0.00119259 0.000712236 0.000439906
 1.00691e-16 3.44286e-05 0.000334659 0.00222393 0.0101097 0.0314553 0.0670208 0.0978302 0.0978846 0.0672865 0.0323471 0.0126843 0.00868122 0.0144136 0.0267218 0.0439877 0.0630463 0.0786147 0.0853314 0.0807213 0.0667048 0.0483802 0.0310949 0.0180506 0.00979893 0.00524102
 1.01566e-16 7.45794e-05 0.000724938 0.00481747 0.0218995 0.0681375 0.145174 0.211887 0.211891 0.145196 0.0682089 0.0221065 0.00534008 0.00187615 0.00229115 0.00374808 0.00557353 0.00738435 0.00882888 0.00971945 0.0100965 0.0101194 0.00988881 0.00936952 0.00846929 0.00717682
 1.01866e-16 5.38346e-05 0.000523291 0.00347746 0.015808 0.0491848 0.104795 0.152957 0.152988 0.104945 0.0496895 0.0172651 0.00713261 0.0084947 0.0151702 0.0249348 0.0357767 0.0447046 0.048714 0.0464335 0.0389629 0.0291683 0.020016 0.0132217 0.00898661 0.00659645
 1.01822e-16 6.88657e-05 0.000669399 0.00444839 0.0202217 0.0629174 0.134053 0.195656 0.195667 0.134107 0.0631004 0.0207508 0.00577856 0.00358007 0.00561688 0.00922898 0.0134085 0.01711 0.0193056 0.0195018 0.017998 0.0156248 0.0131897 0.011085 0.00928867 0.00762327
 1.02004e-16 5.92612e-05 0.00057604 0.00382799 0.0174015 0.0541426 0.115357 0.168372 0.168396 0.115472 0.0545257 0.0185079 0.00660478 0.00663615 0.0115637 0.0190108 0.027351 0.0343343 0.0377087 0.0364371 0.0313131 0.0244224 0.0178982 0.0129373 0.00964319 0.00750094
 1.0213e-16 6.48227e-05 0.0006301 0.00418724 0.0190346 0.0592237 0.126183 0.184171 0.184187 0.126259 0.0594803 0.019776 0.00604977 0.00470126 0.00781197 0.0128518 0.0185988 0.0235777 0.0263214 0.0261383 0.0234961 0.0196563 0.015873 0.0127975 0.0104357 0.00849355
 1.06087e-16 2.47415e-05 0.000240497 0.00159819 0.00726516 0.0226049 0.0481642 0.0703086 0.0703641 0.048435 0.0235142 0.00989171 0.0081924 0.0146397 0.027383 0.0452609 0.0652687 0.0822252 0.0908506 0.0886955 0.0775736 0.0622735 0.0476408 0.0363162 0.0284414 0.0228272
 1.0579e-16 6.58049e-05 0.000639647 0.00425068 0.019323 0.060121 0.128094 0.186959 0.186966 0.128128 0.0602343 0.0196523 0.00508514 0.00248683 0.00364893 0.00612427 0.0092737 0.0126196 0.0156965 0.0182561 0.0203247 0.022002 0.0231956 0.0235628 0.0227254 0.0205642
 1.04061e-16 5.84365e-05 0.000568024 0.00377472 0.0171593 0.0533892 0.113752 0.16603 0.166053 0.113866 0.0537716 0.0182635 0.00654541 0.00661393 0.0115337 0.0189583 0.0272691 0.0342282 0.0376097 0.0364207 0.0315139 0.0250304 0.0191244 0.0149476 0.0124812 0.0110377
 1.06486e-16 3.79844e-05 0.000369222 0.00245361 0.0111538 0.0347038 0.0739416 0.107928 0.107967 0.0741324 0.0353447 0.0130061 0.0071072 0.0105417 0.0193973 0.0321112 0.0464946 0.0589681 0.0658845 0.0655285 0.0590796 0.0496962 0.0405097 0.0331314 0.0275442 0.0229676
 1.05708e-16 6.2696e-05 0.000609428 0.00404986 0.0184101 0.0572807 0.122043 0.178128 0.17814 0.122101 0.0574767 0.0189779 0.00548075 0.00375208 0.00608713 0.0101109 0.0149035 0.0194658 0.0228094 0.0244642 0.0246962 0.0241922 0.0234897 0.0226427 0.0213413 0.0192851
 1.03826e-16 6.05281e-05 0.000588355 0.00390982 0.0177735 0.0553001 0.117823 0.171971 0.171991 0.117923 0.0556351 0.0187412 0.00633909 0.00589218 0.0101358 0.0166679 0.0240243 0.0302588 0.0334377 0.0326892 0.0287273 0.0233638 0.0184081 0.0148074 0.0125279 0.0110029
 1.06292e-16 3.66158e-05 0.000355919 0.00236521 0.0107519 0.0334534 0.0712775 0.10404 0.104082 0.0714801 0.0341336 0.0127174 0.00730194 0.0111431 0.0205534 0.0339991 0.0491552 0.0621926 0.0692134 0.0683973 0.0610401 0.0505835 0.0404636 0.0324834 0.0266586 0.022121
pSPR Fmed_Fpbrs
0.551444   0.222674 0.222674
Fs Fmed_Fpbrs
0.34   1.005 1.005
SSBpbr Bo_Bmed_Bpbrs
1.02512e+06  514038  177010 177010
Ro
118694
SPR SPRFo_SPRFmed_SPRFpbrs
843560 465176 187839
Fref
1.005
Nvult_r0
 63772.4 53927.2 12100.6 1511.12 1356.47
CTP_r0
 27366 27030.8 6065.4 757.446 679.926
YTP_r0
872730
Np
 183572 31846.3 3095.69 2328.85 592.934
Nvult_p0
 151726 27557.9 2678.83 2015.24 513.09
CTP_p0
 65108.5 9971.41 7501.36 1683.21 268.532
 65108.5 13813.3 1342.75 1010.13 257.185
YTP_p0
 907661 804984
CBA_c0
883209
log_Ro
11.5043
likeval ReclasPelacesDesembMPH_pf_preclas_ppelaces_ptallas_desvR_qrecl_qpela
 26.2402 27.9166 0.0234246 35.7437 206.834 105.036 91.493 0 23.9491 1.78939e-05 5.15676e-05 0.0929411 0 0 0
q_reclas_q_pelaces
1.81889 2.7609
M
1
N
 158760 32282.7 62949.2 4705.68 0.19183
 91505.6 47656.2 9048.58 17644.1 1319.02
 86492.8 23103.2 10598.7 2012.39 4217.38
 130906 21944.8 5171.87 2372.61 1394.59
 103067 28443.3 3992.86 941.023 685.443
 194553 31874.9 8296.75 1164.69 474.431
 73867.1 53406.2 7927.8 2063.54 407.677
 28643.6 13102.9 7408.8 1099.79 342.821
 27336.8 9204.42 4022.92 2274.69 442.918
 36454.9 5656.02 1568.66 685.604 463.148
 84259.5 5124.07 574.853 159.432 116.754
 138405 26608.8 1537.02 172.433 82.8447
 62020.7 30625 4960.76 286.551 47.5922
 51143.5 12410.1 4991.04 808.467 54.4561
 68148.6 3654.13 510.415 205.276 35.4911
 356094 11149.4 454.971 63.5512 29.9777
 68438.2 80060.7 2123.43 86.6507 17.8129
 422589 18090.3 18931.6 502.118 24.702
 231008 106819 4029.5 4216.9 117.346
 363215 44479 16535.5 623.766 670.941
 298057 86912.6 9207.18 3422.86 268.005
 428023 78586.5 20482.5 2169.84 869.819
 61353.8 100844 15933.6 4152.88 616.299
 224218 16606.4 24613.4 3888.98 1164.03
 217139 62885.1 4250.55 6300.02 1293.36
 83680.5 61341.7 16252.4 1098.54 1962.48
 182332 24925.7 17016.9 4508.61 849.163
 211930 51283.2 6404.24 4372.22 1376.59
 77157.9 62319.1 13983.7 1746.28 1567.56
pred_Ctot
 18777.7 4967.21 9685.74 724.044 0.0295162
 18706.8 12406.5 2355.64 4593.35 343.384
 17485.3 5951.07 2730.07 518.364 1086.34
 35343.1 7416.87 1747.98 801.892 471.343
 10528.7 3794.47 532.667 125.537 91.4414
 31965.7 6736.82 1753.54 246.161 100.272
 25629 22710.6 3371.24 877.505 173.362
 2315.85 1390.44 786.201 116.706 36.3791
 7919.71 3320.46 1451.25 820.588 159.781
 15363 2858.78 792.865 346.532 234.094
 7635.35 608.036 68.2136 18.9186 13.8544
 36325 8759.86 506 56.7665 27.2733
 18776.6 11504.2 1863.49 107.641 17.8778
 29492.6 8170.61 3286.02 532.281 35.853
 25513.3 1663.6 232.374 93.455 16.1579
 91074.9 3583.22 146.22 20.4242 9.6343
 12508.2 18735.9 496.928 20.2781 4.16858
 86163.6 4697.72 4916.2 130.391 6.41467
 73305.4 41890.1 1580.21 1653.7 46.0186
 83096.4 12877.5 4787.33 180.592 194.249
 54836.6 20468.3 2168.33 806.098 63.1163
 100852 23391 6096.54 645.844 258.898
 10507.3 22177.3 3504.07 913.287 135.534
 34429.8 3288.93 4874.73 770.22 230.539
 32547.3 12168.3 822.487 1219.06 250.267
 10241.5 9756.78 2585.04 174.729 312.144
 27736.1 4892.11 3339.88 884.895 166.663
 27378.8 8595.97 1073.46 732.861 230.741
 9432.33 9901.17 2221.7 277.446 249.051
F
 0.203384 0.271924 0.271924 0.271924 0.271924
 0.376429 0.503284 0.503284 0.503284 0.503284
 0.371532 0.496738 0.496738 0.496738 0.496738
 0.526568 0.704021 0.704021 0.704021 0.704021
 0.173559 0.232048 0.232048 0.232048 0.232048
 0.292777 0.391442 0.391442 0.391442 0.391442
 0.729438 0.975258 0.975258 0.975258 0.975258
 0.135245 0.180823 0.180823 0.180823 0.180823
 0.575515 0.769462 0.769462 0.769462 0.769462
 0.962126 1.28636 1.28636 1.28636 1.28636
 0.15266 0.204106 0.204106 0.204106 0.204106
 0.508365 0.679683 0.679683 0.679683 0.679683
 0.608956 0.814174 0.814174 0.814174 0.814174
 1.63878 2.19104 2.19104 2.19104 2.19104
 0.810306 1.08338 1.08338 1.08338 1.08338
 0.492408 0.658349 0.658349 0.658349 0.658349
 0.330557 0.441954 0.441954 0.441954 0.441954
 0.375266 0.501731 0.501731 0.501731 0.501731
 0.647437 0.865623 0.865623 0.865623 0.865623
 0.430092 0.575033 0.575033 0.575033 0.575033
 0.333083 0.445332 0.445332 0.445332 0.445332
 0.445601 0.595768 0.595768 0.595768 0.595768
 0.30687 0.410284 0.410284 0.410284 0.410284
 0.271309 0.362739 0.362739 0.362739 0.362739
 0.264077 0.35307 0.35307 0.35307 0.35307
 0.211107 0.282249 0.282249 0.282249 0.282249
 0.268467 0.358939 0.358939 0.358939 0.358939
 0.22399 0.299474 0.299474 0.299474 0.299474
 0.210841 0.281895 0.281895 0.281895 0.281895
YTP_r0W_actual
 142303 554132 131619 21965.9 22709.5
YTP_p0W_proyectada
 490918 174001 180558 52718.3 9465.76
 490918 241042 32320.1 31637.4 9065.75
CTP_r0_actual
 27366 27030.8 6065.4 757.446 679.926
CTP_p0_proyectada
 65108.5 9971.41 7501.36 1683.21 268.532
 65108.5 13813.3 1342.75 1010.13 257.185
Wmedp
 7.54 17.45 24.07 31.32 35.25
Frms_r0
 0.751684 1.005 1.005 1.005 1.005
Zrms_r0
 1.75168 2.005 2.005 2.005 2.005
nmprior
 7.29 8.9 8.7 0
nm_flota  nm_reclas  nm_pelaces    nm_pelaL
inf 14.2279 10.9099 13.8549
cv_recla  cv_pelaces  cv_mph
0.242982 0.539257 0.517762
 ------------------------------------------------
Talla a la edad & desviaci?n 
 8 13.2811 15.8009 17.003 17.5766
 0.8 1.32811 1.58009 1.7003 1.75766
