    unsorted:	 2.386804374e-06 3.372456704e-06 5.750436623e-05 8.907720208e-05 5.377598655 1.442435608 7.462601628 12.28766499 31.84554311 54.59852672 87.86154905 142.5749639 198.8672517 219.5311583 259.7403479 436.4092036 2286.064965 2275.046982 2309.551533 2340.685475 2377.293696 2205.816928 2181.238972 2506.335439 2517.005493 2069.215671 2616.663636 2651.466108 1734.700479 1594.583554 1663.618242 1385.923044 1219.123395 773.1791285 1009.267300 2885.919670 3153.296961 3375.054721 3517.755065 3767.139841 4120.050950 4088.068931 4306.440258 4656.613459 4759.211313 4892.404435 10667.77267 24959.31030 42599.72891 153347.1635 383935.7012 385412.0602 372980.5606 366859.0441 363013.7552 342752.7058 310554.4070 436444.2597 429084.4525 447558.2692 576209.3510 599208.8834 626289.2799 658962.2038 702359.9678 736154.2223 1018997.898 1065358.137 1200221.952 1384625.270 1538821.774 1803650.159 1932662.932 2006650.083 2210086.377 2325633.543 2555950.174 2776634.223 2989124.873 3489391.256 11695903.04 61511100.54
      sorted:	 2.386804374e-06 3.372456704e-06 5.750436623e-05 8.907720208e-05 1.442435608 5.377598655 7.462601628 12.28766499 31.84554311 54.59852672 87.86154905 142.5749639 198.8672517 219.5311583 259.7403479 436.4092036 773.1791285 1009.267300 1219.123395 1385.923044 1594.583554 1663.618242 1734.700479 2069.215671 2181.238972 2205.816928 2275.046982 2286.064965 2309.551533 2340.685475 2377.293696 2506.335439 2517.005493 2616.663636 2651.466108 2885.919670 3153.296961 3375.054721 3517.755065 3767.139841 4088.068931 4120.050950 4306.440258 4656.613459 4759.211313 4892.404435 10667.77267 24959.31030 42599.72891 153347.1635 310554.4070 342752.7058 363013.7552 366859.0441 372980.5606 383935.7012 385412.0602 429084.4525 436444.2597 447558.2692 576209.3510 599208.8834 626289.2799 658962.2038 702359.9678 736154.2223 1018997.898 1065358.137 1200221.952 1384625.270 1538821.774 1803650.159 1932662.932 2006650.083 2210086.377 2325633.543 2555950.174 2776634.223 2989124.873 3489391.256 11695903.04 61511100.54
