years
 1991 1992 1993 1994 1995 1996 1997 1998 1999 2000 2001 2002 2003 2004 2005 2006 2007 2008 2009 2010 2011 2012 2013 2014 2015 2016 2017 2018 2019 2020 2021 2022
reclasobs
 0 0 0 0 0 0 0 0 0 252601 567819 844713 477998 351125 339783 2.1784e+06 2.13404e+06 4.81314e+06 1.55562e+06 2.62356e+06 3.21686e+06 3.843e+06 1.13348e+06 3.07943e+06 1.97215e+06 2.03268e+06 2.025e+06 2.42433e+06 2.27542e+06 1.05018e+06 2.36338e+06 3.18982e+06
reclaspred
 3.38852e+06 2.21783e+06 1.53795e+06 1.60016e+06 1.6722e+06 1.93473e+06 1.57824e+06 2.26764e+06 2.40752e+06 2.56981e+06 1.89062e+06 1.8938e+06 1.72472e+06 1.5997e+06 1.65836e+06 1.65986e+06 1.72505e+06 1.97785e+06 1.05674e+06 742121 1.16868e+06 685115 942369 1.51773e+06 1.36061e+06 1.70268e+06 1.85961e+06 1.56346e+06 1.86865e+06 1.96917e+06 1.99507e+06 2.65143e+06
pelacesobs
 0 0 0 0 0 0 0 0 0 0 0 0 0 0 0 552880 188675 0 991730 2.46772e+06 1.41603e+06 1.21717e+06 2.29649e+06 1.80582e+06 0 1.4828e+06 1.56532e+06 1.57751e+06 1.42118e+06 867257 1.10002e+06 1.06204e+06
pelacespred
 1.6481e+06 1.13966e+06 764407 681948 777000 882598 722995 1.1703e+06 1.3099e+06 1.30679e+06 1.07812e+06 897850 861783 870111 909784 772102 770929 833151 486971 295903 443664 265502 417941 731726 657475 815504 992917 835000 838250 964955 957038 1.23556e+06
mphobs
 0 0 0 0 0 0 0 0 0 0 0 0 498337 0 5186 125008 0 168611 109162 213762 579715 649985 157893 87575 83554 210694 70296 0 107559 103333 445601 22526
mphpred
 3.2578e+06 2.23201e+06 1.47806e+06 1.17222e+06 1.3075e+06 1.43055e+06 1.44486e+06 1.29414e+06 1.89171e+06 2.17817e+06 1.75336e+06 1.59334e+06 1.4758e+06 1.25597e+06 1.21437e+06 1.51342e+06 1.23939e+06 1.55789e+06 1.06981e+06 573621 645785 605489 383667 814779 1.17675e+06 990333 1.37526e+06 1.27403e+06 1.42651e+06 1.49113e+06 1.41789e+06 1.65667e+06
desembarqueobs
 494567 514787 250237 358949 120608 361735 552515 73892 212993 205616 52469 317467 293654 387597 252695 516296 358380 742168 942051 627588 828172 859565 418607 520667 417249 300574 415391 372974 316634 284311 391294 218835
desembarquepred
 494652 505932 260281 358748 120547 361546 552363 73862.9 213053 205695 52456.7 317882 294041 388424 252734 515669 357775 738508 930374 619881 820547 851212 418133 520397 417090 300476 415162 372865 316662 284320 391300 218741
Reclutas
 260682 260682 260682 260682 260682 260682 260682 260682 260682 260682 260682 260682 260682 260682 260682 260682 260682 260682 260682 260682 260682 260682 260682 260682 260682 260682 260682 260682 260682 260682 260682 260682
log_desv_Rt
 0 0 0 0 0 0 0 0 0 0 0 0 0 0 0 0 0 0 0 0 0 0 0 0 0 0 0 0 0 0 0 0
SSB
 3.2578e+06 2.23201e+06 1.47806e+06 1.17222e+06 1.3075e+06 1.43055e+06 1.44486e+06 1.29414e+06 1.89171e+06 2.17817e+06 1.75336e+06 1.59334e+06 1.42526e+06 1.24063e+06 1.18688e+06 1.47484e+06 1.23939e+06 1.55789e+06 1.1087e+06 594083 689532 700074 448225 905635 1.22308e+06 1.08727e+06 1.42614e+06 1.27403e+06 1.47705e+06 1.4576e+06 1.55896e+06 1.86538e+06
BT
 4.53436e+06 3.46694e+06 2.19667e+06 2.23109e+06 2.20306e+06 2.87395e+06 2.46434e+06 3.95063e+06 4.12704e+06 3.7606e+06 2.97874e+06 2.7261e+06 2.73301e+06 3.15254e+06 3.17203e+06 2.59529e+06 2.5696e+06 3.00163e+06 2.43983e+06 1.49021e+06 2.17357e+06 1.62721e+06 1.89148e+06 2.99578e+06 2.23276e+06 2.87464e+06 3.52973e+06 2.93154e+06 2.56049e+06 3.13007e+06 3.13588e+06 3.78088e+06
Ftot
 0.138492 0.215008 0.160285 0.211551 0.068811 0.176868 0.326786 0.0311884 0.0844085 0.0763522 0.0265707 0.15904 0.161549 0.229059 0.144772 0.291022 0.196112 0.347859 0.785489 0.752536 0.638638 1.07355 0.413829 0.321479 0.287431 0.167311 0.210874 0.225152 0.160559 0.137129 0.185601 0.0786985
BD_Bspro_t
 0.978085 0.857513 0.75647 0.738248 0.74131 0.797187 0.757332 0.694206 0.825845 0.863626 0.86728 0.894397 0.82517 0.775322 0.754952 0.771584 0.681242 0.718978 0.580019 0.403834 0.388907 0.373544 0.306043 0.499994 0.599719 0.626155 0.725171 0.727647 0.749003 0.750398 0.775212 0.788896
BD_Bspro
 1.73618 1.18951 0.787703 0.624714 0.696805 0.762383 0.770008 0.689685 1.00815 1.16081 0.934416 0.849137 0.759563 0.661167 0.632523 0.785988 0.660509 0.830245 0.590859 0.316605 0.367472 0.37309 0.238873 0.48264 0.651819 0.579439 0.760033 0.678967 0.787167 0.776798 0.830817 0.994117
BD_Bo
 1.27707 0.874958 0.579407 0.459517 0.512545 0.560782 0.566391 0.507308 0.741557 0.853853 0.687323 0.624595 0.558707 0.486331 0.465262 0.578145 0.485847 0.610699 0.434615 0.232883 0.270299 0.274432 0.175706 0.355013 0.479455 0.426215 0.559053 0.499424 0.579012 0.571385 0.61112 0.731237
BD_Brms
 5.39843 3.69863 2.44927 1.94247 2.16663 2.37054 2.39425 2.14449 3.13471 3.60941 2.90545 2.64029 2.36177 2.05582 1.96675 2.44393 2.05377 2.58155 1.8372 0.984444 1.14261 1.16008 0.742745 1.50071 2.02675 1.8017 2.36323 2.11117 2.4476 2.41536 2.58333 3.09109
Sel_flota
 0.5 1 1 1 1
 0.5 1 1 1 1
 0.5 1 1 1 1
 0.5 1 1 1 1
 0.5 1 1 1 1
 0.5 1 1 1 1
 0.5 1 1 1 1
 0.5 1 1 1 1
 0.5 1 1 1 1
 0.5 1 1 1 1
 0.5 1 1 1 1
 0.5 1 1 1 1
 0.5 1 1 1 1
 0.5 1 1 1 1
 0.5 1 1 1 1
 0.5 1 1 1 1
 0.5 1 1 1 1
 0.5 1 1 1 1
 0.5 1 1 1 1
 0.5 1 1 1 1
 0.5 1 1 1 1
 0.5 1 1 1 1
 0.5 1 1 1 1
 0.5 1 1 1 1
 0.5 1 1 1 1
 0.5 1 1 1 1
 0.5 1 1 1 1
 0.5 1 1 1 1
 0.5 1 1 1 1
 0.5 1 1 1 1
 0.5 1 1 1 1
 0.5 1 1 1 1
Sel_reclas
 0.5 1 1 1 1
 0.5 1 1 1 1
 0.5 1 1 1 1
 0.5 1 1 1 1
 0.5 1 1 1 1
 0.5 1 1 1 1
 0.5 1 1 1 1
 0.5 1 1 1 1
 0.5 1 1 1 1
 0.5 1 1 1 1
 0.5 1 1 1 1
 0.5 1 1 1 1
 0.5 1 1 1 1
 0.5 1 1 1 1
 0.5 1 1 1 1
 0.5 1 1 1 1
 0.5 1 1 1 1
 0.5 1 1 1 1
 0.5 1 1 1 1
 0.5 1 1 1 1
 0.5 1 1 1 1
 0.5 1 1 1 1
 0.5 1 1 1 1
 0.5 1 1 1 1
 0.5 1 1 1 1
 0.5 1 1 1 1
 0.5 1 1 1 1
 0.5 1 1 1 1
 0.5 1 1 1 1
 0.5 1 1 1 1
 0.5 1 1 1 1
 0.5 1 1 1 1
Sel_pelaces
 0.5 1 1 1 1
 0.5 1 1 1 1
 0.5 1 1 1 1
 0.5 1 1 1 1
 0.5 1 1 1 1
 0.5 1 1 1 1
 0.5 1 1 1 1
 0.5 1 1 1 1
 0.5 1 1 1 1
 0.5 1 1 1 1
 0.5 1 1 1 1
 0.5 1 1 1 1
 0.5 1 1 1 1
 0.5 1 1 1 1
 0.5 1 1 1 1
 0.5 1 1 1 1
 0.5 1 1 1 1
 0.5 1 1 1 1
 0.5 1 1 1 1
 0.5 1 1 1 1
 0.5 1 1 1 1
 0.5 1 1 1 1
 0.5 1 1 1 1
 0.5 1 1 1 1
 0.5 1 1 1 1
 0.5 1 1 1 1
 0.5 1 1 1 1
 0.5 1 1 1 1
 0.5 1 1 1 1
 0.5 1 1 1 1
 0.5 1 1 1 1
 0.5 1 1 1 1
pf_obs 
 0.8446 0.082 0.0669 0.0065 0
 0.8095 0.147 0.0364 0.0071 0
 0.9664 0.0169 0.016 0.0007 0
 0.9276 0.0648 0.0075 0.0001 0
 0.7033 0.2144 0.0806 0.0017 0
 0.9318 0.0425 0.0243 0.0014 0
 0.5671 0.3108 0.0964 0.0239 0.0018
 0.0768 0.2599 0.5324 0.112 0.0189
 0.490249 0.384438 0.106611 0.0170017 0.00170017
 0.7925 0.1577 0.0466 0.003 0.0002
 0.840416 0.127587 0.0312969 0.00059994 9.999e-05
 0.8084 0.0986 0.0794 0.0134 0.0002
 0.7335 0.1905 0.0724 0.0035 0.0001
 0.4001 0.4547 0.1325 0.0127 0
 0.49795 0.308269 0.164784 0.0264974 0.00249975
 0.9179 0.0499 0.0305 0.0017 0
 0.2467 0.6533 0.0926 0.0074 0
 0.9418 0.0223 0.034 0.0019 0
 0.707729 0.231977 0.0356964 0.0245975 0
 0.517169 0.277429 0.184464 0.0207286 0.00020938
 0.811772 0.124168 0.05621 0.00726502 0.000585176
 0.764997 0.148141 0.077277 0.00933861 0.000247198
 0.163321 0.427699 0.378323 0.0303852 0.000271297
 0.753843 0.0900009 0.118128 0.0371064 0.000921714
 0.721811 0.176058 0.0630433 0.0369309 0.00215725
 0.143369 0.312575 0.442814 0.0836902 0.0175525
 0.692698 0.0596174 0.167031 0.0765114 0.00414204
 0.394062 0.376323 0.152708 0.0712218 0.00568511
 0.125707 0.32114 0.495352 0.0537591 0.00404204
 0.23352 0.215282 0.420074 0.123614 0.00750983
 0.796117 0.104755 0.0508955 0.0450114 0.00322123
 0.162477 0.292055 0.404252 0.121198 0.0200186
pf_pred 
 0.429716 0.0474347 0.4506 0.0603488 0.0119002
 0.481712 0.316611 0.016775 0.159352 0.0255504
 0.509634 0.325901 0.100468 0.00532312 0.0586741
 0.513062 0.333788 0.101785 0.0313781 0.0199875
 0.514579 0.335787 0.102572 0.031278 0.0157844
 0.499331 0.342396 0.109485 0.0334438 0.0153449
 0.517814 0.326739 0.106306 0.0339926 0.0151478
 0.531121 0.329723 0.0942949 0.0306793 0.0141816
 0.49426 0.351842 0.108223 0.0309499 0.0147244
 0.489997 0.340208 0.118127 0.0363346 0.0153346
 0.484801 0.341442 0.115908 0.0402455 0.0176036
 0.482299 0.338977 0.118448 0.040209 0.0200681
 0.501476 0.329702 0.110541 0.0386258 0.0196564
 0.511515 0.331431 0.103868 0.0348245 0.0183611
 0.520542 0.331573 0.100338 0.0314453 0.0161015
 0.518006 0.334424 0.102053 0.0308825 0.0146342
 0.534212 0.326547 0.0966096 0.0294815 0.013149
 0.532342 0.331365 0.0955503 0.0282687 0.012474
 0.572962 0.305999 0.0857637 0.0247303 0.010545
 0.642203 0.277081 0.0578375 0.0162104 0.00666746
 0.646985 0.289316 0.0493288 0.0102968 0.00407294
 0.649291 0.286553 0.0525799 0.00896495 0.00261154
 0.6792 0.269292 0.0420854 0.00772232 0.00170022
 0.595968 0.334374 0.0584733 0.00913829 0.00204598
 0.563879 0.333486 0.0849401 0.0148538 0.00284111
 0.545137 0.335736 0.0910921 0.0232015 0.00483338
 0.524708 0.340212 0.0997033 0.0270515 0.00832549
 0.525828 0.332659 0.101294 0.0296854 0.0105331
 0.525079 0.334061 0.0988211 0.0300908 0.0119475
 0.514166 0.339444 0.102972 0.0304608 0.0129579
 0.509766 0.337228 0.106902 0.0324292 0.013674
 0.51021 0.336603 0.105376 0.0334046 0.0144063
pobs_RECLAS
 0 0 0 0 0
 0 0 0 0 0
 0 0 0 0 0
 0 0 0 0 0
 0 0 0 0 0
 0 0 0 0 0
 0 0 0 0 0
 0 0 0 0 0
 0 0 0 0 0
 0 0 0 0 0
 0.991045 0.00858322 0.000360255 1.14367e-05 0
 0.934742 0.0480273 0.0164251 0.00080598 0
 0.827803 0.169806 0.00239088 0 0
 0.941827 0.0461693 0.0120037 0 0
 0.791401 0.0380133 0.147996 0.0225897 0
 0.846168 0.0940531 0.0597789 0 0
 0.134021 0.677848 0.182769 0.00536245 0
 0.80878 0.0450904 0.141981 0.00414843 0
 0.846168 0.0940531 0.0597789 0 0
 0.905697 0.0802665 0.012482 0.00150086 5.37128e-05
 0.989698 0.0102097 9.19794e-05 0 0
 0.975433 0.0193895 0.00387452 0.00125025 5.28907e-05
 0.303575 0.632131 0.0575291 0.00676475 0
 0.966965 0.00978017 0.0227588 0.000495775 0
 0.843318 0.132988 0.00938335 0.0141283 0.000182051
 0.564624 0.303363 0.111486 0.0197234 0.00080311
 0.826376 0.0876187 0.0782897 0.00655872 0.00115652
 0.89761 0.0855135 0.0140674 0.00269457 0.000114338
 0.34875 0.467042 0.161289 0.0227151 0.000203297
 0.318654 0.224769 0.449479 0.00709798 0
 0.937255 0.0296025 0.0250945 0.00804832 0
 0.456809 0.399803 0.12412 0.0192676 0
ppred_RECLAS
 0.431247 0.0473074 0.449391 0.0601868 0.0118683
 0.484253 0.315058 0.0166927 0.158571 0.0254251
 0.511465 0.324684 0.100093 0.00530324 0.0584549
 0.515558 0.332077 0.101263 0.0312172 0.019885
 0.515318 0.335276 0.102415 0.0312303 0.0157603
 0.501374 0.340998 0.109038 0.0333074 0.0152822
 0.52194 0.323944 0.105397 0.0337017 0.0150182
 0.531447 0.329494 0.0942294 0.030658 0.0141717
 0.495178 0.351204 0.108027 0.0308937 0.0146977
 0.490822 0.339657 0.117936 0.0362758 0.0153098
 0.485078 0.341258 0.115846 0.0402239 0.0175941
 0.484113 0.337789 0.118032 0.040068 0.0199977
 0.503324 0.328479 0.110131 0.0384826 0.0195835
 0.514247 0.329577 0.103288 0.0346297 0.0182584
 0.522177 0.330442 0.0999958 0.0313381 0.0160466
 0.521605 0.331927 0.101291 0.0306519 0.0145249
 0.536494 0.324948 0.0961363 0.0293371 0.0130846
 0.536773 0.328226 0.0946451 0.0280009 0.0123558
 0.585129 0.297281 0.0833202 0.0240257 0.0102446
 0.65296 0.268751 0.0560986 0.015723 0.00646701
 0.65561 0.282248 0.0481236 0.0100452 0.00397344
 0.666529 0.272468 0.0499956 0.00852432 0.00248318
 0.683968 0.26529 0.0414599 0.00760754 0.00167495
 0.599865 0.331149 0.0579092 0.00905014 0.00202624
 0.567371 0.330816 0.0842601 0.0147349 0.00281836
 0.547042 0.33433 0.0907106 0.0231043 0.00481314
 0.52719 0.338435 0.0991826 0.0269103 0.00828202
 0.528501 0.330784 0.100723 0.0295181 0.0104737
 0.52691 0.332773 0.0984401 0.0299748 0.0119014
 0.515709 0.338366 0.102645 0.030364 0.0129168
 0.511921 0.335746 0.106432 0.0322867 0.0136139
 0.511062 0.336017 0.105193 0.0333465 0.0143812
pobs_PELACES
 0 0 0 0 0
 0 0 0 0 0
 0 0 0 0 0
 0 0 0 0 0
 0 0 0 0 0
 0 0 0 0 0
 0 0 0 0 0
 0 0 0 0 0
 0 0 0 0 0
 0 0 0 0 0
 0 0 0 0 0
 0 0 0 0 0
 0 0 0 0 0
 0 0 0 0 0
 0 0 0 0 0
 0 0 0 0 0
 0.505614 0.472636 0.0217494 0 0
 0 0 0 0 0
 0.443492 0.261883 0.143347 0.151278 0
 0.227955 0.32914 0.350689 0.0885471 0.00366901
 0.970185 0.0296113 0.000203453 0 0
 0.997202 0.00247181 0.000326279 0 0
 0.445219 0.490057 0.0546422 0.010081 0
 0.90214 0.0892962 0.00764917 0.000914606 0
 0 0 0 0 0
 0.581667 0.319106 0.0959925 0.00289975 0.000334073
 0.762889 0.0836404 0.116647 0.0363945 0.000428098
 0.88444 0.0763242 0.0277011 0.0115352 0
 0.521256 0.241999 0.230069 0.00667565 0
 0.616807 0.101726 0.260614 0.0208532 0
 0.833518 0.0704572 0.0857862 0.0102388 0
 0.697417 0.212968 0.0787535 0.0105354 0.000325836
ppred_PELACES
 0.43686 0.0468405 0.444955 0.0595928 0.0117511
 0.493118 0.309643 0.0164058 0.155845 0.0249881
 0.518071 0.320293 0.0987397 0.00523153 0.0576645
 0.52427 0.326105 0.0994418 0.0306558 0.0195274
 0.518154 0.333315 0.101816 0.0310476 0.0156682
 0.508669 0.336009 0.107443 0.0328201 0.0150587
 0.535375 0.31484 0.102435 0.0327546 0.0145961
 0.532728 0.328593 0.0939717 0.0305741 0.014133
 0.498659 0.348782 0.107282 0.0306806 0.0145963
 0.493971 0.337557 0.117206 0.0360515 0.0152151
 0.486174 0.340532 0.115599 0.0401383 0.0175567
 0.490669 0.333496 0.116532 0.0395588 0.0197436
 0.509986 0.324073 0.108653 0.0379664 0.0193208
 0.523682 0.323176 0.101281 0.0339571 0.0179038
 0.528134 0.326323 0.0987492 0.0309474 0.0158465
 0.533572 0.323624 0.0987573 0.0298851 0.0141616
 0.544531 0.319314 0.0944695 0.0288284 0.0128577
 0.55101 0.318137 0.0917361 0.0271403 0.0119761
 0.616205 0.275013 0.0770792 0.0222261 0.00947722
 0.680538 0.247395 0.0516407 0.0144736 0.0059531
 0.678997 0.263081 0.0448556 0.00936309 0.0037036
 0.704675 0.2413 0.0442765 0.0075492 0.00219912
 0.698538 0.253059 0.0395484 0.00725679 0.00159772
 0.612527 0.32067 0.0560767 0.00876376 0.00196212
 0.578973 0.321944 0.0820005 0.0143397 0.00274278
 0.553873 0.329288 0.0893426 0.0227559 0.00474055
 0.535853 0.332234 0.0973652 0.0264172 0.00813026
 0.537747 0.324297 0.0987477 0.0289392 0.0102683
 0.533509 0.328132 0.0970671 0.0295567 0.0117354
 0.521358 0.334419 0.101447 0.0300099 0.0127661
 0.51957 0.330484 0.104765 0.0317807 0.0134006
 0.514306 0.333788 0.104495 0.0331253 0.0142858
pobs_pel_tallas
 0 0 0 0 0 0 0 0 0 0 0 0 0 0 0 0 0 0 0 0 0 0 0 0 0 0
 0 0 0 0 0 0 0 0 0 0 0 0 0 0 0 0 0 0 0 0 0 0 0 0 0 0
 0 0 0 0 0 0 0 0 0 0 0 0 0 0 0 0 0 0 0 0 0 0 0 0 0 0
 0 0 0 0 0 0 0 0 0 0 0 0 0 0 0 0 0 0 0 0 0 0 0 0 0 0
 0 0 0 0 0 0 0 0 0 0 0 0 0 0 0 0 0 0 0 0 0 0 0 0 0 0
 0 0 0 0 0 0 0 0 0 0 0 0 0 0 0 0 0 0 0 0 0 0 0 0 0 0
 0 0 0 0 0 0 0 0 0 0 0 0 0 0 0 0 0 0 0 0 0 0 0 0 0 0
 0 0 0 0 0 0 0 0 0 0 0 0 0 0 0 0 0 0 0 0 0 0 0 0 0 0
 0 0 0 0 0 0 0 0 0 0 0 0 0 0 0 0 0 0 0 0 0 0 0 0 0 0
 0 0 0 0 0 0 0 0 0 0 0 0 0 0 0 0 0 0 0 0 0 0 0 0 0 0
 0 0 0 0 0 0 0 0 0 0 0 0 0 0 0 0 0 0 0 0 0 0 0 0 0 0
 0 0 0 0 0 0 0 0 0 0 0 0 0 0 0 0 0 0 0 0 0 0 0 0 0 0
 0.00862536 0 0 0.000197151 0.00414017 0.0128641 0.00837892 0.0270097 0.101434 0.158115 0.152841 0.127902 0.109271 0.109419 0.0830992 0.0579132 0.0238553 0.00714673 0.00463305 0.00128148 0.00103504 0.000492878 0.000147863 0.000147863 4.92878e-05 0
 0 0 0 0 0 0 0 0 0 0 0 0 0 0 0 0 0 0 0 0 0 0 0 0 0 0
 0 0 0 0 0 0 0 0.0054083 0.00873648 0.0413646 0.0450493 0.0745869 0.0622846 0.0627006 0.0613931 0.0827291 0.12552 0.122667 0.0946155 0.0697135 0.0546179 0.0294188 0.0215738 0.0213955 0.0102223 0.00600262
 0 0 0 0 0.00359764 0.0251062 0.0480494 0.140153 0.205849 0.193036 0.1447 0.116669 0.0760912 0.0342217 0.00950174 0.001854 0.000860785 0 0 0 0.000165536 0 0.000143464 0 0 0
 0 0 0 0 0 0 0 0.000145254 0.000435761 0.0275982 0.070085 0.0708112 0.156366 0.174668 0.174014 0.160142 0.0824315 0.0480064 0.0283245 0.00493863 0.00203355 0 0 0 0 0
 0 0 0 0 0 0 0 0 0 0 0 0 0 0 0 0 0 0 0 0 0 0 0 0 0 0
 0 0 1.00437e-05 0.000401748 0.00122533 0.00171747 0.00176769 0.0269171 0.070346 0.194647 0.189555 0.159765 0.064822 0.0314167 0.0384472 0.0292271 0.0345202 0.0313363 0.0194345 0.0106764 0.0143323 0.0359363 0.0279516 0.0138201 0.00172751 0
 0 0.0021121 0.0136068 0.0755702 0.200478 0.177729 0.0527432 0.0373336 0.0318909 0.0142505 0.0149659 0.0166563 0.0217959 0.0798694 0.0677717 0.0528807 0.04013 0.0224614 0.0357745 0.0225083 0.00881397 0.00855152 0.00135912 0.000746735 0 0
 0 0 0 0 5.4009e-05 0.00500934 0.000945158 0.0243581 0.138947 0.33067 0.221406 0.137944 0.0707744 0.0437923 0.0131692 0.00525238 0.0047753 0.00276346 9.45158e-05 9.00151e-06 2.25038e-05 9.00151e-06 4.50075e-06 0 0 0
 0.000866109 0.00284123 0.00948549 0.0512746 0.133035 0.25785 0.225252 0.132002 0.0553304 0.0519788 0.0540692 0.017754 0.00435017 0.00159236 0.00146478 0.000404838 0.000125132 0.000115318 0.000107957 0.000100596 0 0 0 0 0 0
 0 0 0 0 0.00144013 0.00171154 0.00461396 0.0210425 0.0478622 0.0707936 0.0888783 0.103762 0.0637923 0.0337046 0.0602308 0.124433 0.169614 0.0934646 0.0462172 0.0250306 0.0313229 0.00938855 0.002487 0.000210481 0 0
 0 0.00764035 0.051015 0.0998891 0.058973 0.0496711 0.0374665 0.0718981 0.12319 0.153886 0.159021 0.0857701 0.0377988 0.023471 0.0147837 0.00900784 0.00315554 0.000888139 0.00291439 0.00214683 0.00393193 0.00274676 0.000635225 9.99891e-05 0 0
 0 0 0 0 0 0 0 0 0 0 0 0 0 0 0 0 0 0 0 0 0 0 0 0 0 0
 0 0 0 0 0 0 0 0 0 0 0 0 0 0 0 0 0 0 0 0 0 0 0 0 0 0
 0 0 0 0 0 0 0 0 0 0 0 0 0 0 0 0 0 0 0 0 0 0 0 0 0 0
 0 0 0 0 0 0 0 0 0 0 0 0 0 0 0 0 0 0 0 0 0 0 0 0 0 0
 0 0 0 0 0 0 0 0 0 0 0 0 0 0 0 0 0 0 0 0 0 0 0 0 0 0
 0 0 0 0 0 0 0 0 0 0 0 0 0 0 0 0 0 0 0 0 0 0 0 0 0 0
 0 0 0 0 0 0 0 0 0 0 0 0 0 0 0 0 0 0 0 0 0 0 0 0 0 0
 0 0 0 0 0 0 0 0 0 0 0 0 0 0 0 0 0 0 0 0 0 0 0 0 0 0
ppred_pel_tallas
 1.20818e-16 3.59836e-05 0.000349773 0.00232437 0.0105662 0.0328755 0.070045 0.102234 0.102239 0.0700708 0.0329642 0.0108313 0.00302355 0.00198799 0.00347537 0.00654519 0.0114234 0.0185381 0.0282248 0.0404636 0.0544976 0.0685431 0.0799622 0.0860628 0.0851976 0.0775188
 1.20411e-16 4.06175e-05 0.000394817 0.0026237 0.011927 0.0371094 0.0790666 0.115406 0.115436 0.0792125 0.0375994 0.0133426 0.00617869 0.00816165 0.0148128 0.024491 0.0354621 0.0450609 0.0506925 0.0513873 0.048496 0.0448281 0.042863 0.0433749 0.0453124 0.0467199
 1.13215e-16 4.26729e-05 0.000414796 0.00275646 0.0125305 0.0389872 0.0830675 0.121246 0.121277 0.0832189 0.0394956 0.0140002 0.00645008 0.00849333 0.0154309 0.0255641 0.0371112 0.0472903 0.0533002 0.0538864 0.0500772 0.0444155 0.0393232 0.0358853 0.0337692 0.0319662
 1.09333e-16 4.31835e-05 0.000419759 0.00278945 0.0126805 0.0394538 0.0840616 0.122697 0.122728 0.0842156 0.0399714 0.0141767 0.00654992 0.0086443 0.0157087 0.0260221 0.037768 0.0481041 0.0541583 0.0546179 0.0504761 0.0442573 0.0383714 0.0339104 0.0306008 0.0275734
 1.08789e-16 4.26797e-05 0.000414862 0.0027569 0.0125325 0.0389935 0.0830809 0.121266 0.121298 0.0832383 0.0395225 0.0140618 0.00660032 0.00882061 0.0160527 0.0265923 0.0385903 0.0491383 0.0552931 0.0557028 0.051371 0.0448689 0.0386597 0.0338732 0.0302593 0.0269699
 1.09027e-16 4.18985e-05 0.000407268 0.00270644 0.0123031 0.0382797 0.0815602 0.119046 0.119079 0.081719 0.0388132 0.0138453 0.00658274 0.00888619 0.016195 0.0268393 0.0389709 0.0496688 0.0559746 0.0565272 0.052328 0.0459435 0.0398212 0.0350657 0.0314057 0.02799
 1.08792e-16 4.40982e-05 0.00042865 0.00284853 0.012949 0.0402894 0.085842 0.125295 0.125326 0.0859908 0.0407894 0.0143944 0.00648145 0.00837582 0.015186 0.0251644 0.0365502 0.0466089 0.0525754 0.0531798 0.0493607 0.0435151 0.0379195 0.0335862 0.030238 0.0270614
 1.08254e-16 4.38801e-05 0.000426531 0.00283445 0.012885 0.0400902 0.0854176 0.124676 0.124708 0.0855728 0.0406116 0.0143919 0.00662107 0.00870645 0.0158095 0.0261742 0.0379546 0.0482692 0.0542047 0.0544247 0.0499305 0.0432865 0.0369635 0.0321169 0.0285258 0.0253545
 1.08733e-16 4.1074e-05 0.000399254 0.00265318 0.012061 0.0375264 0.0799553 0.116704 0.116738 0.0801201 0.0380801 0.0136613 0.00667494 0.009195 0.0167937 0.0278246 0.0403764 0.0514055 0.0578273 0.0582189 0.0536216 0.0467188 0.0400876 0.0349215 0.030982 0.0274124
 1.09659e-16 4.06878e-05 0.0003955 0.00262824 0.0119476 0.0371736 0.0792035 0.115607 0.115639 0.0793631 0.0377099 0.0134981 0.00652598 0.00892381 0.0162952 0.0270269 0.0392883 0.0501668 0.0567102 0.0575585 0.053701 0.0476699 0.0418548 0.0372942 0.0336671 0.0301115
 1.1042e-16 4.00455e-05 0.000389257 0.00258675 0.011759 0.0365868 0.0779533 0.113782 0.113815 0.0781143 0.0371278 0.013323 0.00651838 0.0089915 0.0164349 0.0272592 0.0396249 0.0505971 0.0572044 0.0580876 0.0542627 0.0483018 0.0426232 0.0382625 0.0348601 0.0314943
 1.10757e-16 4.04159e-05 0.000392856 0.00261067 0.0118678 0.0369252 0.0786741 0.114834 0.114866 0.0788318 0.037455 0.0133998 0.00646241 0.00882125 0.0161068 0.0267206 0.0388594 0.0496573 0.0562137 0.057204 0.0536222 0.0479753 0.0426089 0.0385085 0.0352949 0.032047
 1.10296e-16 4.2007e-05 0.000408323 0.00271345 0.012335 0.0383788 0.0817713 0.119354 0.119386 0.0819245 0.0388936 0.0138232 0.00645469 0.00859378 0.0156419 0.0259364 0.0376989 0.0481332 0.0544134 0.0552513 0.051623 0.045988 0.0406571 0.036617 0.033514 0.0304472
 1.09441e-16 4.3135e-05 0.000419288 0.00278632 0.0126662 0.0394095 0.0839672 0.122559 0.12259 0.0841199 0.0399225 0.0141494 0.00651424 0.00857353 0.0155774 0.0258109 0.0374777 0.0477689 0.0538463 0.0544135 0.0504508 0.0444435 0.0387528 0.0344298 0.0311786 0.028129
 1.08719e-16 4.35018e-05 0.000422853 0.00281001 0.0127739 0.0397445 0.0846811 0.123601 0.123633 0.0848352 0.0402624 0.014271 0.00657255 0.00865157 0.0157159 0.0260306 0.0377728 0.0480932 0.054111 0.0545045 0.050261 0.0439033 0.0378475 0.0332007 0.029713 0.0265439
 1.08327e-16 4.39497e-05 0.000427207 0.00283894 0.0129054 0.0401538 0.085553 0.124874 0.124905 0.0857059 0.0406674 0.0143902 0.00657049 0.00858821 0.0155875 0.0258168 0.0374624 0.0476968 0.0536599 0.0540361 0.0497969 0.0434375 0.0373507 0.0326388 0.0290678 0.0258255
 1.07875e-16 4.48523e-05 0.000435981 0.00289725 0.0131705 0.0409784 0.08731 0.127438 0.127469 0.0874608 0.0414851 0.0146351 0.00657792 0.00848489 0.0153725 0.0254518 0.0369174 0.0469709 0.0527826 0.0530502 0.0487358 0.0423138 0.0361667 0.0314064 0.0278222 0.0246221
 1.07478e-16 4.53861e-05 0.000441169 0.00293172 0.0133272 0.041466 0.0883489 0.128954 0.128985 0.0884992 0.0419708 0.0147861 0.00659779 0.0084574 0.0153086 0.0253389 0.0367395 0.0467144 0.0524365 0.0526029 0.0481729 0.0416224 0.0353447 0.0304731 0.026821 0.0236143
 1.06128e-16 5.0756e-05 0.000493366 0.00327859 0.014904 0.0463721 0.0988017 0.14421 0.144236 0.0989316 0.0468084 0.0161649 0.00644677 0.00742021 0.0132377 0.0218875 0.0317212 0.0403062 0.0451908 0.045244 0.041296 0.0354966 0.0299325 0.0256058 0.0223763 0.0195874
 1.04013e-16 5.60551e-05 0.000544875 0.00362089 0.0164601 0.0512135 0.109117 0.159264 0.159288 0.109233 0.0516053 0.0175921 0.00646394 0.00675601 0.0118661 0.0195653 0.0282664 0.0357306 0.0397114 0.0391724 0.0348867 0.028872 0.0231366 0.0187237 0.015612 0.0132429
 1.02928e-16 5.59281e-05 0.000543641 0.00361269 0.0164228 0.0510975 0.10887 0.158904 0.158929 0.108994 0.0515138 0.0176253 0.00663171 0.00713617 0.0125821 0.0207272 0.0298879 0.0376574 0.0416167 0.040644 0.0355689 0.0285822 0.0219016 0.0167365 0.0131531 0.0106074
 1.02469e-16 5.80432e-05 0.000564201 0.00374931 0.0170439 0.0530299 0.112987 0.164912 0.164935 0.1131 0.0534118 0.0181471 0.00651934 0.00661362 0.011554 0.0190275 0.0274461 0.0346001 0.0382709 0.0374251 0.0328113 0.026421 0.0202702 0.0154593 0.0120564 0.00958642
 1.02205e-16 5.75377e-05 0.000559287 0.00371666 0.0168954 0.0525681 0.112003 0.163476 0.163501 0.112122 0.0529683 0.0180516 0.00661913 0.00689616 0.0120946 0.0199094 0.0286869 0.0360986 0.0398052 0.0387195 0.0336399 0.0266883 0.0200262 0.0148535 0.0112695 0.00877464
 1.02912e-16 5.04531e-05 0.000490423 0.00325903 0.0148151 0.0460954 0.0982124 0.14335 0.143381 0.0983635 0.0466029 0.0162809 0.00693905 0.00852632 0.015319 0.0252632 0.036428 0.0458904 0.0506955 0.049465 0.0431959 0.0345468 0.0262184 0.019699 0.0151022 0.0118096
 1.04351e-16 4.76893e-05 0.000463557 0.0030805 0.0140035 0.0435703 0.0928323 0.135498 0.135529 0.0929842 0.0440806 0.0154782 0.00678485 0.00855933 0.0154498 0.0255358 0.0369424 0.046792 0.0521675 0.0517006 0.0463426 0.0386354 0.0311065 0.025067 0.0205164 0.0168318
 1.05747e-16 4.56218e-05 0.000443461 0.00294695 0.0133964 0.0416815 0.088808 0.129624 0.129656 0.0889634 0.0422037 0.0149056 0.00673861 0.00873212 0.0158209 0.0261712 0.0379028 0.0480976 0.0537986 0.0536281 0.0485644 0.0411838 0.0340147 0.0283156 0.0239982 0.0203581
 1.0692e-16 4.41376e-05 0.000429033 0.00285108 0.0129606 0.0403254 0.0859188 0.125408 0.12544 0.0860757 0.0408526 0.0144842 0.00667973 0.00880077 0.0159841 0.0264616 0.0383649 0.0487725 0.0547237 0.0548438 0.050117 0.0431127 0.0363252 0.0309529 0.0268396 0.0232326
 1.07573e-16 4.42936e-05 0.00043055 0.00286116 0.0130064 0.040468 0.0862224 0.125851 0.125882 0.0863756 0.0409827 0.0144942 0.00660009 0.00860737 0.0156169 0.0258621 0.0375202 0.0477518 0.0536821 0.0539816 0.0496131 0.0430706 0.0367561 0.031793 0.0279805 0.0245464
 1.07836e-16 4.39445e-05 0.000427156 0.00283861 0.0129039 0.040149 0.0855429 0.124859 0.124891 0.0856979 0.0406697 0.014409 0.00662083 0.00869806 0.0157941 0.0261524 0.0379317 0.0482564 0.0542161 0.0544691 0.0500003 0.0433497 0.0369659 0.0319966 0.0282354 0.0248817
 1.08184e-16 4.29436e-05 0.000417427 0.00277395 0.01261 0.0392346 0.0835946 0.122016 0.122048 0.0837526 0.0397653 0.0141442 0.00662958 0.00884949 0.0161018 0.0266699 0.0386939 0.0492499 0.0553768 0.0557089 0.0512458 0.0445651 0.0381458 0.0331411 0.0293295 0.0258935
 1.08563e-16 4.27963e-05 0.000415996 0.00276444 0.0125668 0.0391 0.0833079 0.121597 0.121629 0.0834641 0.0396247 0.0140835 0.00657655 0.00875419 0.0159268 0.0263896 0.0383111 0.0488134 0.054982 0.0554739 0.0512717 0.0449017 0.0387784 0.034001 0.0303177 0.0269058
 1.08841e-16 4.23628e-05 0.000411781 0.00273643 0.0124394 0.0387039 0.082464 0.120365 0.120398 0.0826217 0.0392338 0.0139712 0.00658632 0.00883239 0.0160828 0.0266482 0.038684 0.0492839 0.0555057 0.0559967 0.0517559 0.0453431 0.0392029 0.0344451 0.0308063 0.0274391
pSPR Fmed_Fpbrs
0.600942   0.286563 0.286563
Fs Fmed_Fpbrs
0.34   1.005 1.005
SSBpbr Bo_Bmed_Bpbrs
2.55099e+06  1.40545e+06  603471 603471
Ro
260682
SPR SPRFo_SPRFmed_SPRFpbrs
1.87642e+06 1.12762e+06 537713
Fref
1.005
Nvult_r0
 202662 75631.2 23677 7505.68 3236.94
CTP_r0
 67778.7 37909.9 11868 3762.2 1622.51
YTP_r0
2.05925e+06
Np
 260682 58020.9 12415.6 4002.04 1421.59
Nvult_p0
 202662 50207.8 10743.7 3463.12 1230.15
CTP_p0
 67778.7 39991.4 12890.8 4035.58 1714.3
 67778.7 25166.5 5385.25 1735.88 616.611
YTP_p0
 1.70601e+06 1.15593e+06
CBA_c0
1.95328e+06
log_Ro
12.2911
likeval ReclasPelacesDesembMPH_pf_preclas_ppelaces_ptallas_desvR_qrecl_qpela
 488.73 126.268 11.8967 588.478 259.812 165.399 117.756 0 0 0 0 46.3806 0 0 0
q_reclas_q_pelaces
1 1
M
1
N
 260682 14802 140610 18831.9 3713.47
 260682 89483.7 4741.12 45037.7 7221.32
 260682 86124.9 26550.5 1406.73 15505.6
 260682 88514 26991.3 8320.85 5300.28
 260682 86273.9 26353.7 8036.25 4055.49
 260682 92656.4 29627.9 9050.3 4152.5
 260682 87783.1 28560.6 9132.58 4069.67
 260682 81443.5 23291.4 7577.95 3502.93
 260682 94415.8 29041.4 8305.3 3951.25
 260682 91936.6 31922.2 9818.94 4143.96
 260682 92307.6 31335.3 10880.2 4759.07
 260682 94634.1 33067.7 11225.4 5602.52
 260682 88569.1 29695 10376.2 5280.38
 260682 88458.1 27722.2 9294.56 4900.53
 260682 85522 25880 8110.62 4153.02
 260682 89203.2 27221.3 8237.5 3903.47
 260682 82913 24530 7485.59 3338.64
 260682 86942.5 25070.2 7417.06 3272.9
 260682 80589.9 22587.3 6513.14 2777.21
 260682 64751.6 13516.1 3788.23 1558.13
 260682 65827.3 11223.6 2342.81 926.706
 260682 69684.9 12786.6 2180.13 635.084
 260682 56065.8 8762.05 1607.76 353.98
 260682 77975 13635.8 2131.02 477.115
 260682 81659.9 20799.1 3637.21 695.695
 260682 83062 22536.4 5740.11 1195.79
 260682 88203.6 25849.1 7013.4 2158.47
 260682 86303.1 26279.1 7701.4 2732.64
 260682 85689.2 25348.4 7718.51 3064.61
 260682 88501.8 26847.4 7941.92 3378.47
 260682 89544.8 28386 8610.99 3630.89
 260682 87400.6 27361.5 8673.69 3740.66
pred_Ctot
 11087.1 1223.86 11625.9 1557.06 307.037
 16944.1 11136.7 590.055 5605.15 898.727
 12774.2 8168.87 2518.29 133.427 1470.7
 16683.5 10853.9 3309.78 1020.34 649.942
 5588.74 3646.92 1114.01 339.704 171.431
 14047.9 9632.76 3080.18 940.89 431.704
 25173.3 15884.3 5168.02 1652.53 736.402
 2552.98 1584.91 453.254 147.468 68.1678
 6833.39 4864.4 1496.24 427.898 203.573
 6191.52 4298.81 1492.63 459.118 193.765
 2177.09 1533.31 520.506 180.73 79.0521
 12678.3 8910.75 3113.65 1056.98 527.534
 12871.6 8462.62 2837.3 991.429 504.531
 17999.6 11662.7 3655 1225.43 646.105
 11574.9 7372.92 2231.13 699.224 358.036
 22581.5 14578.6 4448.83 1346.27 637.952
 15514.9 9483.78 2805.79 856.219 381.882
 26682.5 16609 4789.26 1416.91 625.234
 55251.2 29507.7 8270.26 2384.76 1016.86
 53272.8 22984.8 4797.81 1344.7 553.088
 46227.8 20672 3524.6 735.718 291.016
 71470.1 31542 5787.68 986.808 287.463
 31323.5 12419.3 1940.91 356.14 78.4111
 24791.1 13909.3 2432.37 380.135 85.1087
 22319.2 13199.9 3362.05 587.935 112.455
 13314.9 8200.33 2224.92 566.695 118.055
 16632.4 10784.2 3160.43 857.49 263.905
 17706.7 11201.9 3410.96 999.624 354.69
 12795.4 8140.56 2408.12 733.266 291.141
 10981 7249.51 2199.16 650.551 276.743
 14715.1 9734.52 3085.87 936.111 394.718
 6378.68 4208.24 1317.42 417.627 180.108
F
 0.069246 0.138492 0.138492 0.138492 0.138492
 0.107504 0.215008 0.215008 0.215008 0.215008
 0.0801423 0.160285 0.160285 0.160285 0.160285
 0.105776 0.211551 0.211551 0.211551 0.211551
 0.0344055 0.068811 0.068811 0.068811 0.068811
 0.0884341 0.176868 0.176868 0.176868 0.176868
 0.163393 0.326786 0.326786 0.326786 0.326786
 0.0155942 0.0311884 0.0311884 0.0311884 0.0311884
 0.0422042 0.0844085 0.0844085 0.0844085 0.0844085
 0.0381761 0.0763522 0.0763522 0.0763522 0.0763522
 0.0132854 0.0265707 0.0265707 0.0265707 0.0265707
 0.07952 0.15904 0.15904 0.15904 0.15904
 0.0807745 0.161549 0.161549 0.161549 0.161549
 0.11453 0.229059 0.229059 0.229059 0.229059
 0.0723861 0.144772 0.144772 0.144772 0.144772
 0.145511 0.291022 0.291022 0.291022 0.291022
 0.098056 0.196112 0.196112 0.196112 0.196112
 0.17393 0.347859 0.347859 0.347859 0.347859
 0.392744 0.785489 0.785489 0.785489 0.785489
 0.376268 0.752536 0.752536 0.752536 0.752536
 0.319319 0.638638 0.638638 0.638638 0.638638
 0.536777 1.07355 1.07355 1.07355 1.07355
 0.206915 0.413829 0.413829 0.413829 0.413829
 0.16074 0.321479 0.321479 0.321479 0.321479
 0.143715 0.287431 0.287431 0.287431 0.287431
 0.0836554 0.167311 0.167311 0.167311 0.167311
 0.105437 0.210874 0.210874 0.210874 0.210874
 0.112576 0.225152 0.225152 0.225152 0.225152
 0.0802796 0.160559 0.160559 0.160559 0.160559
 0.0685644 0.137129 0.137129 0.137129 0.137129
 0.0928004 0.185601 0.185601 0.185601 0.185601
 0.0393492 0.0786985 0.0786985 0.0786985 0.0786985
YTP_r0W_actual
 582897 940166 331118 140330 64738
YTP_p0W_proyectada
 511051 697850 310282 126394 60429
 511051 439155 129623 54367.8 21735.5
CTP_r0_actual
 67778.7 37909.9 11868 3762.2 1622.51
CTP_p0_proyectada
 67778.7 39991.4 12890.8 4035.58 1714.3
 67778.7 25166.5 5385.25 1735.88 616.611
Wmedp
 7.54 17.45 24.07 31.32 35.25
Frms_r0
 0.5025 1.005 1.005 1.005 1.005
Zrms_r0
 1.5025 2.005 2.005 2.005 2.005
nmprior
 7.29 8.9 8.7 0
nm_flota  nm_reclas  nm_pelaces    nm_pelaL
inf 4.55287 7.60245 17.1133
cv_recla  cv_pelaces  cv_mph
0.97786 1.02578 1.9807
 ------------------------------------------------
Talla a la edad & desviaci?n 
 8 13.2811 15.8009 17.003 17.5766
 0.8 1.32811 1.58009 1.7003 1.75766
