years
 1991 1992 1993 1994 1995 1996 1997 1998 1999 2000 2001 2002 2003 2004 2005 2006 2007 2008 2009 2010 2011 2012 2013 2014 2015 2016 2017 2018 2019 2020
reclasobs
 0 0 0 0 0 0 0 0 0 252601 567819 844713 477998 351125 339783 2.1784e+06 2.13404e+06 4.81314e+06 1.55562e+06 2.62356e+06 3.21686e+06 3.843e+06 1.13348e+06 3.07943e+06 1.97215e+06 2.03268e+06 2.025e+06 2.42433e+06 2.27542e+06 1.05018e+06
reclaspred
 3.28188e+06 1.77136e+06 891116 948313 973571 1.79378e+06 923434 759320 496422 279702 562428 903591 646495 279565 479636 1.67383e+06 1.47372e+06 3.01844e+06 1.96083e+06 2.20539e+06 3.57975e+06 2.75029e+06 1.81958e+06 2.92479e+06 2.24782e+06 1.97357e+06 2.28039e+06 2.64092e+06 2.02008e+06 1.14124e+06
pelacesobs
 0 0 0 0 0 0 0 0 0 0 0 0 0 0 0 552880 188675 0 991730 2.46772e+06 1.41603e+06 1.21717e+06 2.29649e+06 1.80582e+06 0 1.4828e+06 1.56532e+06 1.57751e+06 1.42118e+06 867257
pelacespred
 1.935e+06 1.12196e+06 539458 446221 521690 965452 443574 498246 282541 132514 302576 429142 332318 113290 236770 744691 739937 1.62115e+06 1.05658e+06 1.03633e+06 1.84348e+06 1.50887e+06 1.06345e+06 1.77773e+06 1.335e+06 1.20246e+06 1.52501e+06 1.57313e+06 1.19373e+06 753677
mphobs
 0 0 0 0 0 0 0 0 0 0 0 0 498337 0 5186 125008 0 168611 109162 213762 579715 649985 157893 87575 83554 210694 70296 0 107559 103333
mphpred
 628147 422007 197990 110128 123337 155270 219448 103771 92133.5 47765.8 23835.6 89069.2 116396 52081.8 15119.3 48763.9 240457 206399 335719 283312 521090 545596 115957 82974.4 132794 109515 92602.2 98913.2 149352 98277.4
desembarqueobs
 494567 514787 250237 358949 120608 361735 552515 73892 212993 205616 52469 317467 293654 387597 252695 516296 358380 742168 942051 627588 828172 859565 418607 520667 417249 300574 415391 372974 316634 284311
desembarquepred
 494566 514109 250544 358974 120612 361733 552518 73898 213068 205679 52470.2 317449 293758 387758 252563 516219 358477 742148 941719 627287 828297 859592 418634 520694 417181 300568 415377 372909 316586 284316
Reclutas
 159160 91031.8 87359.5 129653 102798 195054 73694.5 28850 27717.1 37139.8 86887.4 139907 62518.9 50626.3 69423.4 364322 68842.1 431436 231357 370395 303286 432644 62591.3 228937 221764 84715.3 183080 230388 64620 45084
log_desv_Rt
 0.319762 -0.238938 -0.280115 0.114718 -0.117382 0.52313 -0.450219 -1.38804 -1.4281 -1.13546 -0.285534 0.190834 -0.614678 -0.825675 -0.509923 1.14789 -0.518331 1.31697 0.693815 1.16442 0.964528 1.31977 -0.613521 0.6833 0.651468 -0.310851 0.459776 0.68962 -0.581624 -0.941619
SSB
 1.51808e+06 1.01989e+06 478495 266153 298075 375249 530352 250788 222665 115439 57604.9 215259 266581 121963 35058.1 114025 581128 498817 841865 466486 880673 972753 863405 590523 882845 774379 615864 631614 990674 609843
BT
 2.24076e+06 1.5588e+06 746634 751410 620055 1.32733e+06 919222 571241 494889 332776 373903 714802 598896 520923 513957 1.24144e+06 1.01256e+06 2.40231e+06 1.98713e+06 1.59925e+06 2.59396e+06 2.3349e+06 1.39882e+06 2.38189e+06 1.71556e+06 1.45784e+06 2.02832e+06 1.99677e+06 1.40736e+06 1.00575e+06
Ftot
 0.265458 0.491676 0.485325 0.702425 0.232657 0.395014 0.976451 0.180698 0.765084 1.25699 0.19993 0.667673 0.791528 2.15275 1.06963 0.650029 0.428108 0.493096 0.845866 0.564605 0.434368 0.583738 0.396662 0.355495 0.343833 0.274537 0.3559 0.28436 0.268005 0.431456
BD_Bspro_t
 0.958416 0.724785 0.490088 0.386559 0.386595 0.492621 0.503596 0.291644 0.338246 0.246427 0.180859 0.537491 0.439148 0.231741 0.0842278 0.229321 0.472007 0.414237 0.476374 0.321151 0.41431 0.432638 0.429348 0.377864 0.511422 0.535109 0.532649 0.571474 0.65562 0.547458
BD_Bspro
 1.84478 1.23938 0.58147 0.323431 0.362223 0.456006 0.644488 0.30476 0.270584 0.140282 0.0700019 0.261584 0.323951 0.14821 0.0426029 0.138564 0.706191 0.606166 1.02304 0.566878 1.0702 1.1821 1.04922 0.717608 1.07284 0.941031 0.748403 0.767542 1.20387 0.741085
BD_Bo
 1.42799 0.959366 0.450099 0.250359 0.280386 0.352981 0.49888 0.235906 0.209451 0.108588 0.0541864 0.202485 0.250761 0.114725 0.0329777 0.107258 0.546642 0.469216 0.791906 0.438804 0.828412 0.915028 0.812169 0.55548 0.830454 0.728425 0.579317 0.594133 0.931884 0.573653
BD_Brms
 2.59635 1.7443 0.818362 0.455197 0.509793 0.641783 0.907054 0.42892 0.38082 0.197433 0.0985208 0.368154 0.45593 0.208591 0.0599594 0.195015 0.993895 0.85312 1.43983 0.797825 1.5062 1.66369 1.47667 1.00996 1.50992 1.32441 1.0533 1.08024 1.69434 1.04301
Sel_flota
 0.731873 1 1 1 1
 0.731873 1 1 1 1
 0.731873 1 1 1 1
 0.731873 1 1 1 1
 0.731873 1 1 1 1
 0.731873 1 1 1 1
 0.731873 1 1 1 1
 0.731873 1 1 1 1
 0.731873 1 1 1 1
 0.731873 1 1 1 1
 0.731873 1 1 1 1
 0.731873 1 1 1 1
 0.731873 1 1 1 1
 0.731873 1 1 1 1
 0.731873 1 1 1 1
 0.731873 1 1 1 1
 0.731873 1 1 1 1
 0.731873 1 1 1 1
 0.731873 1 1 1 1
 0.731873 1 1 1 1
 0.731873 1 1 1 1
 0.731873 1 1 1 1
 0.731873 1 1 1 1
 0.731873 1 1 1 1
 0.731873 1 1 1 1
 0.731873 1 1 1 1
 0.731873 1 1 1 1
 0.731873 1 1 1 1
 0.731873 1 1 1 1
 0.731873 1 1 1 1
Sel_reclas
 1 1 1 1 1
 1 1 1 1 1
 1 1 1 1 1
 1 1 1 1 1
 1 1 1 1 1
 1 1 1 1 1
 1 1 1 1 1
 1 1 1 1 1
 1 1 1 1 1
 1 1 1 1 1
 1 1 1 1 1
 1 1 1 1 1
 1 1 1 1 1
 1 1 1 1 1
 1 1 1 1 1
 1 1 1 1 1
 1 1 1 1 1
 1 1 1 1 1
 1 1 1 1 1
 1 1 1 1 1
 1 1 1 1 1
 1 1 1 1 1
 1 1 1 1 1
 1 1 1 1 1
 1 1 1 1 1
 1 1 1 1 1
 1 1 1 1 1
 1 1 1 1 1
 1 1 1 1 1
 1 1 1 1 1
Sel_pelaces
 0.788678 0.94945 0.989531 0.997902 0.999582
 0.788678 0.94945 0.989531 0.997902 0.999582
 0.788678 0.94945 0.989531 0.997902 0.999582
 0.788678 0.94945 0.989531 0.997902 0.999582
 0.788678 0.94945 0.989531 0.997902 0.999582
 0.788678 0.94945 0.989531 0.997902 0.999582
 0.788678 0.94945 0.989531 0.997902 0.999582
 0.788678 0.94945 0.989531 0.997902 0.999582
 0.788678 0.94945 0.989531 0.997902 0.999582
 0.788678 0.94945 0.989531 0.997902 0.999582
 0.788678 0.94945 0.989531 0.997902 0.999582
 0.788678 0.94945 0.989531 0.997902 0.999582
 0.788678 0.94945 0.989531 0.997902 0.999582
 0.788678 0.94945 0.989531 0.997902 0.999582
 0.788678 0.94945 0.989531 0.997902 0.999582
 0.788678 0.94945 0.989531 0.997902 0.999582
 0.788678 0.94945 0.989531 0.997902 0.999582
 0.788678 0.94945 0.989531 0.997902 0.999582
 0.788678 0.94945 0.989531 0.997902 0.999582
 0.788678 0.94945 0.989531 0.997902 0.999582
 0.788678 0.94945 0.989531 0.997902 0.999582
 0.788678 0.94945 0.989531 0.997902 0.999582
 0.788678 0.94945 0.989531 0.997902 0.999582
 0.788678 0.94945 0.989531 0.997902 0.999582
 0.788678 0.94945 0.989531 0.997902 0.999582
 0.788678 0.94945 0.989531 0.997902 0.999582
 0.788678 0.94945 0.989531 0.997902 0.999582
 0.788678 0.94945 0.989531 0.997902 0.999582
 0.788678 0.94945 0.989531 0.997902 0.999582
 0.788678 0.94945 0.989531 0.997902 0.999582
pf_obs 
 0.8446 0.082 0.0669 0.0065 0
 0.8095 0.147 0.0364 0.0071 0
 0.9664 0.0169 0.016 0.0007 0
 0.9276 0.0648 0.0075 0.0001 0
 0.7033 0.2144 0.0806 0.0017 0
 0.9318 0.0425 0.0243 0.0014 0
 0.5671 0.3108 0.0964 0.0239 0.0018
 0.0768 0.2599 0.5324 0.112 0.0189
 0.490249 0.384438 0.106611 0.0170017 0.00170017
 0.7925 0.1577 0.0466 0.003 0.0002
 0.840416 0.127587 0.0312969 0.00059994 9.999e-05
 0.8084 0.0986 0.0794 0.0134 0.0002
 0.7335 0.1905 0.0724 0.0035 0.0001
 0.4001 0.4547 0.1325 0.0127 0
 0.49795 0.308269 0.164784 0.0264974 0.00249975
 0.9179 0.0499 0.0305 0.0017 0
 0.2467 0.6533 0.0926 0.0074 0
 0.9418 0.0223 0.034 0.0019 0
 0.707729 0.231977 0.0356964 0.0245975 0
 0.517169 0.277429 0.184464 0.0207286 0.00020938
 0.811772 0.124168 0.05621 0.00726502 0.000585176
 0.764997 0.148141 0.077277 0.00933861 0.000247198
 0.163321 0.427699 0.378323 0.0303852 0.000271297
 0.753843 0.0900009 0.118128 0.0371064 0.000921714
 0.721811 0.176058 0.0630433 0.0369309 0.00215725
 0.143369 0.312575 0.442814 0.0836902 0.0175525
 0.692698 0.0596174 0.167031 0.0765114 0.00414204
 0.394062 0.376323 0.152708 0.0712218 0.00568511
 0.125707 0.32114 0.495352 0.0537591 0.00404204
 0.23352 0.215282 0.420074 0.123614 0.00750983
pf_pred 
 0.538318 0.146047 0.293691 0.0219427 8.40567e-07
 0.475841 0.327305 0.0622722 0.125226 0.00935638
 0.622656 0.216441 0.100474 0.019116 0.0413133
 0.762175 0.168737 0.0396283 0.0183959 0.011064
 0.692155 0.255924 0.0368374 0.00865137 0.0064315
 0.780284 0.167263 0.0436062 0.00627662 0.00256992
 0.479939 0.435847 0.0641094 0.0167136 0.00339075
 0.49292 0.303694 0.170452 0.0250721 0.00786246
 0.57601 0.244864 0.107279 0.060212 0.0116341
 0.780189 0.14921 0.0407734 0.0178635 0.0119634
 0.911068 0.0763409 0.0085471 0.00233559 0.00170855
 0.787602 0.198653 0.0117997 0.00132109 0.000625086
 0.57105 0.364619 0.0601679 0.00357389 0.000589458
 0.696457 0.205024 0.0837435 0.013819 0.000956213
 0.92324 0.063355 0.00905432 0.00369829 0.000652506
 0.958694 0.0393207 0.0016383 0.000234136 0.000112508
 0.380873 0.602101 0.0162077 0.000675296 0.000142884
 0.894833 0.0498624 0.0537834 0.00144777 7.30849e-05
 0.606222 0.364847 0.0137171 0.0147957 0.000418385
 0.816156 0.130257 0.0496494 0.00186666 0.00207038
 0.691387 0.268337 0.0285365 0.0108771 0.000862517
 0.760369 0.183733 0.0486033 0.00516875 0.00212637
 0.275552 0.599069 0.0961317 0.02543 0.00381692
 0.782732 0.0774983 0.11558 0.018547 0.0056427
 0.685069 0.264259 0.0180742 0.0269557 0.00564153
 0.432985 0.430147 0.114846 0.00785498 0.0141667
 0.740055 0.135602 0.0943291 0.0251851 0.00482923
 0.729353 0.217802 0.0275667 0.0191763 0.00610166
 0.359579 0.508507 0.106157 0.013436 0.0123205
 0.439979 0.249068 0.246903 0.0515438 0.0125059
pobs_RECLAS
 0 0 0 0 0
 0 0 0 0 0
 0 0 0 0 0
 0 0 0 0 0
 0 0 0 0 0
 0 0 0 0 0
 0 0 0 0 0
 0 0 0 0 0
 0 0 0 0 0
 0 0 0 0 0
 0.991045 0.00858322 0.000360255 1.14367e-05 0
 0.934742 0.0480273 0.0164251 0.00080598 0
 0.827803 0.169806 0.00239088 0 0
 0.941827 0.0461693 0.0120037 0 0
 0.791401 0.0380133 0.147996 0.0225897 0
 0.846168 0.0940531 0.0597789 0 0
 0.134021 0.677848 0.182769 0.00536245 0
 0.80878 0.0450904 0.141981 0.00414843 0
 0.846168 0.0940531 0.0597789 0 0
 0.905697 0.0802665 0.012482 0.00150086 5.37128e-05
 0.989698 0.0102097 9.19794e-05 0 0
 0.975433 0.0193895 0.00387452 0.00125025 5.28907e-05
 0.303575 0.632131 0.0575291 0.00676475 0
 0.966965 0.00978017 0.0227588 0.000495775 0
 0.843318 0.132988 0.00938335 0.0141283 0.000182051
 0.564624 0.303363 0.111486 0.0197234 0.00080311
 0.826376 0.0876187 0.0782897 0.00655872 0.00115652
 0.89761 0.0855135 0.0140674 0.00269457 0.000114338
 0.34875 0.467042 0.161289 0.0227151 0.000203297
 0.318654 0.224769 0.449479 0.00709798 0
ppred_RECLAS
 0.616056 0.121456 0.24424 0.018248 6.99033e-07
 0.557395 0.27638 0.0525833 0.105742 0.00790063
 0.695909 0.174423 0.0809695 0.0154051 0.0332932
 0.817724 0.129325 0.0303723 0.0140992 0.00847981
 0.755555 0.203217 0.0292508 0.00686964 0.00510694
 0.830753 0.128842 0.0335898 0.00483487 0.00197961
 0.567094 0.362806 0.0533656 0.0139126 0.00282251
 0.571603 0.25657 0.144003 0.0211817 0.00664245
 0.656053 0.198638 0.0870267 0.0488449 0.00943774
 0.836675 0.110867 0.0302958 0.0132731 0.00888913
 0.933641 0.0569635 0.00637762 0.00174275 0.00127488
 0.838254 0.151278 0.0089857 0.00100604 0.000476016
 0.651756 0.296017 0.0488475 0.00290147 0.000478553
 0.779802 0.14873 0.0607498 0.0100247 0.000693663
 0.944943 0.0454418 0.00649428 0.00265263 0.000468015
 0.970071 0.0284906 0.00118707 0.000169648 8.15199e-05
 0.459843 0.525303 0.0141404 0.000589162 0.000124659
 0.9219 0.0370292 0.039941 0.00107515 5.42748e-05
 0.684562 0.292263 0.0109881 0.0118522 0.00033515
 0.860661 0.0987246 0.0376303 0.00141478 0.00156918
 0.756155 0.212022 0.0225476 0.00859434 0.000681503
 0.815444 0.141505 0.0374326 0.0039808 0.00163766
 0.344586 0.541983 0.0869711 0.0230067 0.00345319
 0.832564 0.0597234 0.0890711 0.0142931 0.0043485
 0.750076 0.209712 0.0143434 0.0213917 0.00447704
 0.512465 0.369852 0.0987477 0.00675392 0.0121809
 0.797141 0.105823 0.0736137 0.0196543 0.00376869
 0.787716 0.170835 0.0216221 0.0150411 0.00478588
 0.435894 0.447912 0.0935068 0.0118349 0.0108523
 0.520924 0.213068 0.211216 0.0440937 0.0106983
pobs_PELACES
 0 0 0 0 0
 0 0 0 0 0
 0 0 0 0 0
 0 0 0 0 0
 0 0 0 0 0
 0 0 0 0 0
 0 0 0 0 0
 0 0 0 0 0
 0 0 0 0 0
 0 0 0 0 0
 0 0 0 0 0
 0 0 0 0 0
 0 0 0 0 0
 0 0 0 0 0
 0 0 0 0 0
 0 0 0 0 0
 0.505614 0.472636 0.0217494 0 0
 0 0 0 0 0
 0.443492 0.261883 0.143347 0.151278 0
 0.227955 0.32914 0.350689 0.0885471 0.00366901
 0.970185 0.0296113 0.000203453 0 0
 0.997202 0.00247181 0.000326279 0 0
 0.445219 0.490057 0.0546422 0.010081 0
 0.90214 0.0892962 0.00764917 0.000914606 0
 0 0 0 0 0
 0.581667 0.319106 0.0959925 0.00289975 0.000334073
 0.762889 0.0836404 0.116647 0.0363945 0.000428098
 0.88444 0.0763242 0.0277011 0.0115352 0
 0.521256 0.241999 0.230069 0.00667565 0
 0.616807 0.101726 0.260614 0.0208532 0
ppred_PELACES
 0.570023 0.132148 0.276961 0.0208677 8.00734e-07
 0.517639 0.295835 0.058661 0.118961 0.00890331
 0.660582 0.190942 0.0923797 0.0177246 0.0383707
 0.796455 0.1425 0.0348794 0.0163284 0.0098371
 0.722313 0.229114 0.0343706 0.00814031 0.00606176
 0.806902 0.145479 0.0395281 0.00573776 0.00235325
 0.540837 0.382064 0.0585708 0.0153988 0.00312927
 0.525347 0.279374 0.163422 0.0242413 0.00761475
 0.624509 0.212733 0.0971365 0.0549804 0.0106411
 0.824139 0.11763 0.0335006 0.0148014 0.00992932
 0.921997 0.0665328 0.00776345 0.0021394 0.00156767
 0.819954 0.167921 0.0103953 0.0011737 0.000556285
 0.623605 0.317905 0.054674 0.00327503 0.000541075
 0.778238 0.147698 0.0628751 0.0104632 0.000725223
 0.939575 0.0494824 0.00737027 0.0030359 0.000536539
 0.966053 0.0322473 0.00140031 0.000201817 9.71407e-05
 0.423165 0.560315 0.0157196 0.0006605 0.000139989
 0.909247 0.0420887 0.047315 0.00128443 6.49482e-05
 0.659417 0.314477 0.0123225 0.0134039 0.000379666
 0.841947 0.1106 0.0439364 0.00166584 0.00185075
 0.726868 0.236105 0.0261688 0.010059 0.000798987
 0.79279 0.157281 0.0433623 0.00465041 0.00191635
 0.309814 0.566392 0.094725 0.0252698 0.00379927
 0.805658 0.0674202 0.104795 0.0169585 0.0051681
 0.718333 0.234533 0.0167182 0.0251444 0.0052713
 0.469567 0.398184 0.1108 0.00764237 0.0138064
 0.76736 0.118834 0.0861542 0.0231971 0.00445551
 0.758007 0.192986 0.0254569 0.0178584 0.0056919
 0.394437 0.476501 0.103674 0.0132328 0.0121546
 0.478065 0.226581 0.234093 0.0492831 0.0119775
pobs_pel_tallas
 0 0 0 0 0 0 0 0 0 0 0 0 0 0 0 0 0 0 0 0 0 0 0 0 0 0
 0 0 0 0 0 0 0 0 0 0 0 0 0 0 0 0 0 0 0 0 0 0 0 0 0 0
 0 0 0 0 0 0 0 0 0 0 0 0 0 0 0 0 0 0 0 0 0 0 0 0 0 0
 0 0 0 0 0 0 0 0 0 0 0 0 0 0 0 0 0 0 0 0 0 0 0 0 0 0
 0 0 0 0 0 0 0 0 0 0 0 0 0 0 0 0 0 0 0 0 0 0 0 0 0 0
 0 0 0 0 0 0 0 0 0 0 0 0 0 0 0 0 0 0 0 0 0 0 0 0 0 0
 0 0 0 0 0 0 0 0 0 0 0 0 0 0 0 0 0 0 0 0 0 0 0 0 0 0
 0 0 0 0 0 0 0 0 0 0 0 0 0 0 0 0 0 0 0 0 0 0 0 0 0 0
 0 0 0 0 0 0 0 0 0 0 0 0 0 0 0 0 0 0 0 0 0 0 0 0 0 0
 0 0 0 0 0 0 0 0 0 0 0 0 0 0 0 0 0 0 0 0 0 0 0 0 0 0
 0 0 0 0 0 0 0 0 0 0 0 0 0 0 0 0 0 0 0 0 0 0 0 0 0 0
 0 0 0 0 0 0 0 0 0 0 0 0 0 0 0 0 0 0 0 0 0 0 0 0 0 0
 0.00862536 0 0 0.000197151 0.00414017 0.0128641 0.00837892 0.0270097 0.101434 0.158115 0.152841 0.127902 0.109271 0.109419 0.0830992 0.0579132 0.0238553 0.00714673 0.00463305 0.00128148 0.00103504 0.000492878 0.000147863 0.000147863 4.92878e-05 0
 0 0 0 0 0 0 0 0 0 0 0 0 0 0 0 0 0 0 0 0 0 0 0 0 0 0
 0 0 0 0 0 0 0 0.0054083 0.00873648 0.0413646 0.0450493 0.0745869 0.0622846 0.0627006 0.0613931 0.0827291 0.12552 0.122667 0.0946155 0.0697135 0.0546179 0.0294188 0.0215738 0.0213955 0.0102223 0.00600262
 0 0 0 0 0.00359764 0.0251062 0.0480494 0.140153 0.205849 0.193036 0.1447 0.116669 0.0760912 0.0342217 0.00950174 0.001854 0.000860785 0 0 0 0.000165536 0 0.000143464 0 0 0
 0 0 0 0 0 0 0 0.000145254 0.000435761 0.0275982 0.070085 0.0708112 0.156366 0.174668 0.174014 0.160142 0.0824315 0.0480064 0.0283245 0.00493863 0.00203355 0 0 0 0 0
 0 0 0 0 0 0 0 0 0 0 0 0 0 0 0 0 0 0 0 0 0 0 0 0 0 0
 0 0 1.00437e-05 0.000401748 0.00122533 0.00171747 0.00176769 0.0269171 0.070346 0.194647 0.189555 0.159765 0.064822 0.0314167 0.0384472 0.0292271 0.0345202 0.0313363 0.0194345 0.0106764 0.0143323 0.0359363 0.0279516 0.0138201 0.00172751 0
 0 0.0021121 0.0136068 0.0755702 0.200478 0.177729 0.0527432 0.0373336 0.0318909 0.0142505 0.0149659 0.0166563 0.0217959 0.0798694 0.0677717 0.0528807 0.04013 0.0224614 0.0357745 0.0225083 0.00881397 0.00855152 0.00135912 0.000746735 0 0
 0 0 0 0 5.4009e-05 0.00500934 0.000945158 0.0243581 0.138947 0.33067 0.221406 0.137944 0.0707744 0.0437923 0.0131692 0.00525238 0.0047753 0.00276346 9.45158e-05 9.00151e-06 2.25038e-05 9.00151e-06 4.50075e-06 0 0 0
 0.000866109 0.00284123 0.00948549 0.0512746 0.133035 0.25785 0.225252 0.132002 0.0553304 0.0519788 0.0540692 0.017754 0.00435017 0.00159236 0.00146478 0.000404838 0.000125132 0.000115318 0.000107957 0.000100596 0 0 0 0 0 0
 0 0 0 0 0.00144013 0.00171154 0.00461396 0.0210425 0.0478622 0.0707936 0.0888783 0.103762 0.0637923 0.0337046 0.0602308 0.124433 0.169614 0.0934646 0.0462172 0.0250306 0.0313229 0.00938855 0.002487 0.000210481 0 0
 0 0.00764035 0.051015 0.0998891 0.058973 0.0496711 0.0374665 0.0718981 0.12319 0.153886 0.159021 0.0857701 0.0377988 0.023471 0.0147837 0.00900784 0.00315554 0.000888139 0.00291439 0.00214683 0.00393193 0.00274676 0.000635225 9.99891e-05 0 0
 0 0 0 0 0 0 0 0 0 0 0 0 0 0 0 0 0 0 0 0 0 0 0 0 0 0
 0 0 0 0 0 0 0 0 0 0 0 0 0 0 0 0 0 0 0 0 0 0 0 0 0 0
 0 0 0 0 0 0 0 0 0 0 0 0 0 0 0 0 0 0 0 0 0 0 0 0 0 0
 0 0 0 0 0 0 0 0 0 0 0 0 0 0 0 0 0 0 0 0 0 0 0 0 0 0
 0 0 0 0 0 0 0 0 0 0 0 0 0 0 0 0 0 0 0 0 0 0 0 0 0 0
 0 0 0 0 0 0 0 0 0 0 0 0 0 0 0 0 0 0 0 0 0 0 0 0 0 0
ppred_pel_tallas
 1.1012e-16 4.6952e-05 0.000456391 0.00303288 0.013787 0.0428966 0.0913963 0.133398 0.133411 0.0914607 0.043114 0.0144201 0.0046414 0.00403191 0.00702496 0.0120272 0.0184545 0.0255618 0.0325332 0.0388539 0.0443644 0.0488829 0.0518028 0.0521611 0.0492113 0.0430282
 1.15206e-16 4.26373e-05 0.00041445 0.00275417 0.0125201 0.0389547 0.0829982 0.121144 0.121173 0.0831379 0.0394239 0.0138763 0.00616234 0.00786777 0.0142388 0.0235859 0.0342575 0.0437264 0.0494955 0.0505443 0.0479756 0.0442281 0.0414639 0.0403824 0.0401886 0.0394433
 1.10986e-16 5.44113e-05 0.000528898 0.00351471 0.0159774 0.0497117 0.105917 0.154592 0.154611 0.106007 0.050016 0.0168578 0.00573017 0.00538395 0.00933045 0.0154858 0.0226511 0.0292289 0.0336305 0.0351504 0.0343569 0.0326055 0.0310813 0.0301425 0.0293665 0.0280685
 1.04346e-16 6.56029e-05 0.000637684 0.00423764 0.0192637 0.0599365 0.127702 0.186387 0.186401 0.127769 0.0601625 0.0199167 0.00587816 0.00422393 0.00689136 0.0113287 0.0164087 0.0208418 0.0233652 0.0234136 0.0214493 0.0186211 0.016031 0.0141863 0.0129595 0.0119223
 1.02893e-16 5.9496e-05 0.000578322 0.00384316 0.0174704 0.0543572 0.115815 0.169039 0.169061 0.115922 0.0547196 0.0185172 0.00647088 0.00631537 0.0109573 0.0180263 0.0259759 0.032696 0.036077 0.0351482 0.0306499 0.0245191 0.0187179 0.0143183 0.0113723 0.00937268
 1.02152e-16 6.64635e-05 0.000646049 0.00429322 0.0195164 0.0607227 0.129377 0.188832 0.188846 0.129445 0.0609534 0.020183 0.005968 0.00430684 0.00703281 0.0115575 0.0167262 0.0212075 0.0236846 0.0235401 0.0211997 0.0178015 0.0144732 0.0117934 0.00975393 0.00807311
 1.03862e-16 4.45481e-05 0.000433024 0.0028776 0.0130812 0.0407005 0.0867182 0.126575 0.126612 0.0868981 0.0413049 0.0148268 0.00725974 0.0100006 0.0182188 0.0300588 0.0433196 0.0545237 0.0601499 0.0585678 0.0509944 0.0406409 0.0307666 0.0231633 0.0179454 0.0143179
 1.08508e-16 4.32722e-05 0.000420622 0.00279518 0.0127065 0.0395348 0.084234 0.122948 0.122975 0.0843666 0.0399807 0.013997 0.00604396 0.00754434 0.0136652 0.0227646 0.033353 0.0431196 0.049699 0.0519473 0.0505058 0.0471263 0.0433628 0.0397328 0.0358701 0.0312642
 1.10173e-16 5.144e-05 0.000500015 0.00332278 0.0151049 0.046997 0.100133 0.146151 0.146172 0.100234 0.047336 0.0160855 0.00579054 0.00590778 0.0103831 0.0172469 0.0252277 0.0325552 0.0374633 0.039167 0.0382909 0.0363175 0.034517 0.0332267 0.0319329 0.0298863
 1.04162e-16 6.78832e-05 0.000659849 0.00438493 0.0199333 0.0620199 0.13214 0.192865 0.192876 0.132196 0.0622065 0.0204729 0.00574104 0.00362567 0.00571675 0.00938684 0.0136195 0.0173513 0.0195515 0.0197607 0.0183561 0.0162657 0.0143648 0.0130315 0.0121266 0.0112792
 1.00721e-16 7.59437e-05 0.000738199 0.00490559 0.0223001 0.069384 0.14783 0.215764 0.21577 0.147862 0.0694892 0.0226038 0.00566784 0.00240183 0.00323444 0.0052243 0.0075123 0.00943434 0.0103702 0.0100368 0.00865346 0.00679343 0.00504172 0.00372444 0.00286542 0.00231684
 1.00555e-16 6.75385e-05 0.000656499 0.00436266 0.0198321 0.061705 0.13147 0.191887 0.191903 0.131548 0.06197 0.0205974 0.00628263 0.00484413 0.00800981 0.0131065 0.0188067 0.0235077 0.0256248 0.0244263 0.0204721 0.0152487 0.0103043 0.00654952 0.00412249 0.00269513
 1.0208e-16 5.13656e-05 0.000499292 0.00331797 0.015083 0.0469291 0.0999885 0.145943 0.145973 0.100138 0.0474321 0.0165359 0.00696534 0.00846318 0.0151808 0.0250268 0.036071 0.0454043 0.0500835 0.0487274 0.042314 0.0334809 0.0249253 0.0181624 0.013357 0.00994663
 1.03025e-16 6.41025e-05 0.000623099 0.00414071 0.0188231 0.0585657 0.124781 0.182124 0.182139 0.124851 0.0588006 0.0195026 0.00584949 0.00436399 0.00719985 0.0118825 0.0172997 0.0221478 0.0251295 0.0256256 0.0240182 0.0213458 0.0185913 0.0161888 0.0140457 0.0118971
 1.00621e-16 7.73915e-05 0.000752273 0.00499912 0.0227253 0.0707068 0.150649 0.219877 0.219882 0.150672 0.0707851 0.0229514 0.00556669 0.0019915 0.00243153 0.00389902 0.00561332 0.00706794 0.00780433 0.0076136 0.00665593 0.00534858 0.00411244 0.00317468 0.00254199 0.00210218
 1.00086e-16 7.95725e-05 0.000773473 0.00514 0.0233657 0.0726994 0.154894 0.226073 0.226076 0.154909 0.0727503 0.0235126 0.0055085 0.00157704 0.00160319 0.00251786 0.0036038 0.00449888 0.00489379 0.00464773 0.00386954 0.00284767 0.00188343 0.00115532 0.000691689 0.000428733
 1.00687e-16 3.48557e-05 0.00033881 0.00225151 0.0102351 0.0318454 0.067852 0.0990433 0.0990972 0.0681153 0.0327292 0.0127865 0.00865085 0.0142914 0.0264827 0.043593 0.0624807 0.0779097 0.0845667 0.0799988 0.0661093 0.0479504 0.0308216 0.0178954 0.0097185 0.0052016
 1.01517e-16 7.48935e-05 0.000727991 0.00483776 0.0219917 0.0684245 0.145786 0.21278 0.212784 0.145806 0.0684924 0.0221886 0.005335 0.00182352 0.00218479 0.00356938 0.00531061 0.00704242 0.00843142 0.00929926 0.00968262 0.00972911 0.00952914 0.0090444 0.0081848 0.00694071
 1.01845e-16 5.43153e-05 0.000527965 0.00350851 0.0159492 0.0496241 0.10573 0.154323 0.154353 0.105878 0.0501203 0.017382 0.00710262 0.00836621 0.014918 0.0245179 0.0351778 0.043955 0.0478951 0.0456499 0.0383014 0.0286692 0.0196711 0.0129944 0.00883655 0.00649361
 1.01777e-16 6.93501e-05 0.000674108 0.00447968 0.020364 0.06336 0.134996 0.197032 0.197043 0.135048 0.0635358 0.0208723 0.00575763 0.00347063 0.00540015 0.00886883 0.0128871 0.0164493 0.0185686 0.0187711 0.0173435 0.0150811 0.0127564 0.010743 0.00901787 0.00741089
 1.0196e-16 5.98712e-05 0.000581969 0.00386739 0.0175806 0.0546999 0.116545 0.170105 0.170128 0.116656 0.0550731 0.0186582 0.00657186 0.00648418 0.0112644 0.018515 0.0266367 0.033436 0.0367193 0.0354767 0.0304821 0.0237682 0.0174139 0.0125859 0.00938424 0.00730606
 1.02083e-16 6.53011e-05 0.00063475 0.00421814 0.0191751 0.0596608 0.127114 0.18553 0.185545 0.127188 0.0599102 0.0198958 0.00602883 0.00459261 0.0075969 0.0124945 0.0180819 0.0229232 0.0255921 0.0254166 0.0228513 0.0191223 0.0154485 0.0124623 0.010169 0.00828217
 1.06056e-16 2.5519e-05 0.000248054 0.00164841 0.00749347 0.0233153 0.0496776 0.0725174 0.072572 0.0499445 0.0242114 0.0100822 0.00814773 0.0144401 0.0269905 0.044611 0.064333 0.0810499 0.0895592 0.0874475 0.0765027 0.0614439 0.0470446 0.0359041 0.0281581 0.0226316
 1.05617e-16 6.6361e-05 0.000645053 0.0042866 0.0194863 0.0606291 0.129177 0.188539 0.188546 0.129209 0.0607389 0.0198054 0.00509511 0.00243463 0.00353728 0.0059315 0.00897893 0.0122134 0.015183 0.0176473 0.0196339 0.0212438 0.022392 0.0227499 0.0219518 0.0198788
 1.03957e-16 5.91682e-05 0.000575136 0.00382198 0.0173742 0.0540577 0.115176 0.168108 0.168131 0.115287 0.0544282 0.0184441 0.00650678 0.00643363 0.0111788 0.0183708 0.0264241 0.0331678 0.0364452 0.0352946 0.0305426 0.0242643 0.0185472 0.0145067 0.0121239 0.0107312
 1.06403e-16 3.86777e-05 0.000375961 0.00249839 0.0113574 0.0353372 0.075291 0.109897 0.109936 0.075479 0.0359686 0.0131822 0.00708295 0.0103974 0.0191101 0.0316327 0.0457991 0.0580812 0.0648847 0.0645202 0.0581518 0.0488946 0.0398378 0.0325721 0.0270809 0.0225927
 1.05598e-16 6.32064e-05 0.000614389 0.00408283 0.01856 0.057747 0.123037 0.179578 0.179589 0.123093 0.0579373 0.0191111 0.00547191 0.00366536 0.0059123 0.00981778 0.0144737 0.0189095 0.0221671 0.0237908 0.0240385 0.0235748 0.0229179 0.0221157 0.0208637 0.0188684
 1.03539e-16 6.24361e-05 0.000606901 0.00403307 0.0183338 0.0570432 0.121537 0.177391 0.17741 0.121628 0.0573485 0.0192154 0.00624624 0.00543895 0.00924162 0.0151862 0.0218887 0.0275707 0.0304708 0.0297958 0.0261968 0.0213249 0.0168277 0.0135662 0.0115065 0.0101289
 1.06498e-16 3.24894e-05 0.000315808 0.00209866 0.00954023 0.0296834 0.0632454 0.0923182 0.0923641 0.0634701 0.0304381 0.0117207 0.00757476 0.0122792 0.0227794 0.0376761 0.05443 0.0687787 0.0763796 0.0752077 0.0667198 0.0547814 0.0432701 0.0342493 0.0277726 0.022874
 1.13783e-16 3.93776e-05 0.000382765 0.00254361 0.0115629 0.0359765 0.0766526 0.111881 0.111904 0.0767611 0.0363417 0.0126218 0.00521772 0.0062734 0.0113826 0.0191634 0.0285569 0.037914 0.0455302 0.050561 0.0533507 0.0548221 0.0554892 0.0549969 0.05252 0.0475547
pSPR Fmed_Fpbrs
0.554397   0.6 0.325
Fs Fmed_Fpbrs
0.34   0.29004 0.714479
SSBpbr Bo_Bmed_Bpbrs
1.06309e+06  536218  584698 292349
Ro
115601
SPR SPRFo_SPRFmed_SPRFpbrs
822905 456216 267444
Fref
0.29004
Nvult_r0
 31670.6 14160.2 14037.1 2930.41 710.995
CTP_r0
 5545.6 3183.64 3155.96 658.843 159.853
YTP_r0
201392
Np
 158696 47215.3 3329.15 1285.16 1624.66
Nvult_p0
 111481 34218.8 2412.77 931.405 1177.46
CTP_p0
 19520.5 1970.73 760.764 754.15 195.059
 19520.5 7693.41 542.463 209.408 264.728
YTP_p0
 230382 310382
CBA_c0
210089
log_Ro
11.4779
likeval ReclasPelacesDesembMPH_pf_preclas_ppelaces_ptallas_desvR_qrecl_qpela
 26.5656 28.1303 0.0230737 36.0983 217.045 116.141 100.729 0 25.7505 1.5568e-05 4.47293e-05 0.0920307 7.40757e-16 0 0
q_reclas_q_pelaces
1.74717 2.57494
M
1
N
 159160 32515.2 65386.1 4885.22 0.18714
 91031.8 48212.9 9172.87 18446.1 1378.22
 87359.5 23367.9 10847.7 2063.85 4460.37
 129653 22529.7 5291.17 2456.22 1477.27
 102798 28525 4105.84 964.268 716.845
 195054 31896.3 8315.51 1196.92 490.073
 73694.5 53741 7904.84 2060.83 418.088
 28850 13267.1 7446.37 1095.3 343.479
 27717.1 9298.58 4073.87 2286.51 441.797
 37139.8 5824.69 1591.66 697.334 467.012
 86887.4 5445.2 609.643 166.592 121.867
 139907 27613.1 1640.18 183.634 86.8881
 62518.9 31573.9 5210.19 309.478 51.0436
 50626.3 12886.4 5263.52 868.566 60.1008
 69423.4 3853.3 550.691 224.933 39.686
 364322 11674.3 486.412 69.515 33.4035
 68842.1 83287.6 2241.98 93.4126 19.7649
 431436 18513.4 19969.2 537.543 27.1357
 231357 110635 4159.52 4486.61 126.87
 370395 45828 17468 656.74 728.415
 303286 90138.7 9585.87 3653.79 289.734
 432644 81188.4 21477 2283.99 939.607
 62591.3 103824 16660.4 4407.22 661.502
 228937 17224.3 25688.2 4122.14 1254.11
 221764 64927.4 4440.76 6622.92 1386.1
 84715.3 63432.3 16935.9 1158.35 2089.11
 183080 25492.1 17733.1 4734.61 907.859
 230388 51906.8 6569.71 4570.1 1454.15
 64620 68830.8 14369.2 1818.68 1667.68
 45084 19538.3 19368.5 4043.39 981.034
pred_Ctot
 18048.5 4896.59 9846.73 735.682 0.0281821
 17905.3 12316.1 2343.23 4712.09 352.069
 16991.9 5906.52 2741.88 521.663 1127.41
 34336.7 7601.74 1785.29 828.753 498.445
 10316.2 3814.42 549.042 128.944 95.858
 31691.6 6793.45 1771.08 254.927 104.379
 25185.3 22871.5 3364.21 877.064 177.933
 2283.62 1406.97 789.68 116.155 36.4256
 7858.31 3340.6 1463.57 821.451 158.72
 15186.6 2904.42 793.666 347.719 232.871
 7566.1 633.984 70.9807 19.3963 14.1889
 35560.6 8969.27 532.762 59.6478 28.223
 18205.6 11624.4 1918.21 113.939 18.7924
 28612.6 8423.02 3440.44 567.727 39.2841
 25357.3 1740.08 248.682 101.576 17.9215
 90598 3715.86 154.822 22.1262 10.6321
 12007 18981.1 510.945 21.2886 4.5044
 85071.1 4740.38 5113.14 137.638 6.94812
 70938.9 42693.7 1605.14 1731.37 48.9586
 81945.6 13078.4 4985.01 187.42 207.875
 53573.9 20792.8 2211.22 842.839 66.8344
 98428.4 23783.9 6291.61 669.086 275.255
 10207.1 22191 3560.95 941.987 141.388
 33861.5 3352.63 5000.09 802.357 244.107
 31832.6 12279.1 839.838 1252.53 262.141
 9908.6 9843.66 2628.18 179.756 324.195
 27106.6 4966.81 3455.07 922.478 176.884
 27830.7 8310.89 1051.89 731.728 232.827
 7392.55 10454.3 2182.47 276.229 253.295
 7917.12 4481.81 4442.84 927.495 225.035
F
 0.194282 0.265458 0.265458 0.265458 0.265458
 0.359844 0.491676 0.491676 0.491676 0.491676
 0.355196 0.485325 0.485325 0.485325 0.485325
 0.514086 0.702425 0.702425 0.702425 0.702425
 0.170275 0.232657 0.232657 0.232657 0.232657
 0.2891 0.395014 0.395014 0.395014 0.395014
 0.714638 0.976451 0.976451 0.976451 0.976451
 0.132248 0.180698 0.180698 0.180698 0.180698
 0.559944 0.765084 0.765084 0.765084 0.765084
 0.919955 1.25699 1.25699 1.25699 1.25699
 0.146323 0.19993 0.19993 0.19993 0.19993
 0.488652 0.667673 0.667673 0.667673 0.667673
 0.579298 0.791528 0.791528 0.791528 0.791528
 1.57554 2.15275 2.15275 2.15275 2.15275
 0.782834 1.06963 1.06963 1.06963 1.06963
 0.475739 0.650029 0.650029 0.650029 0.650029
 0.313321 0.428108 0.428108 0.428108 0.428108
 0.360883 0.493096 0.493096 0.493096 0.493096
 0.619066 0.845866 0.845866 0.845866 0.845866
 0.413219 0.564605 0.564605 0.564605 0.564605
 0.317902 0.434368 0.434368 0.434368 0.434368
 0.427222 0.583738 0.583738 0.583738 0.583738
 0.290306 0.396662 0.396662 0.396662 0.396662
 0.260177 0.355495 0.355495 0.355495 0.355495
 0.251642 0.343833 0.343833 0.343833 0.343833
 0.200926 0.274537 0.274537 0.274537 0.274537
 0.260474 0.3559 0.3559 0.3559 0.3559
 0.208116 0.28436 0.28436 0.28436 0.28436
 0.196146 0.268005 0.268005 0.268005 0.268005
 0.315771 0.431456 0.431456 0.431456 0.431456
YTP_r0W_actual
 40482.9 50619.8 83633 20885.3 5770.69
YTP_p0W_proyectada
 147185 34389.2 18311.6 23620 6875.83
 147185 134250 13057.1 6558.65 9331.66
CTP_r0_actual
 5545.6 3183.64 3155.96 658.843 159.853
CTP_p0_proyectada
 19520.5 1970.73 760.764 754.15 195.059
 19520.5 7693.41 542.463 209.408 264.728
Wmedp
 7.54 17.45 24.07 31.32 35.25
Frms_r0
 0.212272 0.29004 0.29004 0.29004 0.29004
Zrms_r0
 1.21227 1.29004 1.29004 1.29004 1.29004
nmprior
 7.29 8.9 8.7 0
nm_flota  nm_reclas  nm_pelaces    nm_pelaL
inf 14.1034 11.7105 19.1553
cv_recla  cv_pelaces  cv_mph
0.238592 0.52008 0.509812
 ------------------------------------------------
Talla a la edad & desviaci?n 
 8 13.2811 15.8009 17.003 17.5766
 0.8 1.32811 1.58009 1.7003 1.75766
