years
 1991 1992 1993 1994 1995 1996 1997 1998 1999 2000 2001 2002 2003 2004 2005 2006 2007 2008 2009 2010 2011 2012 2013 2014 2015 2016 2017 2018 2019
reclasobs
 0 0 0 0 0 0 0 0 0 252601 567819 844713 477998 351125 339783 2.1784e+06 2.13404e+06 4.81314e+06 1.55562e+06 2.62356e+06 3.21686e+06 3.843e+06 1.13348e+06 3.07943e+06 1.97215e+06 2.03268e+06 2.025e+06 2.42433e+06 2.27542e+06
reclaspred
 4.31622e+06 2.32254e+06 1.13529e+06 1.42048e+06 1.64527e+06 3.37397e+06 1.8562e+06 1.37719e+06 785390 274371 559996 1.07082e+06 680385 301962 515123 1.75676e+06 1.48164e+06 3.24573e+06 2.26592e+06 2.45614e+06 4.01239e+06 2.86757e+06 1.52832e+06 2.53016e+06 2.01156e+06 1.69239e+06 2.2279e+06 2.37566e+06 1.85765e+06
pelacesobs
 0 0 0 0 0 0 0 0 0 0 0 0 0 0 0 552880 188675 0 991730 2.46772e+06 1.41603e+06 1.21717e+06 2.29649e+06 1.80582e+06 0 1.4828e+06 1.56532e+06 1.57751e+06 1.42118e+06
pelacespred
 3.67152e+06 1.91197e+06 858907 711497 1.08882e+06 2.09618e+06 1.23004e+06 1.25294e+06 610707 119442 281647 479639 332189 89625.9 199724 661035 779516 1.63093e+06 1.13447e+06 1.10627e+06 2.10559e+06 1.58413e+06 960328 1.45733e+06 1.22209e+06 1.12449e+06 1.47634e+06 1.48093e+06 1.27929e+06
mphobs
 0 0 0 0 0 0 0 0 0 0 0 0 498337 0 5186 125008 0 168611 109162 213762 579715 649985 157893 87575 83554 210694 70296 0 107559
mphpred
 760950 521841 231188 134278 199261 285553 463507 198488 166884 61948.3 16768.5 97889.2 126619 39305.4 11948.5 48614.2 247104 174131 348578 183415 370340 361728 255073 131662 291753 229923 179327 255535 339752
desembarqueobs
 494567 514787 250237 358949 120608 361735 552515 73892 212993 205616 52469 317467 293654 387597 252695 516296 358380 742168 942051 627588 828172 859565 418607 520667 417249 300574 415391 372974 316634
desembarquepred
 494555 514431 250393 358940 120609 361714 552478 73897.9 213077 205689 52470.6 317382 293649 387517 252485 516177 358564 742059 941178 627045 828311 859483 418564 520743 417141 300573 415333 372887 316545
Reclutas
 144443 96052.1 84064.2 128654 92718.1 194089 69062.5 23944.6 22870.8 29959.1 51894 114709 56529.5 59114.4 53053.4 248006 52676.5 313805 225881 274658 224989 318840 43589.8 145037 146121 51817.2 129092 123169 59565.4
log_desv_Rt
 0.413237 0.00524424 -0.128066 0.297479 -0.0300832 0.708669 -0.324635 -1.3839 -1.42978 -1.15981 -0.610443 0.182755 -0.524884 -0.480173 -0.588348 0.953807 -0.595477 1.18912 0.860364 1.05588 0.856405 1.20504 -0.784823 0.417343 0.424791 -0.611925 0.300878 0.253913 -0.472572
SSB
 760950 521841 231188 134278 199261 285553 463507 198488 166884 61948.3 16768.5 97889.2 117492 37680 11334 46650.4 247104 174131 366049 190685 397780 418902 318805 151743 307866 263257 188763 255535 357226
BT
 1.308e+06 980396 445145 582006 476998 1.21256e+06 828819 463978 394966 239187 202488 492171 395568 446477 372749 808900 551820 1.5208e+06 1.37708e+06 1.00181e+06 1.63188e+06 1.38294e+06 663284 1.24583e+06 819226 656027 1.13888e+06 983198 645472
Ftot
 0.461004 0.852186 0.846322 0.940938 0.296695 0.423173 1.10629 0.220507 1.01291 2.26032 0.364348 1.08134 1.49373 3.22313 1.63998 1.06175 0.917777 0.852385 1.44524 0.943397 0.786936 1.09634 1.02756 0.774396 0.791893 0.692327 0.709418 0.605924 0.671764
BD_Bspro_t
 0.928894 0.573782 0.30492 0.220535 0.271066 0.396277 0.453551 0.239287 0.269773 0.146382 0.0608614 0.350761 0.257231 0.0890398 0.0288926 0.108634 0.276653 0.200612 0.285889 0.16156 0.237524 0.242258 0.210996 0.131414 0.26094 0.271906 0.251095 0.341539 0.40081
BD_Bspro
 1.12057 0.768462 0.340447 0.197738 0.293432 0.420505 0.68256 0.292294 0.245754 0.091225 0.0246932 0.144152 0.173019 0.0554875 0.0166904 0.0686973 0.363886 0.256426 0.539043 0.280802 0.58577 0.616874 0.469473 0.223456 0.453363 0.387672 0.277972 0.3763 0.52605
BD_Bo
 1.55633 1.06729 0.472837 0.274632 0.407538 0.584026 0.947986 0.405958 0.34132 0.1267 0.0342957 0.200208 0.240301 0.0770649 0.0231808 0.0954115 0.505389 0.356142 0.74866 0.389997 0.813557 0.856757 0.652036 0.310351 0.629661 0.538425 0.386067 0.522632 0.730615
BD_Brms
 9.5668 6.56068 2.90654 1.68817 2.50515 3.59002 5.8273 2.49543 2.0981 0.778825 0.210816 1.23068 1.47714 0.47372 0.142493 0.586497 3.10664 2.18921 4.60204 2.39732 5.00096 5.26651 4.00808 1.90774 3.87054 3.30971 2.37317 3.21263 4.49111
Sel_flota
 0.793632 1 1 1 1
 0.793632 1 1 1 1
 0.793632 1 1 1 1
 0.793632 1 1 1 1
 0.793632 1 1 1 1
 0.793632 1 1 1 1
 0.793632 1 1 1 1
 0.793632 1 1 1 1
 0.793632 1 1 1 1
 0.793632 1 1 1 1
 0.793632 1 1 1 1
 0.793632 1 1 1 1
 0.793632 1 1 1 1
 0.793632 1 1 1 1
 0.793632 1 1 1 1
 0.793632 1 1 1 1
 0.793632 1 1 1 1
 0.793632 1 1 1 1
 0.793632 1 1 1 1
 0.793632 1 1 1 1
 0.793632 1 1 1 1
 0.793632 1 1 1 1
 0.793632 1 1 1 1
 0.793632 1 1 1 1
 0.793632 1 1 1 1
 0.793632 1 1 1 1
 0.793632 1 1 1 1
 0.793632 1 1 1 1
 0.793632 1 1 1 1
Sel_reclas
 0.729269 1 1 1 1
 0.729269 1 1 1 1
 0.729269 1 1 1 1
 0.729269 1 1 1 1
 0.729269 1 1 1 1
 0.729269 1 1 1 1
 0.729269 1 1 1 1
 0.729269 1 1 1 1
 0.729269 1 1 1 1
 0.729269 1 1 1 1
 0.729269 1 1 1 1
 0.729269 1 1 1 1
 0.729269 1 1 1 1
 0.729269 1 1 1 1
 0.729269 1 1 1 1
 0.729269 1 1 1 1
 0.729269 1 1 1 1
 0.729269 1 1 1 1
 0.729269 1 1 1 1
 0.729269 1 1 1 1
 0.729269 1 1 1 1
 0.729269 1 1 1 1
 0.729269 1 1 1 1
 0.729269 1 1 1 1
 0.729269 1 1 1 1
 0.729269 1 1 1 1
 0.729269 1 1 1 1
 0.729269 1 1 1 1
 0.729269 1 1 1 1
Sel_pelaces
 0.251903 0.628889 0.89505 0.977231 0.995392
 0.251903 0.628889 0.89505 0.977231 0.995392
 0.251903 0.628889 0.89505 0.977231 0.995392
 0.251903 0.628889 0.89505 0.977231 0.995392
 0.251903 0.628889 0.89505 0.977231 0.995392
 0.251903 0.628889 0.89505 0.977231 0.995392
 0.251903 0.628889 0.89505 0.977231 0.995392
 0.251903 0.628889 0.89505 0.977231 0.995392
 0.251903 0.628889 0.89505 0.977231 0.995392
 0.251903 0.628889 0.89505 0.977231 0.995392
 0.251903 0.628889 0.89505 0.977231 0.995392
 0.251903 0.628889 0.89505 0.977231 0.995392
 0.251903 0.628889 0.89505 0.977231 0.995392
 0.251903 0.628889 0.89505 0.977231 0.995392
 0.251903 0.628889 0.89505 0.977231 0.995392
 0.251903 0.628889 0.89505 0.977231 0.995392
 0.251903 0.628889 0.89505 0.977231 0.995392
 0.251903 0.628889 0.89505 0.977231 0.995392
 0.251903 0.628889 0.89505 0.977231 0.995392
 0.251903 0.628889 0.89505 0.977231 0.995392
 0.251903 0.628889 0.89505 0.977231 0.995392
 0.251903 0.628889 0.89505 0.977231 0.995392
 0.251903 0.628889 0.89505 0.977231 0.995392
 0.251903 0.628889 0.89505 0.977231 0.995392
 0.251903 0.628889 0.89505 0.977231 0.995392
 0.251903 0.628889 0.89505 0.977231 0.995392
 0.251903 0.628889 0.89505 0.977231 0.995392
 0.251903 0.628889 0.89505 0.977231 0.995392
 0.251903 0.628889 0.89505 0.977231 0.995392
pf_obs 
 0.8446 0.082 0.0669 0.0065 0
 0.8095 0.147 0.0364 0.0071 0
 0.9664 0.0169 0.016 0.0007 0
 0.9276 0.0648 0.0075 0.0001 0
 0.7033 0.2144 0.0806 0.0017 0
 0.9318 0.0425 0.0243 0.0014 0
 0.5671 0.3108 0.0964 0.0239 0.0018
 0.0768 0.2599 0.5324 0.112 0.0189
 0.490249 0.384438 0.106611 0.0170017 0.00170017
 0.7925 0.1577 0.0466 0.003 0.0002
 0.840416 0.127587 0.0312969 0.00059994 9.999e-05
 0.8084 0.0986 0.0794 0.0134 0.0002
 0.7335 0.1905 0.0724 0.0035 0.0001
 0.4001 0.4547 0.1325 0.0127 0
 0.49795 0.308269 0.164784 0.0264974 0.00249975
 0.9179 0.0499 0.0305 0.0017 0
 0.2467 0.6533 0.0926 0.0074 0
 0.9418 0.0223 0.034 0.0019 0
 0.707729 0.231977 0.0356964 0.0245975 0
 0.517169 0.277429 0.184464 0.0207286 0.00020938
 0.811772 0.124168 0.05621 0.00726502 0.000585176
 0.764997 0.148141 0.077277 0.00933861 0.000247198
 0.163321 0.427699 0.378323 0.0303852 0.000271297
 0.753843 0.0900009 0.118128 0.0371064 0.000921714
 0.721811 0.176058 0.0630433 0.0369309 0.00215725
 0.143369 0.312575 0.442814 0.0836902 0.0175525
 0.692698 0.0596174 0.167031 0.0765114 0.00414204
 0.394062 0.376323 0.152708 0.0712218 0.00568511
 0.125707 0.32114 0.495352 0.0537591 0.00404204
pf_pred 
 0.671321 0.146202 0.167693 0.014783 8.65165e-07
 0.617229 0.280107 0.0456666 0.0523792 0.00461778
 0.733087 0.185384 0.0596618 0.00972679 0.0121401
 0.846192 0.122223 0.0219371 0.00705999 0.00258759
 0.74887 0.22278 0.0225287 0.00404356 0.00177829
 0.824724 0.139496 0.031741 0.00320983 0.00082948
 0.500405 0.430723 0.0548125 0.0124721 0.00158718
 0.521443 0.284492 0.167313 0.0212917 0.00546126
 0.607143 0.229899 0.096875 0.0569732 0.0091099
 0.8324 0.115724 0.0303578 0.0127922 0.00872614
 0.954064 0.0412281 0.00325053 0.000852709 0.000604421
 0.869039 0.126349 0.00413971 0.000326385 0.00014631
 0.715034 0.258274 0.025752 0.000843742 9.63432e-05
 0.873019 0.101056 0.023497 0.00234284 8.55261e-05
 0.962933 0.0346592 0.00191598 0.000445492 4.60407e-05
 0.975026 0.0243836 0.00055193 3.0511e-05 7.82742e-06
 0.528011 0.463818 0.00797795 0.000180584 1.25438e-05
 0.945724 0.0333403 0.0205737 0.00035388 8.56659e-06
 0.763727 0.227033 0.00567581 0.00350243 6.17024e-05
 0.88053 0.0995026 0.0191866 0.000479664 0.000301206
 0.783562 0.197667 0.0156332 0.00301447 0.000122685
 0.837481 0.135691 0.0245018 0.0019378 0.000388864
 0.40093 0.528846 0.0586315 0.0105871 0.00100534
 0.894297 0.0519953 0.0474117 0.0052564 0.00103928
 0.797223 0.186933 0.00779336 0.00710635 0.000943634
 0.561291 0.371179 0.0622543 0.00259542 0.00268088
 0.862483 0.0877609 0.0420974 0.00706061 0.000598415
 0.77255 0.203922 0.0150154 0.00720264 0.00131042
 0.593666 0.334122 0.064742 0.00476717 0.00270277
pobs_RECLAS
 0 0 0 0 0
 0 0 0 0 0
 0 0 0 0 0
 0 0 0 0 0
 0 0 0 0 0
 0 0 0 0 0
 0 0 0 0 0
 0 0 0 0 0
 0 0 0 0 0
 0 0 0 0 0
 0.991045 0.00858322 0.000360255 1.14367e-05 0
 0.934742 0.0480273 0.0164251 0.00080598 0
 0.827803 0.169806 0.00239088 0 0
 0.941827 0.0461693 0.0120037 0 0
 0.791401 0.0380133 0.147996 0.0225897 0
 0.846168 0.0940531 0.0597789 0 0
 0.134021 0.677848 0.182769 0.00536245 0
 0.80878 0.0450904 0.141981 0.00414843 0
 0.846168 0.0940531 0.0597789 0 0
 0.905697 0.0802665 0.012482 0.00150086 5.37128e-05
 0.989698 0.0102097 9.19794e-05 0 0
 0.975433 0.0193895 0.00387452 0.00125025 5.28907e-05
 0.303575 0.632131 0.0575291 0.00676475 0
 0.966965 0.00978017 0.0227588 0.000495775 0
 0.843318 0.132988 0.00938335 0.0141283 0.000182051
 0.564624 0.303363 0.111486 0.0197234 0.00080311
 0.826376 0.0876187 0.0782897 0.00655872 0.00115652
 0.89761 0.0855135 0.0140674 0.00269457 0.000114338
 0.34875 0.467042 0.161289 0.0227151 0.000203297
ppred_RECLAS
 0.654852 0.153528 0.176095 0.0155238 9.08514e-07
 0.602964 0.290546 0.0473684 0.0543313 0.00478987
 0.721142 0.19368 0.0623318 0.0101621 0.0126834
 0.83872 0.128161 0.0230029 0.00740297 0.0027133
 0.733863 0.236092 0.023875 0.00428519 0.00188455
 0.813641 0.148316 0.0337481 0.00341279 0.000881929
 0.488164 0.441277 0.0561555 0.0127777 0.00162607
 0.501421 0.296394 0.174313 0.0221825 0.00568975
 0.594384 0.237365 0.100021 0.0588234 0.00940574
 0.834932 0.113976 0.0298992 0.0125989 0.00859435
 0.950593 0.0443438 0.00349618 0.00091715 0.000650098
 0.863228 0.131955 0.00432339 0.000340867 0.000152802
 0.709017 0.263727 0.0262957 0.000861559 9.83776e-05
 0.882744 0.0933159 0.0216973 0.00216339 7.89754e-05
 0.962172 0.0353706 0.00195531 0.000454637 4.69858e-05
 0.973753 0.0256262 0.000580058 3.2066e-05 8.22633e-06
 0.513716 0.477865 0.00821958 0.000186053 1.29237e-05
 0.942562 0.0352823 0.0217721 0.000374493 9.06559e-06
 0.757907 0.232625 0.0058156 0.0035887 6.32222e-05
 0.87449 0.104533 0.0201567 0.000503914 0.000316434
 0.772768 0.207526 0.0164129 0.00316481 0.000128804
 0.83064 0.141402 0.0255331 0.00201937 0.000405233
 0.388378 0.539927 0.0598601 0.010809 0.00102641
 0.88819 0.0549995 0.0501511 0.0055601 0.00109933
 0.786957 0.196398 0.00818793 0.00746614 0.000991409
 0.54496 0.384995 0.0645717 0.00269203 0.00278068
 0.854534 0.0928338 0.0445308 0.00746874 0.000633005
 0.76018 0.215012 0.015832 0.00759436 0.00138169
 0.577454 0.347453 0.0673252 0.00495738 0.00281061
pobs_PELACES
 0 0 0 0 0
 0 0 0 0 0
 0 0 0 0 0
 0 0 0 0 0
 0 0 0 0 0
 0 0 0 0 0
 0 0 0 0 0
 0 0 0 0 0
 0 0 0 0 0
 0 0 0 0 0
 0 0 0 0 0
 0 0 0 0 0
 0 0 0 0 0
 0 0 0 0 0
 0 0 0 0 0
 0 0 0 0 0
 0.505614 0.472636 0.0217494 0 0
 0 0 0 0 0
 0.443492 0.261883 0.143347 0.151278 0
 0.227955 0.32914 0.350689 0.0885471 0.00366901
 0.970185 0.0296113 0.000203453 0 0
 0.997202 0.00247181 0.000326279 0 0
 0.445219 0.490057 0.0546422 0.010081 0
 0.90214 0.0892962 0.00764917 0.000914606 0
 0 0 0 0 0
 0.581667 0.319106 0.0959925 0.00289975 0.000334073
 0.762889 0.0836404 0.116647 0.0363945 0.000428098
 0.88444 0.0763242 0.0277011 0.0115352 0
 0.521256 0.241999 0.230069 0.00667565 0
ppred_PELACES
 0.464271 0.192048 0.313505 0.0301747 1.79876e-06
 0.438196 0.362758 0.0841714 0.105408 0.00946556
 0.568666 0.262494 0.120231 0.0214013 0.0272077
 0.735424 0.1919 0.0490204 0.0172247 0.00643041
 0.595214 0.34166 0.0491732 0.0096362 0.00431659
 0.693749 0.223703 0.0724444 0.00799864 0.00210541
 0.347176 0.529914 0.0959754 0.0238435 0.00309067
 0.322264 0.341654 0.285969 0.0397329 0.0103808
 0.418503 0.284001 0.17032 0.109364 0.0178121
 0.738191 0.157293 0.0587258 0.027018 0.0187728
 0.9118 0.0755425 0.00847667 0.00242785 0.0017529
 0.78609 0.203245 0.00947745 0.000815835 0.000372515
 0.587548 0.359412 0.0510031 0.00182451 0.000212204
 0.82546 0.127561 0.0422125 0.00459538 0.000170874
 0.938185 0.0561569 0.00441825 0.00112163 0.000118072
 0.955916 0.0426071 0.00137259 8.28448e-05 2.16483e-05
 0.380088 0.604716 0.0148037 0.000365853 2.58853e-05
 0.891366 0.0573222 0.0503429 0.000945437 2.33121e-05
 0.650697 0.329537 0.0117251 0.00789966 0.000141755
 0.792011 0.161643 0.0443604 0.00121083 0.000774475
 0.654869 0.303481 0.03416 0.0071917 0.000298132
 0.730328 0.210071 0.0539866 0.00466174 0.00095287
 0.262265 0.618954 0.097664 0.0192545 0.00186236
 0.789934 0.0844829 0.109639 0.0132714 0.00267275
 0.67343 0.289925 0.0172027 0.0171265 0.00231645
 0.392581 0.481696 0.114983 0.00523385 0.00550666
 0.744757 0.140359 0.0958223 0.017547 0.00151482
 0.633683 0.313131 0.0328151 0.0171861 0.00318488
 0.421638 0.441245 0.121684 0.00978272 0.00564942
pobs_pel_tallas
 0 0 0 0 0 0 0 0 0 0 0 0 0 0 0 0 0 0 0 0 0 0 0 0 0 0
 0 0 0 0 0 0 0 0 0 0 0 0 0 0 0 0 0 0 0 0 0 0 0 0 0 0
 0 0 0 0 0 0 0 0 0 0 0 0 0 0 0 0 0 0 0 0 0 0 0 0 0 0
 0 0 0 0 0 0 0 0 0 0 0 0 0 0 0 0 0 0 0 0 0 0 0 0 0 0
 0 0 0 0 0 0 0 0 0 0 0 0 0 0 0 0 0 0 0 0 0 0 0 0 0 0
 0 0 0 0 0 0 0 0 0 0 0 0 0 0 0 0 0 0 0 0 0 0 0 0 0 0
 0 0 0 0 0 0 0 0 0 0 0 0 0 0 0 0 0 0 0 0 0 0 0 0 0 0
 0 0 0 0 0 0 0 0 0 0 0 0 0 0 0 0 0 0 0 0 0 0 0 0 0 0
 0 0 0 0 0 0 0 0 0 0 0 0 0 0 0 0 0 0 0 0 0 0 0 0 0 0
 0 0 0 0 0 0 0 0 0 0 0 0 0 0 0 0 0 0 0 0 0 0 0 0 0 0
 0 0 0 0 0 0 0 0 0 0 0 0 0 0 0 0 0 0 0 0 0 0 0 0 0 0
 0 0 0 0 0 0 0 0 0 0 0 0 0 0 0 0 0 0 0 0 0 0 0 0 0 0
 0.00862536 0 0 0.000197151 0.00414017 0.0128641 0.00837892 0.0270097 0.101434 0.158115 0.152841 0.127902 0.109271 0.109419 0.0830992 0.0579132 0.0238553 0.00714673 0.00463305 0.00128148 0.00103504 0.000492878 0.000147863 0.000147863 4.92878e-05 0
 0 0 0 0 0 0 0 0 0 0 0 0 0 0 0 0 0 0 0 0 0 0 0 0 0 0
 0 0 0 0 0 0 0 0.0054083 0.00873648 0.0413646 0.0450493 0.0745869 0.0622846 0.0627006 0.0613931 0.0827291 0.12552 0.122667 0.0946155 0.0697135 0.0546179 0.0294188 0.0215738 0.0213955 0.0102223 0.00600262
 0 0 0 0 0.00359764 0.0251062 0.0480494 0.140153 0.205849 0.193036 0.1447 0.116669 0.0760912 0.0342217 0.00950174 0.001854 0.000860785 0 0 0 0.000165536 0 0.000143464 0 0 0
 0 0 0 0 0 0 0 0.000145254 0.000435761 0.0275982 0.070085 0.0708112 0.156366 0.174668 0.174014 0.160142 0.0824315 0.0480064 0.0283245 0.00493863 0.00203355 0 0 0 0 0
 0 0 0 0 0 0 0 0 0 0 0 0 0 0 0 0 0 0 0 0 0 0 0 0 0 0
 0 0 1.00437e-05 0.000401748 0.00122533 0.00171747 0.00176769 0.0269171 0.070346 0.194647 0.189555 0.159765 0.064822 0.0314167 0.0384472 0.0292271 0.0345202 0.0313363 0.0194345 0.0106764 0.0143323 0.0359363 0.0279516 0.0138201 0.00172751 0
 0 0.0021121 0.0136068 0.0755702 0.200478 0.177729 0.0527432 0.0373336 0.0318909 0.0142505 0.0149659 0.0166563 0.0217959 0.0798694 0.0677717 0.0528807 0.04013 0.0224614 0.0357745 0.0225083 0.00881397 0.00855152 0.00135912 0.000746735 0 0
 0 0 0 0 5.4009e-05 0.00500934 0.000945158 0.0243581 0.138947 0.33067 0.221406 0.137944 0.0707744 0.0437923 0.0131692 0.00525238 0.0047753 0.00276346 9.45158e-05 9.00151e-06 2.25038e-05 9.00151e-06 4.50075e-06 0 0 0
 0.000866109 0.00284123 0.00948549 0.0512746 0.133035 0.25785 0.225252 0.132002 0.0553304 0.0519788 0.0540692 0.017754 0.00435017 0.00159236 0.00146478 0.000404838 0.000125132 0.000115318 0.000107957 0.000100596 0 0 0 0 0 0
 0 0 0 0 0.00144013 0.00171154 0.00461396 0.0210425 0.0478622 0.0707936 0.0888783 0.103762 0.0637923 0.0337046 0.0602308 0.124433 0.169614 0.0934646 0.0462172 0.0250306 0.0313229 0.00938855 0.002487 0.000210481 0 0
 0 0.00764035 0.051015 0.0998891 0.058973 0.0496711 0.0374665 0.0718981 0.12319 0.153886 0.159021 0.0857701 0.0377988 0.023471 0.0147837 0.00900784 0.00315554 0.000888139 0.00291439 0.00214683 0.00393193 0.00274676 0.000635225 9.99891e-05 0 0
 0 0 0 0 0 0 0 0 0 0 0 0 0 0 0 0 0 0 0 0 0 0 0 0 0 0
 0 0 0 0 0 0 0 0 0 0 0 0 0 0 0 0 0 0 0 0 0 0 0 0 0 0
 0 0 0 0 0 0 0 0 0 0 0 0 0 0 0 0 0 0 0 0 0 0 0 0 0 0
 0 0 0 0 0 0 0 0 0 0 0 0 0 0 0 0 0 0 0 0 0 0 0 0 0 0
 0 0 0 0 0 0 0 0 0 0 0 0 0 0 0 0 0 0 0 0 0 0 0 0 0 0
ppred_pel_tallas
 1.12123e-16 3.82414e-05 0.00037172 0.00247021 0.0112292 0.0349384 0.0744407 0.108652 0.108671 0.0745336 0.0352515 0.0121393 0.00477613 0.00547704 0.00994334 0.0169225 0.0256402 0.0348767 0.0433171 0.0502067 0.0555224 0.0594478 0.0616892 0.0613679 0.0576348 0.0504417
 1.14695e-16 3.60937e-05 0.000350844 0.00233148 0.0105986 0.0329764 0.0702609 0.102555 0.10259 0.0704322 0.0335518 0.0122619 0.00651117 0.00949099 0.0174432 0.0289118 0.0419688 0.0534957 0.0603715 0.0612569 0.0574056 0.0517408 0.0469364 0.0440061 0.0422572 0.040258
 1.10288e-16 4.68403e-05 0.000455304 0.00302566 0.0137542 0.0427946 0.0911794 0.133084 0.13311 0.0913037 0.0432126 0.0149632 0.00606724 0.0071176 0.0127661 0.0212054 0.0309538 0.0397943 0.0454863 0.0469954 0.0450498 0.0415002 0.038029 0.0352632 0.0328271 0.0300148
 1.0428e-16 6.05759e-05 0.00058882 0.00391292 0.0177876 0.0553438 0.117916 0.172106 0.172125 0.118007 0.0556481 0.0186669 0.00612208 0.00541787 0.00925089 0.0152482 0.0220794 0.0280203 0.0313546 0.0312959 0.028437 0.0243018 0.0203735 0.0173702 0.0151949 0.0133699
 1.03204e-16 4.90271e-05 0.00047656 0.00316691 0.0143963 0.0447926 0.0954365 0.139299 0.139332 0.0955974 0.0453329 0.0159569 0.00708419 0.00902813 0.0162903 0.0268542 0.038681 0.0486436 0.0535831 0.0520357 0.0450945 0.0356495 0.026647 0.0197262 0.0150194 0.0118268
 1.03307e-16 5.71432e-05 0.000555452 0.00369118 0.0167796 0.0522076 0.111235 0.162355 0.162376 0.11134 0.0525626 0.0178059 0.00627048 0.00619607 0.0107988 0.0178377 0.0258654 0.0328887 0.0368987 0.0369419 0.0336402 0.0286823 0.0237273 0.0196061 0.0162913 0.01339
 1.0582e-16 2.85966e-05 0.000277969 0.0018472 0.00839715 0.0261269 0.055668 0.0812599 0.081311 0.0559178 0.0269656 0.01082 0.00793055 0.0135635 0.0252763 0.0417838 0.0602865 0.0760162 0.0841154 0.0823262 0.0723032 0.0584236 0.0451046 0.0347353 0.027425 0.0220898
 1.14082e-16 2.65445e-05 0.000258022 0.00171465 0.00779457 0.024252 0.0516726 0.0754247 0.075458 0.0518355 0.0248001 0.0093827 0.00571934 0.00906076 0.0169218 0.0283956 0.0419807 0.0550421 0.0648358 0.0699931 0.0711148 0.0699129 0.0676936 0.0645273 0.0596567 0.0525261
 1.1897e-16 3.44716e-05 0.000335076 0.0022267 0.0101223 0.0314943 0.0671029 0.0979444 0.097972 0.0672379 0.0319484 0.0114371 0.0055392 0.00760682 0.0139654 0.0233537 0.0344028 0.0449013 0.052626 0.0566166 0.057679 0.0575974 0.057707 0.058011 0.0574225 0.0547158
 1.07622e-16 6.08038e-05 0.000591035 0.00392764 0.0178545 0.055552 0.11836 0.172753 0.172768 0.118434 0.0558021 0.0185779 0.00574693 0.00457409 0.00765972 0.0126585 0.0184485 0.0236725 0.0269969 0.0278363 0.0266879 0.0247332 0.0230319 0.0219515 0.0211792 0.0201418
 1.00805e-16 7.51038e-05 0.000730035 0.00485134 0.0220535 0.0686167 0.146195 0.213378 0.213385 0.146231 0.0687361 0.0223983 0.00571669 0.0026186 0.0036604 0.00592884 0.00852499 0.0107031 0.011759 0.0113714 0.00978985 0.00766699 0.00566926 0.00416901 0.00319435 0.00257711
 1.00471e-16 6.47492e-05 0.000629385 0.00418249 0.019013 0.0591566 0.12604 0.183963 0.183983 0.126136 0.0594773 0.0199389 0.00650515 0.00569453 0.00966888 0.0158414 0.0227178 0.0283651 0.0308599 0.0293147 0.0244126 0.0179679 0.0118765 0.00726288 0.00430903 0.00261942
 1.01783e-16 4.83956e-05 0.000470423 0.00312613 0.0142109 0.0442157 0.0942075 0.137506 0.137541 0.0943768 0.044784 0.0158522 0.00724567 0.00946247 0.0171229 0.0282221 0.0406271 0.0510343 0.0560966 0.0542469 0.0466125 0.0362285 0.0262207 0.0183766 0.012928 0.0092372
 1.01741e-16 6.79921e-05 0.000660907 0.00439196 0.0199652 0.0621193 0.132352 0.193174 0.193187 0.132412 0.0623218 0.0205506 0.00586302 0.00387808 0.00619507 0.0101784 0.0147581 0.01877 0.021066 0.0211001 0.0192225 0.0163894 0.013541 0.0111489 0.00920124 0.00748463
 1.00275e-16 7.72771e-05 0.000751161 0.00499173 0.0226917 0.0706022 0.150426 0.219552 0.219557 0.150452 0.0706909 0.0229477 0.00563421 0.00215277 0.00273641 0.00439424 0.00630539 0.00789275 0.00862564 0.0082607 0.00698395 0.00528773 0.0036817 0.00246106 0.0016645 0.00117918
 1.00063e-16 7.87375e-05 0.000765357 0.00508607 0.0231205 0.0719365 0.153269 0.223701 0.223705 0.153289 0.0720037 0.0233146 0.00557275 0.00182652 0.00209037 0.0033214 0.00475391 0.00592931 0.0064393 0.00609723 0.00504749 0.0036734 0.00237666 0.00139728 0.000776048 0.000430102
 1.00623e-16 3.13075e-05 0.00030432 0.00202232 0.0091932 0.0286038 0.0609455 0.0889639 0.0890221 0.0612296 0.0295576 0.0119466 0.00892795 0.0153603 0.028569 0.0470327 0.0674011 0.0840239 0.0911628 0.0861695 0.0711023 0.0514244 0.0328704 0.0188792 0.0100498 0.00520648
 1.01567e-16 7.34207e-05 0.000713675 0.00474262 0.0215593 0.0670789 0.142919 0.208596 0.208601 0.142946 0.0671709 0.0218258 0.00541474 0.00219108 0.00290894 0.00476978 0.00704185 0.00922284 0.0108381 0.011642 0.0117162 0.0113323 0.0107086 0.00988008 0.00876752 0.00733935
 1.01239e-16 5.35971e-05 0.000520983 0.00346212 0.0157383 0.0489679 0.104332 0.152283 0.152314 0.104487 0.0494878 0.0172394 0.00722733 0.00873158 0.0156209 0.0256715 0.0368161 0.0459633 0.0500038 0.0475113 0.0396115 0.0292642 0.0195504 0.0122799 0.0077107 0.00515065
 1.01575e-16 6.52369e-05 0.000634126 0.00421399 0.0191562 0.0596021 0.126989 0.185348 0.185363 0.127066 0.0598584 0.0198968 0.00607444 0.00470034 0.00780178 0.0128308 0.0185597 0.0235078 0.0262005 0.0259369 0.0231758 0.0191759 0.0152004 0.011924 0.00938701 0.00733178
 1.01836e-16 5.39407e-05 0.000524323 0.00348431 0.0158392 0.0492818 0.105001 0.153258 0.153288 0.105144 0.0497614 0.0172242 0.00696015 0.00810959 0.0144523 0.0237875 0.0342147 0.0429254 0.0470904 0.0453979 0.0388301 0.0299955 0.0215776 0.0151065 0.0107577 0.00793437
 1.02241e-16 6.01562e-05 0.00058474 0.0038858 0.0176643 0.0549603 0.1171 0.170914 0.170935 0.117199 0.0552933 0.0186264 0.0063026 0.0058663 0.0101072 0.0166566 0.0240862 0.0304891 0.0339506 0.0335659 0.029945 0.0247421 0.0196152 0.0154457 0.0122727 0.0097325
 1.05223e-16 2.16025e-05 0.000209984 0.00139542 0.00634342 0.0197371 0.0420541 0.0613917 0.0614514 0.0423457 0.0207161 0.00917148 0.0084949 0.0157103 0.0294657 0.048694 0.0701779 0.0883181 0.0974014 0.0947673 0.082364 0.0653731 0.0490711 0.036386 0.0275594 0.0213787
 1.04969e-16 6.50658e-05 0.000632463 0.00420294 0.019106 0.0594458 0.126656 0.18486 0.184868 0.126696 0.0595826 0.0195031 0.0052074 0.00284991 0.00434877 0.00727517 0.0109135 0.0146404 0.0178376 0.0201768 0.021721 0.0226982 0.0231655 0.0228936 0.0215661 0.0190881
 1.02681e-16 5.54696e-05 0.000539184 0.00358307 0.0162881 0.0506785 0.107977 0.157601 0.157629 0.108113 0.0511363 0.0176099 0.0068992 0.00777312 0.0137789 0.0226528 0.0325381 0.0407364 0.0445446 0.0427346 0.036303 0.0278237 0.0199359 0.0141287 0.0105201 0.00841887
 1.04899e-16 3.23365e-05 0.000314322 0.00208878 0.00949533 0.0295438 0.0629478 0.0918839 0.0919304 0.063175 0.0303069 0.0117004 0.00762709 0.012415 0.0230444 0.0381247 0.0550972 0.069654 0.0773935 0.0762368 0.0676024 0.0553338 0.0433046 0.0336071 0.0263739 0.0207665
 1.04818e-16 6.13447e-05 0.000596292 0.00396257 0.0180133 0.0560461 0.119413 0.174289 0.174303 0.119479 0.0562706 0.0186633 0.00560003 0.00419041 0.00694451 0.0115332 0.0169571 0.022053 0.0256565 0.0271998 0.0269759 0.025792 0.0243247 0.0227313 0.0207662 0.0181781
 1.0329e-16 5.21957e-05 0.000507361 0.00337159 0.0153268 0.0476875 0.101604 0.148301 0.148331 0.101752 0.0481823 0.0167559 0.00695814 0.0083346 0.0149111 0.0245523 0.0353268 0.0443514 0.0487263 0.0471253 0.0405907 0.0318319 0.0236088 0.0174517 0.0134559 0.0109038
 1.05562e-16 3.47299e-05 0.000337587 0.00224338 0.0101981 0.0317304 0.0676065 0.0986826 0.0987252 0.0678148 0.03243 0.01222 0.00732293 0.0114404 0.021162 0.0350363 0.0507131 0.0642787 0.0717352 0.0711914 0.0639179 0.0533546 0.0429292 0.0344331 0.0279033 0.0225585
pSPR Fmed_Fpbrs
0.542944   0.21268 0.21268
Fs Fmed_Fpbrs
0.34   1.005 1.005
SSBpbr Bo_Bmed_Bpbrs
488939  241019  79540.7 79540.7
Ro
95549.7
SPR SPRFo_SPRFmed_SPRFpbrs
679072 368698 144425
Fref
1.005
Nvult_r0
 49695.6 24241 4697.13 345.865 196.09
CTP_r0
 22050.1 12150.7 2354.42 173.364 98.2894
YTP_r0
423152
Np
 131408 21773.8 1731.42 708.869 155.852
Nvult_p0
 109635 18841.8 1498.26 613.412 134.865
CTP_p0
 48645.2 5577 2283.31 442.431 38.6995
 48645.2 9444.38 751 307.471 67.6007
YTP_p0
 534283 561678
CBA_c0
456491
log_Ro
11.2874
likeval ReclasPelacesDesembMPH_pf_preclas_ppelaces_ptallas_desvR_qrecl_qpela
 26.9198 30.6735 0.0210494 53.0551 224.197 107.724 94.5197 0 22.0687 0.000112951 0.000343422 0.0278136 0 0 0
q_reclas_q_pelaces
4.49517 13.7463
M
1
N
 144443 25899.2 29706.2 2618.76 0.153261
 96052.1 36855.9 6008.71 6891.94 607.597
 84064.2 17967.6 5782.47 942.729 1176.63
 128654 15798.5 2835.58 912.569 334.47
 92718.1 22429.3 2268.17 407.102 179.036
 194089 26953.1 6132.93 620.196 160.27
 69062.5 51033 6494.3 1477.72 188.052
 23944.6 10559.5 6210.16 790.286 202.706
 22870.8 7394.53 3115.91 1832.5 293.013
 29959.1 3765.9 987.907 416.284 283.968
 51894 1833.04 144.521 37.9122 26.873
 114709 14296.9 468.428 36.932 16.5557
 56529.5 17889.5 1783.73 58.4425 6.67329
 59114.4 6355.32 1477.7 147.339 5.37865
 53053.4 1684.54 93.1226 21.6523 2.23772
 248006 5310.87 120.213 6.64546 1.70485
 52676.5 39283.9 675.707 15.2949 1.06242
 313805 9353.89 5772.11 99.2839 2.40343
 225881 58691.2 1467.28 905.428 15.9509
 274658 26391 5088.85 127.221 79.8886
 224989 47790 3779.63 728.808 29.6615
 318840 44323.5 8003.51 632.983 127.023
 43589.8 49136.2 5447.58 983.672 93.4086
 145037 7094.5 6469.1 717.21 141.805
 146121 28858.5 1203.13 1097.07 145.677
 51817.2 28673.3 4809.1 200.494 207.096
 129092 11004.1 5278.48 885.31 75.0336
 123169 27045.2 1991.43 955.252 173.795
 59565.4 28013.3 5428.07 399.687 226.604
pred_Ctot
 28818.7 6276.24 7198.8 634.613 0.0371402
 31503.7 14296.8 2330.84 2673.46 235.694
 27428.9 6936.24 2232.28 363.933 454.229
 45412.2 6559.28 1177.29 378.885 138.867
 12534.1 3728.74 377.071 67.6784 29.7638
 35965.5 6083.3 1384.2 139.978 36.173
 27350.9 23542.3 2995.92 681.695 86.7513
 2464.91 1344.82 790.904 100.648 25.816
 8513.89 3223.85 1358.47 798.929 127.747
 18059 2510.63 658.614 277.527 189.314
 8433.02 364.417 28.7316 7.53714 5.3425
 44715.3 6501.11 213.004 16.7937 7.52821
 27216.1 9830.6 980.19 32.1151 3.66708
 41288.7 4779.36 1111.27 110.802 4.04488
 26998.8 971.777 53.7205 12.4908 1.29089
 95448.8 2386.99 54.0304 2.98683 0.766254
 18257.1 16037.5 275.855 6.24407 0.433729
 102941 3629.07 2239.43 38.5196 0.932467
 106574 31681.3 792.028 488.746 8.61024
 97133.5 10976.4 2116.53 52.913 33.2268
 69455.2 17521.3 1385.73 267.204 10.8748
 125484 20331.3 3671.23 290.351 58.2656
 16393.3 21623.5 2397.33 432.887 41.1066
 44222.9 2571.16 2344.51 259.928 51.3923
 45326.4 10628.2 443.095 404.034 53.6506
 14472.8 9570.76 1605.21 66.9224 69.126
 36758.4 3740.31 1794.16 300.918 25.504
 30899.6 8156.24 600.571 288.084 52.4127
 16242.2 9141.29 1771.29 130.426 73.9455
F
 0.365868 0.461004 0.461004 0.461004 0.461004
 0.676322 0.852186 0.852186 0.852186 0.852186
 0.671668 0.846322 0.846322 0.846322 0.846322
 0.746759 0.940938 0.940938 0.940938 0.940938
 0.235466 0.296695 0.296695 0.296695 0.296695
 0.335843 0.423173 0.423173 0.423173 0.423173
 0.877984 1.10629 1.10629 1.10629 1.10629
 0.175001 0.220507 0.220507 0.220507 0.220507
 0.803876 1.01291 1.01291 1.01291 1.01291
 1.79386 2.26032 2.26032 2.26032 2.26032
 0.289158 0.364348 0.364348 0.364348 0.364348
 0.858185 1.08134 1.08134 1.08134 1.08134
 1.18547 1.49373 1.49373 1.49373 1.49373
 2.55798 3.22313 3.22313 3.22313 3.22313
 1.30154 1.63998 1.63998 1.63998 1.63998
 0.842639 1.06175 1.06175 1.06175 1.06175
 0.728377 0.917777 0.917777 0.917777 0.917777
 0.67648 0.852385 0.852385 0.852385 0.852385
 1.14699 1.44524 1.44524 1.44524 1.44524
 0.74871 0.943397 0.943397 0.943397 0.943397
 0.624538 0.786936 0.786936 0.786936 0.786936
 0.870093 1.09634 1.09634 1.09634 1.09634
 0.815503 1.02756 1.02756 1.02756 1.02756
 0.614586 0.774396 0.774396 0.774396 0.774396
 0.628472 0.791893 0.791893 0.791893 0.791893
 0.549453 0.692327 0.692327 0.692327 0.692327
 0.563017 0.709418 0.709418 0.709418 0.709418
 0.48088 0.605924 0.605924 0.605924 0.605924
 0.533134 0.671764 0.671764 0.671764 0.671764
YTP_r0W_actual
 114660 249090 51090.9 5027.55 3282.86
YTP_p0W_proyectada
 366784 97318.7 54959.2 13857 1364.16
 366784 164804 18076.6 9629.99 2382.93
CTP_r0_actual
 22050.1 12150.7 2354.42 173.364 98.2894
CTP_p0_proyectada
 48645.2 5577 2283.31 442.431 38.6995
 48645.2 9444.38 751 307.471 67.6007
Wmedp
 7.54 17.45 24.07 31.32 35.25
Frms_r0
 0.7976 1.005 1.005 1.005 1.005
Zrms_r0
 1.7976 2.005 2.005 2.005 2.005
nmprior
 7.29 8.9 8.7 0
nm_flota  nm_reclas  nm_pelaces    nm_pelaL
inf 14.5345 7.41182 9.0556
cv_recla  cv_pelaces  cv_mph
0.246109 0.565257 0.630804
 ------------------------------------------------
Talla a la edad & desviaci?n 
 8 13.2811 15.8009 17.003 17.5766
 0.8 1.32811 1.58009 1.7003 1.75766
