years
 1991 1992 1993 1994 1995 1996 1997 1998 1999 2000 2001 2002 2003 2004 2005 2006 2007 2008 2009 2010 2011 2012 2013 2014 2015 2016 2017 2018 2019 2020 2021
reclasobs
 0 0 0 0 0 0 0 0 0 252601 567819 844713 477998 351125 339783 2.1784e+06 2.13404e+06 4.81314e+06 1.55562e+06 2.62356e+06 3.21686e+06 3.843e+06 1.13348e+06 3.07943e+06 1.97215e+06 2.03268e+06 2.025e+06 2.42433e+06 2.27542e+06 1.05018e+06 2.36338e+06
reclaspred
 3.2925e+06 1.78048e+06 897282 951312 976082 1.75391e+06 907454 750384 491857 281263 562527 895511 645324 279363 478743 1.66563e+06 1.48827e+06 3.00366e+06 1.97116e+06 2.20018e+06 3.58767e+06 2.65567e+06 1.7394e+06 2.80355e+06 2.14264e+06 1.89078e+06 2.25073e+06 2.59439e+06 2.1022e+06 1.45227e+06 2.28375e+06
pelacesobs
 0 0 0 0 0 0 0 0 0 0 0 0 0 0 0 552880 188675 0 991730 2.46772e+06 1.41603e+06 1.21717e+06 2.29649e+06 1.80582e+06 0 1.4828e+06 1.56532e+06 1.57751e+06 1.42118e+06 867257 1.10002e+06
pelacespred
 1.93777e+06 1.12886e+06 545143 445581 518756 930903 433851 486124 278120 133048 297790 420535 329833 113182 233344 729416 741923 1.59116e+06 1.05799e+06 1.02661e+06 1.82525e+06 1.4504e+06 1.00814e+06 1.67309e+06 1.2542e+06 1.13577e+06 1.4799e+06 1.52337e+06 1.22166e+06 941479 1.17188e+06
mphobs
 0 0 0 0 0 0 0 0 0 0 0 0 498337 0 5186 125008 0 168611 109162 213762 579715 649985 157893 87575 83554 210694 70296 0 107559 103333 445601
mphpred
 625478 420443 198048 110185 123369 154007 212474 101419 90298.9 47399.8 24118.5 88336.1 114926 52255.1 15328.2 48770.7 238576 207923 332872 285941 518433 543350 145284 103027 166014 135896 115965 128182 192491 139261 80731
desembarqueobs
 494567 514787 250237 358949 120608 361735 552515 73892 212993 205616 52469 317467 293654 387597 252695 516296 358380 742168 942051 627588 828172 859565 418607 520667 417249 300574 415391 372974 316634 284311 391294
desembarquepred
 494567 514069 250570 358977 120613 361736 552529 73898.2 213071 205682 52470.3 317454 293766 387778 252568 516225 358478 742153 941744 627293 828299 859639 418655 520716 417198 300576 415383 372920 316576 284212 391239
Reclutas
 161345 91074.8 88341.6 132105 105132 194401 74167.4 29449.8 28003.9 37582.7 89594.8 141279 63152.2 50180.7 70792.8 372743 71452 438124 236245 376488 310920 417328 62536.8 229116 218559 85761.1 189999 233067 86443.2 73241.1 221743
log_desv_Rt
 0.276987 -0.294878 -0.325349 0.0770362 -0.151345 0.463363 -0.500234 -1.42387 -1.47421 -1.18002 -0.311262 0.144177 -0.661012 -0.89093 -0.546802 1.11433 -0.537533 1.27594 0.65831 1.12433 0.932978 1.22731 -0.670804 0.627668 0.580497 -0.354993 0.440462 0.644768 -0.347072 -0.512803 0.59496
SSB
 1.59046e+06 1.0691e+06 503595 280179 313701 391608 540277 257887 229612 120528 61328.5 224621 277142 128818 37414.6 120022 606649 528707 877734 494895 920742 1.01847e+06 861068 583606 878282 764717 613546 651251 1.0154e+06 688859 456484
BT
 2.33143e+06 1.61711e+06 778003 776023 644403 1.34454e+06 932247 585195 505315 340918 387821 730565 614013 527671 526209 1.27416e+06 1.05314e+06 2.46629e+06 2.04779e+06 1.65055e+06 2.67902e+06 2.35507e+06 1.39627e+06 2.37511e+06 1.70173e+06 1.45267e+06 2.07256e+06 2.03458e+06 1.49986e+06 1.24144e+06 1.62977e+06
Ftot
 0.255165 0.471886 0.465357 0.678537 0.224135 0.390392 0.961076 0.176722 0.747545 1.21514 0.194092 0.652458 0.767443 2.09985 1.04509 0.635958 0.410042 0.480095 0.81601 0.54846 0.419496 0.581614 0.400411 0.359971 0.34844 0.277236 0.350747 0.280421 0.251619 0.337712 0.337395
BD_Bspro_t
 0.959996 0.734133 0.503782 0.400775 0.40067 0.504891 0.509412 0.298274 0.346254 0.25517 0.190622 0.548205 0.449081 0.241433 0.0894174 0.238533 0.482883 0.428174 0.487107 0.334181 0.425586 0.4438 0.43002 0.377552 0.512119 0.533452 0.532916 0.57887 0.66187 0.578417 0.517185
BD_Bspro
 1.82181 1.22461 0.576848 0.320933 0.359332 0.448571 0.618866 0.295399 0.263011 0.13806 0.0702493 0.257294 0.317455 0.147556 0.0428568 0.13748 0.694892 0.605612 1.00541 0.566882 1.05467 1.16661 0.986318 0.668497 1.00604 0.875952 0.702791 0.745981 1.1631 0.789059 0.522884
BD_Bo
 1.45839 0.980324 0.461777 0.256913 0.287652 0.359089 0.495413 0.236472 0.210545 0.110519 0.0562358 0.205968 0.254128 0.118121 0.0343077 0.110055 0.556273 0.484803 0.804847 0.453799 0.844284 0.933896 0.789565 0.535144 0.805349 0.701215 0.562597 0.597171 0.93108 0.631656 0.418578
BD_Brms
 2.65162 1.78241 0.839594 0.467114 0.523003 0.65289 0.900751 0.429949 0.382809 0.200944 0.102247 0.374488 0.462052 0.214766 0.0623776 0.200101 1.01141 0.88146 1.46336 0.825089 1.53506 1.69799 1.43557 0.972989 1.46427 1.27494 1.0229 1.08577 1.69287 1.14847 0.761051
Sel_flota
 0.723484 1 1 1 1
 0.723484 1 1 1 1
 0.723484 1 1 1 1
 0.723484 1 1 1 1
 0.723484 1 1 1 1
 0.723484 1 1 1 1
 0.723484 1 1 1 1
 0.723484 1 1 1 1
 0.723484 1 1 1 1
 0.723484 1 1 1 1
 0.723484 1 1 1 1
 0.723484 1 1 1 1
 0.723484 1 1 1 1
 0.723484 1 1 1 1
 0.723484 1 1 1 1
 0.723484 1 1 1 1
 0.723484 1 1 1 1
 0.723484 1 1 1 1
 0.723484 1 1 1 1
 0.723484 1 1 1 1
 0.723484 1 1 1 1
 0.723484 1 1 1 1
 0.723484 1 1 1 1
 0.723484 1 1 1 1
 0.723484 1 1 1 1
 0.723484 1 1 1 1
 0.723484 1 1 1 1
 0.723484 1 1 1 1
 0.723484 1 1 1 1
 0.723484 1 1 1 1
 0.723484 1 1 1 1
Sel_reclas
 1 1 1 1 1
 1 1 1 1 1
 1 1 1 1 1
 1 1 1 1 1
 1 1 1 1 1
 1 1 1 1 1
 1 1 1 1 1
 1 1 1 1 1
 1 1 1 1 1
 1 1 1 1 1
 1 1 1 1 1
 1 1 1 1 1
 1 1 1 1 1
 1 1 1 1 1
 1 1 1 1 1
 1 1 1 1 1
 1 1 1 1 1
 1 1 1 1 1
 1 1 1 1 1
 1 1 1 1 1
 1 1 1 1 1
 1 1 1 1 1
 1 1 1 1 1
 1 1 1 1 1
 1 1 1 1 1
 1 1 1 1 1
 1 1 1 1 1
 1 1 1 1 1
 1 1 1 1 1
 1 1 1 1 1
 1 1 1 1 1
Sel_pelaces
 0.775004 0.94546 0.988667 0.997728 0.999548
 0.775004 0.94546 0.988667 0.997728 0.999548
 0.775004 0.94546 0.988667 0.997728 0.999548
 0.775004 0.94546 0.988667 0.997728 0.999548
 0.775004 0.94546 0.988667 0.997728 0.999548
 0.775004 0.94546 0.988667 0.997728 0.999548
 0.775004 0.94546 0.988667 0.997728 0.999548
 0.775004 0.94546 0.988667 0.997728 0.999548
 0.775004 0.94546 0.988667 0.997728 0.999548
 0.775004 0.94546 0.988667 0.997728 0.999548
 0.775004 0.94546 0.988667 0.997728 0.999548
 0.775004 0.94546 0.988667 0.997728 0.999548
 0.775004 0.94546 0.988667 0.997728 0.999548
 0.775004 0.94546 0.988667 0.997728 0.999548
 0.775004 0.94546 0.988667 0.997728 0.999548
 0.775004 0.94546 0.988667 0.997728 0.999548
 0.775004 0.94546 0.988667 0.997728 0.999548
 0.775004 0.94546 0.988667 0.997728 0.999548
 0.775004 0.94546 0.988667 0.997728 0.999548
 0.775004 0.94546 0.988667 0.997728 0.999548
 0.775004 0.94546 0.988667 0.997728 0.999548
 0.775004 0.94546 0.988667 0.997728 0.999548
 0.775004 0.94546 0.988667 0.997728 0.999548
 0.775004 0.94546 0.988667 0.997728 0.999548
 0.775004 0.94546 0.988667 0.997728 0.999548
 0.775004 0.94546 0.988667 0.997728 0.999548
 0.775004 0.94546 0.988667 0.997728 0.999548
 0.775004 0.94546 0.988667 0.997728 0.999548
 0.775004 0.94546 0.988667 0.997728 0.999548
 0.775004 0.94546 0.988667 0.997728 0.999548
 0.775004 0.94546 0.988667 0.997728 0.999548
pf_obs 
 0.8446 0.082 0.0669 0.0065 0
 0.8095 0.147 0.0364 0.0071 0
 0.9664 0.0169 0.016 0.0007 0
 0.9276 0.0648 0.0075 0.0001 0
 0.7033 0.2144 0.0806 0.0017 0
 0.9318 0.0425 0.0243 0.0014 0
 0.5671 0.3108 0.0964 0.0239 0.0018
 0.0768 0.2599 0.5324 0.112 0.0189
 0.490249 0.384438 0.106611 0.0170017 0.00170017
 0.7925 0.1577 0.0466 0.003 0.0002
 0.840416 0.127587 0.0312969 0.00059994 9.999e-05
 0.8084 0.0986 0.0794 0.0134 0.0002
 0.7335 0.1905 0.0724 0.0035 0.0001
 0.4001 0.4547 0.1325 0.0127 0
 0.49795 0.308269 0.164784 0.0264974 0.00249975
 0.9179 0.0499 0.0305 0.0017 0
 0.2467 0.6533 0.0926 0.0074 0
 0.9418 0.0223 0.034 0.0019 0
 0.707729 0.231977 0.0356964 0.0245975 0
 0.517169 0.277429 0.184464 0.0207286 0.00020938
 0.811772 0.124168 0.05621 0.00726502 0.000585176
 0.764997 0.148141 0.077277 0.00933861 0.000247198
 0.163321 0.427699 0.378323 0.0303852 0.000271297
 0.753843 0.0900009 0.118128 0.0371064 0.000921714
 0.721811 0.176058 0.0630433 0.0369309 0.00215725
 0.143369 0.312575 0.442814 0.0836902 0.0175525
 0.692698 0.0596174 0.167031 0.0765114 0.00414204
 0.394062 0.376323 0.152708 0.0712218 0.00568511
 0.125707 0.32114 0.495352 0.0537591 0.00404204
 0.23352 0.215282 0.420074 0.123614 0.00750983
 0.796117 0.104755 0.0508955 0.0450114 0.00322123
pf_pred 
 0.529142 0.144493 0.30407 0.0222944 8.72001e-07
 0.464767 0.330974 0.0626811 0.131906 0.00967169
 0.614575 0.217868 0.103613 0.0196226 0.0443214
 0.756804 0.171349 0.0406131 0.0193146 0.0119199
 0.684804 0.261206 0.0380394 0.0090161 0.00693406
 0.771565 0.172938 0.0459902 0.00669753 0.00280832
 0.476728 0.435846 0.0661864 0.0176012 0.00363804
 0.48889 0.306215 0.170663 0.0259163 0.00831657
 0.569355 0.248249 0.109276 0.060903 0.0122164
 0.774425 0.152386 0.0421905 0.0185718 0.0124268
 0.90804 0.0786767 0.00897376 0.00248453 0.00182546
 0.780957 0.204529 0.012418 0.00141639 0.000680273
 0.563303 0.369681 0.0625749 0.00379926 0.000641465
 0.683982 0.212031 0.0880291 0.0149004 0.00105743
 0.919884 0.0655827 0.00975086 0.00404827 0.000733869
 0.957252 0.0406259 0.00173687 0.000258238 0.000126648
 0.377613 0.604876 0.0166421 0.000711493 0.000157665
 0.889894 0.0521127 0.0563613 0.00155068 8.09867e-05
 0.600848 0.368729 0.0143992 0.0155731 0.000450844
 0.808832 0.134966 0.0519184 0.00202746 0.00225623
 0.686178 0.271546 0.0298471 0.0114815 0.00094732
 0.743923 0.195736 0.0522122 0.00573893 0.00238979
 0.276688 0.590273 0.10169 0.0271256 0.00422307
 0.783393 0.0782531 0.112906 0.019451 0.00599629
 0.680279 0.269051 0.0183055 0.0264117 0.00595278
 0.436674 0.426517 0.115128 0.00783296 0.0138489
 0.745231 0.134705 0.0909058 0.0245377 0.00462116
 0.72226 0.225214 0.0277721 0.0187421 0.0060117
 0.420618 0.457812 0.0985784 0.0121561 0.010835
 0.514672 0.248137 0.187422 0.0403567 0.00941225
 0.827454 0.104905 0.034583 0.0261211 0.00693633
pobs_RECLAS
 0 0 0 0 0
 0 0 0 0 0
 0 0 0 0 0
 0 0 0 0 0
 0 0 0 0 0
 0 0 0 0 0
 0 0 0 0 0
 0 0 0 0 0
 0 0 0 0 0
 0 0 0 0 0
 0.991045 0.00858322 0.000360255 1.14367e-05 0
 0.934742 0.0480273 0.0164251 0.00080598 0
 0.827803 0.169806 0.00239088 0 0
 0.941827 0.0461693 0.0120037 0 0
 0.791401 0.0380133 0.147996 0.0225897 0
 0.846168 0.0940531 0.0597789 0 0
 0.134021 0.677848 0.182769 0.00536245 0
 0.80878 0.0450904 0.141981 0.00414843 0
 0.846168 0.0940531 0.0597789 0 0
 0.905697 0.0802665 0.012482 0.00150086 5.37128e-05
 0.989698 0.0102097 9.19794e-05 0 0
 0.975433 0.0193895 0.00387452 0.00125025 5.28907e-05
 0.303575 0.632131 0.0575291 0.00676475 0
 0.966965 0.00978017 0.0227588 0.000495775 0
 0.843318 0.132988 0.00938335 0.0141283 0.000182051
 0.564624 0.303363 0.111486 0.0197234 0.00080311
 0.826376 0.0876187 0.0782897 0.00655872 0.00115652
 0.89761 0.0855135 0.0140674 0.00269457 0.000114338
 0.34875 0.467042 0.161289 0.0227151 0.000203297
 0.318654 0.224769 0.449479 0.00709798 0
 0.937255 0.0296025 0.0250945 0.00804832 0
ppred_RECLAS
 0.610015 0.119675 0.251844 0.0184652 7.22228e-07
 0.549172 0.278781 0.0527965 0.111105 0.0081465
 0.691003 0.174666 0.0830669 0.0157315 0.0355327
 0.814981 0.130359 0.0308976 0.0146942 0.00906841
 0.751314 0.206088 0.0300126 0.00711358 0.00547088
 0.825278 0.132275 0.0351763 0.00512271 0.00214799
 0.566825 0.360802 0.0547904 0.0145706 0.00301164
 0.570483 0.257331 0.143418 0.0217791 0.00698892
 0.652493 0.200324 0.0881801 0.0491454 0.00985799
 0.833523 0.112463 0.0311371 0.0137062 0.00917114
 0.932056 0.0581293 0.00663015 0.00183567 0.00134872
 0.834451 0.154579 0.00938532 0.00107048 0.000514137
 0.64711 0.298735 0.050566 0.00307014 0.000518361
 0.771459 0.153339 0.0636617 0.0107758 0.000764724
 0.943089 0.0465874 0.00692662 0.00287573 0.000521311
 0.969358 0.0291213 0.00124501 0.000185109 9.07836e-05
 0.45919 0.525594 0.0144608 0.000618237 0.000137
 0.918973 0.0383497 0.0414762 0.00114114 5.9598e-05
 0.682058 0.293708 0.0114696 0.0124047 0.000359116
 0.856201 0.101523 0.0390538 0.00152509 0.00169717
 0.753758 0.21307 0.0234196 0.00900902 0.000743319
 0.803693 0.15005 0.0400256 0.00439943 0.001832
 0.348595 0.531593 0.0915805 0.0244289 0.00380324
 0.834767 0.0596934 0.0861276 0.0148377 0.00457412
 0.748173 0.211917 0.0144183 0.0208031 0.0046887
 0.519171 0.364055 0.0982674 0.00668584 0.0118207
 0.803332 0.103985 0.0701743 0.0189418 0.00356728
 0.783673 0.175415 0.0216312 0.0145979 0.00468241
 0.502582 0.393047 0.0846328 0.0104364 0.0093022
 0.596802 0.206146 0.155705 0.0335273 0.00781945
 0.87002 0.079026 0.0260517 0.0196773 0.00522519
pobs_PELACES
 0 0 0 0 0
 0 0 0 0 0
 0 0 0 0 0
 0 0 0 0 0
 0 0 0 0 0
 0 0 0 0 0
 0 0 0 0 0
 0 0 0 0 0
 0 0 0 0 0
 0 0 0 0 0
 0 0 0 0 0
 0 0 0 0 0
 0 0 0 0 0
 0 0 0 0 0
 0 0 0 0 0
 0 0 0 0 0
 0.505614 0.472636 0.0217494 0 0
 0 0 0 0 0
 0.443492 0.261883 0.143347 0.151278 0
 0.227955 0.32914 0.350689 0.0885471 0.00366901
 0.970185 0.0296113 0.000203453 0 0
 0.997202 0.00247181 0.000326279 0 0
 0.445219 0.490057 0.0546422 0.010081 0
 0.90214 0.0892962 0.00764917 0.000914606 0
 0 0 0 0 0
 0.581667 0.319106 0.0959925 0.00289975 0.000334073
 0.762889 0.0836404 0.116647 0.0363945 0.000428098
 0.88444 0.0763242 0.0277011 0.0115352 0
 0.521256 0.241999 0.230069 0.00667565 0
 0.616807 0.101726 0.260614 0.0208532 0
 0.833518 0.0704572 0.0857862 0.0102388 0
ppred_PELACES
 0.559771 0.130888 0.288028 0.0213117 8.35086e-07
 0.505442 0.299823 0.0593764 0.126096 0.00926261
 0.651815 0.192641 0.0958025 0.0183097 0.0414314
 0.791023 0.145088 0.0359602 0.0172586 0.0106704
 0.714831 0.234365 0.0356902 0.00853681 0.00657743
 0.798652 0.150696 0.0419066 0.00615877 0.00258712
 0.53738 0.382255 0.060701 0.0162904 0.00337325
 0.52057 0.28188 0.16428 0.0251757 0.00809363
 0.617419 0.215998 0.0994251 0.0559204 0.0112374
 0.818581 0.120597 0.0349151 0.0155101 0.0103971
 0.919128 0.0687031 0.0081943 0.00228952 0.00168524
 0.813835 0.173288 0.0110021 0.00126638 0.000609336
 0.615502 0.323194 0.0572062 0.00350512 0.000592884
 0.76745 0.153643 0.0667031 0.0113941 0.000810075
 0.936754 0.0513173 0.00797856 0.00334282 0.00060709
 0.964809 0.033366 0.00149168 0.000223816 0.000109967
 0.419144 0.563781 0.0162203 0.000699816 0.000155361
 0.904613 0.0440793 0.0498515 0.00138414 7.2421e-05
 0.653632 0.318734 0.0130157 0.0142058 0.00041201
 0.835036 0.114895 0.0462173 0.00182137 0.00203058
 0.72146 0.239451 0.0275221 0.0106842 0.000883141
 0.77778 0.167994 0.04686 0.00519783 0.00216841
 0.310822 0.557494 0.100432 0.0270355 0.00421673
 0.805953 0.0680368 0.102652 0.0178465 0.0055117
 0.71375 0.238914 0.0169979 0.0247499 0.00558841
 0.472969 0.394494 0.11135 0.00764538 0.0135419
 0.771718 0.118024 0.0832891 0.0226878 0.00428056
 0.751101 0.19992 0.0257797 0.0175569 0.00564183
 0.456244 0.425405 0.0957865 0.0119201 0.010644
 0.550103 0.224772 0.177533 0.0385777 0.00901375
 0.847288 0.0910416 0.0313843 0.0239224 0.00636404
pobs_pel_tallas
 0 0 0 0 0 0 0 0 0 0 0 0 0 0 0 0 0 0 0 0 0 0 0 0 0 0
 0 0 0 0 0 0 0 0 0 0 0 0 0 0 0 0 0 0 0 0 0 0 0 0 0 0
 0 0 0 0 0 0 0 0 0 0 0 0 0 0 0 0 0 0 0 0 0 0 0 0 0 0
 0 0 0 0 0 0 0 0 0 0 0 0 0 0 0 0 0 0 0 0 0 0 0 0 0 0
 0 0 0 0 0 0 0 0 0 0 0 0 0 0 0 0 0 0 0 0 0 0 0 0 0 0
 0 0 0 0 0 0 0 0 0 0 0 0 0 0 0 0 0 0 0 0 0 0 0 0 0 0
 0 0 0 0 0 0 0 0 0 0 0 0 0 0 0 0 0 0 0 0 0 0 0 0 0 0
 0 0 0 0 0 0 0 0 0 0 0 0 0 0 0 0 0 0 0 0 0 0 0 0 0 0
 0 0 0 0 0 0 0 0 0 0 0 0 0 0 0 0 0 0 0 0 0 0 0 0 0 0
 0 0 0 0 0 0 0 0 0 0 0 0 0 0 0 0 0 0 0 0 0 0 0 0 0 0
 0 0 0 0 0 0 0 0 0 0 0 0 0 0 0 0 0 0 0 0 0 0 0 0 0 0
 0 0 0 0 0 0 0 0 0 0 0 0 0 0 0 0 0 0 0 0 0 0 0 0 0 0
 0.00862536 0 0 0.000197151 0.00414017 0.0128641 0.00837892 0.0270097 0.101434 0.158115 0.152841 0.127902 0.109271 0.109419 0.0830992 0.0579132 0.0238553 0.00714673 0.00463305 0.00128148 0.00103504 0.000492878 0.000147863 0.000147863 4.92878e-05 0
 0 0 0 0 0 0 0 0 0 0 0 0 0 0 0 0 0 0 0 0 0 0 0 0 0 0
 0 0 0 0 0 0 0 0.0054083 0.00873648 0.0413646 0.0450493 0.0745869 0.0622846 0.0627006 0.0613931 0.0827291 0.12552 0.122667 0.0946155 0.0697135 0.0546179 0.0294188 0.0215738 0.0213955 0.0102223 0.00600262
 0 0 0 0 0.00359764 0.0251062 0.0480494 0.140153 0.205849 0.193036 0.1447 0.116669 0.0760912 0.0342217 0.00950174 0.001854 0.000860785 0 0 0 0.000165536 0 0.000143464 0 0 0
 0 0 0 0 0 0 0 0.000145254 0.000435761 0.0275982 0.070085 0.0708112 0.156366 0.174668 0.174014 0.160142 0.0824315 0.0480064 0.0283245 0.00493863 0.00203355 0 0 0 0 0
 0 0 0 0 0 0 0 0 0 0 0 0 0 0 0 0 0 0 0 0 0 0 0 0 0 0
 0 0 1.00437e-05 0.000401748 0.00122533 0.00171747 0.00176769 0.0269171 0.070346 0.194647 0.189555 0.159765 0.064822 0.0314167 0.0384472 0.0292271 0.0345202 0.0313363 0.0194345 0.0106764 0.0143323 0.0359363 0.0279516 0.0138201 0.00172751 0
 0 0.0021121 0.0136068 0.0755702 0.200478 0.177729 0.0527432 0.0373336 0.0318909 0.0142505 0.0149659 0.0166563 0.0217959 0.0798694 0.0677717 0.0528807 0.04013 0.0224614 0.0357745 0.0225083 0.00881397 0.00855152 0.00135912 0.000746735 0 0
 0 0 0 0 5.4009e-05 0.00500934 0.000945158 0.0243581 0.138947 0.33067 0.221406 0.137944 0.0707744 0.0437923 0.0131692 0.00525238 0.0047753 0.00276346 9.45158e-05 9.00151e-06 2.25038e-05 9.00151e-06 4.50075e-06 0 0 0
 0.000866109 0.00284123 0.00948549 0.0512746 0.133035 0.25785 0.225252 0.132002 0.0553304 0.0519788 0.0540692 0.017754 0.00435017 0.00159236 0.00146478 0.000404838 0.000125132 0.000115318 0.000107957 0.000100596 0 0 0 0 0 0
 0 0 0 0 0.00144013 0.00171154 0.00461396 0.0210425 0.0478622 0.0707936 0.0888783 0.103762 0.0637923 0.0337046 0.0602308 0.124433 0.169614 0.0934646 0.0462172 0.0250306 0.0313229 0.00938855 0.002487 0.000210481 0 0
 0 0.00764035 0.051015 0.0998891 0.058973 0.0496711 0.0374665 0.0718981 0.12319 0.153886 0.159021 0.0857701 0.0377988 0.023471 0.0147837 0.00900784 0.00315554 0.000888139 0.00291439 0.00214683 0.00393193 0.00274676 0.000635225 9.99891e-05 0 0
 0 0 0 0 0 0 0 0 0 0 0 0 0 0 0 0 0 0 0 0 0 0 0 0 0 0
 0 0 0 0 0 0 0 0 0 0 0 0 0 0 0 0 0 0 0 0 0 0 0 0 0 0
 0 0 0 0 0 0 0 0 0 0 0 0 0 0 0 0 0 0 0 0 0 0 0 0 0 0
 0 0 0 0 0 0 0 0 0 0 0 0 0 0 0 0 0 0 0 0 0 0 0 0 0 0
 0 0 0 0 0 0 0 0 0 0 0 0 0 0 0 0 0 0 0 0 0 0 0 0 0 0
 0 0 0 0 0 0 0 0 0 0 0 0 0 0 0 0 0 0 0 0 0 0 0 0 0 0
 0 0 0 0 0 0 0 0 0 0 0 0 0 0 0 0 0 0 0 0 0 0 0 0 0 0
ppred_pel_tallas
 1.10483e-16 4.61076e-05 0.000448183 0.00297833 0.0135391 0.0421251 0.0897525 0.130999 0.131012 0.0898164 0.0423409 0.0141677 0.00457647 0.00400379 0.00699441 0.0119992 0.0184632 0.0256745 0.0328463 0.0394711 0.0453597 0.0502631 0.0534885 0.0539982 0.0510121 0.0446237
 1.16004e-16 4.16326e-05 0.000404684 0.00268927 0.012225 0.0380368 0.0810425 0.11829 0.118319 0.0811841 0.0385124 0.0135997 0.00614389 0.00796 0.0144335 0.0239149 0.0347458 0.0443736 0.0502782 0.0514377 0.0489795 0.0453763 0.0428058 0.0419462 0.0419483 0.0413109
 1.11662e-16 5.36892e-05 0.000521878 0.00346806 0.0157653 0.0490519 0.104511 0.152541 0.152559 0.104602 0.049359 0.0166539 0.00570435 0.00542336 0.00942081 0.015644 0.0228978 0.0295793 0.0340951 0.0357408 0.0350909 0.033505 0.0321604 0.0313925 0.0307474 0.0295114
 1.04612e-16 6.51556e-05 0.000633335 0.00420874 0.0191323 0.0595278 0.126831 0.185116 0.18513 0.126899 0.0597579 0.0197972 0.0058793 0.00428543 0.00701684 0.0115392 0.0167177 0.021243 0.0238324 0.0239132 0.0219577 0.0191346 0.0165614 0.0147463 0.0135493 0.0125248
 1.0306e-16 5.88797e-05 0.000572332 0.00380335 0.0172895 0.0537941 0.114615 0.167289 0.167311 0.114725 0.0541648 0.0183603 0.00649151 0.00644151 0.0112082 0.0184435 0.0265804 0.0334637 0.0369374 0.0360099 0.0314384 0.0252025 0.019305 0.0148372 0.0118467 0.00981093
 1.02304e-16 6.57839e-05 0.000639443 0.00424932 0.0193168 0.0601019 0.128054 0.186902 0.186916 0.128125 0.0603408 0.0200075 0.00598453 0.00443258 0.00728474 0.0119783 0.0173403 0.0219959 0.0245834 0.0244643 0.0220779 0.0185986 0.0151876 0.0124371 0.0103333 0.00858341
 1.04055e-16 4.42634e-05 0.000430256 0.0028592 0.0129975 0.0404404 0.0861639 0.125766 0.125803 0.0863439 0.0410451 0.0147443 0.00724438 0.010005 0.018234 0.030089 0.0433742 0.0546156 0.0602956 0.0587853 0.0512998 0.0410416 0.0312554 0.0237162 0.0185247 0.0148805
 1.08708e-16 4.28788e-05 0.000416797 0.00276976 0.012591 0.0391753 0.0834681 0.12183 0.121857 0.0836019 0.0396252 0.013893 0.00604756 0.00760407 0.0137861 0.022967 0.033649 0.0435014 0.0501388 0.0524097 0.0509645 0.0475747 0.0438104 0.040192 0.0363437 0.0317402
 1.10435e-16 5.0856e-05 0.000494339 0.00328505 0.0149334 0.0464634 0.0989961 0.144492 0.144513 0.0990985 0.0468076 0.0159292 0.00579101 0.00598603 0.0105435 0.0175172 0.0256273 0.0330794 0.0380823 0.0398405 0.0389871 0.0370246 0.035237 0.0339601 0.0326669 0.0305935
 1.04354e-16 6.74254e-05 0.000655399 0.00435536 0.0197988 0.0616016 0.131249 0.191564 0.191576 0.131306 0.061793 0.0203521 0.00574592 0.00369675 0.00586066 0.00962798 0.0139728 0.0178086 0.0200803 0.0203182 0.0189089 0.0168012 0.014888 0.0135511 0.0126422 0.0117778
 1.00769e-16 7.57074e-05 0.000735902 0.00489033 0.0222307 0.0691681 0.14737 0.215093 0.215099 0.147403 0.0692767 0.0225444 0.00567752 0.00245401 0.0033378 0.00539588 0.0077603 0.00974793 0.0107191 0.0103817 0.00896211 0.0070516 0.00525283 0.00390088 0.00301884 0.0024532
 1.00592e-16 6.70345e-05 0.000651599 0.00433011 0.019684 0.0612445 0.130488 0.190455 0.190472 0.13057 0.061518 0.0204739 0.00631154 0.00497337 0.00826392 0.013527 0.0194117 0.0242669 0.0264576 0.0252293 0.0211592 0.0157801 0.0106876 0.00681942 0.00431677 0.00284084
 1.02186e-16 5.06982e-05 0.000492804 0.00327486 0.0148871 0.0463193 0.0986893 0.144046 0.144078 0.0988416 0.0468307 0.0163643 0.00698351 0.0085909 0.0154363 0.0254536 0.0366936 0.0462033 0.0509932 0.04966 0.0431944 0.0342698 0.0256172 0.0187663 0.0138788 0.0103842
 1.03245e-16 6.32139e-05 0.000614462 0.00408331 0.0185622 0.0577538 0.123051 0.1796 0.179615 0.123124 0.0579983 0.0192691 0.00586137 0.00450739 0.00749002 0.0123696 0.0180158 0.0230781 0.02621 0.0267691 0.0251506 0.0224283 0.0196149 0.0171515 0.014934 0.0126849
 1.00682e-16 7.71592e-05 0.000750015 0.00498411 0.0226571 0.0704946 0.150196 0.219217 0.219222 0.15022 0.0705757 0.0228916 0.00557287 0.0020356 0.00251966 0.00404593 0.005827 0.00734097 0.00811344 0.00792832 0.00695138 0.00561379 0.00434933 0.0033904 0.00274128 0.00228433
 1.00093e-16 7.947e-05 0.000772477 0.00513338 0.0233356 0.0726057 0.154694 0.225782 0.225785 0.15471 0.0726584 0.0234876 0.00551467 0.00160397 0.00165608 0.00260532 0.00372948 0.00465627 0.00506593 0.00481282 0.00400952 0.0029543 0.00195857 0.00120669 0.000727699 0.000455455
 1.00709e-16 3.45244e-05 0.00033559 0.00223012 0.0101378 0.0315428 0.0672073 0.0981024 0.0981566 0.0674722 0.0324321 0.0127051 0.00866918 0.0143749 0.0266471 0.0438652 0.0628727 0.0784024 0.0851087 0.0805238 0.0665617 0.0483042 0.0310805 0.0180803 0.00985222 0.00530054
 1.01602e-16 7.45118e-05 0.000724281 0.0048131 0.0218797 0.0680758 0.145043 0.211695 0.211699 0.145064 0.0681469 0.0220859 0.00533397 0.00187194 0.00228501 0.00373986 0.00556592 0.00738355 0.00884435 0.00976167 0.0101733 0.0102323 0.0100313 0.00952828 0.0086277 0.00731967
 1.01952e-16 5.38389e-05 0.000523333 0.00347773 0.0158093 0.0491887 0.104803 0.152969 0.153 0.104953 0.0496918 0.0172615 0.00712074 0.0084684 0.0151207 0.0248543 0.0356641 0.0445701 0.0485802 0.0463292 0.0389137 0.0291888 0.0201068 0.0133713 0.00917614 0.00680393
 1.0189e-16 6.87809e-05 0.000668574 0.00444291 0.0201968 0.0628399 0.133888 0.195415 0.195426 0.133942 0.0630226 0.0207249 0.0057707 0.00357432 0.00560824 0.0092169 0.0133959 0.0171044 0.0193187 0.019547 0.018086 0.0157595 0.0133658 0.0112887 0.00950157 0.00782701
 1.02077e-16 5.94257e-05 0.000577639 0.00383862 0.0174498 0.054293 0.115678 0.16884 0.168863 0.11579 0.0546714 0.0185428 0.0065818 0.00656463 0.0114258 0.0187845 0.0270297 0.0339404 0.0372944 0.0360689 0.0310472 0.0242862 0.0178865 0.0130225 0.00978936 0.00767432
 1.02284e-16 6.40647e-05 0.000622732 0.00413827 0.018812 0.0585312 0.124708 0.182018 0.182034 0.124787 0.0587976 0.0195819 0.00607252 0.00485082 0.00811036 0.0133492 0.0193222 0.0245017 0.0273661 0.0271984 0.0244834 0.0205284 0.0166311 0.0134622 0.0110232 0.00900657
 1.06466e-16 2.56021e-05 0.000248861 0.00165377 0.00751785 0.0233911 0.0498392 0.0727531 0.0728068 0.050102 0.0242734 0.0100668 0.00805378 0.014226 0.026588 0.0439601 0.0634295 0.0799863 0.0885246 0.0866753 0.0761861 0.0616667 0.0477625 0.0369766 0.0294044 0.0238817
 1.05703e-16 6.63853e-05 0.000645289 0.00428817 0.0194934 0.0606513 0.129224 0.188608 0.188615 0.129257 0.060762 0.0198151 0.00510306 0.00244833 0.00356157 0.0059683 0.00902448 0.0122558 0.0152036 0.0176273 0.0195638 0.0211314 0.0222628 0.0226397 0.0218936 0.0198911
 1.0398e-16 5.87907e-05 0.000571466 0.0037976 0.0172633 0.0537128 0.114442 0.167036 0.167059 0.114554 0.0540902 0.0183532 0.00653247 0.00653916 0.0113854 0.0187122 0.0269137 0.033779 0.0371098 0.0359251 0.0310661 0.0246471 0.0187972 0.0146568 0.0122119 0.0107868
 1.06373e-16 3.89579e-05 0.000378684 0.00251649 0.0114396 0.0355932 0.0758364 0.110693 0.110732 0.0760226 0.0362188 0.0132477 0.00705912 0.0103088 0.0189378 0.0313494 0.0453955 0.057583 0.064353 0.0640319 0.057769 0.0486423 0.0397019 0.0325144 0.0270597 0.0225767
 1.05434e-16 6.35654e-05 0.000617879 0.00410602 0.0186654 0.058075 0.123735 0.180598 0.180609 0.123792 0.0582639 0.0192125 0.00548479 0.00364563 0.00586645 0.0097359 0.0143428 0.0187179 0.0219053 0.0234512 0.0236161 0.0230713 0.0223473 0.0215076 0.0202592 0.0183105
 1.03511e-16 6.18673e-05 0.000601372 0.00399633 0.0181667 0.0565236 0.12043 0.175775 0.175795 0.120524 0.0568397 0.0190799 0.00628871 0.00560613 0.00956844 0.0157258 0.022662 0.0285345 0.0315159 0.0307816 0.0270055 0.0219004 0.0171794 0.0137439 0.0115691 0.0101248
 1.0587e-16 3.75803e-05 0.000365294 0.00242751 0.0110351 0.0343346 0.0731551 0.106781 0.106822 0.0733557 0.0350085 0.0129822 0.00731755 0.0110491 0.0203539 0.0336567 0.0486361 0.0614854 0.0683321 0.067368 0.0598859 0.0493202 0.039111 0.0310816 0.0252721 0.0208267
 1.10575e-16 4.53113e-05 0.000440442 0.00292689 0.0133052 0.0413977 0.0882029 0.128739 0.128761 0.08831 0.0417581 0.0143493 0.00555906 0.0062248 0.0111435 0.0186456 0.0275457 0.0360876 0.0424755 0.0458394 0.0466254 0.0460179 0.0449145 0.0433481 0.0407405 0.0365963
 1.04406e-16 6.979e-05 0.000678384 0.0045081 0.0204932 0.0637619 0.135852 0.198281 0.19829 0.135895 0.0639066 0.0209117 0.00556071 0.00298272 0.00446556 0.00732411 0.0106694 0.0136897 0.015615 0.0161136 0.0154816 0.0144084 0.0135035 0.012963 0.0125795 0.0119952
pSPR Fmed_Fpbrs
0.556006   0.6 0.325
Fs Fmed_Fpbrs
0.34   0.291595 0.719032
SSBpbr Bo_Bmed_Bpbrs
1.09056e+06  551829  599808 299904
Ro
122310
SPR SPRFo_SPRFmed_SPRFpbrs
873012 485400 283729
Fref
0.291595
Nvult_r0
 155684 15303.4 5044.91 3810.51 1011.86
CTP_r0
 27122 3454.95 1138.96 860.275 228.441
YTP_r0
343205
Np
 163057 48576.4 17563.5 1522.63 639.9
Nvult_p0
 114481 35226.1 12736.5 1104.16 464.035
CTP_p0
 19944 10462.5 907.023 299.009 285.138
 19944 7952.76 2875.44 249.279 104.762
YTP_p0
 374197 369865
CBA_c0
352502
log_Ro
11.5343
likeval ReclasPelacesDesembMPH_pf_preclas_ppelaces_ptallas_desvR_qrecl_qpela
 28.1629 28.9023 0.0263761 55.1242 223.463 120.383 105.81 0 24.8484 1.35242e-05 4.06706e-05 0.104566 7.38815e-16 0 0
q_reclas_q_pelaces
1.68216 2.46427
M
1
N
 161345 32790 69002.9 5059.29 0.197884
 91074.8 49350 9346.08 19667.8 1442.1
 88341.6 23814.1 11325.4 2144.85 4844.57
 132105 23208.8 5500.96 2616.13 1614.52
 105132 29745.7 4331.85 1026.74 789.637
 194401 32886.3 8745.59 1273.62 534.036
 74167.4 53918.8 8187.96 2177.46 450.065
 29449.8 13612.7 7586.75 1152.1 369.71
 28003.9 9533.69 4196.62 2338.9 469.156
 37582.7 5998.48 1660.78 731.055 489.166
 89594.8 5739.71 654.664 181.254 133.173
 141279 28642 1739.01 198.349 95.2647
 63152.2 32417.3 5487.19 333.157 56.2501
 50180.7 13334 5535.88 937.042 66.4987
 70792.8 4040.7 600.772 249.423 45.2153
 372743 12227.1 522.739 77.721 38.117
 71452 86555.2 2381.41 101.812 22.5613
 438124 19538.1 21131 581.381 30.3635
 236245 113882 4447.19 4809.75 139.243
 376488 48158.6 18525.5 723.44 805.07
 310920 93138.1 10237.3 3938.07 324.923
 417328 84439.8 22524.2 2475.75 1030.94
 62536.8 100794 17364.4 4631.93 721.127
 229116 17219.9 24845.4 4280.26 1319.51
 218559 64961.4 4419.8 6377.03 1437.28
 85761.1 62487.5 16866.9 1147.58 2028.95
 189999 25815.9 17421.9 4702.61 885.637
 233067 54231.5 6687.52 4513.09 1447.62
 86443.2 69996.6 15072 1858.6 1656.6
 73241.1 26508 20021.9 4311.22 1005.49
 221743 21103.2 6956.89 5254.66 1395.35
pred_Ctot
 17453.2 4765.95 10029.4 735.358 0.028762
 17118.6 12190.7 2308.71 4858.43 356.234
 16405.4 5815.76 2765.84 523.805 1183.11
 33703.7 7630.89 1808.67 860.163 530.844
 10080.5 3845.05 559.952 132.72 102.072
 30939.5 6934.76 1844.19 268.568 112.612
 24836.1 22706.2 3448.1 916.968 189.531
 2257.73 1414.12 788.131 119.683 38.4065
 7723.96 3367.79 1482.46 826.219 165.73
 14897.4 2931.41 811.61 357.261 239.052
 7505.25 650.289 74.1711 20.5355 15.088
 34908.9 9142.47 555.089 63.3127 30.4083
 17785.6 11672.2 1975.72 119.957 20.2535
 27824.7 8625.52 3581.07 606.157 43.0169
 25216 1797.76 267.292 110.972 20.1169
 90182.8 3827.37 163.63 24.3286 11.9315
 11877.3 19025.5 523.451 22.379 4.95913
 83588.8 4895.01 5294.08 145.657 7.60717
 69820.7 42847.6 1673.24 1809.65 52.3896
 80493.8 13431.6 5166.84 201.77 224.537
 52732.4 20868.2 2293.73 882.348 72.801
 93746.4 24665.9 6579.59 723.198 301.152
 10179.1 21715.6 3741.08 997.925 155.363
 33917.9 3388.06 4888.4 842.153 259.616
 31422.8 12427.7 845.548 1219.98 274.965
 10014.8 9781.9 2640.38 179.644 317.615
 27479.4 4967.04 3352.03 904.795 170.399
 27503.9 8576.2 1057.57 713.703 228.927
 9230.43 10046.7 2163.3 266.765 237.773
 10237.5 4935.77 3728.07 802.747 187.222
 30968.5 3926.21 1294.31 977.618 259.601
F
 0.184608 0.255165 0.255165 0.255165 0.255165
 0.341402 0.471886 0.471886 0.471886 0.471886
 0.336679 0.465357 0.465357 0.465357 0.465357
 0.490911 0.678537 0.678537 0.678537 0.678537
 0.162158 0.224135 0.224135 0.224135 0.224135
 0.282442 0.390392 0.390392 0.390392 0.390392
 0.695324 0.961076 0.961076 0.961076 0.961076
 0.127856 0.176722 0.176722 0.176722 0.176722
 0.540837 0.747545 0.747545 0.747545 0.747545
 0.879135 1.21514 1.21514 1.21514 1.21514
 0.140423 0.194092 0.194092 0.194092 0.194092
 0.472044 0.652458 0.652458 0.652458 0.652458
 0.555233 0.767443 0.767443 0.767443 0.767443
 1.51921 2.09985 2.09985 2.09985 2.09985
 0.756106 1.04509 1.04509 1.04509 1.04509
 0.460106 0.635958 0.635958 0.635958 0.635958
 0.296659 0.410042 0.410042 0.410042 0.410042
 0.347341 0.480095 0.480095 0.480095 0.480095
 0.590371 0.81601 0.81601 0.81601 0.81601
 0.396802 0.54846 0.54846 0.54846 0.54846
 0.303499 0.419496 0.419496 0.419496 0.419496
 0.420789 0.581614 0.581614 0.581614 0.581614
 0.289691 0.400411 0.400411 0.400411 0.400411
 0.260433 0.359971 0.359971 0.359971 0.359971
 0.252091 0.34844 0.34844 0.34844 0.34844
 0.200576 0.277236 0.277236 0.277236 0.277236
 0.25376 0.350747 0.350747 0.350747 0.350747
 0.202881 0.280421 0.280421 0.280421 0.280421
 0.182043 0.251619 0.251619 0.251619 0.251619
 0.24433 0.337712 0.337712 0.337712 0.337712
 0.2441 0.337395 0.337395 0.337395 0.337395
YTP_r0W_actual
 225112 48714.8 31435.2 29421.4 8520.86
YTP_p0W_proyectada
 150378 182571 21832.1 9364.96 10051.1
 150378 138776 69211.8 7807.42 3692.87
CTP_r0_actual
 27122 3454.95 1138.96 860.275 228.441
CTP_p0_proyectada
 19944 10462.5 907.023 299.009 285.138
 19944 7952.76 2875.44 249.279 104.762
Wmedp
 7.54 17.45 24.07 31.32 35.25
Frms_r0
 0.210965 0.291595 0.291595 0.291595 0.291595
Zrms_r0
 1.21096 1.2916 1.2916 1.2916 1.2916
nmprior
 7.29 8.9 8.7 0
nm_flota  nm_reclas  nm_pelaces    nm_pelaL
inf 13.5116 14.019 30.955
cv_recla  cv_pelaces  cv_mph
0.240012 0.507993 0.617761
 ------------------------------------------------
Talla a la edad & desviaci?n 
 8 13.2811 15.8009 17.003 17.5766
 0.8 1.32811 1.58009 1.7003 1.75766
