years
 1991 1992 1993 1994 1995 1996 1997 1998 1999 2000 2001 2002 2003 2004 2005 2006 2007 2008 2009 2010 2011 2012 2013 2014 2015 2016 2017 2018 2019 2020
reclasobs
 0 0 0 0 0 0 0 0 0 252601 567819 844713 477998 351125 339783 2.1784e+06 2.13404e+06 4.81314e+06 1.55562e+06 2.62356e+06 3.21686e+06 3.843e+06 1.13348e+06 3.07943e+06 1.97215e+06 2.03268e+06 2.025e+06 2.42433e+06 2.27542e+06 1.05018e+06
reclaspred
 4.36113e+06 2.34384e+06 1.1418e+06 1.40854e+06 1.63176e+06 3.34285e+06 1.86969e+06 1.37517e+06 781730 274375 556422 1.06171e+06 681009 298885 511565 1.74597e+06 1.46463e+06 3.19626e+06 2.2157e+06 2.4568e+06 3.98068e+06 2.84256e+06 1.5577e+06 2.48422e+06 2.02061e+06 1.7136e+06 2.1849e+06 2.52908e+06 1.96499e+06 1.03576e+06
pelacesobs
 0 0 0 0 0 0 0 0 0 0 0 0 0 0 0 552880 188675 0 991730 2.46772e+06 1.41603e+06 1.21717e+06 2.29649e+06 1.80582e+06 0 1.4828e+06 1.56532e+06 1.57751e+06 1.42118e+06 867257
pelacespred
 2.88128e+06 1.55812e+06 703761 694870 1.03573e+06 2.08429e+06 1.10225e+06 1.0759e+06 512116 114308 318801 520499 336031 100160 239054 780834 776053 1.74772e+06 1.15446e+06 1.16855e+06 2.18451e+06 1.55637e+06 904250 1.51561e+06 1.22272e+06 1.07872e+06 1.50035e+06 1.633e+06 1.27427e+06 641910
mphobs
 0 0 0 0 0 0 0 0 0 0 0 0 498337 0 5186 125008 0 168611 109162 213762 579715 649985 157893 87575 83554 210694 70296 0 107559 103333
mphpred
 773912 526460 233007 135121 199363 283994 465000 199267 166804 61988 16934 99608.6 127040 39973.3 12114.9 49895.7 251513 169688 349901 179353 379736 359300 256936 135540 290505 234921 182084 254702 378567 206756
desembarqueobs
 494567 514787 250237 358949 120608 361735 552515 73892 212993 205616 52469 317467 293654 387597 252695 516296 358380 742168 942051 627588 828172 859565 418607 520667 417249 300574 415391 372974 316634 284311
desembarquepred
 494554 514437 250386 358937 120609 361712 552472 73897.6 213075 205686 52470.6 317387 293652 387526 252488 516164 358520 742059 941221 627073 828266 859457 418559 520749 417137 300564 415332 372870 316463 284176
Reclutas
 143049 96298.2 84246.1 128647 92034.1 195094 69245.2 23798 22840.3 30202 52495.7 114192 56852.9 59100.7 53405 249870 50048.5 316556 222201 280481 220471 321544 44963.8 143592 149271 51548.9 127605 134585 49390.2 44054
log_desv_Rt
 0.43269 0.0369543 -0.096753 0.326578 -0.00833623 0.742984 -0.292841 -1.3609 -1.40197 -1.12259 -0.569764 0.207386 -0.490027 -0.451252 -0.552591 0.990445 -0.617502 1.227 0.873089 1.10601 0.86527 1.24264 -0.724638 0.436479 0.475266 -0.587963 0.318446 0.371702 -0.630743 -0.745079
SSB
 773912 526460 233007 135121 199363 283994 465000 199267 166804 61988 16934 99608.6 117961 38344.1 11503 47910.6 251513 169688 367449 186360 407748 415709 320367 156094 306398 268679 191633 254702 397651 198601
BT
 1.31995e+06 986179 447387 582748 475355 1.21471e+06 830437 463507 394392 239781 204763 492588 396910 446951 375226 815905 547206 1.52559e+06 1.36566e+06 1.01051e+06 1.62235e+06 1.38402e+06 670914 1.24088e+06 825012 660736 1.13216e+06 1.04001e+06 665087 507515
Ftot
 0.454059 0.842084 0.836462 0.927779 0.295205 0.417529 1.09718 0.219134 1.0063 2.22639 0.353538 1.06432 1.47176 3.16101 1.59134 1.02995 0.920842 0.838176 1.44671 0.916052 0.779324 1.08326 1.00583 0.764876 0.775393 0.678306 0.703718 0.556028 0.639411 1.0121
BD_Bspro_t
 0.929927 0.576193 0.306847 0.221775 0.271081 0.39493 0.454316 0.239693 0.2693 0.146396 0.0613239 0.354241 0.258074 0.0904784 0.0293011 0.111185 0.279802 0.196947 0.286527 0.158678 0.241777 0.241086 0.211823 0.134313 0.259906 0.275354 0.253152 0.341476 0.424815 0.278379
BD_Bspro
 1.17148 0.796911 0.352707 0.204535 0.301778 0.429887 0.703878 0.301633 0.252494 0.0938321 0.0256332 0.150779 0.178559 0.0580421 0.0174123 0.072523 0.380719 0.256859 0.556214 0.282095 0.617214 0.629265 0.484945 0.236281 0.463799 0.406703 0.290077 0.385547 0.601931 0.300625
BD_Bo
 1.56492 1.06455 0.471163 0.273228 0.40313 0.574263 0.940273 0.402936 0.337293 0.125345 0.0342421 0.201418 0.238528 0.0775353 0.0232602 0.0968796 0.508583 0.343125 0.743017 0.376836 0.824504 0.840603 0.647813 0.315636 0.619565 0.543293 0.387499 0.515032 0.804088 0.40159
BD_Brms
 9.83227 6.68849 2.96028 1.71667 2.53283 3.60805 5.90766 2.53162 2.11918 0.787535 0.21514 1.26549 1.49865 0.487148 0.146142 0.608687 3.19539 2.15582 4.66831 2.36763 5.18029 5.28144 4.07015 1.98311 3.89267 3.41346 2.43463 3.2359 5.05202 2.52315
Sel_flota
 0.809236 1 1 1 1
 0.809236 1 1 1 1
 0.809236 1 1 1 1
 0.809236 1 1 1 1
 0.809236 1 1 1 1
 0.809236 1 1 1 1
 0.809236 1 1 1 1
 0.809236 1 1 1 1
 0.809236 1 1 1 1
 0.809236 1 1 1 1
 0.809236 1 1 1 1
 0.809236 1 1 1 1
 0.809236 1 1 1 1
 0.809236 1 1 1 1
 0.809236 1 1 1 1
 0.809236 1 1 1 1
 0.809236 1 1 1 1
 0.809236 1 1 1 1
 0.809236 1 1 1 1
 0.809236 1 1 1 1
 0.809236 1 1 1 1
 0.809236 1 1 1 1
 0.809236 1 1 1 1
 0.809236 1 1 1 1
 0.809236 1 1 1 1
 0.809236 1 1 1 1
 0.809236 1 1 1 1
 0.809236 1 1 1 1
 0.809236 1 1 1 1
 0.809236 1 1 1 1
Sel_reclas
 0.705166 1 1 1 1
 0.705166 1 1 1 1
 0.705166 1 1 1 1
 0.705166 1 1 1 1
 0.705166 1 1 1 1
 0.705166 1 1 1 1
 0.705166 1 1 1 1
 0.705166 1 1 1 1
 0.705166 1 1 1 1
 0.705166 1 1 1 1
 0.705166 1 1 1 1
 0.705166 1 1 1 1
 0.705166 1 1 1 1
 0.705166 1 1 1 1
 0.705166 1 1 1 1
 0.705166 1 1 1 1
 0.705166 1 1 1 1
 0.705166 1 1 1 1
 0.705166 1 1 1 1
 0.705166 1 1 1 1
 0.705166 1 1 1 1
 0.705166 1 1 1 1
 0.705166 1 1 1 1
 0.705166 1 1 1 1
 0.705166 1 1 1 1
 0.705166 1 1 1 1
 0.705166 1 1 1 1
 0.705166 1 1 1 1
 0.705166 1 1 1 1
 0.705166 1 1 1 1
Sel_pelaces
 0.5 1 1 1 1
 0.5 1 1 1 1
 0.5 1 1 1 1
 0.5 1 1 1 1
 0.5 1 1 1 1
 0.5 1 1 1 1
 0.5 1 1 1 1
 0.5 1 1 1 1
 0.5 1 1 1 1
 0.5 1 1 1 1
 0.5 1 1 1 1
 0.5 1 1 1 1
 0.5 1 1 1 1
 0.5 1 1 1 1
 0.5 1 1 1 1
 0.5 1 1 1 1
 0.5 1 1 1 1
 0.5 1 1 1 1
 0.5 1 1 1 1
 0.5 1 1 1 1
 0.5 1 1 1 1
 0.5 1 1 1 1
 0.5 1 1 1 1
 0.5 1 1 1 1
 0.5 1 1 1 1
 0.5 1 1 1 1
 0.5 1 1 1 1
 0.5 1 1 1 1
 0.5 1 1 1 1
 0.5 1 1 1 1
pf_obs 
 0.8446 0.082 0.0669 0.0065 0
 0.8095 0.147 0.0364 0.0071 0
 0.9664 0.0169 0.016 0.0007 0
 0.9276 0.0648 0.0075 0.0001 0
 0.7033 0.2144 0.0806 0.0017 0
 0.9318 0.0425 0.0243 0.0014 0
 0.5671 0.3108 0.0964 0.0239 0.0018
 0.0768 0.2599 0.5324 0.112 0.0189
 0.490249 0.384438 0.106611 0.0170017 0.00170017
 0.7925 0.1577 0.0466 0.003 0.0002
 0.840416 0.127587 0.0312969 0.00059994 9.999e-05
 0.8084 0.0986 0.0794 0.0134 0.0002
 0.7335 0.1905 0.0724 0.0035 0.0001
 0.4001 0.4547 0.1325 0.0127 0
 0.49795 0.308269 0.164784 0.0264974 0.00249975
 0.9179 0.0499 0.0305 0.0017 0
 0.2467 0.6533 0.0926 0.0074 0
 0.9418 0.0223 0.034 0.0019 0
 0.707729 0.231977 0.0356964 0.0245975 0
 0.517169 0.277429 0.184464 0.0207286 0.00020938
 0.811772 0.124168 0.05621 0.00726502 0.000585176
 0.764997 0.148141 0.077277 0.00933861 0.000247198
 0.163321 0.427699 0.378323 0.0303852 0.000271297
 0.753843 0.0900009 0.118128 0.0371064 0.000921714
 0.721811 0.176058 0.0630433 0.0369309 0.00215725
 0.143369 0.312575 0.442814 0.0836902 0.0175525
 0.692698 0.0596174 0.167031 0.0765114 0.00414204
 0.394062 0.376323 0.152708 0.0712218 0.00568511
 0.125707 0.32114 0.495352 0.0537591 0.00404204
 0.23352 0.215282 0.420074 0.123614 0.00750983
pf_pred 
 0.669591 0.146431 0.168998 0.0149786 8.33453e-07
 0.621711 0.274393 0.0460448 0.0531409 0.00471024
 0.736138 0.182691 0.0588772 0.00987995 0.0124133
 0.847962 0.120481 0.0218496 0.00704164 0.00266624
 0.75117 0.220314 0.0225975 0.00409815 0.00182082
 0.829076 0.135749 0.0311438 0.00319441 0.000836712
 0.50373 0.428223 0.0540432 0.0123987 0.00160484
 0.524311 0.280647 0.168299 0.0212399 0.00550361
 0.61104 0.226656 0.0957559 0.057423 0.00912479
 0.835662 0.112972 0.0299318 0.0126454 0.00878819
 0.955148 0.0401461 0.00323521 0.00085716 0.000613795
 0.868301 0.127064 0.00414853 0.000334313 0.000152002
 0.71917 0.253576 0.0262951 0.000858511 0.00010064
 0.873186 0.100552 0.0237134 0.00245901 8.96959e-05
 0.963345 0.0341226 0.00200808 0.00047357 5.08992e-05
 0.974983 0.0244066 0.000568144 3.34347e-05 8.73245e-06
 0.514534 0.476756 0.00849703 0.000197796 1.46803e-05
 0.948624 0.0305494 0.0204535 0.000364534 9.11553e-06
 0.761876 0.229061 0.00538926 0.00360823 6.59161e-05
 0.887319 0.0931392 0.018798 0.000442272 0.00030152
 0.778203 0.203145 0.0154177 0.00311171 0.000123123
 0.842525 0.130161 0.0250167 0.00189865 0.00039836
 0.411131 0.520156 0.0567954 0.010916 0.00100229
 0.89207 0.0533479 0.0482127 0.00526431 0.00110469
 0.80448 0.1795 0.00791843 0.00715622 0.000945351
 0.558703 0.374287 0.0615195 0.00271386 0.00277663
 0.861761 0.0869854 0.0434711 0.0071451 0.000637686
 0.792261 0.185601 0.0139299 0.00696149 0.00124634
 0.525032 0.396246 0.0703327 0.00527867 0.00311032
 0.677248 0.192318 0.108816 0.0193146 0.00230376
pobs_RECLAS
 0 0 0 0 0
 0 0 0 0 0
 0 0 0 0 0
 0 0 0 0 0
 0 0 0 0 0
 0 0 0 0 0
 0 0 0 0 0
 0 0 0 0 0
 0 0 0 0 0
 0 0 0 0 0
 0.991045 0.00858322 0.000360255 1.14367e-05 0
 0.934742 0.0480273 0.0164251 0.00080598 0
 0.827803 0.169806 0.00239088 0 0
 0.941827 0.0461693 0.0120037 0 0
 0.791401 0.0380133 0.147996 0.0225897 0
 0.846168 0.0940531 0.0597789 0 0
 0.134021 0.677848 0.182769 0.00536245 0
 0.80878 0.0450904 0.141981 0.00414843 0
 0.846168 0.0940531 0.0597789 0 0
 0.905697 0.0802665 0.012482 0.00150086 5.37128e-05
 0.989698 0.0102097 9.19794e-05 0 0
 0.975433 0.0193895 0.00387452 0.00125025 5.28907e-05
 0.303575 0.632131 0.0575291 0.00676475 0
 0.966965 0.00978017 0.0227588 0.000495775 0
 0.843318 0.132988 0.00938335 0.0141283 0.000182051
 0.564624 0.303363 0.111486 0.0197234 0.00080311
 0.826376 0.0876187 0.0782897 0.00655872 0.00115652
 0.89761 0.0855135 0.0140674 0.00269457 0.000114338
 0.34875 0.467042 0.161289 0.0227151 0.000203297
 0.318654 0.224769 0.449479 0.00709798 0
ppred_RECLAS
 0.640732 0.159221 0.183759 0.0162869 9.06251e-07
 0.59426 0.294304 0.049386 0.0569971 0.00505204
 0.713117 0.19863 0.064014 0.0107419 0.0134963
 0.83296 0.132368 0.0240055 0.00773642 0.00292931
 0.725716 0.24285 0.0249091 0.00451736 0.00200708
 0.810045 0.150864 0.0346114 0.00355008 0.000929873
 0.477493 0.450863 0.0569005 0.0130542 0.00168968
 0.490936 0.300337 0.180107 0.0227301 0.00588975
 0.584889 0.241895 0.102194 0.0612838 0.00973829
 0.829484 0.11722 0.0310571 0.0131208 0.00911859
 0.949216 0.0454558 0.0036631 0.000970529 0.000694976
 0.855649 0.139271 0.00454706 0.000366429 0.000166605
 0.701164 0.269834 0.027981 0.000913556 0.000107092
 0.875437 0.0987672 0.0232925 0.00241537 8.81039e-05
 0.960362 0.036899 0.00217147 0.000512102 5.50405e-05
 0.972214 0.0271085 0.00063104 3.71361e-05 9.69917e-06
 0.486487 0.5043 0.00898794 0.000209224 1.55284e-05
 0.942701 0.0340707 0.0228111 0.000406553 1.01663e-05
 0.745401 0.244909 0.00576213 0.00385787 7.04766e-05
 0.875582 0.102841 0.0207561 0.000488341 0.000332928
 0.757262 0.222324 0.0168733 0.00340549 0.000134747
 0.828002 0.142165 0.0273238 0.00207375 0.000435098
 0.38506 0.543184 0.0593098 0.0113992 0.00104667
 0.880172 0.0592291 0.0535278 0.00584466 0.00122647
 0.785313 0.197097 0.00869468 0.00785775 0.00103803
 0.528701 0.399734 0.065702 0.00289837 0.0029654
 0.84682 0.0963867 0.0481694 0.00791735 0.000706607
 0.770964 0.204629 0.015358 0.00767518 0.00137412
 0.494492 0.421724 0.074855 0.00561808 0.00331031
 0.653074 0.206722 0.116966 0.0207612 0.00247631
pobs_PELACES
 0 0 0 0 0
 0 0 0 0 0
 0 0 0 0 0
 0 0 0 0 0
 0 0 0 0 0
 0 0 0 0 0
 0 0 0 0 0
 0 0 0 0 0
 0 0 0 0 0
 0 0 0 0 0
 0 0 0 0 0
 0 0 0 0 0
 0 0 0 0 0
 0 0 0 0 0
 0 0 0 0 0
 0 0 0 0 0
 0.505614 0.472636 0.0217494 0 0
 0 0 0 0 0
 0.443492 0.261883 0.143347 0.151278 0
 0.227955 0.32914 0.350689 0.0885471 0.00366901
 0.970185 0.0296113 0.000203453 0 0
 0.997202 0.00247181 0.000326279 0 0
 0.445219 0.490057 0.0546422 0.010081 0
 0.90214 0.0892962 0.00764917 0.000914606 0
 0 0 0 0 0
 0.581667 0.319106 0.0959925 0.00289975 0.000334073
 0.762889 0.0836404 0.116647 0.0363945 0.000428098
 0.88444 0.0763242 0.0277011 0.0115352 0
 0.521256 0.241999 0.230069 0.00667565 0
 0.616807 0.101726 0.260614 0.0208532 0
ppred_PELACES
 0.565447 0.192586 0.222266 0.0196999 1.09616e-06
 0.522682 0.346224 0.0580984 0.0670522 0.0059433
 0.650083 0.242274 0.0780793 0.0131022 0.0164617
 0.789404 0.166884 0.0302651 0.00975375 0.00369315
 0.656504 0.30413 0.0311946 0.00565726 0.00251354
 0.756348 0.19351 0.0443954 0.00455362 0.00119273
 0.409787 0.509285 0.0642735 0.0147457 0.00190863
 0.409438 0.34842 0.208941 0.026369 0.00683267
 0.515595 0.282274 0.119253 0.0715139 0.0113639
 0.798718 0.138369 0.0366606 0.0154881 0.0107638
 0.931277 0.0615119 0.00495699 0.00131334 0.00094046
 0.81799 0.175604 0.00573332 0.000462025 0.000210069
 0.646039 0.31961 0.0331426 0.00108208 0.000126848
 0.858766 0.111986 0.0264099 0.00273863 9.98954e-05
 0.949974 0.0465699 0.00274059 0.00064632 6.94662e-05
 0.963598 0.0355143 0.000826712 4.86511e-05 1.27067e-05
 0.415829 0.573691 0.0102247 0.000238013 1.76651e-05
 0.924799 0.0447157 0.0299382 0.000533576 1.33426e-05
 0.69455 0.293824 0.00691299 0.00462839 8.45528e-05
 0.840919 0.131492 0.0265387 0.000624392 0.000425681
 0.699089 0.275605 0.0209171 0.00422164 0.00016704
 0.785145 0.177589 0.0341323 0.00259048 0.000543515
 0.32112 0.599663 0.0654768 0.0125845 0.0011555
 0.845324 0.076454 0.0690947 0.0075444 0.00158316
 0.73143 0.246565 0.0108769 0.00982993 0.00129855
 0.453585 0.463443 0.0761736 0.00336031 0.00343803
 0.803821 0.123443 0.061691 0.0101398 0.000904958
 0.711963 0.257342 0.0193143 0.00965233 0.00172809
 0.41931 0.484445 0.0859878 0.00645363 0.00380264
 0.587215 0.245965 0.139171 0.0247024 0.0029464
pobs_pel_tallas
 0 0 0 0 0 0 0 0 0 0 0 0 0 0 0 0 0 0 0 0 0 0 0 0 0 0
 0 0 0 0 0 0 0 0 0 0 0 0 0 0 0 0 0 0 0 0 0 0 0 0 0 0
 0 0 0 0 0 0 0 0 0 0 0 0 0 0 0 0 0 0 0 0 0 0 0 0 0 0
 0 0 0 0 0 0 0 0 0 0 0 0 0 0 0 0 0 0 0 0 0 0 0 0 0 0
 0 0 0 0 0 0 0 0 0 0 0 0 0 0 0 0 0 0 0 0 0 0 0 0 0 0
 0 0 0 0 0 0 0 0 0 0 0 0 0 0 0 0 0 0 0 0 0 0 0 0 0 0
 0 0 0 0 0 0 0 0 0 0 0 0 0 0 0 0 0 0 0 0 0 0 0 0 0 0
 0 0 0 0 0 0 0 0 0 0 0 0 0 0 0 0 0 0 0 0 0 0 0 0 0 0
 0 0 0 0 0 0 0 0 0 0 0 0 0 0 0 0 0 0 0 0 0 0 0 0 0 0
 0 0 0 0 0 0 0 0 0 0 0 0 0 0 0 0 0 0 0 0 0 0 0 0 0 0
 0 0 0 0 0 0 0 0 0 0 0 0 0 0 0 0 0 0 0 0 0 0 0 0 0 0
 0 0 0 0 0 0 0 0 0 0 0 0 0 0 0 0 0 0 0 0 0 0 0 0 0 0
 0.00862536 0 0 0.000197151 0.00414017 0.0128641 0.00837892 0.0270097 0.101434 0.158115 0.152841 0.127902 0.109271 0.109419 0.0830992 0.0579132 0.0238553 0.00714673 0.00463305 0.00128148 0.00103504 0.000492878 0.000147863 0.000147863 4.92878e-05 0
 0 0 0 0 0 0 0 0 0 0 0 0 0 0 0 0 0 0 0 0 0 0 0 0 0 0
 0 0 0 0 0 0 0 0.0054083 0.00873648 0.0413646 0.0450493 0.0745869 0.0622846 0.0627006 0.0613931 0.0827291 0.12552 0.122667 0.0946155 0.0697135 0.0546179 0.0294188 0.0215738 0.0213955 0.0102223 0.00600262
 0 0 0 0 0.00359764 0.0251062 0.0480494 0.140153 0.205849 0.193036 0.1447 0.116669 0.0760912 0.0342217 0.00950174 0.001854 0.000860785 0 0 0 0.000165536 0 0.000143464 0 0 0
 0 0 0 0 0 0 0 0.000145254 0.000435761 0.0275982 0.070085 0.0708112 0.156366 0.174668 0.174014 0.160142 0.0824315 0.0480064 0.0283245 0.00493863 0.00203355 0 0 0 0 0
 0 0 0 0 0 0 0 0 0 0 0 0 0 0 0 0 0 0 0 0 0 0 0 0 0 0
 0 0 1.00437e-05 0.000401748 0.00122533 0.00171747 0.00176769 0.0269171 0.070346 0.194647 0.189555 0.159765 0.064822 0.0314167 0.0384472 0.0292271 0.0345202 0.0313363 0.0194345 0.0106764 0.0143323 0.0359363 0.0279516 0.0138201 0.00172751 0
 0 0.0021121 0.0136068 0.0755702 0.200478 0.177729 0.0527432 0.0373336 0.0318909 0.0142505 0.0149659 0.0166563 0.0217959 0.0798694 0.0677717 0.0528807 0.04013 0.0224614 0.0357745 0.0225083 0.00881397 0.00855152 0.00135912 0.000746735 0 0
 0 0 0 0 5.4009e-05 0.00500934 0.000945158 0.0243581 0.138947 0.33067 0.221406 0.137944 0.0707744 0.0437923 0.0131692 0.00525238 0.0047753 0.00276346 9.45158e-05 9.00151e-06 2.25038e-05 9.00151e-06 4.50075e-06 0 0 0
 0.000866109 0.00284123 0.00948549 0.0512746 0.133035 0.25785 0.225252 0.132002 0.0553304 0.0519788 0.0540692 0.017754 0.00435017 0.00159236 0.00146478 0.000404838 0.000125132 0.000115318 0.000107957 0.000100596 0 0 0 0 0 0
 0 0 0 0 0.00144013 0.00171154 0.00461396 0.0210425 0.0478622 0.0707936 0.0888783 0.103762 0.0637923 0.0337046 0.0602308 0.124433 0.169614 0.0934646 0.0462172 0.0250306 0.0313229 0.00938855 0.002487 0.000210481 0 0
 0 0.00764035 0.051015 0.0998891 0.058973 0.0496711 0.0374665 0.0718981 0.12319 0.153886 0.159021 0.0857701 0.0377988 0.023471 0.0147837 0.00900784 0.00315554 0.000888139 0.00291439 0.00214683 0.00393193 0.00274676 0.000635225 9.99891e-05 0 0
 0 0 0 0 0 0 0 0 0 0 0 0 0 0 0 0 0 0 0 0 0 0 0 0 0 0
 0 0 0 0 0 0 0 0 0 0 0 0 0 0 0 0 0 0 0 0 0 0 0 0 0 0
 0 0 0 0 0 0 0 0 0 0 0 0 0 0 0 0 0 0 0 0 0 0 0 0 0 0
 0 0 0 0 0 0 0 0 0 0 0 0 0 0 0 0 0 0 0 0 0 0 0 0 0 0
 0 0 0 0 0 0 0 0 0 0 0 0 0 0 0 0 0 0 0 0 0 0 0 0 0 0
 0 0 0 0 0 0 0 0 0 0 0 0 0 0 0 0 0 0 0 0 0 0 0 0 0 0
ppred_pel_tallas
 1.0844e-16 4.65752e-05 0.000452727 0.00300853 0.0136764 0.0425523 0.090663 0.132329 0.132348 0.0907553 0.0428633 0.0145783 0.00528711 0.0054753 0.00972697 0.0163755 0.0244411 0.0325139 0.03912 0.0434732 0.0457498 0.0465964 0.0463536 0.0447369 0.0412168 0.0356598
 1.09496e-16 4.30527e-05 0.000418488 0.002781 0.012642 0.0393343 0.083807 0.122326 0.122359 0.0839703 0.0398825 0.014226 0.00675896 0.00910927 0.0165696 0.0273834 0.0395893 0.0501162 0.0558846 0.0555366 0.0502583 0.0429435 0.0363769 0.0318506 0.0290347 0.0267984
 1.06415e-16 5.35465e-05 0.000520491 0.00345885 0.0157234 0.0489216 0.104233 0.152137 0.15216 0.104348 0.0493062 0.0168353 0.00625333 0.00663265 0.0116964 0.0193431 0.0280742 0.035758 0.0402506 0.0405611 0.0374066 0.0326441 0.0280612 0.0244918 0.021782 0.0193474
 1.0252e-16 6.50222e-05 0.000632039 0.00420012 0.0190931 0.059406 0.126571 0.184738 0.184754 0.12665 0.0596701 0.0198563 0.0061163 0.00481714 0.00801944 0.0131712 0.0190061 0.0239837 0.0265796 0.0260936 0.0230571 0.0188534 0.0148677 0.0118313 0.00974399 0.00822395
 1.01971e-16 5.40754e-05 0.000525633 0.00349301 0.0158788 0.0494049 0.105263 0.153641 0.15367 0.105406 0.0498854 0.0172664 0.00697518 0.00812396 0.014475 0.0238192 0.0342472 0.0429394 0.0470568 0.0452866 0.038623 0.0296993 0.0212288 0.0147642 0.0104869 0.00778514
 1.0199e-16 6.22994e-05 0.000605573 0.00402425 0.0182936 0.0569184 0.121271 0.177003 0.177022 0.121363 0.057225 0.0191793 0.00624866 0.00546544 0.00930356 0.0153117 0.022119 0.0279544 0.0310469 0.0305639 0.027081 0.0221495 0.0173312 0.0134667 0.0106022 0.00838856
 1.03787e-16 3.37537e-05 0.000328098 0.00218033 0.00991149 0.0308386 0.0657067 0.0959111 0.0959602 0.0659465 0.0316437 0.0122366 0.00801608 0.0130654 0.0242175 0.0399654 0.0575264 0.0722504 0.0794105 0.0768149 0.0661036 0.0516216 0.0378195 0.0272053 0.0200261 0.0152603
 1.0992e-16 3.37249e-05 0.000327818 0.00217847 0.00990303 0.0308122 0.0656498 0.0958249 0.0958588 0.0658153 0.0313684 0.0115128 0.00623149 0.00921581 0.0170314 0.0284099 0.0416367 0.0538475 0.0620894 0.0649221 0.0631202 0.0588377 0.0539886 0.0492179 0.0441016 0.0380643
 1.12609e-16 4.24689e-05 0.000412813 0.00274329 0.0124706 0.0388008 0.0826703 0.120665 0.120693 0.082804 0.0392503 0.0137707 0.00601403 0.00757764 0.0137235 0.0228165 0.0333311 0.0429166 0.0492097 0.051159 0.0496064 0.0465627 0.0437804 0.0417799 0.0399337 0.0372655
 1.04469e-16 6.57894e-05 0.000639496 0.00424968 0.0193184 0.0601069 0.128065 0.186917 0.18693 0.12813 0.0603264 0.0199528 0.00584367 0.00412472 0.00670135 0.0110186 0.0159721 0.0203137 0.0228226 0.0229521 0.0211469 0.0185107 0.0160961 0.0143774 0.0132185 0.0122006
 1.0045e-16 7.67081e-05 0.00074563 0.00495497 0.0225246 0.0700824 0.149318 0.217935 0.217941 0.149347 0.0701795 0.0228051 0.00565882 0.00228117 0.00299019 0.00481467 0.00691117 0.00865511 0.00946734 0.00908336 0.00770882 0.0058839 0.00416585 0.00287438 0.00204564 0.00154846
 1.00293e-16 6.73768e-05 0.000654927 0.00435222 0.0197846 0.0615572 0.131155 0.191428 0.191445 0.131237 0.0618342 0.0205843 0.00635811 0.00502864 0.00835864 0.0136719 0.0195943 0.0244416 0.0265471 0.0251431 0.0208247 0.0151717 0.00983905 0.0058143 0.00326367 0.00184387
 1.01169e-16 5.32134e-05 0.000517253 0.00343733 0.0156256 0.0486173 0.103585 0.151192 0.151223 0.103736 0.0491222 0.0170838 0.00709626 0.00850087 0.015204 0.0250203 0.0359635 0.045065 0.0493288 0.0473591 0.0401859 0.0305696 0.0213718 0.0142566 0.00946673 0.006418
 1.01083e-16 7.07354e-05 0.000687573 0.00456917 0.0207708 0.0646257 0.137692 0.200968 0.200979 0.137745 0.0648031 0.0212834 0.00585669 0.00350069 0.00542043 0.00886735 0.0128087 0.0161926 0.0179923 0.0177249 0.0157204 0.0128718 0.0100782 0.00782288 0.00613382 0.00481465
 1.00168e-16 7.82481e-05 0.000760599 0.00505445 0.0229768 0.0714894 0.152316 0.22231 0.222315 0.152338 0.0715629 0.023189 0.00558689 0.0019219 0.00228073 0.00363869 0.0052153 0.00651858 0.00710566 0.00677395 0.00567934 0.0042347 0.0028695 0.0018356 0.00116982 0.00077931
 1.00041e-16 7.93703e-05 0.000771507 0.00512694 0.0233063 0.0725146 0.1545 0.225498 0.225502 0.154517 0.0725706 0.023468 0.00553248 0.00165569 0.00175527 0.00276743 0.00395825 0.00493391 0.00535272 0.00505899 0.00417377 0.00301815 0.00192911 0.00110869 0.000591904 0.00030933
 1.00469e-16 3.42514e-05 0.000332936 0.00221248 0.0100576 0.0312933 0.0666758 0.0973268 0.097382 0.0669453 0.0321981 0.0126693 0.00876244 0.0146125 0.0270976 0.044596 0.063892 0.0796144 0.0863133 0.0814759 0.0670633 0.048278 0.0305855 0.0172715 0.00891499 0.00439484
 1.00932e-16 7.61745e-05 0.000740443 0.00492051 0.0223679 0.0695949 0.148279 0.216419 0.216423 0.148301 0.0696663 0.0225748 0.00544147 0.00188335 0.00226321 0.00366361 0.00536866 0.00695429 0.00803502 0.00841802 0.00818853 0.00760549 0.00690127 0.00615874 0.00534236 0.00441246
 1.00754e-16 5.72092e-05 0.000556094 0.00369544 0.016799 0.0522679 0.111363 0.162544 0.162572 0.111502 0.0527314 0.0181369 0.00705112 0.00787258 0.0139261 0.022863 0.0327676 0.0408662 0.0443763 0.0420205 0.0348069 0.025392 0.0165526 0.00993642 0.00580133 0.00354208
 1.00935e-16 6.92654e-05 0.000673284 0.00447421 0.0203391 0.0632826 0.134831 0.196792 0.196805 0.134893 0.0634908 0.0209405 0.00598419 0.00397116 0.00633705 0.0103782 0.014969 0.0188741 0.020878 0.0204085 0.0178601 0.0143045 0.0108331 0.00805316 0.00602671 0.00453171
 1.01126e-16 5.75831e-05 0.000559728 0.00371959 0.0169087 0.0526095 0.112091 0.163606 0.163632 0.112221 0.0530447 0.0181653 0.00687233 0.00743726 0.0131047 0.0215354 0.0309266 0.0386998 0.0422656 0.040427 0.0340956 0.0256908 0.0177222 0.0116514 0.00768253 0.00527367
 1.01383e-16 6.46714e-05 0.000628629 0.00417746 0.0189901 0.0590855 0.125888 0.183741 0.183759 0.125972 0.0593665 0.0198022 0.00621633 0.00508136 0.00852657 0.0140073 0.0202022 0.0254652 0.028157 0.0275084 0.0240592 0.0192651 0.0146073 0.0109062 0.00823724 0.00628476
 1.03501e-16 2.64503e-05 0.000257107 0.00170857 0.00776693 0.0241661 0.0514906 0.0751642 0.0752219 0.0517729 0.0251137 0.0105034 0.00857579 0.0152428 0.0284705 0.0469821 0.0675733 0.0847538 0.0929328 0.0895163 0.0764487 0.0588952 0.0421756 0.0293325 0.0207267 0.0151821
 1.03039e-16 6.96282e-05 0.000676811 0.00449765 0.0204457 0.0636141 0.135537 0.197821 0.197829 0.135573 0.0637369 0.0208016 0.00539545 0.00265136 0.00386246 0.00638678 0.0094532 0.0124278 0.0146965 0.0159486 0.0163025 0.0161143 0.0156459 0.0148931 0.0136879 0.0119314
 1.01583e-16 6.02469e-05 0.000585622 0.00389166 0.017691 0.0550432 0.117276 0.171173 0.171197 0.117392 0.0554324 0.0188144 0.00671004 0.00673239 0.0117173 0.0192319 0.0275971 0.0344939 0.0376069 0.0358802 0.0301604 0.022654 0.0156423 0.0104418 0.00720283 0.00537172
 1.03236e-16 3.73613e-05 0.000363165 0.00241336 0.0109708 0.0341345 0.0727289 0.106159 0.106204 0.0729472 0.0348676 0.0130884 0.00772927 0.0119694 0.0220839 0.0364602 0.0525392 0.0661048 0.0728652 0.0708097 0.0613769 0.0484342 0.0359404 0.0261246 0.01923 0.0144174
 1.02982e-16 6.62097e-05 0.000643582 0.00427683 0.0194418 0.0604909 0.128883 0.18811 0.188122 0.128941 0.0606875 0.0200108 0.00570839 0.00377993 0.0060556 0.00999217 0.0145875 0.0187607 0.021443 0.0221213 0.0210967 0.0191914 0.0171633 0.015313 0.0135267 0.0115861
 1.01884e-16 5.86435e-05 0.000570036 0.00378809 0.0172201 0.0535783 0.114155 0.166618 0.166643 0.114276 0.0539847 0.0183936 0.00673245 0.0069935 0.012246 0.020121 0.028907 0.036201 0.0395979 0.0379956 0.0322591 0.0246519 0.017504 0.0121452 0.00871336 0.00664609
 1.03897e-16 3.45381e-05 0.000335723 0.002231 0.0101418 0.0315553 0.0672335 0.0981391 0.0981858 0.0674618 0.0323218 0.0123562 0.00779037 0.0124753 0.0230995 0.0381581 0.0550193 0.0692952 0.0765148 0.0745837 0.0649958 0.0517624 0.0389724 0.0289017 0.0217642 0.0166706
 1.07056e-16 4.83682e-05 0.000470156 0.00312435 0.0142029 0.0441906 0.0941535 0.137425 0.137449 0.0942703 0.044583 0.0153385 0.00598306 0.00673749 0.0120296 0.0200157 0.0293065 0.0378512 0.0435598 0.0454235 0.0440138 0.0408904 0.0374439 0.0341505 0.0306991 0.0266404
pSPR Fmed_Fpbrs
0.540005   0.209162 0.209162
Fs Fmed_Fpbrs
0.34   1.005 1.005
SSBpbr Bo_Bmed_Bpbrs
494537  242326  78711.4 78711.4
Ro
92804.5
SPR SPRFo_SPRFmed_SPRFpbrs
660626 356742 138178
Fref
1.005
Nvult_r0
 36868 9371.6 5302.58 941.195 112.262
CTP_r0
 16535.8 4697.48 2657.9 471.771 56.2709
YTP_r0
282822
Np
 112606 18368 962.12 194.994 125.187
Nvult_p0
 94237.8 15894.6 832.56 168.736 108.33
CTP_p0
 42267 3099.05 628.087 355.38 71.5132
 42267 7967.11 417.318 84.5783 54.2998
YTP_p0
 401541 472327
CBA_c0
318438
log_Ro
11.2583
likeval ReclasPelacesDesembMPH_pf_preclas_ppelaces_ptallas_desvR_qrecl_qpela
 26.8529 32.4434 0.0215771 57.2912 237.775 120.106 105.513 0 23.2818 0.000114547 0.00022382 0.0262362 0 0 0
q_reclas_q_pelaces
4.54299 8.2958
M
1
N
 143049 26176.3 30210.5 2677.61 0.14899
 96298.2 36442.8 6115.32 7057.78 625.579
 84246.1 17921.6 5775.7 969.197 1217.71
 128647 15750.1 2856.34 920.533 348.55
 92034.1 22337.8 2291.18 415.515 184.615
 195094 26662.8 6117.02 627.421 164.34
 69245.2 51192.8 6460.71 1482.23 191.853
 23798 10483.2 6286.56 793.386 205.58
 22840.3 7332.15 3097.63 1857.59 295.18
 30202 3721.74 986.066 416.586 289.516
 52495.7 1833.51 147.755 39.1475 28.0327
 114192 14507.1 473.642 38.1689 17.3543
 56852.9 17753.6 1841 60.1071 7.04611
 59100.7 6356.43 1499.05 155.447 5.67016
 53405 1684.12 99.1085 23.373 2.51212
 249870 5420.18 126.173 7.42513 1.93929
 50048.5 39943.4 711.896 16.5717 1.22994
 316556 8739.15 5851.05 104.281 2.60765
 222201 59099.2 1390.46 930.946 17.0068
 280481 25351.9 5116.69 120.384 82.0718
 220471 49166 3731.47 753.109 29.7988
 321544 43168.3 8296.87 629.693 132.117
 44963.8 49230.9 5375.48 1033.16 94.8635
 143592 7329.47 6623.95 723.263 151.774
 149271 28446 1254.86 1134.07 149.813
 51548.9 29320.4 4819.24 212.595 217.512
 127605 10953.1 5473.83 899.703 80.2967
 134585 26561.6 1993.53 996.268 178.366
 49390.2 31571 5603.77 420.579 247.815
 44054 10830 6127.75 1087.66 129.731
pred_Ctot
 28645.7 6264.45 7229.9 640.799 0.0356559
 31764 14019.1 2352.48 2715.03 240.652
 27649.1 6861.82 2211.41 371.087 466.238
 45588.6 6477.35 1174.69 378.577 143.344
 12605.3 3697.06 379.207 68.7707 30.5551
 36341.9 5950.46 1365.16 140.025 36.6767
 27636.1 23493.6 2964.97 680.23 88.0461
 2480.1 1327.52 796.089 100.469 26.0333
 8581.04 3183 1344.73 806.41 128.142
 18243 2466.25 653.427 276.055 191.851
 8450.67 355.192 28.6235 7.58373 5.43056
 44625.7 6530.36 213.21 17.1818 7.81206
 27449.3 9678.47 1003.63 32.7676 3.84122
 41279.3 4753.52 1121.03 116.248 4.24031
 27010.3 956.733 56.3027 13.278 1.42711
 95430 2388.88 55.6091 3.27254 0.85472
 17638.8 16343.7 291.287 6.78068 0.503256
 104052 3350.87 2243.48 39.9847 0.999857
 106166 31919.2 750.983 502.799 9.18528
 98474.6 10336.6 2086.2 49.0833 33.4627
 68571.7 17900.2 1358.54 274.19 10.8491
 127204 19651.6 3777.01 286.657 60.1442
 16887.2 21365.4 2332.87 448.373 41.1692
 44022.7 2632.66 2379.24 259.788 54.5153
 46247 10318.9 455.205 411.388 54.3452
 14386.5 9637.86 1584.12 69.8817 71.4979
 36663 3700.74 1849.45 303.984 27.1299
 31967.9 7489.04 562.074 280.897 50.2901
 13148.8 9923.49 1761.39 132.198 77.894
 16618.6 4719.18 2670.18 473.95 56.5308
F
 0.367441 0.454059 0.454059 0.454059 0.454059
 0.681445 0.842084 0.842084 0.842084 0.842084
 0.676895 0.836462 0.836462 0.836462 0.836462
 0.750793 0.927779 0.927779 0.927779 0.927779
 0.238891 0.295205 0.295205 0.295205 0.295205
 0.33788 0.417529 0.417529 0.417529 0.417529
 0.887882 1.09718 1.09718 1.09718 1.09718
 0.177331 0.219134 0.219134 0.219134 0.219134
 0.814334 1.0063 1.0063 1.0063 1.0063
 1.80167 2.22639 2.22639 2.22639 2.22639
 0.286096 0.353538 0.353538 0.353538 0.353538
 0.86129 1.06432 1.06432 1.06432 1.06432
 1.191 1.47176 1.47176 1.47176 1.47176
 2.558 3.16101 3.16101 3.16101 3.16101
 1.28777 1.59134 1.59134 1.59134 1.59134
 0.833476 1.02995 1.02995 1.02995 1.02995
 0.745179 0.920842 0.920842 0.920842 0.920842
 0.678283 0.838176 0.838176 0.838176 0.838176
 1.17073 1.44671 1.44671 1.44671 1.44671
 0.741303 0.916052 0.916052 0.916052 0.916052
 0.630657 0.779324 0.779324 0.779324 0.779324
 0.876613 1.08326 1.08326 1.08326 1.08326
 0.813954 1.00583 1.00583 1.00583 1.00583
 0.618965 0.764876 0.764876 0.764876 0.764876
 0.627476 0.775393 0.775393 0.775393 0.775393
 0.54891 0.678306 0.678306 0.678306 0.678306
 0.569474 0.703718 0.703718 0.703718 0.703718
 0.449958 0.556028 0.556028 0.556028 0.556028
 0.517435 0.639411 0.639411 0.639411 0.639411
 0.819032 1.0121 1.0121 1.0121 1.0121
YTP_r0W_actual
 120711 74690 70434.4 14955.1 2031.38
YTP_p0W_proyectada
 318693 54078.3 15118 11130.5 2520.84
 318693 139026 10044.9 2648.99 1914.07
CTP_r0_actual
 16535.8 4697.48 2657.9 471.771 56.2709
CTP_p0_proyectada
 42267 3099.05 628.087 355.38 71.5132
 42267 7967.11 417.318 84.5783 54.2998
Wmedp
 7.54 17.45 24.07 31.32 35.25
Frms_r0
 0.813283 1.005 1.005 1.005 1.005
Zrms_r0
 1.81328 2.005 2.005 2.005 2.005
nmprior
 7.29 8.9 8.7 0
nm_flota  nm_reclas  nm_pelaces    nm_pelaL
inf 13.7604 9.1014 14.1557
cv_recla  cv_pelaces  cv_mph
0.239879 0.55853 0.642259
 ------------------------------------------------
Talla a la edad & desviaci?n 
 8 13.2811 15.8009 17.003 17.5766
 0.8 1.32811 1.58009 1.7003 1.75766
