years
 1991 1992 1993 1994 1995 1996 1997 1998 1999 2000 2001 2002 2003 2004 2005 2006 2007 2008 2009 2010 2011 2012 2013 2014 2015 2016 2017 2018 2019 2020 2021 2022
reclasobs
 0 0 0 0 0 0 0 0 0 252601 567819 844713 477998 351125 339783 2.1784e+06 2.13404e+06 4.81314e+06 1.55562e+06 2.62356e+06 3.21686e+06 3.843e+06 1.13348e+06 3.07943e+06 1.97215e+06 2.03268e+06 2.025e+06 2.42433e+06 2.27542e+06 1.05018e+06 2.36338e+06 3.18982e+06
reclaspred
 4.73232e+06 2.55121e+06 1.2391e+06 1.4893e+06 1.73144e+06 3.48197e+06 1.9789e+06 1.44022e+06 809468 274531 553815 1.07313e+06 685120 301962 516922 1.78342e+06 1.50707e+06 3.23029e+06 2.26122e+06 2.50248e+06 4.0969e+06 2.90668e+06 1.61666e+06 2.50144e+06 2.0651e+06 1.7647e+06 2.21133e+06 2.51994e+06 2.01636e+06 1.50697e+06 1.7111e+06 2.21455e+06
pelacesobs
 0 0 0 0 0 0 0 0 0 0 0 0 0 0 0 552880 188675 0 991730 2.46772e+06 1.41603e+06 1.21717e+06 2.29649e+06 1.80582e+06 0 1.4828e+06 1.56532e+06 1.57751e+06 1.42118e+06 867257 1.10002e+06 1.06204e+06
pelacespred
 2.86331e+06 1.55851e+06 706618 713854 1.02821e+06 2.09753e+06 1.05509e+06 1.04492e+06 490292 106928 317674 507624 315640 100313 245508 806966 731934 1.75227e+06 1.1159e+06 1.16076e+06 2.14819e+06 1.50721e+06 854686 1.50611e+06 1.16635e+06 1.02707e+06 1.48216e+06 1.56442e+06 1.16725e+06 924024 873707 1.34438e+06
mphobs
 0 0 0 0 0 0 0 0 0 0 0 0 498337 0 5186 125008 0 168611 109162 213762 579715 649985 157893 87575 83554 210694 70296 0 107559 103333 445601 22526
mphpred
 799740 542863 241253 139311 203104 286914 465062 198513 165349 60119.7 15764.6 96239 122273 37763 11752.2 49061.1 249964 162826 341283 173828 373559 352306 249815 132530 281016 228954 177205 247144 359414 210338 142184 218413
desembarqueobs
 494567 514787 250237 358949 120608 361735 552515 73892 212993 205616 52469 317467 293654 387597 252695 516296 358380 742168 942051 627588 828172 859565 418607 520667 417249 300574 415391 372974 316634 284311 391294 218835
desembarquepred
 494554 514429 250391 358937 120608 361712 552474 73897.7 213076 205687 52470.7 317386 293652 387517 252484 516148 358489 742046 941182 627071 828233 859406 418537 520744 417130 300552 415324 372868 316472 284076 391231 218858
Reclutas
 143203 96305.6 84075.7 129053 92183.9 194445 69164.6 23618.2 22592.4 30060.7 51438.5 113323 56657.2 59557.7 53167.9 249754 48202.5 314693 221718 279879 219311 319461 46073.1 141276 149192 51266 126007 130400 53088.8 70257.9 98521.7 65662.2
log_desv_Rt
 0.430686 0.0339469 -0.101862 0.326647 -0.00979395 0.736573 -0.297091 -1.37156 -1.41596 -1.13036 -0.593193 0.196667 -0.49656 -0.446634 -0.560124 0.986897 -0.658168 1.21802 0.867829 1.10078 0.856911 1.23306 -0.703349 0.417138 0.471655 -0.596551 0.302757 0.33703 -0.561613 -0.281406 0.0566974 -0.349056
SSB
 799740 542863 241253 139311 203104 286914 465062 198513 165349 60119.7 15764.6 96239 113408 36222.5 11159.4 47117.9 249964 162826 358505 180623 401186 407872 311864 152744 296475 262060 186543 247144 377716 203152 164954 254969
BT
 1.35083e+06 1.00549e+06 456963 589090 480140 1.2153e+06 830097 460935 390890 236844 199631 485517 390385 445747 373109 814364 538437 1.50895e+06 1.3519e+06 1.00115e+06 1.60832e+06 1.36869e+06 665607 1.22008e+06 812218 650924 1.11476e+06 1.00895e+06 651538 640655 694923 713306
Ftot
 0.441172 0.818595 0.812984 0.907277 0.290394 0.41379 1.09509 0.219537 1.0142 2.27759 0.359674 1.07875 1.50874 3.16501 1.58808 1.0207 0.937485 0.843966 1.46151 0.917419 0.783779 1.09221 1.01681 0.774449 0.785046 0.688188 0.711738 0.572034 0.655551 0.738171 0.856841 0.406836
BD_Bspro_t
 0.931846 0.58375 0.314671 0.227807 0.275517 0.398176 0.454811 0.239121 0.267631 0.142685 0.0573969 0.346803 0.250735 0.0861479 0.0284446 0.109541 0.278291 0.190766 0.281784 0.15461 0.238698 0.237478 0.207262 0.131639 0.253557 0.270032 0.24758 0.334313 0.412639 0.285873 0.269513 0.3228
BD_Bspro
 1.1935 0.810147 0.360036 0.207903 0.303105 0.428178 0.69404 0.296253 0.24676 0.0897202 0.0235265 0.143623 0.169246 0.054057 0.0166538 0.0703168 0.373037 0.242995 0.535018 0.269555 0.598715 0.608692 0.465414 0.227949 0.442448 0.391088 0.278389 0.368828 0.563688 0.303175 0.246171 0.380505
BD_Bo
 1.63822 1.11203 0.494194 0.285372 0.416048 0.587727 0.952655 0.406644 0.338708 0.123152 0.0322929 0.19714 0.232311 0.0741998 0.0228594 0.0965184 0.512038 0.333541 0.734378 0.369997 0.821809 0.835504 0.638837 0.312887 0.607313 0.536817 0.382123 0.506261 0.77373 0.416145 0.337899 0.522289
BD_Brms
 10.3754 7.04282 3.12989 1.80735 2.63497 3.72226 6.03347 2.57541 2.14515 0.779961 0.204521 1.24855 1.4713 0.469931 0.144776 0.611282 3.2429 2.11242 4.65105 2.34331 5.20478 5.29152 4.04596 1.98162 3.84631 3.39983 2.42011 3.20632 4.90028 2.63558 2.14003 3.30783
Sel_flota
 0.819329 1 1 1 1
 0.819329 1 1 1 1
 0.819329 1 1 1 1
 0.819329 1 1 1 1
 0.819329 1 1 1 1
 0.819329 1 1 1 1
 0.819329 1 1 1 1
 0.819329 1 1 1 1
 0.819329 1 1 1 1
 0.819329 1 1 1 1
 0.819329 1 1 1 1
 0.819329 1 1 1 1
 0.819329 1 1 1 1
 0.819329 1 1 1 1
 0.819329 1 1 1 1
 0.819329 1 1 1 1
 0.819329 1 1 1 1
 0.819329 1 1 1 1
 0.819329 1 1 1 1
 0.819329 1 1 1 1
 0.819329 1 1 1 1
 0.819329 1 1 1 1
 0.819329 1 1 1 1
 0.819329 1 1 1 1
 0.819329 1 1 1 1
 0.819329 1 1 1 1
 0.819329 1 1 1 1
 0.819329 1 1 1 1
 0.819329 1 1 1 1
 0.819329 1 1 1 1
 0.819329 1 1 1 1
 0.819329 1 1 1 1
Sel_reclas
 0.671677 1 1 1 1
 0.671677 1 1 1 1
 0.671677 1 1 1 1
 0.671677 1 1 1 1
 0.671677 1 1 1 1
 0.671677 1 1 1 1
 0.671677 1 1 1 1
 0.671677 1 1 1 1
 0.671677 1 1 1 1
 0.671677 1 1 1 1
 0.671677 1 1 1 1
 0.671677 1 1 1 1
 0.671677 1 1 1 1
 0.671677 1 1 1 1
 0.671677 1 1 1 1
 0.671677 1 1 1 1
 0.671677 1 1 1 1
 0.671677 1 1 1 1
 0.671677 1 1 1 1
 0.671677 1 1 1 1
 0.671677 1 1 1 1
 0.671677 1 1 1 1
 0.671677 1 1 1 1
 0.671677 1 1 1 1
 0.671677 1 1 1 1
 0.671677 1 1 1 1
 0.671677 1 1 1 1
 0.671677 1 1 1 1
 0.671677 1 1 1 1
 0.671677 1 1 1 1
 0.671677 1 1 1 1
 0.671677 1 1 1 1
Sel_pelaces
 0.558354 1 1 1 1
 0.558354 1 1 1 1
 0.558354 1 1 1 1
 0.558354 1 1 1 1
 0.558354 1 1 1 1
 0.558354 1 1 1 1
 0.558354 1 1 1 1
 0.558354 1 1 1 1
 0.558354 1 1 1 1
 0.558354 1 1 1 1
 0.558354 1 1 1 1
 0.558354 1 1 1 1
 0.558354 1 1 1 1
 0.558354 1 1 1 1
 0.558354 1 1 1 1
 0.558354 1 1 1 1
 0.558354 1 1 1 1
 0.558354 1 1 1 1
 0.558354 1 1 1 1
 0.558354 1 1 1 1
 0.558354 1 1 1 1
 0.558354 1 1 1 1
 0.558354 1 1 1 1
 0.558354 1 1 1 1
 0.558354 1 1 1 1
 0.558354 1 1 1 1
 0.558354 1 1 1 1
 0.558354 1 1 1 1
 0.558354 1 1 1 1
 0.558354 1 1 1 1
 0.558354 1 1 1 1
 0.558354 1 1 1 1
pf_obs 
 0.8446 0.082 0.0669 0.0065 0
 0.8095 0.147 0.0364 0.0071 0
 0.9664 0.0169 0.016 0.0007 0
 0.9276 0.0648 0.0075 0.0001 0
 0.7033 0.2144 0.0806 0.0017 0
 0.9318 0.0425 0.0243 0.0014 0
 0.5671 0.3108 0.0964 0.0239 0.0018
 0.0768 0.2599 0.5324 0.112 0.0189
 0.490249 0.384438 0.106611 0.0170017 0.00170017
 0.7925 0.1577 0.0466 0.003 0.0002
 0.840416 0.127587 0.0312969 0.00059994 9.999e-05
 0.8084 0.0986 0.0794 0.0134 0.0002
 0.7335 0.1905 0.0724 0.0035 0.0001
 0.4001 0.4547 0.1325 0.0127 0
 0.49795 0.308269 0.164784 0.0264974 0.00249975
 0.9179 0.0499 0.0305 0.0017 0
 0.2467 0.6533 0.0926 0.0074 0
 0.9418 0.0223 0.034 0.0019 0
 0.707729 0.231977 0.0356964 0.0245975 0
 0.517169 0.277429 0.184464 0.0207286 0.00020938
 0.811772 0.124168 0.05621 0.00726502 0.000585176
 0.764997 0.148141 0.077277 0.00933861 0.000247198
 0.163321 0.427699 0.378323 0.0303852 0.000271297
 0.753843 0.0900009 0.118128 0.0371064 0.000921714
 0.721811 0.176058 0.0630433 0.0369309 0.00215725
 0.143369 0.312575 0.442814 0.0836902 0.0175525
 0.692698 0.0596174 0.167031 0.0765114 0.00414204
 0.394062 0.376323 0.152708 0.0712218 0.00568511
 0.125707 0.32114 0.495352 0.0537591 0.00404204
 0.23352 0.215282 0.420074 0.123614 0.00750983
 0.796117 0.104755 0.0508955 0.0450114 0.00322123
 0.162477 0.292055 0.404252 0.121198 0.0200186
pf_pred 
 0.665967 0.146489 0.172307 0.015237 8.22872e-07
 0.619787 0.273268 0.0469002 0.0551661 0.00487859
 0.733444 0.182907 0.0601208 0.0103184 0.0132102
 0.847322 0.120112 0.0223462 0.0073451 0.00287454
 0.750966 0.219832 0.0229734 0.00427406 0.00195467
 0.829262 0.135158 0.031408 0.00328227 0.000889914
 0.506173 0.425288 0.0542559 0.012608 0.00167482
 0.526885 0.277973 0.168058 0.0214399 0.00564401
 0.612703 0.225372 0.0951372 0.0575182 0.00926953
 0.839309 0.110088 0.0294465 0.0124304 0.0087263
 0.957682 0.0379025 0.00302514 0.000809168 0.00058137
 0.871945 0.123748 0.00385743 0.000307876 0.000141519
 0.726626 0.247196 0.0252981 0.000788586 9.18711e-05
 0.880198 0.0953833 0.0220804 0.00225972 7.86456e-05
 0.964461 0.0331494 0.00190241 0.000440392 4.66385e-05
 0.975605 0.0238047 0.00055061 3.15989e-05 8.08954e-06
 0.508468 0.482762 0.00855852 0.000197961 1.42692e-05
 0.950895 0.0287175 0.0200235 0.000354982 8.80268e-06
 0.766608 0.224767 0.00504444 0.00351727 6.39013e-05
 0.89096 0.0902256 0.0181191 0.000406647 0.000288689
 0.781388 0.200542 0.0149524 0.00300274 0.000115233
 0.845107 0.128065 0.0246095 0.00183488 0.000382622
 0.425396 0.507631 0.0553736 0.0106408 0.000958816
 0.892951 0.0540131 0.0468543 0.00511099 0.00107064
 0.810814 0.173587 0.00787088 0.00682769 0.000900797
 0.564824 0.370465 0.0593753 0.00269224 0.00264353
 0.864305 0.0856819 0.0425764 0.00682383 0.000613223
 0.793332 0.184755 0.0138361 0.00687533 0.00120095
 0.557845 0.368416 0.0659201 0.00493668 0.00288159
 0.767663 0.144949 0.0728137 0.0130284 0.0015452
 0.831166 0.137499 0.0195491 0.00982029 0.00196553
 0.728148 0.236248 0.0289963 0.00412259 0.00248544
pobs_RECLAS
 0 0 0 0 0
 0 0 0 0 0
 0 0 0 0 0
 0 0 0 0 0
 0 0 0 0 0
 0 0 0 0 0
 0 0 0 0 0
 0 0 0 0 0
 0 0 0 0 0
 0 0 0 0 0
 0.991045 0.00858322 0.000360255 1.14367e-05 0
 0.934742 0.0480273 0.0164251 0.00080598 0
 0.827803 0.169806 0.00239088 0 0
 0.941827 0.0461693 0.0120037 0 0
 0.791401 0.0380133 0.147996 0.0225897 0
 0.846168 0.0940531 0.0597789 0 0
 0.134021 0.677848 0.182769 0.00536245 0
 0.80878 0.0450904 0.141981 0.00414843 0
 0.846168 0.0940531 0.0597789 0 0
 0.905697 0.0802665 0.012482 0.00150086 5.37128e-05
 0.989698 0.0102097 9.19794e-05 0 0
 0.975433 0.0193895 0.00387452 0.00125025 5.28907e-05
 0.303575 0.632131 0.0575291 0.00676475 0
 0.966965 0.00978017 0.0227588 0.000495775 0
 0.843318 0.132988 0.00938335 0.0141283 0.000182051
 0.564624 0.303363 0.111486 0.0197234 0.00080311
 0.826376 0.0876187 0.0782897 0.00655872 0.00115652
 0.89761 0.0855135 0.0140674 0.00269457 0.000114338
 0.34875 0.467042 0.161289 0.0227151 0.000203297
 0.318654 0.224769 0.449479 0.00709798 0
 0.937255 0.0296025 0.0250945 0.00804832 0
 0.456809 0.399803 0.12412 0.0192676 0
ppred_RECLAS
 0.622532 0.165537 0.194712 0.0172183 9.29872e-07
 0.576987 0.304029 0.0521796 0.061376 0.00542776
 0.697146 0.207814 0.0683075 0.0117234 0.0150091
 0.823274 0.139031 0.0258659 0.00850201 0.0033273
 0.713091 0.253265 0.0264673 0.00492407 0.00225194
 0.800594 0.157852 0.0366816 0.00383337 0.00103933
 0.464285 0.461362 0.0588581 0.0136774 0.00181688
 0.478216 0.306568 0.185346 0.0236454 0.00622461
 0.571426 0.249391 0.105277 0.0636483 0.0102575
 0.824354 0.120333 0.0321869 0.0135872 0.0095384
 0.949193 0.0455057 0.00363198 0.000971486 0.000697992
 0.851929 0.143091 0.00446039 0.000356001 0.000163639
 0.695991 0.274897 0.028133 0.000876956 0.000102166
 0.875018 0.0995074 0.0230351 0.00235742 8.2046e-05
 0.959128 0.0381243 0.00218791 0.000506483 5.36377e-05
 0.971193 0.0281097 0.000650185 3.73135e-05 9.5525e-06
 0.46504 0.525414 0.00931468 0.000215451 1.55299e-05
 0.941921 0.0339661 0.0236831 0.00041986 1.04115e-05
 0.738403 0.251929 0.00565404 0.00394232 7.16235e-05
 0.872795 0.105257 0.0211376 0.000474392 0.000336782
 0.7492 0.230069 0.0171539 0.00344485 0.000132199
 0.821833 0.147309 0.0283074 0.00211059 0.000440115
 0.384244 0.543987 0.0593394 0.0114029 0.00102749
 0.874518 0.0633138 0.0549223 0.00599106 0.001255
 0.781756 0.200248 0.00907979 0.00787638 0.00103915
 0.519541 0.409014 0.0655538 0.00297238 0.00291861
 0.841537 0.100058 0.0497202 0.00796878 0.000716114
 0.761158 0.213518 0.0159901 0.0079457 0.00138792
 0.512207 0.406444 0.0727243 0.00544623 0.00317903
 0.733845 0.166048 0.0834122 0.0149248 0.00177011
 0.804873 0.158912 0.0225936 0.0113496 0.00227163
 0.688835 0.270412 0.0331894 0.00471877 0.00284486
pobs_PELACES
 0 0 0 0 0
 0 0 0 0 0
 0 0 0 0 0
 0 0 0 0 0
 0 0 0 0 0
 0 0 0 0 0
 0 0 0 0 0
 0 0 0 0 0
 0 0 0 0 0
 0 0 0 0 0
 0 0 0 0 0
 0 0 0 0 0
 0 0 0 0 0
 0 0 0 0 0
 0 0 0 0 0
 0 0 0 0 0
 0.505614 0.472636 0.0217494 0 0
 0 0 0 0 0
 0.443492 0.261883 0.143347 0.151278 0
 0.227955 0.32914 0.350689 0.0885471 0.00366901
 0.970185 0.0296113 0.000203453 0 0
 0.997202 0.00247181 0.000326279 0 0
 0.445219 0.490057 0.0546422 0.010081 0
 0.90214 0.0892962 0.00764917 0.000914606 0
 0 0 0 0 0
 0.581667 0.319106 0.0959925 0.00289975 0.000334073
 0.762889 0.0836404 0.116647 0.0363945 0.000428098
 0.88444 0.0763242 0.0277011 0.0115352 0
 0.521256 0.241999 0.230069 0.00667565 0
 0.616807 0.101726 0.260614 0.0208532 0
 0.833518 0.0704572 0.0857862 0.0102388 0
 0.697417 0.212968 0.0787535 0.0105354 0.000325836
ppred_PELACES
 0.584634 0.182157 0.214261 0.018947 1.02323e-06
 0.5435 0.328098 0.0563104 0.0662348 0.00585744
 0.667618 0.228075 0.0749674 0.0128664 0.0164725
 0.80345 0.154627 0.0287674 0.00945571 0.00370054
 0.677646 0.284554 0.0297371 0.0055324 0.00253015
 0.7738 0.179062 0.0416103 0.00434845 0.00117899
 0.434726 0.486819 0.0621058 0.0144321 0.00191713
 0.435638 0.331585 0.20047 0.0255749 0.00673255
 0.540748 0.267243 0.112812 0.0682043 0.0109917
 0.817147 0.125271 0.0335075 0.0141447 0.00992976
 0.940712 0.0531014 0.00423822 0.00113364 0.000814499
 0.83608 0.158407 0.00493783 0.000394107 0.000181155
 0.675562 0.29337 0.0300236 0.000935887 0.000109032
 0.875446 0.0991668 0.0229562 0.00234935 8.17652e-05
 0.955446 0.0415586 0.00238501 0.000552109 5.84695e-05
 0.967516 0.0316978 0.000733181 4.20765e-05 1.07719e-05
 0.433163 0.556723 0.00986972 0.00022829 1.64553e-05
 0.934112 0.0385326 0.0268671 0.000476307 1.18112e-05
 0.719107 0.270511 0.00607109 0.00423311 7.69066e-05
 0.857638 0.117798 0.0236561 0.000530915 0.000376909
 0.72238 0.254672 0.0189883 0.00381324 0.000146336
 0.803632 0.162357 0.0311991 0.00232621 0.000485075
 0.35532 0.569539 0.0621267 0.0119385 0.00107575
 0.858501 0.0713951 0.0619326 0.00675576 0.00141519
 0.757303 0.222685 0.0100971 0.00875887 0.00115558
 0.483618 0.439595 0.070455 0.00319462 0.00313682
 0.821619 0.112635 0.0559695 0.00897038 0.000806123
 0.732699 0.23896 0.0178954 0.00889246 0.00155329
 0.475803 0.436776 0.0781516 0.00585268 0.00341627
 0.705462 0.183755 0.0923073 0.0165164 0.00195888
 0.783017 0.176712 0.0251243 0.0126209 0.00252607
 0.65343 0.30118 0.0369658 0.00525568 0.00316855
pobs_pel_tallas
 0 0 0 0 0 0 0 0 0 0 0 0 0 0 0 0 0 0 0 0 0 0 0 0 0 0
 0 0 0 0 0 0 0 0 0 0 0 0 0 0 0 0 0 0 0 0 0 0 0 0 0 0
 0 0 0 0 0 0 0 0 0 0 0 0 0 0 0 0 0 0 0 0 0 0 0 0 0 0
 0 0 0 0 0 0 0 0 0 0 0 0 0 0 0 0 0 0 0 0 0 0 0 0 0 0
 0 0 0 0 0 0 0 0 0 0 0 0 0 0 0 0 0 0 0 0 0 0 0 0 0 0
 0 0 0 0 0 0 0 0 0 0 0 0 0 0 0 0 0 0 0 0 0 0 0 0 0 0
 0 0 0 0 0 0 0 0 0 0 0 0 0 0 0 0 0 0 0 0 0 0 0 0 0 0
 0 0 0 0 0 0 0 0 0 0 0 0 0 0 0 0 0 0 0 0 0 0 0 0 0 0
 0 0 0 0 0 0 0 0 0 0 0 0 0 0 0 0 0 0 0 0 0 0 0 0 0 0
 0 0 0 0 0 0 0 0 0 0 0 0 0 0 0 0 0 0 0 0 0 0 0 0 0 0
 0 0 0 0 0 0 0 0 0 0 0 0 0 0 0 0 0 0 0 0 0 0 0 0 0 0
 0 0 0 0 0 0 0 0 0 0 0 0 0 0 0 0 0 0 0 0 0 0 0 0 0 0
 0.00862536 0 0 0.000197151 0.00414017 0.0128641 0.00837892 0.0270097 0.101434 0.158115 0.152841 0.127902 0.109271 0.109419 0.0830992 0.0579132 0.0238553 0.00714673 0.00463305 0.00128148 0.00103504 0.000492878 0.000147863 0.000147863 4.92878e-05 0
 0 0 0 0 0 0 0 0 0 0 0 0 0 0 0 0 0 0 0 0 0 0 0 0 0 0
 0 0 0 0 0 0 0 0.0054083 0.00873648 0.0413646 0.0450493 0.0745869 0.0622846 0.0627006 0.0613931 0.0827291 0.12552 0.122667 0.0946155 0.0697135 0.0546179 0.0294188 0.0215738 0.0213955 0.0102223 0.00600262
 0 0 0 0 0.00359764 0.0251062 0.0480494 0.140153 0.205849 0.193036 0.1447 0.116669 0.0760912 0.0342217 0.00950174 0.001854 0.000860785 0 0 0 0.000165536 0 0.000143464 0 0 0
 0 0 0 0 0 0 0 0.000145254 0.000435761 0.0275982 0.070085 0.0708112 0.156366 0.174668 0.174014 0.160142 0.0824315 0.0480064 0.0283245 0.00493863 0.00203355 0 0 0 0 0
 0 0 0 0 0 0 0 0 0 0 0 0 0 0 0 0 0 0 0 0 0 0 0 0 0 0
 0 0 1.00437e-05 0.000401748 0.00122533 0.00171747 0.00176769 0.0269171 0.070346 0.194647 0.189555 0.159765 0.064822 0.0314167 0.0384472 0.0292271 0.0345202 0.0313363 0.0194345 0.0106764 0.0143323 0.0359363 0.0279516 0.0138201 0.00172751 0
 0 0.0021121 0.0136068 0.0755702 0.200478 0.177729 0.0527432 0.0373336 0.0318909 0.0142505 0.0149659 0.0166563 0.0217959 0.0798694 0.0677717 0.0528807 0.04013 0.0224614 0.0357745 0.0225083 0.00881397 0.00855152 0.00135912 0.000746735 0 0
 0 0 0 0 5.4009e-05 0.00500934 0.000945158 0.0243581 0.138947 0.33067 0.221406 0.137944 0.0707744 0.0437923 0.0131692 0.00525238 0.0047753 0.00276346 9.45158e-05 9.00151e-06 2.25038e-05 9.00151e-06 4.50075e-06 0 0 0
 0.000866109 0.00284123 0.00948549 0.0512746 0.133035 0.25785 0.225252 0.132002 0.0553304 0.0519788 0.0540692 0.017754 0.00435017 0.00159236 0.00146478 0.000404838 0.000125132 0.000115318 0.000107957 0.000100596 0 0 0 0 0 0
 0 0 0 0 0.00144013 0.00171154 0.00461396 0.0210425 0.0478622 0.0707936 0.0888783 0.103762 0.0637923 0.0337046 0.0602308 0.124433 0.169614 0.0934646 0.0462172 0.0250306 0.0313229 0.00938855 0.002487 0.000210481 0 0
 0 0.00764035 0.051015 0.0998891 0.058973 0.0496711 0.0374665 0.0718981 0.12319 0.153886 0.159021 0.0857701 0.0377988 0.023471 0.0147837 0.00900784 0.00315554 0.000888139 0.00291439 0.00214683 0.00393193 0.00274676 0.000635225 9.99891e-05 0 0
 0 0 0 0 0 0 0 0 0 0 0 0 0 0 0 0 0 0 0 0 0 0 0 0 0 0
 0 0 0 0 0 0 0 0 0 0 0 0 0 0 0 0 0 0 0 0 0 0 0 0 0 0
 0 0 0 0 0 0 0 0 0 0 0 0 0 0 0 0 0 0 0 0 0 0 0 0 0 0
 0 0 0 0 0 0 0 0 0 0 0 0 0 0 0 0 0 0 0 0 0 0 0 0 0 0
 0 0 0 0 0 0 0 0 0 0 0 0 0 0 0 0 0 0 0 0 0 0 0 0 0 0
 0 0 0 0 0 0 0 0 0 0 0 0 0 0 0 0 0 0 0 0 0 0 0 0 0 0
 0 0 0 0 0 0 0 0 0 0 0 0 0 0 0 0 0 0 0 0 0 0 0 0 0 0
 0 0 0 0 0 0 0 0 0 0 0 0 0 0 0 0 0 0 0 0 0 0 0 0 0 0
ppred_pel_tallas
 1.08131e-16 4.81556e-05 0.00046809 0.00311062 0.0141404 0.0439962 0.0937393 0.136819 0.136837 0.0938267 0.0442905 0.014994 0.00526727 0.00522288 0.00921526 0.0155147 0.0231725 0.0308593 0.0371874 0.0414142 0.0436973 0.0446283 0.0445016 0.0430231 0.0396788 0.0343475
 1.09343e-16 4.47674e-05 0.000435155 0.00289176 0.0131455 0.0409008 0.0871447 0.127197 0.127229 0.0872995 0.0414204 0.0146468 0.00666217 0.00867302 0.0157116 0.0259636 0.037547 0.0475542 0.0530741 0.0528261 0.0479362 0.0411411 0.0350644 0.0309078 0.0283334 0.0262503
 1.063e-16 5.49909e-05 0.000534531 0.00355215 0.0161476 0.0502412 0.107045 0.15624 0.156262 0.107153 0.0506033 0.0171945 0.00618348 0.00629029 0.0110203 0.0182213 0.026454 0.0337123 0.0379826 0.0383353 0.0354455 0.0310558 0.0268379 0.0235624 0.0210701 0.0188013
 1.02445e-16 6.61791e-05 0.000643285 0.00427485 0.0194329 0.060463 0.128823 0.188024 0.188039 0.128896 0.0607077 0.02014 0.0060506 0.0045219 0.00743874 0.0122099 0.0176226 0.022247 0.0246726 0.024252 0.0214774 0.0176275 0.0139796 0.0112041 0.00929397 0.00789105
 1.01914e-16 5.58169e-05 0.00054256 0.0036055 0.0163901 0.0509959 0.108653 0.158588 0.158616 0.108787 0.0514455 0.0176885 0.00686375 0.00765246 0.0135503 0.0222905 0.0320518 0.0401933 0.0440601 0.0424245 0.0362166 0.0278977 0.0200021 0.0139775 0.00998928 0.00746267
 1.01883e-16 6.3737e-05 0.000619546 0.0041171 0.0187158 0.0582318 0.12407 0.181087 0.181104 0.124154 0.0585154 0.0195354 0.00617564 0.00511715 0.00861656 0.0141725 0.0204755 0.0258827 0.0287563 0.0283264 0.0251247 0.0205841 0.0161462 0.0125845 0.00993896 0.00788575
 1.03689e-16 3.58079e-05 0.000348065 0.00231302 0.0105147 0.0327153 0.0697052 0.101747 0.101793 0.0699344 0.0334849 0.0127373 0.00789161 0.0125242 0.0231548 0.0382077 0.0549995 0.0690845 0.0759456 0.0734888 0.0632809 0.0494721 0.0363113 0.02619 0.0193394 0.0147809
 1.09575e-16 3.5883e-05 0.000348795 0.00231787 0.0105367 0.0327838 0.0698505 0.101956 0.101988 0.070008 0.0333132 0.012069 0.00617569 0.00880917 0.016217 0.0270488 0.0396495 0.0512938 0.0591751 0.0619243 0.0602761 0.0562725 0.0517235 0.0472296 0.0423783 0.0366191
 1.12024e-16 4.45408e-05 0.000432952 0.00287712 0.013079 0.0406937 0.0867033 0.126551 0.126577 0.0868299 0.0411192 0.0143098 0.00597372 0.00721634 0.0129973 0.0216026 0.0315582 0.0406359 0.0465991 0.0484541 0.0469995 0.0441399 0.0415338 0.039671 0.0379525 0.0354478
 1.04098e-16 6.73074e-05 0.000654252 0.00434773 0.0197642 0.0614937 0.131019 0.191229 0.191241 0.131078 0.0616924 0.0203385 0.00579097 0.00380994 0.00607576 0.00997858 0.0144655 0.0184015 0.0206816 0.0208117 0.0191943 0.0168273 0.0146613 0.0131226 0.0120851 0.0111675
 1.00388e-16 7.74852e-05 0.000753184 0.00500517 0.0227528 0.0707924 0.150831 0.220143 0.220148 0.150856 0.0708763 0.0229949 0.00561276 0.00207873 0.00259249 0.00415689 0.00596571 0.00747066 0.00817108 0.00783858 0.00665079 0.00507427 0.00359032 0.00247517 0.00176013 0.00133188
 1.00254e-16 6.88668e-05 0.00066941 0.00444847 0.0202221 0.0629185 0.134055 0.19566 0.195676 0.13413 0.0631684 0.0209435 0.00625783 0.00461456 0.00754752 0.0123321 0.0176722 0.0220417 0.0239363 0.0226632 0.0187599 0.0136526 0.00883561 0.00520147 0.0029009 0.00162407
 1.01054e-16 5.56452e-05 0.000540891 0.00359441 0.0163397 0.050839 0.108319 0.158101 0.158129 0.108457 0.0513025 0.0176781 0.0069528 0.00786863 0.0139615 0.022964 0.0330053 0.0413543 0.0452599 0.0434405 0.0368426 0.0280018 0.0195476 0.0130101 0.00861368 0.00582187
 1.00938e-16 7.21093e-05 0.000700928 0.00465792 0.0211742 0.0658809 0.140367 0.204871 0.204881 0.140413 0.066038 0.0216281 0.00579789 0.00319156 0.00480821 0.00785012 0.0113364 0.0143272 0.0159119 0.0156626 0.0138724 0.0113344 0.00884754 0.00684295 0.00534704 0.00418583
 1.00145e-16 7.86988e-05 0.00076498 0.00508356 0.0231091 0.0719012 0.153193 0.223591 0.223595 0.153213 0.0719668 0.0232985 0.00555869 0.00180124 0.002044 0.00324733 0.00465319 0.0058153 0.00633777 0.00603971 0.00506035 0.00376841 0.00254761 0.00162321 0.00102845 0.000680559
 1.00036e-16 7.9693e-05 0.000774645 0.00514779 0.0234011 0.0728095 0.155128 0.226415 0.226418 0.155143 0.0728595 0.0235454 0.00550975 0.00156381 0.00157548 0.00247063 0.00353285 0.00440356 0.00477726 0.00451495 0.00372466 0.00269302 0.00172083 0.000988447 0.000527151 0.000274986
 1.00453e-16 3.56792e-05 0.000346814 0.0023047 0.0104769 0.0325978 0.069455 0.101383 0.101436 0.0697165 0.0334757 0.0130113 0.00866092 0.014204 0.0262984 0.0432768 0.0620015 0.0772582 0.083758 0.0790622 0.0650743 0.0468429 0.0296724 0.0167515 0.0086424 0.00425693
 1.00836e-16 7.69416e-05 0.0007479 0.00497006 0.0225932 0.0702957 0.149773 0.218598 0.218602 0.149791 0.0703573 0.0227715 0.00541936 0.00173386 0.00196441 0.0031645 0.00464057 0.00602011 0.00697186 0.00732973 0.00716469 0.0066945 0.0061123 0.00548317 0.00477353 0.00395099
 1.00682e-16 5.9232e-05 0.000575756 0.0038261 0.0173929 0.054116 0.115301 0.16829 0.168316 0.115428 0.0545427 0.0186247 0.00691543 0.00731143 0.012827 0.0210476 0.0301637 0.037616 0.0408417 0.0386647 0.0320139 0.0233363 0.0151905 0.00909535 0.0052892 0.00321454
 1.0083e-16 7.06425e-05 0.000686671 0.00456317 0.0207435 0.0645408 0.137511 0.200704 0.200716 0.137567 0.0647273 0.0212822 0.00591584 0.00364095 0.00568531 0.00929716 0.0134083 0.0169051 0.0186977 0.0182735 0.0159861 0.0127961 0.00968227 0.00718936 0.00537353 0.00403588
 1.01021e-16 5.95015e-05 0.000578376 0.00384351 0.0174721 0.0543622 0.115825 0.169056 0.16908 0.115945 0.0547643 0.0186332 0.00675667 0.00693317 0.0121147 0.0198978 0.0285727 0.0357508 0.0390384 0.037329 0.0314658 0.023686 0.0163111 0.0106942 0.00702562 0.00480455
 1.01258e-16 6.61942e-05 0.000643431 0.00427583 0.0194373 0.0604767 0.128853 0.188067 0.188083 0.128929 0.0607337 0.0201797 0.00613982 0.00471424 0.00780226 0.0128063 0.0184692 0.0232804 0.0257407 0.0251467 0.0219918 0.0176069 0.0133463 0.00996028 0.00751821 0.00573199
 1.03318e-16 2.92674e-05 0.000284489 0.00189053 0.00859412 0.0267398 0.056974 0.0831667 0.0832216 0.057242 0.0276398 0.0111931 0.00841276 0.0145173 0.0270443 0.0446218 0.0641778 0.0804943 0.0882609 0.085014 0.0726002 0.0559254 0.0400429 0.0278428 0.0196681 0.0144021
 1.02723e-16 7.07136e-05 0.000687362 0.00456776 0.0207644 0.0646057 0.13765 0.200905 0.200912 0.137684 0.0647203 0.0210964 0.00540521 0.00252851 0.00360545 0.00594777 0.0087918 0.0115359 0.0136018 0.0146985 0.0149419 0.0146774 0.0141676 0.0134253 0.0123031 0.0107068
 1.01423e-16 6.23781e-05 0.000606338 0.00402933 0.0183168 0.0569903 0.121425 0.177227 0.177249 0.121529 0.0573418 0.0193315 0.00657483 0.00615804 0.010591 0.0173713 0.0249273 0.0311587 0.0339741 0.0324194 0.0272584 0.0204824 0.0141504 0.00945048 0.00651859 0.00485627
 1.02997e-16 3.98351e-05 0.000387211 0.00257316 0.0116972 0.0363946 0.0775442 0.113187 0.113229 0.0777513 0.03709 0.0137056 0.00761488 0.0113944 0.0209471 0.034573 0.0498115 0.0626565 0.069034 0.0670363 0.0580319 0.0456981 0.0338017 0.0244682 0.0179335 0.0133996
 1.02681e-16 6.76757e-05 0.000657832 0.00437153 0.0198723 0.0618303 0.131736 0.192275 0.192286 0.13179 0.0620097 0.0203914 0.0056776 0.00351915 0.00553155 0.00911516 0.0133046 0.0171067 0.019545 0.0201506 0.0191983 0.0174402 0.0155703 0.0138665 0.0122282 0.0104578
 1.01733e-16 6.03515e-05 0.000586638 0.00389842 0.0177216 0.0551387 0.11748 0.17147 0.171493 0.117592 0.0555161 0.0188113 0.00663244 0.0065512 0.0113769 0.0186837 0.0268412 0.033613 0.0367654 0.0352746 0.0299438 0.0228747 0.0162314 0.0112495 0.00805812 0.00613573
 1.03533e-16 3.91914e-05 0.000380954 0.00253158 0.0115082 0.0358065 0.0762911 0.111358 0.1114 0.076497 0.0364977 0.0135047 0.00754413 0.0113266 0.0208363 0.0344078 0.0496139 0.0624928 0.0690141 0.0672895 0.0586646 0.0467526 0.035236 0.0261629 0.0197243 0.0151194
 1.04699e-16 5.8108e-05 0.000564831 0.0037535 0.0170629 0.0530891 0.113112 0.165095 0.165113 0.1132 0.0533818 0.0179099 0.00588483 0.00523452 0.00897648 0.0148779 0.0217297 0.0279582 0.0319796 0.0330346 0.0315739 0.0288206 0.0258959 0.0232348 0.020652 0.0178076
 1.02464e-16 6.44961e-05 0.000626925 0.00416614 0.0189387 0.0589253 0.125547 0.183244 0.183261 0.125631 0.0592048 0.019746 0.00619283 0.00505183 0.00847014 0.0139063 0.0200403 0.0252335 0.0278638 0.0271909 0.0237942 0.0191708 0.0148274 0.0115704 0.00940959 0.00792363
 1.02208e-16 5.38222e-05 0.000523171 0.00347666 0.0158044 0.0491735 0.10477 0.152922 0.152951 0.104912 0.0496496 0.0171793 0.00692721 0.008054 0.014351 0.0236261 0.0339959 0.042679 0.0468735 0.0452805 0.0388714 0.0302247 0.021988 0.0156634 0.0114127 0.00863745
pSPR Fmed_Fpbrs
0.539114   0.207895 0.207895
Fs Fmed_Fpbrs
0.34   1.005 1.005
SSBpbr Bo_Bmed_Bpbrs
488175  238773  77080.4 77080.4
Ro
93091.2
SPR SPRFo_SPRFmed_SPRFpbrs
670080 361249 139306
Fref
1.005
Nvult_r0
 55059.6 15543 1907.69 271.229 163.519
CTP_r0
 24863.9 7790.87 956.225 135.953 81.9635
YTP_r0
442063
Np
 95894.5 15484.2 2330.75 592.388 82.4985
Nvult_p0
 80410.2 13399.1 2016.89 512.616 71.3892
CTP_p0
 36311.8 7507.49 1908.12 234.196 41.4522
 36311.8 6716.27 1010.96 256.947 35.7836
YTP_p0
 459521 424633
CBA_c0
447301
log_Ro
11.2613
likeval ReclasPelacesDesembMPH_pf_preclas_ppelaces_ptallas_desvR_qrecl_qpela
 35.0003 32.657 0.0247964 92.0612 266.33 136.053 119.354 0 22.682 0.000125167 0.000211303 0.0274624 0 0 0
q_reclas_q_pelaces
4.86563 7.81261
M
1
N
 143203 26616.8 31307.8 2768.54 0.149514
 96305.6 36700.9 6298.86 7409 655.211
 84075.7 18116.6 5954.85 1022.01 1308.45
 129053 15888.8 2956.02 971.632 380.253
 92183.9 22575.6 2359.24 438.922 200.733
 194445 26731.9 6211.95 649.174 176.009
 69164.6 50964.1 6501.72 1510.87 200.701
 23618.2 10373.4 6271.59 800.095 210.624
 22592.4 7258.28 3063.97 1852.42 298.533
 30060.7 3620.65 968.456 408.818 286.997
 51438.5 1711.08 136.568 36.5293 26.2455
 113323 14093.2 439.311 35.0631 16.1171
 56657.2 17225.5 1762.87 54.9516 6.40192
 59557.7 6054.9 1401.66 143.446 4.9924
 53167.9 1638.47 94.0303 21.7672 2.30519
 249754 5324.35 123.154 7.06768 1.80937
 48202.5 39812.7 705.81 16.3256 1.17677
 314693 8226.02 5735.65 101.683 2.52149
 221718 57980.8 1301.26 907.315 16.484
 279879 24629.7 4946.14 111.006 78.806
 219311 48554.5 3620.22 727.013 27.8997
 319461 42449.6 8157.26 608.205 126.827
 46073.1 48026.5 5238.85 1006.72 90.7129
 141276 7367.88 6391.36 697.185 146.046
 149192 27555.1 1249.42 1083.83 142.992
 51266 28847.5 4623.46 209.64 205.847
 126007 10731.4 5332.58 854.665 76.8045
 130400 25872.7 1937.58 962.806 168.179
 53088.8 30021.8 5371.76 402.284 234.818
 70257.9 11414.2 5733.78 1025.93 121.678
 98521.7 14116.8 2007.09 1008.24 201.798
 65662.2 17961.7 2204.56 313.437 188.965
pred_Ctot
 28276.1 6219.72 7315.91 646.944 0.034938
 31388.8 13839.5 2375.24 2793.86 247.074
 27260.9 6798.35 2234.59 383.516 491.002
 45401.6 6435.92 1197.36 393.569 154.025
 12579.8 3682.52 384.838 71.5968 32.7435
 36328.2 5921 1375.92 143.789 38.9853
 27803.4 23360.5 2980.2 692.539 91.9955
 2494.09 1315.83 795.525 101.489 26.7168
 8610.12 3167.08 1336.93 808.284 130.262
 18458.3 2421.08 647.594 273.371 191.911
 8500.33 336.421 26.851 7.18213 5.16021
 45086.6 6398.76 199.461 15.9197 7.31765
 27973.1 9516.36 973.908 30.3584 3.53679
 41800 4529.69 1048.58 107.313 3.73483
 27052.5 929.82 53.3614 12.3527 1.30818
 95612.1 2332.93 53.9613 3.09679 0.792799
 17366.8 16488.8 292.317 6.76139 0.487367
 104945 3169.4 2209.88 39.1774 0.971504
 107399 31489.1 706.709 492.758 8.95236
 99264.7 10052.3 2018.71 45.3058 32.1637
 69161.7 17750.3 1323.46 265.777 10.1994
 128189 19425.4 3732.85 278.321 58.0373
 17590.6 20991.1 2289.76 440.008 39.6481
 44146.9 2670.37 2316.45 252.684 52.9319
 47107.1 10085.1 457.287 396.679 52.335
 14614.9 9585.83 1536.34 69.6619 68.4017
 36884.1 3656.46 1816.94 291.206 26.1692
 32032.6 7459.92 558.664 277.607 48.4912
 14562.3 9617.38 1720.82 128.87 75.223
 21158 3995.02 2006.85 359.083 42.588
 33228.4 5496.93 781.536 392.596 78.5779
 12088.4 3922.1 481.385 68.4417 41.2623
F
 0.361465 0.441172 0.441172 0.441172 0.441172
 0.670698 0.818595 0.818595 0.818595 0.818595
 0.666101 0.812984 0.812984 0.812984 0.812984
 0.743358 0.907277 0.907277 0.907277 0.907277
 0.237928 0.290394 0.290394 0.290394 0.290394
 0.339031 0.41379 0.41379 0.41379 0.41379
 0.89724 1.09509 1.09509 1.09509 1.09509
 0.179873 0.219537 0.219537 0.219537 0.219537
 0.83096 1.0142 1.0142 1.0142 1.0142
 1.86609 2.27759 2.27759 2.27759 2.27759
 0.294691 0.359674 0.359674 0.359674 0.359674
 0.883855 1.07875 1.07875 1.07875 1.07875
 1.23615 1.50874 1.50874 1.50874 1.50874
 2.59318 3.16501 3.16501 3.16501 3.16501
 1.30116 1.58808 1.58808 1.58808 1.58808
 0.83629 1.0207 1.0207 1.0207 1.0207
 0.768109 0.937485 0.937485 0.937485 0.937485
 0.691486 0.843966 0.843966 0.843966 0.843966
 1.19745 1.46151 1.46151 1.46151 1.46151
 0.751668 0.917419 0.917419 0.917419 0.917419
 0.642173 0.783779 0.783779 0.783779 0.783779
 0.894883 1.09221 1.09221 1.09221 1.09221
 0.833099 1.01681 1.01681 1.01681 1.01681
 0.634528 0.774449 0.774449 0.774449 0.774449
 0.643211 0.785046 0.785046 0.785046 0.785046
 0.563853 0.688188 0.688188 0.688188 0.688188
 0.583147 0.711738 0.711738 0.711738 0.711738
 0.468684 0.572034 0.572034 0.572034 0.572034
 0.537112 0.655551 0.655551 0.655551 0.655551
 0.604805 0.738171 0.738171 0.738171 0.738171
 0.702035 0.856841 0.856841 0.856841 0.856841
 0.333333 0.406836 0.406836 0.406836 0.406836
YTP_r0W_actual
 213830 193214 26678.7 5071.04 3270.34
YTP_p0W_proyectada
 273791 131006 45928.3 7335.01 1461.19
 273791 117199 24333.8 8047.59 1261.37
CTP_r0_actual
 24863.9 7790.87 956.225 135.953 81.9635
CTP_p0_proyectada
 36311.8 7507.49 1908.12 234.196 41.4522
 36311.8 6716.27 1010.96 256.947 35.7836
Wmedp
 7.54 17.45 24.07 31.32 35.25
Frms_r0
 0.823426 1.005 1.005 1.005 1.005
Zrms_r0
 1.82343 2.005 2.005 2.005 2.005
nmprior
 7.29 8.9 8.7 0
nm_flota  nm_reclas  nm_pelaces    nm_pelaL
inf 12.2656 11.9493 32.2316
cv_recla  cv_pelaces  cv_mph
0.261684 0.521672 0.783416
 ------------------------------------------------
Talla a la edad & desviaci?n 
 8 13.2811 15.8009 17.003 17.5766
 0.8 1.32811 1.58009 1.7003 1.75766
