years
 1991 1992 1993 1994 1995 1996 1997 1998 1999 2000 2001 2002 2003 2004 2005 2006 2007 2008 2009 2010 2011 2012 2013 2014 2015 2016 2017 2018 2019 2020
reclasobs
 0 0 0 0 0 0 0 0 0 252601 567819 844713 477998 351125 339783 2.1784e+06 2.13404e+06 4.81314e+06 1.55562e+06 2.62356e+06 3.21686e+06 3.843e+06 1.13348e+06 3.07943e+06 1.97215e+06 2.03268e+06 2.025e+06 2.42433e+06 2.27542e+06 1.05018e+06
reclaspred
 3.26298e+06 2.16791e+06 1.52855e+06 1.6101e+06 1.69049e+06 1.96014e+06 1.60302e+06 2.30134e+06 2.44127e+06 2.60518e+06 1.91611e+06 1.91984e+06 1.74994e+06 1.62411e+06 1.68318e+06 1.68699e+06 1.75365e+06 2.01204e+06 1.08094e+06 761837 1.2014e+06 708539 967285 1.54989e+06 1.38803e+06 1.73217e+06 1.88977e+06 1.5883e+06 1.89854e+06 1.99943e+06
pelacesobs
 0 0 0 0 0 0 0 0 0 0 0 0 0 0 0 552880 188675 0 991730 2.46772e+06 1.41603e+06 1.21717e+06 2.29649e+06 1.80582e+06 0 1.4828e+06 1.56532e+06 1.57751e+06 1.42118e+06 867257
pelacespred
 1.58477e+06 1.10702e+06 755167 685126 785186 894625 735576 1.18777e+06 1.32882e+06 1.32537e+06 1.09297e+06 910931 875069 884217 924019 785878 784816 849185 500486 305670 457322 277360 430117 748230 672401 830662 1.01003e+06 849490 852564 980658
mphobs
 0 0 0 0 0 0 0 0 0 0 0 0 498337 0 5186 125008 0 168611 109162 213762 579715 649985 157893 87575 83554 210694 70296 0 107559 103333
mphpred
 3.13026e+06 2.16179e+06 1.45711e+06 1.17379e+06 1.32011e+06 1.44817e+06 1.46618e+06 1.31589e+06 1.91909e+06 2.20852e+06 1.77772e+06 1.61482e+06 1.49726e+06 1.27545e+06 1.23372e+06 1.53701e+06 1.26129e+06 1.58425e+06 1.09258e+06 590376 665989 626807 399374 836005 1.20186e+06 1.01046e+06 1.39896e+06 1.2955e+06 1.44986e+06 1.51529e+06
desembarqueobs
 494567 514787 250237 358949 120608 361735 552515 73892 212993 205616 52469 317467 293654 387597 252695 516296 358380 742168 942051 627588 828172 859565 418607 520667 417249 300574 415391 372974 316634 284311
desembarquepred
 494572 505661 260821 358706 120535 361509 552305 73856.7 213034 205676 52452.2 317849 294011 388382 252716 515663 357778 738638 930888 620223 820908 851634 418122 520363 417058 300450 415115 372796 316580 284207
Reclutas
 263815 263815 263815 263815 263815 263815 263815 263815 263815 263815 263815 263815 263815 263815 263815 263815 263815 263815 263815 263815 263815 263815 263815 263815 263815 263815 263815 263815 263815 263815
log_desv_Rt
 0 0 0 0 0 0 0 0 0 0 0 0 0 0 0 0 0 0 0 0 0 0 0 0 0 0 0 0 0 0
SSB
 3.13026e+06 2.16179e+06 1.45711e+06 1.17379e+06 1.32011e+06 1.44817e+06 1.46618e+06 1.31589e+06 1.91909e+06 2.20852e+06 1.77772e+06 1.61482e+06 1.44608e+06 1.25991e+06 1.20584e+06 1.49797e+06 1.26129e+06 1.58425e+06 1.13195e+06 611218 710643 723138 466042 928741 1.24898e+06 1.10912e+06 1.45056e+06 1.2955e+06 1.50111e+06 1.48128e+06
BT
 4.392e+06 3.39274e+06 2.17682e+06 2.24241e+06 2.22566e+06 2.90837e+06 2.49742e+06 4.00531e+06 4.18174e+06 3.81031e+06 3.01829e+06 2.76101e+06 2.76966e+06 3.19491e+06 3.2153e+06 2.63177e+06 2.60819e+06 3.0454e+06 2.47854e+06 1.51904e+06 2.21397e+06 1.66216e+06 1.92883e+06 3.04569e+06 2.27199e+06 2.91916e+06 3.58005e+06 2.97339e+06 2.59812e+06 3.17448e+06
Ftot
 0.143737 0.219759 0.16159 0.210246 0.0680641 0.17459 0.321847 0.0307299 0.0832412 0.0753148 0.0262157 0.156895 0.159235 0.225652 0.142649 0.286455 0.192962 0.34219 0.769654 0.734669 0.622428 1.04231 0.40343 0.314938 0.281865 0.164482 0.207539 0.221648 0.158023 0.135022
BD_Bspro_t
 0.977264 0.853691 0.752957 0.736599 0.741684 0.798273 0.759657 0.697589 0.827887 0.865271 0.868893 0.895693 0.827285 0.778022 0.757907 0.774376 0.685046 0.722462 0.585148 0.410547 0.396054 0.381269 0.31443 0.506662 0.605142 0.631152 0.728831 0.731124 0.752162 0.753535
BD_Bspro
 1.66683 1.15114 0.775898 0.625032 0.702945 0.771136 0.780727 0.700701 1.0219 1.17602 0.94662 0.859878 0.770027 0.670891 0.642102 0.797655 0.671627 0.8436 0.602752 0.325468 0.378411 0.385065 0.248164 0.494547 0.665071 0.590597 0.772413 0.689843 0.799329 0.78877
BD_Bo
 1.23219 0.850963 0.573573 0.462047 0.519643 0.570053 0.577143 0.517984 0.755427 0.869356 0.699777 0.635654 0.569233 0.495948 0.474666 0.589656 0.496492 0.623621 0.445577 0.240598 0.279736 0.284655 0.183452 0.365588 0.491645 0.436592 0.570997 0.509958 0.590894 0.583088
BD_Brms
 5.23445 3.61497 2.43659 1.96282 2.20749 2.42164 2.45176 2.20045 3.20913 3.69311 2.97272 2.70032 2.41815 2.10683 2.01643 2.50492 2.10914 2.6492 1.89285 1.02209 1.18834 1.20924 0.779321 1.55305 2.08856 1.85468 2.42565 2.16635 2.51018 2.47701
Sel_flota
 0.5 1 1 1 1
 0.5 1 1 1 1
 0.5 1 1 1 1
 0.5 1 1 1 1
 0.5 1 1 1 1
 0.5 1 1 1 1
 0.5 1 1 1 1
 0.5 1 1 1 1
 0.5 1 1 1 1
 0.5 1 1 1 1
 0.5 1 1 1 1
 0.5 1 1 1 1
 0.5 1 1 1 1
 0.5 1 1 1 1
 0.5 1 1 1 1
 0.5 1 1 1 1
 0.5 1 1 1 1
 0.5 1 1 1 1
 0.5 1 1 1 1
 0.5 1 1 1 1
 0.5 1 1 1 1
 0.5 1 1 1 1
 0.5 1 1 1 1
 0.5 1 1 1 1
 0.5 1 1 1 1
 0.5 1 1 1 1
 0.5 1 1 1 1
 0.5 1 1 1 1
 0.5 1 1 1 1
 0.5 1 1 1 1
Sel_reclas
 0.5 1 1 1 1
 0.5 1 1 1 1
 0.5 1 1 1 1
 0.5 1 1 1 1
 0.5 1 1 1 1
 0.5 1 1 1 1
 0.5 1 1 1 1
 0.5 1 1 1 1
 0.5 1 1 1 1
 0.5 1 1 1 1
 0.5 1 1 1 1
 0.5 1 1 1 1
 0.5 1 1 1 1
 0.5 1 1 1 1
 0.5 1 1 1 1
 0.5 1 1 1 1
 0.5 1 1 1 1
 0.5 1 1 1 1
 0.5 1 1 1 1
 0.5 1 1 1 1
 0.5 1 1 1 1
 0.5 1 1 1 1
 0.5 1 1 1 1
 0.5 1 1 1 1
 0.5 1 1 1 1
 0.5 1 1 1 1
 0.5 1 1 1 1
 0.5 1 1 1 1
 0.5 1 1 1 1
 0.5 1 1 1 1
Sel_pelaces
 0.5 1 1 1 1
 0.5 1 1 1 1
 0.5 1 1 1 1
 0.5 1 1 1 1
 0.5 1 1 1 1
 0.5 1 1 1 1
 0.5 1 1 1 1
 0.5 1 1 1 1
 0.5 1 1 1 1
 0.5 1 1 1 1
 0.5 1 1 1 1
 0.5 1 1 1 1
 0.5 1 1 1 1
 0.5 1 1 1 1
 0.5 1 1 1 1
 0.5 1 1 1 1
 0.5 1 1 1 1
 0.5 1 1 1 1
 0.5 1 1 1 1
 0.5 1 1 1 1
 0.5 1 1 1 1
 0.5 1 1 1 1
 0.5 1 1 1 1
 0.5 1 1 1 1
 0.5 1 1 1 1
 0.5 1 1 1 1
 0.5 1 1 1 1
 0.5 1 1 1 1
 0.5 1 1 1 1
 0.5 1 1 1 1
pf_obs 
 0.8446 0.082 0.0669 0.0065 0
 0.8095 0.147 0.0364 0.0071 0
 0.9664 0.0169 0.016 0.0007 0
 0.9276 0.0648 0.0075 0.0001 0
 0.7033 0.2144 0.0806 0.0017 0
 0.9318 0.0425 0.0243 0.0014 0
 0.5671 0.3108 0.0964 0.0239 0.0018
 0.0768 0.2599 0.5324 0.112 0.0189
 0.490249 0.384438 0.106611 0.0170017 0.00170017
 0.7925 0.1577 0.0466 0.003 0.0002
 0.840416 0.127587 0.0312969 0.00059994 9.999e-05
 0.8084 0.0986 0.0794 0.0134 0.0002
 0.7335 0.1905 0.0724 0.0035 0.0001
 0.4001 0.4547 0.1325 0.0127 0
 0.49795 0.308269 0.164784 0.0264974 0.00249975
 0.9179 0.0499 0.0305 0.0017 0
 0.2467 0.6533 0.0926 0.0074 0
 0.9418 0.0223 0.034 0.0019 0
 0.707729 0.231977 0.0356964 0.0245975 0
 0.517169 0.277429 0.184464 0.0207286 0.00020938
 0.811772 0.124168 0.05621 0.00726502 0.000585176
 0.764997 0.148141 0.077277 0.00933861 0.000247198
 0.163321 0.427699 0.378323 0.0303852 0.000271297
 0.753843 0.0900009 0.118128 0.0371064 0.000921714
 0.721811 0.176058 0.0630433 0.0369309 0.00215725
 0.143369 0.312575 0.442814 0.0836902 0.0175525
 0.692698 0.0596174 0.167031 0.0765114 0.00414204
 0.394062 0.376323 0.152708 0.0712218 0.00568511
 0.125707 0.32114 0.495352 0.0537591 0.00404204
 0.23352 0.215282 0.420074 0.123614 0.00750983
pf_pred 
 0.442772 0.0477715 0.444549 0.0356675 0.0292401
 0.487824 0.31949 0.0165191 0.153722 0.0224446
 0.512445 0.326836 0.100254 0.00518361 0.0552803
 0.514072 0.334313 0.101636 0.0311762 0.0188025
 0.514658 0.33611 0.10267 0.0312133 0.0153488
 0.499132 0.342542 0.109644 0.0334925 0.0151893
 0.517176 0.327015 0.106557 0.0341078 0.0151438
 0.53018 0.329984 0.0947106 0.0308612 0.0142643
 0.493845 0.351711 0.108475 0.0311341 0.014834
 0.489631 0.340224 0.118229 0.0364642 0.0154523
 0.484504 0.341435 0.116033 0.0403218 0.0177061
 0.482036 0.338997 0.118537 0.0402838 0.0201458
 0.500948 0.329861 0.110732 0.0387197 0.0197391
 0.510834 0.331594 0.104151 0.034963 0.018458
 0.51972 0.331756 0.100681 0.0316232 0.0162201
 0.517221 0.334566 0.102379 0.0310699 0.0147643
 0.53315 0.326847 0.0970221 0.0296893 0.0132917
 0.531304 0.331595 0.0959862 0.0284928 0.0126224
 0.571215 0.306733 0.0863495 0.0249955 0.0107067
 0.639044 0.278741 0.0588128 0.0165566 0.0068455
 0.643479 0.291146 0.0504844 0.0106519 0.00423849
 0.645497 0.288553 0.0538569 0.00933873 0.00275447
 0.674382 0.272117 0.043548 0.008128 0.00182508
 0.593352 0.335059 0.0598259 0.0095742 0.00218823
 0.562062 0.333857 0.085758 0.0153124 0.00301058
 0.543714 0.335982 0.0917124 0.0235582 0.00503341
 0.523723 0.340278 0.100142 0.0273355 0.00852193
 0.524871 0.332837 0.101661 0.0299182 0.0107127
 0.524153 0.334226 0.0992085 0.030302 0.0121108
 0.513406 0.339516 0.103305 0.0306641 0.0131093
pobs_RECLAS
 0 0 0 0 0
 0 0 0 0 0
 0 0 0 0 0
 0 0 0 0 0
 0 0 0 0 0
 0 0 0 0 0
 0 0 0 0 0
 0 0 0 0 0
 0 0 0 0 0
 0 0 0 0 0
 0.991045 0.00858322 0.000360255 1.14367e-05 0
 0.934742 0.0480273 0.0164251 0.00080598 0
 0.827803 0.169806 0.00239088 0 0
 0.941827 0.0461693 0.0120037 0 0
 0.791401 0.0380133 0.147996 0.0225897 0
 0.846168 0.0940531 0.0597789 0 0
 0.134021 0.677848 0.182769 0.00536245 0
 0.80878 0.0450904 0.141981 0.00414843 0
 0.846168 0.0940531 0.0597789 0 0
 0.905697 0.0802665 0.012482 0.00150086 5.37128e-05
 0.989698 0.0102097 9.19794e-05 0 0
 0.975433 0.0193895 0.00387452 0.00125025 5.28907e-05
 0.303575 0.632131 0.0575291 0.00676475 0
 0.966965 0.00978017 0.0227588 0.000495775 0
 0.843318 0.132988 0.00938335 0.0141283 0.000182051
 0.564624 0.303363 0.111486 0.0197234 0.00080311
 0.826376 0.0876187 0.0782897 0.00655872 0.00115652
 0.89761 0.0855135 0.0140674 0.00269457 0.000114338
 0.34875 0.467042 0.161289 0.0227151 0.000203297
 0.318654 0.224769 0.449479 0.00709798 0
ppred_RECLAS
 0.444377 0.0476339 0.443269 0.0355647 0.0291558
 0.490431 0.317864 0.016435 0.15294 0.0223304
 0.514293 0.325598 0.0998745 0.00516397 0.0550708
 0.516551 0.332608 0.101118 0.0310172 0.0187066
 0.515389 0.335603 0.102515 0.0311663 0.0153257
 0.501146 0.341165 0.109203 0.0333578 0.0151282
 0.521228 0.324271 0.105663 0.0338215 0.0150167
 0.5305 0.329759 0.094646 0.0308401 0.0142546
 0.494749 0.351083 0.108282 0.0310785 0.0148075
 0.490444 0.339682 0.11804 0.0364061 0.0154277
 0.484777 0.341254 0.115972 0.0403004 0.0176967
 0.483823 0.337827 0.118128 0.0401448 0.0200763
 0.502767 0.328658 0.110329 0.0385786 0.0196671
 0.51352 0.329773 0.10358 0.034771 0.0183567
 0.52133 0.330644 0.100343 0.0315172 0.0161657
 0.520754 0.332117 0.10163 0.0308425 0.0146563
 0.535392 0.325277 0.0965563 0.0295468 0.0132278
 0.535649 0.32852 0.0950963 0.0282287 0.0125054
 0.583069 0.298254 0.0839623 0.0243044 0.0104107
 0.649507 0.270661 0.0571081 0.0160767 0.00664707
 0.65186 0.284302 0.0492976 0.0104015 0.00413885
 0.662131 0.275013 0.0513298 0.00890052 0.00262522
 0.679042 0.268223 0.0429249 0.0080117 0.00179897
 0.597164 0.331919 0.0592652 0.00948445 0.00216771
 0.565478 0.331253 0.0850891 0.0151929 0.0029871
 0.545584 0.334605 0.0913365 0.0234616 0.00501278
 0.526161 0.338536 0.0996292 0.0271956 0.0084783
 0.527497 0.330997 0.101099 0.0297529 0.0106535
 0.525952 0.332962 0.0988334 0.0301874 0.0120651
 0.514923 0.338457 0.102983 0.0305685 0.0130684
pobs_PELACES
 0 0 0 0 0
 0 0 0 0 0
 0 0 0 0 0
 0 0 0 0 0
 0 0 0 0 0
 0 0 0 0 0
 0 0 0 0 0
 0 0 0 0 0
 0 0 0 0 0
 0 0 0 0 0
 0 0 0 0 0
 0 0 0 0 0
 0 0 0 0 0
 0 0 0 0 0
 0 0 0 0 0
 0 0 0 0 0
 0.505614 0.472636 0.0217494 0 0
 0 0 0 0 0
 0.443492 0.261883 0.143347 0.151278 0
 0.227955 0.32914 0.350689 0.0885471 0.00366901
 0.970185 0.0296113 0.000203453 0 0
 0.997202 0.00247181 0.000326279 0 0
 0.445219 0.490057 0.0546422 0.010081 0
 0.90214 0.0892962 0.00764917 0.000914606 0
 0 0 0 0 0
 0.581667 0.319106 0.0959925 0.00289975 0.000334073
 0.762889 0.0836404 0.116647 0.0363945 0.000428098
 0.88444 0.0763242 0.0277011 0.0115352 0
 0.521256 0.241999 0.230069 0.00667565 0
 0.616807 0.101726 0.260614 0.0208532 0
ppred_PELACES
 0.45024 0.0471313 0.438591 0.0351894 0.0288482
 0.499495 0.31221 0.0161427 0.150219 0.0219332
 0.52095 0.321135 0.0985056 0.00509319 0.054316
 0.525208 0.326652 0.0993073 0.0304617 0.0183716
 0.518194 0.333661 0.101922 0.0309859 0.015237
 0.508347 0.33624 0.107627 0.0328763 0.0149098
 0.534463 0.315307 0.102742 0.0328866 0.0146016
 0.531763 0.328872 0.0943914 0.0307572 0.0142162
 0.498183 0.348697 0.107546 0.0308673 0.0147069
 0.49355 0.337611 0.117321 0.0361842 0.0153336
 0.485858 0.340538 0.115729 0.0402159 0.0176596
 0.490291 0.333595 0.116648 0.0396418 0.0198247
 0.509335 0.324317 0.108871 0.0380691 0.0194074
 0.522815 0.323472 0.1016 0.0341066 0.0180059
 0.5272 0.326589 0.0991128 0.0311307 0.0159674
 0.532537 0.323952 0.0991313 0.0300842 0.0142959
 0.543302 0.319739 0.0949123 0.0290437 0.0130026
 0.549661 0.318607 0.0922268 0.0273769 0.012128
 0.613578 0.276429 0.0778183 0.022526 0.00964888
 0.676579 0.249755 0.0526971 0.0148349 0.00613366
 0.674789 0.265577 0.0460508 0.00971647 0.00386626
 0.699472 0.244619 0.0456568 0.00791684 0.00233508
 0.693373 0.256246 0.0410082 0.00765396 0.00171864
 0.609599 0.321673 0.0574357 0.00919168 0.0021008
 0.576868 0.32257 0.0828586 0.0147947 0.00290879
 0.552304 0.329657 0.0899858 0.0231147 0.00493865
 0.53469 0.332442 0.0978359 0.0267061 0.00832569
 0.536603 0.324619 0.0991508 0.0291795 0.0104482
 0.532448 0.328399 0.097479 0.0297737 0.0118997
 0.520486 0.334576 0.101802 0.0302179 0.0129185
pobs_pel_tallas
 0 0 0 0 0 0 0 0 0 0 0 0 0 0 0 0 0 0 0 0 0 0 0 0 0 0
 0 0 0 0 0 0 0 0 0 0 0 0 0 0 0 0 0 0 0 0 0 0 0 0 0 0
 0 0 0 0 0 0 0 0 0 0 0 0 0 0 0 0 0 0 0 0 0 0 0 0 0 0
 0 0 0 0 0 0 0 0 0 0 0 0 0 0 0 0 0 0 0 0 0 0 0 0 0 0
 0 0 0 0 0 0 0 0 0 0 0 0 0 0 0 0 0 0 0 0 0 0 0 0 0 0
 0 0 0 0 0 0 0 0 0 0 0 0 0 0 0 0 0 0 0 0 0 0 0 0 0 0
 0 0 0 0 0 0 0 0 0 0 0 0 0 0 0 0 0 0 0 0 0 0 0 0 0 0
 0 0 0 0 0 0 0 0 0 0 0 0 0 0 0 0 0 0 0 0 0 0 0 0 0 0
 0 0 0 0 0 0 0 0 0 0 0 0 0 0 0 0 0 0 0 0 0 0 0 0 0 0
 0 0 0 0 0 0 0 0 0 0 0 0 0 0 0 0 0 0 0 0 0 0 0 0 0 0
 0 0 0 0 0 0 0 0 0 0 0 0 0 0 0 0 0 0 0 0 0 0 0 0 0 0
 0 0 0 0 0 0 0 0 0 0 0 0 0 0 0 0 0 0 0 0 0 0 0 0 0 0
 0.00862536 0 0 0.000197151 0.00414017 0.0128641 0.00837892 0.0270097 0.101434 0.158115 0.152841 0.127902 0.109271 0.109419 0.0830992 0.0579132 0.0238553 0.00714673 0.00463305 0.00128148 0.00103504 0.000492878 0.000147863 0.000147863 4.92878e-05 0
 0 0 0 0 0 0 0 0 0 0 0 0 0 0 0 0 0 0 0 0 0 0 0 0 0 0
 0 0 0 0 0 0 0 0.0054083 0.00873648 0.0413646 0.0450493 0.0745869 0.0622846 0.0627006 0.0613931 0.0827291 0.12552 0.122667 0.0946155 0.0697135 0.0546179 0.0294188 0.0215738 0.0213955 0.0102223 0.00600262
 0 0 0 0 0.00359764 0.0251062 0.0480494 0.140153 0.205849 0.193036 0.1447 0.116669 0.0760912 0.0342217 0.00950174 0.001854 0.000860785 0 0 0 0.000165536 0 0.000143464 0 0 0
 0 0 0 0 0 0 0 0.000145254 0.000435761 0.0275982 0.070085 0.0708112 0.156366 0.174668 0.174014 0.160142 0.0824315 0.0480064 0.0283245 0.00493863 0.00203355 0 0 0 0 0
 0 0 0 0 0 0 0 0 0 0 0 0 0 0 0 0 0 0 0 0 0 0 0 0 0 0
 0 0 1.00437e-05 0.000401748 0.00122533 0.00171747 0.00176769 0.0269171 0.070346 0.194647 0.189555 0.159765 0.064822 0.0314167 0.0384472 0.0292271 0.0345202 0.0313363 0.0194345 0.0106764 0.0143323 0.0359363 0.0279516 0.0138201 0.00172751 0
 0 0.0021121 0.0136068 0.0755702 0.200478 0.177729 0.0527432 0.0373336 0.0318909 0.0142505 0.0149659 0.0166563 0.0217959 0.0798694 0.0677717 0.0528807 0.04013 0.0224614 0.0357745 0.0225083 0.00881397 0.00855152 0.00135912 0.000746735 0 0
 0 0 0 0 5.4009e-05 0.00500934 0.000945158 0.0243581 0.138947 0.33067 0.221406 0.137944 0.0707744 0.0437923 0.0131692 0.00525238 0.0047753 0.00276346 9.45158e-05 9.00151e-06 2.25038e-05 9.00151e-06 4.50075e-06 0 0 0
 0.000866109 0.00284123 0.00948549 0.0512746 0.133035 0.25785 0.225252 0.132002 0.0553304 0.0519788 0.0540692 0.017754 0.00435017 0.00159236 0.00146478 0.000404838 0.000125132 0.000115318 0.000107957 0.000100596 0 0 0 0 0 0
 0 0 0 0 0.00144013 0.00171154 0.00461396 0.0210425 0.0478622 0.0707936 0.0888783 0.103762 0.0637923 0.0337046 0.0602308 0.124433 0.169614 0.0934646 0.0462172 0.0250306 0.0313229 0.00938855 0.002487 0.000210481 0 0
 0 0.00764035 0.051015 0.0998891 0.058973 0.0496711 0.0374665 0.0718981 0.12319 0.153886 0.159021 0.0857701 0.0377988 0.023471 0.0147837 0.00900784 0.00315554 0.000888139 0.00291439 0.00214683 0.00393193 0.00274676 0.000635225 9.99891e-05 0 0
 0 0 0 0 0 0 0 0 0 0 0 0 0 0 0 0 0 0 0 0 0 0 0 0 0 0
 0 0 0 0 0 0 0 0 0 0 0 0 0 0 0 0 0 0 0 0 0 0 0 0 0 0
 0 0 0 0 0 0 0 0 0 0 0 0 0 0 0 0 0 0 0 0 0 0 0 0 0 0
 0 0 0 0 0 0 0 0 0 0 0 0 0 0 0 0 0 0 0 0 0 0 0 0 0 0
 0 0 0 0 0 0 0 0 0 0 0 0 0 0 0 0 0 0 0 0 0 0 0 0 0 0
 0 0 0 0 0 0 0 0 0 0 0 0 0 0 0 0 0 0 0 0 0 0 0 0 0 0
ppred_pel_tallas
 1.2108e-16 3.70857e-05 0.000360486 0.00239556 0.0108899 0.0338824 0.0721903 0.105365 0.10537 0.0722161 0.0339712 0.0111551 0.00309445 0.00199541 0.00346223 0.00650041 0.0113078 0.0182831 0.0277332 0.0396235 0.0532156 0.0667903 0.0778162 0.0837219 0.0829508 0.0756719
 1.19323e-16 4.11428e-05 0.000399923 0.00265763 0.0120812 0.0375893 0.0800891 0.116899 0.116929 0.0802362 0.0380833 0.0135083 0.00624112 0.00822821 0.0149276 0.0246732 0.0357069 0.0453283 0.0509017 0.0514277 0.0482495 0.0441954 0.0417859 0.041852 0.043408 0.0445612
 1.12628e-16 4.291e-05 0.000417101 0.00277178 0.0126001 0.0392039 0.0835292 0.12192 0.121951 0.0836809 0.0397136 0.0140735 0.00647473 0.00851573 0.0154684 0.0256233 0.0371903 0.0473752 0.0533625 0.0538863 0.0499697 0.0441581 0.0388839 0.0352492 0.0329457 0.0309932
 1.09114e-16 4.32607e-05 0.00042051 0.00279444 0.0127031 0.0395243 0.0842119 0.122916 0.122948 0.0843662 0.0400428 0.0142018 0.00656102 0.00865826 0.0157335 0.0260619 0.0378224 0.048166 0.0542128 0.0546446 0.0504538 0.0441681 0.0382043 0.0336629 0.0302803 0.0271977
 1.08713e-16 4.2683e-05 0.000414894 0.00275712 0.0125335 0.0389965 0.0830873 0.121275 0.121307 0.0832449 0.0395261 0.0140644 0.0066045 0.00882929 0.0160691 0.0266192 0.0386286 0.0491852 0.055342 0.0557442 0.0513955 0.0448687 0.0386299 0.033812 0.0301681 0.0268541
 1.09013e-16 4.1872e-05 0.00040701 0.00270473 0.0122953 0.0382555 0.0815086 0.118971 0.119003 0.0816675 0.0387893 0.0138386 0.00658372 0.00889184 0.0162063 0.0268582 0.0389988 0.0497048 0.0560162 0.0565704 0.052369 0.0459793 0.0398497 0.0350853 0.0314151 0.0279886
 1.08815e-16 4.40231e-05 0.00042792 0.00284368 0.012927 0.0402208 0.0856957 0.125082 0.125112 0.0858447 0.0407215 0.0143745 0.00648205 0.00838707 0.0152088 0.0252028 0.0366069 0.0466828 0.0526618 0.0532724 0.0494541 0.0436067 0.0380089 0.0336732 0.0303211 0.0271375
 1.08299e-16 4.38007e-05 0.000425758 0.00282932 0.0128617 0.0400176 0.0852629 0.12445 0.124482 0.0854183 0.0405394 0.0143699 0.00661928 0.0087131 0.0158239 0.0261989 0.0379922 0.0483209 0.0542701 0.0545028 0.0500206 0.0433888 0.0370775 0.03224 0.0286526 0.0254779
 1.08778e-16 4.10347e-05 0.000398872 0.00265065 0.0120495 0.0374906 0.0798789 0.116593 0.116626 0.0800437 0.0380441 0.0136494 0.00667156 0.00919286 0.0167906 0.0278202 0.0403717 0.0514033 0.0578319 0.0582358 0.053656 0.0467738 0.0401634 0.035015 0.031087 0.0275211
 1.09696e-16 4.06532e-05 0.000395163 0.002626 0.0119374 0.037142 0.0791361 0.115508 0.115541 0.0792957 0.0376783 0.0134882 0.00652443 0.00892502 0.0162982 0.0270323 0.0392969 0.0501795 0.056728 0.0575827 0.0537333 0.0477122 0.0419084 0.037359 0.033741 0.0301903
 1.10449e-16 4.00195e-05 0.000389004 0.00258507 0.0117514 0.0365631 0.0779027 0.113708 0.113741 0.0780637 0.037104 0.0133154 0.00651683 0.00899156 0.0164356 0.0272608 0.0396279 0.0506027 0.0572141 0.0581034 0.0542866 0.0483354 0.0426671 0.0383158 0.0349204 0.0315579
 1.10782e-16 4.03847e-05 0.000392553 0.00260866 0.0118586 0.0368967 0.0786135 0.114745 0.114778 0.0787712 0.0374267 0.0133911 0.00646157 0.00882356 0.0161118 0.0267292 0.0388726 0.0496754 0.0562365 0.0572315 0.0536547 0.0480133 0.0426533 0.0385592 0.0353504 0.0321045
 1.10327e-16 4.19533e-05 0.000407801 0.00270998 0.0123192 0.0383298 0.0816668 0.119202 0.119233 0.0818202 0.038845 0.0138086 0.0064541 0.0085996 0.0156541 0.0259571 0.0377297 0.0481743 0.0544631 0.0553074 0.0516841 0.0460537 0.0407279 0.0366927 0.0335927 0.0305254
 1.09483e-16 4.30637e-05 0.000418594 0.00278171 0.0126453 0.0393443 0.0838282 0.122356 0.122388 0.0839811 0.0398578 0.0141299 0.00651314 0.00858058 0.0155923 0.0258363 0.0375158 0.0478203 0.0539095 0.0544862 0.0505317 0.0445324 0.0388501 0.0345344 0.0312872 0.0282362
 1.08768e-16 4.34249e-05 0.000422105 0.00280504 0.0127513 0.0396742 0.0845313 0.123383 0.123414 0.0846856 0.0401926 0.0142497 0.00657077 0.00865789 0.0157296 0.0260541 0.0378084 0.0481421 0.0541726 0.054578 0.0503461 0.0440005 0.0379572 0.0333211 0.0298397 0.02667
 1.0838e-16 4.38644e-05 0.000426378 0.00283343 0.0128804 0.0400758 0.0853869 0.124631 0.124663 0.08554 0.04059 0.0143667 0.00656889 0.00859601 0.0156041 0.0258452 0.0375052 0.0477548 0.0537319 0.05412 0.0498919 0.0435439 0.037469 0.0327678 0.0292033 0.0259606
 1.07934e-16 4.47511e-05 0.000434997 0.00289071 0.0131408 0.040886 0.087113 0.12715 0.127181 0.0872641 0.0413934 0.0146074 0.00657642 0.00849503 0.0153939 0.0254882 0.036972 0.0470443 0.0528726 0.0531536 0.0488504 0.0424395 0.036304 0.031554 0.0279755 0.0247736
 1.07541e-16 4.52749e-05 0.000440088 0.00292454 0.0132946 0.0413645 0.0881326 0.128639 0.128669 0.0882831 0.04187 0.0147557 0.00659618 0.0084686 0.0153322 0.0253791 0.0367998 0.0467955 0.0525359 0.0527169 0.0482992 0.0417606 0.0354954 0.0306346 0.0269885 0.0237794
 1.06209e-16 5.05397e-05 0.000491264 0.00326462 0.0148405 0.0461745 0.0983806 0.143595 0.143622 0.0985111 0.046613 0.0161079 0.00644925 0.00745419 0.0133065 0.0220028 0.0318903 0.0405253 0.0454444 0.0455116 0.0415611 0.0357523 0.0301801 0.0258481 0.0226124 0.0198111
 1.04111e-16 5.5729e-05 0.000541705 0.00359982 0.0163643 0.0509155 0.108482 0.158337 0.158361 0.1086 0.0513111 0.0175072 0.00647023 0.00681277 0.0119802 0.0197561 0.028545 0.0360892 0.0401219 0.0395979 0.0352968 0.0292531 0.02349 0.0190556 0.0159245 0.0135311
 1.03026e-16 5.55816e-05 0.000540273 0.0035903 0.016321 0.0507809 0.108195 0.157919 0.157945 0.10832 0.0512011 0.017535 0.00663828 0.00719624 0.0127029 0.0209294 0.0301834 0.0380381 0.0420532 0.0410975 0.0360071 0.0289902 0.0222796 0.0170899 0.0134831 0.0109083
 1.0257e-16 5.76147e-05 0.000560035 0.00372163 0.016918 0.0526383 0.112152 0.163695 0.163718 0.112268 0.0530255 0.0180365 0.00653007 0.00669355 0.011714 0.0192946 0.0278354 0.0350993 0.0388388 0.0380072 0.0333623 0.0269195 0.0207166 0.0158628 0.0124226 0.0099127
 1.02308e-16 5.71123e-05 0.000555152 0.00368918 0.0167705 0.0521793 0.111175 0.162268 0.162292 0.111295 0.0525847 0.0179414 0.00662858 0.00697293 0.0122487 0.0201668 0.0290628 0.0365817 0.0403572 0.0392893 0.0341849 0.027188 0.0204802 0.0152689 0.0116492 0.00911373
 1.03018e-16 5.02119e-05 0.000488078 0.00324345 0.0147443 0.0458751 0.0977429 0.142665 0.142696 0.0978944 0.0463841 0.0162148 0.00693544 0.00855045 0.01537 0.0253506 0.0365599 0.0460692 0.050917 0.049722 0.0434823 0.0348593 0.0265531 0.0200475 0.0154491 0.0121357
 1.0445e-16 4.7516e-05 0.000461872 0.0030693 0.0139526 0.043412 0.0924949 0.135006 0.135037 0.0926472 0.0439233 0.0154302 0.00678115 0.00857423 0.0154818 0.0255908 0.0370259 0.0469063 0.0523112 0.051871 0.0465383 0.0388567 0.0313529 0.0253338 0.0207926 0.0171019
 1.05835e-16 4.54926e-05 0.000442204 0.0029386 0.0133585 0.0415634 0.0885564 0.129257 0.129289 0.088712 0.0420862 0.0148694 0.00673475 0.00874083 0.0158403 0.0262048 0.0379547 0.0481703 0.0538929 0.0537446 0.0487045 0.0413495 0.0342063 0.0285292 0.0242247 0.0205842
 1.06996e-16 4.40418e-05 0.000428102 0.00284489 0.0129325 0.0402379 0.0857323 0.125136 0.125168 0.0858893 0.0407654 0.0144571 0.00667612 0.0088056 0.0159954 0.0264815 0.0383962 0.0488177 0.0547847 0.0549227 0.0502166 0.0432357 0.0364724 0.0311212 0.0270217 0.0234176
 1.07639e-16 4.41993e-05 0.000429633 0.00285506 0.0129787 0.0403818 0.0860389 0.125583 0.125614 0.0861922 0.040897 0.014468 0.00659784 0.00861496 0.0156334 0.0258903 0.037563 0.0478104 0.0537559 0.0540695 0.0497152 0.043188 0.03689 0.031942 0.0281397 0.0247074
 1.07897e-16 4.38571e-05 0.000426307 0.00283296 0.0128783 0.0400692 0.0853728 0.124611 0.124643 0.0855279 0.0405903 0.0143846 0.00661842 0.00870437 0.0158079 0.0261764 0.0379684 0.0483073 0.0542814 0.0545487 0.0500947 0.0434603 0.0370932 0.0321387 0.0283867 0.0250339
 1.0824e-16 4.28718e-05 0.000416729 0.00276931 0.0125889 0.039169 0.0834548 0.121811 0.121844 0.0836129 0.0397 0.0141239 0.00662689 0.00885314 0.0161103 0.0266849 0.0387175 0.0492839 0.0554227 0.0557682 0.0513205 0.0446572 0.038256 0.0332671 0.0294659 0.0260321
pSPR Fmed_Fpbrs
0.599873   0.2854 0.2854
Fs Fmed_Fpbrs
0.34   1.005 1.005
SSBpbr Bo_Bmed_Bpbrs
2.54041e+06  1.3969e+06  598011 598011
Ro
263815
SPR SPRFo_SPRFmed_SPRFpbrs
1.87796e+06 1.12654e+06 535970
Fref
1.005
Nvult_r0
 205097 77602.9 23612.3 7008.87 2996.38
CTP_r0
 68593.2 38898.2 11835.6 3513.17 1501.92
YTP_r0
1.59844e+06
Np
 263815 58718.2 12215.9 3881.48 1340.06
Nvult_p0
 205097 50811.2 10570.9 3358.8 1159.61
CTP_p0
 68593.2 39348.2 12502.5 3804.15 1492.13
 68593.2 25468.9 5298.63 1683.59 581.249
YTP_p0
 1.6765e+06 1.16238e+06
CBA_c0
1.62186e+06
log_Ro
12.303
likeval ReclasPelacesDesembMPH_pf_preclas_ppelaces_ptallas_desvR_qrecl_qpela
 484.891 121.753 12.5997 484.802 239.169 149.301 102.402 0 0 0 0 51.0939 0 0 0
q_reclas_q_pelaces
1 1
M
1
N
 263815 14656.9 136393 10943.2 8971.2
 263815 90322 4670.06 43458.3 6345.24
 263815 86953.2 26672.2 1379.08 14707.1
 263815 89519.3 27215.3 8348.08 5034.77
 263815 87367.8 26687.8 8113.54 3989.75
 263815 93804.9 30026 9171.9 4159.57
 263815 88939.3 28980.6 9276.39 4118.7
 263815 82626.1 23715 7727.46 3571.7
 263815 95572.5 29476.6 8460.24 4030.93
 263815 93095.8 32350.9 9977.72 4228.22
 263815 93465.5 31763.4 11037.8 4846.93
 263815 95788.4 33494.3 11382.7 5692.47
 263815 89729.7 30121.7 10532.7 5369.49
 263815 89624.8 28150.6 9449.97 4988.92
 263815 86697.4 26310.8 8264.05 4238.77
 263815 90371.2 27654.1 8392.44 3988.06
 263815 84101.3 24964.9 7639.4 3420.09
 263815 88126.1 25509.7 7572.38 3354.58
 263815 81790 23024.9 6665 2854.92
 263815 66050.7 13936.4 3923.27 1622.12
 263815 67216.3 11655.2 2459.19 978.531
 263815 71096.3 13269.7 2300.96 678.67
 263815 57633 9223.26 1721.47 386.545
 263815 79323.5 14163.5 2266.64 518.051
 263815 82912.1 21297.7 3802.77 747.665
 263815 84294.5 23009.7 5910.51 1262.83
 263815 89390 26307 7180.96 2238.69
 263815 87486.1 26721.5 7864.01 2815.84
 263815 86871.1 25786 7876.02 3147.82
 263815 89679.1 27286.8 8099.56 3462.66
pred_Ctot
 11632.7 1255.08 11679.4 937.071 768.208
 17509.6 11467.5 592.924 5517.59 805.609
 13029.5 8310.21 2549.09 131.8 1405.57
 16784.3 10915.2 3318.4 1017.89 613.895
 5595.38 3654.2 1116.23 339.352 166.873
 14040.2 9635.44 3084.2 942.117 427.262
 25115.9 15881 5174.78 1656.39 735.435
 2545.93 1584.59 454.801 148.196 68.4972
 6821.54 4858.23 1498.38 430.059 204.904
 6182.13 4295.71 1492.77 460.401 195.102
 2173.98 1532.02 520.644 180.925 79.4476
 12663.2 8905.56 3114.01 1058.27 529.235
 12845.8 8458.63 2839.51 992.892 506.171
 17957.5 11656.6 3661.26 1229.06 648.859
 11547.2 7370.98 2236.94 702.607 360.379
 22515.2 14564 4456.68 1352.51 642.708
 15459.2 9477.21 2813.24 860.87 385.404
 26593.6 16597.5 4804.45 1426.17 631.795
 54956.5 29510.7 8307.66 2404.81 1030.09
 52816.3 23037.6 4860.82 1368.38 565.774
 45741.5 20696 3588.67 757.19 301.292
 70638.9 31577.4 5893.75 1021.97 301.431
 30968 12495.8 1999.75 373.243 83.809
 24611.1 13897.6 2481.47 397.12 90.7635
 22175.1 13171.7 3383.42 604.122 118.777
 13254.9 8190.7 2235.8 574.31 122.706
 16577.3 10770.8 3169.78 865.248 269.744
 17653.2 11194.5 3419.2 1006.25 360.306
 12751.3 8130.84 2413.48 737.168 294.625
 10947 7239.28 2202.71 653.831 279.521
F
 0.0718686 0.143737 0.143737 0.143737 0.143737
 0.10988 0.219759 0.219759 0.219759 0.219759
 0.0807951 0.16159 0.16159 0.16159 0.16159
 0.105123 0.210246 0.210246 0.210246 0.210246
 0.034032 0.0680641 0.0680641 0.0680641 0.0680641
 0.0872951 0.17459 0.17459 0.17459 0.17459
 0.160924 0.321847 0.321847 0.321847 0.321847
 0.015365 0.0307299 0.0307299 0.0307299 0.0307299
 0.0416206 0.0832412 0.0832412 0.0832412 0.0832412
 0.0376574 0.0753148 0.0753148 0.0753148 0.0753148
 0.0131079 0.0262157 0.0262157 0.0262157 0.0262157
 0.0784477 0.156895 0.156895 0.156895 0.156895
 0.0796174 0.159235 0.159235 0.159235 0.159235
 0.112826 0.225652 0.225652 0.225652 0.225652
 0.0713243 0.142649 0.142649 0.142649 0.142649
 0.143228 0.286455 0.286455 0.286455 0.286455
 0.0964811 0.192962 0.192962 0.192962 0.192962
 0.171095 0.34219 0.34219 0.34219 0.34219
 0.384827 0.769654 0.769654 0.769654 0.769654
 0.367334 0.734669 0.734669 0.734669 0.734669
 0.311214 0.622428 0.622428 0.622428 0.622428
 0.521153 1.04231 1.04231 1.04231 1.04231
 0.201715 0.40343 0.40343 0.40343 0.40343
 0.157469 0.314938 0.314938 0.314938 0.314938
 0.140932 0.281865 0.281865 0.281865 0.281865
 0.0822412 0.164482 0.164482 0.164482 0.164482
 0.103769 0.207539 0.207539 0.207539 0.207539
 0.110824 0.221648 0.221648 0.221648 0.221648
 0.0790115 0.158023 0.158023 0.158023 0.158023
 0.0675109 0.135022 0.135022 0.135022 0.135022
YTP_r0W_actual
 500731 618482 313644 111368 54219.5
YTP_p0W_proyectada
 517193 686625 300935 119146 52597.4
 517193 444433 127538 52729.9 20489
CTP_r0_actual
 68593.2 38898.2 11835.6 3513.17 1501.92
CTP_p0_proyectada
 68593.2 39348.2 12502.5 3804.15 1492.13
 68593.2 25468.9 5298.63 1683.59 581.249
Wmedp
 7.54 17.45 24.07 31.32 35.25
Frms_r0
 0.5025 1.005 1.005 1.005 1.005
Zrms_r0
 1.5025 2.005 2.005 2.005 2.005
nmprior
 7.29 8.9 8.7 0
nm_flota  nm_reclas  nm_pelaces    nm_pelaL
inf 4.08272 7.74713 11.6673
cv_recla  cv_pelaces  cv_mph
1.01934 1.08199 1.86831
 ------------------------------------------------
Talla a la edad & desviaci?n 
 8 13.2811 15.8009 17.003 17.5766
 0.8 1.32811 1.58009 1.7003 1.75766
