years
 1991 1992 1993 1994 1995 1996 1997 1998 1999 2000 2001 2002 2003 2004 2005 2006 2007 2008 2009 2010 2011 2012 2013 2014 2015 2016 2017 2018 2019 2020 2021 2022 2023
reclasobs
 0 0 0 0 0 0 0 0 0 252601 567819 844713 477998 351125 339783 2.1784e+06 2.13404e+06 4.81314e+06 1.55562e+06 2.62356e+06 3.21686e+06 3.843e+06 1.13348e+06 3.07943e+06 1.97215e+06 2.03268e+06 2.025e+06 2.42433e+06 2.27542e+06 1.05018e+06 2.36338e+06 3.18982e+06 1.53035e+06
reclaspred
 4.38112e+06 2.43596e+06 1.18283e+06 1.03654e+06 1.13603e+06 1.82147e+06 1.15115e+06 854878 515208 283452 501191 828103 673007 221088 384659 1.60908e+06 2.2958e+06 2.61173e+06 2.48064e+06 2.41759e+06 4.56911e+06 2.97508e+06 1.93472e+06 2.40984e+06 2.07874e+06 1.88706e+06 2.6208e+06 2.63366e+06 2.4852e+06 1.76023e+06 1.75079e+06 1.97426e+06 1.4613e+06
pelacesobs
 0 0 0 0 0 0 0 0 0 0 0 0 0 0 0 552880 188675 0 991730 2.46772e+06 1.41603e+06 1.21717e+06 2.29649e+06 1.80582e+06 0 1.4828e+06 1.56532e+06 1.57751e+06 1.42118e+06 867257 1.10002e+06 1.06204e+06 0
pelacespred
 735220 427134 203997 145048 180514 290665 157374 155634 84284.7 38555 86422 114393 98298.4 23408.9 60840.7 236519 339006 413080 410538 375853 686123 504003 316779 435749 360843 320295 530500 507229 408356 324485 285981 316095 241866
mphobs
 0 0 0 0 0 0 0 0 0 0 0 0 498337 0 5186 125008 0 168611 109162 213762 579715 649985 157893 87575 83554 210694 70296 0 107559 103333 445601 22526 28222
mphpred
 1.54563e+06 1.0353e+06 487476 269606 301604 374921 517387 236643 205620 99426.3 54257.1 221989 220635 110311 24455.5 120940 717025 599803 648964 621105 897546 1.03654e+06 606288 404158 704181 507770 469789 799121 853467 571205 411443 536312 312397
desembarqueobs
 494567 514787 250237 358949 120608 361735 552515 73892 212993 205616 52469 317467 293654 387597 252695 516296 358380 742168 942051 627588 828172 859565 418607 520667 417249 300574 415391 372974 316634 284311 391294 218835 356480
desembarquepred
 494566 514111 250547 358971 120612 361732 552524 73898.3 213077 205674 52471.4 317549 293732 387838 252644 516255 358549 742163 941383 627188 828242 859674 418648 520768 417302 300538 415347 372980 316617 284190 391239 218902 356580
Reclutas
 158492 92636 86983.8 131046 101852 191068 72115.7 27246 25697.6 40212.1 91330 108744 76864.4 46665.1 72065.3 418608 69308.2 318984 386368 333788 364478 293723 63954.7 213945 168587 85938.4 261789 176968 67402.6 105430 139170 45427 144508
log_desv_Rt
 0.313187 -0.223838 -0.286794 0.123035 -0.129 0.500113 -0.474244 -1.44761 -1.50612 -1.05835 -0.238037 -0.0635229 -0.410473 -0.90952 -0.474943 1.28442 -0.513952 1.01263 1.20428 1.05799 1.14595 0.930121 -0.59434 0.613202 0.374934 -0.298885 0.815022 0.423455 -0.541833 -0.0944697 0.183177 -0.936409 0.220822
SSB
 1.54563e+06 1.0353e+06 487476 269606 301604 374921 517387 236643 205620 99426.3 54257.1 221989 208716 106534 23486.6 117286 717025 599803 671590 640080 948090 1.15989e+06 713577 452221 734982 565336 488430 799121 887353 556094 461650 615692 331289
BT
 2.27091e+06 1.58059e+06 756294 758853 621684 1.30896e+06 899646 539622 460413 324534 385243 630717 580438 480019 515292 1.40574e+06 1.17453e+06 2.07638e+06 2.31299e+06 1.71554e+06 2.96632e+06 2.23413e+06 1.23058e+06 2.10657e+06 1.39554e+06 1.21642e+06 2.40742e+06 1.91994e+06 1.29436e+06 1.24791e+06 1.24921e+06 1.02515e+06 1.14876e+06
Ftot
 0.258928 0.480113 0.473888 0.677499 0.227482 0.389468 0.99681 0.189103 0.825965 1.29672 0.185371 0.747686 0.851225 2.484 1.02136 0.534197 0.353252 0.549342 0.713532 0.50466 0.369621 0.606358 0.481234 0.404538 0.427002 0.342399 0.297084 0.288059 0.297868 0.34057 0.439229 0.254824 0.46786
BD_Bspro_t
 0.959418 0.727949 0.494323 0.38916 0.388374 0.491234 0.496738 0.279497 0.320044 0.220966 0.171385 0.535482 0.384662 0.209103 0.0584585 0.234256 0.521827 0.452747 0.435703 0.390132 0.428562 0.467228 0.385423 0.329912 0.475059 0.463689 0.482818 0.620838 0.628421 0.527353 0.51239 0.543461 0.503792
BD_Bspro
 1.85148 1.24017 0.583939 0.322957 0.361286 0.449112 0.61977 0.283471 0.246309 0.119101 0.0649936 0.265917 0.250017 0.127615 0.0281342 0.140495 0.858912 0.718494 0.804486 0.766741 1.1357 1.38942 0.854782 0.541707 0.880422 0.677206 0.585082 0.957254 1.06295 0.666136 0.553003 0.737527 0.396845
BD_Bo
 1.48295 0.993313 0.467707 0.258672 0.289373 0.359716 0.496405 0.227046 0.197282 0.0953941 0.0520567 0.212987 0.200251 0.102213 0.0225341 0.112529 0.687946 0.575478 0.644354 0.614122 0.909641 1.11285 0.684638 0.433881 0.705175 0.542409 0.468622 0.766713 0.851367 0.533542 0.442928 0.590723 0.317854
BD_Brms
 8.79 5.88776 2.77228 1.53325 1.71522 2.13218 2.94239 1.34579 1.16937 0.565438 0.30856 1.26245 1.18697 0.605859 0.133568 0.667005 4.07773 3.41109 3.81934 3.64014 5.3918 6.59633 4.05812 2.57178 4.17985 3.21507 2.77771 4.54461 5.04639 3.16251 2.62541 3.50145 1.88404
Sel_flota
 0.770577 1 1 1 1
 0.770577 1 1 1 1
 0.770577 1 1 1 1
 0.770577 1 1 1 1
 0.770577 1 1 1 1
 0.770577 1 1 1 1
 0.770577 1 1 1 1
 0.770577 1 1 1 1
 0.770577 1 1 1 1
 0.770577 1 1 1 1
 0.770577 1 1 1 1
 0.770577 1 1 1 1
 0.770577 1 1 1 1
 0.770577 1 1 1 1
 0.770577 1 1 1 1
 0.770577 1 1 1 1
 0.770577 1 1 1 1
 0.770577 1 1 1 1
 0.770577 1 1 1 1
 0.770577 1 1 1 1
 0.770577 1 1 1 1
 0.770577 1 1 1 1
 0.770577 1 1 1 1
 0.770577 1 1 1 1
 0.770577 1 1 1 1
 0.770577 1 1 1 1
 0.770577 1 1 1 1
 0.770577 1 1 1 1
 0.770577 1 1 1 1
 0.770577 1 1 1 1
 0.770577 1 1 1 1
 0.770577 1 1 1 1
 0.770577 1 1 1 1
Sel_reclas
 0.5 1 1 1 1
 0.5 1 1 1 1
 0.5 1 1 1 1
 0.5 1 1 1 1
 0.5 1 1 1 1
 0.5 1 1 1 1
 0.5 1 1 1 1
 0.5 1 1 1 1
 0.5 1 1 1 1
 0.5 1 1 1 1
 0.5 1 1 1 1
 0.5 1 1 1 1
 0.5 1 1 1 1
 0.5 1 1 1 1
 0.5 1 1 1 1
 0.5 1 1 1 1
 0.5 1 1 1 1
 0.5 1 1 1 1
 0.5 1 1 1 1
 0.5 1 1 1 1
 0.5 1 1 1 1
 0.5 1 1 1 1
 0.5 1 1 1 1
 0.5 1 1 1 1
 0.5 1 1 1 1
 0.5 1 1 1 1
 0.5 1 1 1 1
 0.5 1 1 1 1
 0.5 1 1 1 1
 0.5 1 1 1 1
 0.5 1 1 1 1
 0.5 1 1 1 1
 0.5 1 1 1 1
Sel_pelaces
 0.5 1 1 1 1
 0.5 1 1 1 1
 0.5 1 1 1 1
 0.5 1 1 1 1
 0.5 1 1 1 1
 0.5 1 1 1 1
 0.5 1 1 1 1
 0.5 1 1 1 1
 0.5 1 1 1 1
 0.5 1 1 1 1
 0.5 1 1 1 1
 0.5 1 1 1 1
 0.5 1 1 1 1
 0.5 1 1 1 1
 0.5 1 1 1 1
 0.5 1 1 1 1
 0.5 1 1 1 1
 0.5 1 1 1 1
 0.5 1 1 1 1
 0.5 1 1 1 1
 0.5 1 1 1 1
 0.5 1 1 1 1
 0.5 1 1 1 1
 0.5 1 1 1 1
 0.5 1 1 1 1
 0.5 1 1 1 1
 0.5 1 1 1 1
 0.5 1 1 1 1
 0.5 1 1 1 1
 0.5 1 1 1 1
 0.5 1 1 1 1
 0.5 1 1 1 1
 0.5 1 1 1 1
pf_obs 
 0.8446 0.082 0.0669 0.0065 0
 0.8095 0.147 0.0364 0.0071 0
 0.9664 0.0169 0.016 0.0007 0
 0.9276 0.0648 0.0075 0.0001 0
 0.7033 0.2144 0.0806 0.0017 0
 0.9318 0.0425 0.0243 0.0014 0
 0.5671 0.3108 0.0964 0.0239 0.0018
 0.0768 0.2599 0.5324 0.112 0.0189
 0.490249 0.384438 0.106611 0.0170017 0.00170017
 0.7925 0.1577 0.0466 0.003 0.0002
 0.840416 0.127587 0.0312969 0.00059994 9.999e-05
 0.8084 0.0986 0.0794 0.0134 0.0002
 0.7335 0.1905 0.0724 0.0035 0.0001
 0.4001 0.4547 0.1325 0.0127 0
 0.49795 0.308269 0.164784 0.0264974 0.00249975
 0.9179 0.0499 0.0305 0.0017 0
 0.2467 0.6533 0.0926 0.0074 0
 0.9418 0.0223 0.034 0.0019 0
 0.707729 0.231977 0.0356964 0.0245975 0
 0.517169 0.277429 0.184464 0.0207286 0.00020938
 0.811772 0.124168 0.05621 0.00726502 0.000585176
 0.764997 0.148141 0.077277 0.00933861 0.000247198
 0.163321 0.427699 0.378323 0.0303852 0.000271297
 0.753843 0.0900009 0.118128 0.0371064 0.000921714
 0.721811 0.176058 0.0630433 0.0369309 0.00215725
 0.143369 0.312575 0.442814 0.0836902 0.0175525
 0.692698 0.0596174 0.167031 0.0765114 0.00414204
 0.394062 0.376323 0.152708 0.0712218 0.00568511
 0.125707 0.32114 0.495352 0.0537591 0.00404204
 0.23352 0.215282 0.420074 0.123614 0.00750983
 0.796117 0.104755 0.0508955 0.0450114 0.00322123
 0.162477 0.292055 0.404252 0.121198 0.0200186
 0 0 0 0 0
pf_pred 
 0.544537 0.144565 0.289202 0.0216955 8.17585e-07
 0.490167 0.314331 0.0620527 0.124136 0.00931288
 0.62931 0.211943 0.0978731 0.0193213 0.0415521
 0.771772 0.160209 0.0388905 0.0179592 0.0111699
 0.698998 0.249446 0.036191 0.00878532 0.00658024
 0.785814 0.162062 0.0431964 0.00626718 0.00266085
 0.491041 0.424518 0.0638921 0.01703 0.00351983
 0.506944 0.291984 0.167712 0.0252415 0.0081185
 0.585878 0.239327 0.103512 0.0594563 0.0118266
 0.821855 0.12015 0.0335163 0.0144963 0.00998276
 0.920398 0.0700116 0.00646837 0.00180438 0.00131785
 0.742083 0.24218 0.0138408 0.00127875 0.000617244
 0.695025 0.245891 0.0554786 0.00317065 0.000434335
 0.687638 0.240565 0.0578874 0.0130607 0.00084868
 0.950844 0.0399339 0.00710253 0.00170909 0.000410665
 0.964391 0.0344311 0.000956907 0.000170193 5.07942e-05
 0.344912 0.638254 0.0162774 0.000452382 0.000104473
 0.84728 0.0638098 0.0866256 0.00220922 7.55778e-05
 0.784825 0.19068 0.0102346 0.0138941 0.000366465
 0.733588 0.223771 0.0377869 0.00202819 0.00282601
 0.734573 0.210562 0.0460834 0.00778184 0.000999675
 0.651614 0.275523 0.0578024 0.0126506 0.00241066
 0.355307 0.467924 0.139798 0.0293286 0.00764198
 0.820284 0.0779203 0.073884 0.0220738 0.00583755
 0.66883 0.285606 0.0197555 0.0187322 0.0070765
 0.529606 0.346039 0.107246 0.00741828 0.00969126
 0.837788 0.0981542 0.0471233 0.0146047 0.00232996
 0.6152 0.336601 0.0291655 0.0140022 0.00503196
 0.411591 0.402141 0.162936 0.014118 0.00921374
 0.673876 0.15853 0.11454 0.0464082 0.00664545
 0.733848 0.196322 0.0339445 0.0245253 0.0113599
 0.437422 0.445517 0.0863479 0.0149298 0.0157833
 0.811996 0.0960719 0.0728033 0.0141104 0.00501891
pobs_RECLAS
 0 0 0 0 0
 0 0 0 0 0
 0 0 0 0 0
 0 0 0 0 0
 0 0 0 0 0
 0 0 0 0 0
 0 0 0 0 0
 0 0 0 0 0
 0 0 0 0 0
 0 0 0 0 0
 0.991045 0.00858322 0.000360255 1.14367e-05 0
 0.934742 0.0480273 0.0164251 0.00080598 0
 0.827803 0.169806 0.00239088 0 0
 0.941827 0.0461693 0.0120037 0 0
 0.791401 0.0380133 0.147996 0.0225897 0
 0.846168 0.0940531 0.0597789 0 0
 0.134021 0.677848 0.182769 0.00536245 0
 0.80878 0.0450904 0.141981 0.00414843 0
 0.846168 0.0940531 0.0597789 0 0
 0.905697 0.0802665 0.012482 0.00150086 5.37128e-05
 0.989698 0.0102097 9.19794e-05 0 0
 0.975433 0.0193895 0.00387452 0.00125025 5.28907e-05
 0.303575 0.632131 0.0575291 0.00676475 0
 0.966965 0.00978017 0.0227588 0.000495775 0
 0.843318 0.132988 0.00938335 0.0141283 0.000182051
 0.564624 0.303363 0.111486 0.0197234 0.00080311
 0.826376 0.0876187 0.0782897 0.00655872 0.00115652
 0.89761 0.0855135 0.0140674 0.00269457 0.000114338
 0.34875 0.467042 0.161289 0.0227151 0.000203297
 0.318654 0.224769 0.449479 0.00709798 0
 0.937255 0.0296025 0.0250945 0.00804832 0
 0.456809 0.399803 0.12412 0.0192676 0
 0.883104 0.0372192 0.0704036 0.00927362 0
ppred_RECLAS
 0.438322 0.178278 0.356644 0.0267549 1.00825e-06
 0.387173 0.377831 0.0745883 0.149214 0.0111942
 0.527267 0.270287 0.124816 0.0246401 0.0529905
 0.691192 0.216773 0.0526214 0.0243 0.0151137
 0.602311 0.329572 0.0478162 0.0116073 0.00869393
 0.706214 0.22229 0.0592498 0.00859631 0.00364972
 0.393062 0.50624 0.0761917 0.0203084 0.00419743
 0.401162 0.354627 0.203694 0.0306569 0.00986028
 0.485124 0.297554 0.128696 0.0739217 0.0147039
 0.758776 0.162693 0.0453841 0.0196293 0.0135175
 0.882805 0.103075 0.00952309 0.00265651 0.00194022
 0.656339 0.322692 0.0184422 0.00170387 0.000822447
 0.60309 0.320015 0.0722026 0.00412644 0.000565265
 0.61952 0.293026 0.0705112 0.0159089 0.00103376
 0.92857 0.0580291 0.0103209 0.00248353 0.00059675
 0.946894 0.0513496 0.0014271 0.000253821 7.5753e-05
 0.256281 0.724607 0.0184797 0.000513587 0.000118607
 0.785153 0.0897676 0.121865 0.00310793 0.000106323
 0.707404 0.259288 0.0139171 0.0188933 0.000498322
 0.644252 0.298808 0.050458 0.0027083 0.00377365
 0.644405 0.282092 0.0617385 0.0104254 0.00133928
 0.552496 0.353911 0.0742475 0.0162498 0.0030965
 0.26588 0.532831 0.15919 0.0333968 0.00870202
 0.749498 0.108611 0.102985 0.0307682 0.00813684
 0.569859 0.37096 0.0256595 0.0243303 0.00919134
 0.424172 0.4236 0.131284 0.00908101 0.0118635
 0.771415 0.138316 0.0664048 0.0205805 0.00328332
 0.510855 0.427875 0.0370742 0.0177991 0.00639645
 0.313693 0.469049 0.190045 0.0164669 0.0107467
 0.574805 0.206689 0.149335 0.0605064 0.00866424
 0.644055 0.262556 0.0453966 0.0327996 0.0151924
 0.336633 0.525334 0.101818 0.0176045 0.018611
 0.739379 0.133179 0.100923 0.0195605 0.00695746
pobs_PELACES
 0 0 0 0 0
 0 0 0 0 0
 0 0 0 0 0
 0 0 0 0 0
 0 0 0 0 0
 0 0 0 0 0
 0 0 0 0 0
 0 0 0 0 0
 0 0 0 0 0
 0 0 0 0 0
 0 0 0 0 0
 0 0 0 0 0
 0 0 0 0 0
 0 0 0 0 0
 0 0 0 0 0
 0 0 0 0 0
 0.505614 0.472636 0.0217494 0 0
 0 0 0 0 0
 0.443492 0.261883 0.143347 0.151278 0
 0.227955 0.32914 0.350689 0.0885471 0.00366901
 0.970185 0.0296113 0.000203453 0 0
 0.997202 0.00247181 0.000326279 0 0
 0.445219 0.490057 0.0546422 0.010081 0
 0.90214 0.0892962 0.00764917 0.000914606 0
 0 0 0 0 0
 0.581667 0.319106 0.0959925 0.00289975 0.000334073
 0.762889 0.0836404 0.116647 0.0363945 0.000428098
 0.88444 0.0763242 0.0277011 0.0115352 0
 0.521256 0.241999 0.230069 0.00667565 0
 0.616807 0.101726 0.260614 0.0208532 0
 0.833518 0.0704572 0.0857862 0.0102388 0
 0.697417 0.212968 0.0787535 0.0105354 0.000325836
 0 0 0 0 0
ppred_PELACES
 0.443154 0.176744 0.353576 0.0265248 9.99573e-07
 0.395832 0.372492 0.0735344 0.147106 0.0110361
 0.5362 0.26518 0.122457 0.0241745 0.0519892
 0.702031 0.209164 0.0507743 0.023447 0.0145832
 0.606429 0.326159 0.0473211 0.0114871 0.00860391
 0.712294 0.21769 0.0580236 0.0084184 0.00357418
 0.411204 0.491108 0.0739143 0.0197013 0.00407196
 0.404607 0.352587 0.202522 0.0304806 0.00980357
 0.500753 0.288522 0.12479 0.0716778 0.0142576
 0.776286 0.150883 0.0420897 0.0182044 0.0125363
 0.88425 0.101805 0.00940574 0.00262378 0.00191631
 0.668992 0.310812 0.0177632 0.00164114 0.000792166
 0.61841 0.307664 0.0694158 0.00396717 0.000543448
 0.66275 0.259732 0.0624997 0.0141013 0.0009163
 0.933532 0.053998 0.00960394 0.00231101 0.000555296
 0.948891 0.0494183 0.00137343 0.000244274 7.29039e-05
 0.261411 0.719609 0.0183523 0.000510044 0.000117789
 0.792086 0.086871 0.117932 0.00300764 0.000102892
 0.718459 0.249491 0.0133913 0.0181795 0.000479494
 0.65296 0.291494 0.0492229 0.00264201 0.00368129
 0.650791 0.277026 0.0606297 0.0102382 0.00131522
 0.563817 0.344957 0.0723692 0.0158387 0.00301817
 0.273052 0.527626 0.157635 0.0330705 0.00861701
 0.755205 0.106137 0.100639 0.0300673 0.00795148
 0.577765 0.364142 0.0251879 0.0238832 0.00902241
 0.430515 0.418933 0.129838 0.00898097 0.0117328
 0.775357 0.135931 0.0652597 0.0202256 0.0032267
 0.516303 0.423109 0.0366613 0.0176009 0.00632521
 0.318568 0.465717 0.188695 0.0163499 0.0106704
 0.581094 0.203632 0.147126 0.0596114 0.00853608
 0.651642 0.25696 0.0444291 0.0321005 0.0148686
 0.340954 0.521912 0.101154 0.0174898 0.0184897
 0.746147 0.129721 0.0983027 0.0190525 0.0067768
pobs_pel_tallas
 0 0 0 0 0 0 0 0 0 0 0 0 0 0 0 0 0 0 0 0 0 0 0 0 0 0
 0 0 0 0 0 0 0 0 0 0 0 0 0 0 0 0 0 0 0 0 0 0 0 0 0 0
 0 0 0 0 0 0 0 0 0 0 0 0 0 0 0 0 0 0 0 0 0 0 0 0 0 0
 0 0 0 0 0 0 0 0 0 0 0 0 0 0 0 0 0 0 0 0 0 0 0 0 0 0
 0 0 0 0 0 0 0 0 0 0 0 0 0 0 0 0 0 0 0 0 0 0 0 0 0 0
 0 0 0 0 0 0 0 0 0 0 0 0 0 0 0 0 0 0 0 0 0 0 0 0 0 0
 0 0 0 0 0 0 0 0 0 0 0 0 0 0 0 0 0 0 0 0 0 0 0 0 0 0
 0 0 0 0 0 0 0 0 0 0 0 0 0 0 0 0 0 0 0 0 0 0 0 0 0 0
 0 0 0 0 0 0 0 0 0 0 0 0 0 0 0 0 0 0 0 0 0 0 0 0 0 0
 0 0 0 0 0 0 0 0 0 0 0 0 0 0 0 0 0 0 0 0 0 0 0 0 0 0
 0 0 0 0 0 0 0 0 0 0 0 0 0 0 0 0 0 0 0 0 0 0 0 0 0 0
 0 0 0 0 0 0 0 0 0 0 0 0 0 0 0 0 0 0 0 0 0 0 0 0 0 0
 0.00862536 0 0 0.000197151 0.00414017 0.0128641 0.00837892 0.0270097 0.101434 0.158115 0.152841 0.127902 0.109271 0.109419 0.0830992 0.0579132 0.0238553 0.00714673 0.00463305 0.00128148 0.00103504 0.000492878 0.000147863 0.000147863 4.92878e-05 0
 0 0 0 0 0 0 0 0 0 0 0 0 0 0 0 0 0 0 0 0 0 0 0 0 0 0
 0 0 0 0 0 0 0 0.0054083 0.00873648 0.0413646 0.0450493 0.0745869 0.0622846 0.0627006 0.0613931 0.0827291 0.12552 0.122667 0.0946155 0.0697135 0.0546179 0.0294188 0.0215738 0.0213955 0.0102223 0.00600262
 0 0 0 0 0.00359764 0.0251062 0.0480494 0.140153 0.205849 0.193036 0.1447 0.116669 0.0760912 0.0342217 0.00950174 0.001854 0.000860785 0 0 0 0.000165536 0 0.000143464 0 0 0
 0 0 0 0 0 0 0 0.000145254 0.000435761 0.0275982 0.070085 0.0708112 0.156366 0.174668 0.174014 0.160142 0.0824315 0.0480064 0.0283245 0.00493863 0.00203355 0 0 0 0 0
 0 0 0 0 0 0 0 0 0 0 0 0 0 0 0 0 0 0 0 0 0 0 0 0 0 0
 0 0 1.00437e-05 0.000401748 0.00122533 0.00171747 0.00176769 0.0269171 0.070346 0.194647 0.189555 0.159765 0.064822 0.0314167 0.0384472 0.0292271 0.0345202 0.0313363 0.0194345 0.0106764 0.0143323 0.0359363 0.0279516 0.0138201 0.00172751 0
 0 0.0021121 0.0136068 0.0755702 0.200478 0.177729 0.0527432 0.0373336 0.0318909 0.0142505 0.0149659 0.0166563 0.0217959 0.0798694 0.0677717 0.0528807 0.04013 0.0224614 0.0357745 0.0225083 0.00881397 0.00855152 0.00135912 0.000746735 0 0
 0 0 0 0 5.4009e-05 0.00500934 0.000945158 0.0243581 0.138947 0.33067 0.221406 0.137944 0.0707744 0.0437923 0.0131692 0.00525238 0.0047753 0.00276346 9.45158e-05 9.00151e-06 2.25038e-05 9.00151e-06 4.50075e-06 0 0 0
 0.000866109 0.00284123 0.00948549 0.0512746 0.133035 0.25785 0.225252 0.132002 0.0553304 0.0519788 0.0540692 0.017754 0.00435017 0.00159236 0.00146478 0.000404838 0.000125132 0.000115318 0.000107957 0.000100596 0 0 0 0 0 0
 0 0 0 0 0.00144013 0.00171154 0.00461396 0.0210425 0.0478622 0.0707936 0.0888783 0.103762 0.0637923 0.0337046 0.0602308 0.124433 0.169614 0.0934646 0.0462172 0.0250306 0.0313229 0.00938855 0.002487 0.000210481 0 0
 0 0.00764035 0.051015 0.0998891 0.058973 0.0496711 0.0374665 0.0718981 0.12319 0.153886 0.159021 0.0857701 0.0377988 0.023471 0.0147837 0.00900784 0.00315554 0.000888139 0.00291439 0.00214683 0.00393193 0.00274676 0.000635225 9.99891e-05 0 0
 0 0 0 0 0 0 0 0 0 0 0 0 0 0 0 0 0 0 0 0 0 0 0 0 0 0
 0 0 0 0 0 0 0 0 0 0 0 0 0 0 0 0 0 0 0 0 0 0 0 0 0 0
 0 0 0 0 0 0 0 0 0 0 0 0 0 0 0 0 0 0 0 0 0 0 0 0 0 0
 0 0 0 0 0 0 0 0 0 0 0 0 0 0 0 0 0 0 0 0 0 0 0 0 0 0
 0 0 0 0 0 0 0 0 0 0 0 0 0 0 0 0 0 0 0 0 0 0 0 0 0 0
 0 0 0 0 0 0 0 0 0 0 0 0 0 0 0 0 0 0 0 0 0 0 0 0 0 0
 0 0 0 0 0 0 0 0 0 0 0 0 0 0 0 0 0 0 0 0 0 0 0 0 0 0
 0 0 0 0 0 0 0 0 0 0 0 0 0 0 0 0 0 0 0 0 0 0 0 0 0 0
 0 0 0 0 0 0 0 0 0 0 0 0 0 0 0 0 0 0 0 0 0 0 0 0 0 0
ppred_pel_tallas
 1.12909e-16 3.65021e-05 0.000354813 0.00235786 0.0107185 0.0333493 0.0710549 0.10371 0.103728 0.0711409 0.0336395 0.0115633 0.00450308 0.00511936 0.00932362 0.0159764 0.0244524 0.0337437 0.0427336 0.0507293 0.0575547 0.0630516 0.0665233 0.0667879 0.0629019 0.0549456
 1.18838e-16 3.26042e-05 0.000316925 0.00210608 0.00957395 0.0297883 0.0634685 0.0926416 0.0926776 0.0636444 0.0303791 0.0112815 0.00639701 0.00970042 0.0179042 0.0296883 0.0431164 0.0550192 0.0622477 0.0635113 0.0601945 0.0553688 0.0517656 0.050283 0.0499419 0.0489511
 1.14825e-16 4.41661e-05 0.00042931 0.00285292 0.012969 0.0403514 0.0859739 0.125487 0.125513 0.0860996 0.0407738 0.0141909 0.00592755 0.00716567 0.0129102 0.0214654 0.031374 0.0404299 0.0464172 0.048352 0.047033 0.0443698 0.0420481 0.0406058 0.0394832 0.0377335
 1.06339e-16 5.78254e-05 0.000562084 0.00373525 0.0169799 0.0528309 0.112563 0.164292 0.164313 0.112661 0.0531625 0.0179383 0.00614305 0.00582547 0.0100753 0.0166222 0.0240772 0.0305768 0.0342683 0.0343215 0.0314155 0.0272385 0.0234127 0.0206872 0.018879 0.0173615
 1.04058e-16 4.99508e-05 0.00048554 0.00322658 0.0146676 0.0456365 0.0972345 0.141923 0.141955 0.0973882 0.0461523 0.0161575 0.00696673 0.00865093 0.0155594 0.025649 0.0369564 0.0465026 0.0512839 0.0499182 0.0434628 0.0346833 0.0263837 0.0201002 0.0159117 0.0130945
 1.0318e-16 5.86708e-05 0.000570301 0.00378985 0.0172281 0.0536032 0.114208 0.166694 0.166715 0.114311 0.0539483 0.0182255 0.00629552 0.00604699 0.0104798 0.0172841 0.0250129 0.0317041 0.035388 0.0351407 0.0316015 0.0264793 0.0214692 0.0174446 0.0143969 0.0119036
 1.04924e-16 3.38704e-05 0.000329233 0.00218787 0.00994577 0.0309452 0.0659338 0.0962423 0.0962896 0.0661652 0.031722 0.0121894 0.00782022 0.012626 0.0233916 0.0386275 0.0556649 0.0700497 0.077255 0.075185 0.0654074 0.0520567 0.0393318 0.0295443 0.0228452 0.0182105
 1.10651e-16 3.3327e-05 0.00032395 0.00215276 0.00978617 0.0304486 0.0648752 0.0946945 0.0947287 0.0650426 0.0310112 0.0114144 0.0062516 0.00931071 0.0172151 0.0287056 0.0420442 0.0543247 0.0625579 0.0653001 0.0633696 0.0589966 0.0541671 0.049556 0.0447105 0.0389789
 1.13277e-16 4.12464e-05 0.00040093 0.00266432 0.0121116 0.037684 0.0802907 0.117193 0.11722 0.0804274 0.0381435 0.0134408 0.0060085 0.00772733 0.0140329 0.0233398 0.0341087 0.0439445 0.0504378 0.0525172 0.0510408 0.0480538 0.0453322 0.0433905 0.0415734 0.038875
 1.05201e-16 6.39417e-05 0.000621536 0.00413033 0.0187759 0.0584188 0.124468 0.181668 0.181682 0.124539 0.0586582 0.0194679 0.0058694 0.00442463 0.00730667 0.0120315 0.0174535 0.0222244 0.0250202 0.0252496 0.0233967 0.0206559 0.0181578 0.0163974 0.0152057 0.014113
 1.00885e-16 7.28345e-05 0.000707977 0.00470476 0.0213872 0.0665434 0.141778 0.206931 0.206941 0.141826 0.0667042 0.0218516 0.00587013 0.00325077 0.00489847 0.00797352 0.0114573 0.0143625 0.0157371 0.0151453 0.0129263 0.00996883 0.007186 0.00509634 0.00375082 0.00292795
 1.00891e-16 5.5104e-05 0.000535631 0.00355946 0.0161808 0.0503446 0.107266 0.156564 0.156594 0.107412 0.0508352 0.0175972 0.0071126 0.00828499 0.0147513 0.0242438 0.0347869 0.0434664 0.0473495 0.0450806 0.037698 0.0279601 0.0187435 0.0117462 0.00723311 0.00460049
 1.02572e-16 5.09377e-05 0.000495132 0.00329033 0.0149574 0.0465381 0.0991555 0.144726 0.144756 0.0993005 0.0470254 0.0163653 0.00682616 0.00821955 0.0147374 0.0243251 0.0351315 0.0443712 0.0492213 0.0483481 0.0426609 0.0346291 0.0267521 0.0203955 0.0156691 0.0120518
 1.0344e-16 5.45899e-05 0.000530633 0.00352625 0.0160298 0.0498749 0.106265 0.155102 0.155127 0.106387 0.0502864 0.0172192 0.00651364 0.00705876 0.0124721 0.0205832 0.0297635 0.037674 0.0419575 0.0415121 0.037115 0.0308328 0.0247225 0.0198532 0.0162234 0.0133169
 1.00617e-16 7.68938e-05 0.000747435 0.00496697 0.0225791 0.070252 0.14968 0.218463 0.218468 0.149705 0.0703375 0.022826 0.0055868 0.00210105 0.00264918 0.00426192 0.00614127 0.00774203 0.00856464 0.00837908 0.00735478 0.0059391 0.00458357 0.00353262 0.00279717 0.00226522
 1.0009e-16 7.81589e-05 0.000759732 0.00504869 0.0229506 0.0714079 0.152142 0.222057 0.222062 0.152165 0.0714859 0.0231756 0.00561311 0.00199037 0.00241094 0.00385044 0.0055118 0.00687349 0.00746277 0.0070636 0.00584432 0.00425073 0.00274982 0.00162027 0.00090853 0.000516604
 1.00785e-16 2.15322e-05 0.000209301 0.00139088 0.0063228 0.0196729 0.0419178 0.0611948 0.061264 0.042256 0.020808 0.0095994 0.00960882 0.0181266 0.0339832 0.0559724 0.0802173 0.100008 0.108519 0.102598 0.0846945 0.0613052 0.0392493 0.0226142 0.0121095 0.0063364
 1.03745e-16 6.52431e-05 0.000634186 0.00421439 0.019158 0.0596077 0.127001 0.185363 0.185372 0.127043 0.0597485 0.0195667 0.00524796 0.00291614 0.00447403 0.00748779 0.0112309 0.0150562 0.0183114 0.0206308 0.0220431 0.0227507 0.0228057 0.0220085 0.0201174 0.017146
 1.02355e-16 5.91785e-05 0.000575236 0.00382265 0.0173772 0.0540671 0.115197 0.168138 0.168162 0.115314 0.054461 0.0185145 0.00667604 0.00679959 0.011867 0.0194907 0.0279934 0.0350444 0.0383185 0.0367627 0.0312397 0.023969 0.0172224 0.0122753 0.00921672 0.00743732
 1.02383e-16 5.37835e-05 0.000522795 0.00347416 0.015793 0.0491381 0.104695 0.152811 0.152839 0.104832 0.0495993 0.0171251 0.00681833 0.00782457 0.0139252 0.0229459 0.0330707 0.0416282 0.0459225 0.0446937 0.0388481 0.0308143 0.0230724 0.0170091 0.0127601 0.00978261
 1.0307e-16 5.36048e-05 0.000521058 0.00346262 0.0157406 0.0489749 0.104347 0.152303 0.15233 0.104478 0.0494136 0.0170083 0.00664634 0.00747638 0.0132783 0.0219064 0.0316431 0.0399806 0.0443877 0.0436794 0.0386916 0.0316593 0.0248285 0.0194001 0.0154225 0.0123668
 1.04276e-16 4.64409e-05 0.000451422 0.00299986 0.0136369 0.0424298 0.0904024 0.131952 0.131985 0.090565 0.0429761 0.0152153 0.00696353 0.00911023 0.0165089 0.0272654 0.0393804 0.0497471 0.0552183 0.054328 0.0481329 0.0394347 0.0310426 0.0244492 0.0196907 0.0160678
 1.09459e-16 2.2491e-05 0.000218621 0.00145281 0.00660432 0.0205487 0.0437832 0.0639135 0.0639645 0.0440324 0.0213859 0.00902404 0.00753317 0.0135137 0.0253358 0.0420156 0.0609108 0.077409 0.0867916 0.0868473 0.0791069 0.0676273 0.0563727 0.0472906 0.0402203 0.0340747
 1.07293e-16 6.22052e-05 0.000604657 0.00401816 0.018266 0.0568323 0.121088 0.176733 0.176743 0.121138 0.0570031 0.0187612 0.00526836 0.00335718 0.00535852 0.00894102 0.0132989 0.0176201 0.0211072 0.0233841 0.0246503 0.0253883 0.0258804 0.0259674 0.0252187 0.0233099
 1.04742e-16 4.75898e-05 0.00046259 0.00307407 0.0139743 0.0434794 0.0926389 0.135216 0.135252 0.0928102 0.0440545 0.015635 0.00724093 0.0095537 0.0172985 0.0284852 0.0409457 0.0513247 0.0562481 0.0541929 0.0464214 0.0361598 0.0266929 0.0198383 0.0156772 0.0132763
 1.06741e-16 3.54611e-05 0.000344694 0.00229062 0.0104128 0.0323984 0.0690297 0.100759 0.1008 0.0692276 0.0330632 0.0123342 0.00711872 0.0109016 0.0201351 0.0333615 0.048357 0.0614358 0.0688335 0.0687692 0.0624311 0.0530246 0.0437104 0.0360877 0.0301152 0.0250224
 1.04493e-16 6.38651e-05 0.000620792 0.00412538 0.0187534 0.0583488 0.124319 0.18145 0.181463 0.124383 0.0585654 0.0193799 0.00570178 0.00407464 0.00666039 0.0110072 0.0160788 0.0207014 0.0237157 0.0245806 0.0236543 0.0218605 0.0200279 0.0184465 0.0169153 0.0151027
 1.04002e-16 4.25273e-05 0.000413381 0.00274706 0.0124878 0.0388543 0.0827847 0.120835 0.120876 0.0829838 0.0395227 0.0144178 0.00759014 0.0109806 0.0200964 0.0331169 0.0476118 0.0596882 0.0654115 0.0629818 0.0538211 0.0416328 0.0302109 0.0216928 0.0162567 0.0129431
 1.0901e-16 2.62401e-05 0.000255063 0.00169499 0.00770519 0.023974 0.0510807 0.0745633 0.0746083 0.0513011 0.0247144 0.00984627 0.00707853 0.0120376 0.0224919 0.0373723 0.0543678 0.0694778 0.078591 0.0797392 0.0741434 0.0651401 0.0559338 0.0480155 0.0411895 0.034652
 1.11721e-16 4.7864e-05 0.000465255 0.00309178 0.0140548 0.0437298 0.0931718 0.135991 0.136011 0.0932688 0.0440561 0.0149998 0.00547382 0.00569866 0.0100857 0.0168581 0.024894 0.032605 0.0383903 0.0415138 0.0424531 0.0423526 0.0420528 0.0415267 0.0400983 0.0371091
 1.07084e-16 5.36749e-05 0.000521739 0.00346714 0.0157611 0.0490389 0.104483 0.152502 0.152527 0.104605 0.0494457 0.0169366 0.0064189 0.00696995 0.0123138 0.0203104 0.0293476 0.0371187 0.0413234 0.0409406 0.0368443 0.0311939 0.0260919 0.0225551 0.0204006 0.0188294
 1.07936e-16 2.80841e-05 0.000272987 0.0018141 0.00824666 0.0256587 0.0546704 0.0798036 0.079854 0.0549164 0.0264849 0.0106337 0.00780822 0.0133655 0.0249149 0.0412018 0.059484 0.0750857 0.0832471 0.0817674 0.0722893 0.0591186 0.0465766 0.0369631 0.0303137 0.0254803
 1.05928e-16 6.14591e-05 0.000597405 0.00396997 0.0180469 0.0561507 0.119635 0.174614 0.174627 0.119697 0.0563585 0.0186489 0.00548735 0.0039308 0.00645367 0.0107329 0.0158318 0.0206986 0.0242854 0.0260863 0.0263673 0.0258356 0.0250446 0.0240505 0.0225447 0.0202436
pSPR Fmed_Fpbrs
0.548566   0.218708 0.218708
Fs Fmed_Fpbrs
0.34   1.005 1.005
SSBpbr Bo_Bmed_Bpbrs
1.04227e+06  519640  175839 175839
Ro
115875
SPR SPRFo_SPRFmed_SPRFpbrs
834806 457946 182579
Fref
1.005
Nvult_r0
 120003 11883 9004.97 1745.3 620.785
CTP_r0
 52373.8 5956.34 4513.71 874.825 311.167
YTP_r0
645850
Np
 117623 19946.6 4991.89 426.086 366.368
Nvult_p0
 97676.6 17260.5 4319.68 368.709 317.033
CTP_p0
 42629.9 16079.2 1372.45 1040.04 248.022
 42629.9 8651.79 2165.23 184.814 158.912
YTP_p0
 676363 535910
CBA_c0
655004
log_Ro
11.4803
likeval ReclasPelacesDesembMPH_pf_preclas_ppelaces_ptallas_desvR_qrecl_qpela
 50.7591 185.946 0.0284879 252.935 238.962 149.011 121.79 0 25.3541 4.70976e-05 0 0.0920552 0 0 0
q_reclas_q_pelaces
2.63937 1
M
1
N
 158492 33203.2 66422.9 4982.94 0.18778
 92636 47759.5 9428.31 18861.3 1415
 86983.8 23540.3 10870.6 2146 4615.14
 131046 22210.3 5391.51 2489.74 1548.52
 101852 28602.2 4149.78 1007.35 754.512
 191068 31444.5 8381.3 1216.01 516.278
 72115.7 52066.1 7836.21 2088.68 431.699
 27246 12306.8 7068.89 1063.9 342.187
 25697.6 8664.11 3747.35 2152.44 428.147
 40212.1 5002.46 1395.46 603.557 415.634
 91330 5446.36 503.189 140.367 102.519
 108744 29126.1 1664.58 153.791 74.2338
 76864.4 22484.9 5073.09 289.931 39.7166
 46665.1 14674.4 3531.13 796.701 51.7694
 72065.3 2531.69 450.279 108.351 26.035
 418608 12067.8 335.386 59.6509 17.8028
 69308.2 102033 2602.16 72.3189 16.7013
 318984 19421 26365.2 672.393 23.0027
 386368 76848.2 4124.78 5599.63 147.693
 333788 82019.8 13850.2 743.402 1035.83
 364478 83231.5 18216 3076.03 395.154
 293723 100851 21157.7 4630.56 882.386
 63954.7 67720.7 20232.4 4244.6 1105.99
 213945 16237.9 15396.8 4599.99 1216.49
 168587 57626.9 3986.09 3779.61 1427.83
 85938.4 44630.2 13832 956.771 1249.93
 261789 24283.2 11658.2 3613.18 576.43
 176968 76601.1 6637.28 3186.52 1145.14
 67402.6 52143.4 21127 1830.6 1194.69
 105430 19710.5 14241.1 5770.07 826.248
 139170 29832.9 5158.18 3726.84 1726.23
 45427 36497.1 7073.69 1223.06 1292.98
 144508 13732.2 10406.3 2016.89 717.389
pred_Ctot
 18418.7 4889.84 9782.13 733.841 0.0276544
 18659.6 11965.9 2362.21 4725.6 354.521
 17326.2 5835.24 2694.65 531.956 1144.01
 35138.1 7294.17 1770.65 817.666 508.558
 10501.1 3747.43 543.699 131.982 98.8551
 32086.8 6617.41 1763.82 255.906 108.649
 25982.6 22462.6 3380.74 901.112 186.246
 2363.34 1361.21 781.862 117.674 37.8479
 8048.95 3287.93 1422.08 816.826 162.477
 17376.1 2540.27 708.621 306.489 211.061
 7774.8 591.403 54.6398 15.242 11.1322
 31531.2 10290.3 588.097 54.3343 26.2268
 24634.1 8715.26 1966.36 112.379 15.3944
 28988.6 10141.4 2440.35 550.597 35.7776
 26423.8 1109.75 197.378 47.4953 11.4123
 92314.6 3295.86 91.5982 16.2914 4.86218
 10674.1 19752.3 503.745 14 3.23315
 72014.4 5423.5 7362.72 187.772 6.42372
 107973 26233 1408.04 1911.5 50.4168
 70154.6 21399.7 3613.64 193.96 270.257
 58441.3 16751.9 3666.31 619.109 79.5323
 71970.6 30431.4 6384.26 1397.26 266.257
 12908.1 16999.4 5078.78 1065.49 277.628
 37148.4 3528.79 3346 999.66 264.366
 30688.6 13104.8 906.463 859.508 324.699
 12871.4 8410.01 2606.48 180.291 235.533
 34497 4041.62 1940.36 601.367 95.9391
 22674.5 12406.1 1074.96 516.081 185.464
 8903.21 8698.81 3524.5 305.389 199.304
 15715.1 3697 2671.13 1082.26 154.975
 25963 6945.72 1200.93 867.687 401.904
 5202.13 5298.41 1026.91 177.555 187.706
 28469.8 3368.43 2552.59 494.731 175.971
F
 0.199524 0.258928 0.258928 0.258928 0.258928
 0.369964 0.480113 0.480113 0.480113 0.480113
 0.365167 0.473888 0.473888 0.473888 0.473888
 0.522065 0.677499 0.677499 0.677499 0.677499
 0.175292 0.227482 0.227482 0.227482 0.227482
 0.300115 0.389468 0.389468 0.389468 0.389468
 0.768119 0.99681 0.99681 0.99681 0.99681
 0.145718 0.189103 0.189103 0.189103 0.189103
 0.63647 0.825965 0.825965 0.825965 0.825965
 0.999221 1.29672 1.29672 1.29672 1.29672
 0.142843 0.185371 0.185371 0.185371 0.185371
 0.57615 0.747686 0.747686 0.747686 0.747686
 0.655935 0.851225 0.851225 0.851225 0.851225
 1.91411 2.484 2.484 2.484 2.484
 0.787035 1.02136 1.02136 1.02136 1.02136
 0.41164 0.534197 0.534197 0.534197 0.534197
 0.272208 0.353252 0.353252 0.353252 0.353252
 0.42331 0.549342 0.549342 0.549342 0.549342
 0.549831 0.713532 0.713532 0.713532 0.713532
 0.38888 0.50466 0.50466 0.50466 0.50466
 0.284821 0.369621 0.369621 0.369621 0.369621
 0.467246 0.606358 0.606358 0.606358 0.606358
 0.370828 0.481234 0.481234 0.481234 0.481234
 0.311727 0.404538 0.404538 0.404538 0.404538
 0.329038 0.427002 0.427002 0.427002 0.427002
 0.263845 0.342399 0.342399 0.342399 0.342399
 0.228926 0.297084 0.297084 0.297084 0.297084
 0.221972 0.288059 0.288059 0.288059 0.288059
 0.22953 0.297868 0.297868 0.297868 0.297868
 0.262435 0.34057 0.34057 0.34057 0.34057
 0.338459 0.439229 0.439229 0.439229 0.439229
 0.196361 0.254824 0.254824 0.254824 0.254824
 0.360522 0.46786 0.46786 0.46786 0.46786
YTP_r0W_actual
 394898 103938 108645 27399.5 10968.6
YTP_p0W_proyectada
 321429 280582 33034.8 32574.1 8742.79
 321429 150974 52117 5788.39 5601.64
CTP_r0_actual
 52373.8 5956.34 4513.71 874.825 311.167
CTP_p0_proyectada
 42629.9 16079.2 1372.45 1040.04 248.022
 42629.9 8651.79 2165.23 184.814 158.912
Wmedp
 7.54 17.45 24.07 31.32 35.25
Frms_r0
 0.77443 1.005 1.005 1.005 1.005
Zrms_r0
 1.77443 2.005 2.005 2.005 2.005
nmprior
 7.29 8.9 8.7 0
nm_flota  nm_reclas  nm_pelaces    nm_pelaL
inf 8.81287 6.36696 13.3507
cv_recla  cv_pelaces  cv_mph
0.308502 1.24481 1.27515
 ------------------------------------------------
Talla a la edad & desviaci?n 
 8 13.2811 15.8009 17.003 17.5766
 0.8 1.32811 1.58009 1.7003 1.75766
