years
 1991 1992 1993 1994 1995 1996 1997 1998 1999 2000 2001 2002 2003 2004 2005 2006 2007 2008 2009 2010 2011 2012 2013 2014 2015 2016 2017 2018 2019 2020 2021 2022 2023
reclasobs
 0 0 0 0 0 0 0 0 0 252601 567819 844713 477998 351125 339783 2.1784e+06 2.13404e+06 4.81314e+06 1.55562e+06 2.62356e+06 3.21686e+06 3.843e+06 1.13348e+06 3.07943e+06 1.97215e+06 2.03268e+06 2.025e+06 2.42433e+06 2.27542e+06 1.05018e+06 2.36338e+06 3.18982e+06 1.53035e+06
reclaspred
 5.428e+06 2.8674e+06 1.36806e+06 1.55568e+06 1.87918e+06 3.74919e+06 2.26638e+06 1.65386e+06 909721 273996 536817 1.07839e+06 699362 304822 520982 1.72386e+06 1.57488e+06 3.1862e+06 2.3211e+06 2.48233e+06 4.20632e+06 2.95694e+06 1.71598e+06 2.50624e+06 2.11496e+06 1.84025e+06 2.21056e+06 2.47689e+06 2.09989e+06 1.6039e+06 1.76201e+06 1.72461e+06 1.44212e+06
pelacesobs
 0 0 0 0 0 0 0 0 0 0 0 0 0 0 0 552880 188675 0 991730 2.46772e+06 1.41603e+06 1.21717e+06 2.29649e+06 1.80582e+06 0 1.4828e+06 1.56532e+06 1.57751e+06 1.42118e+06 867257 1.10002e+06 1.06204e+06 0
pelacespred
 3.01971e+06 1.60857e+06 721232 741071 1.12008e+06 2.27911e+06 1.172e+06 1.13699e+06 515293 100447 323475 523326 316853 104560 264204 822874 763455 1.76636e+06 1.15614e+06 1.18547e+06 2.21654e+06 1.53095e+06 875721 1.52854e+06 1.20594e+06 1.04642e+06 1.48975e+06 1.57807e+06 1.17127e+06 954981 913748 978276 765467
mphobs
 0 0 0 0 0 0 0 0 0 0 0 0 498337 0 5186 125008 0 168611 109162 213762 579715 649985 157893 87575 83554 210694 70296 0 107559 103333 445601 22526 28222
mphpred
 730961 495140 216319 126826 192371 276075 453161 188718 155735 53538.6 13290 90647.7 112279 33248.9 11349.4 48948.9 232138 147181 312188 161295 343372 320776 223660 117656 259514 207722 156750 225263 321869 180636 133648 195487 101354
desembarqueobs
 494567 514787 250237 358949 120608 361735 552515 73892 212993 205616 52469 317467 293654 387597 252695 516296 358380 742168 942051 627588 828172 859565 418607 520667 417249 300574 415391 372974 316634 284311 391294 218835 356480
desembarquepred
 494551 514462 250370 358933 120608 361710 552467 73897.7 213078 205685 52471.5 317405 293666 387491 252482 516155 358490 742008 941197 627050 828267 859382 418507 520724 417120 300543 415321 372871 316474 284069 391189 218934 356576
Reclutas
 141279 96213.2 85014.4 128154 90780.5 193248 67486.4 22893.4 22150.9 30205.2 50056.3 110734 56437.9 60532.7 53362.4 242292 47703.1 305433 224113 271808 214823 313019 47412.6 138048 144803 49173.2 122343 123826 50465.3 73245 96198 30228.3 94380.2
log_desv_Rt
 0.453802 0.0696314 -0.0541145 0.356301 0.0115086 0.767037 -0.285009 -1.36608 -1.39906 -1.08892 -0.583787 0.210192 -0.463795 -0.393752 -0.519829 0.993207 -0.63194 1.22479 0.915213 1.10816 0.872877 1.24933 -0.638047 0.430665 0.478438 -0.601587 0.309889 0.321941 -0.575649 -0.203125 0.0694735 -1.08816 0.0503953
SSB
 730961 495140 216319 126826 192371 276075 453161 188718 155735 53538.6 13290 90647.7 103760 31853.9 10768.9 46945.2 232138 147181 328507 167831 369654 373650 281849 136252 274313 239049 165327 225263 339084 174292 155715 233517 109789
BT
 1.2651e+06 949022 428484 570911 463996 1.19729e+06 813379 442741 376863 229614 191786 471176 378159 444596 373918 792461 515769 1.45211e+06 1.32304e+06 964487 1.54913e+06 1.31212e+06 636348 1.17667e+06 774173 611628 1.06381e+06 948615 599098 620203 673130 483790 627774
Ftot
 0.478421 0.890275 0.884852 0.963294 0.305156 0.429143 1.13723 0.231848 1.08422 2.49743 0.385642 1.15175 1.63026 3.28608 1.6251 1.08981 1.00982 0.911549 1.54764 0.985934 0.843885 1.17965 1.10222 0.834213 0.848631 0.755848 0.775657 0.62902 0.736764 0.787651 0.910176 0.616007 0.998422
BD_Bspro_t
 0.926309 0.561164 0.290872 0.209828 0.262438 0.386252 0.446529 0.229984 0.256123 0.129344 0.048984 0.332741 0.234433 0.0770047 0.0274826 0.108892 0.263844 0.176083 0.265165 0.145314 0.224021 0.221837 0.191135 0.119067 0.238751 0.251939 0.225792 0.313886 0.386543 0.256589 0.257828 0.300254 0.244347
BD_Bspro
 1.13059 0.765842 0.334585 0.196164 0.297543 0.427011 0.700913 0.291894 0.240878 0.0828092 0.0205558 0.140207 0.160487 0.049269 0.0166565 0.072611 0.359052 0.227648 0.508108 0.259587 0.571752 0.577931 0.435942 0.210744 0.424285 0.369742 0.255714 0.348418 0.524467 0.26958 0.240847 0.361185 0.169812
BD_Bo
 1.66799 1.12987 0.493622 0.289406 0.438974 0.629981 1.03408 0.430639 0.355375 0.122171 0.0303266 0.206851 0.236771 0.0726879 0.0245738 0.107125 0.529719 0.335856 0.749625 0.382976 0.843521 0.852638 0.643157 0.310916 0.62596 0.54549 0.377262 0.514031 0.773761 0.397719 0.355328 0.532867 0.250528
BD_Brms
 10.2323 6.93116 3.02812 1.77536 2.69288 3.86461 6.34353 2.64175 2.18004 0.749455 0.186038 1.26892 1.45247 0.445904 0.150748 0.657158 3.24956 2.06031 4.59857 2.34936 5.17457 5.2305 3.94544 1.90731 3.83995 3.34631 2.31431 3.15332 4.74663 2.43981 2.17976 3.26887 1.53686
Sel_flota
 0.796833 1 1 1 1
 0.796833 1 1 1 1
 0.796833 1 1 1 1
 0.796833 1 1 1 1
 0.796833 1 1 1 1
 0.796833 1 1 1 1
 0.796833 1 1 1 1
 0.796833 1 1 1 1
 0.796833 1 1 1 1
 0.796833 1 1 1 1
 0.796833 1 1 1 1
 0.796833 1 1 1 1
 0.796833 1 1 1 1
 0.796833 1 1 1 1
 0.796833 1 1 1 1
 0.796833 1 1 1 1
 0.796833 1 1 1 1
 0.796833 1 1 1 1
 0.796833 1 1 1 1
 0.796833 1 1 1 1
 0.796833 1 1 1 1
 0.796833 1 1 1 1
 0.796833 1 1 1 1
 0.796833 1 1 1 1
 0.796833 1 1 1 1
 0.796833 1 1 1 1
 0.796833 1 1 1 1
 0.796833 1 1 1 1
 0.796833 1 1 1 1
 0.796833 1 1 1 1
 0.796833 1 1 1 1
 0.796833 1 1 1 1
 0.796833 1 1 1 1
Sel_reclas
 0.452852 0.806401 0.954468 0.99061 0.99812
 0.452852 0.806401 0.954468 0.99061 0.99812
 0.452852 0.806401 0.954468 0.99061 0.99812
 0.452852 0.806401 0.954468 0.99061 0.99812
 0.452852 0.806401 0.954468 0.99061 0.99812
 0.452852 0.806401 0.954468 0.99061 0.99812
 0.452852 0.806401 0.954468 0.99061 0.99812
 0.452852 0.806401 0.954468 0.99061 0.99812
 0.452852 0.806401 0.954468 0.99061 0.99812
 0.452852 0.806401 0.954468 0.99061 0.99812
 0.452852 0.806401 0.954468 0.99061 0.99812
 0.452852 0.806401 0.954468 0.99061 0.99812
 0.452852 0.806401 0.954468 0.99061 0.99812
 0.452852 0.806401 0.954468 0.99061 0.99812
 0.452852 0.806401 0.954468 0.99061 0.99812
 0.452852 0.806401 0.954468 0.99061 0.99812
 0.452852 0.806401 0.954468 0.99061 0.99812
 0.452852 0.806401 0.954468 0.99061 0.99812
 0.452852 0.806401 0.954468 0.99061 0.99812
 0.452852 0.806401 0.954468 0.99061 0.99812
 0.452852 0.806401 0.954468 0.99061 0.99812
 0.452852 0.806401 0.954468 0.99061 0.99812
 0.452852 0.806401 0.954468 0.99061 0.99812
 0.452852 0.806401 0.954468 0.99061 0.99812
 0.452852 0.806401 0.954468 0.99061 0.99812
 0.452852 0.806401 0.954468 0.99061 0.99812
 0.452852 0.806401 0.954468 0.99061 0.99812
 0.452852 0.806401 0.954468 0.99061 0.99812
 0.452852 0.806401 0.954468 0.99061 0.99812
 0.452852 0.806401 0.954468 0.99061 0.99812
 0.452852 0.806401 0.954468 0.99061 0.99812
 0.452852 0.806401 0.954468 0.99061 0.99812
 0.452852 0.806401 0.954468 0.99061 0.99812
Sel_pelaces
 0.5 1 1 1 1
 0.5 1 1 1 1
 0.5 1 1 1 1
 0.5 1 1 1 1
 0.5 1 1 1 1
 0.5 1 1 1 1
 0.5 1 1 1 1
 0.5 1 1 1 1
 0.5 1 1 1 1
 0.5 1 1 1 1
 0.5 1 1 1 1
 0.5 1 1 1 1
 0.5 1 1 1 1
 0.5 1 1 1 1
 0.5 1 1 1 1
 0.5 1 1 1 1
 0.5 1 1 1 1
 0.5 1 1 1 1
 0.5 1 1 1 1
 0.5 1 1 1 1
 0.5 1 1 1 1
 0.5 1 1 1 1
 0.5 1 1 1 1
 0.5 1 1 1 1
 0.5 1 1 1 1
 0.5 1 1 1 1
 0.5 1 1 1 1
 0.5 1 1 1 1
 0.5 1 1 1 1
 0.5 1 1 1 1
 0.5 1 1 1 1
 0.5 1 1 1 1
 0.5 1 1 1 1
pf_obs 
 0.8446 0.082 0.0669 0.0065 0
 0.8095 0.147 0.0364 0.0071 0
 0.9664 0.0169 0.016 0.0007 0
 0.9276 0.0648 0.0075 0.0001 0
 0.7033 0.2144 0.0806 0.0017 0
 0.9318 0.0425 0.0243 0.0014 0
 0.5671 0.3108 0.0964 0.0239 0.0018
 0.0768 0.2599 0.5324 0.112 0.0189
 0.490249 0.384438 0.106611 0.0170017 0.00170017
 0.7925 0.1577 0.0466 0.003 0.0002
 0.840416 0.127587 0.0312969 0.00059994 9.999e-05
 0.8084 0.0986 0.0794 0.0134 0.0002
 0.7335 0.1905 0.0724 0.0035 0.0001
 0.4001 0.4547 0.1325 0.0127 0
 0.49795 0.308269 0.164784 0.0264974 0.00249975
 0.9179 0.0499 0.0305 0.0017 0
 0.2467 0.6533 0.0926 0.0074 0
 0.9418 0.0223 0.034 0.0019 0
 0.707729 0.231977 0.0356964 0.0245975 0
 0.517169 0.277429 0.184464 0.0207286 0.00020938
 0.811772 0.124168 0.05621 0.00726502 0.000585176
 0.764997 0.148141 0.077277 0.00933861 0.000247198
 0.163321 0.427699 0.378323 0.0303852 0.000271297
 0.753843 0.0900009 0.118128 0.0371064 0.000921714
 0.721811 0.176058 0.0630433 0.0369309 0.00215725
 0.143369 0.312575 0.442814 0.0836902 0.0175525
 0.692698 0.0596174 0.167031 0.0765114 0.00414204
 0.394062 0.376323 0.152708 0.0712218 0.00568511
 0.125707 0.32114 0.495352 0.0537591 0.00404204
 0.23352 0.215282 0.420074 0.123614 0.00750983
 0.796117 0.104755 0.0508955 0.0450114 0.00322123
 0.162477 0.292055 0.404252 0.121198 0.0200186
 0 0 0 0 0
pf_pred 
 0.674872 0.146496 0.163851 0.0147809 8.31865e-07
 0.628538 0.272813 0.0444491 0.0497149 0.00448499
 0.745119 0.179587 0.0552979 0.00900963 0.0109861
 0.850692 0.120133 0.0205564 0.00632967 0.00228881
 0.751022 0.221665 0.0219762 0.00376043 0.0015766
 0.829021 0.136297 0.030878 0.0030613 0.000743451
 0.499256 0.433243 0.0538082 0.0121902 0.00150207
 0.523548 0.282511 0.167798 0.0208402 0.00530312
 0.614711 0.225976 0.0944643 0.0561073 0.00874167
 0.848584 0.105711 0.0268068 0.011206 0.00769282
 0.961028 0.0354919 0.00242984 0.000616175 0.000434404
 0.872544 0.123647 0.00346915 0.000237504 0.000102689
 0.735981 0.240069 0.0232349 0.000651899 6.39267e-05
 0.890207 0.0894326 0.0185135 0.00179182 5.52028e-05
 0.964818 0.0332244 0.00159452 0.000330082 3.2931e-05
 0.974278 0.02514 0.000549864 2.63892e-05 6.00787e-06
 0.517469 0.473907 0.00842855 0.00018435 1.08616e-05
 0.952543 0.0287572 0.0183654 0.000326634 7.56509e-06
 0.778144 0.214305 0.00457592 0.00292236 5.31787e-05
 0.891013 0.0921034 0.0163089 0.000348234 0.000226443
 0.786325 0.196828 0.0142373 0.00252102 8.88331e-05
 0.848871 0.126569 0.0226237 0.00163645 0.00029998
 0.447264 0.493034 0.0500001 0.00893733 0.000764974
 0.897135 0.0555957 0.0421639 0.00427597 0.000829733
 0.812859 0.17296 0.00766431 0.00581262 0.000703862
 0.567881 0.371143 0.0563551 0.00249724 0.00212325
 0.870551 0.0835098 0.0394569 0.00599121 0.000491213
 0.793974 0.186078 0.012869 0.00608036 0.000998949
 0.563858 0.366233 0.0631399 0.00436669 0.00240215
 0.793418 0.132368 0.0623187 0.010744 0.00115179
 0.827388 0.145369 0.0174555 0.00821804 0.00156871
 0.56214 0.38155 0.0474226 0.00569434 0.00319264
 0.882861 0.0744211 0.0372242 0.00462657 0.000867018
pobs_RECLAS
 0 0 0 0 0
 0 0 0 0 0
 0 0 0 0 0
 0 0 0 0 0
 0 0 0 0 0
 0 0 0 0 0
 0 0 0 0 0
 0 0 0 0 0
 0 0 0 0 0
 0 0 0 0 0
 0.991045 0.00858322 0.000360255 1.14367e-05 0
 0.934742 0.0480273 0.0164251 0.00080598 0
 0.827803 0.169806 0.00239088 0 0
 0.941827 0.0461693 0.0120037 0 0
 0.791401 0.0380133 0.147996 0.0225897 0
 0.846168 0.0940531 0.0597789 0 0
 0.134021 0.677848 0.182769 0.00536245 0
 0.80878 0.0450904 0.141981 0.00414843 0
 0.846168 0.0940531 0.0597789 0 0
 0.905697 0.0802665 0.012482 0.00150086 5.37128e-05
 0.989698 0.0102097 9.19794e-05 0 0
 0.975433 0.0193895 0.00387452 0.00125025 5.28907e-05
 0.303575 0.632131 0.0575291 0.00676475 0
 0.966965 0.00978017 0.0227588 0.000495775 0
 0.843318 0.132988 0.00938335 0.0141283 0.000182051
 0.564624 0.303363 0.111486 0.0197234 0.00080311
 0.826376 0.0876187 0.0782897 0.00655872 0.00115652
 0.89761 0.0855135 0.0140674 0.00269457 0.000114338
 0.34875 0.467042 0.161289 0.0227151 0.000203297
 0.318654 0.224769 0.449479 0.00709798 0
 0.937255 0.0296025 0.0250945 0.00804832 0
 0.456809 0.399803 0.12412 0.0192676 0
 0.883104 0.0372192 0.0704036 0.00927362 0
ppred_RECLAS
 0.572888 0.174489 0.230995 0.0216269 1.22639e-06
 0.536903 0.322255 0.0621453 0.0721396 0.00655735
 0.666381 0.222146 0.0809622 0.0136906 0.0168204
 0.799158 0.15559 0.0315121 0.0100705 0.0036691
 0.676916 0.28168 0.0330539 0.00587015 0.00247977
 0.7687 0.177583 0.0476184 0.00489974 0.00119895
 0.415312 0.49305 0.07248 0.0170421 0.00211583
 0.419343 0.319593 0.224677 0.0289612 0.0074255
 0.517735 0.261012 0.129145 0.0796104 0.0124976
 0.807176 0.126821 0.0380651 0.0165148 0.0114232
 0.945123 0.0491061 0.00397919 0.00104728 0.00074393
 0.83276 0.161336 0.00535773 0.00038069 0.000165845
 0.672744 0.292658 0.0335255 0.00097624 9.64581e-05
 0.868363 0.103619 0.0253889 0.00255029 7.91656e-05
 0.953139 0.0437861 0.00248724 0.000534383 5.37175e-05
 0.964925 0.0341371 0.000883748 4.40191e-05 1.00975e-05
 0.437206 0.550918 0.0115973 0.000263262 1.56286e-05
 0.93124 0.0388434 0.0293618 0.000541982 1.26479e-05
 0.722222 0.266497 0.00673517 0.00446422 8.1852e-05
 0.852291 0.121344 0.0254319 0.000563595 0.000369262
 0.723523 0.250907 0.0214815 0.00394779 0.000140163
 0.799693 0.1628 0.0344431 0.00258573 0.000477587
 0.366522 0.553632 0.0664547 0.0123283 0.00106322
 0.852744 0.0732393 0.0657436 0.00691974 0.00135292
 0.755378 0.222633 0.0116769 0.00919111 0.00112141
 0.47945 0.435581 0.0782837 0.00360032 0.00308433
 0.81935 0.109177 0.0610559 0.0096219 0.00079487
 0.730269 0.238987 0.0195629 0.00959312 0.00158801
 0.474281 0.42852 0.0874436 0.0062765 0.00347892
 0.721344 0.167087 0.0931089 0.0166602 0.00179957
 0.770792 0.18712 0.0265943 0.0129947 0.00249931
 0.472837 0.448344 0.0659562 0.00821968 0.00464346
 0.836628 0.0970829 0.0574754 0.00741408 0.00139993
pobs_PELACES
 0 0 0 0 0
 0 0 0 0 0
 0 0 0 0 0
 0 0 0 0 0
 0 0 0 0 0
 0 0 0 0 0
 0 0 0 0 0
 0 0 0 0 0
 0 0 0 0 0
 0 0 0 0 0
 0 0 0 0 0
 0 0 0 0 0
 0 0 0 0 0
 0 0 0 0 0
 0 0 0 0 0
 0 0 0 0 0
 0.505614 0.472636 0.0217494 0 0
 0 0 0 0 0
 0.443492 0.261883 0.143347 0.151278 0
 0.227955 0.32914 0.350689 0.0885471 0.00366901
 0.970185 0.0296113 0.000203453 0 0
 0.997202 0.00247181 0.000326279 0 0
 0.445219 0.490057 0.0546422 0.010081 0
 0.90214 0.0892962 0.00764917 0.000914606 0
 0 0 0 0 0
 0.581667 0.319106 0.0959925 0.00289975 0.000334073
 0.762889 0.0836404 0.116647 0.0363945 0.000428098
 0.88444 0.0763242 0.0277011 0.0115352 0
 0.521256 0.241999 0.230069 0.00667565 0
 0.616807 0.101726 0.260614 0.0208532 0
 0.833518 0.0704572 0.0857862 0.0102388 0
 0.697417 0.212968 0.0787535 0.0105354 0.000325836
 0 0 0 0 0
ppred_PELACES
 0.576286 0.190916 0.213534 0.0192627 1.0841e-06
 0.536279 0.340571 0.0554889 0.0620626 0.00559893
 0.666319 0.235109 0.072394 0.0117951 0.0143826
 0.796956 0.163369 0.0279547 0.00860772 0.00311255
 0.660361 0.30238 0.0299785 0.00512973 0.00215069
 0.759729 0.191532 0.0433917 0.00430193 0.00104474
 0.411864 0.508855 0.063199 0.0143177 0.00176421
 0.412995 0.348063 0.206733 0.0256759 0.00653362
 0.526946 0.277451 0.115982 0.0688879 0.0107329
 0.823864 0.122969 0.0311832 0.0130355 0.00894874
 0.941227 0.053524 0.00366435 0.00092923 0.000655108
 0.828069 0.166793 0.00467969 0.00032038 0.000138521
 0.6749 0.295608 0.0286103 0.000802715 7.87161e-05
 0.883393 0.0949831 0.0196625 0.00190303 5.86288e-05
 0.953293 0.0441086 0.00211687 0.000438216 4.37191e-05
 0.963586 0.0355899 0.000778427 3.73585e-05 8.50517e-06
 0.426134 0.56361 0.0100239 0.000219245 1.29176e-05
 0.932203 0.0410828 0.0262371 0.000466633 1.08076e-05
 0.721109 0.269398 0.00575229 0.00367364 6.68498e-05
 0.849534 0.127157 0.0225159 0.000480768 0.000312624
 0.714506 0.262985 0.0190226 0.00336837 0.000118691
 0.798559 0.168704 0.0301552 0.00218124 0.000399845
 0.361473 0.569558 0.0577607 0.0103245 0.000883707
 0.855599 0.0780443 0.059189 0.00600254 0.00116477
 0.747185 0.233657 0.010354 0.00785247 0.000950871
 0.469635 0.455526 0.069168 0.00306502 0.00260599
 0.819518 0.116432 0.055012 0.00835312 0.000684863
 0.719343 0.253483 0.0175306 0.00828289 0.00136081
 0.465064 0.449191 0.0774423 0.00535582 0.00294628
 0.721951 0.17816 0.0838779 0.0144609 0.00155026
 0.766525 0.196627 0.0236103 0.0111157 0.00212184
 0.460259 0.470329 0.0584569 0.0070193 0.00393551
 0.839026 0.10227 0.0511539 0.00635789 0.00119147
pobs_pel_tallas
 0 0 0 0 0 0 0 0 0 0 0 0 0 0 0 0 0 0 0 0 0 0 0 0 0 0
 0 0 0 0 0 0 0 0 0 0 0 0 0 0 0 0 0 0 0 0 0 0 0 0 0 0
 0 0 0 0 0 0 0 0 0 0 0 0 0 0 0 0 0 0 0 0 0 0 0 0 0 0
 0 0 0 0 0 0 0 0 0 0 0 0 0 0 0 0 0 0 0 0 0 0 0 0 0 0
 0 0 0 0 0 0 0 0 0 0 0 0 0 0 0 0 0 0 0 0 0 0 0 0 0 0
 0 0 0 0 0 0 0 0 0 0 0 0 0 0 0 0 0 0 0 0 0 0 0 0 0 0
 0 0 0 0 0 0 0 0 0 0 0 0 0 0 0 0 0 0 0 0 0 0 0 0 0 0
 0 0 0 0 0 0 0 0 0 0 0 0 0 0 0 0 0 0 0 0 0 0 0 0 0 0
 0 0 0 0 0 0 0 0 0 0 0 0 0 0 0 0 0 0 0 0 0 0 0 0 0 0
 0 0 0 0 0 0 0 0 0 0 0 0 0 0 0 0 0 0 0 0 0 0 0 0 0 0
 0 0 0 0 0 0 0 0 0 0 0 0 0 0 0 0 0 0 0 0 0 0 0 0 0 0
 0 0 0 0 0 0 0 0 0 0 0 0 0 0 0 0 0 0 0 0 0 0 0 0 0 0
 0.00862536 0 0 0.000197151 0.00414017 0.0128641 0.00837892 0.0270097 0.101434 0.158115 0.152841 0.127902 0.109271 0.109419 0.0830992 0.0579132 0.0238553 0.00714673 0.00463305 0.00128148 0.00103504 0.000492878 0.000147863 0.000147863 4.92878e-05 0
 0 0 0 0 0 0 0 0 0 0 0 0 0 0 0 0 0 0 0 0 0 0 0 0 0 0
 0 0 0 0 0 0 0 0.0054083 0.00873648 0.0413646 0.0450493 0.0745869 0.0622846 0.0627006 0.0613931 0.0827291 0.12552 0.122667 0.0946155 0.0697135 0.0546179 0.0294188 0.0215738 0.0213955 0.0102223 0.00600262
 0 0 0 0 0.00359764 0.0251062 0.0480494 0.140153 0.205849 0.193036 0.1447 0.116669 0.0760912 0.0342217 0.00950174 0.001854 0.000860785 0 0 0 0.000165536 0 0.000143464 0 0 0
 0 0 0 0 0 0 0 0.000145254 0.000435761 0.0275982 0.070085 0.0708112 0.156366 0.174668 0.174014 0.160142 0.0824315 0.0480064 0.0283245 0.00493863 0.00203355 0 0 0 0 0
 0 0 0 0 0 0 0 0 0 0 0 0 0 0 0 0 0 0 0 0 0 0 0 0 0 0
 0 0 1.00437e-05 0.000401748 0.00122533 0.00171747 0.00176769 0.0269171 0.070346 0.194647 0.189555 0.159765 0.064822 0.0314167 0.0384472 0.0292271 0.0345202 0.0313363 0.0194345 0.0106764 0.0143323 0.0359363 0.0279516 0.0138201 0.00172751 0
 0 0.0021121 0.0136068 0.0755702 0.200478 0.177729 0.0527432 0.0373336 0.0318909 0.0142505 0.0149659 0.0166563 0.0217959 0.0798694 0.0677717 0.0528807 0.04013 0.0224614 0.0357745 0.0225083 0.00881397 0.00855152 0.00135912 0.000746735 0 0
 0 0 0 0 5.4009e-05 0.00500934 0.000945158 0.0243581 0.138947 0.33067 0.221406 0.137944 0.0707744 0.0437923 0.0131692 0.00525238 0.0047753 0.00276346 9.45158e-05 9.00151e-06 2.25038e-05 9.00151e-06 4.50075e-06 0 0 0
 0.000866109 0.00284123 0.00948549 0.0512746 0.133035 0.25785 0.225252 0.132002 0.0553304 0.0519788 0.0540692 0.017754 0.00435017 0.00159236 0.00146478 0.000404838 0.000125132 0.000115318 0.000107957 0.000100596 0 0 0 0 0 0
 0 0 0 0 0.00144013 0.00171154 0.00461396 0.0210425 0.0478622 0.0707936 0.0888783 0.103762 0.0637923 0.0337046 0.0602308 0.124433 0.169614 0.0934646 0.0462172 0.0250306 0.0313229 0.00938855 0.002487 0.000210481 0 0
 0 0.00764035 0.051015 0.0998891 0.058973 0.0496711 0.0374665 0.0718981 0.12319 0.153886 0.159021 0.0857701 0.0377988 0.023471 0.0147837 0.00900784 0.00315554 0.000888139 0.00291439 0.00214683 0.00393193 0.00274676 0.000635225 9.99891e-05 0 0
 0 0 0 0 0 0 0 0 0 0 0 0 0 0 0 0 0 0 0 0 0 0 0 0 0 0
 0 0 0 0 0 0 0 0 0 0 0 0 0 0 0 0 0 0 0 0 0 0 0 0 0 0
 0 0 0 0 0 0 0 0 0 0 0 0 0 0 0 0 0 0 0 0 0 0 0 0 0 0
 0 0 0 0 0 0 0 0 0 0 0 0 0 0 0 0 0 0 0 0 0 0 0 0 0 0
 0 0 0 0 0 0 0 0 0 0 0 0 0 0 0 0 0 0 0 0 0 0 0 0 0 0
 0 0 0 0 0 0 0 0 0 0 0 0 0 0 0 0 0 0 0 0 0 0 0 0 0 0
 0 0 0 0 0 0 0 0 0 0 0 0 0 0 0 0 0 0 0 0 0 0 0 0 0 0
 0 0 0 0 0 0 0 0 0 0 0 0 0 0 0 0 0 0 0 0 0 0 0 0 0 0
 0 0 0 0 0 0 0 0 0 0 0 0 0 0 0 0 0 0 0 0 0 0 0 0 0 0
ppred_pel_tallas
 1.08143e-16 4.7468e-05 0.000461406 0.0030662 0.0139385 0.043368 0.0924009 0.134866 0.134884 0.0924923 0.043676 0.0148318 0.00532258 0.00543342 0.0096257 0.0161907 0.0241378 0.0320557 0.0384725 0.042608 0.0446524 0.045281 0.044877 0.0431996 0.0397437 0.0343672
 1.0886e-16 4.41726e-05 0.000429374 0.00285334 0.0129709 0.0403574 0.085987 0.125507 0.12554 0.0861476 0.0408966 0.0145287 0.00676539 0.00897542 0.0162932 0.0269178 0.0389013 0.049213 0.0548133 0.0543578 0.0490099 0.041624 0.0349602 0.0303212 0.0274181 0.0251665
 1.05767e-16 5.48839e-05 0.000533491 0.00354524 0.0161161 0.0501434 0.106837 0.155936 0.155959 0.106948 0.0505165 0.0171947 0.0062557 0.00646091 0.011343 0.0187463 0.0271897 0.0345933 0.038867 0.0390433 0.0358207 0.0310153 0.0263863 0.0227729 0.0200516 0.0176706
 1.02239e-16 6.56442e-05 0.000638085 0.0042403 0.0192758 0.0599743 0.127782 0.186505 0.186521 0.127859 0.0602328 0.0200226 0.00611541 0.00473298 0.00784709 0.0128809 0.0185774 0.0234224 0.0259182 0.0253761 0.0223175 0.0181042 0.0141053 0.0110535 0.00896322 0.00746913
 1.01821e-16 5.43931e-05 0.000528721 0.00351354 0.015972 0.0496951 0.105882 0.154544 0.154573 0.106024 0.0501728 0.0173516 0.00697522 0.00808205 0.014389 0.0236742 0.0340328 0.0426581 0.0467243 0.0449242 0.0382471 0.0293157 0.0208357 0.0143608 0.0100801 0.00739026
 1.0191e-16 6.25779e-05 0.00060828 0.00404223 0.0183754 0.0571728 0.121813 0.177794 0.177813 0.121904 0.0574762 0.019252 0.0062437 0.00541784 0.00920771 0.0151512 0.0218843 0.0276516 0.0306988 0.0302012 0.0267289 0.02182 0.0170245 0.0131792 0.0103335 0.00814377
 1.03689e-16 3.39248e-05 0.000329761 0.00219138 0.00996174 0.0309949 0.0660398 0.0963973 0.0964463 0.0662793 0.0317993 0.0122848 0.00802179 0.0130551 0.0241941 0.0399243 0.0574618 0.0721579 0.0792871 0.0766584 0.0659114 0.0513925 0.0375563 0.0269174 0.0197294 0.0149741
 1.09736e-16 3.40179e-05 0.000330666 0.0021974 0.00998906 0.0310799 0.0662202 0.0966573 0.0966911 0.0663854 0.0316354 0.011597 0.00624548 0.00920727 0.0170083 0.0283666 0.0415635 0.0537324 0.0619188 0.0646817 0.0627978 0.0584282 0.0535 0.0486735 0.0435376 0.0375213
 1.12143e-16 4.34039e-05 0.000421902 0.00280369 0.0127452 0.0396551 0.0844904 0.123322 0.123349 0.0846218 0.0400968 0.0140228 0.00601794 0.00746256 0.013486 0.0224156 0.032737 0.0421339 0.0482781 0.0501321 0.0485229 0.0454322 0.0425945 0.0405374 0.0386609 0.0360174
 1.03754e-16 6.78606e-05 0.000659629 0.00438347 0.0199266 0.0619992 0.132096 0.192801 0.192813 0.132154 0.0621942 0.0204902 0.00579945 0.00375521 0.00596031 0.00978193 0.0141704 0.0180051 0.0201959 0.0202538 0.0185748 0.0161453 0.0139121 0.0123108 0.0112335 0.0103163
 1.00324e-16 7.75277e-05 0.000753596 0.00500791 0.0227653 0.0708312 0.150913 0.220264 0.220269 0.150939 0.0709157 0.0230093 0.0056201 0.00208898 0.00261069 0.0041855 0.00600358 0.00751119 0.00820214 0.00784535 0.00662055 0.00500073 0.00347558 0.00232879 0.00159618 0.00116549
 1.00234e-16 6.82069e-05 0.000662996 0.00440584 0.0200283 0.0623156 0.132771 0.193786 0.193802 0.132849 0.0625787 0.0207878 0.00631079 0.00481642 0.00794129 0.0129811 0.0186002 0.0231939 0.0251776 0.0238214 0.0196921 0.0142941 0.00920439 0.00536649 0.00294154 0.00160352
 1.00996e-16 5.55907e-05 0.000540361 0.00359089 0.0163237 0.0507892 0.108213 0.157946 0.157974 0.108352 0.0512562 0.0176721 0.0069743 0.00792229 0.014063 0.0231286 0.0332346 0.0416263 0.0455287 0.0436504 0.0369481 0.0279855 0.0194229 0.0128128 0.00838684 0.00560283
 1.00793e-16 7.27639e-05 0.000707291 0.0047002 0.0213664 0.0664789 0.141641 0.206731 0.20674 0.141686 0.0666293 0.0218009 0.00579122 0.00309037 0.00460261 0.00750399 0.0108256 0.0136597 0.0151296 0.0148246 0.0130304 0.0105181 0.00806916 0.00611219 0.00468131 0.0036085
 1.00124e-16 7.85215e-05 0.000763257 0.00507211 0.0230571 0.0717391 0.152848 0.223087 0.223091 0.152869 0.0718087 0.023258 0.00557622 0.00186263 0.00216318 0.00344332 0.00493242 0.00615986 0.00670485 0.00637502 0.00531884 0.00392969 0.00261796 0.00162601 0.000991453 0.000626953
 1.00037e-16 7.93693e-05 0.000771498 0.00512687 0.023306 0.0725137 0.154498 0.225495 0.225499 0.154515 0.0725698 0.0234681 0.00553327 0.00165751 0.00175869 0.00277297 0.00396595 0.00494299 0.00536159 0.0050657 0.00417669 0.00301659 0.00192347 0.00110016 0.000581986 0.000299417
 1.00458e-16 3.51002e-05 0.000341187 0.00226731 0.0103069 0.0320688 0.068328 0.0997381 0.0997923 0.0685928 0.0329577 0.0128727 0.00870217 0.0143698 0.0266228 0.0438123 0.0627689 0.0782147 0.0847953 0.080042 0.0658816 0.0474251 0.0300423 0.0169611 0.00875093 0.00431017
 1.00817e-16 7.67843e-05 0.000746371 0.0049599 0.022547 0.070152 0.149466 0.218151 0.218155 0.149486 0.0702176 0.0227369 0.00543808 0.00179512 0.00208275 0.00335849 0.00491558 0.00635666 0.00732525 0.00764401 0.0073942 0.00682009 0.00614362 0.00544847 0.00470551 0.00387625
 1.00615e-16 5.93969e-05 0.000577359 0.00383675 0.0174413 0.0542666 0.115622 0.168759 0.168785 0.115748 0.0546915 0.018668 0.00691321 0.00728486 0.0127734 0.0209581 0.030033 0.0374479 0.0406491 0.0384641 0.0318176 0.0231482 0.0150071 0.0089117 0.00510434 0.00303334
 1.00784e-16 6.9975e-05 0.000680182 0.00452005 0.0205475 0.0639309 0.136212 0.198808 0.19882 0.136272 0.0641321 0.0211287 0.0059791 0.00386605 0.00612261 0.0100163 0.0144329 0.0181695 0.0200456 0.0195069 0.0169421 0.0134029 0.00996618 0.00723833 0.00528925 0.0039004
 1.00975e-16 5.88529e-05 0.000572072 0.00380162 0.0172816 0.0537697 0.114563 0.167213 0.167239 0.114687 0.0541849 0.0184805 0.00680959 0.00713352 0.0125055 0.0205422 0.0294947 0.0368965 0.0402741 0.0384836 0.0323961 0.0243244 0.0166714 0.0108409 0.00703544 0.00474138
 1.012e-16 6.57763e-05 0.000639369 0.00424883 0.0193146 0.060095 0.128039 0.18688 0.186897 0.128119 0.0603619 0.0200857 0.00618486 0.00486692 0.00809803 0.013292 0.0191598 0.0241295 0.0266398 0.0259587 0.0226037 0.0179689 0.0134769 0.00992242 0.00738582 0.0055664
 1.02998e-16 2.97742e-05 0.000289416 0.00192327 0.00874294 0.0272028 0.0579605 0.0846066 0.0846614 0.0582286 0.0281027 0.0113415 0.008444 0.0145177 0.0270327 0.0445926 0.0641137 0.0803673 0.088033 0.084643 0.072051 0.0551848 0.0391306 0.0268136 0.0186019 0.0133846
 1.02528e-16 7.04746e-05 0.000685038 0.00455232 0.0206942 0.0643874 0.137184 0.200226 0.200234 0.137222 0.0645123 0.0210562 0.00546458 0.00268852 0.00391058 0.00644492 0.00948997 0.0123759 0.0144554 0.0154057 0.0153705 0.0147694 0.0139491 0.0129822 0.0117429 0.0101266
 1.01308e-16 6.15447e-05 0.000598237 0.00397549 0.018072 0.0562289 0.119802 0.17486 0.174882 0.119912 0.0565977 0.0191367 0.00664619 0.00642281 0.0111071 0.0182224 0.0261451 0.0326719 0.0356056 0.0339414 0.0284786 0.0213073 0.0145927 0.00959134 0.0064581 0.00468174
 1.02861e-16 3.86833e-05 0.000376015 0.00249876 0.011359 0.0353423 0.0753022 0.109915 0.109959 0.0755168 0.0360627 0.0134398 0.00772176 0.011778 0.021693 0.0358005 0.0515626 0.064822 0.0713501 0.0691679 0.0597004 0.0467762 0.0343249 0.0245745 0.0177857 0.0131323
 1.02571e-16 6.75027e-05 0.00065615 0.00436035 0.0198215 0.0616721 0.131399 0.191784 0.191795 0.131455 0.0618575 0.0203578 0.00570934 0.00361074 0.00570724 0.0094025 0.0137106 0.0176002 0.020056 0.0205908 0.0194936 0.0175555 0.0155154 0.0136826 0.0119683 0.0101716
 1.01632e-16 5.92514e-05 0.000575945 0.00382736 0.0173986 0.0541337 0.115338 0.168345 0.168369 0.115458 0.0545339 0.0185543 0.0067269 0.00690114 0.0120587 0.0198071 0.0284467 0.0356046 0.0389069 0.0372643 0.0315296 0.0239391 0.0168009 0.0114414 0.00801171 0.00596732
 1.03386e-16 3.83068e-05 0.000372356 0.00247444 0.0112485 0.0349984 0.0745694 0.108845 0.108889 0.074781 0.0357091 0.0133014 0.00762834 0.0116259 0.021418 0.0353654 0.0509803 0.0641833 0.0708231 0.0689546 0.0599662 0.0475875 0.0356266 0.0262124 0.0195579 0.0148439
 1.04179e-16 5.94662e-05 0.000578032 0.00384123 0.0174617 0.0543299 0.115756 0.168953 0.16897 0.115841 0.0546136 0.0182823 0.0059055 0.0050993 0.00869 0.0143866 0.020985 0.0269448 0.0307183 0.0315648 0.0299311 0.0270307 0.0239914 0.0212778 0.0187389 0.0160495
 1.02206e-16 6.31377e-05 0.000613721 0.00407839 0.0185398 0.0576843 0.122903 0.179385 0.179404 0.122996 0.0579951 0.0194375 0.00633163 0.00553192 0.00940191 0.0154389 0.0222249 0.0279308 0.0307394 0.0298187 0.0258172 0.0204213 0.0153434 0.0115247 0.00901384 0.00736212
 1.03178e-16 3.79111e-05 0.000368509 0.00244887 0.0111323 0.0346368 0.0737991 0.107721 0.107767 0.0740205 0.0353802 0.0132793 0.00783742 0.012129 0.0223652 0.0368926 0.0530892 0.0666473 0.0731912 0.0706877 0.060648 0.0470928 0.034155 0.0241858 0.0174512 0.013036
 1.02342e-16 6.91095e-05 0.000671769 0.00446414 0.0202933 0.0631402 0.134527 0.196348 0.196358 0.134576 0.0633031 0.0207647 0.00565001 0.00326971 0.00502991 0.00827598 0.0120777 0.0155258 0.0177311 0.0182653 0.0173752 0.0157427 0.0140003 0.0124071 0.0108809 0.00925236
pSPR Fmed_Fpbrs
0.543691   0.213013 0.213013
Fs Fmed_Fpbrs
0.34   1.005 1.005
SSBpbr Bo_Bmed_Bpbrs
438228  216349  71436.7 71436.7
Ro
89741.7
SPR SPRFo_SPRFmed_SPRFpbrs
646530 351512 137719
Fref
1.005
Nvult_r0
 78792 5890.21 2946.18 366.179 68.6219
CTP_r0
 35038.5 2952.45 1476.77 183.546 34.3965
YTP_r0
358217
Np
 78688.9 12996.6 2110.14 124.245 70.514
Nvult_p0
 65692.4 11246.5 1825.99 107.514 61.0185
CTP_p0
 29213.2 6796.9 400.202 200.174 28.2519
 29213.2 5637.25 915.272 53.8913 30.5854
YTP_p0
 355771 343434
CBA_c0
357484
log_Ro
11.2247
likeval ReclasPelacesDesembMPH_pf_preclas_ppelaces_ptallas_desvR_qrecl_qpela
 42.8669 32.7644 0.0262095 94.9547 266.884 138.967 121.271 0 23.9812 0.000193926 0.000248213 0.0220917 0 0 0
q_reclas_q_pelaces
7.16636 9.28187
M
1
N
 141279 25368.2 28373.5 2559.55 0.144051
 96213.2 35499.4 5783.88 6469.09 583.604
 85014.4 17412.1 5361.48 873.541 1065.17
 128154 15452.1 2644.06 814.149 294.396
 90780.5 21881.7 2169.39 371.213 155.634
 193248 26187.6 5932.8 588.188 142.844
 67486.4 50502.2 6272.3 1420.99 175.093
 22893.4 10031.7 5958.34 740.017 188.309
 22150.9 7001.38 2926.77 1738.36 270.842
 30205.2 3434.71 870.996 364.101 249.952
 50056.3 1518.89 103.986 26.3694 18.5904
 110734 13542.8 379.969 26.0134 11.2473
 56437.9 16270.8 1574.76 44.1829 4.33268
 60532.7 5663.79 1172.47 113.476 3.49601
 53362.4 1623.74 77.927 16.1317 1.6094
 242292 5377.22 117.611 5.64443 1.28503
 47703.1 37402.7 665.216 14.5497 0.857244
 305433 7848.6 5012.42 89.1472 2.06472
 224113 54346.4 1160.43 741.093 13.4858
 271808 24021.3 4253.5 90.8223 59.0581
 214823 45580.2 3296.98 583.802 20.5714
 313019 40341.3 7210.86 521.587 95.6128
 47412.6 44982.9 4561.86 815.414 69.7939
 138048 7247.1 5496.21 557.388 108.159
 144803 26124.5 1157.64 877.96 106.314
 49173.2 27089.8 4113.37 182.274 154.976
 122343 9905.25 4680.05 710.628 58.2637
 123826 24258.2 1677.67 792.671 130.229
 50465.3 27595.5 4757.57 329.028 181.001
 73245 10321.3 4859.27 837.757 89.8106
 96198 14385 1727.3 813.213 155.231
 30228.3 17135.5 2129.76 255.734 143.382
 94380.2 6806.82 3404.66 423.163 79.3006
pred_Ctot
 29195.5 6337.54 7088.33 639.432 0.0359872
 32702.4 14194.2 2312.66 2586.63 233.351
 28765.2 6932.93 2134.77 347.815 424.116
 46149.6 6517.17 1115.18 343.381 124.167
 12634.2 3728.99 369.698 63.2604 26.5225
 36374.1 5980.16 1354.81 134.318 32.6197
 27313.4 23702 2943.75 666.907 82.1754
 2478.15 1337.23 794.249 98.6445 25.1016
 8675.01 3189.05 1333.11 791.806 123.366
 19092.4 2378.39 603.128 252.124 173.081
 8582.86 316.975 21.7007 5.503 3.87962
 45205.8 6406.05 179.734 12.3049 5.32021
 28689.3 9358.12 905.72 25.4117 2.49193
 42628.8 4282.6 886.546 85.8038 2.64346
 27076 932.387 44.7474 9.26321 0.924154
 95228.9 2457.26 53.7454 2.57937 0.587228
 17770.3 16274.3 289.442 6.33071 0.372996
 105643 3189.35 2036.84 36.2258 0.839017
 110493 30430.4 649.762 414.963 7.55115
 99534.1 10288.8 1821.85 38.9009 25.2957
 70153.6 17560.4 1270.21 224.918 7.92542
 129872 19364.2 3461.28 250.367 45.895
 18781.4 20703.4 2099.6 375.295 32.1227
 44691.2 2769.53 2100.41 213.01 41.3335
 47487.6 10104.4 447.753 339.576 41.12
 14760.5 9646.83 1464.79 64.9088 55.188
 37466.2 3594.03 1698.12 257.845 21.1405
 32129.1 7529.88 520.758 246.049 40.4237
 14849.7 9645.07 1662.85 115.001 63.2627
 22696.9 3786.57 1782.72 307.348 32.9488
 33236.1 5839.47 701.183 330.117 63.0148
 7711.38 5234.06 650.538 78.1143 43.7963
 34874.5 2939.76 1470.42 182.757 34.2487
F
 0.381221 0.478421 0.478421 0.478421 0.478421
 0.7094 0.890275 0.890275 0.890275 0.890275
 0.705079 0.884852 0.884852 0.884852 0.884852
 0.767584 0.963294 0.963294 0.963294 0.963294
 0.243158 0.305156 0.305156 0.305156 0.305156
 0.341955 0.429143 0.429143 0.429143 0.429143
 0.906179 1.13723 1.13723 1.13723 1.13723
 0.184744 0.231848 0.231848 0.231848 0.231848
 0.863945 1.08422 1.08422 1.08422 1.08422
 1.99004 2.49743 2.49743 2.49743 2.49743
 0.307292 0.385642 0.385642 0.385642 0.385642
 0.917753 1.15175 1.15175 1.15175 1.15175
 1.29905 1.63026 1.63026 1.63026 1.63026
 2.61845 3.28608 3.28608 3.28608 3.28608
 1.29494 1.6251 1.6251 1.6251 1.6251
 0.8684 1.08981 1.08981 1.08981 1.08981
 0.80466 1.00982 1.00982 1.00982 1.00982
 0.726352 0.911549 0.911549 0.911549 0.911549
 1.23321 1.54764 1.54764 1.54764 1.54764
 0.785625 0.985934 0.985934 0.985934 0.985934
 0.672435 0.843885 0.843885 0.843885 0.843885
 0.939981 1.17965 1.17965 1.17965 1.17965
 0.878288 1.10222 1.10222 1.10222 1.10222
 0.664728 0.834213 0.834213 0.834213 0.834213
 0.676216 0.848631 0.848631 0.848631 0.848631
 0.602284 0.755848 0.755848 0.755848 0.755848
 0.618068 0.775657 0.775657 0.775657 0.775657
 0.501224 0.62902 0.62902 0.62902 0.62902
 0.587077 0.736764 0.736764 0.736764 0.736764
 0.627626 0.787651 0.787651 0.787651 0.787651
 0.725258 0.910176 0.910176 0.910176 0.910176
 0.490854 0.616007 0.616007 0.616007 0.616007
 0.795575 0.998422 0.998422 0.998422 0.998422
YTP_r0W_actual
 264190 51520.3 35545.8 5748.67 1212.48
YTP_p0W_proyectada
 220267 118606 9632.86 6269.46 995.88
 220267 98370 22030.6 1687.88 1078.13
CTP_r0_actual
 35038.5 2952.45 1476.77 183.546 34.3965
CTP_p0_proyectada
 29213.2 6796.9 400.202 200.174 28.2519
 29213.2 5637.25 915.272 53.8913 30.5854
Wmedp
 7.54 17.45 24.07 31.32 35.25
Frms_r0
 0.800817 1.005 1.005 1.005 1.005
Zrms_r0
 1.80082 2.005 2.005 2.005 2.005
nmprior
 7.29 8.9 8.7 0
nm_flota  nm_reclas  nm_pelaces    nm_pelaL
inf 13.7237 9.49566 23.3633
cv_recla  cv_pelaces  cv_mph
0.283505 0.522529 0.781296
 ------------------------------------------------
Talla a la edad & desviaci?n 
 8 13.2811 15.8009 17.003 17.5766
 0.8 1.32811 1.58009 1.7003 1.75766
