years
 1991 1992 1993 1994 1995 1996 1997 1998 1999 2000 2001 2002 2003 2004 2005 2006 2007 2008 2009 2010 2011 2012 2013 2014 2015 2016 2017 2018 2019 2020 2021 2022
reclasobs
 0 0 0 0 0 0 0 0 0 252601 567819 844713 477998 351125 339783 2.1784e+06 2.13404e+06 4.81314e+06 1.55562e+06 2.62356e+06 3.21686e+06 3.843e+06 1.13348e+06 3.07943e+06 1.97215e+06 2.03268e+06 2.025e+06 2.42433e+06 2.27542e+06 1.05018e+06 2.36338e+06 3.18982e+06
reclaspred
 3.3942e+06 1.84187e+06 930412 955869 966455 1.67594e+06 871630 725442 479426 282496 561466 881001 641672 278731 476893 1.67853e+06 1.5007e+06 2.98902e+06 1.97132e+06 2.21703e+06 3.62659e+06 2.73926e+06 1.85959e+06 2.92078e+06 2.25384e+06 1.99553e+06 2.29652e+06 2.66854e+06 2.20512e+06 1.62613e+06 1.97504e+06 2.33665e+06
pelacesobs
 0 0 0 0 0 0 0 0 0 0 0 0 0 0 0 552880 188675 0 991730 2.46772e+06 1.41603e+06 1.21717e+06 2.29649e+06 1.80582e+06 0 1.4828e+06 1.56532e+06 1.57751e+06 1.42118e+06 867257 1.10002e+06 1.06204e+06
pelacespred
 1.78282e+06 1.05063e+06 513295 437287 486100 876231 381549 443658 255446 131344 303952 410692 313476 115084 245822 770907 700045 1.59742e+06 1.02239e+06 1.02744e+06 1.806e+06 1.44283e+06 991720 1.73902e+06 1.24924e+06 1.1223e+06 1.4881e+06 1.54452e+06 1.16224e+06 974714 1.01508e+06 1.27306e+06
mphobs
 0 0 0 0 0 0 0 0 0 0 0 0 498337 0 5186 125008 0 168611 109162 213762 579715 649985 157893 87575 83554 210694 70296 0 107559 103333 445601 22526
mphpred
 642233 430332 204278 113381 123086 149511 199862 96454 86117.6 46313.1 24510 87117.6 112607 52499.9 15712.6 48921.2 240641 207808 330579 285131 518236 545100 118410 86717.6 134562 111379 95049.7 101138 153437 113742 70640.4 105859
desembarqueobs
 494567 514787 250237 358949 120608 361735 552515 73892 212993 205616 52469 317467 293654 387597 252695 516296 358380 742168 942051 627588 828172 859565 418607 520667 417249 300574 415391 372974 316634 284311 391294 218835
desembarquepred
 494568 514010 250594 358981 120613 361740 552537 73898.2 213071 205681 52470.3 317461 293776 387805 252576 516218 358459 742153 941772 627316 828283 859599 418637 520699 417192 300568 415382 372916 316577 284215 391231 218841
Reclutas
 164992 91731.6 91031.6 133822 107276 193904 74543.8 30206.2 28614.2 38638.5 94518.2 143885 64147.4 49450.9 73330.1 394099 71046.5 456505 239609 395522 324304 447281 68464.7 244100 237338 91972.8 197947 252989 95307 90934.8 181360 114593
log_desv_Rt
 0.267436 -0.319594 -0.327253 0.0580486 -0.163053 0.428905 -0.527073 -1.43041 -1.48456 -1.18421 -0.289668 0.130553 -0.677277 -0.937481 -0.54349 1.13814 -0.575125 1.28514 0.640546 1.14175 0.943222 1.26473 -0.612143 0.659117 0.631025 -0.316968 0.449538 0.694885 -0.281357 -0.328318 0.362025 -0.0970724
SSB
 1.78163e+06 1.19379e+06 566690 314533 341456 414760 554440 267575 238900 128478 67993.7 241674 296605 141322 41875.7 131430 667565 576485 950111 542287 1.0109e+06 1.11979e+06 977147 685691 995343 875129 703311 719225 1.132e+06 788305 559980 854977
BT
 2.56572e+06 1.76623e+06 857074 823513 682758 1.37085e+06 950313 603686 520842 355133 413000 759572 641239 540302 549022 1.35216e+06 1.1239e+06 2.59957e+06 2.14772e+06 1.75913e+06 2.85203e+06 2.54961e+06 1.56243e+06 2.60527e+06 1.89245e+06 1.62016e+06 2.23505e+06 2.22052e+06 1.66314e+06 1.45049e+06 1.56637e+06 1.71641e+06
Ftot
 0.231731 0.427943 0.421596 0.636298 0.212605 0.385216 0.942141 0.172114 0.724709 1.15108 0.184809 0.626884 0.727945 2.01024 1.00457 0.603359 0.380816 0.457607 0.770097 0.516647 0.391271 0.534469 0.352671 0.326017 0.312375 0.246728 0.323671 0.258666 0.225476 0.286883 0.357612 0.15703
BD_Bspro_t
 0.963602 0.755297 0.535527 0.433253 0.425936 0.523987 0.518725 0.307795 0.357357 0.268705 0.207537 0.566246 0.466367 0.258483 0.0991053 0.255601 0.506627 0.449587 0.507139 0.355113 0.449306 0.468445 0.462425 0.416672 0.544279 0.568079 0.56766 0.604166 0.686957 0.612633 0.563919 0.627964
BD_Bspro
 1.96012 1.31339 0.623463 0.346044 0.375664 0.456313 0.609986 0.294381 0.262834 0.141349 0.0748055 0.265886 0.32632 0.15548 0.046071 0.144597 0.734444 0.634239 1.0453 0.596616 1.11217 1.23197 1.07504 0.754386 1.09506 0.962803 0.773771 0.79128 1.24541 0.867281 0.616081 0.940632
BD_Bo
 1.46261 0.980029 0.465218 0.258213 0.280315 0.340493 0.455161 0.219663 0.196123 0.105473 0.0558187 0.1984 0.243494 0.116017 0.0343774 0.107896 0.54803 0.473259 0.779984 0.445185 0.829886 0.919279 0.802178 0.562911 0.817116 0.718427 0.577376 0.59044 0.929307 0.647151 0.45971 0.701884
BD_Brms
 8.00684 5.36502 2.54677 1.41355 1.53454 1.86398 2.49171 1.20251 1.07364 0.577394 0.305571 1.08611 1.33297 0.635117 0.188194 0.590662 3.00011 2.59079 4.26991 2.4371 4.54309 5.03246 4.39141 3.08157 4.47318 3.93292 3.16076 3.23228 5.08735 3.54273 2.51661 3.84236
Sel_flota
 0.707301 1 1 1 1
 0.707301 1 1 1 1
 0.707301 1 1 1 1
 0.707301 1 1 1 1
 0.707301 1 1 1 1
 0.707301 1 1 1 1
 0.707301 1 1 1 1
 0.707301 1 1 1 1
 0.707301 1 1 1 1
 0.707301 1 1 1 1
 0.707301 1 1 1 1
 0.707301 1 1 1 1
 0.707301 1 1 1 1
 0.707301 1 1 1 1
 0.707301 1 1 1 1
 0.707301 1 1 1 1
 0.707301 1 1 1 1
 0.707301 1 1 1 1
 0.707301 1 1 1 1
 0.707301 1 1 1 1
 0.707301 1 1 1 1
 0.707301 1 1 1 1
 0.707301 1 1 1 1
 0.707301 1 1 1 1
 0.707301 1 1 1 1
 0.707301 1 1 1 1
 0.707301 1 1 1 1
 0.707301 1 1 1 1
 0.707301 1 1 1 1
 0.707301 1 1 1 1
 0.707301 1 1 1 1
 0.707301 1 1 1 1
Sel_reclas
 1 1 1 1 1
 1 1 1 1 1
 1 1 1 1 1
 1 1 1 1 1
 1 1 1 1 1
 1 1 1 1 1
 1 1 1 1 1
 1 1 1 1 1
 1 1 1 1 1
 1 1 1 1 1
 1 1 1 1 1
 1 1 1 1 1
 1 1 1 1 1
 1 1 1 1 1
 1 1 1 1 1
 1 1 1 1 1
 1 1 1 1 1
 1 1 1 1 1
 1 1 1 1 1
 1 1 1 1 1
 1 1 1 1 1
 1 1 1 1 1
 1 1 1 1 1
 1 1 1 1 1
 1 1 1 1 1
 1 1 1 1 1
 1 1 1 1 1
 1 1 1 1 1
 1 1 1 1 1
 1 1 1 1 1
 1 1 1 1 1
 1 1 1 1 1
Sel_pelaces
 0.986618 1 1 1 1
 0.986618 1 1 1 1
 0.986618 1 1 1 1
 0.986618 1 1 1 1
 0.986618 1 1 1 1
 0.986618 1 1 1 1
 0.986618 1 1 1 1
 0.986618 1 1 1 1
 0.986618 1 1 1 1
 0.986618 1 1 1 1
 0.986618 1 1 1 1
 0.986618 1 1 1 1
 0.986618 1 1 1 1
 0.986618 1 1 1 1
 0.986618 1 1 1 1
 0.986618 1 1 1 1
 0.986618 1 1 1 1
 0.986618 1 1 1 1
 0.986618 1 1 1 1
 0.986618 1 1 1 1
 0.986618 1 1 1 1
 0.986618 1 1 1 1
 0.986618 1 1 1 1
 0.986618 1 1 1 1
 0.986618 1 1 1 1
 0.986618 1 1 1 1
 0.986618 1 1 1 1
 0.986618 1 1 1 1
 0.986618 1 1 1 1
 0.986618 1 1 1 1
 0.986618 1 1 1 1
 0.986618 1 1 1 1
pf_obs 
 0.8446 0.082 0.0669 0.0065 0
 0.8095 0.147 0.0364 0.0071 0
 0.9664 0.0169 0.016 0.0007 0
 0.9276 0.0648 0.0075 0.0001 0
 0.7033 0.2144 0.0806 0.0017 0
 0.9318 0.0425 0.0243 0.0014 0
 0.5671 0.3108 0.0964 0.0239 0.0018
 0.0768 0.2599 0.5324 0.112 0.0189
 0.490249 0.384438 0.106611 0.0170017 0.00170017
 0.7925 0.1577 0.0466 0.003 0.0002
 0.840416 0.127587 0.0312969 0.00059994 9.999e-05
 0.8084 0.0986 0.0794 0.0134 0.0002
 0.7335 0.1905 0.0724 0.0035 0.0001
 0.4001 0.4547 0.1325 0.0127 0
 0.49795 0.308269 0.164784 0.0264974 0.00249975
 0.9179 0.0499 0.0305 0.0017 0
 0.2467 0.6533 0.0926 0.0074 0
 0.9418 0.0223 0.034 0.0019 0
 0.707729 0.231977 0.0356964 0.0245975 0
 0.517169 0.277429 0.184464 0.0207286 0.00020938
 0.811772 0.124168 0.05621 0.00726502 0.000585176
 0.764997 0.148141 0.077277 0.00933861 0.000247198
 0.163321 0.427699 0.378323 0.0303852 0.000271297
 0.753843 0.0900009 0.118128 0.0371064 0.000921714
 0.721811 0.176058 0.0630433 0.0369309 0.00215725
 0.143369 0.312575 0.442814 0.0836902 0.0175525
 0.692698 0.0596174 0.167031 0.0765114 0.00414204
 0.394062 0.376323 0.152708 0.0712218 0.00568511
 0.125707 0.32114 0.495352 0.0537591 0.00404204
 0.23352 0.215282 0.420074 0.123614 0.00750983
 0.796117 0.104755 0.0508955 0.0450114 0.00322123
 0.162477 0.292055 0.404252 0.121198 0.0200186
pf_pred 
 0.504554 0.142575 0.32941 0.02346 8.61003e-07
 0.442353 0.334531 0.0642059 0.148344 0.0105652
 0.597418 0.22047 0.109249 0.0209679 0.0518954
 0.73908 0.180934 0.0438033 0.0217057 0.0144766
 0.669745 0.270188 0.0416531 0.010084 0.00832959
 0.759611 0.179923 0.049469 0.00762631 0.00337136
 0.469762 0.438571 0.0686097 0.018864 0.00419373
 0.481303 0.310842 0.171921 0.0268952 0.00903868
 0.56123 0.252196 0.111809 0.0618396 0.0129253
 0.766407 0.157422 0.0437816 0.0194102 0.0129793
 0.902463 0.0831609 0.00968835 0.00269449 0.00199338
 0.768946 0.215129 0.0135778 0.00158183 0.000765394
 0.548501 0.379549 0.0669911 0.00422813 0.000730925
 0.661932 0.224014 0.095878 0.0169226 0.00125271
 0.913664 0.0696855 0.0110334 0.00472228 0.00089519
 0.955165 0.0424873 0.00189522 0.000300072 0.000152777
 0.350156 0.631071 0.0177903 0.000793567 0.000189617
 0.884393 0.0519176 0.0618495 0.00174358 9.63592e-05
 0.582719 0.384528 0.014709 0.0175229 0.000521281
 0.801156 0.13816 0.0559206 0.00213908 0.0026241
 0.671976 0.282796 0.0314253 0.0127195 0.00108341
 0.737429 0.19861 0.0551422 0.0061276 0.00269141
 0.266914 0.596654 0.103198 0.028652 0.00458237
 0.76382 0.0836058 0.124179 0.0214781 0.00691693
 0.669257 0.274144 0.0200359 0.0297592 0.00680479
 0.418208 0.437175 0.119869 0.00876067 0.0159876
 0.724797 0.141686 0.100328 0.0275091 0.00567954
 0.717536 0.225316 0.0294222 0.0208339 0.00689185
 0.413644 0.463126 0.0982985 0.012836 0.0120959
 0.531156 0.238733 0.18175 0.0385765 0.00978434
 0.754402 0.154116 0.0465821 0.0354636 0.00943629
 0.567242 0.355852 0.0482592 0.0145865 0.0140598
pobs_RECLAS
 0 0 0 0 0
 0 0 0 0 0
 0 0 0 0 0
 0 0 0 0 0
 0 0 0 0 0
 0 0 0 0 0
 0 0 0 0 0
 0 0 0 0 0
 0 0 0 0 0
 0 0 0 0 0
 0.991045 0.00858322 0.000360255 1.14367e-05 0
 0.934742 0.0480273 0.0164251 0.00080598 0
 0.827803 0.169806 0.00239088 0 0
 0.941827 0.0461693 0.0120037 0 0
 0.791401 0.0380133 0.147996 0.0225897 0
 0.846168 0.0940531 0.0597789 0 0
 0.134021 0.677848 0.182769 0.00536245 0
 0.80878 0.0450904 0.141981 0.00414843 0
 0.846168 0.0940531 0.0597789 0 0
 0.905697 0.0802665 0.012482 0.00150086 5.37128e-05
 0.989698 0.0102097 9.19794e-05 0 0
 0.975433 0.0193895 0.00387452 0.00125025 5.28907e-05
 0.303575 0.632131 0.0575291 0.00676475 0
 0.966965 0.00978017 0.0227588 0.000495775 0
 0.843318 0.132988 0.00938335 0.0141283 0.000182051
 0.564624 0.303363 0.111486 0.0197234 0.00080311
 0.826376 0.0876187 0.0782897 0.00655872 0.00115652
 0.89761 0.0855135 0.0140674 0.00269457 0.000114338
 0.34875 0.467042 0.161289 0.0227151 0.000203297
 0.318654 0.224769 0.449479 0.00709798 0
 0.937255 0.0296025 0.0250945 0.00804832 0
 0.456809 0.399803 0.12412 0.0192676 0
ppred_RECLAS
 0.591732 0.117487 0.271448 0.019332 7.09502e-07
 0.532083 0.280703 0.0538746 0.124474 0.00886517
 0.680177 0.175148 0.0867904 0.0166575 0.0412272
 0.803851 0.136019 0.0329295 0.0163175 0.0108829
 0.742561 0.210616 0.0324694 0.00786067 0.00649306
 0.81891 0.13554 0.037266 0.00574506 0.00253972
 0.565758 0.359171 0.0561885 0.0154488 0.00343449
 0.568612 0.25852 0.142983 0.0223681 0.00751726
 0.650193 0.201062 0.0891393 0.0493013 0.0103047
 0.830157 0.11446 0.0318331 0.014113 0.0094371
 0.929321 0.0602619 0.00702058 0.00195254 0.00144448
 0.827964 0.160179 0.0101096 0.00117778 0.00056989
 0.638419 0.30396 0.0536494 0.00338607 0.000585357
 0.75719 0.160894 0.0688624 0.0121543 0.000899731
 0.939834 0.0485625 0.00768895 0.00329086 0.00062384
 0.968528 0.029824 0.00133035 0.000210636 0.000107242
 0.435341 0.548347 0.0154583 0.000689543 0.000164761
 0.916525 0.0374874 0.0446588 0.00125896 6.95767e-05
 0.670409 0.303721 0.011618 0.0138405 0.000411736
 0.852883 0.102219 0.0413735 0.00158262 0.00194147
 0.745699 0.219238 0.0243625 0.00986078 0.000839918
 0.801754 0.149954 0.0416335 0.00462646 0.00203207
 0.34228 0.535314 0.0925884 0.0257064 0.00411127
 0.821997 0.0630117 0.0935909 0.0161876 0.00521312
 0.742791 0.213193 0.0155813 0.0231428 0.00529188
 0.505819 0.371341 0.101818 0.00744141 0.01358
 0.789928 0.108154 0.076584 0.0209986 0.00433538
 0.783484 0.17271 0.0225528 0.0159697 0.00528278
 0.500946 0.394172 0.0836629 0.0109248 0.0102949
 0.617648 0.194691 0.148221 0.0314599 0.00797932
 0.814512 0.116396 0.0351811 0.0267838 0.00712675
 0.650482 0.287405 0.0389766 0.0117808 0.0113554
pobs_PELACES
 0 0 0 0 0
 0 0 0 0 0
 0 0 0 0 0
 0 0 0 0 0
 0 0 0 0 0
 0 0 0 0 0
 0 0 0 0 0
 0 0 0 0 0
 0 0 0 0 0
 0 0 0 0 0
 0 0 0 0 0
 0 0 0 0 0
 0 0 0 0 0
 0 0 0 0 0
 0 0 0 0 0
 0 0 0 0 0
 0.505614 0.472636 0.0217494 0 0
 0 0 0 0 0
 0.443492 0.261883 0.143347 0.151278 0
 0.227955 0.32914 0.350689 0.0885471 0.00366901
 0.970185 0.0296113 0.000203453 0 0
 0.997202 0.00247181 0.000326279 0 0
 0.445219 0.490057 0.0546422 0.010081 0
 0.90214 0.0892962 0.00764917 0.000914606 0
 0 0 0 0 0
 0.581667 0.319106 0.0959925 0.00289975 0.000334073
 0.762889 0.0836404 0.116647 0.0363945 0.000428098
 0.88444 0.0763242 0.0277011 0.0115352 0
 0.521256 0.241999 0.230069 0.00667565 0
 0.616807 0.101726 0.260614 0.0208532 0
 0.833518 0.0704572 0.0857862 0.0102388 0
 0.697417 0.212968 0.0787535 0.0105354 0.000325836
ppred_PELACES
 0.593883 0.116868 0.270018 0.0192302 7.05765e-07
 0.539013 0.276545 0.0530767 0.122631 0.00873386
 0.686076 0.171917 0.0851898 0.0163503 0.0404669
 0.811307 0.130848 0.0316778 0.0156972 0.0104692
 0.743909 0.209513 0.0322994 0.00781951 0.00645906
 0.822403 0.132925 0.0365472 0.00563424 0.00249073
 0.584699 0.343504 0.0537376 0.0147749 0.00328468
 0.569385 0.258057 0.142727 0.0223281 0.00750379
 0.662938 0.193737 0.0858916 0.047505 0.00992923
 0.843493 0.105472 0.0293336 0.0130048 0.0086961
 0.929608 0.0600171 0.00699207 0.00194461 0.00143862
 0.834567 0.154031 0.00972162 0.00113258 0.000548018
 0.651434 0.293019 0.0517183 0.00326419 0.000564287
 0.788854 0.139912 0.0598823 0.0105693 0.000782399
 0.944389 0.044886 0.00710686 0.00304173 0.000576612
 0.969865 0.0285566 0.00127382 0.000201685 0.000102685
 0.441079 0.542774 0.0153012 0.000682535 0.000163087
 0.918846 0.036445 0.0434171 0.00122395 6.76422e-05
 0.683725 0.29145 0.0111486 0.0132813 0.000395101
 0.857396 0.099084 0.0401045 0.00153408 0.00188192
 0.750283 0.215286 0.0239233 0.00968302 0.000824777
 0.807748 0.14542 0.0403746 0.00448657 0.00197063
 0.34693 0.531529 0.0919337 0.0255246 0.0040822
 0.824618 0.0620839 0.0922129 0.0159492 0.00513636
 0.745969 0.210559 0.0153888 0.0228569 0.0052265
 0.508409 0.369395 0.101285 0.00740242 0.0135089
 0.792865 0.106642 0.0755133 0.020705 0.00427477
 0.785431 0.171158 0.0223501 0.0158261 0.00523528
 0.503022 0.392531 0.0833148 0.0108794 0.0102521
 0.621005 0.192982 0.14692 0.0311838 0.00790927
 0.817675 0.114412 0.0345813 0.0263272 0.00700525
 0.650868 0.287088 0.0389337 0.0117678 0.0113429
pobs_pel_tallas
 0 0 0 0 0 0 0 0 0 0 0 0 0 0 0 0 0 0 0 0 0 0 0 0 0 0
 0 0 0 0 0 0 0 0 0 0 0 0 0 0 0 0 0 0 0 0 0 0 0 0 0 0
 0 0 0 0 0 0 0 0 0 0 0 0 0 0 0 0 0 0 0 0 0 0 0 0 0 0
 0 0 0 0 0 0 0 0 0 0 0 0 0 0 0 0 0 0 0 0 0 0 0 0 0 0
 0 0 0 0 0 0 0 0 0 0 0 0 0 0 0 0 0 0 0 0 0 0 0 0 0 0
 0 0 0 0 0 0 0 0 0 0 0 0 0 0 0 0 0 0 0 0 0 0 0 0 0 0
 0 0 0 0 0 0 0 0 0 0 0 0 0 0 0 0 0 0 0 0 0 0 0 0 0 0
 0 0 0 0 0 0 0 0 0 0 0 0 0 0 0 0 0 0 0 0 0 0 0 0 0 0
 0 0 0 0 0 0 0 0 0 0 0 0 0 0 0 0 0 0 0 0 0 0 0 0 0 0
 0 0 0 0 0 0 0 0 0 0 0 0 0 0 0 0 0 0 0 0 0 0 0 0 0 0
 0 0 0 0 0 0 0 0 0 0 0 0 0 0 0 0 0 0 0 0 0 0 0 0 0 0
 0 0 0 0 0 0 0 0 0 0 0 0 0 0 0 0 0 0 0 0 0 0 0 0 0 0
 0.00862536 0 0 0.000197151 0.00414017 0.0128641 0.00837892 0.0270097 0.101434 0.158115 0.152841 0.127902 0.109271 0.109419 0.0830992 0.0579132 0.0238553 0.00714673 0.00463305 0.00128148 0.00103504 0.000492878 0.000147863 0.000147863 4.92878e-05 0
 0 0 0 0 0 0 0 0 0 0 0 0 0 0 0 0 0 0 0 0 0 0 0 0 0 0
 0 0 0 0 0 0 0 0.0054083 0.00873648 0.0413646 0.0450493 0.0745869 0.0622846 0.0627006 0.0613931 0.0827291 0.12552 0.122667 0.0946155 0.0697135 0.0546179 0.0294188 0.0215738 0.0213955 0.0102223 0.00600262
 0 0 0 0 0.00359764 0.0251062 0.0480494 0.140153 0.205849 0.193036 0.1447 0.116669 0.0760912 0.0342217 0.00950174 0.001854 0.000860785 0 0 0 0.000165536 0 0.000143464 0 0 0
 0 0 0 0 0 0 0 0.000145254 0.000435761 0.0275982 0.070085 0.0708112 0.156366 0.174668 0.174014 0.160142 0.0824315 0.0480064 0.0283245 0.00493863 0.00203355 0 0 0 0 0
 0 0 0 0 0 0 0 0 0 0 0 0 0 0 0 0 0 0 0 0 0 0 0 0 0 0
 0 0 1.00437e-05 0.000401748 0.00122533 0.00171747 0.00176769 0.0269171 0.070346 0.194647 0.189555 0.159765 0.064822 0.0314167 0.0384472 0.0292271 0.0345202 0.0313363 0.0194345 0.0106764 0.0143323 0.0359363 0.0279516 0.0138201 0.00172751 0
 0 0.0021121 0.0136068 0.0755702 0.200478 0.177729 0.0527432 0.0373336 0.0318909 0.0142505 0.0149659 0.0166563 0.0217959 0.0798694 0.0677717 0.0528807 0.04013 0.0224614 0.0357745 0.0225083 0.00881397 0.00855152 0.00135912 0.000746735 0 0
 0 0 0 0 5.4009e-05 0.00500934 0.000945158 0.0243581 0.138947 0.33067 0.221406 0.137944 0.0707744 0.0437923 0.0131692 0.00525238 0.0047753 0.00276346 9.45158e-05 9.00151e-06 2.25038e-05 9.00151e-06 4.50075e-06 0 0 0
 0.000866109 0.00284123 0.00948549 0.0512746 0.133035 0.25785 0.225252 0.132002 0.0553304 0.0519788 0.0540692 0.017754 0.00435017 0.00159236 0.00146478 0.000404838 0.000125132 0.000115318 0.000107957 0.000100596 0 0 0 0 0 0
 0 0 0 0 0.00144013 0.00171154 0.00461396 0.0210425 0.0478622 0.0707936 0.0888783 0.103762 0.0637923 0.0337046 0.0602308 0.124433 0.169614 0.0934646 0.0462172 0.0250306 0.0313229 0.00938855 0.002487 0.000210481 0 0
 0 0.00764035 0.051015 0.0998891 0.058973 0.0496711 0.0374665 0.0718981 0.12319 0.153886 0.159021 0.0857701 0.0377988 0.023471 0.0147837 0.00900784 0.00315554 0.000888139 0.00291439 0.00214683 0.00393193 0.00274676 0.000635225 9.99891e-05 0 0
 0 0 0 0 0 0 0 0 0 0 0 0 0 0 0 0 0 0 0 0 0 0 0 0 0 0
 0 0 0 0 0 0 0 0 0 0 0 0 0 0 0 0 0 0 0 0 0 0 0 0 0 0
 0 0 0 0 0 0 0 0 0 0 0 0 0 0 0 0 0 0 0 0 0 0 0 0 0 0
 0 0 0 0 0 0 0 0 0 0 0 0 0 0 0 0 0 0 0 0 0 0 0 0 0 0
 0 0 0 0 0 0 0 0 0 0 0 0 0 0 0 0 0 0 0 0 0 0 0 0 0 0
 0 0 0 0 0 0 0 0 0 0 0 0 0 0 0 0 0 0 0 0 0 0 0 0 0 0
 0 0 0 0 0 0 0 0 0 0 0 0 0 0 0 0 0 0 0 0 0 0 0 0 0 0
 0 0 0 0 0 0 0 0 0 0 0 0 0 0 0 0 0 0 0 0 0 0 0 0 0 0
ppred_pel_tallas
 1.09751e-16 4.89174e-05 0.000475494 0.00315983 0.0143641 0.0446922 0.0952218 0.138981 0.138993 0.095279 0.0448852 0.0149268 0.00459137 0.00366342 0.00628715 0.0107948 0.0166566 0.0232541 0.0299035 0.0361532 0.0418041 0.0465696 0.0497455 0.0503295 0.0475893 0.04163
 1.15379e-16 4.43979e-05 0.000431563 0.00286789 0.013037 0.0405632 0.0864251 0.126146 0.126172 0.0865557 0.0410018 0.014305 0.0060543 0.00740041 0.0133196 0.0220614 0.0320571 0.0409532 0.0464343 0.0475716 0.0454198 0.042269 0.0401226 0.0395806 0.0398155 0.0393911
 1.10991e-16 5.65112e-05 0.000549309 0.00365035 0.016594 0.0516301 0.110004 0.160558 0.160574 0.110086 0.0519042 0.017387 0.00564614 0.00492379 0.00841685 0.0139643 0.0204416 0.0264147 0.0304663 0.0319758 0.0314653 0.0301561 0.0291008 0.0285896 0.0281956 0.0272504
 1.04294e-16 6.68263e-05 0.000649576 0.00431666 0.0196229 0.0610542 0.130083 0.189863 0.189875 0.130145 0.0612617 0.0202225 0.00582307 0.00394267 0.00633479 0.010404 0.0150704 0.0191465 0.0214754 0.0215429 0.019779 0.017243 0.0149473 0.0133514 0.0123246 0.011455
 1.02863e-16 6.12748e-05 0.000595613 0.00395806 0.0179928 0.0559823 0.119277 0.174092 0.174113 0.119376 0.0563137 0.0189501 0.00636137 0.005843 0.0100299 0.016492 0.0237699 0.0299315 0.0330509 0.0322431 0.0281861 0.0226485 0.0174178 0.0134644 0.0108246 0.00902544
 1.02076e-16 6.77403e-05 0.000658459 0.0043757 0.0198913 0.0618892 0.131862 0.192459 0.192472 0.131925 0.0621 0.0205005 0.00590616 0.00400395 0.00643455 0.0105646 0.0152916 0.019395 0.0216732 0.0215637 0.0194559 0.0163883 0.0133874 0.010976 0.00914049 0.0076183
 1.03677e-16 4.81609e-05 0.000468141 0.00311097 0.014142 0.0440012 0.0937505 0.136839 0.136872 0.0939123 0.0445446 0.0157116 0.00705134 0.00907152 0.016392 0.0270349 0.0389679 0.0490616 0.0541538 0.0527816 0.0460396 0.0368103 0.0280145 0.0212503 0.0166078 0.0133629
 1.07694e-16 4.68995e-05 0.00045588 0.00302948 0.0137716 0.0428487 0.0912947 0.133252 0.133278 0.0914171 0.0432604 0.0149627 0.00602746 0.00702769 0.0126078 0.0209773 0.0307004 0.0396223 0.0455465 0.0474167 0.0458456 0.0424936 0.0388506 0.0354415 0.0319472 0.0278779
 1.08973e-16 5.46053e-05 0.000530783 0.00352724 0.0160343 0.0498889 0.106294 0.155144 0.155162 0.106386 0.0501975 0.0169271 0.0057735 0.00545234 0.00945495 0.0156864 0.0229293 0.0295574 0.0339536 0.0353982 0.0344621 0.0325089 0.0307186 0.029427 0.028191 0.0263402
 1.0365e-16 6.94774e-05 0.000675346 0.00448791 0.0204014 0.0634763 0.135243 0.197394 0.197404 0.135293 0.0636437 0.0208851 0.00570357 0.00333381 0.00513233 0.00841207 0.0122006 0.0155357 0.0174908 0.0176527 0.0163605 0.0144493 0.0127094 0.011486 0.0106594 0.00989978
 1.00656e-16 7.65706e-05 0.000744293 0.00494609 0.0224842 0.0699567 0.14905 0.217545 0.21755 0.149079 0.0700516 0.0227582 0.00563369 0.002245 0.00292574 0.00471324 0.00677664 0.00851046 0.00935483 0.00905438 0.00780709 0.0061302 0.00455144 0.0033649 0.00259182 0.00209853
 1.00527e-16 6.87422e-05 0.000668199 0.00444042 0.0201855 0.0628046 0.133812 0.195306 0.195321 0.133885 0.0630478 0.0208875 0.00620164 0.00450965 0.0073546 0.0120241 0.0172539 0.0215688 0.0235152 0.0224221 0.0188029 0.0140202 0.00949289 0.00605462 0.00383101 0.00252067
 1.01991e-16 5.36578e-05 0.000521573 0.00346604 0.0157561 0.0490233 0.10445 0.152454 0.152483 0.104588 0.049487 0.0170954 0.00682839 0.00786347 0.0140025 0.023077 0.0332663 0.0418869 0.0462279 0.0450172 0.0391537 0.0310618 0.0232184 0.0170106 0.0125847 0.00942213
 1.02957e-16 6.49769e-05 0.000631598 0.00419719 0.0190798 0.0593645 0.126483 0.184608 0.184622 0.126549 0.0595871 0.0197235 0.00581607 0.00417581 0.00682598 0.0112598 0.0163955 0.0209961 0.0238342 0.0243251 0.0228312 0.0203349 0.0177633 0.015522 0.0135169 0.0114918
 1.0062e-16 7.77881e-05 0.000756128 0.00502473 0.0228417 0.0710691 0.15142 0.221003 0.221008 0.151441 0.0711401 0.0230469 0.00553977 0.00188077 0.00221464 0.0035407 0.00509919 0.00642581 0.00710548 0.00694952 0.00610295 0.00494232 0.0038459 0.00301546 0.00245319 0.00205515
 1.00082e-16 7.98865e-05 0.000776525 0.00516028 0.0234579 0.0729863 0.155505 0.226965 0.226967 0.155518 0.0730313 0.023588 0.00548662 0.00148817 0.00142924 0.00223063 0.00319198 0.0039852 0.00433593 0.00411953 0.00343238 0.0025298 0.00167832 0.00103563 0.000626482 0.000394103
 1.00677e-16 3.63312e-05 0.000353152 0.00234682 0.0106684 0.0331935 0.0707242 0.103235 0.103287 0.0709793 0.0340497 0.0131399 0.00854586 0.0138691 0.0256565 0.0422291 0.060526 0.0754733 0.0819239 0.0775021 0.0640513 0.0464654 0.0298774 0.0173597 0.0094411 0.00506612
 1.01397e-16 7.56842e-05 0.000735677 0.00488883 0.0222239 0.0691469 0.147325 0.215026 0.215029 0.147342 0.0692058 0.0223947 0.00532029 0.00168684 0.00190924 0.00310699 0.00463152 0.00616176 0.00741219 0.00822881 0.0086378 0.00875472 0.00864142 0.00824977 0.00749443 0.00637043
 1.01796e-16 5.63176e-05 0.000547427 0.00363785 0.0165371 0.0514533 0.109628 0.160011 0.160039 0.109765 0.0519133 0.017865 0.00696876 0.0078117 0.0138316 0.0227232 0.0326027 0.0407388 0.0443945 0.042322 0.0355265 0.0266223 0.0183134 0.0121602 0.00833959 0.00619202
 1.01656e-16 7.06226e-05 0.000686476 0.00456188 0.0207376 0.0645225 0.137472 0.200647 0.200657 0.137519 0.0646801 0.0211931 0.00570704 0.00319263 0.00484848 0.00795099 0.0115561 0.0147576 0.0166725 0.0168769 0.0156264 0.0136304 0.0115758 0.00979204 0.00825475 0.00681061
 1.01857e-16 6.17999e-05 0.000600717 0.00399197 0.0181469 0.056462 0.120299 0.175584 0.175605 0.1204 0.0568022 0.0191296 0.00645804 0.0059827 0.010279 0.0168845 0.0242916 0.0304953 0.0334963 0.032375 0.027838 0.0217385 0.0159707 0.0115946 0.00869704 0.00681483
 1.01986e-16 6.65332e-05 0.000646726 0.00429772 0.0195368 0.0607864 0.129512 0.18903 0.189044 0.129581 0.061017 0.0202033 0.005972 0.0043065 0.00703117 0.0115551 0.0167236 0.0212051 0.0236816 0.0235326 0.0211786 0.017752 0.0143777 0.0116371 0.00953138 0.00779335
 1.0604e-16 2.85763e-05 0.000277772 0.00184589 0.0083912 0.0261084 0.0556286 0.0812023 0.0812536 0.0558791 0.0269495 0.010821 0.00794644 0.0136 0.0253435 0.0418887 0.0604237 0.0761613 0.0842273 0.0823622 0.072241 0.0582781 0.0449284 0.0346019 0.027401 0.0222105
 1.05146e-16 6.79227e-05 0.000660233 0.00438748 0.0199448 0.0620558 0.132217 0.192975 0.192982 0.132247 0.0621568 0.0202383 0.00513052 0.00230395 0.00325322 0.00543699 0.00821431 0.0111436 0.0138031 0.0159729 0.0176898 0.019069 0.0200599 0.0203818 0.0197043 0.0179047
 1.03675e-16 6.14445e-05 0.000597262 0.00396902 0.0180426 0.0561373 0.119607 0.174575 0.174595 0.119706 0.05647 0.0190032 0.00637957 0.00585746 0.0100459 0.0164972 0.023731 0.0297936 0.03275 0.0317386 0.0275022 0.0219028 0.0168113 0.0132238 0.0111171 0.00988596
 1.06046e-16 4.1877e-05 0.00040706 0.00270506 0.0122968 0.0382601 0.0815186 0.118986 0.119022 0.081693 0.0388459 0.0139895 0.00695767 0.0097026 0.017731 0.0293383 0.0424717 0.0538519 0.0601436 0.0597818 0.0538522 0.0452534 0.0368606 0.0301542 0.025116 0.021019
 1.05007e-16 6.53073e-05 0.00063481 0.00421854 0.0191769 0.0596664 0.127126 0.185546 0.185557 0.127177 0.0598371 0.0196713 0.00546447 0.00337095 0.00530959 0.00880004 0.0129652 0.0169244 0.0198145 0.0212271 0.0213983 0.0209341 0.0203115 0.0195841 0.0184823 0.016738
 1.03162e-16 6.46949e-05 0.000628858 0.00417898 0.0189971 0.059107 0.125934 0.183808 0.183825 0.126015 0.0593777 0.0197789 0.00614175 0.00491416 0.00820513 0.013468 0.0194105 0.0244476 0.0270168 0.0264146 0.0232198 0.0188979 0.0149119 0.0120261 0.0102099 0.00900066
 1.05331e-16 4.14334e-05 0.000402747 0.0026764 0.0121665 0.0378548 0.0806551 0.117726 0.117764 0.0808402 0.0384764 0.0139626 0.00718676 0.0102558 0.0187744 0.0310251 0.0448113 0.0566066 0.06283 0.0618137 0.0547633 0.0448739 0.0353538 0.0279142 0.0226036 0.0186203
 1.08755e-16 5.11514e-05 0.00049721 0.00330413 0.0150201 0.0467333 0.0995709 0.145331 0.145349 0.0996628 0.0470425 0.0159158 0.00556189 0.00545733 0.00956364 0.0159714 0.0235682 0.0308241 0.0361853 0.0389006 0.0393633 0.038618 0.0374766 0.0360099 0.0337493 0.0302725
 1.04854e-16 6.73508e-05 0.000654674 0.00435054 0.0197769 0.0615334 0.131104 0.191352 0.191363 0.131158 0.0617151 0.0203023 0.00567122 0.00354434 0.00557517 0.00916356 0.0133226 0.0170335 0.0193144 0.0197376 0.0186784 0.0170253 0.015586 0.0146591 0.0140311 0.0132802
 1.04297e-16 5.36112e-05 0.00052112 0.00346302 0.0157424 0.0489807 0.10436 0.152322 0.152349 0.104495 0.0494347 0.0170537 0.00675452 0.00770669 0.0137011 0.0225685 0.0325133 0.0409071 0.0451107 0.0439194 0.0382825 0.0306548 0.0235181 0.0182197 0.0147994 0.0125697
pSPR Fmed_Fpbrs
0.560044   0.23267 0.23267
Fs Fmed_Fpbrs
0.34   1.005 1.005
SSBpbr Bo_Bmed_Bpbrs
1.21812e+06  621294  222513 222513
Ro
126275
SPR SPRFo_SPRFmed_SPRFpbrs
908939 509046 211483
Fref
1.005
Nvult_r0
 93884.5 44831.6 6079.88 1837.66 1771.3
CTP_r0
 39008.2 22471.7 3047.52 921.124 887.859
YTP_r0
1.04758e+06
Np
 157426 28449.2 5080.05 2193.54 337.537
Nvult_p0
 128977 24618.2 4395.97 1898.16 292.084
CTP_p0
 53588.8 16363.1 7065.52 958.197 380.68
 53588.8 12339.8 2203.46 951.445 146.406
YTP_p0
 903093 707386
CBA_c0
1.00423e+06
log_Ro
11.5662
likeval ReclasPelacesDesembMPH_pf_preclas_ppelaces_ptallas_desvR_qrecl_qpela
 33.6446 28.5348 0.0292046 69.1598 239.564 131.597 113.386 0 24.9441 1.0243e-05 2.12269e-05 0.119403 0 0 0
q_reclas_q_pelaces
1.57242 1.91854
M
1
N
 164992 33888.9 78298.4 5576.27 0.204654
 91731.6 51521.2 9888.34 22846.5 1627.14
 91031.6 24932.8 12354.9 2371.24 5868.81
 133822 24853.8 6016.99 2981.58 1988.56
 107276 31388.9 4839.03 1171.5 967.684
 193904 33954.8 9335.74 1439.23 636.241
 74543.8 54320.5 8497.87 2336.45 519.427
 30206.2 14083.6 7789.37 1218.57 409.523
 28614.2 9838.56 4361.85 2412.46 504.238
 38638.5 6304.83 1753.48 777.39 519.828
 94518.2 6297.07 733.617 204.031 150.942
 143885 30510.7 1925.67 224.343 108.552
 64147.4 33974.8 5996.6 378.474 65.4276
 49450.9 14101.9 6035.59 1065.29 78.8587
 73330.1 4389.15 694.94 297.433 56.3837
 394099 13255.9 591.301 93.6214 47.6658
 71046.5 94617.9 2667.34 118.981 28.4298
 456505 19965.1 23784.4 670.498 37.0553
 239609 121502 4647.72 5536.84 164.713
 395522 51127.2 20693.8 791.583 971.068
 324304 100966 11219.7 4541.19 386.807
 447281 90462.5 25116.1 2790.99 1225.88
 68464.7 112748 19501 5414.29 865.919
 244100 19626.4 29150.9 5041.97 1623.74
 237338 71306.3 5211.44 7740.53 1769.96
 91972.8 70003.3 19194.2 1402.82 2560.03
 197947 28416.8 20122 5517.26 1139.1
 252989 57920.2 7563.32 5355.6 1771.63
 95307 77508.7 16451.2 2148.23 2024.37
 90934.8 29893 22757.9 4830.37 1225.15
 181360 27309.4 8254.36 6284.15 1672.11
 114593 51808.1 7026 2123.63 2046.94
pred_Ctot
 15979.2 4515.34 10432.4 742.979 0.027268
 15521 11737.8 2252.81 5205 370.704
 15201 5609.76 2779.79 533.519 1320.46
 31792.2 7783.04 1884.24 933.69 622.723
 9584.49 3866.57 596.084 144.309 119.202
 29888.1 7079.36 1946.44 300.07 132.652
 24177.8 22572.4 3531.22 970.894 215.844
 2210.39 1427.54 789.548 123.516 41.5102
 7560.23 3397.29 1506.16 833.03 174.115
 14514.2 2981.26 829.137 367.591 245.802
 7399.53 681.859 79.4374 22.0928 16.3442
 33763.2 9445.97 596.18 69.4557 33.6073
 17009.5 11770.2 2077.45 131.118 22.6666
 26455.3 8953.15 3831.94 676.344 50.0667
 24954 1903.25 301.344 128.975 24.4494
 89577.7 3984.56 177.738 28.1415 14.3278
 10839.3 19535.2 550.71 24.5654 5.86972
 81915.6 4808.79 5728.72 161.496 8.92513
 66462.6 43857.6 1677.65 1998.59 59.4552
 78831.4 13594.5 5502.42 210.479 258.204
 50687.3 21331.4 2370.42 959.433 81.7222
 91771.3 24716.5 6862.32 762.566 334.94
 9750.29 21795.6 3769.79 1046.65 167.393
 32378.5 3544.07 5263.99 910.465 293.211
 30281.1 12403.9 906.54 1346.48 307.888
 9443.27 9871.54 2706.68 197.819 361.004
 26085 5099.21 3610.76 990.036 204.403
 27139.6 8522.22 1112.85 788.009 260.673
 8997.31 10073.6 2138.12 279.2 263.102
 10732.6 4823.87 3672.48 779.484 197.704
 26153.6 5342.9 1614.91 1229.45 327.137
 7684.1 4820.52 653.739 197.595 190.459
F
 0.163904 0.231731 0.231731 0.231731 0.231731
 0.302684 0.427943 0.427943 0.427943 0.427943
 0.298195 0.421596 0.421596 0.421596 0.421596
 0.450054 0.636298 0.636298 0.636298 0.636298
 0.150376 0.212605 0.212605 0.212605 0.212605
 0.272464 0.385216 0.385216 0.385216 0.385216
 0.666377 0.942141 0.942141 0.942141 0.942141
 0.121736 0.172114 0.172114 0.172114 0.172114
 0.512587 0.724709 0.724709 0.724709 0.724709
 0.814164 1.15108 1.15108 1.15108 1.15108
 0.130715 0.184809 0.184809 0.184809 0.184809
 0.443396 0.626884 0.626884 0.626884 0.626884
 0.514877 0.727945 0.727945 0.727945 0.727945
 1.42184 2.01024 2.01024 2.01024 2.01024
 0.71053 1.00457 1.00457 1.00457 1.00457
 0.426756 0.603359 0.603359 0.603359 0.603359
 0.269351 0.380816 0.380816 0.380816 0.380816
 0.323666 0.457607 0.457607 0.457607 0.457607
 0.544691 0.770097 0.770097 0.770097 0.770097
 0.365425 0.516647 0.516647 0.516647 0.516647
 0.276746 0.391271 0.391271 0.391271 0.391271
 0.37803 0.534469 0.534469 0.534469 0.534469
 0.249444 0.352671 0.352671 0.352671 0.352671
 0.230592 0.326017 0.326017 0.326017 0.326017
 0.220943 0.312375 0.312375 0.312375 0.312375
 0.174511 0.246728 0.246728 0.246728 0.246728
 0.228933 0.323671 0.323671 0.323671 0.323671
 0.182955 0.258666 0.258666 0.258666 0.258666
 0.159479 0.225476 0.225476 0.225476 0.225476
 0.202913 0.286883 0.286883 0.286883 0.286883
 0.25294 0.357612 0.357612 0.357612 0.357612
 0.111067 0.15703 0.15703 0.15703 0.15703
YTP_r0W_actual
 335470 557298 85025.8 34357.9 35425.6
YTP_p0W_proyectada
 404060 285537 170067 30010.7 13419
 404060 215329 53037.4 29799.3 5160.83
CTP_r0_actual
 39008.2 22471.7 3047.52 921.124 887.859
CTP_p0_proyectada
 53588.8 16363.1 7065.52 958.197 380.68
 53588.8 12339.8 2203.46 951.445 146.406
Wmedp
 7.54 17.45 24.07 31.32 35.25
Frms_r0
 0.710838 1.005 1.005 1.005 1.005
Zrms_r0
 1.71084 2.005 2.005 2.005 2.005
nmprior
 7.29 8.9 8.7 0
nm_flota  nm_reclas  nm_pelaces    nm_pelaL
inf 11.9897 18.3459 58.743
cv_recla  cv_pelaces  cv_mph
0.256567 0.487637 0.679018
 ------------------------------------------------
Talla a la edad & desviaci?n 
 8 13.2811 15.8009 17.003 17.5766
 0.8 1.32811 1.58009 1.7003 1.75766
