    unsorted:	 2.439537862e-06 6.855868833e-05 3.099410536e-05 9.809818836e-05 11.66895126 12.32393274 11.05108547 4.368513667 31.49256554 47.80935077 77.07689972 126.2056263 194.0069998 209.7779682 245.0833363 392.2741639 2151.718807 2251.573067 2260.961997 2117.725820 2061.328774 2025.345504 2337.357808 2422.963183 2462.831194 2516.821175 1718.546703 1696.082391 2588.735129 1464.852419 1247.366957 1128.364499 1026.149963 759.3291375 2804.920602 3132.823565 3351.288872 3690.792669 3769.015866 3886.691285 4356.823492 4567.208884 4701.767744 11769.89174 25943.32084 43074.22474 169147.9226 378941.7807 382764.7754 393341.6601 372288.4295 404955.0777 348556.6081 315000.8391 467191.7497 472721.6554 607855.2189 643278.5750 682869.5189 733344.7332 839086.2924 1100269.253 1056073.522 1253281.050 1452300.699 1570613.494 1854687.981 2030134.591 2137281.773 2308165.148 2537735.056 2629637.206 2850632.139 3400423.095 10539489.75 52248663.75
      sorted:	 2.439537862e-06 3.099410536e-05 6.855868833e-05 9.809818836e-05 4.368513667 11.05108547 11.66895126 12.32393274 31.49256554 47.80935077 77.07689972 126.2056263 194.0069998 209.7779682 245.0833363 392.2741639 759.3291375 1026.149963 1128.364499 1247.366957 1464.852419 1696.082391 1718.546703 2025.345504 2061.328774 2117.725820 2151.718807 2251.573067 2260.961997 2337.357808 2422.963183 2462.831194 2516.821175 2588.735129 2804.920602 3132.823565 3351.288872 3690.792669 3769.015866 3886.691285 4356.823492 4567.208884 4701.767744 11769.89174 25943.32084 43074.22474 169147.9226 315000.8391 348556.6081 372288.4295 378941.7807 382764.7754 393341.6601 404955.0777 467191.7497 472721.6554 607855.2189 643278.5750 682869.5189 733344.7332 839086.2924 1056073.522 1100269.253 1253281.050 1452300.699 1570613.494 1854687.981 2030134.591 2137281.773 2308165.148 2537735.056 2629637.206 2850632.139 3400423.095 10539489.75 52248663.75
