years
 1991 1992 1993 1994 1995 1996 1997 1998 1999 2000 2001 2002 2003 2004 2005 2006 2007 2008 2009 2010 2011 2012 2013 2014 2015 2016 2017 2018 2019 2020 2021
reclasobs
 0 0 0 0 0 0 0 0 0 252601 567819 844713 477998 351125 339783 2.1784e+06 2.13404e+06 4.81314e+06 1.55562e+06 2.62356e+06 3.21686e+06 3.843e+06 1.13348e+06 3.07943e+06 1.97215e+06 2.03268e+06 2.025e+06 2.42433e+06 2.27542e+06 1.05018e+06 2.36338e+06
reclaspred
 4.24391e+06 2.2855e+06 1.11955e+06 1.37305e+06 1.56697e+06 3.18842e+06 1.73977e+06 1.29917e+06 748895 274722 560271 1.04492e+06 675653 294231 504217 1.74599e+06 1.44445e+06 3.18222e+06 2.1833e+06 2.44433e+06 3.9268e+06 2.79653e+06 1.52167e+06 2.48257e+06 1.98238e+06 1.68455e+06 2.1915e+06 2.4803e+06 1.9255e+06 1.31089e+06 2.30578e+06
pelacesobs
 0 0 0 0 0 0 0 0 0 0 0 0 0 0 0 552880 188675 0 991730 2.46772e+06 1.41603e+06 1.21717e+06 2.29649e+06 1.80582e+06 0 1.4828e+06 1.56532e+06 1.57751e+06 1.42118e+06 867257 1.10002e+06
pelacespred
 2.80115e+06 1.53191e+06 696651 662975 977387 1.92651e+06 1.01927e+06 1.00074e+06 483944 114513 307461 499154 331993 95555.9 224365 746227 766185 1.67939e+06 1.12403e+06 1.12923e+06 2.11443e+06 1.51009e+06 889566 1.46376e+06 1.18493e+06 1.05475e+06 1.46208e+06 1.55967e+06 1.25023e+06 839223 1.18963e+06
mphobs
 0 0 0 0 0 0 0 0 0 0 0 0 498337 0 5186 125008 0 168611 109162 213762 579715 649985 157893 87575 83554 210694 70296 0 107559 103333 445601
mphpred
 817766 559111 249526 143841 206343 291882 468711 202268 170516 65209.5 18775.6 104933 134167 43467.1 12683.5 51534.6 266160 183944 369502 191906 402080 382959 273690 146255 308046 248563 195874 271849 394113 234126 140241
desembarqueobs
 494567 514787 250237 358949 120608 361735 552515 73892 212993 205616 52469 317467 293654 387597 252695 516296 358380 742168 942051 627588 828172 859565 418607 520667 417249 300574 415391 372974 316634 284311 391294
desembarquepred
 494556 514407 250405 358942 120609 361715 552480 73897.8 213076 205688 52470.5 317392 293655 387546 252497 516169 358536 742077 941244 627085 828279 859497 418587 520760 417150 300570 415338 372883 316491 284107 391225
Reclutas
 145352 95372.3 83733.7 128624 93345.9 194312 69451.7 24206.5 23133 30339.3 54164.1 115352 57275.7 58386.4 53811.7 255499 50890.5 321470 223105 285197 224419 322878 44595.8 146681 150683 53066.7 131123 135702 54376.3 60451.2 146891
log_desv_Rt
 0.41165 -0.00971976 -0.139867 0.289388 -0.0311959 0.701955 -0.326877 -1.38089 -1.42625 -1.15507 -0.57549 0.180478 -0.519632 -0.500425 -0.582018 0.975711 -0.637832 1.2054 0.840133 1.08567 0.846008 1.20977 -0.76987 0.420752 0.447669 -0.595958 0.308626 0.342952 -0.571579 -0.465672 0.422181
SSB
 817766 559111 249526 143841 206343 291882 468711 202268 170516 65209.5 18775.6 104933 124785 41701.9 12043.4 49502.5 266160 183944 387721 199314 431283 442192 339664 168142 324668 283607 205986 271849 413550 225967 159514
BT
 1.37773e+06 1.02299e+06 466775 594072 486999 1.22121e+06 835646 470855 400971 244425 212852 503066 407059 448788 378763 834795 568089 1.5641e+06 1.39531e+06 1.03989e+06 1.67056e+06 1.42148e+06 692460 1.27834e+06 851608 687614 1.17417e+06 1.06735e+06 697733 620508 911447
Ftot
 0.435372 0.805793 0.799868 0.912581 0.289711 0.418337 1.09224 0.216638 0.989084 2.14739 0.343343 1.04178 1.41642 3.14581 1.58925 1.01157 0.877769 0.818785 1.40654 0.893785 0.752814 1.05452 0.96329 0.743204 0.751724 0.648662 0.677871 0.545798 0.604675 0.77365 0.609637
BD_Bspro_t
 0.932711 0.590538 0.322462 0.234592 0.280357 0.404127 0.457762 0.243153 0.274446 0.153097 0.0675521 0.365973 0.268961 0.0972408 0.0306461 0.114517 0.291179 0.209619 0.297357 0.167803 0.252371 0.252622 0.222235 0.143704 0.271839 0.287197 0.267816 0.356427 0.435434 0.307095 0.268432
BD_Bspro
 1.18967 0.813384 0.363007 0.209258 0.300184 0.424624 0.681872 0.294255 0.248064 0.0948656 0.0273144 0.152654 0.181535 0.0606672 0.0175205 0.0720154 0.387205 0.267598 0.56405 0.289959 0.627423 0.643293 0.494138 0.244609 0.472321 0.412586 0.299665 0.395481 0.601625 0.328732 0.232059
BD_Bo
 1.59388 1.08974 0.486343 0.280356 0.402176 0.568896 0.913547 0.394232 0.332347 0.127097 0.0365948 0.204521 0.243213 0.0812797 0.0234733 0.0964835 0.518763 0.358518 0.755693 0.388476 0.840598 0.86186 0.662027 0.327719 0.632798 0.552768 0.401479 0.52985 0.806034 0.440423 0.310904
BD_Brms
 9.85286 6.73645 3.00642 1.73308 2.48613 3.51674 5.64727 2.43702 2.05447 0.785677 0.226218 1.26428 1.50347 0.502446 0.145105 0.596431 3.20683 2.21625 4.67147 2.40144 5.19632 5.32775 4.09245 2.02586 3.91176 3.41704 2.48182 3.27537 4.98266 2.72256 1.92191
Sel_flota
 0.796755 1 1 1 1
 0.796755 1 1 1 1
 0.796755 1 1 1 1
 0.796755 1 1 1 1
 0.796755 1 1 1 1
 0.796755 1 1 1 1
 0.796755 1 1 1 1
 0.796755 1 1 1 1
 0.796755 1 1 1 1
 0.796755 1 1 1 1
 0.796755 1 1 1 1
 0.796755 1 1 1 1
 0.796755 1 1 1 1
 0.796755 1 1 1 1
 0.796755 1 1 1 1
 0.796755 1 1 1 1
 0.796755 1 1 1 1
 0.796755 1 1 1 1
 0.796755 1 1 1 1
 0.796755 1 1 1 1
 0.796755 1 1 1 1
 0.796755 1 1 1 1
 0.796755 1 1 1 1
 0.796755 1 1 1 1
 0.796755 1 1 1 1
 0.796755 1 1 1 1
 0.796755 1 1 1 1
 0.796755 1 1 1 1
 0.796755 1 1 1 1
 0.796755 1 1 1 1
 0.796755 1 1 1 1
Sel_reclas
 0.753256 1 1 1 1
 0.753256 1 1 1 1
 0.753256 1 1 1 1
 0.753256 1 1 1 1
 0.753256 1 1 1 1
 0.753256 1 1 1 1
 0.753256 1 1 1 1
 0.753256 1 1 1 1
 0.753256 1 1 1 1
 0.753256 1 1 1 1
 0.753256 1 1 1 1
 0.753256 1 1 1 1
 0.753256 1 1 1 1
 0.753256 1 1 1 1
 0.753256 1 1 1 1
 0.753256 1 1 1 1
 0.753256 1 1 1 1
 0.753256 1 1 1 1
 0.753256 1 1 1 1
 0.753256 1 1 1 1
 0.753256 1 1 1 1
 0.753256 1 1 1 1
 0.753256 1 1 1 1
 0.753256 1 1 1 1
 0.753256 1 1 1 1
 0.753256 1 1 1 1
 0.753256 1 1 1 1
 0.753256 1 1 1 1
 0.753256 1 1 1 1
 0.753256 1 1 1 1
 0.753256 1 1 1 1
Sel_pelaces
 0.5 1 1 1 1
 0.5 1 1 1 1
 0.5 1 1 1 1
 0.5 1 1 1 1
 0.5 1 1 1 1
 0.5 1 1 1 1
 0.5 1 1 1 1
 0.5 1 1 1 1
 0.5 1 1 1 1
 0.5 1 1 1 1
 0.5 1 1 1 1
 0.5 1 1 1 1
 0.5 1 1 1 1
 0.5 1 1 1 1
 0.5 1 1 1 1
 0.5 1 1 1 1
 0.5 1 1 1 1
 0.5 1 1 1 1
 0.5 1 1 1 1
 0.5 1 1 1 1
 0.5 1 1 1 1
 0.5 1 1 1 1
 0.5 1 1 1 1
 0.5 1 1 1 1
 0.5 1 1 1 1
 0.5 1 1 1 1
 0.5 1 1 1 1
 0.5 1 1 1 1
 0.5 1 1 1 1
 0.5 1 1 1 1
 0.5 1 1 1 1
pf_obs 
 0.8446 0.082 0.0669 0.0065 0
 0.8095 0.147 0.0364 0.0071 0
 0.9664 0.0169 0.016 0.0007 0
 0.9276 0.0648 0.0075 0.0001 0
 0.7033 0.2144 0.0806 0.0017 0
 0.9318 0.0425 0.0243 0.0014 0
 0.5671 0.3108 0.0964 0.0239 0.0018
 0.0768 0.2599 0.5324 0.112 0.0189
 0.490249 0.384438 0.106611 0.0170017 0.00170017
 0.7925 0.1577 0.0466 0.003 0.0002
 0.840416 0.127587 0.0312969 0.00059994 9.999e-05
 0.8084 0.0986 0.0794 0.0134 0.0002
 0.7335 0.1905 0.0724 0.0035 0.0001
 0.4001 0.4547 0.1325 0.0127 0
 0.49795 0.308269 0.164784 0.0264974 0.00249975
 0.9179 0.0499 0.0305 0.0017 0
 0.2467 0.6533 0.0926 0.0074 0
 0.9418 0.0223 0.034 0.0019 0
 0.707729 0.231977 0.0356964 0.0245975 0
 0.517169 0.277429 0.184464 0.0207286 0.00020938
 0.811772 0.124168 0.05621 0.00726502 0.000585176
 0.764997 0.148141 0.077277 0.00933861 0.000247198
 0.163321 0.427699 0.378323 0.0303852 0.000271297
 0.753843 0.0900009 0.118128 0.0371064 0.000921714
 0.721811 0.176058 0.0630433 0.0369309 0.00215725
 0.143369 0.312575 0.442814 0.0836902 0.0175525
 0.692698 0.0596174 0.167031 0.0765114 0.00414204
 0.394062 0.376323 0.152708 0.0712218 0.00568511
 0.125707 0.32114 0.495352 0.0537591 0.00404204
 0.23352 0.215282 0.420074 0.123614 0.00750983
 0.796117 0.104755 0.0508955 0.0450114 0.00322123
pf_pred 
 0.660004 0.147095 0.177395 0.0155049 8.51597e-07
 0.605712 0.283907 0.0477552 0.0575922 0.00503403
 0.72319 0.188657 0.0634747 0.0106769 0.0140017
 0.840569 0.125046 0.0234352 0.0078849 0.0030656
 0.745903 0.22405 0.0235668 0.00441671 0.00206379
 0.823052 0.140217 0.0323879 0.00340674 0.000936801
 0.500785 0.429388 0.0553323 0.0127809 0.00171405
 0.520979 0.283992 0.16775 0.0216168 0.00566278
 0.606369 0.229714 0.09718 0.0574028 0.00933487
 0.829506 0.11726 0.0310662 0.0131425 0.00902551
 0.951552 0.0432627 0.00356657 0.000944906 0.00067426
 0.862694 0.132167 0.00458946 0.000378355 0.000171767
 0.709215 0.261861 0.027842 0.000966808 0.000115888
 0.862392 0.108438 0.0262684 0.00279296 0.00010861
 0.961734 0.0354915 0.00218624 0.000529599 5.84987e-05
 0.974509 0.0248595 0.000585896 3.60905e-05 9.70836e-06
 0.502772 0.488324 0.00868336 0.000204652 1.59974e-05
 0.944977 0.0323142 0.0223019 0.000396571 1.00771e-05
 0.752531 0.237558 0.0058206 0.00401713 7.32476e-05
 0.881663 0.0973101 0.0201846 0.000494561 0.000347549
 0.770374 0.209674 0.0164067 0.00340318 0.000141982
 0.834183 0.136413 0.0268488 0.00210089 0.00045396
 0.394946 0.531823 0.060245 0.0118574 0.00112831
 0.886575 0.0546526 0.0516588 0.00585191 0.00126137
 0.79564 0.187033 0.00834871 0.00789137 0.00108662
 0.551549 0.378195 0.0642998 0.00287019 0.00308652
 0.855398 0.0905769 0.0455609 0.00774616 0.000717601
 0.781243 0.194708 0.0150641 0.00757736 0.00140763
 0.537473 0.382799 0.070963 0.00549025 0.00327466
 0.716305 0.173508 0.0911938 0.0169054 0.00208805
 0.888194 0.0869697 0.0151899 0.00798368 0.00166281
pobs_RECLAS
 0 0 0 0 0
 0 0 0 0 0
 0 0 0 0 0
 0 0 0 0 0
 0 0 0 0 0
 0 0 0 0 0
 0 0 0 0 0
 0 0 0 0 0
 0 0 0 0 0
 0 0 0 0 0
 0.991045 0.00858322 0.000360255 1.14367e-05 0
 0.934742 0.0480273 0.0164251 0.00080598 0
 0.827803 0.169806 0.00239088 0 0
 0.941827 0.0461693 0.0120037 0 0
 0.791401 0.0380133 0.147996 0.0225897 0
 0.846168 0.0940531 0.0597789 0 0
 0.134021 0.677848 0.182769 0.00536245 0
 0.80878 0.0450904 0.141981 0.00414843 0
 0.846168 0.0940531 0.0597789 0 0
 0.905697 0.0802665 0.012482 0.00150086 5.37128e-05
 0.989698 0.0102097 9.19794e-05 0 0
 0.975433 0.0193895 0.00387452 0.00125025 5.28907e-05
 0.303575 0.632131 0.0575291 0.00676475 0
 0.966965 0.00978017 0.0227588 0.000495775 0
 0.843318 0.132988 0.00938335 0.0141283 0.000182051
 0.564624 0.303363 0.111486 0.0197234 0.00080311
 0.826376 0.0876187 0.0782897 0.00655872 0.00115652
 0.89761 0.0855135 0.0140674 0.00269457 0.000114338
 0.34875 0.467042 0.161289 0.0227151 0.000203297
 0.318654 0.224769 0.449479 0.00709798 0
 0.937255 0.0296025 0.0250945 0.00804832 0
ppred_RECLAS
 0.649561 0.151613 0.182844 0.0159812 8.77753e-07
 0.597634 0.289723 0.0487335 0.058772 0.00513716
 0.716345 0.193322 0.0650441 0.0109409 0.0143479
 0.836581 0.128173 0.0240213 0.00808209 0.00314227
 0.736288 0.232528 0.0244585 0.00458384 0.00214188
 0.816149 0.145686 0.0336513 0.00353963 0.000973344
 0.495362 0.434052 0.0559333 0.0129197 0.00173266
 0.508025 0.291671 0.172286 0.0222013 0.00581591
 0.600088 0.233379 0.0987307 0.0583188 0.00948382
 0.834768 0.113641 0.0301073 0.0127368 0.00874693
 0.949254 0.045314 0.00373568 0.000989709 0.00070623
 0.859832 0.134921 0.0046851 0.000386239 0.000175347
 0.708013 0.262943 0.0279571 0.000970803 0.000116367
 0.874993 0.0985081 0.0238628 0.00253719 9.86639e-05
 0.961865 0.0353704 0.00217878 0.000527792 5.82991e-05
 0.973873 0.0254791 0.000600499 3.69901e-05 9.95034e-06
 0.495054 0.495904 0.00881814 0.000207829 1.62458e-05
 0.943225 0.0333432 0.0230121 0.0004092 1.0398e-05
 0.751349 0.238692 0.0058484 0.00403632 7.35975e-05
 0.878473 0.0999333 0.0207288 0.000507892 0.000356918
 0.763997 0.215497 0.0168624 0.0034977 0.000145925
 0.830923 0.139095 0.0273766 0.00214219 0.000462884
 0.388431 0.537549 0.0608936 0.0119851 0.00114046
 0.882898 0.0564246 0.0533337 0.00604164 0.00130226
 0.789766 0.19241 0.00858869 0.0081182 0.00111785
 0.541775 0.386437 0.0657012 0.00293274 0.00315379
 0.850581 0.0935946 0.0470788 0.00800423 0.000741509
 0.773832 0.201304 0.0155745 0.00783408 0.00145532
 0.527283 0.391233 0.0725263 0.00561121 0.0033468
 0.709154 0.177881 0.0934926 0.0173316 0.00214069
 0.884081 0.0901689 0.0157487 0.00827736 0.00172397
pobs_PELACES
 0 0 0 0 0
 0 0 0 0 0
 0 0 0 0 0
 0 0 0 0 0
 0 0 0 0 0
 0 0 0 0 0
 0 0 0 0 0
 0 0 0 0 0
 0 0 0 0 0
 0 0 0 0 0
 0 0 0 0 0
 0 0 0 0 0
 0 0 0 0 0
 0 0 0 0 0
 0 0 0 0 0
 0 0 0 0 0
 0.505614 0.472636 0.0217494 0 0
 0 0 0 0 0
 0.443492 0.261883 0.143347 0.151278 0
 0.227955 0.32914 0.350689 0.0885471 0.00366901
 0.970185 0.0296113 0.000203453 0 0
 0.997202 0.00247181 0.000326279 0 0
 0.445219 0.490057 0.0546422 0.010081 0
 0.90214 0.0892962 0.00764917 0.000914606 0
 0 0 0 0 0
 0.581667 0.319106 0.0959925 0.00289975 0.000334073
 0.762889 0.0836404 0.116647 0.0363945 0.000428098
 0.88444 0.0763242 0.0277011 0.0115352 0
 0.521256 0.241999 0.230069 0.00667565 0
 0.616807 0.101726 0.260614 0.0208532 0
 0.833518 0.0704572 0.0857862 0.0102388 0
ppred_PELACES
 0.558855 0.190856 0.23017 0.0201177 1.10495e-06
 0.509965 0.352849 0.0593518 0.0715775 0.00625647
 0.638822 0.246157 0.0828208 0.0139311 0.0182692
 0.783201 0.170041 0.0318678 0.0107221 0.00416869
 0.653939 0.305139 0.0320962 0.00601524 0.00281072
 0.751893 0.196604 0.0454126 0.00477674 0.00131353
 0.412149 0.505626 0.0651566 0.0150502 0.00201838
 0.410194 0.349672 0.206546 0.0266161 0.00697243
 0.515588 0.282691 0.119592 0.0706413 0.0114877
 0.794789 0.141137 0.0373921 0.0158187 0.0108634
 0.92704 0.0651508 0.00537102 0.00142297 0.00101539
 0.813661 0.179365 0.00622839 0.000513468 0.000233106
 0.638984 0.325105 0.0345665 0.00120031 0.000143877
 0.851579 0.116959 0.0283324 0.00301241 0.000117144
 0.949046 0.0472599 0.00291116 0.000705206 7.7896e-05
 0.96361 0.0354887 0.000836408 5.15218e-05 1.38594e-05
 0.408369 0.581036 0.010332 0.000243507 1.90347e-05
 0.92095 0.0464249 0.0320405 0.000569743 1.44775e-05
 0.687909 0.299592 0.00734055 0.00506614 9.2375e-05
 0.835923 0.134923 0.0279865 0.000685721 0.000481885
 0.693262 0.280086 0.0219164 0.00454603 0.000189662
 0.777839 0.182766 0.035972 0.00281477 0.000608215
 0.310218 0.606296 0.0686813 0.0135178 0.00128631
 0.840267 0.0769661 0.0727499 0.00824111 0.00177636
 0.723949 0.252646 0.0112775 0.0106597 0.00146781
 0.450463 0.463444 0.0787937 0.00351716 0.00378226
 0.79816 0.126431 0.0635955 0.0108124 0.00100165
 0.70201 0.265231 0.0205203 0.0103219 0.00191748
 0.435364 0.467308 0.086629 0.0067023 0.00399759
 0.630269 0.226127 0.11885 0.0220323 0.0027213
 0.840607 0.123986 0.0216551 0.0113817 0.00237053
pobs_pel_tallas
 0 0 0 0 0 0 0 0 0 0 0 0 0 0 0 0 0 0 0 0 0 0 0 0 0 0
 0 0 0 0 0 0 0 0 0 0 0 0 0 0 0 0 0 0 0 0 0 0 0 0 0 0
 0 0 0 0 0 0 0 0 0 0 0 0 0 0 0 0 0 0 0 0 0 0 0 0 0 0
 0 0 0 0 0 0 0 0 0 0 0 0 0 0 0 0 0 0 0 0 0 0 0 0 0 0
 0 0 0 0 0 0 0 0 0 0 0 0 0 0 0 0 0 0 0 0 0 0 0 0 0 0
 0 0 0 0 0 0 0 0 0 0 0 0 0 0 0 0 0 0 0 0 0 0 0 0 0 0
 0 0 0 0 0 0 0 0 0 0 0 0 0 0 0 0 0 0 0 0 0 0 0 0 0 0
 0 0 0 0 0 0 0 0 0 0 0 0 0 0 0 0 0 0 0 0 0 0 0 0 0 0
 0 0 0 0 0 0 0 0 0 0 0 0 0 0 0 0 0 0 0 0 0 0 0 0 0 0
 0 0 0 0 0 0 0 0 0 0 0 0 0 0 0 0 0 0 0 0 0 0 0 0 0 0
 0 0 0 0 0 0 0 0 0 0 0 0 0 0 0 0 0 0 0 0 0 0 0 0 0 0
 0 0 0 0 0 0 0 0 0 0 0 0 0 0 0 0 0 0 0 0 0 0 0 0 0 0
 0.00862536 0 0 0.000197151 0.00414017 0.0128641 0.00837892 0.0270097 0.101434 0.158115 0.152841 0.127902 0.109271 0.109419 0.0830992 0.0579132 0.0238553 0.00714673 0.00463305 0.00128148 0.00103504 0.000492878 0.000147863 0.000147863 4.92878e-05 0
 0 0 0 0 0 0 0 0 0 0 0 0 0 0 0 0 0 0 0 0 0 0 0 0 0 0
 0 0 0 0 0 0 0 0.0054083 0.00873648 0.0413646 0.0450493 0.0745869 0.0622846 0.0627006 0.0613931 0.0827291 0.12552 0.122667 0.0946155 0.0697135 0.0546179 0.0294188 0.0215738 0.0213955 0.0102223 0.00600262
 0 0 0 0 0.00359764 0.0251062 0.0480494 0.140153 0.205849 0.193036 0.1447 0.116669 0.0760912 0.0342217 0.00950174 0.001854 0.000860785 0 0 0 0.000165536 0 0.000143464 0 0 0
 0 0 0 0 0 0 0 0.000145254 0.000435761 0.0275982 0.070085 0.0708112 0.156366 0.174668 0.174014 0.160142 0.0824315 0.0480064 0.0283245 0.00493863 0.00203355 0 0 0 0 0
 0 0 0 0 0 0 0 0 0 0 0 0 0 0 0 0 0 0 0 0 0 0 0 0 0 0
 0 0 1.00437e-05 0.000401748 0.00122533 0.00171747 0.00176769 0.0269171 0.070346 0.194647 0.189555 0.159765 0.064822 0.0314167 0.0384472 0.0292271 0.0345202 0.0313363 0.0194345 0.0106764 0.0143323 0.0359363 0.0279516 0.0138201 0.00172751 0
 0 0.0021121 0.0136068 0.0755702 0.200478 0.177729 0.0527432 0.0373336 0.0318909 0.0142505 0.0149659 0.0166563 0.0217959 0.0798694 0.0677717 0.0528807 0.04013 0.0224614 0.0357745 0.0225083 0.00881397 0.00855152 0.00135912 0.000746735 0 0
 0 0 0 0 5.4009e-05 0.00500934 0.000945158 0.0243581 0.138947 0.33067 0.221406 0.137944 0.0707744 0.0437923 0.0131692 0.00525238 0.0047753 0.00276346 9.45158e-05 9.00151e-06 2.25038e-05 9.00151e-06 4.50075e-06 0 0 0
 0.000866109 0.00284123 0.00948549 0.0512746 0.133035 0.25785 0.225252 0.132002 0.0553304 0.0519788 0.0540692 0.017754 0.00435017 0.00159236 0.00146478 0.000404838 0.000125132 0.000115318 0.000107957 0.000100596 0 0 0 0 0 0
 0 0 0 0 0.00144013 0.00171154 0.00461396 0.0210425 0.0478622 0.0707936 0.0888783 0.103762 0.0637923 0.0337046 0.0602308 0.124433 0.169614 0.0934646 0.0462172 0.0250306 0.0313229 0.00938855 0.002487 0.000210481 0 0
 0 0.00764035 0.051015 0.0998891 0.058973 0.0496711 0.0374665 0.0718981 0.12319 0.153886 0.159021 0.0857701 0.0377988 0.023471 0.0147837 0.00900784 0.00315554 0.000888139 0.00291439 0.00214683 0.00393193 0.00274676 0.000635225 9.99891e-05 0 0
 0 0 0 0 0 0 0 0 0 0 0 0 0 0 0 0 0 0 0 0 0 0 0 0 0 0
 0 0 0 0 0 0 0 0 0 0 0 0 0 0 0 0 0 0 0 0 0 0 0 0 0 0
 0 0 0 0 0 0 0 0 0 0 0 0 0 0 0 0 0 0 0 0 0 0 0 0 0 0
 0 0 0 0 0 0 0 0 0 0 0 0 0 0 0 0 0 0 0 0 0 0 0 0 0 0
 0 0 0 0 0 0 0 0 0 0 0 0 0 0 0 0 0 0 0 0 0 0 0 0 0 0
 0 0 0 0 0 0 0 0 0 0 0 0 0 0 0 0 0 0 0 0 0 0 0 0 0 0
 0 0 0 0 0 0 0 0 0 0 0 0 0 0 0 0 0 0 0 0 0 0 0 0 0 0
ppred_pel_tallas
 1.08709e-16 4.60322e-05 0.000447449 0.00297346 0.0135169 0.0420562 0.0896059 0.130786 0.130805 0.0896975 0.0423647 0.0144119 0.00523515 0.00543519 0.00966619 0.0162912 0.0243556 0.0324807 0.0392215 0.043801 0.0463715 0.0475242 0.0475295 0.0460445 0.0425138 0.0368184
 1.1004e-16 4.20052e-05 0.000408306 0.00271334 0.0123344 0.0383772 0.081768 0.11935 0.119384 0.0819344 0.038936 0.0139488 0.00676779 0.0092665 0.0168879 0.0279151 0.0403651 0.0511143 0.0570309 0.0567384 0.0514511 0.044118 0.0375679 0.0330983 0.0303468 0.0281356
 1.06942e-16 5.2619e-05 0.000511475 0.00339894 0.0154511 0.0480742 0.102428 0.149502 0.149525 0.102544 0.0484651 0.0165812 0.00623958 0.00672559 0.0118925 0.0196779 0.0285782 0.0364376 0.041087 0.0415245 0.0384755 0.0338121 0.0293256 0.025835 0.0231599 0.0206948
 1.02744e-16 6.45113e-05 0.000627072 0.00416712 0.0189431 0.0589392 0.125577 0.183286 0.183303 0.125657 0.0592084 0.0197208 0.00612 0.00489267 0.00817292 0.0134287 0.0193842 0.0244747 0.0271506 0.0267011 0.0236674 0.019455 0.015466 0.0124343 0.0103482 0.00881124
 1.02084e-16 5.38641e-05 0.000523578 0.00347936 0.0158167 0.0492118 0.104852 0.153041 0.15307 0.104996 0.0496939 0.017209 0.00697341 0.00814807 0.0145252 0.0239042 0.0343739 0.0431078 0.0472599 0.0455141 0.0388678 0.0299592 0.0215046 0.0150545 0.0107842 0.00807644
 1.02063e-16 6.19325e-05 0.000602006 0.00400054 0.0181859 0.0565832 0.120557 0.175961 0.17598 0.12065 0.0568946 0.0190858 0.00626065 0.00553995 0.00945193 0.0155587 0.0224778 0.0284115 0.0315616 0.0310828 0.0275597 0.0225669 0.0176889 0.0137768 0.0108748 0.00862687
 1.03861e-16 3.39482e-05 0.000329989 0.0021929 0.00996861 0.0310163 0.0660854 0.0964637 0.0965124 0.0663234 0.0318157 0.0122772 0.00798724 0.0129773 0.0240479 0.0396877 0.0571333 0.0717708 0.0789102 0.0763767 0.0657963 0.0514763 0.0378253 0.027323 0.020207 0.0154616
 1.099e-16 3.37872e-05 0.000328424 0.00218249 0.00992132 0.0308691 0.0657711 0.096002 0.0960359 0.0659371 0.0314272 0.0115366 0.00624898 0.00924519 0.0170843 0.0284928 0.0417458 0.0539631 0.0621775 0.0649435 0.0630466 0.0586645 0.0537386 0.0489332 0.0438293 0.0378417
 1.12552e-16 4.24684e-05 0.000412808 0.00274325 0.0124704 0.0388003 0.0826692 0.120664 0.120691 0.0828031 0.0392504 0.0137724 0.0060188 0.00758812 0.0137434 0.0228493 0.0333781 0.0429747 0.0492708 0.0512118 0.0496391 0.0465658 0.0437484 0.041712 0.0398348 0.0371452
 1.0454e-16 6.54657e-05 0.00063635 0.00422877 0.0192234 0.0598112 0.127434 0.185997 0.186011 0.127501 0.060035 0.0198704 0.00585465 0.00419128 0.00683374 0.0112388 0.0162913 0.0207194 0.0232778 0.0234086 0.0215652 0.018873 0.0164059 0.0146478 0.0134605 0.0124176
 1.00487e-16 7.63591e-05 0.000742237 0.00493243 0.0224221 0.0697635 0.148639 0.216944 0.21695 0.148669 0.0698664 0.0227192 0.00567795 0.00236875 0.00316254 0.00509998 0.00732181 0.00917066 0.0100337 0.00963096 0.00818 0.00625244 0.00443758 0.00307312 0.00219666 0.00166909
 1.00317e-16 6.70202e-05 0.00065146 0.00432918 0.0196798 0.0612314 0.130461 0.190415 0.190432 0.130545 0.0615144 0.0204967 0.00637816 0.00511923 0.00853686 0.013967 0.020019 0.024975 0.0271333 0.0257097 0.0213116 0.0155507 0.0101146 0.00600981 0.00340458 0.00194847
 1.01226e-16 5.26323e-05 0.000511605 0.0033998 0.015455 0.0480864 0.102454 0.149542 0.149573 0.102607 0.0486 0.0169383 0.00712196 0.0086334 0.0154663 0.0254559 0.0365937 0.0458628 0.0502173 0.0482377 0.0409698 0.0312174 0.0218852 0.0146605 0.00978699 0.00667116
 1.0117e-16 7.01435e-05 0.00068182 0.00453093 0.020597 0.0640849 0.13654 0.199287 0.199298 0.136595 0.0642702 0.0211325 0.00587591 0.00362066 0.0056595 0.00926584 0.0133882 0.0169324 0.018828 0.0185708 0.0165041 0.0135569 0.0106627 0.00832114 0.00655813 0.00516874
 1.00181e-16 7.81717e-05 0.000759856 0.00504951 0.0229544 0.0714195 0.152167 0.222093 0.222098 0.152189 0.0714941 0.0231698 0.0055899 0.00193851 0.00231368 0.00369344 0.00529455 0.00661905 0.00721787 0.00688554 0.00578007 0.0043198 0.00293959 0.00189397 0.00121955 0.000821898
 1.00041e-16 7.93712e-05 0.000771517 0.005127 0.0233066 0.0725155 0.154502 0.225501 0.225504 0.154519 0.0725715 0.0234682 0.00553226 0.00165508 0.00175409 0.00276551 0.00395555 0.00493065 0.00534939 0.00505621 0.00417204 0.00301769 0.00192984 0.00111028 0.000593964 0.000311491
 1.00475e-16 3.3637e-05 0.000326963 0.00217279 0.00987722 0.030732 0.0654798 0.0955814 0.0956373 0.0657528 0.0316483 0.0125223 0.00880661 0.0147893 0.0274434 0.0451668 0.0647097 0.0806331 0.0874174 0.0825175 0.0679198 0.0488933 0.030974 0.0174894 0.00902623 0.00444879
 1.00997e-16 7.58575e-05 0.000737362 0.00490003 0.0222748 0.0693052 0.147662 0.215518 0.215523 0.147684 0.0693795 0.0224897 0.00544124 0.00192493 0.00234904 0.00380941 0.00558662 0.00724471 0.0083851 0.00880772 0.00859881 0.00802243 0.00731344 0.00655219 0.00569915 0.00471471
 1.00813e-16 5.66622e-05 0.000550777 0.00366011 0.0166383 0.0517682 0.110299 0.16099 0.161019 0.110439 0.0522408 0.0180026 0.0070818 0.00801129 0.0141989 0.0233143 0.0334164 0.0416795 0.0452677 0.0428792 0.0355419 0.0259629 0.0169707 0.0102418 0.00603573 0.00373315
 1.00993e-16 6.88539e-05 0.000669284 0.00444763 0.0202183 0.0629067 0.13403 0.195623 0.195636 0.134093 0.0631203 0.0208354 0.00599728 0.00405399 0.00650222 0.0106537 0.0153699 0.0193866 0.021458 0.020997 0.0184072 0.0147842 0.0112429 0.00840166 0.00632144 0.00477501
 1.01193e-16 5.71031e-05 0.000555063 0.00368859 0.0167678 0.052171 0.111157 0.162242 0.162269 0.111289 0.0526133 0.0180449 0.00689285 0.00754517 0.0133183 0.0218901 0.0314395 0.0393486 0.0429877 0.0411409 0.0347335 0.026221 0.0181487 0.0119968 0.00796892 0.00551336
 1.01471e-16 6.40696e-05 0.000622779 0.00413859 0.0188134 0.0585356 0.124717 0.182032 0.182049 0.124803 0.0588249 0.0196492 0.00623722 0.00520624 0.00877504 0.0144212 0.0208033 0.0262311 0.0290193 0.0283768 0.0248575 0.0199553 0.0151888 0.0113963 0.00865166 0.00663018
 1.03711e-16 2.55524e-05 0.000248378 0.00165056 0.00750326 0.0233458 0.0497428 0.0726132 0.0726716 0.0500281 0.0243039 0.0102703 0.00859471 0.0154026 0.0287915 0.0475189 0.0683578 0.0857637 0.0940894 0.0907143 0.0776002 0.059957 0.0431451 0.0302215 0.0215377 0.0159021
 1.03247e-16 6.92117e-05 0.000672762 0.00447074 0.0203233 0.0632335 0.134726 0.196638 0.196646 0.134763 0.0633572 0.020682 0.00537577 0.002664 0.00389651 0.00645093 0.00956249 0.0126006 0.0149532 0.0163096 0.016783 0.0167162 0.0163502 0.0156578 0.0144556 0.0126432
 1.01708e-16 5.96308e-05 0.000579632 0.00385186 0.01751 0.0544803 0.116077 0.169423 0.169447 0.116196 0.054879 0.0186613 0.00673986 0.00687833 0.012005 0.0197083 0.0282828 0.0353551 0.0385546 0.0368007 0.030962 0.023299 0.0161469 0.0108502 0.00755731 0.00569557
 1.03386e-16 3.71041e-05 0.000360666 0.00239675 0.0108953 0.0338996 0.0722283 0.105429 0.105473 0.0724467 0.0346328 0.0130132 0.00771364 0.0119697 0.022091 0.0364773 0.0525759 0.0661759 0.0729903 0.0710099 0.061668 0.0488195 0.0364056 0.0266382 0.0197501 0.0149026
 1.03122e-16 6.57434e-05 0.000639049 0.00424671 0.0193049 0.0600648 0.127975 0.186786 0.186798 0.128035 0.0602663 0.0198877 0.0057131 0.00385185 0.00620155 0.0102374 0.0149483 0.0192302 0.0219903 0.022704 0.0216796 0.0197575 0.0177099 0.0158399 0.014026 0.0120416
 1.0202e-16 5.78237e-05 0.000562067 0.00373513 0.0169794 0.0528293 0.112559 0.164289 0.164315 0.112684 0.0532482 0.0181889 0.00677001 0.00718319 0.0126207 0.0207424 0.0298035 0.0373312 0.0408488 0.0392216 0.0333405 0.0255355 0.0182032 0.012708 0.00918669 0.00705674
 1.03969e-16 3.58604e-05 0.000348576 0.00231641 0.0105301 0.0327633 0.0698073 0.101895 0.10194 0.0700276 0.0335029 0.0126665 0.00768049 0.0120626 0.0222952 0.0368327 0.0531251 0.0669451 0.0739868 0.0722316 0.0631138 0.0504849 0.0382633 0.0286195 0.0217444 0.0167801
 1.06158e-16 5.19145e-05 0.000504627 0.00335343 0.0152442 0.0474305 0.101056 0.147499 0.147521 0.101164 0.047791 0.0162872 0.00597826 0.006257 0.0110422 0.0183439 0.0268192 0.0345593 0.039628 0.0410954 0.0395075 0.0363438 0.0329446 0.0298044 0.0266664 0.0231062
 1.022e-16 6.92397e-05 0.000673034 0.00447255 0.0203316 0.0632591 0.134781 0.196719 0.196731 0.134839 0.0634554 0.0208986 0.00589624 0.0037826 0.00597985 0.00978974 0.0141284 0.0178381 0.0197909 0.0194743 0.017291 0.0142726 0.0114428 0.00932845 0.0079027 0.0068532
pSPR Fmed_Fpbrs
0.542325   0.211768 0.211768
Fs Fmed_Fpbrs
0.34   1.005 1.005
SSBpbr Bo_Bmed_Bpbrs
513067  252596  82997.8 82997.8
Ro
96303.9
SPR SPRFo_SPRFmed_SPRFpbrs
687388 372788 145567
Fref
1.005
Nvult_r0
 122628 10389.5 1814.6 953.738 198.641
CTP_r0
 54529.2 5207.7 909.565 478.058 99.568
YTP_r0
571188
Np
 111330 18389.1 4477.02 323.289 64.0685
Nvult_p0
 92940.7 15912.8 3874.14 279.754 55.441
CTP_p0
 41328.2 14420.7 1041.33 181.877 114.707
 41328.2 7976.25 1941.9 140.226 27.7896
YTP_p0
 598061 502913
CBA_c0
579250
log_Ro
11.2953
likeval ReclasPelacesDesembMPH_pf_preclas_ppelaces_ptallas_desvR_qrecl_qpela
 27.6752 31.8075 0.0227986 68.1324 242.762 124.049 111.089 0 22.9266 0.000100353 0.000205097 0.0314876 0 0 0
q_reclas_q_pelaces
4.12352 7.57858
M
1
N
 145352 26711.3 32213.5 2815.57 0.154643
 95372.3 37798.6 6358 7667.67 670.218
 83733.7 18463 6211.98 1044.9 1370.28
 128624 16286.6 3052.32 1026.97 399.28
 93345.9 22869.2 2405.51 450.823 210.655
 194312 27261.7 6297.05 662.358 182.138
 69451.7 51221.1 6600.51 1524.62 204.466
 24206.5 10701.5 6321.21 814.57 213.387
 23133 7493.33 3170.04 1872.5 304.506
 30339.3 3869.8 1025.24 433.727 297.859
 54164.1 2016.77 166.263 44.0486 31.4319
 115352 15156.9 526.321 43.3898 19.6983
 57275.7 18503.1 1967.32 68.3148 8.18865
 58386.4 6816.46 1651.24 175.566 6.82724
 53811.7 1751.8 107.909 26.1401 2.8874
 255499 5580.31 131.519 8.10139 2.17928
 50890.5 41982.1 746.524 17.5943 1.37533
 321470 9302.75 6420.37 114.167 2.90105
 223105 61592 1509.12 1041.53 18.991
 285197 26761.8 5551.1 136.012 95.5814
 224419 51472.8 4027.68 835.447 34.8551
 322878 45318.2 8919.5 697.94 150.811
 44595.8 51268.9 5807.75 1143.08 108.772
 146681 7615.1 7197.94 815.383 175.754
 150683 29847.7 1332.33 1259.34 173.408
 53066.7 30454.6 5177.82 231.125 248.546
 131123 11643.2 5856.63 995.732 92.2442
 135702 28107.5 2174.62 1093.85 203.203
 54376.3 32317 5990.89 463.502 276.456
 60451.2 12356.1 6494.25 1203.9 148.698
 146891 12006.2 2096.98 1102.15 229.552
pred_Ctot
 27699.9 6173.49 7445.15 650.732 0.035741
 30071.1 14094.8 2370.85 2859.21 249.919
 26253 6848.57 2304.24 387.59 508.285
 44522.5 6623.31 1241.29 417.64 162.376
 12393.4 3722.65 391.568 73.3849 34.2904
 35770.9 6094 1407.62 148.061 40.7146
 27337.2 23439.7 3020.51 697.694 93.5675
 2460.17 1341.07 792.15 102.079 26.7408
 8489.96 3216.29 1360.65 803.715 130.7
 17875 2526.84 669.445 283.208 194.491
 8378.72 380.942 31.4048 8.3202 5.93708
 43927.2 6729.76 233.689 19.2653 8.74615
 26753.2 9877.97 1050.26 36.4702 4.37154
 40483 5090.4 1233.11 131.109 5.09845
 26948.8 994.511 61.2607 14.8399 1.6392
 95289 2430.8 57.2898 3.52899 0.949298
 17115.3 16623.5 295.598 6.96674 0.544582
 102602 3508.56 2421.46 43.0583 1.09414
 103757 32753.9 802.531 553.873 10.0992
 97213.3 10729.5 2225.59 54.5309 38.3212
 67149.5 18276.2 1430.09 296.637 12.3758
 124011 20279.4 3991.38 312.321 67.4863
 16058.1 21623.5 2449.51 482.111 45.8761
 43452.5 2678.62 2531.88 286.812 61.8218
 45035.8 10586.7 472.564 446.677 61.5062
 14114.1 9678.01 1645.43 73.4481 78.9842
 36126.5 3825.38 1924.2 327.147 30.3068
 31333 7809.06 604.17 303.902 56.4553
 13662.3 9730.55 1803.84 139.559 83.2401
 18474.2 4474.94 2351.98 436.008 53.8531
 37153.7 3638 635.405 333.962 69.5563
F
 0.346885 0.435372 0.435372 0.435372 0.435372
 0.64202 0.805793 0.805793 0.805793 0.805793
 0.637299 0.799868 0.799868 0.799868 0.799868
 0.727104 0.912581 0.912581 0.912581 0.912581
 0.230829 0.289711 0.289711 0.289711 0.289711
 0.333312 0.418337 0.418337 0.418337 0.418337
 0.870249 1.09224 1.09224 1.09224 1.09224
 0.172607 0.216638 0.216638 0.216638 0.216638
 0.788058 0.989084 0.989084 0.989084 0.989084
 1.71094 2.14739 2.14739 2.14739 2.14739
 0.27356 0.343343 0.343343 0.343343 0.343343
 0.830047 1.04178 1.04178 1.04178 1.04178
 1.12854 1.41642 1.41642 1.41642 1.41642
 2.50644 3.14581 3.14581 3.14581 3.14581
 1.26624 1.58925 1.58925 1.58925 1.58925
 0.805975 1.01157 1.01157 1.01157 1.01157
 0.699367 0.877769 0.877769 0.877769 0.877769
 0.652371 0.818785 0.818785 0.818785 0.818785
 1.12066 1.40654 1.40654 1.40654 1.40654
 0.712128 0.893785 0.893785 0.893785 0.893785
 0.599808 0.752814 0.752814 0.752814 0.752814
 0.840191 1.05452 1.05452 1.05452 1.05452
 0.767506 0.96329 0.96329 0.96329 0.96329
 0.592152 0.743204 0.743204 0.743204 0.743204
 0.59894 0.751724 0.751724 0.751724 0.751724
 0.516825 0.648662 0.648662 0.648662 0.648662
 0.540097 0.677871 0.677871 0.677871 0.677871
 0.434868 0.545798 0.545798 0.545798 0.545798
 0.481778 0.604675 0.604675 0.604675 0.604675
 0.61641 0.77365 0.77365 0.77365 0.77365
 0.485731 0.609637 0.609637 0.609637 0.609637
YTP_r0W_actual
 452592 73428.5 25104 16349.6 3713.89
YTP_p0W_proyectada
 311614 251642 25064.9 5696.38 4043.43
 311614 139186 46741.6 4391.88 979.584
CTP_r0_actual
 54529.2 5207.7 909.565 478.058 99.568
CTP_p0_proyectada
 41328.2 14420.7 1041.33 181.877 114.707
 41328.2 7976.25 1941.9 140.226 27.7896
Wmedp
 7.54 17.45 24.07 31.32 35.25
Frms_r0
 0.800739 1.005 1.005 1.005 1.005
Zrms_r0
 1.80074 2.005 2.005 2.005 2.005
nmprior
 7.29 8.9 8.7 0
nm_flota  nm_reclas  nm_pelaces    nm_pelaL
inf 14.203 9.95136 19.8265
cv_recla  cv_pelaces  cv_mph
0.237925 0.532912 0.686794
 ------------------------------------------------
Talla a la edad & desviaci?n 
 8 13.2811 15.8009 17.003 17.5766
 0.8 1.32811 1.58009 1.7003 1.75766
