    unsorted:	 2.349039094e-06 3.229133247e-06 5.876493496e-05 9.394956754e-05 10.02075448 10.35418199 12.30922745 4.393975076 31.85255500 53.28626333 82.76596695 140.6010251 196.8320893 215.5482153 250.3500789 431.4906916 2223.485439 2229.198956 2197.361514 2297.652276 2123.054232 2327.413716 2088.979127 2397.217918 2523.241170 2546.121512 2582.568230 1726.018914 1679.703280 1526.785942 1314.595178 1175.515055 1019.301339 766.5581213 2739.801465 2998.683389 3223.579563 3366.893893 3562.447505 3748.424633 4017.143091 4071.410730 4529.216134 4685.201664 4803.945577 11228.42172 26070.22195 43034.42087 158263.2479 381034.1068 377023.1016 377656.0614 364050.0740 394192.3651 342926.6916 312630.5027 449979.5796 458393.1303 539356.5465 589801.8365 633944.3838 665301.3771 719542.6136 772396.3449 1013174.124 1106111.365 1213334.606 1393535.583 1431468.551 1560086.095 1838385.240 2032776.520 2159626.311 2336771.955 2594531.076 2767666.575 2982332.603 3456974.684 17515066.17 88753062.94
      sorted:	 2.349039094e-06 3.229133247e-06 5.876493496e-05 9.394956754e-05 4.393975076 10.02075448 10.35418199 12.30922745 31.85255500 53.28626333 82.76596695 140.6010251 196.8320893 215.5482153 250.3500789 431.4906916 766.5581213 1019.301339 1175.515055 1314.595178 1526.785942 1679.703280 1726.018914 2088.979127 2123.054232 2197.361514 2223.485439 2229.198956 2297.652276 2327.413716 2397.217918 2523.241170 2546.121512 2582.568230 2739.801465 2998.683389 3223.579563 3366.893893 3562.447505 3748.424633 4017.143091 4071.410730 4529.216134 4685.201664 4803.945577 11228.42172 26070.22195 43034.42087 158263.2479 312630.5027 342926.6916 364050.0740 377023.1016 377656.0614 381034.1068 394192.3651 449979.5796 458393.1303 539356.5465 589801.8365 633944.3838 665301.3771 719542.6136 772396.3449 1013174.124 1106111.365 1213334.606 1393535.583 1431468.551 1560086.095 1838385.240 2032776.520 2159626.311 2336771.955 2594531.076 2767666.575 2982332.603 3456974.684 17515066.17 88753062.94
