years
 1991 1992 1993 1994 1995 1996 1997 1998 1999 2000 2001 2002 2003 2004 2005 2006 2007 2008 2009 2010 2011 2012 2013 2014 2015 2016 2017 2018 2019 2020 2021 2022
reclasobs
 0 0 0 0 0 0 0 0 0 252601 567819 844713 477998 351125 339783 2.1784e+06 2.13404e+06 4.81314e+06 1.55562e+06 2.62356e+06 3.21686e+06 3.843e+06 1.13348e+06 3.07943e+06 1.97215e+06 2.03268e+06 2.025e+06 2.42433e+06 2.27542e+06 1.05018e+06 2.36338e+06 3.18982e+06
reclaspred
 4.30932e+06 2.40178e+06 1.16849e+06 1.01578e+06 1.10959e+06 1.7451e+06 1.10016e+06 824567 501576 284806 498887 815885 667543 217394 377432 1.56711e+06 2.25788e+06 2.56477e+06 2.41581e+06 2.35078e+06 4.43631e+06 2.88678e+06 1.89067e+06 2.35218e+06 2.03488e+06 1.84822e+06 2.55706e+06 2.55688e+06 2.41096e+06 1.70442e+06 1.76871e+06 2.89793e+06
pelacesobs
 0 0 0 0 0 0 0 0 0 0 0 0 0 0 0 552880 188675 0 991730 2.46772e+06 1.41603e+06 1.21717e+06 2.29649e+06 1.80582e+06 0 1.4828e+06 1.56532e+06 1.57751e+06 1.42118e+06 867257 1.10002e+06 1.06204e+06
pelacespred
 772050 450917 216292 152175 187948 295988 160367 159564 87707.4 41904.8 91779.3 120571 104678 24764.5 63973.7 245733 355671 432673 427079 390076 708605 522352 330625 453077 377075 334504 551002 524718 422122 334753 308350 521698
mphobs
 0 0 0 0 0 0 0 0 0 0 0 0 498337 0 5186 125008 0 168611 109162 213762 579715 649985 157893 87575 83554 210694 70296 0 107559 103333 445601 22526
mphpred
 1.61716e+06 1.08467e+06 512424 283603 314638 388034 524251 241877 211629 104761 59519.1 234720 232144 118044 25922.2 127734 746032 631717 678587 645044 930251 1.07134e+06 628782 422488 733043 530266 489774 830065 879744 589419 425965 609530
desembarqueobs
 494567 514787 250237 358949 120608 361735 552515 73892 212993 205616 52469 317467 293654 387597 252695 516296 358380 742168 942051 627588 828172 859565 418607 520667 417249 300574 415391 372974 316634 284311 391294 218835
desembarquepred
 494567 514071 250570 358975 120613 361737 552534 73898.6 213079 205676 52471.5 317558 293739 387867 252653 516264 358552 742171 941426 627204 828259 859709 418662 520775 417309 300545 415354 372988 316628 284205 391249 218837
Reclutas
 160963 92314 88036.9 132199 103678 190174 72356.8 27872.5 26128.7 41232.7 94966.9 109207 78328.1 45344.7 73808.2 428203 71697.5 323831 389918 338936 369527 295374 65228.6 218744 171636 87516.7 268664 179241 67800.5 106853 152586 169425
log_desv_Rt
 0.278345 -0.277631 -0.325071 0.0814804 -0.161535 0.445112 -0.521218 -1.47519 -1.53979 -1.08359 -0.249299 -0.109586 -0.441921 -0.988534 -0.501358 1.25677 -0.530372 0.977394 1.16311 1.02299 1.1094 0.885416 -0.624929 0.585077 0.342548 -0.330997 0.790633 0.385904 -0.586257 -0.131376 0.224903 0.329583
SSB
 1.61716e+06 1.08467e+06 512424 283603 314638 388034 524251 241877 211629 104761 59519.1 234720 219790 114037 24901.5 123885 746032 631717 702107 664652 982411 1.19794e+06 738938 472489 764848 589946 509136 830065 914477 573886 476975 691792
BT
 2.36147e+06 1.63833e+06 787709 779873 641783 1.32144e+06 908888 551649 470829 335577 404270 648053 599702 483846 528855 1.44285e+06 1.21848e+06 2.13556e+06 2.36482e+06 1.7597e+06 3.03267e+06 2.2848e+06 1.26717e+06 2.1659e+06 1.43988e+06 1.25531e+06 2.47987e+06 1.96933e+06 1.32765e+06 1.2769e+06 1.33046e+06 1.84821e+06
Ftot
 0.249836 0.462405 0.456017 0.662999 0.222088 0.389883 0.9896 0.186312 0.80975 1.24469 0.179887 0.728776 0.822905 2.45392 1.00875 0.529943 0.340683 0.537101 0.70366 0.497286 0.36388 0.595625 0.467537 0.398151 0.415791 0.333151 0.29241 0.283855 0.290718 0.335332 0.41382 0.150882
BD_Bspro_t
 0.960815 0.737071 0.507886 0.403418 0.400876 0.502092 0.501451 0.284966 0.327638 0.230793 0.185161 0.548951 0.397291 0.219973 0.0618782 0.244386 0.531974 0.465482 0.446593 0.399548 0.438038 0.476008 0.394754 0.34077 0.485987 0.475291 0.494203 0.630097 0.636003 0.535765 0.52201 0.576347
BD_Bspro
 1.84372 1.23663 0.584211 0.323334 0.358717 0.442395 0.597695 0.275763 0.241277 0.119438 0.0678574 0.267603 0.250581 0.130012 0.02839 0.141241 0.850546 0.720217 0.800468 0.757766 1.12004 1.36577 0.842458 0.538682 0.871999 0.672594 0.580463 0.946352 1.04259 0.654284 0.543796 0.788708
BD_Bo
 1.47982 0.992552 0.468905 0.259518 0.287916 0.355079 0.479727 0.221335 0.193656 0.0958642 0.0544643 0.214786 0.201123 0.104352 0.0227866 0.113364 0.682673 0.578067 0.642479 0.608205 0.898978 1.0962 0.676181 0.432362 0.699892 0.539843 0.465897 0.759569 0.836812 0.525147 0.436467 0.63304
BD_Brms
 8.57018 5.74823 2.7156 1.50296 1.66743 2.05639 2.77828 1.28183 1.12153 0.555185 0.315423 1.24391 1.16478 0.604339 0.131966 0.656531 3.95361 3.3478 3.72083 3.52234 5.20631 6.34852 3.91601 2.50396 4.05333 3.12643 2.69818 4.39894 4.84629 3.04132 2.52774 3.66616
Sel_flota
 0.751009 1 1 1 1
 0.751009 1 1 1 1
 0.751009 1 1 1 1
 0.751009 1 1 1 1
 0.751009 1 1 1 1
 0.751009 1 1 1 1
 0.751009 1 1 1 1
 0.751009 1 1 1 1
 0.751009 1 1 1 1
 0.751009 1 1 1 1
 0.751009 1 1 1 1
 0.751009 1 1 1 1
 0.751009 1 1 1 1
 0.751009 1 1 1 1
 0.751009 1 1 1 1
 0.751009 1 1 1 1
 0.751009 1 1 1 1
 0.751009 1 1 1 1
 0.751009 1 1 1 1
 0.751009 1 1 1 1
 0.751009 1 1 1 1
 0.751009 1 1 1 1
 0.751009 1 1 1 1
 0.751009 1 1 1 1
 0.751009 1 1 1 1
 0.751009 1 1 1 1
 0.751009 1 1 1 1
 0.751009 1 1 1 1
 0.751009 1 1 1 1
 0.751009 1 1 1 1
 0.751009 1 1 1 1
 0.751009 1 1 1 1
Sel_reclas
 0.5 1 1 1 1
 0.5 1 1 1 1
 0.5 1 1 1 1
 0.5 1 1 1 1
 0.5 1 1 1 1
 0.5 1 1 1 1
 0.5 1 1 1 1
 0.5 1 1 1 1
 0.5 1 1 1 1
 0.5 1 1 1 1
 0.5 1 1 1 1
 0.5 1 1 1 1
 0.5 1 1 1 1
 0.5 1 1 1 1
 0.5 1 1 1 1
 0.5 1 1 1 1
 0.5 1 1 1 1
 0.5 1 1 1 1
 0.5 1 1 1 1
 0.5 1 1 1 1
 0.5 1 1 1 1
 0.5 1 1 1 1
 0.5 1 1 1 1
 0.5 1 1 1 1
 0.5 1 1 1 1
 0.5 1 1 1 1
 0.5 1 1 1 1
 0.5 1 1 1 1
 0.5 1 1 1 1
 0.5 1 1 1 1
 0.5 1 1 1 1
 0.5 1 1 1 1
Sel_pelaces
 0.5 1 1 1 1
 0.5 1 1 1 1
 0.5 1 1 1 1
 0.5 1 1 1 1
 0.5 1 1 1 1
 0.5 1 1 1 1
 0.5 1 1 1 1
 0.5 1 1 1 1
 0.5 1 1 1 1
 0.5 1 1 1 1
 0.5 1 1 1 1
 0.5 1 1 1 1
 0.5 1 1 1 1
 0.5 1 1 1 1
 0.5 1 1 1 1
 0.5 1 1 1 1
 0.5 1 1 1 1
 0.5 1 1 1 1
 0.5 1 1 1 1
 0.5 1 1 1 1
 0.5 1 1 1 1
 0.5 1 1 1 1
 0.5 1 1 1 1
 0.5 1 1 1 1
 0.5 1 1 1 1
 0.5 1 1 1 1
 0.5 1 1 1 1
 0.5 1 1 1 1
 0.5 1 1 1 1
 0.5 1 1 1 1
 0.5 1 1 1 1
 0.5 1 1 1 1
pf_obs 
 0.8446 0.082 0.0669 0.0065 0
 0.8095 0.147 0.0364 0.0071 0
 0.9664 0.0169 0.016 0.0007 0
 0.9276 0.0648 0.0075 0.0001 0
 0.7033 0.2144 0.0806 0.0017 0
 0.9318 0.0425 0.0243 0.0014 0
 0.5671 0.3108 0.0964 0.0239 0.0018
 0.0768 0.2599 0.5324 0.112 0.0189
 0.490249 0.384438 0.106611 0.0170017 0.00170017
 0.7925 0.1577 0.0466 0.003 0.0002
 0.840416 0.127587 0.0312969 0.00059994 9.999e-05
 0.8084 0.0986 0.0794 0.0134 0.0002
 0.7335 0.1905 0.0724 0.0035 0.0001
 0.4001 0.4547 0.1325 0.0127 0
 0.49795 0.308269 0.164784 0.0264974 0.00249975
 0.9179 0.0499 0.0305 0.0017 0
 0.2467 0.6533 0.0926 0.0074 0
 0.9418 0.0223 0.034 0.0019 0
 0.707729 0.231977 0.0356964 0.0245975 0
 0.517169 0.277429 0.184464 0.0207286 0.00020938
 0.811772 0.124168 0.05621 0.00726502 0.000585176
 0.764997 0.148141 0.077277 0.00933861 0.000247198
 0.163321 0.427699 0.378323 0.0303852 0.000271297
 0.753843 0.0900009 0.118128 0.0371064 0.000921714
 0.721811 0.176058 0.0630433 0.0369309 0.00215725
 0.143369 0.312575 0.442814 0.0836902 0.0175525
 0.692698 0.0596174 0.167031 0.0765114 0.00414204
 0.394062 0.376323 0.152708 0.0712218 0.00568511
 0.125707 0.32114 0.495352 0.0537591 0.00404204
 0.23352 0.215282 0.420074 0.123614 0.00750983
 0.796117 0.104755 0.0508955 0.0450114 0.00322123
 0.162477 0.292055 0.404252 0.121198 0.0200186
pf_pred 
 0.533011 0.143512 0.301368 0.0221092 8.48298e-07
 0.474734 0.321477 0.0626268 0.131513 0.00964859
 0.618701 0.214902 0.101839 0.0198393 0.0447181
 0.762324 0.166007 0.0403929 0.0191417 0.0121342
 0.689819 0.256106 0.0377689 0.00918997 0.0071157
 0.775979 0.168853 0.0455507 0.00671753 0.0029001
 0.485284 0.427372 0.0658343 0.0177598 0.00374984
 0.500851 0.297263 0.167627 0.025822 0.00843668
 0.578195 0.244087 0.105838 0.0596819 0.0121975
 0.815958 0.124189 0.0346353 0.0150181 0.0101995
 0.914641 0.0750111 0.0069824 0.00194733 0.00141782
 0.728981 0.253705 0.0152155 0.00141633 0.000682599
 0.685836 0.25153 0.0586328 0.0035164 0.000485077
 0.66552 0.256909 0.0621059 0.0144772 0.000988016
 0.948598 0.0413844 0.00769449 0.00186009 0.000463187
 0.962522 0.0362253 0.00100853 0.000187514 5.6618e-05
 0.338811 0.643836 0.0167732 0.000466975 0.000113039
 0.839713 0.0670026 0.0908359 0.00236646 8.18315e-05
 0.776217 0.197692 0.0109064 0.0147859 0.000398523
 0.725585 0.229844 0.0393742 0.00217223 0.00302429
 0.72622 0.216738 0.0477768 0.00818457 0.00108018
 0.641429 0.282789 0.0599926 0.0132245 0.00256446
 0.347845 0.47161 0.142388 0.030207 0.00794992
 0.813951 0.0805079 0.0763226 0.0230431 0.00617508
 0.659416 0.293201 0.0205034 0.0194375 0.00744118
 0.518652 0.352858 0.110615 0.00773522 0.0101404
 0.832843 0.100522 0.0488477 0.0153128 0.0024746
 0.603947 0.346119 0.0300284 0.014592 0.00531355
 0.400562 0.407228 0.167976 0.0145732 0.00966045
 0.665842 0.160965 0.117658 0.0485325 0.00700172
 0.741865 0.190037 0.0328028 0.0239774 0.0113172
 0.716057 0.227994 0.0411889 0.0071097 0.00764978
pobs_RECLAS
 0 0 0 0 0
 0 0 0 0 0
 0 0 0 0 0
 0 0 0 0 0
 0 0 0 0 0
 0 0 0 0 0
 0 0 0 0 0
 0 0 0 0 0
 0 0 0 0 0
 0 0 0 0 0
 0.991045 0.00858322 0.000360255 1.14367e-05 0
 0.934742 0.0480273 0.0164251 0.00080598 0
 0.827803 0.169806 0.00239088 0 0
 0.941827 0.0461693 0.0120037 0 0
 0.791401 0.0380133 0.147996 0.0225897 0
 0.846168 0.0940531 0.0597789 0 0
 0.134021 0.677848 0.182769 0.00536245 0
 0.80878 0.0450904 0.141981 0.00414843 0
 0.846168 0.0940531 0.0597789 0 0
 0.905697 0.0802665 0.012482 0.00150086 5.37128e-05
 0.989698 0.0102097 9.19794e-05 0 0
 0.975433 0.0193895 0.00387452 0.00125025 5.28907e-05
 0.303575 0.632131 0.0575291 0.00676475 0
 0.966965 0.00978017 0.0227588 0.000495775 0
 0.843318 0.132988 0.00938335 0.0141283 0.000182051
 0.564624 0.303363 0.111486 0.0197234 0.00080311
 0.826376 0.0876187 0.0782897 0.00655872 0.00115652
 0.89761 0.0855135 0.0140674 0.00269457 0.000114338
 0.34875 0.467042 0.161289 0.0227151 0.000203297
 0.318654 0.224769 0.449479 0.00709798 0
 0.937255 0.0296025 0.0250945 0.00804832 0
 0.456809 0.399803 0.12412 0.0192676 0
ppred_RECLAS
 0.433298 0.174155 0.365716 0.0268301 1.02943e-06
 0.378739 0.380229 0.0740722 0.155548 0.0114119
 0.522499 0.269123 0.127534 0.0248448 0.0560005
 0.685581 0.219609 0.0534354 0.0253223 0.0160522
 0.598169 0.331779 0.0489287 0.0119054 0.0092182
 0.699752 0.226308 0.0610502 0.0090033 0.00388692
 0.394262 0.502948 0.0774763 0.0209005 0.00441295
 0.401551 0.356401 0.200975 0.030959 0.0101151
 0.483996 0.298598 0.129474 0.0730104 0.0149215
 0.756352 0.164411 0.0458526 0.019882 0.0135028
 0.877513 0.107639 0.0100195 0.00279435 0.00203453
 0.647113 0.330342 0.0198117 0.00184417 0.000888794
 0.599151 0.320932 0.0748108 0.00448665 0.00061892
 0.603458 0.304578 0.0736296 0.0171634 0.00117134
 0.927288 0.0585413 0.0108844 0.00263124 0.000655213
 0.945553 0.0526271 0.00146517 0.000272415 8.2253e-05
 0.256073 0.724402 0.0188721 0.00052541 0.000127184
 0.779904 0.0920038 0.12473 0.00324947 0.000112366
 0.702572 0.262751 0.0144957 0.0196519 0.000529676
 0.641034 0.300663 0.0515061 0.00284153 0.00395612
 0.640699 0.284441 0.062701 0.0107412 0.0014176
 0.54807 0.356417 0.0756126 0.0166677 0.00323216
 0.264619 0.531796 0.160559 0.0340619 0.00896447
 0.746475 0.109707 0.104003 0.0314005 0.00841467
 0.565939 0.373674 0.0261308 0.0247724 0.0094835
 0.419828 0.425302 0.133324 0.00932331 0.0122223
 0.769684 0.138503 0.0673043 0.0210987 0.0034096
 0.505575 0.432089 0.037487 0.0182164 0.00663335
 0.309479 0.469105 0.1935 0.0167876 0.0111283
 0.572336 0.206007 0.150582 0.0621132 0.00896098
 0.659311 0.250813 0.0432934 0.0316456 0.0149366
 0.627533 0.299076 0.0540302 0.00932627 0.0100347
pobs_PELACES
 0 0 0 0 0
 0 0 0 0 0
 0 0 0 0 0
 0 0 0 0 0
 0 0 0 0 0
 0 0 0 0 0
 0 0 0 0 0
 0 0 0 0 0
 0 0 0 0 0
 0 0 0 0 0
 0 0 0 0 0
 0 0 0 0 0
 0 0 0 0 0
 0 0 0 0 0
 0 0 0 0 0
 0 0 0 0 0
 0.505614 0.472636 0.0217494 0 0
 0 0 0 0 0
 0.443492 0.261883 0.143347 0.151278 0
 0.227955 0.32914 0.350689 0.0885471 0.00366901
 0.970185 0.0296113 0.000203453 0 0
 0.997202 0.00247181 0.000326279 0 0
 0.445219 0.490057 0.0546422 0.010081 0
 0.90214 0.0892962 0.00764917 0.000914606 0
 0 0 0 0 0
 0.581667 0.319106 0.0959925 0.00289975 0.000334073
 0.762889 0.0836404 0.116647 0.0363945 0.000428098
 0.88444 0.0763242 0.0277011 0.0115352 0
 0.521256 0.241999 0.230069 0.00667565 0
 0.616807 0.101726 0.260614 0.0208532 0
 0.833518 0.0704572 0.0857862 0.0102388 0
 0.697417 0.212968 0.0787535 0.0105354 0.000325836
ppred_PELACES
 0.438345 0.172603 0.362459 0.0265911 1.02026e-06
 0.387719 0.374733 0.0730015 0.1533 0.011247
 0.531838 0.263859 0.125039 0.0243588 0.0549052
 0.697204 0.211491 0.0514602 0.0243863 0.0154588
 0.602547 0.328164 0.0483955 0.0117756 0.00911776
 0.706439 0.221268 0.0596904 0.00880277 0.00380035
 0.413839 0.486693 0.0749724 0.020225 0.00427033
 0.405235 0.354207 0.199737 0.0307684 0.0100528
 0.500624 0.288976 0.125302 0.0706576 0.0144406
 0.774702 0.152028 0.0423993 0.0183846 0.0124858
 0.879093 0.10625 0.00989028 0.00275831 0.00200829
 0.660664 0.317657 0.0190509 0.00177335 0.000854664
 0.615276 0.308022 0.0718014 0.00430617 0.000594022
 0.650566 0.268395 0.0648827 0.0151245 0.00103219
 0.932682 0.0541982 0.0100769 0.00243603 0.000606603
 0.947752 0.0505019 0.001406 0.000261414 7.89314e-05
 0.261442 0.719174 0.0187359 0.000521618 0.000126266
 0.787386 0.0888762 0.12049 0.00313901 0.000108546
 0.71451 0.252204 0.0139138 0.0188631 0.000508415
 0.650381 0.292834 0.0501649 0.00276754 0.0038531
 0.647552 0.279016 0.061505 0.0105363 0.00139056
 0.560161 0.346881 0.0735896 0.0162218 0.00314568
 0.272162 0.526341 0.158912 0.0337125 0.00887252
 0.752616 0.107049 0.101484 0.0306398 0.00821083
 0.574312 0.366466 0.0256268 0.0242945 0.00930056
 0.42651 0.420404 0.131789 0.00921593 0.0120815
 0.773916 0.135959 0.0660678 0.020711 0.00334696
 0.511404 0.426994 0.037045 0.0180017 0.00655515
 0.314607 0.465622 0.192063 0.0166629 0.0110457
 0.579066 0.202765 0.148213 0.0611357 0.00881996
 0.666907 0.245221 0.0423282 0.03094 0.0146036
 0.630426 0.296753 0.0536105 0.00925383 0.00995678
pobs_pel_tallas
 0 0 0 0 0 0 0 0 0 0 0 0 0 0 0 0 0 0 0 0 0 0 0 0 0 0
 0 0 0 0 0 0 0 0 0 0 0 0 0 0 0 0 0 0 0 0 0 0 0 0 0 0
 0 0 0 0 0 0 0 0 0 0 0 0 0 0 0 0 0 0 0 0 0 0 0 0 0 0
 0 0 0 0 0 0 0 0 0 0 0 0 0 0 0 0 0 0 0 0 0 0 0 0 0 0
 0 0 0 0 0 0 0 0 0 0 0 0 0 0 0 0 0 0 0 0 0 0 0 0 0 0
 0 0 0 0 0 0 0 0 0 0 0 0 0 0 0 0 0 0 0 0 0 0 0 0 0 0
 0 0 0 0 0 0 0 0 0 0 0 0 0 0 0 0 0 0 0 0 0 0 0 0 0 0
 0 0 0 0 0 0 0 0 0 0 0 0 0 0 0 0 0 0 0 0 0 0 0 0 0 0
 0 0 0 0 0 0 0 0 0 0 0 0 0 0 0 0 0 0 0 0 0 0 0 0 0 0
 0 0 0 0 0 0 0 0 0 0 0 0 0 0 0 0 0 0 0 0 0 0 0 0 0 0
 0 0 0 0 0 0 0 0 0 0 0 0 0 0 0 0 0 0 0 0 0 0 0 0 0 0
 0 0 0 0 0 0 0 0 0 0 0 0 0 0 0 0 0 0 0 0 0 0 0 0 0 0
 0.00862536 0 0 0.000197151 0.00414017 0.0128641 0.00837892 0.0270097 0.101434 0.158115 0.152841 0.127902 0.109271 0.109419 0.0830992 0.0579132 0.0238553 0.00714673 0.00463305 0.00128148 0.00103504 0.000492878 0.000147863 0.000147863 4.92878e-05 0
 0 0 0 0 0 0 0 0 0 0 0 0 0 0 0 0 0 0 0 0 0 0 0 0 0 0
 0 0 0 0 0 0 0 0.0054083 0.00873648 0.0413646 0.0450493 0.0745869 0.0622846 0.0627006 0.0613931 0.0827291 0.12552 0.122667 0.0946155 0.0697135 0.0546179 0.0294188 0.0215738 0.0213955 0.0102223 0.00600262
 0 0 0 0 0.00359764 0.0251062 0.0480494 0.140153 0.205849 0.193036 0.1447 0.116669 0.0760912 0.0342217 0.00950174 0.001854 0.000860785 0 0 0 0.000165536 0 0.000143464 0 0 0
 0 0 0 0 0 0 0 0.000145254 0.000435761 0.0275982 0.070085 0.0708112 0.156366 0.174668 0.174014 0.160142 0.0824315 0.0480064 0.0283245 0.00493863 0.00203355 0 0 0 0 0
 0 0 0 0 0 0 0 0 0 0 0 0 0 0 0 0 0 0 0 0 0 0 0 0 0 0
 0 0 1.00437e-05 0.000401748 0.00122533 0.00171747 0.00176769 0.0269171 0.070346 0.194647 0.189555 0.159765 0.064822 0.0314167 0.0384472 0.0292271 0.0345202 0.0313363 0.0194345 0.0106764 0.0143323 0.0359363 0.0279516 0.0138201 0.00172751 0
 0 0.0021121 0.0136068 0.0755702 0.200478 0.177729 0.0527432 0.0373336 0.0318909 0.0142505 0.0149659 0.0166563 0.0217959 0.0798694 0.0677717 0.0528807 0.04013 0.0224614 0.0357745 0.0225083 0.00881397 0.00855152 0.00135912 0.000746735 0 0
 0 0 0 0 5.4009e-05 0.00500934 0.000945158 0.0243581 0.138947 0.33067 0.221406 0.137944 0.0707744 0.0437923 0.0131692 0.00525238 0.0047753 0.00276346 9.45158e-05 9.00151e-06 2.25038e-05 9.00151e-06 4.50075e-06 0 0 0
 0.000866109 0.00284123 0.00948549 0.0512746 0.133035 0.25785 0.225252 0.132002 0.0553304 0.0519788 0.0540692 0.017754 0.00435017 0.00159236 0.00146478 0.000404838 0.000125132 0.000115318 0.000107957 0.000100596 0 0 0 0 0 0
 0 0 0 0 0.00144013 0.00171154 0.00461396 0.0210425 0.0478622 0.0707936 0.0888783 0.103762 0.0637923 0.0337046 0.0602308 0.124433 0.169614 0.0934646 0.0462172 0.0250306 0.0313229 0.00938855 0.002487 0.000210481 0 0
 0 0.00764035 0.051015 0.0998891 0.058973 0.0496711 0.0374665 0.0718981 0.12319 0.153886 0.159021 0.0857701 0.0377988 0.023471 0.0147837 0.00900784 0.00315554 0.000888139 0.00291439 0.00214683 0.00393193 0.00274676 0.000635225 9.99891e-05 0 0
 0 0 0 0 0 0 0 0 0 0 0 0 0 0 0 0 0 0 0 0 0 0 0 0 0 0
 0 0 0 0 0 0 0 0 0 0 0 0 0 0 0 0 0 0 0 0 0 0 0 0 0 0
 0 0 0 0 0 0 0 0 0 0 0 0 0 0 0 0 0 0 0 0 0 0 0 0 0 0
 0 0 0 0 0 0 0 0 0 0 0 0 0 0 0 0 0 0 0 0 0 0 0 0 0 0
 0 0 0 0 0 0 0 0 0 0 0 0 0 0 0 0 0 0 0 0 0 0 0 0 0 0
 0 0 0 0 0 0 0 0 0 0 0 0 0 0 0 0 0 0 0 0 0 0 0 0 0 0
 0 0 0 0 0 0 0 0 0 0 0 0 0 0 0 0 0 0 0 0 0 0 0 0 0 0
 0 0 0 0 0 0 0 0 0 0 0 0 0 0 0 0 0 0 0 0 0 0 0 0 0 0
ppred_pel_tallas
 1.13171e-16 3.6106e-05 0.000350963 0.00233227 0.0106022 0.0329874 0.0702838 0.102585 0.102602 0.0703679 0.0332714 0.0114291 0.00443342 0.00502161 0.00915168 0.0157104 0.0241102 0.0333983 0.0425105 0.0507731 0.0579749 0.063875 0.067678 0.0681256 0.064246 0.0561429
 1.1948e-16 3.1936e-05 0.000310429 0.00206291 0.00937772 0.0291778 0.0621676 0.0907431 0.0907793 0.0623446 0.0297721 0.0110956 0.00637981 0.00975092 0.0180128 0.0298718 0.043389 0.055382 0.0626917 0.0640311 0.0608043 0.0561071 0.05268 0.0514026 0.0512514 0.0503824
 1.15411e-16 4.38069e-05 0.000425818 0.00282971 0.0128635 0.0400232 0.0852746 0.124466 0.124492 0.0853997 0.0404436 0.0140798 0.00589036 0.00713251 0.012856 0.0213831 0.0312715 0.040336 0.0463821 0.0484389 0.0473021 0.0448615 0.0427726 0.0415403 0.0405767 0.0389148
 1.06601e-16 5.74278e-05 0.000558219 0.00370956 0.0168631 0.0524676 0.111788 0.163163 0.163183 0.111888 0.0528029 0.0178322 0.00614429 0.00588059 0.0101876 0.0168102 0.0243522 0.0309323 0.0346798 0.0347583 0.031857 0.0276839 0.0238764 0.0211853 0.0194157 0.0179227
 1.04205e-16 4.96311e-05 0.000482432 0.00320593 0.0145737 0.0453444 0.0966122 0.141015 0.141047 0.0967668 0.0458634 0.0160729 0.00696939 0.00869895 0.0156569 0.0258125 0.0371964 0.046814 0.0516455 0.0503017 0.0438463 0.0350586 0.0267542 0.0204716 0.0162835 0.0134574
 1.03306e-16 5.81885e-05 0.000565613 0.0037587 0.0170865 0.0531626 0.113269 0.165324 0.165346 0.113374 0.0535134 0.0181004 0.00630584 0.00613315 0.0106527 0.0175732 0.0254351 0.0322472 0.0360091 0.0357826 0.0322168 0.0270455 0.0219862 0.0179206 0.0148352 0.0122985
 1.05039e-16 3.40875e-05 0.000331342 0.00220189 0.0100095 0.0311435 0.0663562 0.0968587 0.0969056 0.0665855 0.0319133 0.0122332 0.00778429 0.0125196 0.023187 0.0382928 0.0551914 0.0694729 0.0766553 0.0746636 0.0650492 0.0519013 0.0393677 0.0297247 0.0231107 0.0185065
 1.10642e-16 3.33787e-05 0.000324453 0.00215611 0.00980137 0.0304959 0.064976 0.0948416 0.0948759 0.0651441 0.031061 0.0114367 0.00627247 0.00934877 0.0172844 0.0288149 0.0421895 0.0544824 0.062686 0.0653505 0.0633073 0.0588159 0.0538957 0.0492449 0.0444159 0.0387447
 1.1322e-16 4.12358e-05 0.000400827 0.00266364 0.0121085 0.0376743 0.08027 0.117162 0.11719 0.0804069 0.0381345 0.0134398 0.00601309 0.00773879 0.0140549 0.0233764 0.0341616 0.044011 0.0505101 0.0525836 0.0510889 0.0480731 0.0453157 0.0433359 0.0414841 0.0387604
 1.0522e-16 6.38112e-05 0.000620268 0.0041219 0.0187376 0.0582996 0.124214 0.181297 0.181312 0.124286 0.0585408 0.0194348 0.00587416 0.0044522 0.00736144 0.0121226 0.0175855 0.0223922 0.0252083 0.0254379 0.0235685 0.0208033 0.0182813 0.0165019 0.0152951 0.0141887
 1.0093e-16 7.24097e-05 0.000703848 0.00467732 0.0212624 0.0661554 0.140951 0.205725 0.205735 0.141001 0.0663232 0.0217471 0.00589361 0.00335776 0.00510899 0.00832196 0.0119587 0.0149918 0.0164281 0.0158128 0.0134999 0.0104164 0.00751487 0.00533588 0.00393224 0.00307269
 1.00954e-16 5.44181e-05 0.000528963 0.00351515 0.0159794 0.0497179 0.10593 0.154615 0.154646 0.10608 0.0502193 0.0174271 0.00714688 0.00844994 0.0150768 0.0247834 0.0355655 0.0444479 0.0484349 0.0461415 0.0386268 0.0287057 0.0193121 0.0121752 0.00756269 0.00485779
 1.02684e-16 5.06795e-05 0.000492623 0.00327366 0.0148816 0.0463023 0.098653 0.143993 0.144023 0.0987983 0.0467902 0.0162914 0.00681446 0.00822849 0.0147606 0.0243685 0.0352047 0.0444855 0.0493889 0.0485806 0.042966 0.0350062 0.0271874 0.0208611 0.0161285 0.0124691
 1.03633e-16 5.35863e-05 0.000520878 0.00346142 0.0157351 0.0489579 0.104311 0.15225 0.152276 0.104438 0.0493832 0.0169642 0.00654861 0.00726721 0.0128865 0.0212726 0.030763 0.0389445 0.043383 0.0429411 0.0384224 0.0319613 0.0256798 0.0206777 0.016948 0.0139528
 1.00652e-16 7.68238e-05 0.000746755 0.00496245 0.0225586 0.0701881 0.149543 0.218264 0.218269 0.149569 0.0702739 0.0228064 0.00558475 0.00210588 0.00265993 0.00428072 0.00617055 0.00778346 0.00861902 0.00844674 0.00743595 0.00603357 0.00468965 0.00364613 0.00291165 0.00237327
 1.00094e-16 7.80651e-05 0.00075882 0.00504263 0.0229231 0.0713222 0.15196 0.22179 0.221795 0.151983 0.0714018 0.023153 0.00561943 0.00201645 0.00246201 0.00393479 0.00563276 0.00702443 0.00762683 0.00721924 0.0059737 0.00434578 0.00281268 0.00165909 0.000932353 0.000532201
 1.00799e-16 2.15348e-05 0.000209326 0.00139105 0.00632354 0.0196753 0.0419228 0.061202 0.0612712 0.0422607 0.0208096 0.00959821 0.00960416 0.0181162 0.0339638 0.0559411 0.0801741 0.0999579 0.108471 0.102565 0.0846842 0.0613214 0.0392885 0.0226681 0.0121682 0.00639113
 1.03834e-16 6.4856e-05 0.000630423 0.00418938 0.0190443 0.059254 0.126247 0.184263 0.184272 0.12629 0.0593981 0.0194624 0.00524676 0.0029649 0.00457503 0.00765961 0.0114883 0.0154002 0.0187281 0.021098 0.0225395 0.0232608 0.023316 0.0225015 0.0205701 0.0175347
 1.02444e-16 5.88533e-05 0.000572075 0.00380164 0.0172817 0.05377 0.114564 0.167214 0.167238 0.114682 0.0541682 0.0184315 0.00668625 0.00686465 0.0119965 0.019706 0.0283052 0.0354404 0.0387625 0.0372081 0.0316495 0.0243283 0.0175374 0.012561 0.00948426 0.00768824
 1.02453e-16 5.35711e-05 0.00052073 0.00346043 0.0157306 0.048944 0.104281 0.152208 0.152236 0.104419 0.0494073 0.0170689 0.00682025 0.00785685 0.0139908 0.0230562 0.0332332 0.0418401 0.0461701 0.0449582 0.0391137 0.0310732 0.023323 0.017251 0.0129898 0.00999305
 1.03139e-16 5.33381e-05 0.000518465 0.00344538 0.0156622 0.0487312 0.103828 0.151545 0.151572 0.103959 0.0491731 0.0169391 0.00665216 0.00752427 0.0133744 0.022067 0.0318776 0.0402819 0.0447318 0.0440345 0.0390314 0.0319715 0.0251133 0.0196625 0.0156646 0.0125852
 1.04372e-16 4.61398e-05 0.000448496 0.00298041 0.0135485 0.0421547 0.0898163 0.131097 0.13113 0.0899799 0.0427041 0.0151358 0.00696652 0.00915653 0.0166028 0.0274233 0.0396127 0.0500493 0.0555705 0.0547028 0.0485079 0.0397991 0.0313951 0.0247902 0.0200156 0.0163665
 1.09603e-16 2.24178e-05 0.000217909 0.00144808 0.0065828 0.0204818 0.0436406 0.0637053 0.0637562 0.0438892 0.021317 0.00899684 0.00751431 0.0134826 0.0252792 0.0419255 0.0607889 0.0772725 0.0866733 0.086788 0.0791414 0.0677727 0.0566237 0.0476227 0.0405976 0.0344594
 1.07419e-16 6.1992e-05 0.000602584 0.00400439 0.0182034 0.0566375 0.120673 0.176127 0.176138 0.120724 0.0568098 0.0187029 0.00526536 0.00337886 0.00540411 0.00901855 0.013415 0.0177756 0.0212971 0.023601 0.0248899 0.0256507 0.0261675 0.0262775 0.0255428 0.0236324
 1.04844e-16 4.73054e-05 0.000459826 0.0030557 0.0138908 0.0432196 0.0920853 0.134409 0.134444 0.0922577 0.0437984 0.0155621 0.00724928 0.00960935 0.0174093 0.0286695 0.0412126 0.0516636 0.0566281 0.0545745 0.0467734 0.0364707 0.0269696 0.0200955 0.0159262 0.0135189
 1.0688e-16 3.51312e-05 0.000341487 0.00226931 0.010316 0.032097 0.0683875 0.0998221 0.0998627 0.0685861 0.0327641 0.0122443 0.00711493 0.0109371 0.0202096 0.0334887 0.0485485 0.061694 0.0691506 0.0691323 0.0628293 0.0534511 0.0441592 0.0365476 0.0305674 0.0254437
 1.04585e-16 6.37464e-05 0.000619638 0.00411771 0.0187185 0.0582404 0.124088 0.181113 0.181126 0.124152 0.058457 0.0193453 0.00569476 0.00407515 0.00666415 0.0110155 0.0160952 0.0207318 0.0237677 0.0246632 0.0237757 0.0220255 0.0202349 0.0186863 0.0171721 0.0153575
 1.04093e-16 4.21237e-05 0.000409458 0.00272099 0.0123693 0.0384856 0.0819992 0.119689 0.11973 0.0822001 0.0391601 0.014317 0.00760859 0.0110739 0.0202805 0.0334219 0.0480513 0.0602412 0.0660218 0.0635775 0.0543442 0.0420592 0.0305505 0.0219729 0.0165036 0.0131706
 1.09202e-16 2.59138e-05 0.000251892 0.00167391 0.00760939 0.0236759 0.0504456 0.0736363 0.0736814 0.0506659 0.0244163 0.00975042 0.00705762 0.0120357 0.0224965 0.037387 0.0544045 0.0695565 0.0787388 0.0799852 0.0745101 0.0656327 0.0565338 0.048681 0.0418651 0.0352826
 1.11953e-16 4.7697e-05 0.000463631 0.00308099 0.0140058 0.0435772 0.0928467 0.135517 0.135536 0.0929433 0.0439022 0.014947 0.00545369 0.00567707 0.010049 0.0168011 0.0248203 0.0325308 0.038345 0.0415343 0.0425742 0.0425962 0.0424214 0.0420022 0.0406452 0.0376822
 1.06859e-16 5.49323e-05 0.000533962 0.00354836 0.0161304 0.0501877 0.106931 0.156074 0.156098 0.107047 0.0505759 0.0172521 0.0063653 0.00668768 0.0117553 0.0193836 0.0280087 0.0354273 0.039445 0.0390889 0.0351947 0.0298244 0.0249842 0.0216417 0.0196176 0.0181434
 1.04236e-16 5.19274e-05 0.000504753 0.00335426 0.015248 0.0474424 0.101082 0.147538 0.147567 0.101222 0.0479121 0.0166048 0.00676096 0.00794474 0.0141911 0.0234029 0.0337652 0.0425819 0.0471368 0.0461752 0.0406379 0.0329916 0.025721 0.020162 0.016354 0.0136472
pSPR Fmed_Fpbrs
0.551783   0.222671 0.222671
Fs Fmed_Fpbrs
0.34   1.005 1.005
SSBpbr Bo_Bmed_Bpbrs
1.09281e+06  548354  188696 188696
Ro
121854
SPR SPRFo_SPRFmed_SPRFpbrs
877121 483981 195309
Fref
1.005
Nvult_r0
 140123 35598.9 6431.2 1110.1 1194.43
CTP_r0
 60270.2 17843.8 3223.62 556.436 598.705
YTP_r0
1.09543e+06
Np
 144441 24980.8 7493.96 1752.54 359.244
Nvult_p0
 119460 21616.9 6484.82 1516.54 310.868
CTP_p0
 51382.7 24138.5 5645.03 1019.82 231.722
 51382.7 10835.4 3250.5 760.162 155.822
YTP_p0
 984627 684044
CBA_c0
1.06219e+06
log_Ro
11.5306
likeval ReclasPelacesDesembMPH_pf_preclas_ppelaces_ptallas_desvR_qrecl_qpela
 44.809 168.458 0.0299211 233.332 242.085 144.938 119.534 0 24.2585 4.14515e-05 0 0.103939 0 0 0
q_reclas_q_pelaces
2.48559 1
M
1
N
 160963 33369.6 70074.6 5140.89 0.197248
 92314 49084.5 9562.13 20080 1473.19
 88036.9 23996.9 11371.8 2215.34 4993.41
 132199 22995.1 5595.19 2651.49 1680.81
 103678 29559 4359.18 1060.68 821.273
 190174 32281.8 8708.52 1284.28 554.45
 72356.8 52202.6 8041.53 2169.33 458.035
 27872.5 12659.5 7138.72 1099.68 359.292
 26128.7 8914.85 3865.53 2179.77 445.49
 41232.7 5232.58 1459.32 632.768 429.743
 94966.9 5956.38 554.449 154.631 112.585
 109207 30521.5 1830.48 170.39 82.1188
 78328.1 23241.1 5417.61 324.912 44.8206
 45344.7 15531.9 3754.74 875.246 59.7324
 73808.2 2641.58 491.142 118.73 29.5654
 428203 12729.1 354.384 65.8896 19.8948
 71697.5 105806 2756.45 76.7411 18.5764
 323831 20421.7 27685.9 721.272 24.9414
 389918 79587.2 4390.74 5952.55 160.438
 338936 84561.8 14486.2 799.185 1112.66
 369527 85828.1 18919.6 3241.08 427.751
 295374 103435 21943.4 4837.11 938
 65228.6 69472 20974.8 4449.73 1171.09
 218744 16890.9 16012.8 4834.54 1295.55
 171636 59673.5 4172.94 3956 1514.46
 87516.7 46206.1 14484.8 1012.91 1327.87
 268664 25069 12182 3818.84 617.135
 179241 79349.2 6884.14 3345.28 1218.16
 67800.5 53279.6 21977.1 1906.68 1263.92
 106853 20050.2 14655.8 6045.32 872.149
 152586 30557.6 5274.62 3855.51 1819.78
 169425 41138.6 7431.99 1282.85 1380.3
pred_Ctot
 17675.2 4758.99 9993.66 733.165 0.0281305
 17609.3 11924.6 2323.02 4878.23 357.895
 16592.6 5763.33 2731.16 532.057 1199.27
 34118.2 7429.72 1807.81 856.695 543.07
 10206 3789.13 558.796 135.967 105.278
 31249 6799.75 1834.34 270.517 116.788
 25451.4 22414.2 3452.78 931.442 196.666
 2327 1381.11 778.81 119.971 39.1976
 7902.06 3335.88 1446.46 815.658 166.7
 17043.5 2594.04 723.453 313.693 213.044
 7670.15 629.041 58.5541 16.3302 11.8898
 30407.7 10582.7 634.679 59.079 28.473
 23985.4 8796.65 2050.54 122.978 16.9644
 27682.2 10686.1 2583.29 602.176 41.0964
 26327.3 1148.58 213.552 51.6249 12.8553
 91782.8 3454.32 96.1702 17.8807 5.3989
 10446.4 19851.2 517.162 14.3981 3.48529
 70202.6 5601.62 7594.16 197.843 6.84137
 105575 26888.6 1483.41 2011.07 54.2042
 68824 21801.4 3734.77 206.043 286.863
 57109.9 17044.3 3757.16 643.634 84.9453
 69819 30781.4 6530.15 1439.48 279.14
 12561.8 17031.4 5142.07 1090.87 287.097
 36615.9 3621.68 3433.4 1036.6 277.788
 29846.9 13271.1 928.04 879.794 336.807
 12497.5 8502.54 2665.39 186.389 244.345
 34088.1 4114.34 1999.32 626.751 101.285
 22133.8 12684.7 1100.5 534.776 194.734
 8557.14 8699.54 3588.44 311.325 206.375
 15348.6 3710.47 2712.19 1118.74 161.399
 26423.9 6768.79 1168.38 854.031 403.099
 11580 3687.1 666.101 114.977 123.711
F
 0.187629 0.249836 0.249836 0.249836 0.249836
 0.347271 0.462405 0.462405 0.462405 0.462405
 0.342473 0.456017 0.456017 0.456017 0.456017
 0.497918 0.662999 0.662999 0.662999 0.662999
 0.16679 0.222088 0.222088 0.222088 0.222088
 0.292806 0.389883 0.389883 0.389883 0.389883
 0.743199 0.9896 0.9896 0.9896 0.9896
 0.139922 0.186312 0.186312 0.186312 0.186312
 0.608129 0.80975 0.80975 0.80975 0.80975
 0.93477 1.24469 1.24469 1.24469 1.24469
 0.135097 0.179887 0.179887 0.179887 0.179887
 0.547318 0.728776 0.728776 0.728776 0.728776
 0.61801 0.822905 0.822905 0.822905 0.822905
 1.84292 2.45392 2.45392 2.45392 2.45392
 0.757582 1.00875 1.00875 1.00875 1.00875
 0.397992 0.529943 0.529943 0.529943 0.529943
 0.255856 0.340683 0.340683 0.340683 0.340683
 0.403368 0.537101 0.537101 0.537101 0.537101
 0.528455 0.70366 0.70366 0.70366 0.70366
 0.373466 0.497286 0.497286 0.497286 0.497286
 0.273277 0.36388 0.36388 0.36388 0.36388
 0.44732 0.595625 0.595625 0.595625 0.595625
 0.351125 0.467537 0.467537 0.467537 0.467537
 0.299015 0.398151 0.398151 0.398151 0.398151
 0.312263 0.415791 0.415791 0.415791 0.415791
 0.2502 0.333151 0.333151 0.333151 0.333151
 0.219602 0.29241 0.29241 0.29241 0.29241
 0.213178 0.283855 0.283855 0.283855 0.283855
 0.218332 0.290718 0.290718 0.290718 0.290718
 0.251837 0.335332 0.335332 0.335332 0.335332
 0.310783 0.41382 0.41382 0.41382 0.41382
 0.113314 0.150882 0.150882 0.150882 0.150882
YTP_r0W_actual
 518324 442527 89938.9 20755.1 23888.3
YTP_p0W_proyectada
 387425 421217 135876 31940.7 8168.2
 387425 189078 78239.4 23808.3 5492.71
CTP_r0_actual
 60270.2 17843.8 3223.62 556.436 598.705
CTP_p0_proyectada
 51382.7 24138.5 5645.03 1019.82 231.722
 51382.7 10835.4 3250.5 760.162 155.822
Wmedp
 7.54 17.45 24.07 31.32 35.25
Frms_r0
 0.754764 1.005 1.005 1.005 1.005
Zrms_r0
 1.75476 2.005 2.005 2.005 2.005
nmprior
 7.29 8.9 8.7 0
nm_flota  nm_reclas  nm_pelaces    nm_pelaL
inf 8.22109 7.78518 17.692
cv_recla  cv_pelaces  cv_mph
0.296091 1.18483 1.24721
 ------------------------------------------------
Talla a la edad & desviaci?n 
 8 13.2811 15.8009 17.003 17.5766
 0.8 1.32811 1.58009 1.7003 1.75766
