years
 1991 1992 1993 1994 1995 1996 1997 1998 1999 2000 2001 2002 2003 2004 2005 2006 2007 2008 2009 2010 2011 2012 2013 2014 2015 2016 2017 2018 2019 2020
reclasobs
 0 0 0 0 0 0 0 0 0 252601 567819 844713 477998 351125 339783 2.1784e+06 2.13404e+06 4.81314e+06 1.55562e+06 2.62356e+06 3.21686e+06 3.843e+06 1.13348e+06 3.07943e+06 1.97215e+06 2.03268e+06 2.025e+06 2.42433e+06 2.27542e+06 1.05018e+06
reclaspred
 4.63586e+06 2.45838e+06 1.18982e+06 1.40328e+06 1.66369e+06 3.39696e+06 1.9523e+06 1.45529e+06 821751 273518 547742 1.05562e+06 690307 299305 508806 1.69401e+06 1.5193e+06 3.174e+06 2.28152e+06 2.4075e+06 4.05457e+06 2.85175e+06 1.57776e+06 2.50354e+06 2.02088e+06 1.7183e+06 2.17447e+06 2.45966e+06 1.97684e+06 1.02356e+06
pelacesobs
 0 0 0 0 0 0 0 0 0 0 0 0 0 0 0 552880 188675 0 991730 2.46772e+06 1.41603e+06 1.21717e+06 2.29649e+06 1.80582e+06 0 1.4828e+06 1.56532e+06 1.57751e+06 1.42118e+06 867257
pelacespred
 3.83889e+06 1.95336e+06 868677 703845 1.10421e+06 2.13839e+06 1.2657e+06 1.3012e+06 623101 115586 284531 482572 335885 90953.3 206695 663367 801056 1.63308e+06 1.15036e+06 1.11395e+06 2.14312e+06 1.59082e+06 968657 1.46751e+06 1.24188e+06 1.13471e+06 1.45893e+06 1.55613e+06 1.37122e+06 706363
mphobs
 0 0 0 0 0 0 0 0 0 0 0 0 498337 0 5186 125008 0 168611 109162 213762 579715 649985 157893 87575 83554 210694 70296 0 107559 103333
mphpred
 730750 500635 219084 128682 191311 276977 454693 191539 160690 58429.5 16067.2 98053.5 123408 38106.5 12169.4 50253.1 245137 169737 340039 181562 361941 354425 243671 125554 287735 222036 169860 246553 356364 188841
desembarqueobs
 494567 514787 250237 358949 120608 361735 552515 73892 212993 205616 52469 317467 293654 387597 252695 516296 358380 742168 942051 627588 828172 859565 418607 520667 417249 300574 415391 372974 316634 284311
desembarquepred
 494553 514445 250380 358938 120609 361712 552470 73897.9 213077 205687 52471 317403 293662 387505 252492 516189 358579 742036 941213 627036 828352 859477 418555 520735 417141 300571 415344 372891 316494 284198
Reclutas
 143714 94889.5 84755.5 126386 91559.5 193406 67472.2 23564.3 22728.3 30262.2 52417 112914 56823 59420.4 53687.1 246876 51741.6 311408 227301 271672 225185 312018 44220 145335 143015 50416.9 127270 129773 47935 43252
log_desv_Rt
 0.445574 0.0304597 -0.082482 0.31709 -0.00526395 0.742539 -0.310537 -1.36252 -1.39864 -1.11236 -0.563023 0.204375 -0.482312 -0.437616 -0.539081 0.986634 -0.575991 1.21885 0.90402 1.08234 0.894669 1.22081 -0.733076 0.456786 0.440699 -0.601926 0.32406 0.343531 -0.652407 -0.755209
SSB
 730750 500635 219084 128682 191311 276977 454693 191539 160690 58429.5 16067.2 98053.5 114320 36488.8 11533.9 48174.2 245137 169737 357439 188939 389225 412117 306060 145137 303960 254997 179054 246553 374890 181000
BT
 1.27146e+06 953312 432094 568993 464903 1.19986e+06 816363 452372 387266 236586 203491 487941 393524 447393 377417 808176 546883 1.50674e+06 1.37383e+06 993351 1.62395e+06 1.36178e+06 651913 1.24035e+06 807705 638828 1.11534e+06 1.00666e+06 635038 483344
Ftot
 0.483692 0.896653 0.890885 0.999473 0.312189 0.44239 1.14566 0.230672 1.0655 2.38378 0.378266 1.13164 1.54999 3.33787 1.68152 1.1125 0.947153 0.898124 1.49513 0.991432 0.816922 1.15445 1.07236 0.811774 0.828505 0.730188 0.757048 0.607363 0.689287 1.12038
BD_Bspro_t
 0.925528 0.563274 0.293838 0.213019 0.262967 0.388931 0.448259 0.233385 0.263025 0.139638 0.0586289 0.349895 0.252042 0.0866191 0.0294041 0.111528 0.274843 0.196788 0.281287 0.160372 0.233697 0.239093 0.204812 0.126989 0.258829 0.266227 0.242154 0.33475 0.411048 0.260715
BD_Bspro
 1.1153 0.76409 0.334375 0.196399 0.291986 0.422734 0.693972 0.292334 0.245251 0.0891776 0.0245224 0.149653 0.174479 0.0556908 0.0176036 0.0735254 0.374138 0.25906 0.545538 0.288367 0.594051 0.628991 0.467121 0.221514 0.463916 0.389188 0.27328 0.376299 0.572172 0.27625
BD_Bo
 1.56734 1.07378 0.4699 0.276001 0.41033 0.594071 0.975243 0.410819 0.344653 0.125322 0.0344615 0.210309 0.245197 0.0782626 0.0247384 0.103326 0.525779 0.364058 0.766648 0.405244 0.834824 0.883925 0.656448 0.311295 0.651945 0.546928 0.384042 0.528816 0.804077 0.388216
BD_Brms
 9.18424 6.2921 2.7535 1.6173 2.40444 3.48112 5.7147 2.4073 2.01959 0.734357 0.201936 1.23236 1.4368 0.458601 0.144961 0.605465 3.08094 2.1333 4.49238 2.37464 4.89187 5.17959 3.84663 1.82411 3.82024 3.20487 2.2504 3.09874 4.7117 2.27486
Sel_flota
 0.756008 1 1 1 1
 0.756008 1 1 1 1
 0.756008 1 1 1 1
 0.756008 1 1 1 1
 0.756008 1 1 1 1
 0.756008 1 1 1 1
 0.756008 1 1 1 1
 0.756008 1 1 1 1
 0.756008 1 1 1 1
 0.756008 1 1 1 1
 0.756008 1 1 1 1
 0.756008 1 1 1 1
 0.756008 1 1 1 1
 0.756008 1 1 1 1
 0.756008 1 1 1 1
 0.756008 1 1 1 1
 0.756008 1 1 1 1
 0.756008 1 1 1 1
 0.756008 1 1 1 1
 0.756008 1 1 1 1
 0.756008 1 1 1 1
 0.756008 1 1 1 1
 0.756008 1 1 1 1
 0.756008 1 1 1 1
 0.756008 1 1 1 1
 0.756008 1 1 1 1
 0.756008 1 1 1 1
 0.756008 1 1 1 1
 0.756008 1 1 1 1
 0.756008 1 1 1 1
Sel_reclas
 0.55222 0.861235 0.968978 0.993679 0.998738
 0.55222 0.861235 0.968978 0.993679 0.998738
 0.55222 0.861235 0.968978 0.993679 0.998738
 0.55222 0.861235 0.968978 0.993679 0.998738
 0.55222 0.861235 0.968978 0.993679 0.998738
 0.55222 0.861235 0.968978 0.993679 0.998738
 0.55222 0.861235 0.968978 0.993679 0.998738
 0.55222 0.861235 0.968978 0.993679 0.998738
 0.55222 0.861235 0.968978 0.993679 0.998738
 0.55222 0.861235 0.968978 0.993679 0.998738
 0.55222 0.861235 0.968978 0.993679 0.998738
 0.55222 0.861235 0.968978 0.993679 0.998738
 0.55222 0.861235 0.968978 0.993679 0.998738
 0.55222 0.861235 0.968978 0.993679 0.998738
 0.55222 0.861235 0.968978 0.993679 0.998738
 0.55222 0.861235 0.968978 0.993679 0.998738
 0.55222 0.861235 0.968978 0.993679 0.998738
 0.55222 0.861235 0.968978 0.993679 0.998738
 0.55222 0.861235 0.968978 0.993679 0.998738
 0.55222 0.861235 0.968978 0.993679 0.998738
 0.55222 0.861235 0.968978 0.993679 0.998738
 0.55222 0.861235 0.968978 0.993679 0.998738
 0.55222 0.861235 0.968978 0.993679 0.998738
 0.55222 0.861235 0.968978 0.993679 0.998738
 0.55222 0.861235 0.968978 0.993679 0.998738
 0.55222 0.861235 0.968978 0.993679 0.998738
 0.55222 0.861235 0.968978 0.993679 0.998738
 0.55222 0.861235 0.968978 0.993679 0.998738
 0.55222 0.861235 0.968978 0.993679 0.998738
 0.55222 0.861235 0.968978 0.993679 0.998738
Sel_pelaces
 0.218995 0.585261 0.876571 0.972782 0.994471
 0.218995 0.585261 0.876571 0.972782 0.994471
 0.218995 0.585261 0.876571 0.972782 0.994471
 0.218995 0.585261 0.876571 0.972782 0.994471
 0.218995 0.585261 0.876571 0.972782 0.994471
 0.218995 0.585261 0.876571 0.972782 0.994471
 0.218995 0.585261 0.876571 0.972782 0.994471
 0.218995 0.585261 0.876571 0.972782 0.994471
 0.218995 0.585261 0.876571 0.972782 0.994471
 0.218995 0.585261 0.876571 0.972782 0.994471
 0.218995 0.585261 0.876571 0.972782 0.994471
 0.218995 0.585261 0.876571 0.972782 0.994471
 0.218995 0.585261 0.876571 0.972782 0.994471
 0.218995 0.585261 0.876571 0.972782 0.994471
 0.218995 0.585261 0.876571 0.972782 0.994471
 0.218995 0.585261 0.876571 0.972782 0.994471
 0.218995 0.585261 0.876571 0.972782 0.994471
 0.218995 0.585261 0.876571 0.972782 0.994471
 0.218995 0.585261 0.876571 0.972782 0.994471
 0.218995 0.585261 0.876571 0.972782 0.994471
 0.218995 0.585261 0.876571 0.972782 0.994471
 0.218995 0.585261 0.876571 0.972782 0.994471
 0.218995 0.585261 0.876571 0.972782 0.994471
 0.218995 0.585261 0.876571 0.972782 0.994471
 0.218995 0.585261 0.876571 0.972782 0.994471
 0.218995 0.585261 0.876571 0.972782 0.994471
 0.218995 0.585261 0.876571 0.972782 0.994471
 0.218995 0.585261 0.876571 0.972782 0.994471
 0.218995 0.585261 0.876571 0.972782 0.994471
 0.218995 0.585261 0.876571 0.972782 0.994471
pf_obs 
 0.8446 0.082 0.0669 0.0065 0
 0.8095 0.147 0.0364 0.0071 0
 0.9664 0.0169 0.016 0.0007 0
 0.9276 0.0648 0.0075 0.0001 0
 0.7033 0.2144 0.0806 0.0017 0
 0.9318 0.0425 0.0243 0.0014 0
 0.5671 0.3108 0.0964 0.0239 0.0018
 0.0768 0.2599 0.5324 0.112 0.0189
 0.490249 0.384438 0.106611 0.0170017 0.00170017
 0.7925 0.1577 0.0466 0.003 0.0002
 0.840416 0.127587 0.0312969 0.00059994 9.999e-05
 0.8084 0.0986 0.0794 0.0134 0.0002
 0.7335 0.1905 0.0724 0.0035 0.0001
 0.4001 0.4547 0.1325 0.0127 0
 0.49795 0.308269 0.164784 0.0264974 0.00249975
 0.9179 0.0499 0.0305 0.0017 0
 0.2467 0.6533 0.0926 0.0074 0
 0.9418 0.0223 0.034 0.0019 0
 0.707729 0.231977 0.0356964 0.0245975 0
 0.517169 0.277429 0.184464 0.0207286 0.00020938
 0.811772 0.124168 0.05621 0.00726502 0.000585176
 0.764997 0.148141 0.077277 0.00933861 0.000247198
 0.163321 0.427699 0.378323 0.0303852 0.000271297
 0.753843 0.0900009 0.118128 0.0371064 0.000921714
 0.721811 0.176058 0.0630433 0.0369309 0.00215725
 0.143369 0.312575 0.442814 0.0836902 0.0175525
 0.692698 0.0596174 0.167031 0.0765114 0.00414204
 0.394062 0.376323 0.152708 0.0712218 0.00568511
 0.125707 0.32114 0.495352 0.0537591 0.00404204
 0.23352 0.215282 0.420074 0.123614 0.00750983
pf_pred 
 0.669283 0.14779 0.167913 0.0150124 8.69186e-07
 0.610897 0.288776 0.044834 0.0509384 0.00455447
 0.733733 0.187714 0.0582988 0.00905121 0.0112031
 0.840936 0.128416 0.0216061 0.00671026 0.00233129
 0.744323 0.227856 0.0224606 0.00377899 0.00158141
 0.821189 0.143276 0.0316691 0.00312174 0.000745029
 0.488569 0.443145 0.054715 0.012094 0.00147667
 0.512768 0.293755 0.167644 0.0206989 0.00513384
 0.603865 0.233765 0.0978941 0.0558674 0.00860878
 0.8352 0.116169 0.0286974 0.0120177 0.00791521
 0.953228 0.042601 0.0029401 0.000726296 0.000504476
 0.862258 0.133075 0.00425091 0.000293376 0.000122812
 0.713811 0.259992 0.0253093 0.000808471 7.91538e-05
 0.871851 0.103821 0.0221013 0.00215148 7.54548e-05
 0.961301 0.0365225 0.00176299 0.000375304 3.78157e-05
 0.973097 0.0262994 0.000569654 2.7498e-05 6.44357e-06
 0.515869 0.475806 0.00813852 0.000176283 1.05034e-05
 0.944417 0.034496 0.0207244 0.000354485 8.13575e-06
 0.762097 0.229049 0.00549535 0.00330147 5.77668e-05
 0.874906 0.105624 0.018745 0.000449733 0.000274916
 0.780093 0.201302 0.0157094 0.00278793 0.000107776
 0.830404 0.14279 0.0245374 0.00191487 0.000352967
 0.403576 0.528604 0.0571012 0.00981238 0.000906895
 0.893713 0.0547324 0.045692 0.00493577 0.000926563
 0.788343 0.196112 0.00800483 0.00668264 0.00085739
 0.551215 0.380829 0.0629651 0.00257009 0.00242086
 0.861506 0.0893468 0.0417055 0.00689546 0.000546571
 0.779936 0.19859 0.0138532 0.00646643 0.00115389
 0.517071 0.404294 0.0709621 0.00495015 0.00272296
 0.677214 0.197388 0.104979 0.018426 0.0019924
pobs_RECLAS
 0 0 0 0 0
 0 0 0 0 0
 0 0 0 0 0
 0 0 0 0 0
 0 0 0 0 0
 0 0 0 0 0
 0 0 0 0 0
 0 0 0 0 0
 0 0 0 0 0
 0 0 0 0 0
 0.991045 0.00858322 0.000360255 1.14367e-05 0
 0.934742 0.0480273 0.0164251 0.00080598 0
 0.827803 0.169806 0.00239088 0 0
 0.941827 0.0461693 0.0120037 0 0
 0.791401 0.0380133 0.147996 0.0225897 0
 0.846168 0.0940531 0.0597789 0 0
 0.134021 0.677848 0.182769 0.00536245 0
 0.80878 0.0450904 0.141981 0.00414843 0
 0.846168 0.0940531 0.0597789 0 0
 0.905697 0.0802665 0.012482 0.00150086 5.37128e-05
 0.989698 0.0102097 9.19794e-05 0 0
 0.975433 0.0193895 0.00387452 0.00125025 5.28907e-05
 0.303575 0.632131 0.0575291 0.00676475 0
 0.966965 0.00978017 0.0227588 0.000495775 0
 0.843318 0.132988 0.00938335 0.0141283 0.000182051
 0.564624 0.303363 0.111486 0.0197234 0.00080311
 0.826376 0.0876187 0.0782897 0.00655872 0.00115652
 0.89761 0.0855135 0.0140674 0.00269457 0.000114338
 0.34875 0.467042 0.161289 0.0227151 0.000203297
 0.318654 0.224769 0.449479 0.00709798 0
ppred_RECLAS
 0.619084 0.159013 0.203265 0.0186364 1.0845e-06
 0.56993 0.307965 0.0537948 0.0626773 0.00563259
 0.698683 0.204384 0.071417 0.0113705 0.0141454
 0.819221 0.142274 0.0269322 0.00857765 0.00299524
 0.71045 0.254418 0.0282163 0.00486841 0.00204767
 0.793577 0.161286 0.04011 0.00405458 0.000972585
 0.454148 0.464845 0.0645743 0.0146371 0.00179628
 0.460554 0.309377 0.198647 0.0251521 0.0062701
 0.560166 0.245771 0.115798 0.0677693 0.010496
 0.82472 0.118729 0.0329989 0.0141713 0.00938116
 0.94521 0.0493133 0.00382911 0.000970024 0.000677196
 0.846604 0.147559 0.00530326 0.000375333 0.00015792
 0.691265 0.277274 0.0303683 0.000994803 9.78926e-05
 0.874879 0.0989678 0.0237039 0.0023663 8.34115e-05
 0.95761 0.0397149 0.00215693 0.00047087 4.76865e-05
 0.969608 0.0296254 0.000721974 3.57391e-05 8.41734e-06
 0.482522 0.507482 0.00976626 0.000216933 1.29913e-05
 0.934163 0.0390018 0.0263626 0.00046242 1.0667e-05
 0.74253 0.246639 0.00665765 0.00410172 7.21343e-05
 0.857728 0.117814 0.023524 0.000578778 0.000355601
 0.753579 0.223126 0.0195908 0.00356539 0.000138533
 0.809713 0.157044 0.0303628 0.00242987 0.000450179
 0.370501 0.549808 0.0668217 0.0117755 0.00109387
 0.873366 0.0613852 0.0576569 0.00638702 0.0012051
 0.762749 0.217599 0.00999304 0.00855511 0.00110322
 0.51127 0.406875 0.0756873 0.00316814 0.00299937
 0.837904 0.0999783 0.0525064 0.00890255 0.000709256
 0.75132 0.221484 0.0173831 0.00832095 0.00149237
 0.476151 0.42959 0.084835 0.00606875 0.00335527
 0.638655 0.210355 0.125871 0.0226562 0.00246228
pobs_PELACES
 0 0 0 0 0
 0 0 0 0 0
 0 0 0 0 0
 0 0 0 0 0
 0 0 0 0 0
 0 0 0 0 0
 0 0 0 0 0
 0 0 0 0 0
 0 0 0 0 0
 0 0 0 0 0
 0 0 0 0 0
 0 0 0 0 0
 0 0 0 0 0
 0 0 0 0 0
 0 0 0 0 0
 0 0 0 0 0
 0.505614 0.472636 0.0217494 0 0
 0 0 0 0 0
 0.443492 0.261883 0.143347 0.151278 0
 0.227955 0.32914 0.350689 0.0885471 0.00366901
 0.970185 0.0296113 0.000203453 0 0
 0.997202 0.00247181 0.000326279 0 0
 0.445219 0.490057 0.0546422 0.010081 0
 0.90214 0.0892962 0.00764917 0.000914606 0
 0 0 0 0 0
 0.581667 0.319106 0.0959925 0.00289975 0.000334073
 0.762889 0.0836404 0.116647 0.0363945 0.000428098
 0.88444 0.0763242 0.0277011 0.0115352 0
 0.521256 0.241999 0.230069 0.00667565 0
 0.616807 0.101726 0.260614 0.0208532 0
ppred_PELACES
 0.451433 0.191104 0.325196 0.0322657 1.90976e-06
 0.427821 0.368548 0.0856996 0.108055 0.00987675
 0.565511 0.263852 0.122733 0.0211465 0.0267574
 0.72669 0.19954 0.0502833 0.0173307 0.0061553
 0.584686 0.349886 0.0516565 0.00964514 0.00412622
 0.683768 0.229802 0.0760773 0.00832233 0.00203047
 0.335935 0.537292 0.0993591 0.0243725 0.00304221
 0.306597 0.34643 0.296111 0.0405736 0.0102876
 0.409822 0.282785 0.177366 0.112331 0.0176954
 0.747649 0.152229 0.0563231 0.0261753 0.0176243
 0.909186 0.0788438 0.00814981 0.00223423 0.00158647
 0.776922 0.211835 0.0101349 0.000776231 0.000332188
 0.58872 0.357174 0.0520758 0.00184608 0.000184771
 0.832857 0.123397 0.0393436 0.00425033 0.000152387
 0.93657 0.0581317 0.00420281 0.000992891 0.000102274
 0.95281 0.0456119 0.00147973 7.92683e-05 1.8989e-05
 0.368491 0.615343 0.0157641 0.000378935 2.30814e-05
 0.886839 0.0590212 0.0531077 0.0010081 2.36526e-05
 0.651437 0.328734 0.0118127 0.00787573 0.000140876
 0.782733 0.170098 0.0452126 0.00120381 0.000752278
 0.648521 0.308096 0.0360108 0.00709226 0.000280286
 0.720037 0.218063 0.056124 0.00486057 0.000915923
 0.263944 0.615659 0.0996075 0.0189955 0.00179477
 0.784903 0.0885531 0.110723 0.0132733 0.00254728
 0.660255 0.301941 0.018459 0.0171014 0.00224305
 0.379859 0.488434 0.120952 0.00547887 0.0052758
 0.738802 0.142126 0.0993632 0.0182316 0.00147735
 0.640169 0.30795 0.0321744 0.0166668 0.00304038
 0.345597 0.505455 0.132877 0.0102866 0.00578455
 0.496182 0.255892 0.203833 0.0397038 0.00438889
pobs_pel_tallas
 0 0 0 0 0 0 0 0 0 0 0 0 0 0 0 0 0 0 0 0 0 0 0 0 0 0
 0 0 0 0 0 0 0 0 0 0 0 0 0 0 0 0 0 0 0 0 0 0 0 0 0 0
 0 0 0 0 0 0 0 0 0 0 0 0 0 0 0 0 0 0 0 0 0 0 0 0 0 0
 0 0 0 0 0 0 0 0 0 0 0 0 0 0 0 0 0 0 0 0 0 0 0 0 0 0
 0 0 0 0 0 0 0 0 0 0 0 0 0 0 0 0 0 0 0 0 0 0 0 0 0 0
 0 0 0 0 0 0 0 0 0 0 0 0 0 0 0 0 0 0 0 0 0 0 0 0 0 0
 0 0 0 0 0 0 0 0 0 0 0 0 0 0 0 0 0 0 0 0 0 0 0 0 0 0
 0 0 0 0 0 0 0 0 0 0 0 0 0 0 0 0 0 0 0 0 0 0 0 0 0 0
 0 0 0 0 0 0 0 0 0 0 0 0 0 0 0 0 0 0 0 0 0 0 0 0 0 0
 0 0 0 0 0 0 0 0 0 0 0 0 0 0 0 0 0 0 0 0 0 0 0 0 0 0
 0 0 0 0 0 0 0 0 0 0 0 0 0 0 0 0 0 0 0 0 0 0 0 0 0 0
 0 0 0 0 0 0 0 0 0 0 0 0 0 0 0 0 0 0 0 0 0 0 0 0 0 0
 0.00862536 0 0 0.000197151 0.00414017 0.0128641 0.00837892 0.0270097 0.101434 0.158115 0.152841 0.127902 0.109271 0.109419 0.0830992 0.0579132 0.0238553 0.00714673 0.00463305 0.00128148 0.00103504 0.000492878 0.000147863 0.000147863 4.92878e-05 0
 0 0 0 0 0 0 0 0 0 0 0 0 0 0 0 0 0 0 0 0 0 0 0 0 0 0
 0 0 0 0 0 0 0 0.0054083 0.00873648 0.0413646 0.0450493 0.0745869 0.0622846 0.0627006 0.0613931 0.0827291 0.12552 0.122667 0.0946155 0.0697135 0.0546179 0.0294188 0.0215738 0.0213955 0.0102223 0.00600262
 0 0 0 0 0.00359764 0.0251062 0.0480494 0.140153 0.205849 0.193036 0.1447 0.116669 0.0760912 0.0342217 0.00950174 0.001854 0.000860785 0 0 0 0.000165536 0 0.000143464 0 0 0
 0 0 0 0 0 0 0 0.000145254 0.000435761 0.0275982 0.070085 0.0708112 0.156366 0.174668 0.174014 0.160142 0.0824315 0.0480064 0.0283245 0.00493863 0.00203355 0 0 0 0 0
 0 0 0 0 0 0 0 0 0 0 0 0 0 0 0 0 0 0 0 0 0 0 0 0 0 0
 0 0 1.00437e-05 0.000401748 0.00122533 0.00171747 0.00176769 0.0269171 0.070346 0.194647 0.189555 0.159765 0.064822 0.0314167 0.0384472 0.0292271 0.0345202 0.0313363 0.0194345 0.0106764 0.0143323 0.0359363 0.0279516 0.0138201 0.00172751 0
 0 0.0021121 0.0136068 0.0755702 0.200478 0.177729 0.0527432 0.0373336 0.0318909 0.0142505 0.0149659 0.0166563 0.0217959 0.0798694 0.0677717 0.0528807 0.04013 0.0224614 0.0357745 0.0225083 0.00881397 0.00855152 0.00135912 0.000746735 0 0
 0 0 0 0 5.4009e-05 0.00500934 0.000945158 0.0243581 0.138947 0.33067 0.221406 0.137944 0.0707744 0.0437923 0.0131692 0.00525238 0.0047753 0.00276346 9.45158e-05 9.00151e-06 2.25038e-05 9.00151e-06 4.50075e-06 0 0 0
 0.000866109 0.00284123 0.00948549 0.0512746 0.133035 0.25785 0.225252 0.132002 0.0553304 0.0519788 0.0540692 0.017754 0.00435017 0.00159236 0.00146478 0.000404838 0.000125132 0.000115318 0.000107957 0.000100596 0 0 0 0 0 0
 0 0 0 0 0.00144013 0.00171154 0.00461396 0.0210425 0.0478622 0.0707936 0.0888783 0.103762 0.0637923 0.0337046 0.0602308 0.124433 0.169614 0.0934646 0.0462172 0.0250306 0.0313229 0.00938855 0.002487 0.000210481 0 0
 0 0.00764035 0.051015 0.0998891 0.058973 0.0496711 0.0374665 0.0718981 0.12319 0.153886 0.159021 0.0857701 0.0377988 0.023471 0.0147837 0.00900784 0.00315554 0.000888139 0.00291439 0.00214683 0.00393193 0.00274676 0.000635225 9.99891e-05 0 0
 0 0 0 0 0 0 0 0 0 0 0 0 0 0 0 0 0 0 0 0 0 0 0 0 0 0
 0 0 0 0 0 0 0 0 0 0 0 0 0 0 0 0 0 0 0 0 0 0 0 0 0 0
 0 0 0 0 0 0 0 0 0 0 0 0 0 0 0 0 0 0 0 0 0 0 0 0 0 0
 0 0 0 0 0 0 0 0 0 0 0 0 0 0 0 0 0 0 0 0 0 0 0 0 0 0
 0 0 0 0 0 0 0 0 0 0 0 0 0 0 0 0 0 0 0 0 0 0 0 0 0 0
 0 0 0 0 0 0 0 0 0 0 0 0 0 0 0 0 0 0 0 0 0 0 0 0 0 0
ppred_pel_tallas
 1.1267e-16 3.7184e-05 0.000361441 0.00240191 0.0109187 0.0339723 0.0723823 0.105648 0.105667 0.0724748 0.0342843 0.0118258 0.00470141 0.00545581 0.00993043 0.0169262 0.0257002 0.0350662 0.0437396 0.0509748 0.0567216 0.0610963 0.0637134 0.0636091 0.0598865 0.0525047
 1.15076e-16 3.52391e-05 0.000342537 0.00227628 0.0103477 0.0321956 0.0685974 0.100127 0.100163 0.0687715 0.0327802 0.0120375 0.00652284 0.00962907 0.0177215 0.0293765 0.0426465 0.0543662 0.0613672 0.0622917 0.0584152 0.052707 0.04788 0.0449571 0.0432249 0.0412198
 1.10259e-16 4.65804e-05 0.000452779 0.00300887 0.0136779 0.0425572 0.0906736 0.132346 0.132372 0.0907986 0.0429774 0.0148934 0.00606679 0.00715125 0.0128361 0.0213253 0.0311352 0.04004 0.0457888 0.0473396 0.0454181 0.0418738 0.0383866 0.0355794 0.0330762 0.0301788
 1.04282e-16 5.98566e-05 0.000581827 0.00386645 0.0175763 0.0546866 0.116516 0.170063 0.170082 0.11661 0.0550029 0.0184906 0.00616323 0.00560217 0.00961351 0.0158489 0.0229447 0.0291083 0.0325522 0.032456 0.0294357 0.0250782 0.0209317 0.017752 0.0154476 0.0135298
 1.03246e-16 4.81599e-05 0.000468131 0.0031109 0.0141417 0.0440003 0.0937486 0.136836 0.13687 0.0939134 0.0445537 0.01574 0.00712292 0.0092268 0.0166836 0.0275079 0.0396274 0.0498435 0.0549219 0.0533628 0.0462814 0.0366301 0.0274184 0.0203193 0.0154683 0.0121556
 1.03433e-16 5.63211e-05 0.000547461 0.00363807 0.0165382 0.0514565 0.109634 0.160019 0.160041 0.109743 0.0518213 0.0175927 0.00628829 0.00634356 0.0110952 0.0183342 0.0265926 0.0338279 0.0379787 0.0380657 0.0347238 0.0296791 0.0246247 0.0204044 0.0169855 0.013968
 1.05964e-16 2.76706e-05 0.000268968 0.00178739 0.00812525 0.0252809 0.0538656 0.0786293 0.0786811 0.0541189 0.0261314 0.0105821 0.00795617 0.0137416 0.0256324 0.0423784 0.0611536 0.0771282 0.0853803 0.0836211 0.0735234 0.0595149 0.0460603 0.0355693 0.0281463 0.0226954
 1.14444e-16 2.52541e-05 0.000245478 0.00163129 0.00741564 0.023073 0.0491607 0.0717585 0.0717923 0.0493259 0.023629 0.00902667 0.00569417 0.0091776 0.0171731 0.028831 0.0426496 0.0559697 0.066018 0.0714073 0.0727323 0.0716975 0.0695862 0.0664329 0.061453 0.0540939
 1.19451e-16 3.37565e-05 0.000328126 0.00218051 0.0099123 0.030841 0.065711 0.0959129 0.0959404 0.0658456 0.0312935 0.0112225 0.00548192 0.00757766 0.0139284 0.0233091 0.034375 0.0449431 0.0528177 0.0570501 0.0584301 0.0586954 0.0591151 0.0596285 0.0591071 0.0563192
 1.07272e-16 6.15829e-05 0.000598607 0.00397796 0.0180832 0.0562637 0.119876 0.174966 0.174981 0.119948 0.0565058 0.0187833 0.00573847 0.00445283 0.00741426 0.0122473 0.0178462 0.0228937 0.0260974 0.0268894 0.025751 0.0238271 0.0221466 0.0210698 0.0202985 0.0192818
 1.00748e-16 7.48884e-05 0.000727942 0.00483743 0.0219903 0.0684199 0.145776 0.212766 0.212774 0.145813 0.0685445 0.02235 0.0057403 0.0026982 0.00381466 0.00618242 0.00888608 0.0111481 0.012232 0.0118009 0.010116 0.0078615 0.00573826 0.00414143 0.00310599 0.00245957
 1.00481e-16 6.39941e-05 0.000622045 0.00413371 0.0187913 0.0584667 0.12457 0.181818 0.181838 0.12467 0.058801 0.0197564 0.00655463 0.00590151 0.0100747 0.0165121 0.0236808 0.0295693 0.0321733 0.0305673 0.0254626 0.0187488 0.0124002 0.00758822 0.00450253 0.00273247
 1.01811e-16 4.84921e-05 0.000471361 0.00313236 0.0142393 0.0443039 0.0943953 0.13778 0.137814 0.0945635 0.0448686 0.0158705 0.00722675 0.00940883 0.0170203 0.0280551 0.0403926 0.050752 0.0558094 0.0540073 0.0464626 0.0361848 0.0262706 0.0184885 0.0130649 0.00936851
 1.0162e-16 6.86013e-05 0.000666829 0.00443132 0.0201441 0.0626759 0.133538 0.194905 0.194917 0.133596 0.0628718 0.0207102 0.0058538 0.0037774 0.00599154 0.00983658 0.0142556 0.0181171 0.0203077 0.0202988 0.018432 0.0156402 0.012843 0.0105063 0.00862446 0.00698967
 1.00254e-16 7.71441e-05 0.000749868 0.00498314 0.0226526 0.0704807 0.150167 0.219174 0.21918 0.150194 0.0705725 0.0229176 0.00564806 0.00220033 0.00282866 0.00454588 0.00652131 0.00815893 0.00890866 0.00851815 0.00718054 0.00540728 0.00372883 0.00245395 0.00162503 0.00112603
 1.00066e-16 7.84817e-05 0.00076287 0.00506954 0.0230454 0.0717028 0.152771 0.222974 0.222978 0.152792 0.0717748 0.0232531 0.00559055 0.00189888 0.002232 0.00355528 0.00508924 0.00634761 0.00689363 0.00652749 0.00540369 0.00393253 0.00254402 0.00149507 0.000829425 0.000458511
 1.00655e-16 3.03523e-05 0.000295035 0.00196061 0.0089127 0.027731 0.0590861 0.0862502 0.0863094 0.0593752 0.0287016 0.0117145 0.00898785 0.0156163 0.0290714 0.0478635 0.0685949 0.0855183 0.092796 0.0877332 0.0724224 0.0524196 0.0335554 0.019325 0.010336 0.00539349
 1.01653e-16 7.30478e-05 0.000710051 0.00471854 0.0214498 0.0667383 0.142193 0.207536 0.207542 0.142221 0.066833 0.0217244 0.00541103 0.00223256 0.00299601 0.00491897 0.00726757 0.00952902 0.0112167 0.0120778 0.0121935 0.0118371 0.0112249 0.0103851 0.00923273 0.00773719
 1.01239e-16 5.36581e-05 0.000521576 0.00346605 0.0157562 0.0490236 0.104451 0.152456 0.152488 0.104606 0.0495422 0.0172536 0.00722213 0.00871228 0.0155834 0.0256097 0.0367279 0.0458542 0.049887 0.0474035 0.0395263 0.0292075 0.0195197 0.0122678 0.00770888 0.00515261
 1.01597e-16 6.44727e-05 0.000626698 0.00416463 0.0189318 0.058904 0.125502 0.183177 0.183193 0.125582 0.0591736 0.019711 0.00612185 0.00490407 0.00820169 0.0134923 0.0195104 0.0246987 0.0275032 0.0271859 0.0242328 0.0199757 0.0157538 0.0122862 0.00962018 0.00748301
 1.01877e-16 5.34179e-05 0.000519241 0.00345054 0.0156857 0.0488041 0.103983 0.151773 0.151803 0.104128 0.049291 0.0170919 0.00697967 0.00822113 0.0146741 0.0241569 0.0347514 0.0436096 0.0478609 0.0461731 0.0395398 0.0306025 0.0220771 0.0155104 0.011079 0.00818091
 1.02318e-16 5.93085e-05 0.0005765 0.00383105 0.0174154 0.0541859 0.115449 0.168506 0.168527 0.115552 0.0545315 0.0184141 0.00633982 0.00605907 0.0104888 0.0172905 0.0250035 0.0316508 0.0352453 0.0348475 0.0310902 0.0256902 0.0203679 0.0160377 0.0127403 0.0100991
 1.05241e-16 2.17408e-05 0.000211328 0.00140435 0.00638403 0.0198634 0.0423233 0.0617845 0.0618439 0.0426133 0.0208373 0.0091973 0.00846689 0.0156316 0.0293154 0.0484497 0.0698359 0.0879086 0.0969882 0.0944282 0.08216 0.0653253 0.0491566 0.0365529 0.0277496 0.0215466
 1.04981e-16 6.46515e-05 0.000628435 0.00417617 0.0189843 0.0590672 0.125849 0.183682 0.183691 0.125892 0.0592105 0.0194001 0.00522746 0.0029482 0.00454299 0.00759765 0.0113798 0.0152302 0.0184931 0.0208223 0.022292 0.0231617 0.0235208 0.0231576 0.021758 0.0192221
 1.02705e-16 5.43844e-05 0.000528636 0.00351297 0.0159695 0.0496871 0.105865 0.154519 0.154548 0.106007 0.0501639 0.017346 0.00696667 0.00806271 0.0143474 0.0235931 0.0338897 0.0424297 0.0463971 0.0445112 0.0378067 0.0289613 0.0207219 0.0146407 0.0108457 0.008625
 1.05058e-16 3.12886e-05 0.000304136 0.00202109 0.00918763 0.0285864 0.060908 0.0889069 0.0889541 0.0611385 0.0293603 0.0114241 0.00763843 0.0125786 0.0233768 0.038685 0.0559256 0.0707392 0.0786691 0.0776073 0.0689814 0.056666 0.04456 0.0347592 0.0273874 0.0216035
 1.04983e-16 6.08542e-05 0.000591524 0.00393089 0.0178692 0.0555979 0.118458 0.172895 0.172909 0.118525 0.0558253 0.0185277 0.00558984 0.00423341 0.00703722 0.0116937 0.0172036 0.0223947 0.0260922 0.0277223 0.0275767 0.0264611 0.0250439 0.0234683 0.0214765 0.0188151
 1.03194e-16 5.27299e-05 0.000512553 0.0034061 0.0154837 0.0481755 0.102644 0.149818 0.149848 0.102789 0.0486622 0.0168891 0.00693324 0.00821009 0.0146653 0.0241449 0.0347395 0.0436119 0.0479094 0.0463271 0.0398895 0.0312617 0.0231591 0.0170888 0.0131471 0.0106306
 1.05975e-16 2.84665e-05 0.000276704 0.0018388 0.00835894 0.026008 0.0554147 0.0808895 0.0809383 0.0556532 0.0268092 0.0106743 0.00765508 0.0129881 0.0242118 0.0400907 0.058 0.0734517 0.0818548 0.0810385 0.0724708 0.0601232 0.0479678 0.0381021 0.0305968 0.0245583
 1.10673e-16 4.08699e-05 0.00039727 0.00264 0.0120011 0.0373399 0.0795575 0.116122 0.116147 0.0796795 0.0377502 0.0131896 0.00563649 0.00698204 0.0126739 0.0212208 0.0313431 0.0410414 0.0482567 0.0519765 0.0526831 0.0517051 0.050064 0.0478287 0.0444059 0.0393178
pSPR Fmed_Fpbrs
0.549867   0.220655 0.220655
Fs Fmed_Fpbrs
0.34   1.005 1.005
SSBpbr Bo_Bmed_Bpbrs
466236  233056  79565.6 79565.6
Ro
92042.8
SPR SPRFo_SPRFmed_SPRFpbrs
655204 360275 144574
Fref
1.005
Nvult_r0
 35809.2 9062.15 4819.61 845.942 91.4715
CTP_r0
 15460.6 4542.38 2415.81 424.026 45.8498
YTP_r0
264202
Np
 110599 19032.1 918.538 169.206 102.108
Nvult_p0
 91567.3 16469.2 794.847 146.42 88.3585
CTP_p0
 39534.2 2958.66 545.022 289.864 56.9817
 39534.2 8255.15 398.415 73.3928 44.2894
YTP_p0
 373922 455590
CBA_c0
297118
log_Ro
11.25
likeval ReclasPelacesDesembMPH_pf_preclas_ppelaces_ptallas_desvR_qrecl_qpela
 27.4744 31.4415 0.0216264 54.6688 237.788 119.76 104.212 0 23.1528 0.000150621 0.000379817 0.0248187 0 0 0
q_reclas_q_pelaces
5.67252 15.7391
M
1
N
 143714 25107.4 28525.9 2550.39 0.147662
 94889.5 36677.1 5694.33 6469.64 578.459
 84755.5 17722.5 5504.13 854.548 1057.71
 126386 15899 2675 830.784 288.632
 91559.5 21839.8 2152.83 362.213 151.576
 193406 26601.6 5879.93 579.606 138.328
 67472.2 50924.4 6287.61 1389.79 169.692
 23564.3 10439.4 5957.68 735.592 182.445
 22728.3 7281.56 3049.31 1740.22 268.155
 30262.2 3736.26 922.973 386.515 254.571
 52417 1836.28 126.731 31.3064 21.7451
 112914 14487.1 462.771 31.9381 13.3698
 56823 17656.4 1718.78 54.9042 5.37542
 59420.4 6476.19 1378.65 134.206 4.70676
 53687.1 1752.74 84.6069 18.0111 1.8148
 246876 5539.63 119.99 5.7921 1.35726
 51741.6 39166.6 669.934 14.511 0.864606
 311408 9301.78 5588.28 95.586 2.19379
 227301 58096.9 1393.87 837.401 14.6522
 271672 27002.9 4792.19 114.975 70.2826
 225185 47231.7 3685.9 654.133 25.2876
 312018 44670.9 7676.34 599.051 110.423
 44220 47956.3 5180.37 890.205 82.2759
 145335 7231.64 6037.15 652.149 122.424
 143015 28943.1 1181.39 986.254 126.537
 50416.9 28123.2 4649.81 189.794 178.774
 127270 10679.2 4984.87 824.183 65.3291
 129773 26416.2 1842.74 860.157 153.488
 47935 30162.9 5294.22 369.313 203.15
 43252 10472.4 5569.62 977.584 105.706
pred_Ctot
 28660.4 6328.76 7190.46 642.871 0.0372208
 31176.1 14737.2 2288.03 2599.56 232.43
 27711.7 7089.59 2201.84 341.847 423.118
 44996.5 6871.26 1156.09 359.05 124.742
 12403.7 3797.08 374.292 62.9746 26.3532
 35709.9 6230.44 1377.15 135.751 32.3981
 26470.7 24009.7 2964.46 655.255 80.006
 2417.89 1385.16 790.502 97.603 24.208
 8473.22 3280.11 1373.62 783.913 120.796
 18281.6 2542.81 628.154 263.053 173.255
 8434.77 376.961 26.0159 6.42673 4.46393
 43920.6 6778.42 216.528 14.9436 6.25564
 27164.8 9894.29 963.171 30.7672 3.01228
 41300.9 4918.15 1046.97 101.919 3.5744
 26948.8 1023.86 49.423 10.5211 1.06011
 94889.1 2564.52 55.5484 2.6814 0.628329
 17708.8 16333.5 279.38 6.05147 0.360563
 102440 3741.74 2247.95 38.4505 0.882475
 106276 31941.2 766.336 460.396 8.05568
 96154.3 11608.4 2060.13 49.4267 30.2139
 68920.3 17784.8 1387.9 246.31 9.52189
 123061 21160.7 3636.3 283.773 52.3077
 16560.8 21691.4 2343.16 402.654 37.2147
 44264.8 2710.84 2263.08 244.464 45.8918
 44248.3 11007.4 449.297 375.085 48.1238
 14134 9765.03 1614.52 65.901 62.0744
 36711.2 3807.31 1777.19 293.835 23.2909
 31345.2 7981.22 556.752 259.882 46.374
 12834.1 10034.9 1761.33 122.867 67.5861
 16706.7 4869.52 2589.8 454.564 49.1519
F
 0.365675 0.483692 0.483692 0.483692 0.483692
 0.677877 0.896653 0.896653 0.896653 0.896653
 0.673517 0.890885 0.890885 0.890885 0.890885
 0.75561 0.999473 0.999473 0.999473 0.999473
 0.236017 0.312189 0.312189 0.312189 0.312189
 0.334451 0.44239 0.44239 0.44239 0.44239
 0.866129 1.14566 1.14566 1.14566 1.14566
 0.17439 0.230672 0.230672 0.230672 0.230672
 0.805527 1.0655 1.0655 1.0655 1.0655
 1.80215 2.38378 2.38378 2.38378 2.38378
 0.285972 0.378266 0.378266 0.378266 0.378266
 0.855532 1.13164 1.13164 1.13164 1.13164
 1.17181 1.54999 1.54999 1.54999 1.54999
 2.52346 3.33787 3.33787 3.33787 3.33787
 1.27124 1.68152 1.68152 1.68152 1.68152
 0.841062 1.1125 1.1125 1.1125 1.1125
 0.716056 0.947153 0.947153 0.947153 0.947153
 0.678989 0.898124 0.898124 0.898124 0.898124
 1.13033 1.49513 1.49513 1.49513 1.49513
 0.749531 0.991432 0.991432 0.991432 0.991432
 0.6176 0.816922 0.816922 0.816922 0.816922
 0.872771 1.15445 1.15445 1.15445 1.15445
 0.810712 1.07236 1.07236 1.07236 1.07236
 0.613708 0.811774 0.811774 0.811774 0.811774
 0.626357 0.828505 0.828505 0.828505 0.828505
 0.552028 0.730188 0.730188 0.730188 0.730188
 0.572334 0.757048 0.757048 0.757048 0.757048
 0.459171 0.607363 0.607363 0.607363 0.607363
 0.521107 0.689287 0.689287 0.689287 0.689287
 0.847017 1.12038 1.12038 1.12038 1.12038
YTP_r0W_actual
 112862 72223.8 64019.1 13441.6 1655.18
YTP_p0W_proyectada
 298088 51628.7 13118.7 9078.54 2008.61
 298088 144052 9589.84 2298.66 1561.2
CTP_r0_actual
 15460.6 4542.38 2415.81 424.026 45.8498
CTP_p0_proyectada
 39534.2 2958.66 545.022 289.864 56.9817
 39534.2 8255.15 398.415 73.3928 44.2894
Wmedp
 7.54 17.45 24.07 31.32 35.25
Frms_r0
 0.759788 1.005 1.005 1.005 1.005
Zrms_r0
 1.75979 2.005 2.005 2.005 2.005
nmprior
 7.29 8.9 8.7 0
nm_flota  nm_reclas  nm_pelaces    nm_pelaL
inf 13.1997 7.30618 10.875
cv_recla  cv_pelaces  cv_mph
0.242639 0.549839 0.627388
 ------------------------------------------------
Talla a la edad & desviaci?n 
 8 13.2811 15.8009 17.003 17.5766
 0.8 1.32811 1.58009 1.7003 1.75766
