years
 1991 1992 1993 1994 1995 1996 1997 1998 1999 2000 2001 2002 2003 2004 2005 2006 2007 2008 2009 2010 2011 2012 2013 2014 2015 2016 2017 2018 2019 2020 2021
reclasobs
 0 0 0 0 0 0 0 0 0 252601 567819 844713 477998 351125 339783 2.1784e+06 2.13404e+06 4.81314e+06 1.55562e+06 2.62356e+06 3.21686e+06 3.843e+06 1.13348e+06 3.07943e+06 1.97215e+06 2.03268e+06 2.025e+06 2.42433e+06 2.27542e+06 1.05018e+06 2.36338e+06
reclaspred
 3.34159e+06 1.94141e+06 988194 967092 959041 1.42301e+06 1.02397e+06 934282 691208 525051 512501 619696 629501 536958 545959 1.12714e+06 1.14581e+06 2.49873e+06 2.20618e+06 1.75621e+06 3.08405e+06 2.50351e+06 2.10727e+06 3.08314e+06 2.33821e+06 2.06902e+06 2.37355e+06 2.46687e+06 2.09741e+06 1.38984e+06 1.8987e+06
pelacesobs
 0 0 0 0 0 0 0 0 0 0 0 0 0 0 0 552880 188675 0 991730 2.46772e+06 1.41603e+06 1.21717e+06 2.29649e+06 1.80582e+06 0 1.4828e+06 1.56532e+06 1.57751e+06 1.42118e+06 867257 1.10002e+06
pelacespred
 1.88732e+06 1.24404e+06 652205 517972 511625 783815 561462 575774 433996 319849 311700 323065 355726 333332 338926 571582 574684 1.41045e+06 1.31958e+06 990721 1.60024e+06 1.48792e+06 1.20637e+06 1.89205e+06 1.41298e+06 1.23271e+06 1.59698e+06 1.64214e+06 1.15094e+06 875864 1.19101e+06
mphobs
 0 0 0 0 0 0 0 0 0 0 0 498337 0 5186 125008 0 168611 109162 213762 579715 649985 157893 87575 83554 0 0 0 0 0 0 0
mphpred
 490476 331182 173027 93031.3 103178 111631 146714 107718 91904.1 67586 46533.5 58361.7 64225.1 58157.2 45625.7 54796.9 130231 128913 249809 208751 235152 280097 268561 230748 302285 249625 206420 213803 289144 206726 134117
desembarqueobs
 494567 514787 250237 358949 120608 361735 552515 73892 212993 205616 52469 317467 293654 387597 252695 516296 358380 742168 942051 627588 828172 859565 418607 520667 417249 300574 415391 372974 316634 284311 391294
desembarquepred
 494571 512958 251179 358961 120610 361743 552548 73893.8 213017 205639 52470.3 317512 293695 387648 252702 516300 358406 742124 941966 627528 828219 859589 418611 520681 417251 300576 415393 372969 316633 284318 391296
Reclutas
 320949 193475 185197 363237 290741 475672 202009 100065 90262.6 115666 207065 247124 209877 149267 158620 731089 173116 1.25842e+06 742187 583315 852025 1.17623e+06 270961 764970 643050 294294 645534 725105 217504 163182 612206
log_desv_Rt
 -0.0172541 -0.523389 -0.567114 0.106519 -0.116102 0.376193 -0.480221 -1.18272 -1.28581 -1.03783 -0.455502 -0.278645 -0.442013 -0.782797 -0.722022 0.806 -0.634574 1.34907 0.821065 0.580192 0.95908 1.28153 -0.186562 0.851301 0.677687 -0.103957 0.681542 0.797781 -0.406319 -0.693672 0.628534
SSB
 7.42588e+06 5.01414e+06 2.61966e+06 1.40851e+06 1.56213e+06 1.6901e+06 2.22127e+06 1.63087e+06 1.39144e+06 1.02326e+06 704523 883603 972377 880507 690779 829632 1.97171e+06 1.95175e+06 3.78214e+06 3.16051e+06 3.56023e+06 4.24071e+06 4.06605e+06 3.49355e+06 4.57663e+06 3.77935e+06 3.12523e+06 3.23701e+06 4.37767e+06 3.12986e+06 2.03055e+06
BT
 9.56531e+06 6.54235e+06 3.41941e+06 2.81791e+06 2.57459e+06 4.10845e+06 3.22014e+06 2.85399e+06 2.31454e+06 1.75097e+06 1.5569e+06 1.83671e+06 1.99335e+06 2.02098e+06 1.89739e+06 3.19559e+06 3.06915e+06 7.49367e+06 7.30445e+06 5.36777e+06 8.42418e+06 8.02565e+06 6.21304e+06 9.65178e+06 7.2318e+06 6.2415e+06 8.16268e+06 8.33108e+06 5.83827e+06 4.5197e+06 6.14886e+06
Ftot
 0.0576249 0.102373 0.098666 0.145777 0.04955 0.100593 0.208371 0.031126 0.120558 0.152702 0.0408084 0.200297 0.182373 0.2802 0.182574 0.182119 0.122101 0.118419 0.167068 0.140029 0.105869 0.13508 0.0776793 0.0671867 0.0701649 0.0570632 0.069553 0.0602966 0.0588513 0.0798252 0.082217
BD_Bspro_t
 0.990826 0.929135 0.847211 0.792698 0.786483 0.827825 0.82095 0.730152 0.767277 0.747886 0.730202 0.831792 0.754372 0.69598 0.627973 0.669151 0.752782 0.743431 0.808363 0.753733 0.740779 0.771827 0.785159 0.787454 0.846741 0.851541 0.856445 0.873538 0.895098 0.86267 0.828848
BD_Bspro
 3.18614 2.15136 1.12399 0.604333 0.670245 0.725155 0.953058 0.699739 0.597011 0.43904 0.302282 0.379119 0.417207 0.37779 0.296385 0.355961 0.845982 0.837419 1.62276 1.35605 1.52755 1.81952 1.74458 1.49894 1.96365 1.62157 1.34091 1.38887 1.87828 1.3429 0.871228
BD_Bo
 2.15048 1.45206 0.758634 0.407894 0.452381 0.489442 0.643264 0.472287 0.402951 0.296329 0.204025 0.255885 0.281593 0.254989 0.200045 0.240255 0.570994 0.565214 1.09528 0.915261 1.03102 1.22808 1.1775 1.01171 1.32536 1.09447 0.905044 0.937415 1.26774 0.906386 0.588033
BD_Brms
 3.90996 2.6401 1.37934 0.741625 0.82251 0.889894 1.16957 0.858704 0.732639 0.53878 0.370954 0.465246 0.511988 0.463616 0.363717 0.436828 1.03817 1.02766 1.99142 1.66411 1.87458 2.23287 2.14091 1.83947 2.40975 1.98995 1.64554 1.70439 2.30499 1.64797 1.06915
Sel_flota
 0.948667 0.99716 0.99985 0.999992 1
 0.948667 0.99716 0.99985 0.999992 1
 0.948667 0.99716 0.99985 0.999992 1
 0.948667 0.99716 0.99985 0.999992 1
 0.948667 0.99716 0.99985 0.999992 1
 0.948667 0.99716 0.99985 0.999992 1
 0.948667 0.99716 0.99985 0.999992 1
 0.948667 0.99716 0.99985 0.999992 1
 0.948667 0.99716 0.99985 0.999992 1
 0.948667 0.99716 0.99985 0.999992 1
 0.948667 0.99716 0.99985 0.999992 1
 0.948667 0.99716 0.99985 0.999992 1
 0.948667 0.99716 0.99985 0.999992 1
 0.948667 0.99716 0.99985 0.999992 1
 0.948667 0.99716 0.99985 0.999992 1
 0.948667 0.99716 0.99985 0.999992 1
 0.948667 0.99716 0.99985 0.999992 1
 0.948667 0.99716 0.99985 0.999992 1
 0.948667 0.99716 0.99985 0.999992 1
 0.948667 0.99716 0.99985 0.999992 1
 0.948667 0.99716 0.99985 0.999992 1
 0.948667 0.99716 0.99985 0.999992 1
 0.948667 0.99716 0.99985 0.999992 1
 0.948667 0.99716 0.99985 0.999992 1
 0.948667 0.99716 0.99985 0.999992 1
 0.948667 0.99716 0.99985 0.999992 1
 0.948667 0.99716 0.99985 0.999992 1
 0.948667 0.99716 0.99985 0.999992 1
 0.948667 0.99716 0.99985 0.999992 1
 0.948667 0.99716 0.99985 0.999992 1
 0.948667 0.99716 0.99985 0.999992 1
Sel_reclas
 1 1 1 1 1
 1 1 1 1 1
 1 1 1 1 1
 1 1 1 1 1
 1 1 1 1 1
 1 1 1 1 1
 1 1 1 1 1
 1 1 1 1 1
 1 1 1 1 1
 1 1 1 1 1
 1 1 1 1 1
 1 1 1 1 1
 1 1 1 1 1
 1 1 1 1 1
 1 1 1 1 1
 1 1 1 1 1
 1 1 1 1 1
 1 1 1 1 1
 1 1 1 1 1
 1 1 1 1 1
 1 1 1 1 1
 1 1 1 1 1
 1 1 1 1 1
 1 1 1 1 1
 1 1 1 1 1
 1 1 1 1 1
 1 1 1 1 1
 1 1 1 1 1
 1 1 1 1 1
 1 1 1 1 1
 1 1 1 1 1
Sel_pelaces
 1 1 1 1 1
 1 1 1 1 1
 1 1 1 1 1
 1 1 1 1 1
 1 1 1 1 1
 1 1 1 1 1
 1 1 1 1 1
 1 1 1 1 1
 1 1 1 1 1
 1 1 1 1 1
 1 1 1 1 1
 1 1 1 1 1
 1 1 1 1 1
 1 1 1 1 1
 1 1 1 1 1
 1 1 1 1 1
 1 1 1 1 1
 1 1 1 1 1
 1 1 1 1 1
 1 1 1 1 1
 1 1 1 1 1
 1 1 1 1 1
 1 1 1 1 1
 1 1 1 1 1
 1 1 1 1 1
 1 1 1 1 1
 1 1 1 1 1
 1 1 1 1 1
 1 1 1 1 1
 1 1 1 1 1
 1 1 1 1 1
pf_obs 
 0.8446 0.082 0.0669 0.0065 0
 0.8095 0.147 0.0364 0.0071 0
 0.9664 0.0169 0.016 0.0007 0
 0.9276 0.0648 0.0075 0.0001 0
 0.7033 0.2144 0.0806 0.0017 0
 0.9318 0.0425 0.0243 0.0014 0
 0.5671 0.3108 0.0964 0.0239 0.0018
 0.0768 0.2599 0.5324 0.112 0.0189
 0.490249 0.384438 0.106611 0.0170017 0.00170017
 0.7925 0.1577 0.0466 0.003 0.0002
 0.840416 0.127587 0.0312969 0.00059994 9.999e-05
 0.8084 0.0986 0.0794 0.0134 0.0002
 0.7335 0.1905 0.0724 0.0035 0.0001
 0.4001 0.4547 0.1325 0.0127 0
 0.49795 0.308269 0.164784 0.0264974 0.00249975
 0.9179 0.0499 0.0305 0.0017 0
 0.2467 0.6533 0.0926 0.0074 0
 0.9418 0.0223 0.034 0.0019 0
 0.707729 0.231977 0.0356964 0.0245975 0
 0.517169 0.277429 0.184464 0.0207286 0.00020938
 0.811772 0.124168 0.05621 0.00726502 0.000585176
 0.764997 0.148141 0.077277 0.00933861 0.000247198
 0.163321 0.427699 0.378323 0.0303852 0.000271297
 0.753843 0.0900009 0.118128 0.0371064 0.000921714
 0.721811 0.176058 0.0630433 0.0369309 0.00215725
 0.143369 0.312575 0.442814 0.0836902 0.0175525
 0.692698 0.0596174 0.167031 0.0765114 0.00414204
 0.394062 0.376323 0.152708 0.0712218 0.00568511
 0.125707 0.32114 0.495352 0.0537591 0.00404204
 0.23352 0.215282 0.420074 0.123614 0.00750983
 0.796117 0.104755 0.0508955 0.0450114 0.00322123
pf_pred 
 0.405729 0.103898 0.46658 0.0237912 7.05692e-07
 0.408226 0.247425 0.0603355 0.270235 0.0137779
 0.534925 0.195708 0.112811 0.0274346 0.129122
 0.753686 0.134925 0.0469496 0.0269895 0.0374499
 0.644915 0.27105 0.046092 0.0159939 0.0219487
 0.744606 0.167571 0.0670818 0.0113772 0.00936429
 0.477803 0.393852 0.0842901 0.0336512 0.0104033
 0.434186 0.277973 0.217253 0.0463612 0.0242271
 0.518093 0.215118 0.131244 0.102308 0.0332367
 0.664362 0.178273 0.0703557 0.0428063 0.0442026
 0.783586 0.14631 0.0372859 0.0146738 0.0181443
 0.71834 0.223032 0.0396712 0.0100833 0.00887385
 0.66025 0.247708 0.0729274 0.0129344 0.00617984
 0.5964 0.271279 0.0965492 0.0283437 0.00742773
 0.686953 0.190939 0.0821571 0.0291519 0.010799
 0.908543 0.0638734 0.0168433 0.00722668 0.00351362
 0.39978 0.547933 0.0365491 0.00961051 0.00612729
 0.897104 0.0424021 0.0552376 0.00367442 0.00158194
 0.606934 0.354482 0.0159259 0.0206899 0.00196854
 0.596637 0.24983 0.138502 0.00620495 0.00882669
 0.724786 0.167653 0.0666907 0.0368697 0.00400087
 0.744162 0.188021 0.0413569 0.0164065 0.0100531
 0.338334 0.498839 0.119756 0.0262683 0.0168037
 0.733451 0.0931969 0.13078 0.0313122 0.0112603
 0.632974 0.272804 0.0330017 0.046187 0.015033
 0.449404 0.354856 0.145593 0.0175658 0.0325809
 0.734672 0.122517 0.0921285 0.0376993 0.0129829
 0.698137 0.224716 0.0356754 0.0267551 0.0147166
 0.368144 0.447666 0.137212 0.0217258 0.0252521
 0.438329 0.213311 0.247003 0.0755078 0.0258482
 0.825401 0.0787398 0.0364669 0.0421136 0.0172785
pobs_RECLAS
 0 0 0 0 0
 0 0 0 0 0
 0 0 0 0 0
 0 0 0 0 0
 0 0 0 0 0
 0 0 0 0 0
 0 0 0 0 0
 0 0 0 0 0
 0 0 0 0 0
 0 0 0 0 0
 0.991045 0.00858322 0.000360255 1.14367e-05 0
 0.934742 0.0480273 0.0164251 0.00080598 0
 0.827803 0.169806 0.00239088 0 0
 0.941827 0.0461693 0.0120037 0 0
 0.791401 0.0380133 0.147996 0.0225897 0
 0.846168 0.0940531 0.0597789 0 0
 0.134021 0.677848 0.182769 0.00536245 0
 0.80878 0.0450904 0.141981 0.00414843 0
 0.846168 0.0940531 0.0597789 0 0
 0.905697 0.0802665 0.012482 0.00150086 5.37128e-05
 0.989698 0.0102097 9.19794e-05 0 0
 0.975433 0.0193895 0.00387452 0.00125025 5.28907e-05
 0.303575 0.632131 0.0575291 0.00676475 0
 0.966965 0.00978017 0.0227588 0.000495775 0
 0.843318 0.132988 0.00938335 0.0141283 0.000182051
 0.564624 0.303363 0.111486 0.0197234 0.00080311
 0.826376 0.0876187 0.0782897 0.00655872 0.00115652
 0.89761 0.0855135 0.0140674 0.00269457 0.000114338
 0.34875 0.467042 0.161289 0.0227151 0.000203297
 0.318654 0.224769 0.449479 0.00709798 0
 0.937255 0.0296025 0.0250945 0.00804832 0
ppred_RECLAS
 0.418408 0.101909 0.456413 0.0232695 6.90209e-07
 0.420834 0.242554 0.058987 0.264157 0.013468
 0.547812 0.190594 0.109565 0.0266414 0.125388
 0.763173 0.129894 0.0450756 0.0259085 0.0359496
 0.656442 0.262423 0.0445044 0.0154408 0.0211895
 0.754227 0.161411 0.0644404 0.0109277 0.00899421
 0.490672 0.38441 0.0820435 0.0327495 0.0101245
 0.446847 0.272131 0.212114 0.0452581 0.0236504
 0.531045 0.20966 0.127567 0.0994275 0.0323005
 0.675827 0.172411 0.0678564 0.0412797 0.0426259
 0.792096 0.140683 0.035755 0.0140693 0.0173968
 0.728618 0.215018 0.0381409 0.00969298 0.00853024
 0.671695 0.239544 0.0703306 0.012472 0.00595888
 0.608894 0.263124 0.0933873 0.0274115 0.00718338
 0.697982 0.184412 0.0791318 0.0280744 0.0103998
 0.912737 0.060996 0.0160405 0.00688124 0.00334564
 0.41199 0.536916 0.0357168 0.00939032 0.00598686
 0.901804 0.0405302 0.0526554 0.00350215 0.00150777
 0.619008 0.343688 0.0153988 0.0200021 0.00190309
 0.608973 0.242442 0.13404 0.00600418 0.00854104
 0.734919 0.161655 0.0641301 0.035449 0.00384667
 0.753787 0.181082 0.0397219 0.0157557 0.0096542
 0.349812 0.490517 0.117439 0.0257565 0.0164761
 0.743478 0.0898512 0.125744 0.0301021 0.0108251
 0.64471 0.264271 0.0318828 0.0446147 0.0145212
 0.46207 0.347031 0.141998 0.0171296 0.0317715
 0.744614 0.118102 0.0885677 0.0362371 0.0124792
 0.708737 0.216979 0.0343539 0.0257604 0.0141693
 0.380062 0.439573 0.134368 0.0212724 0.0247249
 0.451146 0.2088 0.241125 0.0737002 0.0252292
 0.832733 0.0755494 0.0348945 0.0402919 0.016531
pobs_PELACES
 0 0 0 0 0
 0 0 0 0 0
 0 0 0 0 0
 0 0 0 0 0
 0 0 0 0 0
 0 0 0 0 0
 0 0 0 0 0
 0 0 0 0 0
 0 0 0 0 0
 0 0 0 0 0
 0 0 0 0 0
 0 0 0 0 0
 0 0 0 0 0
 0 0 0 0 0
 0 0 0 0 0
 0 0 0 0 0
 0.505614 0.472636 0.0217494 0 0
 0 0 0 0 0
 0.443492 0.261883 0.143347 0.151278 0
 0.227955 0.32914 0.350689 0.0885471 0.00366901
 0.970185 0.0296113 0.000203453 0 0
 0.997202 0.00247181 0.000326279 0 0
 0.445219 0.490057 0.0546422 0.010081 0
 0.90214 0.0892962 0.00764917 0.000914606 0
 0 0 0 0 0
 0.581667 0.319106 0.0959925 0.00289975 0.000334073
 0.762889 0.0836404 0.116647 0.0363945 0.000428098
 0.88444 0.0763242 0.0277011 0.0115352 0
 0.521256 0.241999 0.230069 0.00667565 0
 0.616807 0.101726 0.260614 0.0208532 0
 0.833518 0.0704572 0.0857862 0.0102388 0
ppred_PELACES
 0.418642 0.101873 0.456224 0.0232598 6.89923e-07
 0.421247 0.242394 0.0589429 0.263958 0.0134578
 0.548216 0.190434 0.109463 0.0266165 0.125271
 0.763605 0.129664 0.0449902 0.0258592 0.0358813
 0.656623 0.262288 0.0444795 0.0154321 0.0211776
 0.754531 0.161216 0.064357 0.0109135 0.00898251
 0.491517 0.38379 0.0818961 0.0326903 0.0101062
 0.446973 0.272073 0.212062 0.045247 0.0236447
 0.53154 0.209451 0.127426 0.0993173 0.0322647
 0.676377 0.17213 0.0677366 0.0412066 0.0425503
 0.792206 0.14061 0.0357353 0.0140615 0.0173871
 0.729258 0.214519 0.0380455 0.00966865 0.00850882
 0.672348 0.239078 0.0701824 0.0124456 0.00594628
 0.609981 0.262414 0.0931123 0.0273304 0.00716213
 0.698611 0.18404 0.0789592 0.0280129 0.010377
 0.912972 0.0608342 0.0159954 0.00686182 0.00333619
 0.412466 0.536487 0.0356844 0.00938174 0.00598139
 0.901978 0.0404612 0.0525603 0.0034958 0.00150503
 0.619642 0.343122 0.0153711 0.019966 0.00189966
 0.609518 0.242115 0.133843 0.00599532 0.00852842
 0.735256 0.161455 0.0640449 0.0354017 0.00384154
 0.754194 0.180788 0.0396528 0.0157281 0.00963733
 0.350098 0.490309 0.117381 0.0257437 0.0164679
 0.74369 0.0897803 0.125637 0.0300765 0.0108158
 0.644971 0.264081 0.031858 0.0445798 0.0145098
 0.462302 0.346888 0.141932 0.0171216 0.0317567
 0.744832 0.118005 0.0884896 0.036205 0.0124682
 0.708939 0.216832 0.0343287 0.0257414 0.0141589
 0.380287 0.43942 0.134314 0.0212638 0.0247149
 0.451473 0.208685 0.240975 0.073654 0.0252134
 0.832922 0.0754672 0.0348539 0.040245 0.0165117
pobs_pel_tallas
 0 0 0 0 0 0 0 0 0 0 0 0 0 0 0 0 0 0 0 0 0 0 0 0 0 0
 0 0 0 0 0 0 0 0 0 0 0 0 0 0 0 0 0 0 0 0 0 0 0 0 0 0
 0 0 0 0 0 0 0 0 0 0 0 0 0 0 0 0 0 0 0 0 0 0 0 0 0 0
 0 0 0 0 0 0 0 0 0 0 0 0 0 0 0 0 0 0 0 0 0 0 0 0 0 0
 0 0 0 0 0 0 0 0 0 0 0 0 0 0 0 0 0 0 0 0 0 0 0 0 0 0
 0 0 0 0 0 0 0 0 0 0 0 0 0 0 0 0 0 0 0 0 0 0 0 0 0 0
 0 0 0 0 0 0 0 0 0 0 0 0 0 0 0 0 0 0 0 0 0 0 0 0 0 0
 0 0 0 0 0 0 0 0 0 0 0 0 0 0 0 0 0 0 0 0 0 0 0 0 0 0
 0 0 0 0 0 0 0 0 0 0 0 0 0 0 0 0 0 0 0 0 0 0 0 0 0 0
 0 0 0 0 0 0 0 0 0 0 0 0 0 0 0 0 0 0 0 0 0 0 0 0 0 0
 0 0 0 0 0 0 0 0 0 0 0 0 0 0 0 0 0 0 0 0 0 0 0 0 0 0
 0 0 0 0 0 0 0 0 0 0 0 0 0 0 0 0 0 0 0 0 0 0 0 0 0 0
 0.00862536 0 0 0.000197151 0.00414017 0.0128641 0.00837892 0.0270097 0.101434 0.158115 0.152841 0.127902 0.109271 0.109419 0.0830992 0.0579132 0.0238553 0.00714673 0.00463305 0.00128148 0.00103504 0.000492878 0.000147863 0.000147863 4.92878e-05 0
 0 0 0 0 0 0 0 0 0 0 0 0 0 0 0 0 0 0 0 0 0 0 0 0 0 0
 0 0 0 0 0 0 0 0.0054083 0.00873648 0.0413646 0.0450493 0.0745869 0.0622846 0.0627006 0.0613931 0.0827291 0.12552 0.122667 0.0946155 0.0697135 0.0546179 0.0294188 0.0215738 0.0213955 0.0102223 0.00600262
 0 0 0 0 0.00359764 0.0251062 0.0480494 0.140153 0.205849 0.193036 0.1447 0.116669 0.0760912 0.0342217 0.00950174 0.001854 0.000860785 0 0 0 0.000165536 0 0.000143464 0 0 0
 0 0 0 0 0 0 0 0.000145254 0.000435761 0.0275982 0.070085 0.0708112 0.156366 0.174668 0.174014 0.160142 0.0824315 0.0480064 0.0283245 0.00493863 0.00203355 0 0 0 0 0
 0 0 0 0 0 0 0 0 0 0 0 0 0 0 0 0 0 0 0 0 0 0 0 0 0 0
 0 0 1.00437e-05 0.000401748 0.00122533 0.00171747 0.00176769 0.0269171 0.070346 0.194647 0.189555 0.159765 0.064822 0.0314167 0.0384472 0.0292271 0.0345202 0.0313363 0.0194345 0.0106764 0.0143323 0.0359363 0.0279516 0.0138201 0.00172751 0
 0 0.0021121 0.0136068 0.0755702 0.200478 0.177729 0.0527432 0.0373336 0.0318909 0.0142505 0.0149659 0.0166563 0.0217959 0.0798694 0.0677717 0.0528807 0.04013 0.0224614 0.0357745 0.0225083 0.00881397 0.00855152 0.00135912 0.000746735 0 0
 0 0 0 0 5.4009e-05 0.00500934 0.000945158 0.0243581 0.138947 0.33067 0.221406 0.137944 0.0707744 0.0437923 0.0131692 0.00525238 0.0047753 0.00276346 9.45158e-05 9.00151e-06 2.25038e-05 9.00151e-06 4.50075e-06 0 0 0
 0.000866109 0.00284123 0.00948549 0.0512746 0.133035 0.25785 0.225252 0.132002 0.0553304 0.0519788 0.0540692 0.017754 0.00435017 0.00159236 0.00146478 0.000404838 0.000125132 0.000115318 0.000107957 0.000100596 0 0 0 0 0 0
 0 0 0 0 0.00144013 0.00171154 0.00461396 0.0210425 0.0478622 0.0707936 0.0888783 0.103762 0.0637923 0.0337046 0.0602308 0.124433 0.169614 0.0934646 0.0462172 0.0250306 0.0313229 0.00938855 0.002487 0.000210481 0 0
 0 0.00764035 0.051015 0.0998891 0.058973 0.0496711 0.0374665 0.0718981 0.12319 0.153886 0.159021 0.0857701 0.0377988 0.023471 0.0147837 0.00900784 0.00315554 0.000888139 0.00291439 0.00214683 0.00393193 0.00274676 0.000635225 9.99891e-05 0 0
 0 0 0 0 0 0 0 0 0 0 0 0 0 0 0 0 0 0 0 0 0 0 0 0 0 0
 0 0 0 0 0 0 0 0 0 0 0 0 0 0 0 0 0 0 0 0 0 0 0 0 0 0
 0 0 0 0 0 0 0 0 0 0 0 0 0 0 0 0 0 0 0 0 0 0 0 0 0 0
 0 0 0 0 0 0 0 0 0 0 0 0 0 0 0 0 0 0 0 0 0 0 0 0 0 0
 0 0 0 0 0 0 0 0 0 0 0 0 0 0 0 0 0 0 0 0 0 0 0 0 0 0
 0 0 0 0 0 0 0 0 0 0 0 0 0 0 0 0 0 0 0 0 0 0 0 0 0 0
 0 0 0 0 0 0 0 0 0 0 0 0 0 0 0 0 0 0 0 0 0 0 0 0 0 0
ppred_pel_tallas
 1.15525e-16 3.4483e-05 0.000335188 0.00222744 0.0101256 0.0315046 0.0671243 0.0979721 0.0979826 0.067176 0.0316801 0.0106412 0.00355458 0.00334137 0.00606251 0.0107971 0.0174753 0.0259719 0.0360278 0.0472791 0.059044 0.0699618 0.0779448 0.0807921 0.0772352 0.0677089
 1.30512e-16 3.46976e-05 0.000337273 0.0022413 0.0101886 0.0317007 0.0675426 0.0985853 0.0986088 0.0676575 0.0320868 0.0113058 0.00505351 0.00650366 0.0118309 0.0197422 0.0290383 0.0378948 0.0446019 0.0486904 0.0513267 0.0544768 0.0594149 0.0657136 0.0713978 0.0740251
 1.27077e-16 4.51558e-05 0.000438931 0.00291685 0.0132596 0.0412556 0.0879001 0.128297 0.128315 0.0879907 0.0415601 0.0141412 0.00513815 0.00531605 0.00939203 0.015683 0.0231402 0.0303128 0.0358049 0.039131 0.0410482 0.042982 0.0459733 0.0499612 0.0538488 0.0561483
 1.09997e-16 6.28972e-05 0.000611383 0.00406285 0.0184692 0.0574645 0.122435 0.178699 0.178712 0.122496 0.0576707 0.0190655 0.00556282 0.00389581 0.00633083 0.0104485 0.0152451 0.0196116 0.022484 0.0234332 0.022934 0.0220151 0.0215628 0.0218175 0.0223712 0.0225386
 1.06483e-16 5.40852e-05 0.000525728 0.00349365 0.0158816 0.0494138 0.105282 0.153668 0.153693 0.105406 0.0498289 0.0170809 0.00650501 0.00710284 0.0125553 0.0206983 0.0298797 0.0377275 0.0418702 0.0412423 0.0367247 0.0305357 0.0248712 0.0208513 0.0183833 0.0167252
 1.04514e-16 6.21497e-05 0.000604118 0.00401458 0.0182497 0.0567816 0.12098 0.176577 0.176592 0.121056 0.057038 0.018991 0.00587862 0.00468427 0.00784327 0.0129524 0.01885 0.0241195 0.0273518 0.0278883 0.0261759 0.0233844 0.0206158 0.0183467 0.0164381 0.0145245
 1.07451e-16 4.04857e-05 0.000393536 0.00261518 0.0118883 0.036989 0.0788104 0.115034 0.115071 0.0789914 0.037597 0.013645 0.00702732 0.0100339 0.0183751 0.0303822 0.0439262 0.055589 0.0619113 0.0613093 0.054997 0.046098 0.0376897 0.031321 0.0268712 0.023394
 1.14729e-16 3.68167e-05 0.000357871 0.00237818 0.0108109 0.0336368 0.0716677 0.104607 0.104633 0.0717974 0.034073 0.0120744 0.0055638 0.00735833 0.013468 0.022564 0.0333383 0.043686 0.051449 0.0556 0.0567149 0.056265 0.0553585 0.0540207 0.0514877 0.0470529
 1.19152e-16 4.37823e-05 0.00042558 0.00282813 0.0128563 0.0400007 0.0852266 0.124395 0.124415 0.0853262 0.040336 0.013827 0.00527454 0.00579892 0.0103469 0.0172991 0.0255474 0.0334944 0.0395689 0.0431456 0.044893 0.0461541 0.0478531 0.0498202 0.0509846 0.0501388
 1.13332e-16 5.57123e-05 0.000541543 0.00359875 0.0163594 0.0509002 0.108449 0.158288 0.158305 0.10853 0.0511743 0.0171521 0.00559317 0.0049109 0.00840064 0.0139258 0.020361 0.0262744 0.0302711 0.0317853 0.031427 0.0305127 0.0301485 0.0305847 0.0312395 0.0312115
 1.0542e-16 6.5253e-05 0.000634282 0.00421503 0.0191609 0.0596168 0.12702 0.185393 0.185406 0.127087 0.0598398 0.0198054 0.00583449 0.00417502 0.00680608 0.0111924 0.016223 0.0206328 0.0231865 0.0233398 0.0215614 0.0189922 0.0167159 0.0152129 0.0143198 0.0135635
 1.03563e-16 6.00681e-05 0.000583883 0.00388011 0.0176384 0.0548798 0.116928 0.170664 0.170685 0.117029 0.0552193 0.0186193 0.00634287 0.0059625 0.0102822 0.0169226 0.0244177 0.0308045 0.0341248 0.0334809 0.0295626 0.0241593 0.019064 0.0152263 0.0126454 0.010817
 1.04341e-16 5.53805e-05 0.000538318 0.00357731 0.016262 0.0505971 0.107803 0.157347 0.15737 0.107916 0.0509764 0.0173582 0.00633187 0.00656094 0.011521 0.019031 0.0275778 0.0350319 0.0392493 0.0392272 0.035663 0.0304047 0.0252633 0.0211363 0.01796 0.0152403
 1.06708e-16 5.02434e-05 0.000488384 0.00324548 0.0147535 0.0459038 0.0978038 0.142753 0.142778 0.0979279 0.0463207 0.015959 0.00627595 0.00711928 0.0126888 0.0210168 0.0305507 0.0390094 0.0440903 0.0447244 0.0416632 0.0368566 0.0321509 0.0283602 0.0252649 0.0222448
 1.06892e-16 5.75437e-05 0.000559345 0.00371705 0.0168972 0.0525734 0.112014 0.163491 0.163509 0.112101 0.0528664 0.0177445 0.0058484 0.00522719 0.00896727 0.0148514 0.021667 0.0278383 0.0317945 0.0328177 0.0314308 0.0289429 0.0265361 0.0246361 0.0229518 0.0209598
 1.0173e-16 7.52003e-05 0.000730974 0.00485758 0.0220819 0.0687049 0.146383 0.213652 0.213658 0.146412 0.0688014 0.0223607 0.00555827 0.00226291 0.00299157 0.00484514 0.00701649 0.00891834 0.0100087 0.0100439 0.00921655 0.00800977 0.00688714 0.00606195 0.00548325 0.00497866
 1.03121e-16 3.39744e-05 0.000330243 0.00219458 0.00997629 0.0310402 0.0661364 0.0965388 0.0965904 0.0663887 0.0318872 0.0124219 0.00833026 0.0137141 0.0254216 0.0418932 0.0601578 0.0752566 0.0821586 0.0785485 0.066229 0.0499452 0.0346122 0.0230809 0.0157166 0.0113967
 1.02133e-16 7.42947e-05 0.000722171 0.00479908 0.0218159 0.0678775 0.14462 0.211078 0.211082 0.14464 0.067943 0.0220061 0.00527991 0.00178344 0.00212385 0.00348206 0.00521448 0.00698465 0.00848895 0.00956452 0.0102373 0.0106163 0.010736 0.0105014 0.00978069 0.00854784
 1.02856e-16 5.10391e-05 0.000496119 0.00329688 0.0149872 0.0466308 0.0993532 0.145016 0.145049 0.0995145 0.0471724 0.0165508 0.00721963 0.00905205 0.0162787 0.0267755 0.0384381 0.0480745 0.052477 0.0501894 0.0424003 0.0321794 0.0226838 0.0157094 0.0114166 0.00898811
 1.05969e-16 5.02052e-05 0.000488013 0.00324302 0.0147423 0.0458689 0.0977294 0.142644 0.142667 0.0978443 0.046255 0.0158594 0.00605446 0.00664979 0.0118238 0.0196528 0.0287354 0.0370269 0.0424405 0.043957 0.0421305 0.038521 0.0345648 0.0308328 0.0271287 0.0230901
 1.0609e-16 6.05621e-05 0.000588686 0.00391202 0.0177835 0.0553311 0.117889 0.172066 0.172082 0.117966 0.055588 0.0185264 0.00578068 0.00468056 0.00786912 0.0130125 0.0189746 0.0243644 0.027807 0.028683 0.0274681 0.025328 0.023307 0.0217655 0.0204142 0.0187513
 1.04399e-16 6.2122e-05 0.000603848 0.00401278 0.0182415 0.0567563 0.120926 0.176498 0.176516 0.121011 0.0570427 0.0190692 0.00609184 0.00514706 0.00870431 0.0143285 0.0207234 0.0262517 0.0292919 0.0291094 0.0262865 0.022298 0.0185855 0.0158554 0.0140142 0.0125723
 1.08882e-16 2.88372e-05 0.000280308 0.00186275 0.00846781 0.0263468 0.0561363 0.0819425 0.0819899 0.0563677 0.0271238 0.0107131 0.0075027 0.0126054 0.0234749 0.0388642 0.0562203 0.0712004 0.0793814 0.078715 0.0707048 0.0592827 0.0483367 0.0398484 0.0337279 0.0288755
 1.08496e-16 6.12568e-05 0.000595438 0.0039569 0.0179875 0.0559658 0.119241 0.174038 0.174047 0.119285 0.0561116 0.0184112 0.00502951 0.00296713 0.00465436 0.00783066 0.0118213 0.016016 0.0198148 0.0229214 0.0254273 0.0275448 0.0292331 0.0300827 0.0295611 0.0273956
 1.07914e-16 5.31255e-05 0.000516398 0.00343165 0.0155998 0.0485369 0.103414 0.150941 0.150966 0.103538 0.0489547 0.0168065 0.00646133 0.00713238 0.0126253 0.02081 0.0300317 0.0379112 0.0420846 0.041524 0.0371774 0.0313327 0.0262124 0.0228803 0.0211026 0.019955
 1.11276e-16 3.80792e-05 0.000370144 0.00245974 0.0111816 0.0347904 0.0741258 0.108196 0.108229 0.07429 0.0353421 0.0127771 0.00647191 0.00915323 0.0167908 0.0278876 0.0406137 0.0520088 0.0590605 0.0603674 0.0569033 0.0511903 0.0455927 0.0411123 0.0374086 0.0336384
 1.08325e-16 6.13509e-05 0.000596352 0.00396297 0.0180151 0.0560517 0.119425 0.174306 0.174318 0.119481 0.0562409 0.0185632 0.00534508 0.00363416 0.00589186 0.00980493 0.0145009 0.0190485 0.0225385 0.0245649 0.0254185 0.0257601 0.0260509 0.0262241 0.0258182 0.0243788
 1.06024e-16 5.83944e-05 0.000567615 0.003772 0.017147 0.0533507 0.11367 0.165909 0.16593 0.113772 0.0536939 0.0181385 0.00626163 0.0060055 0.0103953 0.0171192 0.0247213 0.0312388 0.0347256 0.0343203 0.0307699 0.0259151 0.0215547 0.0185673 0.0168067 0.0155888
 1.10304e-16 3.13239e-05 0.000304479 0.00202337 0.00919798 0.0286186 0.0609764 0.0890058 0.0890483 0.061184 0.0293159 0.0112136 0.0070887 0.0113813 0.0211245 0.0350213 0.0507937 0.0646059 0.0725496 0.0728101 0.0666884 0.0575797 0.0487808 0.0418767 0.0366593 0.0321202
 1.18661e-16 3.71873e-05 0.000361474 0.00240212 0.0109197 0.0339754 0.0723888 0.105658 0.105678 0.072489 0.0343128 0.0118989 0.00487746 0.00582318 0.0105811 0.0178842 0.0268192 0.035965 0.0438651 0.0498356 0.0542158 0.0577558 0.0606888 0.06234 0.0615778 0.0576493
 1.07856e-16 6.86067e-05 0.000666882 0.00443166 0.0201457 0.0626808 0.133548 0.194919 0.194927 0.133584 0.0628013 0.0204944 0.00530987 0.00259375 0.00375757 0.00618337 0.00909582 0.0118682 0.0139314 0.0150797 0.0155996 0.0160397 0.0167945 0.0178278 0.0187177 0.0189334
pSPR Fmed_Fpbrs
0.81071   0.6 0.325
Fs Fmed_Fpbrs
0.100447   0.256074 0.615472
SSBpbr Bo_Bmed_Bpbrs
3.45312e+06  2.62683e+06  1.89922e+06 949609
Ro
326534
SPR SPRFo_SPRFmed_SPRFpbrs
2.33068e+06 1.88951e+06 757471
Fref
0.256074
Nvult_r0
 403887 36790.9 16996.7 19625.9 8052.14
CTP_r0
 29222.5 2787.7 1291.07 1490.99 611.728
YTP_r0
391296
Np
 481867 139037 59366.3 5371.55 3187.04
Nvult_p0
 342830 99414.6 42459.9 3841.89 2279.46
CTP_p0
 67005.6 30298.1 2749.96 1270.16 1963.59
 67005.6 20221.6 8655.19 783.235 464.71
YTP_p0
 1.14398e+06 1.05766e+06
CBA_c0
1.11809e+06
log_Ro
12.5163
likeval ReclasPelacesDesembMPH_pf_preclas_ppelaces_ptallas_desvR_qrecl_qpela
 18.9707 21.7202 0.134502 0.000813494 241.474 122.393 98.9236 0 22.9913 4.07088e-05 2.74485e-05 0.680915 5.77749e-16 0 0
q_reclas_q_pelaces
0.404897 0.474558
M
1
N
 320949 78281.2 350618 17875.8 0.530224
 193475 111789 27189.9 121763 6208.07
 185197 64588 37134 9029.42 42497.1
 363237 62042.5 21534.2 12377.5 17174.6
 290741 116368 19736.2 6847.52 9396.88
 475672 102046 40745.7 6909.62 5687.09
 202009 159063 33957.8 13555.2 4190.59
 100065 60985.7 47537.6 10143 5300.39
 90262.6 35740.6 21749.7 16952.2 5507.18
 115666 29617.2 11658.9 7092.67 7323.97
 207065 36812.8 9356.63 3681.77 4552.52
 247124 73282.4 13002.7 3304.49 2908.1
 209877 75179.3 22078.2 3915.28 1870.64
 149267 64943.1 23058.2 6768.28 1773.68
 158620 42094.7 18067.4 6410.02 2374.51
 731089 49073.1 12908.3 5537.6 2692.36
 173116 226278 15055 3958.14 2523.54
 1.25842e+06 56720.1 73700.6 4901.92 2110.41
 742187 413753 18542.1 24085.5 2291.6
 583315 233016 128853 5771.91 8210.63
 852025 187896 74550.6 41209.4 4471.75
 1.17623e+06 283491 62197.7 24670.9 15117
 270961 380666 91148.1 19990.5 12787.7
 764970 92599.3 129601 31025.8 11157.2
 643050 264040 31857.9 44580.1 14509.9
 294294 221331 90570.9 10925.8 20265
 645534 102560 76919.4 31471.4 10838
 725105 222315 35201.5 26396.1 14519
 217504 251921 77012.6 12192.3 14171.1
 163182 75670.4 87394.3 26712.4 9144.23
 612206 55653 25707.6 29684.3 12178.9
pred_Ctot
 10841.4 2776.24 12467.4 635.722 0.0188567
 11409.2 6915.09 1686.27 7552.58 385.069
 10540.8 3856.46 2222.96 540.603 2544.38
 29992.7 5369.29 1868.34 1074.04 1490.31
 8471.64 3560.53 605.467 210.097 288.319
 27581.7 6207.16 2484.84 421.435 346.872
 23275.7 19186.1 4106.11 1639.29 506.788
 1844.89 1181.13 923.126 196.993 102.943
 6224.12 2584.32 1576.71 1229.08 399.289
 9977.6 2677.36 1056.62 642.879 663.848
 4986.17 931.009 237.26 93.3732 115.457
 27455.2 8524.35 1516.25 385.389 339.161
 21376.8 8019.99 2361.15 418.774 200.083
 22505.8 10237 3643.39 1069.58 280.294
 16172.7 4495.19 1934.19 686.311 254.237
 74367.7 5228.29 1378.69 591.532 287.603
 12082.9 16560.7 1104.66 290.467 185.191
 85306.1 4032.04 5252.57 349.402 150.428
 69658.8 40684.5 1827.85 2374.61 225.933
 46368.3 19415.8 10763.9 482.225 685.977
 51888.7 12002.6 4774.5 2639.57 286.429
 90367.6 22832.5 5022.19 1992.33 1220.8
 12241.7 18049.1 4333.03 950.447 607.993
 30015.1 3813.91 5351.92 1281.39 460.806
 26319.1 11343.2 1372.21 1920.45 625.072
 9846.31 7774.8 3189.91 384.862 713.838
 26196.6 4368.66 3285.07 1344.26 462.938
 25602.3 8240.87 1308.3 981.172 539.691
 7499.88 9119.9 2795.31 442.601 514.438
 7569.64 3683.74 4265.58 1303.97 446.38
 29222.5 2787.7 1291.07 1490.99 611.728
F
 0.0546669 0.0574613 0.0576163 0.0576245 0.0576249
 0.0971182 0.102083 0.102358 0.102373 0.102373
 0.0936011 0.0983858 0.0986512 0.0986652 0.098666
 0.138294 0.145363 0.145756 0.145776 0.145777
 0.0470064 0.0494092 0.0495425 0.0495496 0.0495499
 0.0954293 0.100307 0.100578 0.100592 0.100593
 0.197674 0.207779 0.20834 0.208369 0.208371
 0.0295281 0.0310376 0.0311213 0.0311257 0.0311259
 0.114369 0.120216 0.12054 0.120557 0.120558
 0.144863 0.152269 0.152679 0.152701 0.152702
 0.0387135 0.0406925 0.0408023 0.040808 0.0408084
 0.190015 0.199728 0.200267 0.200295 0.200297
 0.173011 0.181855 0.182345 0.182371 0.182373
 0.265816 0.279404 0.280158 0.280198 0.2802
 0.173202 0.182056 0.182547 0.182573 0.182574
 0.17277 0.181602 0.182092 0.182117 0.182119
 0.115833 0.121754 0.122083 0.1221 0.122101
 0.11234 0.118083 0.118401 0.118418 0.118419
 0.158492 0.166593 0.167043 0.167066 0.167068
 0.132841 0.139632 0.140008 0.140028 0.140029
 0.100434 0.105568 0.105853 0.105868 0.105869
 0.128146 0.134696 0.13506 0.135079 0.13508
 0.0736918 0.0774587 0.0776677 0.0776787 0.0776793
 0.0637378 0.0669959 0.0671766 0.0671861 0.0671866
 0.0665631 0.0699657 0.0701544 0.0701644 0.0701649
 0.054134 0.0569012 0.0570547 0.0570628 0.0570632
 0.0659826 0.0693555 0.0695426 0.0695524 0.069553
 0.0572014 0.0601254 0.0602876 0.0602962 0.0602966
 0.0558302 0.0586841 0.0588424 0.0588508 0.0588512
 0.0757275 0.0795985 0.0798132 0.0798246 0.0798252
 0.0779965 0.0819835 0.0822047 0.0822164 0.082217
YTP_r0W_actual
 242547 39306.6 35633.6 50991.8 22817.5
YTP_p0W_proyectada
 501872 474772 63606.5 37304.6 66428.3
 501872 316873 200195 23003.6 15721.1
CTP_r0_actual
 29222.5 2787.7 1291.07 1490.99 611.728
CTP_p0_proyectada
 67005.6 30298.1 2749.96 1270.16 1963.59
 67005.6 20221.6 8655.19 783.235 464.71
Wmedp
 7.49 15.67 23.13 29.37 33.83
Frms_r0
 0.0779965 0.0819835 0.0822047 0.0822164 0.082217
Zrms_r0
 1.078 1.08198 1.0822 1.08222 1.08222
nmprior
 8.19 8.8 8.5 0
nm_flota  nm_reclas  nm_pelaces    nm_pelaL
inf 11.2153 16.2627 37.545
cv_recla  cv_pelaces  cv_mph
0.393973 0.440375 0.880202
 ------------------------------------------------
Talla a la edad & desviaci?n 
 8 13.2811 15.8009 17.003 17.5766
 0.8 1.32811 1.58009 1.7003 1.75766
