years
 1991 1992 1993 1994 1995 1996 1997 1998 1999 2000 2001 2002 2003 2004 2005 2006 2007 2008 2009 2010 2011 2012 2013 2014 2015 2016 2017 2018 2019 2020 2021
reclasobs
 0 0 0 0 0 0 0 0 0 252601 567819 844713 477998 351125 339783 2.1784e+06 2.13404e+06 4.81314e+06 1.55562e+06 2.62356e+06 3.21686e+06 3.843e+06 1.13348e+06 3.07943e+06 1.97215e+06 2.03268e+06 2.025e+06 2.42433e+06 2.27542e+06 1.05018e+06 2.36338e+06
reclaspred
 3.30315e+06 1.87553e+06 951664 956523 958304 1.47424e+06 979124 876970 642111 474688 508790 636953 632124 508219 513746 1.15927e+06 1.11197e+06 2.69076e+06 2.31367e+06 1.80994e+06 3.1325e+06 2.54162e+06 2.08627e+06 3.10126e+06 2.33407e+06 2.06897e+06 2.40395e+06 2.5309e+06 2.10317e+06 1.35865e+06 1.89735e+06
pelacesobs
 0 0 0 0 0 0 0 0 0 0 0 0 0 0 0 552880 188675 0 991730 2.46772e+06 1.41603e+06 1.21717e+06 2.29649e+06 1.80582e+06 0 1.4828e+06 1.56532e+06 1.57751e+06 1.42118e+06 867257 1.10002e+06
pelacespred
 1.8544e+06 1.17995e+06 605379 495832 508904 808622 513512 547024 395458 279585 305053 320774 348074 299496 308189 570504 546015 1.51838e+06 1.35459e+06 990701 1.62869e+06 1.46966e+06 1.18745e+06 1.91526e+06 1.40275e+06 1.23372e+06 1.62629e+06 1.69131e+06 1.1579e+06 852525 1.18829e+06
mphobs
 0 0 0 0 0 0 0 0 0 0 0 498337 0 5186 125008 0 168611 109162 213762 579715 649985 157893 87575 83554 0 0 0 0 0 0 0
mphpred
 497278 333610 169221 92000 102831 115169 150812 100315 87618.6 61880.9 41461.5 59661.4 64239.9 55604.3 39737.1 49000.7 132029 124827 270579 214956 241327 285723 273642 232101 309558 255392 210960 220350 303761 211045 132241
desembarqueobs
 494567 514787 250237 358949 120608 361735 552515 73892 212993 205616 52469 317467 293654 387597 252695 516296 358380 742168 942051 627588 828172 859565 418607 520667 417249 300574 415391 372974 316634 284311 391294
desembarquepred
 494574 513287 251005 358972 120612 361749 552566 73895.5 213035 205656 52471.3 317532 293708 387653 252699 516289 358423 742090 941900 627475 828252 859591 418611 520692 417251 300577 415395 372964 316630 284321 391300
Reclutas
 224136 128768 127143 229975 183869 305447 128302 60339.4 55515.8 72508.7 132261 168820 141640 99502.4 101255 486995 105685 854657 491772 397587 542156 761001 169569 466661 398955 181059 395503 446462 133907 99722.7 372435
log_desv_Rt
 0.0700031 -0.484238 -0.496935 0.0957204 -0.128024 0.379528 -0.487858 -1.24226 -1.32558 -1.05854 -0.45747 -0.213418 -0.388959 -0.742067 -0.72461 0.846006 -0.681785 1.40845 0.855767 0.643165 0.953305 1.29239 -0.208989 0.803355 0.6466 -0.143426 0.637911 0.759106 -0.445101 -0.739855 0.577815
SSB
 4.08707e+06 2.7419e+06 1.39081e+06 756138 845154 946565 1.2395e+06 824478 720127 508593 340768 490350 527980 457006 326595 402731 1.08513e+06 1.02594e+06 2.22386e+06 1.7667e+06 1.98344e+06 2.34832e+06 2.24903e+06 1.90761e+06 2.54422e+06 2.09903e+06 1.73385e+06 1.81104e+06 2.49658e+06 1.73456e+06 1.08687e+06
BT
 5.41457e+06 3.68914e+06 1.8838e+06 1.63937e+06 1.46589e+06 2.48713e+06 1.88076e+06 1.53805e+06 1.27714e+06 952907 867768 1.13247e+06 1.20567e+06 1.21123e+06 1.08444e+06 1.95963e+06 1.75348e+06 4.74877e+06 4.55286e+06 3.23056e+06 5.05647e+06 4.7679e+06 3.56416e+06 5.64355e+06 4.16425e+06 3.59057e+06 4.80561e+06 4.93097e+06 3.38073e+06 2.5723e+06 3.5792e+06
Ftot
 0.103938 0.187637 0.18203 0.26961 0.0902446 0.179446 0.385732 0.0601638 0.234796 0.304314 0.0770427 0.3557 0.330826 0.53646 0.360731 0.335162 0.225374 0.207875 0.289174 0.247757 0.191226 0.243792 0.140712 0.124351 0.127445 0.103105 0.127513 0.109707 0.104184 0.146069 0.154363
BD_Bspro_t
 0.983508 0.877236 0.744563 0.665837 0.660832 0.725165 0.715947 0.578001 0.629768 0.595123 0.566488 0.73063 0.623555 0.541571 0.44374 0.495953 0.625006 0.601966 0.710561 0.630603 0.613005 0.651026 0.668379 0.667864 0.753468 0.760763 0.767592 0.794357 0.829572 0.776987 0.722057
BD_Bspro
 2.73999 1.83819 0.932407 0.506919 0.566596 0.634582 0.830971 0.552735 0.482777 0.340963 0.228452 0.328734 0.353961 0.306379 0.218951 0.269993 0.727477 0.687798 1.49088 1.1844 1.32971 1.57433 1.50777 1.27887 1.70566 1.4072 1.16238 1.21413 1.67372 1.16286 0.728644
BD_Bo
 1.83882 1.23361 0.625741 0.340195 0.380244 0.425869 0.557666 0.370941 0.323993 0.228821 0.153315 0.220614 0.237544 0.205612 0.146939 0.181193 0.488211 0.461583 1.00054 0.794855 0.89237 1.05654 1.01186 0.858254 1.14467 0.944378 0.780079 0.814804 1.12324 0.780396 0.488995
BD_Brms
 3.3433 2.24293 1.13771 0.618536 0.691352 0.774308 1.01394 0.674439 0.589078 0.416039 0.278754 0.401116 0.431898 0.37384 0.267161 0.329442 0.887656 0.839241 1.81916 1.44519 1.62249 1.92097 1.83975 1.56046 2.08122 1.71705 1.41833 1.48146 2.04225 1.4189 0.889082
Sel_flota
 0.852611 1 1 1 1
 0.852611 1 1 1 1
 0.852611 1 1 1 1
 0.852611 1 1 1 1
 0.852611 1 1 1 1
 0.852611 1 1 1 1
 0.852611 1 1 1 1
 0.852611 1 1 1 1
 0.852611 1 1 1 1
 0.852611 1 1 1 1
 0.852611 1 1 1 1
 0.852611 1 1 1 1
 0.852611 1 1 1 1
 0.852611 1 1 1 1
 0.852611 1 1 1 1
 0.852611 1 1 1 1
 0.852611 1 1 1 1
 0.852611 1 1 1 1
 0.852611 1 1 1 1
 0.852611 1 1 1 1
 0.852611 1 1 1 1
 0.852611 1 1 1 1
 0.852611 1 1 1 1
 0.852611 1 1 1 1
 0.852611 1 1 1 1
 0.852611 1 1 1 1
 0.852611 1 1 1 1
 0.852611 1 1 1 1
 0.852611 1 1 1 1
 0.852611 1 1 1 1
 0.852611 1 1 1 1
Sel_reclas
 1 1 1 1 1
 1 1 1 1 1
 1 1 1 1 1
 1 1 1 1 1
 1 1 1 1 1
 1 1 1 1 1
 1 1 1 1 1
 1 1 1 1 1
 1 1 1 1 1
 1 1 1 1 1
 1 1 1 1 1
 1 1 1 1 1
 1 1 1 1 1
 1 1 1 1 1
 1 1 1 1 1
 1 1 1 1 1
 1 1 1 1 1
 1 1 1 1 1
 1 1 1 1 1
 1 1 1 1 1
 1 1 1 1 1
 1 1 1 1 1
 1 1 1 1 1
 1 1 1 1 1
 1 1 1 1 1
 1 1 1 1 1
 1 1 1 1 1
 1 1 1 1 1
 1 1 1 1 1
 1 1 1 1 1
 1 1 1 1 1
Sel_pelaces
 1 1 1 1 1
 1 1 1 1 1
 1 1 1 1 1
 1 1 1 1 1
 1 1 1 1 1
 1 1 1 1 1
 1 1 1 1 1
 1 1 1 1 1
 1 1 1 1 1
 1 1 1 1 1
 1 1 1 1 1
 1 1 1 1 1
 1 1 1 1 1
 1 1 1 1 1
 1 1 1 1 1
 1 1 1 1 1
 1 1 1 1 1
 1 1 1 1 1
 1 1 1 1 1
 1 1 1 1 1
 1 1 1 1 1
 1 1 1 1 1
 1 1 1 1 1
 1 1 1 1 1
 1 1 1 1 1
 1 1 1 1 1
 1 1 1 1 1
 1 1 1 1 1
 1 1 1 1 1
 1 1 1 1 1
 1 1 1 1 1
pf_obs 
 0.8446 0.082 0.0669 0.0065 0
 0.8095 0.147 0.0364 0.0071 0
 0.9664 0.0169 0.016 0.0007 0
 0.9276 0.0648 0.0075 0.0001 0
 0.7033 0.2144 0.0806 0.0017 0
 0.9318 0.0425 0.0243 0.0014 0
 0.5671 0.3108 0.0964 0.0239 0.0018
 0.0768 0.2599 0.5324 0.112 0.0189
 0.490249 0.384438 0.106611 0.0170017 0.00170017
 0.7925 0.1577 0.0466 0.003 0.0002
 0.840416 0.127587 0.0312969 0.00059994 9.999e-05
 0.8084 0.0986 0.0794 0.0134 0.0002
 0.7335 0.1905 0.0724 0.0035 0.0001
 0.4001 0.4547 0.1325 0.0127 0
 0.49795 0.308269 0.164784 0.0264974 0.00249975
 0.9179 0.0499 0.0305 0.0017 0
 0.2467 0.6533 0.0926 0.0074 0
 0.9418 0.0223 0.034 0.0019 0
 0.707729 0.231977 0.0356964 0.0245975 0
 0.517169 0.277429 0.184464 0.0207286 0.00020938
 0.811772 0.124168 0.05621 0.00726502 0.000585176
 0.764997 0.148141 0.077277 0.00933861 0.000247198
 0.163321 0.427699 0.378323 0.0303852 0.000271297
 0.753843 0.0900009 0.118128 0.0371064 0.000921714
 0.721811 0.176058 0.0630433 0.0369309 0.00215725
 0.143369 0.312575 0.442814 0.0836902 0.0175525
 0.692698 0.0596174 0.167031 0.0765114 0.00414204
 0.394062 0.376323 0.152708 0.0712218 0.00568511
 0.125707 0.32114 0.495352 0.0537591 0.00404204
 0.23352 0.215282 0.420074 0.123614 0.00750983
 0.796117 0.104755 0.0508955 0.0450114 0.00322123
pf_pred 
 0.433182 0.115054 0.427796 0.0239673 7.63404e-07
 0.411323 0.279576 0.0627419 0.233289 0.0130704
 0.552332 0.203458 0.115981 0.0260283 0.102201
 0.747512 0.150282 0.046451 0.0264794 0.0292758
 0.646654 0.275796 0.0461579 0.0142671 0.0171248
 0.741882 0.176521 0.0636887 0.0106591 0.00724922
 0.473062 0.407843 0.0814459 0.0293857 0.00826283
 0.442196 0.290924 0.206562 0.0412502 0.019068
 0.523703 0.230102 0.128404 0.0911691 0.0266223
 0.681461 0.181037 0.0664279 0.0370688 0.0340051
 0.798666 0.145065 0.0319796 0.0117343 0.012555
 0.726581 0.225314 0.0346607 0.00764097 0.00580349
 0.671918 0.250295 0.0641018 0.00986097 0.00382495
 0.61303 0.275582 0.0849781 0.0217634 0.00464654
 0.715553 0.188071 0.0686343 0.021164 0.00657743
 0.920882 0.05957 0.0129246 0.0047167 0.00190645
 0.387741 0.571621 0.0305969 0.00663848 0.00340184
 0.908362 0.0395023 0.0486751 0.00260541 0.000854961
 0.598915 0.36985 0.0134646 0.0165912 0.00117949
 0.609847 0.250661 0.128629 0.00468281 0.00618042
 0.720244 0.182413 0.0625399 0.0320928 0.00271037
 0.745575 0.191924 0.0407533 0.0139722 0.00777546
 0.332905 0.519242 0.111532 0.0236828 0.0126381
 0.729422 0.100674 0.132247 0.0284064 0.00925065
 0.628381 0.283059 0.0329506 0.0432841 0.0123251
 0.440496 0.373337 0.141802 0.016507 0.0278581
 0.728758 0.130826 0.0936943 0.0355872 0.0111341
 0.69086 0.235296 0.0356164 0.0255076 0.0127195
 0.357926 0.465981 0.13403 0.0202879 0.021775
 0.430661 0.226315 0.248948 0.0716046 0.0224718
 0.82404 0.0832799 0.0368407 0.0405249 0.0153142
pobs_RECLAS
 0 0 0 0 0
 0 0 0 0 0
 0 0 0 0 0
 0 0 0 0 0
 0 0 0 0 0
 0 0 0 0 0
 0 0 0 0 0
 0 0 0 0 0
 0 0 0 0 0
 0 0 0 0 0
 0.991045 0.00858322 0.000360255 1.14367e-05 0
 0.934742 0.0480273 0.0164251 0.00080598 0
 0.827803 0.169806 0.00239088 0 0
 0.941827 0.0461693 0.0120037 0 0
 0.791401 0.0380133 0.147996 0.0225897 0
 0.846168 0.0940531 0.0597789 0 0
 0.134021 0.677848 0.182769 0.00536245 0
 0.80878 0.0450904 0.141981 0.00414843 0
 0.846168 0.0940531 0.0597789 0 0
 0.905697 0.0802665 0.012482 0.00150086 5.37128e-05
 0.989698 0.0102097 9.19794e-05 0 0
 0.975433 0.0193895 0.00387452 0.00125025 5.28907e-05
 0.303575 0.632131 0.0575291 0.00676475 0
 0.966965 0.00978017 0.0227588 0.000495775 0
 0.843318 0.132988 0.00938335 0.0141283 0.000182051
 0.564624 0.303363 0.111486 0.0197234 0.00080311
 0.826376 0.0876187 0.0782897 0.00655872 0.00115652
 0.89761 0.0855135 0.0140674 0.00269457 0.000114338
 0.34875 0.467042 0.161289 0.0227151 0.000203297
 0.318654 0.224769 0.449479 0.00709798 0
 0.937255 0.0296025 0.0250945 0.00804832 0
ppred_RECLAS
 0.473012 0.106969 0.397735 0.0222831 7.09759e-07
 0.451057 0.260705 0.0585071 0.217542 0.0121882
 0.591968 0.185444 0.105712 0.0237238 0.0931525
 0.777105 0.132668 0.0410067 0.0233759 0.0258446
 0.682437 0.247867 0.0414836 0.0128223 0.0153906
 0.771666 0.156152 0.0563399 0.00942917 0.00641275
 0.514456 0.375805 0.075048 0.0270774 0.00761375
 0.481999 0.270165 0.191822 0.0383067 0.0177074
 0.564086 0.210593 0.117517 0.0834392 0.0243651
 0.715981 0.161418 0.0592291 0.0330516 0.03032
 0.823236 0.127362 0.028077 0.0103023 0.0110228
 0.758128 0.199317 0.0306616 0.00675937 0.00513389
 0.70713 0.223431 0.0572219 0.00880261 0.00341443
 0.65227 0.247637 0.0763611 0.0195565 0.00417536
 0.747949 0.166651 0.0608174 0.0187536 0.00582832
 0.93208 0.0511386 0.0110953 0.00404911 0.00163662
 0.427001 0.534967 0.0286349 0.0062128 0.00318371
 0.921016 0.0340478 0.041954 0.00224565 0.000736907
 0.637559 0.334215 0.0121673 0.0149927 0.00106585
 0.647889 0.22622 0.116087 0.00422621 0.0055778
 0.751724 0.161887 0.0555025 0.0284815 0.00240538
 0.775248 0.169541 0.0360003 0.0123427 0.00686864
 0.369652 0.490639 0.105389 0.0223782 0.011942
 0.760024 0.0892882 0.11729 0.0251936 0.0082044
 0.665176 0.255033 0.0296881 0.0389985 0.0111048
 0.480426 0.346693 0.131682 0.015329 0.02587
 0.75942 0.116037 0.083103 0.0315644 0.00987546
 0.724132 0.209972 0.0317831 0.0227623 0.0113506
 0.395668 0.438591 0.126151 0.0190953 0.020495
 0.470607 0.210436 0.231481 0.0665806 0.0208951
 0.846257 0.0727652 0.0321893 0.0354083 0.0133807
pobs_PELACES
 0 0 0 0 0
 0 0 0 0 0
 0 0 0 0 0
 0 0 0 0 0
 0 0 0 0 0
 0 0 0 0 0
 0 0 0 0 0
 0 0 0 0 0
 0 0 0 0 0
 0 0 0 0 0
 0 0 0 0 0
 0 0 0 0 0
 0 0 0 0 0
 0 0 0 0 0
 0 0 0 0 0
 0 0 0 0 0
 0.505614 0.472636 0.0217494 0 0
 0 0 0 0 0
 0.443492 0.261883 0.143347 0.151278 0
 0.227955 0.32914 0.350689 0.0885471 0.00366901
 0.970185 0.0296113 0.000203453 0 0
 0.997202 0.00247181 0.000326279 0 0
 0.445219 0.490057 0.0546422 0.010081 0
 0.90214 0.0892962 0.00764917 0.000914606 0
 0 0 0 0 0
 0.581667 0.319106 0.0959925 0.00289975 0.000334073
 0.762889 0.0836404 0.116647 0.0363945 0.000428098
 0.88444 0.0763242 0.0277011 0.0115352 0
 0.521256 0.241999 0.230069 0.00667565 0
 0.616807 0.101726 0.260614 0.0208532 0
 0.833518 0.0704572 0.0857862 0.0102388 0
ppred_PELACES
 0.474273 0.106713 0.396784 0.0222298 7.08062e-07
 0.453318 0.259631 0.0582661 0.216647 0.012138
 0.594104 0.184473 0.105159 0.0235995 0.0926647
 0.779368 0.131321 0.0405904 0.0231385 0.0255821
 0.683387 0.247125 0.0413594 0.0127839 0.0153445
 0.7732 0.155103 0.0559613 0.00936582 0.00636967
 0.519141 0.372179 0.0743238 0.0268161 0.00754028
 0.482729 0.269784 0.191552 0.0382527 0.0176824
 0.566892 0.209237 0.116761 0.0829021 0.0242083
 0.718981 0.159713 0.0586035 0.0327025 0.0299997
 0.823781 0.126969 0.0279905 0.0102705 0.0109889
 0.761286 0.196715 0.0302612 0.00667111 0.00506686
 0.710451 0.220897 0.0565729 0.00870278 0.0033757
 0.658164 0.24344 0.0750667 0.019225 0.00410459
 0.751243 0.164474 0.0600228 0.0185085 0.00575217
 0.933105 0.0503671 0.0109279 0.00398802 0.00161192
 0.429685 0.532461 0.0285008 0.00618369 0.00316879
 0.921748 0.0337321 0.041565 0.00222483 0.000730074
 0.640803 0.331224 0.0120584 0.0148585 0.00105631
 0.650633 0.224457 0.115182 0.00419327 0.00553433
 0.753456 0.160757 0.0551154 0.0282829 0.00238861
 0.777307 0.167987 0.0356705 0.0122296 0.0068057
 0.371248 0.489397 0.105122 0.0223216 0.0119117
 0.761126 0.0888784 0.116751 0.025078 0.00816675
 0.666555 0.253982 0.0295658 0.0388379 0.011059
 0.481678 0.345858 0.131365 0.015292 0.0258076
 0.760551 0.115492 0.0827123 0.031416 0.00982902
 0.725197 0.209162 0.0316605 0.0226744 0.0113067
 0.39688 0.437711 0.125898 0.019057 0.0204539
 0.472377 0.209733 0.230707 0.066358 0.0208253
 0.847231 0.072304 0.0319853 0.0351839 0.0132959
pobs_pel_tallas
 0 0 0 0 0 0 0 0 0 0 0 0 0 0 0 0 0 0 0 0 0 0 0 0 0 0
 0 0 0 0 0 0 0 0 0 0 0 0 0 0 0 0 0 0 0 0 0 0 0 0 0 0
 0 0 0 0 0 0 0 0 0 0 0 0 0 0 0 0 0 0 0 0 0 0 0 0 0 0
 0 0 0 0 0 0 0 0 0 0 0 0 0 0 0 0 0 0 0 0 0 0 0 0 0 0
 0 0 0 0 0 0 0 0 0 0 0 0 0 0 0 0 0 0 0 0 0 0 0 0 0 0
 0 0 0 0 0 0 0 0 0 0 0 0 0 0 0 0 0 0 0 0 0 0 0 0 0 0
 0 0 0 0 0 0 0 0 0 0 0 0 0 0 0 0 0 0 0 0 0 0 0 0 0 0
 0 0 0 0 0 0 0 0 0 0 0 0 0 0 0 0 0 0 0 0 0 0 0 0 0 0
 0 0 0 0 0 0 0 0 0 0 0 0 0 0 0 0 0 0 0 0 0 0 0 0 0 0
 0 0 0 0 0 0 0 0 0 0 0 0 0 0 0 0 0 0 0 0 0 0 0 0 0 0
 0 0 0 0 0 0 0 0 0 0 0 0 0 0 0 0 0 0 0 0 0 0 0 0 0 0
 0 0 0 0 0 0 0 0 0 0 0 0 0 0 0 0 0 0 0 0 0 0 0 0 0 0
 0.00862536 0 0 0.000197151 0.00414017 0.0128641 0.00837892 0.0270097 0.101434 0.158115 0.152841 0.127902 0.109271 0.109419 0.0830992 0.0579132 0.0238553 0.00714673 0.00463305 0.00128148 0.00103504 0.000492878 0.000147863 0.000147863 4.92878e-05 0
 0 0 0 0 0 0 0 0 0 0 0 0 0 0 0 0 0 0 0 0 0 0 0 0 0 0
 0 0 0 0 0 0 0 0.0054083 0.00873648 0.0413646 0.0450493 0.0745869 0.0622846 0.0627006 0.0613931 0.0827291 0.12552 0.122667 0.0946155 0.0697135 0.0546179 0.0294188 0.0215738 0.0213955 0.0102223 0.00600262
 0 0 0 0 0.00359764 0.0251062 0.0480494 0.140153 0.205849 0.193036 0.1447 0.116669 0.0760912 0.0342217 0.00950174 0.001854 0.000860785 0 0 0 0.000165536 0 0.000143464 0 0 0
 0 0 0 0 0 0 0 0.000145254 0.000435761 0.0275982 0.070085 0.0708112 0.156366 0.174668 0.174014 0.160142 0.0824315 0.0480064 0.0283245 0.00493863 0.00203355 0 0 0 0 0
 0 0 0 0 0 0 0 0 0 0 0 0 0 0 0 0 0 0 0 0 0 0 0 0 0 0
 0 0 1.00437e-05 0.000401748 0.00122533 0.00171747 0.00176769 0.0269171 0.070346 0.194647 0.189555 0.159765 0.064822 0.0314167 0.0384472 0.0292271 0.0345202 0.0313363 0.0194345 0.0106764 0.0143323 0.0359363 0.0279516 0.0138201 0.00172751 0
 0 0.0021121 0.0136068 0.0755702 0.200478 0.177729 0.0527432 0.0373336 0.0318909 0.0142505 0.0149659 0.0166563 0.0217959 0.0798694 0.0677717 0.0528807 0.04013 0.0224614 0.0357745 0.0225083 0.00881397 0.00855152 0.00135912 0.000746735 0 0
 0 0 0 0 5.4009e-05 0.00500934 0.000945158 0.0243581 0.138947 0.33067 0.221406 0.137944 0.0707744 0.0437923 0.0131692 0.00525238 0.0047753 0.00276346 9.45158e-05 9.00151e-06 2.25038e-05 9.00151e-06 4.50075e-06 0 0 0
 0.000866109 0.00284123 0.00948549 0.0512746 0.133035 0.25785 0.225252 0.132002 0.0553304 0.0519788 0.0540692 0.017754 0.00435017 0.00159236 0.00146478 0.000404838 0.000125132 0.000115318 0.000107957 0.000100596 0 0 0 0 0 0
 0 0 0 0 0.00144013 0.00171154 0.00461396 0.0210425 0.0478622 0.0707936 0.0888783 0.103762 0.0637923 0.0337046 0.0602308 0.124433 0.169614 0.0934646 0.0462172 0.0250306 0.0313229 0.00938855 0.002487 0.000210481 0 0
 0 0.00764035 0.051015 0.0998891 0.058973 0.0496711 0.0374665 0.0718981 0.12319 0.153886 0.159021 0.0857701 0.0377988 0.023471 0.0147837 0.00900784 0.00315554 0.000888139 0.00291439 0.00214683 0.00393193 0.00274676 0.000635225 9.99891e-05 0 0
 0 0 0 0 0 0 0 0 0 0 0 0 0 0 0 0 0 0 0 0 0 0 0 0 0 0
 0 0 0 0 0 0 0 0 0 0 0 0 0 0 0 0 0 0 0 0 0 0 0 0 0 0
 0 0 0 0 0 0 0 0 0 0 0 0 0 0 0 0 0 0 0 0 0 0 0 0 0 0
 0 0 0 0 0 0 0 0 0 0 0 0 0 0 0 0 0 0 0 0 0 0 0 0 0 0
 0 0 0 0 0 0 0 0 0 0 0 0 0 0 0 0 0 0 0 0 0 0 0 0 0 0
 0 0 0 0 0 0 0 0 0 0 0 0 0 0 0 0 0 0 0 0 0 0 0 0 0 0
 0 0 0 0 0 0 0 0 0 0 0 0 0 0 0 0 0 0 0 0 0 0 0 0 0 0
ppred_pel_tallas
 1.13708e-16 3.90652e-05 0.000379728 0.00252343 0.0114711 0.035691 0.0760439 0.110991 0.111001 0.0760973 0.0358722 0.012002 0.00388453 0.00344533 0.00613692 0.010801 0.0172211 0.0251144 0.0340862 0.0437448 0.0535632 0.062524 0.0689811 0.0711151 0.0678268 0.0594437
 1.25529e-16 3.73393e-05 0.000362951 0.00241194 0.0109643 0.0341142 0.0726849 0.106091 0.106116 0.0728078 0.0345271 0.0121586 0.00541612 0.0069437 0.0126057 0.0209774 0.0307118 0.0397562 0.0461451 0.0492308 0.05016 0.0510542 0.0534794 0.0573777 0.061159 0.0627063
 1.21131e-16 4.89356e-05 0.000475672 0.00316101 0.0143695 0.0447089 0.0952577 0.139035 0.139053 0.0953454 0.0450037 0.0152229 0.0053107 0.00519374 0.00908515 0.0151453 0.0223025 0.0291123 0.0341687 0.0369316 0.0380615 0.0388906 0.04044 0.042756 0.0449802 0.0459399
 1.07855e-16 6.41955e-05 0.000624003 0.00414672 0.0188504 0.0586507 0.124962 0.182388 0.182401 0.125024 0.0588593 0.0194536 0.00566321 0.00394262 0.00639135 0.0105308 0.015325 0.0196259 0.0223247 0.0229559 0.0219798 0.0204437 0.019286 0.0188294 0.0187662 0.0185112
 1.05136e-16 5.62898e-05 0.000547157 0.00363605 0.016529 0.0514279 0.109573 0.159931 0.159954 0.10969 0.051819 0.0176587 0.00647271 0.0067422 0.0118297 0.0194891 0.028122 0.0354809 0.0393194 0.0386194 0.0341977 0.0281386 0.0225193 0.0184222 0.0158046 0.0140199
 1.03672e-16 6.36875e-05 0.000619065 0.00411391 0.0187012 0.0581865 0.123973 0.180946 0.180961 0.124046 0.058433 0.0194137 0.00590492 0.00453772 0.00753197 0.0124192 0.0180437 0.0230248 0.0259919 0.0263035 0.0243959 0.0214204 0.0184794 0.0160794 0.0141257 0.0122845
 1.06206e-16 4.2761e-05 0.000415652 0.00276216 0.0125564 0.0390678 0.0832393 0.121498 0.121534 0.0834148 0.0396571 0.0142592 0.00703842 0.00975741 0.0178042 0.0294186 0.042499 0.0537098 0.0596758 0.0588453 0.0523939 0.0433717 0.0348094 0.0282726 0.0237091 0.0202483
 1.12426e-16 3.97618e-05 0.000386499 0.00256842 0.0116757 0.0363276 0.0774007 0.112974 0.113 0.0775291 0.0367594 0.0129262 0.00571965 0.00730609 0.0133003 0.0222368 0.0327596 0.04273 0.0499586 0.0533982 0.0536386 0.052222 0.0503879 0.0483252 0.0454127 0.0410165
 1.15834e-16 4.66942e-05 0.000453884 0.00301622 0.0137113 0.0426611 0.0908947 0.132668 0.132688 0.0909942 0.0429955 0.0146793 0.00545442 0.00580497 0.0102945 0.0171722 0.0252773 0.0329626 0.038599 0.0415085 0.0423367 0.0424624 0.0429206 0.0437177 0.0439866 0.0426937
 1.10089e-16 5.92216e-05 0.000575655 0.00382543 0.0173899 0.0541064 0.11528 0.168258 0.168273 0.115356 0.0543604 0.0181246 0.00567344 0.00462231 0.00778189 0.0128717 0.0187791 0.0241446 0.0276408 0.0287094 0.0278935 0.0264182 0.0253526 0.0250132 0.0249745 0.0245171
 1.0373e-16 6.78537e-05 0.000659563 0.00438303 0.0199246 0.0619929 0.132083 0.192781 0.192794 0.132143 0.0621941 0.020506 0.00584338 0.00385095 0.00613918 0.0100696 0.0145659 0.0184627 0.0206255 0.0205464 0.0186431 0.0159584 0.0135057 0.0117714 0.0106682 0.00982079
 1.02451e-16 6.27062e-05 0.000609526 0.00405052 0.0184131 0.05729 0.122063 0.178159 0.178178 0.122156 0.0576012 0.0193119 0.00630688 0.00553594 0.00942114 0.0154819 0.0223106 0.0280872 0.031 0.0302145 0.0263637 0.0211067 0.016124 0.0123338 0.00978183 0.00803779
 1.03134e-16 5.8519e-05 0.000568825 0.00378005 0.0171836 0.0534645 0.113913 0.166263 0.166285 0.114017 0.0538147 0.0181954 0.00632182 0.00612386 0.0106271 0.0175243 0.0253509 0.0321123 0.0358065 0.0354953 0.0318328 0.026564 0.021424 0.0173123 0.0142267 0.0117353
 1.04852e-16 5.42122e-05 0.000526961 0.00350185 0.0159189 0.0495297 0.105529 0.154028 0.154051 0.105644 0.0499161 0.0170357 0.00630845 0.00666468 0.0117428 0.0194114 0.0281542 0.0358176 0.0402331 0.040389 0.036993 0.0319056 0.0269302 0.0229296 0.0197927 0.0169917
 1.04604e-16 6.18789e-05 0.000601485 0.00399708 0.0181702 0.0565342 0.120453 0.175807 0.175823 0.12053 0.0567956 0.0189259 0.00589728 0.00475985 0.00798951 0.0131897 0.0191811 0.0245159 0.0277563 0.0282378 0.0264332 0.0235584 0.0207564 0.018516 0.0166767 0.0148315
 1.01002e-16 7.68586e-05 0.000747093 0.0049647 0.0225688 0.0702199 0.149611 0.218363 0.218368 0.149635 0.0702997 0.0227994 0.00554378 0.0020124 0.00248339 0.00399314 0.00576677 0.00729876 0.008131 0.00805541 0.00723113 0.00606765 0.00496843 0.00413647 0.00355589 0.00310251
 1.02115e-16 3.53927e-05 0.00034403 0.0022862 0.0103928 0.0323361 0.0688973 0.100568 0.10062 0.0691476 0.0331764 0.0128191 0.00837294 0.013619 0.0252104 0.0415259 0.0595909 0.0744628 0.0811277 0.0772742 0.0646957 0.0481312 0.0325127 0.0207359 0.0132229 0.008895
 1.01555e-16 7.59232e-05 0.000738 0.00490427 0.0222941 0.0693653 0.14779 0.215705 0.215708 0.147806 0.0694198 0.0224524 0.00530424 0.00162019 0.00177784 0.00288781 0.00431245 0.00575453 0.00695461 0.00777406 0.00823733 0.00844573 0.00844459 0.0081732 0.00753641 0.0065181
 1.02102e-16 5.27821e-05 0.000513061 0.00340947 0.015499 0.0482233 0.102746 0.149967 0.149999 0.102902 0.048746 0.017008 0.00719476 0.0087681 0.0157065 0.0258199 0.0370446 0.0462847 0.05043 0.0480634 0.0403296 0.0302041 0.0207643 0.0137867 0.00947189 0.00706541
 1.04739e-16 5.35918e-05 0.000520932 0.00346177 0.0157367 0.048963 0.104322 0.152265 0.152287 0.104428 0.0493206 0.0167713 0.00606475 0.00622344 0.0109427 0.0181587 0.0265077 0.034068 0.0388852 0.0400053 0.0379548 0.0342202 0.0301955 0.0264766 0.0229309 0.0192373
 1.04873e-16 6.20612e-05 0.000603257 0.00400885 0.0182237 0.0567007 0.120807 0.176325 0.176341 0.120883 0.0569561 0.0189622 0.00586563 0.00466638 0.00780769 0.0128863 0.0187397 0.023955 0.027135 0.0276445 0.0259623 0.0232897 0.0207412 0.0187691 0.0171701 0.0154933
 1.03451e-16 6.40258e-05 0.000622353 0.00413576 0.0188006 0.0584956 0.124632 0.181907 0.181923 0.124711 0.0587617 0.0195694 0.00606685 0.00484164 0.00808824 0.0132995 0.0192221 0.0243225 0.0270836 0.0268129 0.0240448 0.0201517 0.0164868 0.0137334 0.0118393 0.0103843
 1.07414e-16 3.05793e-05 0.000297242 0.00197528 0.00897937 0.0279384 0.0595275 0.086892 0.0869392 0.0597583 0.0287135 0.011219 0.00759988 0.0125854 0.0233962 0.0387042 0.0559255 0.0706928 0.0785596 0.0774632 0.0689159 0.056894 0.0453669 0.0364154 0.030036 0.0251747
 1.07289e-16 6.26929e-05 0.000609398 0.00404966 0.0184092 0.0572778 0.122037 0.178118 0.178127 0.12208 0.0574219 0.0188276 0.00510821 0.00294772 0.00458447 0.00769177 0.0115708 0.0155931 0.0191405 0.0219033 0.0239761 0.0256022 0.026804 0.027254 0.0264972 0.0243071
 1.06685e-16 5.49033e-05 0.00053368 0.00354649 0.0161218 0.0501612 0.106875 0.155992 0.156016 0.106994 0.0505629 0.0172822 0.00645939 0.00689392 0.0121389 0.0199957 0.0288403 0.0363709 0.0402998 0.0396232 0.0352417 0.0293553 0.0241192 0.0205939 0.0186065 0.0173215
 1.09781e-16 3.96752e-05 0.000385658 0.00256283 0.0116503 0.0362485 0.0772326 0.11273 0.112764 0.0773961 0.0367982 0.0132397 0.00655899 0.0091308 0.0167115 0.0277305 0.0403315 0.0515347 0.0583087 0.0592383 0.0553006 0.0490507 0.0429174 0.0379867 0.0339972 0.0301549
 1.07231e-16 6.26456e-05 0.000608938 0.0040466 0.0183953 0.0572346 0.121945 0.177984 0.177996 0.122 0.0574196 0.0189312 0.00539739 0.00357653 0.00575431 0.00956075 0.0141136 0.0184843 0.0217659 0.0235467 0.024108 0.0241115 0.0240446 0.0238942 0.0232644 0.0217542
 1.05155e-16 5.97335e-05 0.000580631 0.0038585 0.0175402 0.0545741 0.116277 0.169714 0.169734 0.116375 0.0549051 0.0184963 0.00625922 0.00582367 0.0100243 0.0164974 0.0238096 0.0300572 0.0333523 0.0328541 0.0292771 0.0243999 0.0199727 0.0168708 0.0149883 0.0136995
 1.09118e-16 3.26906e-05 0.000317764 0.00211166 0.00959931 0.0298672 0.0636369 0.0928887 0.092931 0.0638436 0.0305616 0.0116061 0.00715404 0.0113421 0.0210191 0.0348263 0.0504681 0.064101 0.0718094 0.071771 0.0652865 0.0557698 0.0465625 0.0393143 0.0338814 0.0292979
 1.16891e-16 3.89091e-05 0.000378211 0.00251334 0.0114253 0.0355485 0.0757406 0.11055 0.11057 0.0758411 0.0358871 0.0124078 0.00499606 0.00585268 0.0105971 0.017881 0.0267504 0.0357399 0.043347 0.0488572 0.0526143 0.0554213 0.0576082 0.0586199 0.0574365 0.0533771
 1.06721e-16 6.97853e-05 0.000678338 0.00450779 0.0204918 0.0637576 0.135843 0.198268 0.198275 0.135877 0.0638729 0.0208256 0.00534824 0.00252162 0.00359648 0.00590553 0.00867159 0.0112813 0.0131766 0.0141474 0.0144596 0.0146411 0.0150879 0.0157999 0.0164183 0.0164792
pSPR Fmed_Fpbrs
0.69877   0.6 0.325
Fs Fmed_Fpbrs
0.184585   0.269885 0.65496
SSBpbr Bo_Bmed_Bpbrs
2.22266e+06  1.442e+06  1.22247e+06 611233
Ro
208982
SPR SPRFo_SPRFmed_SPRFpbrs
1.49163e+06 1.04231e+06 484781
Fref
0.269885
Nvult_r0
 252320 22178.9 9811.31 10792.5 4078.44
CTP_r0
 29346 2965.79 1311.98 1443.19 545.375
YTP_r0
391300
Np
 296031 86518.3 33736 2867.97 1625.05
Nvult_p0
 209512 62218.4 24260.8 2062.46 1168.63
CTP_p0
 39191.9 18357.9 1560.65 690.387 998.844
 39191.9 13223.1 5156.08 438.329 248.365
YTP_p0
 671381 641289
CBA_c0
662354
log_Ro
12.07
likeval ReclasPelacesDesembMPH_pf_preclas_ppelaces_ptallas_desvR_qrecl_qpela
 16.9808 21.1379 0.0909978 0.000811984 240.77 120.036 99.0455 0 23.4393 5.70246e-06 1.21056e-06 0.463086 8.27834e-16 0 0
q_reclas_q_pelaces
0.712919 0.855103
M
1
N
 224136 51076.7 189915 10640 0.338904
 128768 75462.3 16935.1 62968.7 3527.93
 127143 40367.7 23011.6 5164.22 20277.6
 229975 40049.3 12379 7056.62 7801.86
 183869 67228.4 11251.5 3477.76 4174.36
 305447 62632.3 22597.8 3782.02 2572.14
 128302 96426.3 19256.2 6947.67 1953.58
 60339.4 33971.1 24120.1 4816.77 2226.56
 55515.8 21087.7 11767.6 8355.19 2439.8
 72508.7 16717.9 6134.28 3423.11 3140.2
 132261 20578.5 4536.54 1664.59 1781.01
 168820 45562.8 7009.05 1545.15 1173.58
 141640 45858.3 11744.6 1806.7 700.798
 99502.4 39299.9 12118.5 3103.6 662.629
 101255 23168.4 8455.05 2607.18 810.273
 486995 27387.2 5942.08 2168.49 876.486
 105685 134625 7205.99 1563.45 801.181
 854657 32082.4 39532.3 2116.02 694.37
 491772 263345 9587.23 11813.5 839.834
 397587 141382 72551 2641.27 3485.97
 542156 118412 40597.5 20832.9 1759.42
 761001 169442 35979.4 12335.5 6864.64
 169569 227415 48848.3 10372.5 5535.18
 466661 55328.4 72679.7 15611.5 5083.95
 398955 154405 17974.2 23611 6723.19
 181059 131655 50005.7 5821.11 9824.02
 395503 61002.5 43688.4 16593.8 5191.67
 446462 130509 19754.9 14148 7054.97
 133907 149578 43022.9 6512.31 6989.66
 99722.7 45074.6 49582.2 14261.3 4475.65
 372435 32390.1 14328.5 15761.4 5956.17
pred_Ctot
 12102.7 3214.48 11952.2 669.621 0.0213287
 12191.9 8286.77 1859.71 6914.81 387.414
 11701 4310.2 2457.03 551.403 2165.11
 30418.5 6115.42 1890.23 1077.52 1191.32
 8661.91 3694.29 618.284 191.107 229.386
 27736 6599.4 2381.07 398.501 271.02
 23345.7 20127.1 4019.37 1450.19 407.772
 1915.22 1260.04 894.653 178.661 82.5866
 6471.44 2843.39 1586.7 1126.58 328.974
 10698.1 2842.07 1042.84 581.936 533.839
 5343.96 970.643 213.979 78.5152 84.0066
 28613.3 8873 1364.96 300.906 228.545
 22515.8 8387.3 2148.03 330.438 128.173
 23956.8 10769.6 3320.89 850.499 181.584
 17375 4566.72 1666.57 513.901 159.713
 78314.9 5066.03 1099.15 401.124 162.131
 11863.5 17489.6 936.16 203.114 104.085
 89024 3871.42 4770.4 255.343 83.7904
 69302.9 42796.8 1558.05 1919.84 136.484
 48687.9 20011.9 10269.2 373.858 493.422
 52249 13232.9 4536.87 2328.13 196.62
 91824.5 23637.3 5019.15 1720.81 957.621
 12237.6 19087.3 4099.92 870.578 464.577
 29932.7 4131.29 5426.89 1165.69 379.611
 26198.2 11801.2 1373.76 1804.58 513.852
 9701.14 8222.08 3122.93 363.537 613.525
 25984.9 4664.78 3340.8 1268.91 397
 25394.5 8648.96 1309.18 937.601 467.541
 7247.14 9435 2713.78 410.78 440.891
 7456.93 3918.66 4310.55 1239.84 389.101
 29346 2965.79 1311.98 1443.19 545.375
F
 0.0886183 0.103938 0.103938 0.103938 0.103938
 0.159981 0.187637 0.187637 0.187637 0.187637
 0.155201 0.18203 0.18203 0.18203 0.18203
 0.229873 0.26961 0.26961 0.26961 0.26961
 0.0769435 0.0902446 0.0902446 0.0902446 0.0902446
 0.152997 0.179446 0.179446 0.179446 0.179446
 0.32888 0.385732 0.385732 0.385732 0.385732
 0.0512963 0.0601638 0.0601638 0.0601638 0.0601638
 0.20019 0.234796 0.234796 0.234796 0.234796
 0.259461 0.304314 0.304314 0.304314 0.304314
 0.0656874 0.0770427 0.0770427 0.0770427 0.0770427
 0.303274 0.3557 0.3557 0.3557 0.3557
 0.282066 0.330826 0.330826 0.330826 0.330826
 0.457391 0.53646 0.53646 0.53646 0.53646
 0.307563 0.360731 0.360731 0.360731 0.360731
 0.285763 0.335162 0.335162 0.335162 0.335162
 0.192156 0.225374 0.225374 0.225374 0.225374
 0.177237 0.207875 0.207875 0.207875 0.207875
 0.246553 0.289174 0.289174 0.289174 0.289174
 0.21124 0.247757 0.247757 0.247757 0.247757
 0.163041 0.191226 0.191226 0.191226 0.191226
 0.20786 0.243792 0.243792 0.243792 0.243792
 0.119973 0.140712 0.140712 0.140712 0.140712
 0.106023 0.124351 0.124351 0.124351 0.124351
 0.108661 0.127445 0.127445 0.127445 0.127445
 0.0879082 0.103105 0.103105 0.103105 0.103105
 0.108719 0.127513 0.127513 0.127513 0.127513
 0.0935374 0.109707 0.109707 0.109707 0.109707
 0.0888287 0.104184 0.104184 0.104184 0.104184
 0.12454 0.146069 0.146069 0.146069 0.146069
 0.131612 0.154363 0.154363 0.154363 0.154363
YTP_r0W_actual
 243572 41817.7 36210.8 49357 20342.5
YTP_p0W_proyectada
 293547 287669 36097.8 20276.7 33790.9
 293547 207206 119260 12873.7 8402.2
CTP_r0_actual
 29346 2965.79 1311.98 1443.19 545.375
CTP_p0_proyectada
 39191.9 18357.9 1560.65 690.387 998.844
 39191.9 13223.1 5156.08 438.329 248.365
Wmedp
 7.49 15.67 23.13 29.37 33.83
Frms_r0
 0.131612 0.154363 0.154363 0.154363 0.154363
Zrms_r0
 1.13161 1.15436 1.15436 1.15436 1.15436
nmprior
 8.19 8.8 8.5 0
nm_flota  nm_reclas  nm_pelaces    nm_pelaL
inf 11.659 17.8976 42.524
cv_recla  cv_pelaces  cv_mph
0.372738 0.434432 0.879385
 ------------------------------------------------
Talla a la edad & desviaci?n 
 8 13.2811 15.8009 17.003 17.5766
 0.8 1.32811 1.58009 1.7003 1.75766
