years
 1991 1992 1993 1994 1995 1996 1997 1998 1999 2000 2001 2002 2003 2004 2005 2006 2007 2008 2009 2010 2011 2012 2013 2014 2015 2016 2017 2018 2019 2020 2021
reclasobs
 0 0 0 0 0 0 0 0 0 252601 567819 844713 477998 351125 339783 2.1784e+06 2.13404e+06 4.81314e+06 1.55562e+06 2.62356e+06 3.21686e+06 3.843e+06 1.13348e+06 3.07943e+06 1.97215e+06 2.03268e+06 2.025e+06 2.42433e+06 2.27542e+06 1.05018e+06 2.36338e+06
reclaspred
 5.30677e+06 1.85326e+06 991943 742909 321644 3.01836e+06 1.53502e+06 804642 522656 254306 449747 817577 783049 568277 435860 1.61834e+06 822581 3.9091e+06 2.88182e+06 2.14572e+06 3.13249e+06 3.08392e+06 1.81709e+06 3.23923e+06 2.32998e+06 1.70816e+06 2.23908e+06 3.08757e+06 2.32462e+06 872481 1.63408e+06
pelacesobs
 0 0 0 0 0 0 0 0 0 0 0 0 0 0 0 552880 188675 0 991730 2.46772e+06 1.41603e+06 1.21717e+06 2.29649e+06 1.80582e+06 0 1.4828e+06 1.56532e+06 1.57751e+06 1.42118e+06 867257 1.10002e+06
pelacespred
 5.32509e+06 1.72877e+06 604256 305445 165503 1.55456e+06 913050 716563 294350 95234.4 231781 341862 377563 243536 181609 625856 390321 1.9732e+06 1.62192e+06 1.06398e+06 1.59718e+06 1.54957e+06 1.16693e+06 2.01094e+06 1.55431e+06 1.19175e+06 1.50615e+06 2.06619e+06 1.70818e+06 662975 880881
mphobs
 0 0 0 0 0 0 0 0 0 0 0 498337 0 5186 125008 0 168611 109162 213762 579715 649985 157893 87575 83554 0 0 0 0 0 0 0
mphpred
 1.14126e+06 521198 132105 111313 56002.4 31434.8 394370 135431 76170.9 34031.1 14977 60827.2 75088.3 54025.2 28003.4 29697.5 176526 66664.5 446608 233983 271922 280005 349881 183587 367457 273021 169709 229602 451527 214023 64984.8
desembarqueobs
 494567 514787 250237 358949 120608 361735 552515 73892 212993 205616 52469 317467 293654 387597 252695 516296 358380 742168 942051 627588 828172 859565 418607 520667 417249 300574 415391 372974 316634 284311 391294
desembarquepred
 494507 514547 249927 358754 120561 361591 552020 73880 212858 205472 52460.4 317252 293401 387042 252444 515872 358258 741577 940753 626589 827888 858755 418291 520447 416918 300375 415131 372738 316367 283954 391107
Reclutas
 51382.2 39080.9 139258 59499.4 23617.6 281513 36020.1 10553.3 26392.3 37039.2 43717.1 107196 82723.7 67339.5 44430.7 247378 23999.8 431704 222473 218495 208070 408450 36224.4 175301 140603 44975.8 134929 173421 37708.4 23232.6 125805
log_desv_Rt
 -0.422127 -0.695786 0.57491 -0.275453 -1.19943 1.27876 -0.777341 -2.00498 -1.08835 -0.749441 -0.583679 0.313239 0.0540865 -0.151672 -0.567488 1.1495 -1.18337 1.70632 1.04339 1.02534 0.976454 1.65095 -0.771687 0.805084 0.584521 -0.555295 0.543328 0.794303 -0.731535 -1.21586 0.473316
SSB
 1.44275e+06 658881 167003 140719 70796.4 39738.8 498549 171207 96292.8 43021 18933.4 76895.7 94924.1 68296.9 35401 37542.6 223159 84275 564587 295794 343755 353973 442308 232085 464528 345144 214540 290255 570805 270561 82151.7
BT
 1.9096e+06 1.01107e+06 450507 397158 160904 1.2892e+06 799072 310259 332078 241748 177013 445461 460900 538881 355040 795943 425956 1.88196e+06 1.6202e+06 1.00285e+06 1.49152e+06 1.51266e+06 774780 1.56397e+06 999968 718542 1.2139e+06 1.44338e+06 837028 492211 879646
Ftot
 0.334925 0.933315 0.937449 1.58228 1.27369 0.503612 1.16932 0.339046 1.43008 2.47972 0.482823 1.41434 1.35115 2.23722 2.01564 1.2499 1.39862 0.77596 1.15511 1.0848 0.9813 1.0519 0.801107 0.641672 0.664502 0.639784 0.728549 0.486165 0.485061 1.09611 0.950138
BD_Bspro_t
 0.947823 0.625254 0.278886 0.257811 0.1267 0.0963508 0.474642 0.214277 0.178704 0.109141 0.0684827 0.29251 0.22215 0.146865 0.0790004 0.0862532 0.249205 0.112821 0.37605 0.223155 0.212189 0.21794 0.271074 0.184108 0.340348 0.32935 0.283423 0.37939 0.516891 0.342439 0.169433
BD_Bspro
 2.57927 1.17791 0.298559 0.251569 0.126566 0.071043 0.891281 0.306075 0.172147 0.0769106 0.0338482 0.13747 0.1697 0.122098 0.0632881 0.0671167 0.398951 0.150663 1.00934 0.528804 0.614547 0.632815 0.790735 0.414909 0.830458 0.61703 0.383544 0.518903 1.02046 0.483695 0.146866
BD_Bo
 1.10252 0.503505 0.12762 0.107535 0.0541014 0.0303677 0.380983 0.130833 0.0735852 0.0328758 0.0144686 0.0587623 0.0725393 0.0521913 0.0270528 0.0286894 0.170534 0.0644015 0.431447 0.22604 0.262692 0.2705 0.338004 0.177355 0.354984 0.263753 0.163948 0.221808 0.436199 0.206758 0.0627788
BD_Brms
 2.00458 0.915464 0.232037 0.195518 0.0983661 0.055214 0.692696 0.237879 0.133791 0.0597743 0.0263065 0.106841 0.13189 0.0948932 0.049187 0.0521625 0.310061 0.117094 0.784449 0.410982 0.477621 0.491819 0.614552 0.322464 0.645425 0.47955 0.298087 0.403287 0.793089 0.375924 0.114143
Sel_flota
 0.682148 1 1 1 1
 0.682148 1 1 1 1
 0.682148 1 1 1 1
 0.682148 1 1 1 1
 0.682148 1 1 1 1
 0.682148 1 1 1 1
 0.682148 1 1 1 1
 0.682148 1 1 1 1
 0.682148 1 1 1 1
 0.682148 1 1 1 1
 0.682148 1 1 1 1
 0.682148 1 1 1 1
 0.682148 1 1 1 1
 0.682148 1 1 1 1
 0.682148 1 1 1 1
 0.682148 1 1 1 1
 0.682148 1 1 1 1
 0.682148 1 1 1 1
 0.682148 1 1 1 1
 0.682148 1 1 1 1
 0.682148 1 1 1 1
 0.682148 1 1 1 1
 0.682148 1 1 1 1
 0.682148 1 1 1 1
 0.682148 1 1 1 1
 0.682148 1 1 1 1
 0.682148 1 1 1 1
 0.682148 1 1 1 1
 0.682148 1 1 1 1
 0.682148 1 1 1 1
 0.682148 1 1 1 1
Sel_reclas
 0.820634 1 1 1 1
 0.820634 1 1 1 1
 0.820634 1 1 1 1
 0.820634 1 1 1 1
 0.820634 1 1 1 1
 0.820634 1 1 1 1
 0.820634 1 1 1 1
 0.820634 1 1 1 1
 0.820634 1 1 1 1
 0.820634 1 1 1 1
 0.820634 1 1 1 1
 0.820634 1 1 1 1
 0.820634 1 1 1 1
 0.820634 1 1 1 1
 0.820634 1 1 1 1
 0.820634 1 1 1 1
 0.820634 1 1 1 1
 0.820634 1 1 1 1
 0.820634 1 1 1 1
 0.820634 1 1 1 1
 0.820634 1 1 1 1
 0.820634 1 1 1 1
 0.820634 1 1 1 1
 0.820634 1 1 1 1
 0.820634 1 1 1 1
 0.820634 1 1 1 1
 0.820634 1 1 1 1
 0.820634 1 1 1 1
 0.820634 1 1 1 1
 0.820634 1 1 1 1
 0.820634 1 1 1 1
Sel_pelaces
 0.372094 0.748889 0.937535 0.986934 0.997376
 0.372094 0.748889 0.937535 0.986934 0.997376
 0.372094 0.748889 0.937535 0.986934 0.997376
 0.372094 0.748889 0.937535 0.986934 0.997376
 0.372094 0.748889 0.937535 0.986934 0.997376
 0.372094 0.748889 0.937535 0.986934 0.997376
 0.372094 0.748889 0.937535 0.986934 0.997376
 0.372094 0.748889 0.937535 0.986934 0.997376
 0.372094 0.748889 0.937535 0.986934 0.997376
 0.372094 0.748889 0.937535 0.986934 0.997376
 0.372094 0.748889 0.937535 0.986934 0.997376
 0.372094 0.748889 0.937535 0.986934 0.997376
 0.372094 0.748889 0.937535 0.986934 0.997376
 0.372094 0.748889 0.937535 0.986934 0.997376
 0.372094 0.748889 0.937535 0.986934 0.997376
 0.372094 0.748889 0.937535 0.986934 0.997376
 0.372094 0.748889 0.937535 0.986934 0.997376
 0.372094 0.748889 0.937535 0.986934 0.997376
 0.372094 0.748889 0.937535 0.986934 0.997376
 0.372094 0.748889 0.937535 0.986934 0.997376
 0.372094 0.748889 0.937535 0.986934 0.997376
 0.372094 0.748889 0.937535 0.986934 0.997376
 0.372094 0.748889 0.937535 0.986934 0.997376
 0.372094 0.748889 0.937535 0.986934 0.997376
 0.372094 0.748889 0.937535 0.986934 0.997376
 0.372094 0.748889 0.937535 0.986934 0.997376
 0.372094 0.748889 0.937535 0.986934 0.997376
 0.372094 0.748889 0.937535 0.986934 0.997376
 0.372094 0.748889 0.937535 0.986934 0.997376
 0.372094 0.748889 0.937535 0.986934 0.997376
 0.372094 0.748889 0.937535 0.986934 0.997376
pf_obs 
 0.8446 0.082 0.0669 0.0065 0
 0.8095 0.147 0.0364 0.0071 0
 0.9664 0.0169 0.016 0.0007 0
 0.9276 0.0648 0.0075 0.0001 0
 0.7033 0.2144 0.0806 0.0017 0
 0.9318 0.0425 0.0243 0.0014 0
 0.5671 0.3108 0.0964 0.0239 0.0018
 0.0768 0.2599 0.5324 0.112 0.0189
 0.490249 0.384438 0.106611 0.0170017 0.00170017
 0.7925 0.1577 0.0466 0.003 0.0002
 0.840416 0.127587 0.0312969 0.00059994 9.999e-05
 0.8084 0.0986 0.0794 0.0134 0.0002
 0.7335 0.1905 0.0724 0.0035 0.0001
 0.4001 0.4547 0.1325 0.0127 0
 0.49795 0.308269 0.164784 0.0264974 0.00249975
 0.9179 0.0499 0.0305 0.0017 0
 0.2467 0.6533 0.0926 0.0074 0
 0.9418 0.0223 0.034 0.0019 0
 0.707729 0.231977 0.0356964 0.0245975 0
 0.517169 0.277429 0.184464 0.0207286 0.00020938
 0.811772 0.124168 0.05621 0.00726502 0.000585176
 0.764997 0.148141 0.077277 0.00933861 0.000247198
 0.163321 0.427699 0.378323 0.0303852 0.000271297
 0.753843 0.0900009 0.118128 0.0371064 0.000921714
 0.721811 0.176058 0.0630433 0.0369309 0.00215725
 0.143369 0.312575 0.442814 0.0836902 0.0175525
 0.692698 0.0596174 0.167031 0.0765114 0.00414204
 0.394062 0.376323 0.152708 0.0712218 0.00568511
 0.125707 0.32114 0.495352 0.0537591 0.00404204
 0.23352 0.215282 0.420074 0.123614 0.00750983
 0.796117 0.104755 0.0508955 0.0450114 0.00322123
pf_pred 
 0.280713 0.194879 0.464305 0.0601021 1.00771e-06
 0.427581 0.216903 0.0963211 0.229488 0.0297067
 0.88787 0.0638917 0.0182785 0.00811701 0.0218424
 0.622354 0.352558 0.0142947 0.00408952 0.00670294
 0.657472 0.264652 0.0727021 0.00294776 0.00222554
 0.97781 0.0174464 0.00366529 0.00100689 7.16475e-05
 0.272715 0.717222 0.00791122 0.00166206 0.00048907
 0.341623 0.271391 0.381631 0.00420953 0.00114461
 0.752605 0.110852 0.0562848 0.0791479 0.00111041
 0.880467 0.102572 0.00759966 0.0038587 0.00550225
 0.922947 0.0732193 0.00328985 0.000243747 0.000300238
 0.874562 0.119256 0.00587382 0.000263919 4.36397e-05
 0.801672 0.184935 0.0127328 0.000627139 3.28376e-05
 0.805149 0.172925 0.0204454 0.00140766 7.29631e-05
 0.861092 0.126338 0.0111555 0.00131894 9.55156e-05
 0.977614 0.0209173 0.0013359 0.000117958 1.49565e-05
 0.32579 0.666204 0.00748097 0.000477778 4.75363e-05
 0.978851 0.0103224 0.0106976 0.000120126 8.43526e-06
 0.645246 0.350336 0.00215652 0.0022349 2.68585e-05
 0.777214 0.172044 0.0501095 0.000308453 0.000323506
 0.781491 0.18898 0.0228036 0.00664175 8.37627e-05
 0.873686 0.109267 0.0147432 0.00177901 0.000524688
 0.255282 0.689937 0.0473878 0.00639393 0.000999087
 0.861362 0.0514693 0.0807564 0.00554669 0.000865345
 0.694571 0.278502 0.0099964 0.0156845 0.00124535
 0.44378 0.44044 0.105573 0.00378939 0.00641771
 0.842513 0.0898289 0.0535748 0.0128419 0.00124158
 0.789277 0.189801 0.0119336 0.00711728 0.00187096
 0.338405 0.567579 0.0846816 0.00532428 0.00401019
 0.447981 0.249416 0.259602 0.038732 0.00426944
 0.933984 0.0395305 0.0119666 0.0124553 0.00206314
pobs_RECLAS
 0 0 0 0 0
 0 0 0 0 0
 0 0 0 0 0
 0 0 0 0 0
 0 0 0 0 0
 0 0 0 0 0
 0 0 0 0 0
 0 0 0 0 0
 0 0 0 0 0
 0 0 0 0 0
 0.991045 0.00858322 0.000360255 1.14367e-05 0
 0.934742 0.0480273 0.0164251 0.00080598 0
 0.827803 0.169806 0.00239088 0 0
 0.941827 0.0461693 0.0120037 0 0
 0.791401 0.0380133 0.147996 0.0225897 0
 0.846168 0.0940531 0.0597789 0 0
 0.134021 0.677848 0.182769 0.00536245 0
 0.80878 0.0450904 0.141981 0.00414843 0
 0.846168 0.0940531 0.0597789 0 0
 0.905697 0.0802665 0.012482 0.00150086 5.37128e-05
 0.989698 0.0102097 9.19794e-05 0 0
 0.975433 0.0193895 0.00387452 0.00125025 5.28907e-05
 0.303575 0.632131 0.0575291 0.00676475 0
 0.966965 0.00978017 0.0227588 0.000495775 0
 0.843318 0.132988 0.00938335 0.0141283 0.000182051
 0.564624 0.303363 0.111486 0.0197234 0.00080311
 0.826376 0.0876187 0.0782897 0.00655872 0.00115652
 0.89761 0.0855135 0.0140674 0.00269457 0.000114338
 0.34875 0.467042 0.161289 0.0227151 0.000203297
 0.318654 0.224769 0.449479 0.00709798 0
 0.937255 0.0296025 0.0250945 0.00804832 0
ppred_RECLAS
 0.321906 0.183718 0.437714 0.0566601 9.49997e-07
 0.483765 0.195614 0.086867 0.206963 0.0267909
 0.908562 0.0521019 0.0149056 0.00661919 0.0178119
 0.684421 0.294615 0.0119454 0.0034174 0.0056013
 0.711399 0.222986 0.0612561 0.00248367 0.00187516
 0.981816 0.0142965 0.00300354 0.000825096 5.87118e-05
 0.323368 0.667271 0.00736024 0.00154631 0.000455009
 0.386985 0.252693 0.355337 0.0039195 0.00106575
 0.798142 0.0904479 0.0459247 0.0645794 0.000906025
 0.913554 0.0741801 0.00549605 0.0027906 0.00397921
 0.936155 0.0606685 0.00272592 0.000201965 0.000248773
 0.900504 0.0945929 0.00465906 0.000209338 3.46146e-05
 0.839266 0.14988 0.0103192 0.000508262 2.66131e-05
 0.85251 0.130894 0.0154759 0.00106551 5.52285e-05
 0.894552 0.0959058 0.00846836 0.00100123 7.2508e-05
 0.982451 0.0163976 0.00104725 9.24705e-05 1.17248e-05
 0.385184 0.607515 0.00682195 0.000435688 4.33486e-05
 0.982912 0.00834047 0.00864363 9.70615e-05 6.81566e-06
 0.698413 0.297831 0.00183332 0.00189995 2.28332e-05
 0.815505 0.142475 0.0414972 0.000255438 0.000267904
 0.8182 0.157232 0.0189727 0.00552598 6.9691e-05
 0.897376 0.0887739 0.0119781 0.00144536 0.000426282
 0.299045 0.649394 0.0446031 0.0060182 0.000940377
 0.884593 0.0428447 0.0672242 0.00461724 0.000720341
 0.737457 0.239398 0.00859279 0.0134823 0.00107049
 0.496021 0.399073 0.0956579 0.00343349 0.00581495
 0.868952 0.0747485 0.0445807 0.010686 0.00103315
 0.820976 0.16125 0.0101384 0.00604665 0.00158951
 0.385074 0.527542 0.0787081 0.0049487 0.00372731
 0.507154 0.222681 0.231774 0.0345802 0.00381178
 0.946718 0.0319058 0.00965846 0.0100529 0.0016652
pobs_PELACES
 0 0 0 0 0
 0 0 0 0 0
 0 0 0 0 0
 0 0 0 0 0
 0 0 0 0 0
 0 0 0 0 0
 0 0 0 0 0
 0 0 0 0 0
 0 0 0 0 0
 0 0 0 0 0
 0 0 0 0 0
 0 0 0 0 0
 0 0 0 0 0
 0 0 0 0 0
 0 0 0 0 0
 0 0 0 0 0
 0.505614 0.472636 0.0217494 0 0
 0 0 0 0 0
 0.443492 0.261883 0.143347 0.151278 0
 0.227955 0.32914 0.350689 0.0885471 0.00366901
 0.970185 0.0296113 0.000203453 0 0
 0.997202 0.00247181 0.000326279 0 0
 0.445219 0.490057 0.0546422 0.010081 0
 0.90214 0.0892962 0.00764917 0.000914606 0
 0 0 0 0 0
 0.581667 0.319106 0.0959925 0.00289975 0.000334073
 0.762889 0.0836404 0.116647 0.0363945 0.000428098
 0.88444 0.0763242 0.0277011 0.0115352 0
 0.521256 0.241999 0.230069 0.00667565 0
 0.616807 0.101726 0.260614 0.0208532 0
 0.833518 0.0704572 0.0857862 0.0102388 0
ppred_PELACES
 0.200221 0.182218 0.543499 0.0740604 1.25488e-06
 0.34518 0.20903 0.116207 0.291456 0.0381274
 0.854667 0.073368 0.0262768 0.0122837 0.0334044
 0.603405 0.363393 0.0184455 0.00555505 0.00920136
 0.61711 0.279525 0.0961306 0.00410306 0.00313056
 0.97024 0.0221336 0.00582138 0.00168344 0.000121057
 0.2458 0.741031 0.0102328 0.00226308 0.000672969
 0.256398 0.26686 0.469788 0.00545497 0.00149895
 0.705601 0.11367 0.0722544 0.106958 0.00151646
 0.888494 0.0918674 0.00852108 0.00455452 0.00656315
 0.90214 0.091793 0.00516332 0.000402711 0.000501292
 0.862584 0.129021 0.00795555 0.000376289 6.28786e-05
 0.781708 0.200103 0.0172475 0.000894268 4.73202e-05
 0.811361 0.162718 0.0240847 0.0017456 9.14368e-05
 0.861112 0.123422 0.0136433 0.00169807 0.000124273
 0.974359 0.0235595 0.00188367 0.000175089 2.24353e-05
 0.304553 0.685103 0.00963111 0.000647508 6.51051e-05
 0.970974 0.0125444 0.0162752 0.000192388 1.36524e-05
 0.611969 0.38184 0.00294251 0.00321015 3.8987e-05
 0.739278 0.190378 0.0694172 0.000449817 0.000476761
 0.744581 0.21321 0.0322081 0.00987518 0.000125859
 0.850982 0.124517 0.0210329 0.0026717 0.000796309
 0.216088 0.712564 0.0612704 0.00870269 0.00137423
 0.810379 0.0606075 0.119049 0.0086076 0.00135709
 0.639947 0.320016 0.0143799 0.0237512 0.00190579
 0.376839 0.468251 0.140513 0.00530924 0.00908687
 0.795469 0.104702 0.0781755 0.019726 0.00192734
 0.739743 0.228044 0.0179498 0.0112695 0.00299381
 0.27786 0.597525 0.111606 0.00738687 0.00562259
 0.379393 0.245253 0.319571 0.0501915 0.00559116
 0.914161 0.0460579 0.0174547 0.0191247 0.00320142
pobs_pel_tallas
 0 0 0 0 0 0 0 0 0 0 0 0 0 0 0 0 0 0 0 0 0 0 0 0 0 0
 0 0 0 0 0 0 0 0 0 0 0 0 0 0 0 0 0 0 0 0 0 0 0 0 0 0
 0 0 0 0 0 0 0 0 0 0 0 0 0 0 0 0 0 0 0 0 0 0 0 0 0 0
 0 0 0 0 0 0 0 0 0 0 0 0 0 0 0 0 0 0 0 0 0 0 0 0 0 0
 0 0 0 0 0 0 0 0 0 0 0 0 0 0 0 0 0 0 0 0 0 0 0 0 0 0
 0 0 0 0 0 0 0 0 0 0 0 0 0 0 0 0 0 0 0 0 0 0 0 0 0 0
 0 0 0 0 0 0 0 0 0 0 0 0 0 0 0 0 0 0 0 0 0 0 0 0 0 0
 0 0 0 0 0 0 0 0 0 0 0 0 0 0 0 0 0 0 0 0 0 0 0 0 0 0
 0 0 0 0 0 0 0 0 0 0 0 0 0 0 0 0 0 0 0 0 0 0 0 0 0 0
 0 0 0 0 0 0 0 0 0 0 0 0 0 0 0 0 0 0 0 0 0 0 0 0 0 0
 0 0 0 0 0 0 0 0 0 0 0 0 0 0 0 0 0 0 0 0 0 0 0 0 0 0
 0 0 0 0 0 0 0 0 0 0 0 0 0 0 0 0 0 0 0 0 0 0 0 0 0 0
 0.00862536 0 0 0.000197151 0.00414017 0.0128641 0.00837892 0.0270097 0.101434 0.158115 0.152841 0.127902 0.109271 0.109419 0.0830992 0.0579132 0.0238553 0.00714673 0.00463305 0.00128148 0.00103504 0.000492878 0.000147863 0.000147863 4.92878e-05 0
 0 0 0 0 0 0 0 0 0 0 0 0 0 0 0 0 0 0 0 0 0 0 0 0 0 0
 0 0 0 0 0 0 0 0.0054083 0.00873648 0.0413646 0.0450493 0.0745869 0.0622846 0.0627006 0.0613931 0.0827291 0.12552 0.122667 0.0946155 0.0697135 0.0546179 0.0294188 0.0215738 0.0213955 0.0102223 0.00600262
 0 0 0 0 0.00359764 0.0251062 0.0480494 0.140153 0.205849 0.193036 0.1447 0.116669 0.0760912 0.0342217 0.00950174 0.001854 0.000860785 0 0 0 0.000165536 0 0.000143464 0 0 0
 0 0 0 0 0 0 0 0.000145254 0.000435761 0.0275982 0.070085 0.0708112 0.156366 0.174668 0.174014 0.160142 0.0824315 0.0480064 0.0283245 0.00493863 0.00203355 0 0 0 0 0
 0 0 0 0 0 0 0 0 0 0 0 0 0 0 0 0 0 0 0 0 0 0 0 0 0 0
 0 0 1.00437e-05 0.000401748 0.00122533 0.00171747 0.00176769 0.0269171 0.070346 0.194647 0.189555 0.159765 0.064822 0.0314167 0.0384472 0.0292271 0.0345202 0.0313363 0.0194345 0.0106764 0.0143323 0.0359363 0.0279516 0.0138201 0.00172751 0
 0 0.0021121 0.0136068 0.0755702 0.200478 0.177729 0.0527432 0.0373336 0.0318909 0.0142505 0.0149659 0.0166563 0.0217959 0.0798694 0.0677717 0.0528807 0.04013 0.0224614 0.0357745 0.0225083 0.00881397 0.00855152 0.00135912 0.000746735 0 0
 0 0 0 0 5.4009e-05 0.00500934 0.000945158 0.0243581 0.138947 0.33067 0.221406 0.137944 0.0707744 0.0437923 0.0131692 0.00525238 0.0047753 0.00276346 9.45158e-05 9.00151e-06 2.25038e-05 9.00151e-06 4.50075e-06 0 0 0
 0.000866109 0.00284123 0.00948549 0.0512746 0.133035 0.25785 0.225252 0.132002 0.0553304 0.0519788 0.0540692 0.017754 0.00435017 0.00159236 0.00146478 0.000404838 0.000125132 0.000115318 0.000107957 0.000100596 0 0 0 0 0 0
 0 0 0 0 0.00144013 0.00171154 0.00461396 0.0210425 0.0478622 0.0707936 0.0888783 0.103762 0.0637923 0.0337046 0.0602308 0.124433 0.169614 0.0934646 0.0462172 0.0250306 0.0313229 0.00938855 0.002487 0.000210481 0 0
 0 0.00764035 0.051015 0.0998891 0.058973 0.0496711 0.0374665 0.0718981 0.12319 0.153886 0.159021 0.0857701 0.0377988 0.023471 0.0147837 0.00900784 0.00315554 0.000888139 0.00291439 0.00214683 0.00393193 0.00274676 0.000635225 9.99891e-05 0 0
 0 0 0 0 0 0 0 0 0 0 0 0 0 0 0 0 0 0 0 0 0 0 0 0 0 0
 0 0 0 0 0 0 0 0 0 0 0 0 0 0 0 0 0 0 0 0 0 0 0 0 0 0
 0 0 0 0 0 0 0 0 0 0 0 0 0 0 0 0 0 0 0 0 0 0 0 0 0 0
 0 0 0 0 0 0 0 0 0 0 0 0 0 0 0 0 0 0 0 0 0 0 0 0 0 0
 0 0 0 0 0 0 0 0 0 0 0 0 0 0 0 0 0 0 0 0 0 0 0 0 0 0
 0 0 0 0 0 0 0 0 0 0 0 0 0 0 0 0 0 0 0 0 0 0 0 0 0 0
 0 0 0 0 0 0 0 0 0 0 0 0 0 0 0 0 0 0 0 0 0 0 0 0 0 0
ppred_pel_tallas
 1.23159e-16 1.6492e-05 0.000160308 0.0010653 0.00484273 0.0150676 0.0321039 0.0468604 0.0468788 0.0321941 0.015373 0.00573514 0.00334507 0.0052684 0.0101026 0.0176795 0.0278056 0.0398438 0.0529935 0.0666527 0.0802957 0.092862 0.102333 0.106187 0.102626 0.0917077
 1.39089e-16 2.8432e-05 0.000276369 0.00183657 0.00834881 0.0259763 0.0553461 0.0807835 0.0808039 0.0554458 0.026312 0.00932182 0.00429236 0.00568336 0.0104379 0.0175968 0.0263003 0.0352065 0.0431003 0.0497775 0.0562608 0.0639697 0.0734075 0.0833899 0.0913889 0.0947085
 1.07662e-16 7.03978e-05 0.000684292 0.00454736 0.0206716 0.0643172 0.137035 0.200008 0.200015 0.13707 0.0644339 0.0210093 0.00539687 0.00254511 0.00362369 0.0059318 0.00866741 0.0111874 0.0129064 0.0136065 0.013583 0.0134379 0.0136727 0.0143913 0.0152936 0.0158949
 1.0274e-16 4.97017e-05 0.000483119 0.0032105 0.0145945 0.045409 0.09675 0.141217 0.141252 0.0969208 0.0459826 0.0162504 0.00736471 0.00954354 0.0172329 0.0283479 0.0406851 0.0508582 0.0554566 0.0529216 0.0444992 0.0334416 0.023118 0.0154812 0.0107666 0.00816392
 1.03787e-16 5.08306e-05 0.000494092 0.00328341 0.0149259 0.0464403 0.098947 0.144422 0.144449 0.0990791 0.0468841 0.0162089 0.00650783 0.00754639 0.0134833 0.0223109 0.0323671 0.0411806 0.0462406 0.0463446 0.0422485 0.0360344 0.0297535 0.0244423 0.0200928 0.0162631
 1.00364e-16 7.99174e-05 0.000776826 0.00516228 0.023467 0.0730145 0.155565 0.227052 0.227055 0.155576 0.0730496 0.0235684 0.00541708 0.00133378 0.00113982 0.00176345 0.00254563 0.00322847 0.00360822 0.00359191 0.0032455 0.00274272 0.00225435 0.00186582 0.00157179 0.00132521
 1.00826e-16 2.02464e-05 0.000196802 0.00130782 0.00594522 0.0184982 0.039415 0.0575422 0.0576135 0.0397631 0.0196668 0.00931845 0.0097675 0.0186392 0.0349716 0.0575888 0.0825007 0.102786 0.111408 0.105126 0.0864842 0.0622195 0.0394064 0.0222932 0.0116171 0.00590412
 1.14426e-16 2.11192e-05 0.000205286 0.0013642 0.00620148 0.0192952 0.0411115 0.060009 0.0600354 0.0412408 0.0197311 0.00746886 0.00457725 0.00732415 0.0138469 0.0236522 0.0359088 0.0489625 0.0609731 0.0708203 0.078336 0.0836036 0.0860827 0.0845494 0.0779986 0.0666804
 1.13098e-16 5.81194e-05 0.000564942 0.00375424 0.0170662 0.0530994 0.113134 0.165125 0.165136 0.113188 0.0532818 0.0175946 0.00508708 0.00349661 0.00569235 0.00949798 0.0141117 0.0186978 0.0224781 0.0251891 0.0272336 0.0292989 0.0317315 0.0341776 0.0357514 0.035553
 1.01837e-16 7.31841e-05 0.000711375 0.00472734 0.0214898 0.0668628 0.142459 0.207924 0.207933 0.142502 0.067008 0.021909 0.00577944 0.00300744 0.00443198 0.00720671 0.0103654 0.0130191 0.0143206 0.0138923 0.0120557 0.00962173 0.00740829 0.0058562 0.00496364 0.00447192
 1.00298e-16 7.43081e-05 0.000722301 0.00479994 0.0218199 0.0678897 0.144647 0.211118 0.211127 0.14469 0.0680346 0.0222382 0.00584928 0.00301088 0.00441443 0.00716373 0.0102733 0.012836 0.0139825 0.0133126 0.0111337 0.00826128 0.00554575 0.00348859 0.00216724 0.00140143
 1.00312e-16 7.10499e-05 0.000690631 0.00458948 0.0208631 0.064913 0.138305 0.201862 0.201875 0.138365 0.0651167 0.0214511 0.0060646 0.00390793 0.00617277 0.0100699 0.0144459 0.0180531 0.0196708 0.018735 0.0156742 0.0116299 0.00779334 0.00486827 0.00296729 0.00184535
 1.00647e-16 6.43883e-05 0.000625877 0.00415917 0.018907 0.0588268 0.125338 0.182938 0.182957 0.125432 0.0591429 0.0198195 0.00644875 0.00562078 0.00954096 0.0156456 0.0224709 0.0281272 0.0307322 0.029412 0.02482 0.0187021 0.0128722 0.0083918 0.00542054 0.00358521
 1.00928e-16 6.68307e-05 0.000649619 0.00431694 0.0196242 0.0610583 0.130092 0.189876 0.189892 0.130168 0.0613156 0.0203674 0.00618244 0.00472189 0.00780038 0.0127883 0.018411 0.0231398 0.0254601 0.0246641 0.0212612 0.0166208 0.012149 0.00864423 0.00620188 0.00452829
 1.00617e-16 7.09287e-05 0.000689452 0.00458165 0.0208275 0.0648022 0.138068 0.201517 0.201529 0.138127 0.0649973 0.0213907 0.00599503 0.00377369 0.00592494 0.00967349 0.0139057 0.0174381 0.0191145 0.0183987 0.0156887 0.0120465 0.00856831 0.00588449 0.00407638 0.00290982
 1.00082e-16 8.02567e-05 0.000780124 0.0051842 0.0235666 0.0733245 0.156226 0.228016 0.228019 0.156237 0.0733617 0.023674 0.00545372 0.00136808 0.00119567 0.00184643 0.00264434 0.00330873 0.00361349 0.0034557 0.00291278 0.00219106 0.0015049 0.000979707 0.000634015 0.000422964
 1.0053e-16 2.50858e-05 0.000243843 0.00162043 0.00736626 0.0229195 0.0488349 0.0712898 0.0713557 0.0491568 0.0239999 0.0104849 0.00944152 0.017294 0.0323376 0.0532402 0.0762676 0.095014 0.102969 0.0971325 0.0798534 0.0573574 0.0361877 0.0202808 0.0103321 0.00499508
 1.00495e-16 7.99779e-05 0.000777413 0.00516619 0.0234847 0.0730697 0.155683 0.227224 0.227225 0.155689 0.07309 0.0235436 0.00531514 0.0011061 0.000714427 0.00108102 0.00161084 0.00215237 0.00260558 0.00291689 0.00309179 0.00316331 0.00314454 0.00301244 0.00273591 0.00231737
 1.00512e-16 5.04071e-05 0.000489975 0.00325606 0.0148016 0.0460535 0.0981231 0.143221 0.143258 0.0983025 0.0466555 0.0165395 0.00761452 0.00999116 0.0180555 0.0296666 0.0424893 0.0529237 0.057341 0.0540745 0.044444 0.0319317 0.0201931 0.0114206 0.00598692 0.00311598
 1.02178e-16 6.08934e-05 0.000591905 0.00393342 0.0178808 0.0556338 0.118534 0.173008 0.173027 0.118624 0.0559362 0.0187549 0.0061306 0.00539815 0.00921725 0.0152149 0.0220802 0.0281113 0.0315952 0.0317044 0.0289364 0.0246863 0.0203311 0.0165718 0.0134208 0.0106162
 1.01996e-16 6.13302e-05 0.000596151 0.00396164 0.018009 0.0560329 0.119385 0.17425 0.17427 0.119485 0.0563701 0.0189831 0.00640694 0.00593489 0.0102024 0.0167744 0.0241693 0.0304164 0.0335477 0.032652 0.0284077 0.0226064 0.0170668 0.0127895 0.00984055 0.00778019
 1.01042e-16 7.00943e-05 0.000681342 0.00452776 0.0205825 0.0640399 0.136444 0.199147 0.199159 0.136503 0.0642369 0.0211516 0.00595638 0.00380074 0.00599637 0.00980724 0.014132 0.017793 0.0196374 0.0191284 0.0166537 0.0132494 0.00997089 0.00740444 0.00560134 0.00432524
 1.03056e-16 1.7799e-05 0.000173013 0.00114974 0.00522658 0.0162622 0.0346508 0.0505883 0.0506569 0.0349861 0.0173876 0.0084762 0.00930341 0.0179614 0.0337684 0.0557109 0.0800464 0.100223 0.109564 0.10497 0.0887826 0.0672206 0.0467311 0.0310605 0.0207282 0.0143536
 1.04544e-16 6.67499e-05 0.000648833 0.00431172 0.0196005 0.0609843 0.129934 0.189643 0.189649 0.129963 0.0610838 0.0198899 0.00504659 0.0022805 0.00324586 0.0054694 0.00835805 0.0115197 0.0145663 0.017262 0.0195541 0.0214019 0.0225822 0.022701 0.0214356 0.0188011
 1.03202e-16 5.27117e-05 0.000512376 0.00340492 0.0154783 0.0481589 0.102609 0.149767 0.149798 0.102759 0.0486641 0.0169368 0.00706401 0.00849368 0.0151919 0.0249837 0.0358755 0.044893 0.0490541 0.0470118 0.0398833 0.0305318 0.0218886 0.0155997 0.0117749 0.0096132
 1.06245e-16 3.10398e-05 0.000301718 0.00200503 0.00911459 0.0283591 0.0604238 0.0881997 0.088245 0.0606449 0.0291019 0.0112614 0.00739922 0.0120947 0.022479 0.0372448 0.053953 0.0684722 0.0765728 0.0762447 0.0688093 0.0578646 0.0469862 0.038027 0.0310145 0.0251499
 1.04588e-16 6.55217e-05 0.000636894 0.00423239 0.0192398 0.0598623 0.127543 0.186155 0.186166 0.127593 0.06003 0.0197256 0.00545692 0.00332683 0.00522353 0.00866104 0.0127728 0.0166969 0.019587 0.0210361 0.0212596 0.020828 0.0201849 0.0193694 0.0181255 0.0162214
 1.02214e-16 6.09317e-05 0.000592278 0.0039359 0.017892 0.0556689 0.118609 0.173118 0.17314 0.118717 0.056029 0.0189321 0.00654567 0.0062863 0.0108658 0.0178435 0.0256448 0.0321398 0.0352054 0.033874 0.0289185 0.0223431 0.0162001 0.0116436 0.0087637 0.00703042
 1.05066e-16 2.28871e-05 0.00022247 0.0014784 0.00672061 0.0209106 0.0445544 0.0650406 0.0650982 0.044836 0.0218563 0.00945246 0.00833741 0.0152013 0.0284864 0.0470981 0.0679355 0.0856123 0.0946238 0.0923879 0.0807358 0.0645889 0.0489551 0.0366096 0.0277999 0.0214349
 1.15265e-16 3.12502e-05 0.000303763 0.00201861 0.00917633 0.0285511 0.060832 0.0887911 0.0888152 0.0609499 0.0289484 0.0103298 0.00493598 0.00674526 0.0124785 0.0211378 0.0317479 0.0426407 0.0520505 0.0590449 0.0638174 0.06702 0.0687808 0.0683685 0.0647872 0.0576971
 1.02976e-16 7.52983e-05 0.000731926 0.0048639 0.0221106 0.0687943 0.146574 0.21393 0.213934 0.146596 0.0688677 0.0223227 0.00539764 0.00190129 0.00230888 0.00373226 0.00545261 0.00703936 0.00811595 0.00852933 0.00843715 0.00818056 0.00803964 0.00806574 0.00809686 0.00790321
pSPR Fmed_Fpbrs
0.258027   0.6 0.325
Fs Fmed_Fpbrs
0.93373   0.299376 0.7427
SSBpbr Bo_Bmed_Bpbrs
1.30859e+06  272222  719724 359862
Ro
78368.3
SPR SPRFo_SPRFmed_SPRFpbrs
559363 144331 181793
Fref
0.299376
Nvult_r0
 101599 3470.84 1050.69 1093.59 181.147
CTP_r0
 39954.3 1691.05 511.911 532.815 88.2577
YTP_r0
391107
Np
 99133.3 29732.7 6601.02 156.975 60.4778
Nvult_p0
 69400.6 21624.5 4800.91 114.168 43.9853
CTP_p0
 11769.4 4056.18 96.4576 29.1994 34.7152
 11769.4 4982.28 1106.13 26.3042 10.1342
YTP_p0
 155976 192925
CBA_c0
167061
log_Ro
11.0892
likeval ReclasPelacesDesembMPH_pf_preclas_ppelaces_ptallas_desvR_qrecl_qpela
 14.5885 18.5091 0.101836 0.000869544 268.678 117.755 108.781 0 38.6241 8.88996e-05 0.000250953 0.0160009 5.7802e-16 0 0
q_reclas_q_pelaces
3.8041 9.52353
M
1
N
 51382.2 25380.6 60470.1 7827.57 0.131242
 39080.9 15041.7 6679.62 15914.4 2060.08
 139258 7606.28 2176.05 966.326 2600.33
 59499.4 27027.4 1095.84 313.505 513.851
 23617.6 7438.09 2043.3 82.8472 62.5492
 281513 3644.24 765.615 210.32 14.9659
 36020.1 73452.6 810.208 170.216 50.0869
 10553.3 5968.12 8392.38 92.571 25.1709
 26392.3 3080.7 1564.22 2199.61 30.8596
 37039.2 3660.3 271.194 137.698 196.348
 43717.1 2510.39 112.795 8.35708 10.2939
 107196 11569.6 569.848 25.6041 4.2337
 82723.7 15027.3 1034.63 50.9594 2.66828
 67339.5 12107.4 1431.49 98.5581 5.10855
 44430.7 5385.09 475.496 56.2191 4.07131
 247378 4132.84 263.947 23.3062 2.9551
 23999.8 38795.4 435.643 27.8227 2.7682
 431704 3400.7 3524.31 39.5754 2.77898
 222473 93542.9 575.809 596.739 7.17147
 218495 37220.1 10840.7 66.7306 69.9872
 208070 38350.4 4627.63 1347.84 16.9983
 408450 39192.3 5288.14 638.103 188.197
 36224.4 73318.7 5035.84 679.475 106.172
 175301 7715.7 12106.1 831.497 129.723
 140603 41628.6 1494.19 2344.42 186.146
 44975.8 32873 7879.66 282.828 478.997
 134929 10694.1 6378.08 1528.83 147.811
 173421 30197.8 1898.66 1132.38 297.673
 37708.4 45790.9 6831.9 429.55 323.533
 23232.6 9964.22 10371.1 1547.35 170.565
 125805 4046.47 1224.94 1274.96 211.19
pred_Ctot
 6758.55 4691.97 11178.8 1447.04 0.0242619
 12243.6 6210.93 2758.11 6571.29 850.637
 43775.7 3150.12 901.205 400.202 1076.92
 27024 15308.9 620.709 177.576 291.056
 9285.84 3737.83 1026.81 41.6328 31.4326
 53200.2 949.215 199.42 54.7822 3.89816
 13334.6 35069.1 386.825 81.2676 23.9134
 1403.62 1115.06 1568.01 17.2957 4.70285
 11225.2 1653.37 839.494 1180.5 16.5619
 21700.2 2528.02 187.303 95.1025 135.61
 7964.76 631.861 28.3904 2.10346 2.59096
 45258.4 6171.48 303.969 13.6578 2.25835
 33869.2 7813.18 537.937 26.4955 1.38733
 37428.8 8038.75 950.441 65.4378 3.39183
 23330.1 3422.95 302.242 35.7348 2.58787
 95994.2 2053.92 131.175 11.5826 1.46861
 10057.4 20566.3 230.945 14.7494 1.46749
 117042 1234.26 1279.13 14.3636 1.00862
 81641.6 44327.3 272.86 282.777 3.39836
 76613.1 16959.1 4939.5 30.4054 31.8893
 67716.4 16375.1 1975.93 575.509 7.25806
 140010 17510.2 2362.62 285.09 84.0822
 10074 27226.5 1870.03 252.32 39.4263
 40696.8 2431.77 3815.5 262.064 40.885
 33601.6 13473.2 483.6 758.778 60.2468
 10415.7 10337.3 2477.86 88.939 150.627
 34769.4 3707.12 2210.96 529.968 51.2386
 31785.6 7643.62 480.585 286.625 75.3466
 6897.75 11569 1726.08 108.526 81.7403
 8208.23 4569.99 4756.61 709.677 78.2278
 39954.3 1691.05 511.911 532.815 88.2577
F
 0.228468 0.334925 0.334925 0.334925 0.334925
 0.636659 0.933315 0.933315 0.933315 0.933315
 0.63948 0.937449 0.937449 0.937449 0.937449
 1.07935 1.58228 1.58228 1.58228 1.58228
 0.868846 1.27369 1.27369 1.27369 1.27369
 0.343538 0.503612 0.503612 0.503612 0.503612
 0.797647 1.16932 1.16932 1.16932 1.16932
 0.231279 0.339046 0.339046 0.339046 0.339046
 0.975526 1.43008 1.43008 1.43008 1.43008
 1.69154 2.47972 2.47972 2.47972 2.47972
 0.329357 0.482823 0.482823 0.482823 0.482823
 0.96479 1.41434 1.41434 1.41434 1.41434
 0.921685 1.35115 1.35115 1.35115 1.35115
 1.52611 2.23722 2.23722 2.23722 2.23722
 1.37497 2.01564 2.01564 2.01564 2.01564
 0.852615 1.2499 1.2499 1.2499 1.2499
 0.954064 1.39862 1.39862 1.39862 1.39862
 0.52932 0.77596 0.77596 0.77596 0.77596
 0.787958 1.15511 1.15511 1.15511 1.15511
 0.739997 1.0848 1.0848 1.0848 1.0848
 0.669392 0.9813 0.9813 0.9813 0.9813
 0.717553 1.0519 1.0519 1.0519 1.0519
 0.546474 0.801107 0.801107 0.801107 0.801107
 0.437716 0.641672 0.641672 0.641672 0.641672
 0.453289 0.664502 0.664502 0.664502 0.664502
 0.436428 0.639784 0.639784 0.639784 0.639784
 0.496979 0.728549 0.728549 0.728549 0.728549
 0.331637 0.486165 0.486165 0.486165 0.486165
 0.330883 0.48506 0.485061 0.485061 0.485061
 0.747709 1.09611 1.09611 1.09611 1.09611
 0.648135 0.950138 0.950138 0.950138 0.950138
YTP_r0W_actual
 331620 23843.8 14128.7 18222.3 3292.01
YTP_p0W_proyectada
 88152.6 63560.3 2231.06 857.588 1174.42
 88152.6 78072.3 25584.7 772.554 342.84
CTP_r0_actual
 39954.3 1691.05 511.911 532.815 88.2577
CTP_p0_proyectada
 11769.4 4056.18 96.4576 29.1994 34.7152
 11769.4 4982.28 1106.13 26.3042 10.1342
Wmedp
 7.49 15.67 23.13 29.37 33.83
Frms_r0
 0.648135 0.950138 0.950138 0.950138 0.950138
Zrms_r0
 1.64813 1.95014 1.95014 1.95014 1.95014
nmprior
 8.19 8.8 8.5 0
nm_flota  nm_reclas  nm_pelaces    nm_pelaL
inf 21.5199 7.4093 13.5117
cv_recla  cv_pelaces  cv_mph
0.345486 0.406522 0.91002
 ------------------------------------------------
Talla a la edad & desviaci?n 
 8 13.2811 15.8009 17.003 17.5766
 0.8 1.32811 1.58009 1.7003 1.75766
