years
 1991 1992 1993 1994 1995 1996 1997 1998 1999 2000 2001 2002 2003 2004 2005 2006 2007 2008 2009 2010 2011 2012 2013 2014 2015 2016 2017 2018 2019 2020 2021
reclasobs
 0 0 0 0 0 0 0 0 0 252601 567819 844713 477998 351125 339783 2.1784e+06 2.13404e+06 4.81314e+06 1.55562e+06 2.62356e+06 3.21686e+06 3.843e+06 1.13348e+06 3.07943e+06 1.97215e+06 2.03268e+06 2.025e+06 2.42433e+06 2.27542e+06 1.05018e+06 2.36338e+06
reclaspred
 7.19249e+06 2.06005e+06 1.04317e+06 827642 228371 3.21639e+06 1.59356e+06 618777 801598 249274 402759 828139 771274 580677 419297 1.70786e+06 789263 4.00493e+06 2.87591e+06 2.223e+06 3.05934e+06 3.19914e+06 1.8053e+06 3.26809e+06 2.42564e+06 1.66704e+06 2.16138e+06 3.2385e+06 2.60077e+06 839896 1.57297e+06
pelacesobs
 0 0 0 0 0 0 0 0 0 0 0 0 0 0 0 552880 188675 0 991730 2.46772e+06 1.41603e+06 1.21717e+06 2.29649e+06 1.80582e+06 0 1.4828e+06 1.56532e+06 1.57751e+06 1.42118e+06 867257 1.10002e+06
pelacespred
 7.90713e+06 2.09809e+06 613805 336779 107366 1.67843e+06 962112 577487 435725 96594.5 207842 339722 364776 244734 169655 670619 365372 2.04506e+06 1.60626e+06 1.07881e+06 1.54022e+06 1.58798e+06 1.15052e+06 2.03326e+06 1.62715e+06 1.16496e+06 1.44138e+06 2.18827e+06 1.95043e+06 625006 832436
mphobs
 0 0 0 0 0 0 0 0 0 0 0 498337 0 5186 125008 0 168611 109162 213762 579715 649985 157893 87575 83554 0 0 0 0 0 0 0
mphpred
 1.53184e+06 626267 112310 129390 58020 16135.1 462107 120832 52674.1 68468.5 11995.2 56950.6 79088.6 52781 28867.8 29018.2 198258 56004 491951 228602 290724 272841 383753 167777 392320 287553 154993 231953 512807 224706 53119.5
desembarqueobs
 494567 514787 250237 358949 120608 361735 552515 73892 212993 205616 52469 317467 293654 387597 252695 516296 358380 742168 942051 627588 828172 859565 418607 520667 417249 300574 415391 372974 316634 284311 391294
desembarquepred
 494498 514408 249969 358584 120521 361553 551875 73869.5 212821 205394 52453.7 317159 293308 386900 252367 515752 358141 741439 940420 626382 827696 858511 418171 520344 416794 300279 415021 372675 316271 283747 391025
Reclutas
 22800.5 14672.3 161566 56589.7 12670.5 286298 17963.9 4950.25 43546.4 20691.6 38429.3 108684 78544.2 68359.2 42633.9 245863 17222.6 421780 203018 222779 189169 413545 24942.6 170491 135365 36236.6 127494 171873 33681.7 18563.9 119563
log_desv_Rt
 -1.05231 -1.49314 0.905819 -0.143271 -1.63982 1.47794 -1.29073 -2.57966 -0.40527 -1.14937 -0.530278 0.509346 0.184565 0.0456793 -0.426448 1.32568 -1.33287 1.86539 1.1342 1.22708 1.06355 1.84567 -0.96252 0.959584 0.728876 -0.589027 0.668968 0.967661 -0.662142 -1.25788 0.604747
SSB
 1.60043e+06 654309 117338 135183 60617.8 16857.5 482798 126242 55032.5 71534.2 12532.2 59500.6 82629.8 55144.2 30160.3 30317.5 207135 58511.6 513978 238837 303741 285058 400936 175289 409886 300428 161933 242339 535767 234767 55497.9
BT
 2.03097e+06 952668 421750 382033 128091 1.28125e+06 745516 207507 391451 220940 150711 426864 430541 526544 336813 781587 387182 1.808e+06 1.49637e+06 941558 1.35522e+06 1.43671e+06 674613 1.45883e+06 921105 616401 1.098e+06 1.37523e+06 784728 433243 807150
Ftot
 0.318321 1.06247 1.06364 1.65112 1.90046 0.532387 1.31112 0.538218 1.17325 2.6282 0.607652 1.58253 1.54794 2.45724 2.3034 1.32763 1.65105 0.852361 1.32169 1.20827 1.14765 1.16158 0.946179 0.732842 0.747138 0.773166 0.866528 0.531125 0.523712 1.35646 1.11243
BD_Bspro_t
 0.950344 0.617749 0.227798 0.26227 0.109848 0.0436689 0.463017 0.169669 0.117109 0.162828 0.0475814 0.257662 0.203213 0.123813 0.0682803 0.0712542 0.233835 0.0820458 0.353464 0.189805 0.192348 0.184476 0.250523 0.144678 0.310894 0.297385 0.230226 0.338463 0.49968 0.308831 0.122782
BD_Bspro
 3.43339 1.40369 0.251726 0.290008 0.130043 0.0361644 1.03575 0.270827 0.118061 0.153462 0.0268854 0.127647 0.177265 0.118301 0.0647029 0.06504 0.444367 0.125525 1.10264 0.512377 0.651614 0.611534 0.860127 0.376048 0.879327 0.644507 0.347394 0.519889 1.14938 0.503645 0.11906
BD_Bo
 1.14809 0.469379 0.0841746 0.0969759 0.0434852 0.012093 0.346343 0.0905617 0.0394785 0.0513162 0.0089902 0.0426837 0.0592758 0.0395586 0.021636 0.0217487 0.148592 0.0419742 0.36871 0.171334 0.217893 0.204491 0.287618 0.125747 0.294038 0.215517 0.116165 0.173846 0.384341 0.168414 0.0398123
BD_Brms
 2.08744 0.853416 0.153045 0.17632 0.0790639 0.0219873 0.629714 0.164658 0.0717791 0.0933022 0.0163458 0.0776068 0.107774 0.0719247 0.0393382 0.0395431 0.270167 0.0763168 0.670382 0.311516 0.39617 0.371802 0.522941 0.22863 0.534615 0.391849 0.211209 0.316083 0.698803 0.306207 0.072386
Sel_flota
 0.658442 1 1 1 1
 0.658442 1 1 1 1
 0.658442 1 1 1 1
 0.658442 1 1 1 1
 0.658442 1 1 1 1
 0.658442 1 1 1 1
 0.658442 1 1 1 1
 0.658442 1 1 1 1
 0.658442 1 1 1 1
 0.658442 1 1 1 1
 0.658442 1 1 1 1
 0.658442 1 1 1 1
 0.658442 1 1 1 1
 0.658442 1 1 1 1
 0.658442 1 1 1 1
 0.658442 1 1 1 1
 0.658442 1 1 1 1
 0.658442 1 1 1 1
 0.658442 1 1 1 1
 0.658442 1 1 1 1
 0.658442 1 1 1 1
 0.658442 1 1 1 1
 0.658442 1 1 1 1
 0.658442 1 1 1 1
 0.658442 1 1 1 1
 0.658442 1 1 1 1
 0.658442 1 1 1 1
 0.658442 1 1 1 1
 0.658442 1 1 1 1
 0.658442 1 1 1 1
 0.658442 1 1 1 1
Sel_reclas
 0.660217 0.907224 0.980085 0.995979 0.999198
 0.660217 0.907224 0.980085 0.995979 0.999198
 0.660217 0.907224 0.980085 0.995979 0.999198
 0.660217 0.907224 0.980085 0.995979 0.999198
 0.660217 0.907224 0.980085 0.995979 0.999198
 0.660217 0.907224 0.980085 0.995979 0.999198
 0.660217 0.907224 0.980085 0.995979 0.999198
 0.660217 0.907224 0.980085 0.995979 0.999198
 0.660217 0.907224 0.980085 0.995979 0.999198
 0.660217 0.907224 0.980085 0.995979 0.999198
 0.660217 0.907224 0.980085 0.995979 0.999198
 0.660217 0.907224 0.980085 0.995979 0.999198
 0.660217 0.907224 0.980085 0.995979 0.999198
 0.660217 0.907224 0.980085 0.995979 0.999198
 0.660217 0.907224 0.980085 0.995979 0.999198
 0.660217 0.907224 0.980085 0.995979 0.999198
 0.660217 0.907224 0.980085 0.995979 0.999198
 0.660217 0.907224 0.980085 0.995979 0.999198
 0.660217 0.907224 0.980085 0.995979 0.999198
 0.660217 0.907224 0.980085 0.995979 0.999198
 0.660217 0.907224 0.980085 0.995979 0.999198
 0.660217 0.907224 0.980085 0.995979 0.999198
 0.660217 0.907224 0.980085 0.995979 0.999198
 0.660217 0.907224 0.980085 0.995979 0.999198
 0.660217 0.907224 0.980085 0.995979 0.999198
 0.660217 0.907224 0.980085 0.995979 0.999198
 0.660217 0.907224 0.980085 0.995979 0.999198
 0.660217 0.907224 0.980085 0.995979 0.999198
 0.660217 0.907224 0.980085 0.995979 0.999198
 0.660217 0.907224 0.980085 0.995979 0.999198
 0.660217 0.907224 0.980085 0.995979 0.999198
Sel_pelaces
 0.300214 0.683449 0.915723 0.982041 0.996379
 0.300214 0.683449 0.915723 0.982041 0.996379
 0.300214 0.683449 0.915723 0.982041 0.996379
 0.300214 0.683449 0.915723 0.982041 0.996379
 0.300214 0.683449 0.915723 0.982041 0.996379
 0.300214 0.683449 0.915723 0.982041 0.996379
 0.300214 0.683449 0.915723 0.982041 0.996379
 0.300214 0.683449 0.915723 0.982041 0.996379
 0.300214 0.683449 0.915723 0.982041 0.996379
 0.300214 0.683449 0.915723 0.982041 0.996379
 0.300214 0.683449 0.915723 0.982041 0.996379
 0.300214 0.683449 0.915723 0.982041 0.996379
 0.300214 0.683449 0.915723 0.982041 0.996379
 0.300214 0.683449 0.915723 0.982041 0.996379
 0.300214 0.683449 0.915723 0.982041 0.996379
 0.300214 0.683449 0.915723 0.982041 0.996379
 0.300214 0.683449 0.915723 0.982041 0.996379
 0.300214 0.683449 0.915723 0.982041 0.996379
 0.300214 0.683449 0.915723 0.982041 0.996379
 0.300214 0.683449 0.915723 0.982041 0.996379
 0.300214 0.683449 0.915723 0.982041 0.996379
 0.300214 0.683449 0.915723 0.982041 0.996379
 0.300214 0.683449 0.915723 0.982041 0.996379
 0.300214 0.683449 0.915723 0.982041 0.996379
 0.300214 0.683449 0.915723 0.982041 0.996379
 0.300214 0.683449 0.915723 0.982041 0.996379
 0.300214 0.683449 0.915723 0.982041 0.996379
 0.300214 0.683449 0.915723 0.982041 0.996379
 0.300214 0.683449 0.915723 0.982041 0.996379
 0.300214 0.683449 0.915723 0.982041 0.996379
 0.300214 0.683449 0.915723 0.982041 0.996379
pf_obs 
 0.8446 0.082 0.0669 0.0065 0
 0.8095 0.147 0.0364 0.0071 0
 0.9664 0.0169 0.016 0.0007 0
 0.9276 0.0648 0.0075 0.0001 0
 0.7033 0.2144 0.0806 0.0017 0
 0.9318 0.0425 0.0243 0.0014 0
 0.5671 0.3108 0.0964 0.0239 0.0018
 0.0768 0.2599 0.5324 0.112 0.0189
 0.490249 0.384438 0.106611 0.0170017 0.00170017
 0.7925 0.1577 0.0466 0.003 0.0002
 0.840416 0.127587 0.0312969 0.00059994 9.999e-05
 0.8084 0.0986 0.0794 0.0134 0.0002
 0.7335 0.1905 0.0724 0.0035 0.0001
 0.4001 0.4547 0.1325 0.0127 0
 0.49795 0.308269 0.164784 0.0264974 0.00249975
 0.9179 0.0499 0.0305 0.0017 0
 0.2467 0.6533 0.0926 0.0074 0
 0.9418 0.0223 0.034 0.0019 0
 0.707729 0.231977 0.0356964 0.0245975 0
 0.517169 0.277429 0.184464 0.0207286 0.00020938
 0.811772 0.124168 0.05621 0.00726502 0.000585176
 0.764997 0.148141 0.077277 0.00933861 0.000247198
 0.163321 0.427699 0.378323 0.0303852 0.000271297
 0.753843 0.0900009 0.118128 0.0371064 0.000921714
 0.721811 0.176058 0.0630433 0.0369309 0.00215725
 0.143369 0.312575 0.442814 0.0836902 0.0175525
 0.692698 0.0596174 0.167031 0.0765114 0.00414204
 0.394062 0.376323 0.152708 0.0712218 0.00568511
 0.125707 0.32114 0.495352 0.0537591 0.00404204
 0.23352 0.215282 0.420074 0.123614 0.00750983
 0.796117 0.104755 0.0508955 0.0450114 0.00322123
pf_pred 
 0.136524 0.180549 0.602087 0.0808386 9.87638e-07
 0.247734 0.153512 0.125197 0.417501 0.0560559
 0.94586 0.0209816 0.00676644 0.00551838 0.0208732
 0.594827 0.393455 0.00454098 0.00146444 0.00571186
 0.526192 0.362937 0.107665 0.00124259 0.00196371
 0.990991 0.00653837 0.00189259 0.000561434 1.67198e-05
 0.155757 0.839749 0.00326144 0.000944053 0.000288392
 0.255685 0.203762 0.537675 0.00208823 0.00078911
 0.904811 0.035107 0.0164479 0.0434015 0.000232261
 0.690484 0.293857 0.00577529 0.00270576 0.00717799
 0.946224 0.046621 0.00679342 0.000133513 0.000228493
 0.896962 0.0997564 0.00284503 0.000414566 2.20913e-05
 0.805312 0.184985 0.00939355 0.000267902 4.11178e-05
 0.830787 0.152255 0.0161128 0.00081821 2.69167e-05
 0.867905 0.123081 0.00811088 0.000858361 4.50214e-05
 0.981072 0.0179047 0.00095361 6.28418e-05 6.99926e-06
 0.262756 0.730376 0.00649684 0.000346023 2.53422e-05
 0.984616 0.00681209 0.00849221 7.55399e-05 4.31792e-06
 0.635479 0.361431 0.00136829 0.00170576 1.60403e-05
 0.808475 0.149628 0.041541 0.000157264 0.000197894
 0.775172 0.200926 0.0186735 0.00518427 4.43233e-05
 0.892769 0.0934196 0.0123428 0.0011471 0.000321189
 0.197096 0.756733 0.0402245 0.00531453 0.000632214
 0.887283 0.0354437 0.07283 0.00387132 0.000572331
 0.702555 0.277604 0.00623875 0.0128194 0.000782165
 0.411106 0.47591 0.105447 0.00236978 0.00516654
 0.866441 0.0742644 0.0479187 0.0106174 0.000758821
 0.808502 0.176648 0.0082574 0.00532805 0.00126491
 0.318697 0.597914 0.0769216 0.00359569 0.00287091
 0.41842 0.257242 0.284641 0.036619 0.00307846
 0.950552 0.0295642 0.00879477 0.00973149 0.0013572
pobs_RECLAS
 0 0 0 0 0
 0 0 0 0 0
 0 0 0 0 0
 0 0 0 0 0
 0 0 0 0 0
 0 0 0 0 0
 0 0 0 0 0
 0 0 0 0 0
 0 0 0 0 0
 0 0 0 0 0
 0.991045 0.00858322 0.000360255 1.14367e-05 0
 0.934742 0.0480273 0.0164251 0.00080598 0
 0.827803 0.169806 0.00239088 0 0
 0.941827 0.0461693 0.0120037 0 0
 0.791401 0.0380133 0.147996 0.0225897 0
 0.846168 0.0940531 0.0597789 0 0
 0.134021 0.677848 0.182769 0.00536245 0
 0.80878 0.0450904 0.141981 0.00414843 0
 0.846168 0.0940531 0.0597789 0 0
 0.905697 0.0802665 0.012482 0.00150086 5.37128e-05
 0.989698 0.0102097 9.19794e-05 0 0
 0.975433 0.0193895 0.00387452 0.00125025 5.28907e-05
 0.303575 0.632131 0.0575291 0.00676475 0
 0.966965 0.00978017 0.0227588 0.000495775 0
 0.843318 0.132988 0.00938335 0.0141283 0.000182051
 0.564624 0.303363 0.111486 0.0197234 0.00080311
 0.826376 0.0876187 0.0782897 0.00655872 0.00115652
 0.89761 0.0855135 0.0140674 0.00269457 0.000114338
 0.34875 0.467042 0.161289 0.0227151 0.000203297
 0.318654 0.224769 0.449479 0.00709798 0
 0.937255 0.0296025 0.0250945 0.00804832 0
ppred_RECLAS
 0.142293 0.168372 0.606573 0.0827615 1.0144e-06
 0.263195 0.139839 0.123205 0.417521 0.0562399
 0.950594 0.0180786 0.00629849 0.00522004 0.0198086
 0.641846 0.346866 0.00432479 0.00141734 0.00554601
 0.577383 0.317712 0.101818 0.00119417 0.00189329
 0.991827 0.00579708 0.00181278 0.000546479 1.6327e-05
 0.179782 0.815481 0.00342154 0.00100646 0.000308449
 0.268196 0.189284 0.539583 0.00212963 0.000807355
 0.913472 0.0301424 0.0152561 0.0409095 0.000219633
 0.750789 0.235495 0.00499997 0.00238051 0.00633556
 0.951755 0.0413778 0.00651364 0.000130091 0.000223355
 0.913503 0.0835225 0.00257335 0.000381059 2.03715e-05
 0.833219 0.157833 0.00865842 0.000250941 3.86391e-05
 0.86628 0.119347 0.0136447 0.000704114 2.32381e-05
 0.895211 0.0970946 0.00691228 0.000743378 3.91166e-05
 0.983979 0.0150882 0.000868138 5.81371e-05 6.49618e-06
 0.303571 0.68942 0.00662503 0.000358572 2.63462e-05
 0.986 0.005933 0.00799031 7.2228e-05 4.14196e-06
 0.674511 0.322483 0.00131889 0.00167084 1.57628e-05
 0.830243 0.130328 0.0390885 0.000150379 0.000189843
 0.800418 0.176782 0.0177491 0.00500755 4.29509e-05
 0.906355 0.0807284 0.0115226 0.00108824 0.000305694
 0.220362 0.73133 0.0419962 0.0056386 0.000672933
 0.894847 0.0313186 0.069522 0.0037554 0.000556989
 0.72838 0.251948 0.0061169 0.0127729 0.000781844
 0.440214 0.44541 0.106615 0.00243488 0.00532565
 0.878023 0.0653939 0.0455838 0.0102638 0.000735924
 0.825575 0.159803 0.00806992 0.00529152 0.0012603
 0.343217 0.570683 0.0793145 0.00376768 0.00301795
 0.450717 0.232271 0.277651 0.036299 0.00306143
 0.955972 0.0254012 0.00816322 0.00917915 0.00128431
pobs_PELACES
 0 0 0 0 0
 0 0 0 0 0
 0 0 0 0 0
 0 0 0 0 0
 0 0 0 0 0
 0 0 0 0 0
 0 0 0 0 0
 0 0 0 0 0
 0 0 0 0 0
 0 0 0 0 0
 0 0 0 0 0
 0 0 0 0 0
 0 0 0 0 0
 0 0 0 0 0
 0 0 0 0 0
 0 0 0 0 0
 0.505614 0.472636 0.0217494 0 0
 0 0 0 0 0
 0.443492 0.261883 0.143347 0.151278 0
 0.227955 0.32914 0.350689 0.0885471 0.00366901
 0.970185 0.0296113 0.000203453 0 0
 0.997202 0.00247181 0.000326279 0 0
 0.445219 0.490057 0.0546422 0.010081 0
 0.90214 0.0892962 0.00764917 0.000914606 0
 0 0 0 0 0
 0.581667 0.319106 0.0959925 0.00289975 0.000334073
 0.762889 0.0836404 0.116647 0.0363945 0.000428098
 0.88444 0.0763242 0.0277011 0.0115352 0
 0.521256 0.241999 0.230069 0.00667565 0
 0.616807 0.101726 0.260614 0.0208532 0
 0.833518 0.0704572 0.0857862 0.0102388 0
ppred_PELACES
 0.0796282 0.150598 0.672885 0.0968871 1.20099e-06
 0.163894 0.127983 0.13985 0.50014 0.068132
 0.916489 0.025614 0.0110677 0.00967999 0.0371491
 0.563545 0.418872 0.0064773 0.00224017 0.00886507
 0.490739 0.361108 0.143528 0.00177646 0.00284841
 0.986373 0.00899497 0.00348856 0.00110982 3.35335e-05
 0.132806 0.860893 0.00447988 0.00139066 0.000431024
 0.166294 0.182995 0.646983 0.00269474 0.00103317
 0.859473 0.0411651 0.0258406 0.0731247 0.000397037
 0.706481 0.272997 0.00718874 0.00361188 0.00972171
 0.924944 0.0622098 0.0121458 0.000255992 0.000444498
 0.883105 0.111914 0.00427652 0.000668287 3.61315e-05
 0.779942 0.205576 0.013987 0.000427795 6.6617e-05
 0.834068 0.144317 0.0204634 0.00111439 3.71953e-05
 0.867829 0.120281 0.0106202 0.00120531 6.41423e-05
 0.976985 0.0213696 0.00152496 0.000107771 1.21787e-05
 0.240207 0.750302 0.00894231 0.000510761 3.79536e-05
 0.976244 0.00884053 0.0147665 0.000140863 8.16943e-06
 0.591514 0.403675 0.00204758 0.00273746 2.61179e-05
 0.762106 0.172961 0.0643382 0.000261208 0.000333492
 0.728033 0.234067 0.0291466 0.00867792 7.52758e-05
 0.865574 0.112052 0.0198359 0.00197699 0.000561643
 0.157483 0.778285 0.0554301 0.00785389 0.000947936
 0.826446 0.0441205 0.12147 0.00692443 0.00103865
 0.633009 0.333454 0.0100407 0.022126 0.00136971
 0.330275 0.507424 0.15064 0.00363059 0.00803091
 0.810825 0.0907376 0.0784459 0.01864 0.00135165
 0.747826 0.22588 0.0141472 0.00978949 0.00235801
 0.244797 0.635685 0.109575 0.005493 0.00444981
 0.335381 0.245741 0.364326 0.0502649 0.00428734
 0.929993 0.0361144 0.0143945 0.0170812 0.00241701
pobs_pel_tallas
 0 0 0 0 0 0 0 0 0 0 0 0 0 0 0 0 0 0 0 0 0 0 0 0 0 0
 0 0 0 0 0 0 0 0 0 0 0 0 0 0 0 0 0 0 0 0 0 0 0 0 0 0
 0 0 0 0 0 0 0 0 0 0 0 0 0 0 0 0 0 0 0 0 0 0 0 0 0 0
 0 0 0 0 0 0 0 0 0 0 0 0 0 0 0 0 0 0 0 0 0 0 0 0 0 0
 0 0 0 0 0 0 0 0 0 0 0 0 0 0 0 0 0 0 0 0 0 0 0 0 0 0
 0 0 0 0 0 0 0 0 0 0 0 0 0 0 0 0 0 0 0 0 0 0 0 0 0 0
 0 0 0 0 0 0 0 0 0 0 0 0 0 0 0 0 0 0 0 0 0 0 0 0 0 0
 0 0 0 0 0 0 0 0 0 0 0 0 0 0 0 0 0 0 0 0 0 0 0 0 0 0
 0 0 0 0 0 0 0 0 0 0 0 0 0 0 0 0 0 0 0 0 0 0 0 0 0 0
 0 0 0 0 0 0 0 0 0 0 0 0 0 0 0 0 0 0 0 0 0 0 0 0 0 0
 0 0 0 0 0 0 0 0 0 0 0 0 0 0 0 0 0 0 0 0 0 0 0 0 0 0
 0 0 0 0 0 0 0 0 0 0 0 0 0 0 0 0 0 0 0 0 0 0 0 0 0 0
 0.00862536 0 0 0.000197151 0.00414017 0.0128641 0.00837892 0.0270097 0.101434 0.158115 0.152841 0.127902 0.109271 0.109419 0.0830992 0.0579132 0.0238553 0.00714673 0.00463305 0.00128148 0.00103504 0.000492878 0.000147863 0.000147863 4.92878e-05 0
 0 0 0 0 0 0 0 0 0 0 0 0 0 0 0 0 0 0 0 0 0 0 0 0 0 0
 0 0 0 0 0 0 0 0.0054083 0.00873648 0.0413646 0.0450493 0.0745869 0.0622846 0.0627006 0.0613931 0.0827291 0.12552 0.122667 0.0946155 0.0697135 0.0546179 0.0294188 0.0215738 0.0213955 0.0102223 0.00600262
 0 0 0 0 0.00359764 0.0251062 0.0480494 0.140153 0.205849 0.193036 0.1447 0.116669 0.0760912 0.0342217 0.00950174 0.001854 0.000860785 0 0 0 0.000165536 0 0.000143464 0 0 0
 0 0 0 0 0 0 0 0.000145254 0.000435761 0.0275982 0.070085 0.0708112 0.156366 0.174668 0.174014 0.160142 0.0824315 0.0480064 0.0283245 0.00493863 0.00203355 0 0 0 0 0
 0 0 0 0 0 0 0 0 0 0 0 0 0 0 0 0 0 0 0 0 0 0 0 0 0 0
 0 0 1.00437e-05 0.000401748 0.00122533 0.00171747 0.00176769 0.0269171 0.070346 0.194647 0.189555 0.159765 0.064822 0.0314167 0.0384472 0.0292271 0.0345202 0.0313363 0.0194345 0.0106764 0.0143323 0.0359363 0.0279516 0.0138201 0.00172751 0
 0 0.0021121 0.0136068 0.0755702 0.200478 0.177729 0.0527432 0.0373336 0.0318909 0.0142505 0.0149659 0.0166563 0.0217959 0.0798694 0.0677717 0.0528807 0.04013 0.0224614 0.0357745 0.0225083 0.00881397 0.00855152 0.00135912 0.000746735 0 0
 0 0 0 0 5.4009e-05 0.00500934 0.000945158 0.0243581 0.138947 0.33067 0.221406 0.137944 0.0707744 0.0437923 0.0131692 0.00525238 0.0047753 0.00276346 9.45158e-05 9.00151e-06 2.25038e-05 9.00151e-06 4.50075e-06 0 0 0
 0.000866109 0.00284123 0.00948549 0.0512746 0.133035 0.25785 0.225252 0.132002 0.0553304 0.0519788 0.0540692 0.017754 0.00435017 0.00159236 0.00146478 0.000404838 0.000125132 0.000115318 0.000107957 0.000100596 0 0 0 0 0 0
 0 0 0 0 0.00144013 0.00171154 0.00461396 0.0210425 0.0478622 0.0707936 0.0888783 0.103762 0.0637923 0.0337046 0.0602308 0.124433 0.169614 0.0934646 0.0462172 0.0250306 0.0313229 0.00938855 0.002487 0.000210481 0 0
 0 0.00764035 0.051015 0.0998891 0.058973 0.0496711 0.0374665 0.0718981 0.12319 0.153886 0.159021 0.0857701 0.0377988 0.023471 0.0147837 0.00900784 0.00315554 0.000888139 0.00291439 0.00214683 0.00393193 0.00274676 0.000635225 9.99891e-05 0 0
 0 0 0 0 0 0 0 0 0 0 0 0 0 0 0 0 0 0 0 0 0 0 0 0 0 0
 0 0 0 0 0 0 0 0 0 0 0 0 0 0 0 0 0 0 0 0 0 0 0 0 0 0
 0 0 0 0 0 0 0 0 0 0 0 0 0 0 0 0 0 0 0 0 0 0 0 0 0 0
 0 0 0 0 0 0 0 0 0 0 0 0 0 0 0 0 0 0 0 0 0 0 0 0 0 0
 0 0 0 0 0 0 0 0 0 0 0 0 0 0 0 0 0 0 0 0 0 0 0 0 0 0
 0 0 0 0 0 0 0 0 0 0 0 0 0 0 0 0 0 0 0 0 0 0 0 0 0 0
 0 0 0 0 0 0 0 0 0 0 0 0 0 0 0 0 0 0 0 0 0 0 0 0 0 0
ppred_pel_tallas
 1.29174e-16 6.5589e-06 6.37549e-05 0.000423674 0.00192597 0.00599249 0.0127682 0.0186388 0.0186544 0.0128447 0.00625231 0.0026897 0.00239084 0.00452396 0.00896345 0.0160766 0.0261154 0.03901 0.0544939 0.0721616 0.0911112 0.109343 0.123622 0.130359 0.127211 0.114357
 1.65756e-16 1.34998e-05 0.000131223 0.000872022 0.0039641 0.0123338 0.026279 0.0383577 0.0383704 0.0263413 0.0125443 0.00457729 0.00243247 0.00361092 0.00684706 0.0119187 0.0187116 0.0270032 0.0368247 0.0488385 0.0641481 0.0833815 0.105569 0.127674 0.145251 0.154004
 1.07584e-16 7.549e-05 0.00073379 0.00487629 0.0221669 0.0689695 0.146947 0.214474 0.214476 0.146959 0.0690105 0.0222856 0.00517543 0.00139123 0.00133777 0.00213039 0.00315837 0.00419398 0.0050853 0.00582565 0.00658596 0.00761412 0.0090578 0.0108341 0.0126278 0.014008
 1.02019e-16 4.64186e-05 0.000451205 0.00299842 0.0136304 0.0424094 0.0903593 0.13189 0.131931 0.0905561 0.04307 0.0155374 0.0077811 0.0108783 0.0198097 0.0325722 0.046675 0.0581894 0.0631525 0.0597537 0.0494527 0.0360694 0.0235954 0.0143965 0.00882561 0.00596866
 1.04895e-16 4.04216e-05 0.000392912 0.00261104 0.0118694 0.0369304 0.0786855 0.114851 0.114886 0.0788563 0.0375044 0.0135289 0.00678304 0.00952204 0.0174412 0.0289324 0.0420489 0.0536474 0.0605054 0.0610611 0.0562364 0.0486216 0.040748 0.0338645 0.0279442 0.0224872
 1.00221e-16 8.12462e-05 0.000789742 0.00524812 0.0238572 0.0742285 0.158152 0.230827 0.230828 0.158156 0.0742428 0.0238985 0.0053521 0.00101735 0.00051529 0.000727925 0.00105157 0.00134503 0.00152495 0.00155436 0.00145808 0.00130106 0.0011442 0.00101337 0.000900331 0.000784943
 1.00562e-16 1.09392e-05 0.000106333 0.000706624 0.00321226 0.00999498 0.0212984 0.031103 0.0311858 0.0217028 0.0113523 0.00713023 0.0105319 0.0215238 0.040595 0.0668539 0.09574 0.119208 0.129068 0.121552 0.0996318 0.071169 0.0444347 0.0244158 0.0119996 0.00547314
 1.19163e-16 1.36975e-05 0.000133144 0.000884791 0.00402214 0.0125145 0.0266641 0.0389209 0.0389395 0.0267554 0.0128238 0.00492776 0.0032037 0.00534611 0.0103542 0.0182388 0.0289202 0.0418502 0.0562415 0.0713478 0.0862884 0.0994865 0.10843 0.110387 0.10382 0.0894853
 1.08157e-16 7.07936e-05 0.000688139 0.00457293 0.0207879 0.0646788 0.137805 0.201131 0.201135 0.137825 0.0647451 0.0209801 0.00505868 0.00175924 0.00213766 0.00351139 0.00527224 0.00712246 0.00884048 0.0104032 0.0120131 0.013923 0.0161724 0.0184462 0.0201661 0.0207532
 1.02285e-16 5.81919e-05 0.000565646 0.00375892 0.0170875 0.0531658 0.113276 0.165336 0.165362 0.113405 0.0535965 0.0183308 0.00687747 0.00736574 0.0129502 0.0212586 0.0304824 0.0380512 0.0413953 0.0393484 0.0328684 0.0244372 0.0166309 0.0109504 0.00757591 0.00586629
 1.00468e-16 7.61864e-05 0.000740559 0.00492128 0.0223714 0.0696058 0.148303 0.216453 0.216459 0.148332 0.0697043 0.0226559 0.00563552 0.00230041 0.00304051 0.00491073 0.00707723 0.00892035 0.00986212 0.00963212 0.00841855 0.00673085 0.00508825 0.00377989 0.0028349 0.00214566
 1.00226e-16 7.27402e-05 0.000707061 0.00469867 0.0213595 0.0664573 0.141595 0.206664 0.206675 0.141647 0.0666338 0.0218692 0.00597729 0.0034952 0.00535875 0.00871985 0.0124975 0.015596 0.0169528 0.0160791 0.0133531 0.00977847 0.00640466 0.00385575 0.00223384 0.00131935
 1.00511e-16 6.42428e-05 0.000624463 0.00414978 0.0188643 0.058694 0.125054 0.182525 0.182545 0.125151 0.0590185 0.0198014 0.00650061 0.00575205 0.00978976 0.0160492 0.0230338 0.0287964 0.0313968 0.0299362 0.0250936 0.0186815 0.0125895 0.00793246 0.0048878 0.00306894
 1.00746e-16 6.87011e-05 0.000667799 0.00443776 0.0201734 0.0627671 0.133732 0.195189 0.195203 0.1338 0.0629953 0.0208325 0.00609194 0.00427852 0.00692498 0.0113363 0.0163149 0.0204954 0.0225314 0.0217941 0.0187369 0.0145783 0.0105727 0.00743599 0.00525863 0.00378219
 1.0047e-16 7.1482e-05 0.00069483 0.00461739 0.02099 0.0653078 0.139146 0.203089 0.203101 0.139202 0.0654977 0.0215386 0.0059938 0.0036977 0.00576902 0.00940978 0.0135139 0.0169208 0.0184987 0.0177236 0.014989 0.011343 0.00787274 0.00521095 0.00344763 0.00235367
 1.00063e-16 8.0473e-05 0.000782226 0.00519817 0.0236301 0.0735221 0.156647 0.228631 0.228633 0.156657 0.0735558 0.0237275 0.00544257 0.00131533 0.00109168 0.00167408 0.00239587 0.0029959 0.00326825 0.00311941 0.00261991 0.00195782 0.00132892 0.00084833 0.000533788 0.000344727
 1.00508e-16 1.97857e-05 0.000192324 0.00127807 0.00580995 0.0180773 0.0385182 0.0562336 0.0563058 0.0388707 0.0192604 0.00922515 0.00984288 0.0188634 0.035403 0.058296 0.0835034 0.104013 0.112692 0.106255 0.0872771 0.0625848 0.039355 0.0219095 0.0110158 0.00519796
 1.00445e-16 8.04119e-05 0.000781633 0.00519422 0.0236122 0.0734663 0.156528 0.228457 0.228458 0.156532 0.0734807 0.0236541 0.00530037 0.00101663 0.000536269 0.000784058 0.00117898 0.001601 0.00198302 0.00228744 0.0025104 0.00265858 0.00271945 0.00265745 0.00244197 0.00208053
 1.00442e-16 4.87223e-05 0.000473598 0.00314723 0.0143069 0.0445142 0.0948437 0.138435 0.138474 0.0950333 0.0451507 0.0161441 0.00775448 0.0105168 0.0190801 0.0313547 0.0449017 0.055916 0.0605587 0.0570666 0.0468361 0.0335538 0.021093 0.0117815 0.00602095 0.00299406
 1.01984e-16 6.27737e-05 0.000610183 0.00405488 0.0184329 0.0573517 0.122195 0.17835 0.178367 0.122276 0.0576265 0.0192272 0.00605147 0.00497794 0.00838462 0.0138309 0.0200759 0.0255696 0.0287566 0.0288846 0.0264023 0.0225704 0.018632 0.0152175 0.0123367 0.0097559
 1.01785e-16 5.99672e-05 0.000582902 0.00387359 0.0176088 0.0547876 0.116732 0.170378 0.170401 0.116842 0.0551576 0.0186774 0.00655569 0.00643694 0.0111749 0.0183716 0.0264407 0.0332103 0.0365071 0.0353255 0.0304215 0.0237926 0.0174821 0.0126369 0.00936245 0.00718169
 1.00895e-16 7.12962e-05 0.000693024 0.00460539 0.0209354 0.065138 0.138784 0.202561 0.202572 0.138837 0.0653153 0.0214476 0.00589128 0.00350092 0.00540629 0.00883062 0.0127268 0.0160293 0.0177007 0.0172566 0.0150426 0.0119863 0.00903252 0.00670631 0.00505569 0.00387411
 1.02747e-16 1.29718e-05 0.000126091 0.000837921 0.00380911 0.011852 0.0252546 0.0368756 0.0369505 0.0256207 0.0130808 0.00735711 0.00973934 0.0195429 0.0368444 0.0607731 0.0872673 0.109153 0.119115 0.113766 0.0956829 0.0717171 0.0489899 0.0316709 0.0203739 0.0135876
 1.04387e-16 6.80733e-05 0.000661696 0.00439721 0.0199891 0.0621934 0.13251 0.193403 0.193407 0.132532 0.0622669 0.0202037 0.00494463 0.00188523 0.00247513 0.004201 0.00654873 0.00928114 0.0121669 0.0150383 0.0177765 0.0201768 0.0218453 0.022288 0.021173 0.0185677
 1.02826e-16 5.21402e-05 0.000506821 0.00336801 0.0153105 0.0476368 0.101496 0.148144 0.148176 0.101653 0.048163 0.0168296 0.00717871 0.00881739 0.0158116 0.0259957 0.0373019 0.0466202 0.0508302 0.0485211 0.0408627 0.0308621 0.0216131 0.0148758 0.0108017 0.00857195
 1.06201e-16 2.72044e-05 0.000264436 0.00175727 0.00798835 0.024855 0.052958 0.077304 0.077353 0.0531976 0.0256598 0.0103145 0.00760185 0.0130415 0.0243462 0.0403432 0.0584289 0.0741235 0.0828346 0.0823754 0.0741734 0.0621326 0.0501438 0.0402416 0.0324881 0.0260462
 1.04386e-16 6.67866e-05 0.000649189 0.00431409 0.0196112 0.0610179 0.130005 0.189749 0.189757 0.130049 0.0611636 0.0200335 0.00537924 0.00299166 0.00456625 0.0075759 0.0112173 0.0147567 0.0174779 0.0190315 0.0195809 0.0195661 0.019297 0.0187375 0.0176278 0.0157777
 1.01847e-16 6.15975e-05 0.000598749 0.0039789 0.0180875 0.0562771 0.119905 0.17501 0.175031 0.120011 0.0566337 0.0191173 0.00656246 0.00623454 0.0107529 0.0176481 0.0253448 0.0317234 0.0346719 0.0332276 0.0281604 0.0214729 0.0152253 0.0105914 0.00768422 0.00598802
 1.04629e-16 2.01638e-05 0.000195999 0.00130249 0.00592095 0.0184226 0.0392535 0.0573045 0.0573658 0.039553 0.0194283 0.00882614 0.00859598 0.0161212 0.0302746 0.0500419 0.0721366 0.0908104 0.100187 0.0975104 0.0847423 0.0671615 0.0501625 0.0367689 0.0272959 0.0205974
 1.16343e-16 2.76249e-05 0.000268524 0.00178444 0.00811182 0.025239 0.0537753 0.0784916 0.0785159 0.0538938 0.0256385 0.00927252 0.00472324 0.00676763 0.0126158 0.0214524 0.0323909 0.0438411 0.0540965 0.0622231 0.0683078 0.0727795 0.0754754 0.0754091 0.0714752 0.0634233
 1.02547e-16 7.66023e-05 0.000744602 0.00494814 0.0224935 0.0699857 0.149112 0.217634 0.217638 0.149129 0.0700433 0.02266 0.00536708 0.00166281 0.00183147 0.00293629 0.00429467 0.00555888 0.00643736 0.00681432 0.00681486 0.00670291 0.00668809 0.00679531 0.00688055 0.00675033
pSPR Fmed_Fpbrs
0.228525   0.6 0.325
Fs Fmed_Fpbrs
1.06162   0.304043 0.757093
SSBpbr Bo_Bmed_Bpbrs
1.39399e+06  248862  766694 383347
Ro
65306.9
SPR SPRFo_SPRFmed_SPRFpbrs
466136 106524 151494
Fref
0.304043
Nvult_r0
 98418.7 2457.55 731.072 808.937 112.818
CTP_r0
 41610.4 1294.17 384.991 425.995 59.4115
YTP_r0
391025
Np
 93134.5 28046.1 5739.27 91.7764 34.7122
Nvult_p0
 65088.4 20433.5 4181.45 66.8653 25.2902
CTP_p0
 10856.9 3591.76 57.4358 17.086 21.1923
 10856.9 4764.15 974.921 15.5899 5.89651
YTP_p0
 140148 179179
CBA_c0
151857
log_Ro
10.9069
likeval ReclasPelacesDesembMPH_pf_preclas_ppelaces_ptallas_desvR_qrecl_qpela
 15.5125 19.345 0.179893 0.000894213 292.305 118.314 113.343 0 56.1873 0.000132231 0.000326884 0.00422872 2.95365e-16 0 0
q_reclas_q_pelaces
5.10124 13.095
M
1
N
 22800.5 20730.7 69131.8 9281.91 0.113401
 14672.3 6801.8 5547.21 18498.6 2483.72
 161566 2681.53 864.777 705.27 2667.68
 56589.7 29505.4 340.53 109.819 428.334
 12670.5 7019.25 2082.25 24.0318 37.9785
 286298 1333.67 386.044 114.519 3.41044
 17963.9 74179.5 288.1 83.3931 25.4751
 4950.25 2787.27 7354.88 28.565 10.7943
 43546.4 1277.69 598.605 1579.56 8.45293
 20691.6 7398.76 145.411 68.1257 180.728
 38429.3 1348.79 196.541 3.86268 6.61054
 108684 9475.56 270.241 39.3784 2.09839
 78544.2 14103.7 716.185 20.4254 3.13491
 68359.2 10427.3 1103.51 56.0361 1.84342
 42633.9 4986.96 328.635 34.7789 1.82417
 245863 3441.8 183.311 12.08 1.34545
 17222.6 37735.6 335.666 17.8776 1.30933
 421780 2136.36 2663.26 23.6903 1.35416
 203018 88522.2 335.122 417.776 3.92863
 222779 31282 8684.74 32.8782 41.3726
 189169 36988.3 3437.58 954.368 8.15945
 413545 32687 4318.67 401.364 112.382
 24942.6 70805.4 3763.69 497.266 59.1545
 170491 4921.3 10112.3 537.526 79.4672
 135365 38711.9 869.994 1787.67 109.073
 36236.6 30448.2 6746.4 151.616 330.549
 127494 8012.36 5169.93 1145.5 81.869
 171873 26509.6 1239.19 799.58 189.825
 33681.7 44569.2 5733.82 268.027 214.001
 18563.9 8776.88 9711.7 1249.41 105.035
 119563 2795.67 831.655 920.234 128.34
pred_Ctot
 2772.22 3666.21 12225.9 1641.5 0.0200548
 4935.62 3058.42 2494.3 8317.87 1116.8
 54393.9 1206.59 389.12 317.347 1200.36
 25820.4 17079.2 197.115 63.5686 247.941
 6301.27 4346.25 1289.31 14.8803 23.5159
 55057.2 363.257 105.148 31.192 0.928911
 7031.59 37910.3 147.237 42.619 13.0194
 960.954 765.81 2020.77 7.8483 2.96575
 15754.2 611.27 286.384 755.691 4.04404
 12258.9 5217.15 102.535 48.0381 127.438
 8274.02 407.666 59.4034 1.16748 1.998
 48262.9 5367.6 153.083 22.3066 1.18867
 34382.8 7897.96 401.058 11.4381 1.75553
 39165.4 7177.67 759.601 38.5725 1.26892
 23619 3349.5 220.728 23.3593 1.2252
 97076.9 1771.67 94.3596 6.21818 0.692576
 7858.01 21842.8 194.296 10.3482 0.757888
 119799 828.835 1033.26 9.19103 0.525367
 79911.2 45449.8 172.061 214.498 2.01707
 82319.4 15235.3 4229.73 16.0127 20.1497
 67352.4 17457.9 1622.48 450.446 3.85112
 148534 15542.7 2053.53 190.849 53.4378
 7685.35 29507.3 1568.47 207.23 24.6519
 42891.3 1713.35 3520.61 187.14 27.6665
 34594.7 13669.6 307.204 631.246 38.5148
 9521.37 11022.2 2442.2 54.8848 119.659
 36685.9 3144.42 2028.92 449.548 32.1291
 32984.9 7206.82 336.882 217.371 51.6052
 6385.94 11980.8 1541.33 72.0492 57.5262
 7439.15 4573.55 5060.67 651.054 54.7325
 41610.4 1294.17 384.991 425.995 59.4115
F
 0.209596 0.318321 0.318321 0.318321 0.318321
 0.699575 1.06247 1.06247 1.06247 1.06247
 0.700345 1.06364 1.06364 1.06364 1.06364
 1.08717 1.65112 1.65112 1.65112 1.65112
 1.25134 1.90046 1.90046 1.90046 1.90046
 0.350546 0.532387 0.532387 0.532387 0.532387
 0.863299 1.31112 1.31112 1.31112 1.31112
 0.354386 0.538218 0.538218 0.538218 0.538218
 0.772515 1.17325 1.17325 1.17325 1.17325
 1.73052 2.6282 2.6282 2.6282 2.6282
 0.400104 0.607652 0.607652 0.607652 0.607652
 1.04201 1.58253 1.58253 1.58253 1.58253
 1.01923 1.54794 1.54794 1.54794 1.54794
 1.61795 2.45724 2.45724 2.45724 2.45724
 1.51666 2.3034 2.3034 2.3034 2.3034
 0.87417 1.32763 1.32763 1.32763 1.32763
 1.08712 1.65105 1.65105 1.65105 1.65105
 0.561231 0.852361 0.852361 0.852361 0.852361
 0.870254 1.32169 1.32169 1.32169 1.32169
 0.795578 1.20827 1.20827 1.20827 1.20827
 0.755665 1.14765 1.14765 1.14765 1.14765
 0.764832 1.16158 1.16158 1.16158 1.16158
 0.623004 0.946179 0.946179 0.946179 0.946179
 0.482534 0.732842 0.732842 0.732842 0.732842
 0.491947 0.747138 0.747138 0.747138 0.747138
 0.509085 0.773166 0.773166 0.773166 0.773166
 0.570559 0.866528 0.866528 0.866528 0.866528
 0.349715 0.531125 0.531125 0.531125 0.531125
 0.344834 0.523712 0.523712 0.523712 0.523712
 0.89315 1.35646 1.35646 1.35646 1.35646
 0.73247 1.11243 1.11243 1.11243 1.11243
YTP_r0W_actual
 345366 18247.8 10625.7 14569 2216.05
YTP_p0W_proyectada
 81317.9 56283 1328.49 501.816 716.937
 81317.9 74654.2 22549.9 457.876 199.479
CTP_r0_actual
 41610.4 1294.17 384.991 425.995 59.4115
CTP_p0_proyectada
 10856.9 3591.76 57.4358 17.086 21.1923
 10856.9 4764.15 974.921 15.5899 5.89651
Wmedp
 7.49 15.67 23.13 29.37 33.83
Frms_r0
 0.73247 1.11243 1.11243 1.11243 1.11243
Zrms_r0
 1.73247 2.11243 2.11243 2.11243 2.11243
nmprior
 8.19 8.8 8.5 0
nm_flota  nm_reclas  nm_pelaces    nm_pelaL
inf 18.4629 5.75582 9.73059
cv_recla  cv_pelaces  cv_mph
0.356259 0.415599 0.922839
 ------------------------------------------------
Talla a la edad & desviaci?n 
 8 13.2811 15.8009 17.003 17.5766
 0.8 1.32811 1.58009 1.7003 1.75766
