years
 1991 1992 1993 1994 1995 1996 1997 1998 1999 2000 2001 2002 2003 2004 2005 2006 2007 2008 2009 2010 2011 2012 2013 2014 2015 2016 2017 2018 2019 2020 2021
reclasobs
 0 0 0 0 0 0 0 0 0 252601 567819 844713 477998 351125 339783 2.1784e+06 2.13404e+06 4.81314e+06 1.55562e+06 2.62356e+06 3.21686e+06 3.843e+06 1.13348e+06 3.07943e+06 1.97215e+06 2.03268e+06 2.025e+06 2.42433e+06 2.27542e+06 1.05018e+06 2.36338e+06
reclaspred
 1.08019e+06 2.19363e+06 1.12255e+06 55999.5 119389 8.99417e+06 5.93074e+06 3.47299e+06 1.60327e+06 252446 1.07596e+06 557889 654635 522838 323319 1.74434e+06 705379 9.38632e+06 5.19485e+06 1.35618e+06 2.38623e+06 3.45114e+06 1.73151e+06 3.13119e+06 2.57837e+06 1.35219e+06 1.84174e+06 3.85107e+06 2.56506e+06 678457 1.15426e+06
pelacesobs
 0 0 0 0 0 0 0 0 0 0 0 0 0 0 0 552880 188675 0 991730 2.46772e+06 1.41603e+06 1.21717e+06 2.29649e+06 1.80582e+06 0 1.4828e+06 1.56532e+06 1.57751e+06 1.42118e+06 867257 1.10002e+06
pelacespred
 729954 1.29046e+06 651691 8046.06 38427.2 6.40947e+06 4.06805e+06 2.71203e+06 1.2614e+06 150864 707271 254168 368079 278247 158538 905419 322419 6.68138e+06 3.46783e+06 866379 1.37893e+06 1.9642e+06 983543 2.19762e+06 1.64657e+06 807413 1.37397e+06 2.92416e+06 1.61698e+06 465450 722574
mphobs
 0 0 0 0 0 0 0 0 0 0 0 498337 0 5186 125008 0 168611 109162 213762 579715 649985 157893 87575 83554 0 0 0 0 0 0 0
mphpred
 349961 61018.2 227080 54207.3 394.694 7877.56 1.15955e+06 688396 382452 107825 10353.4 126651 34042.1 39889.7 23052.2 17371.2 163732 52814.2 1.08024e+06 413331 112443 183553 350380 170158 292086 274510 112164 153053 481258 210998 41272.2
desembarqueobs
 494567 514787 250237 358949 120608 361735 552515 73892 212993 205616 52469 317467 293654 387597 252695 516296 358380 742168 942051 627588 828172 859565 418607 520667 417249 300574 415391 372974 316634 284311 391294
desembarquepred
 494157 515299 252270 354101 120326 361429 551877 73842.3 212752 205220 52422.9 316440 292913 386363 252014 515270 357691 741250 939511 624610 826393 857704 417803 519838 416391 299932 414599 372420 316012 283401 390596
Reclutas
 211.648 363149 306.4 443.987 43089.7 940037 174.518 49.3166 85.1039 219.432 125942 12148.4 102554 71081.2 40443.9 300837 563.429 1.10928e+06 36960.9 4119.31 258638 562131 544.357 191639 213057 2580.96 141092 279700 1795.9 658.778 115155
log_desv_Rt
 -4.12249 3.32515 -3.75252 -3.38162 1.19362 4.27626 -4.31539 -5.57915 -5.03354 -4.08637 2.26616 -0.0724626 2.06073 1.69416 1.13026 3.13691 -3.14337 4.44181 1.0402 -1.15397 2.98577 3.76208 -3.17781 2.68595 2.7919 -1.6215 2.37975 3.06406 -1.98415 -2.98703 2.17662
SSB
 726822 126726 471613 112581 819.724 16360.6 2.40823e+06 1.4297e+06 794300 223938 21502.6 263037 70700.8 82845.4 47876.2 36077.6 340048 109688 2.24351e+06 858431 233528 381215 727691 353396 606623 570120 232950 317869 999506 438214 85716.6
BT
 1.00172e+06 1.21564e+06 602524 293195 109028 4.15567e+06 2.93022e+06 1.69233e+06 981396 340528 466521 411872 497205 571420 343143 949757 477713 4.68083e+06 2.95634e+06 1.19477e+06 1.57834e+06 1.89643e+06 937107 1.82179e+06 1.35386e+06 742535 1.27117e+06 2.12152e+06 1.23521e+06 599562 816322
Ftot
 1.00184 0.554238 0.526277 4.95303 1.89929 0.0996003 0.225326 0.0522869 0.31806 1.60139 0.12049 1.20406 0.992315 1.50171 1.56571 0.685865 1.09489 0.193985 0.428701 1.00786 0.790781 0.58341 0.56252 0.398102 0.386786 0.519885 0.531639 0.236198 0.296162 0.925615 0.77541
BD_Bspro_t
 0.851899 0.336076 0.478971 0.148176 0.00174541 0.0500957 0.826827 0.69153 0.635427 0.378674 0.0970494 0.611335 0.214698 0.203497 0.11027 0.0866474 0.331789 0.144036 0.693296 0.432244 0.169811 0.251516 0.388089 0.2547 0.400913 0.435936 0.29695 0.403094 0.646731 0.450043 0.185153
BD_Bspro
 7.79625 1.35933 5.05875 1.2076 0.00879276 0.175492 25.8318 15.3357 8.52006 2.40207 0.230647 2.82146 0.758371 0.88864 0.513543 0.386986 3.64753 1.17657 24.065 9.20795 2.50494 4.0891 7.80556 3.7907 6.50694 6.11538 2.49873 3.40962 10.7212 4.7005 0.919438
BD_Bo
 0.433453 0.0755755 0.281255 0.0671397 0.000488857 0.00975694 1.43619 0.852629 0.473695 0.13355 0.0128234 0.156866 0.0421637 0.0494063 0.0285518 0.0215155 0.202794 0.0654143 1.33796 0.511941 0.139269 0.227344 0.433971 0.210754 0.36177 0.340001 0.138924 0.189567 0.596073 0.261337 0.0511186
BD_Brms
 0.788096 0.13741 0.511372 0.122072 0.000888831 0.0177399 2.61125 1.55023 0.861264 0.242817 0.0233153 0.285212 0.0766612 0.0898296 0.0519124 0.0391191 0.368716 0.118935 2.43265 0.930801 0.253216 0.413353 0.789038 0.383189 0.657765 0.618183 0.252589 0.344667 1.08377 0.475158 0.0929429
Sel_flota
 0.988069 0.999365 0.999967 0.999998 1
 0.988069 0.999365 0.999967 0.999998 1
 0.988069 0.999365 0.999967 0.999998 1
 0.988069 0.999365 0.999967 0.999998 1
 0.988069 0.999365 0.999967 0.999998 1
 0.988069 0.999365 0.999967 0.999998 1
 0.988069 0.999365 0.999967 0.999998 1
 0.988069 0.999365 0.999967 0.999998 1
 0.988069 0.999365 0.999967 0.999998 1
 0.988069 0.999365 0.999967 0.999998 1
 0.988069 0.999365 0.999967 0.999998 1
 0.988069 0.999365 0.999967 0.999998 1
 0.988069 0.999365 0.999967 0.999998 1
 0.988069 0.999365 0.999967 0.999998 1
 0.988069 0.999365 0.999967 0.999998 1
 0.988069 0.999365 0.999967 0.999998 1
 0.988069 0.999365 0.999967 0.999998 1
 0.988069 0.999365 0.999967 0.999998 1
 0.988069 0.999365 0.999967 0.999998 1
 0.988069 0.999365 0.999967 0.999998 1
 0.988069 0.999365 0.999967 0.999998 1
 0.988069 0.999365 0.999967 0.999998 1
 0.988069 0.999365 0.999967 0.999998 1
 0.988069 0.999365 0.999967 0.999998 1
 0.988069 0.999365 0.999967 0.999998 1
 0.988069 0.999365 0.999967 0.999998 1
 0.988069 0.999365 0.999967 0.999998 1
 0.988069 0.999365 0.999967 0.999998 1
 0.988069 0.999365 0.999967 0.999998 1
 0.988069 0.999365 0.999967 0.999998 1
 0.988069 0.999365 0.999967 0.999998 1
Sel_reclas
 1 1 1 1 1
 1 1 1 1 1
 1 1 1 1 1
 1 1 1 1 1
 1 1 1 1 1
 1 1 1 1 1
 1 1 1 1 1
 1 1 1 1 1
 1 1 1 1 1
 1 1 1 1 1
 1 1 1 1 1
 1 1 1 1 1
 1 1 1 1 1
 1 1 1 1 1
 1 1 1 1 1
 1 1 1 1 1
 1 1 1 1 1
 1 1 1 1 1
 1 1 1 1 1
 1 1 1 1 1
 1 1 1 1 1
 1 1 1 1 1
 1 1 1 1 1
 1 1 1 1 1
 1 1 1 1 1
 1 1 1 1 1
 1 1 1 1 1
 1 1 1 1 1
 1 1 1 1 1
 1 1 1 1 1
 1 1 1 1 1
Sel_pelaces
 1 1 1 1 1
 1 1 1 1 1
 1 1 1 1 1
 1 1 1 1 1
 1 1 1 1 1
 1 1 1 1 1
 1 1 1 1 1
 1 1 1 1 1
 1 1 1 1 1
 1 1 1 1 1
 1 1 1 1 1
 1 1 1 1 1
 1 1 1 1 1
 1 1 1 1 1
 1 1 1 1 1
 1 1 1 1 1
 1 1 1 1 1
 1 1 1 1 1
 1 1 1 1 1
 1 1 1 1 1
 1 1 1 1 1
 1 1 1 1 1
 1 1 1 1 1
 1 1 1 1 1
 1 1 1 1 1
 1 1 1 1 1
 1 1 1 1 1
 1 1 1 1 1
 1 1 1 1 1
 1 1 1 1 1
 1 1 1 1 1
pf_obs 
 0.8446 0.082 0.0669 0.0065 0
 0.8095 0.147 0.0364 0.0071 0
 0.9664 0.0169 0.016 0.0007 0
 0.9276 0.0648 0.0075 0.0001 0
 0.7033 0.2144 0.0806 0.0017 0
 0.9318 0.0425 0.0243 0.0014 0
 0.5671 0.3108 0.0964 0.0239 0.0018
 0.0768 0.2599 0.5324 0.112 0.0189
 0.490249 0.384438 0.106611 0.0170017 0.00170017
 0.7925 0.1577 0.0466 0.003 0.0002
 0.840416 0.127587 0.0312969 0.00059994 9.999e-05
 0.8084 0.0986 0.0794 0.0134 0.0002
 0.7335 0.1905 0.0724 0.0035 0.0001
 0.4001 0.4547 0.1325 0.0127 0
 0.49795 0.308269 0.164784 0.0264974 0.00249975
 0.9179 0.0499 0.0305 0.0017 0
 0.2467 0.6533 0.0926 0.0074 0
 0.9418 0.0223 0.034 0.0019 0
 0.707729 0.231977 0.0356964 0.0245975 0
 0.517169 0.277429 0.184464 0.0207286 0.00020938
 0.811772 0.124168 0.05621 0.00726502 0.000585176
 0.764997 0.148141 0.077277 0.00933861 0.000247198
 0.163321 0.427699 0.378323 0.0303852 0.000271297
 0.753843 0.0900009 0.118128 0.0371064 0.000921714
 0.721811 0.176058 0.0630433 0.0369309 0.00215725
 0.143369 0.312575 0.442814 0.0836902 0.0175525
 0.692698 0.0596174 0.167031 0.0765114 0.00414204
 0.394062 0.376323 0.152708 0.0712218 0.00568511
 0.125707 0.32114 0.495352 0.0537591 0.00404204
 0.23352 0.215282 0.420074 0.123614 0.00750983
 0.796117 0.104755 0.0508955 0.0450114 0.00322123
pf_pred 
 0.00598985 0.193489 0.220522 0.10991 0.470089
 0.987002 7.93534e-05 0.00251682 0.00286566 0.00753661
 0.00386448 0.983385 7.79017e-05 0.00246884 0.0102035
 0.0252788 0.00382337 0.958481 7.58686e-05 0.0123411
 0.998937 2.85161e-05 4.07102e-06 0.00101743 1.31784e-05
 0.997394 0.00260331 7.24022e-08 1.0322e-08 2.61289e-06
 0.000549385 0.996876 0.00257225 7.14949e-08 2.59025e-06
 0.00052759 0.00055589 0.996345 0.0025692 2.6585e-06
 0.002604 0.000532448 0.000554768 0.993744 0.00256507
 0.024574 0.00257567 0.000519728 0.000541135 0.971789
 0.994738 0.000132452 1.3562e-05 2.7332e-06 0.00511304
 0.225891 0.770086 0.000101335 1.03694e-05 0.00391135
 0.944966 0.0126261 0.042188 5.54559e-06 0.000214603
 0.825239 0.165316 0.00216861 0.00723893 3.77728e-05
 0.848877 0.125206 0.024518 0.000321237 0.00107784
 0.987688 0.0104878 0.00151148 0.000295615 1.68676e-05
 0.00973747 0.978262 0.0102239 0.0014722 0.000304348
 0.993591 6.35966e-05 0.00626885 6.545e-05 1.13723e-05
 0.0974584 0.89683 5.67087e-05 0.0055863 6.84555e-05
 0.0433643 0.0944132 0.85677 5.41356e-05 0.00539796
 0.952923 0.00207949 0.0044449 0.0402966 0.000256415
 0.924236 0.0722565 0.00015508 0.00033119 0.00302147
 0.00427761 0.921326 0.0709552 0.000152166 0.00328951
 0.877655 0.00053116 0.112719 0.00867414 0.00042072
 0.7959 0.179441 0.00010713 0.0227181 0.00183296
 0.0367603 0.76877 0.170991 0.000102012 0.0233771
 0.901734 0.00366376 0.0755146 0.0167831 0.00230443
 0.890646 0.0987553 0.000395444 0.00814429 0.00205852
 0.0190898 0.874833 0.0958029 0.000383369 0.00989091
 0.0249953 0.0188526 0.852816 0.0933276 0.0100084
 0.967677 0.000822749 0.000609645 0.0275519 0.00333831
pobs_RECLAS
 0 0 0 0 0
 0 0 0 0 0
 0 0 0 0 0
 0 0 0 0 0
 0 0 0 0 0
 0 0 0 0 0
 0 0 0 0 0
 0 0 0 0 0
 0 0 0 0 0
 0 0 0 0 0
 0.991045 0.00858322 0.000360255 1.14367e-05 0
 0.934742 0.0480273 0.0164251 0.00080598 0
 0.827803 0.169806 0.00239088 0 0
 0.941827 0.0461693 0.0120037 0 0
 0.791401 0.0380133 0.147996 0.0225897 0
 0.846168 0.0940531 0.0597789 0 0
 0.134021 0.677848 0.182769 0.00536245 0
 0.80878 0.0450904 0.141981 0.00414843 0
 0.846168 0.0940531 0.0597789 0 0
 0.905697 0.0802665 0.012482 0.00150086 5.37128e-05
 0.989698 0.0102097 9.19794e-05 0 0
 0.975433 0.0193895 0.00387452 0.00125025 5.28907e-05
 0.303575 0.632131 0.0575291 0.00676475 0
 0.966965 0.00978017 0.0227588 0.000495775 0
 0.843318 0.132988 0.00938335 0.0141283 0.000182051
 0.564624 0.303363 0.111486 0.0197234 0.00080311
 0.826376 0.0876187 0.0782897 0.00655872 0.00115652
 0.89761 0.0855135 0.0140674 0.00269457 0.000114338
 0.34875 0.467042 0.161289 0.0227151 0.000203297
 0.318654 0.224769 0.449479 0.00709798 0
 0.937255 0.0296025 0.0250945 0.00804832 0
ppred_RECLAS
 0.00607208 0.193586 0.220479 0.109884 0.469978
 0.987165 7.84084e-05 0.00248525 0.00282962 0.0074418
 0.00391135 0.983347 7.78488e-05 0.00246708 0.0101962
 0.0260701 0.00382636 0.957698 7.58002e-05 0.0123299
 0.998954 2.80659e-05 4.00336e-06 0.00100048 1.29588e-05
 0.997424 0.0025737 7.15353e-08 1.0198e-08 2.58152e-06
 0.000555804 0.996871 0.00257066 7.14482e-08 2.58856e-06
 0.000533967 0.000556223 0.996338 0.00256911 2.65839e-06
 0.00263642 0.000532779 0.000554768 0.993711 0.00256498
 0.0249538 0.00257681 0.000519547 0.000540924 0.971409
 0.994801 0.000130947 1.33998e-05 2.70041e-06 0.0050517
 0.228293 0.7677 0.000100948 1.03294e-05 0.00389625
 0.945671 0.012471 0.0416406 5.47343e-06 0.000211811
 0.827337 0.163339 0.00214101 0.00714653 3.72906e-05
 0.85078 0.123646 0.0241935 0.000316972 0.00106352
 0.987839 0.0103601 0.00149209 0.000291814 1.66506e-05
 0.0098674 0.978142 0.0102154 0.00147092 0.000304083
 0.993668 6.28692e-05 0.00619336 6.46597e-05 1.1235e-05
 0.0985127 0.895786 5.66069e-05 0.00557608 6.83302e-05
 0.0439395 0.0944158 0.856196 5.40973e-05 0.00539413
 0.953516 0.00205467 0.0043889 0.0397876 0.000253176
 0.925088 0.0714461 0.000153241 0.000327252 0.00298555
 0.00432993 0.921322 0.0709092 0.000152062 0.00328726
 0.878991 0.000525689 0.111488 0.00857912 0.000416111
 0.797833 0.177757 0.000106058 0.0224899 0.00181455
 0.0371952 0.768523 0.170826 0.00010191 0.0233538
 0.902856 0.00362419 0.074651 0.0165906 0.00227799
 0.891781 0.0977372 0.000391126 0.0080551 0.00203597
 0.0193118 0.874694 0.0957282 0.000383058 0.00988286
 0.0253294 0.0188589 0.852516 0.0932913 0.0100045
 0.96809 0.000812796 0.000601868 0.0271995 0.0032956
pobs_PELACES
 0 0 0 0 0
 0 0 0 0 0
 0 0 0 0 0
 0 0 0 0 0
 0 0 0 0 0
 0 0 0 0 0
 0 0 0 0 0
 0 0 0 0 0
 0 0 0 0 0
 0 0 0 0 0
 0 0 0 0 0
 0 0 0 0 0
 0 0 0 0 0
 0 0 0 0 0
 0 0 0 0 0
 0 0 0 0 0
 0.505614 0.472636 0.0217494 0 0
 0 0 0 0 0
 0.443492 0.261883 0.143347 0.151278 0
 0.227955 0.32914 0.350689 0.0885471 0.00366901
 0.970185 0.0296113 0.000203453 0 0
 0.997202 0.00247181 0.000326279 0 0
 0.445219 0.490057 0.0546422 0.010081 0
 0.90214 0.0892962 0.00764917 0.000914606 0
 0 0 0 0 0
 0.581667 0.319106 0.0959925 0.00289975 0.000334073
 0.762889 0.0836404 0.116647 0.0363945 0.000428098
 0.88444 0.0763242 0.0277011 0.0115352 0
 0.521256 0.241999 0.230069 0.00667565 0
 0.616807 0.101726 0.260614 0.0208532 0
 0.833518 0.0704572 0.0857862 0.0102388 0
ppred_PELACES
 0.00609567 0.193614 0.220467 0.109877 0.469947
 0.987193 7.82488e-05 0.00247992 0.00282353 0.00742579
 0.00391901 0.983341 7.78402e-05 0.00246679 0.010195
 0.0265684 0.00382816 0.957205 7.57573e-05 0.0123229
 0.998962 2.78681e-05 3.97365e-06 0.000993032 1.28623e-05
 0.997425 0.00257275 7.15074e-08 1.01941e-08 2.58051e-06
 0.00055627 0.996871 0.00257054 7.14448e-08 2.58843e-06
 0.000534077 0.000556228 0.996338 0.0025691 2.65839e-06
 0.00263972 0.000532813 0.000554768 0.993708 0.00256497
 0.0251077 0.00257726 0.000519474 0.000540839 0.971255
 0.994804 0.000130889 1.33935e-05 2.69914e-06 0.00504931
 0.229085 0.766913 0.000100821 1.03162e-05 0.00389127
 0.945869 0.0124275 0.0414873 5.45323e-06 0.000211029
 0.828137 0.162584 0.00213048 0.00711128 3.71066e-05
 0.851526 0.123034 0.0240663 0.000315301 0.00105792
 0.98787 0.010334 0.00148813 0.000291036 1.66062e-05
 0.00990738 0.978105 0.0102128 0.00147053 0.000304002
 0.993673 6.28241e-05 0.00618868 6.46107e-05 1.12264e-05
 0.0986548 0.895646 5.65932e-05 0.00557471 6.83134e-05
 0.0441052 0.0944164 0.856031 5.40863e-05 0.00539303
 0.953653 0.00204891 0.00437592 0.0396696 0.000252425
 0.925239 0.0713025 0.000152916 0.000326555 0.00297918
 0.00433901 0.921321 0.0709012 0.000152044 0.00328687
 0.879157 0.000525009 0.111335 0.0085673 0.000415538
 0.798067 0.177553 0.000105928 0.0224623 0.00181232
 0.0372654 0.768483 0.1708 0.000101894 0.0233501
 0.903039 0.00361774 0.0745104 0.0165593 0.00227369
 0.891866 0.0976605 0.000390801 0.00804839 0.00203427
 0.0193328 0.874681 0.0957212 0.000383028 0.0098821
 0.0254192 0.0188606 0.852435 0.0932816 0.0100035
 0.968184 0.000810529 0.000600097 0.0271193 0.00328588
pobs_pel_tallas
 0 0 0 0 0 0 0 0 0 0 0 0 0 0 0 0 0 0 0 0 0 0 0 0 0 0
 0 0 0 0 0 0 0 0 0 0 0 0 0 0 0 0 0 0 0 0 0 0 0 0 0 0
 0 0 0 0 0 0 0 0 0 0 0 0 0 0 0 0 0 0 0 0 0 0 0 0 0 0
 0 0 0 0 0 0 0 0 0 0 0 0 0 0 0 0 0 0 0 0 0 0 0 0 0 0
 0 0 0 0 0 0 0 0 0 0 0 0 0 0 0 0 0 0 0 0 0 0 0 0 0 0
 0 0 0 0 0 0 0 0 0 0 0 0 0 0 0 0 0 0 0 0 0 0 0 0 0 0
 0 0 0 0 0 0 0 0 0 0 0 0 0 0 0 0 0 0 0 0 0 0 0 0 0 0
 0 0 0 0 0 0 0 0 0 0 0 0 0 0 0 0 0 0 0 0 0 0 0 0 0 0
 0 0 0 0 0 0 0 0 0 0 0 0 0 0 0 0 0 0 0 0 0 0 0 0 0 0
 0 0 0 0 0 0 0 0 0 0 0 0 0 0 0 0 0 0 0 0 0 0 0 0 0 0
 0 0 0 0 0 0 0 0 0 0 0 0 0 0 0 0 0 0 0 0 0 0 0 0 0 0
 0 0 0 0 0 0 0 0 0 0 0 0 0 0 0 0 0 0 0 0 0 0 0 0 0 0
 0.00862536 0 0 0.000197151 0.00414017 0.0128641 0.00837892 0.0270097 0.101434 0.158115 0.152841 0.127902 0.109271 0.109419 0.0830992 0.0579132 0.0238553 0.00714673 0.00463305 0.00128148 0.00103504 0.000492878 0.000147863 0.000147863 4.92878e-05 0
 0 0 0 0 0 0 0 0 0 0 0 0 0 0 0 0 0 0 0 0 0 0 0 0 0 0
 0 0 0 0 0 0 0 0.0054083 0.00873648 0.0413646 0.0450493 0.0745869 0.0622846 0.0627006 0.0613931 0.0827291 0.12552 0.122667 0.0946155 0.0697135 0.0546179 0.0294188 0.0215738 0.0213955 0.0102223 0.00600262
 0 0 0 0 0.00359764 0.0251062 0.0480494 0.140153 0.205849 0.193036 0.1447 0.116669 0.0760912 0.0342217 0.00950174 0.001854 0.000860785 0 0 0 0.000165536 0 0.000143464 0 0 0
 0 0 0 0 0 0 0 0.000145254 0.000435761 0.0275982 0.070085 0.0708112 0.156366 0.174668 0.174014 0.160142 0.0824315 0.0480064 0.0283245 0.00493863 0.00203355 0 0 0 0 0
 0 0 0 0 0 0 0 0 0 0 0 0 0 0 0 0 0 0 0 0 0 0 0 0 0 0
 0 0 1.00437e-05 0.000401748 0.00122533 0.00171747 0.00176769 0.0269171 0.070346 0.194647 0.189555 0.159765 0.064822 0.0314167 0.0384472 0.0292271 0.0345202 0.0313363 0.0194345 0.0106764 0.0143323 0.0359363 0.0279516 0.0138201 0.00172751 0
 0 0.0021121 0.0136068 0.0755702 0.200478 0.177729 0.0527432 0.0373336 0.0318909 0.0142505 0.0149659 0.0166563 0.0217959 0.0798694 0.0677717 0.0528807 0.04013 0.0224614 0.0357745 0.0225083 0.00881397 0.00855152 0.00135912 0.000746735 0 0
 0 0 0 0 5.4009e-05 0.00500934 0.000945158 0.0243581 0.138947 0.33067 0.221406 0.137944 0.0707744 0.0437923 0.0131692 0.00525238 0.0047753 0.00276346 9.45158e-05 9.00151e-06 2.25038e-05 9.00151e-06 4.50075e-06 0 0 0
 0.000866109 0.00284123 0.00948549 0.0512746 0.133035 0.25785 0.225252 0.132002 0.0553304 0.0519788 0.0540692 0.017754 0.00435017 0.00159236 0.00146478 0.000404838 0.000125132 0.000115318 0.000107957 0.000100596 0 0 0 0 0 0
 0 0 0 0 0.00144013 0.00171154 0.00461396 0.0210425 0.0478622 0.0707936 0.0888783 0.103762 0.0637923 0.0337046 0.0602308 0.124433 0.169614 0.0934646 0.0462172 0.0250306 0.0313229 0.00938855 0.002487 0.000210481 0 0
 0 0.00764035 0.051015 0.0998891 0.058973 0.0496711 0.0374665 0.0718981 0.12319 0.153886 0.159021 0.0857701 0.0377988 0.023471 0.0147837 0.00900784 0.00315554 0.000888139 0.00291439 0.00214683 0.00393193 0.00274676 0.000635225 9.99891e-05 0 0
 0 0 0 0 0 0 0 0 0 0 0 0 0 0 0 0 0 0 0 0 0 0 0 0 0 0
 0 0 0 0 0 0 0 0 0 0 0 0 0 0 0 0 0 0 0 0 0 0 0 0 0 0
 0 0 0 0 0 0 0 0 0 0 0 0 0 0 0 0 0 0 0 0 0 0 0 0 0 0
 0 0 0 0 0 0 0 0 0 0 0 0 0 0 0 0 0 0 0 0 0 0 0 0 0 0
 0 0 0 0 0 0 0 0 0 0 0 0 0 0 0 0 0 0 0 0 0 0 0 0 0 0
 0 0 0 0 0 0 0 0 0 0 0 0 0 0 0 0 0 0 0 0 0 0 0 0 0 0
 0 0 0 0 0 0 0 0 0 0 0 0 0 0 0 0 0 0 0 0 0 0 0 0 0 0
ppred_pel_tallas
 1.9696e-16 5.02134e-07 4.88094e-06 3.24365e-05 0.000147463 0.000458915 0.00097847 0.0014321 0.00145119 0.00107196 0.000774151 0.00106394 0.00235607 0.0051566 0.0100261 0.0172356 0.0264629 0.0369374 0.0481318 0.0605152 0.0755891 0.0948896 0.118528 0.144293 0.167943 0.18452
 1.01612e-16 8.13137e-05 0.000790398 0.00525248 0.023877 0.0742902 0.158283 0.231019 0.231019 0.158283 0.0742904 0.0238778 0.00525492 0.000796939 9.74489e-05 4.26499e-05 7.90966e-05 0.000157128 0.000292433 0.000507466 0.000819774 0.00123145 0.00171934 0.002231 0.00269069 0.00301615
 1.02227e-16 3.23008e-07 3.13985e-06 2.087e-05 9.49299e-05 0.00029587 0.000633876 0.000944984 0.00103954 0.00109578 0.00184616 0.00456978 0.0112424 0.0244637 0.0463489 0.076345 0.109326 0.136114 0.147366 0.138801 0.113851 0.0815399 0.0513451 0.0289577 0.0153352 0.00841963
 1.29717e-16 2.18841e-06 2.12721e-05 0.000141361 0.000642606 0.00199939 0.00425998 0.00621793 0.00621978 0.0042697 0.00203629 0.000767961 0.000526708 0.00109581 0.00272444 0.00627144 0.0131403 0.0250354 0.0433459 0.0681537 0.0972526 0.125885 0.14777 0.157295 0.151866 0.13306
 1.00102e-16 8.22832e-05 0.000799822 0.0053151 0.0241617 0.0751759 0.16017 0.233773 0.233773 0.16017 0.075176 0.0241618 0.00531551 0.000800804 8.44043e-05 1.00229e-05 8.27283e-06 1.44686e-05 2.5243e-05 4.23535e-05 6.75387e-05 0.000101125 0.000140817 0.00018124 0.000214843 0.000234139
 1.00002e-16 8.21565e-05 0.000798591 0.00530692 0.0241245 0.0750602 0.159924 0.233413 0.233414 0.159925 0.0750642 0.0241362 0.00533627 0.000862582 0.000203403 0.000205473 0.0002862 0.000355883 0.000385056 0.000362199 0.000296211 0.000210657 0.000130353 7.02987e-05 3.3204e-05 1.39451e-05
 1.0033e-16 4.60265e-08 4.47491e-07 2.97839e-06 1.35982e-05 4.28235e-05 9.47827e-05 0.000158434 0.00025429 0.000563046 0.00161445 0.00455006 0.011379 0.0247976 0.0469858 0.0773923 0.110818 0.137949 0.149297 0.140492 0.114978 0.0818701 0.0507683 0.0274722 0.0130317 0.0054748
 1.29011e-16 4.39961e-08 4.27652e-07 2.84194e-06 1.29199e-05 4.02058e-05 8.57149e-05 0.000125413 0.000127002 9.42124e-05 7.31713e-05 0.000127662 0.000364356 0.00103215 0.00266774 0.00625002 0.0132678 0.0255185 0.0444643 0.0701813 0.100334 0.129914 0.152346 0.161794 0.155617 0.13556
 2.00106e-16 2.17431e-07 2.11351e-06 1.4045e-05 6.38468e-05 0.000198653 0.000423265 0.000617847 0.000618254 0.000425442 0.000207177 9.41469e-05 0.000112898 0.000298722 0.000819579 0.00208453 0.00488272 0.0105243 0.0208594 0.0379936 0.0635632 0.0976424 0.137694 0.178231 0.211745 0.230883
 2.64434e-16 2.06809e-06 2.01026e-05 0.000133589 0.000607275 0.00188946 0.00402571 0.00587573 0.00587617 0.00402799 0.00189781 0.000634714 0.000216096 0.000249784 0.000599975 0.00146527 0.00338607 0.00736461 0.0150072 0.0285128 0.0503077 0.0821998 0.124166 0.173229 0.223105 0.2652
 1.00856e-16 8.19407e-05 0.000796492 0.00529297 0.0240611 0.074863 0.159503 0.2328 0.2328 0.159504 0.0748632 0.0240618 0.00529475 0.00080062 9.06142e-05 2.25619e-05 3.10776e-05 5.48183e-05 9.60746e-05 0.000165515 0.000276125 0.000438326 0.000653062 0.000905473 0.001163 0.00138074
 1.00859e-16 1.88696e-05 0.000183419 0.00121889 0.00554093 0.0172403 0.036735 0.0536312 0.0537049 0.0370952 0.0184493 0.00903077 0.00997026 0.0192591 0.0361629 0.0595342 0.0852422 0.106107 0.114832 0.108064 0.0884666 0.063069 0.0392683 0.0215256 0.0106282 0.00502116
 1.01237e-16 7.791e-05 0.000757312 0.00503261 0.0228775 0.0711804 0.151657 0.221349 0.22135 0.151664 0.0712013 0.0229387 0.00518921 0.00110881 0.000773588 0.00122861 0.00193143 0.00277878 0.00370886 0.0046705 0.00560972 0.00643201 0.00698338 0.00709315 0.00666387 0.00574249
 1.00823e-16 6.82126e-05 0.000663051 0.00440621 0.02003 0.0623208 0.132782 0.193802 0.193818 0.132858 0.0625772 0.0207702 0.00626285 0.0047111 0.00774155 0.0126523 0.0181312 0.0226172 0.0245744 0.0233053 0.0193791 0.0142746 0.00952794 0.00603563 0.00391058 0.00278142
 1.00937e-16 7.01391e-05 0.000681777 0.00453065 0.0205957 0.0640809 0.136532 0.199274 0.199286 0.13659 0.0642756 0.0211583 0.00594323 0.00376677 0.00593283 0.00970657 0.0139968 0.0176425 0.0195053 0.0190508 0.0166512 0.0133141 0.0100665 0.00748063 0.00561419 0.00425424
 1.00078e-16 8.13696e-05 0.000790941 0.00525608 0.0238934 0.0743412 0.158392 0.231178 0.231179 0.158397 0.0743575 0.0239406 0.00537456 0.00104958 0.000572555 0.000817713 0.00116987 0.0014705 0.00161901 0.00157063 0.00135814 0.00106872 0.000791505 0.000576408 0.000428168 0.000326638
 1.00744e-16 8.16261e-07 7.93445e-06 5.27318e-05 0.000239769 0.000746514 0.001594 0.00234621 0.00244028 0.00205352 0.00228882 0.00469175 0.0112175 0.0243466 0.0461238 0.0759868 0.108842 0.135566 0.146864 0.138452 0.113695 0.0814988 0.0512271 0.0285169 0.0143648 0.00683624
 1.00188e-16 8.18475e-05 0.000795587 0.00528695 0.0240337 0.0747778 0.159322 0.232535 0.232535 0.159322 0.0747781 0.0240347 0.00528988 0.000803488 0.00010126 4.92966e-05 8.95565e-05 0.000167318 0.000286254 0.000446457 0.000633722 0.000817517 0.000957435 0.00101728 0.000980261 0.000856647
 1.00802e-16 8.12625e-06 7.89901e-05 0.000524921 0.00238627 0.00742503 0.015823 0.0231122 0.0231983 0.0162437 0.00883704 0.00646199 0.0107455 0.0223575 0.0422214 0.0695317 0.0995626 0.123943 0.134154 0.126282 0.103435 0.0738151 0.0460479 0.0253263 0.012557 0.00592258
 1.25646e-16 3.63291e-06 3.53132e-05 0.000234669 0.00106678 0.0033192 0.00707228 0.0103244 0.0103348 0.0071237 0.00349562 0.00159285 0.00161729 0.00325853 0.00672357 0.0126641 0.0218457 0.0349344 0.0522968 0.0735942 0.0971546 0.119546 0.136029 0.142135 0.135673 0.117925
 1.04148e-16 7.85511e-05 0.000763545 0.00507403 0.0230658 0.0717662 0.152906 0.22317 0.22317 0.152907 0.0717699 0.0230767 0.00510267 0.000830288 0.000218423 0.000273415 0.000478653 0.00081274 0.00133212 0.00211238 0.00321598 0.00464285 0.00628251 0.00790182 0.00919076 0.00985812
 1.0056e-16 7.62107e-05 0.000740795 0.00492285 0.0223785 0.069628 0.14835 0.216523 0.21653 0.148384 0.0697404 0.0227031 0.00573671 0.00251501 0.00343857 0.00554529 0.00793731 0.00989109 0.0107288 0.0101453 0.00839475 0.00613493 0.00405162 0.00254891 0.00168026 0.00127579
 1.02854e-16 3.57591e-07 3.476e-06 2.31035e-05 0.00010508 0.000327418 0.000700877 0.00104154 0.00113024 0.00113422 0.00178216 0.00430551 0.0105616 0.0229919 0.0436085 0.0719581 0.103338 0.129268 0.141083 0.13476 0.113327 0.0848718 0.0578122 0.0370974 0.0234949 0.0152735
 1.04143e-16 7.2415e-05 0.0007039 0.00467766 0.021264 0.0661601 0.140961 0.205737 0.205737 0.140962 0.0661646 0.0212791 0.00472413 0.000833125 0.000399125 0.000756925 0.00157566 0.00300537 0.00521675 0.00823451 0.0118139 0.0154008 0.0182438 0.0196465 0.0192491 0.017181
 1.02608e-16 6.57357e-05 0.000638975 0.00424621 0.0193027 0.0600579 0.12796 0.186765 0.186782 0.128044 0.060338 0.0201113 0.00627447 0.00506193 0.00845224 0.0138352 0.0198478 0.0248097 0.0270711 0.0259053 0.0219676 0.0168885 0.0123224 0.00917495 0.00745309 0.0066232
 1.09088e-16 3.06966e-06 2.98383e-05 0.00019829 0.000901441 0.00280511 0.00597933 0.00874255 0.00881671 0.00634174 0.00402221 0.00441796 0.00902945 0.0193222 0.0366829 0.0607429 0.0877393 0.11082 0.122956 0.120845 0.106804 0.0870534 0.0678775 0.0526884 0.0416993 0.0334819
 1.04197e-16 7.43821e-05 0.000723021 0.00480473 0.0218416 0.0679573 0.14479 0.211326 0.211326 0.144793 0.0679655 0.0218669 0.00487422 0.000894161 0.000456563 0.0007867 0.00147632 0.00259098 0.00423576 0.00644025 0.00907461 0.0118025 0.0141245 0.015528 0.0156811 0.0145664
 1.01188e-16 7.34618e-05 0.000714075 0.00474528 0.0215714 0.0671166 0.142999 0.208714 0.208723 0.143045 0.0672706 0.0220161 0.00586067 0.00314616 0.0046843 0.00760706 0.010904 0.0136171 0.0148307 0.0141384 0.0118953 0.00899826 0.00636593 0.00451514 0.00347454 0.00297382
 1.04697e-16 1.5926e-06 1.54808e-05 0.000102879 0.000467725 0.00145572 0.00310468 0.00454903 0.00463328 0.00351633 0.00283776 0.00445883 0.0101184 0.0218704 0.0414809 0.0685015 0.0985056 0.1235 0.135312 0.130139 0.110807 0.0848645 0.060114 0.0410661 0.0283293 0.0202486
 1.35652e-16 2.09375e-06 2.0352e-05 0.000135247 0.000614813 0.00191293 0.00407581 0.0059494 0.00595256 0.0040919 0.00197086 0.000799348 0.000663349 0.00138791 0.00322833 0.0069741 0.0138671 0.0254026 0.0428426 0.0663871 0.0942754 0.122417 0.145128 0.156991 0.155015 0.139895
 1.03294e-16 7.97481e-05 0.000775179 0.00515134 0.0234172 0.0728597 0.155235 0.226571 0.226571 0.155236 0.0728613 0.0234218 0.0051635 0.000804215 0.000142743 0.000132093 0.00023996 0.000435389 0.000762717 0.00128304 0.00205038 0.00307703 0.00429743 0.00555316 0.00661782 0.00726174
pSPR Fmed_Fpbrs
0.344945   0.6 0.325
Fs Fmed_Fpbrs
0.563933   0.25058 0.600187
SSBpbr Bo_Bmed_Bpbrs
1.67682e+06  494569  922250 461125
Ro
13061.4
SPR SPRFo_SPRFmed_SPRFpbrs
93227.1 32158.2 30298.8
Fref
0.25058
Nvult_r0
 95464.9 80.6477 59.7385 2699.74 327.112
CTP_r0
 41412.6 35.2103 26.0903 1179.11 142.866
YTP_r0
390596
Np
 105136 30194.6 5638.96 4.713 4.48816
Nvult_p0
 74941.2 21547.3 4024.3 3.36349 3.20302
CTP_p0
 14872.4 2814.03 2.35357 1.74244 92.0835
 14872.4 4315.26 806.33 0.673944 0.641793
YTP_p0
 158711 197707
CBA_c0
170410
log_Ro
9.29741
likeval ReclasPelacesDesembMPH_pf_preclas_ppelaces_ptallas_desvR_qrecl_qpela
 32.8411 44.2275 1.93439 0.000884662 595.062 211.382 189.854 0 422.107 4.45217e-05 8.93741e-05 5.07655 7.90733e-16 0 0
q_reclas_q_pelaces
2.57414 3.83815
M
1
N
 211.648 6785.92 7730.95 3853.07 16479.7
 363149 28.9346 917.269 1044.38 2746.69
 306.4 77260.9 6.11749 193.869 801.244
 443.987 67.0134 16797.8 1.32962 216.281
 43089.7 1.22367 0.174646 43.647 0.565343
 940037 2426.99 0.0674595 0.00961701 2.43444
 174.518 313408 808.249 0.0224644 0.81388
 49.3166 51.3873 92049.3 237.354 0.245603
 85.1039 17.2291 17.9419 32138 82.9551
 219.432 22.865 4.61236 4.80226 8624.07
 125942 16.5892 1.69763 0.342118 640.005
 12148.4 41131.2 5.41049 0.553632 208.83
 102554 1360.03 4542.49 0.597096 23.1064
 71081.2 14152.9 185.597 619.523 3.23267
 40443.9 5930.02 1160.86 15.2094 51.0316
 300837 3167.31 456.261 89.2334 5.09159
 563.429 56198.4 587.109 84.5399 17.477
 1.10928e+06 70.261 6921.94 72.2664 12.5567
 36960.9 336904 21.2925 2097.44 25.7024
 4119.31 8901.97 80750.8 5.10218 508.748
 258638 559.817 1196.09 10843.3 68.9979
 562131 43557.6 93.4411 199.549 1820.5
 544.357 116197 8944.55 19.1814 414.662
 191639 114.869 24364.4 1874.88 90.9368
 213057 47572.8 28.3875 6019.68 485.685
 2580.96 53484.2 11890.3 7.09347 1625.54
 141092 568.064 11702.9 2600.89 357.118
 279700 30695.4 122.846 2529.98 639.466
 1795.9 81478.3 8917.94 35.6854 920.681
 658.778 493.061 22295 2439.79 261.643
 115155 97.1071 71.9237 3250.4 393.832
pred_Ctot
 90.8925 2936.09 3346.3 1667.82 7133.32
 101161 8.13321 257.958 293.712 772.453
 81.8951 20839.7 1.65087 52.319 216.23
 367.641 55.6052 13939.7 1.10339 179.483
 26527.1 0.757256 0.108107 27.0182 0.349957
 56142.6 146.539 0.00407547 0.000581017 0.147078
 22.4216 40684.7 104.979 0.00291786 0.105714
 1.57631 1.66086 2976.83 7.67615 0.00794293
 14.8825 3.04306 3.17063 5679.48 14.66
 124.291 13.0273 2.62869 2.73696 4915.14
 9022.73 1.2014 0.123014 0.0247914 46.3776
 5861.47 19982.3 2.62947 0.269068 101.492
 43765 584.765 1953.89 0.256838 9.93911
 38920.7 7796.78 102.278 341.409 1.78148
 22641.3 3339.51 653.945 8.56806 28.7481
 98819.3 1049.32 151.225 29.5766 1.68762
 256.276 25746.4 269.077 38.7461 8.01
 124230 7.95159 783.806 8.18333 1.4219
 8348.89 76828 4.85801 478.556 5.86432
 1776.03 3866.79 35089.9 2.21718 221.079
 94340.3 205.871 440.049 3989.4 25.3854
 163062 12748.1 27.3605 58.4314 533.074
 153.433 33047 2545.09 5.45802 117.991
 40670.8 24.6141 5223.43 401.962 19.4963
 44121.8 9947.57 5.93892 1259.41 101.613
 683.093 14285.6 3177.41 1.89562 434.402
 38019.3 154.473 3183.88 707.616 97.1602
 37507.4 4158.84 16.6532 342.977 86.6894
 294.939 13516.2 1480.16 5.92308 152.815
 268.304 202.368 9154.31 1001.8 107.433
 41412.6 35.2103 26.0903 1179.11 142.866
F
 0.989887 1.0012 1.00181 1.00184 1.00184
 0.547625 0.553886 0.55422 0.554237 0.554238
 0.519998 0.525942 0.526259 0.526276 0.526277
 4.89394 4.94989 4.95287 4.95302 4.95303
 1.87663 1.89809 1.89923 1.89929 1.89929
 0.098412 0.099537 0.099597 0.0996001 0.0996003
 0.222637 0.225183 0.225318 0.225325 0.225326
 0.0516631 0.0522537 0.0522852 0.0522869 0.0522869
 0.314265 0.317858 0.318049 0.318059 0.31806
 1.58229 1.60038 1.60134 1.60139 1.60139
 0.119052 0.120413 0.120486 0.12049 0.12049
 1.18969 1.20329 1.20402 1.20405 1.20406
 0.980475 0.991685 0.992282 0.992313 0.992315
 1.48379 1.50076 1.50166 1.50171 1.50171
 1.54703 1.56472 1.56566 1.56571 1.56571
 0.677682 0.685429 0.685842 0.685863 0.685865
 1.08182 1.09419 1.09485 1.09489 1.09489
 0.19167 0.193861 0.193978 0.193984 0.193985
 0.423587 0.428429 0.428687 0.428701 0.428701
 0.995831 1.00722 1.00782 1.00785 1.00786
 0.781347 0.790279 0.790755 0.79078 0.790781
 0.576449 0.58304 0.583391 0.583409 0.58341
 0.555809 0.562163 0.562502 0.562519 0.56252
 0.393352 0.397849 0.398089 0.398101 0.398102
 0.382171 0.38654 0.386773 0.386785 0.386786
 0.513682 0.519554 0.519867 0.519884 0.519884
 0.525296 0.531301 0.531621 0.531638 0.531639
 0.23338 0.236048 0.23619 0.236197 0.236198
 0.292628 0.295973 0.296152 0.296161 0.296162
 0.914572 0.925027 0.925584 0.925614 0.925615
 0.766159 0.774918 0.775384 0.775409 0.77541
YTP_r0W_actual
 343725 496.465 720.092 40325.5 5328.9
YTP_p0W_proyectada
 111394 44095.8 54.4381 51.1755 3115.18
 111394 67620.2 18650.4 19.7937 21.7118
CTP_r0_actual
 41412.6 35.2103 26.0903 1179.11 142.866
CTP_p0_proyectada
 14872.4 2814.03 2.35357 1.74244 92.0835
 14872.4 4315.26 806.33 0.673944 0.641793
Wmedp
 7.49 15.67 23.13 29.37 33.83
Frms_r0
 0.766159 0.774918 0.775384 0.775409 0.77541
Zrms_r0
 1.76616 1.77492 1.77538 1.77541 1.77541
nmprior
 8.19 8.8 8.5 0
nm_flota  nm_reclas  nm_pelaces    nm_pelaL
0 3.68941 1.99242 2.45016
cv_recla  cv_pelaces  cv_mph
0.518363 0.628401 0.917897
 ------------------------------------------------
Talla a la edad & desviaci?n 
 8 13.2811 15.8009 17.003 17.5766
 0.8 1.32811 1.58009 1.7003 1.75766
