years
 1991 1992 1993 1994 1995 1996 1997 1998 1999 2000 2001 2002 2003 2004 2005 2006 2007 2008 2009 2010 2011 2012 2013 2014 2015 2016 2017 2018 2019 2020 2021
reclasobs
 0 0 0 0 0 0 0 0 0 252601 567819 844713 477998 351125 339783 2.1784e+06 2.13404e+06 4.81314e+06 1.55562e+06 2.62356e+06 3.21686e+06 3.843e+06 1.13348e+06 3.07943e+06 1.97215e+06 2.03268e+06 2.025e+06 2.42433e+06 2.27542e+06 1.05018e+06 2.36338e+06
reclaspred
 3.18832e+06 1.73189e+06 877737 904381 920000 1.65353e+06 905654 769221 538566 355509 504115 698132 686621 499792 483422 1.26561e+06 1.03747e+06 3.13684e+06 2.5455e+06 1.90821e+06 3.19929e+06 2.63089e+06 2.00313e+06 3.12808e+06 2.28448e+06 2.00202e+06 2.41621e+06 2.63358e+06 2.06107e+06 1.23062e+06 1.87182e+06
pelacesobs
 0 0 0 0 0 0 0 0 0 0 0 0 0 0 0 552880 188675 0 991730 2.46772e+06 1.41603e+06 1.21717e+06 2.29649e+06 1.80582e+06 0 1.4828e+06 1.56532e+06 1.57751e+06 1.42118e+06 867257 1.10002e+06
pelacespred
 1.91329e+06 1.12788e+06 551338 437045 497550 892179 450440 504281 319837 188073 283555 328005 360132 259800 256648 555908 505401 1.6857e+06 1.45346e+06 1.00722e+06 1.65992e+06 1.44496e+06 1.17918e+06 1.92374e+06 1.41325e+06 1.24706e+06 1.63224e+06 1.74711e+06 1.23302e+06 817953 1.12854e+06
mphobs
 0 0 0 0 0 0 0 0 0 0 0 498337 0 5186 125008 0 168611 109162 213762 579715 649985 157893 87575 83554 0 0 0 0 0 0 0
mphpred
 493815 331488 157694 87863.7 95907.5 117031 165510 85723.4 76924.5 46677.9 28004.5 61891.4 66746.8 54123.9 31905.5 40036.6 137790 112373 318741 226621 248431 291141 283136 225975 320959 259798 210362 227529 330085 211137 118529
desembarqueobs
 494567 514787 250237 358949 120608 361735 552515 73892 212993 205616 52469 317467 293654 387597 252695 516296 358380 742168 942051 627588 828172 859565 418607 520667 417249 300574 415391 372974 316634 284311 391294
desembarquepred
 494569 513917 250626 358985 120614 361738 552522 73897.5 213055 205672 52471.8 317522 293678 387547 252660 516221 358448 741986 941697 627297 828289 859510 418588 520697 417230 300567 415382 372937 316609 284313 391295
Reclutas
 166102 91367.8 91844 135517 109834 208208 79369.2 32839.5 32735.5 44311.2 82468.5 123349 103176 72186.8 64581.7 323596 60260.6 582947 324811 269161 334545 491504 95897.8 268911 228527 101309 225945 256485 74603.9 54800.8 213381
log_desv_Rt
 0.240356 -0.357352 -0.352153 0.0368557 -0.173276 0.466292 -0.498134 -1.38061 -1.38378 -1.08101 -0.459828 -0.0572244 -0.23581 -0.592988 -0.704314 0.907251 -0.773566 1.49585 0.911 0.723066 0.940528 1.32522 -0.308962 0.722135 0.559411 -0.254072 0.548046 0.674824 -0.560052 -0.868541 0.490834
SSB
 1.81203e+06 1.21638e+06 578649 322412 351928 429439 607330 314558 282271 171282 102761 227108 244924 198605 117076 146912 505615 412346 1.1696e+06 831574 911607 1.06833e+06 1.03896e+06 829204 1.17774e+06 953316 771915 834906 1.21123e+06 774756 434935
BT
 2.60456e+06 1.79226e+06 872739 838608 701558 1.45059e+06 1.02308e+06 683560 600830 430584 412890 681676 722785 736882 590960 1.16461e+06 890696 2.90835e+06 2.70577e+06 1.78756e+06 2.78317e+06 2.5927e+06 1.77043e+06 2.95457e+06 2.08594e+06 1.76853e+06 2.50795e+06 2.60877e+06 1.69628e+06 1.22857e+06 1.843e+06
Ftot
 0.230392 0.425681 0.418723 0.636294 0.211364 0.372376 0.865646 0.152328 0.614577 0.885928 0.189552 0.739152 0.690132 1.21201 0.89874 0.746059 0.519778 0.433398 0.583701 0.528774 0.424526 0.535125 0.315682 0.28681 0.287554 0.232984 0.293259 0.246679 0.224481 0.342289 0.370983
BD_Bspro_t
 0.963968 0.758719 0.54153 0.440849 0.434969 0.534642 0.542761 0.342727 0.396531 0.328748 0.282328 0.55022 0.429998 0.33548 0.22193 0.265162 0.435094 0.376973 0.559319 0.444727 0.419645 0.457547 0.480009 0.462534 0.582269 0.58918 0.593995 0.640008 0.702009 0.608297 0.511546
BD_Bspro
 1.94367 1.30475 0.620688 0.345834 0.377495 0.460637 0.651452 0.33741 0.302777 0.183726 0.110227 0.243607 0.262718 0.213033 0.125581 0.157585 0.542347 0.442303 1.25457 0.891987 0.977834 1.14594 1.11443 0.889445 1.26331 1.02257 0.827993 0.895561 1.29922 0.831041 0.466532
BD_Bo
 1.26821 0.851325 0.404988 0.225651 0.246309 0.300558 0.425061 0.220154 0.197557 0.119878 0.071921 0.158949 0.171419 0.139 0.0819395 0.102822 0.353872 0.288595 0.818587 0.582006 0.638019 0.747706 0.727148 0.580347 0.824285 0.667211 0.540251 0.584337 0.84772 0.542239 0.304404
BD_Brms
 2.30584 1.54786 0.736341 0.410274 0.447834 0.546468 0.772838 0.40028 0.359194 0.217959 0.130765 0.288998 0.31167 0.252728 0.148981 0.186948 0.643403 0.524717 1.48834 1.05819 1.16003 1.35947 1.32209 1.05518 1.4987 1.21311 0.982274 1.06243 1.54131 0.985889 0.553462
Sel_flota
 0.682433 0.976094 0.998713 0.999932 0.999996
 0.682433 0.976094 0.998713 0.999932 0.999996
 0.682433 0.976094 0.998713 0.999932 0.999996
 0.682433 0.976094 0.998713 0.999932 0.999996
 0.682433 0.976094 0.998713 0.999932 0.999996
 0.682433 0.976094 0.998713 0.999932 0.999996
 0.682433 0.976094 0.998713 0.999932 0.999996
 0.682433 0.976094 0.998713 0.999932 0.999996
 0.682433 0.976094 0.998713 0.999932 0.999996
 0.682433 0.976094 0.998713 0.999932 0.999996
 0.682433 0.976094 0.998713 0.999932 0.999996
 0.682433 0.976094 0.998713 0.999932 0.999996
 0.682433 0.976094 0.998713 0.999932 0.999996
 0.682433 0.976094 0.998713 0.999932 0.999996
 0.682433 0.976094 0.998713 0.999932 0.999996
 0.682433 0.976094 0.998713 0.999932 0.999996
 0.682433 0.976094 0.998713 0.999932 0.999996
 0.682433 0.976094 0.998713 0.999932 0.999996
 0.682433 0.976094 0.998713 0.999932 0.999996
 0.682433 0.976094 0.998713 0.999932 0.999996
 0.682433 0.976094 0.998713 0.999932 0.999996
 0.682433 0.976094 0.998713 0.999932 0.999996
 0.682433 0.976094 0.998713 0.999932 0.999996
 0.682433 0.976094 0.998713 0.999932 0.999996
 0.682433 0.976094 0.998713 0.999932 0.999996
 0.682433 0.976094 0.998713 0.999932 0.999996
 0.682433 0.976094 0.998713 0.999932 0.999996
 0.682433 0.976094 0.998713 0.999932 0.999996
 0.682433 0.976094 0.998713 0.999932 0.999996
 0.682433 0.976094 0.998713 0.999932 0.999996
 0.682433 0.976094 0.998713 0.999932 0.999996
Sel_reclas
 1 1 1 1 1
 1 1 1 1 1
 1 1 1 1 1
 1 1 1 1 1
 1 1 1 1 1
 1 1 1 1 1
 1 1 1 1 1
 1 1 1 1 1
 1 1 1 1 1
 1 1 1 1 1
 1 1 1 1 1
 1 1 1 1 1
 1 1 1 1 1
 1 1 1 1 1
 1 1 1 1 1
 1 1 1 1 1
 1 1 1 1 1
 1 1 1 1 1
 1 1 1 1 1
 1 1 1 1 1
 1 1 1 1 1
 1 1 1 1 1
 1 1 1 1 1
 1 1 1 1 1
 1 1 1 1 1
 1 1 1 1 1
 1 1 1 1 1
 1 1 1 1 1
 1 1 1 1 1
 1 1 1 1 1
 1 1 1 1 1
Sel_pelaces
 0.786221 0.948741 0.989378 0.997871 0.999576
 0.786221 0.948741 0.989378 0.997871 0.999576
 0.786221 0.948741 0.989378 0.997871 0.999576
 0.786221 0.948741 0.989378 0.997871 0.999576
 0.786221 0.948741 0.989378 0.997871 0.999576
 0.786221 0.948741 0.989378 0.997871 0.999576
 0.786221 0.948741 0.989378 0.997871 0.999576
 0.786221 0.948741 0.989378 0.997871 0.999576
 0.786221 0.948741 0.989378 0.997871 0.999576
 0.786221 0.948741 0.989378 0.997871 0.999576
 0.786221 0.948741 0.989378 0.997871 0.999576
 0.786221 0.948741 0.989378 0.997871 0.999576
 0.786221 0.948741 0.989378 0.997871 0.999576
 0.786221 0.948741 0.989378 0.997871 0.999576
 0.786221 0.948741 0.989378 0.997871 0.999576
 0.786221 0.948741 0.989378 0.997871 0.999576
 0.786221 0.948741 0.989378 0.997871 0.999576
 0.786221 0.948741 0.989378 0.997871 0.999576
 0.786221 0.948741 0.989378 0.997871 0.999576
 0.786221 0.948741 0.989378 0.997871 0.999576
 0.786221 0.948741 0.989378 0.997871 0.999576
 0.786221 0.948741 0.989378 0.997871 0.999576
 0.786221 0.948741 0.989378 0.997871 0.999576
 0.786221 0.948741 0.989378 0.997871 0.999576
 0.786221 0.948741 0.989378 0.997871 0.999576
 0.786221 0.948741 0.989378 0.997871 0.999576
 0.786221 0.948741 0.989378 0.997871 0.999576
 0.786221 0.948741 0.989378 0.997871 0.999576
 0.786221 0.948741 0.989378 0.997871 0.999576
 0.786221 0.948741 0.989378 0.997871 0.999576
 0.786221 0.948741 0.989378 0.997871 0.999576
pf_obs 
 0.8446 0.082 0.0669 0.0065 0
 0.8095 0.147 0.0364 0.0071 0
 0.9664 0.0169 0.016 0.0007 0
 0.9276 0.0648 0.0075 0.0001 0
 0.7033 0.2144 0.0806 0.0017 0
 0.9318 0.0425 0.0243 0.0014 0
 0.5671 0.3108 0.0964 0.0239 0.0018
 0.0768 0.2599 0.5324 0.112 0.0189
 0.490249 0.384438 0.106611 0.0170017 0.00170017
 0.7925 0.1577 0.0466 0.003 0.0002
 0.840416 0.127587 0.0312969 0.00059994 9.999e-05
 0.8084 0.0986 0.0794 0.0134 0.0002
 0.7335 0.1905 0.0724 0.0035 0.0001
 0.4001 0.4547 0.1325 0.0127 0
 0.49795 0.308269 0.164784 0.0264974 0.00249975
 0.9179 0.0499 0.0305 0.0017 0
 0.2467 0.6533 0.0926 0.0074 0
 0.9418 0.0223 0.034 0.0019 0
 0.707729 0.231977 0.0356964 0.0245975 0
 0.517169 0.277429 0.184464 0.0207286 0.00020938
 0.811772 0.124168 0.05621 0.00726502 0.000585176
 0.764997 0.148141 0.077277 0.00933861 0.000247198
 0.163321 0.427699 0.378323 0.0303852 0.000271297
 0.753843 0.0900009 0.118128 0.0371064 0.000921714
 0.721811 0.176058 0.0630433 0.0369309 0.00215725
 0.143369 0.312575 0.442814 0.0836902 0.0175525
 0.692698 0.0596174 0.167031 0.0765114 0.00414204
 0.394062 0.376323 0.152708 0.0712218 0.00568511
 0.125707 0.32114 0.495352 0.0537591 0.00404204
 0.23352 0.215282 0.420074 0.123614 0.00750983
 0.796117 0.104755 0.0508955 0.0450114 0.00322123
pf_pred 
 0.495068 0.14412 0.33699 0.0238216 8.94265e-07
 0.432473 0.33666 0.0670833 0.152984 0.0108003
 0.590756 0.220418 0.113324 0.0219619 0.0535402
 0.733963 0.183291 0.0451504 0.0225771 0.0150188
 0.66503 0.272746 0.0432897 0.0103396 0.00859507
 0.763681 0.175767 0.0495321 0.00766964 0.00335012
 0.45966 0.448672 0.0686565 0.0188286 0.00418274
 0.458114 0.31687 0.187935 0.0277852 0.00929531
 0.554038 0.246163 0.118006 0.0683288 0.0134641
 0.74085 0.172305 0.0486115 0.0225966 0.0156362
 0.845607 0.12769 0.0179652 0.00489526 0.00384279
 0.757088 0.21591 0.0224273 0.0030788 0.00149548
 0.703243 0.247633 0.0438213 0.00440564 0.000896979
 0.65594 0.272605 0.0599421 0.0102726 0.00124089
 0.767948 0.179545 0.0419502 0.00885874 0.00169786
 0.94173 0.0493781 0.00693509 0.00156431 0.000392905
 0.375579 0.601445 0.0195664 0.00265968 0.000749287
 0.929873 0.0337563 0.03507 0.00110808 0.000192751
 0.591572 0.389364 0.00930998 0.00940538 0.000348341
 0.633314 0.254377 0.10722 0.00248744 0.00260179
 0.721733 0.202864 0.0527762 0.0216022 0.00102371
 0.759809 0.191763 0.0355742 0.00900077 0.00385301
 0.315344 0.5689 0.0929675 0.0167472 0.00604151
 0.7355 0.107585 0.130963 0.020849 0.00510338
 0.62094 0.305638 0.0303253 0.0359768 0.00711946
 0.42735 0.405525 0.135441 0.013097 0.0185868
 0.729068 0.141767 0.0921394 0.030014 0.00701153
 0.684814 0.2524 0.0332637 0.0210681 0.00845429
 0.338455 0.503825 0.126945 0.0163145 0.0144598
 0.420615 0.248419 0.253562 0.0623174 0.0150865
 0.836273 0.0857091 0.0339666 0.0337605 0.0102912
pobs_RECLAS
 0 0 0 0 0
 0 0 0 0 0
 0 0 0 0 0
 0 0 0 0 0
 0 0 0 0 0
 0 0 0 0 0
 0 0 0 0 0
 0 0 0 0 0
 0 0 0 0 0
 0 0 0 0 0
 0.991045 0.00858322 0.000360255 1.14367e-05 0
 0.934742 0.0480273 0.0164251 0.00080598 0
 0.827803 0.169806 0.00239088 0 0
 0.941827 0.0461693 0.0120037 0 0
 0.791401 0.0380133 0.147996 0.0225897 0
 0.846168 0.0940531 0.0597789 0 0
 0.134021 0.677848 0.182769 0.00536245 0
 0.80878 0.0450904 0.141981 0.00414843 0
 0.846168 0.0940531 0.0597789 0 0
 0.905697 0.0802665 0.012482 0.00150086 5.37128e-05
 0.989698 0.0102097 9.19794e-05 0 0
 0.975433 0.0193895 0.00387452 0.00125025 5.28907e-05
 0.303575 0.632131 0.0575291 0.00676475 0
 0.966965 0.00978017 0.0227588 0.000495775 0
 0.843318 0.132988 0.00938335 0.0141283 0.000182051
 0.564624 0.303363 0.111486 0.0197234 0.00080311
 0.826376 0.0876187 0.0782897 0.00655872 0.00115652
 0.89761 0.0855135 0.0140674 0.00269457 0.000114338
 0.34875 0.467042 0.161289 0.0227151 0.000203297
 0.318654 0.224769 0.449479 0.00709798 0
 0.937255 0.0296025 0.0250945 0.00804832 0
ppred_RECLAS
 0.589396 0.119175 0.27221 0.0192183 7.2141e-07
 0.52744 0.28316 0.0550842 0.125459 0.0088565
 0.679098 0.17479 0.0877354 0.0169812 0.041395
 0.802731 0.13698 0.0329166 0.016438 0.0109341
 0.741543 0.211368 0.0327728 0.00781791 0.00649843
 0.824708 0.131176 0.0360954 0.00558199 0.00243806
 0.558549 0.36817 0.0549043 0.0150364 0.00334008
 0.550758 0.265247 0.153705 0.0226963 0.00759239
 0.647486 0.196778 0.0920311 0.0532184 0.0104859
 0.810448 0.127144 0.0349544 0.0162258 0.011227
 0.88773 0.0932301 0.0128145 0.00348744 0.00273747
 0.82134 0.159245 0.0161296 0.00221128 0.00107402
 0.777355 0.186556 0.032198 0.00323276 0.000658136
 0.743581 0.204328 0.0437075 0.00747939 0.000903411
 0.831611 0.131055 0.0298367 0.00629199 0.00120583
 0.959794 0.0342019 0.0046839 0.0010551 0.000264989
 0.467058 0.513791 0.0163129 0.00221455 0.000623844
 0.951156 0.0238054 0.0241444 0.000761892 0.000132523
 0.679175 0.306207 0.00714388 0.00720763 0.000266926
 0.717029 0.197764 0.0813507 0.00188484 0.00197135
 0.791032 0.153345 0.0389472 0.0159214 0.000754445
 0.822408 0.142488 0.0257961 0.00651829 0.00279013
 0.400386 0.500235 0.0798345 0.0143633 0.00518117
 0.802679 0.081395 0.0967729 0.0153866 0.00376607
 0.703621 0.24009 0.0232663 0.0275676 0.005455
 0.519671 0.342487 0.111737 0.0107914 0.0153137
 0.797032 0.107417 0.0681856 0.0221832 0.00518186
 0.75873 0.194128 0.0249905 0.0158084 0.00634323
 0.425476 0.440004 0.108299 0.0139008 0.0123197
 0.51544 0.21062 0.209935 0.0515301 0.0124742
 0.882033 0.0624766 0.0241764 0.0239992 0.00731516
pobs_PELACES
 0 0 0 0 0
 0 0 0 0 0
 0 0 0 0 0
 0 0 0 0 0
 0 0 0 0 0
 0 0 0 0 0
 0 0 0 0 0
 0 0 0 0 0
 0 0 0 0 0
 0 0 0 0 0
 0 0 0 0 0
 0 0 0 0 0
 0 0 0 0 0
 0 0 0 0 0
 0 0 0 0 0
 0 0 0 0 0
 0.505614 0.472636 0.0217494 0 0
 0 0 0 0 0
 0.443492 0.261883 0.143347 0.151278 0
 0.227955 0.32914 0.350689 0.0885471 0.00366901
 0.970185 0.0296113 0.000203453 0 0
 0.997202 0.00247181 0.000326279 0 0
 0.445219 0.490057 0.0546422 0.010081 0
 0.90214 0.0892962 0.00764917 0.000914606 0
 0 0 0 0 0
 0.581667 0.319106 0.0959925 0.00289975 0.000334073
 0.762889 0.0836404 0.116647 0.0363945 0.000428098
 0.88444 0.0763242 0.0277011 0.0115352 0
 0.521256 0.241999 0.230069 0.00667565 0
 0.616807 0.101726 0.260614 0.0208532 0
 0.833518 0.0704572 0.0857862 0.0102388 0
ppred_PELACES
 0.5416 0.12923 0.30729 0.0218792 8.22695e-07
 0.486261 0.302285 0.0611288 0.140397 0.00992787
 0.64168 0.191374 0.0998616 0.0194908 0.0475935
 0.779787 0.150968 0.0376527 0.0189596 0.0126329
 0.706528 0.238089 0.0384364 0.00924689 0.00769933
 0.800008 0.148109 0.0423823 0.0066095 0.00289176
 0.53119 0.388515 0.0600309 0.0165758 0.00368824
 0.503267 0.288191 0.173956 0.0259055 0.00868069
 0.613348 0.211929 0.102889 0.0599933 0.0118408
 0.792126 0.137621 0.039195 0.0183439 0.012714
 0.868837 0.108103 0.0154734 0.00424687 0.00333926
 0.802975 0.17488 0.0183703 0.00253933 0.00123544
 0.754562 0.204381 0.0365965 0.00370489 0.000755532
 0.728529 0.214803 0.0474848 0.00819152 0.000991092
 0.815774 0.142194 0.0335336 0.00712972 0.00136868
 0.954839 0.0381949 0.00542449 0.00123205 0.000309953
 0.432679 0.546146 0.0180129 0.00246581 0.000695803
 0.942835 0.0273037 0.0287855 0.000915981 0.000159596
 0.649469 0.333909 0.00808854 0.00822884 0.000305262
 0.685981 0.216905 0.0926799 0.0021653 0.00226853
 0.763729 0.171455 0.0452685 0.0186612 0.000885774
 0.80037 0.158878 0.0298758 0.00761232 0.00326396
 0.361668 0.528837 0.0878071 0.0159313 0.00575656
 0.771814 0.0918544 0.113643 0.0182219 0.00446763
 0.667274 0.267202 0.0269449 0.0321966 0.00638182
 0.475313 0.369566 0.125518 0.0122252 0.017378
 0.766428 0.121152 0.0800226 0.0262546 0.00614335
 0.725702 0.218766 0.0293145 0.018701 0.00751667
 0.383082 0.467765 0.119863 0.0155157 0.0137744
 0.470887 0.224614 0.232877 0.0576441 0.013978
 0.862815 0.0711443 0.0286303 0.0286602 0.00875071
pobs_pel_tallas
 0 0 0 0 0 0 0 0 0 0 0 0 0 0 0 0 0 0 0 0 0 0 0 0 0 0
 0 0 0 0 0 0 0 0 0 0 0 0 0 0 0 0 0 0 0 0 0 0 0 0 0 0
 0 0 0 0 0 0 0 0 0 0 0 0 0 0 0 0 0 0 0 0 0 0 0 0 0 0
 0 0 0 0 0 0 0 0 0 0 0 0 0 0 0 0 0 0 0 0 0 0 0 0 0 0
 0 0 0 0 0 0 0 0 0 0 0 0 0 0 0 0 0 0 0 0 0 0 0 0 0 0
 0 0 0 0 0 0 0 0 0 0 0 0 0 0 0 0 0 0 0 0 0 0 0 0 0 0
 0 0 0 0 0 0 0 0 0 0 0 0 0 0 0 0 0 0 0 0 0 0 0 0 0 0
 0 0 0 0 0 0 0 0 0 0 0 0 0 0 0 0 0 0 0 0 0 0 0 0 0 0
 0 0 0 0 0 0 0 0 0 0 0 0 0 0 0 0 0 0 0 0 0 0 0 0 0 0
 0 0 0 0 0 0 0 0 0 0 0 0 0 0 0 0 0 0 0 0 0 0 0 0 0 0
 0 0 0 0 0 0 0 0 0 0 0 0 0 0 0 0 0 0 0 0 0 0 0 0 0 0
 0 0 0 0 0 0 0 0 0 0 0 0 0 0 0 0 0 0 0 0 0 0 0 0 0 0
 0.00862536 0 0 0.000197151 0.00414017 0.0128641 0.00837892 0.0270097 0.101434 0.158115 0.152841 0.127902 0.109271 0.109419 0.0830992 0.0579132 0.0238553 0.00714673 0.00463305 0.00128148 0.00103504 0.000492878 0.000147863 0.000147863 4.92878e-05 0
 0 0 0 0 0 0 0 0 0 0 0 0 0 0 0 0 0 0 0 0 0 0 0 0 0 0
 0 0 0 0 0 0 0 0.0054083 0.00873648 0.0413646 0.0450493 0.0745869 0.0622846 0.0627006 0.0613931 0.0827291 0.12552 0.122667 0.0946155 0.0697135 0.0546179 0.0294188 0.0215738 0.0213955 0.0102223 0.00600262
 0 0 0 0 0.00359764 0.0251062 0.0480494 0.140153 0.205849 0.193036 0.1447 0.116669 0.0760912 0.0342217 0.00950174 0.001854 0.000860785 0 0 0 0.000165536 0 0.000143464 0 0 0
 0 0 0 0 0 0 0 0.000145254 0.000435761 0.0275982 0.070085 0.0708112 0.156366 0.174668 0.174014 0.160142 0.0824315 0.0480064 0.0283245 0.00493863 0.00203355 0 0 0 0 0
 0 0 0 0 0 0 0 0 0 0 0 0 0 0 0 0 0 0 0 0 0 0 0 0 0 0
 0 0 1.00437e-05 0.000401748 0.00122533 0.00171747 0.00176769 0.0269171 0.070346 0.194647 0.189555 0.159765 0.064822 0.0314167 0.0384472 0.0292271 0.0345202 0.0313363 0.0194345 0.0106764 0.0143323 0.0359363 0.0279516 0.0138201 0.00172751 0
 0 0.0021121 0.0136068 0.0755702 0.200478 0.177729 0.0527432 0.0373336 0.0318909 0.0142505 0.0149659 0.0166563 0.0217959 0.0798694 0.0677717 0.0528807 0.04013 0.0224614 0.0357745 0.0225083 0.00881397 0.00855152 0.00135912 0.000746735 0 0
 0 0 0 0 5.4009e-05 0.00500934 0.000945158 0.0243581 0.138947 0.33067 0.221406 0.137944 0.0707744 0.0437923 0.0131692 0.00525238 0.0047753 0.00276346 9.45158e-05 9.00151e-06 2.25038e-05 9.00151e-06 4.50075e-06 0 0 0
 0.000866109 0.00284123 0.00948549 0.0512746 0.133035 0.25785 0.225252 0.132002 0.0553304 0.0519788 0.0540692 0.017754 0.00435017 0.00159236 0.00146478 0.000404838 0.000125132 0.000115318 0.000107957 0.000100596 0 0 0 0 0 0
 0 0 0 0 0.00144013 0.00171154 0.00461396 0.0210425 0.0478622 0.0707936 0.0888783 0.103762 0.0637923 0.0337046 0.0602308 0.124433 0.169614 0.0934646 0.0462172 0.0250306 0.0313229 0.00938855 0.002487 0.000210481 0 0
 0 0.00764035 0.051015 0.0998891 0.058973 0.0496711 0.0374665 0.0718981 0.12319 0.153886 0.159021 0.0857701 0.0377988 0.023471 0.0147837 0.00900784 0.00315554 0.000888139 0.00291439 0.00214683 0.00393193 0.00274676 0.000635225 9.99891e-05 0 0
 0 0 0 0 0 0 0 0 0 0 0 0 0 0 0 0 0 0 0 0 0 0 0 0 0 0
 0 0 0 0 0 0 0 0 0 0 0 0 0 0 0 0 0 0 0 0 0 0 0 0 0 0
 0 0 0 0 0 0 0 0 0 0 0 0 0 0 0 0 0 0 0 0 0 0 0 0 0 0
 0 0 0 0 0 0 0 0 0 0 0 0 0 0 0 0 0 0 0 0 0 0 0 0 0 0
 0 0 0 0 0 0 0 0 0 0 0 0 0 0 0 0 0 0 0 0 0 0 0 0 0 0
 0 0 0 0 0 0 0 0 0 0 0 0 0 0 0 0 0 0 0 0 0 0 0 0 0 0
 0 0 0 0 0 0 0 0 0 0 0 0 0 0 0 0 0 0 0 0 0 0 0 0 0 0
ppred_pel_tallas
 1.11096e-16 4.46109e-05 0.000433634 0.00288165 0.0130996 0.0407577 0.086839 0.126747 0.12676 0.0869023 0.0409715 0.0137228 0.00446777 0.00396781 0.00696623 0.0119914 0.0185367 0.0259424 0.0334669 0.0406127 0.0471403 0.0526889 0.0564209 0.0571735 0.0541095 0.0473558
 1.17602e-16 4.00528e-05 0.000389327 0.00258722 0.0117611 0.0365934 0.0779672 0.113802 0.113831 0.07811 0.0370731 0.0131476 0.00607192 0.00801185 0.0145643 0.024147 0.0351139 0.0449136 0.0510328 0.0524706 0.0503843 0.0472622 0.0452577 0.0449721 0.0454424 0.045054
 1.1294e-16 5.28544e-05 0.000513763 0.00341414 0.0155202 0.0482892 0.102886 0.150169 0.150187 0.102977 0.0485944 0.0164036 0.00563786 0.00538926 0.00937497 0.0155813 0.022836 0.0295643 0.0342033 0.0360709 0.0357449 0.0345645 0.0336646 0.033324 0.033028 0.0320095
 1.05165e-16 6.423e-05 0.000624339 0.00414895 0.0188605 0.0586822 0.125029 0.182487 0.182501 0.1251 0.0589216 0.0195525 0.00588749 0.00442525 0.00729985 0.0120122 0.0174081 0.0221315 0.0248527 0.0249813 0.0230138 0.0201678 0.017602 0.0158336 0.0146988 0.0137136
 1.03401e-16 5.81958e-05 0.000565684 0.00375917 0.0170887 0.0531693 0.113284 0.165346 0.165369 0.113396 0.053546 0.0181768 0.00649094 0.00653071 0.0113915 0.0187526 0.0270377 0.0340645 0.0376487 0.0367866 0.0322459 0.0260285 0.0201532 0.0157097 0.0127296 0.0106726
 1.02414e-16 6.58956e-05 0.000640529 0.00425654 0.0193496 0.0602039 0.128271 0.187219 0.187233 0.128341 0.0604388 0.0200286 0.00596246 0.00436998 0.00716469 0.0117818 0.0170622 0.0216571 0.0242314 0.0241595 0.0218723 0.0185187 0.0152305 0.0125787 0.0105402 0.00882204
 1.04119e-16 4.37535e-05 0.0004253 0.00282627 0.0128478 0.0399746 0.0851714 0.124318 0.124356 0.0853545 0.0405891 0.014623 0.00728268 0.0101552 0.0185271 0.0305717 0.0440633 0.0554696 0.0612132 0.0596393 0.0519872 0.0415209 0.0315491 0.0238847 0.0186326 0.0149739
 1.09161e-16 4.14535e-05 0.000402943 0.0026777 0.0121724 0.0378731 0.0806938 0.117781 0.117809 0.0808306 0.0383333 0.0135043 0.00603105 0.00775736 0.0141086 0.0235192 0.0344838 0.0446329 0.0515377 0.0540225 0.0527395 0.0494706 0.0457808 0.042165 0.0382193 0.0334126
 1.11044e-16 5.05207e-05 0.000491079 0.00326339 0.0148349 0.0461571 0.0983433 0.143539 0.14356 0.0984438 0.046495 0.0158127 0.00572456 0.00588635 0.0103641 0.017232 0.0252426 0.032652 0.0377214 0.0396835 0.0391574 0.0375922 0.0361993 0.0352462 0.0341581 0.0321496
 1.05158e-16 6.52464e-05 0.000634219 0.00421461 0.019159 0.0596108 0.127008 0.185374 0.185387 0.127073 0.0598292 0.0197904 0.00580133 0.00410455 0.00667547 0.0109846 0.0159425 0.0203188 0.0229122 0.0231899 0.0215976 0.0192232 0.017088 0.0156254 0.0146576 0.0137335
 1.01466e-16 7.1565e-05 0.000695637 0.00462275 0.0210144 0.0653836 0.139307 0.203325 0.203335 0.139358 0.0655545 0.0215082 0.00586239 0.00340199 0.00521209 0.00850526 0.01225 0.0154157 0.0170048 0.0165611 0.0144373 0.0115523 0.00883543 0.00679334 0.00544623 0.00454632
 1.01039e-16 6.614e-05 0.000642904 0.00427233 0.0194214 0.0604272 0.128747 0.187914 0.187931 0.12883 0.0607035 0.0202193 0.0062747 0.00501227 0.00835891 0.0136998 0.0196944 0.0246929 0.0270597 0.0260377 0.0221961 0.0170463 0.0121476 0.00839476 0.00589775 0.0043127
 1.01608e-16 6.21523e-05 0.000604143 0.00401474 0.0182504 0.056784 0.120985 0.176585 0.176605 0.121081 0.0571074 0.0191847 0.00636033 0.00572613 0.00979419 0.0161046 0.0232184 0.0292471 0.0323026 0.0315011 0.0274719 0.0219041 0.016518 0.0122694 0.00924559 0.00707222
 1.02415e-16 6.00081e-05 0.0005833 0.00387623 0.0176208 0.054825 0.116811 0.170494 0.170514 0.116912 0.0551652 0.0186038 0.00634505 0.00597694 0.0103157 0.0169907 0.0245432 0.0310151 0.0344437 0.0339106 0.0300632 0.0246322 0.0193552 0.0151593 0.0120792 0.00970391
 1.01951e-16 6.71943e-05 0.000653152 0.00434043 0.019731 0.0613904 0.130799 0.190908 0.190922 0.130866 0.0616157 0.020382 0.00597566 0.00422634 0.00686346 0.0112668 0.0162854 0.0206077 0.0229405 0.022681 0.0202574 0.0168063 0.0134596 0.0108072 0.00884908 0.00729792
 1.00343e-16 7.86488e-05 0.000764494 0.00508033 0.0230945 0.0718555 0.153096 0.223449 0.223452 0.153114 0.0719159 0.0232689 0.00551823 0.00172043 0.00189414 0.00300688 0.00432371 0.00543651 0.00598757 0.00581297 0.00503489 0.00397648 0.0029672 0.00219041 0.001661 0.00130104
 1.01025e-16 3.56393e-05 0.000346427 0.00230213 0.0104652 0.0325614 0.0693774 0.101269 0.101322 0.0696341 0.033423 0.0129525 0.00854081 0.0139496 0.0258236 0.042512 0.0609469 0.0760314 0.0825943 0.0782505 0.0648528 0.0473135 0.0307756 0.018304 0.0104069 0.00600907
 1.00957e-16 7.76601e-05 0.000754884 0.00501647 0.0228041 0.0709521 0.151171 0.220639 0.220642 0.151184 0.0709961 0.0229316 0.00533837 0.00146367 0.00144145 0.00230601 0.00342069 0.00452157 0.00538818 0.00590504 0.00610084 0.00608116 0.00591704 0.00559395 0.00505712 0.00429524
 1.01196e-16 5.34959e-05 0.00052 0.00345558 0.0157086 0.0488754 0.104135 0.151996 0.152028 0.104292 0.0494022 0.0172292 0.00726943 0.00883575 0.0158176 0.0259891 0.0372559 0.0464799 0.0505056 0.0478884 0.0397786 0.0291947 0.019283 0.0118977 0.00730757 0.00480137
 1.03332e-16 5.65034e-05 0.000549233 0.00364985 0.0165917 0.051623 0.109989 0.160537 0.160558 0.110092 0.051968 0.0175892 0.00615826 0.0060398 0.0105268 0.0174242 0.0253502 0.0324047 0.0366626 0.0371897 0.0345278 0.0302013 0.0256852 0.0216841 0.0181529 0.0147898
 1.03372e-16 6.29074e-05 0.000611482 0.00406352 0.0184722 0.0574739 0.122455 0.17873 0.178746 0.122536 0.0577458 0.019258 0.00603788 0.00492765 0.00827821 0.0136338 0.0197469 0.0250718 0.0280747 0.0280489 0.0255138 0.0218148 0.0182593 0.0154772 0.0133846 0.0115764
 1.02219e-16 6.59255e-05 0.000640819 0.00425847 0.0193584 0.0602312 0.12833 0.187304 0.187319 0.128404 0.0604827 0.020085 0.00608293 0.0046257 0.00764007 0.0125424 0.0180994 0.0228408 0.025313 0.0248454 0.021938 0.017902 0.0140532 0.0110916 0.00902862 0.00751708
 1.05241e-16 2.97902e-05 0.000289572 0.00192431 0.00874766 0.0272175 0.0579916 0.0846512 0.0847021 0.0582408 0.0280542 0.0111645 0.00799186 0.0135381 0.0252001 0.0416366 0.0600288 0.0755951 0.0834659 0.0813767 0.0709914 0.0567227 0.0430514 0.0324436 0.0250713 0.019873
 1.05887e-16 6.35733e-05 0.000617955 0.00410653 0.0186677 0.0580821 0.12375 0.180619 0.180628 0.123795 0.0582308 0.019099 0.00519709 0.00302455 0.0047101 0.00788463 0.0118154 0.015827 0.019249 0.0217359 0.0233793 0.024458 0.0250614 0.0249467 0.023746 0.0213044
 1.05155e-16 5.49626e-05 0.000534256 0.00355032 0.0161392 0.0502153 0.10699 0.15616 0.156186 0.107116 0.0506377 0.0173592 0.00661226 0.00721795 0.0127474 0.0209859 0.0302277 0.0380293 0.0419528 0.0409118 0.0358361 0.029051 0.0228736 0.0185079 0.0158822 0.0142205
 1.07884e-16 3.91509e-05 0.000380561 0.00252896 0.0114963 0.0357695 0.0762121 0.111241 0.111277 0.0763868 0.0363564 0.0131928 0.00679282 0.00970711 0.0178062 0.0295171 0.0428472 0.054572 0.061406 0.061804 0.0568128 0.0492184 0.041725 0.0356339 0.0308019 0.0264748
 1.06013e-16 6.31296e-05 0.000613643 0.00407787 0.0185374 0.0576769 0.122887 0.17936 0.179372 0.122945 0.0578707 0.0190986 0.0054916 0.00371718 0.0060085 0.00996802 0.0146703 0.019118 0.0223303 0.0238514 0.0239708 0.0234084 0.0227374 0.0220331 0.0209755 0.0192183
 1.0405e-16 5.97751e-05 0.000581036 0.00386119 0.0175524 0.0546122 0.116358 0.169832 0.169853 0.116461 0.0549582 0.0185518 0.00637009 0.00605879 0.0104657 0.0172152 0.0248147 0.0312569 0.0345455 0.0337803 0.0296987 0.0241717 0.019068 0.0153661 0.0130312 0.011477
 1.07466e-16 3.15541e-05 0.000306717 0.00203824 0.00926558 0.0288289 0.0614247 0.0896606 0.0897058 0.0616455 0.0295704 0.0114083 0.00742073 0.0120703 0.0224123 0.0371055 0.0536898 0.0680189 0.0758644 0.0752492 0.0675697 0.056533 0.0458196 0.0373299 0.031038 0.0259925
 1.14925e-16 3.87864e-05 0.000377018 0.00250542 0.0113893 0.0354364 0.0755017 0.110202 0.110224 0.0756093 0.0357985 0.0124394 0.00515753 0.00622019 0.0112937 0.0190228 0.028369 0.037713 0.045386 0.0505746 0.0536377 0.0554903 0.0566143 0.0565977 0.0545407 0.0498616
 1.052e-16 7.10689e-05 0.000690815 0.00459071 0.0208687 0.0649303 0.138341 0.201914 0.201921 0.138375 0.0650437 0.0211966 0.00541587 0.0024992 0.0035268 0.00577545 0.00845226 0.0109342 0.0126495 0.0133688 0.0133397 0.0130878 0.0130367 0.0132493 0.0134528 0.0132681
pSPR Fmed_Fpbrs
0.50266   0.6 0.325
Fs Fmed_Fpbrs
0.421235   0.30192 0.748661
SSBpbr Bo_Bmed_Bpbrs
1.42881e+06  646764  785844 392922
Ro
130614
SPR SPRFo_SPRFmed_SPRFpbrs
932271 468616 302988
Fref
0.30192
Nvult_r0
 152440 11872.7 4626.92 4594.76 1400.55
CTP_r0
 30796.5 3156.32 1250.85 1243.26 378.983
YTP_r0
391295
Np
 168873 50557.4 16696.6 1112.34 545.03
Nvult_p0
 118316 36705.7 12153.2 809.77 396.777
CTP_p0
 20213.1 10071 689.331 265.917 330.922
 20213.1 8355.01 2815.59 187.779 92.0138
YTP_p0
 344158 356072
CBA_c0
347732
log_Ro
11.6
likeval ReclasPelacesDesembMPH_pf_preclas_ppelaces_ptallas_desvR_qrecl_qpela
 13.9275 19.9153 0.0301981 0.000823299 241.241 117.288 100.737 0 24.4802 6.95847e-06 2.78968e-05 0.146021 8.20387e-16 0 0
q_reclas_q_pelaces
1.45325 2.12003
M
1
N
 166102 34741.1 79559.8 5617.79 0.21088
 91367.8 52215.2 10206.6 23252.5 1641.48
 91844 25138.3 12678 2454.46 5983.3
 135517 25389.6 6145.26 3070.02 2042.15
 109834 32293.7 5019.14 1197.47 995.368
 208208 34978.3 9665.49 1495.06 653.011
 79369.2 59407.2 8946.42 2451.41 544.554
 32839.5 16173.4 9388.29 1386.42 463.787
 32735.5 10888.2 5127.81 2966.35 584.485
 44311.2 7917.32 2198.54 1021.11 706.551
 82468.5 8905.34 1226.67 333.874 262.076
 123349 26657.2 2722.72 373.438 181.383
 103176 27401.5 4766.34 478.753 97.4685
 72186.8 23699.8 5139.55 880.149 106.314
 64581.7 11613.2 2670.95 563.56 108.007
 323596 12866.2 1776.93 400.457 100.577
 60260.6 71547.4 2285.03 310.302 87.4141
 582947 15548.5 15847.5 500.208 87.007
 324811 159546 3746.9 3781.68 140.053
 269161 80230.9 33201.1 769.495 804.826
 334545 69024.3 17615.4 7202.95 341.321
 491504 92117.3 16778.2 4240.99 1815.37
 95897.8 125497 20100.2 3617 1304.75
 268911 28441.5 33924.8 5394.9 1320.48
 228527 81341.1 7908.18 9371.81 1854.49
 101309 69090.7 22600.5 2183.03 3097.89
 225945 31790.8 20247 6588.25 1538.99
 256485 68044.5 8783.98 5557.37 2229.95
 74603.9 79736.5 19675.6 2525.83 2238.55
 54800.8 23547 23561.5 5784.54 1400.31
 213381 15960.5 6202.13 6158.08 1877.06
pred_Ctot
 15473.2 4504.43 10532.6 744.538 0.0279501
 14908.6 11605.7 2312.56 5273.8 372.318
 14769.1 5510.5 2833.13 549.055 1338.52
 31252.1 7804.51 1922.5 961.331 639.5
 9436.21 3870.02 614.243 146.71 121.957
 30151.4 6939.55 1955.61 302.81 132.268
 23468.7 22907.7 3505.36 961.322 213.557
 2067.04 1429.74 847.977 125.368 41.941
 7333.29 3258.23 1561.94 904.405 178.211
 13340.4 3102.69 875.343 406.895 281.56
 6392.62 965.309 135.813 37.0072 29.0507
 32170.6 9174.57 952.994 130.826 63.5468
 25446.3 8960.39 1585.64 159.414 32.4564
 27421 11396 2505.83 429.438 51.8744
 19660.4 4596.56 1073.97 226.794 43.4671
 85033.3 4458.59 626.202 141.249 35.4773
 11707.3 18747.8 609.908 82.9054 23.3562
 96643.5 3508.36 3644.89 115.164 20.0329
 69672.3 45857.3 1096.48 1107.72 41.0258
 53069.7 21316 8984.71 208.44 218.022
 54457.1 15306.8 3982.14 1629.96 77.2419
 97906.5 24710 4583.98 1159.81 496.487
 11956.4 21570.2 3524.91 634.981 229.067
 30703.2 4491.09 5467.01 870.333 213.039
 26154.7 12873.8 1277.34 1515.38 299.88
 9536.76 9049.71 3022.5 292.273 414.783
 26330.9 5120.06 3327.7 1083.98 253.228
 25466.9 9386.29 1237.01 783.485 314.399
 6782.51 10096.5 2543.93 326.936 289.77
 7354.7 4343.76 4433.68 1089.66 263.797
 30796.5 3156.32 1250.85 1243.26 378.983
F
 0.157227 0.224884 0.230096 0.230377 0.230391
 0.290499 0.415505 0.425133 0.425652 0.42568
 0.28575 0.408713 0.418184 0.418694 0.418721
 0.434228 0.621082 0.635475 0.636251 0.636292
 0.144242 0.206311 0.211092 0.21135 0.211363
 0.254122 0.363474 0.371897 0.372351 0.372375
 0.590745 0.844952 0.864532 0.865588 0.865643
 0.103953 0.148686 0.152132 0.152317 0.152327
 0.419407 0.599884 0.613786 0.614535 0.614575
 0.604586 0.864748 0.884787 0.885868 0.885925
 0.129356 0.18502 0.189308 0.189539 0.189551
 0.504421 0.721481 0.7382 0.739101 0.739149
 0.470968 0.673633 0.689243 0.690085 0.690129
 0.827114 1.18303 1.21045 1.21193 1.212
 0.613329 0.877254 0.897582 0.898679 0.898736
 0.509135 0.728223 0.745098 0.746008 0.746056
 0.354714 0.507352 0.519109 0.519743 0.519776
 0.295765 0.423037 0.43284 0.433369 0.433397
 0.398337 0.569747 0.582949 0.583661 0.583699
 0.360853 0.516133 0.528094 0.528739 0.528772
 0.28971 0.414377 0.423979 0.424497 0.424524
 0.365187 0.522332 0.534436 0.535088 0.535123
 0.215432 0.308136 0.315276 0.315661 0.315681
 0.195728 0.279953 0.286441 0.28679 0.286809
 0.196236 0.280679 0.287184 0.287534 0.287553
 0.158996 0.227414 0.232684 0.232968 0.232983
 0.200129 0.286248 0.292881 0.293239 0.293258
 0.168342 0.240782 0.246361 0.246662 0.246678
 0.153193 0.219114 0.224192 0.224465 0.22448
 0.233589 0.334106 0.341849 0.342266 0.342288
 0.253171 0.362114 0.370505 0.370958 0.370981
YTP_r0W_actual
 255611 44504.1 34523.5 42519.6 14136.1
YTP_p0W_proyectada
 151396 157813 15944.2 7809.98 11195.1
 151396 130923 65124.6 5515.07 3112.83
CTP_r0_actual
 30796.5 3156.32 1250.85 1243.26 378.983
CTP_p0_proyectada
 20213.1 10071 689.331 265.917 330.922
 20213.1 8355.01 2815.59 187.779 92.0138
Wmedp
 7.49 15.67 23.13 29.37 33.83
Frms_r0
 0.253171 0.362114 0.370505 0.370958 0.370981
Zrms_r0
 1.25317 1.36211 1.37051 1.37096 1.37098
nmprior
 8.19 8.8 8.5 0
nm_flota  nm_reclas  nm_pelaces    nm_pelaL
inf 14.1751 15.7818 36.1081
cv_recla  cv_pelaces  cv_mph
0.337568 0.421681 0.885491
 ------------------------------------------------
Talla a la edad & desviaci?n 
 8 13.2811 15.8009 17.003 17.5766
 0.8 1.32811 1.58009 1.7003 1.75766
