years
 1991 1992 1993 1994 1995 1996 1997 1998 1999 2000 2001 2002 2003 2004 2005 2006 2007 2008 2009 2010 2011 2012 2013 2014 2015 2016 2017 2018 2019 2020 2021
reclasobs
 0 0 0 0 0 0 0 0 0 252601 567819 844713 477998 351125 339783 2.1784e+06 2.13404e+06 4.81314e+06 1.55562e+06 2.62356e+06 3.21686e+06 3.843e+06 1.13348e+06 3.07943e+06 1.97215e+06 2.03268e+06 2.025e+06 2.42433e+06 2.27542e+06 1.05018e+06 2.36338e+06
reclaspred
 3.32565e+06 1.90815e+06 969304 963437 961145 1.4525e+06 1.00226e+06 905479 666436 499331 510685 628196 629120 519627 527159 1.14281e+06 1.12773e+06 2.60119e+06 2.26523e+06 1.78471e+06 3.11081e+06 2.5239e+06 2.09638e+06 3.09409e+06 2.33714e+06 2.07039e+06 2.39132e+06 2.50155e+06 2.10114e+06 1.37425e+06 1.90019e+06
pelacesobs
 0 0 0 0 0 0 0 0 0 0 0 0 0 0 0 552880 188675 0 991730 2.46772e+06 1.41603e+06 1.21717e+06 2.29649e+06 1.80582e+06 0 1.4828e+06 1.56532e+06 1.57751e+06 1.42118e+06 867257 1.10002e+06
pelacespred
 1.87277e+06 1.21123e+06 627580 507026 511368 797883 537010 561599 414443 299063 308270 321222 350376 313653 321318 569767 559055 1.46695e+06 1.3384e+06 990300 1.61525e+06 1.47766e+06 1.19625e+06 1.90474e+06 1.40804e+06 1.23386e+06 1.61323e+06 1.66829e+06 1.15482e+06 863991 1.19074e+06
mphobs
 0 0 0 0 0 0 0 0 0 0 0 498337 0 5186 125008 0 168611 109162 213762 579715 649985 157893 87575 83554 0 0 0 0 0 0 0
mphpred
 495288 333080 171281 92618.9 103305 113875 149214 104072 89915.4 64791.5 43993.3 59095.7 64143.6 56639.8 42298.2 51557.7 131075 126872 260841 212236 238488 283267 271324 231645 306402 252904 209077 217491 297006 209187 133326
desembarqueobs
 494567 514787 250237 358949 120608 361735 552515 73892 212993 205616 52469 317467 293654 387597 252695 516296 358380 742168 942051 627588 828172 859565 418607 520667 417249 300574 415391 372974 316634 284311 391294
desembarquepred
 494573 513139 251085 358967 120611 361746 552559 73894.8 213027 205648 52470.9 317525 293704 387655 252702 516296 358415 742107 941932 627501 828237 859593 418611 520687 417252 300576 415394 372967 316632 284320 391298
Reclutas
 255804 150059 146226 275141 219948 362077 153100 73744.1 67154.1 86903.5 157012 194267 163707 115583 120179 567973 128380 988800 575823 458750 645608 898720 203529 566223 480411 218990 478959 539187 161920 121045 452779
log_desv_Rt
 0.0303138 -0.50307 -0.528942 0.103186 -0.120707 0.377759 -0.483009 -1.2135 -1.30711 -1.0493 -0.457777 -0.244864 -0.416023 -0.76411 -0.725118 0.827975 -0.659103 1.38239 0.841702 0.614407 0.956094 1.28687 -0.198288 0.82489 0.660544 -0.125074 0.657517 0.775963 -0.426996 -0.717935 0.601305
SSB
 5.20858e+06 3.50276e+06 1.80123e+06 974005 1.08638e+06 1.19754e+06 1.56917e+06 1.09445e+06 945575 681365 462645 621466 674551 595639 444819 542194 1.37841e+06 1.33422e+06 2.74307e+06 2.23193e+06 2.50801e+06 2.97891e+06 2.85332e+06 2.43604e+06 3.22221e+06 2.65961e+06 2.19871e+06 2.2872e+06 3.12339e+06 2.19987e+06 1.40209e+06
BT
 6.80681e+06 4.64332e+06 2.39626e+06 2.03493e+06 1.83923e+06 3.03075e+06 2.32997e+06 1.97962e+06 1.62522e+06 1.22038e+06 1.09764e+06 1.36525e+06 1.46376e+06 1.47486e+06 1.35051e+06 2.36741e+06 2.19007e+06 5.66187e+06 5.47135e+06 3.94168e+06 6.17842e+06 5.85167e+06 4.44622e+06 6.98017e+06 5.18748e+06 4.47581e+06 5.92652e+06 6.06424e+06 4.19999e+06 3.22235e+06 4.43903e+06
Ftot
 0.0818276 0.146699 0.141889 0.20965 0.0706109 0.141923 0.299771 0.0457984 0.178087 0.228134 0.0593661 0.282528 0.260659 0.412571 0.273021 0.261823 0.175737 0.165717 0.232084 0.196952 0.150583 0.192052 0.110678 0.0968239 0.100076 0.0811615 0.099702 0.0861033 0.0828224 0.114328 0.119294
BD_Bspro_t
 0.986993 0.901411 0.791354 0.722459 0.716762 0.771095 0.762648 0.645003 0.691054 0.663532 0.6397 0.775621 0.679828 0.606949 0.520773 0.569577 0.679717 0.663558 0.752594 0.683383 0.667454 0.703302 0.719113 0.720262 0.79505 0.801285 0.807403 0.829909 0.858934 0.815403 0.769994
BD_Bspro
 2.94052 1.97749 1.01689 0.549877 0.613318 0.676075 0.885878 0.617876 0.533826 0.384666 0.261187 0.35085 0.380819 0.336269 0.251123 0.306097 0.778187 0.753235 1.54861 1.26004 1.4159 1.68175 1.61085 1.37527 1.8191 1.50149 1.24129 1.29124 1.76332 1.24194 0.791553
BD_Bo
 1.97976 1.33139 0.684642 0.370216 0.412929 0.455182 0.596436 0.415998 0.35941 0.258984 0.17585 0.236217 0.256394 0.2264 0.169074 0.206086 0.523931 0.507131 1.04263 0.848351 0.953285 1.13227 1.08454 0.925932 1.22475 1.01091 0.835722 0.869355 1.18719 0.836162 0.53293
BD_Brms
 3.59957 2.4207 1.2448 0.67312 0.75078 0.827604 1.08443 0.75636 0.653472 0.470881 0.319727 0.429486 0.466172 0.411637 0.307407 0.374702 0.952601 0.922057 1.8957 1.54246 1.73325 2.05868 1.97188 1.68351 2.22682 1.83802 1.51949 1.58065 2.15853 1.52029 0.968963
Sel_flota
 0.896678 1 1 1 1
 0.896678 1 1 1 1
 0.896678 1 1 1 1
 0.896678 1 1 1 1
 0.896678 1 1 1 1
 0.896678 1 1 1 1
 0.896678 1 1 1 1
 0.896678 1 1 1 1
 0.896678 1 1 1 1
 0.896678 1 1 1 1
 0.896678 1 1 1 1
 0.896678 1 1 1 1
 0.896678 1 1 1 1
 0.896678 1 1 1 1
 0.896678 1 1 1 1
 0.896678 1 1 1 1
 0.896678 1 1 1 1
 0.896678 1 1 1 1
 0.896678 1 1 1 1
 0.896678 1 1 1 1
 0.896678 1 1 1 1
 0.896678 1 1 1 1
 0.896678 1 1 1 1
 0.896678 1 1 1 1
 0.896678 1 1 1 1
 0.896678 1 1 1 1
 0.896678 1 1 1 1
 0.896678 1 1 1 1
 0.896678 1 1 1 1
 0.896678 1 1 1 1
 0.896678 1 1 1 1
Sel_reclas
 1 1 1 1 1
 1 1 1 1 1
 1 1 1 1 1
 1 1 1 1 1
 1 1 1 1 1
 1 1 1 1 1
 1 1 1 1 1
 1 1 1 1 1
 1 1 1 1 1
 1 1 1 1 1
 1 1 1 1 1
 1 1 1 1 1
 1 1 1 1 1
 1 1 1 1 1
 1 1 1 1 1
 1 1 1 1 1
 1 1 1 1 1
 1 1 1 1 1
 1 1 1 1 1
 1 1 1 1 1
 1 1 1 1 1
 1 1 1 1 1
 1 1 1 1 1
 1 1 1 1 1
 1 1 1 1 1
 1 1 1 1 1
 1 1 1 1 1
 1 1 1 1 1
 1 1 1 1 1
 1 1 1 1 1
 1 1 1 1 1
Sel_pelaces
 1 1 1 1 1
 1 1 1 1 1
 1 1 1 1 1
 1 1 1 1 1
 1 1 1 1 1
 1 1 1 1 1
 1 1 1 1 1
 1 1 1 1 1
 1 1 1 1 1
 1 1 1 1 1
 1 1 1 1 1
 1 1 1 1 1
 1 1 1 1 1
 1 1 1 1 1
 1 1 1 1 1
 1 1 1 1 1
 1 1 1 1 1
 1 1 1 1 1
 1 1 1 1 1
 1 1 1 1 1
 1 1 1 1 1
 1 1 1 1 1
 1 1 1 1 1
 1 1 1 1 1
 1 1 1 1 1
 1 1 1 1 1
 1 1 1 1 1
 1 1 1 1 1
 1 1 1 1 1
 1 1 1 1 1
 1 1 1 1 1
pf_obs 
 0.8446 0.082 0.0669 0.0065 0
 0.8095 0.147 0.0364 0.0071 0
 0.9664 0.0169 0.016 0.0007 0
 0.9276 0.0648 0.0075 0.0001 0
 0.7033 0.2144 0.0806 0.0017 0
 0.9318 0.0425 0.0243 0.0014 0
 0.5671 0.3108 0.0964 0.0239 0.0018
 0.0768 0.2599 0.5324 0.112 0.0189
 0.490249 0.384438 0.106611 0.0170017 0.00170017
 0.7925 0.1577 0.0466 0.003 0.0002
 0.840416 0.127587 0.0312969 0.00059994 9.999e-05
 0.8084 0.0986 0.0794 0.0134 0.0002
 0.7335 0.1905 0.0724 0.0035 0.0001
 0.4001 0.4547 0.1325 0.0127 0
 0.49795 0.308269 0.164784 0.0264974 0.00249975
 0.9179 0.0499 0.0305 0.0017 0
 0.2467 0.6533 0.0926 0.0074 0
 0.9418 0.0223 0.034 0.0019 0
 0.707729 0.231977 0.0356964 0.0245975 0
 0.517169 0.277429 0.184464 0.0207286 0.00020938
 0.811772 0.124168 0.05621 0.00726502 0.000585176
 0.764997 0.148141 0.077277 0.00933861 0.000247198
 0.163321 0.427699 0.378323 0.0303852 0.000271297
 0.753843 0.0900009 0.118128 0.0371064 0.000921714
 0.721811 0.176058 0.0630433 0.0369309 0.00215725
 0.143369 0.312575 0.442814 0.0836902 0.0175525
 0.692698 0.0596174 0.167031 0.0765114 0.00414204
 0.394062 0.376323 0.152708 0.0712218 0.00568511
 0.125707 0.32114 0.495352 0.0537591 0.00404204
 0.23352 0.215282 0.420074 0.123614 0.00750983
 0.796117 0.104755 0.0508955 0.0450114 0.00322123
pf_pred 
 0.420592 0.109736 0.445773 0.0238975 7.361e-07
 0.409867 0.264736 0.0616282 0.250347 0.0134213
 0.544539 0.199808 0.114687 0.0266982 0.114268
 0.750843 0.142905 0.0466118 0.0267546 0.0328851
 0.645776 0.273802 0.0461265 0.0150452 0.0192503
 0.742708 0.172709 0.0653799 0.0110143 0.00818925
 0.475329 0.401142 0.0829196 0.0313897 0.00921987
 0.43843 0.284857 0.211563 0.043732 0.0214176
 0.520624 0.223449 0.129819 0.0964166 0.0296909
 0.672805 0.18011 0.0685601 0.0398319 0.0386931
 0.791158 0.146048 0.0345659 0.0131578 0.0150702
 0.722505 0.224538 0.0370337 0.00876495 0.00715783
 0.666499 0.249182 0.0682275 0.0112529 0.00483824
 0.605263 0.273844 0.0903281 0.0247323 0.00583302
 0.702702 0.189395 0.0748562 0.0246915 0.00835516
 0.915495 0.0615491 0.0146244 0.00578012 0.00255174
 0.393577 0.560759 0.0332593 0.00790258 0.00450228
 0.903388 0.0408207 0.0515905 0.0030599 0.00114126
 0.602949 0.362629 0.014544 0.0183812 0.00149683
 0.603779 0.250448 0.133135 0.0053397 0.00729804
 0.722579 0.175435 0.0644641 0.0342685 0.0032529
 0.744838 0.190264 0.0410406 0.0150805 0.00877763
 0.335719 0.509588 0.115348 0.0248811 0.0144641
 0.731335 0.0972612 0.131488 0.0297632 0.0101522
 0.630505 0.278345 0.0329977 0.0446099 0.013542
 0.444801 0.364714 0.143495 0.0170113 0.029979
 0.731469 0.127042 0.0929455 0.0365689 0.0119752
 0.694106 0.230483 0.035677 0.0261018 0.0136326
 0.362895 0.457328 0.135457 0.0209678 0.0233524
 0.434536 0.22034 0.247737 0.0733781 0.0240085
 0.824656 0.0812253 0.0366747 0.0412348 0.0162096
pobs_RECLAS
 0 0 0 0 0
 0 0 0 0 0
 0 0 0 0 0
 0 0 0 0 0
 0 0 0 0 0
 0 0 0 0 0
 0 0 0 0 0
 0 0 0 0 0
 0 0 0 0 0
 0 0 0 0 0
 0.991045 0.00858322 0.000360255 1.14367e-05 0
 0.934742 0.0480273 0.0164251 0.00080598 0
 0.827803 0.169806 0.00239088 0 0
 0.941827 0.0461693 0.0120037 0 0
 0.791401 0.0380133 0.147996 0.0225897 0
 0.846168 0.0940531 0.0597789 0 0
 0.134021 0.677848 0.182769 0.00536245 0
 0.80878 0.0450904 0.141981 0.00414843 0
 0.846168 0.0940531 0.0597789 0 0
 0.905697 0.0802665 0.012482 0.00150086 5.37128e-05
 0.989698 0.0102097 9.19794e-05 0 0
 0.975433 0.0193895 0.00387452 0.00125025 5.28907e-05
 0.303575 0.632131 0.0575291 0.00676475 0
 0.966965 0.00978017 0.0227588 0.000495775 0
 0.843318 0.132988 0.00938335 0.0141283 0.000182051
 0.564624 0.303363 0.111486 0.0197234 0.00080311
 0.826376 0.0876187 0.0782897 0.00655872 0.00115652
 0.89761 0.0855135 0.0140674 0.00269457 0.000114338
 0.34875 0.467042 0.161289 0.0227151 0.000203297
 0.318654 0.224769 0.449479 0.00709798 0
 0.937255 0.0296025 0.0250945 0.00804832 0
ppred_RECLAS
 0.447559 0.104629 0.425026 0.0227853 7.01841e-07
 0.436828 0.252641 0.0588126 0.23891 0.0128082
 0.571762 0.187865 0.107832 0.0251024 0.107438
 0.771057 0.131312 0.0428303 0.0245841 0.0302172
 0.67045 0.25473 0.0429135 0.0139972 0.0179094
 0.763237 0.158929 0.0601634 0.0101355 0.00753585
 0.50338 0.379695 0.0784863 0.0297114 0.00872693
 0.465537 0.271107 0.201351 0.0416211 0.0203838
 0.548188 0.210601 0.122354 0.0908726 0.0279836
 0.696839 0.16688 0.063524 0.0369061 0.0358509
 0.808688 0.133789 0.0316644 0.0120533 0.0138052
 0.744404 0.206819 0.0341111 0.00807325 0.00659296
 0.690868 0.230974 0.0632421 0.0104307 0.00448471
 0.632113 0.255217 0.084184 0.0230501 0.00543626
 0.725546 0.174842 0.0691043 0.0227943 0.00771316
 0.923752 0.0555349 0.0131954 0.00521532 0.0023024
 0.420307 0.536042 0.0317933 0.00755426 0.00430383
 0.912625 0.0369176 0.0466577 0.00276732 0.00103214
 0.629298 0.338564 0.0135789 0.0171614 0.0013975
 0.630011 0.233867 0.124321 0.00498619 0.00681487
 0.744179 0.161776 0.0594451 0.0316004 0.00299964
 0.76535 0.174969 0.0377415 0.0138682 0.00807201
 0.360697 0.490426 0.111011 0.0239455 0.0139202
 0.752382 0.0896418 0.121188 0.0274315 0.00935687
 0.655741 0.259335 0.030744 0.0415632 0.0126171
 0.472053 0.346812 0.136451 0.0161762 0.0285074
 0.752514 0.117085 0.0856611 0.0337029 0.0110367
 0.716919 0.213293 0.0330163 0.0241551 0.0126159
 0.388646 0.438843 0.129982 0.0201203 0.0224085
 0.461765 0.20973 0.235808 0.0698447 0.0228524
 0.840022 0.074107 0.0334607 0.0376211 0.014789
pobs_PELACES
 0 0 0 0 0
 0 0 0 0 0
 0 0 0 0 0
 0 0 0 0 0
 0 0 0 0 0
 0 0 0 0 0
 0 0 0 0 0
 0 0 0 0 0
 0 0 0 0 0
 0 0 0 0 0
 0 0 0 0 0
 0 0 0 0 0
 0 0 0 0 0
 0 0 0 0 0
 0 0 0 0 0
 0 0 0 0 0
 0.505614 0.472636 0.0217494 0 0
 0 0 0 0 0
 0.443492 0.261883 0.143347 0.151278 0
 0.227955 0.32914 0.350689 0.0885471 0.00366901
 0.970185 0.0296113 0.000203453 0 0
 0.997202 0.00247181 0.000326279 0 0
 0.445219 0.490057 0.0546422 0.010081 0
 0.90214 0.0892962 0.00764917 0.000914606 0
 0 0 0 0 0
 0.581667 0.319106 0.0959925 0.00289975 0.000334073
 0.762889 0.0836404 0.116647 0.0363945 0.000428098
 0.88444 0.0763242 0.0277011 0.0115352 0
 0.521256 0.241999 0.230069 0.00667565 0
 0.616807 0.101726 0.260614 0.0208532 0
 0.833518 0.0704572 0.0857862 0.0102388 0
ppred_PELACES
 0.448249 0.104498 0.424495 0.0227569 7.00964e-07
 0.438059 0.252089 0.0586841 0.238388 0.0127802
 0.572946 0.187346 0.107534 0.025033 0.107141
 0.772316 0.130589 0.0425947 0.0244488 0.030051
 0.670981 0.254319 0.0428443 0.0139746 0.0178805
 0.76411 0.158342 0.0599415 0.0100981 0.00750805
 0.505935 0.377742 0.0780825 0.0295586 0.00868203
 0.465925 0.27091 0.201205 0.0415908 0.0203689
 0.549692 0.2099 0.121947 0.0905702 0.0278905
 0.69848 0.165977 0.0631802 0.0367063 0.0356569
 0.809001 0.13357 0.0316126 0.0120336 0.0137826
 0.746232 0.205339 0.0338671 0.0080155 0.00654579
 0.692763 0.229558 0.0628544 0.0103667 0.00445722
 0.635378 0.252952 0.0834369 0.0228455 0.00538801
 0.727396 0.173664 0.0686386 0.0226406 0.00766117
 0.924378 0.0550787 0.013087 0.00517248 0.00228349
 0.421767 0.534691 0.0317132 0.00753522 0.00429299
 0.913075 0.0367277 0.0464177 0.00275309 0.00102683
 0.631142 0.33688 0.0135113 0.0170761 0.00139055
 0.631575 0.232878 0.123796 0.00496511 0.00678607
 0.745155 0.161159 0.0592183 0.0314799 0.00298819
 0.766524 0.174093 0.0375527 0.0137988 0.00803163
 0.361568 0.489758 0.11086 0.0239129 0.0139013
 0.752997 0.0894193 0.120887 0.0273634 0.00933365
 0.65651 0.258755 0.0306753 0.0414702 0.0125889
 0.472743 0.346359 0.136273 0.0161551 0.0284702
 0.753147 0.116786 0.0854421 0.0336168 0.0110085
 0.717515 0.212845 0.0329468 0.0241043 0.0125894
 0.389317 0.438361 0.12984 0.0200982 0.0223839
 0.462734 0.209353 0.235383 0.069719 0.0228113
 0.840568 0.0738542 0.0333465 0.0374928 0.0147386
pobs_pel_tallas
 0 0 0 0 0 0 0 0 0 0 0 0 0 0 0 0 0 0 0 0 0 0 0 0 0 0
 0 0 0 0 0 0 0 0 0 0 0 0 0 0 0 0 0 0 0 0 0 0 0 0 0 0
 0 0 0 0 0 0 0 0 0 0 0 0 0 0 0 0 0 0 0 0 0 0 0 0 0 0
 0 0 0 0 0 0 0 0 0 0 0 0 0 0 0 0 0 0 0 0 0 0 0 0 0 0
 0 0 0 0 0 0 0 0 0 0 0 0 0 0 0 0 0 0 0 0 0 0 0 0 0 0
 0 0 0 0 0 0 0 0 0 0 0 0 0 0 0 0 0 0 0 0 0 0 0 0 0 0
 0 0 0 0 0 0 0 0 0 0 0 0 0 0 0 0 0 0 0 0 0 0 0 0 0 0
 0 0 0 0 0 0 0 0 0 0 0 0 0 0 0 0 0 0 0 0 0 0 0 0 0 0
 0 0 0 0 0 0 0 0 0 0 0 0 0 0 0 0 0 0 0 0 0 0 0 0 0 0
 0 0 0 0 0 0 0 0 0 0 0 0 0 0 0 0 0 0 0 0 0 0 0 0 0 0
 0 0 0 0 0 0 0 0 0 0 0 0 0 0 0 0 0 0 0 0 0 0 0 0 0 0
 0 0 0 0 0 0 0 0 0 0 0 0 0 0 0 0 0 0 0 0 0 0 0 0 0 0
 0.00862536 0 0 0.000197151 0.00414017 0.0128641 0.00837892 0.0270097 0.101434 0.158115 0.152841 0.127902 0.109271 0.109419 0.0830992 0.0579132 0.0238553 0.00714673 0.00463305 0.00128148 0.00103504 0.000492878 0.000147863 0.000147863 4.92878e-05 0
 0 0 0 0 0 0 0 0 0 0 0 0 0 0 0 0 0 0 0 0 0 0 0 0 0 0
 0 0 0 0 0 0 0 0.0054083 0.00873648 0.0413646 0.0450493 0.0745869 0.0622846 0.0627006 0.0613931 0.0827291 0.12552 0.122667 0.0946155 0.0697135 0.0546179 0.0294188 0.0215738 0.0213955 0.0102223 0.00600262
 0 0 0 0 0.00359764 0.0251062 0.0480494 0.140153 0.205849 0.193036 0.1447 0.116669 0.0760912 0.0342217 0.00950174 0.001854 0.000860785 0 0 0 0.000165536 0 0.000143464 0 0 0
 0 0 0 0 0 0 0 0.000145254 0.000435761 0.0275982 0.070085 0.0708112 0.156366 0.174668 0.174014 0.160142 0.0824315 0.0480064 0.0283245 0.00493863 0.00203355 0 0 0 0 0
 0 0 0 0 0 0 0 0 0 0 0 0 0 0 0 0 0 0 0 0 0 0 0 0 0 0
 0 0 1.00437e-05 0.000401748 0.00122533 0.00171747 0.00176769 0.0269171 0.070346 0.194647 0.189555 0.159765 0.064822 0.0314167 0.0384472 0.0292271 0.0345202 0.0313363 0.0194345 0.0106764 0.0143323 0.0359363 0.0279516 0.0138201 0.00172751 0
 0 0.0021121 0.0136068 0.0755702 0.200478 0.177729 0.0527432 0.0373336 0.0318909 0.0142505 0.0149659 0.0166563 0.0217959 0.0798694 0.0677717 0.0528807 0.04013 0.0224614 0.0357745 0.0225083 0.00881397 0.00855152 0.00135912 0.000746735 0 0
 0 0 0 0 5.4009e-05 0.00500934 0.000945158 0.0243581 0.138947 0.33067 0.221406 0.137944 0.0707744 0.0437923 0.0131692 0.00525238 0.0047753 0.00276346 9.45158e-05 9.00151e-06 2.25038e-05 9.00151e-06 4.50075e-06 0 0 0
 0.000866109 0.00284123 0.00948549 0.0512746 0.133035 0.25785 0.225252 0.132002 0.0553304 0.0519788 0.0540692 0.017754 0.00435017 0.00159236 0.00146478 0.000404838 0.000125132 0.000115318 0.000107957 0.000100596 0 0 0 0 0 0
 0 0 0 0 0.00144013 0.00171154 0.00461396 0.0210425 0.0478622 0.0707936 0.0888783 0.103762 0.0637923 0.0337046 0.0602308 0.124433 0.169614 0.0934646 0.0462172 0.0250306 0.0313229 0.00938855 0.002487 0.000210481 0 0
 0 0.00764035 0.051015 0.0998891 0.058973 0.0496711 0.0374665 0.0718981 0.12319 0.153886 0.159021 0.0857701 0.0377988 0.023471 0.0147837 0.00900784 0.00315554 0.000888139 0.00291439 0.00214683 0.00393193 0.00274676 0.000635225 9.99891e-05 0 0
 0 0 0 0 0 0 0 0 0 0 0 0 0 0 0 0 0 0 0 0 0 0 0 0 0 0
 0 0 0 0 0 0 0 0 0 0 0 0 0 0 0 0 0 0 0 0 0 0 0 0 0 0
 0 0 0 0 0 0 0 0 0 0 0 0 0 0 0 0 0 0 0 0 0 0 0 0 0 0
 0 0 0 0 0 0 0 0 0 0 0 0 0 0 0 0 0 0 0 0 0 0 0 0 0 0
 0 0 0 0 0 0 0 0 0 0 0 0 0 0 0 0 0 0 0 0 0 0 0 0 0 0
 0 0 0 0 0 0 0 0 0 0 0 0 0 0 0 0 0 0 0 0 0 0 0 0 0 0
 0 0 0 0 0 0 0 0 0 0 0 0 0 0 0 0 0 0 0 0 0 0 0 0 0 0
ppred_pel_tallas
 1.1456e-16 3.69217e-05 0.000358892 0.00238496 0.0108417 0.0337326 0.0718713 0.1049 0.104911 0.0719239 0.0339112 0.0113656 0.00373071 0.00339785 0.00610423 0.0108025 0.0173445 0.0255205 0.0349986 0.0454002 0.0561262 0.0659996 0.0731686 0.0756361 0.0722235 0.0633081
 1.27828e-16 3.60824e-05 0.000350733 0.00233075 0.0105953 0.0329659 0.0702383 0.10252 0.102544 0.0703576 0.0333671 0.0117558 0.00525108 0.00675061 0.0122678 0.0204399 0.0299864 0.0389562 0.0454979 0.0490443 0.0507523 0.0526749 0.056247 0.0612422 0.0658937 0.0679338
 1.23793e-16 4.71929e-05 0.000458731 0.00304843 0.0138577 0.0431167 0.0918653 0.134084 0.134102 0.0919544 0.0434161 0.0147248 0.00523267 0.00525354 0.0092333 0.0154046 0.0227062 0.0296894 0.0349516 0.0379761 0.0394662 0.0407952 0.0429919 0.0460531 0.0490127 0.050558
 1.08801e-16 6.36147e-05 0.000618357 0.0041092 0.0186798 0.05812 0.123831 0.180738 0.180751 0.123893 0.0583276 0.01928 0.00561842 0.00392196 0.00636483 0.010495 0.0152908 0.0196218 0.0223989 0.0231728 0.0224102 0.0211496 0.0203057 0.0201642 0.0203726 0.0203016
 1.05729e-16 5.52679e-05 0.000537224 0.00357004 0.0162289 0.0504943 0.107584 0.157028 0.157052 0.107704 0.0508968 0.0173917 0.00648957 0.00691349 0.0121738 0.0200625 0.028955 0.0365446 0.0405251 0.039855 0.0353811 0.0292505 0.0235973 0.0195224 0.0169617 0.0152257
 1.04054e-16 6.29388e-05 0.000611787 0.00406554 0.0184814 0.0575025 0.122516 0.178818 0.178834 0.122591 0.0577541 0.019209 0.00589506 0.00461548 0.00769557 0.0126984 0.0184636 0.0235903 0.0266861 0.0270999 0.0252738 0.0223708 0.0194965 0.0171454 0.015203 0.0133205
 1.06784e-16 4.16733e-05 0.000405079 0.0026919 0.012237 0.038074 0.0811221 0.118408 0.118444 0.0813002 0.0386723 0.0139656 0.00703328 0.00988999 0.0180779 0.0298808 0.0431838 0.054612 0.0607498 0.0600296 0.053645 0.0446804 0.0361882 0.0297258 0.0252091 0.0217326
 1.13494e-16 3.83777e-05 0.000373045 0.00247902 0.0112693 0.035063 0.0747064 0.109042 0.109068 0.0748354 0.035497 0.0125262 0.00564698 0.00733191 0.0133815 0.0223946 0.0330372 0.0431863 0.0506665 0.0544397 0.0550889 0.0541233 0.0527209 0.0509941 0.0482549 0.0438358
 1.17376e-16 4.52774e-05 0.000440113 0.00292471 0.0132953 0.0413667 0.0881369 0.128643 0.128663 0.0882367 0.0417024 0.0142671 0.00537323 0.00581579 0.010346 0.0172763 0.0254685 0.0332935 0.0391442 0.0423645 0.0436119 0.0442527 0.045274 0.0466023 0.0472759 0.04618
 1.11582e-16 5.75329e-05 0.00055924 0.00371635 0.016894 0.0525636 0.111993 0.16346 0.163476 0.112071 0.0528277 0.017658 0.00563814 0.00476846 0.00809346 0.0134018 0.0195731 0.0252103 0.0289502 0.0302285 0.02962 0.0283949 0.0276418 0.0276477 0.0279147 0.0276399
 1.04486e-16 6.66364e-05 0.000647729 0.00430439 0.0195671 0.0608807 0.129713 0.189323 0.189336 0.129776 0.0610925 0.0201791 0.00584167 0.00400796 0.00646138 0.0106116 0.0153648 0.0195066 0.0218531 0.0218778 0.0200225 0.0173776 0.0149915 0.0133498 0.0123311 0.0115159
 1.02942e-16 6.14662e-05 0.000597474 0.00397042 0.018049 0.0561572 0.11965 0.174636 0.174656 0.119746 0.0564821 0.0189875 0.00632668 0.00574271 0.00983768 0.0161783 0.023328 0.0293968 0.0325013 0.0317757 0.0278802 0.0225375 0.0174841 0.0136554 0.0110772 0.00928538
 1.03667e-16 5.7062e-05 0.000554663 0.00368593 0.0167557 0.0521334 0.111077 0.162124 0.162146 0.111185 0.0524974 0.0178078 0.00632899 0.0063322 0.0110523 0.0182404 0.0264081 0.0334958 0.037433 0.0372503 0.0336223 0.0283437 0.0231876 0.0190546 0.0159156 0.0133111
 1.05676e-16 5.23353e-05 0.000508718 0.00338061 0.0153678 0.047815 0.101876 0.148696 0.14872 0.101995 0.0482166 0.0165289 0.00629914 0.00689282 0.0122149 0.0202107 0.0293437 0.037394 0.0421237 0.0424908 0.0392253 0.0342352 0.0293513 0.0254189 0.0222794 0.019363
 1.05593e-16 5.99147e-05 0.000582392 0.0038702 0.0175934 0.0547396 0.116629 0.170227 0.170244 0.116711 0.0550158 0.0183921 0.00587883 0.00497963 0.0084477 0.0139674 0.0203426 0.0260639 0.0296297 0.0303491 0.0287178 0.0259965 0.0233492 0.0212392 0.0194498 0.0175235
 1.01297e-16 7.61398e-05 0.000740106 0.00491827 0.0223577 0.0695632 0.148212 0.216321 0.216326 0.148238 0.0696505 0.02261 0.00555203 0.00212526 0.00271171 0.00437554 0.00632684 0.00802278 0.00896693 0.00893477 0.00810025 0.00690649 0.00578509 0.0049453 0.0043573 0.0038767
 1.02535e-16 3.47405e-05 0.00033769 0.00224407 0.0102013 0.0317402 0.0676277 0.0987154 0.0987669 0.0678792 0.0325842 0.0126382 0.00835759 0.013672 0.025325 0.0417232 0.0598913 0.0748755 0.0816494 0.0778977 0.065419 0.0489586 0.0334454 0.0217584 0.0142962 0.00996129
 1.01799e-16 7.52088e-05 0.000731056 0.00485812 0.0220843 0.0687126 0.1464 0.213675 0.213679 0.146417 0.068772 0.0222568 0.00529407 0.0016929 0.00193172 0.00315195 0.00471311 0.00630033 0.00763428 0.00856534 0.00911854 0.00939879 0.00944691 0.00918751 0.0085099 0.00739412
 1.02424e-16 5.19864e-05 0.000505327 0.00335808 0.0152653 0.0474963 0.101197 0.147707 0.147739 0.101356 0.048028 0.0168003 0.00720863 0.0089032 0.015978 0.0262729 0.0377042 0.0471297 0.0513922 0.0490555 0.0412849 0.031101 0.0216206 0.0146315 0.0103174 0.00789598
 1.05279e-16 5.2022e-05 0.000505673 0.00336037 0.0152758 0.0475287 0.101266 0.147805 0.147828 0.101376 0.0478999 0.0163497 0.00606264 0.00642685 0.011362 0.018869 0.0275653 0.0354696 0.0405635 0.0418614 0.0399028 0.0362107 0.0322011 0.0284608 0.0248293 0.0209677
 1.05413e-16 6.13775e-05 0.000596611 0.00396469 0.0180229 0.056076 0.119477 0.174383 0.174398 0.119553 0.0563323 0.0187638 0.00582783 0.00467492 0.00783963 0.0129503 0.018856 0.024153 0.0274533 0.0281282 0.0266552 0.0242199 0.0219053 0.0201227 0.0186304 0.016955
 1.03872e-16 6.31376e-05 0.00061372 0.00407838 0.0185397 0.0576841 0.122903 0.179384 0.1794 0.122985 0.0579599 0.0193367 0.00608003 0.00498746 0.00838194 0.0137899 0.0199371 0.0252403 0.0281322 0.0278997 0.0250996 0.021153 0.0174556 0.0147028 0.0128243 0.0113685
 1.08075e-16 2.9782e-05 0.000289491 0.00192377 0.00874523 0.0272099 0.0579753 0.0846266 0.0846739 0.0582064 0.0279858 0.0109872 0.0075548 0.0125933 0.0234299 0.0387738 0.0560557 0.0709202 0.0789321 0.0780353 0.0697376 0.0579936 0.0467339 0.0379931 0.0317281 0.0268651
 1.07836e-16 6.20234e-05 0.000602889 0.00400641 0.0182126 0.0566661 0.120733 0.176216 0.176225 0.120777 0.0568112 0.018634 0.00507288 0.00295973 0.00462264 0.00776565 0.0117004 0.0158058 0.0194706 0.0223907 0.0246595 0.0265066 0.0279266 0.0285547 0.0279009 0.0257176
 1.07241e-16 5.40759e-05 0.000525637 0.00349305 0.0158789 0.0494053 0.105264 0.153641 0.153666 0.105386 0.0498146 0.0170612 0.00646113 0.00700673 0.0123687 0.0203804 0.029403 0.0370979 0.0411412 0.0405174 0.0361488 0.0302768 0.0250883 0.0216462 0.0197498 0.0185233
 1.1046e-16 3.89393e-05 0.000378504 0.00251529 0.0114342 0.0355761 0.0758 0.110639 0.110673 0.0759639 0.0361268 0.0130265 0.00651913 0.00914181 0.0167494 0.0278051 0.0404648 0.0517574 0.05866 0.0597635 0.0560433 0.0500392 0.0441502 0.0394235 0.0355618 0.0317487
 1.0773e-16 6.20357e-05 0.000603009 0.00400721 0.0182162 0.0566774 0.120758 0.176252 0.176263 0.120813 0.0568646 0.0187584 0.005374 0.0036064 0.00582425 0.00968419 0.0143079 0.0187645 0.0221446 0.0240385 0.0247321 0.0248874 0.0249808 0.0249749 0.0244438 0.0229621
 1.05554e-16 5.91008e-05 0.000574481 0.00381763 0.0173544 0.0539961 0.115045 0.167916 0.167936 0.115145 0.0543329 0.0183275 0.00626103 0.00591106 0.0102024 0.0167958 0.024247 0.0306237 0.0340098 0.0335543 0.0299872 0.0251167 0.0207161 0.0176631 0.0158332 0.0145738
 1.09663e-16 3.20676e-05 0.000311709 0.00207142 0.00941638 0.0292981 0.0624242 0.0911188 0.0911612 0.0626313 0.0299936 0.0114266 0.00712283 0.0113569 0.0210614 0.0349059 0.0506038 0.0643163 0.0721328 0.072235 0.0659229 0.0566004 0.0475866 0.0405 0.0351671 0.0306028
 1.17699e-16 3.81148e-05 0.000370489 0.00246203 0.0111921 0.0348228 0.0741943 0.108293 0.108314 0.0742948 0.035161 0.0121735 0.0049425 0.00584157 0.0105944 0.0178901 0.0267927 0.0358562 0.0435981 0.0493176 0.0533567 0.0564952 0.0590198 0.0603214 0.0593291 0.0553288
 1.07236e-16 6.92365e-05 0.000673003 0.00447234 0.0203306 0.0632562 0.134774 0.196708 0.196716 0.134809 0.063374 0.0206717 0.00533125 0.00255713 0.00367513 0.00604089 0.00887765 0.011565 0.0135389 0.0145908 0.014996 0.0152927 0.0158768 0.0167321 0.0174712 0.0175999
pSPR Fmed_Fpbrs
0.748389   0.6 0.325
Fs Fmed_Fpbrs
0.14414   0.263246 0.63591
SSBpbr Bo_Bmed_Bpbrs
2.63091e+06  1.8374e+06  1.447e+06 723500
Ro
248166
SPR SPRFo_SPRFmed_SPRFpbrs
1.77132e+06 1.32563e+06 575678
Fref
0.263246
Nvult_r0
 303108 27068.4 12221.9 13741.5 5401.85
CTP_r0
 29289.9 2884.94 1302.6 1464.57 575.728
YTP_r0
391298
Np
 358116 104044 42317 3710.28 2148.91
Nvult_p0
 254072 74626.8 30352.5 2661.26 1541.34
CTP_p0
 48520 22371.2 1961.47 885.641 1320.89
 48520 15551.4 6325.12 554.576 321.198
YTP_p0
 830038 780560
CBA_c0
815195
log_Ro
12.2419
likeval ReclasPelacesDesembMPH_pf_preclas_ppelaces_ptallas_desvR_qrecl_qpela
 17.871 21.3969 0.109728 0.000811832 241.022 121.043 98.9414 0 23.225 1.58485e-05 7.63924e-06 0.557321 1.38099e-15 0 0
q_reclas_q_pelaces
0.568857 0.674879
M
1
N
 255804 60054.5 243955 13078.2 0.40284
 150059 87447.6 20357 82694.7 4433.33
 146226 48399.4 27780.7 6467.09 27679.2
 275141 47367.1 15449.8 8868.02 10900
 219948 83872.4 14129.7 4608.71 5896.84
 362077 75950.1 28751.4 4843.64 3601.29
 153100 117284 24243.6 9177.57 2695.66
 73744.1 43046.9 31970.9 6608.67 3236.57
 67154.1 26037.4 15127.2 11234.9 3459.73
 86903.5 21058.5 8016.07 4657.16 4524.01
 157012 26055.7 6166.73 2347.41 2688.6
 194267 54767.1 9032.87 2137.86 1745.86
 163707 55473.1 15188.9 2505.14 1077.09
 115583 47672.2 15724.8 4305.54 1015.44
 120179 29372.1 11609 3829.25 1295.75
 567973 34610.9 8223.74 3250.33 1434.92
 128380 165224 9799.63 2328.45 1326.57
 988800 40342.9 50986.7 3024.08 1127.91
 575823 313531 12574.9 15892.5 1294.17
 458750 172035 91451.9 3667.89 5013.09
 645608 141444 51974 27628.9 2622.64
 898720 207508 44760.3 16447.3 9573.16
 203529 278318 62998.8 13589.1 7899.75
 566223 67800.4 91660 20747.8 7077.05
 480411 190980 22640.6 30608 9291.54
 218990 161565 63566.9 7535.82 13280.4
 478959 74907.1 54803 21562 7060.89
 539187 161131 24941.8 18247.8 9530.56
 161920 183617 54386.3 8418.6 9376
 121045 55303.6 62179.9 18417.3 6025.93
 452779 40191.2 18147.1 20403.5 8020.69
pred_Ctot
 11508.4 3002.65 12197.4 653.895 0.0201415
 11817.9 7633.26 1776.96 7218.39 386.984
 11158.1 4094.25 2350.05 547.071 2341.47
 30266.5 5760.52 1878.92 1078.48 1325.6
 8574.38 3635.44 612.45 199.764 255.598
 27635.3 6426.3 2432.71 409.831 304.713
 23315 19676.1 4067.22 1539.67 452.236
 1881.86 1222.68 908.087 187.71 91.9301
 6347.27 2724.22 1582.71 1175.48 361.981
 10333.4 2766.23 1052.99 611.763 594.272
 5167.63 953.946 225.775 85.9431 98.4345
 28054.4 8718.68 1437.99 340.337 277.934
 21982.4 8218.51 2250.27 371.143 159.575
 23280.6 10533 3474.35 951.296 224.359
 16828.3 4535.63 1792.65 591.311 200.089
 76576 5148.24 1223.25 483.475 213.439
 11984.4 17075 1012.74 240.633 137.094
 87360 3947.47 4988.94 295.9 110.363
 69555.4 41832.3 1677.78 2120.43 172.673
 47626.1 19755.3 10501.7 421.196 575.669
 52117.2 12653.5 4649.58 2471.67 234.621
 91143 23281.8 5021.99 1845.35 1074.08
 12253.9 18600.2 4210.27 908.172 527.947
 29976.1 3986.56 5389.46 1219.94 416.119
 26255.9 11591 1374.11 1857.67 563.925
 9774.37 8014.49 3153.26 373.817 658.779
 26082.3 4529.99 3314.2 1303.95 427.006
 25484.8 8462.4 1309.92 958.353 500.534
 7370.5 9288.46 2751.18 425.862 474.294
 7518.08 3812.2 4286.2 1269.54 415.381
 29289.9 2884.94 1302.6 1464.57 575.728
F
 0.073373 0.0818276 0.0818276 0.0818276 0.0818276
 0.131541 0.146699 0.146699 0.146699 0.146699
 0.127229 0.141889 0.141889 0.141889 0.141889
 0.187988 0.20965 0.20965 0.20965 0.20965
 0.0633152 0.0706109 0.0706109 0.0706109 0.0706109
 0.127259 0.141923 0.141923 0.141923 0.141923
 0.268798 0.299771 0.299771 0.299771 0.299771
 0.0410664 0.0457984 0.0457984 0.0457984 0.0457984
 0.159686 0.178087 0.178087 0.178087 0.178087
 0.204562 0.228134 0.228134 0.228134 0.228134
 0.0532322 0.0593661 0.0593661 0.0593661 0.0593661
 0.253336 0.282528 0.282528 0.282528 0.282528
 0.233727 0.260659 0.260659 0.260659 0.260659
 0.369943 0.412571 0.412571 0.412571 0.412571
 0.244812 0.273021 0.273021 0.273021 0.273021
 0.234771 0.261823 0.261823 0.261823 0.261823
 0.15758 0.175737 0.175737 0.175737 0.175737
 0.148594 0.165717 0.165717 0.165717 0.165717
 0.208104 0.232084 0.232084 0.232084 0.232084
 0.176602 0.196952 0.196952 0.196952 0.196952
 0.135024 0.150583 0.150583 0.150583 0.150583
 0.172208 0.192052 0.192052 0.192052 0.192052
 0.0992422 0.110678 0.110678 0.110678 0.110678
 0.0868198 0.0968239 0.0968239 0.0968239 0.0968239
 0.0897359 0.100076 0.100076 0.100076 0.100076
 0.0727757 0.0811615 0.0811615 0.0811615 0.0811615
 0.0894005 0.099702 0.099702 0.099702 0.099702
 0.0772069 0.0861033 0.0861033 0.0861033 0.0861033
 0.074265 0.0828224 0.0828224 0.0828224 0.0828224
 0.102516 0.114328 0.114328 0.114328 0.114328
 0.106968 0.119294 0.119294 0.119294 0.119294
YTP_r0W_actual
 243106 40677.6 35951.8 50088.2 21474.7
YTP_p0W_proyectada
 363415 350557 45368.9 26011.3 44685.6
 363415 243690 146300 16287.9 10866.1
CTP_r0_actual
 29289.9 2884.94 1302.6 1464.57 575.728
CTP_p0_proyectada
 48520 22371.2 1961.47 885.641 1320.89
 48520 15551.4 6325.12 554.576 321.198
Wmedp
 7.49 15.67 23.13 29.37 33.83
Frms_r0
 0.106968 0.119294 0.119294 0.119294 0.119294
Zrms_r0
 1.10697 1.11929 1.11929 1.11929 1.11929
nmprior
 8.19 8.8 8.5 0
nm_flota  nm_reclas  nm_pelaces    nm_pelaL
inf 11.4152 17.1451 40.2143
cv_recla  cv_pelaces  cv_mph
0.382384 0.437085 0.879303
 ------------------------------------------------
Talla a la edad & desviaci?n 
 8 13.2811 15.8009 17.003 17.5766
 0.8 1.32811 1.58009 1.7003 1.75766
