years
 1991 1992 1993 1994 1995 1996 1997 1998 1999 2000 2001 2002 2003 2004 2005 2006 2007 2008 2009 2010 2011 2012 2013 2014 2015 2016 2017 2018 2019 2020 2021
reclasobs
 0 0 0 0 0 0 0 0 0 252601 567819 844713 477998 351125 339783 2.1784e+06 2.13404e+06 4.81314e+06 1.55562e+06 2.62356e+06 3.21686e+06 3.843e+06 1.13348e+06 3.07943e+06 1.97215e+06 2.03268e+06 2.025e+06 2.42433e+06 2.27542e+06 1.05018e+06 2.36338e+06
reclaspred
 3.3482e+06 1.94255e+06 988199 968351 960603 1.4287e+06 1.02279e+06 931518 688525 521960 512293 620757 629295 534521 543206 1.12902e+06 1.14342e+06 2.51207e+06 2.21417e+06 1.75974e+06 3.08751e+06 2.50646e+06 2.10594e+06 3.08497e+06 2.33842e+06 2.06919e+06 2.376e+06 2.47157e+06 2.09804e+06 1.38772e+06 1.89845e+06
pelacesobs
 0 0 0 0 0 0 0 0 0 0 0 0 0 0 0 552880 188675 0 991730 2.46772e+06 1.41603e+06 1.21717e+06 2.29649e+06 1.80582e+06 0 1.4828e+06 1.56532e+06 1.57751e+06 1.42118e+06 867257 1.10002e+06
pelacespred
 1.89045e+06 1.24345e+06 650866 517670 512341 786688 559314 574539 431849 317354 311287 322805 354937 330651 336446 571243 572631 1.4177e+06 1.32218e+06 990690 1.60208e+06 1.48683e+06 1.2051e+06 1.89383e+06 1.41256e+06 1.23284e+06 1.5991e+06 1.64558e+06 1.15149e+06 874300 1.19068e+06
mphobs
 0 0 0 0 0 0 0 0 0 0 0 498337 0 5186 125008 0 168611 109162 213762 579715 649985 157893 87575 83554 0 0 0 0 0 0 0
mphpred
 492330 332306 173309 93189 103367 112055 147249 107422 91748.9 67277.9 46227.9 58456 64209.4 57953.2 45181.7 54352.3 130325 128649 251232 209232 235547 280497 268930 230865 302838 250058 206747 214281 290147 207039 134001
desembarqueobs
 494567 514787 250237 358949 120608 361735 552515 73892 212993 205616 52469 317467 293654 387597 252695 516296 358380 742168 942051 627588 828172 859565 418607 520667 417249 300574 415391 372974 316634 284311 391294
desembarquepred
 494571 512984 251166 358962 120610 361743 552549 73894 213018 205640 52470.4 317514 293696 387650 252702 516300 358407 742122 941961 627525 828221 859589 418611 520682 417251 300576 415393 372968 316633 284318 391297
Reclutas
 310731 186640 178503 348986 279120 457297 193985 95650.2 86374.2 110831 198675 238247 202058 143534 152080 703878 165572 1.21364e+06 714470 562211 817602 1.1301e+06 259602 731848 615888 281617 617741 694060 208142 156032 585351
log_desv_Rt
 -0.00878677 -0.518532 -0.563108 0.107318 -0.116072 0.37762 -0.479935 -1.18702 -1.28902 -1.0397 -0.456041 -0.274404 -0.439157 -0.781139 -0.723309 0.808892 -0.638305 1.35366 0.823827 0.584163 0.958662 1.28235 -0.188566 0.84786 0.675351 -0.107166 0.678355 0.794845 -0.409491 -0.697651 0.624498
SSB
 7.07229e+06 4.77356e+06 2.48958e+06 1.33866e+06 1.48486e+06 1.60967e+06 2.11522e+06 1.54311e+06 1.31797e+06 966444 664062 839717 922365 832495 649034 780769 1.87211e+06 1.84804e+06 3.60893e+06 3.0056e+06 3.38363e+06 4.02932e+06 3.86317e+06 3.31636e+06 4.35026e+06 3.59207e+06 2.96992e+06 3.07813e+06 4.16795e+06 2.9741e+06 1.92492e+06
BT
 9.12576e+06 6.24019e+06 3.25598e+06 2.69167e+06 2.45483e+06 3.93313e+06 3.07499e+06 2.70992e+06 2.20031e+06 1.6625e+06 1.48001e+06 1.75761e+06 1.90409e+06 1.92845e+06 1.80442e+06 3.05629e+06 2.92134e+06 7.18795e+06 6.99862e+06 5.12882e+06 8.04813e+06 7.66203e+06 5.91698e+06 9.20526e+06 6.89004e+06 5.94561e+06 7.78857e+06 7.9521e+06 5.56408e+06 4.30188e+06 5.86098e+06
Ftot
 0.0604021 0.107416 0.103578 0.152828 0.0519175 0.10518 0.218701 0.0327767 0.12705 0.161169 0.0428797 0.209734 0.191388 0.295162 0.19259 0.190874 0.128279 0.123704 0.17457 0.146657 0.111008 0.141572 0.0815428 0.0705246 0.0736153 0.0598804 0.0729644 0.0631857 0.0617028 0.0839288 0.086365
BD_Bspro_t
 0.990382 0.925814 0.840353 0.78377 0.777443 0.82045 0.813427 0.719002 0.757265 0.736801 0.718251 0.824387 0.744314 0.683855 0.613214 0.655582 0.742877 0.7327 0.800834 0.744191 0.730734 0.762565 0.776242 0.778407 0.839905 0.844895 0.84997 0.867826 0.890355 0.856466 0.821117
BD_Bspro
 3.16087 2.13348 1.11269 0.598295 0.663638 0.719422 0.94537 0.689673 0.589049 0.43194 0.296794 0.375301 0.412239 0.372073 0.290077 0.348954 0.836715 0.825956 1.61296 1.34331 1.51227 1.80085 1.72659 1.4822 1.94429 1.60543 1.32737 1.37573 1.86281 1.32924 0.860317
BD_Bo
 2.13188 1.43895 0.750463 0.403526 0.447598 0.485222 0.637615 0.465157 0.39729 0.291326 0.200176 0.253126 0.278039 0.250949 0.195646 0.235356 0.564331 0.557075 1.08788 0.906012 1.01996 1.2146 1.16452 0.999689 1.31135 1.0828 0.895255 0.927877 1.25639 0.896518 0.58025
BD_Brms
 3.87615 2.61627 1.36448 0.733684 0.813814 0.882221 1.1593 0.84574 0.722346 0.529684 0.363956 0.460228 0.505526 0.45627 0.355719 0.42792 1.02606 1.01286 1.97796 1.6473 1.85448 2.20837 2.11731 1.81762 2.38427 1.96872 1.62774 1.68705 2.28435 1.63003 1.055
Sel_flota
 0.948479 1 1 1 1
 0.948479 1 1 1 1
 0.948479 1 1 1 1
 0.948479 1 1 1 1
 0.948479 1 1 1 1
 0.948479 1 1 1 1
 0.948479 1 1 1 1
 0.948479 1 1 1 1
 0.948479 1 1 1 1
 0.948479 1 1 1 1
 0.948479 1 1 1 1
 0.948479 1 1 1 1
 0.948479 1 1 1 1
 0.948479 1 1 1 1
 0.948479 1 1 1 1
 0.948479 1 1 1 1
 0.948479 1 1 1 1
 0.948479 1 1 1 1
 0.948479 1 1 1 1
 0.948479 1 1 1 1
 0.948479 1 1 1 1
 0.948479 1 1 1 1
 0.948479 1 1 1 1
 0.948479 1 1 1 1
 0.948479 1 1 1 1
 0.948479 1 1 1 1
 0.948479 1 1 1 1
 0.948479 1 1 1 1
 0.948479 1 1 1 1
 0.948479 1 1 1 1
 0.948479 1 1 1 1
Sel_reclas
 1 1 1 1 1
 1 1 1 1 1
 1 1 1 1 1
 1 1 1 1 1
 1 1 1 1 1
 1 1 1 1 1
 1 1 1 1 1
 1 1 1 1 1
 1 1 1 1 1
 1 1 1 1 1
 1 1 1 1 1
 1 1 1 1 1
 1 1 1 1 1
 1 1 1 1 1
 1 1 1 1 1
 1 1 1 1 1
 1 1 1 1 1
 1 1 1 1 1
 1 1 1 1 1
 1 1 1 1 1
 1 1 1 1 1
 1 1 1 1 1
 1 1 1 1 1
 1 1 1 1 1
 1 1 1 1 1
 1 1 1 1 1
 1 1 1 1 1
 1 1 1 1 1
 1 1 1 1 1
 1 1 1 1 1
 1 1 1 1 1
Sel_pelaces
 1 1 1 1 1
 1 1 1 1 1
 1 1 1 1 1
 1 1 1 1 1
 1 1 1 1 1
 1 1 1 1 1
 1 1 1 1 1
 1 1 1 1 1
 1 1 1 1 1
 1 1 1 1 1
 1 1 1 1 1
 1 1 1 1 1
 1 1 1 1 1
 1 1 1 1 1
 1 1 1 1 1
 1 1 1 1 1
 1 1 1 1 1
 1 1 1 1 1
 1 1 1 1 1
 1 1 1 1 1
 1 1 1 1 1
 1 1 1 1 1
 1 1 1 1 1
 1 1 1 1 1
 1 1 1 1 1
 1 1 1 1 1
 1 1 1 1 1
 1 1 1 1 1
 1 1 1 1 1
 1 1 1 1 1
 1 1 1 1 1
pf_obs 
 0.8446 0.082 0.0669 0.0065 0
 0.8095 0.147 0.0364 0.0071 0
 0.9664 0.0169 0.016 0.0007 0
 0.9276 0.0648 0.0075 0.0001 0
 0.7033 0.2144 0.0806 0.0017 0
 0.9318 0.0425 0.0243 0.0014 0
 0.5671 0.3108 0.0964 0.0239 0.0018
 0.0768 0.2599 0.5324 0.112 0.0189
 0.490249 0.384438 0.106611 0.0170017 0.00170017
 0.7925 0.1577 0.0466 0.003 0.0002
 0.840416 0.127587 0.0312969 0.00059994 9.999e-05
 0.8084 0.0986 0.0794 0.0134 0.0002
 0.7335 0.1905 0.0724 0.0035 0.0001
 0.4001 0.4547 0.1325 0.0127 0
 0.49795 0.308269 0.164784 0.0264974 0.00249975
 0.9179 0.0499 0.0305 0.0017 0
 0.2467 0.6533 0.0926 0.0074 0
 0.9418 0.0223 0.034 0.0019 0
 0.707729 0.231977 0.0356964 0.0245975 0
 0.517169 0.277429 0.184464 0.0207286 0.00020938
 0.811772 0.124168 0.05621 0.00726502 0.000585176
 0.764997 0.148141 0.077277 0.00933861 0.000247198
 0.163321 0.427699 0.378323 0.0303852 0.000271297
 0.753843 0.0900009 0.118128 0.0371064 0.000921714
 0.721811 0.176058 0.0630433 0.0369309 0.00215725
 0.143369 0.312575 0.442814 0.0836902 0.0175525
 0.692698 0.0596174 0.167031 0.0765114 0.00414204
 0.394062 0.376323 0.152708 0.0712218 0.00568511
 0.125707 0.32114 0.495352 0.0537591 0.00404204
 0.23352 0.215282 0.420074 0.123614 0.00750983
 0.796117 0.104755 0.0508955 0.0450114 0.00322123
pf_pred 
 0.409171 0.104605 0.462464 0.0237593 7.06391e-07
 0.409813 0.249332 0.0603478 0.2668 0.0137074
 0.536761 0.196164 0.112829 0.0273089 0.126937
 0.754423 0.135231 0.0467278 0.0268767 0.0367424
 0.64607 0.270733 0.045814 0.0158306 0.0215532
 0.745424 0.167619 0.0665167 0.0112561 0.00918489
 0.478517 0.3942 0.083806 0.033257 0.0102201
 0.435795 0.278387 0.216056 0.045933 0.0238293
 0.519569 0.215755 0.130595 0.101355 0.0327264
 0.666504 0.177994 0.0698341 0.0422701 0.0433985
 0.785457 0.145725 0.0367298 0.0144106 0.0176781
 0.719836 0.222576 0.039116 0.00985917 0.00861339
 0.66213 0.247202 0.0720307 0.0126588 0.00597815
 0.598651 0.270972 0.0953904 0.0277952 0.00719166
 0.690033 0.190157 0.0808905 0.028476 0.0104443
 0.909931 0.0632711 0.0164401 0.00699342 0.00336487
 0.39997 0.548806 0.0359829 0.00934962 0.00589085
 0.898501 0.0419879 0.0544308 0.00356879 0.00151155
 0.607501 0.354644 0.0156599 0.0203006 0.00189478
 0.598723 0.249313 0.137307 0.00606303 0.00859337
 0.725662 0.168012 0.0660604 0.0363822 0.0038835
 0.745262 0.18767 0.0410737 0.0161497 0.0098437
 0.339045 0.499663 0.118827 0.0260065 0.0164582
 0.734388 0.0933789 0.130204 0.0309642 0.0110656
 0.633824 0.272795 0.0328292 0.0457757 0.0147764
 0.450051 0.355553 0.144821 0.0174284 0.0321459
 0.735419 0.122666 0.0917509 0.0373713 0.0127927
 0.6987 0.22477 0.0354811 0.0265389 0.0145099
 0.368578 0.44838 0.13655 0.0215551 0.0249375
 0.439146 0.213916 0.246364 0.0750279 0.0255456
 0.826135 0.0787336 0.0362842 0.041788 0.0170591
pobs_RECLAS
 0 0 0 0 0
 0 0 0 0 0
 0 0 0 0 0
 0 0 0 0 0
 0 0 0 0 0
 0 0 0 0 0
 0 0 0 0 0
 0 0 0 0 0
 0 0 0 0 0
 0 0 0 0 0
 0.991045 0.00858322 0.000360255 1.14367e-05 0
 0.934742 0.0480273 0.0164251 0.00080598 0
 0.827803 0.169806 0.00239088 0 0
 0.941827 0.0461693 0.0120037 0 0
 0.791401 0.0380133 0.147996 0.0225897 0
 0.846168 0.0940531 0.0597789 0 0
 0.134021 0.677848 0.182769 0.00536245 0
 0.80878 0.0450904 0.141981 0.00414843 0
 0.846168 0.0940531 0.0597789 0 0
 0.905697 0.0802665 0.012482 0.00150086 5.37128e-05
 0.989698 0.0102097 9.19794e-05 0 0
 0.975433 0.0193895 0.00387452 0.00125025 5.28907e-05
 0.303575 0.632131 0.0575291 0.00676475 0
 0.966965 0.00978017 0.0227588 0.000495775 0
 0.843318 0.132988 0.00938335 0.0141283 0.000182051
 0.564624 0.303363 0.111486 0.0197234 0.00080311
 0.826376 0.0876187 0.0782897 0.00655872 0.00115652
 0.89761 0.0855135 0.0140674 0.00269457 0.000114338
 0.34875 0.467042 0.161289 0.0227151 0.000203297
 0.318654 0.224769 0.449479 0.00709798 0
 0.937255 0.0296025 0.0250945 0.00804832 0
ppred_RECLAS
 0.422083 0.102319 0.452357 0.02324 6.90954e-07
 0.422787 0.243851 0.0590212 0.260935 0.013406
 0.550003 0.190557 0.109604 0.0265282 0.123308
 0.764223 0.129834 0.044863 0.0258041 0.0352761
 0.658121 0.261514 0.044254 0.0152916 0.0208193
 0.755421 0.161036 0.0639046 0.0108141 0.0088242
 0.492006 0.384003 0.0816382 0.0323968 0.00995573
 0.448877 0.271932 0.211046 0.0448679 0.0232767
 0.532905 0.209766 0.12697 0.0985412 0.031818
 0.678327 0.171683 0.0673583 0.0407716 0.0418599
 0.794267 0.139741 0.0352216 0.0138189 0.0169522
 0.730587 0.214035 0.037615 0.00948084 0.00828286
 0.67407 0.238466 0.0694853 0.0122115 0.0057669
 0.611669 0.262183 0.0922965 0.0268937 0.0069584
 0.701432 0.183163 0.0779156 0.0274287 0.0100602
 0.914247 0.0602387 0.0156522 0.00665825 0.0032036
 0.412877 0.537002 0.0352089 0.00914852 0.00576415
 0.903275 0.0400129 0.0518705 0.00340093 0.00144046
 0.620241 0.343132 0.0151516 0.0196417 0.00183327
 0.61153 0.241356 0.132925 0.00586953 0.00831911
 0.736166 0.161579 0.063531 0.0349892 0.0037348
 0.755299 0.180276 0.0394554 0.0155134 0.00945588
 0.351082 0.490564 0.116663 0.0255329 0.0161584
 0.744637 0.0897756 0.125179 0.0297693 0.0106386
 0.646087 0.263659 0.0317298 0.0442427 0.0142815
 0.463241 0.347026 0.141348 0.0170104 0.0313749
 0.745645 0.117925 0.0882049 0.0359269 0.0122983
 0.709776 0.216508 0.0341769 0.0255633 0.0139765
 0.381037 0.439533 0.133856 0.0211298 0.0244455
 0.452308 0.208896 0.240583 0.0732672 0.0249461
 0.833657 0.0753274 0.0347144 0.0399801 0.0163211
pobs_PELACES
 0 0 0 0 0
 0 0 0 0 0
 0 0 0 0 0
 0 0 0 0 0
 0 0 0 0 0
 0 0 0 0 0
 0 0 0 0 0
 0 0 0 0 0
 0 0 0 0 0
 0 0 0 0 0
 0 0 0 0 0
 0 0 0 0 0
 0 0 0 0 0
 0 0 0 0 0
 0 0 0 0 0
 0 0 0 0 0
 0.505614 0.472636 0.0217494 0 0
 0 0 0 0 0
 0.443492 0.261883 0.143347 0.151278 0
 0.227955 0.32914 0.350689 0.0885471 0.00366901
 0.970185 0.0296113 0.000203453 0 0
 0.997202 0.00247181 0.000326279 0 0
 0.445219 0.490057 0.0546422 0.010081 0
 0.90214 0.0892962 0.00764917 0.000914606 0
 0 0 0 0 0
 0.581667 0.319106 0.0959925 0.00289975 0.000334073
 0.762889 0.0836404 0.116647 0.0363945 0.000428098
 0.88444 0.0763242 0.0277011 0.0115352 0
 0.521256 0.241999 0.230069 0.00667565 0
 0.616807 0.101726 0.260614 0.0208532 0
 0.833518 0.0704572 0.0857862 0.0102388 0
ppred_PELACES
 0.422334 0.102275 0.452161 0.02323 6.90654e-07
 0.423233 0.243663 0.0589756 0.260733 0.0133957
 0.550439 0.190372 0.109498 0.0265026 0.123189
 0.764691 0.129576 0.0447739 0.0257529 0.0352061
 0.65832 0.261362 0.0442283 0.0152827 0.0208072
 0.755751 0.160819 0.0638184 0.0107995 0.00881229
 0.492936 0.383301 0.0814888 0.0323375 0.00993752
 0.449015 0.271864 0.210993 0.0448567 0.0232709
 0.533443 0.209524 0.126824 0.0984278 0.0317813
 0.678924 0.171364 0.0672332 0.0406958 0.0417822
 0.794386 0.13966 0.0352012 0.0138109 0.0169424
 0.731288 0.213477 0.037517 0.00945616 0.0082613
 0.674784 0.237944 0.069333 0.0121847 0.00575426
 0.61286 0.261378 0.0920133 0.0268112 0.00693705
 0.702117 0.182743 0.0777368 0.0273658 0.0100371
 0.914501 0.0600603 0.0156058 0.00663852 0.00319411
 0.413406 0.536518 0.0351772 0.00914028 0.00575895
 0.903459 0.039937 0.051772 0.00339447 0.00143772
 0.62094 0.342501 0.0151237 0.0196055 0.0018299
 0.612122 0.240988 0.132722 0.00586058 0.00830643
 0.736532 0.161355 0.0634428 0.0349406 0.00372962
 0.755743 0.179949 0.0393838 0.0154852 0.0094387
 0.351398 0.490325 0.116606 0.0255205 0.0161506
 0.744865 0.0896954 0.125068 0.0297428 0.0106291
 0.646373 0.263446 0.0317041 0.0442069 0.01427
 0.463494 0.346862 0.141281 0.0170024 0.0313601
 0.74588 0.117816 0.0881233 0.0358937 0.0122869
 0.709997 0.216343 0.0341508 0.0255439 0.0139659
 0.381284 0.439357 0.133802 0.0211214 0.0244357
 0.452661 0.208761 0.240427 0.0732199 0.02493
 0.833861 0.0752352 0.0346719 0.0399312 0.0163012
pobs_pel_tallas
 0 0 0 0 0 0 0 0 0 0 0 0 0 0 0 0 0 0 0 0 0 0 0 0 0 0
 0 0 0 0 0 0 0 0 0 0 0 0 0 0 0 0 0 0 0 0 0 0 0 0 0 0
 0 0 0 0 0 0 0 0 0 0 0 0 0 0 0 0 0 0 0 0 0 0 0 0 0 0
 0 0 0 0 0 0 0 0 0 0 0 0 0 0 0 0 0 0 0 0 0 0 0 0 0 0
 0 0 0 0 0 0 0 0 0 0 0 0 0 0 0 0 0 0 0 0 0 0 0 0 0 0
 0 0 0 0 0 0 0 0 0 0 0 0 0 0 0 0 0 0 0 0 0 0 0 0 0 0
 0 0 0 0 0 0 0 0 0 0 0 0 0 0 0 0 0 0 0 0 0 0 0 0 0 0
 0 0 0 0 0 0 0 0 0 0 0 0 0 0 0 0 0 0 0 0 0 0 0 0 0 0
 0 0 0 0 0 0 0 0 0 0 0 0 0 0 0 0 0 0 0 0 0 0 0 0 0 0
 0 0 0 0 0 0 0 0 0 0 0 0 0 0 0 0 0 0 0 0 0 0 0 0 0 0
 0 0 0 0 0 0 0 0 0 0 0 0 0 0 0 0 0 0 0 0 0 0 0 0 0 0
 0 0 0 0 0 0 0 0 0 0 0 0 0 0 0 0 0 0 0 0 0 0 0 0 0 0
 0.00862536 0 0 0.000197151 0.00414017 0.0128641 0.00837892 0.0270097 0.101434 0.158115 0.152841 0.127902 0.109271 0.109419 0.0830992 0.0579132 0.0238553 0.00714673 0.00463305 0.00128148 0.00103504 0.000492878 0.000147863 0.000147863 4.92878e-05 0
 0 0 0 0 0 0 0 0 0 0 0 0 0 0 0 0 0 0 0 0 0 0 0 0 0 0
 0 0 0 0 0 0 0 0.0054083 0.00873648 0.0413646 0.0450493 0.0745869 0.0622846 0.0627006 0.0613931 0.0827291 0.12552 0.122667 0.0946155 0.0697135 0.0546179 0.0294188 0.0215738 0.0213955 0.0102223 0.00600262
 0 0 0 0 0.00359764 0.0251062 0.0480494 0.140153 0.205849 0.193036 0.1447 0.116669 0.0760912 0.0342217 0.00950174 0.001854 0.000860785 0 0 0 0.000165536 0 0.000143464 0 0 0
 0 0 0 0 0 0 0 0.000145254 0.000435761 0.0275982 0.070085 0.0708112 0.156366 0.174668 0.174014 0.160142 0.0824315 0.0480064 0.0283245 0.00493863 0.00203355 0 0 0 0 0
 0 0 0 0 0 0 0 0 0 0 0 0 0 0 0 0 0 0 0 0 0 0 0 0 0 0
 0 0 1.00437e-05 0.000401748 0.00122533 0.00171747 0.00176769 0.0269171 0.070346 0.194647 0.189555 0.159765 0.064822 0.0314167 0.0384472 0.0292271 0.0345202 0.0313363 0.0194345 0.0106764 0.0143323 0.0359363 0.0279516 0.0138201 0.00172751 0
 0 0.0021121 0.0136068 0.0755702 0.200478 0.177729 0.0527432 0.0373336 0.0318909 0.0142505 0.0149659 0.0166563 0.0217959 0.0798694 0.0677717 0.0528807 0.04013 0.0224614 0.0357745 0.0225083 0.00881397 0.00855152 0.00135912 0.000746735 0 0
 0 0 0 0 5.4009e-05 0.00500934 0.000945158 0.0243581 0.138947 0.33067 0.221406 0.137944 0.0707744 0.0437923 0.0131692 0.00525238 0.0047753 0.00276346 9.45158e-05 9.00151e-06 2.25038e-05 9.00151e-06 4.50075e-06 0 0 0
 0.000866109 0.00284123 0.00948549 0.0512746 0.133035 0.25785 0.225252 0.132002 0.0553304 0.0519788 0.0540692 0.017754 0.00435017 0.00159236 0.00146478 0.000404838 0.000125132 0.000115318 0.000107957 0.000100596 0 0 0 0 0 0
 0 0 0 0 0.00144013 0.00171154 0.00461396 0.0210425 0.0478622 0.0707936 0.0888783 0.103762 0.0637923 0.0337046 0.0602308 0.124433 0.169614 0.0934646 0.0462172 0.0250306 0.0313229 0.00938855 0.002487 0.000210481 0 0
 0 0.00764035 0.051015 0.0998891 0.058973 0.0496711 0.0374665 0.0718981 0.12319 0.153886 0.159021 0.0857701 0.0377988 0.023471 0.0147837 0.00900784 0.00315554 0.000888139 0.00291439 0.00214683 0.00393193 0.00274676 0.000635225 9.99891e-05 0 0
 0 0 0 0 0 0 0 0 0 0 0 0 0 0 0 0 0 0 0 0 0 0 0 0 0 0
 0 0 0 0 0 0 0 0 0 0 0 0 0 0 0 0 0 0 0 0 0 0 0 0 0 0
 0 0 0 0 0 0 0 0 0 0 0 0 0 0 0 0 0 0 0 0 0 0 0 0 0 0
 0 0 0 0 0 0 0 0 0 0 0 0 0 0 0 0 0 0 0 0 0 0 0 0 0 0
 0 0 0 0 0 0 0 0 0 0 0 0 0 0 0 0 0 0 0 0 0 0 0 0 0 0
 0 0 0 0 0 0 0 0 0 0 0 0 0 0 0 0 0 0 0 0 0 0 0 0 0 0
 0 0 0 0 0 0 0 0 0 0 0 0 0 0 0 0 0 0 0 0 0 0 0 0 0 0
ppred_pel_tallas
 1.15405e-16 3.47871e-05 0.000338143 0.00224708 0.0102149 0.0317824 0.0677161 0.0988359 0.0988464 0.067768 0.0319584 0.0107318 0.00357736 0.00335017 0.00607098 0.010803 0.017466 0.0259236 0.0359066 0.0470491 0.0586801 0.0694632 0.0773412 0.0801397 0.0766015 0.0671537
 1.3018e-16 3.48612e-05 0.000338863 0.00225187 0.0102367 0.0318502 0.0678611 0.0990502 0.0990738 0.0679766 0.0322383 0.0113596 0.00507825 0.0065359 0.0118883 0.0198341 0.0291639 0.0380368 0.0447249 0.0487467 0.0512672 0.0542637 0.0590306 0.0651656 0.0707197 0.0732723
 1.26714e-16 4.5339e-05 0.000440711 0.00292868 0.0133134 0.0414229 0.0882566 0.128817 0.128836 0.0883471 0.0417273 0.0141947 0.00514917 0.00531595 0.00938829 0.0156755 0.0231267 0.030289 0.0357635 0.0390602 0.0409303 0.0427947 0.0456941 0.0495739 0.0533512 0.0555581
 1.09866e-16 6.29866e-05 0.000612252 0.00406863 0.0184954 0.0575462 0.122609 0.178954 0.178966 0.12267 0.0577522 0.0190914 0.00556747 0.00389412 0.00632579 0.0104392 0.0152298 0.019588 0.0224488 0.0233821 0.0228606 0.0219125 0.0214246 0.0216408 0.0221589 0.0223
 1.06398e-16 5.4225e-05 0.000527086 0.00350267 0.0159227 0.0495414 0.105554 0.154065 0.15409 0.105677 0.0499551 0.0171177 0.00650335 0.00708081 0.0125108 0.0206241 0.0297716 0.0375888 0.0417118 0.041078 0.0365644 0.0303814 0.0247183 0.0206928 0.0182158 0.0165508
 1.04458e-16 6.22502e-05 0.000605094 0.00402107 0.0182792 0.0568734 0.121175 0.176862 0.176878 0.121252 0.0571291 0.0190186 0.00588037 0.00467476 0.00782305 0.0129178 0.0187977 0.0240484 0.0272635 0.0277853 0.02606 0.0232563 0.0204761 0.018198 0.016286 0.0143766
 1.07375e-16 4.06025e-05 0.000394671 0.00262273 0.0119226 0.0370957 0.0790378 0.115366 0.115403 0.0792186 0.0377029 0.013677 0.00702909 0.0100223 0.0183507 0.0303407 0.0438641 0.055506 0.06181 0.0611935 0.0548686 0.0459562 0.0375326 0.0311486 0.026688 0.0232086
 1.14595e-16 3.69848e-05 0.000359506 0.00238904 0.0108603 0.0337904 0.0719951 0.105084 0.105111 0.0721246 0.0342263 0.0121227 0.00557184 0.00735351 0.013455 0.0225399 0.0332979 0.043623 0.0513564 0.0554698 0.0565394 0.0560392 0.0550833 0.0537056 0.05115 0.0467147
 1.18963e-16 4.3939e-05 0.000427103 0.00283825 0.0129023 0.0401439 0.0855316 0.12484 0.124861 0.0856313 0.0404792 0.0138732 0.00528516 0.00580131 0.010348 0.0172986 0.0255417 0.0334763 0.0395272 0.0430657 0.0447593 0.0459538 0.0475804 0.0494795 0.0505919 0.0497197
 1.13137e-16 5.59221e-05 0.000543583 0.0036123 0.016421 0.0510919 0.108857 0.158884 0.158901 0.108939 0.0513648 0.0172102 0.00559772 0.00489312 0.00836267 0.0138612 0.0202643 0.0261448 0.0301119 0.0316006 0.0312163 0.0302698 0.0298646 0.0302543 0.0308667 0.0308116
 1.05304e-16 6.54325e-05 0.000636028 0.00422663 0.0192136 0.0597808 0.12737 0.185903 0.185916 0.127436 0.0600023 0.0198538 0.00583501 0.00415243 0.00675963 0.0111143 0.0161077 0.0204819 0.0230086 0.0231461 0.0213596 0.0187829 0.0164951 0.0149766 0.0140693 0.0133069
 1.03484e-16 6.02353e-05 0.000585508 0.00389091 0.0176875 0.0550326 0.117253 0.171139 0.17116 0.117354 0.0553704 0.0186636 0.00634156 0.00593759 0.0102316 0.0168378 0.0242932 0.030643 0.0339374 0.033282 0.0293634 0.0239637 0.0188699 0.0150304 0.0124481 0.0106233
 1.04258e-16 5.55811e-05 0.000540269 0.00359028 0.0163209 0.0507805 0.108194 0.157917 0.15794 0.108306 0.0511579 0.0174119 0.00633156 0.00653371 0.0114652 0.0189369 0.0274386 0.0348492 0.0390335 0.0389924 0.0354206 0.0301597 0.025016 0.0208872 0.0177139 0.0150066
 1.06585e-16 5.04805e-05 0.000490689 0.0032608 0.0148231 0.0461204 0.0982654 0.143426 0.143452 0.0983889 0.0465357 0.0160237 0.006279 0.00709452 0.0126368 0.0209282 0.0304178 0.038831 0.0438723 0.0444752 0.041389 0.0365591 0.0318306 0.0280212 0.0249188 0.021909
 1.06734e-16 5.78325e-05 0.000562153 0.0037357 0.016982 0.0528373 0.112576 0.164312 0.16433 0.112663 0.0531282 0.0178232 0.00585174 0.00519624 0.0089025 0.0147414 0.0215025 0.0276184 0.0315274 0.0325148 0.0311 0.0285857 0.0261513 0.0242267 0.0225297 0.020545
 1.01673e-16 7.53263e-05 0.000732198 0.00486571 0.0221188 0.0688199 0.146628 0.21401 0.214015 0.146657 0.0689152 0.0223941 0.0055574 0.0022444 0.00295394 0.00478201 0.00692379 0.00879799 0.00986873 0.00989502 0.00906682 0.00786194 0.00673964 0.00591263 0.00533277 0.00483143
 1.03044e-16 3.40518e-05 0.000330995 0.00219958 0.00999902 0.0311109 0.066287 0.0967587 0.0968104 0.0665394 0.031958 0.0124447 0.0083354 0.013715 0.0254215 0.0418917 0.0601527 0.0752439 0.0821323 0.0785017 0.0661549 0.0498394 0.0344747 0.0229169 0.0155357 0.0112115
 1.02089e-16 7.44167e-05 0.000723357 0.00480696 0.0218518 0.0679889 0.144858 0.211425 0.211429 0.144877 0.0680536 0.0220394 0.00528151 0.00177075 0.00209706 0.00343618 0.00514508 0.00689049 0.00837231 0.00942955 0.0100878 0.0104553 0.0105667 0.0103294 0.0096144 0.00839654
 1.028e-16 5.11461e-05 0.000497158 0.00330379 0.0150186 0.0467285 0.0995613 0.14532 0.145353 0.0997224 0.0472691 0.0165794 0.00721933 0.00903729 0.0162486 0.0267249 0.0383638 0.047978 0.0523645 0.050069 0.0422775 0.0320553 0.022556 0.0155756 0.0112776 0.00884889
 1.05886e-16 5.04197e-05 0.000490098 0.00325687 0.0148053 0.0460649 0.0981469 0.143253 0.143277 0.0982613 0.0464491 0.0159171 0.00605503 0.00662262 0.0117677 0.0195578 0.0285939 0.0368394 0.0422159 0.0437081 0.0418682 0.0382511 0.0342901 0.0305571 0.0268605 0.0228407
 1.06008e-16 6.06672e-05 0.000589707 0.00391881 0.0178144 0.0554272 0.118094 0.172365 0.172381 0.11817 0.0556839 0.0185568 0.00578606 0.00467831 0.00786247 0.0129998 0.0189529 0.0243295 0.0277539 0.0286058 0.0273609 0.0251869 0.0231321 0.0215629 0.0201955 0.0185319
 1.04333e-16 6.22496e-05 0.000605088 0.00402103 0.018279 0.0568729 0.121174 0.176861 0.176878 0.121259 0.057158 0.0191029 0.00609038 0.00512706 0.00866389 0.014261 0.0206247 0.0261248 0.0291463 0.0289574 0.0261372 0.0221539 0.0184432 0.0157103 0.0138645 0.0124211
 1.08783e-16 2.89443e-05 0.000281349 0.00186967 0.00849926 0.0264446 0.0563447 0.0822467 0.0822941 0.0565761 0.0272216 0.0107445 0.00750948 0.0126059 0.0234734 0.0388597 0.0562097 0.0711782 0.0793399 0.0786451 0.0705983 0.0591345 0.0481479 0.0396269 0.0334872 0.0286323
 1.08414e-16 6.13536e-05 0.000596379 0.00396315 0.0180159 0.0560542 0.11943 0.174313 0.174322 0.119473 0.0561999 0.0184391 0.00503455 0.00296525 0.00464859 0.00781961 0.0118021 0.0159849 0.019767 0.0228513 0.0253295 0.0274153 0.0290721 0.0298952 0.0293577 0.0271898
 1.07831e-16 5.3241e-05 0.000517521 0.00343911 0.0156337 0.0486424 0.103639 0.151269 0.151295 0.103763 0.0490592 0.0168375 0.00646143 0.00711739 0.0125947 0.0207586 0.0299565 0.0378138 0.0419713 0.0414026 0.0370527 0.031204 0.0260747 0.0227288 0.0209364 0.0197791
 1.11178e-16 3.81775e-05 0.000371099 0.00246608 0.0112105 0.0348801 0.074317 0.108475 0.108508 0.0744812 0.0354318 0.0128057 0.00647769 0.00915277 0.0167877 0.0278808 0.0406004 0.0519845 0.0590192 0.0603021 0.056807 0.0510585 0.0454251 0.0409143 0.0371907 0.0334143
 1.08253e-16 6.14372e-05 0.000597191 0.00396854 0.0180404 0.0561305 0.119592 0.174551 0.174563 0.119649 0.0563195 0.0185877 0.00534833 0.00362981 0.00588175 0.00978715 0.014473 0.0190085 0.0224848 0.0244956 0.0253308 0.0256512 0.0259194 0.0260717 0.0256511 0.0242066
 1.05967e-16 5.84815e-05 0.000568461 0.00377763 0.0171726 0.0534303 0.11384 0.166157 0.166178 0.113942 0.0537727 0.0181618 0.00626158 0.00599391 0.0103716 0.0170795 0.024663 0.0311632 0.0346375 0.0342258 0.0306732 0.0258164 0.0214509 0.0184555 0.0166865 0.0154637
 1.10227e-16 3.1406e-05 0.000305277 0.00202868 0.00922209 0.0286936 0.0611363 0.0892391 0.0892815 0.0613438 0.0293908 0.0112374 0.00709307 0.0113799 0.02112 0.0350126 0.0507783 0.0645806 0.0725102 0.0727518 0.0666062 0.0574704 0.0486442 0.0417169 0.0364846 0.0319414
 1.18554e-16 3.72852e-05 0.000362425 0.00240844 0.0109484 0.0340648 0.0725794 0.105936 0.105956 0.0726796 0.0344023 0.0119279 0.0048844 0.0058253 0.0105829 0.0178854 0.0268174 0.035955 0.0438388 0.0497832 0.0541274 0.0576244 0.0605131 0.0621254 0.0613364 0.0573977
 1.07784e-16 6.8684e-05 0.000667633 0.00443666 0.0201684 0.0627514 0.133699 0.195139 0.195146 0.133735 0.0628715 0.020516 0.00531211 0.00258842 0.00374588 0.00616332 0.00906544 0.0118266 0.0138789 0.0150163 0.0155238 0.0159486 0.0166848 0.0176984 0.0185715 0.0187775
pSPR Fmed_Fpbrs
0.802478   0.6 0.325
Fs Fmed_Fpbrs
0.105417   0.255875 0.615036
SSBpbr Bo_Bmed_Bpbrs
3.31739e+06  2.49627e+06  1.82457e+06 912283
Ro
313473
SPR SPRFo_SPRFmed_SPRFpbrs
2.23745e+06 1.79551e+06 727172
Fref
0.255875
Nvult_r0
 386949 35121.5 16185.6 18640.8 7609.74
CTP_r0
 29297.2 2792.12 1286.74 1481.92 604.967
YTP_r0
391297
Np
 461142 133089 56510.2 5094.79 3016.67
Nvult_p0
 328054 95181.4 40414.6 3643.66 2157.44
CTP_p0
 64067.5 28909.4 2606.39 1201.15 1850.14
 64067.5 19392.5 8234.17 742.368 439.563
YTP_p0
 1.09103e+06 1.01088e+06
CBA_c0
1.06698e+06
log_Ro
12.4755
likeval ReclasPelacesDesembMPH_pf_preclas_ppelaces_ptallas_desvR_qrecl_qpela
 18.8247 21.6765 0.130855 0.000813209 241.417 122.213 98.92 0 23.029 3.63711e-05 2.38203e-05 0.662785 8.54405e-16 0 0
q_reclas_q_pelaces
0.425455 0.499392
M
1
N
 310731 75443.1 333536 17135.6 0.509461
 186640 107947 26127.2 115509 5934.51
 178503 62010.2 35666.8 8632.72 40126.4
 348986 59523.1 20567.7 11830 16172.5
 279120 111061 18794 6494.1 8841.61
 457297 97748.6 38789.9 6564.12 5356.26
 193985 152257 32369.5 12845.3 3947.45
 95650.2 57994.3 45009.4 9568.89 4964.18
 86374.2 34110.7 20647 16024.1 5174.02
 110831 28168 11051.4 6689.36 6867.93
 198675 34992.9 8819.95 3460.43 4245.06
 238247 70175.7 12332.8 3108.49 2715.71
 202058 71835.7 20931.8 3678.6 1737.22
 143534 61993.5 21823.6 6359.06 1645.32
 152080 39909.7 16977.1 5976.48 2192.03
 703878 46606.3 12110 5151.45 2478.61
 165572 216062 14166.3 3680.89 2319.2
 1.21364e+06 53932.8 69915.4 4584.06 1941.57
 714470 397043 17532.1 22727.6 2121.31
 562211 222731 122667 5416.58 7677.13
 817602 179967 70761 38971.1 4159.84
 1.1301e+06 270720 59250.1 23296.4 14199.8
 259602 363501 86445.5 18919.5 11973.2
 731848 88394.2 123253 29311.3 10474.9
 615888 251812 30304.1 42254.7 13639.8
 281617 211292 86061.9 10357 19103.1
 617741 97880.9 73212.2 29820.2 10207.9
 694060 212059 33474.6 25038.1 13689.3
 208142 240478 73235.3 11560.6 13374.7
 156032 72218.7 83173.2 25329.6 8624.26
 585351 53008.8 24429 28134.5 11485.4
pred_Ctot
 10988 2809.11 12419.2 638.04 0.0189697
 11523.5 7010.95 1696.92 7502.13 385.436
 10643.2 3889.65 2237.23 541.496 2516.97
 30121.9 5399.37 1865.7 1073.11 1467.02
 8512.05 3566.93 603.605 208.571 283.966
 27670.7 6222.15 2469.16 417.837 340.951
 23362.7 19246.1 4091.68 1623.71 498.978
 1855.46 1185.27 919.891 195.567 101.457
 6259.77 2599.42 1573.41 1221.12 394.288
 10055.9 2685.48 1053.62 637.75 654.774
 5021.91 931.707 234.836 92.1359 113.027
 27611.3 8537.51 1500.4 378.176 330.39
 21519.3 8034.07 2341 411.413 194.29
 22665.1 10259.1 3611.51 1052.34 272.278
 16290.7 4489.34 1909.71 672.279 246.576
 74776.6 5199.52 1351.02 574.708 276.519
 12109.8 16616 1089.44 283.075 178.355
 85750.5 4007.21 5194.72 340.596 144.259
 69853.9 40779 1800.66 2334.28 217.872
 46677.5 19436.9 10704.7 472.684 669.954
 52095.6 12061.7 4742.5 2611.9 278.798
 90751.6 22852.9 5001.6 1966.57 1198.68
 12290.9 18113.5 4307.63 942.772 596.631
 30097 3826.89 5336.06 1268.99 453.493
 26406.2 11365.1 1367.72 1907.09 615.61
 9874.51 7801.15 3177.51 382.394 705.309
 26258.1 4379.8 3275.96 1334.34 456.763
 25646.3 8250.35 1302.36 974.13 532.597
 7514.97 9142.05 2784.13 439.489 508.453
 7596.44 3700.37 4261.66 1297.85 441.893
 29297.2 2792.12 1286.74 1481.92 604.967
F
 0.0572901 0.0604021 0.0604021 0.0604021 0.0604021
 0.101882 0.107416 0.107416 0.107416 0.107416
 0.0982415 0.103578 0.103578 0.103578 0.103578
 0.144954 0.152828 0.152828 0.152828 0.152828
 0.0492426 0.0519175 0.0519175 0.0519175 0.0519175
 0.0997615 0.10518 0.10518 0.10518 0.10518
 0.207433 0.218701 0.218701 0.218701 0.218701
 0.031088 0.0327767 0.0327767 0.0327767 0.0327767
 0.120504 0.12705 0.12705 0.12705 0.12705
 0.152865 0.161169 0.161169 0.161169 0.161169
 0.0406705 0.0428797 0.0428797 0.0428797 0.0428797
 0.198928 0.209734 0.209734 0.209734 0.209734
 0.181527 0.191388 0.191388 0.191388 0.191388
 0.279955 0.295162 0.295162 0.295162 0.295162
 0.182667 0.19259 0.19259 0.19259 0.19259
 0.18104 0.190874 0.190874 0.190874 0.190874
 0.12167 0.128279 0.128279 0.128279 0.128279
 0.117331 0.123704 0.123704 0.123704 0.123704
 0.165576 0.17457 0.17457 0.17457 0.17457
 0.139101 0.146657 0.146657 0.146657 0.146657
 0.105289 0.111008 0.111008 0.111008 0.111008
 0.134278 0.141572 0.141572 0.141572 0.141572
 0.0773417 0.0815428 0.0815428 0.0815428 0.0815428
 0.0668911 0.0705246 0.0705246 0.0705246 0.0705246
 0.0698226 0.0736153 0.0736153 0.0736153 0.0736153
 0.0567953 0.0598804 0.0598804 0.0598804 0.0598804
 0.0692052 0.0729644 0.0729644 0.0729644 0.0729644
 0.0599303 0.0631857 0.0631857 0.0631857 0.0631857
 0.0585238 0.0617028 0.0617028 0.0617028 0.0617028
 0.0796048 0.0839288 0.0839288 0.0839288 0.0839288
 0.0819154 0.086365 0.086365 0.086365 0.086365
YTP_r0W_actual
 243167 39368.9 35514.1 50681.8 22565.3
YTP_p0W_proyectada
 479865 453011 60285.7 35277.7 62590.3
 479865 303880 190456 21803.3 14870.4
CTP_r0_actual
 29297.2 2792.12 1286.74 1481.92 604.967
CTP_p0_proyectada
 64067.5 28909.4 2606.39 1201.15 1850.14
 64067.5 19392.5 8234.17 742.368 439.563
Wmedp
 7.49 15.67 23.13 29.37 33.83
Frms_r0
 0.0819154 0.086365 0.086365 0.086365 0.086365
Zrms_r0
 1.08192 1.08636 1.08636 1.08636 1.08636
nmprior
 8.19 8.8 8.5 0
nm_flota  nm_reclas  nm_pelaces    nm_pelaL
inf 11.2385 16.3624 37.8445
cv_recla  cv_pelaces  cv_mph
0.392454 0.439932 0.880048
 ------------------------------------------------
Talla a la edad & desviaci?n 
 8 13.2811 15.8009 17.003 17.5766
 0.8 1.32811 1.58009 1.7003 1.75766
