years
 1991 1992 1993 1994 1995 1996 1997 1998 1999 2000 2001 2002 2003 2004 2005 2006 2007 2008 2009 2010 2011 2012 2013 2014 2015 2016 2017 2018 2019 2020 2021
reclasobs
 0 0 0 0 0 0 0 0 0 252601 567819 844713 477998 351125 339783 2.1784e+06 2.13404e+06 4.81314e+06 1.55562e+06 2.62356e+06 3.21686e+06 3.843e+06 1.13348e+06 3.07943e+06 1.97215e+06 2.03268e+06 2.025e+06 2.42433e+06 2.27542e+06 1.05018e+06 2.36338e+06
reclaspred
 3.31919e+06 1.89863e+06 964133 961658 960662 1.45882e+06 995838 897523 659672 492471 510169 630566 629659 516008 523057 1.14725e+06 1.12325e+06 2.62673e+06 2.27935e+06 1.7919e+06 3.11719e+06 2.52893e+06 2.09355e+06 3.09634e+06 2.33644e+06 2.07026e+06 2.39521e+06 2.50999e+06 2.10183e+06 1.37002e+06 1.89985e+06
pelacesobs
 0 0 0 0 0 0 0 0 0 0 0 0 0 0 0 552880 188675 0 991730 2.46772e+06 1.41603e+06 1.21717e+06 2.29649e+06 1.80582e+06 0 1.4828e+06 1.56532e+06 1.57751e+06 1.42118e+06 867257 1.10002e+06
pelacespred
 1.86757e+06 1.20217e+06 621117 503878 510808 800940 530368 557562 409150 293601 307365 320977 349487 309312 317359 569755 555283 1.48141e+06 1.34303e+06 990334 1.61907e+06 1.47524e+06 1.19373e+06 1.90777e+06 1.40659e+06 1.23394e+06 1.61707e+06 1.67482e+06 1.15572e+06 860834 1.1903e+06
mphobs
 0 0 0 0 0 0 0 0 0 0 0 498337 0 5186 125008 0 168611 109162 213762 579715 649985 157893 87575 83554 0 0 0 0 0 0 0
mphpred
 495951 333252 170693 92446.7 103211 114297 149697 103031 89300.5 63999.1 43297.9 59264.9 64154.6 56315 41531.7 50801.3 131327 126316 263610 213044 239311 284002 271993 231809 307346 253652 209662 218345 298945 209748 133059
desembarqueobs
 494567 514787 250237 358949 120608 361735 552515 73892 212993 205616 52469 317467 293654 387597 252695 516296 358380 742168 942051 627588 828172 859565 418607 520667 417249 300574 415391 372974 316634 284311 391294
desembarquepred
 494573 513182 251062 358969 120612 361747 552562 73895 213029 205650 52471 317527 293706 387655 252701 516294 358418 742102 941923 627494 828242 859593 418611 520689 417252 300577 415394 372966 316632 284320 391299
Reclutas
 245096 142881 139832 260184 207986 343108 144858 69305.6 63284.9 82108.2 148736 185674 156239 110139 113846 540925 120863 943995 547918 438256 611160 852673 192251 533058 453280 206391 451165 508252 152617 113979 426095
log_desv_Rt
 0.0416197 -0.498022 -0.519589 0.101357 -0.122561 0.378014 -0.484276 -1.22151 -1.31238 -1.05199 -0.457856 -0.236041 -0.408644 -0.75829 -0.725185 0.833249 -0.665376 1.39009 0.846095 0.622773 0.955327 1.28834 -0.20123 0.8186 0.656478 -0.130258 0.651801 0.770947 -0.432097 -0.724016 0.594631
SSB
 4.83511e+06 3.24893e+06 1.66411e+06 901279 1.00622e+06 1.1143e+06 1.45942e+06 1.00447e+06 870605 623938 422119 577783 625453 549024 404899 495270 1.28033e+06 1.23148e+06 2.56998e+06 2.077e+06 2.33308e+06 2.76879e+06 2.65171e+06 2.25995e+06 2.99636e+06 2.47289e+06 2.04403e+06 2.12868e+06 2.91447e+06 2.04486e+06 1.29721e+06
BT
 6.34281e+06 4.32477e+06 2.22504e+06 1.90326e+06 1.71524e+06 2.84964e+06 2.18035e+06 1.83272e+06 1.50947e+06 1.13143e+06 1.02106e+06 1.28735e+06 1.37702e+06 1.38597e+06 1.26108e+06 2.23086e+06 2.04432e+06 5.35722e+06 5.16549e+06 3.70454e+06 5.80451e+06 5.49015e+06 4.15219e+06 6.53484e+06 4.84662e+06 4.18116e+06 5.55336e+06 5.68656e+06 3.92701e+06 3.00596e+06 4.15324e+06
Ftot
 0.0880742 0.15823 0.153174 0.226457 0.0761184 0.152573 0.323832 0.0497594 0.193678 0.248881 0.0642925 0.303419 0.280663 0.447413 0.29738 0.282571 0.189698 0.177755 0.24844 0.211419 0.162091 0.206716 0.119169 0.104567 0.107804 0.0873625 0.107541 0.0927832 0.0889017 0.123255 0.129092
BD_Bspro_t
 0.986007 0.894479 0.777757 0.705818 0.700334 0.757653 0.748908 0.62518 0.673073 0.643521 0.618269 0.762404 0.662963 0.587161 0.497271 0.547334 0.663287 0.645242 0.740005 0.667562 0.651079 0.687712 0.704012 0.704747 0.782857 0.789413 0.795768 0.819525 0.850346 0.804173 0.755996
BD_Bspro
 2.88132 1.93609 0.991673 0.537086 0.599622 0.664031 0.869692 0.598577 0.518808 0.371815 0.251547 0.34431 0.372718 0.327172 0.241286 0.29514 0.762971 0.733856 1.53149 1.23772 1.39032 1.64996 1.58019 1.34674 1.78558 1.47364 1.21807 1.26851 1.73678 1.21857 0.773028
BD_Bo
 1.93841 1.30251 0.667149 0.361326 0.403396 0.446727 0.585086 0.402694 0.349029 0.250139 0.169229 0.231635 0.250746 0.220106 0.162326 0.198556 0.51329 0.493703 1.03031 0.832677 0.93534 1.11002 1.06308 0.90602 1.20125 0.991392 0.819458 0.853395 1.16842 0.819793 0.520056
BD_Brms
 3.52439 2.3682 1.213 0.656956 0.733448 0.812232 1.06379 0.732171 0.634598 0.454798 0.307689 0.421155 0.455903 0.400192 0.295137 0.36101 0.933254 0.897641 1.8733 1.51396 1.70062 2.01821 1.93287 1.64731 2.18409 1.80253 1.48992 1.55163 2.1244 1.49053 0.945556
Sel_flota
 0.883349 1 1 1 1
 0.883349 1 1 1 1
 0.883349 1 1 1 1
 0.883349 1 1 1 1
 0.883349 1 1 1 1
 0.883349 1 1 1 1
 0.883349 1 1 1 1
 0.883349 1 1 1 1
 0.883349 1 1 1 1
 0.883349 1 1 1 1
 0.883349 1 1 1 1
 0.883349 1 1 1 1
 0.883349 1 1 1 1
 0.883349 1 1 1 1
 0.883349 1 1 1 1
 0.883349 1 1 1 1
 0.883349 1 1 1 1
 0.883349 1 1 1 1
 0.883349 1 1 1 1
 0.883349 1 1 1 1
 0.883349 1 1 1 1
 0.883349 1 1 1 1
 0.883349 1 1 1 1
 0.883349 1 1 1 1
 0.883349 1 1 1 1
 0.883349 1 1 1 1
 0.883349 1 1 1 1
 0.883349 1 1 1 1
 0.883349 1 1 1 1
 0.883349 1 1 1 1
 0.883349 1 1 1 1
Sel_reclas
 1 1 1 1 1
 1 1 1 1 1
 1 1 1 1 1
 1 1 1 1 1
 1 1 1 1 1
 1 1 1 1 1
 1 1 1 1 1
 1 1 1 1 1
 1 1 1 1 1
 1 1 1 1 1
 1 1 1 1 1
 1 1 1 1 1
 1 1 1 1 1
 1 1 1 1 1
 1 1 1 1 1
 1 1 1 1 1
 1 1 1 1 1
 1 1 1 1 1
 1 1 1 1 1
 1 1 1 1 1
 1 1 1 1 1
 1 1 1 1 1
 1 1 1 1 1
 1 1 1 1 1
 1 1 1 1 1
 1 1 1 1 1
 1 1 1 1 1
 1 1 1 1 1
 1 1 1 1 1
 1 1 1 1 1
 1 1 1 1 1
Sel_pelaces
 1 1 1 1 1
 1 1 1 1 1
 1 1 1 1 1
 1 1 1 1 1
 1 1 1 1 1
 1 1 1 1 1
 1 1 1 1 1
 1 1 1 1 1
 1 1 1 1 1
 1 1 1 1 1
 1 1 1 1 1
 1 1 1 1 1
 1 1 1 1 1
 1 1 1 1 1
 1 1 1 1 1
 1 1 1 1 1
 1 1 1 1 1
 1 1 1 1 1
 1 1 1 1 1
 1 1 1 1 1
 1 1 1 1 1
 1 1 1 1 1
 1 1 1 1 1
 1 1 1 1 1
 1 1 1 1 1
 1 1 1 1 1
 1 1 1 1 1
 1 1 1 1 1
 1 1 1 1 1
 1 1 1 1 1
 1 1 1 1 1
pf_obs 
 0.8446 0.082 0.0669 0.0065 0
 0.8095 0.147 0.0364 0.0071 0
 0.9664 0.0169 0.016 0.0007 0
 0.9276 0.0648 0.0075 0.0001 0
 0.7033 0.2144 0.0806 0.0017 0
 0.9318 0.0425 0.0243 0.0014 0
 0.5671 0.3108 0.0964 0.0239 0.0018
 0.0768 0.2599 0.5324 0.112 0.0189
 0.490249 0.384438 0.106611 0.0170017 0.00170017
 0.7925 0.1577 0.0466 0.003 0.0002
 0.840416 0.127587 0.0312969 0.00059994 9.999e-05
 0.8084 0.0986 0.0794 0.0134 0.0002
 0.7335 0.1905 0.0724 0.0035 0.0001
 0.4001 0.4547 0.1325 0.0127 0
 0.49795 0.308269 0.164784 0.0264974 0.00249975
 0.9179 0.0499 0.0305 0.0017 0
 0.2467 0.6533 0.0926 0.0074 0
 0.9418 0.0223 0.034 0.0019 0
 0.707729 0.231977 0.0356964 0.0245975 0
 0.517169 0.277429 0.184464 0.0207286 0.00020938
 0.811772 0.124168 0.05621 0.00726502 0.000585176
 0.764997 0.148141 0.077277 0.00933861 0.000247198
 0.163321 0.427699 0.378323 0.0303852 0.000271297
 0.753843 0.0900009 0.118128 0.0371064 0.000921714
 0.721811 0.176058 0.0630433 0.0369309 0.00215725
 0.143369 0.312575 0.442814 0.0836902 0.0175525
 0.692698 0.0596174 0.167031 0.0765114 0.00414204
 0.394062 0.376323 0.152708 0.0712218 0.00568511
 0.125707 0.32114 0.495352 0.0537591 0.00404204
 0.23352 0.215282 0.420074 0.123614 0.00750983
 0.796117 0.104755 0.0508955 0.0450114 0.00322123
pf_pred 
 0.424078 0.111238 0.440759 0.0239245 7.44189e-07
 0.410142 0.269046 0.0619639 0.245521 0.0133273
 0.546761 0.200853 0.115118 0.0265129 0.110755
 0.749859 0.145048 0.0465718 0.0266924 0.0318282
 0.645901 0.274485 0.0461653 0.0148226 0.0186257
 0.742268 0.173937 0.0649548 0.0109247 0.00791528
 0.474595 0.403074 0.0825585 0.0308306 0.00894231
 0.439399 0.286636 0.210177 0.043049 0.020739
 0.521298 0.225464 0.129481 0.0949423 0.0288146
 0.675043 0.1805 0.0680378 0.039073 0.0373458
 0.793128 0.145902 0.0338665 0.0127656 0.0143381
 0.723534 0.22488 0.0363823 0.008445 0.00675864
 0.667949 0.249589 0.0670752 0.0108518 0.0045348
 0.607376 0.274457 0.0888218 0.0238702 0.00547565
 0.706376 0.18907 0.0730867 0.0236529 0.00781467
 0.917056 0.0610069 0.0141254 0.00546029 0.00235094
 0.391856 0.563972 0.0324896 0.00752253 0.00415991
 0.904799 0.0404602 0.050765 0.00292449 0.00105157
 0.601745 0.364768 0.014232 0.0178567 0.00139859
 0.60541 0.250605 0.131878 0.0051454 0.00696153
 0.721836 0.177478 0.0639464 0.0336509 0.0030893
 0.744929 0.190836 0.0409845 0.014767 0.00848431
 0.334867 0.512373 0.11429 0.0245453 0.013925
 0.730671 0.0982876 0.131758 0.02939 0.00989276
 0.629777 0.279778 0.0330064 0.0442464 0.0131917
 0.443477 0.367233 0.143047 0.0168758 0.0293674
 0.730567 0.128186 0.0932048 0.0363057 0.0117366
 0.69304 0.231952 0.0356859 0.0259474 0.0133746
 0.361406 0.459829 0.135083 0.0207825 0.0229001
 0.433357 0.222095 0.248097 0.0728829 0.0235686
 0.82439 0.0818594 0.0367454 0.0410474 0.0159578
pobs_RECLAS
 0 0 0 0 0
 0 0 0 0 0
 0 0 0 0 0
 0 0 0 0 0
 0 0 0 0 0
 0 0 0 0 0
 0 0 0 0 0
 0 0 0 0 0
 0 0 0 0 0
 0 0 0 0 0
 0.991045 0.00858322 0.000360255 1.14367e-05 0
 0.934742 0.0480273 0.0164251 0.00080598 0
 0.827803 0.169806 0.00239088 0 0
 0.941827 0.0461693 0.0120037 0 0
 0.791401 0.0380133 0.147996 0.0225897 0
 0.846168 0.0940531 0.0597789 0 0
 0.134021 0.677848 0.182769 0.00536245 0
 0.80878 0.0450904 0.141981 0.00414843 0
 0.846168 0.0940531 0.0597789 0 0
 0.905697 0.0802665 0.012482 0.00150086 5.37128e-05
 0.989698 0.0102097 9.19794e-05 0 0
 0.975433 0.0193895 0.00387452 0.00125025 5.28907e-05
 0.303575 0.632131 0.0575291 0.00676475 0
 0.966965 0.00978017 0.0227588 0.000495775 0
 0.843318 0.132988 0.00938335 0.0141283 0.000182051
 0.564624 0.303363 0.111486 0.0197234 0.00080311
 0.826376 0.0876187 0.0782897 0.00655872 0.00115652
 0.89761 0.0855135 0.0140674 0.00269457 0.000114338
 0.34875 0.467042 0.161289 0.0227151 0.000203297
 0.318654 0.224769 0.449479 0.00709798 0
 0.937255 0.0296025 0.0250945 0.00804832 0
ppred_RECLAS
 0.454846 0.105295 0.417212 0.0226464 7.04431e-07
 0.440875 0.255028 0.0587355 0.232729 0.012633
 0.577689 0.187147 0.107263 0.0247037 0.103197
 0.772855 0.131714 0.0422903 0.0242385 0.0289021
 0.673901 0.252781 0.0425148 0.0136506 0.0171528
 0.765574 0.158208 0.0590811 0.00993678 0.00719952
 0.50658 0.378535 0.0775325 0.0289537 0.00839792
 0.470268 0.270852 0.198604 0.0406785 0.019597
 0.552668 0.210689 0.120996 0.0887207 0.0269264
 0.702249 0.165388 0.0623415 0.0358017 0.0342191
 0.81284 0.132 0.0306395 0.0115493 0.0129719
 0.748341 0.204702 0.0331177 0.00768722 0.00615218
 0.695576 0.228823 0.0614944 0.00994889 0.0041575
 0.637912 0.253111 0.0819137 0.0220137 0.00504978
 0.732136 0.172482 0.0666748 0.0215778 0.00712909
 0.926248 0.0542464 0.01256 0.00485521 0.00209041
 0.422295 0.535744 0.0308634 0.00714601 0.0039517
 0.915113 0.0360766 0.045265 0.00260764 0.000937644
 0.631739 0.337296 0.0131601 0.0165119 0.00129326
 0.635179 0.231699 0.121928 0.00475722 0.00643632
 0.74638 0.161818 0.058304 0.0306816 0.00281671
 0.768191 0.173431 0.0372467 0.0134202 0.00771054
 0.363326 0.49045 0.1094 0.0234951 0.0133292
 0.754575 0.0895644 0.120065 0.0267816 0.00901476
 0.658458 0.258104 0.0304495 0.0408187 0.0121698
 0.474491 0.346768 0.135075 0.0159353 0.0277308
 0.754483 0.116808 0.0849316 0.0330831 0.0106949
 0.718972 0.212357 0.0326712 0.0237554 0.0122447
 0.390713 0.438725 0.128883 0.0198287 0.0218491
 0.464355 0.209945 0.234525 0.0688959 0.0222793
 0.841815 0.0737371 0.0330994 0.0369745 0.0143744
pobs_PELACES
 0 0 0 0 0
 0 0 0 0 0
 0 0 0 0 0
 0 0 0 0 0
 0 0 0 0 0
 0 0 0 0 0
 0 0 0 0 0
 0 0 0 0 0
 0 0 0 0 0
 0 0 0 0 0
 0 0 0 0 0
 0 0 0 0 0
 0 0 0 0 0
 0 0 0 0 0
 0 0 0 0 0
 0 0 0 0 0
 0.505614 0.472636 0.0217494 0 0
 0 0 0 0 0
 0.443492 0.261883 0.143347 0.151278 0
 0.227955 0.32914 0.350689 0.0885471 0.00366901
 0.970185 0.0296113 0.000203453 0 0
 0.997202 0.00247181 0.000326279 0 0
 0.445219 0.490057 0.0546422 0.010081 0
 0.90214 0.0892962 0.00764917 0.000914606 0
 0 0 0 0 0
 0.581667 0.319106 0.0959925 0.00289975 0.000334073
 0.762889 0.0836404 0.116647 0.0363945 0.000428098
 0.88444 0.0763242 0.0277011 0.0115352 0
 0.521256 0.241999 0.230069 0.00667565 0
 0.616807 0.101726 0.260614 0.0208532 0
 0.833518 0.0704572 0.0857862 0.0102388 0
ppred_PELACES
 0.455687 0.105133 0.416569 0.0226115 7.03345e-07
 0.442377 0.254343 0.0585777 0.232103 0.012599
 0.579127 0.18651 0.106897 0.0246195 0.102846
 0.774382 0.130828 0.0420061 0.0240756 0.0287079
 0.674545 0.252282 0.0424309 0.0136236 0.017119
 0.766627 0.157498 0.0588159 0.00989217 0.0071672
 0.509696 0.376145 0.077043 0.0287708 0.00834489
 0.470745 0.270608 0.198425 0.0406419 0.0195794
 0.55451 0.209822 0.120497 0.0883552 0.0268155
 0.704249 0.164278 0.0619229 0.0355613 0.0339894
 0.813216 0.131734 0.0305779 0.011526 0.0129458
 0.750534 0.202918 0.0328291 0.00762023 0.00609857
 0.697859 0.227107 0.0610333 0.00987428 0.00412632
 0.641881 0.250337 0.0810159 0.0217724 0.00499443
 0.734375 0.171041 0.0661174 0.0213974 0.00706949
 0.926988 0.0537024 0.0124341 0.00480652 0.00206945
 0.424078 0.534091 0.0307681 0.00712396 0.0039395
 0.915643 0.0358514 0.0449823 0.00259136 0.000931789
 0.633961 0.335261 0.0130807 0.0164122 0.00128545
 0.637063 0.230502 0.121299 0.00473265 0.00640309
 0.747559 0.161065 0.0580328 0.030539 0.00280361
 0.769605 0.172373 0.0370195 0.0133384 0.00766351
 0.364388 0.489632 0.109217 0.0234559 0.013307
 0.755319 0.0892927 0.1197 0.0267004 0.00898741
 0.65939 0.2574 0.0303663 0.0407073 0.0121366
 0.47533 0.346214 0.13486 0.0159099 0.0276865
 0.755249 0.116443 0.0846666 0.0329799 0.0106615
 0.719693 0.211812 0.0325873 0.0236945 0.0122133
 0.391528 0.438138 0.128711 0.0198022 0.0218199
 0.465535 0.209483 0.234008 0.068744 0.0222302
 0.842475 0.0734291 0.0329612 0.0368201 0.0143144
pobs_pel_tallas
 0 0 0 0 0 0 0 0 0 0 0 0 0 0 0 0 0 0 0 0 0 0 0 0 0 0
 0 0 0 0 0 0 0 0 0 0 0 0 0 0 0 0 0 0 0 0 0 0 0 0 0 0
 0 0 0 0 0 0 0 0 0 0 0 0 0 0 0 0 0 0 0 0 0 0 0 0 0 0
 0 0 0 0 0 0 0 0 0 0 0 0 0 0 0 0 0 0 0 0 0 0 0 0 0 0
 0 0 0 0 0 0 0 0 0 0 0 0 0 0 0 0 0 0 0 0 0 0 0 0 0 0
 0 0 0 0 0 0 0 0 0 0 0 0 0 0 0 0 0 0 0 0 0 0 0 0 0 0
 0 0 0 0 0 0 0 0 0 0 0 0 0 0 0 0 0 0 0 0 0 0 0 0 0 0
 0 0 0 0 0 0 0 0 0 0 0 0 0 0 0 0 0 0 0 0 0 0 0 0 0 0
 0 0 0 0 0 0 0 0 0 0 0 0 0 0 0 0 0 0 0 0 0 0 0 0 0 0
 0 0 0 0 0 0 0 0 0 0 0 0 0 0 0 0 0 0 0 0 0 0 0 0 0 0
 0 0 0 0 0 0 0 0 0 0 0 0 0 0 0 0 0 0 0 0 0 0 0 0 0 0
 0 0 0 0 0 0 0 0 0 0 0 0 0 0 0 0 0 0 0 0 0 0 0 0 0 0
 0.00862536 0 0 0.000197151 0.00414017 0.0128641 0.00837892 0.0270097 0.101434 0.158115 0.152841 0.127902 0.109271 0.109419 0.0830992 0.0579132 0.0238553 0.00714673 0.00463305 0.00128148 0.00103504 0.000492878 0.000147863 0.000147863 4.92878e-05 0
 0 0 0 0 0 0 0 0 0 0 0 0 0 0 0 0 0 0 0 0 0 0 0 0 0 0
 0 0 0 0 0 0 0 0.0054083 0.00873648 0.0413646 0.0450493 0.0745869 0.0622846 0.0627006 0.0613931 0.0827291 0.12552 0.122667 0.0946155 0.0697135 0.0546179 0.0294188 0.0215738 0.0213955 0.0102223 0.00600262
 0 0 0 0 0.00359764 0.0251062 0.0480494 0.140153 0.205849 0.193036 0.1447 0.116669 0.0760912 0.0342217 0.00950174 0.001854 0.000860785 0 0 0 0.000165536 0 0.000143464 0 0 0
 0 0 0 0 0 0 0 0.000145254 0.000435761 0.0275982 0.070085 0.0708112 0.156366 0.174668 0.174014 0.160142 0.0824315 0.0480064 0.0283245 0.00493863 0.00203355 0 0 0 0 0
 0 0 0 0 0 0 0 0 0 0 0 0 0 0 0 0 0 0 0 0 0 0 0 0 0 0
 0 0 1.00437e-05 0.000401748 0.00122533 0.00171747 0.00176769 0.0269171 0.070346 0.194647 0.189555 0.159765 0.064822 0.0314167 0.0384472 0.0292271 0.0345202 0.0313363 0.0194345 0.0106764 0.0143323 0.0359363 0.0279516 0.0138201 0.00172751 0
 0 0.0021121 0.0136068 0.0755702 0.200478 0.177729 0.0527432 0.0373336 0.0318909 0.0142505 0.0149659 0.0166563 0.0217959 0.0798694 0.0677717 0.0528807 0.04013 0.0224614 0.0357745 0.0225083 0.00881397 0.00855152 0.00135912 0.000746735 0 0
 0 0 0 0 5.4009e-05 0.00500934 0.000945158 0.0243581 0.138947 0.33067 0.221406 0.137944 0.0707744 0.0437923 0.0131692 0.00525238 0.0047753 0.00276346 9.45158e-05 9.00151e-06 2.25038e-05 9.00151e-06 4.50075e-06 0 0 0
 0.000866109 0.00284123 0.00948549 0.0512746 0.133035 0.25785 0.225252 0.132002 0.0553304 0.0519788 0.0540692 0.017754 0.00435017 0.00159236 0.00146478 0.000404838 0.000125132 0.000115318 0.000107957 0.000100596 0 0 0 0 0 0
 0 0 0 0 0.00144013 0.00171154 0.00461396 0.0210425 0.0478622 0.0707936 0.0888783 0.103762 0.0637923 0.0337046 0.0602308 0.124433 0.169614 0.0934646 0.0462172 0.0250306 0.0313229 0.00938855 0.002487 0.000210481 0 0
 0 0.00764035 0.051015 0.0998891 0.058973 0.0496711 0.0374665 0.0718981 0.12319 0.153886 0.159021 0.0857701 0.0377988 0.023471 0.0147837 0.00900784 0.00315554 0.000888139 0.00291439 0.00214683 0.00393193 0.00274676 0.000635225 9.99891e-05 0 0
 0 0 0 0 0 0 0 0 0 0 0 0 0 0 0 0 0 0 0 0 0 0 0 0 0 0
 0 0 0 0 0 0 0 0 0 0 0 0 0 0 0 0 0 0 0 0 0 0 0 0 0 0
 0 0 0 0 0 0 0 0 0 0 0 0 0 0 0 0 0 0 0 0 0 0 0 0 0 0
 0 0 0 0 0 0 0 0 0 0 0 0 0 0 0 0 0 0 0 0 0 0 0 0 0 0
 0 0 0 0 0 0 0 0 0 0 0 0 0 0 0 0 0 0 0 0 0 0 0 0 0 0
 0 0 0 0 0 0 0 0 0 0 0 0 0 0 0 0 0 0 0 0 0 0 0 0 0 0
 0 0 0 0 0 0 0 0 0 0 0 0 0 0 0 0 0 0 0 0 0 0 0 0 0 0
ppred_pel_tallas
 1.14316e-16 3.75343e-05 0.000364847 0.00242454 0.0110216 0.0342924 0.0730639 0.106641 0.106652 0.0731167 0.0344717 0.0115475 0.00377469 0.00341144 0.00611362 0.0108022 0.0173093 0.0254045 0.0347379 0.044927 0.0553935 0.065006 0.0719716 0.0743438 0.070967 0.0622039
 1.27165e-16 3.6438e-05 0.000354191 0.00235372 0.0106997 0.0332909 0.0709306 0.10353 0.103555 0.0710511 0.0336956 0.0118704 0.00529914 0.0068082 0.0123689 0.0206011 0.0302045 0.0391981 0.0456967 0.0491097 0.0505913 0.0522147 0.0554535 0.0601303 0.0645293 0.0664263
 1.23006e-16 4.7702e-05 0.00046368 0.00308132 0.0140072 0.0435818 0.0928563 0.13553 0.135548 0.092945 0.0438799 0.0148703 0.00525553 0.00523622 0.00919033 0.0153294 0.0225892 0.0295224 0.0347252 0.0376739 0.039059 0.0402415 0.0422476 0.0450884 0.0478296 0.0491998
 1.08519e-16 6.37848e-05 0.000620011 0.00412019 0.0187298 0.0582755 0.124163 0.181221 0.181234 0.124224 0.0584834 0.019331 0.00563182 0.00392863 0.00637376 0.0105073 0.0153035 0.0196262 0.0223805 0.0231121 0.0222858 0.0209428 0.0200052 0.0197694 0.0198966 0.0197702
 1.05553e-16 5.55614e-05 0.000540077 0.003589 0.0163151 0.0507624 0.108156 0.157861 0.157886 0.108275 0.0511617 0.0174685 0.00648506 0.00686502 0.0120763 0.0199001 0.0287189 0.0362431 0.040183 0.0395038 0.0350436 0.0289316 0.0232857 0.0192018 0.0166223 0.0148701
 1.03943e-16 6.31461e-05 0.000613802 0.00407893 0.0185422 0.0576919 0.122919 0.179407 0.179423 0.122994 0.0579422 0.0192659 0.00589838 0.00459523 0.00765267 0.012625 0.0183528 0.0234402 0.0265003 0.0268843 0.0250329 0.0221064 0.0192102 0.0168427 0.0148951 0.013023
 1.06617e-16 4.19831e-05 0.00040809 0.00271191 0.012328 0.038357 0.0817251 0.119288 0.119324 0.0819024 0.0389528 0.0140492 0.00703462 0.00985196 0.0179995 0.0297484 0.0429878 0.054354 0.0604432 0.0596922 0.0532894 0.0443091 0.0357972 0.0293133 0.0247824 0.0213091
 1.13185e-16 3.87747e-05 0.000376904 0.00250466 0.0113858 0.0354257 0.0754792 0.11017 0.110196 0.0756081 0.0358591 0.012641 0.00566806 0.00732502 0.0133592 0.0223509 0.0329598 0.043058 0.0504661 0.0541429 0.0546738 0.0535775 0.0520499 0.0502255 0.0474357 0.0430226
 1.1693e-16 4.56743e-05 0.000443971 0.00295034 0.0134118 0.0417293 0.0889095 0.12977 0.129791 0.0890093 0.0420648 0.0143831 0.00539719 0.00581541 0.0103365 0.0172553 0.0254264 0.0332147 0.0390056 0.0421362 0.0432608 0.0437501 0.0446058 0.0457779 0.0463321 0.045177
 1.11148e-16 5.80081e-05 0.000563859 0.00374704 0.0170335 0.0529977 0.112918 0.16481 0.164826 0.112996 0.0532591 0.0177896 0.00564881 0.00472893 0.00800882 0.0132576 0.0193568 0.0249193 0.0285911 0.0298092 0.0291395 0.0278397 0.0269933 0.0268963 0.0270717 0.0267407
 1.04263e-16 6.69836e-05 0.000651104 0.00432682 0.0196691 0.0611979 0.130389 0.190309 0.190322 0.130451 0.0614067 0.0202725 0.00584268 0.00396434 0.00637166 0.0104606 0.0151419 0.019215 0.0215092 0.0215032 0.019632 0.0169726 0.0145641 0.0128927 0.011847 0.0110204
 1.02796e-16 6.18206e-05 0.000600918 0.00399331 0.018153 0.0564809 0.120339 0.175643 0.175662 0.120435 0.056802 0.0190804 0.00632151 0.00568468 0.00972063 0.0159825 0.0230418 0.0290281 0.0320778 0.0313339 0.0274491 0.022128 0.0170918 0.0132713 0.0106984 0.00891878
 1.03508e-16 5.74818e-05 0.000558743 0.00371305 0.016879 0.0525169 0.111894 0.163317 0.163339 0.112001 0.052877 0.0179196 0.00632742 0.00627325 0.0109318 0.0180374 0.0261081 0.0331027 0.0369699 0.036749 0.0331088 0.0278302 0.0226757 0.0185462 0.0154206 0.0128475
 1.05431e-16 5.28709e-05 0.000513924 0.00341521 0.0155251 0.0483043 0.102918 0.150217 0.150242 0.103037 0.0487018 0.016674 0.00630292 0.00683013 0.0120848 0.01999 0.0290146 0.0369564 0.0415964 0.0419004 0.0385925 0.0335681 0.0286515 0.024694 0.0215513 0.0186657
 1.05295e-16 6.04895e-05 0.00058798 0.00390733 0.0177622 0.0552648 0.117748 0.17186 0.171877 0.117829 0.0555368 0.0185486 0.00588498 0.00491694 0.00831668 0.0137449 0.0200098 0.0256195 0.0290902 0.0297383 0.028053 0.0252824 0.0225849 0.0204322 0.0186244 0.0167192
 1.01205e-16 7.63547e-05 0.000742195 0.00493215 0.0224208 0.0697596 0.14863 0.216931 0.216937 0.148656 0.0698447 0.0226668 0.00554993 0.00209231 0.00264494 0.00426363 0.00616279 0.00781039 0.00872108 0.00867506 0.00784195 0.00665511 0.00553811 0.00469868 0.0041114 0.00363804
 1.02406e-16 3.49308e-05 0.00033954 0.00225637 0.0102571 0.031914 0.0679982 0.0992561 0.0993075 0.0682493 0.0327571 0.0126912 0.00836263 0.0136578 0.0252939 0.0416694 0.059809 0.0747615 0.0815036 0.0777209 0.0652106 0.0487165 0.033169 0.0214526 0.013973 0.00963851
 1.01725e-16 7.54203e-05 0.000733112 0.00487179 0.0221465 0.0689058 0.146811 0.214276 0.21428 0.146829 0.0689638 0.0223147 0.0052972 0.00167164 0.00188665 0.00307456 0.00459564 0.00614013 0.00743448 0.00833224 0.00885829 0.00911654 0.00914925 0.00888548 0.00821925 0.00713181
 1.02327e-16 5.22186e-05 0.000507583 0.00337307 0.0153335 0.0477084 0.101649 0.148367 0.148399 0.101807 0.0482375 0.016861 0.00720494 0.00886455 0.0159002 0.026143 0.037515 0.0468871 0.0511154 0.0487691 0.0410076 0.0308387 0.021368 0.0143804 0.0100647 0.00764693
 1.05118e-16 5.24741e-05 0.000510067 0.00338958 0.0154085 0.0479418 0.102146 0.14909 0.149112 0.102255 0.0483091 0.0164713 0.0060638 0.00636948 0.0112435 0.0186681 0.0272658 0.0350721 0.0400863 0.0413316 0.039344 0.0356364 0.0316192 0.0278822 0.0242733 0.0204589
 1.05254e-16 6.15755e-05 0.000598536 0.00397748 0.0180811 0.056257 0.119862 0.174945 0.174961 0.119938 0.056513 0.0188214 0.00583904 0.00467301 0.00783144 0.0129335 0.0188248 0.0240986 0.0273642 0.0279906 0.0264559 0.0239503 0.0215663 0.0197271 0.0182025 0.0165257
 1.03747e-16 6.33914e-05 0.000616187 0.00409478 0.0186143 0.057916 0.123397 0.180105 0.180121 0.123478 0.0581891 0.0194033 0.00607655 0.00494641 0.00829918 0.0136516 0.0197355 0.0249814 0.027836 0.027592 0.0247999 0.0208668 0.0171768 0.0144219 0.0125372 0.0110804
 1.07882e-16 3.00143e-05 0.000291749 0.00193878 0.00881344 0.0274221 0.0584275 0.0852865 0.0853338 0.0586584 0.0281978 0.0110546 0.00756771 0.0125905 0.0234192 0.0387521 0.0560158 0.0708518 0.0788217 0.0778676 0.0694984 0.0576747 0.0463381 0.0375362 0.0312375 0.026374
 1.07676e-16 6.22147e-05 0.000604749 0.00401877 0.0182687 0.0568409 0.121106 0.176759 0.176768 0.121149 0.0569858 0.0186894 0.00508329 0.00295698 0.00461303 0.00774664 0.0116663 0.0157486 0.0193798 0.0222543 0.0244656 0.0262478 0.0276034 0.0281789 0.0274943 0.0253082
 1.07079e-16 5.43131e-05 0.000527943 0.00350837 0.0159486 0.049622 0.105726 0.154315 0.15434 0.105847 0.0500291 0.0171246 0.00646078 0.00697471 0.0123035 0.0202712 0.0292431 0.0368913 0.0409019 0.0402628 0.0358899 0.0300129 0.0248096 0.0213424 0.0194187 0.0181744
 1.10262e-16 3.91523e-05 0.000380575 0.00252905 0.0114967 0.0357708 0.0762147 0.111245 0.111278 0.0763785 0.0363212 0.0130882 0.00653068 0.00913865 0.0167385 0.0277836 0.0404264 0.0516932 0.0585586 0.0596119 0.0558288 0.0497534 0.0437935 0.0390074 0.035108 0.0312859
 1.07585e-16 6.22089e-05 0.000604692 0.00401839 0.018267 0.0568356 0.121095 0.176744 0.176755 0.12115 0.0570222 0.0188075 0.00538092 0.00359853 0.00580554 0.00965103 0.0142554 0.0186882 0.0220403 0.0239015 0.0245563 0.0246669 0.024713 0.0246643 0.0241038 0.0226131
 1.05438e-16 5.92802e-05 0.000576225 0.00382922 0.0174071 0.05416 0.115394 0.168426 0.168446 0.115494 0.0544952 0.0183754 0.00626065 0.00588657 0.0101524 0.0167121 0.0241243 0.0304646 0.033825 0.0333572 0.0297868 0.0249136 0.0205045 0.0174366 0.0155908 0.0143223
 1.09505e-16 3.22498e-05 0.000313479 0.00208318 0.00946987 0.0294645 0.0627788 0.0916364 0.0916787 0.0629857 0.0301596 0.011479 0.00713159 0.0113518 0.0210476 0.0348803 0.0505608 0.0642496 0.0720346 0.0720967 0.065736 0.0563588 0.0472903 0.0401578 0.0347964 0.0302264
 1.17463e-16 3.83455e-05 0.000372732 0.00247694 0.0112598 0.0350336 0.0746435 0.108949 0.108969 0.074744 0.035372 0.0122417 0.00495828 0.00584527 0.0105961 0.0178889 0.0267824 0.0358247 0.0435273 0.0491854 0.0531415 0.0561824 0.0586079 0.0598245 0.0587763 0.0547589
 1.07085e-16 6.93936e-05 0.00067453 0.00448249 0.0203768 0.0633997 0.13508 0.197155 0.197162 0.135115 0.0635169 0.0207159 0.00533633 0.00254743 0.00365349 0.00600358 0.00882071 0.0114863 0.0134378 0.014466 0.0148437 0.0151062 0.0156495 0.0164623 0.0171656 0.017274
pSPR Fmed_Fpbrs
0.733783   0.6 0.325
Fs Fmed_Fpbrs
0.155523   0.265217 0.64154
SSBpbr Bo_Bmed_Bpbrs
2.49437e+06  1.7056e+06  1.3719e+06 685951
Ro
235105
SPR SPRFo_SPRFmed_SPRFpbrs
1.67809e+06 1.23135e+06 545379
Fref
0.265217
Nvult_r0
 286237 25446.3 11422.5 12759.7 4960.55
CTP_r0
 29299.4 2909.34 1305.96 1458.85 567.152
YTP_r0
391299
Np
 337454 98214.2 39464.9 3430.92 1974.66
Nvult_p0
 239240 70500.3 28328.8 2462.79 1417.46
CTP_p0
 45410.3 21044.6 1829.54 821.25 1214.02
 45410.3 14778.4 5938.33 516.255 297.13
YTP_p0
 777400 734269
CBA_c0
764461
log_Ro
12.1878
likeval ReclasPelacesDesembMPH_pf_preclas_ppelaces_ptallas_desvR_qrecl_qpela
 17.6096 21.321 0.104141 0.000811728 240.935 120.739 98.9629 0 23.2842 1.21717e-05 5.07105e-06 0.529283 9.5699e-16 0 0
q_reclas_q_pelaces
0.60995 0.725875
M
1
N
 245096 57031 225975 12266 0.381542
 142881 83416.9 19211.7 76123 4132.1
 139832 45706.4 26196.4 6033.29 25203.4
 260184 44931.4 14426.4 8268.45 9859.35
 207986 78362.7 13179.7 4231.71 5317.43
 343108 71538.1 26715.1 4493.18 3255.46
 144858 110307 22593.4 8437.25 2447.2
 69305.6 40032.8 29354.3 6012.41 2896.5
 63284.9 24399.7 14012.4 10274.6 3118.31
 82108.2 19620.2 7395.66 4247.21 4059.46
 148736 24244.5 5627.59 2121.26 2382.57
 185674 51696.1 8363.67 1941.36 1553.69
 156239 52246.1 14040.7 2271.59 949.262
 110139 44856.3 14516.7 3901.26 894.922
 113846 27290 10549.2 3414.02 1127.96
 540925 32206.1 7456.9 2882.54 1241.08
 120863 155038 8931.51 2067.97 1143.58
 943995 37603.1 47180.2 2717.97 977.317
 547918 296813 11580.6 14530 1138.04
 438256 161849 85171 3323.08 4495.99
 611160 133760 48194.6 25361.7 2328.32
 852673 194839 41844.3 15076.8 8662.32
 192251 261327 58291.7 12518.9 7102.23
 533058 63658.6 85336.8 19035.2 6407.31
 453280 178799 21093.5 28276.7 8430.49
 206391 151605 59054.3 6966.85 12123.8
 451165 70288 51106.9 19907.5 6435.54
 508252 150933 23221.1 16884.2 8702.95
 152617 172262 50605.1 7785.61 8578.91
 113979 51904.4 57981.1 17033 5508.07
 426095 37605 16880.3 18856.6 7330.79
pred_Ctot
 11670.7 3061.28 12129.8 658.408 0.0204802
 11916.6 7817.08 1800.35 7133.56 387.224
 11310.3 4154.86 2381.34 548.445 2291.07
 30308.6 5862.73 1882.39 1078.88 1286.47
 8596.59 3653.25 614.436 197.281 247.897
 27649.4 6479.13 2419.56 406.942 294.843
 23316.2 19802.5 4055.99 1514.66 439.323
 1890.73 1233.39 904.39 185.239 89.2397
 6379.02 2758.96 1584.43 1161.79 352.599
 10428.5 2788.5 1051.1 603.628 576.945
 5215 959.339 222.68 83.9371 94.2766
 28202.8 8765.69 1418.16 329.18 263.447
 22128.3 8268.56 2222.11 359.505 150.232
 23468.4 10604.7 3431.99 922.32 211.574
 16984.4 4546.06 1757.32 568.719 187.899
 77080.6 5127.76 1187.27 458.949 197.601
 11949.4 17198.1 990.754 229.396 126.855
 87829.3 3927.49 4927.78 283.882 102.077
 69478.6 42116.7 1643.25 2061.77 161.484
 47917.8 19835.3 10438 407.256 551
 52143.8 12820.6 4619.35 2430.86 223.164
 91307.8 23391.2 5023.57 1810.03 1039.94
 12247.3 18739.4 4180.01 897.713 509.29
 29955.8 4029.56 5401.78 1204.92 405.58
 26230.1 11652.7 1374.71 1842.85 549.433
 9750.8 8074.4 3145.19 371.05 645.704
 26046.5 4570.14 3322.98 1294.39 418.44
 25451.7 8518.38 1310.56 952.913 491.179
 7333.22 9330.31 2740.95 421.695 464.663
 7498.94 3843.21 4293.15 1261.19 407.839
 29299.4 2909.34 1305.96 1458.85 567.152
F
 0.0778002 0.0880742 0.0880742 0.0880742 0.0880742
 0.139772 0.15823 0.15823 0.15823 0.15823
 0.135306 0.153174 0.153174 0.153174 0.153174
 0.20004 0.226457 0.226457 0.226457 0.226457
 0.0672391 0.0761184 0.0761184 0.0761184 0.0761184
 0.134776 0.152573 0.152573 0.152573 0.152573
 0.286056 0.323832 0.323832 0.323832 0.323832
 0.0439549 0.0497594 0.0497594 0.0497594 0.0497594
 0.171085 0.193678 0.193678 0.193678 0.193678
 0.219848 0.248881 0.248881 0.248881 0.248881
 0.0567927 0.0642925 0.0642925 0.0642925 0.0642925
 0.268025 0.303419 0.303419 0.303419 0.303419
 0.247923 0.280663 0.280663 0.280663 0.280663
 0.395222 0.447413 0.447413 0.447413 0.447413
 0.26269 0.29738 0.29738 0.29738 0.29738
 0.249608 0.282571 0.282571 0.282571 0.282571
 0.16757 0.189698 0.189698 0.189698 0.189698
 0.15702 0.177755 0.177755 0.177755 0.177755
 0.219459 0.24844 0.24844 0.24844 0.24844
 0.186757 0.211419 0.211419 0.211419 0.211419
 0.143183 0.162091 0.162091 0.162091 0.162091
 0.182602 0.206716 0.206716 0.206716 0.206716
 0.105267 0.119169 0.119169 0.119169 0.119169
 0.0923695 0.104567 0.104567 0.104567 0.104567
 0.0952283 0.107804 0.107804 0.107804 0.107804
 0.0771715 0.0873625 0.0873625 0.0873625 0.0873625
 0.0949961 0.107541 0.107541 0.107541 0.107541
 0.0819599 0.0927832 0.0927832 0.0927832 0.0927832
 0.0785312 0.0889017 0.0889017 0.0889017 0.0889017
 0.108877 0.123255 0.123255 0.123255 0.123255
 0.114033 0.129092 0.129092 0.129092 0.129092
YTP_r0W_actual
 243185 41021.7 36044.5 49892.8 21154.8
YTP_p0W_proyectada
 340123 329769 42317.2 24120.1 41070.2
 340123 231578 137354 15162.4 10051.9
CTP_r0_actual
 29299.4 2909.34 1305.96 1458.85 567.152
CTP_p0_proyectada
 45410.3 21044.6 1829.54 821.25 1214.02
 45410.3 14778.4 5938.33 516.255 297.13
Wmedp
 7.49 15.67 23.13 29.37 33.83
Frms_r0
 0.114033 0.129092 0.129092 0.129092 0.129092
Zrms_r0
 1.11403 1.12909 1.12909 1.12909 1.12909
nmprior
 8.19 8.8 8.5 0
nm_flota  nm_reclas  nm_pelaces    nm_pelaL
inf 11.478 17.3637 40.8823
cv_recla  cv_pelaces  cv_mph
0.379577 0.43631 0.879246
 ------------------------------------------------
Talla a la edad & desviaci?n 
 8 13.2811 15.8009 17.003 17.5766
 0.8 1.32811 1.58009 1.7003 1.75766
