years
 1991 1992 1993 1994 1995 1996 1997 1998 1999 2000 2001 2002 2003 2004 2005 2006 2007 2008 2009 2010 2011 2012 2013 2014 2015 2016 2017 2018 2019 2020 2021
reclasobs
 0 0 0 0 0 0 0 0 0 252601 567819 844713 477998 351125 339783 2.1784e+06 2.13404e+06 4.81314e+06 1.55562e+06 2.62356e+06 3.21686e+06 3.843e+06 1.13348e+06 3.07943e+06 1.97215e+06 2.03268e+06 2.025e+06 2.42433e+06 2.27542e+06 1.05018e+06 2.36338e+06
reclaspred
 3.33131e+06 1.9166e+06 973912 964857 961339 1.44682e+06 1.00771e+06 912272 672203 505197 511116 626210 628863 523029 530926 1.1391e+06 1.13164e+06 2.57886e+06 2.2527e+06 1.77844e+06 3.10512e+06 2.51952e+06 2.09881e+06 3.09199e+06 2.33763e+06 2.07033e+06 2.38774e+06 2.49412e+06 2.10047e+06 1.37781e+06 1.90018e+06
pelacesobs
 0 0 0 0 0 0 0 0 0 0 0 0 0 0 0 552880 188675 0 991730 2.46772e+06 1.41603e+06 1.21717e+06 2.29649e+06 1.80582e+06 0 1.4828e+06 1.56532e+06 1.57751e+06 1.42118e+06 867257 1.10002e+06
pelacespred
 1.87728e+06 1.21921e+06 633307 509743 511757 795175 542741 565019 418967 303762 309049 321513 351306 317643 324917 569926 562392 1.45444e+06 1.33434e+06 990323 1.61193e+06 1.47985e+06 1.19846e+06 1.90206e+06 1.40924e+06 1.23372e+06 1.6098e+06 1.6626e+06 1.15401e+06 866676 1.19096e+06
mphobs
 0 0 0 0 0 0 0 0 0 0 0 498337 0 5186 125008 0 168611 109162 213762 579715 649985 157893 87575 83554 0 0 0 0 0 0 0
mphpred
 494635 332907 171790 92764.8 103358 113469 148763 104954 90420.8 65455.2 44581 58941.8 64144 56942 42990 52234.9 130865 127338 258423 211507 237758 282598 270730 231477 305545 252222 208532 216718 295297 208674 133530
desembarqueobs
 494567 514787 250237 358949 120608 361735 552515 73892 212993 205616 52469 317467 293654 387597 252695 516296 358380 742168 942051 627588 828172 859565 418607 520667 417249 300574 415391 372974 316634 284311 391294
desembarquepred
 494573 513100 251105 358966 120611 361745 552557 73894.6 213025 205646 52470.7 317523 293702 387654 252702 516297 358413 742110 941939 627507 828234 859592 418611 520686 417252 300576 415394 372967 316632 284320 391298
Reclutas
 266627 157296 152646 290021 231859 381090 161317 78159.1 71013.6 91695.4 165310 202945 171259 121089 126531 595071 135864 1.03367e+06 603651 479326 680034 944867 214779 599372 507528 231556 506738 570139 171198 128082 479391
log_desv_Rt
 0.0204605 -0.507262 -0.537272 0.104561 -0.119264 0.377644 -0.482019 -1.20664 -1.30252 -1.04692 -0.457571 -0.252455 -0.422216 -0.768865 -0.724904 0.823289 -0.65374 1.37548 0.837604 0.606988 0.95675 1.28565 -0.19578 0.83049 0.66416 -0.120568 0.662602 0.780488 -0.422573 -0.712723 0.607125
SSB
 5.58176e+06 3.75672e+06 1.93858e+06 1.04681e+06 1.16635e+06 1.28045e+06 1.67873e+06 1.18437e+06 1.02036e+06 738635 503079 665135 723839 642567 485125 589449 1.47676e+06 1.43696e+06 2.91619e+06 2.38677e+06 2.68301e+06 3.189e+06 3.05508e+06 2.61212e+06 3.44795e+06 2.84623e+06 2.3532e+06 2.44557e+06 3.33231e+06 2.3548e+06 1.50684e+06
BT
 7.27073e+06 4.96221e+06 2.56779e+06 2.16647e+06 1.96287e+06 3.21165e+06 2.47939e+06 2.12621e+06 1.7407e+06 1.30913e+06 1.17418e+06 1.44338e+06 1.55105e+06 1.56451e+06 1.4405e+06 2.50446e+06 2.33601e+06 5.96674e+06 5.77702e+06 4.17892e+06 6.55233e+06 6.21342e+06 4.74029e+06 7.42535e+06 5.52819e+06 4.77016e+06 6.29936e+06 6.44188e+06 4.4729e+06 3.43853e+06 4.72422e+06
Ftot
 0.0764078 0.13672 0.132137 0.195154 0.065855 0.132657 0.27905 0.0424231 0.164826 0.210598 0.0551353 0.264272 0.243213 0.382518 0.252195 0.243829 0.163666 0.155193 0.217744 0.184327 0.140585 0.179305 0.103308 0.0901304 0.093375 0.0757799 0.0929146 0.0803041 0.0775192 0.106607 0.110864
BD_Bspro_t
 0.987849 0.907492 0.803399 0.737332 0.731453 0.783083 0.77494 0.662812 0.707114 0.681363 0.658805 0.787437 0.695134 0.625034 0.542368 0.589868 0.694658 0.680087 0.764022 0.69776 0.682368 0.717408 0.732753 0.734219 0.805938 0.81188 0.817767 0.839152 0.866587 0.825406 0.782455
BD_Bspro
 2.99363 2.01482 1.03971 0.561431 0.625541 0.686737 0.900345 0.635205 0.547245 0.396148 0.269814 0.356728 0.388212 0.344624 0.260185 0.316136 0.792022 0.770676 1.56403 1.28009 1.43896 1.71034 1.63851 1.40094 1.84922 1.5265 1.26208 1.31162 1.7872 1.26294 0.808153
BD_Bo
 2.01669 1.35731 0.70041 0.378214 0.421402 0.462627 0.606527 0.427913 0.368657 0.266869 0.181763 0.240313 0.261523 0.23216 0.175276 0.212968 0.533553 0.519174 1.05362 0.862342 0.969371 1.15219 1.1038 0.94376 1.24574 1.02834 0.850212 0.883585 1.20397 0.850791 0.54442
BD_Brms
 3.66671 2.46783 1.27347 0.687662 0.766185 0.841141 1.10278 0.778023 0.670285 0.485217 0.330477 0.436933 0.475497 0.422108 0.318683 0.387215 0.970097 0.943952 1.91568 1.5679 1.76249 2.09489 2.00691 1.71593 2.26499 1.86971 1.54584 1.60652 2.18903 1.54689 0.989855
Sel_flota
 0.908856 1 1 1 1
 0.908856 1 1 1 1
 0.908856 1 1 1 1
 0.908856 1 1 1 1
 0.908856 1 1 1 1
 0.908856 1 1 1 1
 0.908856 1 1 1 1
 0.908856 1 1 1 1
 0.908856 1 1 1 1
 0.908856 1 1 1 1
 0.908856 1 1 1 1
 0.908856 1 1 1 1
 0.908856 1 1 1 1
 0.908856 1 1 1 1
 0.908856 1 1 1 1
 0.908856 1 1 1 1
 0.908856 1 1 1 1
 0.908856 1 1 1 1
 0.908856 1 1 1 1
 0.908856 1 1 1 1
 0.908856 1 1 1 1
 0.908856 1 1 1 1
 0.908856 1 1 1 1
 0.908856 1 1 1 1
 0.908856 1 1 1 1
 0.908856 1 1 1 1
 0.908856 1 1 1 1
 0.908856 1 1 1 1
 0.908856 1 1 1 1
 0.908856 1 1 1 1
 0.908856 1 1 1 1
Sel_reclas
 1 1 1 1 1
 1 1 1 1 1
 1 1 1 1 1
 1 1 1 1 1
 1 1 1 1 1
 1 1 1 1 1
 1 1 1 1 1
 1 1 1 1 1
 1 1 1 1 1
 1 1 1 1 1
 1 1 1 1 1
 1 1 1 1 1
 1 1 1 1 1
 1 1 1 1 1
 1 1 1 1 1
 1 1 1 1 1
 1 1 1 1 1
 1 1 1 1 1
 1 1 1 1 1
 1 1 1 1 1
 1 1 1 1 1
 1 1 1 1 1
 1 1 1 1 1
 1 1 1 1 1
 1 1 1 1 1
 1 1 1 1 1
 1 1 1 1 1
 1 1 1 1 1
 1 1 1 1 1
 1 1 1 1 1
 1 1 1 1 1
Sel_pelaces
 1 1 1 1 1
 1 1 1 1 1
 1 1 1 1 1
 1 1 1 1 1
 1 1 1 1 1
 1 1 1 1 1
 1 1 1 1 1
 1 1 1 1 1
 1 1 1 1 1
 1 1 1 1 1
 1 1 1 1 1
 1 1 1 1 1
 1 1 1 1 1
 1 1 1 1 1
 1 1 1 1 1
 1 1 1 1 1
 1 1 1 1 1
 1 1 1 1 1
 1 1 1 1 1
 1 1 1 1 1
 1 1 1 1 1
 1 1 1 1 1
 1 1 1 1 1
 1 1 1 1 1
 1 1 1 1 1
 1 1 1 1 1
 1 1 1 1 1
 1 1 1 1 1
 1 1 1 1 1
 1 1 1 1 1
 1 1 1 1 1
pf_obs 
 0.8446 0.082 0.0669 0.0065 0
 0.8095 0.147 0.0364 0.0071 0
 0.9664 0.0169 0.016 0.0007 0
 0.9276 0.0648 0.0075 0.0001 0
 0.7033 0.2144 0.0806 0.0017 0
 0.9318 0.0425 0.0243 0.0014 0
 0.5671 0.3108 0.0964 0.0239 0.0018
 0.0768 0.2599 0.5324 0.112 0.0189
 0.490249 0.384438 0.106611 0.0170017 0.00170017
 0.7925 0.1577 0.0466 0.003 0.0002
 0.840416 0.127587 0.0312969 0.00059994 9.999e-05
 0.8084 0.0986 0.0794 0.0134 0.0002
 0.7335 0.1905 0.0724 0.0035 0.0001
 0.4001 0.4547 0.1325 0.0127 0
 0.49795 0.308269 0.164784 0.0264974 0.00249975
 0.9179 0.0499 0.0305 0.0017 0
 0.2467 0.6533 0.0926 0.0074 0
 0.9418 0.0223 0.034 0.0019 0
 0.707729 0.231977 0.0356964 0.0245975 0
 0.517169 0.277429 0.184464 0.0207286 0.00020938
 0.811772 0.124168 0.05621 0.00726502 0.000585176
 0.764997 0.148141 0.077277 0.00933861 0.000247198
 0.163321 0.427699 0.378323 0.0303852 0.000271297
 0.753843 0.0900009 0.118128 0.0371064 0.000921714
 0.721811 0.176058 0.0630433 0.0369309 0.00215725
 0.143369 0.312575 0.442814 0.0836902 0.0175525
 0.692698 0.0596174 0.167031 0.0765114 0.00414204
 0.394062 0.376323 0.152708 0.0712218 0.00568511
 0.125707 0.32114 0.495352 0.0537591 0.00404204
 0.23352 0.215282 0.420074 0.123614 0.00750983
 0.796117 0.104755 0.0508955 0.0450114 0.00322123
pf_pred 
 0.41762 0.108435 0.450075 0.0238693 7.28844e-07
 0.40972 0.260927 0.0613232 0.25453 0.0134992
 0.542595 0.198893 0.114272 0.0268564 0.117383
 0.751721 0.14101 0.0466437 0.0267988 0.0338265
 0.645746 0.273132 0.0460736 0.0152404 0.0198087
 0.743219 0.171548 0.0657146 0.0110852 0.00843269
 0.476033 0.399435 0.0831961 0.0318697 0.0094656
 0.437659 0.283274 0.212741 0.0443107 0.0220154
 0.52017 0.221617 0.130072 0.0976857 0.0304553
 0.671006 0.179688 0.0689594 0.040474 0.039873
 0.789556 0.146088 0.0351495 0.0134894 0.015717
 0.721699 0.22416 0.0375841 0.00904293 0.00751395
 0.665301 0.248768 0.0692143 0.0116049 0.00511231
 0.603491 0.273231 0.0916271 0.0254933 0.00615736
 0.699498 0.189643 0.0763923 0.0256179 0.00884914
 0.914116 0.0620065 0.015069 0.00607012 0.00273874
 0.395121 0.557873 0.033937 0.00824747 0.00482121
 0.902159 0.041126 0.0523078 0.00318203 0.00122536
 0.604038 0.360706 0.0148195 0.0188489 0.00158818
 0.60242 0.250248 0.134214 0.00551416 0.00760436
 0.72328 0.173618 0.0648952 0.0348049 0.00340195
 0.744836 0.189701 0.0410727 0.0153523 0.00903859
 0.336499 0.507132 0.116251 0.02517 0.0149471
 0.731992 0.0963317 0.131217 0.0300792 0.01038
 0.631222 0.277035 0.0329756 0.0449172 0.0138497
 0.446022 0.362474 0.143862 0.017124 0.0305173
 0.73234 0.126001 0.0926888 0.0367873 0.0121824
 0.695129 0.229137 0.0356521 0.0262263 0.013856
 0.364245 0.45512 0.135763 0.0211237 0.0237486
 0.435617 0.218775 0.247412 0.0738032 0.0243935
 0.824946 0.0806412 0.0365978 0.0413883 0.0164269
pobs_RECLAS
 0 0 0 0 0
 0 0 0 0 0
 0 0 0 0 0
 0 0 0 0 0
 0 0 0 0 0
 0 0 0 0 0
 0 0 0 0 0
 0 0 0 0 0
 0 0 0 0 0
 0 0 0 0 0
 0.991045 0.00858322 0.000360255 1.14367e-05 0
 0.934742 0.0480273 0.0164251 0.00080598 0
 0.827803 0.169806 0.00239088 0 0
 0.941827 0.0461693 0.0120037 0 0
 0.791401 0.0380133 0.147996 0.0225897 0
 0.846168 0.0940531 0.0597789 0 0
 0.134021 0.677848 0.182769 0.00536245 0
 0.80878 0.0450904 0.141981 0.00414843 0
 0.846168 0.0940531 0.0597789 0 0
 0.905697 0.0802665 0.012482 0.00150086 5.37128e-05
 0.989698 0.0102097 9.19794e-05 0 0
 0.975433 0.0193895 0.00387452 0.00125025 5.28907e-05
 0.303575 0.632131 0.0575291 0.00676475 0
 0.966965 0.00978017 0.0227588 0.000495775 0
 0.843318 0.132988 0.00938335 0.0141283 0.000182051
 0.564624 0.303363 0.111486 0.0197234 0.00080311
 0.826376 0.0876187 0.0782897 0.00655872 0.00115652
 0.89761 0.0855135 0.0140674 0.00269457 0.000114338
 0.34875 0.467042 0.161289 0.0227151 0.000203297
 0.318654 0.224769 0.449479 0.00709798 0
 0.937255 0.0296025 0.0250945 0.00804832 0
ppred_RECLAS
 0.441181 0.104048 0.431866 0.0229037 6.99358e-07
 0.433299 0.250504 0.0588736 0.244363 0.01296
 0.566472 0.188511 0.108307 0.0254545 0.111256
 0.769431 0.130952 0.0433167 0.0248872 0.0314137
 0.667407 0.256431 0.0432563 0.0143085 0.0185974
 0.761233 0.159514 0.0611047 0.0103075 0.00784113
 0.500561 0.380737 0.0793016 0.0303779 0.00902251
 0.461384 0.271322 0.203766 0.0424412 0.0210866
 0.544311 0.210467 0.123528 0.092771 0.0289231
 0.692148 0.16814 0.0645277 0.037873 0.0373106
 0.805065 0.135322 0.0325592 0.0124953 0.0145588
 0.740953 0.208652 0.034984 0.00841733 0.00699413
 0.686713 0.232853 0.0647864 0.0108625 0.00478525
 0.627019 0.257018 0.0861902 0.0239806 0.00579199
 0.719664 0.176916 0.0712658 0.0238987 0.0082553
 0.921489 0.0566831 0.0137753 0.00554899 0.00250362
 0.418518 0.536295 0.0326243 0.00792846 0.00463473
 0.910384 0.0376685 0.0479102 0.00291452 0.00112234
 0.62711 0.339688 0.013956 0.0177506 0.00149564
 0.625448 0.235753 0.12644 0.00519478 0.00716391
 0.742221 0.161734 0.0604532 0.0324225 0.00316909
 0.762853 0.176306 0.0381726 0.0142682 0.00840038
 0.358353 0.490429 0.112422 0.024341 0.0144548
 0.750457 0.0896948 0.122177 0.0280069 0.00966487
 0.653349 0.260413 0.0309971 0.0422222 0.0130188
 0.469891 0.346856 0.137664 0.0163862 0.0292024
 0.750794 0.117314 0.0862984 0.034251 0.0113425
 0.715128 0.214106 0.0333134 0.0245059 0.0129471
 0.386797 0.438975 0.130947 0.0203744 0.0229062
 0.459457 0.209533 0.236961 0.0706856 0.0233631
 0.838445 0.0744226 0.0337756 0.0381967 0.0151601
pobs_PELACES
 0 0 0 0 0
 0 0 0 0 0
 0 0 0 0 0
 0 0 0 0 0
 0 0 0 0 0
 0 0 0 0 0
 0 0 0 0 0
 0 0 0 0 0
 0 0 0 0 0
 0 0 0 0 0
 0 0 0 0 0
 0 0 0 0 0
 0 0 0 0 0
 0 0 0 0 0
 0 0 0 0 0
 0 0 0 0 0
 0.505614 0.472636 0.0217494 0 0
 0 0 0 0 0
 0.443492 0.261883 0.143347 0.151278 0
 0.227955 0.32914 0.350689 0.0885471 0.00366901
 0.970185 0.0296113 0.000203453 0 0
 0.997202 0.00247181 0.000326279 0 0
 0.445219 0.490057 0.0546422 0.010081 0
 0.90214 0.0892962 0.00764917 0.000914606 0
 0 0 0 0 0
 0.581667 0.319106 0.0959925 0.00289975 0.000334073
 0.762889 0.0836404 0.116647 0.0363945 0.000428098
 0.88444 0.0763242 0.0277011 0.0115352 0
 0.521256 0.241999 0.230069 0.00667565 0
 0.616807 0.101726 0.260614 0.0208532 0
 0.833518 0.0704572 0.0857862 0.0102388 0
ppred_PELACES
 0.441748 0.103943 0.431428 0.0228804 6.98649e-07
 0.434309 0.250058 0.0587687 0.243928 0.0129369
 0.567447 0.188087 0.108064 0.0253972 0.111005
 0.77047 0.130361 0.0431213 0.024775 0.031272
 0.667847 0.256092 0.0431992 0.0142896 0.0185729
 0.761957 0.15903 0.0609193 0.0102763 0.00781734
 0.502659 0.379138 0.0789684 0.0302502 0.0089846
 0.461701 0.271163 0.203646 0.0424162 0.0210742
 0.54554 0.209899 0.123195 0.0925207 0.0288451
 0.693496 0.167404 0.0642452 0.0377071 0.0371472
 0.805325 0.135141 0.0325157 0.0124787 0.0145393
 0.742475 0.207425 0.0347783 0.00836785 0.00695302
 0.688284 0.231685 0.0644614 0.010808 0.00476125
 0.629706 0.255167 0.0855693 0.0238078 0.00575027
 0.721192 0.175952 0.0708774 0.0237685 0.00821031
 0.922018 0.0563013 0.0136825 0.00551161 0.00248675
 0.419716 0.535189 0.0325571 0.00791211 0.00462518
 0.910765 0.0375087 0.047707 0.00290215 0.00111758
 0.62864 0.338294 0.0138988 0.0176777 0.0014895
 0.626746 0.234936 0.126002 0.00517678 0.00713909
 0.743029 0.161227 0.0602637 0.0323209 0.00315915
 0.763827 0.175581 0.0380158 0.0142096 0.00836587
 0.359068 0.489883 0.112297 0.0243139 0.0144387
 0.750964 0.0895124 0.121928 0.0279499 0.00964522
 0.653984 0.259936 0.0309402 0.0421448 0.0129949
 0.470459 0.346485 0.137516 0.0163686 0.0291711
 0.751317 0.117068 0.0861175 0.0341792 0.0113187
 0.71562 0.213736 0.0332558 0.0244636 0.0129247
 0.38735 0.438579 0.130829 0.020356 0.0228856
 0.460254 0.209225 0.236611 0.0705815 0.0233286
 0.838896 0.0742147 0.0336813 0.03809 0.0151178
pobs_pel_tallas
 0 0 0 0 0 0 0 0 0 0 0 0 0 0 0 0 0 0 0 0 0 0 0 0 0 0
 0 0 0 0 0 0 0 0 0 0 0 0 0 0 0 0 0 0 0 0 0 0 0 0 0 0
 0 0 0 0 0 0 0 0 0 0 0 0 0 0 0 0 0 0 0 0 0 0 0 0 0 0
 0 0 0 0 0 0 0 0 0 0 0 0 0 0 0 0 0 0 0 0 0 0 0 0 0 0
 0 0 0 0 0 0 0 0 0 0 0 0 0 0 0 0 0 0 0 0 0 0 0 0 0 0
 0 0 0 0 0 0 0 0 0 0 0 0 0 0 0 0 0 0 0 0 0 0 0 0 0 0
 0 0 0 0 0 0 0 0 0 0 0 0 0 0 0 0 0 0 0 0 0 0 0 0 0 0
 0 0 0 0 0 0 0 0 0 0 0 0 0 0 0 0 0 0 0 0 0 0 0 0 0 0
 0 0 0 0 0 0 0 0 0 0 0 0 0 0 0 0 0 0 0 0 0 0 0 0 0 0
 0 0 0 0 0 0 0 0 0 0 0 0 0 0 0 0 0 0 0 0 0 0 0 0 0 0
 0 0 0 0 0 0 0 0 0 0 0 0 0 0 0 0 0 0 0 0 0 0 0 0 0 0
 0 0 0 0 0 0 0 0 0 0 0 0 0 0 0 0 0 0 0 0 0 0 0 0 0 0
 0.00862536 0 0 0.000197151 0.00414017 0.0128641 0.00837892 0.0270097 0.101434 0.158115 0.152841 0.127902 0.109271 0.109419 0.0830992 0.0579132 0.0238553 0.00714673 0.00463305 0.00128148 0.00103504 0.000492878 0.000147863 0.000147863 4.92878e-05 0
 0 0 0 0 0 0 0 0 0 0 0 0 0 0 0 0 0 0 0 0 0 0 0 0 0 0
 0 0 0 0 0 0 0 0.0054083 0.00873648 0.0413646 0.0450493 0.0745869 0.0622846 0.0627006 0.0613931 0.0827291 0.12552 0.122667 0.0946155 0.0697135 0.0546179 0.0294188 0.0215738 0.0213955 0.0102223 0.00600262
 0 0 0 0 0.00359764 0.0251062 0.0480494 0.140153 0.205849 0.193036 0.1447 0.116669 0.0760912 0.0342217 0.00950174 0.001854 0.000860785 0 0 0 0.000165536 0 0.000143464 0 0 0
 0 0 0 0 0 0 0 0.000145254 0.000435761 0.0275982 0.070085 0.0708112 0.156366 0.174668 0.174014 0.160142 0.0824315 0.0480064 0.0283245 0.00493863 0.00203355 0 0 0 0 0
 0 0 0 0 0 0 0 0 0 0 0 0 0 0 0 0 0 0 0 0 0 0 0 0 0 0
 0 0 1.00437e-05 0.000401748 0.00122533 0.00171747 0.00176769 0.0269171 0.070346 0.194647 0.189555 0.159765 0.064822 0.0314167 0.0384472 0.0292271 0.0345202 0.0313363 0.0194345 0.0106764 0.0143323 0.0359363 0.0279516 0.0138201 0.00172751 0
 0 0.0021121 0.0136068 0.0755702 0.200478 0.177729 0.0527432 0.0373336 0.0318909 0.0142505 0.0149659 0.0166563 0.0217959 0.0798694 0.0677717 0.0528807 0.04013 0.0224614 0.0357745 0.0225083 0.00881397 0.00855152 0.00135912 0.000746735 0 0
 0 0 0 0 5.4009e-05 0.00500934 0.000945158 0.0243581 0.138947 0.33067 0.221406 0.137944 0.0707744 0.0437923 0.0131692 0.00525238 0.0047753 0.00276346 9.45158e-05 9.00151e-06 2.25038e-05 9.00151e-06 4.50075e-06 0 0 0
 0.000866109 0.00284123 0.00948549 0.0512746 0.133035 0.25785 0.225252 0.132002 0.0553304 0.0519788 0.0540692 0.017754 0.00435017 0.00159236 0.00146478 0.000404838 0.000125132 0.000115318 0.000107957 0.000100596 0 0 0 0 0 0
 0 0 0 0 0.00144013 0.00171154 0.00461396 0.0210425 0.0478622 0.0707936 0.0888783 0.103762 0.0637923 0.0337046 0.0602308 0.124433 0.169614 0.0934646 0.0462172 0.0250306 0.0313229 0.00938855 0.002487 0.000210481 0 0
 0 0.00764035 0.051015 0.0998891 0.058973 0.0496711 0.0374665 0.0718981 0.12319 0.153886 0.159021 0.0857701 0.0377988 0.023471 0.0147837 0.00900784 0.00315554 0.000888139 0.00291439 0.00214683 0.00393193 0.00274676 0.000635225 9.99891e-05 0 0
 0 0 0 0 0 0 0 0 0 0 0 0 0 0 0 0 0 0 0 0 0 0 0 0 0 0
 0 0 0 0 0 0 0 0 0 0 0 0 0 0 0 0 0 0 0 0 0 0 0 0 0 0
 0 0 0 0 0 0 0 0 0 0 0 0 0 0 0 0 0 0 0 0 0 0 0 0 0 0
 0 0 0 0 0 0 0 0 0 0 0 0 0 0 0 0 0 0 0 0 0 0 0 0 0 0
 0 0 0 0 0 0 0 0 0 0 0 0 0 0 0 0 0 0 0 0 0 0 0 0 0 0
 0 0 0 0 0 0 0 0 0 0 0 0 0 0 0 0 0 0 0 0 0 0 0 0 0 0
 0 0 0 0 0 0 0 0 0 0 0 0 0 0 0 0 0 0 0 0 0 0 0 0 0 0
ppred_pel_tallas
 1.14772e-16 3.63862e-05 0.000353687 0.00235037 0.0106845 0.0332434 0.0708289 0.103379 0.10339 0.0708814 0.0334213 0.0112066 0.00369227 0.00338594 0.00609598 0.0108028 0.0173751 0.0256218 0.0352265 0.0458138 0.0567667 0.0668682 0.0742151 0.0767656 0.0733217 0.064273
 1.28412e-16 3.57735e-05 0.000347731 0.0023108 0.0105046 0.0326837 0.069637 0.101642 0.101667 0.0697555 0.0330818 0.0116561 0.0052085 0.00669877 0.0121764 0.0202943 0.0297891 0.0387366 0.0453155 0.0489796 0.0508881 0.0530755 0.0569424 0.0622192 0.0670937 0.0692604
 1.24499e-16 4.67399e-05 0.000454329 0.00301918 0.0137247 0.0427029 0.0909837 0.132797 0.132815 0.0910731 0.0430035 0.0145953 0.0052123 0.00526887 0.00927135 0.0154712 0.0228096 0.029837 0.0351517 0.0382433 0.0398265 0.0412861 0.0436533 0.0469122 0.0500686 0.0517721
 1.09055e-16 6.34626e-05 0.000616879 0.00409938 0.0186352 0.0579811 0.123535 0.180306 0.180319 0.123597 0.0581883 0.0192344 0.00560628 0.00391565 0.00635619 0.0104828 0.0152779 0.0196159 0.0224133 0.0232255 0.0225204 0.0213343 0.0205753 0.0205191 0.0208012 0.0207804
 1.05889e-16 5.50097e-05 0.000534714 0.00355336 0.0161531 0.0502584 0.107082 0.156294 0.156319 0.107202 0.0506637 0.017324 0.00649332 0.00695564 0.0122586 0.0202038 0.0291604 0.0368071 0.0408231 0.0401614 0.0356764 0.0295309 0.0238728 0.0198076 0.0172652 0.0155447
 1.04153e-16 6.27614e-05 0.000610063 0.00405409 0.0184293 0.0573405 0.12217 0.178315 0.17833 0.122246 0.0575932 0.0191602 0.00589184 0.00463196 0.00773068 0.0127586 0.0185548 0.0237144 0.0268409 0.0272811 0.0254784 0.0225977 0.0197444 0.0174093 0.0154727 0.0135821
 1.0693e-16 4.14034e-05 0.000402456 0.00267446 0.0121577 0.0378275 0.0805968 0.117641 0.117678 0.0807756 0.038428 0.0138929 0.00703218 0.00992325 0.0181465 0.0299965 0.043355 0.0548371 0.0610171 0.0603235 0.0539544 0.0450031 0.036528 0.0300847 0.025581 0.0221025
 1.13767e-16 3.80298e-05 0.000369663 0.00245654 0.0111671 0.0347451 0.0740292 0.108053 0.10808 0.0741583 0.0351796 0.0124254 0.00562837 0.00733765 0.0134005 0.0224319 0.0331038 0.0432972 0.0508407 0.0546985 0.055452 0.0546018 0.0533099 0.0516693 0.0489751 0.0445513
 1.17769e-16 4.49355e-05 0.000436789 0.00290262 0.0131949 0.0410543 0.0874713 0.127671 0.127692 0.0875711 0.04139 0.0141669 0.0053518 0.00581443 0.0103509 0.0172892 0.0254974 0.0333525 0.0392545 0.0425538 0.0439105 0.0446864 0.0458554 0.047323 0.0481035 0.0470611
 1.11965e-16 5.71224e-05 0.00055525 0.00368983 0.0167735 0.0521885 0.111194 0.162294 0.16231 0.111273 0.052455 0.0175441 0.00562847 0.0048016 0.00816467 0.0135232 0.0197555 0.0254562 0.0292544 0.0305854 0.0300317 0.0288738 0.0282047 0.0283032 0.0286531 0.0284298
 1.04685e-16 6.63336e-05 0.000644786 0.00428483 0.0194782 0.060604 0.129124 0.188463 0.188476 0.129188 0.0608183 0.0200974 0.00584044 0.00404528 0.00653826 0.0107411 0.0155559 0.0197572 0.0221492 0.0222013 0.0203614 0.017731 0.0153667 0.013753 0.0127597 0.0119558
 1.03073e-16 6.11568e-05 0.000594465 0.00395043 0.0179581 0.0558744 0.119047 0.173757 0.173777 0.119145 0.0562027 0.0189062 0.00633088 0.00579269 0.00993858 0.0163471 0.0235749 0.0297153 0.0328675 0.0321585 0.0282552 0.0228956 0.0178291 0.0139951 0.0114138 0.00961224
 1.0381e-16 5.66931e-05 0.000551077 0.0036621 0.0166474 0.0517964 0.110358 0.161076 0.161099 0.110468 0.0521638 0.0177093 0.00633005 0.00638332 0.0111569 0.0184167 0.0266688 0.0338377 0.0378365 0.0376881 0.0340722 0.0287956 0.0236398 0.0195055 0.0163562 0.0137248
 1.05896e-16 5.18681e-05 0.000504176 0.00335043 0.0152306 0.0473881 0.100966 0.147368 0.147393 0.101087 0.0477933 0.0164021 0.00629511 0.00694589 0.0123255 0.0203984 0.0296239 0.0377675 0.0425756 0.0429996 0.0397744 0.0348186 0.0299676 0.0260609 0.0229269 0.0199849
 1.05864e-16 5.94036e-05 0.000577424 0.00383719 0.0174433 0.0542727 0.115634 0.168775 0.168792 0.115718 0.0545526 0.0182527 0.00587286 0.00503428 0.00856212 0.014162 0.0206338 0.0264533 0.0301035 0.0308873 0.0293062 0.0266317 0.0240321 0.0219633 0.0201928 0.0182495
 1.01383e-16 7.59454e-05 0.000738216 0.00490571 0.0223006 0.0693856 0.147834 0.215768 0.215774 0.14786 0.0694748 0.0225586 0.00555367 0.00215452 0.00277108 0.00447508 0.00647288 0.00821209 0.00918651 0.00916747 0.00833283 0.0071343 0.00601047 0.00517174 0.00458414 0.00409764
 1.02653e-16 3.45716e-05 0.000336048 0.00223316 0.0101517 0.0315858 0.0672989 0.0982355 0.098287 0.0675505 0.0324307 0.0125909 0.00835271 0.0136838 0.025351 0.0417683 0.0599608 0.0749722 0.0817743 0.0780511 0.0656022 0.049174 0.0336937 0.0220351 0.0145901 0.0102561
 1.01867e-16 7.50185e-05 0.000729206 0.00484583 0.0220285 0.0685387 0.146029 0.213135 0.213138 0.146047 0.0685994 0.0222046 0.00529116 0.00171185 0.00197191 0.00322101 0.00481799 0.00644346 0.00781299 0.00877416 0.00935213 0.00965265 0.0097152 0.00946029 0.00877295 0.00763207
 1.02513e-16 5.17803e-05 0.000503323 0.00334476 0.0152048 0.047308 0.100796 0.147121 0.147154 0.100955 0.0478419 0.0167463 0.00721166 0.00893697 0.016046 0.0263864 0.0378697 0.0473423 0.0516352 0.0493076 0.04153 0.0313344 0.0218469 0.0148578 0.0105461 0.00812206
 1.05424e-16 5.16243e-05 0.000501806 0.00333468 0.015159 0.0471653 0.100492 0.146675 0.146698 0.100603 0.0475398 0.0162425 0.00606126 0.00647655 0.0114648 0.0190434 0.0278253 0.0358153 0.0409794 0.0423243 0.040393 0.0367165 0.0327159 0.0289746 0.0253247 0.0214225
 1.05557e-16 6.12024e-05 0.000594909 0.00395338 0.0179715 0.0559161 0.119136 0.173885 0.173901 0.119212 0.0561725 0.0187129 0.00581776 0.00467625 0.00784619 0.012964 0.0188821 0.0241991 0.0275301 0.0282482 0.0268305 0.0244582 0.0222062 0.0204747 0.0190118 0.0173384
 1.03983e-16 6.29155e-05 0.000611561 0.00406404 0.0184745 0.0574812 0.12247 0.178753 0.17877 0.122553 0.0577594 0.0192783 0.00608289 0.00502296 0.00845357 0.0139095 0.0201117 0.0254647 0.0283891 0.028167 0.0253608 0.0214033 0.0177008 0.0149511 0.0130791 0.0116252
 1.08248e-16 2.9576e-05 0.00028749 0.00191047 0.00868475 0.0270217 0.0575744 0.0840415 0.0840888 0.0578055 0.0277979 0.0109275 0.0075435 0.012596 0.0234399 0.0387939 0.0560922 0.0709821 0.0790311 0.0781847 0.0699496 0.0582753 0.0470834 0.0383966 0.0321619 0.0273
 1.07977e-16 6.1856e-05 0.000601262 0.0039956 0.0181634 0.0565132 0.120408 0.17574 0.175749 0.120451 0.0566585 0.0185854 0.00506357 0.0029617 0.00463024 0.00778095 0.0117284 0.0158536 0.0195478 0.0225083 0.0248282 0.0267334 0.0282108 0.0288862 0.0282602 0.02608
 1.07386e-16 5.38679e-05 0.000523615 0.00347961 0.0158178 0.0492152 0.104859 0.15305 0.153075 0.104982 0.0496263 0.0170055 0.00646134 0.0070346 0.0124256 0.0204756 0.0295423 0.037278 0.0413499 0.0407396 0.0363751 0.0305081 0.0253333 0.021914 0.0200425 0.0188322
 1.10636e-16 3.87511e-05 0.000376675 0.00250314 0.0113789 0.0354042 0.0754337 0.110105 0.110138 0.0755977 0.0359552 0.012972 0.00650892 0.00914457 0.016759 0.027824 0.0404986 0.0518139 0.0587492 0.059897 0.0562324 0.0502913 0.0444651 0.0397913 0.0359631 0.0321584
 1.07859e-16 6.1885e-05 0.000601544 0.00399747 0.0181719 0.0565397 0.120464 0.175823 0.175835 0.12052 0.0567273 0.0187155 0.00536779 0.00361285 0.00583978 0.00971184 0.0143519 0.0188289 0.0222332 0.0241561 0.0248842 0.0250796 0.0252153 0.0252477 0.0247431 0.0232699
 1.05655e-16 5.89447e-05 0.000572963 0.00380754 0.0173086 0.0538535 0.114741 0.167473 0.167493 0.114842 0.0541917 0.0182858 0.00626128 0.00593218 0.0102455 0.0168681 0.0243529 0.030761 0.0341694 0.0337249 0.030161 0.0252932 0.0209007 0.0178613 0.0160459 0.0147949
 1.09802e-16 3.19056e-05 0.000310134 0.00206095 0.00936881 0.0291501 0.0621089 0.0906586 0.090701 0.062316 0.029846 0.0113802 0.00711526 0.0113619 0.0210746 0.0349302 0.0506439 0.0643781 0.0722224 0.0723595 0.0660896 0.0568144 0.047848 0.0408015 0.0354937 0.0309345
 1.17908e-16 3.79105e-05 0.000368504 0.00244884 0.0111321 0.0346361 0.0737967 0.107713 0.107733 0.0738971 0.0349742 0.0121131 0.00492839 0.00583799 0.0105924 0.0178902 0.0268006 0.0358826 0.0436594 0.0494336 0.0535469 0.0567726 0.0593858 0.0607632 0.0598205 0.0558354
 1.0737e-16 6.90988e-05 0.000671665 0.00446345 0.0202902 0.0631304 0.134506 0.196317 0.196324 0.134541 0.0632488 0.020633 0.00532667 0.00256534 0.00369353 0.00607267 0.00892625 0.0116324 0.0136259 0.0146988 0.0151287 0.0154562 0.0160769 0.0169704 0.0177417 0.0178888
pSPR Fmed_Fpbrs
0.761467   0.6 0.325
Fs Fmed_Fpbrs
0.134295   0.261473 0.630862
SSBpbr Bo_Bmed_Bpbrs
2.76778e+06  1.96919e+06  1.52228e+06 761140
Ro
261228
SPR SPRFo_SPRFmed_SPRFpbrs
1.86454e+06 1.41979e+06 605976
Fref
0.261473
Nvult_r0
 319937 28685.3 13018.4 14722.4 5843.28
CTP_r0
 29285.8 2862.78 1299.23 1469.3 583.158
YTP_r0
391298
Np
 378754 109864 45163.3 3988.61 2322.88
Nvult_p0
 268889 78746.6 32371.4 2858.89 1664.95
CTP_p0
 51629.8 23689.8 2092.17 949.5 1427.36
 51629.8 16322.3 6709.81 592.579 345.105
YTP_p0
 882492 826754
CBA_c0
865771
log_Ro
12.2931
likeval ReclasPelacesDesembMPH_pf_preclas_ppelaces_ptallas_desvR_qrecl_qpela
 18.1039 21.4646 0.114777 0.000812027 241.107 121.32 98.9282 0 23.1744 1.97245e-05 1.05054e-05 0.582606 8.03296e-16 0 0
q_reclas_q_pelaces
0.532943 0.630574
M
1
N
 266627 63100.8 261909 13890.1 0.424131
 157296 91506.4 21505.9 89263 4734.13
 152646 51104.4 29361.6 6900.58 30160.8
 290021 49800.6 16473.2 9464.53 11946.5
 231859 89352.3 15072.5 4985.73 6480.21
 381090 80340.6 30775.9 5191.47 3949.25
 161317 124272 25883.8 9915.26 2944.92
 78159.1 46051.3 34585 7203.51 3579.01
 71013.6 27665.6 16237.7 12194.6 3801.91
 91695.4 22490 8631.03 5065.78 4990.56
 165310 27856.6 6702.43 2572.21 2996.98
 202945 57841.8 9698.13 2333.42 1938.89
 171259 58718.3 16337.1 2739.19 1206.69
 121089 50507.9 16937.6 4712.54 1138.21
 126531 31464.9 12674.8 4250.43 1468.22
 595071 37013.4 8995.09 3623.42 1634.83
 135864 175401 10670.1 2593.09 1515.84
 1.03367e+06 43073.3 54784.6 3332.7 1283.38
 603651 330242 13567.9 17257 1454.05
 479326 182199 97717.7 4014.71 5536.53
 680034 149135 55744.1 29896.9 2922.22
 944867 220164 47668.4 17817.6 10490
 214779 295327 67698.6 14657.7 8704.39
 599372 71931.9 97981 22460.5 7750.87
 507528 203154 24181.5 32938.5 10156.2
 231556 171518 68073.8 8102.84 14440.4
 506738 79515.4 58493 23215.3 7687.94
 570139 171322 26656.6 19609.1 10359.9
 171198 194980 58162.6 9049.7 10174.3
 128082 58695.6 66378.7 19800.8 6544.58
 479391 42767.5 19409.4 21950 8711.88
pred_Ctot
 11371.4 2952.58 12255.1 649.938 0.0198457
 11736.9 7474.52 1756.67 7291.28 386.699
 11026.8 4041.99 2322.29 545.786 2385.5
 30230.1 5670.66 1875.76 1077.7 1360.32
 8556.63 3619.21 610.511 201.947 262.48
 27632.1 6377.99 2443.2 412.135 313.519
 23319.2 19566.9 4075.48 1561.18 463.686
 1874.57 1213.31 911.212 189.791 94.2962
 6321.95 2693.45 1580.85 1187.24 370.143
 10255.9 2746.43 1054 618.622 609.437
 5128.25 948.855 228.299 87.6151 102.084
 27932.3 8675.75 1454.63 349.992 290.816
 21859.5 8173.66 2274.15 381.299 167.973
 23120.3 10467.8 3510.32 976.672 235.894
 16692.2 4525.48 1822.96 611.323 211.169
 76130.3 5164.09 1254.99 505.538 228.091
 12015.2 16964.4 1031.99 250.797 146.608
 86953 3963.85 5041.6 306.695 118.104
 69625.7 41577.5 1708.21 2172.65 183.065
 47378.5 19681.2 10555.5 433.671 598.059
 52101.3 12506.5 4674.71 2507.16 245.058
 91018.2 23181.2 5019.05 1876.03 1104.51
 12261.1 18478.5 4235.87 917.124 544.629
 29999 3947.93 5377.62 1232.73 425.401
 26284.7 11536 1373.13 1870.39 576.714
 9796.79 7961.68 3159.91 376.125 670.306
 26118.9 4493.82 3305.74 1312.01 434.485
 25518.5 8411.7 1308.8 962.779 508.659
 7404.52 9251.85 2759.84 429.411 482.772
 7535.97 3784.7 4280.11 1276.76 421.996
 29285.8 2862.78 1299.23 1469.3 583.158
F
 0.0694437 0.0764078 0.0764078 0.0764078 0.0764078
 0.124259 0.13672 0.13672 0.13672 0.13672
 0.120094 0.132137 0.132137 0.132137 0.132137
 0.177367 0.195154 0.195154 0.195154 0.195154
 0.0598527 0.065855 0.065855 0.065855 0.065855
 0.120566 0.132657 0.132657 0.132657 0.132657
 0.253616 0.27905 0.27905 0.27905 0.27905
 0.0385565 0.0424231 0.0424231 0.0424231 0.0424231
 0.149803 0.164826 0.164826 0.164826 0.164826
 0.191403 0.210598 0.210598 0.210598 0.210598
 0.05011 0.0551353 0.0551353 0.0551353 0.0551353
 0.240185 0.264272 0.264272 0.264272 0.264272
 0.221046 0.243213 0.243213 0.243213 0.243213
 0.347653 0.382518 0.382518 0.382518 0.382518
 0.229209 0.252195 0.252195 0.252195 0.252195
 0.221606 0.243829 0.243829 0.243829 0.243829
 0.148749 0.163666 0.163666 0.163666 0.163666
 0.141048 0.155193 0.155193 0.155193 0.155193
 0.197898 0.217744 0.217744 0.217744 0.217744
 0.167526 0.184327 0.184327 0.184327 0.184327
 0.127772 0.140585 0.140585 0.140585 0.140585
 0.162962 0.179305 0.179305 0.179305 0.179305
 0.0938923 0.103308 0.103308 0.103308 0.103308
 0.0819155 0.0901304 0.0901304 0.0901304 0.0901304
 0.0848644 0.093375 0.093375 0.093375 0.093375
 0.068873 0.0757799 0.0757799 0.0757799 0.0757799
 0.084446 0.0929146 0.0929146 0.0929146 0.0929146
 0.0729849 0.0803041 0.0803041 0.0803041 0.0803041
 0.0704538 0.0775192 0.0775192 0.0775192 0.0775192
 0.0968903 0.106607 0.106607 0.106607 0.106607
 0.100759 0.110864 0.110864 0.110864 0.110864
YTP_r0W_actual
 243072 40365.2 35858.8 50250 21751.8
YTP_p0W_proyectada
 386707 371219 48391.9 27886.8 48287.5
 386707 255770 155198 17404 11674.9
CTP_r0_actual
 29285.8 2862.78 1299.23 1469.3 583.158
CTP_p0_proyectada
 51629.8 23689.8 2092.17 949.5 1427.36
 51629.8 16322.3 6709.81 592.579 345.105
Wmedp
 7.49 15.67 23.13 29.37 33.83
Frms_r0
 0.100759 0.110864 0.110864 0.110864 0.110864
Zrms_r0
 1.10076 1.11086 1.11086 1.11086 1.11086
nmprior
 8.19 8.8 8.5 0
nm_flota  nm_reclas  nm_pelaces    nm_pelaL
inf 11.3647 16.9517 39.6256
cv_recla  cv_pelaces  cv_mph
0.384868 0.437777 0.879408
 ------------------------------------------------
Talla a la edad & desviaci?n 
 8 13.2811 15.8009 17.003 17.5766
 0.8 1.32811 1.58009 1.7003 1.75766
