years
 1991 1992 1993 1994 1995 1996 1997 1998 1999 2000 2001 2002 2003 2004 2005 2006 2007 2008 2009 2010 2011 2012 2013 2014 2015 2016 2017 2018 2019 2020 2021
reclasobs
 0 0 0 0 0 0 0 0 0 252601 567819 844713 477998 351125 339783 2.1784e+06 2.13404e+06 4.81314e+06 1.55562e+06 2.62356e+06 3.21686e+06 3.843e+06 1.13348e+06 3.07943e+06 1.97215e+06 2.03268e+06 2.025e+06 2.42433e+06 2.27542e+06 1.05018e+06 2.36338e+06
reclaspred
 7.62457e+06 1.96795e+06 1.06514e+06 883452 166378 3.36663e+06 1.50871e+06 424929 1.00318e+06 244450 362318 869627 753740 598320 403951 1.83613e+06 742569 4.39708e+06 2.69575e+06 2.33462e+06 2.9565e+06 3.34725e+06 1.75293e+06 3.31844e+06 2.51499e+06 1.59177e+06 2.11947e+06 3.53189e+06 2.83784e+06 769673 1.51694e+06
pelacesobs
 0 0 0 0 0 0 0 0 0 0 0 0 0 0 0 552880 188675 0 991730 2.46772e+06 1.41603e+06 1.21717e+06 2.29649e+06 1.80582e+06 0 1.4828e+06 1.56532e+06 1.57751e+06 1.42118e+06 867257 1.10002e+06
pelacespred
 8.66577e+06 2.04032e+06 588696 363703 70713.8 1.7986e+06 912015 391900 528028 98474.8 186092 358217 355261 254528 160838 740771 343116 2.3139e+06 1.50801e+06 1.09071e+06 1.4848e+06 1.64675e+06 1.12194e+06 2.07772e+06 1.67971e+06 1.11563e+06 1.407e+06 2.40259e+06 2.18659e+06 580555 794042
mphobs
 0 0 0 0 0 0 0 0 0 0 0 498337 0 5186 125008 0 168611 109162 213762 579715 649985 157893 87575 83554 0 0 0 0 0 0 0
mphpred
 1.75112e+06 675889 100262 144199 60651.7 8772.64 497428 104546 32954.6 100051 9342.71 51317.8 86672.3 50775.9 29694.1 27564.2 219906 49162.4 559801 205170 322174 262411 424142 160626 415121 313633 144469 236321 597317 248401 44189.8
desembarqueobs
 494567 514787 250237 358949 120608 361735 552515 73892 212993 205616 52469 317467 293654 387597 252695 516296 358380 742168 942051 627588 828172 859565 418607 520667 417249 300574 415391 372974 316634 284311 391294
desembarquepred
 494489 514309 250013 358406 120480 361514 551752 73857.9 212802 205343 52446 317073 293211 386757 252287 515634 358017 741326 940061 626242 827492 858283 418067 520241 416679 300184 414910 372617 316185 283534 390942
Reclutas
 9507.97 5804.59 173112 55550.4 6190.14 286979 7690.51 2068.27 54950.7 8454.93 34735.7 114125 73406.2 69610.5 41166.8 250161 10948.8 439650 164242 241459 170161 429470 14899.5 169788 138707 27665.8 125228 182122 28559.1 12292.5 115332
log_desv_Rt
 -1.70382 -2.1973 1.19799 0.0613367 -2.133 1.70346 -1.91597 -3.22924 0.0504831 -1.8212 -0.408185 0.781341 0.340054 0.286961 -0.238323 1.56615 -1.56272 2.13002 1.14539 1.53075 1.18079 2.1066 -1.25462 1.1786 0.976412 -0.635757 0.874185 1.24872 -0.603979 -1.44697 0.791859
SSB
 1.65584e+06 639113 94806.9 136353 57351.5 8295.3 470362 98857.6 31161.5 94606.6 8834.35 48525.5 81956.2 48013 28078.4 26064.4 207940 46487.4 529340 194007 304644 248132 401063 151886 392533 296568 136608 223462 564816 234885 41785.3
BT
 2.06638e+06 918506 410686 380910 114670 1.27337e+06 712636 151093 439026 207569 133261 428200 412513 524309 325645 788633 369739 1.86526e+06 1.39385e+06 931030 1.27163e+06 1.42794e+06 629174 1.42494e+06 909958 564576 1.05131e+06 1.41498e+06 804348 411564 763641
Ftot
 0.314918 1.15107 1.14874 1.66044 2.42429 0.568984 1.4188 0.800289 1.06764 2.64533 0.748222 1.67203 1.69943 2.6257 2.58485 1.38097 1.78819 0.86919 1.47198 1.27275 1.26697 1.22546 1.00985 0.796314 0.776474 0.847725 0.97026 0.538354 0.505646 1.51646 1.27345
BD_Bspro_t
 0.950861 0.60895 0.199069 0.269266 0.103518 0.0222093 0.455253 0.139491 0.0725773 0.200207 0.0349247 0.23405 0.203885 0.110642 0.0639444 0.0622654 0.232954 0.0669239 0.356089 0.162215 0.193549 0.166643 0.25048 0.127408 0.300957 0.293206 0.20216 0.321577 0.512163 0.306368 0.0971567
BD_Bspro
 4.44033 1.71386 0.254236 0.365646 0.153795 0.0222449 1.26133 0.265099 0.0835633 0.253699 0.0236904 0.130127 0.219776 0.128753 0.0752956 0.0698949 0.557617 0.124662 1.41949 0.520252 0.81694 0.665397 1.0755 0.4073 1.05263 0.795283 0.36633 0.59924 1.51462 0.629873 0.112052
BD_Bo
 1.1377 0.439127 0.0651407 0.0936862 0.0394055 0.0056996 0.32318 0.0679239 0.0214107 0.065003 0.00606998 0.0333413 0.0563111 0.0329892 0.0192923 0.0179085 0.142873 0.0319409 0.363703 0.1333 0.209317 0.170489 0.275566 0.104359 0.269705 0.203768 0.0938615 0.153538 0.388078 0.161387 0.0287102
BD_Brms
 2.06855 0.798412 0.118438 0.170338 0.0716464 0.0103629 0.5876 0.123498 0.0389285 0.118187 0.0110363 0.0606205 0.102384 0.0599803 0.0350769 0.032561 0.259769 0.0580744 0.661279 0.242363 0.380576 0.30998 0.501028 0.189743 0.490372 0.370488 0.170657 0.27916 0.705597 0.29343 0.0522003
Sel_flota
 0.623547 1 1 1 1
 0.623547 1 1 1 1
 0.623547 1 1 1 1
 0.623547 1 1 1 1
 0.623547 1 1 1 1
 0.623547 1 1 1 1
 0.623547 1 1 1 1
 0.623547 1 1 1 1
 0.623547 1 1 1 1
 0.623547 1 1 1 1
 0.623547 1 1 1 1
 0.623547 1 1 1 1
 0.623547 1 1 1 1
 0.623547 1 1 1 1
 0.623547 1 1 1 1
 0.623547 1 1 1 1
 0.623547 1 1 1 1
 0.623547 1 1 1 1
 0.623547 1 1 1 1
 0.623547 1 1 1 1
 0.623547 1 1 1 1
 0.623547 1 1 1 1
 0.623547 1 1 1 1
 0.623547 1 1 1 1
 0.623547 1 1 1 1
 0.623547 1 1 1 1
 0.623547 1 1 1 1
 0.623547 1 1 1 1
 0.623547 1 1 1 1
 0.623547 1 1 1 1
 0.623547 1 1 1 1
Sel_reclas
 0.669001 0.910488 0.980839 0.996133 0.999229
 0.669001 0.910488 0.980839 0.996133 0.999229
 0.669001 0.910488 0.980839 0.996133 0.999229
 0.669001 0.910488 0.980839 0.996133 0.999229
 0.669001 0.910488 0.980839 0.996133 0.999229
 0.669001 0.910488 0.980839 0.996133 0.999229
 0.669001 0.910488 0.980839 0.996133 0.999229
 0.669001 0.910488 0.980839 0.996133 0.999229
 0.669001 0.910488 0.980839 0.996133 0.999229
 0.669001 0.910488 0.980839 0.996133 0.999229
 0.669001 0.910488 0.980839 0.996133 0.999229
 0.669001 0.910488 0.980839 0.996133 0.999229
 0.669001 0.910488 0.980839 0.996133 0.999229
 0.669001 0.910488 0.980839 0.996133 0.999229
 0.669001 0.910488 0.980839 0.996133 0.999229
 0.669001 0.910488 0.980839 0.996133 0.999229
 0.669001 0.910488 0.980839 0.996133 0.999229
 0.669001 0.910488 0.980839 0.996133 0.999229
 0.669001 0.910488 0.980839 0.996133 0.999229
 0.669001 0.910488 0.980839 0.996133 0.999229
 0.669001 0.910488 0.980839 0.996133 0.999229
 0.669001 0.910488 0.980839 0.996133 0.999229
 0.669001 0.910488 0.980839 0.996133 0.999229
 0.669001 0.910488 0.980839 0.996133 0.999229
 0.669001 0.910488 0.980839 0.996133 0.999229
 0.669001 0.910488 0.980839 0.996133 0.999229
 0.669001 0.910488 0.980839 0.996133 0.999229
 0.669001 0.910488 0.980839 0.996133 0.999229
 0.669001 0.910488 0.980839 0.996133 0.999229
 0.669001 0.910488 0.980839 0.996133 0.999229
 0.669001 0.910488 0.980839 0.996133 0.999229
Sel_pelaces
 0.311973 0.695304 0.919899 0.982992 0.996574
 0.311973 0.695304 0.919899 0.982992 0.996574
 0.311973 0.695304 0.919899 0.982992 0.996574
 0.311973 0.695304 0.919899 0.982992 0.996574
 0.311973 0.695304 0.919899 0.982992 0.996574
 0.311973 0.695304 0.919899 0.982992 0.996574
 0.311973 0.695304 0.919899 0.982992 0.996574
 0.311973 0.695304 0.919899 0.982992 0.996574
 0.311973 0.695304 0.919899 0.982992 0.996574
 0.311973 0.695304 0.919899 0.982992 0.996574
 0.311973 0.695304 0.919899 0.982992 0.996574
 0.311973 0.695304 0.919899 0.982992 0.996574
 0.311973 0.695304 0.919899 0.982992 0.996574
 0.311973 0.695304 0.919899 0.982992 0.996574
 0.311973 0.695304 0.919899 0.982992 0.996574
 0.311973 0.695304 0.919899 0.982992 0.996574
 0.311973 0.695304 0.919899 0.982992 0.996574
 0.311973 0.695304 0.919899 0.982992 0.996574
 0.311973 0.695304 0.919899 0.982992 0.996574
 0.311973 0.695304 0.919899 0.982992 0.996574
 0.311973 0.695304 0.919899 0.982992 0.996574
 0.311973 0.695304 0.919899 0.982992 0.996574
 0.311973 0.695304 0.919899 0.982992 0.996574
 0.311973 0.695304 0.919899 0.982992 0.996574
 0.311973 0.695304 0.919899 0.982992 0.996574
 0.311973 0.695304 0.919899 0.982992 0.996574
 0.311973 0.695304 0.919899 0.982992 0.996574
 0.311973 0.695304 0.919899 0.982992 0.996574
 0.311973 0.695304 0.919899 0.982992 0.996574
 0.311973 0.695304 0.919899 0.982992 0.996574
 0.311973 0.695304 0.919899 0.982992 0.996574
pf_obs 
 0.8446 0.082 0.0669 0.0065 0
 0.8095 0.147 0.0364 0.0071 0
 0.9664 0.0169 0.016 0.0007 0
 0.9276 0.0648 0.0075 0.0001 0
 0.7033 0.2144 0.0806 0.0017 0
 0.9318 0.0425 0.0243 0.0014 0
 0.5671 0.3108 0.0964 0.0239 0.0018
 0.0768 0.2599 0.5324 0.112 0.0189
 0.490249 0.384438 0.106611 0.0170017 0.00170017
 0.7925 0.1577 0.0466 0.003 0.0002
 0.840416 0.127587 0.0312969 0.00059994 9.999e-05
 0.8084 0.0986 0.0794 0.0134 0.0002
 0.7335 0.1905 0.0724 0.0035 0.0001
 0.4001 0.4547 0.1325 0.0127 0
 0.49795 0.308269 0.164784 0.0264974 0.00249975
 0.9179 0.0499 0.0305 0.0017 0
 0.2467 0.6533 0.0926 0.0074 0
 0.9418 0.0223 0.034 0.0019 0
 0.707729 0.231977 0.0356964 0.0245975 0
 0.517169 0.277429 0.184464 0.0207286 0.00020938
 0.811772 0.124168 0.05621 0.00726502 0.000585176
 0.764997 0.148141 0.077277 0.00933861 0.000247198
 0.163321 0.427699 0.378323 0.0303852 0.000271297
 0.753843 0.0900009 0.118128 0.0371064 0.000921714
 0.721811 0.176058 0.0630433 0.0369309 0.00215725
 0.143369 0.312575 0.442814 0.0836902 0.0175525
 0.692698 0.0596174 0.167031 0.0765114 0.00414204
 0.394062 0.376323 0.152708 0.0712218 0.00568511
 0.125707 0.32114 0.495352 0.0537591 0.00404204
 0.23352 0.215282 0.420074 0.123614 0.00750983
 0.796117 0.104755 0.0508955 0.0450114 0.00322123
pf_pred 
 0.0583497 0.168488 0.678875 0.0942868 8.75907e-07
 0.12374 0.0845018 0.141668 0.570812 0.0792789
 0.965309 0.00801358 0.00257263 0.00431304 0.0197918
 0.572206 0.420682 0.00164279 0.000527391 0.0049415
 0.345488 0.501602 0.150368 0.000587195 0.00195479
 0.995843 0.00257518 0.00121198 0.000363323 6.14201e-06
 0.0716765 0.926212 0.00130839 0.000615781 0.000187717
 0.156368 0.126739 0.715262 0.0010104 0.000620497
 0.957636 0.0112036 0.00468116 0.0264185 6.02378e-05
 0.394817 0.592581 0.00333287 0.00139256 0.00787695
 0.964904 0.0239797 0.0108844 6.12174e-05 0.00017026
 0.914217 0.0841831 0.00109288 0.00049606 1.05497e-05
 0.785037 0.207067 0.00774872 0.000100595 4.66314e-05
 0.845612 0.139038 0.0147862 0.000553319 1.05131e-05
 0.864613 0.128261 0.00641749 0.000682475 2.60243e-05
 0.983228 0.0159998 0.000731643 3.66076e-05 4.04153e-06
 0.177071 0.81678 0.00586646 0.000268263 1.49043e-05
 0.98806 0.00422525 0.00765747 5.49993e-05 2.65475e-06
 0.565132 0.432223 0.000936093 0.00169649 1.27731e-05
 0.846631 0.115221 0.037916 8.21172e-05 0.000149943
 0.741756 0.238588 0.014767 0.00485944 2.97415e-05
 0.905078 0.081929 0.0120039 0.000742964 0.000245986
 0.121191 0.838304 0.0349608 0.00512232 0.000422006
 0.899183 0.0222065 0.0749869 0.00312727 0.000495944
 0.705553 0.278343 0.00354721 0.0119782 0.000578764
 0.336354 0.545561 0.111626 0.00142257 0.00503584
 0.880964 0.0593751 0.0490454 0.0100351 0.000580605
 0.820619 0.168172 0.00559117 0.00461846 0.000999649
 0.263193 0.657681 0.0741814 0.0024663 0.00247818
 0.320807 0.266024 0.368798 0.0415976 0.00277264
 0.962096 0.019954 0.00703043 0.00974651 0.00117261
pobs_RECLAS
 0 0 0 0 0
 0 0 0 0 0
 0 0 0 0 0
 0 0 0 0 0
 0 0 0 0 0
 0 0 0 0 0
 0 0 0 0 0
 0 0 0 0 0
 0 0 0 0 0
 0 0 0 0 0
 0.991045 0.00858322 0.000360255 1.14367e-05 0
 0.934742 0.0480273 0.0164251 0.00080598 0
 0.827803 0.169806 0.00239088 0 0
 0.941827 0.0461693 0.0120037 0 0
 0.791401 0.0380133 0.147996 0.0225897 0
 0.846168 0.0940531 0.0597789 0 0
 0.134021 0.677848 0.182769 0.00536245 0
 0.80878 0.0450904 0.141981 0.00414843 0
 0.846168 0.0940531 0.0597789 0 0
 0.905697 0.0802665 0.012482 0.00150086 5.37128e-05
 0.989698 0.0102097 9.19794e-05 0 0
 0.975433 0.0193895 0.00387452 0.00125025 5.28907e-05
 0.303575 0.632131 0.0575291 0.00676475 0
 0.966965 0.00978017 0.0227588 0.000495775 0
 0.843318 0.132988 0.00938335 0.0141283 0.000182051
 0.564624 0.303363 0.111486 0.0197234 0.00080311
 0.826376 0.0876187 0.0782897 0.00655872 0.00115652
 0.89761 0.0855135 0.0140674 0.00269457 0.000114338
 0.34875 0.467042 0.161289 0.0227151 0.000203297
 0.318654 0.224769 0.449479 0.00709798 0
 0.937255 0.0296025 0.0250945 0.00804832 0
ppred_RECLAS
 0.0648854 0.157088 0.681849 0.0961765 8.96239e-07
 0.141014 0.0765168 0.138193 0.565492 0.0787842
 0.970265 0.00640132 0.00221383 0.00376938 0.0173508
 0.637767 0.355664 0.0014962 0.000487822 0.00458496
 0.426805 0.431461 0.139335 0.000552597 0.00184533
 0.996452 0.00213227 0.00108107 0.000329133 5.58133e-06
 0.0904428 0.907315 0.00138073 0.000659959 0.000201809
 0.175758 0.116193 0.706411 0.00101345 0.000624309
 0.963606 0.00901762 0.00405893 0.0232641 5.32101e-05
 0.490203 0.498229 0.00301872 0.00128097 0.00726825
 0.970401 0.0197384 0.00965152 5.51297e-05 0.000153806
 0.933531 0.0651292 0.000910851 0.000419883 8.95737e-06
 0.82817 0.165048 0.00665353 8.77243e-05 4.07914e-05
 0.888962 0.0992299 0.0113681 0.000432042 8.23437e-06
 0.903094 0.0914251 0.00492788 0.000532233 2.03583e-05
 0.986839 0.0125099 0.000616256 3.1315e-05 3.46797e-06
 0.223139 0.770607 0.00596249 0.000276905 1.54323e-05
 0.989804 0.00343606 0.00670838 4.89338e-05 2.36932e-06
 0.627049 0.370484 0.000864379 0.00159095 1.20157e-05
 0.873196 0.0934644 0.0331331 7.28774e-05 0.000133485
 0.78391 0.198412 0.0132293 0.00442129 2.7144e-05
 0.922756 0.0659615 0.0104112 0.000654431 0.000217347
 0.146034 0.811628 0.0364637 0.00542582 0.000448399
 0.911541 0.0183665 0.0668122 0.0028298 0.000450163
 0.744811 0.240044 0.0032955 0.0113018 0.000547776
 0.38074 0.502075 0.110666 0.00143233 0.00508614
 0.898253 0.0487878 0.043414 0.00902136 0.000523575
 0.845899 0.143699 0.00514669 0.0043176 0.000937432
 0.299008 0.620487 0.0753938 0.00254569 0.00256591
 0.369407 0.235651 0.351933 0.0403143 0.00269545
 0.968738 0.0158012 0.00599743 0.00844407 0.00101907
pobs_PELACES
 0 0 0 0 0
 0 0 0 0 0
 0 0 0 0 0
 0 0 0 0 0
 0 0 0 0 0
 0 0 0 0 0
 0 0 0 0 0
 0 0 0 0 0
 0 0 0 0 0
 0 0 0 0 0
 0 0 0 0 0
 0 0 0 0 0
 0 0 0 0 0
 0 0 0 0 0
 0 0 0 0 0
 0 0 0 0 0
 0.505614 0.472636 0.0217494 0 0
 0 0 0 0 0
 0.443492 0.261883 0.143347 0.151278 0
 0.227955 0.32914 0.350689 0.0885471 0.00366901
 0.970185 0.0296113 0.000203453 0 0
 0.997202 0.00247181 0.000326279 0 0
 0.445219 0.490057 0.0546422 0.010081 0
 0.90214 0.0892962 0.00764917 0.000914606 0
 0 0 0 0 0
 0.581667 0.319106 0.0959925 0.00289975 0.000334073
 0.762889 0.0836404 0.116647 0.0363945 0.000428098
 0.88444 0.0763242 0.0277011 0.0115352 0
 0.521256 0.241999 0.230069 0.00667565 0
 0.616807 0.101726 0.260614 0.0208532 0
 0.833518 0.0704572 0.0857862 0.0102388 0
ppred_PELACES
 0.0355208 0.135425 0.721913 0.107141 1.00907e-06
 0.0842492 0.0648883 0.143925 0.619682 0.0872555
 0.949097 0.00889042 0.00377606 0.0067648 0.0314714
 0.567959 0.422007 0.00218028 0.000747952 0.00710494
 0.367691 0.450411 0.178637 0.000745432 0.00251586
 0.994075 0.00324576 0.00202103 0.000647408 1.10957e-05
 0.0674935 0.929625 0.0017374 0.000873775 0.000270045
 0.107337 0.105207 0.785533 0.00118577 0.000738258
 0.938361 0.0125942 0.00696197 0.0419853 9.70548e-05
 0.447636 0.536372 0.00399119 0.001782 0.0102191
 0.95329 0.0289351 0.0173761 0.000104432 0.000294463
 0.913071 0.0847523 0.00145568 0.000706051 1.5223e-05
 0.782719 0.206832 0.01024 0.000142056 6.67606e-05
 0.868632 0.114589 0.0161224 0.0006447 1.24186e-05
 0.885623 0.106496 0.00704968 0.000801126 3.09708e-05
 0.981732 0.0171674 0.00103861 5.55309e-05 6.2154e-06
 0.1794 0.812481 0.00772058 0.000377263 2.12498e-05
 0.982862 0.00501555 0.0120259 9.22994e-05 4.51674e-06
 0.55167 0.44457 0.00127385 0.00246695 1.88306e-05
 0.822888 0.123145 0.0536135 0.000124078 0.000229692
 0.717678 0.254147 0.0208111 0.00731809 4.54082e-05
 0.891473 0.0896201 0.0173722 0.00114898 0.000385667
 0.10475 0.840977 0.0464013 0.00726482 0.000606786
 0.854466 0.0255383 0.114094 0.00508455 0.000817484
 0.658799 0.315728 0.00532337 0.0192089 0.000940957
 0.285498 0.554902 0.150212 0.00204561 0.00734142
 0.843914 0.0665384 0.0727164 0.0158988 0.000932576
 0.778841 0.202651 0.00891382 0.00786808 0.00172655
 0.212686 0.678761 0.101289 0.00359851 0.0036658
 0.273483 0.236639 0.43403 0.052313 0.00353504
 0.951385 0.0216941 0.0101125 0.0149809 0.00182726
pobs_pel_tallas
 0 0 0 0 0 0 0 0 0 0 0 0 0 0 0 0 0 0 0 0 0 0 0 0 0 0
 0 0 0 0 0 0 0 0 0 0 0 0 0 0 0 0 0 0 0 0 0 0 0 0 0 0
 0 0 0 0 0 0 0 0 0 0 0 0 0 0 0 0 0 0 0 0 0 0 0 0 0 0
 0 0 0 0 0 0 0 0 0 0 0 0 0 0 0 0 0 0 0 0 0 0 0 0 0 0
 0 0 0 0 0 0 0 0 0 0 0 0 0 0 0 0 0 0 0 0 0 0 0 0 0 0
 0 0 0 0 0 0 0 0 0 0 0 0 0 0 0 0 0 0 0 0 0 0 0 0 0 0
 0 0 0 0 0 0 0 0 0 0 0 0 0 0 0 0 0 0 0 0 0 0 0 0 0 0
 0 0 0 0 0 0 0 0 0 0 0 0 0 0 0 0 0 0 0 0 0 0 0 0 0 0
 0 0 0 0 0 0 0 0 0 0 0 0 0 0 0 0 0 0 0 0 0 0 0 0 0 0
 0 0 0 0 0 0 0 0 0 0 0 0 0 0 0 0 0 0 0 0 0 0 0 0 0 0
 0 0 0 0 0 0 0 0 0 0 0 0 0 0 0 0 0 0 0 0 0 0 0 0 0 0
 0 0 0 0 0 0 0 0 0 0 0 0 0 0 0 0 0 0 0 0 0 0 0 0 0 0
 0.00862536 0 0 0.000197151 0.00414017 0.0128641 0.00837892 0.0270097 0.101434 0.158115 0.152841 0.127902 0.109271 0.109419 0.0830992 0.0579132 0.0238553 0.00714673 0.00463305 0.00128148 0.00103504 0.000492878 0.000147863 0.000147863 4.92878e-05 0
 0 0 0 0 0 0 0 0 0 0 0 0 0 0 0 0 0 0 0 0 0 0 0 0 0 0
 0 0 0 0 0 0 0 0.0054083 0.00873648 0.0413646 0.0450493 0.0745869 0.0622846 0.0627006 0.0613931 0.0827291 0.12552 0.122667 0.0946155 0.0697135 0.0546179 0.0294188 0.0215738 0.0213955 0.0102223 0.00600262
 0 0 0 0 0.00359764 0.0251062 0.0480494 0.140153 0.205849 0.193036 0.1447 0.116669 0.0760912 0.0342217 0.00950174 0.001854 0.000860785 0 0 0 0.000165536 0 0.000143464 0 0 0
 0 0 0 0 0 0 0 0.000145254 0.000435761 0.0275982 0.070085 0.0708112 0.156366 0.174668 0.174014 0.160142 0.0824315 0.0480064 0.0283245 0.00493863 0.00203355 0 0 0 0 0
 0 0 0 0 0 0 0 0 0 0 0 0 0 0 0 0 0 0 0 0 0 0 0 0 0 0
 0 0 1.00437e-05 0.000401748 0.00122533 0.00171747 0.00176769 0.0269171 0.070346 0.194647 0.189555 0.159765 0.064822 0.0314167 0.0384472 0.0292271 0.0345202 0.0313363 0.0194345 0.0106764 0.0143323 0.0359363 0.0279516 0.0138201 0.00172751 0
 0 0.0021121 0.0136068 0.0755702 0.200478 0.177729 0.0527432 0.0373336 0.0318909 0.0142505 0.0149659 0.0166563 0.0217959 0.0798694 0.0677717 0.0528807 0.04013 0.0224614 0.0357745 0.0225083 0.00881397 0.00855152 0.00135912 0.000746735 0 0
 0 0 0 0 5.4009e-05 0.00500934 0.000945158 0.0243581 0.138947 0.33067 0.221406 0.137944 0.0707744 0.0437923 0.0131692 0.00525238 0.0047753 0.00276346 9.45158e-05 9.00151e-06 2.25038e-05 9.00151e-06 4.50075e-06 0 0 0
 0.000866109 0.00284123 0.00948549 0.0512746 0.133035 0.25785 0.225252 0.132002 0.0553304 0.0519788 0.0540692 0.017754 0.00435017 0.00159236 0.00146478 0.000404838 0.000125132 0.000115318 0.000107957 0.000100596 0 0 0 0 0 0
 0 0 0 0 0.00144013 0.00171154 0.00461396 0.0210425 0.0478622 0.0707936 0.0888783 0.103762 0.0637923 0.0337046 0.0602308 0.124433 0.169614 0.0934646 0.0462172 0.0250306 0.0313229 0.00938855 0.002487 0.000210481 0 0
 0 0.00764035 0.051015 0.0998891 0.058973 0.0496711 0.0374665 0.0718981 0.12319 0.153886 0.159021 0.0857701 0.0377988 0.023471 0.0147837 0.00900784 0.00315554 0.000888139 0.00291439 0.00214683 0.00393193 0.00274676 0.000635225 9.99891e-05 0 0
 0 0 0 0 0 0 0 0 0 0 0 0 0 0 0 0 0 0 0 0 0 0 0 0 0 0
 0 0 0 0 0 0 0 0 0 0 0 0 0 0 0 0 0 0 0 0 0 0 0 0 0 0
 0 0 0 0 0 0 0 0 0 0 0 0 0 0 0 0 0 0 0 0 0 0 0 0 0 0
 0 0 0 0 0 0 0 0 0 0 0 0 0 0 0 0 0 0 0 0 0 0 0 0 0 0
 0 0 0 0 0 0 0 0 0 0 0 0 0 0 0 0 0 0 0 0 0 0 0 0 0 0
 0 0 0 0 0 0 0 0 0 0 0 0 0 0 0 0 0 0 0 0 0 0 0 0 0 0
 0 0 0 0 0 0 0 0 0 0 0 0 0 0 0 0 0 0 0 0 0 0 0 0 0 0
ppred_pel_tallas
 1.31613e-16 2.92583e-06 2.84401e-05 0.000188995 0.000859154 0.00267322 0.0056961 0.00831658 0.00833075 0.00576588 0.00291078 0.00155964 0.00200144 0.00416422 0.0083828 0.0152248 0.0251279 0.0382693 0.0546182 0.0738608 0.0949443 0.115485 0.131749 0.139718 0.136827 0.123295
 1.81082e-16 6.93951e-06 6.74545e-05 0.000448259 0.00203773 0.00634016 0.0135086 0.0197176 0.0197243 0.0135416 0.00645224 0.00236792 0.00130235 0.0020192 0.00398242 0.00731606 0.0123929 0.019771 0.0303432 0.0453452 0.0658963 0.0920693 0.121953 0.151401 0.174865 0.18713
 1.06116e-16 7.81759e-05 0.000759897 0.00504979 0.0229556 0.0714234 0.152175 0.222104 0.222105 0.152179 0.0714377 0.0229972 0.00515492 0.000992144 0.000527922 0.00077378 0.00117113 0.00162341 0.00211215 0.00268431 0.00345121 0.00453363 0.00597371 0.00766717 0.00935902 0.0107102
 1.01449e-16 4.67822e-05 0.000454739 0.0030219 0.0137372 0.0427416 0.0910671 0.132924 0.132964 0.0912653 0.043407 0.0156579 0.0078386 0.0109547 0.0199443 0.0327835 0.0469537 0.0584852 0.063373 0.0597853 0.0491962 0.0354723 0.0226678 0.0132056 0.00747572 0.00457695
 1.05771e-16 3.02863e-05 0.000294394 0.00195635 0.00889332 0.0276707 0.0589569 0.0860584 0.086102 0.0591699 0.0283865 0.010963 0.00715977 0.0116802 0.0217316 0.0360794 0.0524322 0.0668819 0.0754052 0.0760486 0.069958 0.0603642 0.0504308 0.0417292 0.0342446 0.0273726
 1.00127e-16 8.18806e-05 0.000795909 0.00528909 0.0240435 0.0748081 0.159387 0.232629 0.23263 0.159388 0.0748133 0.0240585 0.00532691 0.000878888 0.000240717 0.000271609 0.000390913 0.000507371 0.00058931 0.0006238 0.0006184 0.000592731 0.000563109 0.00053305 0.000495721 0.000443394
 1.00422e-16 5.55955e-06 5.40409e-05 0.000359125 0.00163258 0.00508005 0.0108269 0.0158209 0.0159103 0.0112636 0.00654566 0.00586299 0.0109677 0.0231781 0.0438209 0.0721701 0.103339 0.128638 0.139219 0.131009 0.107225 0.0763697 0.0473978 0.0257161 0.012297 0.00529146
 1.2294e-16 8.8412e-06 8.59396e-05 0.0005711 0.00259614 0.00807762 0.0172106 0.0251218 0.0251331 0.0172666 0.00826878 0.00316333 0.00205158 0.00350509 0.00704915 0.0130595 0.0221019 0.034607 0.0507287 0.0700679 0.0911459 0.110976 0.125385 0.130386 0.12401 0.107423
 1.04432e-16 7.72916e-05 0.000751302 0.00499266 0.0226959 0.0706155 0.150454 0.219592 0.219593 0.15046 0.0706359 0.0227552 0.00514277 0.0010836 0.000722746 0.00111248 0.00169552 0.00236045 0.00307122 0.00386195 0.00482892 0.00605546 0.00750986 0.0089931 0.010183 0.0107565
 1.02161e-16 3.68713e-05 0.000358402 0.00238171 0.0108269 0.0336869 0.0717754 0.104769 0.104821 0.0720274 0.0345327 0.0132683 0.00850431 0.0137056 0.0253312 0.0416771 0.0597021 0.0743831 0.0806366 0.076139 0.0627651 0.0454257 0.0292633 0.0173422 0.0101409 0.0064994
 1.0057e-16 7.85212e-05 0.000763254 0.00507209 0.023057 0.0717389 0.152847 0.223086 0.223089 0.152861 0.0717851 0.0231906 0.00540848 0.00150076 0.00148839 0.00236019 0.00344741 0.00444866 0.00510983 0.00530604 0.00509747 0.00466221 0.00416442 0.00366983 0.00316069 0.00260702
 1.00138e-16 7.52084e-05 0.000731053 0.0048581 0.0220842 0.0687123 0.146399 0.213676 0.213684 0.146439 0.068846 0.0224701 0.00582578 0.00284073 0.00407371 0.00659422 0.00944166 0.0117673 0.0127629 0.0120586 0.00994525 0.0071918 0.00460436 0.00266486 0.00145388 0.000800624
 1.00374e-16 6.44716e-05 0.000626687 0.00416455 0.0189315 0.0589029 0.1255 0.183175 0.183195 0.125597 0.0592293 0.0198738 0.00652835 0.0057816 0.00983901 0.0161228 0.0231223 0.0288715 0.0314121 0.0298388 0.0248434 0.0182688 0.012042 0.0073088 0.0042599 0.00250172
 1.00562e-16 7.15481e-05 0.000695473 0.00462166 0.0210094 0.0653681 0.139274 0.203277 0.203288 0.139328 0.0655493 0.0215327 0.00593502 0.00356221 0.00551494 0.009001 0.0129513 0.0162676 0.0178792 0.0172862 0.0148484 0.011534 0.00834027 0.00583789 0.00410089 0.00292578
 1.00317e-16 7.29476e-05 0.000709076 0.00471206 0.0214204 0.0666467 0.141998 0.207253 0.207263 0.142048 0.0668149 0.0219058 0.00592986 0.00336531 0.00511104 0.0083168 0.0119326 0.0149186 0.0162679 0.0155161 0.0130164 0.00970861 0.00657148 0.00418053 0.00262381 0.00169649
 1.00042e-16 8.0864e-05 0.000786027 0.00522342 0.0237449 0.0738793 0.157408 0.229742 0.229743 0.157416 0.0739064 0.0238232 0.00541969 0.0012141 0.000892699 0.00134479 0.00192215 0.00240166 0.00261656 0.0024916 0.00208382 0.00154522 0.00103441 0.00064513 0.000392386 0.000243516
 1.00472e-16 1.47771e-05 0.000143639 0.000954535 0.00433922 0.0135014 0.028769 0.0420055 0.0420836 0.0291507 0.0147825 0.00803723 0.0102284 0.02036 0.0383249 0.063114 0.0903966 0.112581 0.12194 0.114915 0.0943005 0.0674971 0.0422903 0.0233724 0.0115813 0.00531672
 1.00359e-16 8.0957e-05 0.000786931 0.00522943 0.0237722 0.0739643 0.157589 0.230005 0.230006 0.157591 0.0739726 0.0237964 0.00529096 0.000923984 0.000349256 0.000470042 0.000717368 0.0010015 0.00128761 0.00155456 0.00179158 0.00198414 0.00210099 0.00210057 0.00195583 0.00167739
 1.00402e-16 4.54404e-05 0.000441697 0.00293524 0.0133432 0.0415158 0.0884554 0.129112 0.129155 0.0886643 0.0422167 0.0153664 0.00800884 0.0115012 0.0210018 0.0345234 0.0494349 0.0615499 0.0666386 0.0627578 0.0514469 0.0367709 0.0230033 0.0127165 0.00635958 0.00303491
 1.01631e-16 6.77802e-05 0.000658848 0.00437828 0.019903 0.0619257 0.13194 0.192572 0.192584 0.131998 0.0621216 0.0204694 0.00580259 0.00377656 0.00601341 0.00989744 0.0143968 0.0184035 0.02082 0.0211112 0.0195779 0.0170785 0.0144466 0.012086 0.00998346 0.00798694
 1.01408e-16 5.91143e-05 0.000574612 0.0038185 0.0173583 0.0540084 0.115072 0.167955 0.16798 0.115191 0.0544098 0.0185174 0.00672663 0.00691919 0.0120972 0.0198754 0.0285551 0.0357607 0.0391124 0.0375136 0.0318066 0.0242149 0.0170338 0.0115838 0.00802392 0.00583281
 1.00705e-16 7.34295e-05 0.000713761 0.00474319 0.0215619 0.067087 0.142936 0.208621 0.20863 0.142978 0.0672288 0.0219717 0.00577215 0.00296095 0.00434403 0.00707239 0.0101967 0.0128539 0.0142143 0.0138897 0.0121519 0.00973519 0.00738639 0.00551923 0.0041718 0.0031853
 1.02386e-16 8.62831e-06 8.38703e-05 0.000557351 0.00253369 0.00788368 0.0168 0.0245371 0.024618 0.0171954 0.00921102 0.00636592 0.0101708 0.0210505 0.0397699 0.0655811 0.0941108 0.117585 0.128078 0.121923 0.101935 0.0755837 0.050656 0.0317444 0.0195597 0.0124575
 1.03948e-16 7.03812e-05 0.000684131 0.00454629 0.0206668 0.064302 0.137002 0.199959 0.199962 0.137015 0.064346 0.020796 0.00487886 0.00143739 0.00158061 0.00270885 0.00437638 0.00650187 0.00901618 0.0118282 0.0147683 0.0174985 0.0194989 0.020221 0.019348 0.0169866
 1.02321e-16 5.42644e-05 0.00052747 0.00350522 0.0159343 0.0495775 0.105631 0.154178 0.154209 0.10578 0.0500756 0.0173721 0.00711168 0.00839143 0.0149633 0.0245841 0.035254 0.0440144 0.0479003 0.0455713 0.0381409 0.0284768 0.0195402 0.013033 0.00912489 0.00704932
 1.05925e-16 2.35162e-05 0.000228586 0.00151904 0.00690536 0.0214854 0.045779 0.066827 0.0668806 0.0460409 0.0223651 0.00944748 0.00790505 0.0141855 0.0265773 0.0440214 0.0636897 0.0806581 0.0898774 0.0889478 0.0794578 0.065747 0.0521709 0.0410547 0.0325282 0.0256773
 1.03868e-16 6.95121e-05 0.000675682 0.00449015 0.0204116 0.063508 0.135311 0.197491 0.197498 0.135343 0.0636153 0.020723 0.00527684 0.00240956 0.00341099 0.00565595 0.00843756 0.0112316 0.0135381 0.0151065 0.0160242 0.0165377 0.0167682 0.0165883 0.0157511 0.0141281
 1.01391e-16 6.41521e-05 0.000623582 0.00414392 0.0188377 0.0586111 0.124878 0.182267 0.182286 0.124973 0.0589309 0.0197611 0.00646034 0.00567561 0.00964509 0.0158079 0.0226827 0.0283522 0.0309133 0.029499 0.0248066 0.0186507 0.0129073 0.00865756 0.0060224 0.00454247
 1.04078e-16 1.75188e-05 0.000170289 0.00113163 0.00514428 0.0160061 0.0341051 0.0497912 0.0498566 0.0344248 0.0170795 0.00824448 0.00891349 0.0171577 0.0322781 0.0533287 0.0768023 0.0965316 0.106213 0.102896 0.0887059 0.0693552 0.0507138 0.0361181 0.0259699 0.0190439
 1.18431e-16 2.25265e-05 0.000218965 0.0014551 0.00661469 0.0205809 0.0438506 0.0640062 0.0640296 0.0439655 0.0209683 0.00774187 0.00431503 0.00656331 0.0123677 0.0211827 0.03231 0.0443763 0.0558671 0.0658958 0.0743557 0.0812403 0.0858337 0.0866802 0.0824705 0.0730874
 1.0211e-16 7.83643e-05 0.000761729 0.00506196 0.0230109 0.0715956 0.152542 0.22264 0.222642 0.152552 0.0716302 0.0231112 0.0053146 0.0013162 0.00114035 0.00178541 0.00262338 0.00342883 0.00403621 0.00438681 0.00456103 0.00471102 0.00494097 0.00523008 0.00544999 0.00544891
pSPR Fmed_Fpbrs
0.216283   0.6 0.325
Fs Fmed_Fpbrs
1.14914   0.311209 0.779487
SSBpbr Bo_Bmed_Bpbrs
1.45542e+06  242012  800480 400240
Ro
52245.5
SPR SPRFo_SPRFmed_SPRFpbrs
372909 80654 121195
Fref
0.311209
Nvult_r0
 96154 1575.79 555.2 769.692 92.602
CTP_r0
 42558.2 882.661 310.99 431.136 51.8701
YTP_r0
390942
Np
 90510.5 27423.8 5168.3 48.7398 21.8005
Nvult_p0
 63086.7 20033.3 3775.48 35.6047 15.9254
CTP_p0
 10252.6 3325.09 31.3573 11.0482 16.8934
 10252.6 4754.8 896.092 8.45061 3.77982
YTP_p0
 130518 172403
CBA_c0
143083
log_Ro
10.6837
likeval ReclasPelacesDesembMPH_pf_preclas_ppelaces_ptallas_desvR_qrecl_qpela
 16.7738 21.0735 0.279547 0.000940901 324.27 120.657 120.573 0 88.5007 0.000139584 0.000340185 0.0029361 6.47683e-16 0 0
q_reclas_q_pelaces
5.3344 13.7914
M
1
N
 9507.97 17946.5 72310.5 10043 0.0932974
 5804.59 2874.17 4818.57 19415.1 2696.53
 173112 1041.75 334.438 560.688 2572.91
 55550.4 31113.7 121.501 39.0058 365.474
 6190.14 7256.71 2175.39 8.495 28.2802
 286979 502.228 236.369 70.8576 1.19786
 7690.51 74041.1 104.592 49.2254 15.006
 2068.27 1168 6591.73 9.31164 5.71839
 54950.7 461.948 193.014 1089.29 2.48373
 8454.93 10388.7 58.4292 24.4133 138.092
 34735.7 597.657 271.277 1.52575 4.24348
 114125 8014.22 104.042 47.2249 1.00433
 73406.2 14801.2 553.879 7.19057 3.33322
 69610.5 9358.93 995.287 37.2449 0.707658
 41166.8 4981.17 249.231 26.5048 1.01069
 250161 3021.81 138.182 6.9139 0.763304
 10948.8 38900.4 279.399 12.7764 0.709841
 439650 1320.76 2393.63 17.1921 0.82984
 164242 94066 203.725 369.214 2.77985
 241459 24130.8 7940.81 17.1979 31.4027
 170161 40168.4 2486.16 818.128 5.00724
 429470 28409.6 4162.46 257.629 85.2976
 14899.5 73583.4 3068.74 449.62 37.0422
 169788 2920.16 9860.78 411.236 65.2167
 138707 38016.2 484.481 1635.99 79.048
 27665.8 31443.7 6433.63 81.9905 290.243
 125228 5999.04 4955.38 1013.91 58.6623
 182122 25157 836.39 690.881 149.539
 28559.1 47893.9 5402.07 179.602 180.467
 12292.5 7665.12 10626.4 1198.58 79.8899
 115332 1756.64 618.922 858.031 103.23
pred_Ctot
 1088.84 3144.09 12668.2 1759.45 0.016345
 1990.11 1359.05 2278.45 9180.4 1275.05
 59263.1 491.977 157.941 264.79 1215.08
 24566.4 18061 70.5293 22.6423 212.152
 3423.31 4970.18 1489.94 5.81829 19.3693
 55763.7 144.201 67.8667 20.3448 0.343931
 3061.73 39564 55.889 26.3036 8.01849
 534.741 433.416 2446.02 3.45531 2.12195
 17809.7 208.359 87.0579 491.319 1.12027
 4891.69 7341.95 41.2935 17.2535 97.5937
 8500.87 211.262 95.8923 0.539329 1.5
 50697.4 4668.32 60.6051 27.5087 0.585026
 32951.5 8691.53 325.248 4.22243 1.95733
 40123 6597.17 701.584 26.2541 0.498833
 23540 3492.02 174.723 18.5811 0.708539
 97746.7 1590.61 72.7356 3.63931 0.401785
 5075.82 23413.4 168.165 7.68989 0.42724
 121467 519.43 941.371 6.76133 0.326361
 67054.8 51284.7 111.071 201.295 1.51557
 89064.9 12121.1 3988.73 8.63866 15.7738
 62561.5 20123.1 1245.49 409.857 2.50847
 154152 13954.1 2044.49 126.541 41.896
 4628.67 32017.5 1335.27 195.638 16.1178
 43720.9 1079.75 3646.08 152.057 24.1143
 34991.8 13804.3 175.923 594.058 28.7037
 7492.47 12152.7 2486.54 31.6885 112.176
 37721.7 2542.36 2100.06 429.69 24.8608
 33734.6 6913.32 229.846 189.859 41.0943
 5008.57 12515.7 1411.67 46.9336 47.1598
 5120.57 4246.15 5886.58 663.962 44.2556
 42558.2 882.661 310.99 431.136 51.8701
F
 0.196366 0.314918 0.314918 0.314918 0.314918
 0.717745 1.15107 1.15107 1.15107 1.15107
 0.716294 1.14874 1.14874 1.14874 1.14874
 1.03536 1.66044 1.66044 1.66044 1.66044
 1.51166 2.42429 2.42429 2.42429 2.42429
 0.354789 0.568984 0.568984 0.568984 0.568984
 0.884692 1.4188 1.4188 1.4188 1.4188
 0.499018 0.800289 0.800289 0.800289 0.800289
 0.665721 1.06764 1.06764 1.06764 1.06764
 1.64949 2.64533 2.64533 2.64533 2.64533
 0.466552 0.748222 0.748222 0.748222 0.748222
 1.04259 1.67203 1.67203 1.67203 1.67203
 1.05968 1.69943 1.69943 1.69943 1.69943
 1.63725 2.6257 2.6257 2.6257 2.6257
 1.61177 2.58485 2.58485 2.58485 2.58485
 0.8611 1.38097 1.38097 1.38097 1.38097
 1.11502 1.78819 1.78819 1.78819 1.78819
 0.541981 0.86919 0.86919 0.86919 0.86919
 0.91785 1.47198 1.47198 1.47198 1.47198
 0.793621 1.27275 1.27275 1.27275 1.27275
 0.790019 1.26697 1.26697 1.26697 1.26697
 0.764132 1.22546 1.22546 1.22546 1.22546
 0.629692 1.00985 1.00985 1.00985 1.00985
 0.49654 0.796314 0.796314 0.796314 0.796314
 0.484168 0.776474 0.776474 0.776474 0.776474
 0.528597 0.847725 0.847725 0.847725 0.847725
 0.605003 0.97026 0.97026 0.97026 0.97026
 0.335689 0.538354 0.538354 0.538354 0.538354
 0.315294 0.505646 0.505646 0.505646 0.505646
 0.945583 1.51646 1.51646 1.51646 1.51646
 0.794059 1.27345 1.27345 1.27345 1.27345
YTP_r0W_actual
 353233 12445.5 8583.33 14744.8 1934.76
YTP_p0W_proyectada
 76792.3 52104.2 725.295 324.485 571.504
 76792.3 74507.8 20726.6 248.194 127.871
CTP_r0_actual
 42558.2 882.661 310.99 431.136 51.8701
CTP_p0_proyectada
 10252.6 3325.09 31.3573 11.0482 16.8934
 10252.6 4754.8 896.092 8.45061 3.77982
Wmedp
 7.49 15.67 23.13 29.37 33.83
Frms_r0
 0.794059 1.27345 1.27345 1.27345 1.27345
Zrms_r0
 1.79406 2.27345 2.27345 2.27345 2.27345
nmprior
 8.19 8.8 8.5 0
nm_flota  nm_reclas  nm_pelaces    nm_pelaL
inf 20.472 4.22028 6.50046
cv_recla  cv_pelaces  cv_mph
0.37046 0.433769 0.946624
 ------------------------------------------------
Talla a la edad & desviaci?n 
 8 13.2811 15.8009 17.003 17.5766
 0.8 1.32811 1.58009 1.7003 1.75766
