years
 1991 1992 1993 1994 1995 1996 1997 1998 1999 2000 2001 2002 2003 2004 2005 2006 2007 2008 2009 2010 2011 2012 2013 2014 2015 2016 2017 2018 2019 2020 2021
reclasobs
 0 0 0 0 0 0 0 0 0 252601 567819 844713 477998 351125 339783 2.1784e+06 2.13404e+06 4.81314e+06 1.55562e+06 2.62356e+06 3.21686e+06 3.843e+06 1.13348e+06 3.07943e+06 1.97215e+06 2.03268e+06 2.025e+06 2.42433e+06 2.27542e+06 1.05018e+06 2.36338e+06
reclaspred
 3.26851e+06 1.82667e+06 925502 941488 947661 1.51334e+06 940878 828879 599987 431185 505366 654151 643547 496794 496929 1.1919e+06 1.08459e+06 2.84157e+06 2.38795e+06 1.85207e+06 3.16417e+06 2.57228e+06 2.06787e+06 3.10914e+06 2.32525e+06 2.06032e+06 2.41876e+06 2.57929e+06 2.10453e+06 1.32762e+06 1.88221e+06
pelacesobs
 0 0 0 0 0 0 0 0 0 0 0 0 0 0 0 552880 188675 0 991730 2.46772e+06 1.41603e+06 1.21717e+06 2.29649e+06 1.80582e+06 0 1.4828e+06 1.56532e+06 1.57751e+06 1.42118e+06 867257 1.10002e+06
pelacespred
 1.82452e+06 1.13154e+06 571463 476529 502315 830045 475524 522233 362664 245961 299779 322551 349080 282261 290685 576412 524964 1.60967e+06 1.38124e+06 993128 1.65139e+06 1.45968e+06 1.17296e+06 1.93252e+06 1.39271e+06 1.23083e+06 1.6458e+06 1.7314e+06 1.163e+06 830811 1.17853e+06
mphobs
 0 0 0 0 0 0 0 0 0 0 0 498337 0 5186 125008 0 168611 109162 213762 579715 649985 157893 87575 83554 0 0 0 0 0 0 0
mphpred
 498794 334179 165857 90885.4 101200 116309 153490 93874.1 83243.3 56422.9 36779.3 60433.5 64716.3 54473.3 36229.9 45295.6 133970 120744 287044 218695 245717 288928 277346 232039 313831 258666 212961 224229 314795 213446 129437
desembarqueobs
 494567 514787 250237 358949 120608 361735 552515 73892 212993 205616 52469 317467 293654 387597 252695 516296 358380 742168 942051 627588 828172 859565 418607 520667 417249 300574 415391 372974 316634 284311 391294
desembarquepred
 494574 513521 250873 358979 120613 361750 552567 73896.6 213046 205666 52471.7 317537 293707 387633 252690 516272 358432 742060 941841 627426 828269 859575 418606 520697 417247 300575 415393 372957 316624 284321 391301
Reclutas
 194462 108710 108552 183614 147069 251192 103410 46586.3 43821.9 58132 107705 144826 121044 84583 82614.9 406562 82260.7 721768 405874 337840 438015 625491 134902 366759 317196 142406 311647 354143 105352 77763.3 290666
log_desv_Rt
 0.135628 -0.445924 -0.447381 0.0782273 -0.143709 0.391607 -0.495909 -1.2933 -1.35448 -1.07189 -0.455215 -0.159074 -0.338456 -0.696876 -0.720419 0.873127 -0.724715 1.44709 0.871433 0.687964 0.947644 1.30393 -0.230058 0.770096 0.62491 -0.175924 0.607261 0.735092 -0.477306 -0.780939 0.537565
SSB
 2.96199e+06 1.98446e+06 984907 539706 600956 690679 911473 557453 494325 335057 218407 358873 384306 323480 215144 268979 795554 717013 1.70456e+06 1.29868e+06 1.45914e+06 1.71575e+06 1.64697e+06 1.37792e+06 1.86363e+06 1.53604e+06 1.26463e+06 1.33154e+06 1.86935e+06 1.26751e+06 768635
BT
 4.02269e+06 2.74268e+06 1.37718e+06 1.24189e+06 1.08719e+06 1.94785e+06 1.43472e+06 1.09663e+06 928369 684577 637789 903522 956508 960922 827906 1.55946e+06 1.3188e+06 3.83893e+06 3.62859e+06 2.51969e+06 3.93165e+06 3.68711e+06 2.68126e+06 4.30298e+06 3.13726e+06 2.6982e+06 3.67684e+06 3.79628e+06 2.55956e+06 1.91742e+06 2.70706e+06
Ftot
 0.142309 0.259259 0.252747 0.376595 0.125376 0.242687 0.538403 0.0872738 0.343319 0.456458 0.109264 0.477266 0.447178 0.750647 0.520168 0.460376 0.312959 0.277942 0.383364 0.333383 0.261126 0.332274 0.192721 0.172736 0.175062 0.141252 0.176153 0.150214 0.14031 0.202336 0.217853
BD_Bspro_t
 0.977488 0.8376 0.671668 0.581035 0.576374 0.654788 0.646668 0.480789 0.537608 0.491054 0.45533 0.662789 0.544986 0.453964 0.344278 0.396966 0.548996 0.513081 0.651356 0.556252 0.537383 0.576166 0.595427 0.590898 0.690231 0.698914 0.706146 0.739441 0.784569 0.717894 0.647888
BD_Bspro
 2.44398 1.63741 0.812661 0.445319 0.495858 0.569889 0.75207 0.459963 0.407874 0.27646 0.180211 0.296111 0.317096 0.266908 0.177519 0.221939 0.656423 0.591618 1.40645 1.07156 1.20396 1.41569 1.35894 1.13694 1.53771 1.26741 1.04346 1.09867 1.54243 1.04584 0.634212
BD_Bo
 1.62606 1.08942 0.540688 0.296284 0.329909 0.379165 0.500374 0.306027 0.271371 0.183937 0.119899 0.197012 0.210974 0.177582 0.118109 0.147662 0.436738 0.393621 0.935757 0.712942 0.801031 0.941899 0.904142 0.75644 1.02308 0.843243 0.694247 0.730981 1.02622 0.695829 0.42196
BD_Brms
 2.95646 1.98076 0.983069 0.538698 0.599835 0.68939 0.909772 0.556413 0.493402 0.334431 0.217999 0.358203 0.383588 0.322876 0.214743 0.268477 0.794069 0.715675 1.70138 1.29626 1.45642 1.71254 1.64389 1.37535 1.86015 1.53317 1.26227 1.32906 1.86586 1.26514 0.7672
Sel_flota
 0.793564 1 1 1 1
 0.793564 1 1 1 1
 0.793564 1 1 1 1
 0.793564 1 1 1 1
 0.793564 1 1 1 1
 0.793564 1 1 1 1
 0.793564 1 1 1 1
 0.793564 1 1 1 1
 0.793564 1 1 1 1
 0.793564 1 1 1 1
 0.793564 1 1 1 1
 0.793564 1 1 1 1
 0.793564 1 1 1 1
 0.793564 1 1 1 1
 0.793564 1 1 1 1
 0.793564 1 1 1 1
 0.793564 1 1 1 1
 0.793564 1 1 1 1
 0.793564 1 1 1 1
 0.793564 1 1 1 1
 0.793564 1 1 1 1
 0.793564 1 1 1 1
 0.793564 1 1 1 1
 0.793564 1 1 1 1
 0.793564 1 1 1 1
 0.793564 1 1 1 1
 0.793564 1 1 1 1
 0.793564 1 1 1 1
 0.793564 1 1 1 1
 0.793564 1 1 1 1
 0.793564 1 1 1 1
Sel_reclas
 1 1 1 1 1
 1 1 1 1 1
 1 1 1 1 1
 1 1 1 1 1
 1 1 1 1 1
 1 1 1 1 1
 1 1 1 1 1
 1 1 1 1 1
 1 1 1 1 1
 1 1 1 1 1
 1 1 1 1 1
 1 1 1 1 1
 1 1 1 1 1
 1 1 1 1 1
 1 1 1 1 1
 1 1 1 1 1
 1 1 1 1 1
 1 1 1 1 1
 1 1 1 1 1
 1 1 1 1 1
 1 1 1 1 1
 1 1 1 1 1
 1 1 1 1 1
 1 1 1 1 1
 1 1 1 1 1
 1 1 1 1 1
 1 1 1 1 1
 1 1 1 1 1
 1 1 1 1 1
 1 1 1 1 1
 1 1 1 1 1
Sel_pelaces
 1 1 1 1 1
 1 1 1 1 1
 1 1 1 1 1
 1 1 1 1 1
 1 1 1 1 1
 1 1 1 1 1
 1 1 1 1 1
 1 1 1 1 1
 1 1 1 1 1
 1 1 1 1 1
 1 1 1 1 1
 1 1 1 1 1
 1 1 1 1 1
 1 1 1 1 1
 1 1 1 1 1
 1 1 1 1 1
 1 1 1 1 1
 1 1 1 1 1
 1 1 1 1 1
 1 1 1 1 1
 1 1 1 1 1
 1 1 1 1 1
 1 1 1 1 1
 1 1 1 1 1
 1 1 1 1 1
 1 1 1 1 1
 1 1 1 1 1
 1 1 1 1 1
 1 1 1 1 1
 1 1 1 1 1
 1 1 1 1 1
pf_obs 
 0.8446 0.082 0.0669 0.0065 0
 0.8095 0.147 0.0364 0.0071 0
 0.9664 0.0169 0.016 0.0007 0
 0.9276 0.0648 0.0075 0.0001 0
 0.7033 0.2144 0.0806 0.0017 0
 0.9318 0.0425 0.0243 0.0014 0
 0.5671 0.3108 0.0964 0.0239 0.0018
 0.0768 0.2599 0.5324 0.112 0.0189
 0.490249 0.384438 0.106611 0.0170017 0.00170017
 0.7925 0.1577 0.0466 0.003 0.0002
 0.840416 0.127587 0.0312969 0.00059994 9.999e-05
 0.8084 0.0986 0.0794 0.0134 0.0002
 0.7335 0.1905 0.0724 0.0035 0.0001
 0.4001 0.4547 0.1325 0.0127 0
 0.49795 0.308269 0.164784 0.0264974 0.00249975
 0.9179 0.0499 0.0305 0.0017 0
 0.2467 0.6533 0.0926 0.0074 0
 0.9418 0.0223 0.034 0.0019 0
 0.707729 0.231977 0.0356964 0.0245975 0
 0.517169 0.277429 0.184464 0.0207286 0.00020938
 0.811772 0.124168 0.05621 0.00726502 0.000585176
 0.764997 0.148141 0.077277 0.00933861 0.000247198
 0.163321 0.427699 0.378323 0.0303852 0.000271297
 0.753843 0.0900009 0.118128 0.0371064 0.000921714
 0.721811 0.176058 0.0630433 0.0369309 0.00215725
 0.143369 0.312575 0.442814 0.0836902 0.0175525
 0.692698 0.0596174 0.167031 0.0765114 0.00414204
 0.394062 0.376323 0.152708 0.0712218 0.00568511
 0.125707 0.32114 0.495352 0.0537591 0.00404204
 0.23352 0.215282 0.420074 0.123614 0.00750983
 0.796117 0.104755 0.0508955 0.0450114 0.00322123
pf_pred 
 0.456133 0.124239 0.395689 0.0239375 8.03008e-07
 0.416805 0.302192 0.0641916 0.204444 0.0123684
 0.565584 0.209331 0.116631 0.0247748 0.0836788
 0.742922 0.161609 0.0460037 0.0256315 0.0238344
 0.651048 0.276524 0.0455303 0.0129607 0.0139361
 0.74532 0.179493 0.0595812 0.00981015 0.0057953
 0.470674 0.419053 0.0777181 0.0257978 0.00675694
 0.45018 0.299941 0.197822 0.0366884 0.0153681
 0.533041 0.238367 0.124703 0.082246 0.0216429
 0.700527 0.179761 0.0611095 0.0319697 0.0266337
 0.814447 0.140551 0.0270128 0.00918299 0.00880639
 0.73602 0.224014 0.0302728 0.00581819 0.00387467
 0.682765 0.250209 0.0568788 0.00768646 0.00246108
 0.627874 0.275971 0.0758397 0.0172403 0.00307578
 0.736297 0.184878 0.0584569 0.0160646 0.00430341
 0.929299 0.055848 0.0104136 0.00329269 0.00114726
 0.379063 0.587478 0.0264292 0.00492805 0.00210113
 0.916888 0.0369357 0.0436881 0.00196542 0.000522729
 0.593261 0.380311 0.0117452 0.0138925 0.00079121
 0.622222 0.248788 0.120609 0.00372481 0.00465669
 0.718019 0.192854 0.058695 0.0284546 0.0019774
 0.749448 0.192477 0.0397189 0.0120885 0.00626759
 0.329117 0.534776 0.104559 0.0215765 0.00997153
 0.728821 0.105118 0.132371 0.025881 0.00780894
 0.627476 0.288985 0.0323827 0.0407782 0.0103785
 0.435257 0.386515 0.138261 0.015493 0.0244752
 0.727042 0.135664 0.0939657 0.0336126 0.00971668
 0.688514 0.24117 0.034948 0.0242063 0.0111619
 0.351026 0.479842 0.130951 0.0189762 0.0192044
 0.42567 0.23517 0.25077 0.0684366 0.0199536
 0.825039 0.0855817 0.0365979 0.0390257 0.0137556
pobs_RECLAS
 0 0 0 0 0
 0 0 0 0 0
 0 0 0 0 0
 0 0 0 0 0
 0 0 0 0 0
 0 0 0 0 0
 0 0 0 0 0
 0 0 0 0 0
 0 0 0 0 0
 0 0 0 0 0
 0.991045 0.00858322 0.000360255 1.14367e-05 0
 0.934742 0.0480273 0.0164251 0.00080598 0
 0.827803 0.169806 0.00239088 0 0
 0.941827 0.0461693 0.0120037 0 0
 0.791401 0.0380133 0.147996 0.0225897 0
 0.846168 0.0940531 0.0597789 0 0
 0.134021 0.677848 0.182769 0.00536245 0
 0.80878 0.0450904 0.141981 0.00414843 0
 0.846168 0.0940531 0.0597789 0 0
 0.905697 0.0802665 0.012482 0.00150086 5.37128e-05
 0.989698 0.0102097 9.19794e-05 0 0
 0.975433 0.0193895 0.00387452 0.00125025 5.28907e-05
 0.303575 0.632131 0.0575291 0.00676475 0
 0.966965 0.00978017 0.0227588 0.000495775 0
 0.843318 0.132988 0.00938335 0.0141283 0.000182051
 0.564624 0.303363 0.111486 0.0197234 0.00080311
 0.826376 0.0876187 0.0782897 0.00655872 0.00115652
 0.89761 0.0855135 0.0140674 0.00269457 0.000114338
 0.34875 0.467042 0.161289 0.0227151 0.000203297
 0.318654 0.224769 0.449479 0.00709798 0
 0.937255 0.0296025 0.0250945 0.00804832 0
ppred_RECLAS
 0.514497 0.110907 0.353227 0.0213687 7.16835e-07
 0.47519 0.271938 0.0577651 0.183976 0.0111301
 0.622526 0.181893 0.101344 0.0215274 0.0727105
 0.785978 0.134542 0.0382989 0.0213387 0.0198425
 0.70208 0.236085 0.0388718 0.0110653 0.011898
 0.787511 0.149758 0.0497107 0.00818496 0.00483522
 0.531717 0.370727 0.0687555 0.0228228 0.00597772
 0.508216 0.268281 0.176941 0.0328158 0.013746
 0.591723 0.208412 0.109032 0.0719103 0.0189231
 0.74871 0.150838 0.0512774 0.026826 0.0223485
 0.847149 0.11578 0.022252 0.00756457 0.00725434
 0.780391 0.186361 0.0251843 0.00484023 0.00322339
 0.732662 0.210854 0.0479325 0.00647748 0.00207399
 0.684598 0.233903 0.0642791 0.0146123 0.00260692
 0.780864 0.153633 0.0485776 0.0133496 0.00357612
 0.943642 0.0445181 0.00830095 0.0026247 0.000914516
 0.436448 0.533186 0.0239867 0.00447262 0.00190696
 0.933258 0.0296609 0.0350834 0.00157831 0.000419773
 0.649602 0.32763 0.0101183 0.0119681 0.000681613
 0.67644 0.213082 0.1033 0.00319023 0.00398837
 0.763378 0.161832 0.0492535 0.0238775 0.00165932
 0.79152 0.160157 0.0330495 0.0100586 0.00521516
 0.382923 0.491886 0.0961731 0.019846 0.00917179
 0.772631 0.088136 0.110986 0.0216998 0.00654737
 0.680492 0.247858 0.0277742 0.0349748 0.0089015
 0.493367 0.346743 0.124034 0.0138988 0.0219567
 0.771062 0.113785 0.0788116 0.0281918 0.00814965
 0.736387 0.204104 0.0295768 0.020486 0.00944645
 0.405971 0.439217 0.119865 0.0173696 0.0175785
 0.483931 0.211314 0.225332 0.0614943 0.0179294
 0.856493 0.0701959 0.0300183 0.0320097 0.0112826
pobs_PELACES
 0 0 0 0 0
 0 0 0 0 0
 0 0 0 0 0
 0 0 0 0 0
 0 0 0 0 0
 0 0 0 0 0
 0 0 0 0 0
 0 0 0 0 0
 0 0 0 0 0
 0 0 0 0 0
 0 0 0 0 0
 0 0 0 0 0
 0 0 0 0 0
 0 0 0 0 0
 0 0 0 0 0
 0 0 0 0 0
 0.505614 0.472636 0.0217494 0 0
 0 0 0 0 0
 0.443492 0.261883 0.143347 0.151278 0
 0.227955 0.32914 0.350689 0.0885471 0.00366901
 0.970185 0.0296113 0.000203453 0 0
 0.997202 0.00247181 0.000326279 0 0
 0.445219 0.490057 0.0546422 0.010081 0
 0.90214 0.0892962 0.00764917 0.000914606 0
 0 0 0 0 0
 0.581667 0.319106 0.0959925 0.00289975 0.000334073
 0.762889 0.0836404 0.116647 0.0363945 0.000428098
 0.88444 0.0763242 0.0277011 0.0115352 0
 0.521256 0.241999 0.230069 0.00667565 0
 0.616807 0.101726 0.260614 0.0208532 0
 0.833518 0.0704572 0.0857862 0.0102388 0
ppred_PELACES
 0.516918 0.110354 0.351465 0.0212621 7.1326e-07
 0.479596 0.269655 0.0572801 0.182432 0.0110367
 0.626563 0.179947 0.10026 0.0212972 0.0719328
 0.790262 0.131849 0.0375323 0.0209116 0.0194454
 0.703864 0.234671 0.0386391 0.010999 0.0118268
 0.790265 0.147817 0.0490666 0.0080789 0.00477257
 0.540838 0.363506 0.0674164 0.0223782 0.00586129
 0.509702 0.267471 0.176407 0.0327166 0.0137044
 0.597361 0.205534 0.107526 0.0709173 0.0186617
 0.754515 0.147354 0.0500928 0.0262063 0.0218322
 0.84811 0.115052 0.0221121 0.00751699 0.00720872
 0.785913 0.181675 0.0245511 0.00471854 0.00314235
 0.738586 0.206182 0.0468703 0.00633394 0.00202803
 0.695534 0.225793 0.0620504 0.0141056 0.00251653
 0.786867 0.149424 0.0472468 0.0129839 0.00347815
 0.945287 0.0432187 0.00805867 0.00254809 0.000887825
 0.441699 0.528218 0.0237632 0.00443095 0.00188919
 0.934427 0.0291411 0.0344685 0.00155065 0.000412416
 0.655523 0.322094 0.00994733 0.0117659 0.000670095
 0.68139 0.209822 0.101719 0.00314142 0.00392734
 0.766576 0.159645 0.0485878 0.0235548 0.00163689
 0.795231 0.157306 0.0324613 0.00987958 0.00512234
 0.38603 0.48941 0.0956888 0.0197461 0.00912561
 0.774692 0.0873373 0.10998 0.0215032 0.00648804
 0.683079 0.245851 0.0275492 0.0346916 0.00882941
 0.495772 0.345097 0.123445 0.0138329 0.0218525
 0.773174 0.112735 0.0780848 0.0279318 0.00807449
 0.738368 0.20257 0.0293544 0.020332 0.00937543
 0.408278 0.437511 0.119399 0.0173021 0.0175102
 0.487374 0.209904 0.223828 0.061084 0.0178098
 0.858308 0.0693084 0.0296388 0.0316049 0.0111399
pobs_pel_tallas
 0 0 0 0 0 0 0 0 0 0 0 0 0 0 0 0 0 0 0 0 0 0 0 0 0 0
 0 0 0 0 0 0 0 0 0 0 0 0 0 0 0 0 0 0 0 0 0 0 0 0 0 0
 0 0 0 0 0 0 0 0 0 0 0 0 0 0 0 0 0 0 0 0 0 0 0 0 0 0
 0 0 0 0 0 0 0 0 0 0 0 0 0 0 0 0 0 0 0 0 0 0 0 0 0 0
 0 0 0 0 0 0 0 0 0 0 0 0 0 0 0 0 0 0 0 0 0 0 0 0 0 0
 0 0 0 0 0 0 0 0 0 0 0 0 0 0 0 0 0 0 0 0 0 0 0 0 0 0
 0 0 0 0 0 0 0 0 0 0 0 0 0 0 0 0 0 0 0 0 0 0 0 0 0 0
 0 0 0 0 0 0 0 0 0 0 0 0 0 0 0 0 0 0 0 0 0 0 0 0 0 0
 0 0 0 0 0 0 0 0 0 0 0 0 0 0 0 0 0 0 0 0 0 0 0 0 0 0
 0 0 0 0 0 0 0 0 0 0 0 0 0 0 0 0 0 0 0 0 0 0 0 0 0 0
 0 0 0 0 0 0 0 0 0 0 0 0 0 0 0 0 0 0 0 0 0 0 0 0 0 0
 0 0 0 0 0 0 0 0 0 0 0 0 0 0 0 0 0 0 0 0 0 0 0 0 0 0
 0.00862536 0 0 0.000197151 0.00414017 0.0128641 0.00837892 0.0270097 0.101434 0.158115 0.152841 0.127902 0.109271 0.109419 0.0830992 0.0579132 0.0238553 0.00714673 0.00463305 0.00128148 0.00103504 0.000492878 0.000147863 0.000147863 4.92878e-05 0
 0 0 0 0 0 0 0 0 0 0 0 0 0 0 0 0 0 0 0 0 0 0 0 0 0 0
 0 0 0 0 0 0 0 0.0054083 0.00873648 0.0413646 0.0450493 0.0745869 0.0622846 0.0627006 0.0613931 0.0827291 0.12552 0.122667 0.0946155 0.0697135 0.0546179 0.0294188 0.0215738 0.0213955 0.0102223 0.00600262
 0 0 0 0 0.00359764 0.0251062 0.0480494 0.140153 0.205849 0.193036 0.1447 0.116669 0.0760912 0.0342217 0.00950174 0.001854 0.000860785 0 0 0 0.000165536 0 0.000143464 0 0 0
 0 0 0 0 0 0 0 0.000145254 0.000435761 0.0275982 0.070085 0.0708112 0.156366 0.174668 0.174014 0.160142 0.0824315 0.0480064 0.0283245 0.00493863 0.00203355 0 0 0 0 0
 0 0 0 0 0 0 0 0 0 0 0 0 0 0 0 0 0 0 0 0 0 0 0 0 0 0
 0 0 1.00437e-05 0.000401748 0.00122533 0.00171747 0.00176769 0.0269171 0.070346 0.194647 0.189555 0.159765 0.064822 0.0314167 0.0384472 0.0292271 0.0345202 0.0313363 0.0194345 0.0106764 0.0143323 0.0359363 0.0279516 0.0138201 0.00172751 0
 0 0.0021121 0.0136068 0.0755702 0.200478 0.177729 0.0527432 0.0373336 0.0318909 0.0142505 0.0149659 0.0166563 0.0217959 0.0798694 0.0677717 0.0528807 0.04013 0.0224614 0.0357745 0.0225083 0.00881397 0.00855152 0.00135912 0.000746735 0 0
 0 0 0 0 5.4009e-05 0.00500934 0.000945158 0.0243581 0.138947 0.33067 0.221406 0.137944 0.0707744 0.0437923 0.0131692 0.00525238 0.0047753 0.00276346 9.45158e-05 9.00151e-06 2.25038e-05 9.00151e-06 4.50075e-06 0 0 0
 0.000866109 0.00284123 0.00948549 0.0512746 0.133035 0.25785 0.225252 0.132002 0.0553304 0.0519788 0.0540692 0.017754 0.00435017 0.00159236 0.00146478 0.000404838 0.000125132 0.000115318 0.000107957 0.000100596 0 0 0 0 0 0
 0 0 0 0 0.00144013 0.00171154 0.00461396 0.0210425 0.0478622 0.0707936 0.0888783 0.103762 0.0637923 0.0337046 0.0602308 0.124433 0.169614 0.0934646 0.0462172 0.0250306 0.0313229 0.00938855 0.002487 0.000210481 0 0
 0 0.00764035 0.051015 0.0998891 0.058973 0.0496711 0.0374665 0.0718981 0.12319 0.153886 0.159021 0.0857701 0.0377988 0.023471 0.0147837 0.00900784 0.00315554 0.000888139 0.00291439 0.00214683 0.00393193 0.00274676 0.000635225 9.99891e-05 0 0
 0 0 0 0 0 0 0 0 0 0 0 0 0 0 0 0 0 0 0 0 0 0 0 0 0 0
 0 0 0 0 0 0 0 0 0 0 0 0 0 0 0 0 0 0 0 0 0 0 0 0 0 0
 0 0 0 0 0 0 0 0 0 0 0 0 0 0 0 0 0 0 0 0 0 0 0 0 0 0
 0 0 0 0 0 0 0 0 0 0 0 0 0 0 0 0 0 0 0 0 0 0 0 0 0 0
 0 0 0 0 0 0 0 0 0 0 0 0 0 0 0 0 0 0 0 0 0 0 0 0 0 0
 0 0 0 0 0 0 0 0 0 0 0 0 0 0 0 0 0 0 0 0 0 0 0 0 0 0
 0 0 0 0 0 0 0 0 0 0 0 0 0 0 0 0 0 0 0 0 0 0 0 0 0 0
ppred_pel_tallas
 1.12304e-16 4.25779e-05 0.000413872 0.00275033 0.0125026 0.0389003 0.0828816 0.12097 0.120982 0.0829364 0.0390857 0.0130449 0.00413674 0.00352348 0.00619117 0.0107998 0.0170209 0.0244518 0.0325946 0.0410362 0.0493671 0.0568314 0.0621194 0.0637033 0.0606143 0.0530996
 1.21886e-16 3.95038e-05 0.000383991 0.00255176 0.0115999 0.0360918 0.0768984 0.112241 0.112267 0.0770259 0.0365202 0.0128387 0.00566672 0.00720314 0.0130498 0.0216779 0.0316437 0.0407509 0.0468715 0.0492388 0.0489778 0.0483024 0.0489692 0.0511764 0.0536126 0.0544009
 1.17249e-16 5.16092e-05 0.00050166 0.00333371 0.0151546 0.0471516 0.100462 0.146631 0.146648 0.100548 0.047439 0.0159864 0.00542867 0.00509799 0.0088496 0.014732 0.0216576 0.028188 0.0329141 0.0352632 0.0358361 0.0359101 0.0365018 0.037736 0.038914 0.0390635
 1.06505e-16 6.50928e-05 0.000632726 0.00420468 0.0191139 0.0594705 0.126709 0.184938 0.18495 0.126771 0.0596798 0.019719 0.00572557 0.00395969 0.00640426 0.0105403 0.0153129 0.0195535 0.0221291 0.0225531 0.021276 0.0193537 0.017756 0.0168574 0.0164157 0.0159097
 1.0428e-16 5.79764e-05 0.000563551 0.003745 0.0170242 0.0529688 0.112856 0.164722 0.164745 0.112967 0.0533401 0.0180969 0.00643823 0.00644497 0.0112341 0.0184975 0.0266821 0.033645 0.0372447 0.0365058 0.0321967 0.0262948 0.0207799 0.0166981 0.0140371 0.0122143
 1.03072e-16 6.50931e-05 0.000632728 0.0042047 0.019114 0.0594707 0.126709 0.184939 0.184953 0.126779 0.0597054 0.0197924 0.00590991 0.00436249 0.00716995 0.0118062 0.0171314 0.0218162 0.024544 0.0246984 0.0227007 0.0196668 0.0166781 0.0142508 0.0123205 0.0105794
 1.05275e-16 4.45482e-05 0.000433024 0.0028776 0.0130812 0.0407006 0.0867182 0.126575 0.12661 0.0868895 0.041276 0.0147436 0.00705193 0.00955047 0.0173746 0.0286913 0.0414169 0.0522754 0.0579529 0.0569218 0.0503327 0.0411876 0.0324904 0.0258263 0.0211963 0.0177823
 1.1076e-16 4.19835e-05 0.000408095 0.00271193 0.0123281 0.0383574 0.0817254 0.119286 0.119312 0.0818525 0.038785 0.0135662 0.00583063 0.00725244 0.013147 0.0219467 0.0322625 0.041937 0.0487634 0.0516827 0.0512935 0.0491851 0.0466891 0.044112 0.0409376 0.0365858
 1.13426e-16 4.92039e-05 0.000478279 0.00317833 0.0144483 0.044954 0.09578 0.139798 0.139818 0.0958776 0.0452821 0.0153979 0.00556957 0.00572349 0.0100858 0.0167957 0.0246679 0.0320493 0.0373009 0.0397221 0.039934 0.0393171 0.0389622 0.0389914 0.0386841 0.0371353
 1.07807e-16 6.21484e-05 0.000604105 0.00401449 0.0182493 0.0567804 0.120977 0.176573 0.176587 0.121047 0.0570146 0.0189265 0.00571739 0.00433143 0.00717065 0.0118357 0.0172355 0.0220911 0.0251544 0.0258884 0.0247823 0.0229756 0.021491 0.0206837 0.0202393 0.0195681
 1.02642e-16 6.98577e-05 0.000679042 0.00451247 0.0205131 0.0638238 0.135984 0.198475 0.198486 0.136038 0.064006 0.0210394 0.00583428 0.00356659 0.00555994 0.00909754 0.0131383 0.0166083 0.0184663 0.0182419 0.0163113 0.0136306 0.0111443 0.00933064 0.00814999 0.00729426
 1.0176e-16 6.47346e-05 0.000629244 0.00418155 0.0190087 0.0591433 0.126012 0.183921 0.183939 0.126097 0.0594305 0.0198384 0.00626397 0.00517488 0.00869678 0.0142726 0.020548 0.025827 0.0284257 0.0275665 0.023836 0.0187804 0.0139779 0.0103092 0.00784624 0.00620977
 1.02384e-16 6.08364e-05 0.000591351 0.00392974 0.017864 0.0555817 0.118424 0.172847 0.172867 0.118521 0.0559084 0.0188077 0.00629984 0.00576958 0.00990766 0.0163153 0.0235713 0.0297949 0.033103 0.0326133 0.0289443 0.0237526 0.0187015 0.0146784 0.0117178 0.00942911
 1.03689e-16 5.72903e-05 0.000556882 0.00370068 0.0168228 0.052342 0.111521 0.162773 0.162794 0.111628 0.0527 0.0178576 0.00630072 0.00624067 0.010875 0.0179483 0.0259909 0.0329797 0.0368826 0.03675 0.0332466 0.0281337 0.0231435 0.0191451 0.0160916 0.0135191
 1.03293e-16 6.48132e-05 0.000630008 0.00418662 0.0190318 0.059215 0.126164 0.184144 0.184158 0.126235 0.0594522 0.0197175 0.00590991 0.00439906 0.00724385 0.0119279 0.0173055 0.0220342 0.0247864 0.0249459 0.0229487 0.0199328 0.0169942 0.0146462 0.0128024 0.0111238
 1.0065e-16 7.7862e-05 0.000756847 0.00502951 0.0228634 0.0711366 0.151564 0.221213 0.221218 0.151585 0.0712051 0.0230611 0.00552583 0.0018409 0.00213842 0.00341661 0.0049251 0.00621654 0.0068927 0.00677195 0.00599125 0.00490766 0.00387833 0.00309148 0.00254676 0.0021461
 1.01585e-16 3.63822e-05 0.000353648 0.00235012 0.0106833 0.0332401 0.0708234 0.10338 0.10343 0.0710717 0.0340736 0.0130898 0.00838652 0.0135175 0.0249968 0.0411619 0.059044 0.0737275 0.0802261 0.0762404 0.0635539 0.0468883 0.0311704 0.0193123 0.0117659 0.00747645
 1.01228e-16 7.69675e-05 0.000748152 0.00497173 0.0226008 0.0703194 0.149823 0.218672 0.218675 0.149837 0.0703665 0.0227373 0.0053167 0.00150866 0.00154303 0.00248557 0.003704 0.00492915 0.00593302 0.00659441 0.00693671 0.00705422 0.00699658 0.00672248 0.00615769 0.00529044
 1.01663e-16 5.39946e-05 0.000524847 0.00348779 0.015855 0.049331 0.105106 0.153412 0.153443 0.105257 0.0498392 0.0173221 0.00716783 0.0085497 0.0152692 0.0250914 0.0359858 0.0449328 0.0488995 0.0465012 0.0388499 0.0288473 0.0195045 0.0125754 0.00828214 0.00591098
 1.03969e-16 5.61253e-05 0.000545558 0.00362542 0.0164807 0.0512776 0.109253 0.159462 0.159483 0.109352 0.0516117 0.017447 0.00605641 0.00586973 0.0102182 0.0169348 0.0246927 0.0316777 0.0360499 0.0369129 0.0347682 0.0310332 0.0270523 0.0234253 0.020058 0.0166564
 1.04083e-16 6.31419e-05 0.000613762 0.00407866 0.018541 0.0576881 0.122911 0.179396 0.179411 0.122987 0.0579415 0.0192736 0.00591993 0.00464108 0.00773491 0.0127487 0.0185044 0.0235796 0.0265682 0.0268276 0.0248385 0.0218231 0.0189404 0.0167028 0.0149634 0.0133034
 1.02835e-16 6.55021e-05 0.000636704 0.00423112 0.0192341 0.0598444 0.127505 0.186101 0.186116 0.12758 0.0600936 0.0199539 0.00603888 0.0045861 0.00757516 0.0124435 0.0179759 0.0227265 0.0252681 0.0249459 0.022257 0.0184885 0.0149183 0.0122039 0.0103191 0.00889126
 1.06412e-16 3.17969e-05 0.000309077 0.00205393 0.00933689 0.0290508 0.0618975 0.0903511 0.0903983 0.0621282 0.0298256 0.0115754 0.00767493 0.0125867 0.0233696 0.0386377 0.0557807 0.0704069 0.0780464 0.0766237 0.0676623 0.0551808 0.0432178 0.0339318 0.0273817 0.0225405
 1.06451e-16 6.38103e-05 0.000620259 0.00412184 0.0187373 0.0582987 0.124212 0.181293 0.181301 0.124254 0.0584401 0.0191478 0.00515996 0.00291203 0.00449136 0.00752058 0.0112872 0.0151577 0.0185089 0.0210261 0.0228044 0.0241037 0.0249854 0.0251777 0.0242793 0.0220961
 1.05832e-16 5.62644e-05 0.00054691 0.00363441 0.0165215 0.0514047 0.109524 0.159858 0.159882 0.10964 0.0517934 0.0176444 0.0064533 0.00670128 0.0117473 0.0193407 0.0278828 0.0351352 0.0388732 0.0381148 0.0337245 0.0278339 0.0225436 0.0189083 0.0167973 0.0154381
 1.08736e-16 4.08362e-05 0.000396942 0.00263782 0.0119912 0.0373092 0.0794924 0.116029 0.116062 0.0796556 0.0378574 0.0135761 0.00662212 0.00911399 0.0166528 0.0276141 0.0401225 0.0511837 0.0577527 0.0584048 0.0541211 0.0474819 0.040965 0.0357185 0.0315375 0.0276613
 1.0645e-16 6.36853e-05 0.000619044 0.00411376 0.0187006 0.0581845 0.123969 0.180938 0.180949 0.124022 0.058365 0.0192233 0.00543102 0.00351207 0.00560956 0.00930866 0.0137235 0.0179359 0.0210485 0.0226503 0.0230137 0.022795 0.0224945 0.0221347 0.0213666 0.0198278
 1.04525e-16 6.08185e-05 0.000591177 0.00392858 0.0178588 0.0555654 0.118389 0.172796 0.172815 0.118484 0.0558859 0.0187846 0.00625293 0.00566691 0.00970576 0.0159641 0.0230291 0.0290482 0.0321854 0.0316192 0.0280383 0.0231686 0.018718 0.0155557 0.0136052 0.0122839
 1.08256e-16 3.36294e-05 0.00032689 0.0021723 0.00987498 0.030725 0.0654643 0.095556 0.0955982 0.0656709 0.0314187 0.01188 0.00720976 0.0113386 0.0209906 0.034763 0.0503419 0.063868 0.0714095 0.0711343 0.0643473 0.0544879 0.0449433 0.0374185 0.0318192 0.027207
 1.15653e-16 4.01444e-05 0.000390218 0.00259313 0.011788 0.036677 0.078145 0.114059 0.11408 0.0782456 0.0370157 0.0127704 0.0050747 0.00585992 0.0105825 0.0178369 0.0266433 0.0355112 0.0429114 0.0481101 0.0514519 0.0537699 0.0554547 0.0560309 0.054556 0.0504023
 1.05928e-16 7.06977e-05 0.000687207 0.00456673 0.0207597 0.0645912 0.137619 0.20086 0.200866 0.137651 0.0647017 0.0210795 0.0053717 0.0024522 0.00344609 0.00564834 0.00828343 0.010754 0.0125169 0.0133624 0.0135402 0.0135586 0.0138093 0.0143148 0.0147602 0.014729
pSPR Fmed_Fpbrs
0.6246   0.6 0.325
Fs Fmed_Fpbrs
0.255556   0.279367 0.682596
SSBpbr Bo_Bmed_Bpbrs
1.82158e+06  1.04668e+06  1.00187e+06 500935
Ro
169798
SPR SPRFo_SPRFmed_SPRFpbrs
1.21195e+06 756986 393885
Fref
0.279367
Nvult_r0
 200712 17155.5 7336.32 7822.99 2757.4
CTP_r0
 29584.6 3068.82 1312.34 1399.4 493.252
YTP_r0
391301
Np
 233426 68797.6 25026.3 2005.48 1096.22
Nvult_p0
 164628 49657.2 18063.6 1447.53 791.235
CTP_p0
 29874.3 14177.7 1136.13 485.852 671.364
 29874.3 10843.3 3944.43 316.087 172.777
YTP_p0
 509184 500037
CBA_c0
506440
log_Ro
11.8624
likeval ReclasPelacesDesembMPH_pf_preclas_ppelaces_ptallas_desvR_qrecl_qpela
 15.6736 20.739 0.0646353 0.000814971 240.674 118.695 99.3945 0 23.8433 1.06976e-07 1.18116e-06 0.329075 8.62997e-16 0 0
q_reclas_q_pelaces
0.95471 1.16721
M
1
N
 194462 42539.2 135483 8196.14 0.274948
 108710 63899.2 13573.5 43230.1 2615.32
 108552 32555.5 18138.7 3853.02 13013.9
 183614 32676.5 9301.73 5182.57 4819.19
 147069 50098.2 8248.75 2348.1 2524.81
 251192 48979.7 16258.4 2676.97 1581.41
 103410 76220.3 14135.9 4692.29 1229
 46586.3 24814.9 16366.3 3035.32 1271.44
 43821.9 15991.4 8365.95 5517.65 1451.96
 58132 12276.5 4173.39 2183.33 1818.91
 107705 14887 2861.16 972.651 932.763
 144826 36331.5 4909.75 943.616 628.408
 121044 36481.1 8293.07 1120.7 358.832
 84583 31227.2 8581.56 1950.8 348.036
 82614.9 17150.8 5422.96 1490.29 399.22
 406562 20113.7 3750.46 1185.87 413.189
 82260.7 103793 4669.38 870.665 371.219
 721768 23606.9 27922.7 1256.17 334.095
 405874 212967 6577.13 7779.54 443.064
 337840 110147 53398.1 1649.11 2061.68
 438015 95393.6 29033 14074.9 978.105
 625491 130978 27028.3 8226.07 4265.03
 134902 176771 34562.1 7132.14 3296.11
 366759 42589.8 53631.5 10486 3163.87
 317196 117640 13182.3 16600 4224.89
 142406 101555 36327.2 4070.71 6430.71
 311647 46833.2 32438.4 11603.6 3354.35
 354143 99691.6 14446.3 10006.1 4613.97
 105352 115642 31559.3 4573.26 4628.25
 77763.3 34672.9 36973 10090.1 2941.9
 290666 24363.9 10418.9 11110.1 3916.02
pred_Ctot
 13248.5 3608.55 11492.9 695.268 0.0233235
 12994.5 9421.25 2001.26 6373.82 385.602
 12676 4691.55 2613.95 555.256 1875.42
 30720.6 6682.7 1902.3 1059.89 985.577
 8876.15 3770.03 620.742 176.701 189.999
 28255.6 6804.71 2258.76 371.909 219.703
 23527.8 20947.4 3884.94 1289.57 337.763
 1981.68 1320.33 870.806 161.501 67.6499
 6754.24 3020.38 1580.12 1042.15 274.24
 11499.2 2950.8 1003.12 524.787 437.196
 5694.86 982.775 188.882 64.2102 61.577
 29762.5 9058.48 1224.14 235.27 156.68
 23524.7 8620.96 1959.76 264.837 84.7967
 25173.1 11064.4 3040.61 691.208 123.316
 18261.5 4585.31 1449.84 398.432 106.732
 81015.1 4868.76 907.841 287.052 100.017
 11668.9 18084.6 813.579 151.702 64.68
 91943.9 3703.85 4380.97 197.089 52.4183
 68981.3 44220.6 1365.68 1615.34 91.9979
 50722.7 20280.8 9831.91 303.642 379.607
 52703.1 14155.6 4308.25 2088.59 145.142
 93630.3 24046.6 4962.18 1510.24 783.025
 12245.2 19897.1 3890.26 802.782 371.004
 30031.8 4331.51 5454.48 1066.45 321.775
 26303.4 12114.1 1357.46 1709.39 435.061
 9633.25 8554.48 3060.03 342.897 541.693
 25995 4850.59 3359.7 1201.8 347.415
 25402.3 8897.83 1289.39 893.077 411.814
 7081.25 9679.83 2641.68 382.806 387.409
 7387.89 4081.59 4352.35 1187.78 346.312
 29584.6 3068.82 1312.34 1399.4 493.252
F
 0.112931 0.142309 0.142309 0.142309 0.142309
 0.205738 0.259259 0.259259 0.259259 0.259259
 0.200571 0.252747 0.252747 0.252747 0.252747
 0.298852 0.376595 0.376595 0.376595 0.376595
 0.099494 0.125376 0.125376 0.125376 0.125376
 0.192587 0.242687 0.242687 0.242687 0.242687
 0.427257 0.538403 0.538403 0.538403 0.538403
 0.0692574 0.0872738 0.0872738 0.0872738 0.0872738
 0.272446 0.343319 0.343319 0.343319 0.343319
 0.362229 0.456458 0.456458 0.456458 0.456458
 0.0867083 0.109264 0.109264 0.109264 0.109264
 0.378741 0.477266 0.477266 0.477266 0.477266
 0.354864 0.447178 0.447178 0.447178 0.447178
 0.595686 0.750647 0.750647 0.750647 0.750647
 0.412787 0.520168 0.520168 0.520168 0.520168
 0.365338 0.460376 0.460376 0.460376 0.460376
 0.248353 0.312959 0.312959 0.312959 0.312959
 0.220565 0.277942 0.277942 0.277942 0.277942
 0.304224 0.383364 0.383364 0.383364 0.383364
 0.264561 0.333383 0.333383 0.333383 0.333383
 0.20722 0.261126 0.261126 0.261126 0.261126
 0.263681 0.332274 0.332274 0.332274 0.332274
 0.152937 0.192721 0.192721 0.192721 0.192721
 0.137077 0.172736 0.172736 0.172736 0.172736
 0.138923 0.175062 0.175062 0.175062 0.175062
 0.112093 0.141252 0.141252 0.141252 0.141252
 0.139788 0.176153 0.176153 0.176153 0.176153
 0.119204 0.150214 0.150214 0.150214 0.150214
 0.111345 0.14031 0.14031 0.14031 0.14031
 0.160566 0.202336 0.202336 0.202336 0.202336
 0.17288 0.217853 0.217853 0.217853 0.217853
YTP_r0W_actual
 245552 43270.4 36220.6 47859.4 18398.3
YTP_p0W_proyectada
 223759 222165 26278.7 14269.5 22712.2
 223759 169915 91234.8 9283.48 5845.04
CTP_r0_actual
 29584.6 3068.82 1312.34 1399.4 493.252
CTP_p0_proyectada
 29874.3 14177.7 1136.13 485.852 671.364
 29874.3 10843.3 3944.43 316.087 172.777
Wmedp
 7.49 15.67 23.13 29.37 33.83
Frms_r0
 0.17288 0.217853 0.217853 0.217853 0.217853
Zrms_r0
 1.17288 1.21785 1.21785 1.21785 1.21785
nmprior
 8.19 8.8 8.5 0
nm_flota  nm_reclas  nm_pelaces    nm_pelaL
inf 12.2208 19.0704 46.1816
cv_recla  cv_pelaces  cv_mph
0.358104 0.430314 0.881001
 ------------------------------------------------
Talla a la edad & desviaci?n 
 8 13.2811 15.8009 17.003 17.5766
 0.8 1.32811 1.58009 1.7003 1.75766
