years
 1991 1992 1993 1994 1995 1996 1997 1998 1999 2000 2001 2002 2003 2004 2005 2006 2007 2008 2009 2010 2011 2012 2013 2014 2015 2016 2017 2018 2019 2020 2021
reclasobs
 0 0 0 0 0 0 0 0 0 252601 567819 844713 477998 351125 339783 2.1784e+06 2.13404e+06 4.81314e+06 1.55562e+06 2.62356e+06 3.21686e+06 3.843e+06 1.13348e+06 3.07943e+06 1.97215e+06 2.03268e+06 2.025e+06 2.42433e+06 2.27542e+06 1.05018e+06 2.36338e+06
reclaspred
 3.32259e+06 1.91562e+06 974185 963561 959647 1.43872e+06 1.01021e+06 917084 676771 510306 511491 624382 628694 526246 534711 1.13578e+06 1.13526e+06 2.55837e+06 2.2409e+06 1.77293e+06 3.09998e+06 2.515e+06 2.10092e+06 3.08955e+06 2.33766e+06 2.07042e+06 2.38435e+06 2.48703e+06 2.09971e+06 1.38135e+06 1.90105e+06
pelacesobs
 0 0 0 0 0 0 0 0 0 0 0 0 0 0 0 552880 188675 0 991730 2.46772e+06 1.41603e+06 1.21717e+06 2.29649e+06 1.80582e+06 0 1.4828e+06 1.56532e+06 1.57751e+06 1.42118e+06 867257 1.10002e+06
pelacespred
 1.87342e+06 1.22066e+06 635549 510503 510999 791024 546413 567275 422584 307824 309730 321752 352186 321349 328409 570114 565449 1.44304e+06 1.33041e+06 990276 1.60902e+06 1.4814e+06 1.20041e+06 1.89942e+06 1.41007e+06 1.23368e+06 1.60669e+06 1.6573e+06 1.15323e+06 869237 1.19173e+06
mphobs
 0 0 0 0 0 0 0 0 0 0 0 498337 0 5186 125008 0 168611 109162 213762 579715 649985 157893 87575 83554 0 0 0 0 0 0 0
mphpred
 492135 331323 171443 92563.9 103155 112903 148022 105499 90741.3 65999.1 45098.7 58805.5 64143.1 57214.1 43627.5 52880 130685 127773 256217 210812 237152 282010 270168 231333 304747 251603 208078 216023 293757 208226 133758
desembarqueobs
 494567 514787 250237 358949 120608 361735 552515 73892 212993 205616 52469 317467 293654 387597 252695 516296 358380 742168 942051 627588 828172 859565 418607 520667 417249 300574 415391 372974 316634 284311 391294
desembarquepred
 494572 513063 251125 358965 120611 361745 552555 73894.4 213023 205645 52470.6 317520 293701 387654 252702 516298 358412 742114 941946 627512 828231 859592 418611 520685 417252 300576 415394 372968 316633 284319 391298
Reclutas
 276261 164068 159281 304410 243555 399325 169383 82634.4 74934.3 96549.1 173659 211637 178896 126694 133038 622181 143481 1.07839e+06 631549 500269 714496 990804 226204 632566 534761 244315 534591 601183 180631 135311 506444
log_desv_Rt
 0.00716261 -0.513902 -0.543513 0.104192 -0.118838 0.375592 -0.482021 -1.19976 -1.29757 -1.04413 -0.457087 -0.259308 -0.427378 -0.772405 -0.72355 0.819049 -0.647982 1.36905 0.833994 0.600964 0.957396 1.28433 -0.192747 0.835602 0.667638 -0.115722 0.667321 0.784717 -0.417727 -0.706603 0.613232
SSB
 5.93454e+06 3.99534e+06 2.06739e+06 1.11621e+06 1.24392e+06 1.36147e+06 1.78497e+06 1.27219e+06 1.09423e+06 795868 543835 709122 773487 689932 526094 637667 1.5759e+06 1.54078e+06 3.08966e+06 2.54213e+06 2.85976e+06 3.40069e+06 3.2579e+06 2.78959e+06 3.67487e+06 3.03402e+06 2.50917e+06 2.60497e+06 3.54235e+06 2.51095e+06 1.61295e+06
BT
 7.70798e+06 5.26189e+06 2.72968e+06 2.29263e+06 2.08318e+06 3.38708e+06 2.62472e+06 2.27093e+06 1.85562e+06 1.39819e+06 1.2513e+06 1.52206e+06 1.63921e+06 1.65549e+06 1.5324e+06 2.64282e+06 2.48354e+06 6.27251e+06 6.08375e+06 4.41803e+06 6.92877e+06 6.57696e+06 5.03662e+06 7.87276e+06 5.87078e+06 5.06715e+06 6.67467e+06 6.82147e+06 4.74765e+06 3.65717e+06 5.0139e+06
Ftot
 0.0720689 0.128783 0.124374 0.183963 0.0621398 0.125567 0.262704 0.0397219 0.154125 0.196452 0.0518034 0.249823 0.229245 0.358501 0.235741 0.230072 0.15397 0.147098 0.206434 0.174139 0.132569 0.169216 0.0972904 0.0848274 0.0879853 0.0713852 0.0875311 0.0757872 0.073151 0.100115 0.104201
BD_Bspro_t
 0.988543 0.912564 0.813625 0.750338 0.74456 0.793827 0.785822 0.67877 0.721659 0.69759 0.676304 0.798223 0.709245 0.641765 0.562531 0.608739 0.708463 0.695317 0.774531 0.711018 0.696254 0.730446 0.74538 0.747157 0.815927 0.821605 0.827278 0.847567 0.873563 0.83453 0.793837
BD_Bspro
 3.03127 2.04076 1.05599 0.570142 0.635374 0.695421 0.911735 0.649815 0.558916 0.406518 0.277783 0.362209 0.395086 0.352407 0.268721 0.325711 0.804947 0.787007 1.57815 1.29848 1.46073 1.73702 1.66408 1.42488 1.87707 1.54973 1.28165 1.33058 1.80938 1.28255 0.823872
BD_Bo
 2.04456 1.37647 0.712256 0.384554 0.428553 0.469054 0.614955 0.438293 0.376982 0.274192 0.187362 0.244306 0.266481 0.237695 0.181249 0.219688 0.542927 0.530828 1.06445 0.875813 0.985243 1.1716 1.12241 0.961067 1.26606 1.04528 0.864456 0.89746 1.22041 0.865068 0.555692
BD_Brms
 3.71738 2.50267 1.29501 0.69919 0.779187 0.852825 1.1181 0.796896 0.685422 0.49853 0.340657 0.444193 0.484511 0.432172 0.329544 0.399433 0.987141 0.965141 1.93536 1.59239 1.79135 2.13018 2.04074 1.74739 2.30193 1.9005 1.57174 1.63174 2.21892 1.57285 1.01035
Sel_flota
 0.909826 0.994811 0.999726 0.999986 0.999999
 0.909826 0.994811 0.999726 0.999986 0.999999
 0.909826 0.994811 0.999726 0.999986 0.999999
 0.909826 0.994811 0.999726 0.999986 0.999999
 0.909826 0.994811 0.999726 0.999986 0.999999
 0.909826 0.994811 0.999726 0.999986 0.999999
 0.909826 0.994811 0.999726 0.999986 0.999999
 0.909826 0.994811 0.999726 0.999986 0.999999
 0.909826 0.994811 0.999726 0.999986 0.999999
 0.909826 0.994811 0.999726 0.999986 0.999999
 0.909826 0.994811 0.999726 0.999986 0.999999
 0.909826 0.994811 0.999726 0.999986 0.999999
 0.909826 0.994811 0.999726 0.999986 0.999999
 0.909826 0.994811 0.999726 0.999986 0.999999
 0.909826 0.994811 0.999726 0.999986 0.999999
 0.909826 0.994811 0.999726 0.999986 0.999999
 0.909826 0.994811 0.999726 0.999986 0.999999
 0.909826 0.994811 0.999726 0.999986 0.999999
 0.909826 0.994811 0.999726 0.999986 0.999999
 0.909826 0.994811 0.999726 0.999986 0.999999
 0.909826 0.994811 0.999726 0.999986 0.999999
 0.909826 0.994811 0.999726 0.999986 0.999999
 0.909826 0.994811 0.999726 0.999986 0.999999
 0.909826 0.994811 0.999726 0.999986 0.999999
 0.909826 0.994811 0.999726 0.999986 0.999999
 0.909826 0.994811 0.999726 0.999986 0.999999
 0.909826 0.994811 0.999726 0.999986 0.999999
 0.909826 0.994811 0.999726 0.999986 0.999999
 0.909826 0.994811 0.999726 0.999986 0.999999
 0.909826 0.994811 0.999726 0.999986 0.999999
 0.909826 0.994811 0.999726 0.999986 0.999999
Sel_reclas
 1 1 1 1 1
 1 1 1 1 1
 1 1 1 1 1
 1 1 1 1 1
 1 1 1 1 1
 1 1 1 1 1
 1 1 1 1 1
 1 1 1 1 1
 1 1 1 1 1
 1 1 1 1 1
 1 1 1 1 1
 1 1 1 1 1
 1 1 1 1 1
 1 1 1 1 1
 1 1 1 1 1
 1 1 1 1 1
 1 1 1 1 1
 1 1 1 1 1
 1 1 1 1 1
 1 1 1 1 1
 1 1 1 1 1
 1 1 1 1 1
 1 1 1 1 1
 1 1 1 1 1
 1 1 1 1 1
 1 1 1 1 1
 1 1 1 1 1
 1 1 1 1 1
 1 1 1 1 1
 1 1 1 1 1
 1 1 1 1 1
Sel_pelaces
 1 1 1 1 1
 1 1 1 1 1
 1 1 1 1 1
 1 1 1 1 1
 1 1 1 1 1
 1 1 1 1 1
 1 1 1 1 1
 1 1 1 1 1
 1 1 1 1 1
 1 1 1 1 1
 1 1 1 1 1
 1 1 1 1 1
 1 1 1 1 1
 1 1 1 1 1
 1 1 1 1 1
 1 1 1 1 1
 1 1 1 1 1
 1 1 1 1 1
 1 1 1 1 1
 1 1 1 1 1
 1 1 1 1 1
 1 1 1 1 1
 1 1 1 1 1
 1 1 1 1 1
 1 1 1 1 1
 1 1 1 1 1
 1 1 1 1 1
 1 1 1 1 1
 1 1 1 1 1
 1 1 1 1 1
 1 1 1 1 1
pf_obs 
 0.8446 0.082 0.0669 0.0065 0
 0.8095 0.147 0.0364 0.0071 0
 0.9664 0.0169 0.016 0.0007 0
 0.9276 0.0648 0.0075 0.0001 0
 0.7033 0.2144 0.0806 0.0017 0
 0.9318 0.0425 0.0243 0.0014 0
 0.5671 0.3108 0.0964 0.0239 0.0018
 0.0768 0.2599 0.5324 0.112 0.0189
 0.490249 0.384438 0.106611 0.0170017 0.00170017
 0.7925 0.1577 0.0466 0.003 0.0002
 0.840416 0.127587 0.0312969 0.00059994 9.999e-05
 0.8084 0.0986 0.0794 0.0134 0.0002
 0.7335 0.1905 0.0724 0.0035 0.0001
 0.4001 0.4547 0.1325 0.0127 0
 0.49795 0.308269 0.164784 0.0264974 0.00249975
 0.9179 0.0499 0.0305 0.0017 0
 0.2467 0.6533 0.0926 0.0074 0
 0.9418 0.0223 0.034 0.0019 0
 0.707729 0.231977 0.0356964 0.0245975 0
 0.517169 0.277429 0.184464 0.0207286 0.00020938
 0.811772 0.124168 0.05621 0.00726502 0.000585176
 0.764997 0.148141 0.077277 0.00933861 0.000247198
 0.163321 0.427699 0.378323 0.0303852 0.000271297
 0.753843 0.0900009 0.118128 0.0371064 0.000921714
 0.721811 0.176058 0.0630433 0.0369309 0.00215725
 0.143369 0.312575 0.442814 0.0836902 0.0175525
 0.692698 0.0596174 0.167031 0.0765114 0.00414204
 0.394062 0.376323 0.152708 0.0712218 0.00568511
 0.125707 0.32114 0.495352 0.0537591 0.00404204
 0.23352 0.215282 0.420074 0.123614 0.00750983
 0.796117 0.104755 0.0508955 0.0450114 0.00322123
pf_pred 
 0.412391 0.107319 0.456367 0.0239229 7.28718e-07
 0.407829 0.257539 0.0613612 0.259662 0.0136085
 0.539991 0.19814 0.114228 0.0270788 0.120562
 0.750972 0.140258 0.0469892 0.0269531 0.0348273
 0.644268 0.273386 0.0464878 0.0154934 0.0203645
 0.742137 0.171315 0.0665901 0.0112684 0.00868944
 0.475308 0.398511 0.0839744 0.032476 0.00973078
 0.435466 0.282318 0.214632 0.0449816 0.0226018
 0.518073 0.220471 0.13107 0.0991686 0.0312182
 0.667811 0.17999 0.0698269 0.0412993 0.0410728
 0.786796 0.146887 0.0360218 0.0139014 0.0163943
 0.719629 0.224673 0.0384324 0.00937943 0.00788637
 0.662714 0.249287 0.0705938 0.0120103 0.00539407
 0.60032 0.273497 0.0933936 0.0263055 0.00648356
 0.695126 0.190631 0.0783192 0.0265906 0.00933269
 0.912223 0.0628194 0.0156376 0.00639004 0.00293013
 0.395241 0.55623 0.0347844 0.00861253 0.00513168
 0.900228 0.0416685 0.0534636 0.00332628 0.00131394
 0.603612 0.360101 0.0152 0.019403 0.00168356
 0.599529 0.250801 0.136036 0.00571179 0.00792162
 0.722254 0.172813 0.0658438 0.035529 0.00355968
 0.74341 0.190026 0.041497 0.0157308 0.00933623
 0.335786 0.505477 0.117719 0.0255742 0.0154443
 0.730767 0.0959243 0.132049 0.0306003 0.0106597
 0.630248 0.276752 0.0332414 0.0455352 0.0142242
 0.445385 0.361059 0.145058 0.0173376 0.0311603
 0.731404 0.125614 0.0932429 0.0372785 0.0124602
 0.694531 0.228799 0.0359522 0.026556 0.014162
 0.363958 0.453622 0.136807 0.021392 0.0242214
 0.434684 0.217619 0.248327 0.0745271 0.0248419
 0.823968 0.0805498 0.0368703 0.0418645 0.0167477
pobs_RECLAS
 0 0 0 0 0
 0 0 0 0 0
 0 0 0 0 0
 0 0 0 0 0
 0 0 0 0 0
 0 0 0 0 0
 0 0 0 0 0
 0 0 0 0 0
 0 0 0 0 0
 0 0 0 0 0
 0.991045 0.00858322 0.000360255 1.14367e-05 0
 0.934742 0.0480273 0.0164251 0.00080598 0
 0.827803 0.169806 0.00239088 0 0
 0.941827 0.0461693 0.0120037 0 0
 0.791401 0.0380133 0.147996 0.0225897 0
 0.846168 0.0940531 0.0597789 0 0
 0.134021 0.677848 0.182769 0.00536245 0
 0.80878 0.0450904 0.141981 0.00414843 0
 0.846168 0.0940531 0.0597789 0 0
 0.905697 0.0802665 0.012482 0.00150086 5.37128e-05
 0.989698 0.0102097 9.19794e-05 0 0
 0.975433 0.0193895 0.00387452 0.00125025 5.28907e-05
 0.303575 0.632131 0.0575291 0.00676475 0
 0.966965 0.00978017 0.0227588 0.000495775 0
 0.843318 0.132988 0.00938335 0.0141283 0.000182051
 0.564624 0.303363 0.111486 0.0197234 0.00080311
 0.826376 0.0876187 0.0782897 0.00655872 0.00115652
 0.89761 0.0855135 0.0140674 0.00269457 0.000114338
 0.34875 0.467042 0.161289 0.0227151 0.000203297
 0.318654 0.224769 0.449479 0.00709798 0
 0.937255 0.0296025 0.0250945 0.00804832 0
ppred_RECLAS
 0.435316 0.103552 0.438169 0.0229629 6.99467e-07
 0.430525 0.248397 0.0588885 0.249133 0.0130565
 0.563036 0.188764 0.108282 0.0256625 0.114255
 0.767965 0.130982 0.0436622 0.0250381 0.0323524
 0.664824 0.257891 0.0436362 0.0145392 0.0191101
 0.759341 0.160156 0.061943 0.0104792 0.00808079
 0.498488 0.381376 0.0799581 0.0309145 0.00926277
 0.458223 0.271616 0.205477 0.0430517 0.0216318
 0.541313 0.210423 0.124473 0.0941525 0.0296387
 0.68817 0.169359 0.0653734 0.038655 0.0384425
 0.801702 0.136832 0.0333904 0.0128825 0.0151925
 0.737899 0.210246 0.0357834 0.00873061 0.00734073
 0.683082 0.234545 0.066085 0.0112403 0.00504814
 0.622705 0.258602 0.0878564 0.0247392 0.00609742
 0.714514 0.178852 0.0731099 0.0248154 0.00870949
 0.919367 0.0577907 0.0143134 0.0058474 0.00268126
 0.41717 0.536279 0.0333695 0.00826003 0.00492158
 0.908307 0.0384062 0.0490322 0.00304977 0.0012047
 0.62528 0.340578 0.0143038 0.0182542 0.00158386
 0.62154 0.237463 0.128157 0.00537956 0.00746075
 0.740376 0.161848 0.0613591 0.0331004 0.00331631
 0.760559 0.17756 0.038581 0.0146216 0.00867777
 0.356431 0.490355 0.113631 0.0246796 0.0149039
 0.748699 0.0898253 0.123041 0.0285053 0.00992972
 0.651248 0.26137 0.0312383 0.0427801 0.0133634
 0.468104 0.346876 0.13867 0.0165698 0.0297799
 0.749211 0.117602 0.0868634 0.0347189 0.0116045
 0.713517 0.214853 0.0335936 0.0248073 0.0132293
 0.38534 0.439004 0.131743 0.0205949 0.0233184
 0.457701 0.209408 0.237772 0.0713405 0.0237793
 0.837036 0.0747776 0.0340583 0.0386615 0.0154662
pobs_PELACES
 0 0 0 0 0
 0 0 0 0 0
 0 0 0 0 0
 0 0 0 0 0
 0 0 0 0 0
 0 0 0 0 0
 0 0 0 0 0
 0 0 0 0 0
 0 0 0 0 0
 0 0 0 0 0
 0 0 0 0 0
 0 0 0 0 0
 0 0 0 0 0
 0 0 0 0 0
 0 0 0 0 0
 0 0 0 0 0
 0.505614 0.472636 0.0217494 0 0
 0 0 0 0 0
 0.443492 0.261883 0.143347 0.151278 0
 0.227955 0.32914 0.350689 0.0885471 0.00366901
 0.970185 0.0296113 0.000203453 0 0
 0.997202 0.00247181 0.000326279 0 0
 0.445219 0.490057 0.0546422 0.010081 0
 0.90214 0.0892962 0.00764917 0.000914606 0
 0 0 0 0 0
 0.581667 0.319106 0.0959925 0.00289975 0.000334073
 0.762889 0.0836404 0.116647 0.0363945 0.000428098
 0.88444 0.0763242 0.0277011 0.0115352 0
 0.521256 0.241999 0.230069 0.00667565 0
 0.616807 0.101726 0.260614 0.0208532 0
 0.833518 0.0704572 0.0857862 0.0102388 0
ppred_PELACES
 0.435836 0.103466 0.437756 0.0229411 6.98803e-07
 0.431441 0.248028 0.0587888 0.248708 0.0130342
 0.563923 0.188403 0.108054 0.025608 0.114012
 0.768907 0.130468 0.0434778 0.0249319 0.0322152
 0.665217 0.257594 0.0435816 0.0145209 0.0190861
 0.759996 0.159731 0.061766 0.0104492 0.0080576
 0.500356 0.379995 0.0796347 0.0307888 0.00922508
 0.458508 0.271482 0.205363 0.0430275 0.0216197
 0.54242 0.209945 0.124158 0.0939135 0.0295634
 0.689383 0.168726 0.0651081 0.0384975 0.0382858
 0.801938 0.136674 0.0333489 0.0128664 0.0151735
 0.739267 0.209166 0.035585 0.00868203 0.00729987
 0.684493 0.233523 0.0657727 0.0111869 0.00502418
 0.625107 0.257003 0.0872623 0.0245711 0.006056
 0.71589 0.178015 0.0727402 0.0246894 0.00866526
 0.919852 0.0574493 0.0142236 0.00581057 0.00266437
 0.418225 0.535319 0.0333014 0.00824308 0.00491148
 0.908662 0.038263 0.0488378 0.00303764 0.0011999
 0.626643 0.33935 0.0142474 0.018182 0.00157759
 0.622713 0.236752 0.127737 0.00536186 0.0074362
 0.741106 0.161406 0.0611785 0.0330026 0.00330651
 0.761436 0.176923 0.038432 0.0145649 0.00864413
 0.357065 0.48989 0.113505 0.0246521 0.0148872
 0.749163 0.0896674 0.122807 0.0284511 0.00991083
 0.651817 0.260954 0.0311841 0.0427055 0.0133401
 0.468613 0.346558 0.138527 0.0165526 0.029749
 0.749686 0.117389 0.0866932 0.0346505 0.0115816
 0.713958 0.214529 0.0335389 0.0247667 0.0132077
 0.385834 0.438666 0.131626 0.0205764 0.0232976
 0.458423 0.20915 0.237441 0.0712405 0.023746
 0.837448 0.074596 0.0339699 0.0385607 0.0154259
pobs_pel_tallas
 0 0 0 0 0 0 0 0 0 0 0 0 0 0 0 0 0 0 0 0 0 0 0 0 0 0
 0 0 0 0 0 0 0 0 0 0 0 0 0 0 0 0 0 0 0 0 0 0 0 0 0 0
 0 0 0 0 0 0 0 0 0 0 0 0 0 0 0 0 0 0 0 0 0 0 0 0 0 0
 0 0 0 0 0 0 0 0 0 0 0 0 0 0 0 0 0 0 0 0 0 0 0 0 0 0
 0 0 0 0 0 0 0 0 0 0 0 0 0 0 0 0 0 0 0 0 0 0 0 0 0 0
 0 0 0 0 0 0 0 0 0 0 0 0 0 0 0 0 0 0 0 0 0 0 0 0 0 0
 0 0 0 0 0 0 0 0 0 0 0 0 0 0 0 0 0 0 0 0 0 0 0 0 0 0
 0 0 0 0 0 0 0 0 0 0 0 0 0 0 0 0 0 0 0 0 0 0 0 0 0 0
 0 0 0 0 0 0 0 0 0 0 0 0 0 0 0 0 0 0 0 0 0 0 0 0 0 0
 0 0 0 0 0 0 0 0 0 0 0 0 0 0 0 0 0 0 0 0 0 0 0 0 0 0
 0 0 0 0 0 0 0 0 0 0 0 0 0 0 0 0 0 0 0 0 0 0 0 0 0 0
 0 0 0 0 0 0 0 0 0 0 0 0 0 0 0 0 0 0 0 0 0 0 0 0 0 0
 0.00862536 0 0 0.000197151 0.00414017 0.0128641 0.00837892 0.0270097 0.101434 0.158115 0.152841 0.127902 0.109271 0.109419 0.0830992 0.0579132 0.0238553 0.00714673 0.00463305 0.00128148 0.00103504 0.000492878 0.000147863 0.000147863 4.92878e-05 0
 0 0 0 0 0 0 0 0 0 0 0 0 0 0 0 0 0 0 0 0 0 0 0 0 0 0
 0 0 0 0 0 0 0 0.0054083 0.00873648 0.0413646 0.0450493 0.0745869 0.0622846 0.0627006 0.0613931 0.0827291 0.12552 0.122667 0.0946155 0.0697135 0.0546179 0.0294188 0.0215738 0.0213955 0.0102223 0.00600262
 0 0 0 0 0.00359764 0.0251062 0.0480494 0.140153 0.205849 0.193036 0.1447 0.116669 0.0760912 0.0342217 0.00950174 0.001854 0.000860785 0 0 0 0.000165536 0 0.000143464 0 0 0
 0 0 0 0 0 0 0 0.000145254 0.000435761 0.0275982 0.070085 0.0708112 0.156366 0.174668 0.174014 0.160142 0.0824315 0.0480064 0.0283245 0.00493863 0.00203355 0 0 0 0 0
 0 0 0 0 0 0 0 0 0 0 0 0 0 0 0 0 0 0 0 0 0 0 0 0 0 0
 0 0 1.00437e-05 0.000401748 0.00122533 0.00171747 0.00176769 0.0269171 0.070346 0.194647 0.189555 0.159765 0.064822 0.0314167 0.0384472 0.0292271 0.0345202 0.0313363 0.0194345 0.0106764 0.0143323 0.0359363 0.0279516 0.0138201 0.00172751 0
 0 0.0021121 0.0136068 0.0755702 0.200478 0.177729 0.0527432 0.0373336 0.0318909 0.0142505 0.0149659 0.0166563 0.0217959 0.0798694 0.0677717 0.0528807 0.04013 0.0224614 0.0357745 0.0225083 0.00881397 0.00855152 0.00135912 0.000746735 0 0
 0 0 0 0 5.4009e-05 0.00500934 0.000945158 0.0243581 0.138947 0.33067 0.221406 0.137944 0.0707744 0.0437923 0.0131692 0.00525238 0.0047753 0.00276346 9.45158e-05 9.00151e-06 2.25038e-05 9.00151e-06 4.50075e-06 0 0 0
 0.000866109 0.00284123 0.00948549 0.0512746 0.133035 0.25785 0.225252 0.132002 0.0553304 0.0519788 0.0540692 0.017754 0.00435017 0.00159236 0.00146478 0.000404838 0.000125132 0.000115318 0.000107957 0.000100596 0 0 0 0 0 0
 0 0 0 0 0.00144013 0.00171154 0.00461396 0.0210425 0.0478622 0.0707936 0.0888783 0.103762 0.0637923 0.0337046 0.0602308 0.124433 0.169614 0.0934646 0.0462172 0.0250306 0.0313229 0.00938855 0.002487 0.000210481 0 0
 0 0.00764035 0.051015 0.0998891 0.058973 0.0496711 0.0374665 0.0718981 0.12319 0.153886 0.159021 0.0857701 0.0377988 0.023471 0.0147837 0.00900784 0.00315554 0.000888139 0.00291439 0.00214683 0.00393193 0.00274676 0.000635225 9.99891e-05 0 0
 0 0 0 0 0 0 0 0 0 0 0 0 0 0 0 0 0 0 0 0 0 0 0 0 0 0
 0 0 0 0 0 0 0 0 0 0 0 0 0 0 0 0 0 0 0 0 0 0 0 0 0 0
 0 0 0 0 0 0 0 0 0 0 0 0 0 0 0 0 0 0 0 0 0 0 0 0 0 0
 0 0 0 0 0 0 0 0 0 0 0 0 0 0 0 0 0 0 0 0 0 0 0 0 0 0
 0 0 0 0 0 0 0 0 0 0 0 0 0 0 0 0 0 0 0 0 0 0 0 0 0 0
 0 0 0 0 0 0 0 0 0 0 0 0 0 0 0 0 0 0 0 0 0 0 0 0 0 0
 0 0 0 0 0 0 0 0 0 0 0 0 0 0 0 0 0 0 0 0 0 0 0 0 0 0
ppred_pel_tallas
 1.1496e-16 3.58993e-05 0.000348954 0.00231892 0.0105415 0.0327985 0.0698812 0.101996 0.102006 0.0699334 0.0329759 0.0110622 0.00365763 0.00337582 0.00608984 0.0108052 0.0174062 0.0257179 0.035438 0.0461936 0.0573514 0.0676583 0.0751644 0.077788 0.0743133 0.0651416
 1.28908e-16 3.55373e-05 0.000345435 0.00229554 0.0104352 0.0324679 0.0691772 0.100971 0.100995 0.0692947 0.0328628 0.0115776 0.00517053 0.00664737 0.0120844 0.0201467 0.0295872 0.0385072 0.0451138 0.04888 0.0509661 0.0533884 0.0575156 0.0630394 0.0681089 0.0703862
 1.25029e-16 4.64496e-05 0.000451507 0.00300042 0.0136395 0.0424376 0.0904185 0.131972 0.131991 0.0905081 0.0427388 0.0145115 0.00519734 0.00527449 0.0092876 0.0155 0.0228552 0.0299045 0.0352482 0.0383822 0.0400299 0.0415848 0.0440804 0.0474924 0.0508059 0.0526416
 1.09241e-16 6.33339e-05 0.000615628 0.00409106 0.0185974 0.0578634 0.123285 0.17994 0.179953 0.123346 0.0580708 0.0191972 0.00559938 0.00391762 0.00636262 0.0104948 0.0152982 0.0196482 0.0224626 0.0232988 0.022627 0.0214843 0.0207771 0.0207757 0.0211078 0.0211229
 1.0601e-16 5.47931e-05 0.000532609 0.00353937 0.0160895 0.0500605 0.10666 0.155679 0.155704 0.106782 0.0504682 0.0172673 0.00649666 0.00699145 0.0123307 0.0203239 0.0293352 0.0370308 0.0410775 0.0404234 0.0359288 0.0297694 0.0241045 0.0200431 0.0175106 0.0157978
 1.04235e-16 6.25999e-05 0.000608494 0.00404366 0.0183819 0.0571929 0.121856 0.177856 0.177871 0.121932 0.0574468 0.0191161 0.00588973 0.00464877 0.00776604 0.0128189 0.0186455 0.0238365 0.0269907 0.0274528 0.0256675 0.0228024 0.0199635 0.0176391 0.0157052 0.013806
 1.07045e-16 4.12137e-05 0.000400612 0.00266221 0.012102 0.0376542 0.0802275 0.117102 0.117139 0.0804067 0.0382561 0.0138412 0.00703002 0.00994361 0.0181891 0.0300686 0.0434625 0.0549801 0.0611899 0.0605185 0.0541667 0.0452329 0.036778 0.0303549 0.0258651 0.0223874
 1.1397e-16 3.77668e-05 0.000367106 0.00243955 0.0110899 0.0345048 0.0735172 0.107306 0.107332 0.0736465 0.0349399 0.0123499 0.00561573 0.00734506 0.0134206 0.0224694 0.0331668 0.0433955 0.0509858 0.0549031 0.0557283 0.0549571 0.053742 0.0521624 0.0495014 0.0450759
 1.18058e-16 4.46785e-05 0.000434291 0.00288602 0.0131194 0.0408195 0.086971 0.126941 0.126961 0.0870708 0.0411553 0.0140918 0.00533623 0.00581457 0.0103568 0.0173025 0.0255242 0.0334032 0.0393441 0.0427017 0.0441382 0.0450124 0.0462887 0.0478572 0.0487146 0.0477104
 1.12262e-16 5.67836e-05 0.000551957 0.00366795 0.016674 0.051879 0.110534 0.161331 0.161348 0.110614 0.0521475 0.0174508 0.00562211 0.00483247 0.00823008 0.0136342 0.0199212 0.0256774 0.0295242 0.0308951 0.0303793 0.0292675 0.0286575 0.0288228 0.0292333 0.0290471
 1.04856e-16 6.60546e-05 0.000642074 0.00426681 0.0193963 0.0603491 0.128581 0.18767 0.187683 0.128645 0.0605658 0.0200226 0.00584027 0.00408175 0.00661301 0.0108668 0.0157411 0.019999 0.0224331 0.0225086 0.0206787 0.0180562 0.0157056 0.0141118 0.0131367 0.0123393
 1.03187e-16 6.08925e-05 0.000591897 0.00393336 0.0178805 0.055633 0.118533 0.173006 0.173026 0.118631 0.055964 0.0188367 0.006334 0.00583438 0.0100229 0.0164883 0.0237816 0.0299823 0.0331756 0.0324821 0.0285744 0.0232028 0.0181277 0.0142909 0.0117077 0.00989785
 1.0393e-16 5.63808e-05 0.000548042 0.00364193 0.0165557 0.051511 0.109751 0.160189 0.160211 0.109861 0.0518814 0.0176261 0.00633137 0.0064275 0.0112471 0.0185687 0.0268931 0.0341313 0.0381818 0.0380611 0.0344531 0.0291758 0.0240186 0.0198823 0.0167244 0.0140714
 1.06073e-16 5.14893e-05 0.000500494 0.00332596 0.0151194 0.0470421 0.100229 0.146292 0.146317 0.100351 0.0474503 0.0162994 0.00629229 0.00698987 0.0124169 0.0205534 0.0298551 0.0380749 0.0429462 0.0434148 0.0402202 0.0352895 0.0304631 0.0265758 0.023446 0.0204838
 1.06088e-16 5.89669e-05 0.00057318 0.00380898 0.0173151 0.0538738 0.114784 0.167535 0.167552 0.114869 0.054157 0.0181341 0.00586897 0.00508359 0.0086648 0.0143361 0.0208936 0.0267991 0.0305212 0.0313568 0.0298128 0.0271713 0.0246057 0.0225666 0.0208089 0.0188498
 1.01459e-16 7.5767e-05 0.000736482 0.00489418 0.0222483 0.0692226 0.147486 0.215262 0.215267 0.147513 0.0693137 0.0225115 0.00555548 0.00218201 0.00282676 0.00456839 0.00660963 0.0083891 0.00939128 0.00938358 0.00854749 0.00734284 0.00621496 0.00537559 0.00478716 0.00429452
 1.02756e-16 3.44487e-05 0.000334854 0.00222522 0.0101156 0.0314736 0.0670597 0.0978864 0.097938 0.0673115 0.0323187 0.0125556 0.00834657 0.0136867 0.0253593 0.041784 0.0599876 0.0750147 0.0818381 0.0781425 0.0657277 0.049338 0.033896 0.0222693 0.0148436 0.0105123
 1.01927e-16 7.48453e-05 0.000727523 0.00483464 0.0219776 0.0683805 0.145692 0.212642 0.212646 0.14571 0.0684424 0.0221573 0.005289 0.00173014 0.00201043 0.00328697 0.00491771 0.00657866 0.00798025 0.00896732 0.00956541 0.00988166 0.009955 0.00970273 0.00900616 0.00784295
 1.02589e-16 5.16158e-05 0.000501724 0.00333413 0.0151565 0.0471577 0.100476 0.146654 0.146687 0.100635 0.0476933 0.0167028 0.00721326 0.00896215 0.016097 0.0264717 0.0379944 0.0475032 0.0518206 0.0495025 0.0417232 0.0315229 0.0220344 0.0150488 0.0107411 0.00831552
 1.05543e-16 5.12921e-05 0.000498577 0.00331322 0.0150614 0.0468618 0.099845 0.145731 0.145754 0.0999572 0.0472393 0.0161534 0.00606117 0.00652035 0.0115549 0.0191958 0.0280519 0.0361148 0.0413366 0.0427174 0.0408033 0.0371339 0.0331358 0.0293909 0.0257253 0.0217908
 1.05677e-16 6.1044e-05 0.000593369 0.00394315 0.017925 0.0557714 0.118827 0.173435 0.173451 0.118904 0.056028 0.0186673 0.00580997 0.00468032 0.00785753 0.0129852 0.0189179 0.0242555 0.0276141 0.028368 0.0269941 0.0246711 0.0224677 0.0207758 0.0193351 0.0176613
 1.04078e-16 6.27185e-05 0.000609646 0.00405131 0.0184167 0.0573012 0.122087 0.178193 0.17821 0.12217 0.0575816 0.0192266 0.00608567 0.00505499 0.00851813 0.0140173 0.0202689 0.0256666 0.02862 0.0284067 0.0255939 0.0216255 0.0179167 0.015168 0.0133002 0.0118467
 1.08393e-16 2.94111e-05 0.000285887 0.00189982 0.00863633 0.0268711 0.0572534 0.0835729 0.0836202 0.0574845 0.0276473 0.0108792 0.00753341 0.012596 0.0234438 0.0388033 0.0561121 0.0710207 0.0790997 0.0782964 0.0701164 0.058504 0.047372 0.0387328 0.0325248 0.0276643
 1.08098e-16 6.17076e-05 0.00059982 0.00398601 0.0181198 0.0563776 0.120119 0.175319 0.175328 0.120162 0.0565232 0.0185427 0.00505613 0.0029652 0.00464025 0.00779981 0.0117605 0.0159047 0.0196245 0.0226187 0.02498 0.026932 0.0284559 0.0291696 0.0285664 0.0263884
 1.07507e-16 5.36893e-05 0.000521879 0.00346807 0.0157654 0.0490521 0.104512 0.152543 0.152568 0.104634 0.0494648 0.0169577 0.00646158 0.00705865 0.0124747 0.0205577 0.0296624 0.0374334 0.0415299 0.0409313 0.0365702 0.0307071 0.0255435 0.0221429 0.0202916 0.0190945
 1.10781e-16 3.85991e-05 0.000375197 0.00249332 0.0113343 0.0352653 0.0751377 0.109673 0.109706 0.0753017 0.0358164 0.0129278 0.00650035 0.0091461 0.0167654 0.0278371 0.0405229 0.0518559 0.0588176 0.0600021 0.0563838 0.0504955 0.0447221 0.0400928 0.036293 0.032496
 1.07967e-16 6.17507e-05 0.000600239 0.0039888 0.0181325 0.056417 0.120203 0.175442 0.175453 0.120259 0.0566052 0.0186776 0.00536304 0.00362029 0.00585678 0.0097416 0.0143983 0.0188948 0.0223206 0.0242672 0.0250224 0.025249 0.025418 0.0254807 0.0249972 0.0235304
 1.05742e-16 5.88078e-05 0.000571633 0.0037987 0.0172684 0.0537284 0.114475 0.167084 0.167104 0.114576 0.0540679 0.0182492 0.00626163 0.00595099 0.0102838 0.0169323 0.0244471 0.0308831 0.0343112 0.0338761 0.0303145 0.0254484 0.0210619 0.0180332 0.0162293 0.0149847
 1.09917e-16 3.17807e-05 0.00030892 0.00205288 0.00933214 0.029036 0.0618658 0.0903038 0.0903462 0.062073 0.029732 0.011344 0.00710851 0.0113638 0.021081 0.0349428 0.0506665 0.0644156 0.0722816 0.072448 0.0662149 0.0569815 0.048057 0.0410457 0.0357603 0.0312064
 1.18069e-16 3.77597e-05 0.000367038 0.0024391 0.0110878 0.0344984 0.0735032 0.107284 0.107305 0.0736035 0.0348364 0.0120686 0.00491818 0.00583577 0.0105916 0.0178914 0.0268078 0.0359033 0.0437051 0.0495185 0.053685 0.056974 0.0596527 0.0610875 0.0601844 0.0562138
 1.07478e-16 6.89795e-05 0.000670505 0.00445574 0.0202552 0.0630214 0.134274 0.195978 0.195985 0.134309 0.0631404 0.0205997 0.00532347 0.00257414 0.00371267 0.00610541 0.00897569 0.0116996 0.0137102 0.0147995 0.0152473 0.015597 0.0162445 0.0171665 0.0179622 0.0181229
pSPR Fmed_Fpbrs
0.7734   0.6 0.325
Fs Fmed_Fpbrs
0.12646   0.26176 0.631437
SSBpbr Bo_Bmed_Bpbrs
2.9026e+06  2.09974e+06  1.59643e+06 798215
Ro
274289
SPR SPRFo_SPRFmed_SPRFpbrs
1.95777e+06 1.51414e+06 636275
Fref
0.26176
Nvult_r0
 336985 30372.6 13840.6 15711.7 6285.32
CTP_r0
 29181.2 2852.71 1305.78 1482.65 593.13
YTP_r0
391298
Np
 399556 115839 48048.3 4267.99 2493.53
Nvult_p0
 283718 82993.7 34442.2 3059.48 1787.47
CTP_p0
 54572.4 25083.7 2240.85 1020.6 1542.56
 54572.4 17146.7 7143.7 634.702 370.822
YTP_p0
 935799 873856
CBA_c0
917216
log_Ro
12.3419
likeval ReclasPelacesDesembMPH_pf_preclas_ppelaces_ptallas_desvR_qrecl_qpela
 18.3187 21.5278 0.119835 0.000812205 241.161 121.573 98.9223 0 23.116 2.37832e-05 1.36264e-05 0.607866 8.64226e-16 0 0
q_reclas_q_pelaces
0.501043 0.591452
M
1
N
 276261 65917.6 278973 14620.2 0.445341
 164068 95180.4 22572 95494.3 5004.64
 159281 53683.7 30804.5 7300.64 32504.1
 304410 52326.9 17450.7 10007.3 12930.8
 243555 94727.1 16030.6 5341.3 7020.54
 399325 84673.9 32759.2 5542.13 4273.68
 169383 131044 27491.9 10629.7 3184.92
 82634.4 49065 37121.3 7777.7 3908
 74934.3 29320.5 17350.7 13124.5 4131.51
 96549.1 23960 9253.12 5471.47 5441.4
 173659 29705 7249.65 2797.04 3298.58
 211637 60944.4 10378.9 2532.39 2129.25
 178896 62027.5 17486.6 2974.35 1335.82
 126694 53422.4 18165.5 5115.39 1260.79
 133038 33636.2 13757.6 4669.82 1638.98
 622181 39494 9787.3 3998.48 1833.46
 143481 185658 11556.8 2860.73 1704.51
 1.07839e+06 45883.9 58600 3644.95 1439.8
 631549 347024 14581.9 18609.6 1614.7
 500269 192550 103963 4364.06 6052.39
 714496 157073 59568.2 32134.8 3219.58
 990804 232983 50644.4 19193.8 11391.4
 226204 312486 72430.3 15731.4 9500.1
 632566 76166.2 104352 24176 8421.63
 534761 215424 25752.5 35267.8 11016.7
 244315 181593 72608.2 8676.08 15593
 534591 84226.7 62224.8 24871.2 8312.98
 601183 181611 28401.3 20973.2 11184.7
 180631 206427 61958.9 9685.88 10966.8
 135311 62171.7 70610.2 21186 7061.76
 506444 45444.5 20703.5 23502 9401.78
pred_Ctot
 11142.8 2899.76 12331.1 646.398 0.01969
 11577.2 7310.87 1741.89 7371.13 386.309
 10872.5 3989.46 2299.94 545.22 2427.47
 30063.6 5614.93 1881.11 1079.01 1394.24
 8501.92 3607.68 613.465 204.454 268.736
 27507 6349.73 2468.14 417.658 322.071
 23210.1 19460 4100.63 1585.87 475.172
 1859.56 1205.58 916.54 192.084 96.5161
 6268.89 2667.79 1586 1199.98 377.753
 10135.9 2731.85 1059.82 626.831 623.393
 5073.37 947.148 232.274 89.6382 105.713
 27707.8 8650.54 1479.76 361.135 303.648
 21653.9 8145.36 2306.62 392.433 176.249
 22887.7 10427.3 3560.71 1002.92 247.191
 16520.3 4530.51 1861.32 631.949 221.799
 75559.1 5203.31 1295.25 529.285 242.701
 11992 16876.6 1055.39 261.313 155.7
 86328 3995.83 5126.93 318.976 126.001
 69414.8 41411.4 1747.98 2231.33 193.608
 46937.9 19635.6 10650.4 447.183 620.193
 51826.5 12400.5 4724.73 2549.44 255.431
 90499.2 23132.9 5051.65 1915 1136.55
 12200.9 18366.7 4277.36 929.247 561.174
 29887.6 3923.21 5400.67 1251.52 435.969
 26176.1 11494.4 1380.62 1891.22 590.774
 9763.35 7914.85 3179.84 380.061 683.071
 26037.2 4471.72 3319.34 1327.07 443.567
 25463.9 8388.56 1318.13 973.632 519.228
 7392.03 9213.11 2778.56 434.475 491.939
 7502.38 3755.97 4285.98 1286.29 428.755
 29181.2 2852.71 1305.78 1482.65 593.13
F
 0.0655702 0.0716949 0.0720491 0.0720679 0.0720689
 0.11717 0.128115 0.128748 0.128781 0.128783
 0.113159 0.123729 0.12434 0.124372 0.124374
 0.167374 0.183008 0.183912 0.18396 0.183963
 0.0565365 0.0618174 0.0621228 0.0621389 0.0621398
 0.114244 0.124915 0.125532 0.125565 0.125567
 0.239015 0.261341 0.262632 0.2627 0.262704
 0.03614 0.0395158 0.039711 0.0397213 0.0397219
 0.140227 0.153325 0.154082 0.154122 0.154125
 0.178737 0.195433 0.196398 0.196449 0.196452
 0.0471321 0.0515346 0.0517892 0.0518027 0.0518034
 0.227296 0.248527 0.249755 0.24982 0.249823
 0.208573 0.228055 0.229182 0.229241 0.229244
 0.326174 0.356641 0.358403 0.358496 0.358501
 0.214484 0.234518 0.235676 0.235738 0.235741
 0.209326 0.228878 0.230009 0.230069 0.230072
 0.140086 0.153171 0.153928 0.153968 0.15397
 0.133833 0.146334 0.147057 0.147096 0.147098
 0.187819 0.205362 0.206377 0.206431 0.206434
 0.158436 0.173235 0.174091 0.174136 0.174138
 0.120614 0.131881 0.132532 0.132567 0.132569
 0.153958 0.168338 0.16917 0.169214 0.169216
 0.0885173 0.0967855 0.0972637 0.097289 0.0972903
 0.0771782 0.0843873 0.0848042 0.0848262 0.0848274
 0.0800514 0.0875287 0.0879612 0.087984 0.0879853
 0.0649481 0.0710148 0.0713656 0.0713842 0.0713852
 0.0796381 0.0870769 0.0875071 0.0875299 0.0875311
 0.0689532 0.0753939 0.0757664 0.0757861 0.0757871
 0.0665547 0.0727714 0.0731309 0.0731499 0.0731509
 0.0910875 0.0995957 0.100088 0.100114 0.100115
 0.0948046 0.10366 0.104172 0.104199 0.104201
YTP_r0W_actual
 242204 40223.3 36039.6 50706.7 22123.8
YTP_p0W_proyectada
 408747 393061 51830.9 29975 52184.9
 408747 268689 165234 18641.2 12544.9
CTP_r0_actual
 29181.2 2852.71 1305.78 1482.65 593.13
CTP_p0_proyectada
 54572.4 25083.7 2240.85 1020.6 1542.56
 54572.4 17146.7 7143.7 634.702 370.822
Wmedp
 7.49 15.67 23.13 29.37 33.83
Frms_r0
 0.0948046 0.10366 0.104172 0.104199 0.104201
Zrms_r0
 1.0948 1.10366 1.10417 1.1042 1.1042
nmprior
 8.19 8.8 8.5 0
nm_flota  nm_reclas  nm_pelaces    nm_pelaL
inf 11.3179 16.7968 39.1556
cv_recla  cv_pelaces  cv_mph
0.387144 0.438421 0.879505
 ------------------------------------------------
Talla a la edad & desviaci?n 
 8 13.2811 15.8009 17.003 17.5766
 0.8 1.32811 1.58009 1.7003 1.75766
