years
 1991 1992 1993 1994 1995 1996 1997 1998 1999 2000 2001 2002 2003 2004 2005 2006 2007 2008 2009 2010 2011 2012 2013 2014 2015 2016 2017 2018 2019 2020 2021
reclasobs
 0 0 0 0 0 0 0 0 0 252601 567819 844713 477998 351125 339783 2.1784e+06 2.13404e+06 4.81314e+06 1.55562e+06 2.62356e+06 3.21686e+06 3.843e+06 1.13348e+06 3.07943e+06 1.97215e+06 2.03268e+06 2.025e+06 2.42433e+06 2.27542e+06 1.05018e+06 2.36338e+06
reclaspred
 3.20388e+06 1.75971e+06 891727 915659 927168 1.57024e+06 904393 781671 556567 383599 502818 677146 664745 494409 486497 1.23302e+06 1.05382e+06 3.01023e+06 2.46794e+06 1.89394e+06 3.18885e+06 2.606e+06 2.03976e+06 3.11598e+06 2.30799e+06 2.03828e+06 2.42439e+06 2.62502e+06 2.0955e+06 1.28258e+06 1.86494e+06
pelacesobs
 0 0 0 0 0 0 0 0 0 0 0 0 0 0 0 552880 188675 0 991730 2.46772e+06 1.41603e+06 1.21717e+06 2.29649e+06 1.80582e+06 0 1.4828e+06 1.56532e+06 1.57751e+06 1.42118e+06 867257 1.10002e+06
pelacespred
 1.8037e+06 1.08619e+06 538817 450231 493270 859512 443297 499841 329679 209831 293118 327044 355586 269745 274379 578682 507455 1.69252e+06 1.41648e+06 998735 1.6682e+06 1.45145e+06 1.16484e+06 1.94056e+06 1.39026e+06 1.23053e+06 1.65346e+06 1.76435e+06 1.18379e+06 809994 1.15739e+06
mphobs
 0 0 0 0 0 0 0 0 0 0 0 498337 0 5186 125008 0 168611 109162 213762 579715 649985 157893 87575 83554 0 0 0 0 0 0 0
mphpred
 494333 330981 160211 88732.2 97851.4 116212 157631 87325.5 78404 50165.9 31414.6 61198.3 65680.8 53966.9 33369.8 42016 136290 115585 305424 222340 249312 290878 281147 230210 317822 260776 213184 227128 325948 214336 124580
desembarqueobs
 494567 514787 250237 358949 120608 361735 552515 73892 212993 205616 52469 317467 293654 387597 252695 516296 358380 742168 942051 627588 828172 859565 418607 520667 417249 300574 415391 372974 316634 284311 391294
desembarquepred
 494572 513759 250727 358985 120614 361746 552550 73897.3 213054 205672 52471.9 317532 293694 387590 252675 516244 358438 742019 941763 627358 828283 859541 418597 520699 417238 300571 415388 372946 316615 284316 391299
Reclutas
 174421 96387.6 97037.4 151261 121972 219046 86940.2 37328.1 36262.7 48815.9 91233.7 130157 108739 75909.4 70609.5 352300 66766.6 632007 348930 296783 367985 536848 110372 300682 260948 115777 255151 291720 85576.1 62686.5 237038
log_desv_Rt
 0.193919 -0.399178 -0.392459 0.0514546 -0.163761 0.421727 -0.502334 -1.34781 -1.37676 -1.0795 -0.454131 -0.0988111 -0.278605 -0.638014 -0.710391 0.896928 -0.766353 1.48135 0.887317 0.725445 0.940488 1.31816 -0.263699 0.738499 0.596767 -0.215888 0.574301 0.70824 -0.518148 -0.82941 0.500664
SSB
 2.19162e+06 1.4674e+06 710295 393394 433824 515226 698859 387158 347604 222410 139277 271323 291196 239262 147945 186278 604241 512446 1.3541e+06 985744 1.10532e+06 1.28961e+06 1.24647e+06 1.02063e+06 1.40906e+06 1.15615e+06 945151 1.00697e+06 1.44509e+06 950258 552326
BT
 3.0704e+06 2.10105e+06 1.03601e+06 970514 828185 1.59997e+06 1.14705e+06 810561 702424 510658 486787 755042 799100 808032 668008 1.29805e+06 1.0323e+06 3.22866e+06 3.01023e+06 2.04198e+06 3.1745e+06 2.9661e+06 2.08702e+06 3.40848e+06 2.44733e+06 2.09311e+06 2.91284e+06 3.02891e+06 2.0031e+06 1.47246e+06 2.12618e+06
Ftot
 0.191878 0.353054 0.346014 0.522507 0.17361 0.321169 0.734885 0.124635 0.495877 0.686787 0.153827 0.628847 0.588835 1.01825 0.733145 0.623212 0.429307 0.367079 0.500611 0.442284 0.351866 0.446539 0.2603 0.23629 0.237397 0.191146 0.240467 0.203346 0.186197 0.276326 0.303774
BD_Bspro_t
 0.96987 0.791763 0.593849 0.495901 0.490889 0.582452 0.580361 0.391451 0.448662 0.389613 0.347705 0.595274 0.473994 0.379254 0.26514 0.313604 0.479668 0.429334 0.59591 0.487429 0.467527 0.504981 0.526373 0.515592 0.626451 0.635568 0.642002 0.68215 0.73784 0.656022 0.570061
BD_Bspro
 2.13713 1.43092 0.692633 0.383613 0.423037 0.502415 0.681482 0.377531 0.338961 0.21688 0.135814 0.264576 0.283955 0.233313 0.144266 0.181646 0.589217 0.499704 1.32043 0.961234 1.07784 1.25754 1.21547 0.995257 1.37403 1.1274 0.92165 0.981936 1.40916 0.92663 0.538593
BD_Bo
 1.40621 0.94153 0.455746 0.252413 0.278354 0.330584 0.448408 0.248412 0.223033 0.142705 0.089364 0.174088 0.18684 0.153518 0.0949257 0.119521 0.387699 0.3288 0.868829 0.632482 0.709208 0.827449 0.799769 0.654869 0.904096 0.74182 0.606436 0.646104 0.927213 0.609713 0.354389
BD_Brms
 2.55674 1.71187 0.828629 0.458933 0.506099 0.601062 0.815287 0.451657 0.405514 0.259464 0.16248 0.316524 0.339709 0.279123 0.172592 0.217312 0.704907 0.597818 1.57969 1.14997 1.28947 1.50445 1.45413 1.19067 1.64381 1.34876 1.10261 1.17473 1.68584 1.10857 0.644343
Sel_flota
 0.719028 0.979848 0.998919 0.999943 0.999997
 0.719028 0.979848 0.998919 0.999943 0.999997
 0.719028 0.979848 0.998919 0.999943 0.999997
 0.719028 0.979848 0.998919 0.999943 0.999997
 0.719028 0.979848 0.998919 0.999943 0.999997
 0.719028 0.979848 0.998919 0.999943 0.999997
 0.719028 0.979848 0.998919 0.999943 0.999997
 0.719028 0.979848 0.998919 0.999943 0.999997
 0.719028 0.979848 0.998919 0.999943 0.999997
 0.719028 0.979848 0.998919 0.999943 0.999997
 0.719028 0.979848 0.998919 0.999943 0.999997
 0.719028 0.979848 0.998919 0.999943 0.999997
 0.719028 0.979848 0.998919 0.999943 0.999997
 0.719028 0.979848 0.998919 0.999943 0.999997
 0.719028 0.979848 0.998919 0.999943 0.999997
 0.719028 0.979848 0.998919 0.999943 0.999997
 0.719028 0.979848 0.998919 0.999943 0.999997
 0.719028 0.979848 0.998919 0.999943 0.999997
 0.719028 0.979848 0.998919 0.999943 0.999997
 0.719028 0.979848 0.998919 0.999943 0.999997
 0.719028 0.979848 0.998919 0.999943 0.999997
 0.719028 0.979848 0.998919 0.999943 0.999997
 0.719028 0.979848 0.998919 0.999943 0.999997
 0.719028 0.979848 0.998919 0.999943 0.999997
 0.719028 0.979848 0.998919 0.999943 0.999997
 0.719028 0.979848 0.998919 0.999943 0.999997
 0.719028 0.979848 0.998919 0.999943 0.999997
 0.719028 0.979848 0.998919 0.999943 0.999997
 0.719028 0.979848 0.998919 0.999943 0.999997
 0.719028 0.979848 0.998919 0.999943 0.999997
 0.719028 0.979848 0.998919 0.999943 0.999997
Sel_reclas
 1 1 1 1 1
 1 1 1 1 1
 1 1 1 1 1
 1 1 1 1 1
 1 1 1 1 1
 1 1 1 1 1
 1 1 1 1 1
 1 1 1 1 1
 1 1 1 1 1
 1 1 1 1 1
 1 1 1 1 1
 1 1 1 1 1
 1 1 1 1 1
 1 1 1 1 1
 1 1 1 1 1
 1 1 1 1 1
 1 1 1 1 1
 1 1 1 1 1
 1 1 1 1 1
 1 1 1 1 1
 1 1 1 1 1
 1 1 1 1 1
 1 1 1 1 1
 1 1 1 1 1
 1 1 1 1 1
 1 1 1 1 1
 1 1 1 1 1
 1 1 1 1 1
 1 1 1 1 1
 1 1 1 1 1
 1 1 1 1 1
Sel_pelaces
 0.954279 1 1 1 1
 0.954279 1 1 1 1
 0.954279 1 1 1 1
 0.954279 1 1 1 1
 0.954279 1 1 1 1
 0.954279 1 1 1 1
 0.954279 1 1 1 1
 0.954279 1 1 1 1
 0.954279 1 1 1 1
 0.954279 1 1 1 1
 0.954279 1 1 1 1
 0.954279 1 1 1 1
 0.954279 1 1 1 1
 0.954279 1 1 1 1
 0.954279 1 1 1 1
 0.954279 1 1 1 1
 0.954279 1 1 1 1
 0.954279 1 1 1 1
 0.954279 1 1 1 1
 0.954279 1 1 1 1
 0.954279 1 1 1 1
 0.954279 1 1 1 1
 0.954279 1 1 1 1
 0.954279 1 1 1 1
 0.954279 1 1 1 1
 0.954279 1 1 1 1
 0.954279 1 1 1 1
 0.954279 1 1 1 1
 0.954279 1 1 1 1
 0.954279 1 1 1 1
 0.954279 1 1 1 1
pf_obs 
 0.8446 0.082 0.0669 0.0065 0
 0.8095 0.147 0.0364 0.0071 0
 0.9664 0.0169 0.016 0.0007 0
 0.9276 0.0648 0.0075 0.0001 0
 0.7033 0.2144 0.0806 0.0017 0
 0.9318 0.0425 0.0243 0.0014 0
 0.5671 0.3108 0.0964 0.0239 0.0018
 0.0768 0.2599 0.5324 0.112 0.0189
 0.490249 0.384438 0.106611 0.0170017 0.00170017
 0.7925 0.1577 0.0466 0.003 0.0002
 0.840416 0.127587 0.0312969 0.00059994 9.999e-05
 0.8084 0.0986 0.0794 0.0134 0.0002
 0.7335 0.1905 0.0724 0.0035 0.0001
 0.4001 0.4547 0.1325 0.0127 0
 0.49795 0.308269 0.164784 0.0264974 0.00249975
 0.9179 0.0499 0.0305 0.0017 0
 0.2467 0.6533 0.0926 0.0074 0
 0.9418 0.0223 0.034 0.0019 0
 0.707729 0.231977 0.0356964 0.0245975 0
 0.517169 0.277429 0.184464 0.0207286 0.00020938
 0.811772 0.124168 0.05621 0.00726502 0.000585176
 0.764997 0.148141 0.077277 0.00933861 0.000247198
 0.163321 0.427699 0.378323 0.0303852 0.000271297
 0.753843 0.0900009 0.118128 0.0371064 0.000921714
 0.721811 0.176058 0.0630433 0.0369309 0.00215725
 0.143369 0.312575 0.442814 0.0836902 0.0175525
 0.692698 0.0596174 0.167031 0.0765114 0.00414204
 0.394062 0.376323 0.152708 0.0712218 0.00568511
 0.125707 0.32114 0.495352 0.0537591 0.00404204
 0.23352 0.215282 0.420074 0.123614 0.00750983
 0.796117 0.104755 0.0508955 0.0450114 0.00322123
pf_pred 
 0.476181 0.135918 0.363891 0.0240092 8.62692e-07
 0.423722 0.322908 0.0667532 0.175078 0.0115392
 0.579051 0.215866 0.116094 0.0234658 0.0655226
 0.735977 0.17516 0.0460803 0.0242316 0.0185509
 0.657183 0.275496 0.0450388 0.0115616 0.0107198
 0.75284 0.179433 0.0546476 0.00875393 0.0043259
 0.465205 0.434474 0.0732768 0.0218261 0.00521776
 0.455817 0.309619 0.191542 0.0314368 0.0115852
 0.544248 0.2443 0.121346 0.0735937 0.0165121
 0.72324 0.176366 0.054437 0.0263883 0.019569
 0.832081 0.134006 0.0218243 0.00655934 0.00552955
 0.746839 0.220876 0.0258711 0.004129 0.00228461
 0.693467 0.249775 0.0496849 0.00567007 0.00140366
 0.642905 0.275277 0.0669838 0.012987 0.00184642
 0.754769 0.182238 0.0489087 0.0115345 0.00255
 0.936622 0.052247 0.00832996 0.00217517 0.000625472
 0.371582 0.601129 0.0225992 0.00351098 0.00117879
 0.924599 0.0346321 0.0390378 0.00143362 0.000297127
 0.58797 0.389936 0.0102729 0.0113197 0.000501247
 0.631887 0.248458 0.113389 0.0029154 0.00335036
 0.715425 0.202977 0.0554959 0.0247364 0.00136514
 0.75409 0.192305 0.0384846 0.0102878 0.00483288
 0.321588 0.553549 0.0981514 0.0191841 0.00752783
 0.728246 0.108417 0.133801 0.0232238 0.00631307
 0.624421 0.296857 0.0318083 0.0384379 0.00847563
 0.42809 0.399649 0.136771 0.0143498 0.0211403
 0.724949 0.140156 0.094851 0.0318012 0.00824265
 0.685612 0.247526 0.0344285 0.0228134 0.00962032
 0.341758 0.494763 0.129288 0.0176153 0.0165761
 0.418411 0.243359 0.255529 0.0654195 0.0172814
 0.827377 0.0871365 0.036226 0.0372265 0.0120342
pobs_RECLAS
 0 0 0 0 0
 0 0 0 0 0
 0 0 0 0 0
 0 0 0 0 0
 0 0 0 0 0
 0 0 0 0 0
 0 0 0 0 0
 0 0 0 0 0
 0 0 0 0 0
 0 0 0 0 0
 0.991045 0.00858322 0.000360255 1.14367e-05 0
 0.934742 0.0480273 0.0164251 0.00080598 0
 0.827803 0.169806 0.00239088 0 0
 0.941827 0.0461693 0.0120037 0 0
 0.791401 0.0380133 0.147996 0.0225897 0
 0.846168 0.0940531 0.0597789 0 0
 0.134021 0.677848 0.182769 0.00536245 0
 0.80878 0.0450904 0.141981 0.00414843 0
 0.846168 0.0940531 0.0597789 0 0
 0.905697 0.0802665 0.012482 0.00150086 5.37128e-05
 0.989698 0.0102097 9.19794e-05 0 0
 0.975433 0.0193895 0.00387452 0.00125025 5.28907e-05
 0.303575 0.632131 0.0575291 0.00676475 0
 0.966965 0.00978017 0.0227588 0.000495775 0
 0.843318 0.132988 0.00938335 0.0141283 0.000182051
 0.564624 0.303363 0.111486 0.0197234 0.00080311
 0.826376 0.0876187 0.0782897 0.00655872 0.00115652
 0.89761 0.0855135 0.0140674 0.00269457 0.000114338
 0.34875 0.467042 0.161289 0.0227151 0.000203297
 0.318654 0.224769 0.449479 0.00709798 0
 0.937255 0.0296025 0.0250945 0.00804832 0
ppred_RECLAS
 0.558096 0.116343 0.305429 0.0201309 7.23298e-07
 0.505194 0.279788 0.0566933 0.148535 0.00978926
 0.656507 0.177902 0.093783 0.018936 0.0528712
 0.79536 0.136722 0.0352386 0.0185102 0.01417
 0.724798 0.222021 0.0355922 0.00912714 0.00846214
 0.808058 0.140111 0.0418297 0.00669355 0.00330755
 0.549576 0.367397 0.060664 0.0180489 0.00431452
 0.535857 0.266317 0.161573 0.0264907 0.00976191
 0.625137 0.202886 0.0987389 0.0598181 0.0134205
 0.785928 0.137481 0.0415518 0.0201197 0.0149195
 0.871875 0.102658 0.0163952 0.0049225 0.00414946
 0.804423 0.17109 0.0196266 0.00312892 0.00173116
 0.759184 0.196978 0.0383799 0.00437511 0.00108302
 0.719436 0.217391 0.0517304 0.0100177 0.00142418
 0.812138 0.140371 0.0368825 0.00868848 0.0019207
 0.953748 0.0382696 0.00597582 0.00155871 0.000448184
 0.449496 0.52706 0.0194181 0.00301352 0.00101171
 0.944644 0.0257017 0.0283963 0.00104171 0.000215889
 0.664006 0.318332 0.00821694 0.00904438 0.000400472
 0.704579 0.200706 0.0897603 0.00230538 0.00264917
 0.776752 0.16016 0.0429219 0.0191114 0.00105465
 0.809609 0.149552 0.0293284 0.00783169 0.00367887
 0.39494 0.495504 0.0861382 0.0168184 0.00659916
 0.788046 0.0855739 0.103547 0.0179537 0.00488021
 0.695962 0.241331 0.0253535 0.0306056 0.00674821
 0.507627 0.346118 0.116149 0.0121734 0.0179331
 0.78492 0.110675 0.0734354 0.0245952 0.00637457
 0.749979 0.197687 0.0269612 0.0178466 0.00752546
 0.41666 0.440613 0.112901 0.0153665 0.0144592
 0.499765 0.211766 0.217992 0.0557507 0.0147264
 0.869307 0.0666411 0.0271597 0.0278803 0.00901236
pobs_PELACES
 0 0 0 0 0
 0 0 0 0 0
 0 0 0 0 0
 0 0 0 0 0
 0 0 0 0 0
 0 0 0 0 0
 0 0 0 0 0
 0 0 0 0 0
 0 0 0 0 0
 0 0 0 0 0
 0 0 0 0 0
 0 0 0 0 0
 0 0 0 0 0
 0 0 0 0 0
 0 0 0 0 0
 0 0 0 0 0
 0.505614 0.472636 0.0217494 0 0
 0 0 0 0 0
 0.443492 0.261883 0.143347 0.151278 0
 0.227955 0.32914 0.350689 0.0885471 0.00366901
 0.970185 0.0296113 0.000203453 0 0
 0.997202 0.00247181 0.000326279 0 0
 0.445219 0.490057 0.0546422 0.010081 0
 0.90214 0.0892962 0.00764917 0.000914606 0
 0 0 0 0 0
 0.581667 0.319106 0.0959925 0.00289975 0.000334073
 0.762889 0.0836404 0.116647 0.0363945 0.000428098
 0.88444 0.0763242 0.0277011 0.0115352 0
 0.521256 0.241999 0.230069 0.00667565 0
 0.616807 0.101726 0.260614 0.0208532 0
 0.833518 0.0704572 0.0857862 0.0102388 0
ppred_PELACES
 0.550836 0.11836 0.310349 0.0204539 7.349e-07
 0.501342 0.282249 0.0570651 0.149491 0.00985221
 0.652903 0.179962 0.0946626 0.0191113 0.0533605
 0.795244 0.136952 0.0351821 0.0184773 0.0141446
 0.718442 0.227197 0.0363824 0.0093292 0.00864945
 0.805156 0.142308 0.0423999 0.00678405 0.00335224
 0.553858 0.364218 0.0598616 0.0178058 0.00425634
 0.526959 0.271514 0.164597 0.0269854 0.00994417
 0.624514 0.20352 0.0987391 0.0598082 0.0134182
 0.788257 0.136201 0.0409874 0.0198418 0.0147132
 0.868102 0.105702 0.016865 0.0050633 0.00426813
 0.805651 0.170101 0.0194361 0.00309788 0.00171396
 0.760017 0.19643 0.0381316 0.00434594 0.00107579
 0.727894 0.211145 0.049923 0.00966437 0.00137392
 0.81479 0.138552 0.036237 0.00853431 0.00188659
 0.954079 0.0380219 0.0059139 0.00154224 0.000443441
 0.447089 0.529426 0.0194526 0.00301844 0.00101336
 0.94391 0.0260752 0.0287424 0.00105428 0.000218492
 0.663216 0.319135 0.00821177 0.00903715 0.000400149
 0.702945 0.201997 0.0900864 0.00231341 0.00265838
 0.773986 0.162248 0.0433851 0.0193154 0.0010659
 0.808411 0.150585 0.0294481 0.00786247 0.0036933
 0.389197 0.500357 0.0868395 0.0169538 0.00665227
 0.783744 0.0873889 0.105586 0.0183058 0.00497589
 0.690422 0.245806 0.0257851 0.0311241 0.00686252
 0.500131 0.351514 0.117818 0.0123476 0.0181895
 0.780609 0.112977 0.0748501 0.025067 0.00649681
 0.744498 0.202077 0.0275247 0.0182183 0.00768216
 0.409271 0.446324 0.114231 0.0155465 0.0146285
 0.494265 0.214312 0.22023 0.0563176 0.0148761
 0.867053 0.0678554 0.0276018 0.0283312 0.00915807
pobs_pel_tallas
 0 0 0 0 0 0 0 0 0 0 0 0 0 0 0 0 0 0 0 0 0 0 0 0 0 0
 0 0 0 0 0 0 0 0 0 0 0 0 0 0 0 0 0 0 0 0 0 0 0 0 0 0
 0 0 0 0 0 0 0 0 0 0 0 0 0 0 0 0 0 0 0 0 0 0 0 0 0 0
 0 0 0 0 0 0 0 0 0 0 0 0 0 0 0 0 0 0 0 0 0 0 0 0 0 0
 0 0 0 0 0 0 0 0 0 0 0 0 0 0 0 0 0 0 0 0 0 0 0 0 0 0
 0 0 0 0 0 0 0 0 0 0 0 0 0 0 0 0 0 0 0 0 0 0 0 0 0 0
 0 0 0 0 0 0 0 0 0 0 0 0 0 0 0 0 0 0 0 0 0 0 0 0 0 0
 0 0 0 0 0 0 0 0 0 0 0 0 0 0 0 0 0 0 0 0 0 0 0 0 0 0
 0 0 0 0 0 0 0 0 0 0 0 0 0 0 0 0 0 0 0 0 0 0 0 0 0 0
 0 0 0 0 0 0 0 0 0 0 0 0 0 0 0 0 0 0 0 0 0 0 0 0 0 0
 0 0 0 0 0 0 0 0 0 0 0 0 0 0 0 0 0 0 0 0 0 0 0 0 0 0
 0 0 0 0 0 0 0 0 0 0 0 0 0 0 0 0 0 0 0 0 0 0 0 0 0 0
 0.00862536 0 0 0.000197151 0.00414017 0.0128641 0.00837892 0.0270097 0.101434 0.158115 0.152841 0.127902 0.109271 0.109419 0.0830992 0.0579132 0.0238553 0.00714673 0.00463305 0.00128148 0.00103504 0.000492878 0.000147863 0.000147863 4.92878e-05 0
 0 0 0 0 0 0 0 0 0 0 0 0 0 0 0 0 0 0 0 0 0 0 0 0 0 0
 0 0 0 0 0 0 0 0.0054083 0.00873648 0.0413646 0.0450493 0.0745869 0.0622846 0.0627006 0.0613931 0.0827291 0.12552 0.122667 0.0946155 0.0697135 0.0546179 0.0294188 0.0215738 0.0213955 0.0102223 0.00600262
 0 0 0 0 0.00359764 0.0251062 0.0480494 0.140153 0.205849 0.193036 0.1447 0.116669 0.0760912 0.0342217 0.00950174 0.001854 0.000860785 0 0 0 0.000165536 0 0.000143464 0 0 0
 0 0 0 0 0 0 0 0.000145254 0.000435761 0.0275982 0.070085 0.0708112 0.156366 0.174668 0.174014 0.160142 0.0824315 0.0480064 0.0283245 0.00493863 0.00203355 0 0 0 0 0
 0 0 0 0 0 0 0 0 0 0 0 0 0 0 0 0 0 0 0 0 0 0 0 0 0 0
 0 0 1.00437e-05 0.000401748 0.00122533 0.00171747 0.00176769 0.0269171 0.070346 0.194647 0.189555 0.159765 0.064822 0.0314167 0.0384472 0.0292271 0.0345202 0.0313363 0.0194345 0.0106764 0.0143323 0.0359363 0.0279516 0.0138201 0.00172751 0
 0 0.0021121 0.0136068 0.0755702 0.200478 0.177729 0.0527432 0.0373336 0.0318909 0.0142505 0.0149659 0.0166563 0.0217959 0.0798694 0.0677717 0.0528807 0.04013 0.0224614 0.0357745 0.0225083 0.00881397 0.00855152 0.00135912 0.000746735 0 0
 0 0 0 0 5.4009e-05 0.00500934 0.000945158 0.0243581 0.138947 0.33067 0.221406 0.137944 0.0707744 0.0437923 0.0131692 0.00525238 0.0047753 0.00276346 9.45158e-05 9.00151e-06 2.25038e-05 9.00151e-06 4.50075e-06 0 0 0
 0.000866109 0.00284123 0.00948549 0.0512746 0.133035 0.25785 0.225252 0.132002 0.0553304 0.0519788 0.0540692 0.017754 0.00435017 0.00159236 0.00146478 0.000404838 0.000125132 0.000115318 0.000107957 0.000100596 0 0 0 0 0 0
 0 0 0 0 0.00144013 0.00171154 0.00461396 0.0210425 0.0478622 0.0707936 0.0888783 0.103762 0.0637923 0.0337046 0.0602308 0.124433 0.169614 0.0934646 0.0462172 0.0250306 0.0313229 0.00938855 0.002487 0.000210481 0 0
 0 0.00764035 0.051015 0.0998891 0.058973 0.0496711 0.0374665 0.0718981 0.12319 0.153886 0.159021 0.0857701 0.0377988 0.023471 0.0147837 0.00900784 0.00315554 0.000888139 0.00291439 0.00214683 0.00393193 0.00274676 0.000635225 9.99891e-05 0 0
 0 0 0 0 0 0 0 0 0 0 0 0 0 0 0 0 0 0 0 0 0 0 0 0 0 0
 0 0 0 0 0 0 0 0 0 0 0 0 0 0 0 0 0 0 0 0 0 0 0 0 0 0
 0 0 0 0 0 0 0 0 0 0 0 0 0 0 0 0 0 0 0 0 0 0 0 0 0 0
 0 0 0 0 0 0 0 0 0 0 0 0 0 0 0 0 0 0 0 0 0 0 0 0 0 0
 0 0 0 0 0 0 0 0 0 0 0 0 0 0 0 0 0 0 0 0 0 0 0 0 0 0
 0 0 0 0 0 0 0 0 0 0 0 0 0 0 0 0 0 0 0 0 0 0 0 0 0 0
 0 0 0 0 0 0 0 0 0 0 0 0 0 0 0 0 0 0 0 0 0 0 0 0 0 0
ppred_pel_tallas
 1.11038e-16 4.53716e-05 0.000441028 0.00293079 0.0133229 0.0414527 0.0883198 0.128908 0.12892 0.088378 0.0416494 0.013897 0.00439384 0.00370758 0.00646173 0.0111639 0.0173624 0.024502 0.0319467 0.0392435 0.046106 0.0520583 0.0561414 0.0571189 0.0541451 0.0473842
 1.18379e-16 4.1295e-05 0.000401402 0.00266746 0.0121259 0.0377283 0.0803851 0.11733 0.117357 0.0805185 0.0381763 0.013421 0.00592293 0.00752402 0.0136178 0.0225852 0.0328773 0.0421335 0.0480421 0.0497089 0.0482458 0.045979 0.0448718 0.0453828 0.0464703 0.0464856
 1.13725e-16 5.37788e-05 0.000522749 0.00347385 0.0157916 0.0491337 0.104685 0.152795 0.152812 0.104771 0.0494209 0.0166226 0.00556578 0.00510997 0.00882685 0.01467 0.0215155 0.0278908 0.0323429 0.0342517 0.0341816 0.0334037 0.0329781 0.0331317 0.033317 0.0327321
 1.05298e-16 6.55032e-05 0.000636715 0.00423119 0.0192344 0.0598454 0.127508 0.186104 0.186117 0.127572 0.0600627 0.0198623 0.00580895 0.0040866 0.00663439 0.0109099 0.0158202 0.0201356 0.0226578 0.0228602 0.0211995 0.0187801 0.016643 0.0152361 0.0143812 0.0136076
 1.03508e-16 5.91771e-05 0.000575223 0.00382256 0.0173768 0.0540658 0.115194 0.168133 0.168155 0.115301 0.0544253 0.0184151 0.00642937 0.00626742 0.0108742 0.0178958 0.0258035 0.0325132 0.0359433 0.0351398 0.0308402 0.0249585 0.0194221 0.0152655 0.0125074 0.0106166
 1.02508e-16 6.63197e-05 0.000644651 0.00428393 0.0194741 0.0605914 0.129097 0.188423 0.188437 0.129164 0.0608171 0.0201267 0.0059237 0.00422996 0.00689214 0.0113326 0.0164201 0.0208603 0.0233746 0.0233642 0.0212413 0.0181024 0.0150229 0.0125373 0.0106122 0.00896064
 1.04327e-16 4.56207e-05 0.000443449 0.00294688 0.0133961 0.0416804 0.0888058 0.129622 0.129657 0.0889774 0.0422567 0.0150607 0.00712612 0.00956931 0.0173848 0.0286881 0.0413687 0.0521216 0.0576038 0.0562708 0.0492817 0.0396799 0.0305379 0.023519 0.01869 0.0152659
 1.09209e-16 4.3405e-05 0.000421912 0.00280375 0.0127455 0.0396561 0.0844924 0.123325 0.123351 0.0846213 0.0400896 0.0140004 0.00596365 0.0073525 0.0133013 0.0221705 0.0325158 0.0421079 0.0486672 0.0510953 0.0500138 0.0471013 0.043821 0.0406152 0.0370707 0.0326539
 1.11171e-16 5.14405e-05 0.00050002 0.00332281 0.015105 0.0469974 0.100134 0.146152 0.146172 0.10023 0.0473219 0.0160441 0.00568661 0.00568213 0.0099584 0.0165553 0.0242573 0.0313924 0.0362982 0.0382469 0.037842 0.0364794 0.035317 0.0345939 0.0337283 0.0319316
 1.05698e-16 6.49277e-05 0.00063112 0.00419402 0.0190654 0.0593196 0.126387 0.184469 0.184482 0.126452 0.0595359 0.0196906 0.00576543 0.00406874 0.00661517 0.0108913 0.015822 0.0201983 0.0228407 0.0232308 0.0218126 0.0196555 0.0177515 0.0165009 0.0156955 0.0148612
 1.01744e-16 7.15044e-05 0.000695048 0.00461884 0.0209966 0.0653282 0.139189 0.203153 0.203163 0.139239 0.0654955 0.0214797 0.0058317 0.00334348 0.00510365 0.0083304 0.0120085 0.0151343 0.0167383 0.0163787 0.0144006 0.0116951 0.00915757 0.00726489 0.00601895 0.00516496
 1.01206e-16 6.63605e-05 0.000645047 0.00428657 0.0194861 0.0606286 0.129176 0.18854 0.188556 0.129256 0.0608975 0.0202625 0.00623487 0.00489687 0.00813741 0.0133373 0.0191816 0.0240684 0.0264107 0.025475 0.0218134 0.0168891 0.0122068 0.00862269 0.0062315 0.00469238
 1.01769e-16 6.26016e-05 0.00060851 0.00404377 0.0183824 0.0571945 0.12186 0.177862 0.177881 0.121952 0.0575054 0.0192806 0.00629924 0.00553453 0.00942464 0.0154988 0.0223592 0.0281954 0.0311991 0.0305235 0.0267684 0.0215432 0.0164797 0.0124738 0.0095934 0.00747509
 1.02697e-16 5.99557e-05 0.000582791 0.00387285 0.0176054 0.0547771 0.116709 0.170345 0.170365 0.116809 0.0551117 0.0185721 0.00630095 0.00588841 0.0101511 0.0167254 0.0241773 0.0305895 0.0340412 0.0336341 0.0300007 0.0248267 0.0197944 0.0157864 0.012813 0.0104609
 1.02257e-16 6.71132e-05 0.000652364 0.00433519 0.0197072 0.0613164 0.130641 0.190678 0.190691 0.130707 0.061536 0.020342 0.00592999 0.00413822 0.00670029 0.0110045 0.0159249 0.0201914 0.0225528 0.0224268 0.0202261 0.0170413 0.0139479 0.0114895 0.00964086 0.00811194
 1.00411e-16 7.85862e-05 0.000763886 0.00507629 0.0230761 0.0717983 0.152974 0.223271 0.223274 0.152992 0.0718584 0.0232498 0.00551243 0.00171613 0.00188754 0.0029973 0.00431289 0.00542928 0.00599192 0.00583867 0.00509078 0.00406763 0.00309298 0.00234419 0.0018315 0.0014747
 1.01171e-16 3.68262e-05 0.000357964 0.0023788 0.0108137 0.0336458 0.0716877 0.104641 0.104692 0.0719366 0.034481 0.0132251 0.00842727 0.0135469 0.0250413 0.0412248 0.0591116 0.0737636 0.0801726 0.0760285 0.0631249 0.0462142 0.0302672 0.0182387 0.0106093 0.00633273
 1.00979e-16 7.77486e-05 0.000755744 0.00502218 0.0228301 0.071033 0.151343 0.220891 0.220893 0.151356 0.071075 0.022952 0.00533007 0.00143397 0.00138367 0.00221074 0.00328444 0.00435242 0.00520618 0.00573606 0.00596697 0.00599358 0.005875 0.00558886 0.00507774 0.00433119
 1.01293e-16 5.46283e-05 0.000531006 0.00352872 0.0160411 0.0499099 0.10634 0.155212 0.155243 0.10649 0.0504134 0.0174945 0.00717412 0.00847968 0.0151235 0.024845 0.03562 0.0444488 0.0483186 0.0458512 0.0381473 0.0280895 0.018679 0.0116781 0.00733302 0.00495516
 1.03334e-16 5.79007e-05 0.000562816 0.00374011 0.017002 0.0528996 0.112709 0.164506 0.164526 0.112805 0.053221 0.0179314 0.00607751 0.00568003 0.00981908 0.0162518 0.023661 0.0302808 0.034325 0.0349259 0.032581 0.0286918 0.0246064 0.0209555 0.0176813 0.0145025
 1.03411e-16 6.37522e-05 0.000619694 0.00411809 0.0187202 0.0582457 0.124099 0.18113 0.181145 0.124176 0.058503 0.019464 0.00598678 0.00470514 0.00784075 0.012909 0.0187024 0.0237584 0.0266294 0.0266506 0.0243159 0.0208959 0.01762 0.0150714 0.0131552 0.0114746
 1.02302e-16 6.65878e-05 0.000647257 0.00430125 0.0195529 0.0608363 0.129619 0.189185 0.1892 0.12969 0.0610747 0.0202417 0.00603098 0.00442559 0.00724922 0.0118972 0.0171748 0.0216886 0.0240647 0.0236701 0.0209788 0.0172288 0.0136582 0.0109185 0.00900864 0.00759157
 1.0546e-16 3.20578e-05 0.000311613 0.00207078 0.0094135 0.0292891 0.0624054 0.0910926 0.0911409 0.0626412 0.0300809 0.0117007 0.00781315 0.0128513 0.0238589 0.0394235 0.0568588 0.0716484 0.0791956 0.077365 0.0677279 0.0544431 0.0417201 0.0318563 0.0249825 0.0200767
 1.05748e-16 6.45559e-05 0.000627507 0.00417 0.0189562 0.0589799 0.125663 0.183411 0.18342 0.125705 0.0591213 0.0193664 0.00520677 0.00291492 0.00447961 0.00748877 0.0112145 0.0150083 0.0182317 0.0205592 0.0220874 0.0230957 0.0236833 0.0236266 0.0225699 0.0203482
 1.0509e-16 5.68692e-05 0.000552789 0.00367348 0.0166991 0.0519573 0.110701 0.161577 0.1616 0.110817 0.0523459 0.0178215 0.00649079 0.00670291 0.0117373 0.0193165 0.0278309 0.0350325 0.0386842 0.0377919 0.0332137 0.0270856 0.0215287 0.0176333 0.0153131 0.0138362
 1.07807e-16 4.11952e-05 0.000400432 0.00266101 0.0120966 0.0376372 0.0801913 0.117049 0.117083 0.0803574 0.0381953 0.01371 0.0067162 0.0092703 0.0169377 0.0280694 0.0407423 0.0518859 0.0583767 0.0587502 0.0540113 0.0468205 0.0397587 0.0340636 0.029587 0.0255887
 1.05803e-16 6.42977e-05 0.000624997 0.00415332 0.0188804 0.058744 0.125161 0.182678 0.182689 0.125215 0.0589248 0.0194037 0.00547184 0.00351965 0.00560996 0.00929944 0.0136887 0.0178455 0.0208574 0.0223025 0.0224529 0.0219804 0.0214165 0.0208243 0.0198958 0.018297
 1.03974e-16 6.13234e-05 0.000596085 0.00396119 0.018007 0.0560266 0.119371 0.17423 0.17425 0.119467 0.0563463 0.0189303 0.00627898 0.0056568 0.00967567 0.015908 0.0229344 0.0288989 0.0319607 0.0312919 0.027576 0.0225405 0.0179061 0.0145666 0.0124766 0.0110821
 1.07446e-16 3.37112e-05 0.000327685 0.00217758 0.009899 0.0307997 0.0656236 0.0957886 0.0958317 0.0658342 0.0315072 0.0119435 0.00731345 0.0115523 0.0213895 0.0354075 0.0512352 0.064916 0.0724186 0.0718615 0.0645822 0.0541216 0.0439903 0.0359937 0.0300923 0.0253595
 1.14576e-16 4.0712e-05 0.000395735 0.0026298 0.0119547 0.0371956 0.0792499 0.115672 0.115693 0.0793526 0.0375411 0.0129565 0.00515978 0.00596954 0.010776 0.0181431 0.0270531 0.035958 0.0432675 0.0482115 0.0511431 0.0529482 0.054096 0.0541931 0.0523662 0.0480334
 1.05205e-16 7.14181e-05 0.000694209 0.00461326 0.0209712 0.0652493 0.139021 0.202906 0.202913 0.139053 0.0653574 0.021284 0.00540052 0.00241972 0.00336937 0.00551365 0.00807285 0.0104525 0.0121108 0.0128329 0.0128579 0.0126871 0.0127202 0.0130072 0.0132746 0.0131468
pSPR Fmed_Fpbrs
0.551436   0.6 0.325
Fs Fmed_Fpbrs
0.348794   0.294504 0.726397
SSBpbr Bo_Bmed_Bpbrs
1.55853e+06  781505  857193 428596
Ro
143675
SPR SPRFo_SPRFmed_SPRFpbrs
1.0255e+06 565497 333287
Fref
0.294504
Nvult_r0
 166947 13741.1 5628.66 5779.58 1868.29
CTP_r0
 29927.9 3151.91 1310.37 1346.56 435.302
YTP_r0
391299
Np
 191106 56887.1 19321.7 1415.7 732.731
Nvult_p0
 134218 41205.4 14025.2 1027.74 531.938
CTP_p0
 23455 11369.6 852.152 346.605 452.355
 23455 9227.76 3188.12 233.804 121.018
YTP_p0
 399033 404979
CBA_c0
400816
log_Ro
11.6953
likeval ReclasPelacesDesembMPH_pf_preclas_ppelaces_ptallas_desvR_qrecl_qpela
 14.5376 20.3281 0.0420727 0.000820136 240.778 117.673 100.126 0 24.2657 2.19835e-06 1.03222e-05 0.21144 1.0453e-15 0 0
q_reclas_q_pelaces
1.2338 1.57947
M
1
N
 174421 37282 98053.4 6463.36 0.232228
 96387.6 55896.9 11364.5 29780.1 1962.69
 97037.4 27509.2 14549.7 2938.29 8204.08
 151261 27835.2 7210.08 3788.34 2900.1
 121972 38218.2 6136.93 1573.87 1459.21
 219046 39605.3 11860.3 1898.19 937.98
 86940.2 63966 10636.2 3165.72 756.767
 37328.1 18855.7 11453.3 1877.94 692.03
 36262.7 12555.1 6139.2 3720.2 834.657
 48815.9 9339.38 2841.25 1376.24 1020.55
 91233.7 10959.8 1752.94 526.345 443.688
 130157 30048.7 3467.76 553.017 305.976
 108739 30465.2 5969.38 680.684 168.5
 75909.4 26194.8 6294.13 1219.51 173.377
 70609.5 13428.6 3553.14 837.334 185.107
 352300 15333.1 2408.54 628.436 180.7
 66766.6 82795.6 3062.89 475.438 159.618
 632007 18038.7 19999.8 733.826 152.083
 348930 178566 4631.3 5098.97 225.778
 296783 89560.9 40222.9 1033.31 1187.42
 367985 79438.7 21360.6 9512.73 524.958
 536848 105114 20701.6 5529.3 2597.37
 110372 143257 24965.7 4875.17 1912.92
 300682 33672.9 40836.9 7081.48 1924.91
 260948 93331.2 9827.3 11864.5 2616.02
 115777 80933.4 27208.8 2852.01 4201.41
 255151 37122.7 24688.4 8269.73 2143.35
 291720 78960.9 10789.9 7142.95 3012.01
 85576.1 92719.9 23800.5 3239.7 3048.42
 62686.5 27536.9 28421.3 7269.66 1920.28
 237038 18905.6 7727.37 7933.64 2564.58
pred_Ctot
 14369.8 4101.62 10981.2 724.531 0.0260336
 13945.1 10627.2 2196.92 5761.99 379.768
 13787 5139.68 2764.15 558.71 1560.06
 30871.6 7347.35 1932.91 1016.43 778.145
 9140.85 3831.92 626.451 160.812 149.103
 29093.9 6934.27 2111.89 338.3 167.177
 23538.3 21983.4 3707.64 1104.35 264.007
 2037.46 1383.97 856.176 140.52 51.7848
 7076.42 3176.44 1577.76 956.879 214.693
 12514.3 3051.66 941.926 456.598 338.603
 6093.47 981.345 159.823 48.0352 40.4938
 31041.1 9180.34 1075.29 171.615 94.9561
 24552.9 8843.52 1759.14 200.754 49.6979
 26409.6 11308 2751.59 533.485 75.8483
 19080.7 4606.99 1236.42 291.594 64.4643
 83396.3 4652.04 741.695 193.676 55.6917
 11493.6 18593.8 699.029 108.6 36.4617
 94688.9 3546.7 3997.89 146.819 30.429
 68650.1 45528 1199.44 1321.66 58.5245
 52441.5 20620 9410.39 241.955 278.052
 53078.1 15059.1 4117.3 1835.22 101.281
 95658.4 24394.4 4881.87 1305.04 613.064
 12092 20814 3690.59 721.343 283.054
 30112.7 4482.99 5532.61 960.293 261.043
 26247.3 12478.3 1337.05 1615.72 356.27
 9503.99 8872.57 3036.44 318.579 469.334
 25973 5021.41 3398.25 1139.35 295.312
 25384.7 9164.61 1274.71 844.66 356.191
 6852.87 9920.9 2592.46 353.218 332.381
 7256.82 4220.76 4431.84 1134.62 299.724
 29927.9 3151.91 1310.37 1346.56 435.302
F
 0.137966 0.188012 0.191671 0.191867 0.191878
 0.253856 0.34594 0.352673 0.353034 0.353053
 0.248794 0.339041 0.34564 0.345994 0.346013
 0.375697 0.511977 0.521942 0.522477 0.522505
 0.12483 0.170111 0.173422 0.1736 0.173609
 0.230929 0.314696 0.320821 0.32115 0.321168
 0.528403 0.720075 0.73409 0.734843 0.734882
 0.0896159 0.122123 0.1245 0.124628 0.124634
 0.35655 0.485884 0.495341 0.495849 0.495876
 0.493819 0.672946 0.686044 0.686747 0.686784
 0.110606 0.150727 0.153661 0.153819 0.153827
 0.452159 0.616174 0.628167 0.628811 0.628845
 0.423389 0.576968 0.588198 0.588801 0.588833
 0.732151 0.99773 1.01715 1.01819 1.01825
 0.527152 0.71837 0.732352 0.733103 0.733143
 0.448107 0.610653 0.622538 0.623176 0.62321
 0.308684 0.420656 0.428843 0.429283 0.429306
 0.26394 0.359681 0.366682 0.367058 0.367078
 0.359954 0.490523 0.50007 0.500583 0.50061
 0.318015 0.433371 0.441806 0.442259 0.442283
 0.253002 0.344775 0.351486 0.351846 0.351865
 0.321074 0.43754 0.446056 0.446513 0.446537
 0.187163 0.255054 0.260018 0.260285 0.260299
 0.169899 0.231528 0.236035 0.236277 0.236289
 0.170695 0.232613 0.23714 0.237383 0.237396
 0.137439 0.187294 0.190939 0.191135 0.191145
 0.172903 0.235621 0.240207 0.240453 0.240466
 0.146212 0.199249 0.203127 0.203335 0.203346
 0.133881 0.182444 0.185995 0.186186 0.186196
 0.198686 0.270757 0.276027 0.27631 0.276325
 0.218422 0.297652 0.303446 0.303757 0.303773
YTP_r0W_actual
 248402 44441.9 36166.1 46052.3 16236.8
YTP_p0W_proyectada
 175678 178162 19710.3 10179.8 15303.2
 175678 144599 73741.1 6866.84 4094.02
CTP_r0_actual
 29927.9 3151.91 1310.37 1346.56 435.302
CTP_p0_proyectada
 23455 11369.6 852.152 346.605 452.355
 23455 9227.76 3188.12 233.804 121.018
Wmedp
 7.49 15.67 23.13 29.37 33.83
Frms_r0
 0.218422 0.297652 0.303446 0.303757 0.303773
Zrms_r0
 1.21842 1.29765 1.30345 1.30376 1.30377
nmprior
 8.19 8.8 8.5 0
nm_flota  nm_reclas  nm_pelaces    nm_pelaL
inf 13.1368 18.8834 45.5936
cv_recla  cv_pelaces  cv_mph
0.344883 0.426029 0.883788
 ------------------------------------------------
Talla a la edad & desviaci?n 
 8 13.2811 15.8009 17.003 17.5766
 0.8 1.32811 1.58009 1.7003 1.75766
