years
 1991 1992 1993 1994 1995 1996 1997 1998 1999 2000 2001 2002 2003 2004 2005 2006 2007 2008 2009 2010 2011 2012 2013 2014 2015 2016 2017 2018 2019 2020 2021
reclasobs
 0 0 0 0 0 0 0 0 0 252601 567819 844713 477998 351125 339783 2.1784e+06 2.13404e+06 4.81314e+06 1.55562e+06 2.62356e+06 3.21686e+06 3.843e+06 1.13348e+06 3.07943e+06 1.97215e+06 2.03268e+06 2.025e+06 2.42433e+06 2.27542e+06 1.05018e+06 2.36338e+06
reclaspred
 8.7115e+06 2.49454e+06 1.34895e+06 987309 131315 1.06738e+07 8.7779e+06 5.31731e+06 2.38884e+06 214871 332743 921664 723988 600566 390083 1.97219e+06 717956 4.86929e+06 2.49205e+06 2.45346e+06 2.85779e+06 3.5385e+06 1.73195e+06 3.34211e+06 2.62396e+06 1.54337e+06 2.10669e+06 3.94232e+06 3.07501e+06 723065 1.46725e+06
pelacesobs
 0 0 0 0 0 0 0 0 0 0 0 0 0 0 0 552880 188675 0 991730 2.46772e+06 1.41603e+06 1.21717e+06 2.29649e+06 1.80582e+06 0 1.4828e+06 1.56532e+06 1.57751e+06 1.42118e+06 867257 1.10002e+06
pelacespred
 9.39051e+06 2.59728e+06 834306 434436 51498.3 6.39364e+06 7.60734e+06 6.19987e+06 2.80228e+06 123460 168031 388789 339540 258217 154760 828603 326014 2.67677e+06 1.37663e+06 1.11616e+06 1.42351e+06 1.74651e+06 1.08205e+06 2.10826e+06 1.70183e+06 1.04909e+06 1.40019e+06 2.7082e+06 2.34681e+06 534168 771573
mphobs
 0 0 0 0 0 0 0 0 0 0 0 498337 0 5186 125008 0 168611 109162 213762 579715 649985 157893 87575 83554 0 0 0 0 0 0 0
mphpred
 2.13615e+06 869427 153406 194102 63641.7 5698.01 2.15076e+06 1.22149e+06 665093 145388 5795.35 47151.5 93987.5 47523.9 29229.1 25939.3 239765 46801.9 628808 179545 350075 251136 463610 163512 423592 345546 139867 239074 696980 277369 39502
desembarqueobs
 494567 514787 250237 358949 120608 361735 552515 73892 212993 205616 52469 317467 293654 387597 252695 516296 358380 742168 942051 627588 828172 859565 418607 520667 417249 300574 415391 372974 316634 284311 391294
desembarquepred
 494487 514239 250146 358194 120434 361626 552134 73879 212773 205114 52439.1 317010 293123 386659 252224 515549 357888 741264 939721 626202 827263 858131 417972 520154 416594 300108 414829 372580 316113 283348 390874
Reclutas
 4357.91 2632.23 185611 41476.3 3089.79 775612 4128.66 1136.62 2375.36 3982.86 32437.9 118964 68047.6 70343.3 40267.3 255108 6848.25 460728 126874 259177 155158 448999 8574.18 166078 149582 20198.4 123449 198402 21290.2 7586.13 111009
log_desv_Rt
 -2.19628 -2.70044 1.55538 0.0568494 -2.54017 2.98538 -2.25032 -3.54021 -2.80312 -2.28627 -0.188944 1.11055 0.551936 0.585116 0.0272685 1.87341 -1.74428 2.46454 1.17492 1.88924 1.37617 2.43875 -1.51952 1.44419 1.33957 -0.662669 1.14755 1.62202 -0.610023 -1.64195 1.04134
SSB
 1.90379e+06 774858 136720 172990 56719.2 5078.22 1.91682e+06 1.08862e+06 592749 129574 5164.98 42022.7 83764.2 42354.6 26049.8 23117.8 213685 41711.1 560411 160015 311997 223820 413182 145726 377517 307960 124653 213069 621168 247199 35205.3
BT
 2.34447e+06 1.06225e+06 482871 386040 111443 3.41883e+06 2.36546e+06 1.30214e+06 762121 259837 120439 432469 395304 518660 316390 798696 363439 1.94454e+06 1.31155e+06 928364 1.21075e+06 1.43933e+06 613907 1.38984e+06 918458 536002 1.02284e+06 1.5004e+06 849261 410240 728111
Ftot
 0.27336 0.926558 0.920235 1.4853 2.77231 0.184598 0.28598 0.0684344 0.428981 2.90207 0.81535 1.59786 1.74312 2.61261 2.6348 1.29465 1.81691 0.790718 1.54527 1.22903 1.29568 1.17209 1.01288 0.790837 0.751573 0.861589 0.977461 0.487198 0.466114 1.5723 1.31124
BD_Bspro_t
 0.957205 0.656637 0.262871 0.32133 0.104594 0.0145528 0.785828 0.632804 0.568438 0.255911 0.0254954 0.251767 0.215653 0.101145 0.0600594 0.0560861 0.237054 0.0607363 0.365287 0.139795 0.198265 0.154686 0.255466 0.12186 0.292122 0.298196 0.186671 0.311252 0.53407 0.314629 0.0845026
BD_Bspro
 6.80701 2.7705 0.488841 0.618523 0.202799 0.0181572 6.85357 3.89236 2.11937 0.463292 0.0184674 0.150252 0.299499 0.151439 0.0931411 0.0826577 0.764029 0.149138 2.00375 0.572133 1.11554 0.800267 1.47733 0.521044 1.34981 1.10111 0.445698 0.761828 2.22099 0.883858 0.125876
BD_Bo
 1.16855 0.475608 0.0839188 0.106181 0.0348143 0.00311702 1.17654 0.668197 0.36383 0.0795327 0.00317027 0.0257936 0.0514146 0.0259973 0.0159894 0.0141897 0.13116 0.0256023 0.343981 0.0982174 0.191504 0.137381 0.253612 0.0894469 0.23172 0.189026 0.0765124 0.130782 0.381274 0.151731 0.021609
BD_Brms
 2.12464 0.864742 0.15258 0.193057 0.0632988 0.0056673 2.13917 1.2149 0.661509 0.144605 0.00576413 0.0468974 0.093481 0.0472678 0.0290717 0.0257995 0.238473 0.0465497 0.62542 0.178577 0.348189 0.249783 0.461112 0.162631 0.42131 0.343684 0.139113 0.237786 0.693225 0.275874 0.0392892
Sel_flota
 0.654568 1 1 1 1
 0.654568 1 1 1 1
 0.654568 1 1 1 1
 0.654568 1 1 1 1
 0.654568 1 1 1 1
 0.654568 1 1 1 1
 0.654568 1 1 1 1
 0.654568 1 1 1 1
 0.654568 1 1 1 1
 0.654568 1 1 1 1
 0.654568 1 1 1 1
 0.654568 1 1 1 1
 0.654568 1 1 1 1
 0.654568 1 1 1 1
 0.654568 1 1 1 1
 0.654568 1 1 1 1
 0.654568 1 1 1 1
 0.654568 1 1 1 1
 0.654568 1 1 1 1
 0.654568 1 1 1 1
 0.654568 1 1 1 1
 0.654568 1 1 1 1
 0.654568 1 1 1 1
 0.654568 1 1 1 1
 0.654568 1 1 1 1
 0.654568 1 1 1 1
 0.654568 1 1 1 1
 0.654568 1 1 1 1
 0.654568 1 1 1 1
 0.654568 1 1 1 1
 0.654568 1 1 1 1
Sel_reclas
 0.7164 0.927076 0.984611 0.996904 0.999383
 0.7164 0.927076 0.984611 0.996904 0.999383
 0.7164 0.927076 0.984611 0.996904 0.999383
 0.7164 0.927076 0.984611 0.996904 0.999383
 0.7164 0.927076 0.984611 0.996904 0.999383
 0.7164 0.927076 0.984611 0.996904 0.999383
 0.7164 0.927076 0.984611 0.996904 0.999383
 0.7164 0.927076 0.984611 0.996904 0.999383
 0.7164 0.927076 0.984611 0.996904 0.999383
 0.7164 0.927076 0.984611 0.996904 0.999383
 0.7164 0.927076 0.984611 0.996904 0.999383
 0.7164 0.927076 0.984611 0.996904 0.999383
 0.7164 0.927076 0.984611 0.996904 0.999383
 0.7164 0.927076 0.984611 0.996904 0.999383
 0.7164 0.927076 0.984611 0.996904 0.999383
 0.7164 0.927076 0.984611 0.996904 0.999383
 0.7164 0.927076 0.984611 0.996904 0.999383
 0.7164 0.927076 0.984611 0.996904 0.999383
 0.7164 0.927076 0.984611 0.996904 0.999383
 0.7164 0.927076 0.984611 0.996904 0.999383
 0.7164 0.927076 0.984611 0.996904 0.999383
 0.7164 0.927076 0.984611 0.996904 0.999383
 0.7164 0.927076 0.984611 0.996904 0.999383
 0.7164 0.927076 0.984611 0.996904 0.999383
 0.7164 0.927076 0.984611 0.996904 0.999383
 0.7164 0.927076 0.984611 0.996904 0.999383
 0.7164 0.927076 0.984611 0.996904 0.999383
 0.7164 0.927076 0.984611 0.996904 0.999383
 0.7164 0.927076 0.984611 0.996904 0.999383
 0.7164 0.927076 0.984611 0.996904 0.999383
 0.7164 0.927076 0.984611 0.996904 0.999383
Sel_pelaces
 0.382285 0.75696 0.940028 0.987482 0.997487
 0.382285 0.75696 0.940028 0.987482 0.997487
 0.382285 0.75696 0.940028 0.987482 0.997487
 0.382285 0.75696 0.940028 0.987482 0.997487
 0.382285 0.75696 0.940028 0.987482 0.997487
 0.382285 0.75696 0.940028 0.987482 0.997487
 0.382285 0.75696 0.940028 0.987482 0.997487
 0.382285 0.75696 0.940028 0.987482 0.997487
 0.382285 0.75696 0.940028 0.987482 0.997487
 0.382285 0.75696 0.940028 0.987482 0.997487
 0.382285 0.75696 0.940028 0.987482 0.997487
 0.382285 0.75696 0.940028 0.987482 0.997487
 0.382285 0.75696 0.940028 0.987482 0.997487
 0.382285 0.75696 0.940028 0.987482 0.997487
 0.382285 0.75696 0.940028 0.987482 0.997487
 0.382285 0.75696 0.940028 0.987482 0.997487
 0.382285 0.75696 0.940028 0.987482 0.997487
 0.382285 0.75696 0.940028 0.987482 0.997487
 0.382285 0.75696 0.940028 0.987482 0.997487
 0.382285 0.75696 0.940028 0.987482 0.997487
 0.382285 0.75696 0.940028 0.987482 0.997487
 0.382285 0.75696 0.940028 0.987482 0.997487
 0.382285 0.75696 0.940028 0.987482 0.997487
 0.382285 0.75696 0.940028 0.987482 0.997487
 0.382285 0.75696 0.940028 0.987482 0.997487
 0.382285 0.75696 0.940028 0.987482 0.997487
 0.382285 0.75696 0.940028 0.987482 0.997487
 0.382285 0.75696 0.940028 0.987482 0.997487
 0.382285 0.75696 0.940028 0.987482 0.997487
 0.382285 0.75696 0.940028 0.987482 0.997487
 0.382285 0.75696 0.940028 0.987482 0.997487
pf_obs 
 0.8446 0.082 0.0669 0.0065 0
 0.8095 0.147 0.0364 0.0071 0
 0.9664 0.0169 0.016 0.0007 0
 0.9276 0.0648 0.0075 0.0001 0
 0.7033 0.2144 0.0806 0.0017 0
 0.9318 0.0425 0.0243 0.0014 0
 0.5671 0.3108 0.0964 0.0239 0.0018
 0.0768 0.2599 0.5324 0.112 0.0189
 0.490249 0.384438 0.106611 0.0170017 0.00170017
 0.7925 0.1577 0.0466 0.003 0.0002
 0.840416 0.127587 0.0312969 0.00059994 9.999e-05
 0.8084 0.0986 0.0794 0.0134 0.0002
 0.7335 0.1905 0.0724 0.0035 0.0001
 0.4001 0.4547 0.1325 0.0127 0
 0.49795 0.308269 0.164784 0.0264974 0.00249975
 0.9179 0.0499 0.0305 0.0017 0
 0.2467 0.6533 0.0926 0.0074 0
 0.9418 0.0223 0.034 0.0019 0
 0.707729 0.231977 0.0356964 0.0245975 0
 0.517169 0.277429 0.184464 0.0207286 0.00020938
 0.811772 0.124168 0.05621 0.00726502 0.000585176
 0.764997 0.148141 0.077277 0.00933861 0.000247198
 0.163321 0.427699 0.378323 0.0303852 0.000271297
 0.753843 0.0900009 0.118128 0.0371064 0.000921714
 0.721811 0.176058 0.0630433 0.0369309 0.00215725
 0.143369 0.312575 0.442814 0.0836902 0.0175525
 0.692698 0.0596174 0.167031 0.0765114 0.00414204
 0.394062 0.376323 0.152708 0.0712218 0.00568511
 0.125707 0.32114 0.495352 0.0537591 0.00404204
 0.23352 0.215282 0.420074 0.123614 0.00750983
 0.796117 0.104755 0.0508955 0.0450114 0.00322123
pf_pred 
 0.0253414 0.164252 0.713973 0.0964329 6.30585e-07
 0.0549814 0.0381219 0.152833 0.664335 0.0897291
 0.962092 0.00372859 0.00137877 0.00552758 0.0272726
 0.457004 0.531804 0.00110085 0.000407076 0.00968408
 0.225633 0.499278 0.269419 0.000557704 0.00511232
 0.99925 0.000355115 0.000254572 0.000137372 2.89104e-06
 0.0109907 0.988542 0.000221409 0.000158722 8.74517e-05
 0.0104452 0.0175113 0.971584 0.000217611 0.000241951
 0.0621681 0.0150878 0.016329 0.905987 0.000428533
 0.338463 0.0660113 0.00958079 0.010369 0.575575
 0.985234 0.00917497 0.000557866 8.09679e-05 0.00495185
 0.929499 0.0699268 0.000356605 2.16827e-05 0.000195612
 0.771932 0.220537 0.00747015 3.80955e-05 2.32131e-05
 0.867139 0.117786 0.014577 0.000493762 4.05238e-06
 0.872688 0.121017 0.00558053 0.00069064 2.35858e-05
 0.985943 0.0133979 0.000626675 2.88981e-05 3.69854e-06
 0.118572 0.87535 0.00579278 0.000270951 1.40936e-05
 0.99053 0.00227818 0.00714216 4.72645e-05 2.32574e-06
 0.493093 0.504251 0.000638797 0.00200265 1.3905e-05
 0.887215 0.0767607 0.0358355 4.53973e-05 0.00014331
 0.722756 0.260827 0.0111731 0.00521613 2.74678e-05
 0.920973 0.0665911 0.0116999 0.000501191 0.000235212
 0.0735863 0.888139 0.0322515 0.00566652 0.000356656
 0.907084 0.0122651 0.0773188 0.00280772 0.00052436
 0.737023 0.248933 0.00185392 0.011687 0.000503656
 0.267623 0.611159 0.114744 0.000854551 0.0056192
 0.896762 0.0415897 0.0514451 0.0096587 0.000544936
 0.845104 0.146038 0.0035681 0.00441362 0.000875398
 0.201462 0.720566 0.073513 0.00179611 0.00266239
 0.234297 0.228495 0.484754 0.0494551 0.00299941
 0.971609 0.0114418 0.00505798 0.0107306 0.00116114
pobs_RECLAS
 0 0 0 0 0
 0 0 0 0 0
 0 0 0 0 0
 0 0 0 0 0
 0 0 0 0 0
 0 0 0 0 0
 0 0 0 0 0
 0 0 0 0 0
 0 0 0 0 0
 0 0 0 0 0
 0.991045 0.00858322 0.000360255 1.14367e-05 0
 0.934742 0.0480273 0.0164251 0.00080598 0
 0.827803 0.169806 0.00239088 0 0
 0.941827 0.0461693 0.0120037 0 0
 0.791401 0.0380133 0.147996 0.0225897 0
 0.846168 0.0940531 0.0597789 0 0
 0.134021 0.677848 0.182769 0.00536245 0
 0.80878 0.0450904 0.141981 0.00414843 0
 0.846168 0.0940531 0.0597789 0 0
 0.905697 0.0802665 0.012482 0.00150086 5.37128e-05
 0.989698 0.0102097 9.19794e-05 0 0
 0.975433 0.0193895 0.00387452 0.00125025 5.28907e-05
 0.303575 0.632131 0.0575291 0.00676475 0
 0.966965 0.00978017 0.0227588 0.000495775 0
 0.843318 0.132988 0.00938335 0.0141283 0.000182051
 0.564624 0.303363 0.111486 0.0197234 0.00080311
 0.826376 0.0876187 0.0782897 0.00655872 0.00115652
 0.89761 0.0855135 0.0140674 0.00269457 0.000114338
 0.34875 0.467042 0.161289 0.0227151 0.000203297
 0.318654 0.224769 0.449479 0.00709798 0
 0.937255 0.0296025 0.0250945 0.00804832 0
ppred_RECLAS
 0.0285867 0.155478 0.717777 0.0981571 6.43456e-07
 0.062889 0.0353169 0.150374 0.661809 0.0896103
 0.966987 0.00303656 0.00119256 0.00484072 0.0239431
 0.52003 0.469338 0.00103184 0.000386321 0.00921318
 0.296387 0.443823 0.254358 0.000533102 0.00489894
 0.999346 0.000299035 0.000227674 0.000124391 2.62436e-06
 0.0130765 0.986424 0.000234646 0.000170311 9.40705e-05
 0.0116324 0.0164852 0.971417 0.00022029 0.000245538
 0.0689595 0.0139481 0.0160324 0.900633 0.000427061
 0.417935 0.0542846 0.00836775 0.0091692 0.510243
 0.987576 0.00750297 0.000484516 7.11999e-05 0.00436529
 0.944937 0.0545841 0.000295637 1.82001e-05 0.000164601
 0.816817 0.176771 0.00635929 3.28353e-05 2.00577e-05
 0.903794 0.0846892 0.0111315 0.00038176 3.14095e-06
 0.908521 0.086683 0.00424532 0.000531956 1.82118e-05
 0.988856 0.0105903 0.000526092 2.45628e-05 3.1515e-06
 0.151666 0.842121 0.00591873 0.000280299 1.46161e-05
 0.991886 0.00186401 0.0062064 4.15847e-05 2.05134e-06
 0.557602 0.439915 0.00059188 0.00187873 1.3077e-05
 0.906856 0.0621596 0.0308199 3.95309e-05 0.000125101
 0.767179 0.218178 0.00992616 0.00469185 2.47684e-05
 0.93549 0.0538252 0.0100439 0.000435623 0.000204949
 0.0895817 0.870497 0.0335726 0.00597228 0.000376836
 0.91891 0.0101522 0.0679709 0.00249908 0.000467881
 0.77316 0.213884 0.00169175 0.0107979 0.000466495
 0.307771 0.571706 0.113998 0.000859595 0.00566642
 0.912005 0.0341386 0.044849 0.00852542 0.000482193
 0.867352 0.124563 0.00323227 0.00404813 0.000804904
 0.2316 0.689138 0.0746699 0.00184716 0.00274486
 0.275711 0.206936 0.466263 0.0481625 0.00292828
 0.976581 0.00905137 0.0042496 0.00912815 0.0009902
pobs_PELACES
 0 0 0 0 0
 0 0 0 0 0
 0 0 0 0 0
 0 0 0 0 0
 0 0 0 0 0
 0 0 0 0 0
 0 0 0 0 0
 0 0 0 0 0
 0 0 0 0 0
 0 0 0 0 0
 0 0 0 0 0
 0 0 0 0 0
 0 0 0 0 0
 0 0 0 0 0
 0 0 0 0 0
 0 0 0 0 0
 0.505614 0.472636 0.0217494 0 0
 0 0 0 0 0
 0.443492 0.261883 0.143347 0.151278 0
 0.227955 0.32914 0.350689 0.0885471 0.00366901
 0.970185 0.0296113 0.000203453 0 0
 0.997202 0.00247181 0.000326279 0 0
 0.445219 0.490057 0.0546422 0.010081 0
 0.90214 0.0892962 0.00764917 0.000914606 0
 0 0 0 0 0
 0.581667 0.319106 0.0959925 0.00289975 0.000334073
 0.762889 0.0836404 0.116647 0.0363945 0.000428098
 0.88444 0.0763242 0.0277011 0.0115352 0
 0.521256 0.241999 0.230069 0.00667565 0
 0.616807 0.101726 0.260614 0.0208532 0
 0.833518 0.0704572 0.0857862 0.0102388 0
ppred_PELACES
 0.0170097 0.137213 0.740685 0.105091 6.94165e-07
 0.0390672 0.0302048 0.150379 0.686665 0.0936848
 0.946628 0.00409552 0.00188073 0.00792056 0.0394753
 0.454957 0.530422 0.00136353 0.000529666 0.0127281
 0.262136 0.437883 0.293435 0.000638081 0.00590837
 0.998923 0.000447842 0.00039869 0.000226001 4.80446e-06
 0.00886603 0.990536 0.00027551 0.000207476 0.000115472
 0.00660173 0.0142044 0.978705 0.000230271 0.000258622
 0.0403413 0.0118894 0.0159794 0.931345 0.000444992
 0.352346 0.0503028 0.00906657 0.0103078 0.577977
 0.981307 0.0103951 0.000784914 0.000119672 0.0073931
 0.93072 0.0685652 0.000434226 2.77351e-05 0.000252749
 0.779433 0.21159 0.00890044 4.76809e-05 2.93483e-05
 0.890158 0.0947568 0.0145631 0.000518193 4.29598e-06
 0.896749 0.0969519 0.00555203 0.0007218 2.48996e-05
 0.985217 0.0139297 0.000809119 3.91948e-05 5.06718e-06
 0.125529 0.866978 0.00712494 0.000350085 1.83943e-05
 0.987233 0.0025941 0.0100994 7.02086e-05 3.48975e-06
 0.495275 0.501321 0.000788678 0.00259735 1.82169e-05
 0.873881 0.0796715 0.0461898 6.14682e-05 0.000196009
 0.711634 0.267148 0.0142115 0.00696954 3.7073e-05
 0.913284 0.0703481 0.0153492 0.000690711 0.000327439
 0.0668358 0.885398 0.0399278 0.00736937 0.000468535
 0.875761 0.0135285 0.105908 0.00404005 0.00076215
 0.705737 0.274202 0.00253599 0.0167938 0.000731067
 0.237358 0.611535 0.142582 0.00111548 0.00740928
 0.872333 0.0446957 0.0686581 0.0135411 0.00077172
 0.816981 0.169829 0.00515287 0.0066957 0.00134148
 0.169509 0.73183 0.0927188 0.00237972 0.00356322
 0.209343 0.200968 0.529469 0.0567439 0.00347634
 0.965724 0.0117943 0.00647475 0.0144297 0.00157724
pobs_pel_tallas
 0 0 0 0 0 0 0 0 0 0 0 0 0 0 0 0 0 0 0 0 0 0 0 0 0 0
 0 0 0 0 0 0 0 0 0 0 0 0 0 0 0 0 0 0 0 0 0 0 0 0 0 0
 0 0 0 0 0 0 0 0 0 0 0 0 0 0 0 0 0 0 0 0 0 0 0 0 0 0
 0 0 0 0 0 0 0 0 0 0 0 0 0 0 0 0 0 0 0 0 0 0 0 0 0 0
 0 0 0 0 0 0 0 0 0 0 0 0 0 0 0 0 0 0 0 0 0 0 0 0 0 0
 0 0 0 0 0 0 0 0 0 0 0 0 0 0 0 0 0 0 0 0 0 0 0 0 0 0
 0 0 0 0 0 0 0 0 0 0 0 0 0 0 0 0 0 0 0 0 0 0 0 0 0 0
 0 0 0 0 0 0 0 0 0 0 0 0 0 0 0 0 0 0 0 0 0 0 0 0 0 0
 0 0 0 0 0 0 0 0 0 0 0 0 0 0 0 0 0 0 0 0 0 0 0 0 0 0
 0 0 0 0 0 0 0 0 0 0 0 0 0 0 0 0 0 0 0 0 0 0 0 0 0 0
 0 0 0 0 0 0 0 0 0 0 0 0 0 0 0 0 0 0 0 0 0 0 0 0 0 0
 0 0 0 0 0 0 0 0 0 0 0 0 0 0 0 0 0 0 0 0 0 0 0 0 0 0
 0.00862536 0 0 0.000197151 0.00414017 0.0128641 0.00837892 0.0270097 0.101434 0.158115 0.152841 0.127902 0.109271 0.109419 0.0830992 0.0579132 0.0238553 0.00714673 0.00463305 0.00128148 0.00103504 0.000492878 0.000147863 0.000147863 4.92878e-05 0
 0 0 0 0 0 0 0 0 0 0 0 0 0 0 0 0 0 0 0 0 0 0 0 0 0 0
 0 0 0 0 0 0 0 0.0054083 0.00873648 0.0413646 0.0450493 0.0745869 0.0622846 0.0627006 0.0613931 0.0827291 0.12552 0.122667 0.0946155 0.0697135 0.0546179 0.0294188 0.0215738 0.0213955 0.0102223 0.00600262
 0 0 0 0 0.00359764 0.0251062 0.0480494 0.140153 0.205849 0.193036 0.1447 0.116669 0.0760912 0.0342217 0.00950174 0.001854 0.000860785 0 0 0 0.000165536 0 0.000143464 0 0 0
 0 0 0 0 0 0 0 0.000145254 0.000435761 0.0275982 0.070085 0.0708112 0.156366 0.174668 0.174014 0.160142 0.0824315 0.0480064 0.0283245 0.00493863 0.00203355 0 0 0 0 0
 0 0 0 0 0 0 0 0 0 0 0 0 0 0 0 0 0 0 0 0 0 0 0 0 0 0
 0 0 1.00437e-05 0.000401748 0.00122533 0.00171747 0.00176769 0.0269171 0.070346 0.194647 0.189555 0.159765 0.064822 0.0314167 0.0384472 0.0292271 0.0345202 0.0313363 0.0194345 0.0106764 0.0143323 0.0359363 0.0279516 0.0138201 0.00172751 0
 0 0.0021121 0.0136068 0.0755702 0.200478 0.177729 0.0527432 0.0373336 0.0318909 0.0142505 0.0149659 0.0166563 0.0217959 0.0798694 0.0677717 0.0528807 0.04013 0.0224614 0.0357745 0.0225083 0.00881397 0.00855152 0.00135912 0.000746735 0 0
 0 0 0 0 5.4009e-05 0.00500934 0.000945158 0.0243581 0.138947 0.33067 0.221406 0.137944 0.0707744 0.0437923 0.0131692 0.00525238 0.0047753 0.00276346 9.45158e-05 9.00151e-06 2.25038e-05 9.00151e-06 4.50075e-06 0 0 0
 0.000866109 0.00284123 0.00948549 0.0512746 0.133035 0.25785 0.225252 0.132002 0.0553304 0.0519788 0.0540692 0.017754 0.00435017 0.00159236 0.00146478 0.000404838 0.000125132 0.000115318 0.000107957 0.000100596 0 0 0 0 0 0
 0 0 0 0 0.00144013 0.00171154 0.00461396 0.0210425 0.0478622 0.0707936 0.0888783 0.103762 0.0637923 0.0337046 0.0602308 0.124433 0.169614 0.0934646 0.0462172 0.0250306 0.0313229 0.00938855 0.002487 0.000210481 0 0
 0 0.00764035 0.051015 0.0998891 0.058973 0.0496711 0.0374665 0.0718981 0.12319 0.153886 0.159021 0.0857701 0.0377988 0.023471 0.0147837 0.00900784 0.00315554 0.000888139 0.00291439 0.00214683 0.00393193 0.00274676 0.000635225 9.99891e-05 0 0
 0 0 0 0 0 0 0 0 0 0 0 0 0 0 0 0 0 0 0 0 0 0 0 0 0 0
 0 0 0 0 0 0 0 0 0 0 0 0 0 0 0 0 0 0 0 0 0 0 0 0 0 0
 0 0 0 0 0 0 0 0 0 0 0 0 0 0 0 0 0 0 0 0 0 0 0 0 0 0
 0 0 0 0 0 0 0 0 0 0 0 0 0 0 0 0 0 0 0 0 0 0 0 0 0 0
 0 0 0 0 0 0 0 0 0 0 0 0 0 0 0 0 0 0 0 0 0 0 0 0 0 0
 0 0 0 0 0 0 0 0 0 0 0 0 0 0 0 0 0 0 0 0 0 0 0 0 0 0
 0 0 0 0 0 0 0 0 0 0 0 0 0 0 0 0 0 0 0 0 0 0 0 0 0 0
ppred_pel_tallas
 1.31949e-16 1.4011e-06 1.36192e-05 9.0505e-05 0.000411431 0.00128019 0.00272811 0.00398475 0.00399912 0.00279888 0.00152116 0.00112211 0.00192985 0.00421246 0.00851366 0.0154761 0.0255654 0.038974 0.0556783 0.0753535 0.0969057 0.117872 0.13442 0.14244 0.139336 0.125372
 1.89065e-16 3.21792e-06 3.12794e-05 0.000207862 0.000944914 0.00294 0.0062641 0.00914334 0.00914674 0.00628096 0.00299816 0.00111998 0.000675068 0.00114708 0.00241778 0.00480948 0.00896849 0.0158868 0.0269329 0.0436511 0.0671516 0.0971733 0.131257 0.164625 0.191133 0.205091
 1.07531e-16 7.79725e-05 0.00075792 0.00503665 0.0228959 0.0712375 0.151779 0.221526 0.221527 0.151781 0.0712443 0.0229156 0.00508694 0.000870658 0.000301563 0.00040255 0.000644228 0.000981567 0.00145457 0.00215173 0.00319405 0.00468271 0.00662285 0.00886227 0.0110855 0.0128801
 1.02383e-16 3.74743e-05 0.000364264 0.00242066 0.011004 0.0342378 0.0729492 0.106482 0.106533 0.0731984 0.0350741 0.013418 0.00847445 0.0135608 0.0250446 0.0411997 0.059008 0.0734981 0.0796408 0.0751418 0.0618656 0.0446861 0.0287089 0.0169782 0.00996629 0.00650742
 1.09644e-16 2.15919e-05 0.000209881 0.00139474 0.00634029 0.0197272 0.0420325 0.0613566 0.0613991 0.0422406 0.020427 0.00836598 0.00649626 0.0114018 0.0214382 0.035825 0.0525703 0.0681005 0.0786864 0.0824453 0.080218 0.0745494 0.0677247 0.0605614 0.0527079 0.0437592
 1.00036e-16 8.22799e-05 0.00079979 0.00531489 0.0241607 0.0751729 0.160164 0.233764 0.233764 0.160164 0.0751736 0.0241628 0.00532016 0.000811401 0.000104624 4.34952e-05 5.64352e-05 7.45267e-05 8.95416e-05 9.97845e-05 0.000106242 0.000111033 0.000115269 0.000117971 0.000116829 0.000109952
 1.00302e-16 7.30489e-07 7.10071e-06 4.71914e-05 0.000214584 0.00066816 0.00142711 0.00210287 0.00219811 0.00189238 0.00222973 0.00472197 0.0113502 0.0246444 0.0466821 0.0768869 0.110085 0.137017 0.148253 0.13945 0.114037 0.0810832 0.0501411 0.0269859 0.0126642 0.00521018
 1.28314e-16 5.43783e-07 5.28576e-06 3.51259e-05 0.000159679 0.000496834 0.00105866 0.00154572 0.00154859 0.00107341 0.000550731 0.00033448 0.000545892 0.00135785 0.00326298 0.0071952 0.0145405 0.0269338 0.0456773 0.0707817 0.0999966 0.128529 0.150056 0.158937 0.152608 0.132769
 1.93941e-16 3.32286e-06 3.22994e-05 0.000214641 0.000975728 0.00303586 0.00646827 0.00944094 0.00944244 0.00647579 0.00306229 0.00105766 0.00044266 0.000609039 0.00134803 0.00293169 0.00604057 0.0118195 0.0219132 0.0382419 0.0623375 0.0942923 0.131736 0.169509 0.200558 0.218011
 1.99119e-16 2.90223e-05 0.000282107 0.0018747 0.00852211 0.0265155 0.0564942 0.082456 0.082461 0.0565186 0.0265977 0.00876162 0.00248434 0.00164357 0.0027143 0.0047343 0.00759916 0.0114562 0.0168266 0.024827 0.0370657 0.0550218 0.0790687 0.107612 0.136868 0.161565
 1.01289e-16 8.0829e-05 0.000785686 0.00522116 0.0237346 0.0738473 0.15734 0.229642 0.229643 0.157344 0.0738637 0.0237822 0.00534047 0.00104633 0.000576501 0.000827268 0.00118999 0.0015123 0.00170408 0.00173667 0.00166277 0.00158724 0.00160453 0.0017473 0.00197581 0.00220457
 1.00076e-16 7.66622e-05 0.000745184 0.00495201 0.0225111 0.0700405 0.149229 0.217805 0.217812 0.149261 0.0701486 0.0228232 0.00573457 0.00245106 0.00330919 0.00533045 0.00762671 0.00949689 0.0102845 0.00968953 0.00794882 0.00568855 0.00356717 0.00198117 0.00100024 0.00048676
 1.00321e-16 6.42009e-05 0.000624055 0.00414707 0.018852 0.0586556 0.124973 0.182406 0.182426 0.125072 0.0589895 0.0198158 0.00656467 0.00589591 0.0100593 0.0164835 0.0236328 0.0294941 0.032062 0.0304097 0.0252484 0.0184713 0.0120603 0.0071975 0.00408307 0.00231267
 1.00498e-16 7.33211e-05 0.000712707 0.00473619 0.02153 0.066988 0.142725 0.208314 0.208323 0.14277 0.0671379 0.0219629 0.00582268 0.00308455 0.00457787 0.00745181 0.0107261 0.0134834 0.0148392 0.0143802 0.012401 0.00969596 0.00708175 0.00502311 0.0035782 0.00258108
 1.00262e-16 7.38641e-05 0.000717985 0.00477126 0.0216895 0.0674841 0.143782 0.209856 0.209866 0.143828 0.0676371 0.0221313 0.00587961 0.00313529 0.00465816 0.00756659 0.0108518 0.0135594 0.0147713 0.0140644 0.0117623 0.0087249 0.00584905 0.00366375 0.00225156 0.00142452
 1.00032e-16 8.1151e-05 0.000788817 0.00524196 0.0238292 0.0741415 0.157966 0.230557 0.230558 0.157973 0.0741635 0.0238927 0.00540121 0.00113612 0.000739784 0.00109204 0.00155922 0.0019478 0.00212147 0.00201911 0.00168707 0.00124885 0.000833389 0.000516974 0.000311912 0.000191685
 1.00466e-16 1.03398e-05 0.000100507 0.000667908 0.00303626 0.00944739 0.0201317 0.0294003 0.0294837 0.020539 0.0108144 0.00698218 0.0105634 0.0216717 0.0408871 0.0673399 0.0964449 0.120103 0.130068 0.122543 0.10051 0.0718741 0.0449493 0.0247497 0.0121727 0.00550918
 1.003e-16 8.13171e-05 0.000790431 0.00525269 0.023878 0.0742932 0.15829 0.231028 0.231029 0.158291 0.0742976 0.0238909 0.0052859 0.000865283 0.00023038 0.000270078 0.000422648 0.000617193 0.000839052 0.00107751 0.0013179 0.00153321 0.00168161 0.0017188 0.00162039 0.00139859
 1.00415e-16 4.07952e-05 0.000396544 0.00263518 0.0119792 0.0372719 0.0794135 0.115916 0.115965 0.079649 0.0380623 0.0142605 0.0083562 0.0128671 0.0236704 0.0389252 0.0557359 0.0693884 0.0751125 0.0707164 0.0579373 0.0413622 0.0258151 0.0142014 0.0070307 0.00329103
 1.01393e-16 7.19805e-05 0.000699676 0.00464959 0.0211364 0.0657631 0.140116 0.204504 0.204512 0.140153 0.0658902 0.0215041 0.00557518 0.0027285 0.00394913 0.00647698 0.00946684 0.0122002 0.0139821 0.0144673 0.0138234 0.012548 0.0111045 0.00968691 0.00825621 0.00673411
 1.01184e-16 5.86164e-05 0.000569772 0.00378634 0.0172122 0.0535535 0.114102 0.166541 0.166567 0.114228 0.0539752 0.0184296 0.00684044 0.00723088 0.0126916 0.0208427 0.0299109 0.0373869 0.040757 0.0388663 0.0326171 0.0243849 0.016635 0.0108043 0.00708559 0.00492272
 1.00586e-16 7.5226e-05 0.000731224 0.00485924 0.0220894 0.0687284 0.146433 0.213725 0.213732 0.146466 0.0688398 0.0224113 0.00566752 0.00249687 0.00343186 0.00556303 0.0080258 0.0101314 0.0112299 0.0110158 0.00969864 0.00784594 0.00603323 0.00457632 0.00350206 0.00269017
 1.02197e-16 5.50536e-06 5.35142e-05 0.000355625 0.00161667 0.00503052 0.0107212 0.0156658 0.015751 0.0111374 0.00642768 0.00565031 0.0104737 0.0221184 0.0418431 0.0689885 0.0989617 0.123564 0.134437 0.127721 0.106396 0.0783735 0.0519102 0.031896 0.0191055 0.0117955
 1.03594e-16 7.21353e-05 0.000701181 0.00465959 0.0211818 0.0659046 0.140417 0.204943 0.204944 0.140424 0.0659293 0.0212554 0.00485211 0.00114706 0.00099384 0.00172362 0.00292809 0.00462057 0.00683211 0.00952126 0.0124944 0.0153443 0.0174921 0.0183731 0.0176873 0.015559
 1.01952e-16 5.81307e-05 0.000565051 0.00375496 0.0170695 0.0531098 0.113157 0.165162 0.165188 0.113286 0.0535423 0.018318 0.00688635 0.00739259 0.0130008 0.0213386 0.0305899 0.0381727 0.0415084 0.0394326 0.0329174 0.0244635 0.0166562 0.0109854 0.00760378 0.00584171
 1.05637e-16 1.9551e-05 0.000190043 0.00126291 0.00574102 0.0178628 0.0380607 0.055563 0.0556221 0.0383491 0.0188315 0.00853996 0.00829234 0.0155475 0.0292213 0.0483676 0.0698781 0.0882874 0.0979946 0.0963494 0.0851526 0.069301 0.0537492 0.0412021 0.0318763 0.024738
 1.03482e-16 7.1853e-05 0.000698436 0.00464135 0.0210989 0.0656466 0.139867 0.204141 0.204146 0.139889 0.0657194 0.0213104 0.00517713 0.0018842 0.00237125 0.0039304 0.0059445 0.00808101 0.0100373 0.0116526 0.0129443 0.0139788 0.0146993 0.0148882 0.0143051 0.0128762
 1.01091e-16 6.72937e-05 0.000654118 0.00434685 0.0197601 0.0614812 0.130993 0.191191 0.191208 0.131073 0.0617492 0.0205337 0.00628727 0.00488556 0.00809038 0.0132343 0.0189785 0.0237015 0.025804 0.0245593 0.0205571 0.0153297 0.010464 0.00687963 0.00468382 0.00348772
 1.03705e-16 1.39623e-05 0.000135719 0.000901904 0.00409997 0.0127569 0.0271825 0.0396885 0.039759 0.0275271 0.0139136 0.00744066 0.00928615 0.018434 0.0347518 0.0573916 0.0825802 0.10364 0.113747 0.109714 0.093869 0.0724529 0.0519071 0.0359346 0.0250261 0.0178457
 1.2161e-16 1.72433e-05 0.000167611 0.00111384 0.00506335 0.0157541 0.0335665 0.0489955 0.0490156 0.0336654 0.0160884 0.00603908 0.00360113 0.00572341 0.0109377 0.0190166 0.0296308 0.0419228 0.0548665 0.0677477 0.0801191 0.0911676 0.0991921 0.101947 0.0977997 0.0868419
 1.01904e-16 7.95454e-05 0.00077321 0.00513825 0.0233577 0.0726746 0.154841 0.225995 0.225996 0.154847 0.0726935 0.0234126 0.00527657 0.00107754 0.000664784 0.00099297 0.00147156 0.00195914 0.00237759 0.00270959 0.00300828 0.00335299 0.00377782 0.00422931 0.00458394 0.00470939
pSPR Fmed_Fpbrs
0.267755   0.6 0.325
Fs Fmed_Fpbrs
0.923884   0.304821 0.759506
SSBpbr Bo_Bmed_Bpbrs
1.62919e+06  354765  896056 448028
Ro
39184.1
SPR SPRFo_SPRFmed_SPRFpbrs
279681 74886.1 90896.5
Fref
0.304821
Nvult_r0
 93698.2 898.291 397.102 842.456 91.161
CTP_r0
 43276.5 509.628 225.288 477.952 51.7185
YTP_r0
390874
Np
 89574.2 26992 4694.98 26.8118 15.0672
Nvult_p0
 62582.2 19671.2 3421.6 19.5398 10.9806
CTP_p0
 10409.7 2947.13 16.8303 7.44005 17.349
 10409.7 4595.42 799.325 4.56472 2.5652
YTP_p0
 125345 168688
CBA_c0
138348
log_Ro
10.396
likeval ReclasPelacesDesembMPH_pf_preclas_ppelaces_ptallas_desvR_qrecl_qpela
 18.2334 23.6558 0.387064 0.000989232 378.533 124.624 129.816 0 142.566 0.000136771 0.000312654 0.0240136 7.16097e-16 0 0
q_reclas_q_pelaces
5.24471 12.3743
M
1
N
 4357.91 19201.2 83464.1 11273.1 0.0737159
 2632.23 1340.52 5374.23 23360.7 3155.24
 185611 527.998 195.245 782.749 3862.01
 41476.3 37386 77.3901 28.6176 680.795
 3089.79 5771.27 3114.28 6.44664 59.0945
 775612 185.156 132.733 71.6252 1.50738
 4128.66 252856 56.6334 40.599 22.369
 1136.62 1259.56 69884.2 15.6523 17.4031
 2375.36 399.824 432.715 24008.4 11.356
 3982.86 659.913 95.7789 103.658 5754.01
 32437.9 219.238 13.3303 1.93474 118.326
 118964 6998.01 35.6877 2.16992 19.5761
 68047.6 15377.7 520.882 2.65634 1.61862
 70343.3 7998.21 989.849 33.5288 0.275176
 40267.3 4679.8 215.802 26.7074 0.912073
 255108 2640.28 123.497 5.69485 0.728857
 6848.25 40215.4 266.133 12.4481 0.64749
 460728 766.979 2404.5 15.9122 0.782991
 126874 101011 127.963 401.168 2.78543
 259177 16974.5 7924.48 10.0389 31.6908
 155158 42649.9 1827 852.93 4.49147
 448999 24442.7 4294.54 183.966 86.3362
 8574.18 76693.1 2785 489.318 30.7981
 166078 1625.41 10246.5 372.087 69.4895
 149582 36408.5 271.151 1709.32 73.6639
 20198.4 33645.7 6316.91 47.045 309.35
 123449 4227.6 5229.4 981.809 55.3928
 198402 23951 585.185 723.855 143.57
 21290.2 53058.2 5413.05 132.255 196.042
 7586.13 5772.73 12246.9 1249.44 75.7778
 111009 997.146 440.802 935.167 101.193
pred_Ctot
 457.965 2968.33 12902.8 1742.71 0.0113958
 794.405 550.809 2208.22 9598.72 1296.46
 55720.6 215.945 79.8531 320.135 1579.52
 17601.1 20482 42.3982 15.6782 372.974
 1872.67 4143.82 2236.08 4.62874 42.4303
 56356 20.0279 14.3575 7.74753 0.16305
 452.393 40689.9 9.11351 6.53323 3.59964
 31.5899 52.9601 2938.4 0.658127 0.73174
 376.089 91.2745 98.7832 5480.81 2.59244
 2465.64 480.88 69.7943 75.5359 4192.96
 8852.65 82.44 5.01261 0.727523 44.494
 52955.5 3983.87 20.3165 1.23531 11.1444
 32001.9 9142.77 309.689 1.57932 0.962345
 41434.6 5628.18 696.537 23.5935 0.193635
 23817.2 3302.78 152.303 18.8488 0.643697
 98572.9 1339.5 62.6539 2.88919 0.369773
 3303.54 24388.1 161.392 7.54896 0.392661
 122683 282.167 884.602 5.85401 0.288058
 55263.6 56514.2 71.5935 224.448 1.55841
 96533.3 8351.94 3899.08 4.93944 15.5928
 59986.2 21647.7 927.328 432.92 2.27973
 161631 11686.8 2053.34 87.9595 41.2799
 2770.31 33435.8 1214.18 213.328 13.4271
 44229 598.042 3770.03 136.903 25.5675
 38228.5 12911.8 96.1605 606.191 26.124
 5759.08 13151.8 2469.22 18.3894 120.922
 38821.5 1800.45 2227.1 418.133 23.5907
 35143.3 6072.94 148.378 183.538 36.403
 3627.64 12974.9 1323.71 32.3418 47.9404
 3341.87 3259.11 6914.24 705.398 42.7818
 43276.5 509.628 225.288 477.952 51.7185
F
 0.178933 0.27336 0.27336 0.27336 0.27336
 0.606495 0.926558 0.926558 0.926558 0.926558
 0.602356 0.920235 0.920235 0.920235 0.920235
 0.972229 1.4853 1.4853 1.4853 1.4853
 1.81466 2.77231 2.77231 2.77231 2.77231
 0.120832 0.184598 0.184598 0.184598 0.184598
 0.187194 0.28598 0.28598 0.28598 0.28598
 0.044795 0.0684344 0.0684344 0.0684344 0.0684344
 0.280797 0.428981 0.428981 0.428981 0.428981
 1.8996 2.90207 2.90207 2.90207 2.90207
 0.533702 0.81535 0.81535 0.81535 0.81535
 1.04591 1.59786 1.59786 1.59786 1.59786
 1.14099 1.74312 1.74312 1.74312 1.74312
 1.71013 2.61261 2.61261 2.61261 2.61261
 1.72465 2.6348 2.6348 2.6348 2.6348
 0.847435 1.29465 1.29465 1.29465 1.29465
 1.18929 1.81691 1.81691 1.81691 1.81691
 0.517579 0.790718 0.790718 0.790718 0.790718
 1.01149 1.54527 1.54527 1.54527 1.54527
 0.804487 1.22903 1.22903 1.22903 1.22903
 0.848111 1.29568 1.29568 1.29568 1.29568
 0.767209 1.17209 1.17209 1.17209 1.17209
 0.662997 1.01288 1.01288 1.01288 1.01288
 0.517657 0.790837 0.790837 0.790837 0.790837
 0.491955 0.751573 0.751573 0.751573 0.751573
 0.563968 0.861589 0.861589 0.861589 0.861589
 0.639815 0.977461 0.977461 0.977461 0.977461
 0.318904 0.487198 0.487198 0.487198 0.487198
 0.305103 0.466114 0.466114 0.466114 0.466114
 1.02918 1.5723 1.5723 1.5723 1.5723
 0.858293 1.31124 1.31124 1.31124 1.31124
YTP_r0W_actual
 359195 7185.76 6217.95 16345.9 1929.1
YTP_p0W_proyectada
 77969 46181.6 389.284 218.514 586.916
 77969 72010.2 18488.4 134.066 86.7806
CTP_r0_actual
 43276.5 509.628 225.288 477.952 51.7185
CTP_p0_proyectada
 10409.7 2947.13 16.8303 7.44005 17.349
 10409.7 4595.42 799.325 4.56472 2.5652
Wmedp
 7.49 15.67 23.13 29.37 33.83
Frms_r0
 0.858293 1.31124 1.31124 1.31124 1.31124
Zrms_r0
 1.85829 2.31124 2.31124 2.31124 2.31124
nmprior
 8.19 8.8 8.5 0
nm_flota  nm_reclas  nm_pelaces    nm_pelaL
inf 20.0906 3.21109 4.55667
cv_recla  cv_pelaces  cv_mph
0.386241 0.459578 0.970632
 ------------------------------------------------
Talla a la edad & desviaci?n 
 8 13.2811 15.8009 17.003 17.5766
 0.8 1.32811 1.58009 1.7003 1.75766
