years
 1991 1992 1993 1994 1995 1996 1997 1998 1999 2000 2001 2002 2003 2004 2005 2006 2007 2008 2009 2010 2011 2012 2013 2014 2015 2016 2017 2018 2019 2020 2021
reclasobs
 0 0 0 0 0 0 0 0 0 252601 567819 844713 477998 351125 339783 2.1784e+06 2.13404e+06 4.81314e+06 1.55562e+06 2.62356e+06 3.21686e+06 3.843e+06 1.13348e+06 3.07943e+06 1.97215e+06 2.03268e+06 2.025e+06 2.42433e+06 2.27542e+06 1.05018e+06 2.36338e+06
reclaspred
 3.26356e+06 1.70554e+06 862761 810957 770109 2.05342e+06 1.0014e+06 772966 519121 289096 503145 764604 757115 531692 471568 1.4046e+06 935417 3.58056e+06 2.73235e+06 1.99445e+06 3.21204e+06 2.77614e+06 1.89359e+06 3.16763e+06 2.23149e+06 1.86814e+06 2.37419e+06 2.76743e+06 2.02452e+06 1.05612e+06 1.78482e+06
pelacesobs
 0 0 0 0 0 0 0 0 0 0 0 0 0 0 0 552880 188675 0 991730 2.46772e+06 1.41603e+06 1.21717e+06 2.29649e+06 1.80582e+06 0 1.4828e+06 1.56532e+06 1.57751e+06 1.42118e+06 867257 1.10002e+06
pelacespred
 2.2087e+06 1.18661e+06 549677 367186 423909 1.08462e+06 515734 551048 301611 131859 265243 340644 384270 250795 221838 560995 462041 1.83191e+06 1.56436e+06 1.03114e+06 1.6651e+06 1.46081e+06 1.18369e+06 1.94474e+06 1.44625e+06 1.24201e+06 1.60333e+06 1.83175e+06 1.36249e+06 762930 1.02043e+06
mphobs
 0 0 0 0 0 0 0 0 0 0 0 498337 0 5186 125008 0 168611 109162 213762 579715 649985 157893 87575 83554 0 0 0 0 0 0 0
mphpred
 533364 344406 154347 86774 79773.1 100318 212422 92413.2 76957.2 39092.7 19614.6 62829.4 70444.6 55246.7 29074.6 34367.8 146281 94305.1 368982 234286 252061 288590 298738 211576 330465 259110 197286 227191 359983 206320 96096.2
desembarqueobs
 494567 514787 250237 358949 120608 361735 552515 73892 212993 205616 52469 317467 293654 387597 252695 516296 358380 742168 942051 627588 828172 859565 418607 520667 417249 300574 415391 372974 316634 284311 391294
desembarquepred
 494543 514377 250255 358946 120605 361678 552333 73894 213011 205625 52469.1 317440 293586 387350 252587 516100 358428 741837 941387 627031 828212 859268 418511 520638 417148 300523 415318 372873 316547 284245 391248
Reclutas
 138926 88037.7 86490.6 96410.7 74592.8 216342 64151.1 23166 27377.6 37085 62907.8 112514 93065.9 67083.1 52455.1 273070 41504.5 498589 267483 229865 264245 424021 65099.3 208197 172500 70753.2 170501 199721 52745.1 36838 159157
log_desv_Rt
 0.284838 -0.171336 -0.189066 -0.0804844 -0.337058 0.727757 -0.48786 -1.50641 -1.33938 -1.03589 -0.507431 0.0739787 -0.115794 -0.443168 -0.689144 0.960627 -0.923299 1.56268 0.939954 0.788391 0.927776 1.40068 -0.473187 0.689384 0.501293 -0.389904 0.489639 0.647821 -0.683629 -1.04257 0.420788
SSB
 1.19059e+06 768793 344538 193700 178072 223932 474174 206288 171786 87264 43784.3 140250 157249 123323 64901.1 76716.9 326534 210511 823653 522980 562659 644199 666852 472286 737674 578394 440387 507143 803565 460554 214509
BT
 1.8102e+06 1.25766e+06 587402 568381 408977 1.23635e+06 834480 466690 432962 299541 274161 543494 578560 613686 446998 925899 608483 2.31687e+06 2.09184e+06 1.31675e+06 2.0282e+06 1.91833e+06 1.17929e+06 2.09491e+06 1.4132e+06 1.14578e+06 1.73391e+06 1.86974e+06 1.15384e+06 775253 1.24912e+06
Ftot
 0.348751 0.665311 0.662675 1.08063 0.400359 0.504402 1.16789 0.235399 0.993197 1.64999 0.315906 1.07879 0.995899 1.7751 1.4521 1.08979 0.864953 0.625432 0.844058 0.802042 0.669813 0.810871 0.508296 0.457744 0.46001 0.386468 0.479712 0.378888 0.347432 0.603116 0.633061
BD_Bspro_t
 0.946097 0.664904 0.409232 0.307876 0.271317 0.370023 0.471482 0.251065 0.279837 0.196863 0.143623 0.427543 0.323583 0.236683 0.136047 0.159662 0.330393 0.237334 0.468952 0.334508 0.307337 0.33622 0.367881 0.323553 0.460176 0.460878 0.452384 0.518134 0.607054 0.477027 0.342796
BD_Bspro
 1.59636 1.03081 0.46196 0.259714 0.238761 0.300251 0.635778 0.276593 0.230333 0.117005 0.0587064 0.188048 0.210841 0.165353 0.0870202 0.102863 0.43782 0.282255 1.10436 0.701217 0.754419 0.863749 0.894123 0.633246 0.989081 0.775517 0.590476 0.679983 1.07743 0.617517 0.287616
BD_Bo
 0.970556 0.62671 0.280863 0.157901 0.145162 0.182547 0.386541 0.168163 0.140038 0.0711365 0.0356924 0.11433 0.128187 0.100532 0.0529066 0.0625386 0.266186 0.171606 0.671432 0.426327 0.458672 0.525143 0.543609 0.385001 0.601342 0.471499 0.358998 0.413417 0.655056 0.375438 0.174865
BD_Brms
 1.76465 1.13947 0.51066 0.287093 0.263931 0.331903 0.702801 0.305751 0.254615 0.129339 0.0648952 0.207872 0.233067 0.182785 0.0961938 0.113707 0.483975 0.31201 1.22078 0.775139 0.83395 0.954805 0.98838 0.700003 1.09335 0.857271 0.652724 0.751667 1.19101 0.682615 0.317936
Sel_flota
 0.627489 0.969702 0.998358 0.999913 0.999995
 0.627489 0.969702 0.998358 0.999913 0.999995
 0.627489 0.969702 0.998358 0.999913 0.999995
 0.627489 0.969702 0.998358 0.999913 0.999995
 0.627489 0.969702 0.998358 0.999913 0.999995
 0.627489 0.969702 0.998358 0.999913 0.999995
 0.627489 0.969702 0.998358 0.999913 0.999995
 0.627489 0.969702 0.998358 0.999913 0.999995
 0.627489 0.969702 0.998358 0.999913 0.999995
 0.627489 0.969702 0.998358 0.999913 0.999995
 0.627489 0.969702 0.998358 0.999913 0.999995
 0.627489 0.969702 0.998358 0.999913 0.999995
 0.627489 0.969702 0.998358 0.999913 0.999995
 0.627489 0.969702 0.998358 0.999913 0.999995
 0.627489 0.969702 0.998358 0.999913 0.999995
 0.627489 0.969702 0.998358 0.999913 0.999995
 0.627489 0.969702 0.998358 0.999913 0.999995
 0.627489 0.969702 0.998358 0.999913 0.999995
 0.627489 0.969702 0.998358 0.999913 0.999995
 0.627489 0.969702 0.998358 0.999913 0.999995
 0.627489 0.969702 0.998358 0.999913 0.999995
 0.627489 0.969702 0.998358 0.999913 0.999995
 0.627489 0.969702 0.998358 0.999913 0.999995
 0.627489 0.969702 0.998358 0.999913 0.999995
 0.627489 0.969702 0.998358 0.999913 0.999995
 0.627489 0.969702 0.998358 0.999913 0.999995
 0.627489 0.969702 0.998358 0.999913 0.999995
 0.627489 0.969702 0.998358 0.999913 0.999995
 0.627489 0.969702 0.998358 0.999913 0.999995
 0.627489 0.969702 0.998358 0.999913 0.999995
 0.627489 0.969702 0.998358 0.999913 0.999995
Sel_reclas
 1 1 1 1 1
 1 1 1 1 1
 1 1 1 1 1
 1 1 1 1 1
 1 1 1 1 1
 1 1 1 1 1
 1 1 1 1 1
 1 1 1 1 1
 1 1 1 1 1
 1 1 1 1 1
 1 1 1 1 1
 1 1 1 1 1
 1 1 1 1 1
 1 1 1 1 1
 1 1 1 1 1
 1 1 1 1 1
 1 1 1 1 1
 1 1 1 1 1
 1 1 1 1 1
 1 1 1 1 1
 1 1 1 1 1
 1 1 1 1 1
 1 1 1 1 1
 1 1 1 1 1
 1 1 1 1 1
 1 1 1 1 1
 1 1 1 1 1
 1 1 1 1 1
 1 1 1 1 1
 1 1 1 1 1
 1 1 1 1 1
Sel_pelaces
 0.583243 0.875669 0.972561 0.994425 0.998887
 0.583243 0.875669 0.972561 0.994425 0.998887
 0.583243 0.875669 0.972561 0.994425 0.998887
 0.583243 0.875669 0.972561 0.994425 0.998887
 0.583243 0.875669 0.972561 0.994425 0.998887
 0.583243 0.875669 0.972561 0.994425 0.998887
 0.583243 0.875669 0.972561 0.994425 0.998887
 0.583243 0.875669 0.972561 0.994425 0.998887
 0.583243 0.875669 0.972561 0.994425 0.998887
 0.583243 0.875669 0.972561 0.994425 0.998887
 0.583243 0.875669 0.972561 0.994425 0.998887
 0.583243 0.875669 0.972561 0.994425 0.998887
 0.583243 0.875669 0.972561 0.994425 0.998887
 0.583243 0.875669 0.972561 0.994425 0.998887
 0.583243 0.875669 0.972561 0.994425 0.998887
 0.583243 0.875669 0.972561 0.994425 0.998887
 0.583243 0.875669 0.972561 0.994425 0.998887
 0.583243 0.875669 0.972561 0.994425 0.998887
 0.583243 0.875669 0.972561 0.994425 0.998887
 0.583243 0.875669 0.972561 0.994425 0.998887
 0.583243 0.875669 0.972561 0.994425 0.998887
 0.583243 0.875669 0.972561 0.994425 0.998887
 0.583243 0.875669 0.972561 0.994425 0.998887
 0.583243 0.875669 0.972561 0.994425 0.998887
 0.583243 0.875669 0.972561 0.994425 0.998887
 0.583243 0.875669 0.972561 0.994425 0.998887
 0.583243 0.875669 0.972561 0.994425 0.998887
 0.583243 0.875669 0.972561 0.994425 0.998887
 0.583243 0.875669 0.972561 0.994425 0.998887
 0.583243 0.875669 0.972561 0.994425 0.998887
 0.583243 0.875669 0.972561 0.994425 0.998887
pf_obs 
 0.8446 0.082 0.0669 0.0065 0
 0.8095 0.147 0.0364 0.0071 0
 0.9664 0.0169 0.016 0.0007 0
 0.9276 0.0648 0.0075 0.0001 0
 0.7033 0.2144 0.0806 0.0017 0
 0.9318 0.0425 0.0243 0.0014 0
 0.5671 0.3108 0.0964 0.0239 0.0018
 0.0768 0.2599 0.5324 0.112 0.0189
 0.490249 0.384438 0.106611 0.0170017 0.00170017
 0.7925 0.1577 0.0466 0.003 0.0002
 0.840416 0.127587 0.0312969 0.00059994 9.999e-05
 0.8084 0.0986 0.0794 0.0134 0.0002
 0.7335 0.1905 0.0724 0.0035 0.0001
 0.4001 0.4547 0.1325 0.0127 0
 0.49795 0.308269 0.164784 0.0264974 0.00249975
 0.9179 0.0499 0.0305 0.0017 0
 0.2467 0.6533 0.0926 0.0074 0
 0.9418 0.0223 0.034 0.0019 0
 0.707729 0.231977 0.0356964 0.0245975 0
 0.517169 0.277429 0.184464 0.0207286 0.00020938
 0.811772 0.124168 0.05621 0.00726502 0.000585176
 0.764997 0.148141 0.077277 0.00933861 0.000247198
 0.163321 0.427699 0.378323 0.0303852 0.000271297
 0.753843 0.0900009 0.118128 0.0371064 0.000921714
 0.721811 0.176058 0.0630433 0.0369309 0.00215725
 0.143369 0.312575 0.442814 0.0836902 0.0175525
 0.692698 0.0596174 0.167031 0.0765114 0.00414204
 0.394062 0.376323 0.152708 0.0712218 0.00568511
 0.125707 0.32114 0.495352 0.0537591 0.00404204
 0.23352 0.215282 0.420074 0.123614 0.00750983
 0.796117 0.104755 0.0508955 0.0450114 0.00322123
pf_pred 
 0.524838 0.169979 0.279531 0.0256505 9.6419e-07
 0.494517 0.327115 0.065215 0.103658 0.00949494
 0.644192 0.225417 0.0856047 0.0163974 0.0283893
 0.720819 0.212866 0.0426387 0.0155556 0.00812025
 0.70221 0.248174 0.0382675 0.00730403 0.00404496
 0.847968 0.120942 0.0260606 0.00388066 0.00114869
 0.426669 0.518637 0.043839 0.0091021 0.00175304
 0.447654 0.327835 0.204053 0.0164064 0.00405144
 0.606496 0.222852 0.102613 0.0618487 0.00619002
 0.799645 0.150009 0.0291036 0.0127859 0.00845626
 0.887523 0.101173 0.00859374 0.00156907 0.0011414
 0.802128 0.183551 0.0129256 0.00106162 0.000334217
 0.741478 0.229241 0.0272552 0.00182839 0.000196926
 0.708119 0.246753 0.0402261 0.00456269 0.000338188
 0.80766 0.163394 0.0247093 0.003778 0.000458689
 0.958958 0.0369166 0.00353391 0.000504986 8.63202e-05
 0.366086 0.620211 0.0123855 0.00112927 0.000188454
 0.95291 0.0241631 0.0224525 0.000429095 4.55439e-05
 0.601737 0.387398 0.00568154 0.00507583 0.000107074
 0.675652 0.237831 0.0842576 0.00118299 0.00107663
 0.742581 0.203639 0.0398799 0.0135379 0.000362204
 0.799069 0.167876 0.0263683 0.00496063 0.00172529
 0.296692 0.617559 0.0721448 0.0108571 0.0027465
 0.773698 0.0940563 0.116641 0.0131329 0.00247139
 0.637842 0.308865 0.0226195 0.0270608 0.00361318
 0.430797 0.424683 0.123916 0.0087546 0.011849
 0.761712 0.132296 0.0797753 0.0224851 0.00373145
 0.712097 0.243019 0.025326 0.0147273 0.00483033
 0.331292 0.53638 0.112304 0.0113078 0.00871594
 0.425078 0.257202 0.256558 0.0519223 0.00924043
 0.871821 0.0723792 0.0255047 0.0244732 0.00582211
pobs_RECLAS
 0 0 0 0 0
 0 0 0 0 0
 0 0 0 0 0
 0 0 0 0 0
 0 0 0 0 0
 0 0 0 0 0
 0 0 0 0 0
 0 0 0 0 0
 0 0 0 0 0
 0 0 0 0 0
 0.991045 0.00858322 0.000360255 1.14367e-05 0
 0.934742 0.0480273 0.0164251 0.00080598 0
 0.827803 0.169806 0.00239088 0 0
 0.941827 0.0461693 0.0120037 0 0
 0.791401 0.0380133 0.147996 0.0225897 0
 0.846168 0.0940531 0.0597789 0 0
 0.134021 0.677848 0.182769 0.00536245 0
 0.80878 0.0450904 0.141981 0.00414843 0
 0.846168 0.0940531 0.0597789 0 0
 0.905697 0.0802665 0.012482 0.00150086 5.37128e-05
 0.989698 0.0102097 9.19794e-05 0 0
 0.975433 0.0193895 0.00387452 0.00125025 5.28907e-05
 0.303575 0.632131 0.0575291 0.00676475 0
 0.966965 0.00978017 0.0227588 0.000495775 0
 0.843318 0.132988 0.00938335 0.0141283 0.000182051
 0.564624 0.303363 0.111486 0.0197234 0.00080311
 0.826376 0.0876187 0.0782897 0.00655872 0.00115652
 0.89761 0.0855135 0.0140674 0.00269457 0.000114338
 0.34875 0.467042 0.161289 0.0227151 0.000203297
 0.318654 0.224769 0.449479 0.00709798 0
 0.937255 0.0296025 0.0250945 0.00804832 0
ppred_RECLAS
 0.637946 0.132052 0.210698 0.019303 7.25527e-07
 0.611287 0.25444 0.0491462 0.0779847 0.00714267
 0.744289 0.163906 0.0603077 0.0115323 0.0199644
 0.809422 0.146499 0.0283609 0.0103278 0.00539074
 0.787984 0.177588 0.0265631 0.0050618 0.00280297
 0.898425 0.0813126 0.0169889 0.00252562 0.00074753
 0.550764 0.407721 0.0332881 0.00689862 0.00132853
 0.560937 0.263761 0.159352 0.0127919 0.0031586
 0.717241 0.162507 0.0723595 0.0435353 0.00435674
 0.87318 0.0958814 0.0179006 0.00784792 0.00518986
 0.925184 0.0675001 0.00556362 0.00101419 0.000737697
 0.868931 0.12188 0.00829509 0.000680055 0.000214074
 0.823626 0.156986 0.0180488 0.00120861 0.00013016
 0.808356 0.162997 0.0255422 0.002891 0.000214258
 0.876397 0.105581 0.0153892 0.00234834 0.000285083
 0.974541 0.0229782 0.00212575 0.000303208 5.18241e-05
 0.481695 0.507456 0.00980731 0.000892632 0.00014895
 0.970221 0.0155146 0.0139701 0.000266536 2.82875e-05
 0.708351 0.283948 0.00403069 0.00359469 7.58226e-05
 0.770935 0.169406 0.0581038 0.000814371 0.000741089
 0.821938 0.141797 0.0269035 0.00911737 0.000243912
 0.86501 0.113385 0.0172411 0.00323791 0.00112603
 0.400266 0.52859 0.0598734 0.0089955 0.00227537
 0.845506 0.0653718 0.0786213 0.00883768 0.00166295
 0.735607 0.226523 0.0160883 0.0192156 0.00256546
 0.544474 0.342489 0.0969448 0.00683798 0.00925413
 0.836092 0.0922599 0.0539484 0.0151806 0.00251904
 0.795649 0.173319 0.0175226 0.0101731 0.00333632
 0.438118 0.453385 0.092103 0.00925875 0.00713597
 0.543703 0.207709 0.200799 0.0405697 0.0072194
 0.916261 0.0479507 0.0163731 0.0156845 0.00373096
pobs_PELACES
 0 0 0 0 0
 0 0 0 0 0
 0 0 0 0 0
 0 0 0 0 0
 0 0 0 0 0
 0 0 0 0 0
 0 0 0 0 0
 0 0 0 0 0
 0 0 0 0 0
 0 0 0 0 0
 0 0 0 0 0
 0 0 0 0 0
 0 0 0 0 0
 0 0 0 0 0
 0 0 0 0 0
 0 0 0 0 0
 0.505614 0.472636 0.0217494 0 0
 0 0 0 0 0
 0.443492 0.261883 0.143347 0.151278 0
 0.227955 0.32914 0.350689 0.0885471 0.00366901
 0.970185 0.0296113 0.000203453 0 0
 0.997202 0.00247181 0.000326279 0 0
 0.445219 0.490057 0.0546422 0.010081 0
 0.90214 0.0892962 0.00764917 0.000914606 0
 0 0 0 0 0
 0.581667 0.319106 0.0959925 0.00289975 0.000334073
 0.762889 0.0836404 0.116647 0.0363945 0.000428098
 0.88444 0.0763242 0.0277011 0.0115352 0
 0.521256 0.241999 0.230069 0.00667565 0
 0.616807 0.101726 0.260614 0.0208532 0
 0.833518 0.0704572 0.0857862 0.0102388 0
ppred_PELACES
 0.53307 0.159269 0.281313 0.0263471 9.94722e-07
 0.52025 0.301587 0.0642928 0.104277 0.00959348
 0.667523 0.204791 0.0831653 0.0162552 0.0282663
 0.757149 0.182109 0.0387575 0.0144231 0.0075619
 0.717794 0.23214 0.0384192 0.00748412 0.00416288
 0.859219 0.110289 0.0254709 0.0038707 0.00115077
 0.47995 0.467525 0.0419287 0.00887931 0.00171758
 0.455612 0.313211 0.209698 0.0172098 0.0042685
 0.64356 0.195693 0.095873 0.0589489 0.00592555
 0.843461 0.115415 0.0235612 0.0105529 0.00700966
 0.894088 0.0945047 0.00862553 0.00160743 0.00117444
 0.831999 0.155115 0.0116061 0.000972355 0.000307451
 0.774876 0.198157 0.0250659 0.00171536 0.000185558
 0.771953 0.191249 0.0327315 0.00378455 0.000281726
 0.845796 0.129844 0.0207332 0.00323253 0.000394168
 0.966158 0.0302417 0.00307542 0.000448275 7.69603e-05
 0.405131 0.581153 0.0123728 0.00115094 0.00019291
 0.956854 0.0214058 0.0212813 0.000415023 4.42433e-05
 0.639532 0.349902 0.00547265 0.00498823 0.000105686
 0.705022 0.212455 0.0803207 0.00115059 0.00105173
 0.764343 0.183551 0.0384348 0.0133134 0.000357759
 0.821375 0.147502 0.0247203 0.0047449 0.00165748
 0.317295 0.594011 0.0743703 0.0114217 0.002902
 0.783163 0.0863309 0.114819 0.0131936 0.00249371
 0.657402 0.288554 0.0226627 0.02767 0.00371073
 0.447339 0.404429 0.126681 0.00913444 0.0124174
 0.773727 0.121426 0.0785023 0.0225809 0.00376379
 0.726705 0.227714 0.025478 0.0151213 0.00498132
 0.345885 0.516725 0.116203 0.0119419 0.00924513
 0.445024 0.238445 0.254562 0.0525721 0.00939705
 0.881695 0.0644965 0.0243136 0.0238068 0.0056884
pobs_pel_tallas
 0 0 0 0 0 0 0 0 0 0 0 0 0 0 0 0 0 0 0 0 0 0 0 0 0 0
 0 0 0 0 0 0 0 0 0 0 0 0 0 0 0 0 0 0 0 0 0 0 0 0 0 0
 0 0 0 0 0 0 0 0 0 0 0 0 0 0 0 0 0 0 0 0 0 0 0 0 0 0
 0 0 0 0 0 0 0 0 0 0 0 0 0 0 0 0 0 0 0 0 0 0 0 0 0 0
 0 0 0 0 0 0 0 0 0 0 0 0 0 0 0 0 0 0 0 0 0 0 0 0 0 0
 0 0 0 0 0 0 0 0 0 0 0 0 0 0 0 0 0 0 0 0 0 0 0 0 0 0
 0 0 0 0 0 0 0 0 0 0 0 0 0 0 0 0 0 0 0 0 0 0 0 0 0 0
 0 0 0 0 0 0 0 0 0 0 0 0 0 0 0 0 0 0 0 0 0 0 0 0 0 0
 0 0 0 0 0 0 0 0 0 0 0 0 0 0 0 0 0 0 0 0 0 0 0 0 0 0
 0 0 0 0 0 0 0 0 0 0 0 0 0 0 0 0 0 0 0 0 0 0 0 0 0 0
 0 0 0 0 0 0 0 0 0 0 0 0 0 0 0 0 0 0 0 0 0 0 0 0 0 0
 0 0 0 0 0 0 0 0 0 0 0 0 0 0 0 0 0 0 0 0 0 0 0 0 0 0
 0.00862536 0 0 0.000197151 0.00414017 0.0128641 0.00837892 0.0270097 0.101434 0.158115 0.152841 0.127902 0.109271 0.109419 0.0830992 0.0579132 0.0238553 0.00714673 0.00463305 0.00128148 0.00103504 0.000492878 0.000147863 0.000147863 4.92878e-05 0
 0 0 0 0 0 0 0 0 0 0 0 0 0 0 0 0 0 0 0 0 0 0 0 0 0 0
 0 0 0 0 0 0 0 0.0054083 0.00873648 0.0413646 0.0450493 0.0745869 0.0622846 0.0627006 0.0613931 0.0827291 0.12552 0.122667 0.0946155 0.0697135 0.0546179 0.0294188 0.0215738 0.0213955 0.0102223 0.00600262
 0 0 0 0 0.00359764 0.0251062 0.0480494 0.140153 0.205849 0.193036 0.1447 0.116669 0.0760912 0.0342217 0.00950174 0.001854 0.000860785 0 0 0 0.000165536 0 0.000143464 0 0 0
 0 0 0 0 0 0 0 0.000145254 0.000435761 0.0275982 0.070085 0.0708112 0.156366 0.174668 0.174014 0.160142 0.0824315 0.0480064 0.0283245 0.00493863 0.00203355 0 0 0 0 0
 0 0 0 0 0 0 0 0 0 0 0 0 0 0 0 0 0 0 0 0 0 0 0 0 0 0
 0 0 1.00437e-05 0.000401748 0.00122533 0.00171747 0.00176769 0.0269171 0.070346 0.194647 0.189555 0.159765 0.064822 0.0314167 0.0384472 0.0292271 0.0345202 0.0313363 0.0194345 0.0106764 0.0143323 0.0359363 0.0279516 0.0138201 0.00172751 0
 0 0.0021121 0.0136068 0.0755702 0.200478 0.177729 0.0527432 0.0373336 0.0318909 0.0142505 0.0149659 0.0166563 0.0217959 0.0798694 0.0677717 0.0528807 0.04013 0.0224614 0.0357745 0.0225083 0.00881397 0.00855152 0.00135912 0.000746735 0 0
 0 0 0 0 5.4009e-05 0.00500934 0.000945158 0.0243581 0.138947 0.33067 0.221406 0.137944 0.0707744 0.0437923 0.0131692 0.00525238 0.0047753 0.00276346 9.45158e-05 9.00151e-06 2.25038e-05 9.00151e-06 4.50075e-06 0 0 0
 0.000866109 0.00284123 0.00948549 0.0512746 0.133035 0.25785 0.225252 0.132002 0.0553304 0.0519788 0.0540692 0.017754 0.00435017 0.00159236 0.00146478 0.000404838 0.000125132 0.000115318 0.000107957 0.000100596 0 0 0 0 0 0
 0 0 0 0 0.00144013 0.00171154 0.00461396 0.0210425 0.0478622 0.0707936 0.0888783 0.103762 0.0637923 0.0337046 0.0602308 0.124433 0.169614 0.0934646 0.0462172 0.0250306 0.0313229 0.00938855 0.002487 0.000210481 0 0
 0 0.00764035 0.051015 0.0998891 0.058973 0.0496711 0.0374665 0.0718981 0.12319 0.153886 0.159021 0.0857701 0.0377988 0.023471 0.0147837 0.00900784 0.00315554 0.000888139 0.00291439 0.00214683 0.00393193 0.00274676 0.000635225 9.99891e-05 0 0
 0 0 0 0 0 0 0 0 0 0 0 0 0 0 0 0 0 0 0 0 0 0 0 0 0 0
 0 0 0 0 0 0 0 0 0 0 0 0 0 0 0 0 0 0 0 0 0 0 0 0 0 0
 0 0 0 0 0 0 0 0 0 0 0 0 0 0 0 0 0 0 0 0 0 0 0 0 0 0
 0 0 0 0 0 0 0 0 0 0 0 0 0 0 0 0 0 0 0 0 0 0 0 0 0 0
 0 0 0 0 0 0 0 0 0 0 0 0 0 0 0 0 0 0 0 0 0 0 0 0 0 0
 0 0 0 0 0 0 0 0 0 0 0 0 0 0 0 0 0 0 0 0 0 0 0 0 0 0
 0 0 0 0 0 0 0 0 0 0 0 0 0 0 0 0 0 0 0 0 0 0 0 0 0 0
ppred_pel_tallas
 1.10802e-16 4.39083e-05 0.000426804 0.00283626 0.0128933 0.0401158 0.0854715 0.124751 0.124767 0.0855487 0.0403761 0.0136504 0.00475632 0.00468288 0.00831592 0.0141704 0.0215526 0.0294815 0.0368997 0.0431855 0.0482719 0.052204 0.054594 0.0545816 0.0513962 0.0450261
 1.14014e-16 4.28524e-05 0.00041654 0.00276806 0.0125832 0.0391512 0.0834168 0.121755 0.121785 0.0835592 0.0396295 0.0139659 0.00624254 0.00801461 0.0145136 0.0240383 0.0349024 0.0445167 0.050311 0.0512108 0.0483033 0.0440514 0.0406733 0.0389478 0.0381773 0.0370237
 1.08867e-16 5.4983e-05 0.000534454 0.00355164 0.0161452 0.0502339 0.107029 0.156217 0.156237 0.107126 0.0505597 0.0170874 0.00592115 0.0057224 0.00995312 0.0164872 0.0240288 0.0308211 0.0351105 0.036104 0.0344117 0.0315438 0.0288839 0.0269641 0.0254771 0.0237944
 1.03892e-16 6.23654e-05 0.000606214 0.0040285 0.018313 0.0569786 0.1214 0.17719 0.177208 0.121486 0.0572671 0.0191466 0.00612208 0.00518064 0.00876237 0.0144201 0.0208453 0.0263829 0.0293913 0.0291227 0.0261587 0.0219868 0.0180707 0.0151434 0.0131381 0.0115894
 1.02624e-16 5.91238e-05 0.000574704 0.00381911 0.0173611 0.0540171 0.11509 0.167982 0.168004 0.115199 0.0543843 0.0184221 0.00648264 0.00639064 0.0111088 0.0182826 0.0263565 0.0331972 0.0366677 0.0357787 0.0312655 0.0250689 0.0191554 0.0146005 0.0114656 0.00926662
 1.01347e-16 7.07727e-05 0.000687936 0.00457158 0.0207817 0.0646598 0.137765 0.201074 0.201085 0.137817 0.0648345 0.0212866 0.00583956 0.00345838 0.00533942 0.00873348 0.0126165 0.0159534 0.017736 0.0174935 0.0155569 0.0128103 0.0101396 0.00801435 0.00644777 0.00522759
 1.02511e-16 3.95329e-05 0.000384274 0.00255364 0.0116085 0.0361186 0.0769561 0.112329 0.112374 0.0771761 0.0368571 0.0137409 0.00790435 0.0120583 0.0221913 0.0365731 0.0525606 0.0658414 0.0720417 0.0691383 0.0586692 0.0447084 0.0314664 0.0213711 0.0147295 0.0106083
 1.0858e-16 3.75283e-05 0.000364788 0.00242415 0.0110198 0.034287 0.0730531 0.10663 0.10666 0.073202 0.0347876 0.0124692 0.00607469 0.0083748 0.0153694 0.0256599 0.0376815 0.0488824 0.0566247 0.0595971 0.0584292 0.0549434 0.0507327 0.0462906 0.0412395 0.0351653
 1.09732e-16 5.30092e-05 0.000515268 0.00342414 0.0155657 0.0484306 0.103187 0.150609 0.150628 0.10328 0.0487427 0.0164687 0.00569712 0.00549824 0.00957915 0.0159185 0.0233215 0.0301737 0.0348689 0.0366944 0.0362134 0.0347506 0.0334099 0.0324293 0.0312811 0.0292599
 1.02955e-16 6.94748e-05 0.00067532 0.00448774 0.0204006 0.0634739 0.135238 0.197387 0.197398 0.135293 0.0636568 0.0209289 0.00581448 0.00357421 0.00558283 0.00914068 0.0132119 0.0167259 0.0186454 0.0185045 0.0166818 0.0141294 0.0117776 0.0100825 0.00897926 0.00814111
 1.00634e-16 7.36449e-05 0.000715854 0.0047571 0.0216251 0.0672838 0.143356 0.209234 0.209243 0.1434 0.0674331 0.0220562 0.00583877 0.00307587 0.00455202 0.00739906 0.0106285 0.0133169 0.0145776 0.0140029 0.011905 0.0091082 0.0064631 0.00445805 0.00315078 0.00234698
 1.00525e-16 6.85307e-05 0.000666143 0.00442676 0.0201234 0.0626114 0.133401 0.194706 0.19472 0.133474 0.0628564 0.0208306 0.00620099 0.00453639 0.00741021 0.0121193 0.0173978 0.0217634 0.0237542 0.022694 0.0190943 0.0143181 0.00978227 0.00631767 0.0040488 0.00267877
 1.00978e-16 6.38255e-05 0.000620407 0.00412282 0.0187418 0.0583127 0.124242 0.181339 0.181358 0.124335 0.0586259 0.0196463 0.00639307 0.00557516 0.00947015 0.0155451 0.0223626 0.0280672 0.0308081 0.0297228 0.0254411 0.0196521 0.0140974 0.00977631 0.00681881 0.00486211
 1.01421e-16 6.35848e-05 0.000618067 0.00410727 0.0186711 0.0580928 0.123773 0.180655 0.180673 0.123864 0.0583954 0.0195451 0.00630161 0.00540942 0.00916633 0.0150609 0.0217067 0.0273295 0.0301599 0.0293705 0.025553 0.020295 0.0152155 0.011217 0.00838586 0.00637033
 1.01023e-16 6.96671e-05 0.000677189 0.00450016 0.0204571 0.0636497 0.135613 0.197933 0.197946 0.135674 0.0638551 0.0210504 0.0059895 0.00392887 0.00624645 0.0102195 0.0147215 0.0185252 0.020427 0.0198669 0.0172517 0.0136672 0.0102206 0.00752916 0.00564905 0.00433219
 1.00155e-16 7.95811e-05 0.000773557 0.00514056 0.0233682 0.0727073 0.154911 0.226097 0.2261 0.154925 0.072755 0.0235062 0.00548678 0.00152902 0.00151331 0.00237309 0.00340422 0.00426664 0.00467302 0.00449194 0.00382171 0.00292399 0.00206904 0.00141258 0.000974696 0.00069689
 1.00654e-16 3.33702e-05 0.00032437 0.00215556 0.00979889 0.0304883 0.0649606 0.0948235 0.0948794 0.0652336 0.0314049 0.0124448 0.00879153 0.014792 0.0274548 0.0451906 0.0647546 0.0807121 0.0875472 0.0827168 0.068205 0.0492719 0.0314387 0.0180162 0.00957796 0.00498339
 1.00669e-16 7.88148e-05 0.000766108 0.00509105 0.0231432 0.0720071 0.153419 0.22392 0.223922 0.153429 0.0720415 0.023243 0.00534293 0.00132037 0.00114432 0.00180041 0.00266308 0.00350829 0.00415952 0.00452524 0.00463029 0.00456373 0.00439054 0.00410875 0.00368162 0.00310095
 1.00766e-16 5.26774e-05 0.000512044 0.00340271 0.0154683 0.0481276 0.102542 0.149671 0.149704 0.102707 0.0486795 0.0170612 0.00739781 0.00922195 0.0165608 0.0272072 0.0389823 0.0485899 0.0527121 0.0498266 0.0411396 0.0298283 0.0192191 0.0112933 0.00636899 0.00372441
 1.02666e-16 5.80718e-05 0.000564478 0.00375116 0.0170522 0.0530559 0.113042 0.164992 0.165013 0.113142 0.0533935 0.0180281 0.00620423 0.00593124 0.0102845 0.0169983 0.0246832 0.0314545 0.0354073 0.0356211 0.0326466 0.0280275 0.0232799 0.0191641 0.0156783 0.0125258
 1.02552e-16 6.2958e-05 0.000611974 0.00406678 0.018487 0.0575201 0.122553 0.178874 0.178891 0.12264 0.0578108 0.019327 0.0061762 0.0052204 0.00882566 0.0145185 0.020973 0.0265107 0.0294614 0.0290524 0.0258512 0.0213469 0.0170222 0.0136488 0.0112173 0.00933057
 1.01508e-16 6.76556e-05 0.000657637 0.00437023 0.0198664 0.0618119 0.131697 0.192219 0.192233 0.131767 0.0620453 0.0205406 0.00606269 0.00435323 0.00708898 0.0116195 0.016748 0.0210942 0.0232974 0.0227265 0.0198457 0.0158847 0.012091 0.00914935 0.00710442 0.00565794
 1.03935e-16 2.61353e-05 0.000254044 0.00168822 0.00767443 0.0238783 0.0508774 0.074269 0.0743262 0.051157 0.0248172 0.0103862 0.0084941 0.0151082 0.0282273 0.0465986 0.0670628 0.0841992 0.0924845 0.0893519 0.0767075 0.0596232 0.0433086 0.0307222 0.022193 0.016565
 1.05081e-16 6.45081e-05 0.000627042 0.00416691 0.0189422 0.0589362 0.12557 0.183275 0.183284 0.125612 0.0590761 0.0193484 0.00519429 0.00289569 0.00444888 0.00745042 0.0111865 0.0150261 0.0183403 0.0207927 0.02244 0.0235005 0.0240154 0.0237367 0.0223381 0.0197325
 1.04131e-16 5.41494e-05 0.000526352 0.00349779 0.0159005 0.0494724 0.105407 0.153851 0.153879 0.105543 0.0499283 0.0172169 0.00680129 0.00773501 0.0137366 0.0226037 0.0325135 0.0408067 0.0448232 0.0433668 0.0374373 0.0295719 0.0223336 0.017109 0.0139119 0.0119733
 1.06777e-16 3.68468e-05 0.000358164 0.00238013 0.0108197 0.0336644 0.0717271 0.104696 0.104735 0.0719181 0.0343062 0.0126748 0.00704166 0.0105513 0.0194451 0.0322174 0.0467062 0.0593557 0.066536 0.0665315 0.0604897 0.0515003 0.0426044 0.0353322 0.0296298 0.0247424
 1.05199e-16 6.37309e-05 0.000619487 0.00411671 0.018714 0.0582262 0.124058 0.181068 0.18108 0.124115 0.0584203 0.019276 0.00553255 0.00372683 0.00601388 0.00996922 0.0146552 0.0190614 0.0221913 0.0235746 0.0234932 0.0226727 0.0217084 0.0207137 0.019416 0.0175138
 1.03153e-16 5.98578e-05 0.000581839 0.00386653 0.0175767 0.0546877 0.116519 0.170067 0.170089 0.116626 0.0550476 0.0186162 0.00647569 0.00627679 0.0108732 0.0178752 0.0257329 0.0323409 0.0356012 0.0345606 0.0299846 0.0238402 0.0181172 0.0138962 0.0112054 0.00948265
 1.06248e-16 2.84902e-05 0.000276935 0.00184033 0.00836592 0.0260298 0.055461 0.0809574 0.0810073 0.0557047 0.0268482 0.0107308 0.00777961 0.0132527 0.0247018 0.0408695 0.0590506 0.0746274 0.0828859 0.0816162 0.0723757 0.0593296 0.0466642 0.0366205 0.0292903 0.0236851
 1.1427e-16 3.66561e-05 0.00035631 0.00236781 0.0107637 0.0334901 0.071355 0.10415 0.104173 0.0714692 0.0338746 0.011879 0.00518475 0.00656341 0.0119946 0.0202149 0.0301541 0.040093 0.0482461 0.0537195 0.0568495 0.0585598 0.0593357 0.0587614 0.0559623 0.0504458
 1.04069e-16 7.2624e-05 0.000705932 0.00469116 0.0213254 0.0663511 0.141368 0.206332 0.206339 0.141399 0.0664538 0.0216223 0.00543831 0.00234266 0.00319827 0.00521877 0.00762309 0.00983165 0.0113154 0.0118566 0.0116743 0.0112491 0.0109815 0.0109568 0.0109631 0.0106898
pSPR Fmed_Fpbrs
0.376529   0.6 0.325
Fs Fmed_Fpbrs
0.662473   0.313934 0.785357
SSBpbr Bo_Bmed_Bpbrs
1.22671e+06  400557  674692 337346
Ro
104491
SPR SPRFo_SPRFmed_SPRFpbrs
745817 280822 242391
Fref
0.313934
Nvult_r0
 119801 7433.86 2572.92 2466.51 586.748
CTP_r0
 34059.7 2827.66 996.398 956.1 227.454
YTP_r0
391248
Np
 126168 38115.6 10678.4 496.974 213.255
Nvult_p0
 88052.3 27773.7 7807.02 363.403 155.94
CTP_p0
 14490.9 6692.7 322.436 109.253 125.048
 14490.9 6481.75 1862.98 86.8211 37.2581
YTP_p0
 228308 257007
CBA_c0
236918
log_Ro
11.3769
likeval ReclasPelacesDesembMPH_pf_preclas_ppelaces_ptallas_desvR_qrecl_qpela
 13.4129 18.8319 0.0179907 0.000840165 245.443 117.049 103.163 0 26.6058 3.08241e-05 9.99695e-05 0.0183681 5.36735e-16 0 0
q_reclas_q_pelaces
2.19621 4.1474
M
1
N
 138926 30525.3 48949 4485.66 0.168602
 88037.7 41062.7 8007.43 12712.7 1164.4
 86490.6 21333.7 7924.41 1516.12 2624.74
 96410.7 20993.5 4127.58 1504.35 785.252
 74592.8 18002.9 2708.32 516.252 285.879
 216342 21345.1 4492.04 668.062 197.737
 64151.1 57994.7 4814.84 998.733 192.344
 23166 11340.7 6874.67 551.964 136.293
 27377.6 7352.03 3320.56 1999.37 200.092
 37085 5400.58 1032.39 453.195 299.72
 62907.8 4844.58 401.12 73.1377 53.1995
 112514 18981.1 1311.96 107.649 33.8881
 93065.9 21034.3 2453.07 164.394 17.705
 67083.1 18327.3 2945.94 333.897 24.7476
 52455.1 8101.73 1205.72 184.196 22.3623
 273070 7758.41 729.038 104.075 17.7892
 41504.5 50698.6 992.042 90.3535 15.0775
 498589 8873.36 8061.93 153.889 16.3327
 267483 123882 1779.92 1588.43 33.5058
 229865 57940.6 20102.5 281.929 256.567
 264245 51122.2 9793.08 3320.52 88.8346
 424021 63852.5 9822.74 1845.89 641.956
 65099.3 93781.7 10700.3 1608.27 406.814
 208197 17408.6 21074.7 2369.81 445.928
 172500 57469.6 4108.63 4909.06 655.417
 70753.2 47548.2 13533.7 954.883 1292.31
 170501 20423.6 12025 3384.99 561.708
 199721 46419.8 4718.62 2740.28 898.707
 52745.1 57926.4 11826.2 1189.16 916.533
 36838 15603 15214.8 3075.47 547.294
 159157 9282.04 3198.3 3065.29 729.179
pred_Ctot
 17570.9 5690.69 9358.34 858.747 0.0322798
 19645.7 12995.3 2590.8 4118.02 377.206
 19236.2 6731.18 2556.25 489.644 847.736
 31683.1 9356.38 1874.16 683.735 356.92
 10691.1 3778.42 582.619 111.203 61.5842
 38068.8 5429.57 1169.97 174.219 51.5696
 22334.2 27148.3 2294.77 476.453 91.7638
 2035.27 1490.51 927.73 74.5921 18.4199
 8437.88 3100.44 1427.61 860.471 86.1188
 16400.2 3076.59 596.896 262.23 173.432
 7266.98 828.396 70.365 12.8474 9.34573
 36927.8 8450.19 595.06 48.874 15.3865
 28743.2 8886.47 1056.54 70.8771 7.63378
 31079.1 10829.9 1765.51 200.255 14.843
 21309.7 4311.08 651.941 99.6807 12.1023
 90308.5 3476.56 332.801 47.5563 8.12908
 11479.8 19448.8 388.387 35.4119 5.90961
 105608 2677.93 2488.35 47.5554 5.04751
 72554 46710.3 685.048 612.015 12.9104
 59840.3 21064 7462.43 104.773 95.3539
 59300.9 16262.2 3184.73 1081.11 28.9249
 111366 23396.8 3674.93 691.359 240.452
 11532.6 24005 2804.32 422.023 106.758
 33633 4088.67 5070.43 570.894 107.432
 27988.5 13553 992.543 1187.43 158.546
 9823.02 9683.61 2825.53 199.622 270.18
 28708.5 4986.17 3006.68 847.449 140.636
 27236.1 9294.94 968.66 563.285 184.749
 6648.03 10763.5 2253.61 226.912 174.902
 7565.41 4577.61 4566.14 924.099 164.459
 34059.7 2827.66 996.398 956.1 227.454
F
 0.218838 0.338185 0.348179 0.348721 0.34875
 0.417476 0.645153 0.664219 0.665253 0.665308
 0.415822 0.642597 0.661587 0.662618 0.662672
 0.678082 1.04789 1.07885 1.08053 1.08062
 0.251221 0.388228 0.399701 0.400324 0.400357
 0.316507 0.489119 0.503574 0.504358 0.5044
 0.732841 1.13251 1.16598 1.16779 1.16789
 0.147711 0.228267 0.235013 0.235379 0.235398
 0.623221 0.963105 0.991566 0.993111 0.993192
 1.03535 1.6 1.64728 1.64985 1.64998
 0.198228 0.306335 0.315388 0.315879 0.315905
 0.676926 1.0461 1.07701 1.07869 1.07878
 0.624916 0.965725 0.994264 0.995813 0.995894
 1.11386 1.72132 1.77218 1.77494 1.77509
 0.911179 1.40811 1.44972 1.45198 1.4521
 0.683829 1.05677 1.088 1.08969 1.08978
 0.542749 0.838746 0.863533 0.864878 0.864949
 0.392452 0.606483 0.624406 0.625378 0.62543
 0.529637 0.818484 0.842672 0.843985 0.844054
 0.503273 0.777742 0.800725 0.801973 0.802038
 0.420301 0.649519 0.668714 0.669756 0.66981
 0.508813 0.786303 0.80954 0.810801 0.810867
 0.31895 0.492895 0.507461 0.508252 0.508294
 0.287229 0.443875 0.456992 0.457704 0.457742
 0.288652 0.446073 0.459255 0.459971 0.460008
 0.242505 0.374759 0.385834 0.386435 0.386466
 0.301014 0.465177 0.478924 0.47967 0.47971
 0.237748 0.367408 0.378266 0.378855 0.378886
 0.21801 0.336905 0.346862 0.347402 0.34743
 0.378449 0.584843 0.602126 0.603064 0.603114
 0.397239 0.613881 0.632022 0.633006 0.633058
YTP_r0W_actual
 282695 39870 27500.6 32698.6 8484.03
YTP_p0W_proyectada
 108537 104875 7457.93 3208.75 4230.37
 108537 101569 43090.6 2549.93 1260.44
CTP_r0_actual
 34059.7 2827.66 996.398 956.1 227.454
CTP_p0_proyectada
 14490.9 6692.7 322.436 109.253 125.048
 14490.9 6481.75 1862.98 86.8211 37.2581
Wmedp
 7.49 15.67 23.13 29.37 33.83
Frms_r0
 0.397239 0.613881 0.632022 0.633006 0.633058
Zrms_r0
 1.39724 1.61388 1.63202 1.63301 1.63306
nmprior
 8.19 8.8 8.5 0
nm_flota  nm_reclas  nm_pelaces    nm_pelaL
inf 18.7972 11.8321 24.8301
cv_recla  cv_pelaces  cv_mph
0.331273 0.410051 0.894515
 ------------------------------------------------
Talla a la edad & desviaci?n 
 8 13.2811 15.8009 17.003 17.5766
 0.8 1.32811 1.58009 1.7003 1.75766
