years
 1991 1992 1993 1994 1995 1996 1997 1998 1999 2000 2001 2002 2003 2004 2005 2006 2007 2008 2009 2010 2011 2012 2013 2014 2015 2016 2017 2018 2019 2020 2021
reclasobs
 0 0 0 0 0 0 0 0 0 252601 567819 844713 477998 351125 339783 2.1784e+06 2.13404e+06 4.81314e+06 1.55562e+06 2.62356e+06 3.21686e+06 3.843e+06 1.13348e+06 3.07943e+06 1.97215e+06 2.03268e+06 2.025e+06 2.42433e+06 2.27542e+06 1.05018e+06 2.36338e+06
reclaspred
 3.22191e+06 1.78551e+06 905197 926642 935857 1.52799e+06 917585 803199 578124 409231 503791 663415 651565 494310 491614 1.20986e+06 1.07099e+06 2.91651e+06 2.4215e+06 1.8731e+06 3.17734e+06 2.58609e+06 2.05769e+06 3.10995e+06 2.31845e+06 2.05377e+06 2.42288e+06 2.60164e+06 2.10391e+06 1.31092e+06 1.8728e+06
pelacesobs
 0 0 0 0 0 0 0 0 0 0 0 0 0 0 0 552880 188675 0 991730 2.46772e+06 1.41603e+06 1.21717e+06 2.29649e+06 1.80582e+06 0 1.4828e+06 1.56532e+06 1.57751e+06 1.42118e+06 867257 1.10002e+06
pelacespred
 1.79325e+06 1.09663e+06 549609 462764 495535 838577 454625 508659 345712 229181 297370 324363 351485 276465 284282 580968 515190 1.65664e+06 1.39421e+06 995057 1.6625e+06 1.45484e+06 1.16595e+06 1.93999e+06 1.38702e+06 1.22873e+06 1.65403e+06 1.75104e+06 1.16594e+06 819577 1.17255e+06
mphobs
 0 0 0 0 0 0 0 0 0 0 0 498337 0 5186 125008 0 168611 109162 213762 579715 649985 157893 87575 83554 0 0 0 0 0 0 0
mphpred
 494562 330790 162272 89481 99417.3 115925 154089 90187 80643.4 53465.6 34359.3 60746.2 65050.8 54118.5 34836.3 43773.3 135067 118496 295245 220150 247828 290045 278987 231612 315401 259852 213490 225697 320043 214302 127700
desembarqueobs
 494567 514787 250237 358949 120608 361735 552515 73892 212993 205616 52469 317467 293654 387597 252695 516296 358380 742168 942051 627588 828172 859565 418607 520667 417249 300574 415391 372974 316634 284311 391294
desembarquepred
 494573 513627 250810 358983 120614 361750 552564 73897 213051 205669 52471.9 317537 293703 387617 252685 516261 358434 742043 941808 627398 828277 859563 418603 520699 417244 300574 415392 372952 316620 284319 391300
Reclutas
 183223 102084 102749 167177 134360 233428 94923.4 41981.8 40022.2 53475.6 99616.3 137312 114723 80082.8 76664.7 380012 74357.9 678173 376697 318676 402991 580882 123222 333472 289984 129469 283676 323681 95794.4 70420.5 263507
log_desv_Rt
 0.156137 -0.428773 -0.422281 0.0644868 -0.154045 0.398308 -0.501496 -1.31733 -1.36513 -1.07534 -0.453241 -0.132311 -0.312047 -0.671505 -0.715125 0.885635 -0.745677 1.46484 0.876876 0.709609 0.944349 1.30998 -0.240576 0.754992 0.61526 -0.191121 0.593267 0.725192 -0.492362 -0.800082 0.519514
SSB
 2.56824e+06 1.71778e+06 842671 464671 516269 601993 800174 468336 418777 277644 178426 315452 337806 281035 180903 227313 701394 615343 1.53319e+06 1.14323e+06 1.28696e+06 1.50619e+06 1.44877e+06 1.20275e+06 1.63786e+06 1.3494e+06 1.10864e+06 1.17203e+06 1.66197e+06 1.11286e+06 663139
BT
 3.53379e+06 2.41109e+06 1.20084e+06 1.10332e+06 956023 1.76565e+06 1.28429e+06 949186 812724 596403 562373 829303 877370 883277 747686 1.43034e+06 1.17668e+06 3.5402e+06 3.32165e+06 2.28588e+06 3.55891e+06 3.33058e+06 2.38957e+06 3.85837e+06 2.7967e+06 2.40188e+06 3.30142e+06 3.42066e+06 2.2879e+06 1.70061e+06 2.418e+06
Ftot
 0.164598 0.301602 0.29471 0.442643 0.147114 0.280327 0.630294 0.103968 0.410265 0.554193 0.129097 0.547721 0.513068 0.873837 0.615937 0.535578 0.365004 0.319228 0.438002 0.382368 0.301727 0.384221 0.222697 0.201239 0.202944 0.16323 0.204805 0.174255 0.160691 0.233927 0.256236
BD_Bspro_t
 0.97408 0.81681 0.635763 0.541631 0.537277 0.62188 0.615067 0.437901 0.496062 0.444177 0.405952 0.632387 0.512162 0.418744 0.3063 0.357724 0.517369 0.47478 0.626271 0.524637 0.505925 0.544045 0.564252 0.557412 0.66181 0.671047 0.67813 0.714247 0.764155 0.690926 0.613849
BD_Bspro
 2.29568 1.53548 0.753242 0.415357 0.461479 0.538106 0.715255 0.418634 0.374334 0.248179 0.159491 0.281974 0.301956 0.25121 0.161705 0.203189 0.626958 0.550039 1.37048 1.0219 1.15038 1.34634 1.29502 1.07511 1.46404 1.20619 0.990988 1.04765 1.48559 0.994755 0.592763
BD_Bo
 1.52129 1.01752 0.499154 0.275246 0.305811 0.356589 0.473981 0.277418 0.248062 0.164462 0.10569 0.186857 0.200098 0.16647 0.107157 0.134648 0.415469 0.364497 0.908183 0.677187 0.762325 0.892187 0.858174 0.712446 0.970183 0.799313 0.656702 0.69425 0.984463 0.659198 0.392808
BD_Brms
 2.76598 1.85004 0.907553 0.500448 0.556019 0.648344 0.861784 0.504396 0.451021 0.299021 0.192164 0.33974 0.363815 0.302673 0.194832 0.244815 0.755398 0.662722 1.65124 1.23125 1.38605 1.62216 1.56032 1.29536 1.76397 1.4533 1.194 1.26227 1.78993 1.19854 0.714197
Sel_flota
 0.748871 0.982656 0.999072 0.999951 0.999997
 0.748871 0.982656 0.999072 0.999951 0.999997
 0.748871 0.982656 0.999072 0.999951 0.999997
 0.748871 0.982656 0.999072 0.999951 0.999997
 0.748871 0.982656 0.999072 0.999951 0.999997
 0.748871 0.982656 0.999072 0.999951 0.999997
 0.748871 0.982656 0.999072 0.999951 0.999997
 0.748871 0.982656 0.999072 0.999951 0.999997
 0.748871 0.982656 0.999072 0.999951 0.999997
 0.748871 0.982656 0.999072 0.999951 0.999997
 0.748871 0.982656 0.999072 0.999951 0.999997
 0.748871 0.982656 0.999072 0.999951 0.999997
 0.748871 0.982656 0.999072 0.999951 0.999997
 0.748871 0.982656 0.999072 0.999951 0.999997
 0.748871 0.982656 0.999072 0.999951 0.999997
 0.748871 0.982656 0.999072 0.999951 0.999997
 0.748871 0.982656 0.999072 0.999951 0.999997
 0.748871 0.982656 0.999072 0.999951 0.999997
 0.748871 0.982656 0.999072 0.999951 0.999997
 0.748871 0.982656 0.999072 0.999951 0.999997
 0.748871 0.982656 0.999072 0.999951 0.999997
 0.748871 0.982656 0.999072 0.999951 0.999997
 0.748871 0.982656 0.999072 0.999951 0.999997
 0.748871 0.982656 0.999072 0.999951 0.999997
 0.748871 0.982656 0.999072 0.999951 0.999997
 0.748871 0.982656 0.999072 0.999951 0.999997
 0.748871 0.982656 0.999072 0.999951 0.999997
 0.748871 0.982656 0.999072 0.999951 0.999997
 0.748871 0.982656 0.999072 0.999951 0.999997
 0.748871 0.982656 0.999072 0.999951 0.999997
 0.748871 0.982656 0.999072 0.999951 0.999997
Sel_reclas
 1 1 1 1 1
 1 1 1 1 1
 1 1 1 1 1
 1 1 1 1 1
 1 1 1 1 1
 1 1 1 1 1
 1 1 1 1 1
 1 1 1 1 1
 1 1 1 1 1
 1 1 1 1 1
 1 1 1 1 1
 1 1 1 1 1
 1 1 1 1 1
 1 1 1 1 1
 1 1 1 1 1
 1 1 1 1 1
 1 1 1 1 1
 1 1 1 1 1
 1 1 1 1 1
 1 1 1 1 1
 1 1 1 1 1
 1 1 1 1 1
 1 1 1 1 1
 1 1 1 1 1
 1 1 1 1 1
 1 1 1 1 1
 1 1 1 1 1
 1 1 1 1 1
 1 1 1 1 1
 1 1 1 1 1
 1 1 1 1 1
Sel_pelaces
 0.998451 1 1 1 1
 0.998451 1 1 1 1
 0.998451 1 1 1 1
 0.998451 1 1 1 1
 0.998451 1 1 1 1
 0.998451 1 1 1 1
 0.998451 1 1 1 1
 0.998451 1 1 1 1
 0.998451 1 1 1 1
 0.998451 1 1 1 1
 0.998451 1 1 1 1
 0.998451 1 1 1 1
 0.998451 1 1 1 1
 0.998451 1 1 1 1
 0.998451 1 1 1 1
 0.998451 1 1 1 1
 0.998451 1 1 1 1
 0.998451 1 1 1 1
 0.998451 1 1 1 1
 0.998451 1 1 1 1
 0.998451 1 1 1 1
 0.998451 1 1 1 1
 0.998451 1 1 1 1
 0.998451 1 1 1 1
 0.998451 1 1 1 1
 0.998451 1 1 1 1
 0.998451 1 1 1 1
 0.998451 1 1 1 1
 0.998451 1 1 1 1
 0.998451 1 1 1 1
 0.998451 1 1 1 1
pf_obs 
 0.8446 0.082 0.0669 0.0065 0
 0.8095 0.147 0.0364 0.0071 0
 0.9664 0.0169 0.016 0.0007 0
 0.9276 0.0648 0.0075 0.0001 0
 0.7033 0.2144 0.0806 0.0017 0
 0.9318 0.0425 0.0243 0.0014 0
 0.5671 0.3108 0.0964 0.0239 0.0018
 0.0768 0.2599 0.5324 0.112 0.0189
 0.490249 0.384438 0.106611 0.0170017 0.00170017
 0.7925 0.1577 0.0466 0.003 0.0002
 0.840416 0.127587 0.0312969 0.00059994 9.999e-05
 0.8084 0.0986 0.0794 0.0134 0.0002
 0.7335 0.1905 0.0724 0.0035 0.0001
 0.4001 0.4547 0.1325 0.0127 0
 0.49795 0.308269 0.164784 0.0264974 0.00249975
 0.9179 0.0499 0.0305 0.0017 0
 0.2467 0.6533 0.0926 0.0074 0
 0.9418 0.0223 0.034 0.0019 0
 0.707729 0.231977 0.0356964 0.0245975 0
 0.517169 0.277429 0.184464 0.0207286 0.00020938
 0.811772 0.124168 0.05621 0.00726502 0.000585176
 0.764997 0.148141 0.077277 0.00933861 0.000247198
 0.163321 0.427699 0.378323 0.0303852 0.000271297
 0.753843 0.0900009 0.118128 0.0371064 0.000921714
 0.721811 0.176058 0.0630433 0.0369309 0.00215725
 0.143369 0.312575 0.442814 0.0836902 0.0175525
 0.692698 0.0596174 0.167031 0.0765114 0.00414204
 0.394062 0.376323 0.152708 0.0712218 0.00568511
 0.125707 0.32114 0.495352 0.0537591 0.00404204
 0.23352 0.215282 0.420074 0.123614 0.00750983
 0.796117 0.104755 0.0508955 0.0450114 0.00322123
pf_pred 
 0.461566 0.129588 0.384741 0.0241046 8.38671e-07
 0.417919 0.311249 0.0660504 0.192719 0.0120634
 0.570402 0.212354 0.11722 0.0244123 0.0756118
 0.738043 0.168688 0.0465523 0.0252192 0.0214973
 0.65189 0.277158 0.0460267 0.0124476 0.0124778
 0.746152 0.180901 0.0582853 0.00951401 0.0051474
 0.467503 0.425625 0.0765724 0.0242148 0.00608498
 0.451704 0.304465 0.195771 0.0344457 0.0136139
 0.536096 0.241895 0.124212 0.078535 0.0192619
 0.708833 0.179276 0.0589154 0.0296536 0.0233224
 0.820881 0.13874 0.0250711 0.00806456 0.00724309
 0.739262 0.223834 0.0286968 0.00509763 0.00310956
 0.685874 0.251121 0.0542528 0.00680782 0.00194474
 0.632787 0.276824 0.0725666 0.0153488 0.00247338
 0.743373 0.184534 0.0546853 0.0139788 0.00342853
 0.93222 0.0545649 0.00956274 0.00277156 0.000881186
 0.373118 0.596007 0.0249595 0.00428213 0.0016338
 0.919729 0.0359574 0.0421713 0.00173202 0.000410094
 0.5884 0.386917 0.0111733 0.0128574 0.000652434
 0.625703 0.248332 0.118557 0.00335506 0.00405228
 0.714246 0.199097 0.0578741 0.0270928 0.00169092
 0.749672 0.193354 0.0399255 0.0113894 0.00565882
 0.324869 0.542921 0.102581 0.0207703 0.00885948
 0.725571 0.107478 0.134732 0.0250038 0.00721517
 0.624906 0.292699 0.032622 0.0401753 0.0095981
 0.429961 0.393178 0.138563 0.0151717 0.0231263
 0.7236 0.138374 0.0957188 0.0331528 0.00915449
 0.685593 0.244725 0.0351997 0.0239205 0.0105626
 0.345263 0.486758 0.131266 0.0185539 0.0181591
 0.419629 0.238998 0.254928 0.0675659 0.0188792
 0.823731 0.0870742 0.0371271 0.0388921 0.0131753
pobs_RECLAS
 0 0 0 0 0
 0 0 0 0 0
 0 0 0 0 0
 0 0 0 0 0
 0 0 0 0 0
 0 0 0 0 0
 0 0 0 0 0
 0 0 0 0 0
 0 0 0 0 0
 0 0 0 0 0
 0.991045 0.00858322 0.000360255 1.14367e-05 0
 0.934742 0.0480273 0.0164251 0.00080598 0
 0.827803 0.169806 0.00239088 0 0
 0.941827 0.0461693 0.0120037 0 0
 0.791401 0.0380133 0.147996 0.0225897 0
 0.846168 0.0940531 0.0597789 0 0
 0.134021 0.677848 0.182769 0.00536245 0
 0.80878 0.0450904 0.141981 0.00414843 0
 0.846168 0.0940531 0.0597789 0 0
 0.905697 0.0802665 0.012482 0.00150086 5.37128e-05
 0.989698 0.0102097 9.19794e-05 0 0
 0.975433 0.0193895 0.00387452 0.00125025 5.28907e-05
 0.303575 0.632131 0.0575291 0.00676475 0
 0.966965 0.00978017 0.0227588 0.000495775 0
 0.843318 0.132988 0.00938335 0.0141283 0.000182051
 0.564624 0.303363 0.111486 0.0197234 0.00080311
 0.826376 0.0876187 0.0782897 0.00655872 0.00115652
 0.89761 0.0855135 0.0140674 0.00269457 0.000114338
 0.34875 0.467042 0.161289 0.0227151 0.000203297
 0.318654 0.224769 0.449479 0.00709798 0
 0.937255 0.0296025 0.0250945 0.00804832 0
ppred_RECLAS
 0.533457 0.11373 0.332028 0.0207835 7.23086e-07
 0.488957 0.275522 0.0574781 0.167555 0.0104877
 0.638999 0.180026 0.097692 0.020327 0.0629555
 0.790081 0.136037 0.0368937 0.0199683 0.0170205
 0.712116 0.230003 0.0375598 0.0101488 0.0101729
 0.795992 0.146101 0.0462774 0.0075471 0.00408304
 0.540761 0.368402 0.0651012 0.0205677 0.00516822
 0.521873 0.267494 0.169147 0.0297347 0.0117514
 0.607137 0.206591 0.10426 0.0658597 0.0161523
 0.765626 0.145312 0.0469163 0.023592 0.018554
 0.858221 0.110239 0.0195897 0.00629577 0.0056542
 0.791094 0.179789 0.0226462 0.00401903 0.00245149
 0.744612 0.204886 0.0434924 0.00545247 0.00155749
 0.70035 0.226937 0.0583882 0.0123376 0.00198804
 0.79544 0.147839 0.0430351 0.0109903 0.00269541
 0.948398 0.0416854 0.00717776 0.00207837 0.000660763
 0.440971 0.531948 0.0218964 0.00375317 0.00143191
 0.938632 0.0277505 0.0319936 0.00131282 0.000310823
 0.655098 0.324564 0.00921106 0.0105896 0.00053733
 0.690178 0.206751 0.0970159 0.00274295 0.0033128
 0.76857 0.162094 0.0463198 0.0216642 0.00135204
 0.799347 0.155601 0.0315798 0.00900036 0.00447163
 0.389027 0.492967 0.0915789 0.018526 0.00790179
 0.77882 0.0875244 0.107881 0.0200028 0.00577177
 0.687931 0.244446 0.0267877 0.0329606 0.0078741
 0.499621 0.346947 0.120231 0.0131527 0.0200478
 0.776818 0.11269 0.0766461 0.0265231 0.00732347
 0.742484 0.201207 0.0284571 0.0193211 0.0085313
 0.410862 0.439893 0.11665 0.0164733 0.0161219
 0.490706 0.211851 0.222173 0.0588317 0.0164379
 0.86156 0.0689938 0.0289222 0.0302697 0.0102539
pobs_PELACES
 0 0 0 0 0
 0 0 0 0 0
 0 0 0 0 0
 0 0 0 0 0
 0 0 0 0 0
 0 0 0 0 0
 0 0 0 0 0
 0 0 0 0 0
 0 0 0 0 0
 0 0 0 0 0
 0 0 0 0 0
 0 0 0 0 0
 0 0 0 0 0
 0 0 0 0 0
 0 0 0 0 0
 0 0 0 0 0
 0.505614 0.472636 0.0217494 0 0
 0 0 0 0 0
 0.443492 0.261883 0.143347 0.151278 0
 0.227955 0.32914 0.350689 0.0885471 0.00366901
 0.970185 0.0296113 0.000203453 0 0
 0.997202 0.00247181 0.000326279 0 0
 0.445219 0.490057 0.0546422 0.010081 0
 0.90214 0.0892962 0.00764917 0.000914606 0
 0 0 0 0 0
 0.581667 0.319106 0.0959925 0.00289975 0.000334073
 0.762889 0.0836404 0.116647 0.0363945 0.000428098
 0.88444 0.0763242 0.0277011 0.0115352 0
 0.521256 0.241999 0.230069 0.00667565 0
 0.616807 0.101726 0.260614 0.0208532 0
 0.833518 0.0704572 0.0857862 0.0102388 0
ppred_PELACES
 0.536399 0.11309 0.329864 0.0206471 7.18336e-07
 0.494581 0.272704 0.0567973 0.165555 0.0103626
 0.64406 0.177648 0.0962477 0.0200248 0.0620192
 0.795577 0.13259 0.0358727 0.0194132 0.0165473
 0.714154 0.228412 0.0372702 0.0100701 0.010094
 0.799302 0.143793 0.0454771 0.00741598 0.00401209
 0.552597 0.359153 0.0632505 0.0199793 0.00502033
 0.52355 0.266623 0.168501 0.0296202 0.0117062
 0.614548 0.202912 0.102177 0.0645356 0.0158275
 0.773144 0.140815 0.0453282 0.0227897 0.0179229
 0.859261 0.109448 0.0194356 0.006246 0.0056095
 0.797809 0.174083 0.0218624 0.00387932 0.00236625
 0.75188 0.199165 0.0421606 0.00528473 0.00150957
 0.714224 0.21668 0.055486 0.0117214 0.00188872
 0.802966 0.142533 0.0413523 0.0105587 0.00258953
 0.950336 0.040142 0.00689198 0.00199532 0.000634351
 0.447564 0.525724 0.0215975 0.00370154 0.00141221
 0.940002 0.027157 0.0312552 0.0012824 0.00030362
 0.662378 0.317759 0.00899656 0.0103417 0.000524746
 0.696268 0.202826 0.0949775 0.00268502 0.00324282
 0.7725 0.159421 0.0454815 0.0212703 0.00132745
 0.80389 0.152151 0.0308153 0.00878149 0.00436286
 0.392805 0.490034 0.0909244 0.0183924 0.00784478
 0.781332 0.086588 0.10661 0.0197661 0.00570346
 0.691004 0.242099 0.0265013 0.0326063 0.00778943
 0.50245 0.34508 0.119479 0.0130697 0.0199213
 0.779374 0.111461 0.0757263 0.0262032 0.00723513
 0.744791 0.199446 0.0281814 0.019133 0.00844821
 0.413544 0.437988 0.116044 0.0163869 0.0160374
 0.495017 0.210216 0.220179 0.0582996 0.0162892
 0.863804 0.0679246 0.0284345 0.0297571 0.0100802
pobs_pel_tallas
 0 0 0 0 0 0 0 0 0 0 0 0 0 0 0 0 0 0 0 0 0 0 0 0 0 0
 0 0 0 0 0 0 0 0 0 0 0 0 0 0 0 0 0 0 0 0 0 0 0 0 0 0
 0 0 0 0 0 0 0 0 0 0 0 0 0 0 0 0 0 0 0 0 0 0 0 0 0 0
 0 0 0 0 0 0 0 0 0 0 0 0 0 0 0 0 0 0 0 0 0 0 0 0 0 0
 0 0 0 0 0 0 0 0 0 0 0 0 0 0 0 0 0 0 0 0 0 0 0 0 0 0
 0 0 0 0 0 0 0 0 0 0 0 0 0 0 0 0 0 0 0 0 0 0 0 0 0 0
 0 0 0 0 0 0 0 0 0 0 0 0 0 0 0 0 0 0 0 0 0 0 0 0 0 0
 0 0 0 0 0 0 0 0 0 0 0 0 0 0 0 0 0 0 0 0 0 0 0 0 0 0
 0 0 0 0 0 0 0 0 0 0 0 0 0 0 0 0 0 0 0 0 0 0 0 0 0 0
 0 0 0 0 0 0 0 0 0 0 0 0 0 0 0 0 0 0 0 0 0 0 0 0 0 0
 0 0 0 0 0 0 0 0 0 0 0 0 0 0 0 0 0 0 0 0 0 0 0 0 0 0
 0 0 0 0 0 0 0 0 0 0 0 0 0 0 0 0 0 0 0 0 0 0 0 0 0 0
 0.00862536 0 0 0.000197151 0.00414017 0.0128641 0.00837892 0.0270097 0.101434 0.158115 0.152841 0.127902 0.109271 0.109419 0.0830992 0.0579132 0.0238553 0.00714673 0.00463305 0.00128148 0.00103504 0.000492878 0.000147863 0.000147863 4.92878e-05 0
 0 0 0 0 0 0 0 0 0 0 0 0 0 0 0 0 0 0 0 0 0 0 0 0 0 0
 0 0 0 0 0 0 0 0.0054083 0.00873648 0.0413646 0.0450493 0.0745869 0.0622846 0.0627006 0.0613931 0.0827291 0.12552 0.122667 0.0946155 0.0697135 0.0546179 0.0294188 0.0215738 0.0213955 0.0102223 0.00600262
 0 0 0 0 0.00359764 0.0251062 0.0480494 0.140153 0.205849 0.193036 0.1447 0.116669 0.0760912 0.0342217 0.00950174 0.001854 0.000860785 0 0 0 0.000165536 0 0.000143464 0 0 0
 0 0 0 0 0 0 0 0.000145254 0.000435761 0.0275982 0.070085 0.0708112 0.156366 0.174668 0.174014 0.160142 0.0824315 0.0480064 0.0283245 0.00493863 0.00203355 0 0 0 0 0
 0 0 0 0 0 0 0 0 0 0 0 0 0 0 0 0 0 0 0 0 0 0 0 0 0 0
 0 0 1.00437e-05 0.000401748 0.00122533 0.00171747 0.00176769 0.0269171 0.070346 0.194647 0.189555 0.159765 0.064822 0.0314167 0.0384472 0.0292271 0.0345202 0.0313363 0.0194345 0.0106764 0.0143323 0.0359363 0.0279516 0.0138201 0.00172751 0
 0 0.0021121 0.0136068 0.0755702 0.200478 0.177729 0.0527432 0.0373336 0.0318909 0.0142505 0.0149659 0.0166563 0.0217959 0.0798694 0.0677717 0.0528807 0.04013 0.0224614 0.0357745 0.0225083 0.00881397 0.00855152 0.00135912 0.000746735 0 0
 0 0 0 0 5.4009e-05 0.00500934 0.000945158 0.0243581 0.138947 0.33067 0.221406 0.137944 0.0707744 0.0437923 0.0131692 0.00525238 0.0047753 0.00276346 9.45158e-05 9.00151e-06 2.25038e-05 9.00151e-06 4.50075e-06 0 0 0
 0.000866109 0.00284123 0.00948549 0.0512746 0.133035 0.25785 0.225252 0.132002 0.0553304 0.0519788 0.0540692 0.017754 0.00435017 0.00159236 0.00146478 0.000404838 0.000125132 0.000115318 0.000107957 0.000100596 0 0 0 0 0 0
 0 0 0 0 0.00144013 0.00171154 0.00461396 0.0210425 0.0478622 0.0707936 0.0888783 0.103762 0.0637923 0.0337046 0.0602308 0.124433 0.169614 0.0934646 0.0462172 0.0250306 0.0313229 0.00938855 0.002487 0.000210481 0 0
 0 0.00764035 0.051015 0.0998891 0.058973 0.0496711 0.0374665 0.0718981 0.12319 0.153886 0.159021 0.0857701 0.0377988 0.023471 0.0147837 0.00900784 0.00315554 0.000888139 0.00291439 0.00214683 0.00393193 0.00274676 0.000635225 9.99891e-05 0 0
 0 0 0 0 0 0 0 0 0 0 0 0 0 0 0 0 0 0 0 0 0 0 0 0 0 0
 0 0 0 0 0 0 0 0 0 0 0 0 0 0 0 0 0 0 0 0 0 0 0 0 0 0
 0 0 0 0 0 0 0 0 0 0 0 0 0 0 0 0 0 0 0 0 0 0 0 0 0 0
 0 0 0 0 0 0 0 0 0 0 0 0 0 0 0 0 0 0 0 0 0 0 0 0 0 0
 0 0 0 0 0 0 0 0 0 0 0 0 0 0 0 0 0 0 0 0 0 0 0 0 0 0
 0 0 0 0 0 0 0 0 0 0 0 0 0 0 0 0 0 0 0 0 0 0 0 0 0 0
 0 0 0 0 0 0 0 0 0 0 0 0 0 0 0 0 0 0 0 0 0 0 0 0 0 0
ppred_pel_tallas
 1.11619e-16 4.41825e-05 0.00042947 0.00285398 0.0129738 0.0403663 0.086005 0.125529 0.125541 0.0860609 0.0405553 0.0135261 0.00426386 0.00358491 0.00626401 0.0108765 0.017036 0.0242728 0.0320302 0.0398801 0.0474724 0.0541848 0.058878 0.06017 0.0571564 0.0500451
 1.20066e-16 4.07381e-05 0.000395988 0.00263148 0.0119624 0.0372195 0.079301 0.115748 0.115774 0.0794299 0.0376525 0.0132145 0.00577946 0.00728556 0.0131797 0.0218761 0.0318923 0.0409784 0.0469442 0.0489724 0.0481702 0.0467795 0.0466326 0.0480436 0.0498368 0.0502594
 1.15327e-16 5.30504e-05 0.000515669 0.0034268 0.0155778 0.0484683 0.103267 0.150725 0.150743 0.103352 0.0487519 0.0163985 0.00549344 0.00504867 0.0087262 0.0145132 0.0213112 0.027683 0.0322161 0.0343225 0.0345777 0.0342399 0.0343335 0.0350309 0.0357153 0.0355088
 1.05817e-16 6.55307e-05 0.000636981 0.00423297 0.0192425 0.0598705 0.127561 0.186182 0.186194 0.127624 0.0600809 0.0198506 0.00576141 0.00397975 0.0064326 0.0105807 0.0153567 0.019577 0.0220913 0.0223999 0.0209501 0.0188074 0.0169637 0.0158248 0.0151835 0.014551
 1.03853e-16 5.88239e-05 0.00057179 0.00379974 0.0172731 0.0537431 0.114506 0.16713 0.167152 0.114614 0.0541046 0.0183171 0.00642088 0.00629556 0.0109348 0.017999 0.0259584 0.0327221 0.0362017 0.0354431 0.0311906 0.0253677 0.0199055 0.0158319 0.0131498 0.0113088
 1.02772e-16 6.58375e-05 0.000639964 0.00425279 0.0193326 0.0601508 0.128158 0.187054 0.187067 0.128226 0.0603791 0.0199923 0.00591069 0.00426564 0.00697062 0.0114692 0.016631 0.0211555 0.0237568 0.0238325 0.0217955 0.0187417 0.0157387 0.0133064 0.0113955 0.00971146
 1.04771e-16 4.55167e-05 0.000442439 0.00294016 0.0133656 0.0415854 0.0886035 0.129327 0.129361 0.0887727 0.0421539 0.0150076 0.00706307 0.00944654 0.0171571 0.0283215 0.0408637 0.0515358 0.0570535 0.0559008 0.0492171 0.0399838 0.0311965 0.0244549 0.0197903 0.0164106
 1.09883e-16 4.31242e-05 0.000419183 0.00278562 0.012663 0.0393995 0.0839458 0.122527 0.122553 0.0840725 0.0398255 0.0138963 0.00589143 0.00723315 0.0130838 0.0218228 0.0320422 0.0415712 0.0481902 0.0508323 0.0501016 0.0476156 0.0447578 0.0418994 0.0385802 0.0342483
 1.12151e-16 5.06196e-05 0.00049204 0.00326978 0.014864 0.0462474 0.0985358 0.14382 0.14384 0.0986321 0.0465712 0.0158009 0.00562844 0.00566428 0.00994296 0.0165422 0.0242658 0.0314629 0.0364949 0.0386524 0.0385425 0.0375428 0.0367708 0.0364083 0.0358125 0.0341462
 1.06663e-16 6.36829e-05 0.00061902 0.00411361 0.0186999 0.0581823 0.123964 0.180932 0.180946 0.124031 0.058406 0.0193467 0.00573967 0.00417723 0.00684681 0.0112866 0.0164168 0.0210012 0.0238341 0.0243903 0.0231326 0.0211569 0.0194633 0.0184277 0.0177922 0.0170313
 1.02165e-16 7.07762e-05 0.00068797 0.0045718 0.0207827 0.0646629 0.137772 0.201084 0.201094 0.137823 0.0648361 0.0212832 0.00582851 0.00343278 0.0052879 0.00864133 0.0124689 0.0157401 0.0174582 0.0171705 0.0152343 0.0125649 0.0100734 0.00823313 0.0070255 0.00617226
 1.01465e-16 6.57145e-05 0.000638768 0.00424484 0.0192964 0.0600385 0.127919 0.186705 0.186722 0.128001 0.0603137 0.0200912 0.00623955 0.00499245 0.00833179 0.0136639 0.0196622 0.0246939 0.0271407 0.0262546 0.0225987 0.017662 0.0129692 0.00937952 0.00697524 0.00540045
 1.02054e-16 6.19314e-05 0.000601995 0.00400047 0.0181856 0.0565822 0.120555 0.175958 0.175977 0.120649 0.0568976 0.0190968 0.00628871 0.0056005 0.00956451 0.0157386 0.0227224 0.0286895 0.0318138 0.0312398 0.0275701 0.0224196 0.0174175 0.0134455 0.0105541 0.00837066
 1.03152e-16 5.88297e-05 0.000571846 0.00380012 0.0172748 0.0537484 0.114517 0.167146 0.167167 0.11462 0.0540919 0.0182674 0.00629358 0.00602149 0.0104274 0.0171945 0.0248777 0.0315222 0.0351676 0.0348972 0.0313542 0.026248 0.0212724 0.0172968 0.014304 0.0118597
 1.02727e-16 6.61393e-05 0.000642898 0.00427228 0.0194212 0.0604266 0.128746 0.187911 0.187925 0.128813 0.0606527 0.0200748 0.00591456 0.00423369 0.00690244 0.0113503 0.0164471 0.0208988 0.0234289 0.0234439 0.0213633 0.0182899 0.0152986 0.0129129 0.0110787 0.00948586
 1.00517e-16 7.8278e-05 0.00076089 0.00505638 0.0229856 0.0715166 0.152374 0.222395 0.222399 0.152393 0.0715802 0.0231691 0.00551711 0.00176703 0.00199019 0.0031691 0.00456425 0.0057536 0.00636503 0.00622856 0.00547172 0.00442874 0.00343622 0.0026751 0.00215062 0.00177509
 1.01368e-16 3.68654e-05 0.000358345 0.00238133 0.0108252 0.0336815 0.0717639 0.104752 0.104803 0.072011 0.034511 0.01322 0.00838841 0.0134577 0.0248733 0.0409527 0.0587332 0.0733163 0.0797342 0.0756957 0.0629784 0.0462909 0.0305524 0.0186786 0.0111329 0.00687123
 1.01089e-16 7.74267e-05 0.000752615 0.00500139 0.0227356 0.0707389 0.150717 0.219976 0.219979 0.15073 0.0707827 0.0228627 0.00532255 0.0014604 0.00144121 0.00231091 0.00343932 0.00456916 0.00548591 0.00607603 0.00636284 0.00643847 0.00635529 0.00608101 0.00555051 0.00475317
 1.01467e-16 5.45592e-05 0.000530335 0.00352427 0.0160208 0.0498469 0.106205 0.155016 0.155047 0.106355 0.0503482 0.0174681 0.00715436 0.00844598 0.0150618 0.0247459 0.0354842 0.044293 0.0481766 0.0457659 0.0381573 0.0282173 0.0189252 0.0120233 0.0077434 0.00539047
 1.03611e-16 5.73507e-05 0.00055747 0.00370458 0.0168405 0.0523972 0.111638 0.162944 0.162963 0.111735 0.05272 0.0177743 0.00605326 0.00570052 0.00987117 0.0163481 0.0238216 0.0305284 0.0346833 0.0354174 0.0332216 0.0294817 0.0255202 0.0219404 0.0186661 0.0154148
 1.03712e-16 6.36298e-05 0.000618504 0.00411018 0.0186843 0.0581338 0.123861 0.180782 0.180797 0.123936 0.0583868 0.0194155 0.00594756 0.00463639 0.00771467 0.012707 0.0184264 0.0234433 0.0263443 0.026482 0.0243392 0.0211509 0.0181004 0.0157302 0.0139209 0.0122681
 1.02548e-16 6.62154e-05 0.000643637 0.00427719 0.0194435 0.0604961 0.128894 0.188127 0.188142 0.128966 0.060737 0.0201396 0.00602539 0.00446268 0.00732729 0.0120299 0.0173734 0.0219544 0.024389 0.0240409 0.0213893 0.0176812 0.0141582 0.0114659 0.0095901 0.0081803
 1.05922e-16 3.23549e-05 0.000314501 0.00208997 0.00950074 0.0295606 0.0629837 0.0919365 0.0919837 0.0632147 0.0303362 0.0117415 0.0077162 0.0126022 0.0233853 0.0386521 0.0557764 0.0703484 0.0778804 0.0762882 0.0671033 0.0543716 0.0421723 0.0327071 0.0260667 0.0212354
 1.06047e-16 6.43573e-05 0.000625576 0.00415717 0.0188979 0.0587984 0.125277 0.182847 0.182855 0.125318 0.0589386 0.0193046 0.00518534 0.00289465 0.0044459 0.00743691 0.0111484 0.0149443 0.0181988 0.0205951 0.0222286 0.0233678 0.0240936 0.0241614 0.0231964 0.0210195
 1.05415e-16 5.69171e-05 0.000553255 0.00367657 0.0167132 0.0520011 0.110795 0.161713 0.161736 0.110909 0.0523839 0.0178189 0.00645203 0.00661247 0.0115662 0.0190374 0.0274385 0.0345602 0.038206 0.0374036 0.0330011 0.0270989 0.0217735 0.0180787 0.0159051 0.0145102
 1.08219e-16 4.13862e-05 0.000402289 0.00267335 0.0121527 0.0378117 0.0805631 0.117591 0.117625 0.0807263 0.0383598 0.0137371 0.00665587 0.00911432 0.0166404 0.0275841 0.0400582 0.0510583 0.0575287 0.0580388 0.0535727 0.046727 0.0400075 0.0345954 0.0303147 0.0264203
 1.06067e-16 6.41961e-05 0.000624009 0.00414676 0.0188506 0.0586512 0.124963 0.182389 0.1824 0.125016 0.0588295 0.0193671 0.00544843 0.00348229 0.00554197 0.00919046 0.0135396 0.0176753 0.0207042 0.0222152 0.0224768 0.0221439 0.0217246 0.0212597 0.0204237 0.0188724
 1.04213e-16 6.13475e-05 0.00059632 0.00396276 0.0180141 0.0560487 0.119418 0.174299 0.174318 0.119512 0.0563642 0.0189255 0.00625088 0.00559266 0.00955456 0.0157107 0.0226576 0.0285669 0.0316268 0.0310247 0.0274369 0.0225649 0.0180974 0.0149015 0.0129156 0.0115784
 1.07819e-16 3.40631e-05 0.000331106 0.00220032 0.0100024 0.0311213 0.0663087 0.0967883 0.0968306 0.0665154 0.0318157 0.0120092 0.00724187 0.0113508 0.0210032 0.0347754 0.0503415 0.0638283 0.0712905 0.0708883 0.0639311 0.0538767 0.0441414 0.0364622 0.0307706 0.0261412
 1.15011e-16 4.07739e-05 0.000396337 0.0026338 0.0119729 0.0372522 0.0793705 0.115848 0.115869 0.0794712 0.0375912 0.0129561 0.00511728 0.00586901 0.0105852 0.0178307 0.0266113 0.0354211 0.0427148 0.0477476 0.0508655 0.0529197 0.0543352 0.0546797 0.0530515 0.0488499
 1.05529e-16 7.11504e-05 0.000691607 0.00459597 0.0208926 0.0650047 0.1385 0.202146 0.202152 0.138532 0.065113 0.0212059 0.0053845 0.00242025 0.00337615 0.0055283 0.0081014 0.0105049 0.0122018 0.012982 0.0130877 0.0130185 0.0131653 0.0135631 0.0139196 0.0138417
pSPR Fmed_Fpbrs
0.591543   0.6 0.325
Fs Fmed_Fpbrs
0.297578   0.288766 0.709367
SSBpbr Bo_Bmed_Bpbrs
1.6882e+06  914233  928509 464255
Ro
156737
SPR SPRFo_SPRFmed_SPRFpbrs
1.11873e+06 661775 363586
Fref
0.288766
Nvult_r0
 183494 15524.8 6532.67 6838.43 2316.55
CTP_r0
 29541.5 3122.74 1331.49 1394.79 472.508
YTP_r0
391300
Np
 212581 62996.1 22163.2 1714.31 914.547
Nvult_p0
 149585 45546.6 16053.2 1241.82 662.488
CTP_p0
 26596.1 12787 1008.47 422.193 567.632
 26596.1 10067.5 3594.35 278.238 148.439
YTP_p0
 454506 453293
CBA_c0
454142
log_Ro
11.7823
likeval ReclasPelacesDesembMPH_pf_preclas_ppelaces_ptallas_desvR_qrecl_qpela
 15.1218 20.5627 0.0540232 0.000817054 240.577 118.187 99.6774 0 24.0309 2.58527e-07 3.97942e-06 0.274184 7.51583e-16 0 0
q_reclas_q_pelaces
1.07471 1.32818
M
1
N
 183223 39821.1 116412 7287.42 0.25354
 102084 59587.2 12461.6 36331.7 2274.12
 102749 29962.1 16298.4 3391.7 10504.6
 167177 30313.3 8251 4466.63 3807.29
 134360 44149 7218.3 1950.53 1955.17
 233428 44272 14055.4 2292.5 1240.27
 94923.4 69612.6 12365.2 3907.67 981.928
 41981.8 21781.5 13785 2423.41 957.759
 40022.2 14287.4 7234.76 4570.91 1121.04
 53475.6 10828.7 3512.15 1766.52 1389.3
 99616.3 12990.4 2310.85 742.709 667.025
 137312 33269.8 4209.52 747.246 455.804
 114723 33518 7145.1 895.956 255.932
 80082.8 28740.2 7447.76 1574.34 253.689
 76664.7 15312.5 4479.97 1144.41 280.674
 380012 17782 3075.34 890.698 283.177
 74357.9 93608.6 3864.74 662.546 252.777
 678173 20812.4 24057.6 987.311 233.758
 376697 196437 5594.91 6433.49 326.447
 318676 99826.7 46990.1 1328.78 1604.85
 402991 88043.5 25221.6 11797.9 736.3
 580882 118269 24078.9 6863.73 3410.12
 123222 160263 29826.7 6034.38 2573.83
 333472 38367.8 47369.6 8783.83 2534.58
 289984 105515 11582.2 14252.4 3404.84
 129469 91638.2 31798.9 3478.89 5302.68
 283676 42148.8 28715.8 9937.88 2744.03
 323681 89519.9 12679.1 8609.22 3801.44
 95794.4 104508 27749.8 3919.09 3835.53
 70420.5 31245.3 32830.6 8694.46 2429.3
 263507 21743.2 9133.94 9560.59 3238.68
pred_Ctot
 13567.3 3809.12 11309.1 708.535 0.024652
 13288.2 9896.49 2100.14 6127.69 383.568
 13096.1 4875.55 2691.3 560.494 1736.01
 30628.7 7000.53 1931.91 1046.59 892.137
 8940.03 3800.94 631.21 170.707 171.12
 28422.9 6890.99 2220.24 362.413 196.078
 23453.4 21352.5 3841.44 1214.8 305.268
 2000.49 1348.41 867.025 152.552 60.2928
 6861.27 3095.92 1589.74 1005.14 246.525
 11874.2 3003.18 986.934 496.749 390.689
 5848.74 988.517 178.63 57.4597 51.6067
 30190.2 9140.99 1171.93 208.179 126.989
 23866.4 8738.26 1887.84 236.892 67.6713
 25619.8 11207.9 2938.02 621.429 100.14
 18586.8 4613.97 1367.31 349.518 85.7246
 81987 4798.88 841.025 243.754 77.4987
 11494.3 18360.6 768.905 131.916 50.3309
 92944.6 3633.73 4261.69 175.032 41.4427
 68384.8 44968.2 1298.58 1494.31 75.827
 51339.6 20375.9 9727.74 275.286 332.494
 52477 14628 4252.12 1990.56 124.235
 93983.5 24240 5005.3 1427.84 709.424
 12128.6 20269.4 3829.75 775.437 330.759
 29854.4 4422.31 5543.7 1028.81 296.876
 26167.5 12256.6 1366.02 1682.31 401.914
 9511.3 8697.61 3065.2 335.618 511.585
 25818.4 4937.24 3415.29 1182.91 326.637
 25299.4 9030.71 1298.92 882.701 389.778
 6933.31 9774.7 2635.99 372.587 364.658
 7256.19 4132.73 4408.19 1168.34 326.458
 29541.5 3122.74 1331.49 1394.79 472.508
F
 0.123263 0.161744 0.164445 0.16459 0.164598
 0.225861 0.296371 0.301322 0.301587 0.301601
 0.2207 0.289598 0.294436 0.294695 0.294709
 0.331483 0.434966 0.442232 0.442621 0.442642
 0.11017 0.144563 0.146978 0.147107 0.147114
 0.209929 0.275466 0.280067 0.280314 0.280327
 0.472009 0.619362 0.629709 0.630263 0.630292
 0.0778586 0.102165 0.103871 0.103963 0.103968
 0.307236 0.40315 0.409885 0.410245 0.410264
 0.415019 0.544581 0.553679 0.554166 0.554192
 0.0966769 0.126858 0.128977 0.129091 0.129097
 0.410173 0.538222 0.547213 0.547695 0.54772
 0.384222 0.50417 0.512592 0.513043 0.513067
 0.654391 0.858682 0.873026 0.873794 0.873835
 0.461257 0.605254 0.615365 0.615907 0.615935
 0.401079 0.52629 0.535081 0.535552 0.535577
 0.273341 0.358673 0.364665 0.364986 0.365003
 0.239061 0.313691 0.318932 0.319212 0.319227
 0.328007 0.430406 0.437596 0.437981 0.438001
 0.286344 0.375737 0.382013 0.382349 0.382367
 0.225955 0.296494 0.301447 0.301713 0.301726
 0.287732 0.377557 0.383864 0.384202 0.38422
 0.166772 0.218835 0.222491 0.222687 0.222697
 0.150702 0.197749 0.201052 0.201229 0.201239
 0.151979 0.199424 0.202756 0.202934 0.202943
 0.122238 0.160399 0.163079 0.163222 0.16323
 0.153373 0.201253 0.204615 0.204795 0.204805
 0.130494 0.171233 0.174093 0.174246 0.174255
 0.120337 0.157904 0.160542 0.160683 0.160691
 0.175181 0.22987 0.23371 0.233916 0.233926
 0.191887 0.251792 0.255998 0.256223 0.256235
YTP_r0W_actual
 245194 44030.7 36749.2 47701.7 17624.5
YTP_p0W_proyectada
 199205 200372 23326 12399.8 19203
 199205 157757 83137.2 8171.84 5021.7
CTP_r0_actual
 29541.5 3122.74 1331.49 1394.79 472.508
CTP_p0_proyectada
 26596.1 12787 1008.47 422.193 567.632
 26596.1 10067.5 3594.35 278.238 148.439
Wmedp
 7.49 15.67 23.13 29.37 33.83
Frms_r0
 0.191887 0.251792 0.255998 0.256223 0.256235
Zrms_r0
 1.19189 1.25179 1.256 1.25622 1.25623
nmprior
 8.19 8.8 8.5 0
nm_flota  nm_reclas  nm_pelaces    nm_pelaL
inf 12.5591 19.6378 47.9758
cv_recla  cv_pelaces  cv_mph
0.351744 0.42848 0.882126
 ------------------------------------------------
Talla a la edad & desviaci?n 
 8 13.2811 15.8009 17.003 17.5766
 0.8 1.32811 1.58009 1.7003 1.75766
