years
 1991 1992 1993 1994 1995 1996 1997 1998 1999 2000 2001 2002 2003 2004 2005 2006 2007 2008 2009 2010 2011 2012 2013 2014 2015 2016 2017 2018 2019 2020 2021
reclasobs
 0 0 0 0 0 0 0 0 0 252601 567819 844713 477998 351125 339783 2.1784e+06 2.13404e+06 4.81314e+06 1.55562e+06 2.62356e+06 3.21686e+06 3.843e+06 1.13348e+06 3.07943e+06 1.97215e+06 2.03268e+06 2.025e+06 2.42433e+06 2.27542e+06 1.05018e+06 2.36338e+06
reclaspred
 3.29316e+06 1.86142e+06 944094 952792 956033 1.48412e+06 968303 863638 630618 462999 507864 641343 634492 504190 508507 1.16756e+06 1.10469e+06 2.73166e+06 2.33476e+06 1.82143e+06 3.14174e+06 2.5498e+06 2.08146e+06 3.10389e+06 2.3321e+06 2.0674e+06 2.40877e+06 2.54412e+06 2.10376e+06 1.35082e+06 1.89451e+06
pelacesobs
 0 0 0 0 0 0 0 0 0 0 0 0 0 0 0 552880 188675 0 991730 2.46772e+06 1.41603e+06 1.21717e+06 2.29649e+06 1.80582e+06 0 1.4828e+06 1.56532e+06 1.57751e+06 1.42118e+06 867257 1.10002e+06
pelacespred
 1.84602e+06 1.16619e+06 595708 490609 507362 813764 502788 540140 386518 270470 303572 320950 347769 294022 302891 571548 540213 1.54254e+06 1.36191e+06 991143 1.63486e+06 1.46649e+06 1.18347e+06 1.91997e+06 1.40013e+06 1.23326e+06 1.63189e+06 1.70197e+06 1.15927e+06 846928 1.18633e+06
mphobs
 0 0 0 0 0 0 0 0 0 0 0 498337 0 5186 125008 0 168611 109162 213762 579715 649985 157893 87575 83554 0 0 0 0 0 0 0
mphpred
 497893 333794 168290 91705.1 102485 115597 151493 98539.1 86464.7 60447.4 40229.7 59893.9 64335.1 55226.4 38687.6 47923.3 132522 123803 275046 216085 242576 286721 274676 232194 310854 256400 211656 221527 306801 211792 131605
desembarqueobs
 494567 514787 250237 358949 120608 361735 552515 73892 212993 205616 52469 317467 293654 387597 252695 516296 358380 742168 942051 627588 828172 859565 418607 520667 417249 300574 415391 372974 316634 284311 391294
desembarquepred
 494574 513353 250969 358974 120613 361749 552568 73895.8 213038 205659 52471.4 317535 293709 387649 252697 516285 358426 742083 941885 627462 828257 859588 418610 520694 417251 300577 415395 372962 316629 284321 391300
Reclutas
 213957 121886 120868 214684 171695 286897 119996 55800.8 51617.4 67707.6 124062 160613 134563 94356.1 95004.9 460120 97993.2 810174 463445 377462 507565 715474 158132 433415 371749 168293 367618 415624 124476 92504.8 345400
log_desv_Rt
 0.0880675 -0.474627 -0.483013 0.0914584 -0.131988 0.381412 -0.490252 -1.25592 -1.33385 -1.06251 -0.456926 -0.198715 -0.375677 -0.730634 -0.723782 0.853778 -0.692812 1.41954 0.860979 0.65576 0.951915 1.29524 -0.21428 0.793985 0.64051 -0.152005 0.629336 0.75207 -0.453597 -0.750449 0.566994
SSB
 3.71241e+06 2.48884e+06 1.25481e+06 683775 764154 861920 1.12956e+06 734730 644701 450710 299962 446583 479698 411781 288464 357327 988112 923103 2.05081e+06 1.61118e+06 1.8087e+06 2.13786e+06 2.04804e+06 1.73129e+06 2.3178e+06 1.91178e+06 1.57816e+06 1.65176e+06 2.28758e+06 1.57917e+06 981279
BT
 4.9504e+06 3.37239e+06 1.71401e+06 1.50711e+06 1.34037e+06 2.30615e+06 1.73113e+06 1.39048e+06 1.16068e+06 863388 791074 1.05562e+06 1.12136e+06 1.12587e+06 997579 1.82519e+06 1.60839e+06 4.44506e+06 4.24579e+06 2.99367e+06 4.68214e+06 4.40726e+06 3.27009e+06 5.19738e+06 3.82256e+06 3.29429e+06 4.43066e+06 4.55299e+06 3.10733e+06 2.3548e+06 3.29043e+06
Ftot
 0.114217 0.206768 0.200861 0.297919 0.0995148 0.19668 0.42636 0.0671679 0.262627 0.342472 0.0854855 0.388951 0.362739 0.594245 0.402726 0.369057 0.248652 0.227037 0.314979 0.270998 0.210029 0.267671 0.154655 0.137245 0.140182 0.113306 0.140497 0.120627 0.113972 0.160975 0.171036
BD_Bspro_t
 0.981891 0.866335 0.724041 0.641559 0.636779 0.705255 0.695985 0.549701 0.603397 0.5655 0.534828 0.711295 0.600384 0.51524 0.413303 0.466215 0.602556 0.576152 0.693194 0.608814 0.590695 0.62923 0.647158 0.645695 0.735523 0.743243 0.750281 0.778885 0.816839 0.760302 0.701181
BD_Bspro
 2.65474 1.77977 0.897311 0.488967 0.546446 0.616359 0.80775 0.525405 0.461025 0.322302 0.214503 0.319351 0.343031 0.294464 0.20628 0.255524 0.706598 0.66011 1.46653 1.15215 1.2934 1.52878 1.46456 1.23805 1.65746 1.36711 1.12854 1.18117 1.63585 1.12926 0.701712
BD_Bo
 1.77813 1.19208 0.601013 0.327507 0.366006 0.412833 0.541025 0.351913 0.308791 0.215876 0.143672 0.213899 0.22976 0.19723 0.138165 0.171148 0.473274 0.442137 0.982271 0.771704 0.866311 1.02397 0.980949 0.829234 1.11015 0.91568 0.755889 0.791139 1.09568 0.756372 0.470002
BD_Brms
 3.23296 2.16741 1.09275 0.595466 0.665465 0.750605 0.983683 0.639841 0.561439 0.392502 0.261222 0.388908 0.417746 0.3586 0.251209 0.311179 0.860499 0.803886 1.78595 1.4031 1.57511 1.86176 1.78354 1.5077 2.01846 1.66487 1.37434 1.43843 1.99215 1.37522 0.854549
Sel_flota
 0.834841 1 1 1 1
 0.834841 1 1 1 1
 0.834841 1 1 1 1
 0.834841 1 1 1 1
 0.834841 1 1 1 1
 0.834841 1 1 1 1
 0.834841 1 1 1 1
 0.834841 1 1 1 1
 0.834841 1 1 1 1
 0.834841 1 1 1 1
 0.834841 1 1 1 1
 0.834841 1 1 1 1
 0.834841 1 1 1 1
 0.834841 1 1 1 1
 0.834841 1 1 1 1
 0.834841 1 1 1 1
 0.834841 1 1 1 1
 0.834841 1 1 1 1
 0.834841 1 1 1 1
 0.834841 1 1 1 1
 0.834841 1 1 1 1
 0.834841 1 1 1 1
 0.834841 1 1 1 1
 0.834841 1 1 1 1
 0.834841 1 1 1 1
 0.834841 1 1 1 1
 0.834841 1 1 1 1
 0.834841 1 1 1 1
 0.834841 1 1 1 1
 0.834841 1 1 1 1
 0.834841 1 1 1 1
Sel_reclas
 1 1 1 1 1
 1 1 1 1 1
 1 1 1 1 1
 1 1 1 1 1
 1 1 1 1 1
 1 1 1 1 1
 1 1 1 1 1
 1 1 1 1 1
 1 1 1 1 1
 1 1 1 1 1
 1 1 1 1 1
 1 1 1 1 1
 1 1 1 1 1
 1 1 1 1 1
 1 1 1 1 1
 1 1 1 1 1
 1 1 1 1 1
 1 1 1 1 1
 1 1 1 1 1
 1 1 1 1 1
 1 1 1 1 1
 1 1 1 1 1
 1 1 1 1 1
 1 1 1 1 1
 1 1 1 1 1
 1 1 1 1 1
 1 1 1 1 1
 1 1 1 1 1
 1 1 1 1 1
 1 1 1 1 1
 1 1 1 1 1
Sel_pelaces
 1 1 1 1 1
 1 1 1 1 1
 1 1 1 1 1
 1 1 1 1 1
 1 1 1 1 1
 1 1 1 1 1
 1 1 1 1 1
 1 1 1 1 1
 1 1 1 1 1
 1 1 1 1 1
 1 1 1 1 1
 1 1 1 1 1
 1 1 1 1 1
 1 1 1 1 1
 1 1 1 1 1
 1 1 1 1 1
 1 1 1 1 1
 1 1 1 1 1
 1 1 1 1 1
 1 1 1 1 1
 1 1 1 1 1
 1 1 1 1 1
 1 1 1 1 1
 1 1 1 1 1
 1 1 1 1 1
 1 1 1 1 1
 1 1 1 1 1
 1 1 1 1 1
 1 1 1 1 1
 1 1 1 1 1
 1 1 1 1 1
pf_obs 
 0.8446 0.082 0.0669 0.0065 0
 0.8095 0.147 0.0364 0.0071 0
 0.9664 0.0169 0.016 0.0007 0
 0.9276 0.0648 0.0075 0.0001 0
 0.7033 0.2144 0.0806 0.0017 0
 0.9318 0.0425 0.0243 0.0014 0
 0.5671 0.3108 0.0964 0.0239 0.0018
 0.0768 0.2599 0.5324 0.112 0.0189
 0.490249 0.384438 0.106611 0.0170017 0.00170017
 0.7925 0.1577 0.0466 0.003 0.0002
 0.840416 0.127587 0.0312969 0.00059994 9.999e-05
 0.8084 0.0986 0.0794 0.0134 0.0002
 0.7335 0.1905 0.0724 0.0035 0.0001
 0.4001 0.4547 0.1325 0.0127 0
 0.49795 0.308269 0.164784 0.0264974 0.00249975
 0.9179 0.0499 0.0305 0.0017 0
 0.2467 0.6533 0.0926 0.0074 0
 0.9418 0.0223 0.034 0.0019 0
 0.707729 0.231977 0.0356964 0.0245975 0
 0.517169 0.277429 0.184464 0.0207286 0.00020938
 0.811772 0.124168 0.05621 0.00726502 0.000585176
 0.764997 0.148141 0.077277 0.00933861 0.000247198
 0.163321 0.427699 0.378323 0.0303852 0.000271297
 0.753843 0.0900009 0.118128 0.0371064 0.000921714
 0.721811 0.176058 0.0630433 0.0369309 0.00215725
 0.143369 0.312575 0.442814 0.0836902 0.0175525
 0.692698 0.0596174 0.167031 0.0765114 0.00414204
 0.394062 0.376323 0.152708 0.0712218 0.00568511
 0.125707 0.32114 0.495352 0.0537591 0.00404204
 0.23352 0.215282 0.420074 0.123614 0.00750983
 0.796117 0.104755 0.0508955 0.0450114 0.00322123
pf_pred 
 0.439236 0.117524 0.419263 0.0239763 7.76239e-07
 0.412439 0.286053 0.0631896 0.225426 0.0128918
 0.5559 0.205097 0.116358 0.0257037 0.096941
 0.746123 0.153504 0.0463547 0.0262986 0.0277194
 0.647477 0.276325 0.0460724 0.0139128 0.0162128
 0.742196 0.177777 0.0627291 0.010459 0.00683888
 0.47228 0.410862 0.0805835 0.0284341 0.00784085
 0.444216 0.293527 0.204183 0.0400471 0.0180273
 0.525753 0.232732 0.127552 0.0887276 0.0252362
 0.68613 0.181042 0.0651838 0.0357248 0.0319191
 0.802612 0.144182 0.0306896 0.0110497 0.0114667
 0.728851 0.225278 0.033506 0.00713184 0.00523251
 0.674674 0.250511 0.0621584 0.00924491 0.00341155
 0.616871 0.275997 0.0824945 0.0204691 0.00416784
 0.721335 0.187311 0.0658089 0.01967 0.00587443
 0.92325 0.058602 0.0121984 0.00428571 0.00166355
 0.385255 0.576211 0.0294222 0.00612441 0.00298693
 0.910658 0.0388491 0.047328 0.00241664 0.000748375
 0.597244 0.372892 0.0129858 0.01582 0.00105795
 0.612939 0.250436 0.126495 0.00440512 0.00572545
 0.719431 0.185416 0.0615658 0.0310968 0.00249045
 0.7463 0.192356 0.0405391 0.0134607 0.00734347
 0.331772 0.523544 0.1097 0.0231193 0.0118645
 0.728934 0.102051 0.13242 0.0277465 0.00884847
 0.627808 0.284918 0.0328568 0.0426347 0.0117823
 0.438835 0.377078 0.140921 0.016251 0.0269147
 0.727941 0.132335 0.0938885 0.0350878 0.0107478
 0.689837 0.237172 0.0355042 0.0251894 0.0122972
 0.355882 0.469827 0.133275 0.019951 0.0210649
 0.429125 0.228872 0.249461 0.0707641 0.0217779
 0.824056 0.0840542 0.0368398 0.0401539 0.0148958
pobs_RECLAS
 0 0 0 0 0
 0 0 0 0 0
 0 0 0 0 0
 0 0 0 0 0
 0 0 0 0 0
 0 0 0 0 0
 0 0 0 0 0
 0 0 0 0 0
 0 0 0 0 0
 0 0 0 0 0
 0.991045 0.00858322 0.000360255 1.14367e-05 0
 0.934742 0.0480273 0.0164251 0.00080598 0
 0.827803 0.169806 0.00239088 0 0
 0.941827 0.0461693 0.0120037 0 0
 0.791401 0.0380133 0.147996 0.0225897 0
 0.846168 0.0940531 0.0597789 0 0
 0.134021 0.677848 0.182769 0.00536245 0
 0.80878 0.0450904 0.141981 0.00414843 0
 0.846168 0.0940531 0.0597789 0 0
 0.905697 0.0802665 0.012482 0.00150086 5.37128e-05
 0.989698 0.0102097 9.19794e-05 0 0
 0.975433 0.0193895 0.00387452 0.00125025 5.28907e-05
 0.303575 0.632131 0.0575291 0.00676475 0
 0.966965 0.00978017 0.0227588 0.000495775 0
 0.843318 0.132988 0.00938335 0.0141283 0.000182051
 0.564624 0.303363 0.111486 0.0197234 0.00080311
 0.826376 0.0876187 0.0782897 0.00655872 0.00115652
 0.89761 0.0855135 0.0140674 0.00269457 0.000114338
 0.34875 0.467042 0.161289 0.0227151 0.000203297
 0.318654 0.224769 0.449479 0.00709798 0
 0.937255 0.0296025 0.0250945 0.00804832 0
ppred_RECLAS
 0.484493 0.108039 0.385426 0.0220413 7.13592e-07
 0.457585 0.264074 0.0583344 0.208105 0.0119013
 0.600669 0.184422 0.104629 0.0231126 0.0871686
 0.779652 0.133231 0.0402327 0.0228254 0.0240585
 0.68782 0.244702 0.0407999 0.0123206 0.0143574
 0.775747 0.154641 0.0545654 0.00909785 0.00594886
 0.519348 0.374216 0.0733961 0.025898 0.00714152
 0.489353 0.269688 0.187601 0.0367947 0.0165633
 0.571504 0.21028 0.115246 0.0801679 0.0228016
 0.724845 0.158711 0.0571434 0.0313182 0.0279819
 0.829835 0.124297 0.026457 0.00952575 0.00988527
 0.764294 0.195832 0.0291263 0.00619963 0.00454856
 0.714304 0.219995 0.0545865 0.00811873 0.00299597
 0.661271 0.244013 0.0729344 0.018097 0.00368483
 0.757491 0.163009 0.0572705 0.0171179 0.00511225
 0.935503 0.0492464 0.0102509 0.00360151 0.00139797
 0.429795 0.534463 0.0272904 0.00568068 0.00277052
 0.924554 0.0328065 0.0399667 0.00204076 0.000631974
 0.641056 0.332329 0.0115732 0.0140991 0.000942864
 0.655824 0.222689 0.11248 0.00391706 0.00509109
 0.755011 0.161903 0.0537583 0.0271533 0.00217462
 0.779708 0.167027 0.0352009 0.0116881 0.00637647
 0.373486 0.490862 0.102852 0.0216761 0.0111239
 0.763474 0.0890473 0.115547 0.024211 0.007721
 0.6694 0.253079 0.0291851 0.0378703 0.0104657
 0.484083 0.346674 0.129558 0.0149406 0.0247445
 0.762576 0.115488 0.0819359 0.0306209 0.00937954
 0.727441 0.208418 0.0311997 0.0221354 0.0108063
 0.398656 0.438627 0.124425 0.0186261 0.0196661
 0.474418 0.210713 0.229669 0.0651498 0.0200501
 0.849061 0.0721088 0.0316043 0.0344474 0.0127789
pobs_PELACES
 0 0 0 0 0
 0 0 0 0 0
 0 0 0 0 0
 0 0 0 0 0
 0 0 0 0 0
 0 0 0 0 0
 0 0 0 0 0
 0 0 0 0 0
 0 0 0 0 0
 0 0 0 0 0
 0 0 0 0 0
 0 0 0 0 0
 0 0 0 0 0
 0 0 0 0 0
 0 0 0 0 0
 0 0 0 0 0
 0.505614 0.472636 0.0217494 0 0
 0 0 0 0 0
 0.443492 0.261883 0.143347 0.151278 0
 0.227955 0.32914 0.350689 0.0885471 0.00366901
 0.970185 0.0296113 0.000203453 0 0
 0.997202 0.00247181 0.000326279 0 0
 0.445219 0.490057 0.0546422 0.010081 0
 0.90214 0.0892962 0.00764917 0.000914606 0
 0 0 0 0 0
 0.581667 0.319106 0.0959925 0.00289975 0.000334073
 0.762889 0.0836404 0.116647 0.0363945 0.000428098
 0.88444 0.0763242 0.0277011 0.0115352 0
 0.521256 0.241999 0.230069 0.00667565 0
 0.616807 0.101726 0.260614 0.0208532 0
 0.833518 0.0704572 0.0857862 0.0102388 0
ppred_PELACES
 0.486048 0.107714 0.384263 0.0219748 7.11439e-07
 0.460383 0.262712 0.0580334 0.207032 0.0118399
 0.603292 0.18321 0.103941 0.0229608 0.086596
 0.782429 0.131552 0.0397257 0.0225377 0.0237554
 0.688984 0.24379 0.0406478 0.0122747 0.0143039
 0.777606 0.153359 0.054113 0.00902242 0.00589954
 0.525146 0.369702 0.0725108 0.0255856 0.00705537
 0.490268 0.269205 0.187265 0.0367288 0.0165336
 0.575006 0.208561 0.114305 0.0795128 0.0226153
 0.728552 0.156573 0.0563736 0.0308963 0.0276049
 0.830492 0.123817 0.0263548 0.00948898 0.00984711
 0.768091 0.192677 0.0286571 0.00609974 0.00447527
 0.718321 0.216901 0.0538189 0.00800457 0.00295384
 0.668488 0.238814 0.0713806 0.0177114 0.00360633
 0.7615 0.160314 0.0563237 0.0168349 0.00502773
 0.936706 0.0483278 0.0100597 0.00353433 0.00137189
 0.43312 0.531347 0.0271313 0.00564756 0.00275436
 0.925413 0.0324332 0.0395119 0.00201753 0.000624781
 0.644996 0.328681 0.0114462 0.0139443 0.000932513
 0.65915 0.220536 0.111393 0.0038792 0.00504189
 0.757122 0.160507 0.053295 0.0269193 0.00215588
 0.782203 0.165135 0.0348021 0.0115557 0.00630424
 0.375461 0.489315 0.102528 0.0216078 0.0110888
 0.764822 0.0885398 0.114889 0.024073 0.00767699
 0.671088 0.251787 0.029036 0.0376769 0.0104122
 0.485625 0.345637 0.129171 0.014896 0.0246705
 0.763959 0.114815 0.0814584 0.0304424 0.00932488
 0.728742 0.207423 0.0310507 0.0220297 0.0107547
 0.400146 0.43754 0.124116 0.0185799 0.0196174
 0.476606 0.209836 0.228713 0.0648786 0.0199666
 0.850251 0.0715399 0.031355 0.0341756 0.0126781
pobs_pel_tallas
 0 0 0 0 0 0 0 0 0 0 0 0 0 0 0 0 0 0 0 0 0 0 0 0 0 0
 0 0 0 0 0 0 0 0 0 0 0 0 0 0 0 0 0 0 0 0 0 0 0 0 0 0
 0 0 0 0 0 0 0 0 0 0 0 0 0 0 0 0 0 0 0 0 0 0 0 0 0 0
 0 0 0 0 0 0 0 0 0 0 0 0 0 0 0 0 0 0 0 0 0 0 0 0 0 0
 0 0 0 0 0 0 0 0 0 0 0 0 0 0 0 0 0 0 0 0 0 0 0 0 0 0
 0 0 0 0 0 0 0 0 0 0 0 0 0 0 0 0 0 0 0 0 0 0 0 0 0 0
 0 0 0 0 0 0 0 0 0 0 0 0 0 0 0 0 0 0 0 0 0 0 0 0 0 0
 0 0 0 0 0 0 0 0 0 0 0 0 0 0 0 0 0 0 0 0 0 0 0 0 0 0
 0 0 0 0 0 0 0 0 0 0 0 0 0 0 0 0 0 0 0 0 0 0 0 0 0 0
 0 0 0 0 0 0 0 0 0 0 0 0 0 0 0 0 0 0 0 0 0 0 0 0 0 0
 0 0 0 0 0 0 0 0 0 0 0 0 0 0 0 0 0 0 0 0 0 0 0 0 0 0
 0 0 0 0 0 0 0 0 0 0 0 0 0 0 0 0 0 0 0 0 0 0 0 0 0 0
 0.00862536 0 0 0.000197151 0.00414017 0.0128641 0.00837892 0.0270097 0.101434 0.158115 0.152841 0.127902 0.109271 0.109419 0.0830992 0.0579132 0.0238553 0.00714673 0.00463305 0.00128148 0.00103504 0.000492878 0.000147863 0.000147863 4.92878e-05 0
 0 0 0 0 0 0 0 0 0 0 0 0 0 0 0 0 0 0 0 0 0 0 0 0 0 0
 0 0 0 0 0 0 0 0.0054083 0.00873648 0.0413646 0.0450493 0.0745869 0.0622846 0.0627006 0.0613931 0.0827291 0.12552 0.122667 0.0946155 0.0697135 0.0546179 0.0294188 0.0215738 0.0213955 0.0102223 0.00600262
 0 0 0 0 0.00359764 0.0251062 0.0480494 0.140153 0.205849 0.193036 0.1447 0.116669 0.0760912 0.0342217 0.00950174 0.001854 0.000860785 0 0 0 0.000165536 0 0.000143464 0 0 0
 0 0 0 0 0 0 0 0.000145254 0.000435761 0.0275982 0.070085 0.0708112 0.156366 0.174668 0.174014 0.160142 0.0824315 0.0480064 0.0283245 0.00493863 0.00203355 0 0 0 0 0
 0 0 0 0 0 0 0 0 0 0 0 0 0 0 0 0 0 0 0 0 0 0 0 0 0 0
 0 0 1.00437e-05 0.000401748 0.00122533 0.00171747 0.00176769 0.0269171 0.070346 0.194647 0.189555 0.159765 0.064822 0.0314167 0.0384472 0.0292271 0.0345202 0.0313363 0.0194345 0.0106764 0.0143323 0.0359363 0.0279516 0.0138201 0.00172751 0
 0 0.0021121 0.0136068 0.0755702 0.200478 0.177729 0.0527432 0.0373336 0.0318909 0.0142505 0.0149659 0.0166563 0.0217959 0.0798694 0.0677717 0.0528807 0.04013 0.0224614 0.0357745 0.0225083 0.00881397 0.00855152 0.00135912 0.000746735 0 0
 0 0 0 0 5.4009e-05 0.00500934 0.000945158 0.0243581 0.138947 0.33067 0.221406 0.137944 0.0707744 0.0437923 0.0131692 0.00525238 0.0047753 0.00276346 9.45158e-05 9.00151e-06 2.25038e-05 9.00151e-06 4.50075e-06 0 0 0
 0.000866109 0.00284123 0.00948549 0.0512746 0.133035 0.25785 0.225252 0.132002 0.0553304 0.0519788 0.0540692 0.017754 0.00435017 0.00159236 0.00146478 0.000404838 0.000125132 0.000115318 0.000107957 0.000100596 0 0 0 0 0 0
 0 0 0 0 0.00144013 0.00171154 0.00461396 0.0210425 0.0478622 0.0707936 0.0888783 0.103762 0.0637923 0.0337046 0.0602308 0.124433 0.169614 0.0934646 0.0462172 0.0250306 0.0313229 0.00938855 0.002487 0.000210481 0 0
 0 0.00764035 0.051015 0.0998891 0.058973 0.0496711 0.0374665 0.0718981 0.12319 0.153886 0.159021 0.0857701 0.0377988 0.023471 0.0147837 0.00900784 0.00315554 0.000888139 0.00291439 0.00214683 0.00393193 0.00274676 0.000635225 9.99891e-05 0 0
 0 0 0 0 0 0 0 0 0 0 0 0 0 0 0 0 0 0 0 0 0 0 0 0 0 0
 0 0 0 0 0 0 0 0 0 0 0 0 0 0 0 0 0 0 0 0 0 0 0 0 0 0
 0 0 0 0 0 0 0 0 0 0 0 0 0 0 0 0 0 0 0 0 0 0 0 0 0 0
 0 0 0 0 0 0 0 0 0 0 0 0 0 0 0 0 0 0 0 0 0 0 0 0 0 0
 0 0 0 0 0 0 0 0 0 0 0 0 0 0 0 0 0 0 0 0 0 0 0 0 0 0
 0 0 0 0 0 0 0 0 0 0 0 0 0 0 0 0 0 0 0 0 0 0 0 0 0 0
 0 0 0 0 0 0 0 0 0 0 0 0 0 0 0 0 0 0 0 0 0 0 0 0 0 0
ppred_pel_tallas
 1.13321e-16 4.00351e-05 0.000389156 0.00258608 0.0117559 0.0365771 0.0779319 0.113746 0.113757 0.0779857 0.0367595 0.0122899 0.00395411 0.00346678 0.00615166 0.0108003 0.0171653 0.0249308 0.0336735 0.0429962 0.0524041 0.0609521 0.0670868 0.0690695 0.0658367 0.0576938
 1.24508e-16 3.79212e-05 0.000368608 0.00244953 0.0111352 0.0346459 0.0738178 0.107745 0.10777 0.0739421 0.0350636 0.0123432 0.00548787 0.00702295 0.012743 0.021195 0.0310036 0.0400734 0.0463908 0.0492736 0.0498631 0.0503092 0.0522335 0.0556514 0.0590512 0.0603828
 1.20004e-16 4.96924e-05 0.000483028 0.00320989 0.0145917 0.0454003 0.0967308 0.141185 0.141203 0.0968178 0.045693 0.0154391 0.00534435 0.00516724 0.00901971 0.0150305 0.0221236 0.0288562 0.0338211 0.0364686 0.0374412 0.0380549 0.0393282 0.0413296 0.0432465 0.0439648
 1.07461e-16 6.44476e-05 0.000626454 0.00416301 0.0189244 0.058881 0.125453 0.183105 0.183117 0.125515 0.05909 0.0195285 0.00568167 0.00394947 0.00639885 0.0105398 0.0153305 0.0196164 0.0222809 0.022852 0.0217874 0.0201373 0.0188499 0.0182629 0.0180878 0.0177577
 1.04887e-16 5.67507e-05 0.000551637 0.00366582 0.0166643 0.051849 0.110471 0.16124 0.161264 0.110586 0.0522348 0.0177788 0.00646407 0.00666269 0.0116702 0.0192235 0.0277361 0.0349886 0.0387625 0.0380505 0.0336565 0.0276356 0.0220392 0.0179401 0.0153047 0.0135045
 1.03505e-16 6.40504e-05 0.000622593 0.00413735 0.0188078 0.0585181 0.12468 0.181977 0.181991 0.124752 0.0587617 0.0195121 0.00590774 0.0044958 0.00744473 0.012271 0.0178222 0.0227294 0.0256344 0.0259015 0.0239634 0.020964 0.0180019 0.0155876 0.0136351 0.0118174
 1.05947e-16 4.32557e-05 0.00042046 0.00279411 0.0127016 0.0395197 0.0842022 0.122903 0.122939 0.0843765 0.0401051 0.0143929 0.00704132 0.00969833 0.0176819 0.029212 0.0421922 0.0533045 0.0591916 0.0583084 0.0518233 0.0427718 0.0341759 0.0276054 0.0230229 0.0195727
 1.11955e-16 4.03828e-05 0.000392535 0.00260853 0.011858 0.0368949 0.0786094 0.114738 0.114764 0.0787375 0.0373257 0.0131054 0.00575142 0.00729272 0.0132605 0.0221606 0.0326274 0.0425163 0.0496322 0.0529242 0.0529851 0.0513709 0.0493478 0.0471383 0.0441509 0.0397665
 1.15154e-16 4.73625e-05 0.000460381 0.00305939 0.0139076 0.0432717 0.0921957 0.134567 0.134587 0.0922948 0.0436049 0.0148721 0.0054886 0.00579092 0.0102533 0.0170955 0.0251482 0.0327595 0.0382941 0.0410658 0.0417143 0.0416215 0.0418405 0.042412 0.0425104 0.0411381
 1.09437e-16 6.00099e-05 0.000583318 0.00387635 0.0176213 0.0548266 0.116814 0.170497 0.170512 0.116889 0.0550756 0.0183415 0.00568744 0.00454867 0.00762618 0.0126073 0.0183842 0.0236172 0.026998 0.0279727 0.0270699 0.0254926 0.0242989 0.0238175 0.0236545 0.0231273
 1.03411e-16 6.84065e-05 0.000664936 0.00441873 0.0200869 0.062498 0.133159 0.194352 0.194364 0.133217 0.0626941 0.0206537 0.0058424 0.00377584 0.00598566 0.00981166 0.0141865 0.0179686 0.0200476 0.019925 0.0180075 0.015315 0.0128433 0.011078 0.00994566 0.00909053
 1.02246e-16 6.32667e-05 0.000614975 0.00408673 0.0185777 0.0578021 0.123154 0.179751 0.17977 0.123245 0.0581069 0.0194579 0.00629635 0.00543905 0.00922639 0.0151565 0.0218359 0.0274775 0.0303035 0.0294945 0.025671 0.0204619 0.0155209 0.0117569 0.00922389 0.00750601
 1.02912e-16 5.91672e-05 0.000575127 0.00382192 0.0173739 0.0540568 0.115174 0.168105 0.168126 0.115277 0.0544005 0.0183672 0.00631702 0.00602769 0.0104314 0.0171951 0.0248656 0.031479 0.0350651 0.0347006 0.0310301 0.025775 0.0206518 0.016558 0.0135023 0.0110649
 1.04508e-16 5.50625e-05 0.000535227 0.00355677 0.0161686 0.0503066 0.107184 0.156444 0.156467 0.107297 0.0506855 0.0172639 0.00630912 0.00655362 0.0115145 0.0190257 0.0275824 0.0350644 0.0393378 0.039407 0.0359683 0.0308575 0.0258617 0.0218479 0.0187246 0.0159822
 1.04206e-16 6.27238e-05 0.000609698 0.00405166 0.0184182 0.0573061 0.122097 0.178208 0.178223 0.122173 0.0575608 0.0191546 0.00590287 0.00466021 0.00778281 0.0128394 0.0186594 0.0238234 0.0269234 0.0273077 0.0254389 0.022512 0.0196584 0.0173759 0.0155266 0.0137238
 1.0089e-16 7.71553e-05 0.000749977 0.00498386 0.0226559 0.0704909 0.150189 0.219206 0.21921 0.150211 0.0705675 0.0228771 0.00553931 0.00196351 0.00238481 0.00382822 0.00552568 0.00698807 0.00777413 0.00768317 0.00686797 0.00572324 0.00463968 0.00381668 0.00324348 0.00280388
 1.01952e-16 3.56756e-05 0.00034678 0.00230448 0.0104758 0.0325945 0.0694479 0.101372 0.101423 0.0696978 0.0334331 0.0128969 0.00837793 0.0135924 0.0251539 0.0414292 0.059445 0.0742652 0.0808826 0.0769887 0.0643744 0.0477744 0.0321206 0.0203142 0.0127867 0.00846655
 1.01457e-16 7.6225e-05 0.000740934 0.00492377 0.0223827 0.069641 0.148378 0.216562 0.216565 0.148393 0.0696935 0.0225348 0.00530816 0.00158864 0.00171127 0.00277368 0.00413958 0.00551957 0.00666299 0.00743605 0.00786295 0.00804322 0.00802373 0.0077497 0.00713222 0.00615658
 1.01971e-16 5.31275e-05 0.000516419 0.00343179 0.0156004 0.0485389 0.103418 0.150949 0.15098 0.103573 0.0490575 0.0170977 0.00718774 0.0087073 0.0155846 0.0256167 0.0367491 0.0459069 0.0500012 0.0476241 0.0399108 0.0298165 0.0204003 0.0134331 0.0091218 0.00672393
 1.04514e-16 5.42933e-05 0.000527751 0.00350709 0.0159427 0.0496039 0.105687 0.154258 0.154279 0.105792 0.0499552 0.016959 0.00606391 0.00612869 0.010748 0.0178295 0.0260186 0.0334222 0.0381159 0.039161 0.0370775 0.0333343 0.0293132 0.0256128 0.0221117 0.0184968
 1.04644e-16 6.23632e-05 0.000606193 0.00402836 0.0183124 0.0569767 0.121395 0.177183 0.177199 0.121471 0.0572316 0.0190495 0.0058815 0.00466081 0.00779019 0.0128525 0.0186805 0.023858 0.0269847 0.0274228 0.0256518 0.0228793 0.0202329 0.0181824 0.0165406 0.0148662
 1.03273e-16 6.44291e-05 0.000626274 0.00416181 0.018919 0.0588641 0.125417 0.183053 0.183069 0.125495 0.0591257 0.0196748 0.00605995 0.00477344 0.00795112 0.0130706 0.0188887 0.0238951 0.0265964 0.0263102 0.0235606 0.0196971 0.0160532 0.0133056 0.0114098 0.00995919
 1.07128e-16 3.09263e-05 0.000300615 0.00199769 0.00908125 0.0282554 0.0602028 0.0878777 0.0879249 0.0604336 0.0290303 0.0113202 0.00762033 0.0125837 0.0233848 0.0386792 0.055876 0.0706019 0.0784048 0.0772185 0.0685581 0.0564106 0.0447637 0.035719 0.0292909 0.0244331
 1.07052e-16 6.29974e-05 0.000612357 0.00406933 0.0184986 0.057556 0.122629 0.178983 0.178992 0.122672 0.0576995 0.0189152 0.00512322 0.00293998 0.00456285 0.00765122 0.011502 0.0154847 0.0189786 0.0216724 0.0236608 0.0251925 0.0263015 0.0266763 0.0258771 0.0236867
 1.06443e-16 5.52767e-05 0.000537309 0.00357061 0.0162315 0.0505023 0.107601 0.157053 0.157077 0.10772 0.0509005 0.0173817 0.00645812 0.00684195 0.0120331 0.0198188 0.0285816 0.0360368 0.0399137 0.0392141 0.0348286 0.0289386 0.0236846 0.0201257 0.0181012 0.0167932
 1.09485e-16 4.00004e-05 0.000388818 0.00258383 0.0117458 0.0365456 0.0778655 0.113654 0.113687 0.078029 0.0370949 0.0133339 0.00657659 0.00912593 0.0166948 0.0276975 0.0402725 0.0514359 0.0581528 0.0590051 0.0549711 0.0486126 0.0423719 0.0373522 0.0333079 0.0294546
 1.07012e-16 6.29263e-05 0.000611666 0.00406474 0.0184777 0.0574911 0.122491 0.178782 0.178793 0.122546 0.057675 0.0190103 0.00540723 0.00356078 0.00571835 0.00949778 0.0140154 0.0183449 0.0215809 0.0233117 0.0238162 0.0237552 0.0236204 0.023409 0.0227382 0.021218
 1.04979e-16 6.00256e-05 0.00058347 0.00387737 0.017626 0.054841 0.116845 0.170543 0.170563 0.116943 0.0551692 0.0185741 0.00625793 0.00578234 0.00994018 0.0163566 0.0236034 0.0297904 0.0330431 0.0325259 0.0289462 0.0240687 0.0196324 0.0165112 0.0146077 0.0133081
 1.08877e-16 3.29596e-05 0.000320379 0.00212903 0.0096783 0.030113 0.0641605 0.093653 0.0936953 0.0643671 0.030807 0.0116841 0.00716875 0.0113384 0.0210059 0.0347999 0.0504206 0.064021 0.0716821 0.0715795 0.0650144 0.0554068 0.0461096 0.0387868 0.0333087 0.028717
 1.1654e-16 3.92574e-05 0.000381596 0.00253584 0.0115276 0.0358667 0.0764186 0.111539 0.11156 0.0765192 0.0362055 0.0125103 0.00501885 0.00585604 0.0105954 0.0178725 0.0267256 0.0356817 0.0432301 0.0486505 0.0522875 0.0549531 0.0569954 0.0578824 0.0566162 0.0525307
 1.06497e-16 7.00341e-05 0.000680756 0.00452387 0.0205648 0.0639849 0.136327 0.198974 0.198981 0.136361 0.064099 0.0208951 0.00535524 0.002504 0.00355794 0.00583945 0.00857148 0.0111445 0.0130039 0.0139393 0.0142123 0.0143458 0.0147351 0.0153867 0.0159545 0.0159879
pSPR Fmed_Fpbrs
0.677542   0.6 0.325
Fs Fmed_Fpbrs
0.203516   0.272665 0.663009
SSBpbr Bo_Bmed_Bpbrs
2.08782e+06  1.31019e+06  1.1483e+06 574150
Ro
195921
SPR SPRFo_SPRFmed_SPRFpbrs
1.39841e+06 947480 454482
Fref
0.272665
Nvult_r0
 235242 20527 8996.72 9806.05 3637.73
CTP_r0
 29392.8 2998.08 1314.02 1432.23 531.31
YTP_r0
391300
Np
 275246 80643 30853.5 2583.57 1449.49
Nvult_p0
 194603 58056.2 22211.9 1859.95 1043.51
CTP_p0
 36083.9 16990.8 1422.75 623.571 890.395
 36083.9 12438.4 4758.85 398.489 223.57
YTP_p0
 617859 594517
CBA_c0
610856
log_Ro
12.0055
likeval ReclasPelacesDesembMPH_pf_preclas_ppelaces_ptallas_desvR_qrecl_qpela
 16.6006 21.0256 0.0832266 0.000812499 240.703 119.63 99.1194 0 23.5435 3.11799e-06 1.97776e-07 0.423773 8.58179e-16 0 0
q_reclas_q_pelaces
0.77863 0.93869
M
1
N
 213957 48163.6 171821 9825.93 0.318116
 121886 71552 15805.9 56387 3224.7
 120868 37730.3 21405.7 4728.55 17833.6
 214684 37600.2 11354.4 6441.72 6789.74
 171695 61587.1 10268.6 3100.88 3613.51
 286897 58127.7 20510.5 3419.78 2236.11
 119996 89561.5 17566 6198.2 1709.19
 55800.8 30923.5 21511 4219.02 1899.21
 51617.4 19408.5 10637.1 7399.4 2104.56
 67707.6 15250.4 5490.87 3009.34 2688.76
 124062 18714.3 3983.4 1434.21 1488.34
 160613 42496.3 6320.54 1345.35 987.056
 134563 42703.6 10595.9 1575.94 581.554
 94356.1 36569.1 10930.4 2712.11 552.23
 95004.9 21136 7425.79 2219.54 662.863
 460120 24971 5197.87 1826.19 708.856
 97993.2 124385 6351.29 1322.06 644.781
 810174 29292 35685.1 1822.13 564.27
 463445 246586 8587.23 10461.4 699.598
 377462 131070 66203.3 2305.5 2996.52
 507565 110745 36771.9 18573.4 1487.49
 715474 156692 33022.9 10965 5981.94
 158132 210499 44106.8 9295.5 4770.32
 433415 51127.2 66342.3 13901 4433.07
 371749 142183 16396.6 21276.1 5879.75
 168293 121655 45464.6 5242.98 8683.36
 367618 56323.5 39960.2 14933.8 4574.4
 415624 120272 18004.4 12773.7 6236
 124476 138252 39217.6 5870.79 6198.59
 92504.8 41636 45381.5 12873.3 3961.8
 345400 29751.3 13039.6 14212.6 5272.43
pred_Ctot
 12396.7 3316.93 11833 676.692 0.021908
 12388.3 8592.09 1898.01 6771.05 387.228
 11957.7 4411.75 2502.93 552.902 2085.25
 30493.4 6273.59 1894.48 1074.8 1132.87
 8711.36 3717.76 619.873 187.187 218.132
 27831.8 6666.5 2352.29 392.205 256.453
 23382 20341.3 3989.6 1407.74 388.192
 1932.32 1276.83 888.192 174.204 78.4184
 6539.68 2894.88 1586.57 1103.66 313.905
 10893.2 2874.28 1034.88 567.177 506.757
 5433.34 976.051 207.755 74.8017 77.6248
 28901.7 8933.13 1328.64 282.805 207.489
 22777.7 8457.51 2098.53 312.118 115.178
 24279.5 10863 3246.9 805.643 164.042
 17621.6 4575.87 1607.66 480.523 143.508
 79077.3 5019.32 1044.8 367.075 142.484
 11809.8 17663.4 901.919 187.74 91.5626
 89801.3 3830.96 4667.09 238.308 73.7984
 69203.1 43207.2 1504.67 1833.07 122.585
 49209 20105.9 10155.5 353.66 459.66
 52344.2 13490.5 4479.4 2262.54 181.2
 92232.4 23772.6 5010.08 1663.55 907.552
 12235.8 19308.5 4045.78 852.648 437.567
 29938.4 4191.38 5438.7 1139.59 363.42
 26202 11891.3 1371.3 1779.39 491.743
 9676.16 8314.45 3107.26 358.329 593.46
 25966.3 4720.51 3349.08 1251.61 383.383
 25376.9 8724.82 1306.09 926.636 452.376
 7197.3 9501.68 2695.33 403.484 426.013
 7434.26 3965.02 4321.71 1225.93 377.286
 29392.8 2998.08 1314.02 1432.23 531.31
F
 0.0953526 0.114217 0.114217 0.114217 0.114217
 0.172618 0.206768 0.206768 0.206768 0.206768
 0.167687 0.200861 0.200861 0.200861 0.200861
 0.248715 0.297919 0.297919 0.297919 0.297919
 0.0830791 0.0995148 0.0995148 0.0995148 0.0995148
 0.164196 0.19668 0.19668 0.19668 0.19668
 0.355943 0.42636 0.42636 0.42636 0.42636
 0.0560745 0.0671679 0.0671679 0.0671679 0.0671679
 0.219251 0.262627 0.262627 0.262627 0.262627
 0.28591 0.342472 0.342472 0.342472 0.342472
 0.0713668 0.0854855 0.0854855 0.0854855 0.0854855
 0.324712 0.388951 0.388951 0.388951 0.388951
 0.302829 0.362739 0.362739 0.362739 0.362739
 0.4961 0.594245 0.594245 0.594245 0.594245
 0.336213 0.402726 0.402726 0.402726 0.402726
 0.308104 0.369057 0.369057 0.369057 0.369057
 0.207585 0.248652 0.248652 0.248652 0.248652
 0.18954 0.227037 0.227037 0.227037 0.227037
 0.262957 0.314979 0.314979 0.314979 0.314979
 0.22624 0.270998 0.270998 0.270998 0.270998
 0.175341 0.210029 0.210029 0.210029 0.210029
 0.223462 0.267671 0.267671 0.267671 0.267671
 0.129112 0.154655 0.154655 0.154655 0.154655
 0.114578 0.137245 0.137245 0.137245 0.137245
 0.11703 0.140182 0.140182 0.140182 0.140182
 0.0945926 0.113306 0.113306 0.113306 0.113306
 0.117293 0.140497 0.140497 0.140497 0.140497
 0.100704 0.120627 0.120627 0.120627 0.120627
 0.0951486 0.113972 0.113972 0.113972 0.113972
 0.134388 0.160975 0.160975 0.160975 0.160975
 0.142788 0.171036 0.171036 0.171036 0.171036
YTP_r0W_actual
 243960 42273 36266.9 48982.1 19817.9
YTP_p0W_proyectada
 270269 266245 32908.2 18314.3 30122
 270269 194909 110072 11703.6 7563.37
CTP_r0_actual
 29392.8 2998.08 1314.02 1432.23 531.31
CTP_p0_proyectada
 36083.9 16990.8 1422.75 623.571 890.395
 36083.9 12438.4 4758.85 398.489 223.57
Wmedp
 7.49 15.67 23.13 29.37 33.83
Frms_r0
 0.142788 0.171036 0.171036 0.171036 0.171036
Zrms_r0
 1.14279 1.17104 1.17104 1.17104 1.17104
nmprior
 8.19 8.8 8.5 0
nm_flota  nm_reclas  nm_pelaces    nm_pelaL
inf 11.7923 18.2273 43.5452
cv_recla  cv_pelaces  cv_mph
0.368542 0.433277 0.879664
 ------------------------------------------------
Talla a la edad & desviaci?n 
 8 13.2811 15.8009 17.003 17.5766
 0.8 1.32811 1.58009 1.7003 1.75766
