years
 1991 1992 1993 1994 1995 1996 1997 1998 1999 2000 2001 2002 2003 2004 2005 2006 2007 2008 2009 2010 2011 2012 2013 2014 2015 2016 2017 2018 2019 2020 2021
reclasobs
 0 0 0 0 0 0 0 0 0 252601 567819 844713 477998 351125 339783 2.1784e+06 2.13404e+06 4.81314e+06 1.55562e+06 2.62356e+06 3.21686e+06 3.843e+06 1.13348e+06 3.07943e+06 1.97215e+06 2.03268e+06 2.025e+06 2.42433e+06 2.27542e+06 1.05018e+06 2.36338e+06
reclaspred
 3.34071e+06 1.93091e+06 981763 966939 961175 1.43698e+06 1.01634e+06 923188 681462 514669 511792 623087 628880 529179 537570 1.1333e+06 1.13817e+06 2.54172e+06 2.23146e+06 1.76802e+06 3.09543e+06 2.51225e+06 2.1028e+06 3.08823e+06 2.33819e+06 2.06987e+06 2.3814e+06 2.48164e+06 2.0992e+06 1.38346e+06 1.89953e+06
pelacesobs
 0 0 0 0 0 0 0 0 0 0 0 0 0 0 0 552880 188675 0 991730 2.46772e+06 1.41603e+06 1.21717e+06 2.29649e+06 1.80582e+06 0 1.4828e+06 1.56532e+06 1.57751e+06 1.42118e+06 867257 1.10002e+06
pelacespred
 1.88467e+06 1.23263e+06 642995 514188 512190 790542 552076 570455 426258 311411 310312 322154 353170 324682 331190 570502 568035 1.43388e+06 1.32758e+06 990471 1.60644e+06 1.48366e+06 1.20215e+06 1.89752e+06 1.41115e+06 1.23331e+06 1.60393e+06 1.65313e+06 1.15263e+06 870991 1.19098e+06
mphobs
 0 0 0 0 0 0 0 0 0 0 0 498337 0 5186 125008 0 168611 109162 213762 579715 649985 157893 87575 83554 0 0 0 0 0 0 0
mphpred
 493420 332590 172637 93003 103390 112720 147955 106361 91194.8 66499.9 45518.1 58676.5 64168.7 57484.9 44187.2 53396.2 130548 128082 254416 210259 236534 281448 269734 231157 304066 251042 207568 215385 292441 207784 133818
desembarqueobs
 494567 514787 250237 358949 120608 361735 552515 73892 212993 205616 52469 317467 293654 387597 252695 516296 358380 742168 942051 627588 828172 859565 418607 520667 417249 300574 415391 372974 316634 284311 391294
desembarquepred
 494572 513036 251139 358964 120611 361744 552553 73894.2 213021 205643 52470.5 317518 293699 387652 252702 516299 358410 742117 941952 627517 828227 859591 418611 520684 417251 300576 415393 372968 316633 284319 391297
Reclutas
 288544 171903 165544 319596 255554 419180 177687 86933.1 78707.7 101269 181962 220499 186561 132243 139282 649400 150754 1.12358e+06 659139 520670 748838 1.03738e+06 237219 665630 561726 256620 562257 632082 189697 142089 532452
log_desv_Rt
 0.00414552 -0.51377 -0.551466 0.106357 -0.11727 0.377598 -0.480677 -1.19556 -1.29496 -1.04292 -0.456902 -0.264811 -0.431944 -0.77606 -0.724201 0.815346 -0.645049 1.36357 0.830232 0.594414 0.957821 1.28375 -0.19172 0.840032 0.670312 -0.113106 0.671257 0.788317 -0.415274 -0.70425 0.61679
SSB
 6.32739e+06 4.26498e+06 2.21381e+06 1.19263e+06 1.32583e+06 1.44547e+06 1.8973e+06 1.36392e+06 1.16944e+06 852764 583703 752440 822870 737161 566636 684729 1.67409e+06 1.64247e+06 3.26252e+06 2.69627e+06 3.0332e+06 3.60916e+06 3.45894e+06 2.96425e+06 3.89921e+06 3.21925e+06 2.66176e+06 2.762e+06 3.75014e+06 2.66452e+06 1.71602e+06
BT
 8.19836e+06 5.60081e+06 2.91153e+06 2.42923e+06 2.20928e+06 3.57281e+06 2.77758e+06 2.41855e+06 1.97092e+06 1.4861e+06 1.32716e+06 1.60022e+06 1.72692e+06 1.7456e+06 1.62181e+06 2.77975e+06 2.6284e+06 6.57706e+06 6.38798e+06 4.6537e+06 7.30017e+06 6.93745e+06 5.32856e+06 8.31544e+06 6.20927e+06 5.3582e+06 7.0443e+06 7.19704e+06 5.01857e+06 3.87042e+06 5.29326e+06
Ftot
 0.0674691 0.120322 0.116142 0.171426 0.0580532 0.117332 0.245193 0.036978 0.143481 0.182575 0.0482467 0.233921 0.214309 0.333433 0.218537 0.214207 0.143853 0.137681 0.193786 0.163359 0.124074 0.158245 0.0911522 0.0791488 0.0823334 0.0669016 0.0817538 0.07074 0.0687148 0.0939193 0.0971078
BD_Bspro_t
 0.989263 0.917657 0.823778 0.762789 0.756632 0.803569 0.796013 0.693498 0.734594 0.711785 0.69142 0.807678 0.721834 0.656843 0.580579 0.625461 0.720793 0.708736 0.783983 0.722912 0.708534 0.741946 0.756419 0.758323 0.824559 0.829986 0.835444 0.854901 0.879637 0.84246 0.803688
BD_Bspro
 3.08503 2.07947 1.07938 0.581487 0.646431 0.704763 0.925064 0.665004 0.570181 0.41578 0.284595 0.366865 0.401205 0.359416 0.276273 0.333852 0.816233 0.800816 1.5907 1.31461 1.47889 1.75971 1.68647 1.44527 1.90113 1.5696 1.29779 1.34666 1.82844 1.29914 0.836677
BD_Bo
 2.07984 1.40192 0.727691 0.392023 0.435806 0.475132 0.623653 0.448327 0.384401 0.280308 0.191866 0.247331 0.270481 0.242308 0.186256 0.225074 0.550282 0.539888 1.0724 0.886276 0.997028 1.18635 1.13697 0.974361 1.28169 1.05818 0.874932 0.907884 1.23269 0.875841 0.564065
BD_Brms
 3.78153 2.54894 1.32307 0.712768 0.792375 0.863876 1.13391 0.81514 0.69891 0.50965 0.348847 0.449692 0.491784 0.44056 0.338647 0.409225 1.00051 0.981615 1.94983 1.61141 1.81278 2.157 2.06722 1.77157 2.33034 1.92397 1.59079 1.6507 2.24125 1.59244 1.02557
Sel_flota
 0.930277 1 1 1 1
 0.930277 1 1 1 1
 0.930277 1 1 1 1
 0.930277 1 1 1 1
 0.930277 1 1 1 1
 0.930277 1 1 1 1
 0.930277 1 1 1 1
 0.930277 1 1 1 1
 0.930277 1 1 1 1
 0.930277 1 1 1 1
 0.930277 1 1 1 1
 0.930277 1 1 1 1
 0.930277 1 1 1 1
 0.930277 1 1 1 1
 0.930277 1 1 1 1
 0.930277 1 1 1 1
 0.930277 1 1 1 1
 0.930277 1 1 1 1
 0.930277 1 1 1 1
 0.930277 1 1 1 1
 0.930277 1 1 1 1
 0.930277 1 1 1 1
 0.930277 1 1 1 1
 0.930277 1 1 1 1
 0.930277 1 1 1 1
 0.930277 1 1 1 1
 0.930277 1 1 1 1
 0.930277 1 1 1 1
 0.930277 1 1 1 1
 0.930277 1 1 1 1
 0.930277 1 1 1 1
Sel_reclas
 1 1 1 1 1
 1 1 1 1 1
 1 1 1 1 1
 1 1 1 1 1
 1 1 1 1 1
 1 1 1 1 1
 1 1 1 1 1
 1 1 1 1 1
 1 1 1 1 1
 1 1 1 1 1
 1 1 1 1 1
 1 1 1 1 1
 1 1 1 1 1
 1 1 1 1 1
 1 1 1 1 1
 1 1 1 1 1
 1 1 1 1 1
 1 1 1 1 1
 1 1 1 1 1
 1 1 1 1 1
 1 1 1 1 1
 1 1 1 1 1
 1 1 1 1 1
 1 1 1 1 1
 1 1 1 1 1
 1 1 1 1 1
 1 1 1 1 1
 1 1 1 1 1
 1 1 1 1 1
 1 1 1 1 1
 1 1 1 1 1
Sel_pelaces
 1 1 1 1 1
 1 1 1 1 1
 1 1 1 1 1
 1 1 1 1 1
 1 1 1 1 1
 1 1 1 1 1
 1 1 1 1 1
 1 1 1 1 1
 1 1 1 1 1
 1 1 1 1 1
 1 1 1 1 1
 1 1 1 1 1
 1 1 1 1 1
 1 1 1 1 1
 1 1 1 1 1
 1 1 1 1 1
 1 1 1 1 1
 1 1 1 1 1
 1 1 1 1 1
 1 1 1 1 1
 1 1 1 1 1
 1 1 1 1 1
 1 1 1 1 1
 1 1 1 1 1
 1 1 1 1 1
 1 1 1 1 1
 1 1 1 1 1
 1 1 1 1 1
 1 1 1 1 1
 1 1 1 1 1
 1 1 1 1 1
pf_obs 
 0.8446 0.082 0.0669 0.0065 0
 0.8095 0.147 0.0364 0.0071 0
 0.9664 0.0169 0.016 0.0007 0
 0.9276 0.0648 0.0075 0.0001 0
 0.7033 0.2144 0.0806 0.0017 0
 0.9318 0.0425 0.0243 0.0014 0
 0.5671 0.3108 0.0964 0.0239 0.0018
 0.0768 0.2599 0.5324 0.112 0.0189
 0.490249 0.384438 0.106611 0.0170017 0.00170017
 0.7925 0.1577 0.0466 0.003 0.0002
 0.840416 0.127587 0.0312969 0.00059994 9.999e-05
 0.8084 0.0986 0.0794 0.0134 0.0002
 0.7335 0.1905 0.0724 0.0035 0.0001
 0.4001 0.4547 0.1325 0.0127 0
 0.49795 0.308269 0.164784 0.0264974 0.00249975
 0.9179 0.0499 0.0305 0.0017 0
 0.2467 0.6533 0.0926 0.0074 0
 0.9418 0.0223 0.034 0.0019 0
 0.707729 0.231977 0.0356964 0.0245975 0
 0.517169 0.277429 0.184464 0.0207286 0.00020938
 0.811772 0.124168 0.05621 0.00726502 0.000585176
 0.764997 0.148141 0.077277 0.00933861 0.000247198
 0.163321 0.427699 0.378323 0.0303852 0.000271297
 0.753843 0.0900009 0.118128 0.0371064 0.000921714
 0.721811 0.176058 0.0630433 0.0369309 0.00215725
 0.143369 0.312575 0.442814 0.0836902 0.0175525
 0.692698 0.0596174 0.167031 0.0765114 0.00414204
 0.394062 0.376323 0.152708 0.0712218 0.00568511
 0.125707 0.32114 0.495352 0.0537591 0.00404204
 0.23352 0.215282 0.420074 0.123614 0.00750983
 0.796117 0.104755 0.0508955 0.0450114 0.00322123
pf_pred 
 0.412838 0.106293 0.457055 0.0238128 7.16545e-07
 0.409672 0.254513 0.0607923 0.261404 0.0136197
 0.539355 0.197373 0.113506 0.0271119 0.122653
 0.753211 0.137815 0.0466922 0.0268519 0.0354297
 0.645851 0.271869 0.0459476 0.0155672 0.0207647
 0.744324 0.169445 0.066197 0.0111877 0.00884641
 0.477343 0.39655 0.0835754 0.0326503 0.00988142
 0.436538 0.280583 0.214626 0.0452337 0.0230196
 0.519696 0.218425 0.130406 0.0997515 0.031722
 0.668338 0.178824 0.069505 0.0414965 0.0418362
 0.787146 0.145974 0.0360599 0.0140157 0.016804
 0.720559 0.223363 0.0384581 0.00950029 0.00811971
 0.663458 0.247957 0.070808 0.0121916 0.0055857
 0.60071 0.272054 0.0937451 0.0267704 0.00672105
 0.694204 0.189972 0.0789157 0.027193 0.00971498
 0.911797 0.0627302 0.0158245 0.00657361 0.0030744
 0.397774 0.552912 0.0350724 0.0088475 0.00539421
 0.900122 0.0416145 0.0534925 0.00339315 0.00137784
 0.605924 0.357393 0.0152838 0.0196463 0.00175225
 0.600295 0.249789 0.135961 0.00581431 0.00814049
 0.724552 0.170531 0.0655667 0.035688 0.00366297
 0.744993 0.188635 0.0410909 0.0157989 0.00948197
 0.337874 0.503002 0.117708 0.0256406 0.0157752
 0.733245 0.0947205 0.130691 0.0305831 0.0107608
 0.632584 0.274737 0.032909 0.0454063 0.0143642
 0.448192 0.358666 0.144422 0.0172995 0.0314199
 0.733965 0.124187 0.0921988 0.0371252 0.0125238
 0.69702 0.226771 0.0355749 0.0264115 0.0142226
 0.366599 0.451397 0.136224 0.0213703 0.0244094
 0.437523 0.216105 0.246844 0.0744934 0.0250344
 0.825548 0.0796092 0.0364388 0.0416219 0.016782
pobs_RECLAS
 0 0 0 0 0
 0 0 0 0 0
 0 0 0 0 0
 0 0 0 0 0
 0 0 0 0 0
 0 0 0 0 0
 0 0 0 0 0
 0 0 0 0 0
 0 0 0 0 0
 0 0 0 0 0
 0.991045 0.00858322 0.000360255 1.14367e-05 0
 0.934742 0.0480273 0.0164251 0.00080598 0
 0.827803 0.169806 0.00239088 0 0
 0.941827 0.0461693 0.0120037 0 0
 0.791401 0.0380133 0.147996 0.0225897 0
 0.846168 0.0940531 0.0597789 0 0
 0.134021 0.677848 0.182769 0.00536245 0
 0.80878 0.0450904 0.141981 0.00414843 0
 0.846168 0.0940531 0.0597789 0 0
 0.905697 0.0802665 0.012482 0.00150086 5.37128e-05
 0.989698 0.0102097 9.19794e-05 0 0
 0.975433 0.0193895 0.00387452 0.00125025 5.28907e-05
 0.303575 0.632131 0.0575291 0.00676475 0
 0.966965 0.00978017 0.0227588 0.000495775 0
 0.843318 0.132988 0.00938335 0.0141283 0.000182051
 0.564624 0.303363 0.111486 0.0197234 0.00080311
 0.826376 0.0876187 0.0782897 0.00655872 0.00115652
 0.89761 0.0855135 0.0140674 0.00269457 0.000114338
 0.34875 0.467042 0.161289 0.0227151 0.000203297
 0.318654 0.224769 0.449479 0.00709798 0
 0.937255 0.0296025 0.0250945 0.00804832 0
ppred_RECLAS
 0.430561 0.103085 0.44326 0.023094 6.94917e-07
 0.427445 0.24685 0.0589621 0.253534 0.0132096
 0.557434 0.189627 0.109051 0.0260478 0.11784
 0.766602 0.130337 0.0441587 0.025395 0.0335073
 0.662281 0.259257 0.043816 0.014845 0.0198014
 0.75797 0.160401 0.0626639 0.0105906 0.00837425
 0.495825 0.382527 0.0806199 0.0314957 0.00953198
 0.454444 0.271666 0.207806 0.0437963 0.022288
 0.537933 0.210131 0.125454 0.0959638 0.0305175
 0.684422 0.170152 0.0661342 0.0394841 0.0398073
 0.79905 0.13781 0.0340432 0.0132318 0.0158642
 0.735194 0.211665 0.036444 0.00900275 0.00769447
 0.679719 0.235976 0.0673866 0.0116025 0.0053158
 0.6185 0.259933 0.0895684 0.0255776 0.0064216
 0.709637 0.180385 0.0749329 0.0258206 0.00922468
 0.91755 0.0586385 0.0147924 0.00614484 0.00287387
 0.415435 0.536697 0.0340439 0.00858804 0.00523602
 0.906509 0.0389531 0.0500715 0.00317615 0.00128972
 0.62335 0.34159 0.014608 0.0187775 0.00167477
 0.617758 0.238876 0.13002 0.00556028 0.00778483
 0.738892 0.161653 0.0621532 0.03383 0.00347227
 0.758669 0.178519 0.0388872 0.0149516 0.00897347
 0.354356 0.490481 0.114778 0.0250024 0.0153825
 0.747233 0.0897536 0.123838 0.0289794 0.0101965
 0.649331 0.262214 0.031409 0.0433367 0.0137095
 0.466227 0.346944 0.139702 0.0167341 0.030393
 0.747932 0.117667 0.0873586 0.0351762 0.0118663
 0.712151 0.215446 0.0337983 0.0250925 0.0135123
 0.383636 0.439256 0.13256 0.0207955 0.0237529
 0.455527 0.209188 0.238943 0.072109 0.0242331
 0.835796 0.0749326 0.0342982 0.0391768 0.0157961
pobs_PELACES
 0 0 0 0 0
 0 0 0 0 0
 0 0 0 0 0
 0 0 0 0 0
 0 0 0 0 0
 0 0 0 0 0
 0 0 0 0 0
 0 0 0 0 0
 0 0 0 0 0
 0 0 0 0 0
 0 0 0 0 0
 0 0 0 0 0
 0 0 0 0 0
 0 0 0 0 0
 0 0 0 0 0
 0 0 0 0 0
 0.505614 0.472636 0.0217494 0 0
 0 0 0 0 0
 0.443492 0.261883 0.143347 0.151278 0
 0.227955 0.32914 0.350689 0.0885471 0.00366901
 0.970185 0.0296113 0.000203453 0 0
 0.997202 0.00247181 0.000326279 0 0
 0.445219 0.490057 0.0546422 0.010081 0
 0.90214 0.0892962 0.00764917 0.000914606 0
 0 0 0 0 0
 0.581667 0.319106 0.0959925 0.00289975 0.000334073
 0.762889 0.0836404 0.116647 0.0363945 0.000428098
 0.88444 0.0763242 0.0277011 0.0115352 0
 0.521256 0.241999 0.230069 0.00667565 0
 0.616807 0.101726 0.260614 0.0208532 0
 0.833518 0.0704572 0.0857862 0.0102388 0
ppred_PELACES
 0.430941 0.103016 0.442963 0.0230786 6.94452e-07
 0.428122 0.246558 0.0588923 0.253233 0.013194
 0.558093 0.189344 0.108889 0.026009 0.117664
 0.767307 0.129944 0.0440253 0.0253183 0.0334061
 0.66258 0.259027 0.0437773 0.0148319 0.0197839
 0.758465 0.160073 0.0625357 0.0105689 0.00835713
 0.497235 0.381457 0.0803944 0.0314076 0.00950532
 0.454655 0.271561 0.207725 0.0437794 0.0222794
 0.538754 0.209758 0.125232 0.0957934 0.0304633
 0.685329 0.169663 0.0659442 0.0393706 0.0396929
 0.799229 0.137688 0.034013 0.0132201 0.0158502
 0.73624 0.210829 0.0363 0.00896717 0.00766406
 0.680792 0.235186 0.0671609 0.0115636 0.005298
 0.620308 0.2587 0.0891437 0.0254564 0.00639115
 0.710672 0.179742 0.0746658 0.0257286 0.0091918
 0.917922 0.0583739 0.0147256 0.00611711 0.0028609
 0.416239 0.535959 0.0339971 0.00857623 0.00522882
 0.906778 0.0388414 0.0499279 0.00316704 0.00128603
 0.624396 0.340641 0.0145674 0.0187254 0.00167011
 0.618645 0.238322 0.129719 0.00554738 0.00776677
 0.739442 0.161312 0.0620222 0.0337587 0.00346495
 0.759335 0.178026 0.0387799 0.0149104 0.0089487
 0.354836 0.490116 0.114692 0.0249838 0.0153711
 0.747576 0.0896316 0.12367 0.02894 0.0101826
 0.649762 0.261892 0.0313704 0.0432834 0.0136926
 0.46661 0.346695 0.139602 0.0167221 0.0303712
 0.748286 0.117502 0.0872357 0.0351268 0.0118496
 0.712484 0.215196 0.0337591 0.0250635 0.0134967
 0.38401 0.438989 0.13248 0.0207829 0.0237385
 0.456063 0.208982 0.238708 0.0720381 0.0242092
 0.836103 0.0747928 0.0342342 0.0391037 0.0157667
pobs_pel_tallas
 0 0 0 0 0 0 0 0 0 0 0 0 0 0 0 0 0 0 0 0 0 0 0 0 0 0
 0 0 0 0 0 0 0 0 0 0 0 0 0 0 0 0 0 0 0 0 0 0 0 0 0 0
 0 0 0 0 0 0 0 0 0 0 0 0 0 0 0 0 0 0 0 0 0 0 0 0 0 0
 0 0 0 0 0 0 0 0 0 0 0 0 0 0 0 0 0 0 0 0 0 0 0 0 0 0
 0 0 0 0 0 0 0 0 0 0 0 0 0 0 0 0 0 0 0 0 0 0 0 0 0 0
 0 0 0 0 0 0 0 0 0 0 0 0 0 0 0 0 0 0 0 0 0 0 0 0 0 0
 0 0 0 0 0 0 0 0 0 0 0 0 0 0 0 0 0 0 0 0 0 0 0 0 0 0
 0 0 0 0 0 0 0 0 0 0 0 0 0 0 0 0 0 0 0 0 0 0 0 0 0 0
 0 0 0 0 0 0 0 0 0 0 0 0 0 0 0 0 0 0 0 0 0 0 0 0 0 0
 0 0 0 0 0 0 0 0 0 0 0 0 0 0 0 0 0 0 0 0 0 0 0 0 0 0
 0 0 0 0 0 0 0 0 0 0 0 0 0 0 0 0 0 0 0 0 0 0 0 0 0 0
 0 0 0 0 0 0 0 0 0 0 0 0 0 0 0 0 0 0 0 0 0 0 0 0 0 0
 0.00862536 0 0 0.000197151 0.00414017 0.0128641 0.00837892 0.0270097 0.101434 0.158115 0.152841 0.127902 0.109271 0.109419 0.0830992 0.0579132 0.0238553 0.00714673 0.00463305 0.00128148 0.00103504 0.000492878 0.000147863 0.000147863 4.92878e-05 0
 0 0 0 0 0 0 0 0 0 0 0 0 0 0 0 0 0 0 0 0 0 0 0 0 0 0
 0 0 0 0 0 0 0 0.0054083 0.00873648 0.0413646 0.0450493 0.0745869 0.0622846 0.0627006 0.0613931 0.0827291 0.12552 0.122667 0.0946155 0.0697135 0.0546179 0.0294188 0.0215738 0.0213955 0.0102223 0.00600262
 0 0 0 0 0.00359764 0.0251062 0.0480494 0.140153 0.205849 0.193036 0.1447 0.116669 0.0760912 0.0342217 0.00950174 0.001854 0.000860785 0 0 0 0.000165536 0 0.000143464 0 0 0
 0 0 0 0 0 0 0 0.000145254 0.000435761 0.0275982 0.070085 0.0708112 0.156366 0.174668 0.174014 0.160142 0.0824315 0.0480064 0.0283245 0.00493863 0.00203355 0 0 0 0 0
 0 0 0 0 0 0 0 0 0 0 0 0 0 0 0 0 0 0 0 0 0 0 0 0 0 0
 0 0 1.00437e-05 0.000401748 0.00122533 0.00171747 0.00176769 0.0269171 0.070346 0.194647 0.189555 0.159765 0.064822 0.0314167 0.0384472 0.0292271 0.0345202 0.0313363 0.0194345 0.0106764 0.0143323 0.0359363 0.0279516 0.0138201 0.00172751 0
 0 0.0021121 0.0136068 0.0755702 0.200478 0.177729 0.0527432 0.0373336 0.0318909 0.0142505 0.0149659 0.0166563 0.0217959 0.0798694 0.0677717 0.0528807 0.04013 0.0224614 0.0357745 0.0225083 0.00881397 0.00855152 0.00135912 0.000746735 0 0
 0 0 0 0 5.4009e-05 0.00500934 0.000945158 0.0243581 0.138947 0.33067 0.221406 0.137944 0.0707744 0.0437923 0.0131692 0.00525238 0.0047753 0.00276346 9.45158e-05 9.00151e-06 2.25038e-05 9.00151e-06 4.50075e-06 0 0 0
 0.000866109 0.00284123 0.00948549 0.0512746 0.133035 0.25785 0.225252 0.132002 0.0553304 0.0519788 0.0540692 0.017754 0.00435017 0.00159236 0.00146478 0.000404838 0.000125132 0.000115318 0.000107957 0.000100596 0 0 0 0 0 0
 0 0 0 0 0.00144013 0.00171154 0.00461396 0.0210425 0.0478622 0.0707936 0.0888783 0.103762 0.0637923 0.0337046 0.0602308 0.124433 0.169614 0.0934646 0.0462172 0.0250306 0.0313229 0.00938855 0.002487 0.000210481 0 0
 0 0.00764035 0.051015 0.0998891 0.058973 0.0496711 0.0374665 0.0718981 0.12319 0.153886 0.159021 0.0857701 0.0377988 0.023471 0.0147837 0.00900784 0.00315554 0.000888139 0.00291439 0.00214683 0.00393193 0.00274676 0.000635225 9.99891e-05 0 0
 0 0 0 0 0 0 0 0 0 0 0 0 0 0 0 0 0 0 0 0 0 0 0 0 0 0
 0 0 0 0 0 0 0 0 0 0 0 0 0 0 0 0 0 0 0 0 0 0 0 0 0 0
 0 0 0 0 0 0 0 0 0 0 0 0 0 0 0 0 0 0 0 0 0 0 0 0 0 0
 0 0 0 0 0 0 0 0 0 0 0 0 0 0 0 0 0 0 0 0 0 0 0 0 0 0
 0 0 0 0 0 0 0 0 0 0 0 0 0 0 0 0 0 0 0 0 0 0 0 0 0 0
 0 0 0 0 0 0 0 0 0 0 0 0 0 0 0 0 0 0 0 0 0 0 0 0 0 0
 0 0 0 0 0 0 0 0 0 0 0 0 0 0 0 0 0 0 0 0 0 0 0 0 0 0
ppred_pel_tallas
 1.15124e-16 3.54961e-05 0.000345035 0.00229288 0.0104231 0.0324302 0.0690963 0.10085 0.100861 0.0691484 0.032607 0.0109424 0.00362832 0.00336607 0.00608213 0.010803 0.0174259 0.0257899 0.0356052 0.0465014 0.0578316 0.0683124 0.0759549 0.0786436 0.0751473 0.0658765
 1.29392e-16 3.52639e-05 0.000342778 0.00227788 0.0103549 0.0322182 0.0686451 0.100195 0.100218 0.0687619 0.0326108 0.0114908 0.00513657 0.00660957 0.0120188 0.0200427 0.0294476 0.0383551 0.0449951 0.0488572 0.0511038 0.0537382 0.0581025 0.0638539 0.0691042 0.0714842
 1.25712e-16 4.59695e-05 0.00044684 0.00296941 0.0134985 0.0419989 0.0894839 0.130608 0.130627 0.0895739 0.0423017 0.014375 0.0051776 0.00529482 0.00933578 0.0155838 0.0229844 0.0300864 0.0354894 0.0386942 0.0404354 0.0421175 0.0447766 0.0483753 0.051871 0.0538489
 1.09497e-16 6.32021e-05 0.000614347 0.00408255 0.0185587 0.057743 0.123028 0.179566 0.179578 0.12309 0.0579496 0.0191562 0.00558517 0.00390416 0.0063401 0.0104598 0.0152528 0.0196022 0.0224344 0.0233126 0.0227075 0.0216508 0.0210393 0.0211313 0.0215417 0.0216088
 1.06166e-16 5.45759e-05 0.000530497 0.00352534 0.0160257 0.049862 0.106237 0.155062 0.155087 0.106359 0.050272 0.01721 0.00649911 0.00702539 0.0123991 0.0204379 0.0295007 0.0372423 0.0413176 0.0406709 0.0361691 0.0300014 0.0243387 0.0202935 0.0177855 0.0160941
 1.0432e-16 6.24738e-05 0.000607267 0.00403551 0.0183448 0.0570777 0.121611 0.177497 0.177513 0.121686 0.0573321 0.0190807 0.00588579 0.00465694 0.00778434 0.0128509 0.0186953 0.0239069 0.0270832 0.0275683 0.0258073 0.0229675 0.0201529 0.0178478 0.0159235 0.0140215
 1.07176e-16 4.09567e-05 0.000398114 0.00264561 0.0120266 0.0374193 0.0797272 0.116372 0.116409 0.0799071 0.0380236 0.0137724 0.00703044 0.00997847 0.0182603 0.0301884 0.0436389 0.0552102 0.0614596 0.0608092 0.0544651 0.0455355 0.037089 0.0306782 0.0261976 0.0227176
 1.14225e-16 3.74494e-05 0.000364021 0.00241905 0.0109967 0.0342148 0.0728993 0.106404 0.106431 0.0730287 0.0346501 0.0122573 0.00559708 0.00734668 0.0134312 0.0224926 0.0332126 0.0434794 0.0511284 0.0551279 0.0560566 0.0554002 0.0542943 0.052799 0.0501812 0.0457504
 1.1843e-16 4.43765e-05 0.000431355 0.00286651 0.0130307 0.0405436 0.0863832 0.126083 0.126103 0.0864829 0.0408792 0.0140025 0.0053152 0.00580877 0.0103525 0.0172997 0.0255296 0.0334309 0.0394166 0.0428484 0.0443906 0.0453967 0.0468173 0.0485223 0.0494851 0.0485356
 1.12612e-16 5.64497e-05 0.000548711 0.00364638 0.0165759 0.0515739 0.109884 0.160383 0.160399 0.109965 0.051844 0.0173571 0.00561169 0.00485388 0.00827753 0.0137157 0.0200452 0.0258477 0.029741 0.0311597 0.0306992 0.0296571 0.0291325 0.0293904 0.0298837 0.0297513
 1.05025e-16 6.58314e-05 0.000639905 0.00425239 0.0193308 0.0601453 0.128146 0.187036 0.187049 0.128211 0.0603636 0.0199618 0.00583774 0.00410571 0.00666297 0.0109512 0.0158665 0.0201648 0.022632 0.0227311 0.0209195 0.0183172 0.0159933 0.0144306 0.0134833 0.012701
 1.03298e-16 6.06432e-05 0.000589473 0.00391726 0.0178073 0.0554052 0.118047 0.172298 0.172318 0.118147 0.0557389 0.0187711 0.00633717 0.00587419 0.0101033 0.0166229 0.0239784 0.0302362 0.0334677 0.0327878 0.0288745 0.0234905 0.0184067 0.0145676 0.0119842 0.0101686
 1.04055e-16 5.6076e-05 0.000545078 0.00362224 0.0164662 0.0512325 0.109157 0.159323 0.159346 0.109268 0.0516056 0.0175443 0.0063312 0.00646746 0.0113293 0.0187075 0.0270989 0.0344026 0.0385044 0.0384148 0.034822 0.0295523 0.0244013 0.0202683 0.0171043 0.0144299
 1.06274e-16 5.1094e-05 0.000496652 0.00330043 0.0150033 0.0466809 0.0994596 0.145169 0.145194 0.0995819 0.0470919 0.0161913 0.00628689 0.00703047 0.0125023 0.020699 0.0300739 0.0383693 0.0433074 0.0438293 0.0406781 0.035788 0.0310008 0.0271444 0.0240252 0.0210438
 1.06337e-16 5.85372e-05 0.000569002 0.00378122 0.0171889 0.0534811 0.113948 0.166314 0.166331 0.114033 0.0537671 0.0180161 0.00586172 0.0051247 0.00875191 0.0144849 0.0211177 0.0271017 0.0308948 0.0317898 0.0302983 0.0277091 0.0251973 0.0232048 0.021472 0.0195038
 1.01538e-16 7.56081e-05 0.000734937 0.00488392 0.0222016 0.0690774 0.147177 0.21481 0.214816 0.147204 0.06917 0.0224691 0.00555598 0.00220409 0.00287185 0.00464416 0.00672114 0.00853442 0.00956133 0.00956635 0.00873397 0.00753036 0.00640566 0.00557178 0.00498721 0.00449189
 1.02864e-16 3.42851e-05 0.000333264 0.00221466 0.0100675 0.0313241 0.0667413 0.0974217 0.0974733 0.0669933 0.0321702 0.0125105 0.0083436 0.0137019 0.0253916 0.0418391 0.0600705 0.0751268 0.0819765 0.0783033 0.0659088 0.0495402 0.034121 0.0225154 0.0151035 0.0107736
 1.01987e-16 7.46901e-05 0.000726014 0.00482462 0.021932 0.0682387 0.14539 0.212202 0.212205 0.145409 0.0683016 0.0221145 0.00528598 0.00174418 0.00204056 0.00333902 0.00499732 0.00668843 0.00811929 0.00913273 0.00975417 0.0100907 0.0101794 0.00993341 0.0092304 0.00804705
 1.02669e-16 5.14308e-05 0.000499925 0.00332218 0.0151022 0.0469886 0.100115 0.146128 0.146161 0.100276 0.0475263 0.0166544 0.0072162 0.00899295 0.016159 0.0265751 0.038145 0.0476962 0.0520407 0.04973 0.0419433 0.0317311 0.0222352 0.0152492 0.0109439 0.00851657
 1.05676e-16 5.0957e-05 0.000495321 0.00329158 0.0149631 0.0465558 0.0991928 0.14478 0.144803 0.0993059 0.0469357 0.0160624 0.00605818 0.00655827 0.0116341 0.0193308 0.0282546 0.0363868 0.0416685 0.0430942 0.0412119 0.0375661 0.0335851 0.0298463 0.0261688 0.0222004
 1.05804e-16 6.09069e-05 0.000592037 0.00393429 0.0178847 0.0556461 0.118561 0.173046 0.173062 0.118637 0.0559027 0.0186268 0.00580042 0.00467774 0.00785585 0.0129849 0.0189227 0.024273 0.0276556 0.0284473 0.0271243 0.0248605 0.0227163 0.0210732 0.0196622 0.0179934
 1.04175e-16 6.25454e-05 0.000607964 0.00404014 0.0183659 0.0571432 0.12175 0.177702 0.177719 0.121834 0.0574252 0.0191809 0.00608725 0.00508124 0.00857127 0.0141062 0.0203987 0.0258339 0.0288123 0.0286083 0.0257935 0.0218204 0.018112 0.0153703 0.0135116 0.0120626
 1.08542e-16 2.92275e-05 0.000284102 0.00188796 0.00858242 0.0267033 0.056896 0.0830513 0.0830986 0.0571273 0.0274799 0.0108265 0.00752462 0.0126013 0.0234579 0.0388295 0.0561561 0.0710893 0.0792006 0.0784383 0.0703077 0.0587502 0.047672 0.0390766 0.0328939 0.0280351
 1.08218e-16 6.15769e-05 0.000598549 0.00397757 0.0180815 0.0562582 0.119864 0.174947 0.174956 0.119908 0.0564037 0.0185042 0.00504764 0.0029641 0.00464124 0.00780375 0.0117712 0.0159288 0.0196718 0.0227006 0.0251076 0.027112 0.0286878 0.0294441 0.0288663 0.0266924
 1.07631e-16 5.35201e-05 0.000520234 0.00345714 0.0157157 0.0488974 0.104182 0.152062 0.152087 0.104305 0.0493117 0.0169124 0.00646149 0.00708075 0.0125198 0.0206333 0.0297731 0.0375765 0.0416959 0.0411086 0.0367518 0.0308943 0.0257441 0.0223646 0.0205361 0.0193546
 1.10934e-16 3.84341e-05 0.000373593 0.00248266 0.0112858 0.0351146 0.0748166 0.109204 0.109238 0.0749806 0.0356659 0.0128801 0.00649168 0.00914915 0.0167749 0.0278555 0.0405551 0.0519085 0.0588988 0.0601213 0.0565503 0.0507155 0.0449957 0.0404116 0.0366408 0.0328513
 1.08076e-16 6.16354e-05 0.000599118 0.00398135 0.0180986 0.0563116 0.119978 0.175114 0.175126 0.120034 0.0565 0.0186443 0.00535713 0.00362272 0.00586395 0.00975508 0.0144212 0.0189312 0.0223756 0.0243471 0.0251341 0.0253981 0.0256064 0.0257045 0.0252457 0.0237879
 1.05827e-16 5.86864e-05 0.000570453 0.00379086 0.0172327 0.0536175 0.114239 0.166739 0.16676 0.11434 0.0539581 0.0182167 0.00626153 0.00596678 0.0103161 0.0169865 0.0245266 0.0309862 0.0344314 0.0340051 0.0304472 0.0255851 0.0212071 0.0181915 0.0164014 0.0151655
 1.10037e-16 3.16305e-05 0.000307459 0.00204318 0.00928802 0.0288987 0.0615733 0.0898769 0.0899193 0.0617807 0.0295953 0.0113015 0.00710284 0.0113713 0.0210988 0.0349742 0.0507161 0.0644875 0.0723789 0.0725741 0.0663736 0.0571764 0.0482883 0.0413081 0.0360422 0.0314918
 1.18264e-16 3.75654e-05 0.000365149 0.00242654 0.0110307 0.0343208 0.0731248 0.106732 0.106753 0.0732251 0.0346586 0.0120109 0.00490426 0.0058313 0.0105877 0.0178885 0.0268112 0.0359241 0.0437599 0.0496276 0.0538676 0.0572423 0.0600068 0.0615132 0.0606551 0.0566956
 1.07597e-16 6.88687e-05 0.000669428 0.00444859 0.0202226 0.0629201 0.134058 0.195664 0.195671 0.134094 0.0630395 0.0205682 0.00531873 0.00257844 0.00372313 0.00612388 0.00900477 0.0117417 0.0137679 0.0148763 0.0153487 0.0157293 0.0164132 0.0173724 0.0181993 0.0183784
pSPR Fmed_Fpbrs
0.783911   0.6 0.325
Fs Fmed_Fpbrs
0.11813   0.258415 0.622195
SSBpbr Bo_Bmed_Bpbrs
3.04224e+06  2.23274e+06  1.67323e+06 836617
Ro
287350
SPR SPRFo_SPRFmed_SPRFpbrs
2.051e+06 1.6078e+06 666574
Fref
0.258415
Nvult_r0
 353493 31908.2 14605 16682.5 6726.4
CTP_r0
 29287.8 2824.28 1292.73 1476.61 595.37
YTP_r0
391297
Np
 419975 121486 50842.9 4542.87 2670.12
Nvult_p0
 298489 86971.1 36398.2 3252.22 1911.53
CTP_p0
 57849.1 26308.5 2350.69 1075.96 1639.29
 57849.1 17859.5 7474.35 667.842 392.531
YTP_p0
 986974 918923
CBA_c0
966559
log_Ro
12.3885
likeval ReclasPelacesDesembMPH_pf_preclas_ppelaces_ptallas_desvR_qrecl_qpela
 18.5005 21.5806 0.123534 0.000812571 241.269 121.805 98.9178 0 23.0925 2.78845e-05 1.68797e-05 0.626337 7.96388e-16 0 0
q_reclas_q_pelaces
0.47318 0.557377
M
1
N
 288544 69246 297754 15513.1 0.466801
 171903 99691.7 23812.2 102391 5334.78
 165544 56542.9 32516.9 7766.92 35137.4
 319596 54663.3 18520.1 10650.6 14052.9
 255554 100242 16941.5 5739.84 7656.24
 419180 89070.4 34797 5880.92 4650.19
 177687 138262 29139.5 11383.9 3445.27
 86933.1 52035.6 39803.6 8388.85 4269.1
 78707.7 30899.5 18447.9 14111.3 4487.55
 101269 25336.9 9847.9 5879.49 5927.61
 181962 31435.5 7765.48 3018.27 3618.74
 220499 64002.2 11019.8 2722.2 2326.61
 186561 65253.5 18634.2 3208.39 1469.96
 132243 56226.7 19374.8 5532.76 1389.07
 139282 35675.2 14819.7 5106.62 1824.39
 649400 41812.7 10547.8 4381.63 2049.24
 150754 195738 12416.1 3132.13 1909.62
 1.12358e+06 48512.9 62360 3955.64 1606.25
 659139 363650 15551.4 19990.2 1782.93
 520670 202484 110212 4713.18 6598.82
 748838 164539 63263 34434.1 3534.26
 1.03738e+06 245452 53467.4 20557.5 12337.9
 237219 329390 77080.8 16790.7 10330.4
 665630 80172.9 110619 25886 9108.06
 561726 227489 27249.5 37597.7 11893.9
 256620 191411 77074.3 9232.25 16768
 562257 88708.8 65859.2 26519.2 8945.97
 632082 191695 30072.3 22326.3 12022.7
 189697 217720 65704.4 10307.4 11773.3
 142089 65464.2 74776 22566.1 7583.62
 532452 47898.4 21924.1 25042.6 10097.2
pred_Ctot
 11153.3 2871.64 12347.9 643.33 0.0193583
 11612.8 7214.56 1723.26 7409.9 386.071
 10811.8 3956.51 2275.33 543.48 2458.69
 30170 5520.2 1870.26 1075.56 1419.14
 8530.34 3590.82 606.872 205.61 274.259
 27645 6293.37 2458.62 415.523 328.565
 23337.5 19387.6 4086.04 1596.29 483.108
 1863.44 1197.72 916.169 193.088 98.263
 6284.88 2641.49 1577.05 1206.33 383.626
 10138.9 2712.82 1054.41 629.515 634.668
 5066.97 939.656 232.123 90.2208 108.17
 27745.3 8600.65 1480.84 365.811 312.652
 21665 8096.97 2312.21 398.112 182.399
 22862.4 10354.1 3567.84 1018.85 255.796
 16467.7 4506.45 1872.01 645.062 230.455
 75380.6 5186.06 1308.25 543.457 254.169
 12067.4 16773.8 1064 268.409 163.645
 86281.8 3988.98 5127.56 325.253 132.074
 69749.3 41140.3 1759.35 2261.53 201.705
 46981.2 19549.4 10640.8 455.048 637.104
 52090.2 12260 4713.79 2565.72 263.342
 90850.2 23003.6 5010.94 1926.64 1156.3
 12276 18275.6 4276.69 931.604 573.162
 30048 3881.6 5355.65 1253.28 440.97
 26345.6 11442.1 1370.58 1891.06 598.234
 9837.99 7872.88 3170.13 379.73 689.68
 26190.7 4431.47 3290.01 1324.77 446.898
 25584.5 8323.75 1305.8 969.449 522.048
 7464.28 9190.84 2773.64 435.118 496.997
 7568.26 3738.18 4269.9 1288.59 433.044
 29287.8 2824.28 1292.73 1476.61 595.37
F
 0.062765 0.0674691 0.0674691 0.0674691 0.0674691
 0.111933 0.120322 0.120322 0.120322 0.120322
 0.108044 0.116142 0.116142 0.116142 0.116142
 0.159474 0.171426 0.171426 0.171426 0.171426
 0.0540056 0.0580532 0.0580532 0.0580532 0.0580532
 0.109151 0.117332 0.117332 0.117332 0.117332
 0.228097 0.245193 0.245193 0.245193 0.245193
 0.0343997 0.036978 0.036978 0.036978 0.036978
 0.133477 0.143481 0.143481 0.143481 0.143481
 0.169846 0.182575 0.182575 0.182575 0.182575
 0.0448828 0.0482467 0.0482467 0.0482467 0.0482467
 0.217611 0.233921 0.233921 0.233921 0.233921
 0.199366 0.214309 0.214309 0.214309 0.214309
 0.310185 0.333433 0.333433 0.333433 0.333433
 0.2033 0.218537 0.218537 0.218537 0.218537
 0.199271 0.214207 0.214207 0.214207 0.214207
 0.133823 0.143853 0.143853 0.143853 0.143853
 0.128082 0.137681 0.137681 0.137681 0.137681
 0.180275 0.193786 0.193786 0.193786 0.193786
 0.151969 0.163359 0.163359 0.163359 0.163359
 0.115423 0.124074 0.124074 0.124074 0.124074
 0.147211 0.158245 0.158245 0.158245 0.158245
 0.0847968 0.0911522 0.0911522 0.0911522 0.0911522
 0.0736303 0.0791488 0.0791488 0.0791488 0.0791488
 0.0765928 0.0823334 0.0823334 0.0823334 0.0823334
 0.062237 0.0669016 0.0669016 0.0669016 0.0669016
 0.0760537 0.0817538 0.0817538 0.0817538 0.0817538
 0.0658077 0.07074 0.07074 0.07074 0.07074
 0.0639238 0.0687148 0.0687148 0.0687148 0.0687148
 0.087371 0.0939193 0.0939193 0.0939193 0.0939193
 0.0903371 0.0971078 0.0971078 0.0971078 0.0971078
YTP_r0W_actual
 243088 39822.3 35679.3 50500 22207.3
YTP_p0W_proyectada
 433290 412254 54371.6 31601 55457.3
 433290 279858 172882 19614.5 13279.3
CTP_r0_actual
 29287.8 2824.28 1292.73 1476.61 595.37
CTP_p0_proyectada
 57849.1 26308.5 2350.69 1075.96 1639.29
 57849.1 17859.5 7474.35 667.842 392.531
Wmedp
 7.49 15.67 23.13 29.37 33.83
Frms_r0
 0.0903371 0.0971078 0.0971078 0.0971078 0.0971078
Zrms_r0
 1.09034 1.09711 1.09711 1.09711 1.09711
nmprior
 8.19 8.8 8.5 0
nm_flota  nm_reclas  nm_pelaces    nm_pelaL
inf 11.2899 16.6257 38.638
cv_recla  cv_pelaces  cv_mph
0.38906 0.438958 0.879703
 ------------------------------------------------
Talla a la edad & desviaci?n 
 8 13.2811 15.8009 17.003 17.5766
 0.8 1.32811 1.58009 1.7003 1.75766
