years
 1991 1992 1993 1994 1995 1996 1997 1998 1999 2000 2001 2002 2003 2004 2005 2006 2007 2008 2009 2010 2011 2012 2013 2014 2015 2016 2017 2018 2019 2020 2021
reclasobs
 0 0 0 0 0 0 0 0 0 252601 567819 844713 477998 351125 339783 2.1784e+06 2.13404e+06 4.81314e+06 1.55562e+06 2.62356e+06 3.21686e+06 3.843e+06 1.13348e+06 3.07943e+06 1.97215e+06 2.03268e+06 2.025e+06 2.42433e+06 2.27542e+06 1.05018e+06 2.36338e+06
reclaspred
 3.62611e+06 2.12545e+06 709444 751248 112035 3.43548e+06 1.37557e+06 258977 1.11512e+06 228498 274230 1.26409e+06 545727 712014 367683 1.96921e+06 666465 4.0805e+06 5.3627e+06 1.6214e+06 3.06357e+06 3.5092e+06 1.59401e+06 3.64463e+06 2.71003e+06 1.32465e+06 2.09846e+06 4.1759e+06 3.2539e+06 584751 1.53612e+06
pelacesobs
 0 0 0 0 0 0 0 0 0 0 0 0 0 0 0 552880 188675 0 991730 2.46772e+06 1.41603e+06 1.21717e+06 2.29649e+06 1.80582e+06 0 1.4828e+06 1.56532e+06 1.57751e+06 1.42118e+06 867257 1.10002e+06
pelacespred
 4.71258e+06 1.37225e+06 475583 235919 38395.2 1.49635e+06 850975 268958 473699 95682.9 112895 464058 233519 262352 117963 655552 318531 1.74406e+06 2.92166e+06 1.12666e+06 1.32816e+06 1.52146e+06 1.08619e+06 1.99983e+06 1.80314e+06 1.02402e+06 1.18103e+06 2.45927e+06 2.78433e+06 555744 652339
mphobs
 0 0 0 0 0 0 0 0 0 0 0 498337 0 5186 125008 0 168611 109162 213762 579715 649985 157893 87575 83554 0 0 0 0 0 0 0
mphpred
 1.08305e+06 291661 250997 41755.8 61534.4 4304.11 538916 91257.2 16951.6 126716 6941.37 39858.6 152251 28371.3 38349.5 24900.6 255722 38935.7 593276 628218 141429 342769 482238 147086 514268 367063 108652 260880 805323 286674 25925.1
desembarqueobs
 494567 514787 250237 358949 120608 361735 552515 73892 212993 205616 52469 317467 293654 387597 252695 516296 358380 742168 942051 627588 828172 859565 418607 520667 417249 300574 415391 372974 316634 284311 391294
desembarquepred
 494424 514548 249527 358257 120464 361420 551543 73840.2 212733 205264 52425.3 316953 292945 386470 252080 515384 357957 740965 939922 625001 826800 857797 417943 520066 416481 299979 414663 372540 316100 283146 390762
Reclutas
 896.302 197296 1272.59 113061 726.351 286313 718.411 201.853 61687.3 938.261 28139.2 154558 29670.9 82485.9 37165.3 258772 2028.74 412029 405849 20088 255490 406895 2101.33 188027 133731 8273.19 133090 212175 7934.98 2248.1 119345
log_desv_Rt
 -3.37229 2.0219 -3.02176 1.46512 -3.58253 2.39428 -3.59352 -4.86302 0.859271 -3.32653 0.0743576 1.77776 0.127358 1.14982 0.352568 2.29314 -2.55539 2.75829 2.74317 -0.262684 2.28038 2.74575 -2.52023 1.97378 1.63302 -1.14979 1.62822 2.0946 -1.19153 -2.45272 1.51921
SSB
 922747 248491 213846 35575.4 52426.5 3667.05 459150 77750 14442.6 107961 5913.96 33959.1 129716 24172 32673.3 21215 217872 33172.7 505464 535234 120496 292035 410860 125315 438150 312733 92570.3 222266 686125 244242 22087.9
BT
 1.19939e+06 935080 314596 414384 100509 1.26462e+06 687967 112635 464913 198052 106974 530217 330909 565531 314591 808870 354635 1.73662e+06 2.19637e+06 855870 1.43521e+06 1.44498e+06 583588 1.5242e+06 957873 479230 1.05084e+06 1.60097e+06 887401 395845 761739
Ftot
 0.628442 1.36751 1.38585 2.661 2.98674 0.737125 1.52761 1.21186 1.26959 2.6877 1.25884 1.56991 2.18756 3.02491 3.39258 1.6948 1.9181 1.21935 0.99903 1.53873 1.62572 1.40037 1.08852 0.921549 0.798196 0.991749 1.24446 0.570563 0.442262 1.84286 1.64884
BD_Bspro_t
 0.90446 0.42979 0.30512 0.0753338 0.0909802 0.0095521 0.443462 0.112557 0.0357714 0.219946 0.0240997 0.188365 0.270133 0.0612356 0.0743162 0.0528485 0.241191 0.0493168 0.361422 0.319411 0.0876876 0.186183 0.255311 0.111264 0.327263 0.306884 0.152724 0.325083 0.561641 0.310161 0.0570651
BD_Bspro
 4.94892 1.33272 1.14691 0.1908 0.281176 0.0196673 2.46253 0.416992 0.0774591 0.579019 0.031718 0.182131 0.695699 0.12964 0.175235 0.113781 1.1685 0.177913 2.71093 2.87059 0.646248 1.56625 2.20354 0.672095 2.3499 1.67726 0.496477 1.19207 3.67986 1.30993 0.118463
BD_Bo
 0.682939 0.183912 0.158271 0.0263299 0.0388017 0.00271404 0.339824 0.0575439 0.0106892 0.0799032 0.00437701 0.0251336 0.0960048 0.0178901 0.024182 0.0157016 0.16125 0.0245516 0.374101 0.396135 0.0891807 0.216139 0.304084 0.0927476 0.324281 0.231458 0.0685126 0.164502 0.507811 0.180767 0.0163475
BD_Brms
 1.24171 0.334385 0.287765 0.0478726 0.0705485 0.00493461 0.617861 0.104625 0.0194349 0.145279 0.0079582 0.0456975 0.174554 0.0325274 0.0439673 0.0285483 0.293183 0.0446393 0.680184 0.720245 0.162147 0.392981 0.55288 0.168632 0.589602 0.420833 0.124568 0.299095 0.923293 0.328668 0.0297228
Sel_flota
 0.485922 0.988638 0.999875 0.999999 1
 0.485922 0.988638 0.999875 0.999999 1
 0.485922 0.988638 0.999875 0.999999 1
 0.485922 0.988638 0.999875 0.999999 1
 0.485922 0.988638 0.999875 0.999999 1
 0.485922 0.988638 0.999875 0.999999 1
 0.485922 0.988638 0.999875 0.999999 1
 0.485922 0.988638 0.999875 0.999999 1
 0.485922 0.988638 0.999875 0.999999 1
 0.485922 0.988638 0.999875 0.999999 1
 0.485922 0.988638 0.999875 0.999999 1
 0.485922 0.988638 0.999875 0.999999 1
 0.485922 0.988638 0.999875 0.999999 1
 0.485922 0.988638 0.999875 0.999999 1
 0.485922 0.988638 0.999875 0.999999 1
 0.485922 0.988638 0.999875 0.999999 1
 0.485922 0.988638 0.999875 0.999999 1
 0.485922 0.988638 0.999875 0.999999 1
 0.485922 0.988638 0.999875 0.999999 1
 0.485922 0.988638 0.999875 0.999999 1
 0.485922 0.988638 0.999875 0.999999 1
 0.485922 0.988638 0.999875 0.999999 1
 0.485922 0.988638 0.999875 0.999999 1
 0.485922 0.988638 0.999875 0.999999 1
 0.485922 0.988638 0.999875 0.999999 1
 0.485922 0.988638 0.999875 0.999999 1
 0.485922 0.988638 0.999875 0.999999 1
 0.485922 0.988638 0.999875 0.999999 1
 0.485922 0.988638 0.999875 0.999999 1
 0.485922 0.988638 0.999875 0.999999 1
 0.485922 0.988638 0.999875 0.999999 1
Sel_reclas
 0.703658 0.922779 0.983644 0.996707 0.999344
 0.703658 0.922779 0.983644 0.996707 0.999344
 0.703658 0.922779 0.983644 0.996707 0.999344
 0.703658 0.922779 0.983644 0.996707 0.999344
 0.703658 0.922779 0.983644 0.996707 0.999344
 0.703658 0.922779 0.983644 0.996707 0.999344
 0.703658 0.922779 0.983644 0.996707 0.999344
 0.703658 0.922779 0.983644 0.996707 0.999344
 0.703658 0.922779 0.983644 0.996707 0.999344
 0.703658 0.922779 0.983644 0.996707 0.999344
 0.703658 0.922779 0.983644 0.996707 0.999344
 0.703658 0.922779 0.983644 0.996707 0.999344
 0.703658 0.922779 0.983644 0.996707 0.999344
 0.703658 0.922779 0.983644 0.996707 0.999344
 0.703658 0.922779 0.983644 0.996707 0.999344
 0.703658 0.922779 0.983644 0.996707 0.999344
 0.703658 0.922779 0.983644 0.996707 0.999344
 0.703658 0.922779 0.983644 0.996707 0.999344
 0.703658 0.922779 0.983644 0.996707 0.999344
 0.703658 0.922779 0.983644 0.996707 0.999344
 0.703658 0.922779 0.983644 0.996707 0.999344
 0.703658 0.922779 0.983644 0.996707 0.999344
 0.703658 0.922779 0.983644 0.996707 0.999344
 0.703658 0.922779 0.983644 0.996707 0.999344
 0.703658 0.922779 0.983644 0.996707 0.999344
 0.703658 0.922779 0.983644 0.996707 0.999344
 0.703658 0.922779 0.983644 0.996707 0.999344
 0.703658 0.922779 0.983644 0.996707 0.999344
 0.703658 0.922779 0.983644 0.996707 0.999344
 0.703658 0.922779 0.983644 0.996707 0.999344
 0.703658 0.922779 0.983644 0.996707 0.999344
Sel_pelaces
 0.207694 0.568825 0.869097 0.970941 0.994088
 0.207694 0.568825 0.869097 0.970941 0.994088
 0.207694 0.568825 0.869097 0.970941 0.994088
 0.207694 0.568825 0.869097 0.970941 0.994088
 0.207694 0.568825 0.869097 0.970941 0.994088
 0.207694 0.568825 0.869097 0.970941 0.994088
 0.207694 0.568825 0.869097 0.970941 0.994088
 0.207694 0.568825 0.869097 0.970941 0.994088
 0.207694 0.568825 0.869097 0.970941 0.994088
 0.207694 0.568825 0.869097 0.970941 0.994088
 0.207694 0.568825 0.869097 0.970941 0.994088
 0.207694 0.568825 0.869097 0.970941 0.994088
 0.207694 0.568825 0.869097 0.970941 0.994088
 0.207694 0.568825 0.869097 0.970941 0.994088
 0.207694 0.568825 0.869097 0.970941 0.994088
 0.207694 0.568825 0.869097 0.970941 0.994088
 0.207694 0.568825 0.869097 0.970941 0.994088
 0.207694 0.568825 0.869097 0.970941 0.994088
 0.207694 0.568825 0.869097 0.970941 0.994088
 0.207694 0.568825 0.869097 0.970941 0.994088
 0.207694 0.568825 0.869097 0.970941 0.994088
 0.207694 0.568825 0.869097 0.970941 0.994088
 0.207694 0.568825 0.869097 0.970941 0.994088
 0.207694 0.568825 0.869097 0.970941 0.994088
 0.207694 0.568825 0.869097 0.970941 0.994088
 0.207694 0.568825 0.869097 0.970941 0.994088
 0.207694 0.568825 0.869097 0.970941 0.994088
 0.207694 0.568825 0.869097 0.970941 0.994088
 0.207694 0.568825 0.869097 0.970941 0.994088
 0.207694 0.568825 0.869097 0.970941 0.994088
 0.207694 0.568825 0.869097 0.970941 0.994088
pf_obs 
 0.8446 0.082 0.0669 0.0065 0
 0.8095 0.147 0.0364 0.0071 0
 0.9664 0.0169 0.016 0.0007 0
 0.9276 0.0648 0.0075 0.0001 0
 0.7033 0.2144 0.0806 0.0017 0
 0.9318 0.0425 0.0243 0.0014 0
 0.5671 0.3108 0.0964 0.0239 0.0018
 0.0768 0.2599 0.5324 0.112 0.0189
 0.490249 0.384438 0.106611 0.0170017 0.00170017
 0.7925 0.1577 0.0466 0.003 0.0002
 0.840416 0.127587 0.0312969 0.00059994 9.999e-05
 0.8084 0.0986 0.0794 0.0134 0.0002
 0.7335 0.1905 0.0724 0.0035 0.0001
 0.4001 0.4547 0.1325 0.0127 0
 0.49795 0.308269 0.164784 0.0264974 0.00249975
 0.9179 0.0499 0.0305 0.0017 0
 0.2467 0.6533 0.0926 0.0074 0
 0.9418 0.0223 0.034 0.0019 0
 0.707729 0.231977 0.0356964 0.0245975 0
 0.517169 0.277429 0.184464 0.0207286 0.00020938
 0.811772 0.124168 0.05621 0.00726502 0.000585176
 0.764997 0.148141 0.077277 0.00933861 0.000247198
 0.163321 0.427699 0.378323 0.0303852 0.000271297
 0.753843 0.0900009 0.118128 0.0371064 0.000921714
 0.721811 0.176058 0.0630433 0.0369309 0.00215725
 0.143369 0.312575 0.442814 0.0836902 0.0175525
 0.692698 0.0596174 0.167031 0.0765114 0.00414204
 0.394062 0.376323 0.152708 0.0712218 0.00568511
 0.125707 0.32114 0.495352 0.0537591 0.00404204
 0.23352 0.215282 0.420074 0.123614 0.00750983
 0.796117 0.104755 0.0508955 0.0450114 0.00322123
pf_pred 
 0.00853974 0.246037 0.535366 0.210057 1.36676e-06
 0.913758 0.00180829 0.0212016 0.045416 0.0178165
 0.0202394 0.952064 0.000593305 0.00680704 0.0202968
 0.954845 0.0028054 0.0411783 2.51061e-05 0.00114664
 0.044512 0.947273 0.000526799 0.00747572 0.000212645
 0.998239 0.000386244 0.00136362 7.30817e-07 1.06616e-05
 0.00616199 0.993159 0.000150799 0.000523668 4.3742e-06
 0.0195814 0.020049 0.959729 0.000142397 0.000498498
 0.981462 0.0010682 0.000364442 0.017094 1.14126e-05
 0.0520133 0.942308 0.000333802 0.000111532 0.00523362
 0.976585 0.00529511 0.018015 6.1683e-06 9.87354e-05
 0.945834 0.0537507 9.54172e-05 0.000317955 1.85107e-06
 0.430504 0.56014 0.00928591 1.61016e-05 5.39533e-05
 0.925546 0.0571218 0.0170553 0.00027461 2.07105e-06
 0.799973 0.19747 0.0019789 0.000569161 9.22946e-06
 0.984067 0.0153979 0.000528194 5.07986e-06 1.48407e-06
 0.0312321 0.964424 0.004202 0.00014064 1.74727e-06
 0.989645 0.00115827 0.00915637 3.88467e-05 1.31595e-06
 0.739931 0.259183 0.000100889 0.000781431 3.42682e-06
 0.11001 0.790297 0.0993597 3.79636e-05 0.000295275
 0.932854 0.0198411 0.042114 0.00517338 1.73463e-05
 0.853888 0.143211 0.000871615 0.00180626 0.00022257
 0.0154883 0.934727 0.0488176 0.000290659 0.000676394
 0.912238 0.00379441 0.0797987 0.00408788 8.09616e-05
 0.625294 0.362057 0.000556365 0.0114925 0.000600272
 0.106029 0.726453 0.161956 0.000244684 0.00531729
 0.914942 0.0211286 0.0521294 0.0114083 0.000391711
 0.808703 0.185687 0.00141543 0.00342097 0.000774199
 0.061475 0.854485 0.0816114 0.000612706 0.00181569
 0.076852 0.121752 0.730565 0.0687847 0.0020464
 0.982381 0.00430561 0.00179586 0.0105001 0.00101774
pobs_RECLAS
 0 0 0 0 0
 0 0 0 0 0
 0 0 0 0 0
 0 0 0 0 0
 0 0 0 0 0
 0 0 0 0 0
 0 0 0 0 0
 0 0 0 0 0
 0 0 0 0 0
 0 0 0 0 0
 0.991045 0.00858322 0.000360255 1.14367e-05 0
 0.934742 0.0480273 0.0164251 0.00080598 0
 0.827803 0.169806 0.00239088 0 0
 0.941827 0.0461693 0.0120037 0 0
 0.791401 0.0380133 0.147996 0.0225897 0
 0.846168 0.0940531 0.0597789 0 0
 0.134021 0.677848 0.182769 0.00536245 0
 0.80878 0.0450904 0.141981 0.00414843 0
 0.846168 0.0940531 0.0597789 0 0
 0.905697 0.0802665 0.012482 0.00150086 5.37128e-05
 0.989698 0.0102097 9.19794e-05 0 0
 0.975433 0.0193895 0.00387452 0.00125025 5.28907e-05
 0.303575 0.632131 0.0575291 0.00676475 0
 0.966965 0.00978017 0.0227588 0.000495775 0
 0.843318 0.132988 0.00938335 0.0141283 0.000182051
 0.564624 0.303363 0.111486 0.0197234 0.00080311
 0.826376 0.0876187 0.0782897 0.00655872 0.00115652
 0.89761 0.0855135 0.0140674 0.00269457 0.000114338
 0.34875 0.467042 0.161289 0.0227151 0.000203297
 0.318654 0.224769 0.449479 0.00709798 0
 0.937255 0.0296025 0.0250945 0.00804832 0
ppred_RECLAS
 0.0131258 0.23485 0.538113 0.21391 1.39551e-06
 0.945241 0.00108247 0.0133396 0.0289499 0.011387
 0.0344742 0.936469 0.00061335 0.00712936 0.021314
 0.976724 0.00138562 0.021275 1.31408e-05 0.000601748
 0.0924487 0.899305 0.000522409 0.00751021 0.000214191
 0.99887 0.000237952 0.000884418 4.80223e-07 7.0243e-06
 0.0107988 0.988484 0.000157674 0.000554725 4.64587e-06
 0.0312875 0.0188575 0.949212 0.000142686 0.000500829
 0.98841 0.000629338 0.000225742 0.0107273 7.18089e-06
 0.102405 0.89189 0.000330454 0.000111856 0.00526271
 0.985608 0.00313 0.0111961 3.88387e-06 6.23331e-05
 0.968643 0.0311023 5.79945e-05 0.000195788 1.14285e-06
 0.592391 0.400596 0.00696025 1.2227e-05 4.10784e-05
 0.964407 0.0270268 0.00842779 0.000137468 1.0395e-06
 0.903856 0.0948593 0.000991128 0.000288779 4.6952e-06
 0.99106 0.00862591 0.000310676 3.02707e-06 8.86689e-07
 0.0563234 0.939236 0.00429332 0.000145579 1.81342e-06
 0.993605 0.000684011 0.00568579 2.44391e-05 8.3008e-07
 0.82546 0.173908 7.12239e-05 0.000558909 2.45748e-06
 0.178113 0.725713 0.0958473 3.7102e-05 0.000289336
 0.959821 0.0114552 0.025535 0.00317791 1.06837e-05
 0.91011 0.087999 0.00056287 0.00118175 0.000146002
 0.0256425 0.922651 0.0506873 0.000305755 0.000713405
 0.942291 0.00237459 0.0525526 0.0027275 5.41618e-05
 0.731062 0.259282 0.000419404 0.00877723 0.000459661
 0.163271 0.673288 0.157932 0.000241738 0.00526717
 0.946299 0.012819 0.0332546 0.0073732 0.000253832
 0.871218 0.124771 0.00100162 0.00245266 0.000556527
 0.0938565 0.821046 0.0826028 0.000628302 0.00186683
 0.127528 0.110223 0.69407 0.066205 0.00197487
 0.989602 0.00242671 0.0010629 0.00629612 0.000611873
pobs_PELACES
 0 0 0 0 0
 0 0 0 0 0
 0 0 0 0 0
 0 0 0 0 0
 0 0 0 0 0
 0 0 0 0 0
 0 0 0 0 0
 0 0 0 0 0
 0 0 0 0 0
 0 0 0 0 0
 0 0 0 0 0
 0 0 0 0 0
 0 0 0 0 0
 0 0 0 0 0
 0 0 0 0 0
 0 0 0 0 0
 0.505614 0.472636 0.0217494 0 0
 0 0 0 0 0
 0.443492 0.261883 0.143347 0.151278 0
 0.227955 0.32914 0.350689 0.0885471 0.00366901
 0.970185 0.0296113 0.000203453 0 0
 0.997202 0.00247181 0.000326279 0 0
 0.445219 0.490057 0.0546422 0.010081 0
 0.90214 0.0892962 0.00764917 0.000914606 0
 0 0 0 0 0
 0.581667 0.319106 0.0959925 0.00289975 0.000334073
 0.762889 0.0836404 0.116647 0.0363945 0.000428098
 0.88444 0.0763242 0.0277011 0.0115352 0
 0.521256 0.241999 0.230069 0.00667565 0
 0.616807 0.101726 0.260614 0.0208532 0
 0.833518 0.0704572 0.0857862 0.0102388 0
ppred_PELACES
 0.00517259 0.174146 0.570602 0.250078 1.66595e-06
 0.871269 0.00166081 0.0291873 0.0698342 0.0280487
 0.0207008 0.933163 0.000871545 0.0111687 0.0340959
 0.957143 0.00182368 0.039741 2.70606e-05 0.00126536
 0.0737787 0.913204 0.000751989 0.0119178 0.000347078
 0.997206 0.000439012 0.00233242 1.39629e-06 2.08554e-05
 0.0066873 0.992205 0.000225569 0.000874916 7.48238e-06
 0.0131529 0.0135407 0.972567 0.00016118 0.000577702
 0.970377 0.00104529 0.000534895 0.0280233 1.91554e-05
 0.078346 0.912395 0.000479737 0.000179019 0.00860069
 0.968024 0.00521014 0.0265886 1.01687e-05 0.000166649
 0.950269 0.0491119 0.000130497 0.0004857 2.89505e-06
 0.498275 0.489528 0.0120927 2.34192e-05 8.03438e-05
 0.951133 0.033702 0.0148954 0.000267845 2.06818e-06
 0.88708 0.110748 0.00163783 0.000526067 8.73399e-06
 0.98577 0.0135267 0.000693931 7.45413e-06 2.22961e-06
 0.0377281 0.955818 0.00621806 0.000232445 2.95668e-06
 0.985055 0.00115685 0.0137212 6.50218e-05 2.25516e-06
 0.727324 0.271139 0.000158577 0.00137193 6.15978e-06
 0.113152 0.74591 0.140402 5.9918e-05 0.000477142
 0.919286 0.0174966 0.0555671 0.00762412 2.6173e-05
 0.858122 0.137359 0.0012528 0.00289982 0.000365838
 0.0145434 0.912299 0.0715477 0.000475823 0.00113368
 0.865319 0.00390844 0.123559 0.00707007 0.000143363
 0.592844 0.384653 0.00088919 0.0205163 0.00109715
 0.0921753 0.673399 0.225576 0.000380668 0.00846959
 0.885156 0.0203707 0.0753957 0.0184299 0.000647885
 0.777851 0.211639 0.00243005 0.00656044 0.00152008
 0.0487717 0.827992 0.119204 0.000999659 0.003033
 0.0643511 0.0855598 0.766977 0.0806553 0.00245676
 0.976776 0.00380519 0.00237436 0.0155057 0.00153874
pobs_pel_tallas
 0 0 0 0 0 0 0 0 0 0 0 0 0 0 0 0 0 0 0 0 0 0 0 0 0 0
 0 0 0 0 0 0 0 0 0 0 0 0 0 0 0 0 0 0 0 0 0 0 0 0 0 0
 0 0 0 0 0 0 0 0 0 0 0 0 0 0 0 0 0 0 0 0 0 0 0 0 0 0
 0 0 0 0 0 0 0 0 0 0 0 0 0 0 0 0 0 0 0 0 0 0 0 0 0 0
 0 0 0 0 0 0 0 0 0 0 0 0 0 0 0 0 0 0 0 0 0 0 0 0 0 0
 0 0 0 0 0 0 0 0 0 0 0 0 0 0 0 0 0 0 0 0 0 0 0 0 0 0
 0 0 0 0 0 0 0 0 0 0 0 0 0 0 0 0 0 0 0 0 0 0 0 0 0 0
 0 0 0 0 0 0 0 0 0 0 0 0 0 0 0 0 0 0 0 0 0 0 0 0 0 0
 0 0 0 0 0 0 0 0 0 0 0 0 0 0 0 0 0 0 0 0 0 0 0 0 0 0
 0 0 0 0 0 0 0 0 0 0 0 0 0 0 0 0 0 0 0 0 0 0 0 0 0 0
 0 0 0 0 0 0 0 0 0 0 0 0 0 0 0 0 0 0 0 0 0 0 0 0 0 0
 0 0 0 0 0 0 0 0 0 0 0 0 0 0 0 0 0 0 0 0 0 0 0 0 0 0
 0.00862536 0 0 0.000197151 0.00414017 0.0128641 0.00837892 0.0270097 0.101434 0.158115 0.152841 0.127902 0.109271 0.109419 0.0830992 0.0579132 0.0238553 0.00714673 0.00463305 0.00128148 0.00103504 0.000492878 0.000147863 0.000147863 4.92878e-05 0
 0 0 0 0 0 0 0 0 0 0 0 0 0 0 0 0 0 0 0 0 0 0 0 0 0 0
 0 0 0 0 0 0 0 0.0054083 0.00873648 0.0413646 0.0450493 0.0745869 0.0622846 0.0627006 0.0613931 0.0827291 0.12552 0.122667 0.0946155 0.0697135 0.0546179 0.0294188 0.0215738 0.0213955 0.0102223 0.00600262
 0 0 0 0 0.00359764 0.0251062 0.0480494 0.140153 0.205849 0.193036 0.1447 0.116669 0.0760912 0.0342217 0.00950174 0.001854 0.000860785 0 0 0 0.000165536 0 0.000143464 0 0 0
 0 0 0 0 0 0 0 0.000145254 0.000435761 0.0275982 0.070085 0.0708112 0.156366 0.174668 0.174014 0.160142 0.0824315 0.0480064 0.0283245 0.00493863 0.00203355 0 0 0 0 0
 0 0 0 0 0 0 0 0 0 0 0 0 0 0 0 0 0 0 0 0 0 0 0 0 0 0
 0 0 1.00437e-05 0.000401748 0.00122533 0.00171747 0.00176769 0.0269171 0.070346 0.194647 0.189555 0.159765 0.064822 0.0314167 0.0384472 0.0292271 0.0345202 0.0313363 0.0194345 0.0106764 0.0143323 0.0359363 0.0279516 0.0138201 0.00172751 0
 0 0.0021121 0.0136068 0.0755702 0.200478 0.177729 0.0527432 0.0373336 0.0318909 0.0142505 0.0149659 0.0166563 0.0217959 0.0798694 0.0677717 0.0528807 0.04013 0.0224614 0.0357745 0.0225083 0.00881397 0.00855152 0.00135912 0.000746735 0 0
 0 0 0 0 5.4009e-05 0.00500934 0.000945158 0.0243581 0.138947 0.33067 0.221406 0.137944 0.0707744 0.0437923 0.0131692 0.00525238 0.0047753 0.00276346 9.45158e-05 9.00151e-06 2.25038e-05 9.00151e-06 4.50075e-06 0 0 0
 0.000866109 0.00284123 0.00948549 0.0512746 0.133035 0.25785 0.225252 0.132002 0.0553304 0.0519788 0.0540692 0.017754 0.00435017 0.00159236 0.00146478 0.000404838 0.000125132 0.000115318 0.000107957 0.000100596 0 0 0 0 0 0
 0 0 0 0 0.00144013 0.00171154 0.00461396 0.0210425 0.0478622 0.0707936 0.0888783 0.103762 0.0637923 0.0337046 0.0602308 0.124433 0.169614 0.0934646 0.0462172 0.0250306 0.0313229 0.00938855 0.002487 0.000210481 0 0
 0 0.00764035 0.051015 0.0998891 0.058973 0.0496711 0.0374665 0.0718981 0.12319 0.153886 0.159021 0.0857701 0.0377988 0.023471 0.0147837 0.00900784 0.00315554 0.000888139 0.00291439 0.00214683 0.00393193 0.00274676 0.000635225 9.99891e-05 0 0
 0 0 0 0 0 0 0 0 0 0 0 0 0 0 0 0 0 0 0 0 0 0 0 0 0 0
 0 0 0 0 0 0 0 0 0 0 0 0 0 0 0 0 0 0 0 0 0 0 0 0 0 0
 0 0 0 0 0 0 0 0 0 0 0 0 0 0 0 0 0 0 0 0 0 0 0 0 0 0
 0 0 0 0 0 0 0 0 0 0 0 0 0 0 0 0 0 0 0 0 0 0 0 0 0 0
 0 0 0 0 0 0 0 0 0 0 0 0 0 0 0 0 0 0 0 0 0 0 0 0 0 0
 0 0 0 0 0 0 0 0 0 0 0 0 0 0 0 0 0 0 0 0 0 0 0 0 0 0
 0 0 0 0 0 0 0 0 0 0 0 0 0 0 0 0 0 0 0 0 0 0 0 0 0 0
ppred_pel_tallas
 1.41591e-16 4.26098e-07 4.14184e-06 2.75248e-05 0.000125135 0.000389435 0.000830382 0.00121567 0.00123338 0.000917378 0.000684264 0.000988781 0.0022412 0.00498914 0.00991809 0.0175812 0.028119 0.041264 0.0566609 0.0741174 0.0933049 0.112965 0.130371 0.141827 0.144128 0.136097
 1.12593e-16 7.17653e-05 0.000697584 0.00463569 0.0210732 0.0655665 0.139696 0.203891 0.203891 0.139698 0.0655707 0.0210864 0.00467306 0.000793294 0.000296687 0.000495145 0.000998438 0.00190822 0.00342423 0.00575266 0.00901494 0.0131358 0.017759 0.0222523 0.0258328 0.0277857
 1.07154e-16 1.70529e-06 1.65761e-05 0.000110159 0.00050082 0.00155872 0.00332433 0.00487077 0.00496051 0.00376271 0.0030301 0.00474806 0.0107615 0.0232364 0.0440063 0.0725041 0.103878 0.129457 0.140432 0.132816 0.109939 0.0804058 0.053181 0.0335369 0.0221558 0.0168051
 1.01365e-16 7.88386e-05 0.000766339 0.00509259 0.0231502 0.0720288 0.153465 0.223987 0.223987 0.153466 0.072033 0.023163 0.00512763 0.000852493 0.000270701 0.000396154 0.000733341 0.00127536 0.00206057 0.00308661 0.00426955 0.0054285 0.00631863 0.00671424 0.00650425 0.00574407
 1.0151e-16 6.07724e-06 5.9073e-05 0.000392565 0.0017846 0.00555302 0.0118345 0.0172913 0.0173791 0.0122635 0.00699279 0.00594048 0.0108144 0.0227768 0.0430538 0.0709122 0.101555 0.126458 0.136949 0.129051 0.105944 0.0759864 0.047953 0.0270992 0.014299 0.00765193
 1.00072e-16 8.21386e-05 0.000798416 0.00530576 0.0241192 0.0750438 0.159889 0.233362 0.233362 0.159889 0.0750445 0.0241215 0.0053116 0.00081172 0.000109018 5.43967e-05 8.00242e-05 0.000120392 0.000169811 0.00022633 0.000286029 0.000341234 0.000380782 0.000393527 0.000373648 0.000324214
 1.0035e-16 5.5103e-07 5.35631e-06 3.55992e-05 0.000161887 0.000504203 0.00107778 0.00159306 0.00168846 0.00154384 0.00206841 0.00467688 0.0113577 0.0246843 0.046761 0.0770174 0.110273 0.137253 0.148512 0.139704 0.114261 0.0812695 0.0502963 0.0271232 0.0127946 0.00533708
 1.28184e-16 1.08339e-06 1.0531e-05 6.99821e-05 0.00031813 0.000989835 0.00210904 0.00307878 0.00308158 0.00212344 0.00104249 0.000489224 0.000571 0.00134036 0.00321608 0.00710579 0.0143862 0.026687 0.0453083 0.0702637 0.0993156 0.127696 0.149117 0.15797 0.151702 0.132006
 1.0283e-16 7.99287e-05 0.000776935 0.00516301 0.0234703 0.0730248 0.155587 0.227084 0.227084 0.155588 0.0730267 0.0234759 0.00517773 0.000811446 0.000152937 0.000147534 0.000259167 0.000452167 0.000764733 0.0012514 0.00196053 0.00290092 0.00400756 0.00512882 0.00605305 0.00657219
 1.01721e-16 6.45344e-06 6.27298e-05 0.000416866 0.00189507 0.00589673 0.0125668 0.0183601 0.0184478 0.0129954 0.00733515 0.00604704 0.0108287 0.0227581 0.04301 0.0708343 0.101431 0.126275 0.136695 0.12871 0.105499 0.0754309 0.0473019 0.0264043 0.013647 0.00714451
 1.00798e-16 7.97349e-05 0.000775052 0.00515049 0.0234134 0.0728477 0.15521 0.226533 0.226534 0.155212 0.0728568 0.0234401 0.00521942 0.000931815 0.000395796 0.000575745 0.000931945 0.00140018 0.00196535 0.00260672 0.00328024 0.00390018 0.00434127 0.00447792 0.00424449 0.00367622
 1.00066e-16 7.82724e-05 0.000760836 0.00505602 0.0229839 0.0715116 0.152363 0.22238 0.222384 0.152386 0.071589 0.0232074 0.00561652 0.00198264 0.00239348 0.00381934 0.00546224 0.00680144 0.0073656 0.00694031 0.00569597 0.00408171 0.00256918 0.00144141 0.00074642 0.000383468
 1.00491e-16 4.10424e-05 0.000398947 0.00265114 0.0120517 0.0374977 0.0798945 0.116618 0.116665 0.0801246 0.0382698 0.0142807 0.00824139 0.012587 0.0231429 0.0380751 0.0545627 0.0680191 0.0737979 0.0697547 0.0575551 0.0416214 0.0265957 0.0152625 0.00810811 0.00418252
 1.00466e-16 7.83435e-05 0.000761527 0.00506062 0.0230048 0.0715766 0.152502 0.222581 0.222584 0.152518 0.0716302 0.0231599 0.00545052 0.00161506 0.00170628 0.0027147 0.00394418 0.00504433 0.00571185 0.00580045 0.00539217 0.00472074 0.00401223 0.0033747 0.00280262 0.00225357
 1.0013e-16 7.30676e-05 0.000710243 0.00471982 0.0214556 0.0667564 0.142232 0.207594 0.207605 0.142284 0.0669311 0.0219598 0.00598417 0.00346662 0.00529697 0.00861256 0.0123321 0.0153656 0.0166574 0.0157232 0.0129433 0.00932352 0.0059201 0.00336654 0.00177189 0.000915517
 1.00025e-16 8.11965e-05 0.000789259 0.00524491 0.0238426 0.0741831 0.158055 0.230686 0.230688 0.158061 0.0742045 0.0239042 0.00539951 0.00112641 0.00072051 0.00105998 0.00151276 0.00188878 0.00205535 0.00195302 0.00162696 0.00119757 0.000790714 0.000481208 0.000281487 0.000165887
 1.00448e-16 3.10781e-06 3.02092e-05 0.000200755 0.000912659 0.00284011 0.00605456 0.00885608 0.00894799 0.00650357 0.00434715 0.00526274 0.0111097 0.0238101 0.0450641 0.0742293 0.106305 0.132367 0.14332 0.134979 0.110635 0.0790097 0.0492822 0.0269902 0.0131287 0.00581171
 1.00404e-16 8.11377e-05 0.000788687 0.0052411 0.0238253 0.0741293 0.15794 0.230519 0.230519 0.157941 0.0741316 0.0238321 0.0052592 0.000831487 0.000172058 0.000181038 0.000310854 0.000510718 0.000784973 0.00112945 0.001516 0.00188621 0.0021605 0.00226505 0.00216446 0.00188025
 1.00213e-16 5.99088e-05 0.000582335 0.00386982 0.0175917 0.0547343 0.116618 0.170213 0.170239 0.116746 0.0551618 0.0188255 0.00696393 0.00732677 0.0128393 0.0210536 0.0301411 0.0375215 0.0406119 0.0382268 0.0313062 0.0223324 0.0139162 0.00763092 0.00375302 0.00173504
 1.0433e-16 9.3203e-06 9.05967e-05 0.000602051 0.00273688 0.00851583 0.0181465 0.0265005 0.0265724 0.0184981 0.00969626 0.00614689 0.00916356 0.0187866 0.0355336 0.0587722 0.0847553 0.106757 0.117881 0.114869 0.0999737 0.0793204 0.0591772 0.0430728 0.0314247 0.0229979
 1.02378e-16 7.57204e-05 0.000736029 0.00489117 0.0222346 0.06918 0.147395 0.215128 0.21513 0.147404 0.0692094 0.0223206 0.00511133 0.00123011 0.00105356 0.00172492 0.00271747 0.0039176 0.00524991 0.00665777 0.00808364 0.00940878 0.0104157 0.0108397 0.0104952 0.00938952
 1.00425e-16 7.06824e-05 0.000687058 0.00456574 0.0207552 0.0645773 0.137589 0.200818 0.200831 0.137654 0.0647939 0.0213805 0.00613387 0.00410567 0.00654975 0.0106809 0.015297 0.0190641 0.0206776 0.0195425 0.0161366 0.0117126 0.00757959 0.00451447 0.00263529 0.0016473
 1.02538e-16 1.19811e-06 1.16462e-05 7.73972e-05 0.000351891 0.00109533 0.00233697 0.00342929 0.00351712 0.00276608 0.00253587 0.00451132 0.0105131 0.0227761 0.0431851 0.0712598 0.102339 0.128024 0.139736 0.133486 0.112264 0.0840683 0.057225 0.0366317 0.0230559 0.0148022
 1.04301e-16 7.12752e-05 0.00069282 0.00460403 0.0209293 0.0651187 0.138742 0.202499 0.202499 0.138745 0.0651289 0.0209612 0.00469331 0.000918207 0.000588493 0.00109213 0.00210542 0.00376751 0.00623164 0.00950481 0.013322 0.0170983 0.0200377 0.0214014 0.020814 0.0184333
 1.02368e-16 4.88319e-05 0.000474663 0.0031543 0.014339 0.0446143 0.0950568 0.138746 0.138783 0.0952375 0.0452208 0.0160901 0.00754581 0.0100488 0.0181954 0.0299089 0.0428619 0.0534496 0.0580473 0.0550153 0.0457185 0.0336786 0.0225474 0.0144473 0.00962166 0.00714846
 1.08154e-16 7.5925e-06 7.38019e-05 0.000490442 0.00222952 0.00693721 0.0147829 0.0215897 0.0216548 0.015101 0.00800611 0.0053193 0.00825534 0.0170547 0.0323445 0.053685 0.0778518 0.0989611 0.110946 0.110891 0.100618 0.0851753 0.0695675 0.0563763 0.045664 0.0364174
 1.04139e-16 7.29091e-05 0.000708703 0.00470958 0.0214091 0.0666115 0.141923 0.207141 0.207143 0.141933 0.0666462 0.0215108 0.00497063 0.00129769 0.00124764 0.00209418 0.0033537 0.00493868 0.00679682 0.00888459 0.0111271 0.013334 0.0151571 0.0161709 0.0160554 0.0147621
 1.0104e-16 6.40706e-05 0.000622789 0.00413865 0.0188137 0.0585366 0.124719 0.182036 0.182056 0.124819 0.0588704 0.0197773 0.00655519 0.00589135 0.0100503 0.0164623 0.0235887 0.0294148 0.0319396 0.0302528 0.0250955 0.0183969 0.0121656 0.00758113 0.00480207 0.00335129
 1.04266e-16 4.01743e-06 3.9051e-05 0.000259511 0.00117975 0.00367107 0.00782454 0.0114369 0.0115167 0.00821445 0.00498024 0.00496095 0.00975032 0.0207557 0.0393424 0.0650163 0.0936091 0.117598 0.129279 0.125042 0.107481 0.0835838 0.0605478 0.0424916 0.0299517 0.0214635
 1.3066e-16 5.30054e-06 5.15231e-05 0.00034239 0.00155646 0.00484277 0.0103184 0.0150619 0.0150714 0.0103651 0.00500297 0.00203441 0.00159956 0.00298594 0.0061347 0.0115839 0.0200628 0.0322617 0.0486455 0.0690719 0.0921724 0.114882 0.132758 0.141363 0.138146 0.123679
 1.01885e-16 8.04557e-05 0.000782059 0.00519705 0.0236251 0.0735063 0.156613 0.228581 0.228582 0.156615 0.0735125 0.0236431 0.00524285 0.000883794 0.000279174 0.000349562 0.000534509 0.000760529 0.00102145 0.00133683 0.0017435 0.00226824 0.00289241 0.0035341 0.00406426 0.00435154
pSPR Fmed_Fpbrs
0.208583   0.6 0.325
Fs Fmed_Fpbrs
1.37761   0.345118 0.889305
SSBpbr Bo_Bmed_Bpbrs
1.35114e+06  214269  743128 371564
Ro
26122.8
SPR SPRFo_SPRFmed_SPRFpbrs
186454 38891.3 60597.6
Fref
0.345118
Nvult_r0
 99641.1 313.424 130.17 761.046 73.7654
CTP_r0
 44322 194.256 81.0238 473.733 45.9172
YTP_r0
390762
Np
 89658.3 27891 5153.18 6.3419 3.25431
Nvult_p0
 61767.3 20596.6 3810.68 4.68978 2.40654
CTP_p0
 8870.77 3701.64 4.61819 1.88032 11.7684
 8870.77 5239.73 977.618 1.20326 0.617447
YTP_p0
 125007 171217
CBA_c0
138870
log_Ro
9.99056
likeval ReclasPelacesDesembMPH_pf_preclas_ppelaces_ptallas_desvR_qrecl_qpela
 32.0777 32.3773 0.596827 0.000955318 443.018 149.906 154.349 0 234.789 0.000136361 0.000404058 0.0897639 3.12345e-16 0 0
q_reclas_q_pelaces
5.23169 17.4579
M
1
N
 896.302 14321.4 30893.1 12120.1 0.0788608
 197296 242.962 2830.49 6062.78 2378.4
 1272.59 37345.2 23.1255 265.302 791.059
 113061 238.744 3490.68 2.12816 97.1964
 726.351 11414.6 6.32574 89.7643 2.55332
 286313 62.5967 219.169 0.11745 1.71343
 718.411 73618.7 11.1113 38.5829 0.322283
 201.853 125.806 5981.35 0.887403 3.10657
 61687.3 41.2097 13.9664 655.04 0.437329
 938.261 12245.5 4.3211 1.44372 67.7468
 28139.2 93.5052 316.003 0.108191 1.7318
 154558 5615.14 9.90934 33.0184 0.192227
 29670.9 26515.1 437.532 0.758635 2.54203
 82485.9 3770.4 1121.88 18.0629 0.136227
 37165.3 6977.95 69.7134 20.05 0.325129
 258772 2629.63 89.7003 0.862631 0.252015
 2028.74 41779.6 181.102 6.06108 0.0753013
 412029 293.866 2307.35 9.78839 0.331587
 405849 83812.6 32.3827 250.799 1.09983
 20088 91884.4 11483.4 4.38733 34.124
 255490 3498.81 7383.8 906.985 3.04112
 406895 42657.8 257.992 534.604 65.8747
 2101.33 75798.9 3930.43 23.3999 54.454
 188027 455.498 9506.05 486.929 9.64376
 133731 44202.6 67.3777 1391.66 72.6885
 8273.19 33380.4 7386.52 11.1587 242.492
 133090 1879.69 4606.59 1008.06 34.6123
 212175 26744.2 202.055 488.303 110.508
 7934.98 59155 5597.03 42.016 124.51
 2248.1 2354.61 14054.2 1323.17 39.3654
 119345 337.767 140.08 818.975 79.3802
pred_Ctot
 152.84 4403.44 9581.69 3759.48 0.0244615
 63855.4 126.367 1481.61 3173.77 1245.06
 416.038 19570.5 12.1959 139.925 417.218
 57318 168.404 2471.88 1.50709 68.8312
 392.98 8363.13 4.65091 66.0004 1.87736
 56092.3 21.7035 76.6236 0.0410655 0.599088
 252.477 40692.9 6.17871 21.4564 0.179225
 59.5378 60.9593 2918.07 0.432962 1.51569
 18864 20.5312 7.0047 328.552 0.219354
 478.428 8667.54 3.07038 1.02589 48.1399
 8548.72 46.3518 157.697 0.0539954 0.864298
 55408.8 3148.82 5.58972 18.6264 0.108439
 13345.6 17364.3 287.862 0.499148 1.67255
 44936.3 2773.33 828.055 13.3326 0.100552
 21496.1 5306.22 53.175 15.2939 0.248005
 97997 1533.38 52.5995 0.50587 0.147789
 836.93 25843.8 112.602 3.76874 0.0468218
 122116 142.924 1129.84 4.79345 0.162381
 102605 35940.4 13.99 108.359 0.475191
 7097.18 50985.1 6410.08 2.44918 19.0493
 93929.7 1997.81 4240.49 520.911 1.74661
 134070 22485.8 136.854 283.603 34.9461
 569.378 34362.2 1794.62 10.6852 24.8655
 44484.3 185.031 3891.3 199.341 3.94801
 28044.6 16238.4 24.9532 515.442 26.9224
 2079.14 14245.1 3175.82 4.79804 104.267
 40074.9 925.442 2283.3 499.691 17.1571
 33215.6 7626.65 58.1354 140.508 31.7984
 987.111 13720.6 1310.44 9.83828 29.1547
 902.498 1429.77 8579.26 807.761 24.0316
 44322 194.256 81.0238 473.733 45.9172
F
 0.305374 0.621302 0.628364 0.628442 0.628442
 0.664501 1.35197 1.36734 1.3675 1.36751
 0.673415 1.37011 1.38568 1.38585 1.38585
 1.29304 2.63076 2.66067 2.66099 2.661
 1.45132 2.9528 2.98637 2.98674 2.98674
 0.358185 0.728749 0.737033 0.737124 0.737125
 0.742299 1.51025 1.52742 1.52761 1.52761
 0.588867 1.19809 1.21171 1.21185 1.21186
 0.61692 1.25516 1.26943 1.26959 1.26959
 1.30601 2.65716 2.68736 2.6877 2.6877
 0.611699 1.24454 1.25869 1.25884 1.25884
 0.762852 1.55207 1.56971 1.56991 1.56991
 1.06298 2.16271 2.18729 2.18756 2.18756
 1.46987 2.99054 3.02454 3.02491 3.02491
 1.64853 3.35404 3.39216 3.39258 3.39258
 0.823538 1.67554 1.69459 1.69479 1.6948
 0.932047 1.89631 1.91786 1.9181 1.9181
 0.592511 1.2055 1.2192 1.21935 1.21935
 0.48545 0.987678 0.998905 0.999028 0.99903
 0.7477 1.52124 1.53853 1.53872 1.53873
 0.789973 1.60725 1.62552 1.62572 1.62572
 0.680471 1.38446 1.4002 1.40037 1.40037
 0.528937 1.07615 1.08839 1.08852 1.08852
 0.4478 0.911078 0.921434 0.921547 0.921549
 0.387861 0.789126 0.798096 0.798195 0.798196
 0.481912 0.980481 0.991625 0.991748 0.991749
 0.604711 1.23032 1.24431 1.24446 1.24446
 0.277249 0.56408 0.570492 0.570563 0.570563
 0.214905 0.437237 0.442207 0.442261 0.442262
 0.895483 1.82192 1.84263 1.84285 1.84286
 0.801206 1.6301 1.64863 1.64884 1.64884
YTP_r0W_actual
 367872 2739.01 2236.26 16201.7 1712.71
YTP_p0W_proyectada
 66442.1 58004.7 106.819 55.2249 398.126
 66442.1 82106.6 22612.3 35.3397 20.8882
CTP_r0_actual
 44322 194.256 81.0238 473.733 45.9172
CTP_p0_proyectada
 8870.77 3701.64 4.61819 1.88032 11.7684
 8870.77 5239.73 977.618 1.20326 0.617447
Wmedp
 7.49 15.67 23.13 29.37 33.83
Frms_r0
 0.801206 1.6301 1.64863 1.64884 1.64884
Zrms_r0
 1.80121 2.6301 2.64863 2.64884 2.64884
nmprior
 8.19 8.8 8.5 0
nm_flota  nm_reclas  nm_pelaces    nm_pelaL
inf 6.82094 2.33901 3.01816
cv_recla  cv_pelaces  cv_mph
0.512303 0.537664 0.953849
 ------------------------------------------------
Talla a la edad & desviaci?n 
 8 13.2811 15.8009 17.003 17.5766
 0.8 1.32811 1.58009 1.7003 1.75766
