years
 1991 1992 1993 1994 1995 1996 1997 1998 1999 2000 2001 2002 2003 2004 2005 2006 2007 2008 2009 2010 2011 2012 2013 2014 2015 2016 2017 2018 2019 2020 2021
reclasobs
 0 0 0 0 0 0 0 0 0 252601 567819 844713 477998 351125 339783 2.1784e+06 2.13404e+06 4.81314e+06 1.55562e+06 2.62356e+06 3.21686e+06 3.843e+06 1.13348e+06 3.07943e+06 1.97215e+06 2.03268e+06 2.025e+06 2.42433e+06 2.27542e+06 1.05018e+06 2.36338e+06
reclaspred
 3.34465e+06 1.93701e+06 985133 967710 960922 1.43267e+06 1.01979e+06 927619 685219 518539 512060 621842 629054 531945 540501 1.13101e+06 1.14093e+06 2.52611e+06 2.22239e+06 1.76366e+06 3.09128e+06 2.5092e+06 2.10446e+06 3.08654e+06 2.33834e+06 2.06955e+06 2.37859e+06 2.47635e+06 2.0986e+06 1.38573e+06 1.89902e+06
pelacesobs
 0 0 0 0 0 0 0 0 0 0 0 0 0 0 0 552880 188675 0 991730 2.46772e+06 1.41603e+06 1.21717e+06 2.29649e+06 1.80582e+06 0 1.4828e+06 1.56532e+06 1.57751e+06 1.42118e+06 867257 1.10002e+06
pelacespred
 1.88773e+06 1.23832e+06 647125 516029 512291 788532 555913 572635 429229 314559 310829 322482 354070 327787 333931 570861 570445 1.42534e+06 1.32474e+06 990575 1.60414e+06 1.48531e+06 1.2037e+06 1.89559e+06 1.4119e+06 1.23308e+06 1.6014e+06 1.64916e+06 1.15203e+06 872749 1.19085e+06
mphobs
 0 0 0 0 0 0 0 0 0 0 0 498337 0 5186 125008 0 168611 109162 213762 579715 649985 157893 87575 83554 0 0 0 0 0 0 0
mphpred
 492858 332443 172991 93101.3 103383 112377 147590 106926 91493.7 66915.8 45896.1 58561.2 64187.8 57727.7 44706.7 53896.5 130427 128384 252737 209721 236015 280950 269311 231007 303425 250528 207141 214808 291235 207395 133919
desembarqueobs
 494567 514787 250237 358949 120608 361735 552515 73892 212993 205616 52469 317467 293654 387597 252695 516296 358380 742168 942051 627588 828172 859565 418607 520667 417249 300574 415391 372974 316634 284311 391294
desembarquepred
 494572 513009 251153 358963 120610 361743 552551 73894.1 213020 205641 52470.5 317516 293698 387651 252702 516299 358408 742119 941957 627521 828224 859590 418611 520683 417251 300576 415393 372968 316633 284318 391297
Reclutas
 299609 179258 172017 334311 267350 438238 185844 91297.7 82544 106052 190312 229353 194289 137875 145676 676622 158171 1.16859e+06 686820 541419 783224 1.08372e+06 248416 698743 588810 269125 590003 663068 198925 149067 558918
log_desv_Rt
 -0.0026757 -0.516326 -0.557561 0.106917 -0.116594 0.377607 -0.480246 -1.19103 -1.29182 -1.04123 -0.456487 -0.269893 -0.435805 -0.778809 -0.723769 0.811959 -0.641478 1.3584 0.826918 0.58904 0.958265 1.283 -0.19005 0.84413 0.67295 -0.109977 0.674973 0.791723 -0.412225 -0.700757 0.620849
SSB
 6.69992e+06 4.51924e+06 2.35164e+06 1.26562e+06 1.40539e+06 1.52765e+06 2.00634e+06 1.45356e+06 1.24377e+06 909653 623911 796082 872569 784750 607743 732669 1.77303e+06 1.74525e+06 3.43571e+06 2.85095e+06 3.20839e+06 3.81924e+06 3.66102e+06 3.1403e+06 4.12475e+06 3.40568e+06 2.81588e+06 2.9201e+06 3.95904e+06 2.81933e+06 1.8205e+06
BT
 8.66208e+06 5.92042e+06 3.08368e+06 2.56048e+06 2.33214e+06 3.75307e+06 2.92637e+06 2.56435e+06 2.0857e+06 1.57437e+06 1.4036e+06 1.67886e+06 1.81537e+06 1.83684e+06 1.71297e+06 2.91789e+06 2.77481e+06 6.88244e+06 6.69333e+06 4.89122e+06 7.67414e+06 7.29968e+06 5.62275e+06 8.76038e+06 6.54969e+06 5.65197e+06 7.4165e+06 7.57458e+06 5.29134e+06 4.0862e+06 5.57726e+06
Ftot
 0.0637404 0.113506 0.109503 0.161595 0.0548126 0.110924 0.231185 0.0347501 0.134764 0.171201 0.0454062 0.221179 0.202219 0.313174 0.20477 0.201884 0.135625 0.130321 0.183678 0.15456 0.117181 0.14945 0.0860817 0.0745916 0.0777321 0.0631972 0.0771122 0.0667529 0.0650207 0.0886437 0.0914247
BD_Bspro_t
 0.989853 0.921947 0.832472 0.773762 0.767508 0.812396 0.805114 0.706811 0.746447 0.724873 0.705456 0.816413 0.733538 0.670882 0.597522 0.641128 0.732282 0.721229 0.79275 0.733977 0.720071 0.752684 0.76675 0.768802 0.832584 0.837784 0.843045 0.861666 0.885246 0.84979 0.81281
BD_Bspro
 3.12463 2.10763 1.09673 0.590246 0.655431 0.712451 0.935693 0.677895 0.580054 0.424234 0.290973 0.371268 0.406939 0.365983 0.283432 0.341694 0.826885 0.813929 1.60231 1.32959 1.49629 1.78117 1.70739 1.46454 1.92366 1.5883 1.31324 1.36184 1.84637 1.31485 0.849025
BD_Bo
 2.10706 1.42126 0.739568 0.398025 0.441981 0.480432 0.630973 0.45713 0.391152 0.286077 0.196214 0.25036 0.274414 0.246796 0.191129 0.230417 0.557599 0.548863 1.0805 0.896595 1.00901 1.20111 1.15135 0.987594 1.29719 1.07105 0.885566 0.918343 1.24508 0.886651 0.572529
BD_Brms
 3.83102 2.5841 1.34467 0.723681 0.803603 0.873514 1.14722 0.831145 0.711186 0.52014 0.356753 0.4552 0.498935 0.44872 0.347507 0.418941 1.01382 0.997933 1.96454 1.63017 1.83456 2.18384 2.09337 1.79563 2.35854 1.94737 1.61012 1.66971 2.26378 1.61209 1.04096
Sel_flota
 0.939735 1 1 1 1
 0.939735 1 1 1 1
 0.939735 1 1 1 1
 0.939735 1 1 1 1
 0.939735 1 1 1 1
 0.939735 1 1 1 1
 0.939735 1 1 1 1
 0.939735 1 1 1 1
 0.939735 1 1 1 1
 0.939735 1 1 1 1
 0.939735 1 1 1 1
 0.939735 1 1 1 1
 0.939735 1 1 1 1
 0.939735 1 1 1 1
 0.939735 1 1 1 1
 0.939735 1 1 1 1
 0.939735 1 1 1 1
 0.939735 1 1 1 1
 0.939735 1 1 1 1
 0.939735 1 1 1 1
 0.939735 1 1 1 1
 0.939735 1 1 1 1
 0.939735 1 1 1 1
 0.939735 1 1 1 1
 0.939735 1 1 1 1
 0.939735 1 1 1 1
 0.939735 1 1 1 1
 0.939735 1 1 1 1
 0.939735 1 1 1 1
 0.939735 1 1 1 1
 0.939735 1 1 1 1
Sel_reclas
 1 1 1 1 1
 1 1 1 1 1
 1 1 1 1 1
 1 1 1 1 1
 1 1 1 1 1
 1 1 1 1 1
 1 1 1 1 1
 1 1 1 1 1
 1 1 1 1 1
 1 1 1 1 1
 1 1 1 1 1
 1 1 1 1 1
 1 1 1 1 1
 1 1 1 1 1
 1 1 1 1 1
 1 1 1 1 1
 1 1 1 1 1
 1 1 1 1 1
 1 1 1 1 1
 1 1 1 1 1
 1 1 1 1 1
 1 1 1 1 1
 1 1 1 1 1
 1 1 1 1 1
 1 1 1 1 1
 1 1 1 1 1
 1 1 1 1 1
 1 1 1 1 1
 1 1 1 1 1
 1 1 1 1 1
 1 1 1 1 1
Sel_pelaces
 1 1 1 1 1
 1 1 1 1 1
 1 1 1 1 1
 1 1 1 1 1
 1 1 1 1 1
 1 1 1 1 1
 1 1 1 1 1
 1 1 1 1 1
 1 1 1 1 1
 1 1 1 1 1
 1 1 1 1 1
 1 1 1 1 1
 1 1 1 1 1
 1 1 1 1 1
 1 1 1 1 1
 1 1 1 1 1
 1 1 1 1 1
 1 1 1 1 1
 1 1 1 1 1
 1 1 1 1 1
 1 1 1 1 1
 1 1 1 1 1
 1 1 1 1 1
 1 1 1 1 1
 1 1 1 1 1
 1 1 1 1 1
 1 1 1 1 1
 1 1 1 1 1
 1 1 1 1 1
 1 1 1 1 1
 1 1 1 1 1
pf_obs 
 0.8446 0.082 0.0669 0.0065 0
 0.8095 0.147 0.0364 0.0071 0
 0.9664 0.0169 0.016 0.0007 0
 0.9276 0.0648 0.0075 0.0001 0
 0.7033 0.2144 0.0806 0.0017 0
 0.9318 0.0425 0.0243 0.0014 0
 0.5671 0.3108 0.0964 0.0239 0.0018
 0.0768 0.2599 0.5324 0.112 0.0189
 0.490249 0.384438 0.106611 0.0170017 0.00170017
 0.7925 0.1577 0.0466 0.003 0.0002
 0.840416 0.127587 0.0312969 0.00059994 9.999e-05
 0.8084 0.0986 0.0794 0.0134 0.0002
 0.7335 0.1905 0.0724 0.0035 0.0001
 0.4001 0.4547 0.1325 0.0127 0
 0.49795 0.308269 0.164784 0.0264974 0.00249975
 0.9179 0.0499 0.0305 0.0017 0
 0.2467 0.6533 0.0926 0.0074 0
 0.9418 0.0223 0.034 0.0019 0
 0.707729 0.231977 0.0356964 0.0245975 0
 0.517169 0.277429 0.184464 0.0207286 0.00020938
 0.811772 0.124168 0.05621 0.00726502 0.000585176
 0.764997 0.148141 0.077277 0.00933861 0.000247198
 0.163321 0.427699 0.378323 0.0303852 0.000271297
 0.753843 0.0900009 0.118128 0.0371064 0.000921714
 0.721811 0.176058 0.0630433 0.0369309 0.00215725
 0.143369 0.312575 0.442814 0.0836902 0.0175525
 0.692698 0.0596174 0.167031 0.0765114 0.00414204
 0.394062 0.376323 0.152708 0.0712218 0.00568511
 0.125707 0.32114 0.495352 0.0537591 0.00404204
 0.23352 0.215282 0.420074 0.123614 0.00750983
 0.796117 0.104755 0.0508955 0.0450114 0.00322123
pf_pred 
 0.41089 0.105402 0.459922 0.0237855 7.11209e-07
 0.409726 0.251791 0.0605605 0.264256 0.0136668
 0.53799 0.196736 0.113157 0.0272164 0.124901
 0.753847 0.136458 0.0467112 0.0268669 0.0361173
 0.645952 0.271285 0.0458809 0.0157056 0.021177
 0.744879 0.168499 0.0663724 0.0112252 0.0090237
 0.477946 0.395318 0.0837048 0.0329716 0.010059
 0.43613 0.279431 0.215388 0.0456062 0.023445
 0.519601 0.217032 0.130514 0.100601 0.0322518
 0.667339 0.178402 0.06969 0.0419087 0.0426597
 0.78623 0.14586 0.0364191 0.0142266 0.0172638
 0.720157 0.222965 0.0388091 0.00969005 0.00837866
 0.662742 0.247571 0.0714577 0.0124379 0.00579081
 0.599607 0.2715 0.0946169 0.0273097 0.00696664
 0.692 0.190078 0.0799606 0.0278661 0.0100949
 0.910816 0.0630193 0.0161474 0.00679276 0.00322483
 0.398922 0.550766 0.0355516 0.00910938 0.00565131
 0.899268 0.0418129 0.0539874 0.00348485 0.00144688
 0.606747 0.355957 0.0154812 0.0199888 0.00182597
 0.599454 0.249551 0.136675 0.00594425 0.00837613
 0.725126 0.16921 0.0658315 0.0360549 0.00377772
 0.745119 0.18814 0.0410853 0.0159843 0.00967162
 0.338482 0.501249 0.118302 0.0258344 0.0161324
 0.733831 0.09402 0.130442 0.0307862 0.0109212
 0.63322 0.273726 0.0328699 0.0456032 0.0145811
 0.449156 0.357035 0.144638 0.0173686 0.0318017
 0.734713 0.123394 0.0919693 0.0372575 0.0126658
 0.697886 0.225729 0.0355291 0.0264809 0.0143745
 0.36763 0.449813 0.1364 0.021469 0.0246875
 0.438366 0.214959 0.246594 0.0747768 0.0253037
 0.825846 0.0791537 0.0363604 0.0417116 0.0169287
pobs_RECLAS
 0 0 0 0 0
 0 0 0 0 0
 0 0 0 0 0
 0 0 0 0 0
 0 0 0 0 0
 0 0 0 0 0
 0 0 0 0 0
 0 0 0 0 0
 0 0 0 0 0
 0 0 0 0 0
 0.991045 0.00858322 0.000360255 1.14367e-05 0
 0.934742 0.0480273 0.0164251 0.00080598 0
 0.827803 0.169806 0.00239088 0 0
 0.941827 0.0461693 0.0120037 0 0
 0.791401 0.0380133 0.147996 0.0225897 0
 0.846168 0.0940531 0.0597789 0 0
 0.134021 0.677848 0.182769 0.00536245 0
 0.80878 0.0450904 0.141981 0.00414843 0
 0.846168 0.0940531 0.0597789 0 0
 0.905697 0.0802665 0.012482 0.00150086 5.37128e-05
 0.989698 0.0102097 9.19794e-05 0 0
 0.975433 0.0193895 0.00387452 0.00125025 5.28907e-05
 0.303575 0.632131 0.0575291 0.00676475 0
 0.966965 0.00978017 0.0227588 0.000495775 0
 0.843318 0.132988 0.00938335 0.0141283 0.000182051
 0.564624 0.303363 0.111486 0.0197234 0.00080311
 0.826376 0.0876187 0.0782897 0.00655872 0.00115652
 0.89761 0.0855135 0.0140674 0.00269457 0.000114338
 0.34875 0.467042 0.161289 0.0227151 0.000203297
 0.318654 0.224769 0.449479 0.00709798 0
 0.937255 0.0296025 0.0250945 0.00804832 0
ppred_RECLAS
 0.426096 0.102681 0.44805 0.0231716 6.92851e-07
 0.42499 0.245279 0.0589945 0.257422 0.0133134
 0.553546 0.190112 0.109347 0.0263 0.120695
 0.765363 0.130073 0.0445258 0.0256099 0.0344275
 0.660099 0.260445 0.0440476 0.0150781 0.0203309
 0.756622 0.160744 0.0633175 0.0107085 0.00860836
 0.493818 0.383299 0.0811599 0.0319692 0.00975315
 0.451515 0.271807 0.209511 0.0443618 0.0228053
 0.535279 0.209949 0.126255 0.0973179 0.0311992
 0.681205 0.170966 0.0667853 0.0401619 0.0408816
 0.796529 0.138833 0.0346645 0.0135412 0.0164321
 0.732769 0.212917 0.0370601 0.00925336 0.00800106
 0.676751 0.237288 0.0684895 0.0119212 0.00555027
 0.614905 0.261126 0.0910018 0.0262663 0.00670046
 0.705338 0.181847 0.076498 0.0266593 0.00965774
 0.915829 0.0594769 0.0152397 0.00641093 0.00304356
 0.414098 0.53686 0.034654 0.00887937 0.00550862
 0.904823 0.0395072 0.0510104 0.00329269 0.00136709
 0.621725 0.342399 0.0148916 0.0192275 0.00175642
 0.614489 0.240184 0.131545 0.00572113 0.00806172
 0.737464 0.161615 0.0628764 0.0344365 0.00360814
 0.756898 0.179445 0.0391867 0.0152456 0.00922467
 0.352642 0.49052 0.11577 0.0252815 0.0157871
 0.745868 0.0897679 0.124543 0.0293939 0.0104273
 0.647627 0.262974 0.0315788 0.0438119 0.0140084
 0.464661 0.346986 0.140567 0.0168797 0.0309065
 0.746728 0.117806 0.0878042 0.0355702 0.0120922
 0.7109 0.216006 0.0339986 0.0253402 0.0137553
 0.382276 0.439396 0.133241 0.0209717 0.0241157
 0.453841 0.209036 0.2398 0.0727165 0.0246065
 0.834673 0.0751418 0.0345174 0.0395974 0.0160706
pobs_PELACES
 0 0 0 0 0
 0 0 0 0 0
 0 0 0 0 0
 0 0 0 0 0
 0 0 0 0 0
 0 0 0 0 0
 0 0 0 0 0
 0 0 0 0 0
 0 0 0 0 0
 0 0 0 0 0
 0 0 0 0 0
 0 0 0 0 0
 0 0 0 0 0
 0 0 0 0 0
 0 0 0 0 0
 0 0 0 0 0
 0.505614 0.472636 0.0217494 0 0
 0 0 0 0 0
 0.443492 0.261883 0.143347 0.151278 0
 0.227955 0.32914 0.350689 0.0885471 0.00366901
 0.970185 0.0296113 0.000203453 0 0
 0.997202 0.00247181 0.000326279 0 0
 0.445219 0.490057 0.0546422 0.010081 0
 0.90214 0.0892962 0.00764917 0.000914606 0
 0 0 0 0 0
 0.581667 0.319106 0.0959925 0.00289975 0.000334073
 0.762889 0.0836404 0.116647 0.0363945 0.000428098
 0.88444 0.0763242 0.0277011 0.0115352 0
 0.521256 0.241999 0.230069 0.00667565 0
 0.616807 0.101726 0.260614 0.0208532 0
 0.833518 0.0704572 0.0857862 0.0102388 0
ppred_PELACES
 0.426406 0.102626 0.447808 0.0231591 6.92477e-07
 0.425542 0.245044 0.0589379 0.257175 0.0133006
 0.554084 0.189883 0.109215 0.0262683 0.12055
 0.76594 0.129754 0.0444164 0.025547 0.0343429
 0.660343 0.260258 0.0440159 0.0150672 0.0203162
 0.757028 0.160476 0.0632119 0.0106907 0.008594
 0.494968 0.382429 0.0809756 0.0318966 0.009731
 0.451687 0.271722 0.209445 0.044348 0.0227982
 0.535946 0.209648 0.126074 0.0971783 0.0311545
 0.681944 0.17057 0.0666305 0.0400688 0.0407868
 0.796676 0.138733 0.0346396 0.0135314 0.0164203
 0.733629 0.212231 0.0369408 0.00922356 0.0079753
 0.677631 0.236642 0.0683032 0.0118888 0.00553518
 0.616379 0.260127 0.0906535 0.0261658 0.00667481
 0.706184 0.181325 0.0762784 0.0265828 0.00963002
 0.916138 0.0592586 0.0151838 0.0063874 0.00303239
 0.414753 0.53626 0.0346152 0.00886945 0.00550247
 0.905046 0.0394146 0.0508909 0.00328497 0.00136389
 0.622584 0.341622 0.0148578 0.0191838 0.00175244
 0.615217 0.23973 0.131297 0.00571032 0.0080465
 0.737915 0.161337 0.0627684 0.0343773 0.00360194
 0.757444 0.179042 0.0390986 0.0152114 0.00920393
 0.353032 0.490224 0.1157 0.0252662 0.0157776
 0.746149 0.0896686 0.124405 0.0293614 0.0104157
 0.64798 0.262711 0.0315472 0.0437681 0.0139944
 0.464974 0.346783 0.140485 0.0168699 0.0308885
 0.747017 0.117671 0.0877037 0.0355295 0.0120784
 0.711173 0.215802 0.0339665 0.0253163 0.0137423
 0.382581 0.439178 0.133176 0.0209614 0.0241038
 0.454278 0.208869 0.239608 0.0726583 0.0245868
 0.834923 0.0750278 0.0344651 0.0395374 0.0160463
pobs_pel_tallas
 0 0 0 0 0 0 0 0 0 0 0 0 0 0 0 0 0 0 0 0 0 0 0 0 0 0
 0 0 0 0 0 0 0 0 0 0 0 0 0 0 0 0 0 0 0 0 0 0 0 0 0 0
 0 0 0 0 0 0 0 0 0 0 0 0 0 0 0 0 0 0 0 0 0 0 0 0 0 0
 0 0 0 0 0 0 0 0 0 0 0 0 0 0 0 0 0 0 0 0 0 0 0 0 0 0
 0 0 0 0 0 0 0 0 0 0 0 0 0 0 0 0 0 0 0 0 0 0 0 0 0 0
 0 0 0 0 0 0 0 0 0 0 0 0 0 0 0 0 0 0 0 0 0 0 0 0 0 0
 0 0 0 0 0 0 0 0 0 0 0 0 0 0 0 0 0 0 0 0 0 0 0 0 0 0
 0 0 0 0 0 0 0 0 0 0 0 0 0 0 0 0 0 0 0 0 0 0 0 0 0 0
 0 0 0 0 0 0 0 0 0 0 0 0 0 0 0 0 0 0 0 0 0 0 0 0 0 0
 0 0 0 0 0 0 0 0 0 0 0 0 0 0 0 0 0 0 0 0 0 0 0 0 0 0
 0 0 0 0 0 0 0 0 0 0 0 0 0 0 0 0 0 0 0 0 0 0 0 0 0 0
 0 0 0 0 0 0 0 0 0 0 0 0 0 0 0 0 0 0 0 0 0 0 0 0 0 0
 0.00862536 0 0 0.000197151 0.00414017 0.0128641 0.00837892 0.0270097 0.101434 0.158115 0.152841 0.127902 0.109271 0.109419 0.0830992 0.0579132 0.0238553 0.00714673 0.00463305 0.00128148 0.00103504 0.000492878 0.000147863 0.000147863 4.92878e-05 0
 0 0 0 0 0 0 0 0 0 0 0 0 0 0 0 0 0 0 0 0 0 0 0 0 0 0
 0 0 0 0 0 0 0 0.0054083 0.00873648 0.0413646 0.0450493 0.0745869 0.0622846 0.0627006 0.0613931 0.0827291 0.12552 0.122667 0.0946155 0.0697135 0.0546179 0.0294188 0.0215738 0.0213955 0.0102223 0.00600262
 0 0 0 0 0.00359764 0.0251062 0.0480494 0.140153 0.205849 0.193036 0.1447 0.116669 0.0760912 0.0342217 0.00950174 0.001854 0.000860785 0 0 0 0.000165536 0 0.000143464 0 0 0
 0 0 0 0 0 0 0 0.000145254 0.000435761 0.0275982 0.070085 0.0708112 0.156366 0.174668 0.174014 0.160142 0.0824315 0.0480064 0.0283245 0.00493863 0.00203355 0 0 0 0 0
 0 0 0 0 0 0 0 0 0 0 0 0 0 0 0 0 0 0 0 0 0 0 0 0 0 0
 0 0 1.00437e-05 0.000401748 0.00122533 0.00171747 0.00176769 0.0269171 0.070346 0.194647 0.189555 0.159765 0.064822 0.0314167 0.0384472 0.0292271 0.0345202 0.0313363 0.0194345 0.0106764 0.0143323 0.0359363 0.0279516 0.0138201 0.00172751 0
 0 0.0021121 0.0136068 0.0755702 0.200478 0.177729 0.0527432 0.0373336 0.0318909 0.0142505 0.0149659 0.0166563 0.0217959 0.0798694 0.0677717 0.0528807 0.04013 0.0224614 0.0357745 0.0225083 0.00881397 0.00855152 0.00135912 0.000746735 0 0
 0 0 0 0 5.4009e-05 0.00500934 0.000945158 0.0243581 0.138947 0.33067 0.221406 0.137944 0.0707744 0.0437923 0.0131692 0.00525238 0.0047753 0.00276346 9.45158e-05 9.00151e-06 2.25038e-05 9.00151e-06 4.50075e-06 0 0 0
 0.000866109 0.00284123 0.00948549 0.0512746 0.133035 0.25785 0.225252 0.132002 0.0553304 0.0519788 0.0540692 0.017754 0.00435017 0.00159236 0.00146478 0.000404838 0.000125132 0.000115318 0.000107957 0.000100596 0 0 0 0 0 0
 0 0 0 0 0.00144013 0.00171154 0.00461396 0.0210425 0.0478622 0.0707936 0.0888783 0.103762 0.0637923 0.0337046 0.0602308 0.124433 0.169614 0.0934646 0.0462172 0.0250306 0.0313229 0.00938855 0.002487 0.000210481 0 0
 0 0.00764035 0.051015 0.0998891 0.058973 0.0496711 0.0374665 0.0718981 0.12319 0.153886 0.159021 0.0857701 0.0377988 0.023471 0.0147837 0.00900784 0.00315554 0.000888139 0.00291439 0.00214683 0.00393193 0.00274676 0.000635225 9.99891e-05 0 0
 0 0 0 0 0 0 0 0 0 0 0 0 0 0 0 0 0 0 0 0 0 0 0 0 0 0
 0 0 0 0 0 0 0 0 0 0 0 0 0 0 0 0 0 0 0 0 0 0 0 0 0 0
 0 0 0 0 0 0 0 0 0 0 0 0 0 0 0 0 0 0 0 0 0 0 0 0 0 0
 0 0 0 0 0 0 0 0 0 0 0 0 0 0 0 0 0 0 0 0 0 0 0 0 0 0
 0 0 0 0 0 0 0 0 0 0 0 0 0 0 0 0 0 0 0 0 0 0 0 0 0 0
 0 0 0 0 0 0 0 0 0 0 0 0 0 0 0 0 0 0 0 0 0 0 0 0 0 0
 0 0 0 0 0 0 0 0 0 0 0 0 0 0 0 0 0 0 0 0 0 0 0 0 0 0
ppred_pel_tallas
 1.15272e-16 3.51225e-05 0.000341403 0.00226875 0.0103134 0.0320889 0.0683691 0.0997889 0.0997995 0.0684211 0.0322652 0.0108314 0.00360147 0.0033577 0.00607627 0.010803 0.017447 0.0258604 0.035764 0.04679 0.0582786 0.0689187 0.0766853 0.0794318 0.0759135 0.0665495
 1.29806e-16 3.50514e-05 0.000340712 0.00226415 0.0102925 0.032024 0.0682314 0.0995906 0.0996144 0.0683475 0.0324142 0.0114216 0.00510596 0.00657104 0.0119506 0.0199337 0.0292994 0.038189 0.0448544 0.0488004 0.0511908 0.0540154 0.0585911 0.0645439 0.0699538 0.0724244
 1.26236e-16 4.56392e-05 0.000443629 0.00294807 0.0134015 0.0416972 0.088841 0.12967 0.129688 0.0889313 0.0420008 0.0142805 0.00516271 0.00530589 0.00936331 0.0156319 0.023059 0.0301927 0.0356332 0.0388862 0.040695 0.0424726 0.0452574 0.049003 0.0526458 0.0547432
 1.09689e-16 6.30895e-05 0.000613252 0.00407528 0.0185256 0.0576402 0.122809 0.179246 0.179258 0.12287 0.0578465 0.0191223 0.00557595 0.00389897 0.00633273 0.0104492 0.015241 0.019595 0.0224422 0.0233491 0.0227877 0.0217876 0.0212405 0.0213972 0.0218637 0.0219693
 1.06286e-16 5.43916e-05 0.000528706 0.00351344 0.0159716 0.0496937 0.105879 0.154538 0.154563 0.106001 0.0501056 0.0171616 0.00650139 0.00705459 0.0124579 0.020536 0.0296434 0.0374248 0.0415252 0.0408852 0.036377 0.030201 0.0245377 0.0205024 0.0180103 0.0163325
 1.04392e-16 6.23554e-05 0.000606117 0.00402786 0.0183101 0.0569695 0.12138 0.177161 0.177177 0.121456 0.0572247 0.0190479 0.005883 0.00466655 0.00780517 0.0128869 0.0187503 0.0239828 0.0271795 0.0276839 0.0259414 0.0231203 0.0203234 0.0180322 0.016114 0.0142079
 1.07281e-16 4.07699e-05 0.000396298 0.00263354 0.0119717 0.0372487 0.0793636 0.115841 0.115878 0.079544 0.0378545 0.0137221 0.00702972 0.0100016 0.018308 0.0302687 0.0437577 0.0553662 0.0616445 0.061012 0.0546781 0.0457576 0.037323 0.0309263 0.026456 0.0229761
 1.1442e-16 3.72049e-05 0.000361645 0.00240326 0.0109249 0.0339915 0.0724234 0.10571 0.105736 0.0725529 0.034427 0.0121865 0.00558381 0.00735031 0.0134438 0.0225176 0.0332577 0.0435552 0.0512486 0.0553081 0.0563108 0.0557365 0.0547095 0.0532759 0.0506907 0.0462574
 1.1871e-16 4.41452e-05 0.000429107 0.00285157 0.0129628 0.0403323 0.0859329 0.125426 0.125446 0.0860326 0.0406677 0.0139342 0.00529948 0.00580516 0.0103507 0.0173001 0.0255375 0.0334567 0.0394768 0.0429648 0.0445863 0.0456911 0.0472197 0.0490263 0.0500675 0.0491583
 1.12888e-16 5.61708e-05 0.000546001 0.00362837 0.016494 0.0513192 0.109341 0.159591 0.159607 0.109422 0.0515907 0.0172795 0.0056044 0.00487482 0.0083229 0.0137933 0.0201619 0.0260059 0.0299382 0.0313938 0.0309732 0.0299811 0.0295189 0.0298458 0.0304013 0.0303091
 1.05171e-16 6.56211e-05 0.000637861 0.00423881 0.019269 0.0599532 0.127737 0.186439 0.186452 0.127803 0.0601732 0.0199049 0.00583636 0.00413048 0.00671419 0.0110376 0.0159943 0.0203327 0.0228313 0.0229505 0.0211519 0.0185627 0.0162574 0.0147176 0.013791 0.0130189
 1.03395e-16 6.04281e-05 0.000587383 0.00390337 0.0177441 0.0552087 0.117629 0.171687 0.171707 0.117729 0.0555446 0.0187144 0.00633956 0.00590777 0.0101712 0.0167367 0.024145 0.0304515 0.0337161 0.033049 0.0291326 0.0237399 0.0186504 0.0148107 0.0122276 0.0104069
 1.04161e-16 5.58156e-05 0.000542547 0.00360542 0.0163897 0.0509946 0.10865 0.158583 0.158606 0.108762 0.05137 0.0174747 0.00633145 0.00650245 0.0114011 0.0188286 0.0272783 0.0346383 0.0387835 0.0387193 0.0351373 0.0298719 0.0247243 0.0205932 0.0174241 0.0147321
 1.06437e-16 5.07704e-05 0.000493506 0.00327952 0.0149083 0.0463853 0.0988296 0.14425 0.144275 0.0989526 0.0467985 0.016103 0.00628288 0.00706459 0.0125739 0.0208209 0.0302568 0.0386146 0.0436071 0.0441713 0.0410537 0.0361945 0.0314373 0.027605 0.024494 0.0214973
 1.06544e-16 5.81674e-05 0.000565408 0.00375734 0.0170803 0.0531433 0.113228 0.165263 0.165281 0.113314 0.0534319 0.0179149 0.00585658 0.00516246 0.00883134 0.0146202 0.0213205 0.027374 0.0312279 0.0321712 0.0307195 0.028169 0.0256972 0.0237396 0.022025 0.0200478
 1.01608e-16 7.54611e-05 0.000733508 0.00487442 0.0221584 0.0689431 0.146891 0.214393 0.214398 0.146919 0.0690371 0.02243 0.00555678 0.00222524 0.0029149 0.00471644 0.00682738 0.00867254 0.00972232 0.0097383 0.00890785 0.00770325 0.00657946 0.00574885 0.0051665 0.00466788
 1.02957e-16 3.41628e-05 0.000332074 0.00220675 0.0100316 0.0312123 0.0665031 0.097074 0.0971257 0.0667553 0.032059 0.012476 0.00833939 0.0137089 0.0254077 0.0418672 0.0601144 0.0751891 0.0820592 0.0784081 0.0660383 0.049697 0.0343058 0.0227248 0.0153286 0.0110014
 1.0204e-16 7.45474e-05 0.000724627 0.0048154 0.0218901 0.0681083 0.145112 0.211796 0.2118 0.145131 0.0681721 0.0220753 0.00528367 0.00175808 0.00207012 0.00338984 0.0050746 0.00679408 0.00825155 0.00928781 0.00992841 0.010281 0.0103814 0.0101398 0.00943044 0.00822899
 1.02737e-16 5.12815e-05 0.000498474 0.00331254 0.0150583 0.0468522 0.0998249 0.145704 0.145737 0.0999855 0.0473914 0.0166151 0.00721791 0.00901635 0.0162062 0.0266541 0.0382604 0.0478447 0.0522112 0.0499083 0.0421188 0.031901 0.0224029 0.0154195 0.0111178 0.00868957
 1.05785e-16 5.06746e-05 0.000492575 0.00327334 0.0148801 0.0462977 0.0986431 0.143977 0.144001 0.0987568 0.04668 0.0159861 0.0060566 0.00659226 0.0117046 0.0194506 0.0284336 0.0366255 0.0419571 0.0434176 0.0415572 0.0379261 0.0339551 0.030219 0.026531 0.0225354
 1.0591e-16 6.07811e-05 0.000590814 0.00392617 0.0178478 0.0555312 0.118316 0.172689 0.172704 0.118392 0.0557879 0.01859 0.00579292 0.00467811 0.00785946 0.012993 0.0189389 0.024303 0.0277076 0.0285308 0.0272486 0.0250318 0.0229343 0.0213297 0.0199414 0.0182752
 1.04258e-16 6.23897e-05 0.00060645 0.00403008 0.0183202 0.0570009 0.121447 0.177259 0.177276 0.121532 0.0572846 0.0191398 0.00608894 0.00510545 0.00862019 0.014188 0.0205181 0.0259875 0.0289886 0.0287925 0.0259747 0.021996 0.0182861 0.0155487 0.0136966 0.0122503
 1.08669e-16 2.90789e-05 0.000282657 0.00187836 0.00853878 0.0265676 0.0566068 0.0826292 0.0826765 0.0568381 0.0273444 0.0107835 0.00751665 0.0126037 0.0234659 0.0388452 0.0561841 0.0711358 0.0792735 0.0785467 0.0704602 0.058952 0.047922 0.0393656 0.0332054 0.0283485
 1.08321e-16 6.14594e-05 0.000597407 0.00396998 0.018047 0.0561508 0.119636 0.174613 0.174622 0.119679 0.0562965 0.01847 0.00504079 0.00296479 0.00464527 0.00781236 0.0117878 0.0159588 0.0197223 0.0227803 0.0252246 0.0272716 0.0288897 0.029681 0.0291242 0.0269533
 1.07736e-16 5.33733e-05 0.000518807 0.00344766 0.0156726 0.0487633 0.103896 0.151645 0.15167 0.10402 0.0491789 0.016873 0.00646148 0.00710007 0.0125593 0.0206994 0.0298697 0.0377015 0.041841 0.0412635 0.0369103 0.0310572 0.0259179 0.0225559 0.0207462 0.0195773
 1.11062e-16 3.82993e-05 0.000372283 0.00247395 0.0112463 0.0349915 0.0745543 0.108821 0.108855 0.0747184 0.035543 0.012841 0.00648434 0.00915106 0.0167817 0.0278688 0.0405789 0.0519485 0.0589621 0.0602163 0.0566852 0.0508956 0.0452212 0.0406755 0.0369294 0.0331466
 1.08169e-16 6.15309e-05 0.000598102 0.0039746 0.018068 0.0562162 0.119775 0.174817 0.174829 0.119831 0.0564048 0.0186145 0.00535253 0.00362654 0.00587349 0.00977224 0.0144489 0.0189724 0.0224336 0.0244257 0.025238 0.0255315 0.0257711 0.0258976 0.0254587 0.0240078
 1.059e-16 5.85784e-05 0.000569403 0.00378388 0.017201 0.0535188 0.114028 0.166432 0.166453 0.11413 0.0538604 0.0181877 0.00626157 0.00598112 0.0103454 0.0170356 0.0245987 0.0310797 0.0345403 0.0341217 0.0305665 0.0257071 0.0213356 0.0183305 0.0165514 0.0153223
 1.10137e-16 3.15128e-05 0.000306315 0.00203558 0.00925346 0.0287912 0.0613442 0.0895425 0.089585 0.0615517 0.0294881 0.0112679 0.00709768 0.0113757 0.0211097 0.0349941 0.0507484 0.0645359 0.0724473 0.0726669 0.0664955 0.0573307 0.0484752 0.0415229 0.0362747 0.031728
 1.18416e-16 3.74183e-05 0.000363719 0.00241704 0.0109875 0.0341864 0.0728386 0.106314 0.106335 0.0729388 0.0345241 0.0119674 0.00489387 0.00582821 0.0105853 0.0178871 0.0268147 0.0359406 0.0438016 0.0497095 0.054004 0.0574427 0.0602722 0.0618341 0.0610122 0.0570636
 1.07695e-16 6.87716e-05 0.000668484 0.00444231 0.0201941 0.0628314 0.133869 0.195388 0.195395 0.133905 0.0629512 0.0205408 0.00531527 0.00258375 0.0037352 0.00614481 0.00903694 0.0117867 0.0138266 0.0149502 0.0154409 0.0158446 0.0165559 0.0175435 0.0183945 0.0185876
pSPR Fmed_Fpbrs
0.793614   0.6 0.325
Fs Fmed_Fpbrs
0.111414   0.257088 0.618452
SSBpbr Bo_Bmed_Bpbrs
3.17975e+06  2.36451e+06  1.74886e+06 874431
Ro
300412
SPR SPRFo_SPRFmed_SPRFpbrs
2.14422e+06 1.70169e+06 696873
Fref
0.257088
Nvult_r0
 370231 33515.8 15396 17661.8 7168.05
CTP_r0
 29291.8 2807.5 1289.66 1479.47 600.442
YTP_r0
391297
Np
 440564 127289 53677.8 4819.07 2843.47
Nvult_p0
 313275 91077.7 38407.5 3448.14 2034.56
CTP_p0
 60958.4 27610.8 2478.84 1138.69 1744.84
 60958.4 18626.4 7854.75 705.182 416.089
YTP_p0
 1.03905e+06 964922
CBA_c0
1.01681e+06
log_Ro
12.4329
likeval ReclasPelacesDesembMPH_pf_preclas_ppelaces_ptallas_desvR_qrecl_qpela
 18.6703 21.6307 0.127351 0.000812884 241.345 122.017 98.9178 0 23.0589 3.20996e-05 2.02961e-05 0.645356 9.61584e-16 0 0
q_reclas_q_pelaces
0.448052 0.526796
M
1
N
 299609 72339.1 315652 16324.4 0.488114
 179258 103812 24968.7 108951 5634.73
 172017 59273.5 34092.3 8199.87 37630.6
 334311 57093.4 19543.8 11241 15111.4
 267350 105659 17869.5 6116.95 8247.94
 438238 93414.9 36796.4 6223.18 5002.68
 185844 145260 30757.3 12115.4 3696.17
 91297.7 55017.7 42408 8979.48 4616.13
 82544 32507.4 19548.6 15068.2 4830.73
 106052 26754.1 10451.1 6284.84 6397.47
 190312 33216.4 8293.63 3239.78 3931.44
 229353 67087.4 11677.2 2915.62 2521.04
 194289 68539.6 19782.9 3443.39 1603.17
 137875 59105 20598 5945.29 1516.63
 145676 37790 15897.2 5540.13 2006.99
 676622 44210.2 11328 4765.35 2262.33
 158171 205901 13290.8 3405.49 2112.71
 1.16859e+06 51224.8 66139.8 4269.28 1772.57
 686820 380348 16542 21358.5 1951.09
 541419 212611 116444 5064.35 7136.25
 783224 172250 67014.1 36702.7 3845.58
 1.08372e+06 258088 56360.4 21927.1 13267.4
 248416 346441 81765 17855.6 11150
 698743 84285.5 116936 27598.7 9790.45
 588810 239652 28778.2 39926.4 12766
 269125 201352 81569.5 9795.14 17934.7
 590003 93297 69537 28170 9576.51
 663068 201878 31774.9 23682.8 12855.6
 198925 229097 69471 10934.5 12573.7
 149067 68842.9 78974.6 23948.1 8103.78
 558918 50455.7 23177.5 26588.6 10791
pred_Ctot
 11065.3 2838.48 12385.7 640.545 0.0191529
 11564.7 7106.9 1709.35 7458.74 385.751
 10722.7 3921.15 2255.33 542.45 2489.4
 30144.7 5456.64 1867.88 1074.35 1444.25
 8520.42 3578.38 605.191 207.165 279.336
 27656.9 6256.26 2464.36 416.784 335.044
 23349.6 19312.9 4089.32 1610.8 491.422
 1859.14 1191.16 918.156 194.41 99.9417
 6271.16 2619.4 1575.2 1214.17 389.253
 10094 2698.48 1054.12 633.902 645.261
 5042.81 935.534 233.589 91.2478 110.729
 27673 8567.75 1491.29 372.354 321.962
 21587.2 8064.02 2327.56 405.132 188.621
 22757.5 10304.5 3591.09 1036.51 264.412
 16374.2 4497.65 1892.04 659.37 238.867
 75063 5193.61 1330.76 559.812 265.768
 12089.6 16691.3 1077.42 276.066 171.267
 86001.5 3998.78 5163.09 333.274 138.372
 69803.7 40951.4 1781.05 2299.63 210.071
 46819.8 19490.9 10674.9 464.271 654.21
 52091.4 12155.7 4729.19 2590.11 271.383
 90794.3 22925.2 5006.34 1947.72 1178.51
 12283.5 18190.3 4293.17 937.529 585.444
 30072.7 3852.98 5345.56 1261.63 447.555
 26376.1 11401.8 1369.16 1899.56 607.363
 9856.81 7835.2 3174.1 381.157 697.893
 26225.1 4404.47 3282.78 1329.88 452.098
 25616.1 8285.45 1304.1 971.986 527.62
 7490.63 9165.16 2779.22 437.441 503.019
 7582.83 3718.34 4265.57 1293.48 437.701
 29291.8 2807.5 1289.66 1479.47 600.442
F
 0.0598991 0.0637404 0.0637404 0.0637404 0.0637404
 0.106666 0.113506 0.113506 0.113506 0.113506
 0.102904 0.109503 0.109503 0.109503 0.109503
 0.151857 0.161595 0.161595 0.161595 0.161595
 0.0515093 0.0548126 0.0548126 0.0548126 0.0548126
 0.104239 0.110924 0.110924 0.110924 0.110924
 0.217253 0.231185 0.231185 0.231185 0.231185
 0.0326559 0.0347501 0.0347501 0.0347501 0.0347501
 0.126642 0.134764 0.134764 0.134764 0.134764
 0.160884 0.171201 0.171201 0.171201 0.171201
 0.0426698 0.0454062 0.0454062 0.0454062 0.0454062
 0.207849 0.221179 0.221179 0.221179 0.221179
 0.190033 0.202219 0.202219 0.202219 0.202219
 0.294301 0.313174 0.313174 0.313174 0.313174
 0.19243 0.20477 0.20477 0.20477 0.20477
 0.189717 0.201884 0.201884 0.201884 0.201884
 0.127451 0.135625 0.135625 0.135625 0.135625
 0.122467 0.130321 0.130321 0.130321 0.130321
 0.172608 0.183678 0.183678 0.183678 0.183678
 0.145246 0.15456 0.15456 0.15456 0.15456
 0.110119 0.117181 0.117181 0.117181 0.117181
 0.140443 0.14945 0.14945 0.14945 0.14945
 0.080894 0.0860817 0.0860817 0.0860817 0.0860817
 0.0700964 0.0745916 0.0745916 0.0745916 0.0745916
 0.0730476 0.0777321 0.0777321 0.0777321 0.0777321
 0.0593886 0.0631972 0.0631972 0.0631972 0.0631972
 0.072465 0.0771122 0.0771122 0.0771122 0.0771122
 0.06273 0.0667529 0.0667529 0.0667529 0.0667529
 0.0611022 0.0650207 0.0650207 0.0650207 0.0650207
 0.0833016 0.0886437 0.0886437 0.0886437 0.0886437
 0.085915 0.0914247 0.0914247 0.0914247 0.0914247
YTP_r0W_actual
 243122 39585.7 35594.7 50597.7 22396.5
YTP_p0W_proyectada
 456578 432661 57335.5 33443.3 59027.8
 456578 291876 181680 20711.2 14076.3
CTP_r0_actual
 29291.8 2807.5 1289.66 1479.47 600.442
CTP_p0_proyectada
 60958.4 27610.8 2478.84 1138.69 1744.84
 60958.4 18626.4 7854.75 705.182 416.089
Wmedp
 7.49 15.67 23.13 29.37 33.83
Frms_r0
 0.085915 0.0914247 0.0914247 0.0914247 0.0914247
Zrms_r0
 1.08592 1.09142 1.09142 1.09142 1.09142
nmprior
 8.19 8.8 8.5 0
nm_flota  nm_reclas  nm_pelaces    nm_pelaL
inf 11.2619 16.4874 38.2205
cv_recla  cv_pelaces  cv_mph
0.390842 0.439467 0.879872
 ------------------------------------------------
Talla a la edad & desviaci?n 
 8 13.2811 15.8009 17.003 17.5766
 0.8 1.32811 1.58009 1.7003 1.75766
