years
 1991 1992 1993 1994 1995 1996 1997 1998 1999 2000 2001 2002 2003 2004 2005 2006 2007 2008 2009 2010 2011 2012 2013 2014 2015 2016 2017 2018 2019 2020 2021
reclasobs
 0 0 0 0 0 0 0 0 0 252601 567819 844713 477998 351125 339783 2.1784e+06 2.13404e+06 4.81314e+06 1.55562e+06 2.62356e+06 3.21686e+06 3.843e+06 1.13348e+06 3.07943e+06 1.97215e+06 2.03268e+06 2.025e+06 2.42433e+06 2.27542e+06 1.05018e+06 2.36338e+06
reclaspred
 3.3543e+06 1.95219e+06 993571 969345 959846 1.42163e+06 1.02775e+06 938047 694065 527728 512676 618961 629896 539162 548022 1.12576e+06 1.14775e+06 2.48785e+06 2.19984e+06 1.75302e+06 3.08093e+06 2.50173e+06 2.10848e+06 3.08215e+06 2.33846e+06 2.06844e+06 2.37138e+06 2.46326e+06 2.09699e+06 1.39104e+06 1.89721e+06
pelacesobs
 0 0 0 0 0 0 0 0 0 0 0 0 0 0 0 552880 188675 0 991730 2.46772e+06 1.41603e+06 1.21717e+06 2.29649e+06 1.80582e+06 0 1.4828e+06 1.56532e+06 1.57751e+06 1.42118e+06 867257 1.10002e+06
pelacespred
 1.89509e+06 1.25235e+06 657383 520471 512337 783418 565067 577694 436254 322094 312059 323426 356561 335748 340897 572036 576451 1.40462e+06 1.31777e+06 990937 1.59856e+06 1.4895e+06 1.20752e+06 1.89077e+06 1.41364e+06 1.23236e+06 1.59506e+06 1.6394e+06 1.15051e+06 876912 1.19023e+06
mphobs
 0 0 0 0 0 0 0 0 0 0 0 498337 0 5186 125008 0 168611 109162 213762 579715 649985 157893 87575 83554 0 0 0 0 0 0 0
mphpred
 491317 332023 173841 93330.3 103307 111460 146616 108235 92149.7 67869.4 46777.9 58265.2 64250.5 58352.5 46013.8 55145.9 130151 129083 248618 208354 234715 279674 268244 230583 301777 249204 206026 213334 288237 206390 134108
desembarqueobs
 494567 514787 250237 358949 120608 361735 552515 73892 212993 205616 52469 317467 293654 387597 252695 516296 358380 742168 942051 627588 828172 859565 418607 520667 417249 300574 415391 372974 316634 284311 391294
desembarquepred
 494571 512940 251188 358960 120610 361742 552546 73893.7 213016 205638 52470.2 317511 293693 387647 252702 516300 358405 742126 941969 627531 828217 859588 418610 520680 417251 300575 415393 372969 316633 284317 391296
Reclutas
 333113 201468 191508 378241 302592 495412 210224 104326 94019.4 120384 215435 256136 217695 154922 164911 758479 180340 1.30381e+06 769695 603897 886340 1.22296e+06 281947 798037 670023 306567 673198 756061 226550 169931 638135
log_desv_Rt
 -0.0192733 -0.522124 -0.572826 0.107775 -0.115372 0.377633 -0.479581 -1.18024 -1.28426 -1.03707 -0.455098 -0.282047 -0.444662 -0.784838 -0.722352 0.803558 -0.632914 1.34529 0.818238 0.575647 0.959344 1.28127 -0.186038 0.854399 0.679555 -0.102319 0.684284 0.800366 -0.40479 -0.692362 0.630794
SSB
 7.81666e+06 5.28236e+06 2.76574e+06 1.48485e+06 1.64357e+06 1.77329e+06 2.3326e+06 1.72198e+06 1.46607e+06 1.07978e+06 744218 926977 1.0222e+06 928366 732061 877349 2.07065e+06 2.05366e+06 3.95542e+06 3.31484e+06 3.73423e+06 4.44951e+06 4.26766e+06 3.66848e+06 4.80116e+06 3.96475e+06 3.27779e+06 3.39405e+06 4.58574e+06 3.28359e+06 2.13361e+06
BT
 1.0053e+07 6.88013e+06 3.60094e+06 2.95389e+06 2.69977e+06 4.29276e+06 3.37175e+06 3.00053e+06 2.42906e+06 1.83845e+06 1.63278e+06 1.91542e+06 2.0822e+06 2.11256e+06 1.98796e+06 3.33375e+06 3.21473e+06 7.79929e+06 7.60906e+06 5.60421e+06 8.7962e+06 8.38703e+06 6.50553e+06 1.00949e+07 7.5706e+06 6.53259e+06 8.53235e+06 8.70708e+06 6.10949e+06 4.73304e+06 6.42778e+06
Ftot
 0.0546747 0.0969987 0.0934537 0.137861 0.0469627 0.0953117 0.197404 0.0294363 0.114009 0.144276 0.0385819 0.190025 0.172801 0.264566 0.172024 0.172048 0.115722 0.112294 0.158816 0.133041 0.100416 0.128054 0.0737583 0.0635777 0.0665595 0.0541897 0.0658673 0.0570732 0.0559872 0.075858 0.0777475
BD_Bspro_t
 0.99129 0.932503 0.854092 0.801357 0.794943 0.834615 0.828066 0.740542 0.776306 0.757753 0.740729 0.838418 0.763482 0.707035 0.641328 0.681348 0.761769 0.753036 0.815249 0.762431 0.749804 0.780134 0.793086 0.795403 0.852773 0.85739 0.862124 0.878627 0.899316 0.868176 0.835686
BD_Bspro
 3.22482 2.17928 1.14103 0.612585 0.678065 0.731582 0.96233 0.710415 0.604836 0.445469 0.307033 0.382431 0.421716 0.383004 0.302017 0.361957 0.854261 0.847253 1.63184 1.36756 1.54058 1.83568 1.76066 1.51346 1.98075 1.63569 1.35228 1.40024 1.89188 1.35467 0.880236
BD_Bo
 2.17552 1.47018 0.769755 0.41326 0.457434 0.493537 0.649203 0.479257 0.408032 0.300521 0.207129 0.257994 0.284497 0.258381 0.203746 0.244182 0.576298 0.57157 1.10086 0.922578 1.0393 1.23838 1.18777 1.021 1.33625 1.10346 0.912268 0.944625 1.27629 0.91388 0.593821
BD_Brms
 3.95548 2.67305 1.39955 0.751381 0.831698 0.89734 1.18037 0.871377 0.741877 0.546401 0.376598 0.46908 0.517267 0.469783 0.370447 0.443967 1.04781 1.03922 2.00157 1.67741 1.88964 2.2516 2.15957 1.85637 2.42954 2.00629 1.65867 1.7175 2.32053 1.6616 1.07967
Sel_flota
 0.964116 1 1 1 1
 0.964116 1 1 1 1
 0.964116 1 1 1 1
 0.964116 1 1 1 1
 0.964116 1 1 1 1
 0.964116 1 1 1 1
 0.964116 1 1 1 1
 0.964116 1 1 1 1
 0.964116 1 1 1 1
 0.964116 1 1 1 1
 0.964116 1 1 1 1
 0.964116 1 1 1 1
 0.964116 1 1 1 1
 0.964116 1 1 1 1
 0.964116 1 1 1 1
 0.964116 1 1 1 1
 0.964116 1 1 1 1
 0.964116 1 1 1 1
 0.964116 1 1 1 1
 0.964116 1 1 1 1
 0.964116 1 1 1 1
 0.964116 1 1 1 1
 0.964116 1 1 1 1
 0.964116 1 1 1 1
 0.964116 1 1 1 1
 0.964116 1 1 1 1
 0.964116 1 1 1 1
 0.964116 1 1 1 1
 0.964116 1 1 1 1
 0.964116 1 1 1 1
 0.964116 1 1 1 1
Sel_reclas
 1 1 1 1 1
 1 1 1 1 1
 1 1 1 1 1
 1 1 1 1 1
 1 1 1 1 1
 1 1 1 1 1
 1 1 1 1 1
 1 1 1 1 1
 1 1 1 1 1
 1 1 1 1 1
 1 1 1 1 1
 1 1 1 1 1
 1 1 1 1 1
 1 1 1 1 1
 1 1 1 1 1
 1 1 1 1 1
 1 1 1 1 1
 1 1 1 1 1
 1 1 1 1 1
 1 1 1 1 1
 1 1 1 1 1
 1 1 1 1 1
 1 1 1 1 1
 1 1 1 1 1
 1 1 1 1 1
 1 1 1 1 1
 1 1 1 1 1
 1 1 1 1 1
 1 1 1 1 1
 1 1 1 1 1
 1 1 1 1 1
Sel_pelaces
 1 1 1 1 1
 1 1 1 1 1
 1 1 1 1 1
 1 1 1 1 1
 1 1 1 1 1
 1 1 1 1 1
 1 1 1 1 1
 1 1 1 1 1
 1 1 1 1 1
 1 1 1 1 1
 1 1 1 1 1
 1 1 1 1 1
 1 1 1 1 1
 1 1 1 1 1
 1 1 1 1 1
 1 1 1 1 1
 1 1 1 1 1
 1 1 1 1 1
 1 1 1 1 1
 1 1 1 1 1
 1 1 1 1 1
 1 1 1 1 1
 1 1 1 1 1
 1 1 1 1 1
 1 1 1 1 1
 1 1 1 1 1
 1 1 1 1 1
 1 1 1 1 1
 1 1 1 1 1
 1 1 1 1 1
 1 1 1 1 1
pf_obs 
 0.8446 0.082 0.0669 0.0065 0
 0.8095 0.147 0.0364 0.0071 0
 0.9664 0.0169 0.016 0.0007 0
 0.9276 0.0648 0.0075 0.0001 0
 0.7033 0.2144 0.0806 0.0017 0
 0.9318 0.0425 0.0243 0.0014 0
 0.5671 0.3108 0.0964 0.0239 0.0018
 0.0768 0.2599 0.5324 0.112 0.0189
 0.490249 0.384438 0.106611 0.0170017 0.00170017
 0.7925 0.1577 0.0466 0.003 0.0002
 0.840416 0.127587 0.0312969 0.00059994 9.999e-05
 0.8084 0.0986 0.0794 0.0134 0.0002
 0.7335 0.1905 0.0724 0.0035 0.0001
 0.4001 0.4547 0.1325 0.0127 0
 0.49795 0.308269 0.164784 0.0264974 0.00249975
 0.9179 0.0499 0.0305 0.0017 0
 0.2467 0.6533 0.0926 0.0074 0
 0.9418 0.0223 0.034 0.0019 0
 0.707729 0.231977 0.0356964 0.0245975 0
 0.517169 0.277429 0.184464 0.0207286 0.00020938
 0.811772 0.124168 0.05621 0.00726502 0.000585176
 0.764997 0.148141 0.077277 0.00933861 0.000247198
 0.163321 0.427699 0.378323 0.0303852 0.000271297
 0.753843 0.0900009 0.118128 0.0371064 0.000921714
 0.721811 0.176058 0.0630433 0.0369309 0.00215725
 0.143369 0.312575 0.442814 0.0836902 0.0175525
 0.692698 0.0596174 0.167031 0.0765114 0.00414204
 0.394062 0.376323 0.152708 0.0712218 0.00568511
 0.125707 0.32114 0.495352 0.0537591 0.00404204
 0.23352 0.215282 0.420074 0.123614 0.00750983
 0.796117 0.104755 0.0508955 0.0450114 0.00322123
pf_pred 
 0.406281 0.103241 0.466767 0.0237101 6.97861e-07
 0.410051 0.245067 0.0599712 0.271138 0.0137732
 0.534636 0.195182 0.112235 0.0274653 0.130482
 0.755422 0.1331 0.0467556 0.0268856 0.037836
 0.646332 0.269722 0.0456838 0.0160478 0.0222143
 0.746459 0.166035 0.0667361 0.0113033 0.00946701
 0.479564 0.392246 0.0839471 0.0337417 0.0105015
 0.435289 0.276566 0.217171 0.0464782 0.0244957
 0.51963 0.213498 0.1307 0.102631 0.033541
 0.665201 0.177225 0.0700331 0.0428731 0.0446682
 0.784235 0.145418 0.0372379 0.0147151 0.0183939
 0.719373 0.221833 0.0396255 0.0101471 0.00902201
 0.661148 0.246514 0.0729922 0.0130384 0.00630744
 0.597085 0.269995 0.0966996 0.0286325 0.00758876
 0.686677 0.190252 0.0824698 0.0295369 0.0110638
 0.9084 0.0636862 0.0169495 0.00734719 0.00361709
 0.401818 0.545358 0.0367268 0.00977449 0.00632293
 0.897179 0.0422827 0.0551923 0.0037169 0.00162912
 0.608835 0.352328 0.0159708 0.0208469 0.00201927
 0.597522 0.248853 0.138372 0.00627232 0.00898041
 0.726631 0.165922 0.0664347 0.0369403 0.00407192
 0.745577 0.186809 0.0410388 0.0164318 0.0101439
 0.340053 0.496908 0.11971 0.0262983 0.0170301
 0.735415 0.0922487 0.129761 0.0312606 0.0113146
 0.634938 0.271139 0.0327467 0.0460628 0.0151134
 0.451656 0.352962 0.145114 0.0175261 0.0327417
 0.736709 0.121378 0.0913475 0.0375559 0.0130094
 0.700184 0.223063 0.0353834 0.026629 0.0147404
 0.370263 0.445883 0.136787 0.0216978 0.0253686
 0.440541 0.212091 0.245953 0.0754527 0.0259622
 0.826684 0.0779856 0.0361398 0.0419097 0.0172808
pobs_RECLAS
 0 0 0 0 0
 0 0 0 0 0
 0 0 0 0 0
 0 0 0 0 0
 0 0 0 0 0
 0 0 0 0 0
 0 0 0 0 0
 0 0 0 0 0
 0 0 0 0 0
 0 0 0 0 0
 0.991045 0.00858322 0.000360255 1.14367e-05 0
 0.934742 0.0480273 0.0164251 0.00080598 0
 0.827803 0.169806 0.00239088 0 0
 0.941827 0.0461693 0.0120037 0 0
 0.791401 0.0380133 0.147996 0.0225897 0
 0.846168 0.0940531 0.0597789 0 0
 0.134021 0.677848 0.182769 0.00536245 0
 0.80878 0.0450904 0.141981 0.00414843 0
 0.846168 0.0940531 0.0597789 0 0
 0.905697 0.0802665 0.012482 0.00150086 5.37128e-05
 0.989698 0.0102097 9.19794e-05 0 0
 0.975433 0.0193895 0.00387452 0.00125025 5.28907e-05
 0.303575 0.632131 0.0575291 0.00676475 0
 0.966965 0.00978017 0.0227588 0.000495775 0
 0.843318 0.132988 0.00938335 0.0141283 0.000182051
 0.564624 0.303363 0.111486 0.0197234 0.00080311
 0.826376 0.0876187 0.0782897 0.00655872 0.00115652
 0.89761 0.0855135 0.0140674 0.00269457 0.000114338
 0.34875 0.467042 0.161289 0.0227151 0.000203297
 0.318654 0.224769 0.449479 0.00709798 0
 0.937255 0.0296025 0.0250945 0.00804832 0
ppred_RECLAS
 0.415166 0.101696 0.459782 0.0233552 6.87417e-07
 0.418995 0.241352 0.059062 0.267027 0.0135644
 0.543789 0.191343 0.110027 0.026925 0.127915
 0.762194 0.129415 0.0454611 0.0261412 0.0367884
 0.654673 0.263361 0.0446064 0.0156694 0.0216904
 0.753369 0.161509 0.0649171 0.0109953 0.00920898
 0.488862 0.385238 0.0824473 0.0331389 0.0103139
 0.444314 0.272146 0.213701 0.0457354 0.0241043
 0.528837 0.209406 0.128195 0.100664 0.0328982
 0.673396 0.172887 0.0683189 0.0418237 0.0435749
 0.790374 0.14128 0.0361784 0.0142965 0.0178706
 0.726821 0.215945 0.0385737 0.00987778 0.00878255
 0.669417 0.240499 0.071211 0.0127203 0.00615352
 0.606076 0.26397 0.0945417 0.0279936 0.00741942
 0.69461 0.185435 0.0803818 0.0287891 0.0107837
 0.911443 0.0615704 0.0163864 0.0071031 0.00349693
 0.410723 0.537239 0.03618 0.00962897 0.0062288
 0.900534 0.0409029 0.0533913 0.00359561 0.00157596
 0.617629 0.344407 0.0156117 0.0203783 0.00197387
 0.606383 0.243374 0.135326 0.00613423 0.00878269
 0.733892 0.161515 0.06467 0.0359591 0.00396376
 0.752525 0.181707 0.039918 0.0159831 0.00986685
 0.348354 0.490658 0.118204 0.0259675 0.0168159
 0.742502 0.0897777 0.126285 0.0304232 0.0110115
 0.643414 0.264844 0.0319864 0.0449934 0.0147626
 0.460763 0.3471 0.142704 0.017235 0.0321979
 0.743775 0.118121 0.088896 0.036548 0.0126603
 0.707836 0.21737 0.0344804 0.0259494 0.0143643
 0.378864 0.439793 0.134919 0.0214015 0.0250221
 0.449625 0.208648 0.241959 0.0742275 0.0255407
 0.831892 0.0756423 0.0350539 0.0406504 0.0167616
pobs_PELACES
 0 0 0 0 0
 0 0 0 0 0
 0 0 0 0 0
 0 0 0 0 0
 0 0 0 0 0
 0 0 0 0 0
 0 0 0 0 0
 0 0 0 0 0
 0 0 0 0 0
 0 0 0 0 0
 0 0 0 0 0
 0 0 0 0 0
 0 0 0 0 0
 0 0 0 0 0
 0 0 0 0 0
 0 0 0 0 0
 0.505614 0.472636 0.0217494 0 0
 0 0 0 0 0
 0.443492 0.261883 0.143347 0.151278 0
 0.227955 0.32914 0.350689 0.0885471 0.00366901
 0.970185 0.0296113 0.000203453 0 0
 0.997202 0.00247181 0.000326279 0 0
 0.445219 0.490057 0.0546422 0.010081 0
 0.90214 0.0892962 0.00764917 0.000914606 0
 0 0 0 0 0
 0.581667 0.319106 0.0959925 0.00289975 0.000334073
 0.762889 0.0836404 0.116647 0.0363945 0.000428098
 0.88444 0.0763242 0.0277011 0.0115352 0
 0.521256 0.241999 0.230069 0.00667565 0
 0.616807 0.101726 0.260614 0.0208532 0
 0.833518 0.0704572 0.0857862 0.0102388 0
ppred_PELACES
 0.415323 0.101669 0.459658 0.023349 6.87232e-07
 0.419274 0.241236 0.0590335 0.266898 0.0135579
 0.544064 0.191228 0.109961 0.0269088 0.127838
 0.76249 0.129254 0.0454045 0.0261087 0.0367427
 0.654798 0.263265 0.0445902 0.0156637 0.0216825
 0.753579 0.161372 0.0648619 0.0109859 0.00920116
 0.489446 0.384798 0.082353 0.033101 0.0103021
 0.4444 0.272103 0.213667 0.0457284 0.0241005
 0.529173 0.209256 0.128103 0.100592 0.0328747
 0.673771 0.172688 0.0682403 0.0417756 0.0435248
 0.79045 0.141229 0.0361654 0.0142913 0.0178641
 0.727268 0.215592 0.0385107 0.00986163 0.00876819
 0.669869 0.240169 0.0711135 0.0127028 0.00614509
 0.606823 0.263468 0.0943623 0.0279404 0.00740533
 0.695042 0.185173 0.0802681 0.0287483 0.0107684
 0.911608 0.0614561 0.016356 0.00708992 0.00349044
 0.411055 0.536936 0.0361597 0.00962355 0.00622529
 0.900653 0.040854 0.0533274 0.0035913 0.00157407
 0.618074 0.344007 0.0155936 0.0203546 0.00197158
 0.606759 0.243142 0.135196 0.00612837 0.00877431
 0.734125 0.161374 0.0646135 0.0359277 0.0039603
 0.752807 0.1815 0.0398725 0.0159648 0.0098556
 0.348553 0.490509 0.118168 0.0259596 0.0168108
 0.742646 0.0897276 0.126214 0.0304062 0.0110054
 0.643595 0.26471 0.0319702 0.0449706 0.0147551
 0.460922 0.346998 0.142662 0.0172299 0.0321884
 0.743923 0.118052 0.0888445 0.0365268 0.0126529
 0.707975 0.217266 0.0344639 0.025937 0.0143574
 0.37902 0.439683 0.134885 0.0213961 0.0250158
 0.449847 0.208563 0.241861 0.0741975 0.0255303
 0.832021 0.0755844 0.0350271 0.0406193 0.0167488
pobs_pel_tallas
 0 0 0 0 0 0 0 0 0 0 0 0 0 0 0 0 0 0 0 0 0 0 0 0 0 0
 0 0 0 0 0 0 0 0 0 0 0 0 0 0 0 0 0 0 0 0 0 0 0 0 0 0
 0 0 0 0 0 0 0 0 0 0 0 0 0 0 0 0 0 0 0 0 0 0 0 0 0 0
 0 0 0 0 0 0 0 0 0 0 0 0 0 0 0 0 0 0 0 0 0 0 0 0 0 0
 0 0 0 0 0 0 0 0 0 0 0 0 0 0 0 0 0 0 0 0 0 0 0 0 0 0
 0 0 0 0 0 0 0 0 0 0 0 0 0 0 0 0 0 0 0 0 0 0 0 0 0 0
 0 0 0 0 0 0 0 0 0 0 0 0 0 0 0 0 0 0 0 0 0 0 0 0 0 0
 0 0 0 0 0 0 0 0 0 0 0 0 0 0 0 0 0 0 0 0 0 0 0 0 0 0
 0 0 0 0 0 0 0 0 0 0 0 0 0 0 0 0 0 0 0 0 0 0 0 0 0 0
 0 0 0 0 0 0 0 0 0 0 0 0 0 0 0 0 0 0 0 0 0 0 0 0 0 0
 0 0 0 0 0 0 0 0 0 0 0 0 0 0 0 0 0 0 0 0 0 0 0 0 0 0
 0 0 0 0 0 0 0 0 0 0 0 0 0 0 0 0 0 0 0 0 0 0 0 0 0 0
 0.00862536 0 0 0.000197151 0.00414017 0.0128641 0.00837892 0.0270097 0.101434 0.158115 0.152841 0.127902 0.109271 0.109419 0.0830992 0.0579132 0.0238553 0.00714673 0.00463305 0.00128148 0.00103504 0.000492878 0.000147863 0.000147863 4.92878e-05 0
 0 0 0 0 0 0 0 0 0 0 0 0 0 0 0 0 0 0 0 0 0 0 0 0 0 0
 0 0 0 0 0 0 0 0.0054083 0.00873648 0.0413646 0.0450493 0.0745869 0.0622846 0.0627006 0.0613931 0.0827291 0.12552 0.122667 0.0946155 0.0697135 0.0546179 0.0294188 0.0215738 0.0213955 0.0102223 0.00600262
 0 0 0 0 0.00359764 0.0251062 0.0480494 0.140153 0.205849 0.193036 0.1447 0.116669 0.0760912 0.0342217 0.00950174 0.001854 0.000860785 0 0 0 0.000165536 0 0.000143464 0 0 0
 0 0 0 0 0 0 0 0.000145254 0.000435761 0.0275982 0.070085 0.0708112 0.156366 0.174668 0.174014 0.160142 0.0824315 0.0480064 0.0283245 0.00493863 0.00203355 0 0 0 0 0
 0 0 0 0 0 0 0 0 0 0 0 0 0 0 0 0 0 0 0 0 0 0 0 0 0 0
 0 0 1.00437e-05 0.000401748 0.00122533 0.00171747 0.00176769 0.0269171 0.070346 0.194647 0.189555 0.159765 0.064822 0.0314167 0.0384472 0.0292271 0.0345202 0.0313363 0.0194345 0.0106764 0.0143323 0.0359363 0.0279516 0.0138201 0.00172751 0
 0 0.0021121 0.0136068 0.0755702 0.200478 0.177729 0.0527432 0.0373336 0.0318909 0.0142505 0.0149659 0.0166563 0.0217959 0.0798694 0.0677717 0.0528807 0.04013 0.0224614 0.0357745 0.0225083 0.00881397 0.00855152 0.00135912 0.000746735 0 0
 0 0 0 0 5.4009e-05 0.00500934 0.000945158 0.0243581 0.138947 0.33067 0.221406 0.137944 0.0707744 0.0437923 0.0131692 0.00525238 0.0047753 0.00276346 9.45158e-05 9.00151e-06 2.25038e-05 9.00151e-06 4.50075e-06 0 0 0
 0.000866109 0.00284123 0.00948549 0.0512746 0.133035 0.25785 0.225252 0.132002 0.0553304 0.0519788 0.0540692 0.017754 0.00435017 0.00159236 0.00146478 0.000404838 0.000125132 0.000115318 0.000107957 0.000100596 0 0 0 0 0 0
 0 0 0 0 0.00144013 0.00171154 0.00461396 0.0210425 0.0478622 0.0707936 0.0888783 0.103762 0.0637923 0.0337046 0.0602308 0.124433 0.169614 0.0934646 0.0462172 0.0250306 0.0313229 0.00938855 0.002487 0.000210481 0 0
 0 0.00764035 0.051015 0.0998891 0.058973 0.0496711 0.0374665 0.0718981 0.12319 0.153886 0.159021 0.0857701 0.0377988 0.023471 0.0147837 0.00900784 0.00315554 0.000888139 0.00291439 0.00214683 0.00393193 0.00274676 0.000635225 9.99891e-05 0 0
 0 0 0 0 0 0 0 0 0 0 0 0 0 0 0 0 0 0 0 0 0 0 0 0 0 0
 0 0 0 0 0 0 0 0 0 0 0 0 0 0 0 0 0 0 0 0 0 0 0 0 0 0
 0 0 0 0 0 0 0 0 0 0 0 0 0 0 0 0 0 0 0 0 0 0 0 0 0 0
 0 0 0 0 0 0 0 0 0 0 0 0 0 0 0 0 0 0 0 0 0 0 0 0 0 0
 0 0 0 0 0 0 0 0 0 0 0 0 0 0 0 0 0 0 0 0 0 0 0 0 0 0
 0 0 0 0 0 0 0 0 0 0 0 0 0 0 0 0 0 0 0 0 0 0 0 0 0 0
 0 0 0 0 0 0 0 0 0 0 0 0 0 0 0 0 0 0 0 0 0 0 0 0 0 0
ppred_pel_tallas
 1.15633e-16 3.42096e-05 0.00033253 0.00220978 0.0100453 0.0312548 0.0665921 0.0971953 0.0972058 0.0666437 0.0314301 0.0105604 0.00353582 0.00333718 0.0060618 0.0108028 0.0174985 0.0260323 0.036152 0.0474951 0.0593712 0.0704006 0.0784705 0.0813585 0.077786 0.0681937
 1.30826e-16 3.45351e-05 0.000335694 0.0022308 0.0101409 0.0315523 0.0672264 0.0981238 0.0981472 0.0673407 0.0319366 0.011253 0.0050301 0.00647421 0.0117787 0.0196589 0.0289253 0.0377684 0.0444953 0.0486484 0.0513949 0.0546901 0.059789 0.0662403 0.0720447 0.0747395
 1.27555e-16 4.48139e-05 0.000435607 0.00289476 0.0131592 0.0409432 0.0872344 0.127325 0.127344 0.0873254 0.0412489 0.0140445 0.00512547 0.00533351 0.00943193 0.0157516 0.0232447 0.0304569 0.0359906 0.0393632 0.0413402 0.0433568 0.0464572 0.0505729 0.0545875 0.056988
 1.1018e-16 6.28053e-05 0.00061049 0.00405692 0.0184422 0.0573805 0.122256 0.178438 0.178451 0.122317 0.0575861 0.0190368 0.00555242 0.00388536 0.00631314 0.0104208 0.0152089 0.0195743 0.0224592 0.023439 0.0229886 0.0221326 0.0217496 0.0220715 0.0226812 0.0228854
 1.06595e-16 5.39349e-05 0.000524267 0.00348394 0.0158375 0.0492765 0.10499 0.153241 0.153266 0.105114 0.0496931 0.0170413 0.00650654 0.00712595 0.0126019 0.020776 0.0299925 0.0378716 0.0420338 0.0414111 0.036889 0.0306953 0.0250339 0.021027 0.018578 0.0169366
 1.04572e-16 6.20713e-05 0.000603355 0.00400951 0.0182267 0.05671 0.120827 0.176354 0.17637 0.120904 0.0569666 0.0189687 0.00587553 0.00468796 0.00785205 0.0129681 0.0188751 0.0241563 0.0274024 0.0279548 0.0262604 0.0234883 0.0207386 0.0184846 0.0165842 0.0146701
 1.07538e-16 4.03151e-05 0.000391877 0.00260416 0.0118382 0.0368332 0.0784783 0.114549 0.114586 0.0786598 0.0374427 0.0135995 0.00702801 0.0100579 0.018424 0.0304643 0.0440468 0.0557457 0.0620939 0.0615045 0.0551951 0.0462966 0.037892 0.0315306 0.0270873 0.0236096
 1.149e-16 3.66047e-05 0.000355811 0.00236449 0.0107486 0.0334432 0.0712552 0.104005 0.104031 0.0713849 0.0338795 0.0120125 0.0055511 0.00735889 0.0134741 0.022578 0.0333668 0.0437395 0.0515419 0.0557486 0.0569338 0.0565619 0.0557295 0.0544486 0.0519447 0.0475063
 1.19402e-16 4.35873e-05 0.000423684 0.00281553 0.012799 0.0398226 0.084847 0.123841 0.123861 0.0849466 0.0401575 0.013769 0.00526011 0.00579333 0.0103407 0.0172916 0.0255428 0.0335025 0.0396056 0.0432319 0.0450512 0.0464025 0.0482004 0.0502612 0.0514983 0.0506912
 1.13569e-16 5.54977e-05 0.000539457 0.00358488 0.0162964 0.0507041 0.108031 0.157678 0.157695 0.108113 0.0509791 0.0170917 0.00558596 0.00492354 0.008429 0.0139747 0.0204356 0.0263775 0.0304035 0.0319491 0.0316282 0.0307617 0.0304565 0.0309567 0.0316695 0.0316803
 1.05537e-16 6.51083e-05 0.000632876 0.00420569 0.0191184 0.0594846 0.126739 0.184982 0.184996 0.126806 0.0597086 0.0197659 0.00583242 0.0041896 0.00683667 0.0112443 0.0163002 0.0207353 0.0233103 0.0234797 0.0217151 0.0191615 0.0169054 0.0154254 0.0145528 0.0138083
 1.0364e-16 5.99041e-05 0.000582289 0.00386952 0.0175903 0.05473 0.116609 0.170198 0.170219 0.11671 0.0550712 0.0185761 0.00634472 0.00598818 0.0103341 0.0170096 0.0245449 0.0309687 0.0343141 0.0336795 0.0297585 0.0243483 0.0192489 0.0154114 0.0128319 0.0110009
 1.04428e-16 5.51763e-05 0.000536333 0.00356412 0.016202 0.0504106 0.107406 0.156767 0.15679 0.107519 0.0507916 0.0173033 0.00633151 0.00658717 0.011575 0.0191223 0.0277133 0.0352108 0.0394625 0.0394618 0.0359088 0.0306571 0.0255214 0.0213981 0.018219 0.0154859
 1.06846e-16 4.99833e-05 0.000485856 0.00322868 0.0146771 0.0456662 0.0972975 0.142014 0.142039 0.0974221 0.0460848 0.0158875 0.0062717 0.00714447 0.0127422 0.0211079 0.0306882 0.0391953 0.0443201 0.0449909 0.0419616 0.0371857 0.0325102 0.0287436 0.0256582 0.0226272
 1.0707e-16 5.72497e-05 0.000556488 0.00369806 0.0168108 0.0523049 0.111442 0.162656 0.162674 0.111529 0.0525996 0.0176635 0.00584289 0.00525412 0.0090246 0.0149495 0.0218151 0.0280389 0.0320435 0.0331084 0.0317596 0.0293108 0.0269445 0.02508 0.0234159 0.0214201
 1.0179e-16 7.50879e-05 0.000729881 0.00485032 0.0220488 0.0686022 0.146164 0.213332 0.213338 0.146193 0.0686997 0.0223306 0.00555826 0.00227775 0.00302198 0.00489632 0.00709198 0.00901706 0.0101249 0.01017 0.00934682 0.00814289 0.00702475 0.00620546 0.00563109 0.0051256
 1.032e-16 3.38582e-05 0.000329114 0.00218708 0.00994217 0.0309341 0.0659102 0.0962087 0.0962604 0.0661627 0.0317818 0.0123899 0.00832809 0.0137247 0.0254443 0.0419318 0.060216 0.0753352 0.0822557 0.0786615 0.0663565 0.050088 0.0347719 0.0232568 0.0159036 0.0115859
 1.02176e-16 7.41856e-05 0.000721111 0.00479203 0.0217839 0.0677778 0.144408 0.210768 0.210772 0.144428 0.067844 0.0219759 0.00527763 0.00179298 0.00214439 0.0035176 0.00526897 0.00706005 0.00858489 0.00967934 0.0103692 0.0107634 0.0108949 0.0106656 0.00994119 0.00869472
 1.02913e-16 5.091e-05 0.000494863 0.00328854 0.0149492 0.0465128 0.0991017 0.144649 0.144682 0.0992635 0.0470558 0.016517 0.0072215 0.00907316 0.0163212 0.0268464 0.0385415 0.0482072 0.0526285 0.0503465 0.042553 0.0323249 0.0228253 0.0158517 0.0115614 0.0091324
 1.06064e-16 4.9978e-05 0.000485804 0.00322834 0.0146756 0.0456613 0.0972871 0.141998 0.142022 0.0974024 0.046049 0.0157975 0.006052 0.00667457 0.0118757 0.0197414 0.0288688 0.0372065 0.0426608 0.0442087 0.0424057 0.0388148 0.0348729 0.0311474 0.027437 0.0233766
 1.0618e-16 6.04689e-05 0.000587779 0.003906 0.0177561 0.055246 0.117708 0.171801 0.171817 0.117784 0.0555027 0.0184988 0.00577399 0.00467837 0.00786717 0.0130109 0.018976 0.024374 0.0278328 0.0287349 0.0275554 0.0254569 0.0234774 0.0219705 0.0206406 0.0189821
 1.04466e-16 6.20078e-05 0.000602738 0.0040054 0.018208 0.0566519 0.120704 0.176174 0.176192 0.120789 0.0569395 0.019039 0.0060927 0.00516399 0.00873862 0.0143859 0.0208072 0.0263598 0.0294164 0.0292404 0.0264168 0.0224264 0.0187155 0.0159915 0.0141578 0.0127201
 1.08984e-16 2.87099e-05 0.000279071 0.00185452 0.00843043 0.0262304 0.0558885 0.0815808 0.0816282 0.0561199 0.0270078 0.0106767 0.00749707 0.0126101 0.0234866 0.0388855 0.0562551 0.0712529 0.079456 0.0788165 0.0708383 0.0594514 0.0485404 0.0400809 0.0339775 0.0291267
 1.08578e-16 6.11708e-05 0.000594602 0.00395134 0.0179622 0.0558872 0.119074 0.173794 0.173803 0.119117 0.056033 0.0183858 0.0050236 0.0029657 0.00465367 0.00783108 0.0118253 0.0160283 0.0198423 0.0229726 0.02551 0.0276638 0.0293882 0.0302674 0.0297639 0.0276016
 1.07998e-16 5.30121e-05 0.000515296 0.00342433 0.0155665 0.0484333 0.103193 0.150619 0.150644 0.103318 0.0488521 0.0167761 0.00646126 0.00714717 0.0126556 0.0208606 0.0301057 0.0380069 0.0421955 0.0416423 0.0372985 0.0314576 0.0263465 0.0230291 0.0212674 0.0201309
 1.11381e-16 3.79656e-05 0.000369039 0.0024524 0.0111483 0.0346866 0.0739047 0.107873 0.107907 0.0740689 0.0352385 0.0127443 0.00646611 0.0091557 0.0167981 0.0279014 0.0406375 0.0520468 0.0591181 0.0604508 0.0570183 0.0513412 0.0457796 0.0413297 0.0376457 0.0338807
 1.08399e-16 6.1276e-05 0.000595625 0.00395814 0.0179931 0.0559833 0.119279 0.174093 0.174105 0.119335 0.0561726 0.0185415 0.00534095 0.0036351 0.00589531 0.00981172 0.014513 0.0190688 0.0225709 0.0246141 0.0254896 0.0258572 0.0261754 0.0263733 0.0259848 0.024552
 1.06081e-16 5.8315e-05 0.000566843 0.00376687 0.0171237 0.0532782 0.113516 0.165684 0.165705 0.113618 0.0536221 0.0181172 0.00626154 0.00601576 0.0104163 0.0171544 0.0247729 0.0313059 0.0348037 0.0344041 0.0308561 0.0260042 0.0216496 0.0186713 0.0169203 0.0157088
 1.10385e-16 3.12195e-05 0.000303465 0.00201663 0.00916734 0.0285232 0.0607733 0.0887094 0.0887519 0.060981 0.029221 0.0111843 0.00708519 0.0113875 0.0211385 0.0350459 0.0508321 0.0646604 0.0726216 0.072901 0.0667999 0.0577137 0.0489378 0.0420535 0.0368487 0.0323116
 1.18795e-16 3.70534e-05 0.000360172 0.00239347 0.0108804 0.033853 0.0721282 0.105277 0.105298 0.0722283 0.0341903 0.0118591 0.00486781 0.00581997 0.0105782 0.0178817 0.0268211 0.0359788 0.0439024 0.0499107 0.0543418 0.0579411 0.0609334 0.0626339 0.0619025 0.0579811
 1.07939e-16 6.85324e-05 0.00066616 0.00442687 0.0201239 0.0626129 0.133404 0.194708 0.194716 0.13344 0.0627336 0.0204732 0.00530652 0.00259627 0.00376389 0.00619462 0.0091137 0.0118944 0.013968 0.0151295 0.0156665 0.0161284 0.0169088 0.0179682 0.01888 0.0191088
pSPR Fmed_Fpbrs
0.818096   0.6 0.325
Fs Fmed_Fpbrs
0.0951618   0.253736 0.60903
SSBpbr Bo_Bmed_Bpbrs
3.59302e+06  2.75978e+06  1.97616e+06 988079
Ro
339596
SPR SPRFo_SPRFmed_SPRFpbrs
2.42391e+06 1.98299e+06 787769
Fref
0.253736
Nvult_r0
 420332 38328.5 17762.1 20597.9 8493.23
CTP_r0
 29310.1 2764.98 1281.34 1485.91 612.692
YTP_r0
391296
Np
 502272 144678 62169 5645.03 3362.7
Nvult_p0
 357594 103382 44423.7 4033.73 2402.86
CTP_p0
 70284.7 31497.9 2860.05 1325.39 2060.13
 70284.7 20922.8 8990.64 816.361 486.301
YTP_p0
 1.19478e+06 1.10267e+06
CBA_c0
1.16715e+06
log_Ro
12.5555
likeval ReclasPelacesDesembMPH_pf_preclas_ppelaces_ptallas_desvR_qrecl_qpela
 19.0942 21.7571 0.13706 0.000813866 241.55 122.562 98.9288 0 22.9783 4.50121e-05 3.10961e-05 0.693596 8.73348e-16 0 0
q_reclas_q_pelaces
0.386467 0.452326
M
1
N
 333113 81677.3 369274 18757.7 0.552099
 201468 116253 28448.7 128620 6533.62
 191508 67499.1 38813.6 9498.2 45124
 378241 64381.8 22616.1 13004.8 18301.6
 302592 121829 20634.6 7248.54 10033.8
 495412 106389 42762.2 7242.79 6066.14
 210224 166251 35580.4 14301.2 4450.98
 104326 63934.2 50203.9 10744.5 5662.73
 94019.4 37305.5 22837.8 17933.3 5860.78
 120384 30987.5 12245.2 7496.3 7810.16
 215435 38535.9 9868.1 3899.53 4874.41
 256136 76360.1 13640 3492.87 3105.59
 217695 78453.2 23229.8 4149.49 2007.34
 154922 67795.4 24281.2 7189.6 1905.53
 164911 44161.2 19142.8 6856.08 2568.12
 758479 51395.6 13678.5 5929.29 2919.04
 180340 236380 15918.9 4236.66 2740.61
 1.30381e+06 59339.3 77456.6 5216.27 2286.3
 769695 430427 19511 25468 2466.87
 603897 242955 135093 6123.67 8767.58
 886340 195417 78244.3 43507 4795.76
 1.22296e+06 295979 65021.6 26034.5 16071.9
 281947 397649 95797.3 21045.1 13628.3
 798037 96602.7 135885 32736 11848.6
 670023 276126 33349 46910.1 15391.5
 306567 231167 95040.1 11478.4 21443.6
 673198 107039 80555.9 33119.1 11472.5
 756061 232418 36867.3 27745.8 15358.6
 226550 263248 80758.5 12810.3 14977.5
 169931 78963.6 91570.6 28091.7 9665.98
 638135 58105.4 26927 31226 12875.6
pred_Ctot
 10858.9 2759.39 12475.6 633.713 0.0186521
 11457.1 6847.35 1675.64 7575.77 384.832
 10507.4 3836 2205.79 539.786 2564.41
 30082.3 5300.31 1861.9 1070.64 1506.7
 8498.74 3546.62 600.705 211.016 292.1
 27701.6 6161.66 2476.62 419.474 351.327
 23390.4 19131.5 4094.46 1645.73 512.202
 1849.56 1175.14 922.767 197.487 104.083
 6242.2 2564.7 1570.07 1232.89 402.921
 9994.77 2662.84 1052.26 644.177 671.148
 4987.69 924.848 236.831 93.5873 116.984
 27512.1 8483.92 1515.46 388.072 345.044
 21406.9 7981.73 2363.37 422.163 204.225
 22510.2 10178.8 3645.59 1079.45 286.098
 16148.4 4474.11 1939.42 694.612 260.184
 74281.3 5207.72 1385.98 600.791 295.775
 12145 16483.5 1110.07 295.435 191.111
 85319.1 4020.96 5248.63 353.466 154.925
 69943.2 40475.6 1834.73 2394.91 231.974
 46438.2 19340.3 10754 487.472 697.939
 52109.5 11898.9 4764.28 2649.13 292.013
 90694.5 22724.1 4992.1 1998.82 1233.94
 12305.1 17981 4331.79 951.621 616.246
 30143.5 3781.13 5318.69 1281.32 463.767
 26463.7 11300.8 1364.85 1919.86 629.915
 9906.81 7742.03 3183 384.425 718.17
 26319.8 4336.39 3263.5 1341.73 464.777
 25702.8 8188.34 1298.88 977.515 541.102
 7558.45 9102.14 2792.33 442.933 517.868
 7621.12 3669.07 4254.85 1305.29 449.133
 29310.1 2764.98 1281.34 1485.91 612.692
F
 0.0527128 0.0546747 0.0546747 0.0546747 0.0546747
 0.0935181 0.0969987 0.0969987 0.0969987 0.0969987
 0.0901003 0.0934537 0.0934537 0.0934537 0.0934537
 0.132914 0.137861 0.137861 0.137861 0.137861
 0.0452775 0.0469627 0.0469627 0.0469627 0.0469627
 0.0918916 0.0953117 0.0953117 0.0953117 0.0953117
 0.190321 0.197404 0.197404 0.197404 0.197404
 0.0283801 0.0294363 0.0294363 0.0294363 0.0294363
 0.109918 0.114009 0.114009 0.114009 0.114009
 0.139099 0.144276 0.144276 0.144276 0.144276
 0.0371974 0.0385819 0.0385819 0.0385819 0.0385819
 0.183206 0.190025 0.190025 0.190025 0.190025
 0.1666 0.172801 0.172801 0.172801 0.172801
 0.255072 0.264566 0.264566 0.264566 0.264566
 0.165851 0.172024 0.172024 0.172024 0.172024
 0.165874 0.172048 0.172048 0.172048 0.172048
 0.11157 0.115722 0.115722 0.115722 0.115722
 0.108265 0.112294 0.112294 0.112294 0.112294
 0.153117 0.158816 0.158816 0.158816 0.158816
 0.128267 0.133041 0.133041 0.133041 0.133041
 0.0968124 0.100416 0.100416 0.100416 0.100416
 0.123459 0.128054 0.128054 0.128054 0.128054
 0.0711116 0.0737583 0.0737583 0.0737583 0.0737583
 0.0612963 0.0635777 0.0635777 0.0635777 0.0635777
 0.0641711 0.0665595 0.0665595 0.0665595 0.0665595
 0.0522452 0.0541897 0.0541897 0.0541897 0.0541897
 0.0635037 0.0658673 0.0658673 0.0658673 0.0658673
 0.0550252 0.0570732 0.0570732 0.0570732 0.0570732
 0.0539781 0.0559872 0.0559872 0.0559872 0.0559872
 0.073136 0.075858 0.075858 0.075858 0.075858
 0.0749576 0.0777475 0.0777475 0.0777475 0.0777475
YTP_r0W_actual
 243274 38986.2 35364.9 50818.1 22853.4
YTP_p0W_proyectada
 526433 493571 66152.9 38926.8 69694.3
 526433 327860 207953 23976.5 16451.6
CTP_r0_actual
 29310.1 2764.98 1281.34 1485.91 612.692
CTP_p0_proyectada
 70284.7 31497.9 2860.05 1325.39 2060.13
 70284.7 20922.8 8990.64 816.361 486.301
Wmedp
 7.49 15.67 23.13 29.37 33.83
Frms_r0
 0.0749576 0.0777475 0.0777475 0.0777475 0.0777475
Zrms_r0
 1.07496 1.07775 1.07775 1.07775 1.07775
nmprior
 8.19 8.8 8.5 0
nm_flota  nm_reclas  nm_pelaces    nm_pelaL
inf 11.2022 16.146 37.1949
cv_recla  cv_pelaces  cv_mph
0.395253 0.440749 0.880404
 ------------------------------------------------
Talla a la edad & desviaci?n 
 8 13.2811 15.8009 17.003 17.5766
 0.8 1.32811 1.58009 1.7003 1.75766
