years
 1991 1992 1993 1994 1995 1996 1997 1998 1999 2000 2001 2002 2003 2004 2005 2006 2007 2008 2009 2010 2011 2012 2013 2014 2015 2016 2017 2018 2019 2020 2021
reclasobs
 0 0 0 0 0 0 0 0 0 252601 567819 844713 477998 351125 339783 2.1784e+06 2.13404e+06 4.81314e+06 1.55562e+06 2.62356e+06 3.21686e+06 3.843e+06 1.13348e+06 3.07943e+06 1.97215e+06 2.03268e+06 2.025e+06 2.42433e+06 2.27542e+06 1.05018e+06 2.36338e+06
reclaspred
 3.82628e+06 1.82194e+06 919708 719188 528141 2.45472e+06 1.25097e+06 840069 544302 265898 482392 789778 781770 553507 460006 1.47304e+06 882360 3.7054e+06 2.86693e+06 2.06757e+06 3.19582e+06 2.88181e+06 1.87495e+06 3.1692e+06 2.25903e+06 1.80476e+06 2.29846e+06 2.85574e+06 2.16588e+06 975262 1.69933e+06
pelacesobs
 0 0 0 0 0 0 0 0 0 0 0 0 0 0 0 552880 188675 0 991730 2.46772e+06 1.41603e+06 1.21717e+06 2.29649e+06 1.80582e+06 0 1.4828e+06 1.56532e+06 1.57751e+06 1.42118e+06 867257 1.10002e+06
pelacespred
 2.96284e+06 1.32489e+06 568428 303529 282428 1.28605e+06 679657 649515 314387 109549 253819 343051 388856 249753 206444 582310 426451 1.89883e+06 1.63422e+06 1.05286e+06 1.64972e+06 1.48348e+06 1.18185e+06 1.96384e+06 1.48829e+06 1.22423e+06 1.55729e+06 1.91769e+06 1.51407e+06 709973 949684
mphobs
 0 0 0 0 0 0 0 0 0 0 0 498337 0 5186 125008 0 168611 109162 213762 579715 649985 157893 87575 83554 0 0 0 0 0 0 0
mphpred
 676125 375637 151386 90107.6 61664.2 63994.5 285460 111956 80816.2 37382.1 16600.4 63444.1 72333.1 55164.5 28707.8 32732.8 157991 79070.7 406611 238286 258185 285187 315846 195659 342937 259610 182176 226668 392851 203558 78031.9
desembarqueobs
 494567 514787 250237 358949 120608 361735 552515 73892 212993 205616 52469 317467 293654 387597 252695 516296 358380 742168 942051 627588 828172 859565 418607 520667 417249 300574 415391 372974 316634 284311 391294
desembarquepred
 494517 514570 250021 358870 120590 361626 552171 73888.1 212944 205556 52465.4 317354 293501 387194 252519 515988 358373 741703 941101 626791 828087 859016 418417 520556 417047 300461 415235 372808 316470 284129 391185
Reclutas
 101175 85423 95967.9 74251.8 45503.3 248667 52561.1 17323.1 26354.9 35504.4 52762.8 107446 87878.2 66966.9 48070.7 253927 31599.1 457303 244402 217200 232272 403133 49614.9 185681 149337 56073.3 147898 178535 43448.8 29017.6 139432
log_desv_Rt
 0.10128 -0.0679546 0.0484441 -0.208108 -0.697786 1.00054 -0.553593 -1.66353 -1.24392 -0.945912 -0.549763 0.161416 -0.0396182 -0.311372 -0.642896 1.02148 -1.06244 1.60978 0.983246 0.865249 0.93234 1.4837 -0.611279 0.708458 0.490633 -0.48891 0.480951 0.669217 -0.743986 -1.14767 0.422004
SSB
 1.10137e+06 611894 246600 146780 100448 104244 465000 182371 131645 60893.5 27041.1 103347 117827 89860 46763.5 53320 257360 128802 662348 388155 420570 464555 514497 318718 558627 422891 296755 369230 639933 331585 127110
BT
 1.62028e+06 1.06888e+06 484462 448098 246198 1.22763e+06 797867 384992 377479 260660 218520 482105 510228 568840 394878 838066 491943 2.0452e+06 1.81754e+06 1.11944e+06 1.70327e+06 1.64572e+06 924309 1.74753e+06 1.13789e+06 875805 1.40564e+06 1.57325e+06 935002 588854 1.0209e+06
Ftot
 0.400905 0.846906 0.849519 1.49873 0.744553 0.557518 1.23602 0.285503 1.23269 2.20508 0.414327 1.32543 1.23067 2.12603 1.81529 1.27483 1.17485 0.75529 1.03886 1.00232 0.866327 1.00581 0.679741 0.590103 0.599336 0.530858 0.638947 0.471063 0.442817 0.869821 0.840927
BD_Bspro_t
 0.938302 0.613769 0.337633 0.249647 0.170615 0.215909 0.460804 0.225632 0.226777 0.145254 0.0942902 0.355179 0.263231 0.184472 0.101835 0.117251 0.278544 0.161436 0.414465 0.272101 0.248353 0.26728 0.306412 0.240657 0.387786 0.380806 0.355919 0.438321 0.548809 0.393368 0.23811
BD_Bspro
 1.68769 0.937638 0.377879 0.22492 0.153922 0.159738 0.712545 0.279457 0.201727 0.0933105 0.0414367 0.158365 0.180553 0.137697 0.0716583 0.0817052 0.394366 0.197371 1.01495 0.594791 0.644463 0.711864 0.788392 0.488389 0.856015 0.648019 0.454735 0.565792 0.980605 0.508107 0.194778
BD_Bo
 0.919693 0.510957 0.205921 0.122568 0.0838782 0.0870479 0.388295 0.152287 0.10993 0.0508487 0.0225805 0.0862993 0.0983904 0.075037 0.0390495 0.0445245 0.214906 0.107555 0.553089 0.324126 0.351194 0.387924 0.429627 0.266143 0.466477 0.353132 0.247804 0.308323 0.534372 0.276888 0.106142
BD_Brms
 1.67217 0.929014 0.374403 0.222851 0.152506 0.158269 0.70599 0.276886 0.199872 0.0924522 0.0410555 0.156908 0.178892 0.136431 0.0709991 0.0809536 0.390739 0.195555 1.00562 0.58932 0.638535 0.705316 0.78114 0.483897 0.848141 0.642058 0.450552 0.560588 0.971585 0.503433 0.192986
Sel_flota
 0.616954 0.968357 0.998283 0.999909 0.999995
 0.616954 0.968357 0.998283 0.999909 0.999995
 0.616954 0.968357 0.998283 0.999909 0.999995
 0.616954 0.968357 0.998283 0.999909 0.999995
 0.616954 0.968357 0.998283 0.999909 0.999995
 0.616954 0.968357 0.998283 0.999909 0.999995
 0.616954 0.968357 0.998283 0.999909 0.999995
 0.616954 0.968357 0.998283 0.999909 0.999995
 0.616954 0.968357 0.998283 0.999909 0.999995
 0.616954 0.968357 0.998283 0.999909 0.999995
 0.616954 0.968357 0.998283 0.999909 0.999995
 0.616954 0.968357 0.998283 0.999909 0.999995
 0.616954 0.968357 0.998283 0.999909 0.999995
 0.616954 0.968357 0.998283 0.999909 0.999995
 0.616954 0.968357 0.998283 0.999909 0.999995
 0.616954 0.968357 0.998283 0.999909 0.999995
 0.616954 0.968357 0.998283 0.999909 0.999995
 0.616954 0.968357 0.998283 0.999909 0.999995
 0.616954 0.968357 0.998283 0.999909 0.999995
 0.616954 0.968357 0.998283 0.999909 0.999995
 0.616954 0.968357 0.998283 0.999909 0.999995
 0.616954 0.968357 0.998283 0.999909 0.999995
 0.616954 0.968357 0.998283 0.999909 0.999995
 0.616954 0.968357 0.998283 0.999909 0.999995
 0.616954 0.968357 0.998283 0.999909 0.999995
 0.616954 0.968357 0.998283 0.999909 0.999995
 0.616954 0.968357 0.998283 0.999909 0.999995
 0.616954 0.968357 0.998283 0.999909 0.999995
 0.616954 0.968357 0.998283 0.999909 0.999995
 0.616954 0.968357 0.998283 0.999909 0.999995
 0.616954 0.968357 0.998283 0.999909 0.999995
Sel_reclas
 0.825983 0.959819 0.99175 0.99835 0.999672
 0.825983 0.959819 0.99175 0.99835 0.999672
 0.825983 0.959819 0.99175 0.99835 0.999672
 0.825983 0.959819 0.99175 0.99835 0.999672
 0.825983 0.959819 0.99175 0.99835 0.999672
 0.825983 0.959819 0.99175 0.99835 0.999672
 0.825983 0.959819 0.99175 0.99835 0.999672
 0.825983 0.959819 0.99175 0.99835 0.999672
 0.825983 0.959819 0.99175 0.99835 0.999672
 0.825983 0.959819 0.99175 0.99835 0.999672
 0.825983 0.959819 0.99175 0.99835 0.999672
 0.825983 0.959819 0.99175 0.99835 0.999672
 0.825983 0.959819 0.99175 0.99835 0.999672
 0.825983 0.959819 0.99175 0.99835 0.999672
 0.825983 0.959819 0.99175 0.99835 0.999672
 0.825983 0.959819 0.99175 0.99835 0.999672
 0.825983 0.959819 0.99175 0.99835 0.999672
 0.825983 0.959819 0.99175 0.99835 0.999672
 0.825983 0.959819 0.99175 0.99835 0.999672
 0.825983 0.959819 0.99175 0.99835 0.999672
 0.825983 0.959819 0.99175 0.99835 0.999672
 0.825983 0.959819 0.99175 0.99835 0.999672
 0.825983 0.959819 0.99175 0.99835 0.999672
 0.825983 0.959819 0.99175 0.99835 0.999672
 0.825983 0.959819 0.99175 0.99835 0.999672
 0.825983 0.959819 0.99175 0.99835 0.999672
 0.825983 0.959819 0.99175 0.99835 0.999672
 0.825983 0.959819 0.99175 0.99835 0.999672
 0.825983 0.959819 0.99175 0.99835 0.999672
 0.825983 0.959819 0.99175 0.99835 0.999672
 0.825983 0.959819 0.99175 0.99835 0.999672
Sel_pelaces
 0.442488 0.799772 0.952611 0.990212 0.99804
 0.442488 0.799772 0.952611 0.990212 0.99804
 0.442488 0.799772 0.952611 0.990212 0.99804
 0.442488 0.799772 0.952611 0.990212 0.99804
 0.442488 0.799772 0.952611 0.990212 0.99804
 0.442488 0.799772 0.952611 0.990212 0.99804
 0.442488 0.799772 0.952611 0.990212 0.99804
 0.442488 0.799772 0.952611 0.990212 0.99804
 0.442488 0.799772 0.952611 0.990212 0.99804
 0.442488 0.799772 0.952611 0.990212 0.99804
 0.442488 0.799772 0.952611 0.990212 0.99804
 0.442488 0.799772 0.952611 0.990212 0.99804
 0.442488 0.799772 0.952611 0.990212 0.99804
 0.442488 0.799772 0.952611 0.990212 0.99804
 0.442488 0.799772 0.952611 0.990212 0.99804
 0.442488 0.799772 0.952611 0.990212 0.99804
 0.442488 0.799772 0.952611 0.990212 0.99804
 0.442488 0.799772 0.952611 0.990212 0.99804
 0.442488 0.799772 0.952611 0.990212 0.99804
 0.442488 0.799772 0.952611 0.990212 0.99804
 0.442488 0.799772 0.952611 0.990212 0.99804
 0.442488 0.799772 0.952611 0.990212 0.99804
 0.442488 0.799772 0.952611 0.990212 0.99804
 0.442488 0.799772 0.952611 0.990212 0.99804
 0.442488 0.799772 0.952611 0.990212 0.99804
 0.442488 0.799772 0.952611 0.990212 0.99804
 0.442488 0.799772 0.952611 0.990212 0.99804
 0.442488 0.799772 0.952611 0.990212 0.99804
 0.442488 0.799772 0.952611 0.990212 0.99804
 0.442488 0.799772 0.952611 0.990212 0.99804
 0.442488 0.799772 0.952611 0.990212 0.99804
pf_obs 
 0.8446 0.082 0.0669 0.0065 0
 0.8095 0.147 0.0364 0.0071 0
 0.9664 0.0169 0.016 0.0007 0
 0.9276 0.0648 0.0075 0.0001 0
 0.7033 0.2144 0.0806 0.0017 0
 0.9318 0.0425 0.0243 0.0014 0
 0.5671 0.3108 0.0964 0.0239 0.0018
 0.0768 0.2599 0.5324 0.112 0.0189
 0.490249 0.384438 0.106611 0.0170017 0.00170017
 0.7925 0.1577 0.0466 0.003 0.0002
 0.840416 0.127587 0.0312969 0.00059994 9.999e-05
 0.8084 0.0986 0.0794 0.0134 0.0002
 0.7335 0.1905 0.0724 0.0035 0.0001
 0.4001 0.4547 0.1325 0.0127 0
 0.49795 0.308269 0.164784 0.0264974 0.00249975
 0.9179 0.0499 0.0305 0.0017 0
 0.2467 0.6533 0.0926 0.0074 0
 0.9418 0.0223 0.034 0.0019 0
 0.707729 0.231977 0.0356964 0.0245975 0
 0.517169 0.277429 0.184464 0.0207286 0.00020938
 0.811772 0.124168 0.05621 0.00726502 0.000585176
 0.764997 0.148141 0.077277 0.00933861 0.000247198
 0.163321 0.427699 0.378323 0.0303852 0.000271297
 0.753843 0.0900009 0.118128 0.0371064 0.000921714
 0.721811 0.176058 0.0630433 0.0369309 0.00215725
 0.143369 0.312575 0.442814 0.0836902 0.0175525
 0.692698 0.0596174 0.167031 0.0765114 0.00414204
 0.394062 0.376323 0.152708 0.0712218 0.00568511
 0.125707 0.32114 0.495352 0.0537591 0.00404204
 0.23352 0.215282 0.420074 0.123614 0.00750983
 0.796117 0.104755 0.0508955 0.0450114 0.00322123
pf_pred 
 0.463422 0.191086 0.309992 0.0354998 1.04172e-06
 0.554823 0.265649 0.065458 0.102369 0.0117005
 0.719851 0.196661 0.0507637 0.0119505 0.0207741
 0.690805 0.256426 0.0375565 0.0092589 0.00595346
 0.71032 0.240812 0.040942 0.0056467 0.00227964
 0.929546 0.0575481 0.0108068 0.00175939 0.00033981
 0.365052 0.608612 0.0216684 0.00390997 0.00075786
 0.40715 0.319639 0.262454 0.00885458 0.00190189
 0.660493 0.181005 0.086822 0.0688629 0.002817
 0.834669 0.132969 0.0177024 0.00804065 0.00661879
 0.90818 0.0855011 0.00515922 0.00063587 0.000524321
 0.834281 0.15636 0.00873731 0.000508012 0.000114007
 0.772927 0.207468 0.0185548 0.000980059 6.95577e-05
 0.755382 0.214165 0.0279516 0.00236733 0.000133522
 0.833983 0.147846 0.0160557 0.00194265 0.000173098
 0.96794 0.0296084 0.002199 0.000223136 2.92956e-05
 0.34973 0.64006 0.00946868 0.000665508 7.61678e-05
 0.967396 0.0169386 0.0154316 0.000216566 1.6915e-05
 0.622595 0.370674 0.00357037 0.00311329 4.69929e-05
 0.716519 0.216198 0.0661412 0.000606115 0.000535057
 0.761544 0.198212 0.0310453 0.00904378 0.000155616
 0.83306 0.143111 0.0199611 0.00298552 0.000882477
 0.282178 0.650558 0.0580624 0.00771165 0.00149036
 0.814846 0.0763639 0.0989809 0.00847035 0.00133936
 0.658328 0.303068 0.0163012 0.0202959 0.00200709
 0.438309 0.433378 0.114342 0.00590673 0.00806388
 0.798757 0.115745 0.0665524 0.0168862 0.00205874
 0.743535 0.224834 0.0185136 0.010216 0.00290164
 0.332431 0.555029 0.0991232 0.00785943 0.00555729
 0.437957 0.257671 0.254649 0.0438057 0.00591709
 0.904692 0.0570303 0.0179914 0.016979 0.00330705
pobs_RECLAS
 0 0 0 0 0
 0 0 0 0 0
 0 0 0 0 0
 0 0 0 0 0
 0 0 0 0 0
 0 0 0 0 0
 0 0 0 0 0
 0 0 0 0 0
 0 0 0 0 0
 0 0 0 0 0
 0.991045 0.00858322 0.000360255 1.14367e-05 0
 0.934742 0.0480273 0.0164251 0.00080598 0
 0.827803 0.169806 0.00239088 0 0
 0.941827 0.0461693 0.0120037 0 0
 0.791401 0.0380133 0.147996 0.0225897 0
 0.846168 0.0940531 0.0597789 0 0
 0.134021 0.677848 0.182769 0.00536245 0
 0.80878 0.0450904 0.141981 0.00414843 0
 0.846168 0.0940531 0.0597789 0 0
 0.905697 0.0802665 0.012482 0.00150086 5.37128e-05
 0.989698 0.0102097 9.19794e-05 0 0
 0.975433 0.0193895 0.00387452 0.00125025 5.28907e-05
 0.303575 0.632131 0.0575291 0.00676475 0
 0.966965 0.00978017 0.0227588 0.000495775 0
 0.843318 0.132988 0.00938335 0.0141283 0.000182051
 0.564624 0.303363 0.111486 0.0197234 0.00080311
 0.826376 0.0876187 0.0782897 0.00655872 0.00115652
 0.89761 0.0855135 0.0140674 0.00269457 0.000114338
 0.34875 0.467042 0.161289 0.0227151 0.000203297
 0.318654 0.224769 0.449479 0.00709798 0
 0.937255 0.0296025 0.0250945 0.00804832 0
ppred_RECLAS
 0.541943 0.162971 0.264631 0.0304549 8.94784e-07
 0.636391 0.216822 0.053353 0.0838402 0.00959442
 0.783115 0.152214 0.0392359 0.00928119 0.0161537
 0.767525 0.192954 0.0280876 0.00695602 0.00447814
 0.773966 0.1879 0.0319214 0.00442392 0.00178819
 0.947991 0.0424733 0.00797772 0.00130517 0.000252391
 0.453781 0.523632 0.0185677 0.00336611 0.00065324
 0.48354 0.278247 0.228788 0.00775709 0.00166822
 0.737705 0.139963 0.0668665 0.0532829 0.00218232
 0.888946 0.0895015 0.0117642 0.00536583 0.00442225
 0.93136 0.0639075 0.00385964 0.000478048 0.000394672
 0.879915 0.113331 0.00630304 0.000368173 8.27257e-05
 0.831008 0.154452 0.0137582 0.000730099 5.18805e-05
 0.829116 0.149826 0.0193217 0.00164336 9.27998e-05
 0.884312 0.10312 0.0110989 0.00134881 0.00012033
 0.977662 0.0206357 0.00152598 0.000155564 2.04489e-05
 0.436119 0.555056 0.0081818 0.000577759 6.62056e-05
 0.976457 0.0122356 0.0111377 0.000157063 1.22826e-05
 0.701368 0.293309 0.00281778 0.00246871 3.7309e-05
 0.782188 0.166206 0.0507265 0.000467068 0.000412816
 0.817983 0.151308 0.0236635 0.00692652 0.000119331
 0.876381 0.105997 0.0147491 0.00221647 0.00065596
 0.353521 0.585884 0.0522686 0.00697593 0.00134983
 0.858955 0.0581543 0.0753823 0.00648246 0.00102629
 0.727337 0.241777 0.0130046 0.0162707 0.00161101
 0.518432 0.371477 0.0980444 0.00508968 0.00695701
 0.846312 0.0883599 0.0507961 0.0129513 0.00158094
 0.799486 0.175723 0.0144787 0.00802887 0.00228324
 0.406174 0.493601 0.0882195 0.00702938 0.00497651
 0.523149 0.218698 0.215805 0.0373021 0.00504479
 0.930205 0.0417422 0.0131508 0.0124706 0.00243191
pobs_PELACES
 0 0 0 0 0
 0 0 0 0 0
 0 0 0 0 0
 0 0 0 0 0
 0 0 0 0 0
 0 0 0 0 0
 0 0 0 0 0
 0 0 0 0 0
 0 0 0 0 0
 0 0 0 0 0
 0 0 0 0 0
 0 0 0 0 0
 0 0 0 0 0
 0 0 0 0 0
 0 0 0 0 0
 0 0 0 0 0
 0.505614 0.472636 0.0217494 0 0
 0 0 0 0 0
 0.443492 0.261883 0.143347 0.151278 0
 0.227955 0.32914 0.350689 0.0885471 0.00366901
 0.970185 0.0296113 0.000203453 0 0
 0.997202 0.00247181 0.000326279 0 0
 0.445219 0.490057 0.0546422 0.010081 0
 0.90214 0.0892962 0.00764917 0.000914606 0
 0 0 0 0 0
 0.581667 0.319106 0.0959925 0.00289975 0.000334073
 0.762889 0.0836404 0.116647 0.0363945 0.000428098
 0.88444 0.0763242 0.0277011 0.0115352 0
 0.521256 0.241999 0.230069 0.00667565 0
 0.616807 0.101726 0.260614 0.0208532 0
 0.833518 0.0704572 0.0857862 0.0102388 0
ppred_PELACES
 0.420548 0.187771 0.350086 0.041594 1.23008e-06
 0.537664 0.258277 0.0726515 0.117835 0.0135729
 0.70976 0.194448 0.0572962 0.0139888 0.0245065
 0.711306 0.233768 0.0386504 0.00987606 0.00639951
 0.700639 0.242688 0.0471787 0.00674886 0.00274582
 0.924018 0.0603616 0.0129978 0.00219512 0.000427273
 0.379938 0.590867 0.0238593 0.00446346 0.000871859
 0.367759 0.318441 0.300984 0.010536 0.00228071
 0.66045 0.168941 0.0919137 0.0755796 0.00311577
 0.86601 0.10502 0.0155698 0.00732446 0.00607575
 0.900555 0.0916061 0.00635154 0.000812156 0.000674907
 0.844975 0.145161 0.00918544 0.000553638 0.000125211
 0.782741 0.196189 0.0199022 0.00108985 7.79504e-05
 0.797068 0.175082 0.025487 0.00223585 0.000127079
 0.856676 0.125886 0.0153415 0.0019233 0.0001727
 0.969945 0.0274676 0.00231216 0.000243228 3.21814e-05
 0.362471 0.626157 0.010517 0.000766389 8.83951e-05
 0.964557 0.017223 0.0179381 0.000261102 2.05524e-05
 0.62942 0.36295 0.00397842 0.00359718 5.47191e-05
 0.71501 0.210385 0.0732893 0.000696441 0.000619575
 0.756988 0.196981 0.0352095 0.0106372 0.000184458
 0.833782 0.139587 0.0221686 0.00343822 0.00102419
 0.272792 0.649892 0.0663882 0.0091459 0.00178131
 0.793984 0.078082 0.115996 0.010297 0.00164089
 0.643385 0.310322 0.0191276 0.0247037 0.00246203
 0.415708 0.435652 0.131853 0.00706588 0.00972157
 0.781588 0.117861 0.0776142 0.0204271 0.00250984
 0.726304 0.235103 0.0222268 0.012724 0.00364217
 0.310963 0.558365 0.114536 0.00942161 0.00671386
 0.419258 0.246457 0.277948 0.0495866 0.00675007
 0.898621 0.0568943 0.0204916 0.0200561 0.00393678
pobs_pel_tallas
 0 0 0 0 0 0 0 0 0 0 0 0 0 0 0 0 0 0 0 0 0 0 0 0 0 0
 0 0 0 0 0 0 0 0 0 0 0 0 0 0 0 0 0 0 0 0 0 0 0 0 0 0
 0 0 0 0 0 0 0 0 0 0 0 0 0 0 0 0 0 0 0 0 0 0 0 0 0 0
 0 0 0 0 0 0 0 0 0 0 0 0 0 0 0 0 0 0 0 0 0 0 0 0 0 0
 0 0 0 0 0 0 0 0 0 0 0 0 0 0 0 0 0 0 0 0 0 0 0 0 0 0
 0 0 0 0 0 0 0 0 0 0 0 0 0 0 0 0 0 0 0 0 0 0 0 0 0 0
 0 0 0 0 0 0 0 0 0 0 0 0 0 0 0 0 0 0 0 0 0 0 0 0 0 0
 0 0 0 0 0 0 0 0 0 0 0 0 0 0 0 0 0 0 0 0 0 0 0 0 0 0
 0 0 0 0 0 0 0 0 0 0 0 0 0 0 0 0 0 0 0 0 0 0 0 0 0 0
 0 0 0 0 0 0 0 0 0 0 0 0 0 0 0 0 0 0 0 0 0 0 0 0 0 0
 0 0 0 0 0 0 0 0 0 0 0 0 0 0 0 0 0 0 0 0 0 0 0 0 0 0
 0 0 0 0 0 0 0 0 0 0 0 0 0 0 0 0 0 0 0 0 0 0 0 0 0 0
 0.00862536 0 0 0.000197151 0.00414017 0.0128641 0.00837892 0.0270097 0.101434 0.158115 0.152841 0.127902 0.109271 0.109419 0.0830992 0.0579132 0.0238553 0.00714673 0.00463305 0.00128148 0.00103504 0.000492878 0.000147863 0.000147863 4.92878e-05 0
 0 0 0 0 0 0 0 0 0 0 0 0 0 0 0 0 0 0 0 0 0 0 0 0 0 0
 0 0 0 0 0 0 0 0.0054083 0.00873648 0.0413646 0.0450493 0.0745869 0.0622846 0.0627006 0.0613931 0.0827291 0.12552 0.122667 0.0946155 0.0697135 0.0546179 0.0294188 0.0215738 0.0213955 0.0102223 0.00600262
 0 0 0 0 0.00359764 0.0251062 0.0480494 0.140153 0.205849 0.193036 0.1447 0.116669 0.0760912 0.0342217 0.00950174 0.001854 0.000860785 0 0 0 0.000165536 0 0.000143464 0 0 0
 0 0 0 0 0 0 0 0.000145254 0.000435761 0.0275982 0.070085 0.0708112 0.156366 0.174668 0.174014 0.160142 0.0824315 0.0480064 0.0283245 0.00493863 0.00203355 0 0 0 0 0
 0 0 0 0 0 0 0 0 0 0 0 0 0 0 0 0 0 0 0 0 0 0 0 0 0 0
 0 0 1.00437e-05 0.000401748 0.00122533 0.00171747 0.00176769 0.0269171 0.070346 0.194647 0.189555 0.159765 0.064822 0.0314167 0.0384472 0.0292271 0.0345202 0.0313363 0.0194345 0.0106764 0.0143323 0.0359363 0.0279516 0.0138201 0.00172751 0
 0 0.0021121 0.0136068 0.0755702 0.200478 0.177729 0.0527432 0.0373336 0.0318909 0.0142505 0.0149659 0.0166563 0.0217959 0.0798694 0.0677717 0.0528807 0.04013 0.0224614 0.0357745 0.0225083 0.00881397 0.00855152 0.00135912 0.000746735 0 0
 0 0 0 0 5.4009e-05 0.00500934 0.000945158 0.0243581 0.138947 0.33067 0.221406 0.137944 0.0707744 0.0437923 0.0131692 0.00525238 0.0047753 0.00276346 9.45158e-05 9.00151e-06 2.25038e-05 9.00151e-06 4.50075e-06 0 0 0
 0.000866109 0.00284123 0.00948549 0.0512746 0.133035 0.25785 0.225252 0.132002 0.0553304 0.0519788 0.0540692 0.017754 0.00435017 0.00159236 0.00146478 0.000404838 0.000125132 0.000115318 0.000107957 0.000100596 0 0 0 0 0 0
 0 0 0 0 0.00144013 0.00171154 0.00461396 0.0210425 0.0478622 0.0707936 0.0888783 0.103762 0.0637923 0.0337046 0.0602308 0.124433 0.169614 0.0934646 0.0462172 0.0250306 0.0313229 0.00938855 0.002487 0.000210481 0 0
 0 0.00764035 0.051015 0.0998891 0.058973 0.0496711 0.0374665 0.0718981 0.12319 0.153886 0.159021 0.0857701 0.0377988 0.023471 0.0147837 0.00900784 0.00315554 0.000888139 0.00291439 0.00214683 0.00393193 0.00274676 0.000635225 9.99891e-05 0 0
 0 0 0 0 0 0 0 0 0 0 0 0 0 0 0 0 0 0 0 0 0 0 0 0 0 0
 0 0 0 0 0 0 0 0 0 0 0 0 0 0 0 0 0 0 0 0 0 0 0 0 0 0
 0 0 0 0 0 0 0 0 0 0 0 0 0 0 0 0 0 0 0 0 0 0 0 0 0 0
 0 0 0 0 0 0 0 0 0 0 0 0 0 0 0 0 0 0 0 0 0 0 0 0 0 0
 0 0 0 0 0 0 0 0 0 0 0 0 0 0 0 0 0 0 0 0 0 0 0 0 0 0
 0 0 0 0 0 0 0 0 0 0 0 0 0 0 0 0 0 0 0 0 0 0 0 0 0 0
 0 0 0 0 0 0 0 0 0 0 0 0 0 0 0 0 0 0 0 0 0 0 0 0 0 0
ppred_pel_tallas
 1.14323e-16 3.464e-05 0.000336713 0.00223758 0.0101717 0.0316481 0.0674303 0.0984204 0.098439 0.0675215 0.0319557 0.0110667 0.00450878 0.00537624 0.00984417 0.0168413 0.0257045 0.0353379 0.0445426 0.0526094 0.0594332 0.0649751 0.0686297 0.0692164 0.0656992 0.0580191
 1.16277e-16 4.42868e-05 0.000430483 0.00286071 0.0130044 0.0404616 0.0862087 0.125829 0.125854 0.0863309 0.0408721 0.0141914 0.00584545 0.00696439 0.0125089 0.0207616 0.0302782 0.0389102 0.044544 0.0463331 0.0452274 0.0432595 0.0421397 0.0422585 0.0427223 0.0421584
 1.07254e-16 5.84621e-05 0.000568272 0.00377637 0.0171668 0.0534125 0.113802 0.166101 0.16612 0.113894 0.0537211 0.0180589 0.00601823 0.00547129 0.00939702 0.0155141 0.0225139 0.0286799 0.0323081 0.0326357 0.0302847 0.0267936 0.0236231 0.02142 0.0199758 0.0186865
 1.03249e-16 5.85894e-05 0.00056951 0.00378459 0.0172042 0.0535289 0.11405 0.166464 0.166486 0.11416 0.0538987 0.0182727 0.00646712 0.00642722 0.0111886 0.0184181 0.0265592 0.0334694 0.0370051 0.0361797 0.0317434 0.0256549 0.0198886 0.0155081 0.0125435 0.0104704
 1.02566e-16 5.77107e-05 0.000560969 0.00372784 0.0169462 0.0527261 0.112339 0.163968 0.163991 0.112454 0.0531103 0.0180561 0.0065147 0.00664774 0.0116264 0.0191524 0.0276367 0.0348617 0.0385993 0.0378098 0.0332397 0.0268798 0.0207422 0.0159212 0.0124812 0.00995051
 1.00684e-16 7.61102e-05 0.000739818 0.00491635 0.022349 0.0695361 0.148154 0.216237 0.216243 0.148183 0.0696317 0.0226252 0.00560999 0.00225512 0.00295713 0.00477652 0.00689244 0.00870665 0.00966361 0.00950512 0.00841413 0.00687896 0.00539045 0.00421131 0.003352 0.0026959
 1.01435e-16 3.12951e-05 0.0003042 0.00202152 0.00918956 0.0285924 0.0609213 0.0889283 0.0889852 0.0611991 0.0295247 0.0118811 0.00877278 0.0150262 0.027944 0.0460236 0.0660045 0.0823884 0.0895913 0.0850369 0.070723 0.0519424 0.0342257 0.0208528 0.0123481 0.00754157
 1.1021e-16 3.02919e-05 0.000294448 0.00195671 0.00889495 0.0276756 0.058967 0.0860706 0.0861017 0.0591191 0.0281874 0.0103782 0.00569871 0.00852548 0.0158441 0.0266172 0.0394328 0.05185 0.0612996 0.0664357 0.0676754 0.0664256 0.0637446 0.0596655 0.0536392 0.0454698
 1.10803e-16 5.44004e-05 0.000528791 0.00351401 0.0159742 0.0497017 0.105895 0.154561 0.154577 0.105976 0.0499715 0.0167554 0.00548171 0.0048466 0.00832121 0.0138479 0.0203676 0.0265267 0.0309939 0.0332023 0.0336522 0.0334392 0.0333929 0.0335353 0.0332136 0.0316705
 1.02239e-16 7.13321e-05 0.000693374 0.00460771 0.020946 0.0651708 0.138854 0.202663 0.202673 0.138903 0.065337 0.0214259 0.00581264 0.00332448 0.0050706 0.00827638 0.0119322 0.0150437 0.0166529 0.0163301 0.0144289 0.0118446 0.00946844 0.00776289 0.0067038 0.00600279
 1.00403e-16 7.41776e-05 0.000721032 0.00479151 0.0217815 0.0677705 0.144392 0.210747 0.210756 0.144436 0.0679151 0.0221991 0.00583919 0.00300632 0.00440905 0.00715768 0.0102708 0.012846 0.0140186 0.0133904 0.0112666 0.00845531 0.00579623 0.00378004 0.0024766 0.0017036
 1.00379e-16 6.95995e-05 0.000676532 0.00449579 0.0204372 0.0635879 0.135481 0.197742 0.197756 0.13555 0.063817 0.0210988 0.00615553 0.00429658 0.00693534 0.0113306 0.0162569 0.0203191 0.0221455 0.0211017 0.0176696 0.0131326 0.00882896 0.00554825 0.00341518 0.00215301
 1.00748e-16 6.44734e-05 0.000626704 0.00416467 0.018932 0.0589046 0.125503 0.183179 0.183198 0.125595 0.0592145 0.019827 0.00641055 0.00552703 0.00936379 0.0153588 0.0220721 0.0276558 0.0302691 0.029056 0.0246504 0.018749 0.0131102 0.00875581 0.00583267 0.00397832
 1.01027e-16 6.56535e-05 0.000638175 0.0042409 0.0192785 0.0599827 0.1278 0.186532 0.186549 0.127883 0.0602596 0.0200782 0.00624803 0.00501955 0.008386 0.0137577 0.0198061 0.0248912 0.0273835 0.0265226 0.022858 0.0178655 0.0130599 0.00930085 0.0066891 0.00490507
 1.00698e-16 7.05633e-05 0.000685901 0.00455805 0.0207202 0.0644684 0.137357 0.200479 0.200492 0.137417 0.0646674 0.0212949 0.00600017 0.00383323 0.0060454 0.00987581 0.0142032 0.0178249 0.0195642 0.0188748 0.0161597 0.0124951 0.00898913 0.00627523 0.00443086 0.0032179
 1.00104e-16 7.98931e-05 0.000776589 0.00516071 0.0234598 0.0729923 0.155518 0.226983 0.226986 0.155531 0.0730356 0.0235851 0.00547498 0.00146221 0.00138068 0.00215256 0.00308469 0.00386099 0.00421896 0.00403875 0.00341041 0.00257394 0.0017784 0.00116907 0.00076693 0.000519539
 1.00556e-16 2.98564e-05 0.000290215 0.00192858 0.00876709 0.027278 0.0581209 0.0848417 0.0849019 0.0584151 0.0282655 0.0116176 0.00907739 0.0158752 0.029567 0.0486711 0.0697293 0.0868848 0.09419 0.0889033 0.0731678 0.052665 0.0333634 0.0188498 0.00975373 0.00484588
 1.00552e-16 7.94493e-05 0.000772276 0.00513204 0.0233295 0.0725868 0.154654 0.225722 0.225724 0.154662 0.0726145 0.0234099 0.00533499 0.00121904 0.000938847 0.00145463 0.00215315 0.00284268 0.00338126 0.00369507 0.00380201 0.00376962 0.00364497 0.00342218 0.00307017 0.00258447
 1.00578e-16 5.18445e-05 0.000503947 0.00334891 0.0152237 0.0473667 0.100921 0.147305 0.147339 0.101092 0.047939 0.0168758 0.00749223 0.00953647 0.0171698 0.0282077 0.0404057 0.0503416 0.0545685 0.0515037 0.0423997 0.0305606 0.019452 0.0111477 0.00599461 0.00325308
 1.02344e-16 5.88945e-05 0.000572475 0.0038043 0.0172938 0.0538076 0.114643 0.16733 0.16735 0.114743 0.0541416 0.0182594 0.00623117 0.00588037 0.0101686 0.0167924 0.0243565 0.0309809 0.0347687 0.0348059 0.0316508 0.0268625 0.021985 0.0178112 0.0143621 0.0113397
 1.02165e-16 6.23522e-05 0.000606085 0.00402765 0.0183091 0.0569666 0.121374 0.177153 0.177172 0.121467 0.0572783 0.0192097 0.00628891 0.00554446 0.00944719 0.0155351 0.0224093 0.0282567 0.0312693 0.0306093 0.0268932 0.0217491 0.0168172 0.0129817 0.0102773 0.00829575
 1.01194e-16 6.86775e-05 0.00066757 0.00443624 0.0201665 0.0627456 0.133687 0.195122 0.195136 0.133752 0.0629664 0.0208043 0.00603732 0.00416321 0.00670889 0.0109858 0.0158262 0.0199161 0.0219626 0.0213651 0.0185626 0.014724 0.0110406 0.00817497 0.00618415 0.00479624
 1.03301e-16 2.24697e-05 0.000218413 0.00145144 0.00659806 0.0205293 0.0437422 0.0638562 0.0639188 0.0440481 0.0215561 0.00956309 0.00889185 0.0164535 0.0308336 0.05088 0.0731528 0.091693 0.100428 0.0965374 0.0821337 0.062838 0.0444578 0.0303399 0.0209182 0.0149383
 1.04678e-16 6.53994e-05 0.000635706 0.00422449 0.0192039 0.0597505 0.127305 0.185807 0.185815 0.127343 0.0598775 0.0195726 0.00515784 0.00269941 0.00406142 0.00681049 0.0102687 0.0138786 0.017085 0.0195795 0.0213806 0.0226234 0.0232692 0.0230337 0.0216059 0.0189461
 1.03526e-16 5.29948e-05 0.000515128 0.00342321 0.0155614 0.0484176 0.10316 0.150571 0.150601 0.103306 0.0489076 0.0169764 0.00697349 0.00826054 0.0147489 0.0242635 0.0348674 0.0436873 0.0478428 0.0460333 0.039334 0.0304967 0.0223254 0.0163747 0.0127209 0.0105788
 1.06271e-16 3.42414e-05 0.000332839 0.00221183 0.0100547 0.0312841 0.0666556 0.0972946 0.0973367 0.0668614 0.0319752 0.0120523 0.00723114 0.0113068 0.0209247 0.0346652 0.050226 0.0637652 0.0713551 0.071133 0.0643321 0.0542971 0.0443415 0.0361671 0.0297724 0.0243891
 1.04744e-16 6.43784e-05 0.000625781 0.00415853 0.0189041 0.0588177 0.125318 0.182907 0.182919 0.125374 0.0590062 0.0194498 0.00553311 0.00364273 0.00584186 0.00968102 0.0142329 0.0185141 0.0215546 0.0228922 0.0227921 0.021949 0.0209354 0.0198648 0.0184874 0.0165343
 1.02594e-16 5.98248e-05 0.000581518 0.00386439 0.017567 0.0546575 0.116454 0.169973 0.169996 0.116565 0.055029 0.0186397 0.00655642 0.00645601 0.0112102 0.0184218 0.0264951 0.0332452 0.0364921 0.0352422 0.0302866 0.023674 0.0174928 0.0129032 0.00997651 0.00815976
 1.0553e-16 2.56137e-05 0.000248975 0.00165453 0.00752127 0.0234018 0.0498619 0.0727862 0.0728401 0.0501252 0.0242858 0.0100753 0.00806799 0.0142576 0.0266536 0.0440826 0.0636358 0.0802998 0.0889527 0.087191 0.0767095 0.0620584 0.0478434 0.0365794 0.0284424 0.0223993
 1.142e-16 3.45338e-05 0.000335681 0.00223072 0.0101405 0.0315511 0.0672238 0.0981202 0.0981443 0.067342 0.031949 0.0112948 0.005147 0.00676465 0.0124283 0.0209727 0.0313313 0.0417475 0.0503836 0.0563003 0.0597949 0.0617421 0.0625575 0.0617602 0.058462 0.0522413
 1.03284e-16 7.40183e-05 0.000719484 0.00478122 0.0217347 0.0676249 0.144082 0.210293 0.210299 0.144109 0.0677154 0.0219966 0.00543981 0.00216187 0.00282743 0.00459505 0.00670393 0.00863073 0.0099032 0.0103247 0.0100865 0.00961515 0.00927287 0.00914904 0.00907337 0.00878659
pSPR Fmed_Fpbrs
0.305645   0.6 0.325
Fs Fmed_Fpbrs
0.846623   0.316371 0.792899
SSBpbr Bo_Bmed_Bpbrs
1.19754e+06  306146  658649 329324
Ro
91429.6
SPR SPRFo_SPRFmed_SPRFpbrs
652590 199461 212092
Fref
0.316371
Nvult_r0
 108900 5224.67 1621 1528.43 297.683
CTP_r0
 37199.3 2344.98 739.775 698.148 135.98
YTP_r0
391185
Np
 108782 32922.5 8268.06 272.836 104.12
Nvult_p0
 75859.3 24007 6050.14 199.685 76.2047
CTP_p0
 12388.6 5221.11 178.637 53.863 58.7544
 12388.6 5629.99 1452.17 47.9882 18.3147
YTP_p0
 182307 216630
CBA_c0
192604
log_Ro
11.2433
likeval ReclasPelacesDesembMPH_pf_preclas_ppelaces_ptallas_desvR_qrecl_qpela
 14.0881 18.3522 0.0455698 0.00084432 252.716 117.381 105.705 0 29.913 6.70807e-05 0.000180232 0.0117802 8.49138e-16 0 0
q_reclas_q_pelaces
3.19184 6.75296
M
1
N
 101175 28093.3 44414.5 5079.29 0.149038
 85423 29064.3 7009.81 10950.1 1251.49
 95967.9 18636.3 4708.66 1107.23 1924.62
 74251.8 20903.1 3011.61 741.813 476.963
 45503.3 10835.4 1801.45 248.16 100.179
 248667 10574.3 1938.32 315.158 60.8658
 52561.1 64854.7 2267.22 408.714 79.216
 17323.1 9019.67 7208.34 242.841 52.1563
 26354.9 5343.6 2516.68 1994.17 81.5719
 35504.4 4531.89 595.84 270.459 222.625
 52762.8 3350.88 197.076 24.2563 19.9997
 107446 15032.1 825.313 47.9412 10.7584
 87878.2 17448.5 1532.19 80.851 5.73795
 66966.9 15130.1 1949.41 164.992 9.30552
 48070.7 6636.16 710.297 85.8759 7.65159
 253927 5770.29 420.919 42.6705 5.60195
 31599.1 42543.8 617.689 43.3713 4.96361
 457303 5631.08 5017.14 70.3269 5.4926
 244402 105569 996.915 868.374 13.1068
 217200 47365.3 14202 130.007 114.76
 232272 43053 6601.4 1920.87 33.0504
 403133 50070.2 6844.99 1022.7 302.277
 49614.9 79736.7 6954.91 922.598 178.29
 185681 12000.2 15187.9 1298.06 205.241
 149337 47463.5 2493.01 3100.02 306.545
 56073.3 37956.4 9772.67 504.183 688.264
 147898 14867 8350.98 2116.24 257.991
 178535 36683.2 2945.9 1623.41 461.063
 43448.8 49114.9 8551.97 677.166 478.78
 29017.6 12162.9 11767.7 2022.04 273.112
 139432 6241.76 1927.24 1816.72 353.825
pred_Ctot
 14299.1 5896.04 9564.95 1095.36 0.0321428
 22920.3 10974.2 2704.13 4228.98 483.358
 25813.4 7052.13 1820.35 428.539 744.946
 30466.8 11309.2 1656.37 408.348 262.567
 10994.4 3727.32 633.707 87.4005 35.2847
 47043.3 2912.45 546.923 89.0407 17.1974
 18838.1 31406.6 1118.17 201.769 39.1084
 1794.08 1408.47 1156.49 39.0172 8.38057
 9427.17 2583.47 1239.2 982.875 40.2068
 18531.7 2952.24 393.036 178.522 146.953
 7681.27 723.158 43.636 5.37811 4.43464
 40486.4 7587.93 424.009 24.6531 5.53261
 31396.7 8427.48 753.707 39.8105 2.82547
 34232.3 9705.52 1266.7 107.283 6.05094
 22347 3961.59 430.221 52.0542 4.63825
 93061.3 2846.66 211.42 21.4531 2.81659
 10912.6 19971.7 295.45 20.7658 2.37666
 111803 1957.61 1783.44 25.0287 1.95489
 76960.4 45819.9 441.342 384.841 5.8089
 66541.9 20077.9 6142.42 56.2888 49.6898
 63463.7 16518.1 2587.18 753.669 12.9684
 123835 21273.5 2967.22 443.799 131.181
 11113.7 25622.5 2286.81 303.727 58.6984
 36889.8 3457.16 4481.08 383.471 60.6359
 30066.7 13841.5 744.494 926.938 91.6662
 10166.1 10051.8 2652.05 137.001 187.034
 31445.2 4556.62 2620.01 664.77 81.0475
 29143.1 8812.43 725.646 400.419 113.731
 6713.22 11208.4 2001.72 158.716 112.226
 7953.99 4679.72 4624.84 795.581 107.464
 37199.3 2344.98 739.775 698.148 135.98
F
 0.24734 0.388219 0.400217 0.400869 0.400903
 0.522502 0.820107 0.845452 0.846829 0.846902
 0.524115 0.822638 0.848061 0.849443 0.849515
 0.924648 1.45131 1.49616 1.49859 1.49872
 0.459355 0.720993 0.743274 0.744485 0.744549
 0.343963 0.539876 0.556561 0.557467 0.557515
 0.76257 1.19691 1.2339 1.23591 1.23602
 0.176142 0.276469 0.285013 0.285477 0.285501
 0.760513 1.19368 1.23057 1.23258 1.23268
 1.36043 2.1353 2.20129 2.20488 2.20507
 0.255621 0.401216 0.413616 0.414289 0.414325
 0.81773 1.28349 1.32315 1.32531 1.32542
 0.759267 1.19173 1.22856 1.23056 1.23066
 1.31166 2.05876 2.12238 2.12584 2.12602
 1.11995 1.75785 1.81217 1.81513 1.81528
 0.786512 1.23449 1.27264 1.27472 1.27482
 0.724828 1.13767 1.17283 1.17474 1.17484
 0.46598 0.731391 0.753994 0.755222 0.755287
 0.640927 1.00598 1.03707 1.03876 1.03885
 0.618388 0.970608 1.0006 1.00223 1.00232
 0.534484 0.838914 0.86484 0.866249 0.866323
 0.620536 0.973979 1.00408 1.00571 1.0058
 0.419369 0.658232 0.678574 0.679679 0.679738
 0.364067 0.57143 0.58909 0.59005 0.5901
 0.369763 0.580371 0.598307 0.599282 0.599333
 0.327515 0.51406 0.529947 0.53081 0.530856
 0.394201 0.618729 0.63785 0.638889 0.638944
 0.290625 0.456157 0.470255 0.471021 0.471061
 0.273198 0.428805 0.442056 0.442777 0.442815
 0.53664 0.842297 0.868328 0.869742 0.869817
 0.518813 0.814317 0.839483 0.840851 0.840923
YTP_r0W_actual
 308754 33064.2 20417.8 23876.6 5072.05
YTP_p0W_proyectada
 92790.8 81814.8 4131.88 1581.96 1987.66
 92790.8 88221.9 33588.6 1409.41 619.585
CTP_r0_actual
 37199.3 2344.98 739.775 698.148 135.98
CTP_p0_proyectada
 12388.6 5221.11 178.637 53.863 58.7544
 12388.6 5629.99 1452.17 47.9882 18.3147
Wmedp
 7.49 15.67 23.13 29.37 33.83
Frms_r0
 0.518813 0.814317 0.839483 0.840851 0.840923
Zrms_r0
 1.51881 1.81432 1.83948 1.84085 1.84092
nmprior
 8.19 8.8 8.5 0
nm_flota  nm_reclas  nm_pelaces    nm_pelaL
inf 20.0264 9.3021 18.1617
cv_recla  cv_pelaces  cv_mph
0.339509 0.404795 0.896724
 ------------------------------------------------
Talla a la edad & desviaci?n 
 8 13.2811 15.8009 17.003 17.5766
 0.8 1.32811 1.58009 1.7003 1.75766
