years
 1991 1992 1993 1994 1995 1996 1997 1998 1999 2000 2001 2002 2003 2004 2005 2006 2007 2008 2009 2010 2011 2012 2013 2014 2015 2016 2017 2018 2019 2020 2021
reclasobs
 0 0 0 0 0 0 0 0 0 252601 567819 844713 477998 351125 339783 2.1784e+06 2.13404e+06 4.81314e+06 1.55562e+06 2.62356e+06 3.21686e+06 3.843e+06 1.13348e+06 3.07943e+06 1.97215e+06 2.03268e+06 2.025e+06 2.42433e+06 2.27542e+06 1.05018e+06 2.36338e+06
reclaspred
 3.28162e+06 1.84522e+06 935423 947917 952636 1.49654e+06 955535 847716 616733 448735 506732 646919 638100 500278 502889 1.17812e+06 1.09578e+06 2.78094e+06 2.35925e+06 1.83523e+06 3.15224e+06 2.55978e+06 2.07549e+06 3.10656e+06 2.32929e+06 2.06475e+06 2.41378e+06 2.55993e+06 2.10424e+06 1.3408e+06 1.88983e+06
pelacesobs
 0 0 0 0 0 0 0 0 0 0 0 0 0 0 0 552880 188675 0 991730 2.46772e+06 1.41603e+06 1.21717e+06 2.29649e+06 1.80582e+06 0 1.4828e+06 1.56532e+06 1.57751e+06 1.42118e+06 867257 1.10002e+06
pelacespred
 1.83612e+06 1.15019e+06 584501 484283 505235 820499 490175 531911 375717 259433 301821 321470 347989 288232 297066 573369 533322 1.57224e+06 1.37065e+06 991891 1.64229e+06 1.46311e+06 1.17872e+06 1.92561e+06 1.39686e+06 1.23239e+06 1.63833e+06 1.71501e+06 1.16092e+06 839891 1.18328e+06
mphobs
 0 0 0 0 0 0 0 0 0 0 0 498337 0 5186 125008 0 168611 109162 213762 579715 649985 157893 87575 83554 0 0 0 0 0 0 0
mphpred
 498400 333967 167176 91337.8 101966 115986 152329 96403.1 85023.3 58660 38698.9 60149.2 64483.7 54842.2 37520.4 46696.6 133147 122482 280422 217329 244018 287792 275884 232192 312272 257489 212340 222817 310409 212591 130712
desembarqueobs
 494567 514787 250237 358949 120608 361735 552515 73892 212993 205616 52469 317467 293654 387597 252695 516296 358380 742168 942051 627588 828172 859565 418607 520667 417249 300574 415391 372974 316634 284311 391294
desembarquepred
 494574 513429 250926 358977 120613 361750 552569 73896.2 213042 205662 52471.6 317536 293709 387643 252694 516280 358429 742073 941866 627446 828263 859583 418609 520696 417249 300576 415394 372960 316627 284321 391300
Reclutas
 204047 115176 114660 199240 159432 268719 111688 51217.6 47715.3 62911.6 115883 152599 127682 89367.7 88791.2 433308 90199 765860 434854 357527 472871 670259 146593 400120 344501 155424 339676 384842 114968 85197.4 318168
log_desv_Rt
 0.109631 -0.462255 -0.466742 0.0857925 -0.137101 0.384948 -0.49301 -1.27263 -1.34346 -1.06699 -0.456137 -0.180901 -0.359171 -0.715957 -0.72243 0.862733 -0.706699 1.43228 0.866294 0.670495 0.950106 1.29895 -0.221054 0.783048 0.63338 -0.16256 0.619274 0.744116 -0.464061 -0.763746 0.553861
SSB
 3.33732e+06 2.23627e+06 1.11942e+06 611605 682772 776652 1.02001e+06 645523 569323 392792 259131 402764 431788 367228 251240 312684 891564 820152 1.87773e+06 1.45525e+06 1.63397e+06 1.92708e+06 1.84734e+06 1.55478e+06 2.091e+06 1.72416e+06 1.42184e+06 1.492e+06 2.07852e+06 1.42353e+06 875261
BT
 4.48632e+06 3.05673e+06 1.54503e+06 1.37462e+06 1.21417e+06 2.12603e+06 1.58215e+06 1.24312e+06 1.04426e+06 773843 714388 979270 1.03824e+06 1.04229e+06 911980 1.69174e+06 1.46352e+06 4.14176e+06 3.93786e+06 2.75676e+06 4.30733e+06 4.04699e+06 2.97585e+06 4.75063e+06 3.48031e+06 2.99699e+06 4.05458e+06 4.1748e+06 2.83366e+06 2.13661e+06 2.99994e+06
Ftot
 0.126738 0.230134 0.223918 0.332756 0.110942 0.217415 0.476218 0.0759658 0.297778 0.39148 0.0959588 0.428774 0.400894 0.66435 0.454665 0.410035 0.277183 0.249992 0.345827 0.299 0.232853 0.296587 0.171625 0.153021 0.155713 0.125744 0.156356 0.133864 0.125781 0.179285 0.19167
BD_Bspro_t
 0.979926 0.85334 0.700044 0.613577 0.608947 0.682089 0.673076 0.5175 0.572963 0.531162 0.498152 0.688937 0.574366 0.48615 0.380184 0.433337 0.577386 0.546789 0.673611 0.584235 0.565667 0.604498 0.62305 0.620302 0.714704 0.722886 0.730079 0.760826 0.802027 0.740861 0.676797
BD_Bspro
 2.55698 1.71338 0.857678 0.468598 0.523125 0.595054 0.781508 0.494585 0.436203 0.300948 0.19854 0.308589 0.330826 0.281362 0.192494 0.239572 0.683097 0.628383 1.43867 1.11498 1.25191 1.47648 1.41539 1.19123 1.60208 1.32102 1.08938 1.14314 1.59252 1.09067 0.670605
BD_Bo
 1.70796 1.14447 0.572893 0.313004 0.349425 0.397471 0.522014 0.330362 0.291365 0.201021 0.132616 0.206124 0.220978 0.187938 0.128578 0.160024 0.45628 0.419733 0.960973 0.744761 0.836222 0.986229 0.945421 0.795695 1.07012 0.882384 0.727664 0.763567 1.06373 0.728525 0.447936
BD_Brms
 3.10538 2.08085 1.04162 0.569098 0.635319 0.722675 0.949117 0.600659 0.529755 0.365493 0.241121 0.374772 0.401779 0.341705 0.233778 0.290953 0.8296 0.763151 1.74722 1.35411 1.5204 1.79314 1.71895 1.44672 1.94567 1.60433 1.32302 1.3883 1.93406 1.32459 0.81443
Sel_flota
 0.815215 1 1 1 1
 0.815215 1 1 1 1
 0.815215 1 1 1 1
 0.815215 1 1 1 1
 0.815215 1 1 1 1
 0.815215 1 1 1 1
 0.815215 1 1 1 1
 0.815215 1 1 1 1
 0.815215 1 1 1 1
 0.815215 1 1 1 1
 0.815215 1 1 1 1
 0.815215 1 1 1 1
 0.815215 1 1 1 1
 0.815215 1 1 1 1
 0.815215 1 1 1 1
 0.815215 1 1 1 1
 0.815215 1 1 1 1
 0.815215 1 1 1 1
 0.815215 1 1 1 1
 0.815215 1 1 1 1
 0.815215 1 1 1 1
 0.815215 1 1 1 1
 0.815215 1 1 1 1
 0.815215 1 1 1 1
 0.815215 1 1 1 1
 0.815215 1 1 1 1
 0.815215 1 1 1 1
 0.815215 1 1 1 1
 0.815215 1 1 1 1
 0.815215 1 1 1 1
 0.815215 1 1 1 1
Sel_reclas
 1 1 1 1 1
 1 1 1 1 1
 1 1 1 1 1
 1 1 1 1 1
 1 1 1 1 1
 1 1 1 1 1
 1 1 1 1 1
 1 1 1 1 1
 1 1 1 1 1
 1 1 1 1 1
 1 1 1 1 1
 1 1 1 1 1
 1 1 1 1 1
 1 1 1 1 1
 1 1 1 1 1
 1 1 1 1 1
 1 1 1 1 1
 1 1 1 1 1
 1 1 1 1 1
 1 1 1 1 1
 1 1 1 1 1
 1 1 1 1 1
 1 1 1 1 1
 1 1 1 1 1
 1 1 1 1 1
 1 1 1 1 1
 1 1 1 1 1
 1 1 1 1 1
 1 1 1 1 1
 1 1 1 1 1
 1 1 1 1 1
Sel_pelaces
 1 1 1 1 1
 1 1 1 1 1
 1 1 1 1 1
 1 1 1 1 1
 1 1 1 1 1
 1 1 1 1 1
 1 1 1 1 1
 1 1 1 1 1
 1 1 1 1 1
 1 1 1 1 1
 1 1 1 1 1
 1 1 1 1 1
 1 1 1 1 1
 1 1 1 1 1
 1 1 1 1 1
 1 1 1 1 1
 1 1 1 1 1
 1 1 1 1 1
 1 1 1 1 1
 1 1 1 1 1
 1 1 1 1 1
 1 1 1 1 1
 1 1 1 1 1
 1 1 1 1 1
 1 1 1 1 1
 1 1 1 1 1
 1 1 1 1 1
 1 1 1 1 1
 1 1 1 1 1
 1 1 1 1 1
 1 1 1 1 1
pf_obs 
 0.8446 0.082 0.0669 0.0065 0
 0.8095 0.147 0.0364 0.0071 0
 0.9664 0.0169 0.016 0.0007 0
 0.9276 0.0648 0.0075 0.0001 0
 0.7033 0.2144 0.0806 0.0017 0
 0.9318 0.0425 0.0243 0.0014 0
 0.5671 0.3108 0.0964 0.0239 0.0018
 0.0768 0.2599 0.5324 0.112 0.0189
 0.490249 0.384438 0.106611 0.0170017 0.00170017
 0.7925 0.1577 0.0466 0.003 0.0002
 0.840416 0.127587 0.0312969 0.00059994 9.999e-05
 0.8084 0.0986 0.0794 0.0134 0.0002
 0.7335 0.1905 0.0724 0.0035 0.0001
 0.4001 0.4547 0.1325 0.0127 0
 0.49795 0.308269 0.164784 0.0264974 0.00249975
 0.9179 0.0499 0.0305 0.0017 0
 0.2467 0.6533 0.0926 0.0074 0
 0.9418 0.0223 0.034 0.0019 0
 0.707729 0.231977 0.0356964 0.0245975 0
 0.517169 0.277429 0.184464 0.0207286 0.00020938
 0.811772 0.124168 0.05621 0.00726502 0.000585176
 0.764997 0.148141 0.077277 0.00933861 0.000247198
 0.163321 0.427699 0.378323 0.0303852 0.000271297
 0.753843 0.0900009 0.118128 0.0371064 0.000921714
 0.721811 0.176058 0.0630433 0.0369309 0.00215725
 0.143369 0.312575 0.442814 0.0836902 0.0175525
 0.692698 0.0596174 0.167031 0.0765114 0.00414204
 0.394062 0.376323 0.152708 0.0712218 0.00568511
 0.125707 0.32114 0.495352 0.0537591 0.00404204
 0.23352 0.215282 0.420074 0.123614 0.00750983
 0.796117 0.104755 0.0508955 0.0450114 0.00322123
pf_pred 
 0.446724 0.120526 0.40878 0.0239695 7.87712e-07
 0.414152 0.293543 0.0636758 0.215965 0.0126639
 0.56022 0.207032 0.11662 0.0252973 0.0908302
 0.744586 0.157244 0.0462149 0.0260325 0.0259226
 0.648834 0.276635 0.0458848 0.0134858 0.0151608
 0.743179 0.178856 0.061418 0.0101873 0.00636006
 0.471492 0.414505 0.0793937 0.0272634 0.00734534
 0.446825 0.29651 0.201301 0.0385569 0.0168074
 0.52872 0.235527 0.126367 0.0857908 0.0235953
 0.692283 0.180698 0.0634787 0.0340582 0.0294815
 0.807726 0.142772 0.0290691 0.0102119 0.0102217
 0.731887 0.224919 0.0320731 0.00653027 0.00459033
 0.678191 0.250533 0.0597934 0.00852646 0.00295635
 0.621697 0.276188 0.0794979 0.0189734 0.00364367
 0.728164 0.186286 0.0624578 0.0179778 0.00511467
 0.92602 0.057392 0.0113677 0.00381135 0.00140917
 0.382396 0.581448 0.0280487 0.00555563 0.00255138
 0.913442 0.0380191 0.0456971 0.0022044 0.000637145
 0.595369 0.376353 0.012421 0.0149294 0.000928342
 0.616928 0.249887 0.123878 0.0040884 0.00521963
 0.718659 0.18887 0.0603211 0.0299033 0.0022469
 0.747497 0.192599 0.0402144 0.0128436 0.00684547
 0.330516 0.528641 0.10743 0.0224312 0.0109824
 0.728668 0.103544 0.132489 0.0269244 0.00837419
 0.627443 0.286911 0.0326839 0.0418205 0.0111421
 0.437075 0.381422 0.139778 0.015923 0.0258024
 0.727305 0.133961 0.094002 0.0344485 0.0102833
 0.688987 0.239156 0.0352999 0.0247703 0.0117872
 0.353595 0.474374 0.132285 0.0195255 0.0202211
 0.427459 0.231802 0.250057 0.0697311 0.0209516
 0.824327 0.0848416 0.0367744 0.0396706 0.0143865
pobs_RECLAS
 0 0 0 0 0
 0 0 0 0 0
 0 0 0 0 0
 0 0 0 0 0
 0 0 0 0 0
 0 0 0 0 0
 0 0 0 0 0
 0 0 0 0 0
 0 0 0 0 0
 0 0 0 0 0
 0.991045 0.00858322 0.000360255 1.14367e-05 0
 0.934742 0.0480273 0.0164251 0.00080598 0
 0.827803 0.169806 0.00239088 0 0
 0.941827 0.0461693 0.0120037 0 0
 0.791401 0.0380133 0.147996 0.0225897 0
 0.846168 0.0940531 0.0597789 0 0
 0.134021 0.677848 0.182769 0.00536245 0
 0.80878 0.0450904 0.141981 0.00414843 0
 0.846168 0.0940531 0.0597789 0 0
 0.905697 0.0802665 0.012482 0.00150086 5.37128e-05
 0.989698 0.0102097 9.19794e-05 0 0
 0.975433 0.0193895 0.00387452 0.00125025 5.28907e-05
 0.303575 0.632131 0.0575291 0.00676475 0
 0.966965 0.00978017 0.0227588 0.000495775 0
 0.843318 0.132988 0.00938335 0.0141283 0.000182051
 0.564624 0.303363 0.111486 0.0197234 0.00080311
 0.826376 0.0876187 0.0782897 0.00655872 0.00115652
 0.89761 0.0855135 0.0140674 0.00269457 0.000114338
 0.34875 0.467042 0.161289 0.0227151 0.000203297
 0.318654 0.224769 0.449479 0.00709798 0
 0.937255 0.0296025 0.0250945 0.00804832 0
ppred_RECLAS
 0.49813 0.109328 0.370799 0.0217425 7.14524e-07
 0.46547 0.26783 0.0580981 0.197047 0.0115546
 0.610737 0.183251 0.103224 0.0223914 0.0803967
 0.782575 0.133857 0.0393411 0.0221605 0.022067
 0.69425 0.240858 0.0399505 0.0117417 0.0132001
 0.780876 0.152603 0.052403 0.00869196 0.00542652
 0.525056 0.372495 0.0713472 0.0245003 0.00660089
 0.498005 0.269076 0.182676 0.0349896 0.0152524
 0.580538 0.20963 0.112473 0.0763579 0.0210009
 0.735566 0.155281 0.0545499 0.0292676 0.0253347
 0.837695 0.120518 0.0245381 0.00862017 0.00862845
 0.771608 0.191598 0.0273216 0.00556282 0.00391028
 0.72271 0.215874 0.0515216 0.00734691 0.00254737
 0.671901 0.239535 0.0689478 0.0164554 0.00316012
 0.768383 0.158724 0.0532169 0.0153179 0.00435793
 0.939335 0.0470625 0.0093217 0.00312538 0.00115554
 0.432936 0.533867 0.0257534 0.00510099 0.00234259
 0.928596 0.0313631 0.0376969 0.00181847 0.000525599
 0.645041 0.330152 0.0108962 0.0130967 0.000814379
 0.665195 0.218401 0.108269 0.00357326 0.00456195
 0.758846 0.161891 0.0517048 0.0256319 0.00192595
 0.785036 0.163966 0.0342359 0.0109342 0.00582778
 0.377879 0.491242 0.0998297 0.0208442 0.0102054
 0.767599 0.0886873 0.113479 0.0230612 0.00717264
 0.67442 0.250733 0.0285626 0.0365472 0.00973712
 0.488346 0.346682 0.127047 0.0144727 0.0234524
 0.766381 0.114765 0.080532 0.0295122 0.00880977
 0.731442 0.206509 0.0304812 0.021389 0.0101782
 0.402067 0.438802 0.122365 0.0180613 0.0187047
 0.478817 0.211009 0.227626 0.0634761 0.0190722
 0.85241 0.0712786 0.0308956 0.0333287 0.0120866
pobs_PELACES
 0 0 0 0 0
 0 0 0 0 0
 0 0 0 0 0
 0 0 0 0 0
 0 0 0 0 0
 0 0 0 0 0
 0 0 0 0 0
 0 0 0 0 0
 0 0 0 0 0
 0 0 0 0 0
 0 0 0 0 0
 0 0 0 0 0
 0 0 0 0 0
 0 0 0 0 0
 0 0 0 0 0
 0 0 0 0 0
 0.505614 0.472636 0.0217494 0 0
 0 0 0 0 0
 0.443492 0.261883 0.143347 0.151278 0
 0.227955 0.32914 0.350689 0.0885471 0.00366901
 0.970185 0.0296113 0.000203453 0 0
 0.997202 0.00247181 0.000326279 0 0
 0.445219 0.490057 0.0546422 0.010081 0
 0.90214 0.0892962 0.00764917 0.000914606 0
 0 0 0 0 0
 0.581667 0.319106 0.0959925 0.00289975 0.000334073
 0.762889 0.0836404 0.116647 0.0363945 0.000428098
 0.88444 0.0763242 0.0277011 0.0115352 0
 0.521256 0.241999 0.230069 0.00667565 0
 0.616807 0.101726 0.260614 0.0208532 0
 0.833518 0.0704572 0.0857862 0.0102388 0
ppred_PELACES
 0.500062 0.108907 0.369372 0.0216588 7.11773e-07
 0.468963 0.26608 0.0577184 0.195759 0.0114791
 0.613978 0.181725 0.102364 0.022205 0.0797273
 0.786008 0.131743 0.03872 0.0218107 0.0217186
 0.695684 0.239728 0.0397632 0.0116866 0.0131381
 0.783136 0.151029 0.0518625 0.00860231 0.00537055
 0.532292 0.36682 0.0702603 0.024127 0.00650033
 0.499163 0.268456 0.182255 0.0349088 0.0152172
 0.584953 0.207424 0.111289 0.0755542 0.0207799
 0.740183 0.15257 0.0535975 0.0287566 0.0248923
 0.838489 0.119928 0.0244181 0.008578 0.00858624
 0.776183 0.18776 0.0267743 0.00545139 0.00383195
 0.727582 0.212081 0.0506163 0.00721782 0.00250261
 0.680769 0.233061 0.0670843 0.0160107 0.00307471
 0.773281 0.155368 0.0520916 0.014994 0.00426578
 0.940744 0.0459692 0.00910515 0.00305277 0.0011287
 0.437091 0.529956 0.0255647 0.00506362 0.00232543
 0.9296 0.030922 0.0371667 0.0017929 0.000518207
 0.649854 0.325675 0.0107484 0.0129191 0.000803336
 0.669244 0.21576 0.10696 0.00353005 0.00450679
 0.761435 0.160153 0.0511497 0.0253567 0.00190528
 0.788072 0.16165 0.0337523 0.0107798 0.00574546
 0.380342 0.489296 0.0994344 0.0207617 0.010165
 0.76926 0.0880536 0.112669 0.0228964 0.00712139
 0.676501 0.24913 0.02838 0.0363136 0.00967486
 0.490262 0.345384 0.126571 0.0144185 0.0233645
 0.768083 0.113929 0.0799451 0.0292971 0.00874556
 0.733043 0.205279 0.0302995 0.0212615 0.0101175
 0.403913 0.437448 0.121987 0.0180056 0.018647
 0.481545 0.209904 0.226435 0.0631438 0.0189724
 0.853875 0.0705714 0.030589 0.032998 0.0119667
pobs_pel_tallas
 0 0 0 0 0 0 0 0 0 0 0 0 0 0 0 0 0 0 0 0 0 0 0 0 0 0
 0 0 0 0 0 0 0 0 0 0 0 0 0 0 0 0 0 0 0 0 0 0 0 0 0 0
 0 0 0 0 0 0 0 0 0 0 0 0 0 0 0 0 0 0 0 0 0 0 0 0 0 0
 0 0 0 0 0 0 0 0 0 0 0 0 0 0 0 0 0 0 0 0 0 0 0 0 0 0
 0 0 0 0 0 0 0 0 0 0 0 0 0 0 0 0 0 0 0 0 0 0 0 0 0 0
 0 0 0 0 0 0 0 0 0 0 0 0 0 0 0 0 0 0 0 0 0 0 0 0 0 0
 0 0 0 0 0 0 0 0 0 0 0 0 0 0 0 0 0 0 0 0 0 0 0 0 0 0
 0 0 0 0 0 0 0 0 0 0 0 0 0 0 0 0 0 0 0 0 0 0 0 0 0 0
 0 0 0 0 0 0 0 0 0 0 0 0 0 0 0 0 0 0 0 0 0 0 0 0 0 0
 0 0 0 0 0 0 0 0 0 0 0 0 0 0 0 0 0 0 0 0 0 0 0 0 0 0
 0 0 0 0 0 0 0 0 0 0 0 0 0 0 0 0 0 0 0 0 0 0 0 0 0 0
 0 0 0 0 0 0 0 0 0 0 0 0 0 0 0 0 0 0 0 0 0 0 0 0 0 0
 0.00862536 0 0 0.000197151 0.00414017 0.0128641 0.00837892 0.0270097 0.101434 0.158115 0.152841 0.127902 0.109271 0.109419 0.0830992 0.0579132 0.0238553 0.00714673 0.00463305 0.00128148 0.00103504 0.000492878 0.000147863 0.000147863 4.92878e-05 0
 0 0 0 0 0 0 0 0 0 0 0 0 0 0 0 0 0 0 0 0 0 0 0 0 0 0
 0 0 0 0 0 0 0 0.0054083 0.00873648 0.0413646 0.0450493 0.0745869 0.0622846 0.0627006 0.0613931 0.0827291 0.12552 0.122667 0.0946155 0.0697135 0.0546179 0.0294188 0.0215738 0.0213955 0.0102223 0.00600262
 0 0 0 0 0.00359764 0.0251062 0.0480494 0.140153 0.205849 0.193036 0.1447 0.116669 0.0760912 0.0342217 0.00950174 0.001854 0.000860785 0 0 0 0.000165536 0 0.000143464 0 0 0
 0 0 0 0 0 0 0 0.000145254 0.000435761 0.0275982 0.070085 0.0708112 0.156366 0.174668 0.174014 0.160142 0.0824315 0.0480064 0.0283245 0.00493863 0.00203355 0 0 0 0 0
 0 0 0 0 0 0 0 0 0 0 0 0 0 0 0 0 0 0 0 0 0 0 0 0 0 0
 0 0 1.00437e-05 0.000401748 0.00122533 0.00171747 0.00176769 0.0269171 0.070346 0.194647 0.189555 0.159765 0.064822 0.0314167 0.0384472 0.0292271 0.0345202 0.0313363 0.0194345 0.0106764 0.0143323 0.0359363 0.0279516 0.0138201 0.00172751 0
 0 0.0021121 0.0136068 0.0755702 0.200478 0.177729 0.0527432 0.0373336 0.0318909 0.0142505 0.0149659 0.0166563 0.0217959 0.0798694 0.0677717 0.0528807 0.04013 0.0224614 0.0357745 0.0225083 0.00881397 0.00855152 0.00135912 0.000746735 0 0
 0 0 0 0 5.4009e-05 0.00500934 0.000945158 0.0243581 0.138947 0.33067 0.221406 0.137944 0.0707744 0.0437923 0.0131692 0.00525238 0.0047753 0.00276346 9.45158e-05 9.00151e-06 2.25038e-05 9.00151e-06 4.50075e-06 0 0 0
 0.000866109 0.00284123 0.00948549 0.0512746 0.133035 0.25785 0.225252 0.132002 0.0553304 0.0519788 0.0540692 0.017754 0.00435017 0.00159236 0.00146478 0.000404838 0.000125132 0.000115318 0.000107957 0.000100596 0 0 0 0 0 0
 0 0 0 0 0.00144013 0.00171154 0.00461396 0.0210425 0.0478622 0.0707936 0.0888783 0.103762 0.0637923 0.0337046 0.0602308 0.124433 0.169614 0.0934646 0.0462172 0.0250306 0.0313229 0.00938855 0.002487 0.000210481 0 0
 0 0.00764035 0.051015 0.0998891 0.058973 0.0496711 0.0374665 0.0718981 0.12319 0.153886 0.159021 0.0857701 0.0377988 0.023471 0.0147837 0.00900784 0.00315554 0.000888139 0.00291439 0.00214683 0.00393193 0.00274676 0.000635225 9.99891e-05 0 0
 0 0 0 0 0 0 0 0 0 0 0 0 0 0 0 0 0 0 0 0 0 0 0 0 0 0
 0 0 0 0 0 0 0 0 0 0 0 0 0 0 0 0 0 0 0 0 0 0 0 0 0 0
 0 0 0 0 0 0 0 0 0 0 0 0 0 0 0 0 0 0 0 0 0 0 0 0 0 0
 0 0 0 0 0 0 0 0 0 0 0 0 0 0 0 0 0 0 0 0 0 0 0 0 0 0
 0 0 0 0 0 0 0 0 0 0 0 0 0 0 0 0 0 0 0 0 0 0 0 0 0 0
 0 0 0 0 0 0 0 0 0 0 0 0 0 0 0 0 0 0 0 0 0 0 0 0 0 0
 0 0 0 0 0 0 0 0 0 0 0 0 0 0 0 0 0 0 0 0 0 0 0 0 0 0
ppred_pel_tallas
 1.1286e-16 4.11895e-05 0.000400376 0.00266064 0.0120949 0.0376318 0.0801789 0.117026 0.117037 0.0802331 0.0378155 0.0126326 0.00403696 0.00349239 0.00616935 0.0107996 0.0170992 0.0247126 0.033183 0.0421058 0.0510251 0.0590814 0.0648322 0.0666342 0.063467 0.0556096
 1.23309e-16 3.86279e-05 0.000375477 0.00249518 0.0113427 0.0352916 0.0751935 0.109752 0.109778 0.0753193 0.0357145 0.0125657 0.00557077 0.00711001 0.0128925 0.0214309 0.031318 0.0404105 0.0466404 0.0492862 0.0494823 0.0494095 0.0507527 0.0536121 0.0565678 0.0576488
 1.1872e-16 5.05726e-05 0.000491584 0.00326675 0.0148502 0.0462045 0.0984442 0.143686 0.143704 0.0985306 0.0464948 0.0156905 0.00538326 0.00513587 0.00894246 0.0148951 0.0219122 0.0285532 0.0334098 0.0359213 0.0367106 0.0370752 0.0380322 0.0396755 0.0412455 0.0416945
 1.07014e-16 6.47424e-05 0.000629319 0.00418205 0.019011 0.0591503 0.126027 0.183942 0.183955 0.126089 0.0593595 0.0196158 0.00570236 0.0039555 0.0064039 0.0105442 0.0153284 0.0195949 0.022219 0.0227216 0.0215573 0.0197792 0.0183459 0.0176125 0.0173118 0.0168984
 1.04605e-16 5.73026e-05 0.000557002 0.00370147 0.0168264 0.0523532 0.111545 0.162808 0.162831 0.111658 0.0527326 0.0179223 0.00645294 0.00656575 0.0114759 0.0189 0.0272665 0.0343897 0.0380855 0.0373606 0.0330028 0.0270325 0.0214691 0.0173739 0.0147231 0.0129096
 1.03307e-16 6.45059e-05 0.00062702 0.00416677 0.0189415 0.0589343 0.125566 0.183271 0.183285 0.125638 0.0591741 0.019635 0.0059097 0.00443977 0.00732883 0.0120747 0.0175298 0.0223415 0.0251689 0.0253841 0.0234152 0.0203949 0.0174154 0.0149907 0.0130447 0.011259
 1.05642e-16 4.38443e-05 0.000426182 0.00283213 0.0128745 0.0400575 0.085348 0.124575 0.124611 0.0855209 0.0406382 0.0145523 0.00704549 0.00962956 0.0175393 0.0289706 0.0418333 0.0528292 0.0586214 0.0576731 0.0511441 0.0420537 0.0334147 0.0268032 0.022199 0.0187638
 1.11405e-16 4.11155e-05 0.000399657 0.00265586 0.0120732 0.0375643 0.0800357 0.11682 0.116846 0.0801634 0.0379937 0.0133165 0.00578817 0.00727535 0.0132105 0.0220659 0.0324648 0.0422563 0.0492395 0.0523595 0.0522119 0.0503687 0.0481266 0.045747 0.0426731 0.0383034
 1.14359e-16 4.81819e-05 0.000468345 0.00311232 0.0141482 0.0440203 0.0937906 0.136894 0.136915 0.0938891 0.0443515 0.015107 0.005527 0.00576607 0.0101885 0.016978 0.0249569 0.0324705 0.0378796 0.0404901 0.0409338 0.0405937 0.0405422 0.0408582 0.0407646 0.0393064
 1.08683e-16 6.0968e-05 0.00059263 0.00393824 0.0179027 0.0557019 0.118679 0.173219 0.173234 0.118752 0.0559445 0.0186042 0.00570232 0.00445453 0.00742812 0.0122715 0.0178837 0.0229508 0.0261901 0.0270544 0.0260545 0.0243659 0.0230317 0.0223937 0.0220948 0.0214951
 1.03049e-16 6.90653e-05 0.000671339 0.00446128 0.0202804 0.0630998 0.134441 0.196223 0.196235 0.134498 0.0632897 0.0208292 0.00583973 0.00368307 0.00579658 0.00949431 0.0137202 0.0173627 0.0193415 0.0191705 0.0172425 0.0145495 0.0120647 0.0102714 0.00911213 0.00825323
 1.02016e-16 6.39332e-05 0.000621453 0.00412978 0.0187734 0.058411 0.124452 0.181644 0.181663 0.12454 0.058708 0.019631 0.00628253 0.00532102 0.00898953 0.014761 0.0212594 0.026738 0.0294607 0.0286269 0.0248417 0.0196971 0.0148136 0.0110881 0.00858323 0.00690004
 1.02663e-16 5.993e-05 0.000582541 0.00387119 0.0175979 0.0547537 0.116659 0.170272 0.170292 0.116759 0.0550897 0.0185689 0.00631006 0.00591165 0.0101956 0.0167989 0.0242823 0.0307191 0.0341781 0.0337542 0.0300803 0.024849 0.0197535 0.0156876 0.0126722 0.010301
 1.04122e-16 5.60741e-05 0.00054506 0.00362212 0.0164656 0.0512308 0.109153 0.159317 0.15934 0.109264 0.0516005 0.0175342 0.0063071 0.00641541 0.0112314 0.0185483 0.0268763 0.0341374 0.0382423 0.0382153 0.0347389 0.0296167 0.0246129 0.0205974 0.0174999 0.0148318
 1.03769e-16 6.36942e-05 0.00061913 0.00411434 0.0187032 0.0581926 0.123986 0.180965 0.18098 0.12406 0.0584394 0.0194165 0.0059074 0.00454166 0.00753765 0.0124245 0.0180424 0.0230066 0.0259451 0.0262222 0.024288 0.0213124 0.0184116 0.0160916 0.0142394 0.012491
 1.00772e-16 7.74879e-05 0.00075321 0.00500534 0.0227536 0.0707948 0.150836 0.22015 0.220155 0.150858 0.0708676 0.0229639 0.00553348 0.00190693 0.00227096 0.00363793 0.00524783 0.00663069 0.007365 0.00725877 0.00645745 0.00533849 0.00427736 0.0034687 0.00290695 0.00248458
 1.01775e-16 3.60027e-05 0.000349959 0.0023256 0.0105719 0.0328933 0.0700846 0.102301 0.102352 0.0703337 0.0337297 0.0129865 0.00838255 0.0135591 0.0250838 0.0413098 0.0592654 0.0740236 0.080586 0.0766482 0.0639976 0.0473635 0.031676 0.019842 0.0123028 0.00799494
 1.01349e-16 7.65699e-05 0.000744287 0.00494605 0.022484 0.0699562 0.149049 0.217542 0.217545 0.149064 0.0700061 0.022629 0.00531233 0.00155193 0.00163396 0.00264121 0.00393916 0.00524761 0.00632622 0.00704694 0.00743363 0.00758355 0.00754506 0.00726984 0.00667592 0.00575005
 1.01826e-16 5.35277e-05 0.000520308 0.00345763 0.0157179 0.0489045 0.104197 0.152086 0.152117 0.10435 0.0494183 0.0172015 0.00717893 0.00863539 0.0154406 0.0253768 0.0364004 0.0454616 0.049497 0.0471092 0.0394228 0.0293685 0.0199839 0.0130322 0.00872771 0.00634131
 1.04259e-16 5.51248e-05 0.000535832 0.00356079 0.0161869 0.0503635 0.107305 0.15662 0.156641 0.107408 0.0507071 0.0171809 0.00606147 0.00601325 0.0105115 0.0174298 0.0254257 0.0326409 0.0371885 0.0381484 0.0360327 0.0322876 0.0282793 0.0246077 0.0211643 0.0176449
 1.04383e-16 6.27184e-05 0.000609645 0.00405131 0.0184167 0.0573012 0.122087 0.178193 0.178208 0.122163 0.0575555 0.0191519 0.00589948 0.00465278 0.00776681 0.0128082 0.0186044 0.0237361 0.0267999 0.0271555 0.0252831 0.0223971 0.01964 0.0175014 0.0158128 0.0141436
 1.03069e-16 6.49125e-05 0.000630972 0.00419303 0.0190609 0.0593057 0.126358 0.184426 0.184442 0.126434 0.0595618 0.0198007 0.00605094 0.0046901 0.00778374 0.0127914 0.0184821 0.0233742 0.0260038 0.0257004 0.022976 0.0191525 0.0155386 0.0128028 0.0109093 0.00946694
 1.06797e-16 3.13284e-05 0.000304523 0.00202367 0.00919932 0.0286228 0.0609856 0.0890201 0.0890673 0.0612163 0.0293975 0.0114378 0.00764486 0.0125836 0.0233751 0.0386557 0.055826 0.070505 0.0782329 0.0769396 0.0681437 0.0558459 0.0440562 0.0349019 0.0284175 0.023566
 1.06776e-16 6.33629e-05 0.00061591 0.00409294 0.0186059 0.05789 0.123341 0.180022 0.18003 0.123383 0.0580326 0.01902 0.00514036 0.00292875 0.00453321 0.00759656 0.0114112 0.0153445 0.0187742 0.0213871 0.0232783 0.0247019 0.0257049 0.0259943 0.0251481 0.0229594
 1.06162e-16 5.57226e-05 0.000541643 0.00359941 0.0163624 0.0509097 0.108469 0.158319 0.158343 0.108587 0.0513037 0.0175004 0.00645621 0.00677903 0.0119052 0.0196048 0.0282687 0.0356331 0.0394475 0.0387209 0.0343322 0.0284403 0.0231679 0.0195723 0.0175067 0.0161738
 1.09141e-16 4.03823e-05 0.000392531 0.00260851 0.0118579 0.0368945 0.0786089 0.114739 0.114772 0.0787723 0.0374433 0.0134446 0.00659733 0.00912032 0.0166753 0.0276589 0.0402034 0.0513201 0.0579695 0.0587308 0.0545832 0.0480968 0.0417301 0.0366064 0.032499 0.0286343
 1.06755e-16 6.3266e-05 0.000614968 0.00408668 0.0185775 0.0578015 0.123153 0.179747 0.179758 0.123207 0.0579839 0.0191058 0.00541839 0.00354008 0.00567173 0.00941652 0.0138895 0.0181676 0.0213484 0.0230204 0.0234594 0.0233249 0.0231127 0.0228319 0.0221153 0.0205851
 1.04772e-16 6.03798e-05 0.000586913 0.00390025 0.01773 0.0551646 0.117535 0.17155 0.171569 0.117631 0.0554894 0.0186682 0.00625597 0.00573137 0.00983658 0.0161831 0.0233494 0.029462 0.0326633 0.0321237 0.0285423 0.0236667 0.0192221 0.0160806 0.0141543 0.0128436
 1.08594e-16 3.32699e-05 0.000323395 0.00214907 0.00976941 0.0303965 0.0647645 0.0945345 0.0945768 0.064971 0.0310903 0.0117745 0.00718687 0.0113366 0.0209952 0.0347771 0.0503762 0.0639408 0.071547 0.0713669 0.0647033 0.0549842 0.045577 0.038164 0.0326314 0.0280303
 1.16132e-16 3.96643e-05 0.000385551 0.00256212 0.0116471 0.0362384 0.0772106 0.112695 0.112716 0.0773112 0.0365772 0.0126298 0.00504487 0.00585869 0.0105911 0.0178588 0.0266914 0.0356076 0.0430877 0.0484052 0.0519047 0.0544086 0.056285 0.0570282 0.0556658 0.0515495
 1.06236e-16 7.03326e-05 0.000683657 0.00454314 0.0206525 0.0642576 0.136908 0.199822 0.199829 0.136941 0.0643701 0.0209782 0.00536304 0.00248157 0.00350928 0.00575619 0.00844575 0.0109735 0.0127896 0.0136838 0.0139123 0.0139916 0.0143159 0.0148992 0.0154097 0.0154124
pSPR Fmed_Fpbrs
0.65308   0.6 0.325
Fs Fmed_Fpbrs
0.226664   0.275808 0.672162
SSBpbr Bo_Bmed_Bpbrs
1.95398e+06  1.17841e+06  1.07469e+06 537346
Ro
182859
SPR SPRFo_SPRFmed_SPRFpbrs
1.30518e+06 852387 424184
Fref
0.275808
Nvult_r0
 218052 18855.8 8173.01 8816.67 3197.35
CTP_r0
 29466.9 3032.8 1314.56 1418.09 514.268
YTP_r0
391300
Np
 254388 74740.1 27952.8 2296.39 1273.28
Nvult_p0
 179648 53872.3 20148.2 1655.22 917.77
CTP_p0
 32977.7 15600.4 1281.6 555.509 781.26
 32977.7 11646.3 4355.7 357.831 198.406
YTP_p0
 563849 547469
CBA_c0
558935
log_Ro
11.9365
likeval ReclasPelacesDesembMPH_pf_preclas_ppelaces_ptallas_desvR_qrecl_qpela
 16.167 20.8945 0.0744852 0.000813432 240.663 119.183 99.2293 0 23.6745 1.17345e-06 7.77589e-08 0.379376 9.95144e-16 0 0
q_reclas_q_pelaces
0.857699 1.04047
M
1
N
 204047 45310.9 153678 9011.17 0.296134
 115176 67696.2 14684.7 49805.2 2920.51
 114660 35122.9 19784.4 4291.67 15409.3
 199240 35143.3 10328.8 5818.12 5793.56
 159432 55882 9269.01 2724.21 3062.57
 268719 53579.9 18399.1 3051.81 1905.29
 111688 82799.7 15859.3 5446.01 1467.27
 51217.6 27868.2 18919.8 3623.86 1579.69
 47715.3 17710.4 9502.18 6451.04 1774.25
 62911.6 13770.1 4837.4 2595.41 2246.64
 115883 16820.4 3424.72 1203.09 1204.25
 152599 39423.1 5621.69 1144.61 804.58
 127682 39578 9445.89 1346.97 467.03
 89367.7 33876.8 9751.09 2327.24 446.927
 88791.2 19128.4 6413.34 1846.01 525.188
 433308 22547.8 4466.06 1497.38 553.625
 90199 114112 5504.7 1090.32 500.721
 765860 26471.1 31817 1534.83 443.617
 434854 229798 7584.17 9115.79 566.839
 357527 120673 59822.1 1974.34 2520.62
 472871 103076 32920.3 16319.7 1226.25
 670259 143883 30042.4 9594.93 5113.95
 146593 193617 39346.7 8215.51 4022.35
 400120 46887.5 59994.7 12192.1 3792.06
 344501 129933 14801.5 18939.2 5045.9
 155424 111626 40907.2 4660.01 7551.31
 339676 51606.5 36212.8 13270.8 3961.49
 384842 110005 16237 11393.7 5421.79
 114968 126939 35398.3 5224.86 5411
 85197.4 38172.6 41178.8 11483.2 3450.26
 318168 27080.5 11738 12662.4 4592.01
pred_Ctot
 12768.3 3444.89 11683.8 685.101 0.0225145
 12646.2 8963.36 1944.34 6594.49 386.693
 12274.6 4536.13 2555.17 554.27 1990.11
 30590.2 6460.16 1898.67 1069.51 1064.99
 8779.41 3743.17 620.87 182.477 205.142
 27991.2 6736.43 2313.25 383.694 239.546
 23440.4 20607.2 3947.08 1355.41 365.176
 1954.04 1296.69 880.322 168.616 73.5016
 6630.69 2953.75 1584.77 1075.9 295.909
 11150.9 2910.58 1022.48 548.589 474.87
 5547.27 980.522 199.64 70.1329 70.2002
 29273.5 8996.15 1282.84 261.193 183.601
 23105.8 8535.58 2037.14 290.494 100.722
 24676.4 10962.5 3155.43 753.091 144.624
 17913.5 4582.79 1536.52 442.27 125.825
 79966.5 4956.1 981.658 329.13 121.689
 11746 17860.3 861.568 170.652 78.3704
 90752.7 3777.29 4540.12 219.012 63.3019
 69095.4 43677.5 1441.51 1732.63 107.739
 49867.3 20198.8 10013.2 330.473 421.911
 52487 13794 4405.53 2183.98 164.102
 92804.8 23912 4992.78 1594.59 849.892
 12237.8 19573.6 3977.73 830.543 406.637
 29966.4 4258.23 5448.61 1107.26 344.387
 26231.2 11994.7 1366.4 1748.37 465.81
 9652.7 8423.6 3086.96 351.656 569.84
 25965.1 4782.49 3355.92 1229.83 367.119
 25375.3 8808.09 1300.09 912.288 434.121
 7142.18 9581.78 2671.98 394.391 408.441
 7410.96 4018.81 4335.3 1208.95 363.244
 29466.9 3032.8 1314.56 1418.09 514.268
F
 0.103319 0.126738 0.126738 0.126738 0.126738
 0.187609 0.230134 0.230134 0.230134 0.230134
 0.182542 0.223918 0.223918 0.223918 0.223918
 0.271268 0.332756 0.332756 0.332756 0.332756
 0.0904419 0.110942 0.110942 0.110942 0.110942
 0.17724 0.217415 0.217415 0.217415 0.217415
 0.38822 0.476218 0.476218 0.476218 0.476218
 0.0619284 0.0759658 0.0759658 0.0759658 0.0759658
 0.242753 0.297778 0.297778 0.297778 0.297778
 0.319141 0.39148 0.39148 0.39148 0.39148
 0.0782271 0.0959588 0.0959588 0.0959588 0.0959588
 0.349543 0.428774 0.428774 0.428774 0.428774
 0.326815 0.400894 0.400894 0.400894 0.400894
 0.541588 0.66435 0.66435 0.66435 0.66435
 0.370649 0.454665 0.454665 0.454665 0.454665
 0.334267 0.410035 0.410035 0.410035 0.410035
 0.225964 0.277183 0.277183 0.277183 0.277183
 0.203797 0.249992 0.249992 0.249992 0.249992
 0.281924 0.345827 0.345827 0.345827 0.345827
 0.243749 0.299 0.299 0.299 0.299
 0.189825 0.232853 0.232853 0.232853 0.232853
 0.241782 0.296587 0.296587 0.296587 0.296587
 0.139911 0.171625 0.171625 0.171625 0.171625
 0.124745 0.153021 0.153021 0.153021 0.153021
 0.126939 0.155713 0.155713 0.155713 0.155713
 0.102509 0.125744 0.125744 0.125744 0.125744
 0.127464 0.156356 0.156356 0.156356 0.156356
 0.109128 0.133864 0.133864 0.133864 0.133864
 0.102539 0.125781 0.125781 0.125781 0.125781
 0.146156 0.179285 0.179285 0.179285 0.179285
 0.156253 0.19167 0.19167 0.19167 0.19167
YTP_r0W_actual
 244575 42762.5 36281.9 48498.6 19182.2
YTP_p0W_proyectada
 247003 244458 29643.5 16315.3 26430
 247003 182497 100747 10509.5 6712.08
CTP_r0_actual
 29466.9 3032.8 1314.56 1418.09 514.268
CTP_p0_proyectada
 32977.7 15600.4 1281.6 555.509 781.26
 32977.7 11646.3 4355.7 357.831 198.406
Wmedp
 7.49 15.67 23.13 29.37 33.83
Frms_r0
 0.156253 0.19167 0.19167 0.19167 0.19167
Zrms_r0
 1.15625 1.19167 1.19167 1.19167 1.19167
nmprior
 8.19 8.8 8.5 0
nm_flota  nm_reclas  nm_pelaces    nm_pelaL
inf 11.9714 18.6128 44.746
cv_recla  cv_pelaces  cv_mph
0.363697 0.431924 0.880169
 ------------------------------------------------
Talla a la edad & desviaci?n 
 8 13.2811 15.8009 17.003 17.5766
 0.8 1.32811 1.58009 1.7003 1.75766
