years
 1991 1992 1993 1994 1995 1996 1997 1998 1999 2000 2001 2002 2003 2004 2005 2006 2007 2008 2009 2010 2011 2012 2013 2014 2015 2016 2017 2018 2019 2020 2021
reclasobs
 0 0 0 0 0 0 0 0 0 252601 567819 844713 477998 351125 339783 2.1784e+06 2.13404e+06 4.81314e+06 1.55562e+06 2.62356e+06 3.21686e+06 3.843e+06 1.13348e+06 3.07943e+06 1.97215e+06 2.03268e+06 2.025e+06 2.42433e+06 2.27542e+06 1.05018e+06 2.36338e+06
reclaspred
 3.31175e+06 1.88784e+06 958294 959407 959770 1.46597e+06 988211 888132 651667 484367 509547 633434 630600 512189 518592 1.15264e+06 1.11807e+06 2.65625e+06 2.29537e+06 1.80022e+06 3.12437e+06 2.53476e+06 2.09023e+06 3.09873e+06 2.33546e+06 2.06984e+06 2.39942e+06 2.51967e+06 2.10251e+06 1.36491e+06 1.89899e+06
pelacesobs
 0 0 0 0 0 0 0 0 0 0 0 0 0 0 0 552880 188675 0 991730 2.46772e+06 1.41603e+06 1.21717e+06 2.29649e+06 1.80582e+06 0 1.4828e+06 1.56532e+06 1.57751e+06 1.42118e+06 867257 1.10002e+06
pelacespred
 1.86151e+06 1.19183e+06 613776 500193 510015 804458 522615 552763 402902 287190 306304 320810 348691 304596 312997 569963 550979 1.49832e+06 1.34837e+06 990453 1.6235e+06 1.47258e+06 1.19083e+06 1.91125e+06 1.40486e+06 1.23391e+06 1.62139e+06 1.6824e+06 1.15673e+06 857073 1.18953e+06
mphobs
 0 0 0 0 0 0 0 0 0 0 0 498337 0 5186 125008 0 168611 109162 213762 579715 649985 157893 87575 83554 0 0 0 0 0 0 0
mphpred
 496622 333430 170014 92243.5 103061 114732 150224 101794 88547.8 63044.5 42466.9 59452.7 64183.9 55969.1 40681.6 49954.1 131639 125647 266819 213946 240249 284819 272759 231966 308393 254478 210291 219294 301174 210365 132708
desembarqueobs
 494567 514787 250237 358949 120608 361735 552515 73892 212993 205616 52469 317467 293654 387597 252695 516296 358380 742168 942051 627588 828172 859565 418607 520667 417249 300574 415391 372974 316634 284311 391294
desembarquepred
 494574 513231 251036 358970 120612 361748 552564 73895.2 213032 205653 52471.1 317530 293707 387654 252700 516292 358420 742097 941913 627485 828246 859592 418611 520690 417252 300577 415395 372965 316631 284321 391299
Reclutas
 234529 135776 133468 245134 195963 324214 136592 64839.1 59405.5 77309.7 140486 177183 148876 104772 107537 513931 113302 899273 519913 417861 576680 806753 180935 499873 426129 193752 423348 477342 143283 106875 399322
log_desv_Rt
 0.0547069 -0.491864 -0.509008 0.0989332 -0.124949 0.37853 -0.485875 -1.23096 -1.31849 -1.05505 -0.457768 -0.225689 -0.399762 -0.751086 -0.725043 0.839216 -0.672816 1.39871 0.850788 0.632277 0.954415 1.29014 -0.204734 0.811481 0.65187 -0.136294 0.645323 0.76536 -0.438051 -0.731209 0.586895
SSB
 4.46129e+06 2.9953e+06 1.52728e+06 828649 925825 1.03067e+06 1.34951e+06 914446 795450 566346 381492 534080 576582 502786 365454 448751 1.18255e+06 1.12872e+06 2.39691e+06 1.92194e+06 2.15823e+06 2.55861e+06 2.45027e+06 2.08381e+06 2.77038e+06 2.28605e+06 1.8891e+06 1.96998e+06 2.70553e+06 1.88977e+06 1.19215e+06
BT
 5.87873e+06 4.00667e+06 2.05418e+06 1.77141e+06 1.59082e+06 2.66838e+06 2.03058e+06 1.68551e+06 1.39344e+06 1.04227e+06 944434 1.20974e+06 1.29094e+06 1.29802e+06 1.17234e+06 2.0949e+06 1.89879e+06 5.05284e+06 4.85937e+06 3.4675e+06 5.43055e+06 5.12888e+06 3.85818e+06 6.08932e+06 4.50557e+06 3.88613e+06 5.17977e+06 5.30881e+06 3.65393e+06 2.78931e+06 3.8667e+06
Ftot
 0.0953518 0.1717 0.166379 0.246172 0.0825731 0.164937 0.352094 0.054471 0.212267 0.273809 0.0700994 0.327546 0.303801 0.4882 0.326198 0.306726 0.206027 0.191655 0.267268 0.228161 0.175474 0.223756 0.129056 0.113624 0.116812 0.0945851 0.116693 0.100556 0.0959403 0.133695 0.140617
BD_Bspro_t
 0.984859 0.886504 0.762294 0.687082 0.681833 0.742468 0.733452 0.602989 0.652799 0.620899 0.594058 0.74752 0.6443 0.565451 0.471662 0.522888 0.64514 0.624837 0.72607 0.650065 0.633021 0.670389 0.687203 0.687399 0.769104 0.776013 0.782608 0.807773 0.840637 0.791473 0.740151
BD_Bspro
 2.81494 1.88994 0.963669 0.522853 0.584168 0.650319 0.851499 0.576988 0.501905 0.357348 0.24071 0.336988 0.363806 0.317243 0.230591 0.283149 0.746156 0.712191 1.51238 1.21269 1.36178 1.6144 1.54605 1.31482 1.74803 1.44243 1.19197 1.243 1.70711 1.19239 0.752214
BD_Bo
 1.89179 1.27014 0.647636 0.351384 0.392591 0.437049 0.572252 0.387766 0.337307 0.240156 0.16177 0.226474 0.244497 0.213204 0.154969 0.190291 0.501456 0.478629 1.0164 0.814989 0.915184 1.08496 1.03902 0.88363 1.17477 0.969388 0.801065 0.83536 1.14727 0.801348 0.505527
BD_Brms
 3.43961 2.30934 1.17752 0.638881 0.713802 0.794634 1.04046 0.705029 0.613285 0.436648 0.294127 0.411771 0.44454 0.387643 0.281762 0.345983 0.911738 0.870235 1.84799 1.4818 1.66397 1.97266 1.88913 1.6066 2.13594 1.76252 1.45648 1.51884 2.08594 1.457 0.91914
Sel_flota
 0.868717 1 1 1 1
 0.868717 1 1 1 1
 0.868717 1 1 1 1
 0.868717 1 1 1 1
 0.868717 1 1 1 1
 0.868717 1 1 1 1
 0.868717 1 1 1 1
 0.868717 1 1 1 1
 0.868717 1 1 1 1
 0.868717 1 1 1 1
 0.868717 1 1 1 1
 0.868717 1 1 1 1
 0.868717 1 1 1 1
 0.868717 1 1 1 1
 0.868717 1 1 1 1
 0.868717 1 1 1 1
 0.868717 1 1 1 1
 0.868717 1 1 1 1
 0.868717 1 1 1 1
 0.868717 1 1 1 1
 0.868717 1 1 1 1
 0.868717 1 1 1 1
 0.868717 1 1 1 1
 0.868717 1 1 1 1
 0.868717 1 1 1 1
 0.868717 1 1 1 1
 0.868717 1 1 1 1
 0.868717 1 1 1 1
 0.868717 1 1 1 1
 0.868717 1 1 1 1
 0.868717 1 1 1 1
Sel_reclas
 1 1 1 1 1
 1 1 1 1 1
 1 1 1 1 1
 1 1 1 1 1
 1 1 1 1 1
 1 1 1 1 1
 1 1 1 1 1
 1 1 1 1 1
 1 1 1 1 1
 1 1 1 1 1
 1 1 1 1 1
 1 1 1 1 1
 1 1 1 1 1
 1 1 1 1 1
 1 1 1 1 1
 1 1 1 1 1
 1 1 1 1 1
 1 1 1 1 1
 1 1 1 1 1
 1 1 1 1 1
 1 1 1 1 1
 1 1 1 1 1
 1 1 1 1 1
 1 1 1 1 1
 1 1 1 1 1
 1 1 1 1 1
 1 1 1 1 1
 1 1 1 1 1
 1 1 1 1 1
 1 1 1 1 1
 1 1 1 1 1
Sel_pelaces
 1 1 1 1 1
 1 1 1 1 1
 1 1 1 1 1
 1 1 1 1 1
 1 1 1 1 1
 1 1 1 1 1
 1 1 1 1 1
 1 1 1 1 1
 1 1 1 1 1
 1 1 1 1 1
 1 1 1 1 1
 1 1 1 1 1
 1 1 1 1 1
 1 1 1 1 1
 1 1 1 1 1
 1 1 1 1 1
 1 1 1 1 1
 1 1 1 1 1
 1 1 1 1 1
 1 1 1 1 1
 1 1 1 1 1
 1 1 1 1 1
 1 1 1 1 1
 1 1 1 1 1
 1 1 1 1 1
 1 1 1 1 1
 1 1 1 1 1
 1 1 1 1 1
 1 1 1 1 1
 1 1 1 1 1
 1 1 1 1 1
pf_obs 
 0.8446 0.082 0.0669 0.0065 0
 0.8095 0.147 0.0364 0.0071 0
 0.9664 0.0169 0.016 0.0007 0
 0.9276 0.0648 0.0075 0.0001 0
 0.7033 0.2144 0.0806 0.0017 0
 0.9318 0.0425 0.0243 0.0014 0
 0.5671 0.3108 0.0964 0.0239 0.0018
 0.0768 0.2599 0.5324 0.112 0.0189
 0.490249 0.384438 0.106611 0.0170017 0.00170017
 0.7925 0.1577 0.0466 0.003 0.0002
 0.840416 0.127587 0.0312969 0.00059994 9.999e-05
 0.8084 0.0986 0.0794 0.0134 0.0002
 0.7335 0.1905 0.0724 0.0035 0.0001
 0.4001 0.4547 0.1325 0.0127 0
 0.49795 0.308269 0.164784 0.0264974 0.00249975
 0.9179 0.0499 0.0305 0.0017 0
 0.2467 0.6533 0.0926 0.0074 0
 0.9418 0.0223 0.034 0.0019 0
 0.707729 0.231977 0.0356964 0.0245975 0
 0.517169 0.277429 0.184464 0.0207286 0.00020938
 0.811772 0.124168 0.05621 0.00726502 0.000585176
 0.764997 0.148141 0.077277 0.00933861 0.000247198
 0.163321 0.427699 0.378323 0.0303852 0.000271297
 0.753843 0.0900009 0.118128 0.0371064 0.000921714
 0.721811 0.176058 0.0630433 0.0369309 0.00215725
 0.143369 0.312575 0.442814 0.0836902 0.0175525
 0.692698 0.0596174 0.167031 0.0765114 0.00414204
 0.394062 0.376323 0.152708 0.0712218 0.00568511
 0.125707 0.32114 0.495352 0.0537591 0.00404204
 0.23352 0.215282 0.420074 0.123614 0.00750983
 0.796117 0.104755 0.0508955 0.0450114 0.00322123
pf_pred 
 0.428214 0.112988 0.434849 0.0239486 7.53293e-07
 0.4106 0.273953 0.0623341 0.2399 0.0132125
 0.549328 0.202058 0.115556 0.026293 0.106765
 0.748754 0.147487 0.0465201 0.0266045 0.0306341
 0.646168 0.275162 0.0461808 0.0145662 0.0179224
 0.741961 0.175218 0.0644069 0.0108095 0.00760458
 0.473837 0.405283 0.0820822 0.0301718 0.00862619
 0.440627 0.288644 0.208532 0.0422341 0.0199629
 0.522282 0.227678 0.129024 0.093214 0.0278021
 0.677861 0.180827 0.0673483 0.038166 0.0357972
 0.795578 0.145599 0.0330189 0.0122978 0.0135056
 0.724858 0.225155 0.0356033 0.00807408 0.00630967
 0.669722 0.24997 0.0657175 0.0103918 0.00419828
 0.609923 0.275048 0.0870595 0.022888 0.00508141
 0.710619 0.18864 0.0710337 0.0224839 0.00722336
 0.918837 0.0603574 0.0135625 0.00510705 0.00213584
 0.389924 0.56757 0.0316097 0.0071028 0.00379317
 0.906437 0.0400283 0.0498048 0.00277378 0.000956132
 0.600407 0.36716 0.0138755 0.0172645 0.00129295
 0.607394 0.250692 0.130395 0.00492784 0.00659061
 0.721054 0.179787 0.0633167 0.0329336 0.00290919
 0.745152 0.191399 0.0408938 0.0144018 0.00815271
 0.333933 0.51556 0.113037 0.0241511 0.0133203
 0.730022 0.099422 0.132017 0.0289447 0.00959508
 0.629058 0.281346 0.0329945 0.0438115 0.0127899
 0.442044 0.370084 0.142494 0.0167108 0.028667
 0.729653 0.129444 0.0934588 0.0359845 0.0114594
 0.691947 0.233555 0.0356701 0.0257538 0.0130738
 0.359758 0.462686 0.134617 0.0205597 0.0223796
 0.432068 0.224073 0.248497 0.0722997 0.0230617
 0.824172 0.082545 0.036804 0.0408157 0.0156631
pobs_RECLAS
 0 0 0 0 0
 0 0 0 0 0
 0 0 0 0 0
 0 0 0 0 0
 0 0 0 0 0
 0 0 0 0 0
 0 0 0 0 0
 0 0 0 0 0
 0 0 0 0 0
 0 0 0 0 0
 0.991045 0.00858322 0.000360255 1.14367e-05 0
 0.934742 0.0480273 0.0164251 0.00080598 0
 0.827803 0.169806 0.00239088 0 0
 0.941827 0.0461693 0.0120037 0 0
 0.791401 0.0380133 0.147996 0.0225897 0
 0.846168 0.0940531 0.0597789 0 0
 0.134021 0.677848 0.182769 0.00536245 0
 0.80878 0.0450904 0.141981 0.00414843 0
 0.846168 0.0940531 0.0597789 0 0
 0.905697 0.0802665 0.012482 0.00150086 5.37128e-05
 0.989698 0.0102097 9.19794e-05 0 0
 0.975433 0.0193895 0.00387452 0.00125025 5.28907e-05
 0.303575 0.632131 0.0575291 0.00676475 0
 0.966965 0.00978017 0.0227588 0.000495775 0
 0.843318 0.132988 0.00938335 0.0141283 0.000182051
 0.564624 0.303363 0.111486 0.0197234 0.00080311
 0.826376 0.0876187 0.0782897 0.00655872 0.00115652
 0.89761 0.0855135 0.0140674 0.00269457 0.000114338
 0.34875 0.467042 0.161289 0.0227151 0.000203297
 0.318654 0.224769 0.449479 0.00709798 0
 0.937255 0.0296025 0.0250945 0.00804832 0
ppred_RECLAS
 0.463244 0.106066 0.408208 0.0224814 7.07143e-07
 0.445563 0.257702 0.0586365 0.225669 0.0124288
 0.584373 0.186346 0.10657 0.0242484 0.0984626
 0.774858 0.132164 0.0416868 0.0238404 0.0274513
 0.677855 0.250521 0.0420452 0.0132618 0.0163174
 0.76834 0.157306 0.0578227 0.00970446 0.00682717
 0.51024 0.377243 0.0764033 0.0280844 0.00802938
 0.475703 0.270544 0.195456 0.0395858 0.0187111
 0.5579 0.210703 0.119404 0.0862641 0.0257292
 0.708553 0.163599 0.0609318 0.0345298 0.0323866
 0.817638 0.129888 0.0294558 0.0109707 0.0120482
 0.75287 0.202232 0.0319785 0.00725206 0.00566729
 0.700949 0.226336 0.0595041 0.00940925 0.00380134
 0.644567 0.25062 0.0793274 0.0208553 0.00463011
 0.739555 0.169777 0.0639308 0.0202356 0.00650107
 0.929011 0.0527917 0.0118625 0.0044669 0.00186812
 0.424514 0.53539 0.0298175 0.00670008 0.0035781
 0.917892 0.0351277 0.0437073 0.00243419 0.000839074
 0.634475 0.335857 0.0126926 0.0157926 0.00118272
 0.641082 0.229181 0.119206 0.004505 0.00602508
 0.748874 0.161856 0.0570018 0.029649 0.00261904
 0.771456 0.171644 0.036673 0.0129154 0.00731124
 0.36629 0.490513 0.107545 0.0229778 0.0126731
 0.757095 0.089452 0.118778 0.0260421 0.00863289
 0.661571 0.256686 0.0301025 0.0399714 0.0116689
 0.477259 0.346727 0.133501 0.0156561 0.0268577
 0.756758 0.116466 0.0840885 0.0323767 0.0103105
 0.721348 0.211264 0.0322658 0.0232959 0.0118261
 0.393039 0.438634 0.12762 0.019491 0.0212163
 0.46728 0.21018 0.233091 0.0678172 0.0216319
 0.843871 0.0732971 0.0326807 0.0362429 0.0139083
pobs_PELACES
 0 0 0 0 0
 0 0 0 0 0
 0 0 0 0 0
 0 0 0 0 0
 0 0 0 0 0
 0 0 0 0 0
 0 0 0 0 0
 0 0 0 0 0
 0 0 0 0 0
 0 0 0 0 0
 0 0 0 0 0
 0 0 0 0 0
 0 0 0 0 0
 0 0 0 0 0
 0 0 0 0 0
 0 0 0 0 0
 0.505614 0.472636 0.0217494 0 0
 0 0 0 0 0
 0.443492 0.261883 0.143347 0.151278 0
 0.227955 0.32914 0.350689 0.0885471 0.00366901
 0.970185 0.0296113 0.000203453 0 0
 0.997202 0.00247181 0.000326279 0 0
 0.445219 0.490057 0.0546422 0.010081 0
 0.90214 0.0892962 0.00764917 0.000914606 0
 0 0 0 0 0
 0.581667 0.319106 0.0959925 0.00289975 0.000334073
 0.762889 0.0836404 0.116647 0.0363945 0.000428098
 0.88444 0.0763242 0.0277011 0.0115352 0
 0.521256 0.241999 0.230069 0.00667565 0
 0.616807 0.101726 0.260614 0.0208532 0
 0.833518 0.0704572 0.0857862 0.0102388 0
ppred_PELACES
 0.464271 0.105863 0.407427 0.0224384 7.0579e-07
 0.447401 0.256848 0.058442 0.224921 0.0123876
 0.586123 0.185561 0.106121 0.0241463 0.0980481
 0.776713 0.131075 0.0413433 0.0236439 0.0272251
 0.678636 0.249914 0.0419433 0.0132297 0.0162778
 0.769609 0.156444 0.0575058 0.00965128 0.00678976
 0.514051 0.374308 0.0758087 0.0278658 0.0079669
 0.476292 0.270241 0.195236 0.0395413 0.0186901
 0.560167 0.209622 0.118792 0.0858218 0.0255973
 0.710996 0.162227 0.0604209 0.0342403 0.0321151
 0.81809 0.129565 0.0293827 0.0109435 0.0120183
 0.755501 0.200079 0.0316381 0.00717486 0.00560696
 0.703701 0.224254 0.0589566 0.00932268 0.00376637
 0.649397 0.247214 0.0782493 0.0205718 0.00456719
 0.742268 0.168009 0.0632649 0.0200249 0.00643335
 0.929882 0.0521437 0.0117169 0.00441206 0.00184519
 0.426696 0.53336 0.0297044 0.00667468 0.00356454
 0.918515 0.0348609 0.0433754 0.00241571 0.000832701
 0.637156 0.333394 0.0125995 0.0156768 0.00117404
 0.643354 0.227731 0.118452 0.00447649 0.00598696
 0.750301 0.160936 0.0566779 0.0294805 0.00260416
 0.773161 0.170364 0.0363995 0.0128191 0.00725671
 0.367589 0.489508 0.107325 0.0229307 0.0126472
 0.757999 0.089119 0.118336 0.0259452 0.00860076
 0.662703 0.255827 0.0300018 0.0398377 0.0116298
 0.478281 0.346049 0.13324 0.0156255 0.0268052
 0.757688 0.116021 0.0837672 0.032253 0.0102711
 0.722223 0.210601 0.0321645 0.0232227 0.0117889
 0.394031 0.437917 0.127411 0.0194591 0.0211816
 0.468722 0.209611 0.23246 0.0676336 0.0215733
 0.844672 0.0729211 0.032513 0.036057 0.013837
pobs_pel_tallas
 0 0 0 0 0 0 0 0 0 0 0 0 0 0 0 0 0 0 0 0 0 0 0 0 0 0
 0 0 0 0 0 0 0 0 0 0 0 0 0 0 0 0 0 0 0 0 0 0 0 0 0 0
 0 0 0 0 0 0 0 0 0 0 0 0 0 0 0 0 0 0 0 0 0 0 0 0 0 0
 0 0 0 0 0 0 0 0 0 0 0 0 0 0 0 0 0 0 0 0 0 0 0 0 0 0
 0 0 0 0 0 0 0 0 0 0 0 0 0 0 0 0 0 0 0 0 0 0 0 0 0 0
 0 0 0 0 0 0 0 0 0 0 0 0 0 0 0 0 0 0 0 0 0 0 0 0 0 0
 0 0 0 0 0 0 0 0 0 0 0 0 0 0 0 0 0 0 0 0 0 0 0 0 0 0
 0 0 0 0 0 0 0 0 0 0 0 0 0 0 0 0 0 0 0 0 0 0 0 0 0 0
 0 0 0 0 0 0 0 0 0 0 0 0 0 0 0 0 0 0 0 0 0 0 0 0 0 0
 0 0 0 0 0 0 0 0 0 0 0 0 0 0 0 0 0 0 0 0 0 0 0 0 0 0
 0 0 0 0 0 0 0 0 0 0 0 0 0 0 0 0 0 0 0 0 0 0 0 0 0 0
 0 0 0 0 0 0 0 0 0 0 0 0 0 0 0 0 0 0 0 0 0 0 0 0 0 0
 0.00862536 0 0 0.000197151 0.00414017 0.0128641 0.00837892 0.0270097 0.101434 0.158115 0.152841 0.127902 0.109271 0.109419 0.0830992 0.0579132 0.0238553 0.00714673 0.00463305 0.00128148 0.00103504 0.000492878 0.000147863 0.000147863 4.92878e-05 0
 0 0 0 0 0 0 0 0 0 0 0 0 0 0 0 0 0 0 0 0 0 0 0 0 0 0
 0 0 0 0 0 0 0 0.0054083 0.00873648 0.0413646 0.0450493 0.0745869 0.0622846 0.0627006 0.0613931 0.0827291 0.12552 0.122667 0.0946155 0.0697135 0.0546179 0.0294188 0.0215738 0.0213955 0.0102223 0.00600262
 0 0 0 0 0.00359764 0.0251062 0.0480494 0.140153 0.205849 0.193036 0.1447 0.116669 0.0760912 0.0342217 0.00950174 0.001854 0.000860785 0 0 0 0.000165536 0 0.000143464 0 0 0
 0 0 0 0 0 0 0 0.000145254 0.000435761 0.0275982 0.070085 0.0708112 0.156366 0.174668 0.174014 0.160142 0.0824315 0.0480064 0.0283245 0.00493863 0.00203355 0 0 0 0 0
 0 0 0 0 0 0 0 0 0 0 0 0 0 0 0 0 0 0 0 0 0 0 0 0 0 0
 0 0 1.00437e-05 0.000401748 0.00122533 0.00171747 0.00176769 0.0269171 0.070346 0.194647 0.189555 0.159765 0.064822 0.0314167 0.0384472 0.0292271 0.0345202 0.0313363 0.0194345 0.0106764 0.0143323 0.0359363 0.0279516 0.0138201 0.00172751 0
 0 0.0021121 0.0136068 0.0755702 0.200478 0.177729 0.0527432 0.0373336 0.0318909 0.0142505 0.0149659 0.0166563 0.0217959 0.0798694 0.0677717 0.0528807 0.04013 0.0224614 0.0357745 0.0225083 0.00881397 0.00855152 0.00135912 0.000746735 0 0
 0 0 0 0 5.4009e-05 0.00500934 0.000945158 0.0243581 0.138947 0.33067 0.221406 0.137944 0.0707744 0.0437923 0.0131692 0.00525238 0.0047753 0.00276346 9.45158e-05 9.00151e-06 2.25038e-05 9.00151e-06 4.50075e-06 0 0 0
 0.000866109 0.00284123 0.00948549 0.0512746 0.133035 0.25785 0.225252 0.132002 0.0553304 0.0519788 0.0540692 0.017754 0.00435017 0.00159236 0.00146478 0.000404838 0.000125132 0.000115318 0.000107957 0.000100596 0 0 0 0 0 0
 0 0 0 0 0.00144013 0.00171154 0.00461396 0.0210425 0.0478622 0.0707936 0.0888783 0.103762 0.0637923 0.0337046 0.0602308 0.124433 0.169614 0.0934646 0.0462172 0.0250306 0.0313229 0.00938855 0.002487 0.000210481 0 0
 0 0.00764035 0.051015 0.0998891 0.058973 0.0496711 0.0374665 0.0718981 0.12319 0.153886 0.159021 0.0857701 0.0377988 0.023471 0.0147837 0.00900784 0.00315554 0.000888139 0.00291439 0.00214683 0.00393193 0.00274676 0.000635225 9.99891e-05 0 0
 0 0 0 0 0 0 0 0 0 0 0 0 0 0 0 0 0 0 0 0 0 0 0 0 0 0
 0 0 0 0 0 0 0 0 0 0 0 0 0 0 0 0 0 0 0 0 0 0 0 0 0 0
 0 0 0 0 0 0 0 0 0 0 0 0 0 0 0 0 0 0 0 0 0 0 0 0 0 0
 0 0 0 0 0 0 0 0 0 0 0 0 0 0 0 0 0 0 0 0 0 0 0 0 0 0
 0 0 0 0 0 0 0 0 0 0 0 0 0 0 0 0 0 0 0 0 0 0 0 0 0 0
 0 0 0 0 0 0 0 0 0 0 0 0 0 0 0 0 0 0 0 0 0 0 0 0 0 0
 0 0 0 0 0 0 0 0 0 0 0 0 0 0 0 0 0 0 0 0 0 0 0 0 0 0
ppred_pel_tallas
 1.14035e-16 3.82414e-05 0.00037172 0.00247021 0.0112292 0.0349383 0.0744402 0.10865 0.108661 0.0744934 0.0351185 0.0117574 0.00382543 0.00342711 0.0061244 0.0108017 0.0172686 0.0252705 0.0344369 0.0443809 0.054548 0.0638596 0.0705903 0.0728526 0.0695167 0.0609293
 1.26405e-16 3.68519e-05 0.000358214 0.00238046 0.0108212 0.033669 0.0717363 0.104706 0.104731 0.0718578 0.0340776 0.0120031 0.00535373 0.00687231 0.0124812 0.0207797 0.0304456 0.0394643 0.0459127 0.0491734 0.0503974 0.0516808 0.0545404 0.0588545 0.0629659 0.0647
 1.22124e-16 4.82782e-05 0.000469282 0.00311854 0.0141764 0.0441083 0.093978 0.137167 0.137185 0.0940662 0.0444049 0.015035 0.00528134 0.00521648 0.00914141 0.0152438 0.0224559 0.0293318 0.0344667 0.037329 0.038595 0.0396122 0.041404 0.0439979 0.0464953 0.0476712
 1.08206e-16 6.39768e-05 0.000621878 0.0041326 0.0187862 0.0584509 0.124536 0.181767 0.18178 0.124598 0.0586591 0.0193884 0.00564668 0.00393557 0.00638274 0.0105196 0.0153153 0.0196282 0.0223566 0.0230409 0.0221438 0.0207095 0.0196678 0.0193276 0.0193646 0.0191772
 1.05356e-16 5.58984e-05 0.000543352 0.00361077 0.016414 0.0510703 0.108812 0.158819 0.158843 0.108929 0.0514658 0.0175566 0.00647955 0.00680864 0.011963 0.0197113 0.0284447 0.0358929 0.0397861 0.0390969 0.0346537 0.0285649 0.0229299 0.0188384 0.0162397 0.0144712
 1.03817e-16 6.33917e-05 0.00061619 0.0040948 0.0186144 0.0579163 0.123397 0.180105 0.18012 0.123471 0.0581649 0.0193331 0.00590171 0.00456993 0.0075994 0.012534 0.0182159 0.0232557 0.0262736 0.0266238 0.0247452 0.0217943 0.0188757 0.0164917 0.0145401 0.0126814
 1.06427e-16 4.23418e-05 0.000411577 0.00273508 0.0124333 0.0386847 0.0824233 0.120307 0.120343 0.0825998 0.0392775 0.014146 0.00703628 0.00980816 0.0179091 0.0295957 0.0427616 0.0540562 0.0600887 0.0593015 0.0528768 0.0438777 0.0353428 0.0288344 0.024288 0.0208198
 1.12832e-16 3.92316e-05 0.000381345 0.00253417 0.01152 0.0358431 0.0763685 0.111468 0.111494 0.0764971 0.0362758 0.0127731 0.00569209 0.0073166 0.0133326 0.0222991 0.0328685 0.0429079 0.0502329 0.0537995 0.0541953 0.0529499 0.0512796 0.0493441 0.0464969 0.0420913
 1.16421e-16 4.61402e-05 0.000448499 0.00298044 0.0135486 0.042155 0.0898164 0.131094 0.131114 0.089916 0.04249 0.0145187 0.0054241 0.00581231 0.0103205 0.0172225 0.0253656 0.0331083 0.0388288 0.0418567 0.0428425 0.0431612 0.0438304 0.0448265 0.0452466 0.044026
 1.10654e-16 5.85639e-05 0.000569262 0.00378294 0.0171967 0.0535055 0.114 0.166389 0.166405 0.114076 0.0537636 0.0179432 0.00566055 0.00468111 0.0079068 0.013084 0.0190968 0.02457 0.0281617 0.0293107 0.0285721 0.0271892 0.0262391 0.0260274 0.0261012 0.0257094
 1.04013e-16 6.7385e-05 0.000655006 0.00435275 0.019787 0.0615647 0.131171 0.19145 0.191462 0.131232 0.06177 0.0203804 0.00584334 0.00391275 0.00626578 0.0102824 0.0148793 0.0188718 0.0211054 0.021065 0.0191775 0.0165045 0.0140734 0.012371 0.0112969 0.0104594
 1.02633e-16 6.22296e-05 0.000604894 0.00401974 0.0182731 0.0568547 0.121136 0.176805 0.176824 0.12123 0.0571712 0.0191874 0.00631505 0.00561663 0.00958353 0.0157533 0.0227069 0.0285969 0.0315834 0.0308196 0.0269491 0.0216559 0.0166425 0.0128343 0.0102697 0.0085056
 1.03332e-16 5.79629e-05 0.00056342 0.00374413 0.0170203 0.0529565 0.11283 0.164684 0.164705 0.112936 0.053312 0.0180477 0.00632513 0.00620462 0.0107917 0.0178014 0.0257597 0.0326467 0.0364336 0.0361701 0.0325181 0.0272423 0.0220927 0.0179698 0.0148615 0.0123256
 1.05158e-16 5.34901e-05 0.000519942 0.0034552 0.0157069 0.04887 0.104124 0.151976 0.152 0.10424 0.0492624 0.0168412 0.00630616 0.00675525 0.0119297 0.0197275 0.0286238 0.0364383 0.0409746 0.0412085 0.0378567 0.0327992 0.0278514 0.0238706 0.0207281 0.0178803
 1.04966e-16 6.11397e-05 0.0005943 0.00394933 0.0179531 0.0558588 0.119014 0.173707 0.173724 0.119093 0.0561259 0.0187254 0.0058912 0.00484444 0.00816549 0.0134882 0.0196264 0.0251084 0.0284714 0.0290405 0.0272973 0.0244752 0.0217259 0.0195293 0.0177045 0.0158258
 1.01107e-16 7.65932e-05 0.000744513 0.00494755 0.0224908 0.0699774 0.149094 0.217609 0.217614 0.149119 0.07006 0.0227296 0.00554724 0.00205498 0.0025694 0.0041371 0.00597745 0.00757075 0.00844432 0.00838379 0.00755386 0.00637678 0.00526686 0.00442979 0.00384478 0.00338035
 1.02267e-16 3.51465e-05 0.000341637 0.0022703 0.0103205 0.0321111 0.0684181 0.0998689 0.0999202 0.0686688 0.032953 0.0127511 0.00836778 0.0136404 0.0252563 0.0416046 0.0597103 0.0746258 0.0813319 0.0775154 0.0649717 0.0484427 0.03286 0.0211134 0.0136167 0.00928433
 1.01644e-16 7.56569e-05 0.000735412 0.00488707 0.0222159 0.069122 0.147272 0.214948 0.214952 0.147289 0.0691784 0.0223795 0.00530059 0.00164759 0.00183577 0.00298721 0.00446312 0.00595959 0.00720961 0.00807037 0.00856656 0.00880091 0.0088172 0.00854936 0.00789655 0.00684133
 1.0222e-16 5.24818e-05 0.000510141 0.00339007 0.0154108 0.0479489 0.102161 0.149114 0.149146 0.102318 0.048475 0.0169297 0.00720039 0.00881995 0.0158106 0.0259935 0.0372972 0.0466081 0.0507976 0.0484413 0.0406918 0.030542 0.0210845 0.0141005 0.0097844 0.00737145
 1.04939e-16 5.29922e-05 0.000515103 0.00342304 0.0155607 0.0484152 0.103154 0.150562 0.150584 0.103262 0.048778 0.0166105 0.00606458 0.00630252 0.0111054 0.0184342 0.0269175 0.0346104 0.0395333 0.0407197 0.0387014 0.0349793 0.0309565 0.0272262 0.0236453 0.0198862
 1.05074e-16 6.18014e-05 0.000600731 0.00399207 0.0181474 0.0564633 0.120302 0.175587 0.175603 0.120378 0.0567191 0.018887 0.00585156 0.00467028 0.00782106 0.0129127 0.0187868 0.0240337 0.0272595 0.0278312 0.0262273 0.023643 0.0211815 0.0192795 0.0177194 0.016042
 1.03608e-16 6.36842e-05 0.000619034 0.0041137 0.0187003 0.0581836 0.123967 0.180937 0.180953 0.124047 0.0584535 0.0194801 0.00607225 0.00489843 0.00820253 0.0134903 0.0195002 0.0246793 0.0274908 0.0272341 0.0244524 0.0205367 0.0168571 0.0141017 0.0122116 0.0107549
 1.07663e-16 3.02779e-05 0.000294312 0.00195581 0.00889087 0.027663 0.0589408 0.0860357 0.0860829 0.0591716 0.0284384 0.0111313 0.00758257 0.0125878 0.0234078 0.0387288 0.0559724 0.0707761 0.0786981 0.0776781 0.0692267 0.0573114 0.0458865 0.037015 0.0306784 0.0258154
 1.07496e-16 6.24354e-05 0.000606894 0.00403303 0.0183336 0.0570425 0.121536 0.177386 0.177395 0.121578 0.0571871 0.0187533 0.00509499 0.00295314 0.00460066 0.00772264 0.0116241 0.0156791 0.0192716 0.0220941 0.0242406 0.0259496 0.027233 0.0277494 0.0270307 0.0248422
 1.06895e-16 5.4586e-05 0.000530596 0.003526 0.0160287 0.0498713 0.106257 0.15509 0.155115 0.106378 0.0502759 0.0171975 0.00646023 0.00693755 0.0122277 0.0201444 0.0290578 0.0366518 0.0406247 0.0399681 0.0355909 0.029709 0.0244898 0.020995 0.0190411 0.0177773
 1.10037e-16 3.93954e-05 0.000382938 0.00254476 0.0115681 0.0359929 0.0766879 0.111935 0.111969 0.0768516 0.036543 0.0131587 0.00654384 0.00913501 0.016726 0.0277589 0.0403824 0.0516197 0.0584426 0.0594384 0.0555835 0.049427 0.0433863 0.0385327 0.0345912 0.0307593
 1.0742e-16 6.24098e-05 0.000606645 0.00403137 0.018326 0.0570191 0.121486 0.177314 0.177326 0.121541 0.057205 0.0188645 0.00538867 0.00358879 0.00578269 0.00961067 0.0141918 0.0185964 0.0219161 0.02374 0.024351 0.0244113 0.0244043 0.0243077 0.0237145 0.0222143
 1.05307e-16 5.94886e-05 0.00057825 0.00384268 0.0174683 0.0543504 0.1158 0.169018 0.169038 0.115899 0.0546836 0.018431 0.00626007 0.00585784 0.0100938 0.016614 0.0239805 0.0302784 0.0336088 0.0331269 0.0295531 0.0246776 0.0202596 0.0171753 0.0153121 0.0140337
 1.09325e-16 3.24559e-05 0.000315483 0.0020965 0.00953039 0.0296528 0.06318 0.0922219 0.0922643 0.0633868 0.0303475 0.0115383 0.00714186 0.0113467 0.0210333 0.0348535 0.0505154 0.0641777 0.071927 0.0719428 0.0655253 0.0560842 0.0469521 0.0397663 0.0343719 0.0297956
 1.17196e-16 3.86081e-05 0.000375284 0.0024939 0.0113369 0.0352734 0.0751545 0.109694 0.109715 0.075255 0.035612 0.0123191 0.00497602 0.00584902 0.0105971 0.0178861 0.0267687 0.0357866 0.0434447 0.0490334 0.0528962 0.0558274 0.058141 0.0592617 0.0581503 0.0541134
 1.06915e-16 6.95745e-05 0.000676289 0.00449418 0.0204299 0.063565 0.135432 0.197669 0.197676 0.135467 0.0636814 0.0207666 0.00534196 0.0025358 0.0036277 0.00595919 0.00875311 0.0113931 0.0133187 0.0143202 0.014667 0.0148913 0.0153892 0.0161545 0.0168178 0.0169037
pSPR Fmed_Fpbrs
0.717363   0.6 0.325
Fs Fmed_Fpbrs
0.16883   0.267417 0.647851
SSBpbr Bo_Bmed_Bpbrs
2.35824e+06  1.5738e+06  1.29703e+06 648516
Ro
222043
SPR SPRFo_SPRFmed_SPRFpbrs
1.58486e+06 1.13692e+06 515080
Fref
0.267417
Nvult_r0
 269312 23817.3 10619.3 11776.9 4519.39
CTP_r0
 29316.8 2936.23 1309.16 1451.86 557.156
YTP_r0
391299
Np
 316762 92373.6 36605.4 3150.26 1800.07
Nvult_p0
 224389 66365.1 26298.8 2263.28 1293.25
CTP_p0
 42300.8 19707.8 1696.06 756.215 1106.69
 42300.8 14002.6 5548.9 477.539 272.867
YTP_p0
 724534 687857
CBA_c0
713531
log_Ro
12.1306
likeval ReclasPelacesDesembMPH_pf_preclas_ppelaces_ptallas_desvR_qrecl_qpela
 17.3148 21.2354 0.0979303 0.000811758 240.85 120.404 98.9959 0 23.3545 8.76032e-06 2.88884e-06 0.498047 7.83689e-16 0 0
q_reclas_q_pelaces
0.657432 0.785205
M
1
N
 234529 54035.9 207964 11453.3 0.360258
 135776 79419.7 18070.8 69547.6 3830.35
 133468 43027.9 24607.4 5599.05 22735.4
 245134 42492.5 13402.9 7665.02 8825.98
 195963 72817.2 12221 3854.72 4742.87
 324214 67100.5 24664.9 4139.54 2912.2
 136592 103350 20931.5 7694.02 2199.74
 64839.1 37007.8 26736.4 5414.93 2559.49
 59405.5 22750.5 12892.6 9314.33 2778.1
 77309.7 18173.9 6768.79 3835.84 3597.77
 140486 22420.1 5084.4 1893.66 2079.66
 177183 48628.4 7689.51 1743.82 1362.75
 148876 49040.2 12892.7 2038.7 823.635
 104772 42064 13314.3 3500.34 777.117
 107537 25221.1 9497.17 3006.09 965.76
 513931 29798.5 6695.81 2521.35 1054.46
 113302 144840 8066.59 1812.59 967.991
 899273 34850.9 43362.9 2415.01 832.462
 519913 280085 10584.8 13170.1 986.317
 417861 151636 78871.9 2980.69 3986.44
 576680 126083 44403.5 23096.1 2040.19
 806753 182154 38918.4 13706.2 7758.88
 180935 244358 53575.6 11446.8 6313.37
 499873 59503 79010.5 17323.1 5742.55
 426129 166609 19538.8 25944.4 7573.98
 193752 141637 54534.6 6395.47 10971.3
 423348 65654.8 47402.8 18251.6 5812.28
 477342 140727 21492.8 15517.8 7877.55
 143283 160915 46817.9 7150.36 7783.31
 106875 48495.8 53781.9 15647.7 4991.21
 399322 35006 15608 17309.3 6642.47
pred_Ctot
 11865.4 3130.81 12049.3 663.597 0.0208731
 12038.6 8032.17 1827.6 7033.75 387.385
 11488.8 4225.89 2416.76 549.898 2232.9
 30358.4 5979.91 1886.17 1078.69 1242.07
 8624.94 3672.82 616.414 194.428 239.225
 27680 6536.8 2402.8 403.265 283.701
 23325.3 19950.7 4040.62 1485.25 424.637
 1901.64 1245.72 899.974 182.272 86.1551
 6419.38 2798.4 1585.84 1145.7 341.716
 10547.3 2813.62 1047.92 593.853 556.994
 5272.69 964.96 218.833 81.5033 89.5085
 28385.5 8817.08 1394.23 316.182 247.087
 22303.2 8324.56 2188.53 346.068 139.812
 23690.7 10683.5 3381.58 889.021 197.373
 17164.8 4556.56 1715.8 543.094 174.479
 77655.4 5101.1 1146.23 431.622 180.51
 11909.6 17335.5 965.466 216.943 115.856
 88376.8 3902.72 4855.93 270.441 93.222
 69394.6 42436 1603.72 1995.42 149.438
 48266 19921 10361.7 391.586 523.716
 52185.6 13011.9 4582.49 2383.54 210.55
 91527.6 23509.7 5023.02 1768.99 1001.4
 12241.7 18900 4143.82 885.357 488.309
 29940.2 4077.57 5414.37 1187.1 393.521
 26209.6 11722.3 1374.71 1825.4 532.891
 9726.26 8142.94 3135.29 367.686 630.758
 26013.1 4614.87 3331.94 1282.9 408.544
 25420.8 8580.34 1310.45 946.144 480.306
 7292.27 9378.62 2728.69 416.744 453.634
 7478.55 3878.41 4301.17 1251.41 399.168
 29316.8 2936.23 1309.16 1451.86 557.156
F
 0.0828337 0.0953518 0.0953518 0.0953518 0.0953518
 0.149159 0.1717 0.1717 0.1717 0.1717
 0.144536 0.166379 0.166379 0.166379 0.166379
 0.213854 0.246172 0.246172 0.246172 0.246172
 0.0717327 0.0825731 0.0825731 0.0825731 0.0825731
 0.143283 0.164937 0.164937 0.164937 0.164937
 0.30587 0.352094 0.352094 0.352094 0.352094
 0.0473199 0.054471 0.054471 0.054471 0.054471
 0.1844 0.212267 0.212267 0.212267 0.212267
 0.237862 0.273809 0.273809 0.273809 0.273809
 0.0608965 0.0700994 0.0700994 0.0700994 0.0700994
 0.284545 0.327546 0.327546 0.327546 0.327546
 0.263917 0.303801 0.303801 0.303801 0.303801
 0.424107 0.4882 0.4882 0.4882 0.4882
 0.283373 0.326198 0.326198 0.326198 0.326198
 0.266458 0.306726 0.306726 0.306726 0.306726
 0.178979 0.206027 0.206027 0.206027 0.206027
 0.166494 0.191655 0.191655 0.191655 0.191655
 0.23218 0.267268 0.267268 0.267268 0.267268
 0.198208 0.228161 0.228161 0.228161 0.228161
 0.152437 0.175474 0.175474 0.175474 0.175474
 0.194381 0.223756 0.223756 0.223756 0.223756
 0.112113 0.129056 0.129056 0.129056 0.129056
 0.098707 0.113624 0.113624 0.113624 0.113624
 0.101476 0.116812 0.116812 0.116812 0.116812
 0.0821677 0.0945851 0.0945851 0.0945851 0.0945851
 0.101373 0.116693 0.116693 0.116693 0.116693
 0.0873549 0.100556 0.100556 0.100556 0.100556
 0.083345 0.0959403 0.0959403 0.0959403 0.0959403
 0.116143 0.133695 0.133695 0.133695 0.133695
 0.122156 0.140617 0.140617 0.140617 0.140617
YTP_r0W_actual
 243330 41400.8 36132.9 49653.8 20781.9
YTP_p0W_proyectada
 316833 308822 39229.9 22210 37439.4
 316833 219421 128346 14025.3 9231.09
CTP_r0_actual
 29316.8 2936.23 1309.16 1451.86 557.156
CTP_p0_proyectada
 42300.8 19707.8 1696.06 756.215 1106.69
 42300.8 14002.6 5548.9 477.539 272.867
Wmedp
 7.49 15.67 23.13 29.37 33.83
Frms_r0
 0.122156 0.140617 0.140617 0.140617 0.140617
Zrms_r0
 1.12216 1.14062 1.14062 1.14062 1.14062
nmprior
 8.19 8.8 8.5 0
nm_flota  nm_reclas  nm_pelaces    nm_pelaL
inf 11.5573 17.6125 41.6454
cv_recla  cv_pelaces  cv_mph
0.376387 0.435433 0.879262
 ------------------------------------------------
Talla a la edad & desviaci?n 
 8 13.2811 15.8009 17.003 17.5766
 0.8 1.32811 1.58009 1.7003 1.75766
