years
 1991 1992 1993 1994 1995 1996 1997 1998 1999 2000 2001 2002 2003 2004 2005 2006 2007 2008 2009 2010 2011 2012 2013 2014 2015 2016 2017 2018 2019 2020 2021
reclasobs
 0 0 0 0 0 0 0 0 0 252601 567819 844713 477998 351125 339783 2.1784e+06 2.13404e+06 4.81314e+06 1.55562e+06 2.62356e+06 3.21686e+06 3.843e+06 1.13348e+06 3.07943e+06 1.97215e+06 2.03268e+06 2.025e+06 2.42433e+06 2.27542e+06 1.05018e+06 2.36338e+06
reclaspred
 3.19512e+06 1.71135e+06 866343 877512 886206 1.7938e+06 926820 762581 522299 321821 504648 726195 717011 510889 478920 1.31825e+06 998655 3.31976e+06 2.63029e+06 1.9433e+06 3.21124e+06 2.68057e+06 1.96018e+06 3.13882e+06 2.25864e+06 1.95226e+06 2.40275e+06 2.67823e+06 2.03937e+06 1.16106e+06 1.83989e+06
pelacesobs
 0 0 0 0 0 0 0 0 0 0 0 0 0 0 0 552880 188675 0 991730 2.46772e+06 1.41603e+06 1.21717e+06 2.29649e+06 1.80582e+06 0 1.4828e+06 1.56532e+06 1.57751e+06 1.42118e+06 867257 1.10002e+06
pelacespred
 1.99677e+06 1.14239e+06 547420 413443 484291 962827 462499 514458 306561 160458 275764 333460 370620 254310 241580 554552 488815 1.74611e+06 1.50017e+06 1.01687e+06 1.66598e+06 1.44618e+06 1.18075e+06 1.9288e+06 1.4241e+06 1.24808e+06 1.62378e+06 1.77467e+06 1.27886e+06 798289 1.08729e+06
mphobs
 0 0 0 0 0 0 0 0 0 0 0 498337 0 5186 125008 0 168611 109162 213762 579715 649985 157893 87575 83554 0 0 0 0 0 0 0
mphpred
 499703 334835 155667 87101.1 91222.3 114611 180425 86060.5 75943 42634.7 23838 62510.4 68235 54535.2 30410.1 37522.6 140702 105389 338897 230313 249743 290779 288054 220612 324260 259307 206003 227795 340611 208879 109791
desembarqueobs
 494567 514787 250237 358949 120608 361735 552515 73892 212993 205616 52469 317467 293654 387597 252695 516296 358380 742168 942051 627588 828172 859565 418607 520667 417249 300574 415391 372974 316634 284311 391294
desembarquepred
 494561 514126 250473 358976 120612 361718 552457 73896.8 213045 205661 52471.1 317495 293646 387473 252634 516178 358448 741930 941584 627198 828273 859429 418564 520682 417205 300554 415363 372916 316590 284295 391282
Reclutas
 156509 88253.5 87658.9 117811 95386 204676 72023.1 28175.1 29622.3 40236.8 73151.3 117310 98013.9 69134.2 58478.1 296820 51331 539047 296219 247941 299194 452855 81234.8 236843 199367 86330 197330 225895 63650.7 46044.8 185688
log_desv_Rt
 0.286229 -0.286671 -0.293431 0.00219578 -0.208952 0.554546 -0.489898 -1.42845 -1.37836 -1.0721 -0.474354 -0.0020651 -0.181775 -0.530834 -0.698232 0.926243 -0.828588 1.52292 0.924215 0.746307 0.934209 1.34869 -0.36954 0.700515 0.528265 -0.308707 0.517993 0.653188 -0.613474 -0.93727 0.457185
SSB
 1.46282e+06 980188 455694 254978 267042 335508 528172 251931 222313 124808 69782.7 182991 199749 159645 89021.7 109843 411888 308512 992079 674211 731091 851219 843243 645814 949229 759088 603049 666841 997094 611467 321398
BT
 2.17123e+06 1.50622e+06 721018 705056 565559 1.32218e+06 914629 566664 508435 357843 341081 610290 648937 671248 516512 1.03889e+06 745875 2.60306e+06 2.39368e+06 1.54512e+06 2.39791e+06 2.23906e+06 1.46691e+06 2.50739e+06 1.73657e+06 1.45095e+06 2.11172e+06 2.22129e+06 1.41279e+06 995294 1.53935e+06
Ftot
 0.282749 0.52603 0.520168 0.805271 0.27279 0.434504 1.02071 0.189527 0.780149 1.19509 0.241122 0.885669 0.822572 1.46235 1.12973 0.902062 0.656171 0.518629 0.695433 0.6443 0.525392 0.653952 0.393712 0.357978 0.358497 0.293494 0.368451 0.303689 0.276 0.44136 0.474822
BD_Bspro_t
 0.956017 0.71658 0.479346 0.377064 0.363872 0.469842 0.503757 0.293267 0.338593 0.261673 0.210831 0.494641 0.379474 0.287519 0.177969 0.212953 0.384786 0.312063 0.517049 0.393388 0.366439 0.401391 0.426712 0.399026 0.526769 0.531551 0.532356 0.586335 0.658885 0.549704 0.437113
BD_Bspro
 1.74343 1.16822 0.543111 0.30389 0.318269 0.399869 0.629493 0.30026 0.26496 0.14875 0.0831692 0.218095 0.238068 0.19027 0.106099 0.130914 0.490901 0.367695 1.18239 0.803547 0.871338 1.01451 1.005 0.769702 1.13132 0.904705 0.718733 0.794762 1.18837 0.728766 0.383053
BD_Bo
 1.11321 0.745927 0.346785 0.194039 0.20322 0.255323 0.401941 0.191721 0.169181 0.0949791 0.0531049 0.139257 0.15201 0.12149 0.0677459 0.0835906 0.313448 0.234779 0.754975 0.513077 0.556363 0.64778 0.641711 0.491467 0.722367 0.577668 0.458922 0.507468 0.758792 0.465329 0.244585
BD_Brms
 2.02402 1.35623 0.630518 0.352798 0.36949 0.464223 0.730802 0.348583 0.307602 0.172689 0.0965543 0.253195 0.276382 0.220892 0.123174 0.151983 0.569906 0.426871 1.37268 0.932868 1.01157 1.17778 1.16675 0.893576 1.31339 1.05031 0.834404 0.922669 1.37962 0.846052 0.4447
Sel_flota
 0.650724 0.972526 0.998515 0.999922 0.999996
 0.650724 0.972526 0.998515 0.999922 0.999996
 0.650724 0.972526 0.998515 0.999922 0.999996
 0.650724 0.972526 0.998515 0.999922 0.999996
 0.650724 0.972526 0.998515 0.999922 0.999996
 0.650724 0.972526 0.998515 0.999922 0.999996
 0.650724 0.972526 0.998515 0.999922 0.999996
 0.650724 0.972526 0.998515 0.999922 0.999996
 0.650724 0.972526 0.998515 0.999922 0.999996
 0.650724 0.972526 0.998515 0.999922 0.999996
 0.650724 0.972526 0.998515 0.999922 0.999996
 0.650724 0.972526 0.998515 0.999922 0.999996
 0.650724 0.972526 0.998515 0.999922 0.999996
 0.650724 0.972526 0.998515 0.999922 0.999996
 0.650724 0.972526 0.998515 0.999922 0.999996
 0.650724 0.972526 0.998515 0.999922 0.999996
 0.650724 0.972526 0.998515 0.999922 0.999996
 0.650724 0.972526 0.998515 0.999922 0.999996
 0.650724 0.972526 0.998515 0.999922 0.999996
 0.650724 0.972526 0.998515 0.999922 0.999996
 0.650724 0.972526 0.998515 0.999922 0.999996
 0.650724 0.972526 0.998515 0.999922 0.999996
 0.650724 0.972526 0.998515 0.999922 0.999996
 0.650724 0.972526 0.998515 0.999922 0.999996
 0.650724 0.972526 0.998515 0.999922 0.999996
 0.650724 0.972526 0.998515 0.999922 0.999996
 0.650724 0.972526 0.998515 0.999922 0.999996
 0.650724 0.972526 0.998515 0.999922 0.999996
 0.650724 0.972526 0.998515 0.999922 0.999996
 0.650724 0.972526 0.998515 0.999922 0.999996
 0.650724 0.972526 0.998515 0.999922 0.999996
Sel_reclas
 1 1 1 1 1
 1 1 1 1 1
 1 1 1 1 1
 1 1 1 1 1
 1 1 1 1 1
 1 1 1 1 1
 1 1 1 1 1
 1 1 1 1 1
 1 1 1 1 1
 1 1 1 1 1
 1 1 1 1 1
 1 1 1 1 1
 1 1 1 1 1
 1 1 1 1 1
 1 1 1 1 1
 1 1 1 1 1
 1 1 1 1 1
 1 1 1 1 1
 1 1 1 1 1
 1 1 1 1 1
 1 1 1 1 1
 1 1 1 1 1
 1 1 1 1 1
 1 1 1 1 1
 1 1 1 1 1
 1 1 1 1 1
 1 1 1 1 1
 1 1 1 1 1
 1 1 1 1 1
 1 1 1 1 1
 1 1 1 1 1
Sel_pelaces
 0.694874 0.91975 0.982958 0.996567 0.999316
 0.694874 0.91975 0.982958 0.996567 0.999316
 0.694874 0.91975 0.982958 0.996567 0.999316
 0.694874 0.91975 0.982958 0.996567 0.999316
 0.694874 0.91975 0.982958 0.996567 0.999316
 0.694874 0.91975 0.982958 0.996567 0.999316
 0.694874 0.91975 0.982958 0.996567 0.999316
 0.694874 0.91975 0.982958 0.996567 0.999316
 0.694874 0.91975 0.982958 0.996567 0.999316
 0.694874 0.91975 0.982958 0.996567 0.999316
 0.694874 0.91975 0.982958 0.996567 0.999316
 0.694874 0.91975 0.982958 0.996567 0.999316
 0.694874 0.91975 0.982958 0.996567 0.999316
 0.694874 0.91975 0.982958 0.996567 0.999316
 0.694874 0.91975 0.982958 0.996567 0.999316
 0.694874 0.91975 0.982958 0.996567 0.999316
 0.694874 0.91975 0.982958 0.996567 0.999316
 0.694874 0.91975 0.982958 0.996567 0.999316
 0.694874 0.91975 0.982958 0.996567 0.999316
 0.694874 0.91975 0.982958 0.996567 0.999316
 0.694874 0.91975 0.982958 0.996567 0.999316
 0.694874 0.91975 0.982958 0.996567 0.999316
 0.694874 0.91975 0.982958 0.996567 0.999316
 0.694874 0.91975 0.982958 0.996567 0.999316
 0.694874 0.91975 0.982958 0.996567 0.999316
 0.694874 0.91975 0.982958 0.996567 0.999316
 0.694874 0.91975 0.982958 0.996567 0.999316
 0.694874 0.91975 0.982958 0.996567 0.999316
 0.694874 0.91975 0.982958 0.996567 0.999316
 0.694874 0.91975 0.982958 0.996567 0.999316
 0.694874 0.91975 0.982958 0.996567 0.999316
pf_obs 
 0.8446 0.082 0.0669 0.0065 0
 0.8095 0.147 0.0364 0.0071 0
 0.9664 0.0169 0.016 0.0007 0
 0.9276 0.0648 0.0075 0.0001 0
 0.7033 0.2144 0.0806 0.0017 0
 0.9318 0.0425 0.0243 0.0014 0
 0.5671 0.3108 0.0964 0.0239 0.0018
 0.0768 0.2599 0.5324 0.112 0.0189
 0.490249 0.384438 0.106611 0.0170017 0.00170017
 0.7925 0.1577 0.0466 0.003 0.0002
 0.840416 0.127587 0.0312969 0.00059994 9.999e-05
 0.8084 0.0986 0.0794 0.0134 0.0002
 0.7335 0.1905 0.0724 0.0035 0.0001
 0.4001 0.4547 0.1325 0.0127 0
 0.49795 0.308269 0.164784 0.0264974 0.00249975
 0.9179 0.0499 0.0305 0.0017 0
 0.2467 0.6533 0.0926 0.0074 0
 0.9418 0.0223 0.034 0.0019 0
 0.707729 0.231977 0.0356964 0.0245975 0
 0.517169 0.277429 0.184464 0.0207286 0.00020938
 0.811772 0.124168 0.05621 0.00726502 0.000585176
 0.764997 0.148141 0.077277 0.00933861 0.000247198
 0.163321 0.427699 0.378323 0.0303852 0.000271297
 0.753843 0.0900009 0.118128 0.0371064 0.000921714
 0.721811 0.176058 0.0630433 0.0369309 0.00215725
 0.143369 0.312575 0.442814 0.0836902 0.0175525
 0.692698 0.0596174 0.167031 0.0765114 0.00414204
 0.394062 0.376323 0.152708 0.0712218 0.00568511
 0.125707 0.32114 0.495352 0.0537591 0.00404204
 0.23352 0.215282 0.420074 0.123614 0.00750983
 0.796117 0.104755 0.0508955 0.0450114 0.00322123
pf_pred 
 0.516992 0.155118 0.304053 0.0238354 9.25335e-07
 0.452421 0.343838 0.066762 0.127035 0.00994316
 0.609853 0.224751 0.105202 0.0197489 0.0404462
 0.731038 0.193789 0.0439353 0.0198824 0.0113551
 0.680099 0.264018 0.0407039 0.00887927 0.00629975
 0.790612 0.160613 0.0404627 0.00605698 0.00225509
 0.450446 0.471993 0.0599435 0.0146199 0.00299801
 0.458609 0.323629 0.188146 0.0229005 0.00671514
 0.573156 0.241472 0.112077 0.0633396 0.00995486
 0.766892 0.163582 0.0400017 0.0178652 0.0116589
 0.864907 0.116486 0.0132386 0.00309218 0.00227651
 0.774613 0.204673 0.0179333 0.00197954 0.000801485
 0.718976 0.241254 0.0362482 0.00305065 0.000472044
 0.676706 0.264307 0.0509181 0.00735515 0.000713272
 0.785547 0.173644 0.0336741 0.00616124 0.000973586
 0.94917 0.0443704 0.00527498 0.000978028 0.00020672
 0.372896 0.608705 0.0161435 0.00184302 0.000413029
 0.939602 0.0300978 0.0294414 0.000753202 0.000105055
 0.594506 0.390299 0.00770049 0.00728296 0.000211922
 0.648304 0.250441 0.097596 0.00185604 0.00180292
 0.729257 0.204708 0.0475048 0.0178614 0.000668321
 0.77377 0.184445 0.0318558 0.00714684 0.00278264
 0.308874 0.588529 0.0842024 0.0140298 0.00436457
 0.748318 0.10436 0.126037 0.0174745 0.00381089
 0.625542 0.309245 0.0275338 0.0322433 0.00543628
 0.427985 0.414416 0.130865 0.0112982 0.0154357
 0.739537 0.14024 0.0878156 0.026917 0.00548973
 0.692578 0.251719 0.0304266 0.0184714 0.00680513
 0.334886 0.517536 0.121501 0.0142539 0.0118221
 0.421996 0.253557 0.254114 0.0579219 0.0124108
 0.849101 0.0818617 0.0308414 0.0299272 0.00826868
pobs_RECLAS
 0 0 0 0 0
 0 0 0 0 0
 0 0 0 0 0
 0 0 0 0 0
 0 0 0 0 0
 0 0 0 0 0
 0 0 0 0 0
 0 0 0 0 0
 0 0 0 0 0
 0 0 0 0 0
 0.991045 0.00858322 0.000360255 1.14367e-05 0
 0.934742 0.0480273 0.0164251 0.00080598 0
 0.827803 0.169806 0.00239088 0 0
 0.941827 0.0461693 0.0120037 0 0
 0.791401 0.0380133 0.147996 0.0225897 0
 0.846168 0.0940531 0.0597789 0 0
 0.134021 0.677848 0.182769 0.00536245 0
 0.80878 0.0450904 0.141981 0.00414843 0
 0.846168 0.0940531 0.0597789 0 0
 0.905697 0.0802665 0.012482 0.00150086 5.37128e-05
 0.989698 0.0102097 9.19794e-05 0 0
 0.975433 0.0193895 0.00387452 0.00125025 5.28907e-05
 0.303575 0.632131 0.0575291 0.00676475 0
 0.966965 0.00978017 0.0227588 0.000495775 0
 0.843318 0.132988 0.00938335 0.0141283 0.000182051
 0.564624 0.303363 0.111486 0.0197234 0.00080311
 0.826376 0.0876187 0.0782897 0.00655872 0.00115652
 0.89761 0.0855135 0.0140674 0.00269457 0.000114338
 0.34875 0.467042 0.161289 0.0227151 0.000203297
 0.318654 0.224769 0.449479 0.00709798 0
 0.937255 0.0296025 0.0250945 0.00804832 0
ppred_RECLAS
 0.621828 0.123707 0.235991 0.0184731 7.17106e-07
 0.559986 0.279271 0.0527258 0.100177 0.00784032
 0.706764 0.170965 0.0778149 0.0145859 0.0298699
 0.809101 0.13869 0.0305342 0.0137962 0.00787856
 0.763056 0.196484 0.0294821 0.00642201 0.004556
 0.852226 0.114083 0.0279562 0.00417867 0.00155565
 0.563331 0.376657 0.0463972 0.0112975 0.00231652
 0.562766 0.264202 0.149528 0.018174 0.00532879
 0.677462 0.184824 0.0833146 0.0470111 0.00738796
 0.840447 0.113038 0.0267818 0.0119408 0.00779192
 0.906341 0.0810606 0.00896712 0.00209146 0.00153964
 0.842641 0.143286 0.0121864 0.00134303 0.000543728
 0.799073 0.173206 0.0252693 0.00212332 0.000328526
 0.773138 0.186598 0.0347657 0.00501293 0.000486088
 0.853309 0.119481 0.0224589 0.00410237 0.00064819
 0.966838 0.0290573 0.00335286 0.000620656 0.000131173
 0.477214 0.50787 0.0130893 0.00149205 0.00033435
 0.960052 0.0201872 0.0192015 0.000490498 6.8408e-05
 0.692871 0.295943 0.00567313 0.00535727 0.000155875
 0.74018 0.186531 0.070644 0.00134143 0.00130293
 0.805179 0.148319 0.0334675 0.0125646 0.000470095
 0.840596 0.130651 0.0219287 0.00491217 0.00191241
 0.404691 0.509006 0.0708482 0.0117874 0.00366668
 0.820479 0.0756439 0.0888876 0.0123059 0.0026835
 0.717459 0.234473 0.0203124 0.0237519 0.0040043
 0.532136 0.341506 0.104951 0.00904776 0.0123602
 0.813151 0.101896 0.0620787 0.0190003 0.00387483
 0.773626 0.186284 0.0219128 0.0132835 0.00489347
 0.433029 0.443829 0.10141 0.0118797 0.00985216
 0.529581 0.209614 0.204335 0.0465065 0.00996408
 0.896552 0.0568547 0.0208321 0.0201845 0.00557642
pobs_PELACES
 0 0 0 0 0
 0 0 0 0 0
 0 0 0 0 0
 0 0 0 0 0
 0 0 0 0 0
 0 0 0 0 0
 0 0 0 0 0
 0 0 0 0 0
 0 0 0 0 0
 0 0 0 0 0
 0 0 0 0 0
 0 0 0 0 0
 0 0 0 0 0
 0 0 0 0 0
 0 0 0 0 0
 0 0 0 0 0
 0.505614 0.472636 0.0217494 0 0
 0 0 0 0 0
 0.443492 0.261883 0.143347 0.151278 0
 0.227955 0.32914 0.350689 0.0885471 0.00366901
 0.970185 0.0296113 0.000203453 0 0
 0.997202 0.00247181 0.000326279 0 0
 0.445219 0.490057 0.0546422 0.010081 0
 0.90214 0.0892962 0.00764917 0.000914606 0
 0 0 0 0 0
 0.581667 0.319106 0.0959925 0.00289975 0.000334073
 0.762889 0.0836404 0.116647 0.0363945 0.000428098
 0.88444 0.0763242 0.0277011 0.0115352 0
 0.521256 0.241999 0.230069 0.00667565 0
 0.616807 0.101726 0.260614 0.0208532 0
 0.833518 0.0704572 0.0857862 0.0102388 0
ppred_PELACES
 0.550514 0.140675 0.286107 0.0227032 8.8374e-07
 0.4975 0.310559 0.0623805 0.120132 0.0094279
 0.651545 0.197402 0.0955947 0.0181623 0.037296
 0.773988 0.161213 0.0376711 0.01725 0.00987792
 0.712209 0.235809 0.037726 0.00833048 0.0059262
 0.817977 0.138399 0.0361107 0.00547116 0.00204242
 0.518525 0.411756 0.053734 0.0132589 0.00272612
 0.491297 0.299209 0.180685 0.0222629 0.00654567
 0.626267 0.208169 0.0996181 0.0569681 0.00897727
 0.816009 0.127955 0.0320689 0.014488 0.00947989
 0.881371 0.1017 0.0119986 0.00283693 0.00209418
 0.815493 0.16707 0.0150708 0.00168322 0.000683318
 0.76475 0.201059 0.0311283 0.00265083 0.000411267
 0.748553 0.204735 0.0402583 0.0058813 0.000571843
 0.830497 0.136519 0.0271605 0.00502722 0.00079649
 0.960085 0.0347034 0.00424656 0.000796641 0.000168828
 0.424645 0.557912 0.015281 0.00176546 0.000396702
 0.94896 0.0249961 0.0252968 0.000654991 9.16001e-05
 0.646691 0.339581 0.00691565 0.00661888 0.000193111
 0.693648 0.216073 0.0869743 0.00167389 0.0016303
 0.764643 0.176317 0.0423282 0.0161073 0.000604295
 0.808431 0.155157 0.0276758 0.0062835 0.00245301
 0.346535 0.553289 0.0820269 0.0138337 0.00431504
 0.775365 0.091089 0.114042 0.0160044 0.0034996
 0.663083 0.276117 0.0254854 0.0302084 0.0051068
 0.465332 0.383148 0.125524 0.0109697 0.0150269
 0.768222 0.12253 0.0795284 0.0246739 0.0050457
 0.724711 0.223648 0.0280429 0.0172325 0.00636569
 0.369248 0.486465 0.11851 0.0140733 0.0117035
 0.462069 0.230995 0.239743 0.0553096 0.0118827
 0.869586 0.0694013 0.0270664 0.0265823 0.00736412
pobs_pel_tallas
 0 0 0 0 0 0 0 0 0 0 0 0 0 0 0 0 0 0 0 0 0 0 0 0 0 0
 0 0 0 0 0 0 0 0 0 0 0 0 0 0 0 0 0 0 0 0 0 0 0 0 0 0
 0 0 0 0 0 0 0 0 0 0 0 0 0 0 0 0 0 0 0 0 0 0 0 0 0 0
 0 0 0 0 0 0 0 0 0 0 0 0 0 0 0 0 0 0 0 0 0 0 0 0 0 0
 0 0 0 0 0 0 0 0 0 0 0 0 0 0 0 0 0 0 0 0 0 0 0 0 0 0
 0 0 0 0 0 0 0 0 0 0 0 0 0 0 0 0 0 0 0 0 0 0 0 0 0 0
 0 0 0 0 0 0 0 0 0 0 0 0 0 0 0 0 0 0 0 0 0 0 0 0 0 0
 0 0 0 0 0 0 0 0 0 0 0 0 0 0 0 0 0 0 0 0 0 0 0 0 0 0
 0 0 0 0 0 0 0 0 0 0 0 0 0 0 0 0 0 0 0 0 0 0 0 0 0 0
 0 0 0 0 0 0 0 0 0 0 0 0 0 0 0 0 0 0 0 0 0 0 0 0 0 0
 0 0 0 0 0 0 0 0 0 0 0 0 0 0 0 0 0 0 0 0 0 0 0 0 0 0
 0 0 0 0 0 0 0 0 0 0 0 0 0 0 0 0 0 0 0 0 0 0 0 0 0 0
 0.00862536 0 0 0.000197151 0.00414017 0.0128641 0.00837892 0.0270097 0.101434 0.158115 0.152841 0.127902 0.109271 0.109419 0.0830992 0.0579132 0.0238553 0.00714673 0.00463305 0.00128148 0.00103504 0.000492878 0.000147863 0.000147863 4.92878e-05 0
 0 0 0 0 0 0 0 0 0 0 0 0 0 0 0 0 0 0 0 0 0 0 0 0 0 0
 0 0 0 0 0 0 0 0.0054083 0.00873648 0.0413646 0.0450493 0.0745869 0.0622846 0.0627006 0.0613931 0.0827291 0.12552 0.122667 0.0946155 0.0697135 0.0546179 0.0294188 0.0215738 0.0213955 0.0102223 0.00600262
 0 0 0 0 0.00359764 0.0251062 0.0480494 0.140153 0.205849 0.193036 0.1447 0.116669 0.0760912 0.0342217 0.00950174 0.001854 0.000860785 0 0 0 0.000165536 0 0.000143464 0 0 0
 0 0 0 0 0 0 0 0.000145254 0.000435761 0.0275982 0.070085 0.0708112 0.156366 0.174668 0.174014 0.160142 0.0824315 0.0480064 0.0283245 0.00493863 0.00203355 0 0 0 0 0
 0 0 0 0 0 0 0 0 0 0 0 0 0 0 0 0 0 0 0 0 0 0 0 0 0 0
 0 0 1.00437e-05 0.000401748 0.00122533 0.00171747 0.00176769 0.0269171 0.070346 0.194647 0.189555 0.159765 0.064822 0.0314167 0.0384472 0.0292271 0.0345202 0.0313363 0.0194345 0.0106764 0.0143323 0.0359363 0.0279516 0.0138201 0.00172751 0
 0 0.0021121 0.0136068 0.0755702 0.200478 0.177729 0.0527432 0.0373336 0.0318909 0.0142505 0.0149659 0.0166563 0.0217959 0.0798694 0.0677717 0.0528807 0.04013 0.0224614 0.0357745 0.0225083 0.00881397 0.00855152 0.00135912 0.000746735 0 0
 0 0 0 0 5.4009e-05 0.00500934 0.000945158 0.0243581 0.138947 0.33067 0.221406 0.137944 0.0707744 0.0437923 0.0131692 0.00525238 0.0047753 0.00276346 9.45158e-05 9.00151e-06 2.25038e-05 9.00151e-06 4.50075e-06 0 0 0
 0.000866109 0.00284123 0.00948549 0.0512746 0.133035 0.25785 0.225252 0.132002 0.0553304 0.0519788 0.0540692 0.017754 0.00435017 0.00159236 0.00146478 0.000404838 0.000125132 0.000115318 0.000107957 0.000100596 0 0 0 0 0 0
 0 0 0 0 0.00144013 0.00171154 0.00461396 0.0210425 0.0478622 0.0707936 0.0888783 0.103762 0.0637923 0.0337046 0.0602308 0.124433 0.169614 0.0934646 0.0462172 0.0250306 0.0313229 0.00938855 0.002487 0.000210481 0 0
 0 0.00764035 0.051015 0.0998891 0.058973 0.0496711 0.0374665 0.0718981 0.12319 0.153886 0.159021 0.0857701 0.0377988 0.023471 0.0147837 0.00900784 0.00315554 0.000888139 0.00291439 0.00214683 0.00393193 0.00274676 0.000635225 9.99891e-05 0 0
 0 0 0 0 0 0 0 0 0 0 0 0 0 0 0 0 0 0 0 0 0 0 0 0 0 0
 0 0 0 0 0 0 0 0 0 0 0 0 0 0 0 0 0 0 0 0 0 0 0 0 0 0
 0 0 0 0 0 0 0 0 0 0 0 0 0 0 0 0 0 0 0 0 0 0 0 0 0 0
 0 0 0 0 0 0 0 0 0 0 0 0 0 0 0 0 0 0 0 0 0 0 0 0 0 0
 0 0 0 0 0 0 0 0 0 0 0 0 0 0 0 0 0 0 0 0 0 0 0 0 0 0
 0 0 0 0 0 0 0 0 0 0 0 0 0 0 0 0 0 0 0 0 0 0 0 0 0 0
 0 0 0 0 0 0 0 0 0 0 0 0 0 0 0 0 0 0 0 0 0 0 0 0 0 0
ppred_pel_tallas
 1.1057e-16 4.53451e-05 0.000440771 0.00292908 0.0133152 0.0414285 0.0882683 0.128833 0.128847 0.0883368 0.0416597 0.0139881 0.00463833 0.00423822 0.00745087 0.0127496 0.0195321 0.0269937 0.0342544 0.0407666 0.0463816 0.05095 0.0538823 0.0542017 0.0511327 0.0447361
 1.15523e-16 4.09785e-05 0.000398326 0.00264702 0.012033 0.0374392 0.0797692 0.116432 0.116462 0.0799159 0.0379317 0.0134567 0.00622467 0.00822209 0.0149421 0.0247549 0.0359504 0.045874 0.0518968 0.0529378 0.0501454 0.0460752 0.0430039 0.041687 0.041323 0.040437
 1.10943e-16 5.36669e-05 0.000521662 0.00346663 0.0157588 0.0490316 0.104468 0.152478 0.152497 0.104561 0.0493461 0.0166689 0.00575692 0.0055406 0.00964246 0.0160066 0.0234102 0.0302012 0.0347331 0.0362711 0.0353959 0.0335043 0.0318214 0.0307252 0.0297951 0.0283453
 1.0453e-16 6.37524e-05 0.000619696 0.0041181 0.0187203 0.0582458 0.124099 0.18113 0.181146 0.124176 0.0585014 0.0194587 0.00597324 0.00467449 0.00777953 0.0128004 0.0185299 0.0235113 0.0263097 0.0262799 0.0239441 0.0206085 0.017535 0.0153183 0.0138362 0.0126212
 1.02988e-16 5.86637e-05 0.000570232 0.0037894 0.0172261 0.0535968 0.114194 0.166675 0.166698 0.114306 0.0539698 0.0183037 0.00649471 0.00647724 0.011281 0.018567 0.0267647 0.0337085 0.03723 0.0363295 0.0317625 0.0255103 0.0195769 0.0150532 0.0119886 0.00986867
 1.01972e-16 6.73757e-05 0.000654916 0.00435215 0.0197842 0.0615562 0.131152 0.191424 0.191437 0.131218 0.0617755 0.0204183 0.00594488 0.004136 0.00669065 0.0109858 0.0158919 0.0201361 0.0224628 0.0222843 0.0200086 0.0167255 0.0135177 0.0109449 0.0090044 0.00742724
 1.03447e-16 4.27103e-05 0.000415159 0.00275888 0.0125415 0.0390215 0.0831408 0.121355 0.121394 0.0833347 0.0396724 0.0144216 0.00747789 0.0107156 0.0196016 0.0323284 0.0465437 0.058482 0.0643276 0.0623141 0.0537684 0.0421967 0.0311824 0.0227316 0.0170218 0.0132099
 1.08632e-16 4.04676e-05 0.000393359 0.00261401 0.0118829 0.0369724 0.0787746 0.11498 0.115009 0.0789167 0.0374501 0.0132655 0.00609504 0.00802731 0.0146407 0.024406 0.035773 0.046275 0.053378 0.0558459 0.0543418 0.0507105 0.0465885 0.042522 0.0381425 0.0329547
 1.10161e-16 5.15848e-05 0.000501423 0.00333213 0.0151474 0.0471293 0.100415 0.146562 0.146583 0.100513 0.0474612 0.0161076 0.0057488 0.0057985 0.0101755 0.01691 0.0247577 0.0319962 0.0369072 0.0387266 0.0380561 0.0363215 0.0347272 0.0335637 0.0323017 0.0302053
 1.04016e-16 6.72136e-05 0.00065334 0.00434167 0.0197366 0.061408 0.130837 0.190963 0.190975 0.130897 0.0616109 0.020323 0.00581503 0.00387434 0.00619839 0.0101781 0.014745 0.0187364 0.0210197 0.0210884 0.0193574 0.0168554 0.0145675 0.0129438 0.0118649 0.0109432
 1.01012e-16 7.25973e-05 0.000705672 0.00468944 0.0213175 0.0663268 0.141317 0.206258 0.206267 0.141364 0.0664875 0.0217818 0.00585457 0.0032486 0.00490041 0.00798217 0.0114816 0.0144176 0.0158438 0.0153259 0.0131975 0.0103334 0.00762829 0.0055831 0.00423911 0.00337652
 1.00763e-16 6.71711e-05 0.000652927 0.00433893 0.0197242 0.0613693 0.130754 0.190843 0.190859 0.130833 0.0616331 0.0204861 0.0062509 0.00482433 0.00798218 0.0130707 0.0187769 0.0235155 0.025718 0.024658 0.0208829 0.0158479 0.011061 0.00739715 0.00497673 0.00347671
 1.01286e-16 6.29915e-05 0.0006123 0.00406895 0.0184969 0.0575507 0.122619 0.17897 0.178989 0.122713 0.0578687 0.0194154 0.00637456 0.00564572 0.00962297 0.0158102 0.0227706 0.0286346 0.031535 0.0305993 0.0264553 0.0207887 0.0153266 0.0110441 0.00804958 0.00597643
 1.01901e-16 6.16574e-05 0.000599332 0.00398277 0.0181051 0.0563318 0.120022 0.175179 0.175199 0.120118 0.0566559 0.0190414 0.00633389 0.00573445 0.00982172 0.0161591 0.0233162 0.029411 0.0325611 0.0318857 0.0280098 0.0226071 0.0173716 0.0132283 0.0102401 0.00802392
 1.01458e-16 6.8407e-05 0.00066494 0.00441876 0.0200871 0.0624983 0.13316 0.194353 0.194367 0.133224 0.0627145 0.0207115 0.00598674 0.00408978 0.0065784 0.0107817 0.0155583 0.0196341 0.0217553 0.0213379 0.0188007 0.0152589 0.0118374 0.0091435 0.00720743 0.00576248
 1.0024e-16 7.90809e-05 0.000768695 0.00510825 0.0232213 0.0722502 0.153937 0.224676 0.224679 0.153953 0.0723051 0.0233798 0.00550584 0.00163644 0.0017265 0.00272749 0.00391754 0.00491795 0.00540146 0.00521812 0.00447974 0.00348313 0.00253296 0.00180194 0.00130857 0.000984204
 1.00828e-16 3.49775e-05 0.000339994 0.00225938 0.0102709 0.0319568 0.0680892 0.0993895 0.0994431 0.0683514 0.0328368 0.0128114 0.00863126 0.0142328 0.0263695 0.0434064 0.062214 0.0775796 0.0842145 0.0796793 0.0658723 0.0478267 0.0308187 0.0180025 0.00991339 0.00545573
 1.00818e-16 7.81646e-05 0.000759788 0.00504906 0.0229523 0.0714131 0.152153 0.222073 0.222075 0.152165 0.0714533 0.0230689 0.00534336 0.00140753 0.00132372 0.00210459 0.00311657 0.00411018 0.00488118 0.00532323 0.00546464 0.00540728 0.00522361 0.0049077 0.00441389 0.00373183
 1.00983e-16 5.32672e-05 0.000517776 0.00344081 0.0156414 0.0486664 0.10369 0.151346 0.151378 0.10385 0.0492021 0.0171876 0.0073188 0.00897294 0.0160802 0.0264186 0.0378626 0.0472169 0.0512671 0.0485399 0.0402052 0.0293389 0.019154 0.0115539 0.00682921 0.00426826
 1.03009e-16 5.71349e-05 0.000555372 0.00369064 0.0167771 0.0522 0.111218 0.162331 0.162352 0.111321 0.0525435 0.0177702 0.00618745 0.00601918 0.0104725 0.0173224 0.0251778 0.0321344 0.0362644 0.0366345 0.0337946 0.0292891 0.0246236 0.0205362 0.0170036 0.0137247
 1.02985e-16 6.29826e-05 0.000612214 0.00406838 0.0184943 0.0575426 0.122601 0.178944 0.178961 0.122684 0.057822 0.0193018 0.00609692 0.00504554 0.00849746 0.0139873 0.020235 0.0256406 0.0286141 0.0284213 0.0256007 0.0215561 0.0176679 0.0146263 0.0123816 0.010535
 1.01884e-16 6.65894e-05 0.000647273 0.00430136 0.0195534 0.0608378 0.129622 0.18919 0.189205 0.129695 0.0610834 0.0202627 0.0060824 0.00453685 0.0074581 0.0122361 0.0176477 0.0222502 0.0246184 0.0240931 0.0211625 0.017113 0.0132426 0.0102524 0.00817075 0.00667098
 1.04627e-16 2.85438e-05 0.000277456 0.00184379 0.00838164 0.0260787 0.0555654 0.0811105 0.0811638 0.055826 0.0269537 0.010909 0.00818803 0.0141275 0.0263335 0.0434924 0.0626549 0.0787975 0.0868027 0.0842908 0.0730169 0.0576439 0.0429319 0.0315396 0.0237052 0.0183368
 1.05512e-16 6.38658e-05 0.000620798 0.00412542 0.0187536 0.0583494 0.12432 0.18145 0.181459 0.124364 0.0584968 0.0191814 0.00520713 0.00300797 0.00467314 0.00782193 0.0117218 0.0157011 0.0190915 0.0215439 0.0231403 0.0241487 0.0246539 0.0244218 0.0231053 0.020577
 1.047e-16 5.46173e-05 0.0005309 0.00352802 0.0160379 0.0498999 0.106318 0.15518 0.155206 0.106448 0.0503363 0.0172981 0.00669091 0.00743404 0.0131611 0.0216629 0.0311854 0.039195 0.0431613 0.0419515 0.0365231 0.0292881 0.0226642 0.017931 0.0150531 0.0132604
 1.07364e-16 3.83289e-05 0.00037257 0.00247586 0.0112549 0.0350185 0.0746119 0.108906 0.108943 0.074793 0.0356267 0.0130131 0.00689445 0.0100362 0.0184433 0.0305656 0.044343 0.0564206 0.0633772 0.0636002 0.0581755 0.0500088 0.0419389 0.0353602 0.0301687 0.0256132
 1.05655e-16 6.32775e-05 0.00061508 0.00408742 0.0185808 0.0578119 0.123175 0.17978 0.179792 0.123233 0.0580078 0.0191481 0.00551649 0.00375175 0.00607048 0.0100672 0.0148057 0.0192715 0.0224651 0.0239188 0.0239226 0.0232095 0.0223733 0.0215123 0.0203284 0.0184929
 1.03672e-16 5.96935e-05 0.000580242 0.00385591 0.0175284 0.0545376 0.116199 0.1696 0.169622 0.116304 0.0548912 0.0185499 0.00641987 0.00617751 0.0106906 0.0175817 0.0253296 0.031876 0.0351716 0.0342889 0.02998 0.0241648 0.0187712 0.0148252 0.0123192 0.0106758
 1.06937e-16 3.04146e-05 0.000295641 0.00196464 0.00893099 0.0277879 0.0592067 0.0864238 0.0864708 0.0594363 0.0285588 0.0111585 0.00755978 0.0125222 0.0232867 0.0385429 0.0557365 0.0705409 0.0785415 0.0776715 0.0693874 0.0575706 0.0460949 0.0369917 0.0302827 0.0250063
 1.14536e-16 3.80601e-05 0.000369958 0.0024585 0.011176 0.0347728 0.074088 0.108138 0.108161 0.0741986 0.0351452 0.0122558 0.00518555 0.00637784 0.011609 0.0195533 0.0291511 0.0387312 0.0465664 0.0518058 0.0548055 0.0565003 0.0573943 0.057092 0.0547135 0.0497123
 1.04711e-16 7.16266e-05 0.000696237 0.00462674 0.0210325 0.0654399 0.139427 0.203499 0.203506 0.13946 0.0655504 0.0213522 0.00543118 0.00245885 0.00343874 0.00562441 0.00822339 0.0106215 0.0122549 0.0128944 0.0127783 0.0124214 0.0122463 0.0123303 0.0124278 0.0121878
pSPR Fmed_Fpbrs
0.444266   0.6 0.325
Fs Fmed_Fpbrs
0.521846   0.308716 0.769321
SSBpbr Bo_Bmed_Bpbrs
1.31405e+06  518087  722730 361365
Ro
117552
SPR SPRFo_SPRFmed_SPRFpbrs
839044 372759 272689
Fref
0.308716
Nvult_r0
 135535 9763.73 3612.98 3502.54 967.681
CTP_r0
 31992.3 3084.37 1162.04 1127.59 311.546
YTP_r0
391282
Np
 146932 44215.6 13665.3 796.424 368.217
Nvult_p0
 102716 32168.3 9971.68 581.252 268.737
CTP_p0
 17182.7 8425.46 506.622 184.717 219.869
 17182.7 7427.91 2349.57 137.105 63.3927
YTP_p0
 285307 305610
CBA_c0
291398
log_Ro
11.4946
likeval ReclasPelacesDesembMPH_pf_preclas_ppelaces_ptallas_desvR_qrecl_qpela
 13.4736 19.4367 0.0189513 0.000829524 242.49 116.993 101.645 0 25.1188 1.58906e-05 5.40946e-05 0.0741309 2.30478e-15 0 0
q_reclas_q_pelaces
1.75923 2.84733
M
1
N
 156509 32585.3 62390.5 4884.82 0.189626
 88253.5 47900.3 9105.52 17306.5 1354.52
 87658.9 23055.7 10565 1981.06 4057.01
 117811 22987.9 5114.27 2312.08 1320.4
 95386 25663.5 3864.45 841.945 597.312
 204676 29383.1 7241.12 1082.68 403.068
 72023.1 56751.9 7084.11 1726.19 353.963
 28175.1 13637 7737.02 940.499 275.765
 29622.3 9162.4 4172.28 2355.54 370.193
 40236.8 6559.2 1578.37 704.317 459.619
 73151.3 6801.26 754.733 176.061 129.61
 117310 23003 1979.04 218.241 88.3581
 98013.9 24251.9 3576.16 300.67 46.5219
 69134.2 21112 4008.91 578.648 56.1126
 58478.1 9820.44 1873.24 342.441 54.1093
 296820 10314.1 1204.15 223.045 47.1413
 51331 60711.6 1578.11 179.973 40.3305
 539047 12321.1 11798.7 301.506 42.0508
 296219 141503 2737.18 2586.05 75.2457
 247941 69308.3 26469.5 502.846 488.426
 299194 59975.2 13625.8 5117.41 191.467
 452855 78195.2 13236.4 2966.42 1154.92
 81234.8 108856 15229.3 2534.49 788.41
 236843 23130.4 27306.7 3781.41 824.605
 199367 69024 6007.47 7026.49 1184.6
 86330 58082.6 17918 1545.02 2110.69
 197330 26237.6 16061.7 4917.25 1002.81
 225895 57117.9 6745.43 4089.95 1506.7
 63650.7 68200.6 15639.1 1832.4 1519.67
 46044.8 19566.3 19183.2 4367.46 935.749
 185688 12710.3 4685.99 4541.84 1254.81
pred_Ctot
 16877.7 5064 9926.11 778.129 0.0302085
 16626.1 12635.8 2453.45 4668.44 365.403
 16354.5 6027.16 2821.2 529.608 1084.65
 31683.5 8398.89 1904.17 861.71 492.136
 9949.98 3862.64 595.506 129.905 92.1666
 32605.5 6623.82 1668.72 249.795 93.0018
 23302.6 24417.3 3101.01 756.319 155.094
 2087.39 1473.02 856.36 104.233 30.5644
 7765.84 3271.77 1518.56 858.205 134.881
 14627 3120.02 762.954 340.744 222.371
 6801.3 915.999 104.103 24.3157 17.9016
 34023.3 8989.82 787.682 86.947 35.2036
 26811.6 8996.7 1351.75 113.763 17.6032
 28921.1 11296 2176.14 314.345 30.4839
 20406 4510.74 874.748 160.05 25.2907
 87331.3 4082.44 485.341 89.9865 19.0199
 11672.7 19054.1 505.335 57.6916 12.9289
 100311 3213.23 3143.15 80.4114 11.2156
 70693.7 46411.1 915.679 866.029 25.2
 55526.7 21450 8359 158.968 154.418
 56306 15805.5 3667.85 1379.08 51.6011
 102688 24477.8 4227.62 948.463 369.287
 11850.2 22579.4 3230.5 538.267 167.45
 31706.7 4421.8 5340.25 740.408 161.47
 26724.8 13211.7 1176.32 1377.52 232.252
 9636.28 9330.77 2946.49 254.384 347.542
 27115.9 5142.06 3219.85 986.94 201.287
 26021 9457.39 1143.17 693.994 255.677
 6712.06 10372.9 2435.22 285.689 236.947
 7437.65 4468.93 4478.73 1020.87 218.739
 31992.3 3084.37 1162.04 1127.59 311.546
F
 0.183992 0.274981 0.282329 0.282727 0.282748
 0.3423 0.511578 0.525249 0.525989 0.526028
 0.338486 0.505877 0.519396 0.520128 0.520166
 0.524009 0.783147 0.804076 0.805208 0.805268
 0.177511 0.265295 0.272385 0.272768 0.272788
 0.282742 0.422566 0.433859 0.43447 0.434502
 0.664203 0.992671 1.0192 1.02063 1.02071
 0.12333 0.18432 0.189246 0.189512 0.189526
 0.507661 0.758715 0.77899 0.780088 0.780145
 0.777675 1.16226 1.19332 1.195 1.19509
 0.156904 0.234497 0.240764 0.241103 0.241121
 0.576326 0.861336 0.884354 0.8856 0.885666
 0.535267 0.799973 0.821351 0.822508 0.822569
 0.951584 1.42217 1.46018 1.46223 1.46234
 0.735142 1.09869 1.12805 1.12964 1.12973
 0.586993 0.877279 0.900723 0.901992 0.902058
 0.426986 0.638143 0.655197 0.656119 0.656168
 0.337484 0.50438 0.517859 0.518588 0.518627
 0.452535 0.676327 0.694401 0.695379 0.695431
 0.419261 0.626599 0.643344 0.64425 0.644297
 0.341885 0.510957 0.524612 0.52535 0.525389
 0.425542 0.635985 0.652981 0.653901 0.653949
 0.256198 0.382895 0.393128 0.393681 0.393711
 0.232945 0.348143 0.357446 0.35795 0.357976
 0.233282 0.348647 0.357964 0.358469 0.358495
 0.190983 0.28543 0.293058 0.293471 0.293493
 0.23976 0.358328 0.367904 0.368422 0.36845
 0.197618 0.295346 0.303238 0.303665 0.303688
 0.1796 0.268417 0.27559 0.275979 0.275999
 0.287203 0.429234 0.440704 0.441325 0.441358
 0.308978 0.461776 0.474117 0.474784 0.47482
YTP_r0W_actual
 265536 43489.6 32072.2 38563.6 11620.7
YTP_p0W_proyectada
 128698 132027 11718.2 5425.15 7438.19
 128698 116395 54345.6 4026.76 2144.57
CTP_r0_actual
 31992.3 3084.37 1162.04 1127.59 311.546
CTP_p0_proyectada
 17182.7 8425.46 506.622 184.717 219.869
 17182.7 7427.91 2349.57 137.105 63.3927
Wmedp
 7.49 15.67 23.13 29.37 33.83
Frms_r0
 0.308978 0.461776 0.474117 0.474784 0.47482
Zrms_r0
 1.30898 1.46178 1.47412 1.47478 1.47482
nmprior
 8.19 8.8 8.5 0
nm_flota  nm_reclas  nm_pelaces    nm_pelaL
inf 16.1286 14.1133 31.2259
cv_recla  cv_pelaces  cv_mph
0.332021 0.416583 0.888832
 ------------------------------------------------
Talla a la edad & desviaci?n 
 8 13.2811 15.8009 17.003 17.5766
 0.8 1.32811 1.58009 1.7003 1.75766
