years
 1991 1992 1993 1994 1995 1996 1997 1998 1999 2000 2001 2002 2003 2004 2005 2006 2007 2008 2009 2010 2011 2012 2013 2014 2015 2016 2017 2018 2019
reclasobs
 0 0 0 0 0 0 0 0 0 252601 567819 844713 477998 351125 339783 2.1784e+06 2.13404e+06 4.81314e+06 1.55562e+06 2.62356e+06 3.21686e+06 3.843e+06 1.13348e+06 3.07943e+06 1.97215e+06 2.03268e+06 2.025e+06 2.42433e+06 2.27542e+06
reclaspred
 3.19258e+06 1.74085e+06 878619 912088 930532 1.61282e+06 903021 783398 553858 370331 507289 690182 667373 492016 486690 1.3614e+06 1.21349e+06 3.14404e+06 2.49263e+06 1.78267e+06 3.08418e+06 2.53591e+06 1.91323e+06 3.06274e+06 2.25989e+06 2.00911e+06 2.46287e+06 2.5054e+06 1.98552e+06
pelacesobs
 0 0 0 0 0 0 0 0 0 0 0 0 0 0 0 552880 188675 0 991730 2.46772e+06 1.41603e+06 1.21717e+06 2.29649e+06 1.80582e+06 0 1.4828e+06 1.56532e+06 1.57751e+06 1.42118e+06
pelacespred
 1.92763e+06 1.14312e+06 559577 447832 506520 876937 454856 515234 334571 201382 289849 329089 353548 259752 263346 614024 606426 1.71576e+06 1.44397e+06 955016 1.60924e+06 1.40061e+06 1.12792e+06 1.89041e+06 1.3998e+06 1.25334e+06 1.67465e+06 1.5495e+06 1.18306e+06
mphobs
 0 0 0 0 0 0 0 0 0 0 0 0 498337 0 5186 125008 0 168611 109162 213762 579715 649985 157893 87575 83554 210694 70296 0 107559
mphpred
 418831 279277 133657 74034.8 81999.4 99559.9 136214 72624.7 66405.7 41443.5 25043.3 52488.7 58729.7 45656.8 27996.4 36137 129745 115429 259416 181121 182579 213655 197955 163510 254847 196282 171794 195824 252117
desembarqueobs
 494567 514787 250237 358949 120608 361735 552515 73892 212993 205616 52469 317467 293654 387597 252695 516296 358380 742168 942051 627588 828172 859565 418607 520667 417249 300574 415391 372974 316634
desembarquepred
 494571 513938 250642 358981 120613 361742 552539 73897.3 213055 205673 52471.8 317528 293688 387575 252670 516225 358412 742009 941735 627356 828258 859550 418610 520693 417238 300571 415379 372940 316624
Reclutas
 166330 94104.5 92956.6 142835 115425 208897 83513.7 35657.1 34349.2 45567.4 86014.2 125063 102998 73776 67353.5 358725 73581.5 581439 326973 254676 352676 493905 95179.9 281766 238327 108531 242412 247328 84791.1
log_desv_Rt
 0.190877 -0.378687 -0.390961 0.0385965 -0.17447 0.418749 -0.498083 -1.34914 -1.38651 -1.1039 -0.468582 -0.094275 -0.288381 -0.62206 -0.713139 0.959462 -0.6247 1.44241 0.866784 0.616899 0.942456 1.27925 -0.367325 0.717982 0.550548 -0.236058 0.567546 0.58762 -0.482903
SSB
 1.95038e+06 1.30052e+06 622407 344760 381850 463624 634312 338194 309234 192991 116620 244426 260363 208167 125764 162923 604186 537522 1.24577e+06 869289 899248 1.10514e+06 1.06382e+06 842589 1.23265e+06 1.0072e+06 830840 911900 1.21765e+06
BT
 2.76736e+06 1.89827e+06 925816 886426 750489 1.49391e+06 1.06314e+06 737303 643403 461429 441629 707070 740147 756679 618984 1.28723e+06 1.05862e+06 3.05439e+06 2.80312e+06 1.79443e+06 2.85342e+06 2.63983e+06 1.79571e+06 3.06052e+06 2.17648e+06 1.87416e+06 2.6892e+06 2.42122e+06 1.73345e+06
Ftot
 0.21385 0.395777 0.389237 0.580285 0.192289 0.34668 0.810594 0.138474 0.551475 0.783164 0.169703 0.682191 0.647927 1.12649 0.809876 0.627428 0.416206 0.384704 0.546987 0.515193 0.405971 0.507369 0.306395 0.267863 0.268651 0.215436 0.263011 0.233913 0.218574
BD_Bspro_t
 0.966481 0.771018 0.560137 0.459223 0.455417 0.553022 0.55414 0.358613 0.417989 0.354796 0.30758 0.56857 0.445249 0.346941 0.234955 0.286493 0.479059 0.437365 0.575203 0.456529 0.419006 0.466902 0.485381 0.466378 0.592712 0.601445 0.610574 0.658137 0.70306
BD_Bspro
 1.99692 1.33155 0.637258 0.352987 0.390961 0.474687 0.649447 0.346264 0.316612 0.197596 0.119403 0.250259 0.266576 0.213134 0.128765 0.166811 0.618603 0.550348 1.27549 0.890032 0.920706 1.13151 1.0892 0.862695 1.26207 1.03123 0.850665 0.933659 1.2467
BD_Bo
 1.43535 0.957096 0.458049 0.25372 0.281015 0.341196 0.46681 0.248888 0.227575 0.142029 0.0858245 0.179881 0.19161 0.153197 0.0925539 0.1199 0.44464 0.39558 0.916801 0.639738 0.661786 0.813307 0.782899 0.620088 0.907151 0.741228 0.611442 0.671097 0.896107
BD_Brms
 7.97445 5.31739 2.54481 1.40961 1.56125 1.8956 2.59348 1.38276 1.26435 0.789076 0.47682 0.999375 1.06454 0.851123 0.514207 0.666137 2.47031 2.19774 5.09352 3.55423 3.67672 4.51854 4.34959 3.44506 5.03991 4.11808 3.39702 3.72845 4.97855
Sel_flota
 0.723066 0.98024 0.99894 0.999944 0.999997
 0.723066 0.98024 0.99894 0.999944 0.999997
 0.723066 0.98024 0.99894 0.999944 0.999997
 0.723066 0.98024 0.99894 0.999944 0.999997
 0.723066 0.98024 0.99894 0.999944 0.999997
 0.723066 0.98024 0.99894 0.999944 0.999997
 0.723066 0.98024 0.99894 0.999944 0.999997
 0.723066 0.98024 0.99894 0.999944 0.999997
 0.723066 0.98024 0.99894 0.999944 0.999997
 0.723066 0.98024 0.99894 0.999944 0.999997
 0.723066 0.98024 0.99894 0.999944 0.999997
 0.723066 0.98024 0.99894 0.999944 0.999997
 0.723066 0.98024 0.99894 0.999944 0.999997
 0.723066 0.98024 0.99894 0.999944 0.999997
 0.723066 0.98024 0.99894 0.999944 0.999997
 0.723066 0.98024 0.99894 0.999944 0.999997
 0.723066 0.98024 0.99894 0.999944 0.999997
 0.723066 0.98024 0.99894 0.999944 0.999997
 0.723066 0.98024 0.99894 0.999944 0.999997
 0.723066 0.98024 0.99894 0.999944 0.999997
 0.723066 0.98024 0.99894 0.999944 0.999997
 0.723066 0.98024 0.99894 0.999944 0.999997
 0.723066 0.98024 0.99894 0.999944 0.999997
 0.723066 0.98024 0.99894 0.999944 0.999997
 0.723066 0.98024 0.99894 0.999944 0.999997
 0.723066 0.98024 0.99894 0.999944 0.999997
 0.723066 0.98024 0.99894 0.999944 0.999997
 0.723066 0.98024 0.99894 0.999944 0.999997
 0.723066 0.98024 0.99894 0.999944 0.999997
Sel_reclas
 1 1 1 1 1
 1 1 1 1 1
 1 1 1 1 1
 1 1 1 1 1
 1 1 1 1 1
 1 1 1 1 1
 1 1 1 1 1
 1 1 1 1 1
 1 1 1 1 1
 1 1 1 1 1
 1 1 1 1 1
 1 1 1 1 1
 1 1 1 1 1
 1 1 1 1 1
 1 1 1 1 1
 1 1 1 1 1
 1 1 1 1 1
 1 1 1 1 1
 1 1 1 1 1
 1 1 1 1 1
 1 1 1 1 1
 1 1 1 1 1
 1 1 1 1 1
 1 1 1 1 1
 1 1 1 1 1
 1 1 1 1 1
 1 1 1 1 1
 1 1 1 1 1
 1 1 1 1 1
Sel_pelaces
 0.800157 0.952719 0.990235 0.998044 0.999611
 0.800157 0.952719 0.990235 0.998044 0.999611
 0.800157 0.952719 0.990235 0.998044 0.999611
 0.800157 0.952719 0.990235 0.998044 0.999611
 0.800157 0.952719 0.990235 0.998044 0.999611
 0.800157 0.952719 0.990235 0.998044 0.999611
 0.800157 0.952719 0.990235 0.998044 0.999611
 0.800157 0.952719 0.990235 0.998044 0.999611
 0.800157 0.952719 0.990235 0.998044 0.999611
 0.800157 0.952719 0.990235 0.998044 0.999611
 0.800157 0.952719 0.990235 0.998044 0.999611
 0.800157 0.952719 0.990235 0.998044 0.999611
 0.800157 0.952719 0.990235 0.998044 0.999611
 0.800157 0.952719 0.990235 0.998044 0.999611
 0.800157 0.952719 0.990235 0.998044 0.999611
 0.800157 0.952719 0.990235 0.998044 0.999611
 0.800157 0.952719 0.990235 0.998044 0.999611
 0.800157 0.952719 0.990235 0.998044 0.999611
 0.800157 0.952719 0.990235 0.998044 0.999611
 0.800157 0.952719 0.990235 0.998044 0.999611
 0.800157 0.952719 0.990235 0.998044 0.999611
 0.800157 0.952719 0.990235 0.998044 0.999611
 0.800157 0.952719 0.990235 0.998044 0.999611
 0.800157 0.952719 0.990235 0.998044 0.999611
 0.800157 0.952719 0.990235 0.998044 0.999611
 0.800157 0.952719 0.990235 0.998044 0.999611
 0.800157 0.952719 0.990235 0.998044 0.999611
 0.800157 0.952719 0.990235 0.998044 0.999611
 0.800157 0.952719 0.990235 0.998044 0.999611
pf_obs 
 0.8446 0.082 0.0669 0.0065 0
 0.8095 0.147 0.0364 0.0071 0
 0.9664 0.0169 0.016 0.0007 0
 0.9276 0.0648 0.0075 0.0001 0
 0.7033 0.2144 0.0806 0.0017 0
 0.9318 0.0425 0.0243 0.0014 0
 0.5671 0.3108 0.0964 0.0239 0.0018
 0.0768 0.2599 0.5324 0.112 0.0189
 0.490249 0.384438 0.106611 0.0170017 0.00170017
 0.7925 0.1577 0.0466 0.003 0.0002
 0.840416 0.127587 0.0312969 0.00059994 9.999e-05
 0.8084 0.0986 0.0794 0.0134 0.0002
 0.7335 0.1905 0.0724 0.0035 0.0001
 0.4001 0.4547 0.1325 0.0127 0
 0.49795 0.308269 0.164784 0.0264974 0.00249975
 0.9179 0.0499 0.0305 0.0017 0
 0.2467 0.6533 0.0926 0.0074 0
 0.9418 0.0223 0.034 0.0019 0
 0.707729 0.231977 0.0356964 0.0245975 0
 0.517169 0.277429 0.184464 0.0207286 0.00020938
 0.811772 0.124168 0.05621 0.00726502 0.000585176
 0.764997 0.148141 0.077277 0.00933861 0.000247198
 0.163321 0.427699 0.378323 0.0303852 0.000271297
 0.753843 0.0900009 0.118128 0.0371064 0.000921714
 0.721811 0.176058 0.0630433 0.0369309 0.00215725
 0.143369 0.312575 0.442814 0.0836902 0.0175525
 0.692698 0.0596174 0.167031 0.0765114 0.00414204
 0.394062 0.376323 0.152708 0.0712218 0.00568511
 0.125707 0.32114 0.495352 0.0537591 0.00404204
pf_pred 
 0.492124 0.139453 0.344971 0.0234514 8.88964e-07
 0.442296 0.320967 0.0659746 0.159903 0.0108589
 0.59333 0.216348 0.110622 0.0222306 0.05747
 0.745151 0.172464 0.0443019 0.0221467 0.0159364
 0.671176 0.266874 0.0422662 0.0105916 0.00909253
 0.761174 0.176212 0.0510129 0.00791782 0.00368341
 0.476536 0.428726 0.0703079 0.0199085 0.00452211
 0.475904 0.304877 0.180448 0.028784 0.00998695
 0.555855 0.246635 0.115846 0.0672332 0.0144304
 0.734661 0.172155 0.0523236 0.0239794 0.0168814
 0.845907 0.124632 0.0193018 0.00570822 0.00445104
 0.756574 0.214984 0.0230934 0.00350556 0.00184309
 0.703216 0.244255 0.0465339 0.00486929 0.00112617
 0.664178 0.26183 0.0611744 0.0113564 0.00146113
 0.772904 0.173275 0.0422602 0.0095611 0.00199982
 0.944777 0.0463506 0.00681454 0.00161634 0.000441512
 0.393722 0.583265 0.0193943 0.00277976 0.000838281
 0.914511 0.0410914 0.0427494 0.0013894 0.000258876
 0.596008 0.37928 0.0120171 0.0122238 0.000470741
 0.624937 0.256068 0.111886 0.00345931 0.00364956
 0.748382 0.17827 0.0504582 0.0215236 0.00136574
 0.762304 0.192506 0.0322315 0.00891778 0.00404045
 0.321412 0.558585 0.0976338 0.0159608 0.00640852
 0.752488 0.0988167 0.122866 0.0210193 0.00481024
 0.631697 0.298514 0.0282185 0.0343563 0.00721441
 0.44433 0.391842 0.133326 0.0123413 0.0181604
 0.738679 0.137372 0.0879339 0.0293155 0.00669914
 0.669321 0.264042 0.0353832 0.0221797 0.00907381
 0.38044 0.456843 0.130477 0.017128 0.0151121
pobs_RECLAS
 0 0 0 0 0
 0 0 0 0 0
 0 0 0 0 0
 0 0 0 0 0
 0 0 0 0 0
 0 0 0 0 0
 0 0 0 0 0
 0 0 0 0 0
 0 0 0 0 0
 0 0 0 0 0
 0.991045 0.00858322 0.000360255 1.14367e-05 0
 0.934742 0.0480273 0.0164251 0.00080598 0
 0.827803 0.169806 0.00239088 0 0
 0.941827 0.0461693 0.0120037 0 0
 0.791401 0.0380133 0.147996 0.0225897 0
 0.846168 0.0940531 0.0597789 0 0
 0.134021 0.677848 0.182769 0.00536245 0
 0.80878 0.0450904 0.141981 0.00414843 0
 0.846168 0.0940531 0.0597789 0 0
 0.905697 0.0802665 0.012482 0.00150086 5.37128e-05
 0.989698 0.0102097 9.19794e-05 0 0
 0.975433 0.0193895 0.00387452 0.00125025 5.28907e-05
 0.303575 0.632131 0.0575291 0.00676475 0
 0.966965 0.00978017 0.0227588 0.000495775 0
 0.843318 0.132988 0.00938335 0.0141283 0.000182051
 0.564624 0.303363 0.111486 0.0197234 0.00080311
 0.826376 0.0876187 0.0782897 0.00655872 0.00115652
 0.89761 0.0855135 0.0140674 0.00269457 0.000114338
 0.34875 0.467042 0.161289 0.0227151 0.000203297
ppred_RECLAS
 0.572507 0.119036 0.28884 0.0196154 7.43515e-07
 0.523012 0.276898 0.0558043 0.135111 0.00917481
 0.668681 0.177924 0.0891991 0.0179068 0.0462895
 0.80247 0.134569 0.0338741 0.0169156 0.0121714
 0.73617 0.21491 0.0333876 0.00835813 0.00717478
 0.814261 0.137751 0.0391044 0.00606315 0.00282046
 0.560269 0.361529 0.0580527 0.0164199 0.00372947
 0.554563 0.26121 0.151672 0.0241693 0.00838536
 0.63519 0.204436 0.0941073 0.054558 0.0117092
 0.795262 0.133834 0.039833 0.0182347 0.0128364
 0.882357 0.0955048 0.0145096 0.00428663 0.00334237
 0.811975 0.166457 0.017516 0.002656 0.00139635
 0.766974 0.192477 0.035926 0.00375519 0.000868449
 0.738021 0.205266 0.0468982 0.00869582 0.00111874
 0.826655 0.132927 0.0317442 0.00717386 0.00150041
 0.959574 0.0340427 0.00490386 0.00116189 0.000317357
 0.471302 0.509012 0.0165938 0.00237586 0.000716438
 0.936739 0.0307189 0.031335 0.00101736 0.000189545
 0.670624 0.309617 0.00961407 0.00976898 0.000376184
 0.69774 0.207676 0.0889391 0.0027469 0.0028978
 0.804 0.139675 0.0387607 0.0165165 0.00104796
 0.815861 0.149705 0.0245679 0.00679017 0.00307631
 0.393776 0.500745 0.0858338 0.0140173 0.00562784
 0.807652 0.0776986 0.0947508 0.0161928 0.0037055
 0.701504 0.242847 0.022515 0.0273839 0.00574998
 0.522919 0.338349 0.112925 0.0104422 0.0153649
 0.795669 0.108417 0.0680658 0.0226685 0.00517988
 0.734827 0.212578 0.0279412 0.0174968 0.00715761
 0.456891 0.402513 0.112762 0.0147874 0.0130463
pobs_PELACES
 0 0 0 0 0
 0 0 0 0 0
 0 0 0 0 0
 0 0 0 0 0
 0 0 0 0 0
 0 0 0 0 0
 0 0 0 0 0
 0 0 0 0 0
 0 0 0 0 0
 0 0 0 0 0
 0 0 0 0 0
 0 0 0 0 0
 0 0 0 0 0
 0 0 0 0 0
 0 0 0 0 0
 0 0 0 0 0
 0.505614 0.472636 0.0217494 0 0
 0 0 0 0 0
 0.443492 0.261883 0.143347 0.151278 0
 0.227955 0.32914 0.350689 0.0885471 0.00366901
 0.970185 0.0296113 0.000203453 0 0
 0.997202 0.00247181 0.000326279 0 0
 0.445219 0.490057 0.0546422 0.010081 0
 0.90214 0.0892962 0.00764917 0.000914606 0
 0 0 0 0 0
 0.581667 0.319106 0.0959925 0.00289975 0.000334073
 0.762889 0.0836404 0.116647 0.0363945 0.000428098
 0.88444 0.0763242 0.0277011 0.0115352 0
 0.521256 0.241999 0.230069 0.00667565 0
ppred_PELACES
 0.527051 0.128132 0.322728 0.022088 8.3855e-07
 0.483363 0.294635 0.0615666 0.150219 0.0102166
 0.632291 0.19381 0.100747 0.0203819 0.0527701
 0.77971 0.148201 0.038636 0.0194419 0.014011
 0.702743 0.240313 0.0387582 0.0097785 0.0084072
 0.789662 0.154448 0.0454736 0.00710548 0.0033105
 0.532479 0.381912 0.0634224 0.0180752 0.00411185
 0.509988 0.282673 0.170453 0.0273749 0.0095124
 0.601021 0.21979 0.104802 0.061226 0.0131608
 0.774829 0.145273 0.0447236 0.0206296 0.0145449
 0.863784 0.109729 0.017309 0.00515368 0.00402471
 0.792833 0.182636 0.0198914 0.00303929 0.00160034
 0.743741 0.210343 0.0406439 0.00428091 0.000991575
 0.721027 0.217005 0.0511757 0.00956021 0.00123185
 0.809686 0.144726 0.0357437 0.00813923 0.00170497
 0.954344 0.0382221 0.0057006 0.00136103 0.000372329
 0.436465 0.541785 0.0183106 0.00264198 0.00079793
 0.926512 0.0350146 0.0370352 0.00121175 0.000226117
 0.641187 0.33648 0.0108231 0.0110822 0.000427418
 0.666941 0.226246 0.100388 0.0031244 0.00330119
 0.779059 0.15569 0.0447938 0.0192352 0.00122237
 0.794116 0.166185 0.0282578 0.00787027 0.00357121
 0.357383 0.527228 0.0937545 0.0154299 0.00620472
 0.779026 0.0872283 0.110378 0.0190105 0.00435711
 0.667042 0.268747 0.0258545 0.0316908 0.00666474
 0.481018 0.363866 0.126056 0.0117475 0.0173126
 0.766489 0.121609 0.0792258 0.0265909 0.00608569
 0.70189 0.237012 0.0323328 0.0204049 0.00836034
 0.416038 0.428384 0.124567 0.0164632 0.0145475
pobs_pel_tallas
 0 0 0 0 0 0 0 0 0 0 0 0 0 0 0 0 0 0 0 0 0 0 0 0 0 0
 0 0 0 0 0 0 0 0 0 0 0 0 0 0 0 0 0 0 0 0 0 0 0 0 0 0
 0 0 0 0 0 0 0 0 0 0 0 0 0 0 0 0 0 0 0 0 0 0 0 0 0 0
 0 0 0 0 0 0 0 0 0 0 0 0 0 0 0 0 0 0 0 0 0 0 0 0 0 0
 0 0 0 0 0 0 0 0 0 0 0 0 0 0 0 0 0 0 0 0 0 0 0 0 0 0
 0 0 0 0 0 0 0 0 0 0 0 0 0 0 0 0 0 0 0 0 0 0 0 0 0 0
 0 0 0 0 0 0 0 0 0 0 0 0 0 0 0 0 0 0 0 0 0 0 0 0 0 0
 0 0 0 0 0 0 0 0 0 0 0 0 0 0 0 0 0 0 0 0 0 0 0 0 0 0
 0 0 0 0 0 0 0 0 0 0 0 0 0 0 0 0 0 0 0 0 0 0 0 0 0 0
 0 0 0 0 0 0 0 0 0 0 0 0 0 0 0 0 0 0 0 0 0 0 0 0 0 0
 0 0 0 0 0 0 0 0 0 0 0 0 0 0 0 0 0 0 0 0 0 0 0 0 0 0
 0 0 0 0 0 0 0 0 0 0 0 0 0 0 0 0 0 0 0 0 0 0 0 0 0 0
 0.00862536 0 0 0.000197151 0.00414017 0.0128641 0.00837892 0.0270097 0.101434 0.158115 0.152841 0.127902 0.109271 0.109419 0.0830992 0.0579132 0.0238553 0.00714673 0.00463305 0.00128148 0.00103504 0.000492878 0.000147863 0.000147863 4.92878e-05 0
 0 0 0 0 0 0 0 0 0 0 0 0 0 0 0 0 0 0 0 0 0 0 0 0 0 0
 0 0 0 0 0 0 0 0.0054083 0.00873648 0.0413646 0.0450493 0.0745869 0.0622846 0.0627006 0.0613931 0.0827291 0.12552 0.122667 0.0946155 0.0697135 0.0546179 0.0294188 0.0215738 0.0213955 0.0102223 0.00600262
 0 0 0 0 0.00359764 0.0251062 0.0480494 0.140153 0.205849 0.193036 0.1447 0.116669 0.0760912 0.0342217 0.00950174 0.001854 0.000860785 0 0 0 0.000165536 0 0.000143464 0 0 0
 0 0 0 0 0 0 0 0.000145254 0.000435761 0.0275982 0.070085 0.0708112 0.156366 0.174668 0.174014 0.160142 0.0824315 0.0480064 0.0283245 0.00493863 0.00203355 0 0 0 0 0
 0 0 0 0 0 0 0 0 0 0 0 0 0 0 0 0 0 0 0 0 0 0 0 0 0 0
 0 0 1.00437e-05 0.000401748 0.00122533 0.00171747 0.00176769 0.0269171 0.070346 0.194647 0.189555 0.159765 0.064822 0.0314167 0.0384472 0.0292271 0.0345202 0.0313363 0.0194345 0.0106764 0.0143323 0.0359363 0.0279516 0.0138201 0.00172751 0
 0 0.0021121 0.0136068 0.0755702 0.200478 0.177729 0.0527432 0.0373336 0.0318909 0.0142505 0.0149659 0.0166563 0.0217959 0.0798694 0.0677717 0.0528807 0.04013 0.0224614 0.0357745 0.0225083 0.00881397 0.00855152 0.00135912 0.000746735 0 0
 0 0 0 0 5.4009e-05 0.00500934 0.000945158 0.0243581 0.138947 0.33067 0.221406 0.137944 0.0707744 0.0437923 0.0131692 0.00525238 0.0047753 0.00276346 9.45158e-05 9.00151e-06 2.25038e-05 9.00151e-06 4.50075e-06 0 0 0
 0.000866109 0.00284123 0.00948549 0.0512746 0.133035 0.25785 0.225252 0.132002 0.0553304 0.0519788 0.0540692 0.017754 0.00435017 0.00159236 0.00146478 0.000404838 0.000125132 0.000115318 0.000107957 0.000100596 0 0 0 0 0 0
 0 0 0 0 0.00144013 0.00171154 0.00461396 0.0210425 0.0478622 0.0707936 0.0888783 0.103762 0.0637923 0.0337046 0.0602308 0.124433 0.169614 0.0934646 0.0462172 0.0250306 0.0313229 0.00938855 0.002487 0.000210481 0 0
 0 0.00764035 0.051015 0.0998891 0.058973 0.0496711 0.0374665 0.0718981 0.12319 0.153886 0.159021 0.0857701 0.0377988 0.023471 0.0147837 0.00900784 0.00315554 0.000888139 0.00291439 0.00214683 0.00393193 0.00274676 0.000635225 9.99891e-05 0 0
 0 0 0 0 0 0 0 0 0 0 0 0 0 0 0 0 0 0 0 0 0 0 0 0 0 0
 0 0 0 0 0 0 0 0 0 0 0 0 0 0 0 0 0 0 0 0 0 0 0 0 0 0
 0 0 0 0 0 0 0 0 0 0 0 0 0 0 0 0 0 0 0 0 0 0 0 0 0 0
 0 0 0 0 0 0 0 0 0 0 0 0 0 0 0 0 0 0 0 0 0 0 0 0 0 0
 0 0 0 0 0 0 0 0 0 0 0 0 0 0 0 0 0 0 0 0 0 0 0 0 0 0
ppred_pel_tallas
 1.11562e-16 4.34125e-05 0.000421985 0.00280424 0.0127477 0.0396628 0.0845063 0.123342 0.123355 0.0845692 0.0398754 0.0133677 0.00438336 0.00394468 0.00695437 0.0120026 0.0186201 0.0261865 0.0339938 0.0415508 0.0485784 0.0546279 0.0587489 0.0596806 0.0565426 0.0494897
 1.18646e-16 3.9814e-05 0.000387007 0.0025718 0.011691 0.0363753 0.0775025 0.113123 0.113152 0.0776417 0.036843 0.013043 0.00597029 0.00782255 0.0142127 0.0235764 0.034318 0.0439717 0.0501166 0.0518067 0.0501886 0.0476796 0.0463313 0.0466429 0.047566 0.047427
 1.13932e-16 5.2081e-05 0.000506246 0.00336418 0.0152931 0.0475826 0.10138 0.147972 0.147991 0.101472 0.0478918 0.0161878 0.00561638 0.00544436 0.00949458 0.0157844 0.0231392 0.0299704 0.0347035 0.0366596 0.0364371 0.0354025 0.034706 0.0346147 0.0345738 0.0337606
 1.05474e-16 6.42237e-05 0.000624278 0.00414854 0.0188587 0.0586765 0.125017 0.182469 0.182483 0.125087 0.0589116 0.0195382 0.00585598 0.00435773 0.00717309 0.0118063 0.0171203 0.0217888 0.024513 0.0247191 0.0228957 0.0202327 0.0178545 0.0162493 0.0152355 0.0143202
 1.03584e-16 5.78841e-05 0.000562654 0.00373903 0.0169971 0.0528845 0.112677 0.16446 0.164483 0.11279 0.0532647 0.0180954 0.00649638 0.00658357 0.0114975 0.0189291 0.0272939 0.0343909 0.0380174 0.0371628 0.0326044 0.0263639 0.0204784 0.0160433 0.0130832 0.0110439
 1.02625e-16 6.50434e-05 0.000632245 0.00420149 0.0190994 0.0594254 0.126613 0.184798 0.184813 0.126686 0.0596704 0.0198076 0.00598092 0.00452275 0.0074714 0.0122946 0.0178114 0.022621 0.0253343 0.0253 0.0229656 0.0195232 0.0161443 0.0134146 0.0113031 0.00950246
 1.04437e-16 4.38597e-05 0.000426332 0.00283313 0.012879 0.0400715 0.085378 0.124619 0.124656 0.085558 0.0406758 0.0146246 0.00721556 0.00999596 0.0182264 0.0300839 0.043383 0.0546615 0.0604136 0.0590175 0.0516854 0.0416045 0.0319939 0.0245982 0.0194925 0.0158622
 1.09347e-16 4.20071e-05 0.000408324 0.00271346 0.012335 0.0383789 0.0817713 0.119353 0.119381 0.0819055 0.0388302 0.0136414 0.00600277 0.00762247 0.0138414 0.0230732 0.0338339 0.0438017 0.0505992 0.0530796 0.0518889 0.0487775 0.0452766 0.0418589 0.0381071 0.0334768
 1.11448e-16 4.95054e-05 0.00048121 0.00319781 0.0145368 0.0452295 0.096367 0.140655 0.140676 0.0964712 0.0455799 0.0155507 0.00574954 0.00607453 0.0107403 0.0178583 0.0261517 0.0338105 0.0390284 0.0410094 0.0404006 0.0387159 0.0372268 0.0362247 0.0351201 0.0330946
 1.05859e-16 6.38216e-05 0.000620369 0.00412257 0.0187406 0.0583091 0.124234 0.181326 0.18134 0.124303 0.0585398 0.0194075 0.0057989 0.00428765 0.00705206 0.01162 0.016883 0.0215555 0.0243785 0.0247954 0.0232735 0.0209466 0.0188672 0.017463 0.0165206 0.0155505
 1.01726e-16 7.11487e-05 0.000691591 0.00459587 0.0208922 0.0650033 0.138497 0.202142 0.202153 0.138548 0.0651769 0.0213936 0.00585483 0.00344063 0.00529421 0.00864559 0.0124615 0.0157018 0.017359 0.0169732 0.0149019 0.0120706 0.00941022 0.00741887 0.0061024 0.00520032
 1.01197e-16 6.53046e-05 0.000634784 0.00421837 0.0191761 0.059664 0.127121 0.185541 0.185558 0.127207 0.0599526 0.0200095 0.00630985 0.00519882 0.00872819 0.0143128 0.0205801 0.0258123 0.0283039 0.0272658 0.0232921 0.0179583 0.0128871 0.00900592 0.00642268 0.00477395
 1.01824e-16 6.1261e-05 0.000595479 0.00395717 0.0179887 0.0559697 0.11925 0.174053 0.174073 0.119349 0.0563026 0.0189506 0.00637229 0.00587008 0.0100855 0.016594 0.023938 0.0301826 0.0333903 0.0326534 0.0286135 0.0229945 0.0175463 0.0132316 0.0101276 0.00784891
 1.027e-16 5.93901e-05 0.000577293 0.00383632 0.0174394 0.0542604 0.115608 0.168738 0.168759 0.115711 0.0546042 0.0184329 0.00633171 0.00602989 0.0104299 0.0171876 0.0248442 0.0314298 0.0349695 0.0345388 0.030787 0.0254468 0.0202491 0.0161043 0.0130275 0.0105978
 1.02174e-16 6.66928e-05 0.000648278 0.00430804 0.0195837 0.0609323 0.129823 0.189484 0.189498 0.129891 0.0611617 0.0202466 0.00597306 0.00428704 0.00698911 0.0114796 0.016602 0.0210273 0.0234438 0.0232408 0.0208525 0.0174281 0.0141069 0.0114742 0.00951671 0.00793582
 1.00374e-16 7.86081e-05 0.000764098 0.0050777 0.0230825 0.0718182 0.153016 0.223333 0.223336 0.153034 0.0718787 0.0232571 0.00551603 0.00172104 0.00189625 0.00301105 0.00433121 0.00544912 0.00600755 0.00584291 0.00507719 0.00403251 0.00303646 0.00227002 0.00174603 0.00138547
 1.01067e-16 3.59511e-05 0.000349458 0.00232227 0.0105567 0.0328462 0.0699843 0.102155 0.102207 0.0702389 0.033701 0.0130242 0.00851131 0.0138445 0.0256194 0.0421759 0.0604674 0.0754383 0.0819601 0.0776672 0.0643973 0.0470214 0.030638 0.0182835 0.0104588 0.00609562
 1.01238e-16 7.63156e-05 0.000741815 0.00492962 0.0224093 0.0697238 0.148554 0.21682 0.216823 0.148571 0.0697802 0.0225729 0.00534248 0.0016509 0.00182562 0.00295647 0.00438849 0.00580213 0.00691633 0.00758319 0.00783935 0.00781965 0.0076143 0.0072037 0.00651685 0.00553902
 1.01583e-16 5.28138e-05 0.000513369 0.00341152 0.0155083 0.0482522 0.102808 0.150058 0.15009 0.102966 0.0487831 0.017041 0.00725595 0.0088967 0.0159476 0.0262117 0.0375921 0.0469361 0.0510734 0.0485545 0.0405374 0.0300504 0.0202397 0.0129422 0.00839981 0.00587905
 1.03827e-16 5.49351e-05 0.000533989 0.00354854 0.0161312 0.0501902 0.106936 0.156081 0.156103 0.107043 0.0505502 0.0171721 0.00616643 0.00626519 0.0109871 0.0182004 0.0264982 0.0339107 0.0384388 0.0391123 0.0364912 0.0321489 0.0275969 0.023541 0.0199115 0.0163857
 1.03469e-16 6.41701e-05 0.000623756 0.00414508 0.0188429 0.0586274 0.124913 0.182317 0.182332 0.124986 0.0588745 0.019557 0.00593944 0.00454753 0.00753587 0.0124088 0.0179924 0.0228875 0.0257113 0.0258281 0.0237057 0.0205481 0.0175124 0.015135 0.0133102 0.0116558
 1.02252e-16 6.54103e-05 0.000635811 0.00422519 0.0192071 0.0597605 0.127327 0.18584 0.185856 0.127405 0.0600235 0.0199668 0.0061325 0.00480092 0.00798001 0.0131004 0.0188923 0.0238152 0.0263446 0.025779 0.0226487 0.0183404 0.0142505 0.0111288 0.00899469 0.00747904
 1.05438e-16 2.94373e-05 0.000286141 0.00190151 0.00864401 0.026895 0.0573045 0.0836483 0.0836991 0.057553 0.0277293 0.0110542 0.0079528 0.0135007 0.0251395 0.0415483 0.0599277 0.0755222 0.083486 0.0815621 0.0713949 0.0573535 0.0438651 0.0333531 0.0259728 0.0206765
 1.05852e-16 6.41674e-05 0.00062373 0.0041449 0.0188421 0.0586249 0.124907 0.182307 0.182316 0.124949 0.0587661 0.0192521 0.00518158 0.00291213 0.00448461 0.00750675 0.0112615 0.0151113 0.0184263 0.0208822 0.0225635 0.0237229 0.0244246 0.024414 0.0233215 0.0209909
 1.05121e-16 5.49435e-05 0.00053407 0.00354908 0.0161336 0.0501979 0.106953 0.156106 0.156132 0.107079 0.0506227 0.0173605 0.00662824 0.00725499 0.0128171 0.0210983 0.0303835 0.0382119 0.0421293 0.0410417 0.0358867 0.0290099 0.0227516 0.0183332 0.0156896 0.0140408
 1.07839e-16 3.96209e-05 0.000385129 0.00255932 0.0116343 0.0361989 0.0771269 0.112576 0.112611 0.0772989 0.0367767 0.0133049 0.00675828 0.00957031 0.0175391 0.0290769 0.0422183 0.0537919 0.0605659 0.0610194 0.0561771 0.0487698 0.0414446 0.0354692 0.0306969 0.0263899
 1.06015e-16 6.31347e-05 0.000613692 0.0040782 0.0185389 0.0576814 0.122897 0.179374 0.179386 0.122955 0.0578759 0.019102 0.00549689 0.00372787 0.00602818 0.00999916 0.014712 0.019164 0.0223694 0.0238709 0.0239618 0.0233702 0.0226781 0.0219663 0.0209155 0.0191748
 1.04455e-16 5.78138e-05 0.000561971 0.00373449 0.0169765 0.0528203 0.11254 0.16426 0.164283 0.112652 0.0531951 0.0180593 0.00645287 0.00649725 0.0113333 0.0186547 0.0268932 0.0338815 0.0374584 0.0366497 0.0322536 0.0262947 0.0207934 0.016805 0.0142877 0.0126044
 1.07818e-16 3.42686e-05 0.000333103 0.00221359 0.0100627 0.0313089 0.0667085 0.0973716 0.097413 0.0669108 0.0319884 0.0120267 0.00714851 0.0111224 0.0205727 0.0340812 0.0493827 0.0627074 0.0702117 0.0700953 0.0636106 0.0540819 0.0447766 0.0373299 0.0316498 0.0268576
pSPR Fmed_Fpbrs
0.558157   0.229994 0.229994
Fs Fmed_Fpbrs
0.34   1.005 1.005
SSBpbr Bo_Bmed_Bpbrs
1.35882e+06  690494  244579 244579
Ro
137427
SPR SPRFo_SPRFmed_SPRFpbrs
976694 545149 224633
Fref
1.005
Nvult_r0
 69709 66275.5 18659.9 2447.68 2159.51
CTP_r0
 29337.3 32889.7 9348.27 1226.86 1082.45
YTP_r0
1.10138e+06
Np
 217355 38661.7 3658.33 3075.26 974.552
Nvult_p0
 178693 33351.1 3165.17 2661.12 843.318
CTP_p0
 75203.7 11401.3 9888.18 2766.29 469.984
 75203.7 16550.7 1585.69 1333.84 422.71
YTP_p0
 1.1072e+06 950690
CBA_c0
1.10313e+06
log_Ro
11.6508
likeval ReclasPelacesDesembMPH_pf_preclas_ppelaces_ptallas_desvR_qrecl_qpela
 12.0674 16.8168 0.0296619 0.000783121 198.564 104.374 86.738 0 22.1031 4.94473e-06 2.32072e-05 0.146043 0 0 0
q_reclas_q_pelaces
1.36954 1.97641
M
1
N
 166330 35547.5 86428.4 5870.07 0.222504
 94104.5 52422.9 10604.2 25679.5 1743.8
 92956.6 26003.6 13084 2627.12 6791.27
 142835 25808.1 6531.84 3262.73 2347.7
 115425 34539.6 5375.6 1345.84 1155.3
 208897 36950.8 10523.6 1631.96 759.165
 83513.7 59809.8 9677.04 2738.21 621.947
 35657.1 17096.9 9940.25 1584.11 549.597
 34349.2 11867.7 5491.27 3184.4 683.445
 45567.4 8480.98 2542.75 1164.47 819.754
 86014.2 9515.43 1447.93 427.804 333.568
 125063 27988.8 2964.07 449.605 236.376
 102998 28093.8 5275.61 551.616 127.572
 73776 23717.6 5476.28 1015.98 130.713
 67353.5 12019.2 2892.12 653.855 136.757
 358725 13795.8 1998.98 473.772 129.408
 73581.5 83837.8 2743.77 392.929 118.489
 581439 20034.4 20509.8 666.021 124.089
 326973 161958 5054.84 5137.7 197.846
 254676 80993.6 34853.8 1076.74 1135.91
 352676 64552.2 17981.7 7663.85 486.272
 493905 96738 15951 4409.74 1997.87
 95179.9 125899 21642.6 3534.93 1419.26
 281766 28056.6 34299.9 5862.6 1341.59
 238327 85404 7937.94 9655.84 2027.52
 108531 72196.4 24144.4 2232.87 3285.53
 242412 34167 21503.4 7162.39 1636.66
 247328 73734.2 9712.83 6082.88 2488.41
 84791.1 76828.8 21567.2 2828.6 2495.57
pred_Ctot
 15254.4 4322.61 10693.1 726.922 0.0275552
 15152.4 10995.9 2260.2 5478.05 372.01
 14747.8 5377.56 2749.62 552.565 1428.48
 32008.7 7408.37 1903.03 951.335 684.562
 9579.08 3808.85 603.227 151.164 129.769
 29881.7 6917.62 2002.63 310.832 144.601
 24542.9 22080.5 3621.05 1025.34 232.901
 2165.15 1387.05 820.959 130.954 45.4362
 7374.45 3272.07 1536.92 891.973 191.446
 13034.4 3054.38 928.328 425.443 299.511
 6341.9 934.382 144.708 42.7954 33.3701
 32031.7 9101.99 977.725 148.418 78.0327
 25292.9 8785.23 1673.71 175.136 40.5055
 27722.1 10928.5 2553.36 474.006 60.986
 19780 4434.43 1081.52 244.686 51.1792
 85788.7 4208.78 618.782 146.769 40.0907
 12386.9 18350.2 610.168 87.4545 26.3733
 91291.2 4101.95 4267.46 138.697 25.8423
 69714.3 44363.9 1405.62 1429.8 55.062
 51602 21143.9 9238.6 285.64 301.349
 58080.1 13835.1 3915.93 1670.39 105.991
 98771.6 24943 4176.23 1155.48 523.521
 12173.7 21156.8 3697.95 604.528 242.728
 31860.9 4183.97 5202.22 889.972 203.669
 27022.1 12769.5 1207.1 1469.66 308.61
 10022.7 8838.75 3007.43 278.383 409.642
 26952.5 5012.37 3208.49 1069.65 244.435
 24665.5 9730.32 1303.92 817.355 334.383
 7937.12 9531.11 2722.13 357.342 315.284
F
 0.154627 0.209624 0.213623 0.213838 0.213849
 0.286173 0.387956 0.395357 0.395755 0.395776
 0.281444 0.381545 0.388824 0.389215 0.389235
 0.419584 0.568819 0.57967 0.580252 0.580283
 0.139038 0.18849 0.192085 0.192278 0.192289
 0.250673 0.33983 0.346313 0.346661 0.346679
 0.586113 0.794577 0.809735 0.810549 0.810592
 0.100126 0.135738 0.138328 0.138467 0.138474
 0.398753 0.540578 0.55089 0.551444 0.551473
 0.566279 0.767689 0.782334 0.78312 0.783161
 0.122707 0.16635 0.169523 0.169694 0.169703
 0.49327 0.668712 0.681468 0.682153 0.682189
 0.468494 0.635124 0.64724 0.647891 0.647925
 0.814526 1.10423 1.12529 1.12643 1.12649
 0.585594 0.793873 0.809017 0.80983 0.809873
 0.453672 0.61503 0.626763 0.627393 0.627426
 0.300945 0.407982 0.415765 0.416183 0.416205
 0.278166 0.377102 0.384296 0.384682 0.384702
 0.395508 0.536179 0.546407 0.546956 0.546985
 0.372519 0.505013 0.514647 0.515164 0.515192
 0.293544 0.397949 0.405541 0.405948 0.40597
 0.366861 0.497343 0.506831 0.50734 0.507367
 0.221544 0.300341 0.30607 0.306378 0.306394
 0.193683 0.26257 0.267579 0.267848 0.267862
 0.194252 0.263342 0.268366 0.268636 0.26865
 0.155775 0.211179 0.215208 0.215424 0.215436
 0.190174 0.257814 0.262732 0.262996 0.26301
 0.169134 0.229291 0.233665 0.2339 0.233912
 0.158044 0.214255 0.218342 0.218562 0.218573
YTP_r0W_actual
 152554 674240 202857 35578.9 36153.7
YTP_p0W_proyectada
 567036 198953 238008 86640.2 16566.9
 567036 288810 38167.6 41775.9 14900.5
CTP_r0_actual
 29337.3 32889.7 9348.27 1226.86 1082.45
CTP_p0_proyectada
 75203.7 11401.3 9888.18 2766.29 469.984
 75203.7 16550.7 1585.69 1333.84 422.71
Wmedp
 7.54 17.45 24.07 31.32 35.25
Frms_r0
 0.726681 0.985142 1.00393 1.00494 1.005
Zrms_r0
 1.72668 1.98514 2.00393 2.00494 2.005
nmprior
 7.29 8.9 8.7 0
nm_flota  nm_reclas  nm_pelaces    nm_pelaL
inf 13.1864 14.7826 19.3519
cv_recla  cv_pelaces  cv_mph
0.329556 0.502247 0.807837
 ------------------------------------------------
Talla a la edad & desviaci?n 
 8 13.2811 15.8009 17.003 17.5766
 0.8 1.32811 1.58009 1.7003 1.75766
