    unsorted:	 2.337901424e-06 2.228424157e-06 5.789806446e-05 4.993962665e-05 8.422093424e-05 0.001799895061 9.202257238 9.339177312 12.20432047 62.41595028 172.7939810 204.6685748 132.3243612 257.9662610 453.4803863 502.5399867 634.1431018 622.9688238 780.5699670 794.7761713 888.9121738 925.4633320 940.4425459 1041.595536 1172.626125 1189.117476 1318.865873 1440.981948 1522.385257 1624.436979 1790.029379 1881.837277 2111.672394 2347.516849 2300.275165 2402.935543 2433.064973 2608.616212 2838.695416 2878.452022 3026.566871 3240.499448 3317.607483 3816.620068 4174.404535 4305.465324 9711.730940 41002.04554 375363.7360 375086.9418 383459.4478 391110.0483 361413.5559 354038.2660 399163.3077 413021.4135 436430.4462 434781.0618 315567.7023 148769.0314 511494.8536 592877.7577 598571.4179 638456.1039 679270.0048 689842.1241 786229.2381 952637.9016 1021117.971 1116410.881 1162486.290 1489095.472 1637021.583 1792262.798 2352307.113 2391098.585 2437485.571 2494280.471 2752794.890 2960671.179 3336223.930 46091594.09
      sorted:	 2.228424157e-06 2.337901424e-06 4.993962665e-05 5.789806446e-05 8.422093424e-05 0.001799895061 9.202257238 9.339177312 12.20432047 62.41595028 132.3243612 172.7939810 204.6685748 257.9662610 453.4803863 502.5399867 622.9688238 634.1431018 780.5699670 794.7761713 888.9121738 925.4633320 940.4425459 1041.595536 1172.626125 1189.117476 1318.865873 1440.981948 1522.385257 1624.436979 1790.029379 1881.837277 2111.672394 2300.275165 2347.516849 2402.935543 2433.064973 2608.616212 2838.695416 2878.452022 3026.566871 3240.499448 3317.607483 3816.620068 4174.404535 4305.465324 9711.730940 41002.04554 148769.0314 315567.7023 354038.2660 361413.5559 375086.9418 375363.7360 383459.4478 391110.0483 399163.3077 413021.4135 434781.0618 436430.4462 511494.8536 592877.7577 598571.4179 638456.1039 679270.0048 689842.1241 786229.2381 952637.9016 1021117.971 1116410.881 1162486.290 1489095.472 1637021.583 1792262.798 2352307.113 2391098.585 2437485.571 2494280.471 2752794.890 2960671.179 3336223.930 46091594.09
