years
 1991 1992 1993 1994 1995 1996 1997 1998 1999 2000 2001 2002 2003 2004 2005 2006 2007 2008 2009 2010 2011 2012 2013 2014 2015 2016 2017 2018 2019 2020
reclasobs
 0 0 0 0 0 0 0 0 0 252601 567819 844713 477998 351125 339783 2.1784e+06 2.13404e+06 4.81314e+06 1.55562e+06 2.62356e+06 3.21686e+06 3.843e+06 1.13348e+06 3.07943e+06 1.97215e+06 2.03268e+06 2.025e+06 2.42433e+06 2.27542e+06 1.05018e+06
reclaspred
 3.15728e+06 1.72561e+06 871627 887707 896891 1.53364e+06 867723 757439 541287 370020 500120 675735 654361 486116 484287 1.34223e+06 1.19594e+06 3.0908e+06 2.44019e+06 1.77112e+06 3.04937e+06 2.50708e+06 1.91438e+06 3.01453e+06 2.23993e+06 1.98407e+06 2.37771e+06 2.61313e+06 2.06003e+06 1.23515e+06
pelacesobs
 0 0 0 0 0 0 0 0 0 0 0 0 0 0 0 552880 188675 0 991730 2.46772e+06 1.41603e+06 1.21717e+06 2.29649e+06 1.80582e+06 0 1.4828e+06 1.56532e+06 1.57751e+06 1.42118e+06 867257
pelacespred
 1.79778e+06 1.07372e+06 529344 443054 485209 860014 424906 495560 324602 204492 298759 333444 357167 270404 280321 656360 592666 1.79656e+06 1.43223e+06 949517 1.64103e+06 1.41055e+06 1.10459e+06 1.92872e+06 1.36532e+06 1.21687e+06 1.66391e+06 1.64144e+06 1.17804e+06 806196
mphobs
 0 0 0 0 0 0 0 0 0 0 0 0 498337 0 5186 125008 0 168611 109162 213762 579715 649985 157893 87575 83554 210694 70296 0 107559 103333
mphpred
 2.09834e+06 1.39611e+06 671135 371077 403330 481846 654214 354214 324435 207173 128390 261582 293201 229437 143231 185034 652339 575971 1.29632e+06 903681 926452 1.07368e+06 997904 831328 1.26844e+06 985697 856493 954666 1.34507e+06 921371
desembarqueobs
 494567 514787 250237 358949 120608 361735 552515 73892 212993 205616 52469 317467 293654 387597 252695 516296 358380 742168 942051 627588 828172 859565 418607 520667 417249 300574 415391 372974 316634 284311
desembarquepred
 494571 513909 250649 358981 120613 361742 552537 73897.1 213051 205669 52471.7 317528 293691 387584 252672 516226 358404 742014 941748 627368 828250 859544 418607 520691 417237 300571 415383 372944 316619 284320
Reclutas
 168782 95262.4 95244.2 144518 117200 211592 84941.1 36781.2 35616.5 47388.3 89887 127967 105272 75194.8 69908.1 373623 73592.1 609151 330975 267041 363880 513325 100115 292140 251637 111644 246553 286124 77778.2 59238.5
log_desv_Rt
 0.206167 -0.365805 -0.365997 0.0509655 -0.158563 0.432219 -0.480483 -1.31745 -1.34963 -1.06407 -0.423888 -0.0706651 -0.265895 -0.602359 -0.67526 1.00081 -0.623904 1.48962 0.879603 0.664961 0.974383 1.31847 -0.316117 0.754793 0.605548 -0.207124 0.585138 0.733984 -0.56858 -0.84087
SSB
 2.09834e+06 1.39611e+06 671135 371077 403330 481846 654214 354214 324435 207173 128390 261582 279400 224775 138303 179258 652339 575971 1.33608e+06 930800 978931 1.1902e+06 1.14891e+06 918859 1.31687e+06 1.08504e+06 889248 954666 1.39403e+06 897838
BT
 2.94749e+06 2.01419e+06 987032 923529 780363 1.52766e+06 1.08999e+06 766613 670321 486247 469137 736710 771888 785913 651389 1.35189e+06 1.11583e+06 3.21377e+06 2.92595e+06 1.90021e+06 3.00331e+06 2.78954e+06 1.92085e+06 3.22595e+06 2.31269e+06 1.98465e+06 2.78752e+06 2.67472e+06 1.9202e+06 1.41827e+06
Ftot
 0.200511 0.370828 0.364555 0.554146 0.185219 0.33931 0.786097 0.133134 0.52607 0.732289 0.160137 0.649245 0.615318 1.06628 0.760636 0.594898 0.391767 0.365358 0.519304 0.48356 0.38168 0.478175 0.284794 0.252976 0.252308 0.20247 0.25304 0.211041 0.194534 0.295062
BD_Bspro_t
 0.968539 0.783428 0.579896 0.480112 0.471773 0.565343 0.56349 0.370156 0.430742 0.371816 0.328608 0.585246 0.46295 0.364756 0.252563 0.306305 0.498214 0.455062 0.592301 0.4739 0.440202 0.486114 0.505737 0.489038 0.60967 0.619937 0.62704 0.670035 0.730199 0.642618
BD_Bspro
 2.14635 1.42806 0.68649 0.379567 0.412557 0.49287 0.669182 0.362318 0.331858 0.211913 0.131328 0.267566 0.285793 0.229917 0.141467 0.183359 0.667264 0.589149 1.36664 0.952095 1.00133 1.21743 1.1752 0.939882 1.34699 1.10987 0.909593 0.976508 1.42592 0.918379
BD_Bo
 1.42841 0.950378 0.456863 0.252604 0.274559 0.328008 0.445344 0.241125 0.220853 0.141029 0.0873994 0.178067 0.190197 0.153011 0.0941473 0.122027 0.444068 0.392082 0.909509 0.633625 0.666389 0.810203 0.7821 0.625496 0.896431 0.738623 0.605339 0.649871 0.948958 0.611186
BD_Brms
 7.88424 5.24571 2.5217 1.39427 1.51546 1.81047 2.45812 1.33091 1.21902 0.778425 0.48241 0.982858 1.04981 0.84456 0.519656 0.673539 2.45108 2.16413 5.02013 3.49736 3.6782 4.472 4.31688 3.45249 4.94794 4.0769 3.34123 3.58703 5.23787 3.3735
Sel_flota
 0.717222 0.979671 0.998909 0.999943 0.999997
 0.717222 0.979671 0.998909 0.999943 0.999997
 0.717222 0.979671 0.998909 0.999943 0.999997
 0.717222 0.979671 0.998909 0.999943 0.999997
 0.717222 0.979671 0.998909 0.999943 0.999997
 0.717222 0.979671 0.998909 0.999943 0.999997
 0.717222 0.979671 0.998909 0.999943 0.999997
 0.717222 0.979671 0.998909 0.999943 0.999997
 0.717222 0.979671 0.998909 0.999943 0.999997
 0.717222 0.979671 0.998909 0.999943 0.999997
 0.717222 0.979671 0.998909 0.999943 0.999997
 0.717222 0.979671 0.998909 0.999943 0.999997
 0.717222 0.979671 0.998909 0.999943 0.999997
 0.717222 0.979671 0.998909 0.999943 0.999997
 0.717222 0.979671 0.998909 0.999943 0.999997
 0.717222 0.979671 0.998909 0.999943 0.999997
 0.717222 0.979671 0.998909 0.999943 0.999997
 0.717222 0.979671 0.998909 0.999943 0.999997
 0.717222 0.979671 0.998909 0.999943 0.999997
 0.717222 0.979671 0.998909 0.999943 0.999997
 0.717222 0.979671 0.998909 0.999943 0.999997
 0.717222 0.979671 0.998909 0.999943 0.999997
 0.717222 0.979671 0.998909 0.999943 0.999997
 0.717222 0.979671 0.998909 0.999943 0.999997
 0.717222 0.979671 0.998909 0.999943 0.999997
 0.717222 0.979671 0.998909 0.999943 0.999997
 0.717222 0.979671 0.998909 0.999943 0.999997
 0.717222 0.979671 0.998909 0.999943 0.999997
 0.717222 0.979671 0.998909 0.999943 0.999997
 0.717222 0.979671 0.998909 0.999943 0.999997
Sel_reclas
 1 1 1 1 1
 1 1 1 1 1
 1 1 1 1 1
 1 1 1 1 1
 1 1 1 1 1
 1 1 1 1 1
 1 1 1 1 1
 1 1 1 1 1
 1 1 1 1 1
 1 1 1 1 1
 1 1 1 1 1
 1 1 1 1 1
 1 1 1 1 1
 1 1 1 1 1
 1 1 1 1 1
 1 1 1 1 1
 1 1 1 1 1
 1 1 1 1 1
 1 1 1 1 1
 1 1 1 1 1
 1 1 1 1 1
 1 1 1 1 1
 1 1 1 1 1
 1 1 1 1 1
 1 1 1 1 1
 1 1 1 1 1
 1 1 1 1 1
 1 1 1 1 1
 1 1 1 1 1
 1 1 1 1 1
Sel_pelaces
 0.983123 1 1 1 1
 0.983123 1 1 1 1
 0.983123 1 1 1 1
 0.983123 1 1 1 1
 0.983123 1 1 1 1
 0.983123 1 1 1 1
 0.983123 1 1 1 1
 0.983123 1 1 1 1
 0.983123 1 1 1 1
 0.983123 1 1 1 1
 0.983123 1 1 1 1
 0.983123 1 1 1 1
 0.983123 1 1 1 1
 0.983123 1 1 1 1
 0.983123 1 1 1 1
 0.983123 1 1 1 1
 0.983123 1 1 1 1
 0.983123 1 1 1 1
 0.983123 1 1 1 1
 0.983123 1 1 1 1
 0.983123 1 1 1 1
 0.983123 1 1 1 1
 0.983123 1 1 1 1
 0.983123 1 1 1 1
 0.983123 1 1 1 1
 0.983123 1 1 1 1
 0.983123 1 1 1 1
 0.983123 1 1 1 1
 0.983123 1 1 1 1
 0.983123 1 1 1 1
pf_obs 
 0.8446 0.082 0.0669 0.0065 0
 0.8095 0.147 0.0364 0.0071 0
 0.9664 0.0169 0.016 0.0007 0
 0.9276 0.0648 0.0075 0.0001 0
 0.7033 0.2144 0.0806 0.0017 0
 0.9318 0.0425 0.0243 0.0014 0
 0.5671 0.3108 0.0964 0.0239 0.0018
 0.0768 0.2599 0.5324 0.112 0.0189
 0.490249 0.384438 0.106611 0.0170017 0.00170017
 0.7925 0.1577 0.0466 0.003 0.0002
 0.840416 0.127587 0.0312969 0.00059994 9.999e-05
 0.8084 0.0986 0.0794 0.0134 0.0002
 0.7335 0.1905 0.0724 0.0035 0.0001
 0.4001 0.4547 0.1325 0.0127 0
 0.49795 0.308269 0.164784 0.0264974 0.00249975
 0.9179 0.0499 0.0305 0.0017 0
 0.2467 0.6533 0.0926 0.0074 0
 0.9418 0.0223 0.034 0.0019 0
 0.707729 0.231977 0.0356964 0.0245975 0
 0.517169 0.277429 0.184464 0.0207286 0.00020938
 0.811772 0.124168 0.05621 0.00726502 0.000585176
 0.764997 0.148141 0.077277 0.00933861 0.000247198
 0.163321 0.427699 0.378323 0.0303852 0.000271297
 0.753843 0.0900009 0.118128 0.0371064 0.000921714
 0.721811 0.176058 0.0630433 0.0369309 0.00215725
 0.143369 0.312575 0.442814 0.0836902 0.0175525
 0.692698 0.0596174 0.167031 0.0765114 0.00414204
 0.394062 0.376323 0.152708 0.0712218 0.00568511
 0.125707 0.32114 0.495352 0.0537591 0.00404204
 0.23352 0.215282 0.420074 0.123614 0.00750983
pf_pred 
 0.477398 0.138277 0.360166 0.0241584 8.58607e-07
 0.431181 0.31997 0.0668627 0.170559 0.011428
 0.584496 0.216831 0.112919 0.0230616 0.0626922
 0.7352 0.177334 0.0461558 0.0234922 0.017818
 0.663296 0.27081 0.0445032 0.0112955 0.0100958
 0.756824 0.178059 0.0525873 0.00846504 0.00406429
 0.472999 0.430317 0.0712262 0.0205641 0.00489354
 0.470996 0.306602 0.182543 0.0293756 0.0104835
 0.552411 0.247119 0.117181 0.0683755 0.0149139
 0.728359 0.17566 0.0535977 0.0247883 0.0175953
 0.839213 0.129255 0.0205923 0.00611303 0.00482677
 0.748518 0.220928 0.0246618 0.00384933 0.0020427
 0.69374 0.250258 0.0493567 0.00536535 0.00128
 0.653133 0.267941 0.0648019 0.0124496 0.00167384
 0.763358 0.178411 0.0453113 0.0106109 0.00230862
 0.94187 0.0483709 0.00740822 0.00182954 0.000520865
 0.375141 0.599953 0.0208142 0.00310675 0.000984309
 0.912822 0.0402897 0.0450611 0.00152749 0.000299856
 0.581375 0.392635 0.0121599 0.0132921 0.000538365
 0.621302 0.25387 0.117262 0.00354261 0.00402394
 0.738012 0.184972 0.0520432 0.023461 0.00151185
 0.756566 0.195249 0.0342539 0.0094176 0.00451344
 0.315794 0.560438 0.0997498 0.0170811 0.00693773
 0.742481 0.101496 0.128305 0.0223435 0.00537374
 0.628948 0.298007 0.0291678 0.0360899 0.00778733
 0.432107 0.399702 0.135665 0.012997 0.0195289
 0.728724 0.139631 0.0932316 0.0309914 0.00742173
 0.691412 0.244169 0.0335082 0.021899 0.00901237
 0.327324 0.509435 0.129739 0.0174358 0.0160664
 0.420448 0.23394 0.263068 0.0656189 0.0169255
pobs_RECLAS
 0 0 0 0 0
 0 0 0 0 0
 0 0 0 0 0
 0 0 0 0 0
 0 0 0 0 0
 0 0 0 0 0
 0 0 0 0 0
 0 0 0 0 0
 0 0 0 0 0
 0 0 0 0 0
 0.991045 0.00858322 0.000360255 1.14367e-05 0
 0.934742 0.0480273 0.0164251 0.00080598 0
 0.827803 0.169806 0.00239088 0 0
 0.941827 0.0461693 0.0120037 0 0
 0.791401 0.0380133 0.147996 0.0225897 0
 0.846168 0.0940531 0.0597789 0 0
 0.134021 0.677848 0.182769 0.00536245 0
 0.80878 0.0450904 0.141981 0.00414843 0
 0.846168 0.0940531 0.0597789 0 0
 0.905697 0.0802665 0.012482 0.00150086 5.37128e-05
 0.989698 0.0102097 9.19794e-05 0 0
 0.975433 0.0193895 0.00387452 0.00125025 5.28907e-05
 0.303575 0.632131 0.0575291 0.00676475 0
 0.966965 0.00978017 0.0227588 0.000495775 0
 0.843318 0.132988 0.00938335 0.0141283 0.000182051
 0.564624 0.303363 0.111486 0.0197234 0.00080311
 0.826376 0.0876187 0.0782897 0.00655872 0.00115652
 0.89761 0.0855135 0.0140674 0.00269457 0.000114338
 0.34875 0.467042 0.161289 0.0227151 0.000203297
 0.318654 0.224769 0.449479 0.00709798 0
ppred_RECLAS
 0.559952 0.118145 0.301688 0.0202146 7.18403e-07
 0.513573 0.276136 0.0565471 0.144089 0.00965397
 0.662194 0.178029 0.0908561 0.0185357 0.0503859
 0.795303 0.138045 0.0351912 0.0178917 0.0135694
 0.730733 0.217419 0.0350291 0.00888151 0.00793774
 0.811822 0.138536 0.0400985 0.00644778 0.00309557
 0.558509 0.361932 0.0586284 0.0169075 0.00402314
 0.551607 0.262049 0.152976 0.0245918 0.00877577
 0.633614 0.2042 0.0948467 0.0552827 0.0120574
 0.790959 0.136221 0.0406849 0.0187949 0.0133402
 0.877828 0.0985975 0.0154011 0.00456718 0.00360598
 0.806325 0.170582 0.0186445 0.00290684 0.00154246
 0.760068 0.19681 0.0380101 0.0041273 0.000984585
 0.72944 0.210082 0.0496665 0.00953026 0.00128125
 0.81973 0.136633 0.0339635 0.00794439 0.00172836
 0.957687 0.035334 0.00529962 0.00130734 0.000372175
 0.453512 0.525131 0.0178524 0.0026618 0.000843286
 0.935923 0.0299365 0.0328115 0.00111106 0.000218095
 0.658671 0.320556 0.00972463 0.0106183 0.000430047
 0.695953 0.205206 0.092856 0.00280221 0.00318276
 0.796449 0.14458 0.0398627 0.0179507 0.00115669
 0.81216 0.151277 0.0260001 0.00714054 0.00342195
 0.389321 0.50203 0.0875832 0.0149817 0.0060847
 0.800504 0.0795888 0.0986249 0.0171566 0.00412604
 0.700588 0.241439 0.0231646 0.0286316 0.00617766
 0.512382 0.345231 0.114876 0.0109938 0.016518
 0.78857 0.109897 0.0719289 0.0238847 0.00571953
 0.755487 0.194287 0.0261387 0.0170647 0.00702248
 0.401598 0.455377 0.113697 0.0152638 0.0140642
 0.502704 0.203171 0.223935 0.0557981 0.0143915
pobs_PELACES
 0 0 0 0 0
 0 0 0 0 0
 0 0 0 0 0
 0 0 0 0 0
 0 0 0 0 0
 0 0 0 0 0
 0 0 0 0 0
 0 0 0 0 0
 0 0 0 0 0
 0 0 0 0 0
 0 0 0 0 0
 0 0 0 0 0
 0 0 0 0 0
 0 0 0 0 0
 0 0 0 0 0
 0 0 0 0 0
 0.505614 0.472636 0.0217494 0 0
 0 0 0 0 0
 0.443492 0.261883 0.143347 0.151278 0
 0.227955 0.32914 0.350689 0.0885471 0.00366901
 0.970185 0.0296113 0.000203453 0 0
 0.997202 0.00247181 0.000326279 0 0
 0.445219 0.490057 0.0546422 0.010081 0
 0.90214 0.0892962 0.00764917 0.000914606 0
 0 0 0 0 0
 0.581667 0.319106 0.0959925 0.00289975 0.000334073
 0.762889 0.0836404 0.116647 0.0363945 0.000428098
 0.88444 0.0763242 0.0277011 0.0115352 0
 0.521256 0.241999 0.230069 0.00667565 0
 0.616807 0.101726 0.260614 0.0208532 0
ppred_PELACES
 0.560268 0.11817 0.301369 0.0201919 7.17593e-07
 0.517608 0.274135 0.0560054 0.142691 0.00956022
 0.66569 0.176383 0.0898083 0.0183197 0.0497983
 0.800487 0.134707 0.0342197 0.0173945 0.0131922
 0.730585 0.217588 0.0350152 0.00887742 0.00793406
 0.813791 0.137165 0.0396163 0.00636951 0.00305798
 0.571282 0.351781 0.0567003 0.0163471 0.00388974
 0.550337 0.262885 0.153334 0.0246483 0.0087959
 0.640562 0.20063 0.092878 0.0541255 0.0118049
 0.798794 0.131332 0.039043 0.0180319 0.0127985
 0.877511 0.098873 0.0154285 0.00457503 0.00361218
 0.81245 0.165269 0.0179895 0.0028041 0.00148793
 0.766746 0.191467 0.036834 0.00399876 0.000953911
 0.744337 0.198818 0.0466863 0.00895514 0.00120391
 0.827007 0.131273 0.0324739 0.007594 0.00165211
 0.959088 0.0341856 0.00510805 0.00125983 0.000358645
 0.45773 0.521128 0.0176723 0.0026346 0.000834663
 0.936867 0.0295317 0.0322929 0.00109336 0.000214619
 0.664974 0.314702 0.00951561 0.0103883 0.000420725
 0.701397 0.201733 0.0910048 0.0027459 0.00311877
 0.799151 0.142763 0.0392664 0.0176799 0.00113923
 0.815943 0.14832 0.0254145 0.00697857 0.0033443
 0.391217 0.500633 0.0871818 0.0149116 0.0060562
 0.801438 0.0792931 0.0981009 0.017064 0.00410374
 0.701667 0.240645 0.0230515 0.0284894 0.00614695
 0.512605 0.345203 0.114719 0.010978 0.0164943
 0.789515 0.109491 0.0715485 0.0237563 0.00568876
 0.755771 0.194116 0.0260808 0.0170257 0.00700637
 0.401629 0.45549 0.113584 0.0152478 0.0140494
 0.505118 0.202412 0.222681 0.05548 0.0143094
pobs_pel_tallas
 0 0 0 0 0 0 0 0 0 0 0 0 0 0 0 0 0 0 0 0 0 0 0 0 0 0
 0 0 0 0 0 0 0 0 0 0 0 0 0 0 0 0 0 0 0 0 0 0 0 0 0 0
 0 0 0 0 0 0 0 0 0 0 0 0 0 0 0 0 0 0 0 0 0 0 0 0 0 0
 0 0 0 0 0 0 0 0 0 0 0 0 0 0 0 0 0 0 0 0 0 0 0 0 0 0
 0 0 0 0 0 0 0 0 0 0 0 0 0 0 0 0 0 0 0 0 0 0 0 0 0 0
 0 0 0 0 0 0 0 0 0 0 0 0 0 0 0 0 0 0 0 0 0 0 0 0 0 0
 0 0 0 0 0 0 0 0 0 0 0 0 0 0 0 0 0 0 0 0 0 0 0 0 0 0
 0 0 0 0 0 0 0 0 0 0 0 0 0 0 0 0 0 0 0 0 0 0 0 0 0 0
 0 0 0 0 0 0 0 0 0 0 0 0 0 0 0 0 0 0 0 0 0 0 0 0 0 0
 0 0 0 0 0 0 0 0 0 0 0 0 0 0 0 0 0 0 0 0 0 0 0 0 0 0
 0 0 0 0 0 0 0 0 0 0 0 0 0 0 0 0 0 0 0 0 0 0 0 0 0 0
 0 0 0 0 0 0 0 0 0 0 0 0 0 0 0 0 0 0 0 0 0 0 0 0 0 0
 0.00862536 0 0 0.000197151 0.00414017 0.0128641 0.00837892 0.0270097 0.101434 0.158115 0.152841 0.127902 0.109271 0.109419 0.0830992 0.0579132 0.0238553 0.00714673 0.00463305 0.00128148 0.00103504 0.000492878 0.000147863 0.000147863 4.92878e-05 0
 0 0 0 0 0 0 0 0 0 0 0 0 0 0 0 0 0 0 0 0 0 0 0 0 0 0
 0 0 0 0 0 0 0 0.0054083 0.00873648 0.0413646 0.0450493 0.0745869 0.0622846 0.0627006 0.0613931 0.0827291 0.12552 0.122667 0.0946155 0.0697135 0.0546179 0.0294188 0.0215738 0.0213955 0.0102223 0.00600262
 0 0 0 0 0.00359764 0.0251062 0.0480494 0.140153 0.205849 0.193036 0.1447 0.116669 0.0760912 0.0342217 0.00950174 0.001854 0.000860785 0 0 0 0.000165536 0 0.000143464 0 0 0
 0 0 0 0 0 0 0 0.000145254 0.000435761 0.0275982 0.070085 0.0708112 0.156366 0.174668 0.174014 0.160142 0.0824315 0.0480064 0.0283245 0.00493863 0.00203355 0 0 0 0 0
 0 0 0 0 0 0 0 0 0 0 0 0 0 0 0 0 0 0 0 0 0 0 0 0 0 0
 0 0 1.00437e-05 0.000401748 0.00122533 0.00171747 0.00176769 0.0269171 0.070346 0.194647 0.189555 0.159765 0.064822 0.0314167 0.0384472 0.0292271 0.0345202 0.0313363 0.0194345 0.0106764 0.0143323 0.0359363 0.0279516 0.0138201 0.00172751 0
 0 0.0021121 0.0136068 0.0755702 0.200478 0.177729 0.0527432 0.0373336 0.0318909 0.0142505 0.0149659 0.0166563 0.0217959 0.0798694 0.0677717 0.0528807 0.04013 0.0224614 0.0357745 0.0225083 0.00881397 0.00855152 0.00135912 0.000746735 0 0
 0 0 0 0 5.4009e-05 0.00500934 0.000945158 0.0243581 0.138947 0.33067 0.221406 0.137944 0.0707744 0.0437923 0.0131692 0.00525238 0.0047753 0.00276346 9.45158e-05 9.00151e-06 2.25038e-05 9.00151e-06 4.50075e-06 0 0 0
 0.000866109 0.00284123 0.00948549 0.0512746 0.133035 0.25785 0.225252 0.132002 0.0553304 0.0519788 0.0540692 0.017754 0.00435017 0.00159236 0.00146478 0.000404838 0.000125132 0.000115318 0.000107957 0.000100596 0 0 0 0 0 0
 0 0 0 0 0.00144013 0.00171154 0.00461396 0.0210425 0.0478622 0.0707936 0.0888783 0.103762 0.0637923 0.0337046 0.0602308 0.124433 0.169614 0.0934646 0.0462172 0.0250306 0.0313229 0.00938855 0.002487 0.000210481 0 0
 0 0.00764035 0.051015 0.0998891 0.058973 0.0496711 0.0374665 0.0718981 0.12319 0.153886 0.159021 0.0857701 0.0377988 0.023471 0.0147837 0.00900784 0.00315554 0.000888139 0.00291439 0.00214683 0.00393193 0.00274676 0.000635225 9.99891e-05 0 0
 0 0 0 0 0 0 0 0 0 0 0 0 0 0 0 0 0 0 0 0 0 0 0 0 0 0
 0 0 0 0 0 0 0 0 0 0 0 0 0 0 0 0 0 0 0 0 0 0 0 0 0 0
 0 0 0 0 0 0 0 0 0 0 0 0 0 0 0 0 0 0 0 0 0 0 0 0 0 0
 0 0 0 0 0 0 0 0 0 0 0 0 0 0 0 0 0 0 0 0 0 0 0 0 0 0
 0 0 0 0 0 0 0 0 0 0 0 0 0 0 0 0 0 0 0 0 0 0 0 0 0 0
 0 0 0 0 0 0 0 0 0 0 0 0 0 0 0 0 0 0 0 0 0 0 0 0 0 0
ppred_pel_tallas
 1.10753e-16 4.61485e-05 0.00044858 0.00298097 0.0135511 0.0421625 0.0898321 0.131115 0.131127 0.0898901 0.0423586 0.0141233 0.00443863 0.00370116 0.00642956 0.0110928 0.0172211 0.024244 0.0315133 0.0385758 0.0451652 0.0508488 0.0547259 0.0556129 0.0526894 0.0461061
 1.17615e-16 4.26347e-05 0.000414425 0.002754 0.0125193 0.0389523 0.082993 0.121136 0.121163 0.0831225 0.0393874 0.0137772 0.00591586 0.00733217 0.0132284 0.0219346 0.0319277 0.0409108 0.0466346 0.0482252 0.0467574 0.044487 0.0433237 0.0437233 0.0446913 0.0446461
 1.12902e-16 5.48321e-05 0.000532987 0.00354189 0.0161009 0.050096 0.106736 0.155787 0.155804 0.106819 0.0503774 0.016915 0.00559098 0.0050254 0.008644 0.0143558 0.0210383 0.027238 0.0315213 0.0332737 0.0330484 0.0321016 0.0314931 0.0314726 0.0315306 0.0309009
 1.04999e-16 6.59351e-05 0.000640912 0.00425909 0.0193612 0.06024 0.128348 0.187331 0.187344 0.128412 0.0604536 0.0199787 0.00581073 0.00403351 0.00652515 0.0107262 0.0155497 0.0197824 0.0222422 0.0224079 0.0207265 0.018285 0.0161118 0.0146561 0.0137544 0.0129551
 1.033e-16 6.01774e-05 0.000584946 0.00388717 0.0176705 0.0549797 0.117141 0.170975 0.170996 0.117243 0.0553239 0.018665 0.00638376 0.00603649 0.010418 0.0171397 0.024713 0.0311393 0.0344242 0.0336533 0.0295314 0.0238902 0.0185743 0.0145751 0.0119127 0.0100822
 1.02335e-16 6.70309e-05 0.000651564 0.00432987 0.019683 0.0612412 0.130481 0.190444 0.190457 0.130546 0.0614587 0.0203118 0.00590992 0.00410596 0.00664266 0.010915 0.0158088 0.0200715 0.0224681 0.0224205 0.0203283 0.0172543 0.0142437 0.0118206 0.00995822 0.00838086
 1.04024e-16 4.70558e-05 0.000457399 0.00303958 0.0138175 0.0429916 0.0915994 0.133699 0.133733 0.0917652 0.0435482 0.0154252 0.00707563 0.00927021 0.0167904 0.0276997 0.0399364 0.0503028 0.055566 0.054232 0.047421 0.0380776 0.0291789 0.0223435 0.0176465 0.0143359
 1.08453e-16 4.53306e-05 0.000440629 0.00292814 0.0133109 0.0414153 0.0882406 0.128795 0.128821 0.0883654 0.0418349 0.0145252 0.00598527 0.00714423 0.0128643 0.0214244 0.0313927 0.0405943 0.0468087 0.0489672 0.0476812 0.0446046 0.0411978 0.0379351 0.0344486 0.0302294
 1.10158e-16 5.27622e-05 0.000512868 0.00340819 0.0154931 0.048205 0.102707 0.149907 0.149927 0.102802 0.0485248 0.0164182 0.00573631 0.00561521 0.00980267 0.0162808 0.0238259 0.030772 0.0354623 0.0371655 0.0364756 0.034788 0.0332863 0.0322631 0.0312022 0.0293668
 1.05135e-16 6.57956e-05 0.000639557 0.00425008 0.0193203 0.0601126 0.128077 0.186934 0.186947 0.128139 0.0603211 0.019923 0.00576498 0.00395326 0.00637908 0.0104951 0.0152404 0.0194425 0.0219592 0.0222847 0.0208432 0.0186657 0.0167147 0.0153894 0.0145074 0.0136313
 1.01541e-16 7.22795e-05 0.000702582 0.00466891 0.0212242 0.0660363 0.140698 0.205354 0.205364 0.140744 0.0661928 0.021676 0.00580325 0.00317945 0.0047781 0.00778962 0.0112261 0.0141433 0.0156324 0.0152791 0.0134056 0.0108466 0.00844227 0.00664283 0.00545462 0.00464323
 1.01095e-16 6.69205e-05 0.000650491 0.00432274 0.0196506 0.0611403 0.130266 0.190131 0.190147 0.130344 0.0614014 0.0204047 0.00621535 0.00478053 0.00790606 0.0129524 0.0186233 0.0233584 0.0256137 0.0246755 0.0210816 0.0162579 0.0116726 0.00816454 0.00583087 0.00434189
 1.01675e-16 6.31559e-05 0.000613898 0.00407957 0.0185451 0.0577009 0.122939 0.179436 0.179455 0.123029 0.0580039 0.0194207 0.00627792 0.00541505 0.00918757 0.0151047 0.0217885 0.0274715 0.0303897 0.0297171 0.0260386 0.0209242 0.0159676 0.0120452 0.00922688 0.00716017
 1.025e-16 6.13101e-05 0.000595956 0.00396034 0.0180031 0.0560145 0.119346 0.174192 0.174212 0.119439 0.0563295 0.0189134 0.00624655 0.00559144 0.00956229 0.0157469 0.0227605 0.0287932 0.0320351 0.0316397 0.028203 0.0233136 0.0185582 0.0147706 0.0119635 0.00974844
 1.02012e-16 6.81195e-05 0.000662145 0.00440019 0.0200026 0.0622357 0.1326 0.193536 0.193549 0.132662 0.0624437 0.0206039 0.0059105 0.00396282 0.00634746 0.010414 0.0150609 0.0190771 0.021273 0.0210953 0.0189384 0.0158446 0.0128464 0.0104728 0.00870944 0.00728306
 1.00344e-16 7.89988e-05 0.000767897 0.00510294 0.0231972 0.0721752 0.153777 0.224443 0.224446 0.153793 0.0722293 0.0233534 0.00549499 0.00162381 0.00170476 0.00269385 0.00387425 0.00487453 0.00537481 0.00522888 0.00454598 0.00361421 0.00272638 0.00204399 0.00157803 0.00125728
 1.01049e-16 3.77027e-05 0.000366484 0.00243542 0.0110711 0.0344465 0.0733938 0.107131 0.107181 0.0736387 0.0352687 0.0134445 0.00838852 0.0133471 0.024646 0.0405687 0.0581634 0.0725651 0.0788409 0.0747157 0.0619574 0.0452512 0.0295005 0.0176247 0.0101046 0.00591127
 1.01086e-16 7.71685e-05 0.000750106 0.00498472 0.0226598 0.0705031 0.150214 0.219243 0.219246 0.150228 0.0705507 0.0227978 0.00533331 0.00151794 0.00155542 0.00250117 0.00371576 0.00492146 0.00588217 0.00647341 0.00672376 0.00674168 0.0065961 0.00626383 0.00568152 0.00483789
 1.01469e-16 5.47731e-05 0.000532414 0.00353808 0.0160836 0.0500422 0.106621 0.155623 0.155654 0.106769 0.0505387 0.017517 0.00713347 0.00837253 0.0149192 0.0245118 0.0351511 0.0438831 0.0477415 0.0453707 0.0378552 0.0280306 0.018843 0.0120142 0.00777146 0.00542746
 1.03481e-16 5.77732e-05 0.000561576 0.00373187 0.0169646 0.0527831 0.112461 0.164144 0.164163 0.112556 0.0531041 0.0178929 0.00606666 0.00567338 0.00980954 0.0162386 0.0236475 0.0302756 0.0343424 0.0349832 0.0326942 0.0288709 0.0248516 0.0212563 0.0180184 0.0148513
 1.03136e-16 6.58251e-05 0.000639843 0.00425198 0.0193289 0.0601395 0.128134 0.187018 0.187032 0.128201 0.0603659 0.0199835 0.00589673 0.00423601 0.00691241 0.0113679 0.0164749 0.0209417 0.0234973 0.0235587 0.0215594 0.0186125 0.0157907 0.0135963 0.0119367 0.0104578
 1.02038e-16 6.72082e-05 0.000653287 0.00434133 0.019735 0.0614031 0.130826 0.190948 0.190962 0.130896 0.0616378 0.0204131 0.00604366 0.00437084 0.00713151 0.011694 0.0168642 0.0212606 0.0235225 0.0230241 0.0202385 0.0164028 0.0127619 0.00998373 0.00808435 0.00673364
 1.05165e-16 3.22241e-05 0.00031323 0.00208153 0.00946235 0.0294411 0.0627292 0.0915653 0.0916135 0.0629651 0.0302333 0.0117508 0.00782695 0.0128594 0.0238711 0.0394421 0.0568822 0.0716696 0.0792006 0.077333 0.0676334 0.05426 0.0414282 0.031448 0.0244688 0.0194889
 1.05258e-16 6.60134e-05 0.000641674 0.00426415 0.0193842 0.0603115 0.1285 0.187552 0.187559 0.128538 0.0604398 0.0197566 0.00520571 0.00271958 0.0040783 0.00681022 0.0102069 0.0136783 0.0166482 0.0188213 0.0202797 0.0212647 0.0218498 0.0218176 0.0208386 0.0187672
 1.04625e-16 5.77954e-05 0.000561792 0.00373331 0.0169711 0.0528035 0.112504 0.164208 0.164231 0.112618 0.0531838 0.0180696 0.00649047 0.00657988 0.0114853 0.0188926 0.0272062 0.0342161 0.0377245 0.0367525 0.0321405 0.0259896 0.0203957 0.0164521 0.0140984 0.012634
 1.07292e-16 4.22227e-05 0.00041042 0.00272738 0.0123983 0.0385759 0.0821913 0.119968 0.120001 0.0823545 0.039124 0.0139826 0.00670923 0.00911948 0.0166311 0.0275553 0.0399879 0.0509074 0.0572404 0.0575431 0.0527993 0.0456242 0.0385618 0.0328438 0.0283449 0.0243568
 1.05438e-16 6.50314e-05 0.000632128 0.00420071 0.0190958 0.0594143 0.126589 0.184762 0.184773 0.126641 0.0595894 0.0196029 0.00547811 0.00343619 0.0054362 0.00900459 0.0132486 0.0172595 0.0201493 0.0215065 0.0215949 0.0210693 0.0204526 0.0198169 0.0188739 0.0173079
 1.03696e-16 6.22519e-05 0.000605111 0.00402118 0.0182797 0.056875 0.121179 0.176868 0.176887 0.12127 0.057182 0.0191665 0.00624746 0.00546589 0.00929633 0.0152778 0.0220227 0.0277436 0.0306701 0.030005 0.0264041 0.0215278 0.0170326 0.0137831 0.0117427 0.010385
 1.07301e-16 3.30817e-05 0.000321566 0.00213692 0.00971416 0.0302246 0.0643983 0.0940004 0.0940444 0.0646133 0.0309465 0.0118003 0.00737709 0.0117734 0.0218186 0.0361136 0.052242 0.06616 0.0737466 0.0730781 0.0655234 0.0547091 0.0442398 0.0359813 0.0299115 0.0250919
 1.14464e-16 4.16059e-05 0.000404425 0.00268754 0.0122172 0.0380123 0.0809901 0.118212 0.118231 0.0810871 0.0383391 0.0131651 0.0050825 0.00568442 0.0102217 0.0172323 0.0257572 0.0343617 0.0415697 0.0466605 0.0499374 0.0521639 0.0536805 0.0540163 0.0522889 0.0479556
pSPR Fmed_Fpbrs
0.559263   0.231173 0.231173
Fs Fmed_Fpbrs
0.34   1.005 1.005
SSBpbr Bo_Bmed_Bpbrs
1.46901e+06  748112  266144 266144
Ro
137337
SPR SPRFo_SPRFmed_SPRFpbrs
977633 546754 226002
Fref
1.005
Nvult_r0
 48639.4 21466.4 23799.8 5932.1 1530.04
CTP_r0
 20374 10649.7 11923.1 2973.36 766.926
YTP_r0
755964
Np
 192332 34412.3 2423.9 924.381 1151.58
Nvult_p0
 157919 29682.7 2097.14 799.897 996.506
CTP_p0
 66148.9 7546.94 2972.1 3268.77 1037.43
 66148.9 14725.9 1050.61 400.934 499.495
YTP_p0
 840943 811183
CBA_c0
781458
log_Ro
11.6502
likeval ReclasPelacesDesembMPH_pf_preclas_ppelaces_ptallas_desvR_qrecl_qpela
 12.2758 16.9737 0.0308124 0.00286461 209.145 115.523 95.7115 0 23.6438 2.86163e-06 1.23667e-05 0.152776 0 0 0
q_reclas_q_pelaces
1.27028 1.64432
M
1
N
 168782 36560.9 93540 6268.3 0.222769
 95262.4 53774.4 11051.3 28165.5 1887.1
 95244.2 26860.8 13756.5 2807.01 7630.41
 144518 26976.8 6913.85 3516.1 2666.72
 117200 35728.9 5766.68 1462.26 1306.89
 211592 37751.9 10962.8 1763.11 846.476
 84941.1 61026 9960.45 2873.6 683.79
 36781.2 17781.4 10393.5 1670.93 596.288
 35616.5 12298.8 5741.52 3347.43 730.101
 47388.3 8984.48 2702.36 1248.86 886.431
 89887 10310.5 1613 478.372 377.697
 127967 29479.6 3242.29 505.673 268.331
 105272 29551.2 5741.11 623.594 148.763
 75194.8 24908.9 5949.54 1142.26 153.57
 69908.1 12875.4 3223.99 754.421 164.133
 373623 14904.1 2248.24 554.779 157.938
 73592.1 89709.1 3061.28 456.53 144.635
 609151 20441.2 22483.2 761.468 149.474
 330975 172435 5257.33 5742.02 232.558
 267041 83896.9 38140.5 1151.29 1307.66
 363880 69448.3 19218.2 8655.92 557.769
 513325 101807 17578.2 4828.79 2314.12
 100115 134015 23444.1 4010.87 1629
 292140 30026 37298.3 6489.19 1560.61
 251637 89639.3 8621.24 10657.3 2299.48
 111644 77248.5 25754.6 2465.01 3703.67
 246553 35520.2 23305.2 7739.73 1853.4
 286124 75648.1 10198.1 6658.61 2740.16
 77778.2 90474 22631.5 3038.59 2799.8
 59238.5 24886.8 27508.2 6855.28 1768.14
pred_Ctot
 14459.8 4188.25 10909 731.729 0.0260062
 14370.4 10664 2228.41 5684.39 380.875
 14149.9 5249.22 2733.63 558.294 1517.7
 30940.6 7463.03 1942.45 988.659 749.863
 9316.47 3803.72 625.08 158.654 141.803
 29470 6933.44 2047.7 329.621 158.259
 24213.4 22028.4 3646.15 1052.7 250.506
 2133.98 1389.15 827.063 133.094 47.4984
 7295.73 3263.72 1547.61 903.04 196.969
 12767.9 3079.25 939.551 434.53 308.439
 6223.24 958.497 152.704 45.3316 35.7932
 31267.8 9228.83 1030.2 160.798 85.3295
 24606.4 8876.46 1750.64 190.305 45.4007
 27006.1 11079 2679.47 514.773 69.2108
 19415.2 4537.71 1152.45 269.878 58.7174
 84909.8 4360.64 667.852 164.933 46.9561
 11658.6 18645.3 646.863 96.5517 30.5903
 90676.9 4002.25 4476.23 151.736 29.7868
 67052 45284 1402.45 1533.02 62.0916
 50882.1 20790.9 9603.29 290.126 329.545
 56323.8 14116.7 3971.84 1790.5 115.381
 96866.2 24998.5 4385.67 1205.77 577.874
 11888.2 21098 3755.13 643.025 261.174
 31099.2 4251.21 5374.13 935.866 225.082
 26721.9 12661.3 1239.24 1533.34 330.857
 9652.67 8928.8 3030.56 290.335 436.249
 26252.5 5030.26 3358.7 1116.47 267.37
 25721 9083.26 1246.53 814.658 335.267
 6476.07 10079.1 2566.86 344.966 317.872
 7266.37 4043.05 4546.46 1134.06 292.513
F
 0.143811 0.196434 0.200292 0.200499 0.20051
 0.265966 0.363289 0.370423 0.370806 0.370827
 0.261467 0.357144 0.364157 0.364534 0.364554
 0.397446 0.54288 0.553541 0.554114 0.554144
 0.132843 0.181454 0.185017 0.185209 0.185219
 0.243361 0.332412 0.33894 0.339291 0.339309
 0.563806 0.770116 0.785239 0.786052 0.786094
 0.0954869 0.130428 0.132989 0.133127 0.133134
 0.377309 0.515375 0.525496 0.526039 0.526068
 0.525214 0.717402 0.73149 0.732247 0.732287
 0.114854 0.156881 0.159962 0.160128 0.160136
 0.465653 0.636046 0.648537 0.649208 0.649243
 0.44132 0.602809 0.614647 0.615283 0.615316
 0.76476 1.0446 1.06512 1.06622 1.06628
 0.545545 0.745173 0.759806 0.760592 0.760634
 0.426674 0.582804 0.594249 0.594864 0.594896
 0.280984 0.383802 0.391339 0.391744 0.391766
 0.262043 0.357931 0.36496 0.365337 0.365357
 0.372456 0.508747 0.518737 0.519274 0.519302
 0.34682 0.47373 0.483032 0.483532 0.483559
 0.273749 0.373921 0.381263 0.381658 0.381679
 0.342957 0.468454 0.477653 0.478147 0.478173
 0.204261 0.279005 0.284483 0.284778 0.284793
 0.18144 0.247833 0.2527 0.252962 0.252975
 0.180961 0.247179 0.252032 0.252293 0.252307
 0.145216 0.198353 0.202249 0.202458 0.202469
 0.181486 0.247896 0.252764 0.253026 0.25304
 0.151363 0.206751 0.210811 0.211029 0.21104
 0.139524 0.19058 0.194322 0.194523 0.194534
 0.211625 0.289064 0.29474 0.295045 0.295061
YTP_r0W_actual
 148730 169331 315962 94255.5 27686
YTP_p0W_proyectada
 498763 131694 71538.4 102378 36569.6
 498763 256967 25288.2 12557.3 17607.2
CTP_r0_actual
 20374 10649.7 11923.1 2973.36 766.926
CTP_p0_proyectada
 66148.9 7546.94 2972.1 3268.77 1037.43
 66148.9 14725.9 1050.61 400.934 499.495
Wmedp
 7.54 17.45 24.07 31.32 35.25
Frms_r0
 0.720808 0.984569 1.0039 1.00494 1.005
Zrms_r0
 1.72081 1.98457 2.0039 2.00494 2.005
nmprior
 7.29 8.9 8.7 0
nm_flota  nm_reclas  nm_pelaces    nm_pelaL
inf 13.194 19.2195 34.7128
cv_recla  cv_pelaces  cv_mph
0.324378 0.484789 1.51383
 ------------------------------------------------
Talla a la edad & desviaci?n 
 8 13.2811 15.8009 17.003 17.5766
 0.8 1.32811 1.58009 1.7003 1.75766
