years
 1991 1992 1993 1994 1995 1996 1997 1998 1999 2000 2001 2002 2003 2004 2005 2006 2007 2008 2009 2010 2011 2012 2013 2014 2015 2016 2017 2018 2019 2020 2021 2022
reclasobs
 0 0 0 0 0 0 0 0 0 252601 567819 844713 477998 351125 339783 2.1784e+06 2.13404e+06 4.81314e+06 1.55562e+06 2.62356e+06 3.21686e+06 3.843e+06 1.13348e+06 3.07943e+06 1.97215e+06 2.03268e+06 2.025e+06 2.42433e+06 2.27542e+06 1.05018e+06 2.36338e+06 3.18982e+06
reclaspred
 4.34777e+06 2.94548e+06 2.0421e+06 2.10037e+06 2.16688e+06 2.48049e+06 2.0728e+06 2.91404e+06 3.04744e+06 3.23628e+06 2.37011e+06 2.38294e+06 2.19833e+06 2.05829e+06 2.12452e+06 2.1688e+06 2.26178e+06 2.61772e+06 1.50978e+06 1.11389e+06 1.78289e+06 1.12009e+06 1.40768e+06 2.11442e+06 1.86945e+06 2.25138e+06 2.42226e+06 2.02789e+06 2.42714e+06 2.53445e+06 2.56503e+06 3.37816e+06
pelacesobs
 0 0 0 0 0 0 0 0 0 0 0 0 0 0 0 552880 188675 0 991730 2.46772e+06 1.41603e+06 1.21717e+06 2.29649e+06 1.80582e+06 0 1.4828e+06 1.56532e+06 1.57751e+06 1.42118e+06 867257 1.10002e+06 1.06204e+06
pelacespred
 2.09622e+06 1.53602e+06 1.04014e+06 916060 1.01942e+06 1.14962e+06 977390 1.50699e+06 1.66898e+06 1.65745e+06 1.35764e+06 1.1438e+06 1.11151e+06 1.13545e+06 1.17735e+06 1.03093e+06 1.03209e+06 1.1345e+06 743721 484068 702891 495339 648796 1.0399e+06 935750 1.09836e+06 1.31265e+06 1.10621e+06 1.10588e+06 1.25838e+06 1.25141e+06 1.58714e+06
mphobs
 0 0 0 0 0 0 0 0 0 0 0 0 498337 0 5186 125008 0 168611 109162 213762 579715 649985 157893 87575 83554 210694 70296 0 107559 103333 445601 22526
mphpred
 4.06848e+06 2.93547e+06 1.97977e+06 1.55536e+06 1.7194e+06 1.84426e+06 1.88158e+06 1.71923e+06 2.41356e+06 2.75115e+06 2.21199e+06 1.99712e+06 1.87892e+06 1.62187e+06 1.57793e+06 1.95607e+06 1.6505e+06 2.05168e+06 1.49611e+06 890663 1.02679e+06 1.00455e+06 680533 1.20894e+06 1.6426e+06 1.36439e+06 1.8166e+06 1.67496e+06 1.86276e+06 1.94247e+06 1.84002e+06 2.13806e+06
desembarqueobs
 494567 514787 250237 358949 120608 361735 552515 73892 212993 205616 52469 317467 293654 387597 252695 516296 358380 742168 942051 627588 828172 859565 418607 520667 417249 300574 415391 372974 316634 284311 391294 218835
desembarquepred
 494412 505511 260204 358743 120543 361504 552038 73859.8 212897 205542 52447.9 317390 293579 387547 252618 516056 358085 740924 938892 625706 826246 856933 418191 520296 416892 300376 415157 372666 316460 284179 391103 218736
Reclutas
 319555 319555 319555 319555 319555 319555 319555 319555 319555 319555 319555 319555 319555 319555 319555 319555 319555 319555 319555 319555 319555 319555 319555 319555 319555 319555 319555 319555 319555 319555 319555 319555
log_desv_Rt
 0 0 0 0 0 0 0 0 0 0 0 0 0 0 0 0 0 0 0 0 0 0 0 0 0 0 0 0 0 0 0 0
SSB
 4.06848e+06 2.93547e+06 1.97977e+06 1.55536e+06 1.7194e+06 1.84426e+06 1.88158e+06 1.71923e+06 2.41356e+06 2.75115e+06 2.21199e+06 1.99712e+06 1.81646e+06 1.60287e+06 1.54318e+06 1.90876e+06 1.6505e+06 2.05168e+06 1.54377e+06 918099 1.08721e+06 1.13067e+06 783387 1.33419e+06 1.70334e+06 1.4931e+06 1.88108e+06 1.67496e+06 1.92664e+06 1.89995e+06 2.01649e+06 2.40296e+06
BT
 5.62469e+06 4.46225e+06 2.88002e+06 2.86373e+06 2.83386e+06 3.61875e+06 3.12916e+06 4.99725e+06 5.16353e+06 4.69799e+06 3.72306e+06 3.38219e+06 3.42162e+06 3.94862e+06 3.98506e+06 3.28043e+06 3.29418e+06 3.8224e+06 3.16622e+06 2.0331e+06 2.93243e+06 2.28051e+06 2.5911e+06 3.92575e+06 2.9621e+06 3.70543e+06 4.47054e+06 3.71477e+06 3.26487e+06 3.96165e+06 3.95568e+06 4.76527e+06
Ftot
 0.108162 0.162502 0.121077 0.161829 0.0531634 0.138365 0.250383 0.02428 0.0667188 0.0606579 0.0212001 0.12654 0.126899 0.17832 0.113205 0.224214 0.15023 0.265683 0.567656 0.516924 0.429447 0.689571 0.279554 0.232209 0.21045 0.126861 0.162493 0.174153 0.123904 0.106738 0.144743 0.0618451
BD_Bspro_t
 0.982843 0.887099 0.806049 0.790884 0.792443 0.837281 0.804182 0.752198 0.859499 0.889829 0.892556 0.914515 0.857909 0.817158 0.800751 0.814621 0.740075 0.772422 0.658834 0.50911 0.500234 0.492152 0.436344 0.600891 0.681333 0.701455 0.78028 0.780393 0.796992 0.797925 0.817989 0.829022
BD_Bspro
 1.76876 1.27619 0.8607 0.676187 0.747505 0.801788 0.818013 0.747431 1.04929 1.19605 0.961657 0.86824 0.7897 0.696844 0.670895 0.829828 0.717552 0.89196 0.671147 0.399141 0.472663 0.491554 0.340575 0.580035 0.740523 0.649122 0.817792 0.728185 0.837601 0.825996 0.876662 1.04468
BD_Bo
 1.20659 0.870574 0.587143 0.461273 0.509925 0.546955 0.558023 0.509874 0.71579 0.815911 0.656012 0.592286 0.538708 0.475365 0.457663 0.566083 0.489491 0.608467 0.457836 0.272281 0.322436 0.335323 0.23233 0.395682 0.505161 0.442811 0.557872 0.496745 0.571385 0.563469 0.598032 0.712648
BD_Brms
 5.10051 3.68009 2.48197 1.9499 2.15555 2.31209 2.35887 2.15534 3.02579 3.44902 2.77309 2.50371 2.27723 2.00946 1.93463 2.39295 2.06918 2.57211 1.93536 1.15099 1.363 1.41748 0.982104 1.67263 2.13542 1.87185 2.35824 2.09984 2.41536 2.3819 2.528 3.01251
Sel_flota
 0.5 1 1 1 1
 0.5 1 1 1 1
 0.5 1 1 1 1
 0.5 1 1 1 1
 0.5 1 1 1 1
 0.5 1 1 1 1
 0.5 1 1 1 1
 0.5 1 1 1 1
 0.5 1 1 1 1
 0.5 1 1 1 1
 0.5 1 1 1 1
 0.5 1 1 1 1
 0.5 1 1 1 1
 0.5 1 1 1 1
 0.5 1 1 1 1
 0.5 1 1 1 1
 0.5 1 1 1 1
 0.5 1 1 1 1
 0.5 1 1 1 1
 0.5 1 1 1 1
 0.5 1 1 1 1
 0.5 1 1 1 1
 0.5 1 1 1 1
 0.5 1 1 1 1
 0.5 1 1 1 1
 0.5 1 1 1 1
 0.5 1 1 1 1
 0.5 1 1 1 1
 0.5 1 1 1 1
 0.5 1 1 1 1
 0.5 1 1 1 1
 0.5 1 1 1 1
Sel_reclas
 0.5 1 1 1 1
 0.5 1 1 1 1
 0.5 1 1 1 1
 0.5 1 1 1 1
 0.5 1 1 1 1
 0.5 1 1 1 1
 0.5 1 1 1 1
 0.5 1 1 1 1
 0.5 1 1 1 1
 0.5 1 1 1 1
 0.5 1 1 1 1
 0.5 1 1 1 1
 0.5 1 1 1 1
 0.5 1 1 1 1
 0.5 1 1 1 1
 0.5 1 1 1 1
 0.5 1 1 1 1
 0.5 1 1 1 1
 0.5 1 1 1 1
 0.5 1 1 1 1
 0.5 1 1 1 1
 0.5 1 1 1 1
 0.5 1 1 1 1
 0.5 1 1 1 1
 0.5 1 1 1 1
 0.5 1 1 1 1
 0.5 1 1 1 1
 0.5 1 1 1 1
 0.5 1 1 1 1
 0.5 1 1 1 1
 0.5 1 1 1 1
 0.5 1 1 1 1
Sel_pelaces
 0.5 1 1 1 1
 0.5 1 1 1 1
 0.5 1 1 1 1
 0.5 1 1 1 1
 0.5 1 1 1 1
 0.5 1 1 1 1
 0.5 1 1 1 1
 0.5 1 1 1 1
 0.5 1 1 1 1
 0.5 1 1 1 1
 0.5 1 1 1 1
 0.5 1 1 1 1
 0.5 1 1 1 1
 0.5 1 1 1 1
 0.5 1 1 1 1
 0.5 1 1 1 1
 0.5 1 1 1 1
 0.5 1 1 1 1
 0.5 1 1 1 1
 0.5 1 1 1 1
 0.5 1 1 1 1
 0.5 1 1 1 1
 0.5 1 1 1 1
 0.5 1 1 1 1
 0.5 1 1 1 1
 0.5 1 1 1 1
 0.5 1 1 1 1
 0.5 1 1 1 1
 0.5 1 1 1 1
 0.5 1 1 1 1
 0.5 1 1 1 1
 0.5 1 1 1 1
pf_obs 
 0.8446 0.082 0.0669 0.0065 0
 0.8095 0.147 0.0364 0.0071 0
 0.9664 0.0169 0.016 0.0007 0
 0.9276 0.0648 0.0075 0.0001 0
 0.7033 0.2144 0.0806 0.0017 0
 0.9318 0.0425 0.0243 0.0014 0
 0.5671 0.3108 0.0964 0.0239 0.0018
 0.0768 0.2599 0.5324 0.112 0.0189
 0.490249 0.384438 0.106611 0.0170017 0.00170017
 0.7925 0.1577 0.0466 0.003 0.0002
 0.840416 0.127587 0.0312969 0.00059994 9.999e-05
 0.8084 0.0986 0.0794 0.0134 0.0002
 0.7335 0.1905 0.0724 0.0035 0.0001
 0.4001 0.4547 0.1325 0.0127 0
 0.49795 0.308269 0.164784 0.0264974 0.00249975
 0.9179 0.0499 0.0305 0.0017 0
 0.2467 0.6533 0.0926 0.0074 0
 0.9418 0.0223 0.034 0.0019 0
 0.707729 0.231977 0.0356964 0.0245975 0
 0.517169 0.277429 0.184464 0.0207286 0.00020938
 0.811772 0.124168 0.05621 0.00726502 0.000585176
 0.764997 0.148141 0.077277 0.00933861 0.000247198
 0.163321 0.427699 0.378323 0.0303852 0.000271297
 0.753843 0.0900009 0.118128 0.0371064 0.000921714
 0.721811 0.176058 0.0630433 0.0369309 0.00215725
 0.143369 0.312575 0.442814 0.0836902 0.0175525
 0.692698 0.0596174 0.167031 0.0765114 0.00414204
 0.394062 0.376323 0.152708 0.0712218 0.00568511
 0.125707 0.32114 0.495352 0.0537591 0.00404204
 0.23352 0.215282 0.420074 0.123614 0.00750983
 0.796117 0.104755 0.0508955 0.0450114 0.00322123
 0.162477 0.292055 0.404252 0.121198 0.0200186
pf_pred 
 0.413337 0.051551 0.503705 0.0261065 0.00530018
 0.467771 0.315406 0.0190526 0.186163 0.0116075
 0.494942 0.327492 0.105228 0.00635647 0.0659816
 0.500024 0.335028 0.106957 0.0343668 0.0236251
 0.502265 0.337085 0.10765 0.0343668 0.0186337
 0.491116 0.342028 0.113001 0.0360874 0.0177674
 0.505704 0.330111 0.110351 0.0364583 0.0173755
 0.51577 0.333138 0.100905 0.0337311 0.0164555
 0.48755 0.34953 0.112085 0.0339498 0.0168853
 0.484287 0.340323 0.119629 0.0383619 0.0173987
 0.480228 0.341266 0.117798 0.041408 0.0193008
 0.478276 0.339258 0.119801 0.041353 0.0213118
 0.49347 0.332052 0.113457 0.0400646 0.0209567
 0.501229 0.333762 0.108171 0.0369601 0.0198785
 0.508177 0.334131 0.105523 0.0341993 0.0179702
 0.506225 0.336347 0.106952 0.0337767 0.0166989
 0.518453 0.330682 0.102765 0.0326774 0.015422
 0.516952 0.334464 0.102034 0.0317089 0.0148414
 0.547414 0.316151 0.0944682 0.0288192 0.013148
 0.596989 0.299152 0.0725504 0.0216786 0.00963063
 0.597841 0.312199 0.0667764 0.0161946 0.00698882
 0.597074 0.311083 0.0712984 0.0152501 0.00529453
 0.614658 0.302868 0.0636747 0.0145939 0.00420522
 0.559774 0.341709 0.0774317 0.0162792 0.00480621
 0.538191 0.337841 0.0962255 0.0218048 0.00593767
 0.524851 0.33866 0.0998499 0.0284397 0.00819937
 0.510393 0.340943 0.10596 0.0312409 0.0114636
 0.511781 0.335055 0.106657 0.0331473 0.0133592
 0.511433 0.336246 0.104535 0.0332763 0.0145097
 0.502996 0.340292 0.107854 0.0335305 0.0153278
 0.499661 0.338348 0.110914 0.0351535 0.0159247
 0.500044 0.337869 0.109609 0.0359309 0.016547
pobs_RECLAS
 0 0 0 0 0
 0 0 0 0 0
 0 0 0 0 0
 0 0 0 0 0
 0 0 0 0 0
 0 0 0 0 0
 0 0 0 0 0
 0 0 0 0 0
 0 0 0 0 0
 0 0 0 0 0
 0.991045 0.00858322 0.000360255 1.14367e-05 0
 0.934742 0.0480273 0.0164251 0.00080598 0
 0.827803 0.169806 0.00239088 0 0
 0.941827 0.0461693 0.0120037 0 0
 0.791401 0.0380133 0.147996 0.0225897 0
 0.846168 0.0940531 0.0597789 0 0
 0.134021 0.677848 0.182769 0.00536245 0
 0.80878 0.0450904 0.141981 0.00414843 0
 0.846168 0.0940531 0.0597789 0 0
 0.905697 0.0802665 0.012482 0.00150086 5.37128e-05
 0.989698 0.0102097 9.19794e-05 0 0
 0.975433 0.0193895 0.00387452 0.00125025 5.28907e-05
 0.303575 0.632131 0.0575291 0.00676475 0
 0.966965 0.00978017 0.0227588 0.000495775 0
 0.843318 0.132988 0.00938335 0.0141283 0.000182051
 0.564624 0.303363 0.111486 0.0197234 0.00080311
 0.826376 0.0876187 0.0782897 0.00655872 0.00115652
 0.89761 0.0855135 0.0140674 0.00269457 0.000114338
 0.34875 0.467042 0.161289 0.0227151 0.000203297
 0.318654 0.224769 0.449479 0.00709798 0
 0.937255 0.0296025 0.0250945 0.00804832 0
 0.456809 0.399803 0.12412 0.0192676 0
ppred_RECLAS
 0.414497 0.0514491 0.502709 0.0260549 0.00528971
 0.469624 0.314308 0.0189862 0.185514 0.0115671
 0.496291 0.326617 0.104947 0.00633949 0.0658054
 0.501875 0.333787 0.106561 0.0342396 0.0235376
 0.502831 0.336701 0.107527 0.0343277 0.0186125
 0.492675 0.34098 0.112655 0.0359768 0.0177129
 0.508731 0.32809 0.109675 0.0362351 0.0172691
 0.516022 0.332964 0.100853 0.0337135 0.0164469
 0.488267 0.349041 0.111928 0.0339023 0.0168617
 0.484935 0.339896 0.119479 0.0383137 0.0173768
 0.480448 0.341121 0.117748 0.0413904 0.0192926
 0.479689 0.338339 0.119477 0.041241 0.021254
 0.494889 0.331122 0.113139 0.0399523 0.020898
 0.503291 0.332382 0.107723 0.0368073 0.0197964
 0.509431 0.333279 0.105253 0.0341121 0.0179243
 0.508892 0.33453 0.106374 0.0335943 0.0166087
 0.520157 0.329512 0.102402 0.0325618 0.0153674
 0.520189 0.332222 0.10135 0.0314964 0.0147419
 0.555483 0.310514 0.0927839 0.0283054 0.0129136
 0.603937 0.293994 0.0712995 0.0213048 0.00946458
 0.603356 0.307917 0.0658607 0.0159726 0.00689298
 0.607133 0.303317 0.0695185 0.0148694 0.00516235
 0.617912 0.300311 0.0631372 0.0144707 0.00416972
 0.562509 0.339586 0.0769506 0.016178 0.00477635
 0.540659 0.336036 0.0957113 0.0216883 0.00590594
 0.526266 0.337651 0.0995524 0.028355 0.00817495
 0.512252 0.339648 0.105557 0.0311223 0.0114201
 0.513789 0.333677 0.106218 0.033011 0.0133043
 0.512815 0.335295 0.104239 0.0331821 0.0144687
 0.504174 0.339486 0.107598 0.033451 0.0152914
 0.501299 0.33724 0.110551 0.0350384 0.0158725
 0.500706 0.337422 0.109464 0.0358833 0.016525
pobs_PELACES
 0 0 0 0 0
 0 0 0 0 0
 0 0 0 0 0
 0 0 0 0 0
 0 0 0 0 0
 0 0 0 0 0
 0 0 0 0 0
 0 0 0 0 0
 0 0 0 0 0
 0 0 0 0 0
 0 0 0 0 0
 0 0 0 0 0
 0 0 0 0 0
 0 0 0 0 0
 0 0 0 0 0
 0 0 0 0 0
 0.505614 0.472636 0.0217494 0 0
 0 0 0 0 0
 0.443492 0.261883 0.143347 0.151278 0
 0.227955 0.32914 0.350689 0.0885471 0.00366901
 0.970185 0.0296113 0.000203453 0 0
 0.997202 0.00247181 0.000326279 0 0
 0.445219 0.490057 0.0546422 0.010081 0
 0.90214 0.0892962 0.00764917 0.000914606 0
 0 0 0 0 0
 0.581667 0.319106 0.0959925 0.00289975 0.000334073
 0.762889 0.0836404 0.116647 0.0363945 0.000428098
 0.88444 0.0763242 0.0277011 0.0115352 0
 0.521256 0.241999 0.230069 0.00667565 0
 0.616807 0.101726 0.260614 0.0208532 0
 0.833518 0.0704572 0.0857862 0.0102388 0
 0.697417 0.212968 0.0787535 0.0105354 0.000325836
ppred_PELACES
 0.418834 0.051068 0.498985 0.0258619 0.00525052
 0.476308 0.310347 0.018747 0.183177 0.0114213
 0.501285 0.323379 0.103907 0.00627663 0.0651529
 0.50855 0.329314 0.105133 0.0337808 0.0232222
 0.505024 0.335216 0.107053 0.0341763 0.0185304
 0.498382 0.337144 0.111388 0.0355721 0.0175137
 0.519051 0.321198 0.107371 0.0354739 0.0169064
 0.517023 0.332276 0.100644 0.0336438 0.0164129
 0.491018 0.347165 0.111327 0.0337201 0.0167711
 0.487435 0.338246 0.118899 0.0381277 0.0172925
 0.481321 0.340548 0.11755 0.0413208 0.0192601
 0.484902 0.33495 0.11828 0.0408278 0.0210411
 0.500123 0.32769 0.111966 0.0395383 0.0206814
 0.510645 0.327461 0.106128 0.0362624 0.0195033
 0.514098 0.330108 0.104252 0.0337876 0.0177538
 0.518134 0.328235 0.104373 0.0329621 0.0162962
 0.52634 0.325266 0.101082 0.0321422 0.0151694
 0.531119 0.324654 0.0990415 0.0307789 0.0144061
 0.578474 0.294454 0.0879849 0.0268414 0.0122456
 0.624148 0.278992 0.0676612 0.0202177 0.00898162
 0.620184 0.294854 0.0630666 0.0152949 0.00660055
 0.633916 0.282638 0.0647791 0.0138557 0.00481041
 0.628741 0.291799 0.0613477 0.0140605 0.00405153
 0.571915 0.332285 0.0752963 0.0158302 0.00467366
 0.549269 0.329737 0.0939172 0.0212818 0.00579523
 0.531482 0.333934 0.0984564 0.0280428 0.00808495
 0.518948 0.334985 0.104108 0.030695 0.0112633
 0.520964 0.328753 0.104651 0.0325239 0.013108
 0.517921 0.331781 0.103147 0.0328343 0.014317
 0.508576 0.336471 0.106643 0.033154 0.0151557
 0.507269 0.333203 0.109227 0.034619 0.0156825
 0.503257 0.335698 0.108904 0.0357 0.0164406
pobs_pel_tallas
 0 0 0 0 0 0 0 0 0 0 0 0 0 0 0 0 0 0 0 0 0 0 0 0 0 0
 0 0 0 0 0 0 0 0 0 0 0 0 0 0 0 0 0 0 0 0 0 0 0 0 0 0
 0 0 0 0 0 0 0 0 0 0 0 0 0 0 0 0 0 0 0 0 0 0 0 0 0 0
 0 0 0 0 0 0 0 0 0 0 0 0 0 0 0 0 0 0 0 0 0 0 0 0 0 0
 0 0 0 0 0 0 0 0 0 0 0 0 0 0 0 0 0 0 0 0 0 0 0 0 0 0
 0 0 0 0 0 0 0 0 0 0 0 0 0 0 0 0 0 0 0 0 0 0 0 0 0 0
 0 0 0 0 0 0 0 0 0 0 0 0 0 0 0 0 0 0 0 0 0 0 0 0 0 0
 0 0 0 0 0 0 0 0 0 0 0 0 0 0 0 0 0 0 0 0 0 0 0 0 0 0
 0 0 0 0 0 0 0 0 0 0 0 0 0 0 0 0 0 0 0 0 0 0 0 0 0 0
 0 0 0 0 0 0 0 0 0 0 0 0 0 0 0 0 0 0 0 0 0 0 0 0 0 0
 0 0 0 0 0 0 0 0 0 0 0 0 0 0 0 0 0 0 0 0 0 0 0 0 0 0
 0 0 0 0 0 0 0 0 0 0 0 0 0 0 0 0 0 0 0 0 0 0 0 0 0 0
 0.00862536 0 0 0.000197151 0.00414017 0.0128641 0.00837892 0.0270097 0.101434 0.158115 0.152841 0.127902 0.109271 0.109419 0.0830992 0.0579132 0.0238553 0.00714673 0.00463305 0.00128148 0.00103504 0.000492878 0.000147863 0.000147863 4.92878e-05 0
 0 0 0 0 0 0 0 0 0 0 0 0 0 0 0 0 0 0 0 0 0 0 0 0 0 0
 0 0 0 0 0 0 0 0.0054083 0.00873648 0.0413646 0.0450493 0.0745869 0.0622846 0.0627006 0.0613931 0.0827291 0.12552 0.122667 0.0946155 0.0697135 0.0546179 0.0294188 0.0215738 0.0213955 0.0102223 0.00600262
 0 0 0 0 0.00359764 0.0251062 0.0480494 0.140153 0.205849 0.193036 0.1447 0.116669 0.0760912 0.0342217 0.00950174 0.001854 0.000860785 0 0 0 0.000165536 0 0.000143464 0 0 0
 0 0 0 0 0 0 0 0.000145254 0.000435761 0.0275982 0.070085 0.0708112 0.156366 0.174668 0.174014 0.160142 0.0824315 0.0480064 0.0283245 0.00493863 0.00203355 0 0 0 0 0
 0 0 0 0 0 0 0 0 0 0 0 0 0 0 0 0 0 0 0 0 0 0 0 0 0 0
 0 0 1.00437e-05 0.000401748 0.00122533 0.00171747 0.00176769 0.0269171 0.070346 0.194647 0.189555 0.159765 0.064822 0.0314167 0.0384472 0.0292271 0.0345202 0.0313363 0.0194345 0.0106764 0.0143323 0.0359363 0.0279516 0.0138201 0.00172751 0
 0 0.0021121 0.0136068 0.0755702 0.200478 0.177729 0.0527432 0.0373336 0.0318909 0.0142505 0.0149659 0.0166563 0.0217959 0.0798694 0.0677717 0.0528807 0.04013 0.0224614 0.0357745 0.0225083 0.00881397 0.00855152 0.00135912 0.000746735 0 0
 0 0 0 0 5.4009e-05 0.00500934 0.000945158 0.0243581 0.138947 0.33067 0.221406 0.137944 0.0707744 0.0437923 0.0131692 0.00525238 0.0047753 0.00276346 9.45158e-05 9.00151e-06 2.25038e-05 9.00151e-06 4.50075e-06 0 0 0
 0.000866109 0.00284123 0.00948549 0.0512746 0.133035 0.25785 0.225252 0.132002 0.0553304 0.0519788 0.0540692 0.017754 0.00435017 0.00159236 0.00146478 0.000404838 0.000125132 0.000115318 0.000107957 0.000100596 0 0 0 0 0 0
 0 0 0 0 0.00144013 0.00171154 0.00461396 0.0210425 0.0478622 0.0707936 0.0888783 0.103762 0.0637923 0.0337046 0.0602308 0.124433 0.169614 0.0934646 0.0462172 0.0250306 0.0313229 0.00938855 0.002487 0.000210481 0 0
 0 0.00764035 0.051015 0.0998891 0.058973 0.0496711 0.0374665 0.0718981 0.12319 0.153886 0.159021 0.0857701 0.0377988 0.023471 0.0147837 0.00900784 0.00315554 0.000888139 0.00291439 0.00214683 0.00393193 0.00274676 0.000635225 9.99891e-05 0 0
 0 0 0 0 0 0 0 0 0 0 0 0 0 0 0 0 0 0 0 0 0 0 0 0 0 0
 0 0 0 0 0 0 0 0 0 0 0 0 0 0 0 0 0 0 0 0 0 0 0 0 0 0
 0 0 0 0 0 0 0 0 0 0 0 0 0 0 0 0 0 0 0 0 0 0 0 0 0 0
 0 0 0 0 0 0 0 0 0 0 0 0 0 0 0 0 0 0 0 0 0 0 0 0 0 0
 0 0 0 0 0 0 0 0 0 0 0 0 0 0 0 0 0 0 0 0 0 0 0 0 0 0
 0 0 0 0 0 0 0 0 0 0 0 0 0 0 0 0 0 0 0 0 0 0 0 0 0 0
 0 0 0 0 0 0 0 0 0 0 0 0 0 0 0 0 0 0 0 0 0 0 0 0 0 0
 0 0 0 0 0 0 0 0 0 0 0 0 0 0 0 0 0 0 0 0 0 0 0 0 0 0
ppred_pel_tallas
 1.17895e-16 3.44989e-05 0.000335341 0.00222846 0.0101303 0.031519 0.0671548 0.0980156 0.0980213 0.067183 0.0316158 0.0104196 0.00299164 0.00212318 0.0037862 0.00713196 0.0124248 0.0201006 0.0304604 0.0433836 0.0579294 0.0720667 0.0829283 0.0877369 0.0850038 0.0752748
 1.20924e-16 3.92329e-05 0.000381358 0.00253426 0.0115204 0.0358444 0.0763713 0.111472 0.111502 0.0765176 0.0363357 0.01294 0.00609992 0.00817356 0.014866 0.0245986 0.0356604 0.045407 0.051268 0.0522983 0.0498563 0.0467232 0.0453004 0.0462436 0.0483777 0.0496681
 1.14737e-16 4.12903e-05 0.000401356 0.00266715 0.0121245 0.037724 0.0803762 0.117318 0.117349 0.080529 0.0382375 0.0136089 0.00639832 0.00856348 0.0155931 0.0258475 0.0375514 0.0479137 0.054126 0.0549401 0.051403 0.0460736 0.0413667 0.0383262 0.0365528 0.034967
 1.10436e-16 4.18887e-05 0.000407173 0.00270581 0.0123002 0.0382707 0.081541 0.119018 0.11905 0.0816967 0.0387936 0.0138119 0.00650542 0.00871887 0.0158781 0.0263178 0.0382269 0.0487526 0.0550125 0.0556953 0.0518063 0.0458776 0.0403045 0.0361357 0.0330387 0.0300924
 1.09739e-16 4.15982e-05 0.00040435 0.00268705 0.0122149 0.0380054 0.0809757 0.118193 0.118226 0.0811342 0.0385377 0.0137536 0.00655447 0.00886412 0.016159 0.0267826 0.0388952 0.0495883 0.0559189 0.0565402 0.0524625 0.0462534 0.0403518 0.0358419 0.0324197 0.0291944
 1.09832e-16 4.10512e-05 0.000399032 0.00265171 0.0120543 0.0375056 0.0799108 0.116639 0.116672 0.0800702 0.038041 0.0136023 0.00654275 0.00891141 0.0162615 0.0269607 0.0391704 0.0499729 0.0564142 0.0571399 0.0531566 0.047026 0.0411734 0.0366645 0.0331819 0.0298373
 1.096e-16 4.27536e-05 0.00041558 0.00276168 0.0125542 0.039061 0.0832246 0.121475 0.121506 0.0833765 0.0395711 0.0140291 0.00646928 0.0085271 0.0155006 0.0256971 0.0373426 0.0476594 0.0538379 0.0545919 0.0508804 0.0451384 0.039664 0.0354557 0.0321946 0.0290228
 1.09141e-16 4.25866e-05 0.000413957 0.00275089 0.0125052 0.0389084 0.0828996 0.121001 0.121033 0.0830566 0.0394358 0.0140297 0.00658232 0.00879355 0.016003 0.0265107 0.0384743 0.0489973 0.0551509 0.0555946 0.0513375 0.0449486 0.0388821 0.0342521 0.0307861 0.0276101
 1.09522e-16 4.04446e-05 0.000393135 0.00261253 0.0118762 0.0369514 0.0787301 0.114916 0.114949 0.0788941 0.0375026 0.0134697 0.00661767 0.00915402 0.0167311 0.0277333 0.0402718 0.0513325 0.0578612 0.058454 0.0541474 0.0475937 0.04132 0.0364632 0.0327356 0.0292491
 1.10268e-16 4.01495e-05 0.000390267 0.00259346 0.0117895 0.0366818 0.0781556 0.114077 0.11411 0.0783156 0.0372192 0.0133434 0.00649998 0.00893839 0.0163343 0.0270978 0.0394039 0.050342 0.0569631 0.0579135 0.0541894 0.0483248 0.0426995 0.0383281 0.034857 0.0313918
 1.10883e-16 3.96459e-05 0.000385372 0.00256093 0.0116416 0.0362217 0.0771753 0.112647 0.112679 0.0773363 0.0367627 0.013206 0.00649364 0.00899062 0.0164422 0.0272772 0.0396636 0.0506736 0.0573437 0.0583211 0.0546234 0.0488162 0.0433022 0.0390936 0.035806 0.0324973
 1.11155e-16 3.99408e-05 0.000388239 0.00257999 0.0117283 0.0364911 0.0777494 0.113484 0.113517 0.0779078 0.0370234 0.0132672 0.00644912 0.00885515 0.0161811 0.0268485 0.0390544 0.0499256 0.0565549 0.0576172 0.0541126 0.0485551 0.0432896 0.0392888 0.0361525 0.032939
 1.1078e-16 4.11946e-05 0.000400426 0.00266097 0.0120964 0.0376366 0.0801899 0.117046 0.117078 0.0803449 0.0381572 0.0136016 0.00644489 0.00867992 0.0158223 0.0262427 0.0381567 0.0487444 0.0551554 0.0560924 0.0525423 0.0469835 0.0417359 0.037775 0.0347216 0.0316498
 1.10084e-16 4.20612e-05 0.00040885 0.00271695 0.0123509 0.0384284 0.0818769 0.119508 0.11954 0.0820317 0.0389484 0.0138543 0.0064958 0.00867554 0.0157937 0.0261804 0.0380343 0.0485209 0.0547753 0.0554912 0.0516601 0.0457851 0.0402311 0.036028 0.0328439 0.0297778
 1.09486e-16 4.23457e-05 0.000411615 0.00273533 0.0124344 0.0386883 0.0824306 0.120317 0.120349 0.0825866 0.0392124 0.0139495 0.00654339 0.00874124 0.015911 0.0263669 0.0382861 0.0488007 0.0550102 0.0555872 0.0515286 0.0453677 0.0395137 0.0350419 0.0316583 0.0284868
 1.0916e-16 4.26781e-05 0.000414846 0.0027568 0.012532 0.038992 0.0830777 0.121261 0.121293 0.0832328 0.0395131 0.0140386 0.00654337 0.00869752 0.015822 0.0262187 0.0380709 0.0485255 0.0546961 0.0552584 0.0511976 0.0450265 0.0391375 0.0346034 0.0311435 0.0279047
 1.08791e-16 4.3354e-05 0.000421417 0.00280046 0.0127305 0.0396095 0.0843935 0.123181 0.123213 0.0845472 0.0401259 0.0142231 0.00655185 0.00862645 0.0156728 0.0259647 0.0376898 0.0480142 0.0540713 0.0545456 0.0504151 0.0441803 0.0382286 0.0336428 0.0301611 0.0269464
 1.08466e-16 4.37477e-05 0.000425243 0.00282589 0.0128461 0.0399692 0.0851597 0.1243 0.124331 0.0853131 0.0404845 0.0143357 0.0065694 0.00861246 0.0156375 0.0259007 0.0375858 0.0478577 0.0538491 0.0542421 0.0500136 0.0436669 0.0376008 0.0329161 0.029371 0.0261429
 1.07379e-16 4.76482e-05 0.000463158 0.00307785 0.0139915 0.0435328 0.0927523 0.135381 0.135409 0.0928914 0.0440001 0.0153422 0.00647232 0.00788645 0.0141847 0.0234772 0.0340572 0.0433417 0.0487232 0.0490022 0.0450653 0.0391907 0.0335689 0.0292175 0.0259355 0.0229887
 1.05572e-16 5.14103e-05 0.000499726 0.00332086 0.0150962 0.0469699 0.100075 0.146068 0.146095 0.100207 0.0474121 0.016374 0.00653086 0.00751526 0.013399 0.022133 0.0320274 0.0405917 0.045318 0.0450515 0.0406542 0.0343583 0.0283565 0.0237416 0.0204207 0.0177319
 1.04547e-16 5.10838e-05 0.000496553 0.00329977 0.0150003 0.0466716 0.0994398 0.145141 0.14517 0.0995789 0.0471386 0.0163496 0.00668855 0.00790012 0.014129 0.0233224 0.0336979 0.0425997 0.0473489 0.0467052 0.0415819 0.0343752 0.0274736 0.0221239 0.0183146 0.0154015
 1.04146e-16 5.22149e-05 0.000507548 0.00337283 0.0153324 0.047705 0.101642 0.148355 0.148382 0.101775 0.0481528 0.0166263 0.0066226 0.00760832 0.013557 0.0223797 0.0323504 0.0409258 0.0455402 0.0449996 0.0401645 0.033307 0.0266904 0.0214935 0.0177098 0.014749
 1.03941e-16 5.17886e-05 0.000503404 0.0033453 0.0152073 0.0473156 0.100812 0.147144 0.147172 0.100949 0.0477777 0.0165424 0.00669836 0.00782846 0.013979 0.0230688 0.0333216 0.0421021 0.0467513 0.0460338 0.040848 0.033566 0.0265615 0.021088 0.0171612 0.0141717
 1.04637e-16 4.71079e-05 0.000457906 0.00304295 0.0138328 0.0430392 0.0917007 0.133847 0.133879 0.0918575 0.0435656 0.0153538 0.00686315 0.00880479 0.0159209 0.0263022 0.0380161 0.0480808 0.0534768 0.0527976 0.0470533 0.0389178 0.0310586 0.0248725 0.0203637 0.0168488
 1.0591e-16 4.52426e-05 0.000439775 0.00292246 0.0132851 0.041335 0.0880698 0.128547 0.128579 0.0882255 0.0418581 0.0147968 0.00672078 0.00874402 0.0158532 0.0262328 0.0380094 0.0482685 0.0540544 0.0539871 0.0490359 0.0417602 0.034666 0.0289927 0.0246448 0.0209264
 1.07108e-16 4.37775e-05 0.000425533 0.00282782 0.0128549 0.0399965 0.0852179 0.124385 0.124417 0.0853756 0.0405263 0.0143864 0.00667641 0.00884112 0.016068 0.0266036 0.038576 0.0490522 0.0550598 0.0552203 0.0505235 0.0435491 0.0367963 0.0314583 0.0273659 0.0237532
 1.08075e-16 4.27452e-05 0.000415498 0.00276113 0.0125517 0.0390533 0.0832083 0.121452 0.121484 0.0833666 0.039585 0.0140888 0.00662415 0.00886429 0.0161352 0.0267298 0.0387906 0.0493924 0.0555716 0.0559581 0.0515447 0.0448979 0.0384832 0.0334421 0.0295515 0.0260055
 1.08585e-16 4.29112e-05 0.000417112 0.00277186 0.0126005 0.0392049 0.0835314 0.121923 0.121955 0.0836868 0.0397269 0.0141093 0.00656423 0.00871229 0.0158454 0.0262556 0.0381199 0.0485768 0.054729 0.0552421 0.0510934 0.0447934 0.038739 0.0340164 0.0303688 0.0269738
 1.08778e-16 4.26606e-05 0.000414676 0.00275567 0.0125269 0.038976 0.0830436 0.121211 0.121243 0.0832004 0.0395027 0.0140494 0.00658214 0.00878391 0.0159847 0.0264834 0.0384418 0.0489691 0.0551397 0.0556093 0.0513726 0.0449776 0.0388596 0.0341258 0.0305164 0.0271873
 1.09054e-16 4.18908e-05 0.000407194 0.00270595 0.0123009 0.0382727 0.0815452 0.119024 0.119057 0.0817043 0.0388069 0.0138451 0.00658727 0.0088969 0.0162149 0.026871 0.0390136 0.0497165 0.0560165 0.0565516 0.0523271 0.0459181 0.039781 0.0350257 0.0313803 0.0279878
 1.09363e-16 4.17831e-05 0.000406147 0.00269899 0.0122692 0.0381743 0.0813356 0.118718 0.118751 0.0814931 0.0387035 0.013799 0.0065441 0.00881769 0.016069 0.026637 0.0386933 0.0493494 0.0556808 0.056344 0.052331 0.0461748 0.0402795 0.0357112 0.0321731 0.0288041
 1.09592e-16 4.14527e-05 0.000402935 0.00267765 0.0121722 0.0378724 0.0806924 0.11778 0.117812 0.0808511 0.0384055 0.0137133 0.00655125 0.00887665 0.0161867 0.0268319 0.038974 0.0497031 0.0560737 0.0567356 0.0526936 0.0465067 0.0406024 0.036055 0.0325581 0.0292303
pSPR Fmed_Fpbrs
0.600942   0.286563 0.286563
Fs Fmed_Fpbrs
0.34   1.005 1.005
SSBpbr Bo_Bmed_Bpbrs
3.37188e+06  1.85771e+06  797662 797662
Ro
319555
SPR SPRFo_SPRFmed_SPRFpbrs
2.30019e+06 1.38228e+06 659149
Fref
1.005
Nvult_r0
 248431 94625.3 30697.6 10063 4634.22
CTP_r0
 83085.8 47430.6 15387.1 5044.03 2322.89
YTP_r0
2.60094e+06
Np
 319555 71124.3 15348.3 5092.21 1874.43
Nvult_p0
 248431 61546.7 13281.5 4406.49 1622.02
CTP_p0
 83085.8 49437.9 16402.3 5321.11 2347.53
 83085.8 30850.1 6657.32 2208.74 813.032
YTP_p0
 2.13337e+06 1.42288e+06
CBA_c0
2.46067e+06
log_Ro
12.4947
likeval ReclasPelacesDesembMPH_pf_preclas_ppelaces_ptallas_desvR_qrecl_qpela
 124.836 54.6639 9.51244 0.00645561 258.501 168.865 118.469 0 0 0 0 46.8226 0 0 0
q_reclas_q_pelaces
1 1
M
1
N
 319555 20375.9 199093 10318.8 2094.93
 319555 111369 6727.4 65733.4 4098.57
 319555 108384 34825.4 2103.68 21836.7
 319555 110652 35325.3 11350.6 7802.84
 319555 108420 34624.5 11053.8 5993.36
 319555 114474 37820.5 12078.2 5946.6
 319555 109700 36670.9 12115.5 5774.09
 319555 103724 31417.4 10502.3 5123.49
 319555 116139 37242.8 11280.6 5610.53
 319555 113701 39967.6 12816.6 5812.84
 319555 114046 39366.4 13837.9 6450.02
 319555 116318 41075 14178.3 7306.95
 319555 110350 37704.9 13314.6 6964.51
 319555 110330 35757.5 12217.8 6571.17
 319555 107530 33959.2 11006 5783.14
 319555 111088 35324 11155.7 5515.31
 319555 105091 32658.7 10384.9 4901.1
 319555 109051 33267.9 10338.6 4838.99
 319555 102934 30757.4 9383.09 4280.78
 319555 88508.7 21465.2 6413.95 2849.37
 319555 90782.5 19417.5 4709.15 2032.24
 319555 94841.4 21737.1 4649.36 1614.17
 319555 83274.6 17507.6 4012.64 1156.24
 319555 102223 23163.8 4869.94 1437.78
 319555 104671 29813 6755.66 1839.63
 319555 105816 31198.6 8886.14 2561.94
 319555 110332 34289.6 10109.9 3709.74
 319555 108384 34501.6 10722.6 4321.47
 319555 107754 33499.5 10663.8 4649.82
 319555 110496 35021 10887.6 4977.05
 319555 111448 36533.8 11579.2 5245.42
 319555 109350 35474.6 11628.9 5355.38
pred_Ctot
 10681.3 1332.16 13016.5 674.631 136.965
 15868.5 10699.7 646.333 6315.32 393.769
 11924.8 7890.37 2535.3 153.148 1589.72
 15805 10589.7 3380.74 1086.28 746.754
 5310.25 3563.86 1138.13 363.346 197.006
 13578.9 9456.75 3124.37 997.782 491.251
 24013.9 15675.7 5240.12 1731.26 825.095
 2439.85 1575.91 477.333 159.565 77.8425
 6645.48 4764.21 1527.76 462.747 230.153
 6049.4 4251.1 1494.33 479.192 217.333
 2131.72 1514.87 522.904 183.809 85.6758
 12448.7 8830.31 3118.22 1076.35 554.708
 12483.1 8399.8 2870.07 1013.5 530.134
 17356.7 11557.6 3745.76 1279.86 688.359
 11167.6 7342.83 2318.95 751.56 394.91
 21619.3 14364.3 4567.59 1442.5 713.159
 14707.3 9380.65 2915.2 926.98 437.485
 25401.9 16434.8 5013.73 1558.1 729.273
 51079.6 29500.2 8814.89 2689.14 1226.85
 46985.1 23544.3 5709.97 1706.18 757.964
 39722 20743.2 4436.79 1076.01 464.354
 60579.2 31562.5 7233.95 1547.27 537.183
 26652.6 13132.9 2761.04 632.815 182.345
 22353.6 13645.5 3092.1 650.081 191.928
 20349.4 12774 3638.35 824.457 224.507
 12479.5 8052.42 2374.16 676.219 194.959
 15867.7 10599.6 3294.19 971.253 356.393
 16965.5 11107.1 3535.67 1098.83 442.858
 12196 8018.41 2492.83 793.533 346.011
 10543.8 7133.2 2260.83 702.864 321.3
 14186.1 9606.2 3149.01 998.061 452.126
 6166.28 4166.42 1351.64 443.081 204.048
F
 0.054081 0.108162 0.108162 0.108162 0.108162
 0.0812509 0.162502 0.162502 0.162502 0.162502
 0.0605387 0.121077 0.121077 0.121077 0.121077
 0.0809144 0.161829 0.161829 0.161829 0.161829
 0.0265817 0.0531634 0.0531634 0.0531634 0.0531634
 0.0691825 0.138365 0.138365 0.138365 0.138365
 0.125192 0.250383 0.250383 0.250383 0.250383
 0.01214 0.02428 0.02428 0.02428 0.02428
 0.0333594 0.0667188 0.0667188 0.0667188 0.0667188
 0.0303289 0.0606579 0.0606579 0.0606579 0.0606579
 0.0106001 0.0212001 0.0212001 0.0212001 0.0212001
 0.0632698 0.12654 0.12654 0.12654 0.12654
 0.0634494 0.126899 0.126899 0.126899 0.126899
 0.0891602 0.17832 0.17832 0.17832 0.17832
 0.0566026 0.113205 0.113205 0.113205 0.113205
 0.112107 0.224214 0.224214 0.224214 0.224214
 0.0751149 0.15023 0.15023 0.15023 0.15023
 0.132842 0.265683 0.265683 0.265683 0.265683
 0.283828 0.567656 0.567656 0.567656 0.567656
 0.258462 0.516924 0.516924 0.516924 0.516924
 0.214723 0.429447 0.429447 0.429447 0.429447
 0.344786 0.689571 0.689571 0.689571 0.689571
 0.139777 0.279554 0.279554 0.279554 0.279554
 0.116105 0.232209 0.232209 0.232209 0.232209
 0.105225 0.21045 0.21045 0.21045 0.21045
 0.0634307 0.126861 0.126861 0.126861 0.126861
 0.0812464 0.162493 0.162493 0.162493 0.162493
 0.0870763 0.174153 0.174153 0.174153 0.174153
 0.0619519 0.123904 0.123904 0.123904 0.123904
 0.0533692 0.106738 0.106738 0.106738 0.106738
 0.0723714 0.144743 0.144743 0.144743 0.144743
 0.0309225 0.0618451 0.0618451 0.0618451 0.0618451
YTP_r0W_actual
 714538 1.17628e+06 429299 188142 92683.2
YTP_p0W_proyectada
 626467 862691 394804 166657 82750.3
 626467 538334 160242 69177.8 28659.4
CTP_r0_actual
 83085.8 47430.6 15387.1 5044.03 2322.89
CTP_p0_proyectada
 83085.8 49437.9 16402.3 5321.11 2347.53
 83085.8 30850.1 6657.32 2208.74 813.032
Wmedp
 7.54 17.45 24.07 31.32 35.25
Frms_r0
 0.5025 1.005 1.005 1.005 1.005
Zrms_r0
 1.5025 2.005 2.005 2.005 2.005
nmprior
 7.29 8.9 8.7 0
nm_flota  nm_reclas  nm_pelaces    nm_pelaL
inf 4.37585 7.44455 16.6178
cv_recla  cv_pelaces  cv_mph
0.988423 0.809917 2.18676
 ------------------------------------------------
Talla a la edad & desviaci?n 
 8 13.2811 15.8009 17.003 17.5766
 0.8 1.32811 1.58009 1.7003 1.75766
