years
 1991 1992 1993 1994 1995 1996 1997 1998 1999 2000 2001 2002 2003 2004 2005 2006 2007 2008 2009 2010 2011 2012 2013 2014 2015 2016 2017 2018 2019 2020 2021 2022 2023
reclasobs
 0 0 0 0 0 0 0 0 0 252601 567819 844713 477998 351125 339783 2.1784e+06 2.13404e+06 4.81314e+06 1.55562e+06 2.62356e+06 3.21686e+06 3.843e+06 1.13348e+06 3.07943e+06 1.97215e+06 2.03268e+06 2.025e+06 2.42433e+06 2.27542e+06 1.05018e+06 2.36338e+06 3.18982e+06 1.53035e+06
reclaspred
 4.33208e+06 2.93021e+06 2.02547e+06 2.07962e+06 2.14454e+06 2.45477e+06 2.04909e+06 2.88278e+06 3.01643e+06 3.20395e+06 2.34685e+06 2.35921e+06 2.17536e+06 2.03605e+06 2.10192e+06 2.14413e+06 2.23571e+06 2.58662e+06 1.48751e+06 1.09534e+06 1.75225e+06 1.0985e+06 1.38469e+06 2.08539e+06 1.84479e+06 2.2248e+06 2.39502e+06 2.00537e+06 2.40006e+06 2.50703e+06 2.53739e+06 3.34292e+06 2.66839e+06
pelacesobs
 0 0 0 0 0 0 0 0 0 0 0 0 0 0 0 552880 188675 0 991730 2.46772e+06 1.41603e+06 1.21717e+06 2.29649e+06 1.80582e+06 0 1.4828e+06 1.56532e+06 1.57751e+06 1.42118e+06 867257 1.10002e+06 1.06204e+06 0
pelacespred
 2.09251e+06 1.5271e+06 1.032e+06 906670 1.00863e+06 1.1371e+06 965173 1.49071e+06 1.65157e+06 1.64044e+06 1.34408e+06 1.13187e+06 1.09939e+06 1.12258e+06 1.16438e+06 1.01837e+06 1.01938e+06 1.11978e+06 730893 474477 689812 483510 637246 1.02483e+06 922195 1.08462e+06 1.29714e+06 1.09303e+06 1.09288e+06 1.24413e+06 1.23711e+06 1.57008e+06 1.27764e+06
mphobs
 0 0 0 0 0 0 0 0 0 0 0 0 498337 0 5186 125008 0 168611 109162 213762 579715 649985 157893 87575 83554 210694 70296 0 107559 103333 445601 22526 28222
mphpred
 4.06485e+06 2.92154e+06 1.96588e+06 1.54076e+06 1.70135e+06 1.8251e+06 1.86079e+06 1.69871e+06 2.3883e+06 2.72337e+06 2.18975e+06 1.97753e+06 1.85936e+06 1.60412e+06 1.56031e+06 1.93462e+06 1.63055e+06 2.02769e+06 1.47526e+06 874816 1.00769e+06 984592 665600 1.18965e+06 1.62e+06 1.34625e+06 1.79523e+06 1.65553e+06 1.8416e+06 1.92058e+06 1.81954e+06 2.11471e+06 1.92576e+06
desembarqueobs
 494567 514787 250237 358949 120608 361735 552515 73892 212993 205616 52469 317467 293654 387597 252695 516296 358380 742168 942051 627588 828172 859565 418607 520667 417249 300574 415391 372974 316634 284311 391294 218835 356480
desembarquepred
 494463 505601 260154 358729 120540 361512 552193 73849.6 212922 205554 52442.8 317412 293601 387550 252611 516054 358132 740994 939033 625844 826511 857154 418224 520282 416972 300395 415155 372711 316464 284205 391121 218731 356299
Reclutas
 316697 316697 316697 316697 316697 316697 316697 316697 316697 316697 316697 316697 316697 316697 316697 316697 316697 316697 316697 316697 316697 316697 316697 316697 316697 316697 316697 316697 316697 316697 316697 316697 316697
log_desv_Rt
 0 0 0 0 0 0 0 0 0 0 0 0 0 0 0 0 0 0 0 0 0 0 0 0 0 0 0 0 0 0 0 0 0
SSB
 4.06485e+06 2.92154e+06 1.96588e+06 1.54076e+06 1.70135e+06 1.8251e+06 1.86079e+06 1.69871e+06 2.3883e+06 2.72337e+06 2.18975e+06 1.97753e+06 1.79748e+06 1.5853e+06 1.52592e+06 1.88774e+06 1.63055e+06 2.02769e+06 1.52249e+06 901916 1.0673e+06 1.1092e+06 766583 1.31323e+06 1.68005e+06 1.47343e+06 1.85905e+06 1.65553e+06 1.90483e+06 1.87849e+06 1.99429e+06 2.37689e+06 2.01455e+06
BT
 5.6138e+06 4.43768e+06 2.85919e+06 2.83776e+06 2.80553e+06 3.5837e+06 3.09738e+06 4.94659e+06 5.1133e+06 4.65253e+06 3.68695e+06 3.35036e+06 3.38821e+06 3.90999e+06 3.94564e+06 3.24721e+06 3.25902e+06 3.78256e+06 3.13086e+06 2.00631e+06 2.89497e+06 2.24821e+06 2.55659e+06 3.88046e+06 2.92675e+06 3.66515e+06 4.42494e+06 3.6768e+06 3.23069e+06 3.92132e+06 3.91591e+06 4.71752e+06 4.01191e+06
Ftot
 0.108561 0.163365 0.122038 0.163416 0.0537139 0.139802 0.253287 0.0245395 0.0674093 0.0612705 0.0214078 0.127808 0.128235 0.180243 0.114409 0.226743 0.151981 0.268827 0.575769 0.525399 0.436815 0.702362 0.284129 0.235381 0.213255 0.128371 0.164318 0.176105 0.125289 0.107906 0.146309 0.0624925 0.126902
BD_Bspro_t
 0.98278 0.88661 0.804986 0.789493 0.790838 0.835917 0.802423 0.74991 0.858172 0.888789 0.891551 0.913717 0.856605 0.815491 0.798935 0.812918 0.737722 0.77028 0.655619 0.504648 0.495501 0.487163 0.430837 0.59679 0.678081 0.698459 0.778101 0.7783 0.795079 0.796034 0.816285 0.827425 0.859151
BD_Bspro
 1.78158 1.28048 0.861627 0.675301 0.745683 0.799925 0.815564 0.744529 1.04677 1.19362 0.959743 0.866732 0.787817 0.69482 0.668794 0.827376 0.714651 0.888717 0.667294 0.3953 0.467786 0.48615 0.335986 0.575577 0.73635 0.64579 0.814802 0.725603 0.834867 0.823325 0.874079 1.04177 0.882956
BD_Bo
 1.21598 0.873961 0.588082 0.46091 0.508948 0.545969 0.556643 0.50816 0.714444 0.814679 0.655049 0.591567 0.537705 0.474232 0.456469 0.564705 0.487768 0.606572 0.455445 0.269803 0.319276 0.33181 0.229319 0.392846 0.502578 0.440768 0.556123 0.495242 0.569818 0.56194 0.596581 0.711032 0.60264
BD_Brms
 5.12955 3.68677 2.4808 1.94433 2.14697 2.30315 2.34818 2.14365 3.01385 3.43669 2.7633 2.4955 2.26829 2.00053 1.9256 2.38218 2.05763 2.5588 1.92128 1.13815 1.34685 1.39973 0.967371 1.65721 2.1201 1.85936 2.34598 2.08916 2.40375 2.37052 2.51665 2.99946 2.54221
Sel_flota
 0.5 1 1 1 1
 0.5 1 1 1 1
 0.5 1 1 1 1
 0.5 1 1 1 1
 0.5 1 1 1 1
 0.5 1 1 1 1
 0.5 1 1 1 1
 0.5 1 1 1 1
 0.5 1 1 1 1
 0.5 1 1 1 1
 0.5 1 1 1 1
 0.5 1 1 1 1
 0.5 1 1 1 1
 0.5 1 1 1 1
 0.5 1 1 1 1
 0.5 1 1 1 1
 0.5 1 1 1 1
 0.5 1 1 1 1
 0.5 1 1 1 1
 0.5 1 1 1 1
 0.5 1 1 1 1
 0.5 1 1 1 1
 0.5 1 1 1 1
 0.5 1 1 1 1
 0.5 1 1 1 1
 0.5 1 1 1 1
 0.5 1 1 1 1
 0.5 1 1 1 1
 0.5 1 1 1 1
 0.5 1 1 1 1
 0.5 1 1 1 1
 0.5 1 1 1 1
 0.5 1 1 1 1
Sel_reclas
 0.5 1 1 1 1
 0.5 1 1 1 1
 0.5 1 1 1 1
 0.5 1 1 1 1
 0.5 1 1 1 1
 0.5 1 1 1 1
 0.5 1 1 1 1
 0.5 1 1 1 1
 0.5 1 1 1 1
 0.5 1 1 1 1
 0.5 1 1 1 1
 0.5 1 1 1 1
 0.5 1 1 1 1
 0.5 1 1 1 1
 0.5 1 1 1 1
 0.5 1 1 1 1
 0.5 1 1 1 1
 0.5 1 1 1 1
 0.5 1 1 1 1
 0.5 1 1 1 1
 0.5 1 1 1 1
 0.5 1 1 1 1
 0.5 1 1 1 1
 0.5 1 1 1 1
 0.5 1 1 1 1
 0.5 1 1 1 1
 0.5 1 1 1 1
 0.5 1 1 1 1
 0.5 1 1 1 1
 0.5 1 1 1 1
 0.5 1 1 1 1
 0.5 1 1 1 1
 0.5 1 1 1 1
Sel_pelaces
 0.5 1 1 1 1
 0.5 1 1 1 1
 0.5 1 1 1 1
 0.5 1 1 1 1
 0.5 1 1 1 1
 0.5 1 1 1 1
 0.5 1 1 1 1
 0.5 1 1 1 1
 0.5 1 1 1 1
 0.5 1 1 1 1
 0.5 1 1 1 1
 0.5 1 1 1 1
 0.5 1 1 1 1
 0.5 1 1 1 1
 0.5 1 1 1 1
 0.5 1 1 1 1
 0.5 1 1 1 1
 0.5 1 1 1 1
 0.5 1 1 1 1
 0.5 1 1 1 1
 0.5 1 1 1 1
 0.5 1 1 1 1
 0.5 1 1 1 1
 0.5 1 1 1 1
 0.5 1 1 1 1
 0.5 1 1 1 1
 0.5 1 1 1 1
 0.5 1 1 1 1
 0.5 1 1 1 1
 0.5 1 1 1 1
 0.5 1 1 1 1
 0.5 1 1 1 1
 0.5 1 1 1 1
pf_obs 
 0.8446 0.082 0.0669 0.0065 0
 0.8095 0.147 0.0364 0.0071 0
 0.9664 0.0169 0.016 0.0007 0
 0.9276 0.0648 0.0075 0.0001 0
 0.7033 0.2144 0.0806 0.0017 0
 0.9318 0.0425 0.0243 0.0014 0
 0.5671 0.3108 0.0964 0.0239 0.0018
 0.0768 0.2599 0.5324 0.112 0.0189
 0.490249 0.384438 0.106611 0.0170017 0.00170017
 0.7925 0.1577 0.0466 0.003 0.0002
 0.840416 0.127587 0.0312969 0.00059994 9.999e-05
 0.8084 0.0986 0.0794 0.0134 0.0002
 0.7335 0.1905 0.0724 0.0035 0.0001
 0.4001 0.4547 0.1325 0.0127 0
 0.49795 0.308269 0.164784 0.0264974 0.00249975
 0.9179 0.0499 0.0305 0.0017 0
 0.2467 0.6533 0.0926 0.0074 0
 0.9418 0.0223 0.034 0.0019 0
 0.707729 0.231977 0.0356964 0.0245975 0
 0.517169 0.277429 0.184464 0.0207286 0.00020938
 0.811772 0.124168 0.05621 0.00726502 0.000585176
 0.764997 0.148141 0.077277 0.00933861 0.000247198
 0.163321 0.427699 0.378323 0.0303852 0.000271297
 0.753843 0.0900009 0.118128 0.0371064 0.000921714
 0.721811 0.176058 0.0630433 0.0369309 0.00215725
 0.143369 0.312575 0.442814 0.0836902 0.0175525
 0.692698 0.0596174 0.167031 0.0765114 0.00414204
 0.394062 0.376323 0.152708 0.0712218 0.00568511
 0.125707 0.32114 0.495352 0.0537591 0.00404204
 0.23352 0.215282 0.420074 0.123614 0.00750983
 0.796117 0.104755 0.0508955 0.0450114 0.00322123
 0.162477 0.292055 0.404252 0.121198 0.0200186
 0 0 0 0 0
pf_pred 
 0.41152 0.0517053 0.510352 0.00878301 0.0176399
 0.467114 0.314846 0.0191576 0.189093 0.00979007
 0.494888 0.327252 0.105085 0.00639416 0.0663804
 0.500229 0.334898 0.106818 0.0343006 0.0237543
 0.502597 0.337001 0.107486 0.0342833 0.0186328
 0.491379 0.342018 0.112877 0.0360019 0.017724
 0.506148 0.329977 0.110197 0.0363684 0.0173102
 0.516353 0.333013 0.100649 0.0336119 0.0163729
 0.48781 0.34962 0.111937 0.0338314 0.0168016
 0.48451 0.34032 0.119571 0.0382827 0.0173166
 0.480407 0.341274 0.117724 0.0413623 0.019233
 0.478434 0.339248 0.119748 0.0413078 0.0212621
 0.493782 0.331963 0.113343 0.0400078 0.0209046
 0.501627 0.333677 0.108002 0.0368754 0.0198175
 0.508652 0.334041 0.105322 0.03409 0.0178946
 0.506679 0.33628 0.106764 0.0336623 0.0166149
 0.519058 0.330534 0.102528 0.032551 0.0153289
 0.517549 0.334354 0.101782 0.0315717 0.0147438
 0.548408 0.315775 0.0941253 0.0286532 0.0130385
 0.598739 0.298361 0.0719525 0.0214474 0.00949985
 0.59972 0.311433 0.0660625 0.0159316 0.00685227
 0.599035 0.310283 0.0705541 0.0149662 0.00516159
 0.617004 0.301819 0.0628179 0.0142839 0.00407494
 0.561112 0.341531 0.0767223 0.0159683 0.00466681
 0.539148 0.337719 0.0958189 0.021525 0.00578932
 0.525613 0.338573 0.0995264 0.028238 0.00804957
 0.510938 0.340925 0.105726 0.031079 0.0113315
 0.51232 0.334972 0.106453 0.0330126 0.0132425
 0.51196 0.336171 0.104314 0.0331507 0.0144044
 0.503427 0.340268 0.107666 0.033409 0.0152306
 0.500052 0.338309 0.11076 0.0350461 0.0158325
 0.500438 0.337826 0.109445 0.0358314 0.0164596
 0.491331 0.341372 0.113134 0.0366518 0.0175116
pobs_RECLAS
 0 0 0 0 0
 0 0 0 0 0
 0 0 0 0 0
 0 0 0 0 0
 0 0 0 0 0
 0 0 0 0 0
 0 0 0 0 0
 0 0 0 0 0
 0 0 0 0 0
 0 0 0 0 0
 0.991045 0.00858322 0.000360255 1.14367e-05 0
 0.934742 0.0480273 0.0164251 0.00080598 0
 0.827803 0.169806 0.00239088 0 0
 0.941827 0.0461693 0.0120037 0 0
 0.791401 0.0380133 0.147996 0.0225897 0
 0.846168 0.0940531 0.0597789 0 0
 0.134021 0.677848 0.182769 0.00536245 0
 0.80878 0.0450904 0.141981 0.00414843 0
 0.846168 0.0940531 0.0597789 0 0
 0.905697 0.0802665 0.012482 0.00150086 5.37128e-05
 0.989698 0.0102097 9.19794e-05 0 0
 0.975433 0.0193895 0.00387452 0.00125025 5.28907e-05
 0.303575 0.632131 0.0575291 0.00676475 0
 0.966965 0.00978017 0.0227588 0.000495775 0
 0.843318 0.132988 0.00938335 0.0141283 0.000182051
 0.564624 0.303363 0.111486 0.0197234 0.00080311
 0.826376 0.0876187 0.0782897 0.00655872 0.00115652
 0.89761 0.0855135 0.0140674 0.00269457 0.000114338
 0.34875 0.467042 0.161289 0.0227151 0.000203297
 0.318654 0.224769 0.449479 0.00709798 0
 0.937255 0.0296025 0.0250945 0.00804832 0
 0.456809 0.399803 0.12412 0.0192676 0
 0.883104 0.0372192 0.0704036 0.00927362 0
ppred_RECLAS
 0.412683 0.0516032 0.509343 0.00876565 0.017605
 0.468977 0.313745 0.0190906 0.188432 0.00975584
 0.496249 0.326371 0.104802 0.00637693 0.0662016
 0.502101 0.333644 0.106418 0.0341721 0.0236653
 0.503169 0.336614 0.107362 0.0342439 0.0186113
 0.492956 0.340958 0.112527 0.0358903 0.0176691
 0.509215 0.327928 0.109512 0.0361426 0.0172027
 0.516608 0.332837 0.100596 0.0335941 0.0163643
 0.488534 0.349126 0.111779 0.0337836 0.0167778
 0.485165 0.339887 0.119419 0.038234 0.0172946
 0.480629 0.341127 0.117674 0.0413446 0.0192248
 0.479862 0.338319 0.11942 0.0411947 0.0212039
 0.495218 0.331021 0.113021 0.0398944 0.0208453
 0.503714 0.33228 0.10755 0.036721 0.0197346
 0.509921 0.333179 0.10505 0.034002 0.0178484
 0.509381 0.334438 0.106179 0.033478 0.0165239
 0.520784 0.329348 0.10216 0.0324342 0.0152739
 0.52083 0.332079 0.10109 0.0313569 0.0146435
 0.556621 0.310032 0.0924134 0.0281321 0.0128013
 0.605821 0.293095 0.0706826 0.0210688 0.00933219
 0.605343 0.307059 0.0651345 0.0157078 0.00675602
 0.609322 0.302323 0.068744 0.0145822 0.00502917
 0.620311 0.299213 0.0622754 0.0141605 0.00403975
 0.563888 0.339371 0.076237 0.0158673 0.00463729
 0.541652 0.335884 0.0952983 0.021408 0.00575786
 0.527046 0.33755 0.0992257 0.0281527 0.00802525
 0.51282 0.339613 0.105319 0.0309594 0.0112879
 0.514352 0.333576 0.106009 0.032875 0.0131874
 0.513359 0.335207 0.104015 0.0330557 0.0143631
 0.504619 0.339451 0.107408 0.0333288 0.015194
 0.50171 0.337188 0.110392 0.0349299 0.01578
 0.501107 0.337373 0.109298 0.0357834 0.0164375
 0.49275 0.340419 0.112818 0.0365496 0.0174628
pobs_PELACES
 0 0 0 0 0
 0 0 0 0 0
 0 0 0 0 0
 0 0 0 0 0
 0 0 0 0 0
 0 0 0 0 0
 0 0 0 0 0
 0 0 0 0 0
 0 0 0 0 0
 0 0 0 0 0
 0 0 0 0 0
 0 0 0 0 0
 0 0 0 0 0
 0 0 0 0 0
 0 0 0 0 0
 0 0 0 0 0
 0.505614 0.472636 0.0217494 0 0
 0 0 0 0 0
 0.443492 0.261883 0.143347 0.151278 0
 0.227955 0.32914 0.350689 0.0885471 0.00366901
 0.970185 0.0296113 0.000203453 0 0
 0.997202 0.00247181 0.000326279 0 0
 0.445219 0.490057 0.0546422 0.010081 0
 0.90214 0.0892962 0.00764917 0.000914606 0
 0 0 0 0 0
 0.581667 0.319106 0.0959925 0.00289975 0.000334073
 0.762889 0.0836404 0.116647 0.0363945 0.000428098
 0.88444 0.0763242 0.0277011 0.0115352 0
 0.521256 0.241999 0.230069 0.00667565 0
 0.616807 0.101726 0.260614 0.0208532 0
 0.833518 0.0704572 0.0857862 0.0102388 0
 0.697417 0.212968 0.0787535 0.0105354 0.000325836
 0 0 0 0 0
ppred_PELACES
 0.417031 0.0512211 0.505572 0.00870076 0.0174747
 0.475695 0.309775 0.0188491 0.186048 0.00963241
 0.501283 0.323109 0.103754 0.00631321 0.06554
 0.508841 0.329128 0.104977 0.0337096 0.0233449
 0.505384 0.335113 0.106884 0.0340912 0.0185283
 0.498722 0.33708 0.111247 0.0354821 0.0174681
 0.519654 0.320953 0.107183 0.0353738 0.0168368
 0.51762 0.332141 0.100385 0.0335239 0.0163301
 0.491313 0.347229 0.111171 0.0336 0.0166866
 0.487691 0.33822 0.118833 0.0380465 0.0172098
 0.481511 0.340548 0.117474 0.0412744 0.0191922
 0.485127 0.334894 0.118212 0.0407777 0.0209892
 0.500508 0.327552 0.111837 0.0394763 0.0206269
 0.511148 0.327303 0.105939 0.036171 0.019439
 0.514637 0.329972 0.104039 0.0336747 0.0176767
 0.518726 0.328068 0.104156 0.0328403 0.0162092
 0.527039 0.325049 0.100826 0.0320109 0.0150746
 0.531888 0.324416 0.0987572 0.0306333 0.0143056
 0.579924 0.293737 0.0875563 0.0266535 0.0121285
 0.626322 0.277851 0.0670064 0.0199731 0.00884682
 0.622425 0.293769 0.0623154 0.0150279 0.0064636
 0.636534 0.281265 0.0639557 0.0135665 0.00467887
 0.631289 0.290562 0.0604749 0.0137511 0.00392295
 0.573414 0.331958 0.0745717 0.0155207 0.00453599
 0.550374 0.329493 0.0934848 0.0210006 0.00564829
 0.532323 0.333784 0.0981187 0.0278386 0.00793571
 0.519591 0.334893 0.103855 0.0305291 0.011131
 0.521607 0.328593 0.104426 0.0323839 0.0129904
 0.518522 0.331651 0.102912 0.032705 0.0142107
 0.509069 0.336401 0.106443 0.0330294 0.0150575
 0.507745 0.333104 0.109056 0.0345069 0.0155889
 0.503685 0.33563 0.108734 0.0355985 0.0163526
 0.497985 0.336906 0.111654 0.0361724 0.0172826
pobs_pel_tallas
 0 0 0 0 0 0 0 0 0 0 0 0 0 0 0 0 0 0 0 0 0 0 0 0 0 0
 0 0 0 0 0 0 0 0 0 0 0 0 0 0 0 0 0 0 0 0 0 0 0 0 0 0
 0 0 0 0 0 0 0 0 0 0 0 0 0 0 0 0 0 0 0 0 0 0 0 0 0 0
 0 0 0 0 0 0 0 0 0 0 0 0 0 0 0 0 0 0 0 0 0 0 0 0 0 0
 0 0 0 0 0 0 0 0 0 0 0 0 0 0 0 0 0 0 0 0 0 0 0 0 0 0
 0 0 0 0 0 0 0 0 0 0 0 0 0 0 0 0 0 0 0 0 0 0 0 0 0 0
 0 0 0 0 0 0 0 0 0 0 0 0 0 0 0 0 0 0 0 0 0 0 0 0 0 0
 0 0 0 0 0 0 0 0 0 0 0 0 0 0 0 0 0 0 0 0 0 0 0 0 0 0
 0 0 0 0 0 0 0 0 0 0 0 0 0 0 0 0 0 0 0 0 0 0 0 0 0 0
 0 0 0 0 0 0 0 0 0 0 0 0 0 0 0 0 0 0 0 0 0 0 0 0 0 0
 0 0 0 0 0 0 0 0 0 0 0 0 0 0 0 0 0 0 0 0 0 0 0 0 0 0
 0 0 0 0 0 0 0 0 0 0 0 0 0 0 0 0 0 0 0 0 0 0 0 0 0 0
 0.00862536 0 0 0.000197151 0.00414017 0.0128641 0.00837892 0.0270097 0.101434 0.158115 0.152841 0.127902 0.109271 0.109419 0.0830992 0.0579132 0.0238553 0.00714673 0.00463305 0.00128148 0.00103504 0.000492878 0.000147863 0.000147863 4.92878e-05 0
 0 0 0 0 0 0 0 0 0 0 0 0 0 0 0 0 0 0 0 0 0 0 0 0 0 0
 0 0 0 0 0 0 0 0.0054083 0.00873648 0.0413646 0.0450493 0.0745869 0.0622846 0.0627006 0.0613931 0.0827291 0.12552 0.122667 0.0946155 0.0697135 0.0546179 0.0294188 0.0215738 0.0213955 0.0102223 0.00600262
 0 0 0 0 0.00359764 0.0251062 0.0480494 0.140153 0.205849 0.193036 0.1447 0.116669 0.0760912 0.0342217 0.00950174 0.001854 0.000860785 0 0 0 0.000165536 0 0.000143464 0 0 0
 0 0 0 0 0 0 0 0.000145254 0.000435761 0.0275982 0.070085 0.0708112 0.156366 0.174668 0.174014 0.160142 0.0824315 0.0480064 0.0283245 0.00493863 0.00203355 0 0 0 0 0
 0 0 0 0 0 0 0 0 0 0 0 0 0 0 0 0 0 0 0 0 0 0 0 0 0 0
 0 0 1.00437e-05 0.000401748 0.00122533 0.00171747 0.00176769 0.0269171 0.070346 0.194647 0.189555 0.159765 0.064822 0.0314167 0.0384472 0.0292271 0.0345202 0.0313363 0.0194345 0.0106764 0.0143323 0.0359363 0.0279516 0.0138201 0.00172751 0
 0 0.0021121 0.0136068 0.0755702 0.200478 0.177729 0.0527432 0.0373336 0.0318909 0.0142505 0.0149659 0.0166563 0.0217959 0.0798694 0.0677717 0.0528807 0.04013 0.0224614 0.0357745 0.0225083 0.00881397 0.00855152 0.00135912 0.000746735 0 0
 0 0 0 0 5.4009e-05 0.00500934 0.000945158 0.0243581 0.138947 0.33067 0.221406 0.137944 0.0707744 0.0437923 0.0131692 0.00525238 0.0047753 0.00276346 9.45158e-05 9.00151e-06 2.25038e-05 9.00151e-06 4.50075e-06 0 0 0
 0.000866109 0.00284123 0.00948549 0.0512746 0.133035 0.25785 0.225252 0.132002 0.0553304 0.0519788 0.0540692 0.017754 0.00435017 0.00159236 0.00146478 0.000404838 0.000125132 0.000115318 0.000107957 0.000100596 0 0 0 0 0 0
 0 0 0 0 0.00144013 0.00171154 0.00461396 0.0210425 0.0478622 0.0707936 0.0888783 0.103762 0.0637923 0.0337046 0.0602308 0.124433 0.169614 0.0934646 0.0462172 0.0250306 0.0313229 0.00938855 0.002487 0.000210481 0 0
 0 0.00764035 0.051015 0.0998891 0.058973 0.0496711 0.0374665 0.0718981 0.12319 0.153886 0.159021 0.0857701 0.0377988 0.023471 0.0147837 0.00900784 0.00315554 0.000888139 0.00291439 0.00214683 0.00393193 0.00274676 0.000635225 9.99891e-05 0 0
 0 0 0 0 0 0 0 0 0 0 0 0 0 0 0 0 0 0 0 0 0 0 0 0 0 0
 0 0 0 0 0 0 0 0 0 0 0 0 0 0 0 0 0 0 0 0 0 0 0 0 0 0
 0 0 0 0 0 0 0 0 0 0 0 0 0 0 0 0 0 0 0 0 0 0 0 0 0 0
 0 0 0 0 0 0 0 0 0 0 0 0 0 0 0 0 0 0 0 0 0 0 0 0 0 0
 0 0 0 0 0 0 0 0 0 0 0 0 0 0 0 0 0 0 0 0 0 0 0 0 0 0
 0 0 0 0 0 0 0 0 0 0 0 0 0 0 0 0 0 0 0 0 0 0 0 0 0 0
 0 0 0 0 0 0 0 0 0 0 0 0 0 0 0 0 0 0 0 0 0 0 0 0 0 0
 0 0 0 0 0 0 0 0 0 0 0 0 0 0 0 0 0 0 0 0 0 0 0 0 0 0
 0 0 0 0 0 0 0 0 0 0 0 0 0 0 0 0 0 0 0 0 0 0 0 0 0 0
ppred_pel_tallas
 1.18433e-16 3.43503e-05 0.000333897 0.00221886 0.0100866 0.0313833 0.0668657 0.0975936 0.0975993 0.0668939 0.0314805 0.0103771 0.0029852 0.00212947 0.00380302 0.00716554 0.0124849 0.0201979 0.0306022 0.0435687 0.0581438 0.072286 0.0831296 0.0879164 0.085191 0.0755292
 1.20912e-16 3.91825e-05 0.000380867 0.002531 0.0115056 0.0357983 0.0762731 0.111329 0.111359 0.0764191 0.0362887 0.0129227 0.00609035 0.00815946 0.0148406 0.0245584 0.0356064 0.0453477 0.05122 0.0522825 0.0498918 0.0468201 0.0454555 0.0464393 0.0485856 0.0498557
 1.14802e-16 4.12901e-05 0.000401354 0.00266714 0.0121245 0.0377239 0.0803759 0.117317 0.117349 0.0805286 0.0382369 0.0136077 0.00639521 0.00855669 0.0155802 0.0258262 0.0375208 0.0478757 0.0540855 0.054904 0.0513789 0.046068 0.0413843 0.0383697 0.0366223 0.0350591
 1.10445e-16 4.19126e-05 0.000407405 0.00270735 0.0123073 0.0382926 0.0815876 0.119086 0.119118 0.0817432 0.0388152 0.0138181 0.00650478 0.0087143 0.0158689 0.0263024 0.0382041 0.048723 0.054978 0.0556589 0.051771 0.0458455 0.0402771 0.0361146 0.0330252 0.0300874
 1.09725e-16 4.16279e-05 0.000404638 0.00268896 0.0122237 0.0380325 0.0810335 0.118278 0.11831 0.0811919 0.0385646 0.0137618 0.00655514 0.00886164 0.0161537 0.0267733 0.038881 0.0495688 0.0558941 0.0565104 0.052428 0.0462144 0.0403087 0.0357961 0.0323735 0.0291507
 1.09812e-16 4.10791e-05 0.000399304 0.00265352 0.0120625 0.0375312 0.0799653 0.116719 0.116751 0.0801246 0.0380665 0.0136102 0.00654377 0.00890991 0.016258 0.0269546 0.0391608 0.0499592 0.0563958 0.0571163 0.053127 0.0469899 0.0411306 0.0366159 0.0331298 0.0297847
 1.09572e-16 4.28032e-05 0.000416063 0.00276489 0.0125688 0.0391063 0.0833213 0.121616 0.121647 0.083473 0.0396161 0.0140426 0.00646962 0.00852126 0.0154885 0.0256766 0.0373122 0.0476191 0.0537897 0.0545383 0.0508234 0.0450782 0.0396002 0.0353883 0.032125 0.0289539
 1.09108e-16 4.26357e-05 0.000414434 0.00275406 0.0125196 0.0389533 0.0829952 0.121141 0.121173 0.0831522 0.0394804 0.0140435 0.00658384 0.00879036 0.0159959 0.0264983 0.038455 0.0489702 0.0551155 0.0555505 0.051284 0.0448851 0.0388087 0.0341703 0.0306996 0.027524
 1.09491e-16 4.04689e-05 0.000393372 0.0026141 0.0118833 0.0369736 0.0787775 0.114985 0.115019 0.0789416 0.0375249 0.0134771 0.00661991 0.00915565 0.0167336 0.027737 0.0402761 0.0513356 0.0578602 0.0584451 0.0541272 0.0475598 0.0412722 0.0364033 0.0326674 0.0291775
 1.10244e-16 4.01705e-05 0.000390472 0.00259482 0.0117957 0.036701 0.0781966 0.114137 0.11417 0.0783565 0.0372384 0.0133495 0.00650101 0.00893785 0.0163328 0.0270951 0.0393995 0.0503353 0.0569534 0.0578997 0.0541705 0.0482993 0.0426664 0.0382876 0.0348102 0.0313415
 1.10865e-16 3.96615e-05 0.000385524 0.00256194 0.0116462 0.036236 0.0772058 0.112691 0.112724 0.0773668 0.036777 0.0132106 0.00649462 0.00899068 0.016442 0.0272766 0.0396622 0.0506708 0.0573384 0.0583121 0.0546094 0.0487961 0.0432755 0.0390609 0.0357687 0.0324576
 1.11139e-16 3.99594e-05 0.000388419 0.00258118 0.0117337 0.0365081 0.0777856 0.113537 0.11357 0.077944 0.0370403 0.0132724 0.00644966 0.00885386 0.0161782 0.0268436 0.0390469 0.0499153 0.0565417 0.0576012 0.0540936 0.0485324 0.0432629 0.0392581 0.0361187 0.0329037
 1.10761e-16 4.12262e-05 0.000400733 0.00266302 0.0121057 0.0376655 0.0802515 0.117136 0.117168 0.0804064 0.0381859 0.0136102 0.0064453 0.00867663 0.0158154 0.026231 0.0381392 0.048721 0.0551269 0.0560599 0.0525066 0.0469446 0.0416936 0.0377294 0.034674 0.0316023
 1.10058e-16 4.21026e-05 0.000409252 0.00271963 0.0123631 0.0384662 0.0819575 0.119626 0.119658 0.0821122 0.038986 0.0138657 0.0064966 0.00867179 0.0157857 0.0261667 0.0380136 0.0484929 0.0547404 0.0554504 0.0516138 0.0457332 0.0401734 0.0359653 0.0327783 0.0297126
 1.09456e-16 4.23901e-05 0.000412046 0.00273819 0.0124475 0.0387288 0.082517 0.120443 0.120475 0.082673 0.0392527 0.0139619 0.00654461 0.00873802 0.0159039 0.0263547 0.0382674 0.0487747 0.0549768 0.0555466 0.0514804 0.0453113 0.039449 0.0349699 0.0315818 0.0284102
 1.09127e-16 4.27269e-05 0.00041532 0.00275995 0.0125464 0.0390365 0.0831727 0.1214 0.121431 0.0833277 0.0395574 0.0140521 0.00654452 0.00869356 0.0158134 0.026204 0.0380486 0.048495 0.0546576 0.0552126 0.0511444 0.0449654 0.0390682 0.0345266 0.031062 0.0278226
 1.08755e-16 4.34115e-05 0.000421976 0.00280418 0.0127474 0.0396621 0.0845054 0.123345 0.123376 0.084659 0.0401781 0.014239 0.00655298 0.00862131 0.0156618 0.0259459 0.0376614 0.0479757 0.0540234 0.0544894 0.0503513 0.0441085 0.0381485 0.0335552 0.0300689 0.0268544
 1.08426e-16 4.3811e-05 0.000425858 0.00282998 0.0128647 0.040027 0.085283 0.12448 0.124511 0.0854362 0.0405419 0.0143531 0.00657065 0.0086068 0.0156254 0.02588 0.0375545 0.0478153 0.0537963 0.0541802 0.0499432 0.0435877 0.0375125 0.0328197 0.0292698 0.0260421
 1.07328e-16 4.77676e-05 0.000464319 0.00308556 0.0140265 0.0436419 0.0929847 0.13572 0.135748 0.0931235 0.044108 0.015374 0.00647168 0.00786929 0.0141497 0.0234184 0.0339707 0.0432289 0.0485912 0.0488608 0.0449219 0.0390481 0.0334264 0.0290742 0.0257929 0.0228515
 1.05505e-16 5.15894e-05 0.000501467 0.00333243 0.0151487 0.0471335 0.100424 0.146577 0.146604 0.100555 0.0475739 0.0164213 0.00652916 0.00748788 0.0133435 0.0220397 0.0318904 0.0404137 0.045111 0.0448318 0.0404347 0.0341446 0.028148 0.0235369 0.0202214 0.0175439
 1.04475e-16 5.12684e-05 0.000498347 0.00331169 0.0150545 0.0468402 0.0997991 0.145666 0.145694 0.0999376 0.0473055 0.0163988 0.00668779 0.00787405 0.0140758 0.0232327 0.0335656 0.0424266 0.0471454 0.0464855 0.0413575 0.034151 0.0272499 0.0219007 0.0180958 0.015195
 1.0407e-16 5.24305e-05 0.000509643 0.00338676 0.0153957 0.047902 0.102061 0.148967 0.148994 0.102194 0.0483476 0.0166833 0.00662053 0.00757531 0.01349 0.0222672 0.0321851 0.0407109 0.04529 0.0447336 0.0398985 0.0330482 0.0264387 0.0212478 0.0174727 0.0145276
 1.03863e-16 5.19985e-05 0.000505444 0.00335886 0.0152689 0.0475073 0.10122 0.14774 0.147768 0.101357 0.0479675 0.0165983 0.00669745 0.00779872 0.0139182 0.0229665 0.0331706 0.0419045 0.0465189 0.0457828 0.0405916 0.0333101 0.0263067 0.0208349 0.0169145 0.0139404
 1.04562e-16 4.72314e-05 0.000459106 0.00305092 0.0138691 0.043152 0.0919411 0.134197 0.134229 0.0920977 0.0436779 0.0153885 0.0068671 0.00879699 0.0159034 0.0262715 0.0379682 0.0480128 0.0533871 0.0526848 0.046916 0.0387548 0.0308713 0.0246664 0.0201495 0.0166398
 1.05844e-16 4.53336e-05 0.000440659 0.00292834 0.0133118 0.0414181 0.0882469 0.128806 0.128837 0.0884025 0.0419408 0.0148223 0.00672369 0.00873828 0.0158403 0.0262104 0.0379747 0.0482197 0.0539906 0.0539074 0.0489389 0.041644 0.0345301 0.0288397 0.0244809 0.0207614
 1.07052e-16 4.38468e-05 0.000426206 0.00283229 0.0128752 0.0400597 0.0853527 0.124581 0.124614 0.0855103 0.0405893 0.014406 0.00667903 0.00883764 0.0160599 0.0265892 0.0385534 0.0490197 0.0550159 0.0551634 0.0504517 0.0434603 0.03669 0.0313364 0.0272338 0.0236187
 1.08029e-16 4.27981e-05 0.000416013 0.00276455 0.0125673 0.0391016 0.0833114 0.121602 0.121635 0.0834696 0.0396332 0.0141039 0.00662641 0.00886219 0.01613 0.0267206 0.0387758 0.0493706 0.0555412 0.0559173 0.0514913 0.0448301 0.0384002 0.0333455 0.0294454 0.0258963
 1.08544e-16 4.29642e-05 0.000417627 0.00277528 0.012616 0.0392533 0.0836346 0.122074 0.122106 0.0837899 0.039775 0.0141241 0.00656572 0.00870853 0.0158372 0.0262413 0.0380981 0.0485465 0.0546903 0.0551949 0.0510373 0.0447274 0.0386622 0.0339296 0.0302749 0.0268779
 1.0874e-16 4.271e-05 0.000415157 0.00275886 0.0125414 0.0390212 0.0831399 0.121352 0.121384 0.0832966 0.0395476 0.0140633 0.00658376 0.00878086 0.0159779 0.0264715 0.0384233 0.048943 0.0551055 0.0555665 0.0513203 0.0449148 0.0387858 0.0340422 0.0304263 0.0270958
 1.09019e-16 4.19314e-05 0.000407588 0.00270857 0.0123128 0.0383098 0.0816243 0.11914 0.119172 0.0817833 0.0388439 0.0138567 0.006589 0.0088953 0.016211 0.0268639 0.0390022 0.0496996 0.0559931 0.0565201 0.052286 0.0458659 0.0397172 0.0349517 0.0312993 0.0279047
 1.09331e-16 4.18223e-05 0.000406528 0.00270152 0.0122807 0.0382101 0.0814119 0.11883 0.118862 0.0815694 0.0387391 0.01381 0.00654543 0.0088154 0.0160638 0.0266279 0.0386792 0.0493295 0.0556546 0.0563111 0.0522905 0.0461256 0.040221 0.035644 0.0320999 0.0287288
 1.09562e-16 4.14879e-05 0.000403278 0.00267992 0.0121826 0.0379046 0.0807611 0.11788 0.117912 0.0809197 0.0384376 0.0137233 0.00655268 0.00887509 0.0161829 0.0268252 0.0389634 0.0496877 0.0560526 0.0567077 0.0526576 0.0464616 0.0405477 0.0359917 0.0324889 0.0291594
 1.09861e-16 4.10184e-05 0.000398713 0.00264959 0.0120447 0.0374757 0.079847 0.116546 0.116579 0.0800063 0.0380107 0.0135916 0.00653806 0.00890558 0.0162513 0.0269448 0.0391497 0.0499514 0.0563995 0.0571412 0.0531823 0.0470805 0.0412555 0.0367674 0.0332949 0.0299481
pSPR Fmed_Fpbrs
0.601426   0.287053 0.287053
Fs Fmed_Fpbrs
0.34   1.005 1.005
SSBpbr Bo_Bmed_Bpbrs
3.34287e+06  1.84335e+06  792439 792439
Ro
316697
SPR SPRFo_SPRFmed_SPRFpbrs
2.2816e+06 1.37221e+06 654940
Fref
1.005
Nvult_r0
 246209 97716.2 32384.1 10491.4 5012.63
CTP_r0
 82342.8 48979.9 16232.4 5258.8 2512.56
YTP_r0
2.11955e+06
Np
 316697 70488.3 14724.2 4927.33 1852.86
Nvult_p0
 246209 60996.3 12741.5 4263.82 1603.35
CTP_p0
 82342.8 47427.7 15871.2 5259.88 2256.21
 82342.8 30574.2 6386.62 2137.22 803.676
YTP_p0
 2.07477e+06 1.40338e+06
CBA_c0
2.10612e+06
log_Ro
12.4857
likeval ReclasPelacesDesembMPH_pf_preclas_ppelaces_ptallas_desvR_qrecl_qpela
 125.909 55.5449 9.37226 0.00729439 258.633 176.278 118.425 0 0 0 0 46.0704 0 0 0
q_reclas_q_pelaces
1 1
M
1
N
 316697 20345.2 200815 3455.96 6940.99
 316697 110351 6714.59 66275.6 3431.34
 316697 107368 34477.3 2097.86 21778.8
 316697 109610 34960.8 11226.4 7774.6
 316697 107365 34244 10922.3 5936.22
 316697 113419 37432 11938.9 5877.58
 316697 108641 36280.8 11973.8 5699.16
 316697 102648 31023.9 10360.5 5046.78
 316697 115086 36846.6 11136.4 5530.62
 316697 112645 39577.8 12671.5 5731.76
 316697 112991 38977 13694.5 6367.82
 316697 115266 40686.8 14035.1 7224.21
 316697 109294 37316.5 13172 6882.54
 316697 109271 35368 12075.8 6489.74
 316697 106466 33568.4 10865.2 5703.4
 316697 110029 34932.4 11014.1 5436.31
 316697 104019 32265.5 10243.8 4824.02
 316697 107981 32871.1 10196.2 4761.58
 316697 101853 30360.1 9242.08 4205.55
 316697 87362.1 21068.2 6279.93 2781.62
 316697 89590.3 19004.3 4583.05 1971.2
 316697 93647.6 21294.2 4517 1557.84
 316697 82003.8 17067.5 3880.91 1107.15
 316697 101077 22706.2 4725.85 1381.15
 316697 103571 29385.5 6601.23 1775.45
 316697 104723 30784.2 8734.2 2489.79
 316697 109263 33884.2 9960.53 3631.63
 316697 107317 34105 10576.5 4242.6
 316697 106686 33105 10520.6 4571.35
 316697 109432 34626 10744.5 4898.23
 316697 110387 36139.8 11435.2 5166.01
 316697 108288 35081.9 11485.5 5276
 316697 112922 37423.5 12124.1 5792.67
pred_Ctot
 10623.9 1334.84 13175.4 226.744 455.396
 15807.3 10654.5 648.3 6398.98 331.3
 11909.5 7875.35 2528.88 153.876 1597.45
 15812.1 10586 3376.49 1084.23 750.865
 5316.65 3564.92 1137.02 362.661 197.104
 13593.2 9461.37 3122.56 995.933 490.305
 24060.8 15686.2 5238.44 1728.85 822.88
 2443.74 1576.05 476.341 159.075 77.4882
 6653.26 4768.49 1526.71 461.429 229.157
 6055.09 4253.09 1494.32 478.432 216.412
 2133.27 1515.44 522.759 183.671 85.4051
 12457.8 8833.56 3118.09 1075.6 553.637
 12498.3 8402.43 2868.86 1012.65 529.124
 17380 11561 3741.98 1277.63 686.623
 11182.7 7343.9 2315.51 749.469 393.414
 21656.4 14373.3 4563.29 1438.79 710.154
 14740.3 9386.57 2911.6 924.389 435.314
 25456.3 16445.6 5006.3 1552.89 725.194
 51264 29518 8798.63 2678.44 1218.81
 47248.7 23544.8 5678.03 1692.49 749.668
 39983.1 20763.1 4404.36 1062.15 456.838
 60998.5 31595.5 7184.37 1523.98 525.594
 26821.6 13120.3 2730.74 620.932 177.141
 22441.7 13659.6 3068.52 638.653 186.65
 20424.5 12793.8 3629.89 815.428 219.316
 12511.2 8059.1 2369.04 672.152 191.605
 15896.4 10606.9 3289.37 966.936 352.547
 16995.5 11112.2 3531.42 1095.15 439.302
 12218.7 8023.19 2489.61 791.188 343.782
 10561.2 7138.36 2258.69 700.876 319.517
 14206.8 9611.58 3146.75 995.683 449.812
 6174.28 4168.01 1350.31 442.079 203.074
 12371.8 8595.83 2848.74 922.903 440.947
F
 0.0542805 0.108561 0.108561 0.108561 0.108561
 0.0816823 0.163365 0.163365 0.163365 0.163365
 0.0610189 0.122038 0.122038 0.122038 0.122038
 0.0817079 0.163416 0.163416 0.163416 0.163416
 0.026857 0.0537139 0.0537139 0.0537139 0.0537139
 0.0699009 0.139802 0.139802 0.139802 0.139802
 0.126644 0.253287 0.253287 0.253287 0.253287
 0.0122698 0.0245395 0.0245395 0.0245395 0.0245395
 0.0337046 0.0674093 0.0674093 0.0674093 0.0674093
 0.0306353 0.0612705 0.0612705 0.0612705 0.0612705
 0.0107039 0.0214078 0.0214078 0.0214078 0.0214078
 0.0639039 0.127808 0.127808 0.127808 0.127808
 0.0641175 0.128235 0.128235 0.128235 0.128235
 0.0901213 0.180243 0.180243 0.180243 0.180243
 0.0572047 0.114409 0.114409 0.114409 0.114409
 0.113372 0.226743 0.226743 0.226743 0.226743
 0.0759905 0.151981 0.151981 0.151981 0.151981
 0.134414 0.268827 0.268827 0.268827 0.268827
 0.287885 0.575769 0.575769 0.575769 0.575769
 0.262699 0.525399 0.525399 0.525399 0.525399
 0.218407 0.436815 0.436815 0.436815 0.436815
 0.351181 0.702362 0.702362 0.702362 0.702362
 0.142065 0.284129 0.284129 0.284129 0.284129
 0.11769 0.235381 0.235381 0.235381 0.235381
 0.106627 0.213255 0.213255 0.213255 0.213255
 0.0641855 0.128371 0.128371 0.128371 0.128371
 0.0821588 0.164318 0.164318 0.164318 0.164318
 0.0880524 0.176105 0.176105 0.176105 0.176105
 0.0626447 0.125289 0.125289 0.125289 0.125289
 0.0539529 0.107906 0.107906 0.107906 0.107906
 0.0731545 0.146309 0.146309 0.146309 0.146309
 0.0312462 0.0624925 0.0624925 0.0624925 0.0624925
 0.0634512 0.126902 0.126902 0.126902 0.126902
YTP_r0W_actual
 620865 854700 390714 164706 88567.9
YTP_p0W_proyectada
 620865 827613 382021 164739 79531.2
 620865 533520 153726 66937.9 28329.6
CTP_r0_actual
 82342.8 48979.9 16232.4 5258.8 2512.56
CTP_p0_proyectada
 82342.8 47427.7 15871.2 5259.88 2256.21
 82342.8 30574.2 6386.62 2137.22 803.676
Wmedp
 7.54 17.45 24.07 31.32 35.25
Frms_r0
 0.5025 1.005 1.005 1.005 1.005
Zrms_r0
 1.5025 2.005 2.005 2.005 2.005
nmprior
 7.29 8.9 8.7 0
nm_flota  nm_reclas  nm_pelaces    nm_pelaL
inf 4.27959 7.44685 16.625
cv_recla  cv_pelaces  cv_mph
0.971759 0.816418 2.2826
 ------------------------------------------------
Talla a la edad & desviaci?n 
 8 13.2811 15.8009 17.003 17.5766
 0.8 1.32811 1.58009 1.7003 1.75766
