years
 1991 1992 1993 1994 1995 1996 1997 1998 1999 2000 2001 2002 2003 2004 2005 2006 2007 2008 2009 2010 2011 2012 2013 2014 2015 2016 2017 2018 2019 2020
reclasobs
 0 0 0 0 0 0 0 0 0 252601 567819 844713 477998 351125 339783 2.1784e+06 2.13404e+06 4.81314e+06 1.55562e+06 2.62356e+06 3.21686e+06 3.843e+06 1.13348e+06 3.07943e+06 1.97215e+06 2.03268e+06 2.025e+06 2.42433e+06 2.27542e+06 1.05018e+06
reclaspred
 4.21517e+06 2.87673e+06 2.02497e+06 2.106e+06 2.18259e+06 2.50369e+06 2.09566e+06 2.94532e+06 3.07884e+06 3.26923e+06 2.39388e+06 2.40723e+06 2.22187e+06 2.08109e+06 2.14771e+06 2.19415e+06 2.28853e+06 2.64956e+06 1.53249e+06 1.13271e+06 1.81382e+06 1.14174e+06 1.43087e+06 2.14394e+06 1.8946e+06 2.27851e+06 2.45016e+06 2.05097e+06 2.45489e+06 2.56255e+06
pelacesobs
 0 0 0 0 0 0 0 0 0 0 0 0 0 0 0 552880 188675 0 991730 2.46772e+06 1.41603e+06 1.21717e+06 2.29649e+06 1.80582e+06 0 1.4828e+06 1.56532e+06 1.57751e+06 1.42118e+06 867257
pelacespred
 2.03825e+06 1.49582e+06 1.02564e+06 916791 1.02621e+06 1.16053e+06 989018 1.52323e+06 1.68658e+06 1.67477e+06 1.3715e+06 1.15602e+06 1.12393e+06 1.14866e+06 1.19068e+06 1.04386e+06 1.04514e+06 1.14956e+06 756789 493794 716076 507197 660454 1.05524e+06 949562 1.11239e+06 1.32853e+06 1.11971e+06 1.11919e+06 1.27298e+06
mphobs
 0 0 0 0 0 0 0 0 0 0 0 0 498337 0 5186 125008 0 168611 109162 213762 579715 649985 157893 87575 83554 210694 70296 0 107559 103333
mphpred
 3.9531e+06 2.852e+06 1.94878e+06 1.55238e+06 1.72948e+06 1.86004e+06 1.9012e+06 1.73937e+06 2.43901e+06 2.77941e+06 2.2347e+06 2.01716e+06 1.89895e+06 1.64006e+06 1.59601e+06 1.97811e+06 1.67102e+06 2.07625e+06 1.51742e+06 906769 1.04611e+06 1.02459e+06 695509 1.22849e+06 1.66564e+06 1.38288e+06 1.83845e+06 1.69487e+06 1.88444e+06 1.96491e+06
desembarqueobs
 494567 514787 250237 358949 120608 361735 552515 73892 212993 205616 52469 317467 293654 387597 252695 516296 358380 742168 942051 627588 828172 859565 418607 520667 417249 300574 415391 372974 316634 284311
desembarquepred
 494529 505385 260770 358702 120531 361471 552089 73846.8 212895 205527 52439.2 317370 293559 387492 252581 515990 358087 740897 938934 625751 826371 857030 418158 520215 416904 300367 415096 372656 316422 284154
Reclutas
 322483 322483 322483 322483 322483 322483 322483 322483 322483 322483 322483 322483 322483 322483 322483 322483 322483 322483 322483 322483 322483 322483 322483 322483 322483 322483 322483 322483 322483 322483
log_desv_Rt
 0 0 0 0 0 0 0 0 0 0 0 0 0 0 0 0 0 0 0 0 0 0 0 0 0 0 0 0 0 0
SSB
 3.9531e+06 2.852e+06 1.94878e+06 1.55238e+06 1.72948e+06 1.86004e+06 1.9012e+06 1.73937e+06 2.43901e+06 2.77941e+06 2.2347e+06 2.01716e+06 1.8359e+06 1.62088e+06 1.56091e+06 1.93036e+06 1.67102e+06 2.07625e+06 1.5655e+06 934548 1.10736e+06 1.15224e+06 800233 1.35541e+06 1.7271e+06 1.51316e+06 1.90359e+06 1.69487e+06 1.94898e+06 1.92194e+06
BT
 5.49651e+06 4.3723e+06 2.84809e+06 2.86908e+06 2.85298e+06 3.65011e+06 3.15975e+06 5.04812e+06 5.21448e+06 4.74433e+06 3.75996e+06 3.41478e+06 3.45585e+06 3.9882e+06 4.02549e+06 3.31452e+06 3.33029e+06 3.86322e+06 3.20243e+06 2.06041e+06 2.97053e+06 2.31317e+06 2.626e+06 3.97184e+06 2.99821e+06 3.74658e+06 4.51718e+06 3.75368e+06 3.29986e+06 4.00299e+06
Ftot
 0.111562 0.166295 0.122355 0.161385 0.0527775 0.137085 0.247733 0.0240184 0.0660407 0.0600452 0.0209864 0.125268 0.125559 0.176368 0.111976 0.221645 0.148494 0.262555 0.559717 0.508735 0.422444 0.677423 0.275085 0.229028 0.207709 0.12536 0.160642 0.172213 0.122502 0.105568
BD_Bspro_t
 0.982309 0.884422 0.803167 0.789309 0.792304 0.837752 0.805509 0.754214 0.860716 0.890821 0.893539 0.915309 0.859218 0.818836 0.802594 0.816359 0.742471 0.774576 0.662042 0.513526 0.504875 0.49699 0.44168 0.604907 0.684562 0.704422 0.78245 0.7825 0.798911 0.799831
BD_Bspro
 1.72204 1.24239 0.848923 0.676244 0.753393 0.81027 0.828198 0.7577 1.06248 1.21076 0.973478 0.878712 0.799751 0.706085 0.679961 0.8409 0.727927 0.904452 0.68196 0.407106 0.482385 0.501939 0.348596 0.590443 0.752355 0.659159 0.82924 0.738318 0.84901 0.837232
BD_Bo
 1.17865 0.850351 0.581045 0.462855 0.51566 0.554589 0.56686 0.518608 0.727212 0.828706 0.666297 0.601434 0.547389 0.48328 0.465399 0.575554 0.49823 0.619052 0.466767 0.278644 0.330168 0.343552 0.238597 0.404129 0.514949 0.451161 0.567573 0.505342 0.581105 0.573043
BD_Brms
 5.00702 3.61237 2.46834 1.96625 2.19057 2.35595 2.40808 2.2031 3.08927 3.52042 2.83049 2.55495 2.32536 2.05302 1.97706 2.44501 2.11653 2.62979 1.98287 1.18371 1.40259 1.45944 1.01358 1.71678 2.18755 1.91658 2.4111 2.14674 2.46859 2.43434
Sel_flota
 0.5 1 1 1 1
 0.5 1 1 1 1
 0.5 1 1 1 1
 0.5 1 1 1 1
 0.5 1 1 1 1
 0.5 1 1 1 1
 0.5 1 1 1 1
 0.5 1 1 1 1
 0.5 1 1 1 1
 0.5 1 1 1 1
 0.5 1 1 1 1
 0.5 1 1 1 1
 0.5 1 1 1 1
 0.5 1 1 1 1
 0.5 1 1 1 1
 0.5 1 1 1 1
 0.5 1 1 1 1
 0.5 1 1 1 1
 0.5 1 1 1 1
 0.5 1 1 1 1
 0.5 1 1 1 1
 0.5 1 1 1 1
 0.5 1 1 1 1
 0.5 1 1 1 1
 0.5 1 1 1 1
 0.5 1 1 1 1
 0.5 1 1 1 1
 0.5 1 1 1 1
 0.5 1 1 1 1
 0.5 1 1 1 1
Sel_reclas
 0.5 1 1 1 1
 0.5 1 1 1 1
 0.5 1 1 1 1
 0.5 1 1 1 1
 0.5 1 1 1 1
 0.5 1 1 1 1
 0.5 1 1 1 1
 0.5 1 1 1 1
 0.5 1 1 1 1
 0.5 1 1 1 1
 0.5 1 1 1 1
 0.5 1 1 1 1
 0.5 1 1 1 1
 0.5 1 1 1 1
 0.5 1 1 1 1
 0.5 1 1 1 1
 0.5 1 1 1 1
 0.5 1 1 1 1
 0.5 1 1 1 1
 0.5 1 1 1 1
 0.5 1 1 1 1
 0.5 1 1 1 1
 0.5 1 1 1 1
 0.5 1 1 1 1
 0.5 1 1 1 1
 0.5 1 1 1 1
 0.5 1 1 1 1
 0.5 1 1 1 1
 0.5 1 1 1 1
 0.5 1 1 1 1
Sel_pelaces
 0.5 1 1 1 1
 0.5 1 1 1 1
 0.5 1 1 1 1
 0.5 1 1 1 1
 0.5 1 1 1 1
 0.5 1 1 1 1
 0.5 1 1 1 1
 0.5 1 1 1 1
 0.5 1 1 1 1
 0.5 1 1 1 1
 0.5 1 1 1 1
 0.5 1 1 1 1
 0.5 1 1 1 1
 0.5 1 1 1 1
 0.5 1 1 1 1
 0.5 1 1 1 1
 0.5 1 1 1 1
 0.5 1 1 1 1
 0.5 1 1 1 1
 0.5 1 1 1 1
 0.5 1 1 1 1
 0.5 1 1 1 1
 0.5 1 1 1 1
 0.5 1 1 1 1
 0.5 1 1 1 1
 0.5 1 1 1 1
 0.5 1 1 1 1
 0.5 1 1 1 1
 0.5 1 1 1 1
 0.5 1 1 1 1
pf_obs 
 0.8446 0.082 0.0669 0.0065 0
 0.8095 0.147 0.0364 0.0071 0
 0.9664 0.0169 0.016 0.0007 0
 0.9276 0.0648 0.0075 0.0001 0
 0.7033 0.2144 0.0806 0.0017 0
 0.9318 0.0425 0.0243 0.0014 0
 0.5671 0.3108 0.0964 0.0239 0.0018
 0.0768 0.2599 0.5324 0.112 0.0189
 0.490249 0.384438 0.106611 0.0170017 0.00170017
 0.7925 0.1577 0.0466 0.003 0.0002
 0.840416 0.127587 0.0312969 0.00059994 9.999e-05
 0.8084 0.0986 0.0794 0.0134 0.0002
 0.7335 0.1905 0.0724 0.0035 0.0001
 0.4001 0.4547 0.1325 0.0127 0
 0.49795 0.308269 0.164784 0.0264974 0.00249975
 0.9179 0.0499 0.0305 0.0017 0
 0.2467 0.6533 0.0926 0.0074 0
 0.9418 0.0223 0.034 0.0019 0
 0.707729 0.231977 0.0356964 0.0245975 0
 0.517169 0.277429 0.184464 0.0207286 0.00020938
 0.811772 0.124168 0.05621 0.00726502 0.000585176
 0.764997 0.148141 0.077277 0.00933861 0.000247198
 0.163321 0.427699 0.378323 0.0303852 0.000271297
 0.753843 0.0900009 0.118128 0.0371064 0.000921714
 0.721811 0.176058 0.0630433 0.0369309 0.00215725
 0.143369 0.312575 0.442814 0.0836902 0.0175525
 0.692698 0.0596174 0.167031 0.0765114 0.00414204
 0.394062 0.376323 0.152708 0.0712218 0.00568511
 0.125707 0.32114 0.495352 0.0537591 0.00404204
 0.23352 0.215282 0.420074 0.123614 0.00750983
pf_pred 
 0.426519 0.044812 0.490299 0.0270739 0.0112962
 0.473888 0.318747 0.0162036 0.177288 0.0138743
 0.497719 0.328621 0.105212 0.0053485 0.0630989
 0.501105 0.335568 0.106858 0.0342118 0.0222571
 0.502528 0.337362 0.107693 0.0342937 0.0181225
 0.49108 0.342157 0.113091 0.0361009 0.017571
 0.505372 0.330276 0.110498 0.036522 0.0173331
 0.515258 0.333268 0.101143 0.0338387 0.0164925
 0.487314 0.349454 0.112224 0.0340588 0.0169485
 0.484073 0.340332 0.119688 0.0384368 0.01747
 0.480051 0.34126 0.117872 0.0414535 0.0193631
 0.478118 0.339269 0.119855 0.0413981 0.0213595
 0.493156 0.332142 0.113572 0.0401218 0.0210084
 0.500827 0.333848 0.10834 0.0370454 0.0199397
 0.507694 0.334224 0.105726 0.0343099 0.0180465
 0.505762 0.336416 0.107144 0.0338932 0.0167842
 0.51784 0.33083 0.103007 0.0328064 0.0155169
 0.516355 0.33457 0.102286 0.0318478 0.0149406
 0.546428 0.316519 0.0948086 0.0289853 0.0132586
 0.595272 0.299918 0.0731399 0.021908 0.00976156
 0.596019 0.312928 0.0674742 0.0164547 0.00712486
 0.595194 0.311835 0.0720159 0.0155282 0.00542649
 0.612411 0.303861 0.0644982 0.0148953 0.00433415
 0.558469 0.341887 0.0781185 0.0165816 0.00494364
 0.537242 0.337965 0.0966297 0.0220791 0.00608381
 0.5241 0.338742 0.10017 0.0286403 0.00834727
 0.50985 0.340962 0.106191 0.0314019 0.0115951
 0.51124 0.33514 0.106863 0.0332818 0.0134759
 0.510905 0.33632 0.104756 0.0334027 0.0146153
 0.502562 0.340318 0.108042 0.0336527 0.0154257
pobs_RECLAS
 0 0 0 0 0
 0 0 0 0 0
 0 0 0 0 0
 0 0 0 0 0
 0 0 0 0 0
 0 0 0 0 0
 0 0 0 0 0
 0 0 0 0 0
 0 0 0 0 0
 0 0 0 0 0
 0.991045 0.00858322 0.000360255 1.14367e-05 0
 0.934742 0.0480273 0.0164251 0.00080598 0
 0.827803 0.169806 0.00239088 0 0
 0.941827 0.0461693 0.0120037 0 0
 0.791401 0.0380133 0.147996 0.0225897 0
 0.846168 0.0940531 0.0597789 0 0
 0.134021 0.677848 0.182769 0.00536245 0
 0.80878 0.0450904 0.141981 0.00414843 0
 0.846168 0.0940531 0.0597789 0 0
 0.905697 0.0802665 0.012482 0.00150086 5.37128e-05
 0.989698 0.0102097 9.19794e-05 0 0
 0.975433 0.0193895 0.00387452 0.00125025 5.28907e-05
 0.303575 0.632131 0.0575291 0.00676475 0
 0.966965 0.00978017 0.0227588 0.000495775 0
 0.843318 0.132988 0.00938335 0.0141283 0.000182051
 0.564624 0.303363 0.111486 0.0197234 0.00080311
 0.826376 0.0876187 0.0782897 0.00655872 0.00115652
 0.89761 0.0855135 0.0140674 0.00269457 0.000114338
 0.34875 0.467042 0.161289 0.0227151 0.000203297
 0.318654 0.224769 0.449479 0.00709798 0
ppred_RECLAS
 0.427728 0.0447175 0.489265 0.0270168 0.0112724
 0.475791 0.317593 0.016145 0.176646 0.0138241
 0.499084 0.327728 0.104926 0.00533397 0.0629275
 0.502951 0.334326 0.106462 0.0340852 0.0221747
 0.50309 0.336982 0.107572 0.034255 0.018102
 0.492624 0.34112 0.112748 0.0359915 0.0175177
 0.508361 0.328279 0.10983 0.0363012 0.0172283
 0.515508 0.333096 0.101091 0.0338212 0.016484
 0.488023 0.348971 0.112069 0.0340117 0.016925
 0.484715 0.339908 0.119539 0.038389 0.0174483
 0.480269 0.341117 0.117823 0.0414361 0.0193549
 0.479516 0.338361 0.119534 0.0412873 0.0213023
 0.494559 0.331222 0.113257 0.0400107 0.0209502
 0.502864 0.332485 0.107898 0.0368942 0.0198584
 0.508934 0.333382 0.105459 0.0342235 0.0180011
 0.508395 0.334624 0.106574 0.0337126 0.0166948
 0.519522 0.329676 0.102647 0.0326919 0.0154627
 0.519549 0.332361 0.101611 0.0316375 0.014842
 0.554357 0.310986 0.0931513 0.0284787 0.0130269
 0.602092 0.294864 0.0719074 0.0215388 0.00959706
 0.601432 0.308735 0.0665701 0.0162342 0.00702939
 0.605037 0.304253 0.0702647 0.0151507 0.00529455
 0.615611 0.301352 0.0639657 0.0147724 0.00429837
 0.561163 0.339801 0.0776418 0.0164804 0.00491347
 0.539675 0.336189 0.0961218 0.0219631 0.00605183
 0.525498 0.337747 0.0998761 0.0285562 0.00832276
 0.511686 0.339685 0.105793 0.0312843 0.0115516
 0.513222 0.33378 0.106429 0.0331468 0.0134213
 0.512271 0.335381 0.104464 0.0333094 0.0145745
 0.503726 0.339521 0.107789 0.033574 0.0153896
pobs_PELACES
 0 0 0 0 0
 0 0 0 0 0
 0 0 0 0 0
 0 0 0 0 0
 0 0 0 0 0
 0 0 0 0 0
 0 0 0 0 0
 0 0 0 0 0
 0 0 0 0 0
 0 0 0 0 0
 0 0 0 0 0
 0 0 0 0 0
 0 0 0 0 0
 0 0 0 0 0
 0 0 0 0 0
 0 0 0 0 0
 0.505614 0.472636 0.0217494 0 0
 0 0 0 0 0
 0.443492 0.261883 0.143347 0.151278 0
 0.227955 0.32914 0.350689 0.0885471 0.00366901
 0.970185 0.0296113 0.000203453 0 0
 0.997202 0.00247181 0.000326279 0 0
 0.445219 0.490057 0.0546422 0.010081 0
 0.90214 0.0892962 0.00764917 0.000914606 0
 0 0 0 0 0
 0.581667 0.319106 0.0959925 0.00289975 0.000334073
 0.762889 0.0836404 0.116647 0.0363945 0.000428098
 0.88444 0.0763242 0.0277011 0.0115352 0
 0.521256 0.241999 0.230069 0.00667565 0
 0.616807 0.101726 0.260614 0.0208532 0
ppred_PELACES
 0.43224 0.0443649 0.485408 0.0268038 0.0111835
 0.482639 0.313445 0.0159341 0.174339 0.0136435
 0.504131 0.324426 0.103869 0.00528023 0.0622934
 0.509607 0.329849 0.105037 0.0336288 0.0218778
 0.505266 0.335505 0.107101 0.034105 0.0180227
 0.498278 0.337318 0.111491 0.0355904 0.0173225
 0.518573 0.321461 0.107549 0.0355473 0.0168705
 0.516498 0.332415 0.100884 0.0337522 0.0164503
 0.490746 0.347115 0.111473 0.0338308 0.016835
 0.48719 0.338276 0.118965 0.0382046 0.0173645
 0.481134 0.340549 0.117627 0.0413672 0.0193227
 0.484676 0.335006 0.118348 0.0408779 0.0210911
 0.499738 0.327829 0.112097 0.0396007 0.0207355
 0.510138 0.327621 0.106319 0.0363544 0.0195678
 0.513551 0.330248 0.104468 0.0339017 0.0178318
 0.517532 0.328405 0.104593 0.0330861 0.0163846
 0.525635 0.325482 0.101342 0.032276 0.015266
 0.530352 0.324888 0.0993263 0.0309261 0.0145083
 0.577042 0.295156 0.0884094 0.027029 0.0123637
 0.62202 0.280097 0.0683062 0.0204601 0.00911642
 0.618016 0.295888 0.0638001 0.0155587 0.00673689
 0.631411 0.283937 0.0655728 0.014139 0.00494101
 0.626294 0.292977 0.062188 0.0143618 0.00417891
 0.570447 0.332613 0.0759993 0.0161318 0.00480953
 0.548176 0.32998 0.0943466 0.0215574 0.00594006
 0.530652 0.334078 0.0987911 0.028246 0.00823235
 0.518307 0.335079 0.104359 0.0308601 0.011395
 0.520318 0.328915 0.104878 0.0326637 0.0132256
 0.51732 0.33191 0.103382 0.0329646 0.0144236
 0.50808 0.336542 0.106844 0.0332794 0.0152546
pobs_pel_tallas
 0 0 0 0 0 0 0 0 0 0 0 0 0 0 0 0 0 0 0 0 0 0 0 0 0 0
 0 0 0 0 0 0 0 0 0 0 0 0 0 0 0 0 0 0 0 0 0 0 0 0 0 0
 0 0 0 0 0 0 0 0 0 0 0 0 0 0 0 0 0 0 0 0 0 0 0 0 0 0
 0 0 0 0 0 0 0 0 0 0 0 0 0 0 0 0 0 0 0 0 0 0 0 0 0 0
 0 0 0 0 0 0 0 0 0 0 0 0 0 0 0 0 0 0 0 0 0 0 0 0 0 0
 0 0 0 0 0 0 0 0 0 0 0 0 0 0 0 0 0 0 0 0 0 0 0 0 0 0
 0 0 0 0 0 0 0 0 0 0 0 0 0 0 0 0 0 0 0 0 0 0 0 0 0 0
 0 0 0 0 0 0 0 0 0 0 0 0 0 0 0 0 0 0 0 0 0 0 0 0 0 0
 0 0 0 0 0 0 0 0 0 0 0 0 0 0 0 0 0 0 0 0 0 0 0 0 0 0
 0 0 0 0 0 0 0 0 0 0 0 0 0 0 0 0 0 0 0 0 0 0 0 0 0 0
 0 0 0 0 0 0 0 0 0 0 0 0 0 0 0 0 0 0 0 0 0 0 0 0 0 0
 0 0 0 0 0 0 0 0 0 0 0 0 0 0 0 0 0 0 0 0 0 0 0 0 0 0
 0.00862536 0 0 0.000197151 0.00414017 0.0128641 0.00837892 0.0270097 0.101434 0.158115 0.152841 0.127902 0.109271 0.109419 0.0830992 0.0579132 0.0238553 0.00714673 0.00463305 0.00128148 0.00103504 0.000492878 0.000147863 0.000147863 4.92878e-05 0
 0 0 0 0 0 0 0 0 0 0 0 0 0 0 0 0 0 0 0 0 0 0 0 0 0 0
 0 0 0 0 0 0 0 0.0054083 0.00873648 0.0413646 0.0450493 0.0745869 0.0622846 0.0627006 0.0613931 0.0827291 0.12552 0.122667 0.0946155 0.0697135 0.0546179 0.0294188 0.0215738 0.0213955 0.0102223 0.00600262
 0 0 0 0 0.00359764 0.0251062 0.0480494 0.140153 0.205849 0.193036 0.1447 0.116669 0.0760912 0.0342217 0.00950174 0.001854 0.000860785 0 0 0 0.000165536 0 0.000143464 0 0 0
 0 0 0 0 0 0 0 0.000145254 0.000435761 0.0275982 0.070085 0.0708112 0.156366 0.174668 0.174014 0.160142 0.0824315 0.0480064 0.0283245 0.00493863 0.00203355 0 0 0 0 0
 0 0 0 0 0 0 0 0 0 0 0 0 0 0 0 0 0 0 0 0 0 0 0 0 0 0
 0 0 1.00437e-05 0.000401748 0.00122533 0.00171747 0.00176769 0.0269171 0.070346 0.194647 0.189555 0.159765 0.064822 0.0314167 0.0384472 0.0292271 0.0345202 0.0313363 0.0194345 0.0106764 0.0143323 0.0359363 0.0279516 0.0138201 0.00172751 0
 0 0.0021121 0.0136068 0.0755702 0.200478 0.177729 0.0527432 0.0373336 0.0318909 0.0142505 0.0149659 0.0166563 0.0217959 0.0798694 0.0677717 0.0528807 0.04013 0.0224614 0.0357745 0.0225083 0.00881397 0.00855152 0.00135912 0.000746735 0 0
 0 0 0 0 5.4009e-05 0.00500934 0.000945158 0.0243581 0.138947 0.33067 0.221406 0.137944 0.0707744 0.0437923 0.0131692 0.00525238 0.0047753 0.00276346 9.45158e-05 9.00151e-06 2.25038e-05 9.00151e-06 4.50075e-06 0 0 0
 0.000866109 0.00284123 0.00948549 0.0512746 0.133035 0.25785 0.225252 0.132002 0.0553304 0.0519788 0.0540692 0.017754 0.00435017 0.00159236 0.00146478 0.000404838 0.000125132 0.000115318 0.000107957 0.000100596 0 0 0 0 0 0
 0 0 0 0 0.00144013 0.00171154 0.00461396 0.0210425 0.0478622 0.0707936 0.0888783 0.103762 0.0637923 0.0337046 0.0602308 0.124433 0.169614 0.0934646 0.0462172 0.0250306 0.0313229 0.00938855 0.002487 0.000210481 0 0
 0 0.00764035 0.051015 0.0998891 0.058973 0.0496711 0.0374665 0.0718981 0.12319 0.153886 0.159021 0.0857701 0.0377988 0.023471 0.0147837 0.00900784 0.00315554 0.000888139 0.00291439 0.00214683 0.00393193 0.00274676 0.000635225 9.99891e-05 0 0
 0 0 0 0 0 0 0 0 0 0 0 0 0 0 0 0 0 0 0 0 0 0 0 0 0 0
 0 0 0 0 0 0 0 0 0 0 0 0 0 0 0 0 0 0 0 0 0 0 0 0 0 0
 0 0 0 0 0 0 0 0 0 0 0 0 0 0 0 0 0 0 0 0 0 0 0 0 0 0
 0 0 0 0 0 0 0 0 0 0 0 0 0 0 0 0 0 0 0 0 0 0 0 0 0 0
 0 0 0 0 0 0 0 0 0 0 0 0 0 0 0 0 0 0 0 0 0 0 0 0 0 0
 0 0 0 0 0 0 0 0 0 0 0 0 0 0 0 0 0 0 0 0 0 0 0 0 0 0
ppred_pel_tallas
 1.186e-16 3.56031e-05 0.000346074 0.00229979 0.0104545 0.0325278 0.0693042 0.101153 0.101158 0.0693291 0.0326137 0.0107119 0.00298205 0.0019546 0.00343909 0.00653687 0.0115235 0.0188797 0.028962 0.0416936 0.0561588 0.0703444 0.0814056 0.0865817 0.0843673 0.075238
 1.20333e-16 3.97544e-05 0.000386427 0.00256794 0.0116735 0.0363208 0.0773864 0.112954 0.112984 0.0775342 0.0368169 0.0131067 0.00616725 0.00825066 0.014999 0.0248063 0.0359317 0.045687 0.0514555 0.0522647 0.0494813 0.0459324 0.0440906 0.0446878 0.0466119 0.0478628
 1.14152e-16 4.15247e-05 0.000403635 0.0026823 0.0121933 0.0379382 0.0808325 0.117984 0.118015 0.0809858 0.0384533 0.0136825 0.00642516 0.008591 0.0156404 0.0259228 0.0376534 0.0480266 0.0542174 0.0549643 0.0513093 0.0458158 0.0409115 0.0376611 0.0356924 0.0339564
 1.10191e-16 4.19758e-05 0.000408019 0.00271143 0.0123258 0.0383503 0.0817106 0.119266 0.119298 0.0818665 0.0388741 0.0138399 0.00651703 0.00873265 0.0159023 0.0263567 0.0382801 0.0488129 0.0550649 0.0557191 0.0517794 0.0457807 0.0401244 0.035868 0.0326898 0.0296802
 1.09647e-16 4.16182e-05 0.000404544 0.00268834 0.0122208 0.0380236 0.0810146 0.11825 0.118282 0.0811732 0.0385564 0.0137608 0.00655904 0.00887145 0.0161725 0.0268045 0.038926 0.0496251 0.0559552 0.0565668 0.0524699 0.0462335 0.040299 0.0357543 0.0322992 0.0290473
 1.09805e-16 4.10426e-05 0.000398948 0.00265115 0.0120518 0.0374977 0.0798941 0.116615 0.116647 0.0800536 0.0380335 0.0136005 0.00654421 0.00891572 0.0162698 0.0269746 0.0391906 0.0499984 0.0564423 0.0571667 0.0531783 0.0470393 0.0411762 0.0366552 0.0331603 0.0298043
 1.09606e-16 4.27142e-05 0.000415197 0.00275913 0.0125426 0.039025 0.083148 0.121363 0.121395 0.0833 0.0395356 0.0140188 0.00646981 0.00853345 0.0155135 0.0257187 0.0373745 0.0477008 0.0538861 0.0546431 0.0509314 0.0451872 0.0397099 0.0354983 0.0322329 0.0290554
 1.09166e-16 4.25433e-05 0.000413536 0.0027481 0.0124925 0.0388689 0.0828154 0.120878 0.12091 0.0829725 0.0393965 0.0140177 0.00658121 0.00879686 0.0160103 0.0265232 0.0384936 0.0490241 0.0551852 0.0556362 0.0513864 0.0450049 0.0389455 0.0343208 0.0308568 0.0276787
 1.09548e-16 4.04222e-05 0.000392918 0.00261108 0.0118696 0.0369309 0.0786865 0.114852 0.114886 0.0788505 0.0374821 0.0134629 0.00661573 0.00915278 0.0167292 0.0277307 0.040269 0.0513311 0.0578636 0.0584634 0.0541668 0.0476249 0.0413633 0.0365168 0.032796 0.0293118
 1.1029e-16 4.01292e-05 0.000390071 0.00259216 0.0117836 0.0366633 0.0781163 0.11402 0.114053 0.0782762 0.0372008 0.0133376 0.00649905 0.00893905 0.0163359 0.0271008 0.0394087 0.0503492 0.0569733 0.0579274 0.0542082 0.0483496 0.042731 0.0383663 0.0349005 0.0314385
 1.10901e-16 3.96304e-05 0.000385222 0.00255994 0.0116371 0.0362076 0.0771453 0.112603 0.112636 0.0773063 0.0367486 0.0132015 0.0064927 0.00899061 0.0164425 0.027278 0.0396652 0.0506768 0.0573493 0.0583303 0.0546375 0.0488362 0.0433283 0.0391255 0.0358421 0.0325355
 1.1117e-16 3.99222e-05 0.000388058 0.00257878 0.0117228 0.0364742 0.0777132 0.113432 0.113464 0.0778717 0.0370065 0.013262 0.0064486 0.00885647 0.016184 0.0268535 0.039062 0.0499361 0.0565682 0.0576333 0.0541318 0.0485778 0.0433162 0.0393193 0.0361861 0.0329739
 1.108e-16 4.11629e-05 0.000400118 0.00265892 0.0120871 0.0376076 0.0801282 0.116956 0.116988 0.0802832 0.0381284 0.0135929 0.00644447 0.0086832 0.0158292 0.0262545 0.0381742 0.0487679 0.055184 0.0561249 0.0525781 0.0470224 0.0417783 0.0378207 0.0347693 0.0316974
 1.1011e-16 4.20195e-05 0.000408444 0.00271426 0.0123386 0.0383903 0.0817957 0.11939 0.119421 0.0819505 0.0389105 0.0138427 0.00649501 0.00867934 0.0158018 0.0261943 0.0380552 0.0485493 0.0548106 0.0555324 0.0517067 0.0458374 0.0402892 0.0360911 0.0329099 0.0298433
 1.09517e-16 4.23006e-05 0.000411177 0.00273242 0.0124212 0.0386471 0.0823429 0.120189 0.12022 0.082499 0.0391714 0.0139369 0.00654216 0.00874453 0.0159182 0.0263794 0.0383053 0.0488272 0.0550441 0.0556286 0.0515776 0.0454249 0.0395794 0.035115 0.0317358 0.0285645
 1.09194e-16 4.26285e-05 0.000414364 0.00275359 0.0125175 0.0389466 0.0829811 0.12112 0.121152 0.0831363 0.0394681 0.0140248 0.0065422 0.00870153 0.0158306 0.0262336 0.0380936 0.0485566 0.0547352 0.0553051 0.0512517 0.0450886 0.0392081 0.0346816 0.0312266 0.0279882
 1.08829e-16 4.32959e-05 0.000420852 0.00279671 0.0127135 0.0395564 0.0842803 0.123016 0.123048 0.0844341 0.0400731 0.0142071 0.00655066 0.00863158 0.0156837 0.0259834 0.0377182 0.0480528 0.0541194 0.0546021 0.0504795 0.0442529 0.0383099 0.0337318 0.0302548 0.02704
 1.08507e-16 4.36844e-05 0.000424628 0.0028218 0.0128275 0.0399114 0.0850366 0.12412 0.124151 0.0851901 0.0404271 0.0143182 0.0065681 0.00861801 0.0156494 0.025921 0.0376166 0.0478996 0.0539013 0.0543036 0.0500837 0.0437461 0.0376894 0.0330131 0.029473 0.0262447
 1.0743e-16 4.75303e-05 0.000462011 0.00307023 0.0139568 0.043425 0.0925227 0.135046 0.135074 0.0926621 0.0438934 0.0153108 0.00647288 0.00790327 0.014219 0.0235348 0.0341421 0.0434524 0.0488527 0.0491414 0.0452068 0.0393317 0.03371 0.0293598 0.0260774 0.0231255
 1.05638e-16 5.1235e-05 0.000498023 0.00330954 0.0150447 0.0468098 0.0997342 0.145571 0.145598 0.0998664 0.0472538 0.0163277 0.00653242 0.0075418 0.0134529 0.0222234 0.0321603 0.0407645 0.0455191 0.0452655 0.0408685 0.0345677 0.0285614 0.0239433 0.0206175 0.0179179
 1.04618e-16 5.09053e-05 0.000494817 0.00328824 0.0149479 0.0465085 0.0990923 0.144634 0.144663 0.0992319 0.0469772 0.016302 0.00668911 0.00792495 0.0141798 0.0234079 0.0338243 0.0427652 0.0475438 0.0469162 0.0417984 0.0345925 0.0276916 0.0223422 0.0185291 0.0156045
 1.0422e-16 5.20085e-05 0.000505541 0.0033595 0.0152718 0.0475164 0.10124 0.147768 0.147796 0.101374 0.0479663 0.0165717 0.0066244 0.00763952 0.0136203 0.0224861 0.032507 0.0411296 0.0457776 0.0452527 0.0404184 0.0335552 0.0269329 0.0217312 0.01794 0.0149644
 1.04018e-16 5.15871e-05 0.000501445 0.00333228 0.0151481 0.0471314 0.100419 0.146571 0.146599 0.100558 0.0475954 0.0164887 0.00669911 0.00785676 0.0140368 0.0231662 0.0334655 0.0422905 0.0469732 0.0462738 0.0410937 0.0338119 0.026807 0.0213326 0.0174002 0.0143961
 1.0471e-16 4.6987e-05 0.000456731 0.00303514 0.0137973 0.0429287 0.0914654 0.133503 0.133535 0.0916223 0.0434557 0.0153199 0.00685936 0.00881258 0.0159384 0.0263328 0.0380637 0.0481481 0.0535654 0.0529085 0.0471878 0.039077 0.0312414 0.0250733 0.0205725 0.0170526
 1.05975e-16 4.51526e-05 0.0004389 0.00291664 0.0132587 0.0412528 0.0878946 0.128291 0.128323 0.0880504 0.0417762 0.0147715 0.00671793 0.00874973 0.0158659 0.0262551 0.0380439 0.048317 0.0541178 0.0540661 0.049132 0.0418751 0.0348003 0.0291439 0.0248065 0.0210892
 1.07163e-16 4.37092e-05 0.000424869 0.00282341 0.0128348 0.039934 0.0850849 0.124191 0.124223 0.0852427 0.0404641 0.014367 0.00667379 0.00884447 0.0160759 0.0266174 0.0385979 0.0490839 0.0551028 0.0552761 0.0505942 0.0436367 0.0369015 0.0315789 0.0274968 0.0238865
 1.08121e-16 4.26923e-05 0.000414984 0.00275772 0.0125362 0.039005 0.0831054 0.121302 0.121334 0.0832638 0.0395369 0.0140738 0.00662193 0.00886645 0.0161404 0.0267392 0.0388056 0.0494146 0.0556023 0.0559991 0.051598 0.0449655 0.0385658 0.0335382 0.029657 0.0261141
 1.08625e-16 4.2858e-05 0.000416595 0.00276842 0.0125849 0.0391563 0.0834279 0.121772 0.121804 0.0835833 0.0396786 0.0140945 0.00656273 0.00871608 0.0158538 0.02627 0.0381419 0.0486072 0.0547679 0.0552894 0.0511497 0.0448598 0.038816 0.0341035 0.0304628 0.0270698
 1.08816e-16 4.2611e-05 0.000414194 0.00275247 0.0125123 0.0389307 0.0829471 0.12107 0.121103 0.083104 0.0394576 0.0140355 0.00658052 0.00878693 0.0159915 0.0264953 0.0384602 0.0489951 0.0551739 0.055652 0.0514249 0.0450406 0.0389337 0.0342098 0.0306068 0.0272792
 1.09089e-16 4.18499e-05 0.000406796 0.00270331 0.0122889 0.0382354 0.0814657 0.118908 0.118941 0.0816248 0.0387697 0.0138335 0.00658553 0.00889853 0.0162189 0.0268781 0.0390251 0.0497334 0.0560402 0.0565833 0.0523685 0.0459707 0.0398452 0.0351002 0.0314618 0.0280714
pSPR Fmed_Fpbrs
0.599873   0.2854 0.2854
Fs Fmed_Fpbrs
0.34   1.005 1.005
SSBpbr Bo_Bmed_Bpbrs
3.35392e+06  1.84423e+06  789510 789510
Ro
322483
SPR SPRFo_SPRFmed_SPRFpbrs
2.29559e+06 1.37706e+06 655160
Fref
1.005
Nvult_r0
 250707 96560.1 30655.4 9548.47 4376.81
CTP_r0
 83847.1 48400.5 15365.9 4786.14 2193.86
YTP_r0
2.01977e+06
Np
 322483 71776 15154 4974.03 1791.78
Nvult_p0
 250707 62110.6 13113.4 4304.23 1550.49
CTP_p0
 83847.1 48812 16021.7 5086.47 2108.77
 83847.1 31132.8 6573.04 2157.48 777.18
YTP_p0
 2.10326e+06 1.42865e+06
CBA_c0
2.04482e+06
log_Ro
12.5038
likeval ReclasPelacesDesembMPH_pf_preclas_ppelaces_ptallas_desvR_qrecl_qpela
 125.47 52.78 10.4264 0.00536551 238.2 152.533 102.931 0 0 0 0 51.3013 0 0 0
q_reclas_q_pelaces
1 1
M
1
N
 322483 17334 189656 10472.6 4369.55
 322483 112198 5703.66 62405.1 4883.74
 322483 109170 34952 1776.8 20961.8
 322483 111595 35536.1 11377.3 7401.68
 322483 109438 34934.9 11124.6 5878.8
 322483 115545 38190.3 12191.1 5933.64
 322483 110776 37061.4 12249.6 5813.58
 322483 104814 31809.8 10642.4 5186.94
 322483 117219 37643.7 11424.5 5685.08
 322483 114781 40366.5 12963.3 5892
 322483 115126 39764.9 13984.6 6532.24
 322483 117397 41472.9 14324.9 7390.97
 322483 111432 38102.9 13460.7 7048.22
 322483 111416 36156.5 12363.3 6654.54
 322483 108621 34360.3 11150.6 5865.03
 322483 112175 35726.4 11301.4 5596.57
 322483 106190 33063.1 10530.2 4980.6
 322483 110146 33674.3 10484.8 4918.69
 322483 104040 31163.5 9527.47 4358.1
 322483 89675 21868.7 6550.43 2918.68
 322483 91990.3 19835.2 4837.12 2094.47
 322483 96046.1 22181.1 4782.74 1671.37
 322483 84549.6 17946.7 4144.64 1205.98
 322483 103390 23623.8 5014.44 1495
 322483 105799 30249.5 6911.77 1904.51
 322483 106932 31621.2 9041.02 2635.02
 322483 111427 34703.3 10262.2 3789.29
 322483 109479 34908.4 10872 4402.12
 322483 108847 33903.4 10810.5 4730.12
 322483 111586 35425.8 11034.4 5057.91
pred_Ctot
 11110.1 1167.28 12771.5 705.229 294.247
 16374.9 11014.1 559.906 6126.07 479.417
 12157.8 8027.27 2570.03 130.648 1541.32
 15907.5 10652.6 3392.19 1086.05 706.548
 5320.43 3571.76 1140.18 363.079 191.868
 13580.1 9461.85 3127.35 998.318 485.899
 23990.4 15678.4 5245.42 1733.73 822.813
 2435.8 1575.47 478.139 159.967 77.9658
 6639.14 4760.95 1528.94 464.015 230.905
 6043.93 4249.23 1494.38 479.905 218.123
 2129.66 1513.94 522.92 183.901 85.9008
 12439.8 8827.18 3118.4 1077.1 555.736
 12468 8397.23 2871.33 1014.36 531.134
 17330.8 11552.6 3749.03 1281.94 690.003
 11150.4 7340.48 2322.03 753.54 396.352
 21578.7 14353.4 4571.39 1446.08 716.111
 14675.8 9375.86 2919.26 929.747 439.754
 25348.9 16424.7 5021.45 1563.47 733.467
 50906.7 29487.8 8832.61 2700.35 1235.21
 46740.6 23549.5 5742.92 1720.21 766.475
 39487.7 20732.2 4470.34 1090.16 472.04
 60200.2 31540.3 7283.97 1570.59 548.857
 26490.9 13144 2789.98 644.324 187.481
 22263.9 13629.6 3114.27 661.041 197.083
 20279.7 12757.4 3647.56 833.438 229.65
 12448.7 8045.99 2379.3 680.28 198.269
 15836.7 10590.8 3298.44 975.388 360.159
 16937 11103 3540.29 1102.6 446.448
 12172.1 8012.7 2495.78 795.805 348.204
 10526.3 7128.03 2262.97 704.864 323.094
F
 0.0557808 0.111562 0.111562 0.111562 0.111562
 0.0831473 0.166295 0.166295 0.166295 0.166295
 0.0611776 0.122355 0.122355 0.122355 0.122355
 0.0806926 0.161385 0.161385 0.161385 0.161385
 0.0263887 0.0527775 0.0527775 0.0527775 0.0527775
 0.0685424 0.137085 0.137085 0.137085 0.137085
 0.123867 0.247733 0.247733 0.247733 0.247733
 0.0120092 0.0240184 0.0240184 0.0240184 0.0240184
 0.0330203 0.0660407 0.0660407 0.0660407 0.0660407
 0.0300226 0.0600452 0.0600452 0.0600452 0.0600452
 0.0104932 0.0209864 0.0209864 0.0209864 0.0209864
 0.0626339 0.125268 0.125268 0.125268 0.125268
 0.0627797 0.125559 0.125559 0.125559 0.125559
 0.0881838 0.176368 0.176368 0.176368 0.176368
 0.0559878 0.111976 0.111976 0.111976 0.111976
 0.110822 0.221645 0.221645 0.221645 0.221645
 0.074247 0.148494 0.148494 0.148494 0.148494
 0.131277 0.262555 0.262555 0.262555 0.262555
 0.279859 0.559717 0.559717 0.559717 0.559717
 0.254368 0.508735 0.508735 0.508735 0.508735
 0.211222 0.422444 0.422444 0.422444 0.422444
 0.338711 0.677423 0.677423 0.677423 0.677423
 0.137542 0.275085 0.275085 0.275085 0.275085
 0.114514 0.229028 0.229028 0.229028 0.229028
 0.103854 0.207709 0.207709 0.207709 0.207709
 0.0626801 0.12536 0.12536 0.12536 0.12536
 0.0803209 0.160642 0.160642 0.160642 0.160642
 0.0861064 0.172213 0.172213 0.172213 0.172213
 0.0612512 0.122502 0.122502 0.122502 0.122502
 0.052784 0.105568 0.105568 0.105568 0.105568
YTP_r0W_actual
 612084 769567 407197 151721 79198.4
YTP_p0W_proyectada
 632207 851770 385641 159308 74334.1
 632207 543267 158213 67572.3 27395.6
CTP_r0_actual
 83847.1 48400.5 15365.9 4786.14 2193.86
CTP_p0_proyectada
 83847.1 48812 16021.7 5086.47 2108.77
 83847.1 31132.8 6573.04 2157.48 777.18
Wmedp
 7.54 17.45 24.07 31.32 35.25
Frms_r0
 0.5025 1.005 1.005 1.005 1.005
Zrms_r0
 1.5025 2.005 2.005 2.005 2.005
nmprior
 7.29 8.9 8.7 0
nm_flota  nm_reclas  nm_pelaces    nm_pelaL
inf 3.88364 7.6537 11.4986
cv_recla  cv_pelaces  cv_mph
1.03704 0.854869 2.07181
 ------------------------------------------------
Talla a la edad & desviaci?n 
 8 13.2811 15.8009 17.003 17.5766
 0.8 1.32811 1.58009 1.7003 1.75766
