    unsorted:	 2.335444245e-06 5.771810065e-05 8.871198291e-05 0.001599856908 4.199261907 1.644794499 6.651158263 12.24109535 10.79837685 57.68863637 164.8380066 129.8810716 203.2023981 241.8192763 460.1662885 491.1297250 617.8516643 789.8082196 810.0854509 854.0511827 898.0986997 911.0438473 1013.447030 1089.380114 1140.620624 1287.209634 1440.247515 1411.142612 1541.976503 1693.021809 1838.694550 2018.848793 2311.389477 2283.083121 2349.790349 2422.969547 2582.724601 2726.749998 2874.103332 3112.175253 3185.613902 3748.541032 3898.933849 4248.213188 10167.68194 41424.81044 158303.9934 381363.1172 387315.2356 376377.9810 396182.8929 354929.9588 358599.8111 419480.5879 451585.3020 444219.8220 464116.6651 314708.5690 605658.7945 614239.5535 656444.7052 691885.2735 711867.9114 974510.0755 1049425.721 1132820.535 1190496.591 1384741.655 1515566.762 1662670.571 1827072.453 2297607.992 2438823.331 2481820.639 2742712.406 2957245.402 3297600.589 43244232.20
      sorted:	 2.335444245e-06 5.771810065e-05 8.871198291e-05 0.001599856908 1.644794499 4.199261907 6.651158263 10.79837685 12.24109535 57.68863637 129.8810716 164.8380066 203.2023981 241.8192763 460.1662885 491.1297250 617.8516643 789.8082196 810.0854509 854.0511827 898.0986997 911.0438473 1013.447030 1089.380114 1140.620624 1287.209634 1411.142612 1440.247515 1541.976503 1693.021809 1838.694550 2018.848793 2283.083121 2311.389477 2349.790349 2422.969547 2582.724601 2726.749998 2874.103332 3112.175253 3185.613902 3748.541032 3898.933849 4248.213188 10167.68194 41424.81044 158303.9934 314708.5690 354929.9588 358599.8111 376377.9810 381363.1172 387315.2356 396182.8929 419480.5879 444219.8220 451585.3020 464116.6651 605658.7945 614239.5535 656444.7052 691885.2735 711867.9114 974510.0755 1049425.721 1132820.535 1190496.591 1384741.655 1515566.762 1662670.571 1827072.453 2297607.992 2438823.331 2481820.639 2742712.406 2957245.402 3297600.589 43244232.20
