years
 1991 1992 1993 1994 1995 1996 1997 1998 1999 2000 2001 2002 2003 2004 2005 2006 2007 2008 2009 2010 2011 2012 2013 2014 2015 2016 2017 2018 2019 2020
reclasobs
 0 0 0 0 0 0 0 0 0 252601 567819 844713 477998 351125 339783 2.1784e+06 2.13404e+06 4.81314e+06 1.55562e+06 2.62356e+06 3.21686e+06 3.843e+06 1.13348e+06 3.07943e+06 1.97215e+06 2.03268e+06 2.025e+06 2.42433e+06 2.27542e+06 1.05018e+06
reclaspred
 3.15338e+06 1.72042e+06 869528 889106 900941 1.55052e+06 871202 759547 541278 367646 501489 679665 658240 487365 484290 1.34484e+06 1.20147e+06 3.10262e+06 2.45573e+06 1.76758e+06 3.05291e+06 2.50801e+06 1.90552e+06 3.02348e+06 2.23428e+06 1.97625e+06 2.37612e+06 2.6022e+06 2.045e+06 1.22715e+06
pelacesobs
 0 0 0 0 0 0 0 0 0 0 0 0 0 0 0 552880 188675 0 991730 2.46772e+06 1.41603e+06 1.21717e+06 2.29649e+06 1.80582e+06 0 1.4828e+06 1.56532e+06 1.57751e+06 1.42118e+06 867257
pelacespred
 1.86286e+06 1.10809e+06 544668 441990 491126 858487 434172 499942 326866 202396 293855 331152 355641 265546 272236 633561 601444 1.75241e+06 1.43933e+06 952615 1.62441e+06 1.40476e+06 1.11765e+06 1.90681e+06 1.38046e+06 1.22898e+06 1.64411e+06 1.61899e+06 1.20445e+06 822545
mphobs
 0 0 0 0 0 0 0 0 0 0 0 0 498337 0 5186 125008 0 168611 109162 213762 579715 649985 157893 87575 83554 210694 70296 0 107559 103333
mphpred
 400019 266324 127681 70733 77094.1 92629.6 126195 67725.5 62086.4 39352.8 24231.5 50109.5 56178 43850.7 27184.7 35096.7 124469 110548 248021 173228 175859 204914 190076 157707 243017 187468 162838 182157 255698 174616
desembarqueobs
 494567 514787 250237 358949 120608 361735 552515 73892 212993 205616 52469 317467 293654 387597 252695 516296 358380 742168 942051 627588 828172 859565 418607 520667 417249 300574 415391 372974 316634 284311
desembarquepred
 494570 513925 250640 358981 120613 361741 552536 73897.1 213052 205670 52471.7 317527 293690 387579 252671 516225 358408 742010 941742 627362 828254 859547 418609 520692 417238 300571 415384 372945 316621 284321
Reclutas
 167651 94325.4 94512.5 142686 115887 209851 83883.4 36213.4 35095.9 46694.5 88500.4 126834 104421 74588.1 68936.1 367541 74038.7 597769 329999 260888 359858 504495 97880.9 288273 244589 109615 241949 278435 76334.2 58688.9
log_desv_Rt
 0.213098 -0.362037 -0.360056 0.0518597 -0.156175 0.437611 -0.47936 -1.31936 -1.3507 -1.06516 -0.425781 -0.0659126 -0.260358 -0.596807 -0.675608 0.998047 -0.604201 1.48442 0.890301 0.655304 0.976921 1.31477 -0.325037 0.75512 0.590791 -0.211817 0.579941 0.720398 -0.573667 -0.836537
SSB
 2.03482e+06 1.35474e+06 649491 359806 392163 471189 641931 344507 315822 200180 123261 254897 272187 218461 133458 172889 633150 562339 1.30066e+06 907901 945686 1.15667e+06 1.11434e+06 887253 1.28367e+06 1.0503e+06 860225 926598 1.3483e+06 865367
BT
 2.87021e+06 1.96303e+06 960405 904629 763959 1.50749e+06 1.07338e+06 749942 656609 475028 458234 725394 760128 774801 639190 1.32614e+06 1.09498e+06 3.15139e+06 2.88063e+06 1.85741e+06 2.94444e+06 2.72848e+06 1.86907e+06 3.16087e+06 2.2544e+06 1.93177e+06 2.72174e+06 2.60131e+06 1.8623e+06 1.37722e+06
Ftot
 0.206644 0.382366 0.376025 0.57108 0.190303 0.346995 0.804821 0.136912 0.542295 0.759448 0.165522 0.66675 0.631691 1.09779 0.787129 0.615483 0.402278 0.376723 0.532716 0.49935 0.394049 0.493411 0.294453 0.261036 0.260507 0.209486 0.261779 0.219043 0.201484 0.305761
BD_Bspro_t
 0.967598 0.778212 0.571609 0.471655 0.464201 0.559305 0.558369 0.36373 0.424121 0.363826 0.319802 0.578821 0.456392 0.358081 0.245899 0.298696 0.490854 0.448911 0.585846 0.46763 0.431751 0.478873 0.498032 0.48034 0.60344 0.612334 0.619456 0.663426 0.723656 0.634203
BD_Bspro
 2.10999 1.40478 0.673483 0.373097 0.40665 0.488595 0.665644 0.357233 0.327488 0.207575 0.127814 0.264313 0.282242 0.226531 0.138388 0.179276 0.656538 0.583112 1.34871 0.941439 0.98062 1.19939 1.1555 0.920028 1.33109 1.0891 0.892002 0.960827 1.39811 0.897333
BD_Bo
 1.43221 0.953532 0.457144 0.253249 0.276024 0.331646 0.451823 0.242481 0.222291 0.140897 0.0867572 0.179409 0.191579 0.153764 0.0939345 0.121688 0.445642 0.395802 0.915471 0.639026 0.665621 0.81412 0.784327 0.624493 0.903513 0.739254 0.605469 0.652186 0.949003 0.609088
BD_Brms
 2.60401 1.7337 0.831171 0.460453 0.501862 0.602993 0.821497 0.440875 0.404166 0.256176 0.15774 0.326199 0.348325 0.27957 0.17079 0.221251 0.810259 0.719641 1.66449 1.16187 1.21022 1.48022 1.42605 1.13544 1.64275 1.3441 1.10085 1.18579 1.72546 1.10743
Sel_flota
 0.708331 0.978788 0.998861 0.99994 0.999997
 0.708331 0.978788 0.998861 0.99994 0.999997
 0.708331 0.978788 0.998861 0.99994 0.999997
 0.708331 0.978788 0.998861 0.99994 0.999997
 0.708331 0.978788 0.998861 0.99994 0.999997
 0.708331 0.978788 0.998861 0.99994 0.999997
 0.708331 0.978788 0.998861 0.99994 0.999997
 0.708331 0.978788 0.998861 0.99994 0.999997
 0.708331 0.978788 0.998861 0.99994 0.999997
 0.708331 0.978788 0.998861 0.99994 0.999997
 0.708331 0.978788 0.998861 0.99994 0.999997
 0.708331 0.978788 0.998861 0.99994 0.999997
 0.708331 0.978788 0.998861 0.99994 0.999997
 0.708331 0.978788 0.998861 0.99994 0.999997
 0.708331 0.978788 0.998861 0.99994 0.999997
 0.708331 0.978788 0.998861 0.99994 0.999997
 0.708331 0.978788 0.998861 0.99994 0.999997
 0.708331 0.978788 0.998861 0.99994 0.999997
 0.708331 0.978788 0.998861 0.99994 0.999997
 0.708331 0.978788 0.998861 0.99994 0.999997
 0.708331 0.978788 0.998861 0.99994 0.999997
 0.708331 0.978788 0.998861 0.99994 0.999997
 0.708331 0.978788 0.998861 0.99994 0.999997
 0.708331 0.978788 0.998861 0.99994 0.999997
 0.708331 0.978788 0.998861 0.99994 0.999997
 0.708331 0.978788 0.998861 0.99994 0.999997
 0.708331 0.978788 0.998861 0.99994 0.999997
 0.708331 0.978788 0.998861 0.99994 0.999997
 0.708331 0.978788 0.998861 0.99994 0.999997
 0.708331 0.978788 0.998861 0.99994 0.999997
Sel_reclas
 1 1 1 1 1
 1 1 1 1 1
 1 1 1 1 1
 1 1 1 1 1
 1 1 1 1 1
 1 1 1 1 1
 1 1 1 1 1
 1 1 1 1 1
 1 1 1 1 1
 1 1 1 1 1
 1 1 1 1 1
 1 1 1 1 1
 1 1 1 1 1
 1 1 1 1 1
 1 1 1 1 1
 1 1 1 1 1
 1 1 1 1 1
 1 1 1 1 1
 1 1 1 1 1
 1 1 1 1 1
 1 1 1 1 1
 1 1 1 1 1
 1 1 1 1 1
 1 1 1 1 1
 1 1 1 1 1
 1 1 1 1 1
 1 1 1 1 1
 1 1 1 1 1
 1 1 1 1 1
 1 1 1 1 1
Sel_pelaces
 0.880781 0.973809 0.994684 0.998939 0.999789
 0.880781 0.973809 0.994684 0.998939 0.999789
 0.880781 0.973809 0.994684 0.998939 0.999789
 0.880781 0.973809 0.994684 0.998939 0.999789
 0.880781 0.973809 0.994684 0.998939 0.999789
 0.880781 0.973809 0.994684 0.998939 0.999789
 0.880781 0.973809 0.994684 0.998939 0.999789
 0.880781 0.973809 0.994684 0.998939 0.999789
 0.880781 0.973809 0.994684 0.998939 0.999789
 0.880781 0.973809 0.994684 0.998939 0.999789
 0.880781 0.973809 0.994684 0.998939 0.999789
 0.880781 0.973809 0.994684 0.998939 0.999789
 0.880781 0.973809 0.994684 0.998939 0.999789
 0.880781 0.973809 0.994684 0.998939 0.999789
 0.880781 0.973809 0.994684 0.998939 0.999789
 0.880781 0.973809 0.994684 0.998939 0.999789
 0.880781 0.973809 0.994684 0.998939 0.999789
 0.880781 0.973809 0.994684 0.998939 0.999789
 0.880781 0.973809 0.994684 0.998939 0.999789
 0.880781 0.973809 0.994684 0.998939 0.999789
 0.880781 0.973809 0.994684 0.998939 0.999789
 0.880781 0.973809 0.994684 0.998939 0.999789
 0.880781 0.973809 0.994684 0.998939 0.999789
 0.880781 0.973809 0.994684 0.998939 0.999789
 0.880781 0.973809 0.994684 0.998939 0.999789
 0.880781 0.973809 0.994684 0.998939 0.999789
 0.880781 0.973809 0.994684 0.998939 0.999789
 0.880781 0.973809 0.994684 0.998939 0.999789
 0.880781 0.973809 0.994684 0.998939 0.999789
 0.880781 0.973809 0.994684 0.998939 0.999789
pf_obs 
 0.8446 0.082 0.0669 0.0065 0
 0.8095 0.147 0.0364 0.0071 0
 0.9664 0.0169 0.016 0.0007 0
 0.9276 0.0648 0.0075 0.0001 0
 0.7033 0.2144 0.0806 0.0017 0
 0.9318 0.0425 0.0243 0.0014 0
 0.5671 0.3108 0.0964 0.0239 0.0018
 0.0768 0.2599 0.5324 0.112 0.0189
 0.490249 0.384438 0.106611 0.0170017 0.00170017
 0.7925 0.1577 0.0466 0.003 0.0002
 0.840416 0.127587 0.0312969 0.00059994 9.999e-05
 0.8084 0.0986 0.0794 0.0134 0.0002
 0.7335 0.1905 0.0724 0.0035 0.0001
 0.4001 0.4547 0.1325 0.0127 0
 0.49795 0.308269 0.164784 0.0264974 0.00249975
 0.9179 0.0499 0.0305 0.0017 0
 0.2467 0.6533 0.0926 0.0074 0
 0.9418 0.0223 0.034 0.0019 0
 0.707729 0.231977 0.0356964 0.0245975 0
 0.517169 0.277429 0.184464 0.0207286 0.00020938
 0.811772 0.124168 0.05621 0.00726502 0.000585176
 0.764997 0.148141 0.077277 0.00933861 0.000247198
 0.163321 0.427699 0.378323 0.0303852 0.000271297
 0.753843 0.0900009 0.118128 0.0371064 0.000921714
 0.721811 0.176058 0.0630433 0.0369309 0.00215725
 0.143369 0.312575 0.442814 0.0836902 0.0175525
 0.692698 0.0596174 0.167031 0.0765114 0.00414204
 0.394062 0.376323 0.152708 0.0712218 0.00568511
 0.125707 0.32114 0.495352 0.0537591 0.00404204
 0.23352 0.215282 0.420074 0.123614 0.00750983
pf_pred 
 0.479911 0.139388 0.356582 0.0241177 8.66395e-07
 0.431284 0.323211 0.0668591 0.16734 0.0113054
 0.585747 0.217777 0.112864 0.0227917 0.0608204
 0.734858 0.178751 0.0459466 0.0232459 0.0171981
 0.663535 0.271413 0.0442423 0.0110751 0.00973463
 0.756627 0.17886 0.05226 0.00833636 0.00391643
 0.471247 0.432785 0.0709752 0.0202507 0.00474181
 0.470317 0.308459 0.182051 0.0289833 0.0101895
 0.551998 0.248437 0.117247 0.0677556 0.0145627
 0.729393 0.17594 0.0531245 0.0244207 0.0171213
 0.840066 0.129197 0.0201909 0.00592211 0.00462359
 0.749147 0.220884 0.024311 0.00371863 0.00193997
 0.69438 0.25068 0.0485379 0.00519502 0.00120735
 0.654195 0.26835 0.0638459 0.0120256 0.00158387
 0.764564 0.1787 0.0443643 0.0102011 0.00217048
 0.942208 0.0483032 0.00725385 0.00174834 0.000486769
 0.380644 0.595228 0.0202561 0.00296043 0.00091085
 0.912028 0.0414896 0.0447139 0.00148508 0.000283451
 0.584376 0.389943 0.0122658 0.0129048 0.000509752
 0.61782 0.258582 0.116152 0.00355953 0.00388747
 0.740018 0.183638 0.0520812 0.022803 0.00145995
 0.755747 0.196894 0.0336935 0.00932666 0.00433934
 0.314443 0.562715 0.0995166 0.0166013 0.00672414
 0.744069 0.101344 0.127409 0.0220222 0.00515532
 0.624932 0.302547 0.0291115 0.0357851 0.00762403
 0.432691 0.398861 0.136483 0.0128409 0.0191243
 0.728803 0.140653 0.0923818 0.0309281 0.00723488
 0.68895 0.24685 0.0336622 0.0216182 0.00891968
 0.327881 0.509237 0.12986 0.0173243 0.0156977
 0.42348 0.234901 0.260203 0.0649256 0.0164902
pobs_RECLAS
 0 0 0 0 0
 0 0 0 0 0
 0 0 0 0 0
 0 0 0 0 0
 0 0 0 0 0
 0 0 0 0 0
 0 0 0 0 0
 0 0 0 0 0
 0 0 0 0 0
 0 0 0 0 0
 0.991045 0.00858322 0.000360255 1.14367e-05 0
 0.934742 0.0480273 0.0164251 0.00080598 0
 0.827803 0.169806 0.00239088 0 0
 0.941827 0.0461693 0.0120037 0 0
 0.791401 0.0380133 0.147996 0.0225897 0
 0.846168 0.0940531 0.0597789 0 0
 0.134021 0.677848 0.182769 0.00536245 0
 0.80878 0.0450904 0.141981 0.00414843 0
 0.846168 0.0940531 0.0597789 0 0
 0.905697 0.0802665 0.012482 0.00150086 5.37128e-05
 0.989698 0.0102097 9.19794e-05 0 0
 0.975433 0.0193895 0.00387452 0.00125025 5.28907e-05
 0.303575 0.632131 0.0575291 0.00676475 0
 0.966965 0.00978017 0.0227588 0.000495775 0
 0.843318 0.132988 0.00938335 0.0141283 0.000182051
 0.564624 0.303363 0.111486 0.0197234 0.00080311
 0.826376 0.0876187 0.0782897 0.00655872 0.00115652
 0.89761 0.0855135 0.0140674 0.00269457 0.000114338
 0.34875 0.467042 0.161289 0.0227151 0.000203297
 0.318654 0.224769 0.449479 0.00709798 0
ppred_RECLAS
 0.565501 0.118229 0.296254 0.0200153 7.1898e-07
 0.516818 0.277202 0.0561415 0.140357 0.00948187
 0.66616 0.177303 0.0899662 0.0181473 0.0484238
 0.797127 0.137761 0.034649 0.0175098 0.0129536
 0.733293 0.216011 0.0344911 0.00862457 0.0075803
 0.81353 0.13781 0.0394268 0.00628219 0.0029512
 0.560081 0.361561 0.0579698 0.01652 0.00386802
 0.55392 0.262021 0.151497 0.0240926 0.00846966
 0.636257 0.203697 0.0940741 0.0543017 0.0116704
 0.794099 0.134942 0.0398419 0.0182929 0.0128244
 0.879773 0.0975105 0.0149279 0.00437365 0.00341446
 0.80887 0.16874 0.0181666 0.00277551 0.00144786
 0.762969 0.195187 0.0369727 0.00395258 0.000918546
 0.733258 0.208106 0.0483444 0.00909422 0.00119771
 0.82273 0.135286 0.0328381 0.00754172 0.00160455
 0.958461 0.0348445 0.00511941 0.00123245 0.000343116
 0.462373 0.51711 0.0172283 0.00251507 0.00077378
 0.93608 0.0304837 0.0321655 0.00106711 0.000203663
 0.664262 0.315422 0.00970957 0.0102037 0.00040303
 0.695533 0.207433 0.0911943 0.0027915 0.0030485
 0.800151 0.142052 0.0394425 0.0172498 0.00110434
 0.813413 0.151041 0.0252974 0.00699455 0.00325411
 0.390742 0.501969 0.0869358 0.0144864 0.0058672
 0.803811 0.078676 0.096872 0.0167254 0.00391512
 0.699528 0.243376 0.0229351 0.0281616 0.00599948
 0.516025 0.342376 0.114753 0.0107845 0.0160609
 0.790695 0.109658 0.0705392 0.0235894 0.00551783
 0.755596 0.194806 0.0260199 0.0166917 0.00688663
 0.405125 0.452985 0.11315 0.0150784 0.0136618
 0.508966 0.20259 0.21976 0.0547732 0.0139108
pobs_PELACES
 0 0 0 0 0
 0 0 0 0 0
 0 0 0 0 0
 0 0 0 0 0
 0 0 0 0 0
 0 0 0 0 0
 0 0 0 0 0
 0 0 0 0 0
 0 0 0 0 0
 0 0 0 0 0
 0 0 0 0 0
 0 0 0 0 0
 0 0 0 0 0
 0 0 0 0 0
 0 0 0 0 0
 0 0 0 0 0
 0.505614 0.472636 0.0217494 0 0
 0 0 0 0 0
 0.443492 0.261883 0.143347 0.151278 0
 0.227955 0.32914 0.350689 0.0885471 0.00366901
 0.970185 0.0296113 0.000203453 0 0
 0.997202 0.00247181 0.000326279 0 0
 0.445219 0.490057 0.0546422 0.010081 0
 0.90214 0.0892962 0.00764917 0.000914606 0
 0 0 0 0 0
 0.581667 0.319106 0.0959925 0.00289975 0.000334073
 0.762889 0.0836404 0.116647 0.0363945 0.000428098
 0.88444 0.0763242 0.0277011 0.0115352 0
 0.521256 0.241999 0.230069 0.00667565 0
 0.616807 0.101726 0.260614 0.0208532 0
ppred_PELACES
 0.541623 0.122909 0.314153 0.0213138 7.66273e-07
 0.497924 0.285369 0.0588852 0.147826 0.00999488
 0.648908 0.184651 0.0954651 0.0193363 0.0516399
 0.787964 0.143079 0.0366191 0.0185808 0.0137574
 0.715829 0.229212 0.0373364 0.00937535 0.00824715
 0.801943 0.145615 0.0424551 0.00679283 0.00319378
 0.552277 0.366858 0.0597604 0.0170983 0.00400676
 0.529859 0.273747 0.161523 0.0257957 0.00907605
 0.622126 0.209805 0.0986174 0.0571567 0.0122943
 0.787667 0.138287 0.0414957 0.0191286 0.0134214
 0.86995 0.105042 0.0164077 0.00482749 0.00377197
 0.802137 0.174322 0.0190853 0.00292765 0.00152851
 0.754338 0.201666 0.0388558 0.00417072 0.000970053
 0.732148 0.208296 0.0490678 0.00926616 0.00122136
 0.817689 0.138573 0.0341784 0.00788091 0.00167811
 0.956489 0.0363906 0.00543896 0.00131469 0.00036632
 0.4462 0.532271 0.0180654 0.00264818 0.000815417
 0.931334 0.0324238 0.034859 0.00116126 0.000221818
 0.652098 0.326454 0.0102284 0.0107929 0.000426661
 0.682318 0.215178 0.0963081 0.00296012 0.00323536
 0.788549 0.149429 0.0422698 0.0185628 0.0011894
 0.804126 0.157975 0.0269378 0.00747866 0.00348226
 0.372411 0.51523 0.0909678 0.0152215 0.00617014
 0.789349 0.0834536 0.104776 0.0181657 0.00425588
 0.682149 0.256366 0.0246345 0.0303749 0.00647648
 0.494077 0.355724 0.121614 0.0114774 0.0171071
 0.775938 0.11623 0.076237 0.0256015 0.00599355
 0.739496 0.206711 0.028161 0.0181411 0.00749096
 0.384242 0.466547 0.118877 0.0159082 0.0144259
 0.487709 0.208855 0.230944 0.0578006 0.0146921
pobs_pel_tallas
 0 0 0 0 0 0 0 0 0 0 0 0 0 0 0 0 0 0 0 0 0 0 0 0 0 0
 0 0 0 0 0 0 0 0 0 0 0 0 0 0 0 0 0 0 0 0 0 0 0 0 0 0
 0 0 0 0 0 0 0 0 0 0 0 0 0 0 0 0 0 0 0 0 0 0 0 0 0 0
 0 0 0 0 0 0 0 0 0 0 0 0 0 0 0 0 0 0 0 0 0 0 0 0 0 0
 0 0 0 0 0 0 0 0 0 0 0 0 0 0 0 0 0 0 0 0 0 0 0 0 0 0
 0 0 0 0 0 0 0 0 0 0 0 0 0 0 0 0 0 0 0 0 0 0 0 0 0 0
 0 0 0 0 0 0 0 0 0 0 0 0 0 0 0 0 0 0 0 0 0 0 0 0 0 0
 0 0 0 0 0 0 0 0 0 0 0 0 0 0 0 0 0 0 0 0 0 0 0 0 0 0
 0 0 0 0 0 0 0 0 0 0 0 0 0 0 0 0 0 0 0 0 0 0 0 0 0 0
 0 0 0 0 0 0 0 0 0 0 0 0 0 0 0 0 0 0 0 0 0 0 0 0 0 0
 0 0 0 0 0 0 0 0 0 0 0 0 0 0 0 0 0 0 0 0 0 0 0 0 0 0
 0 0 0 0 0 0 0 0 0 0 0 0 0 0 0 0 0 0 0 0 0 0 0 0 0 0
 0.00862536 0 0 0.000197151 0.00414017 0.0128641 0.00837892 0.0270097 0.101434 0.158115 0.152841 0.127902 0.109271 0.109419 0.0830992 0.0579132 0.0238553 0.00714673 0.00463305 0.00128148 0.00103504 0.000492878 0.000147863 0.000147863 4.92878e-05 0
 0 0 0 0 0 0 0 0 0 0 0 0 0 0 0 0 0 0 0 0 0 0 0 0 0 0
 0 0 0 0 0 0 0 0.0054083 0.00873648 0.0413646 0.0450493 0.0745869 0.0622846 0.0627006 0.0613931 0.0827291 0.12552 0.122667 0.0946155 0.0697135 0.0546179 0.0294188 0.0215738 0.0213955 0.0102223 0.00600262
 0 0 0 0 0.00359764 0.0251062 0.0480494 0.140153 0.205849 0.193036 0.1447 0.116669 0.0760912 0.0342217 0.00950174 0.001854 0.000860785 0 0 0 0.000165536 0 0.000143464 0 0 0
 0 0 0 0 0 0 0 0.000145254 0.000435761 0.0275982 0.070085 0.0708112 0.156366 0.174668 0.174014 0.160142 0.0824315 0.0480064 0.0283245 0.00493863 0.00203355 0 0 0 0 0
 0 0 0 0 0 0 0 0 0 0 0 0 0 0 0 0 0 0 0 0 0 0 0 0 0 0
 0 0 1.00437e-05 0.000401748 0.00122533 0.00171747 0.00176769 0.0269171 0.070346 0.194647 0.189555 0.159765 0.064822 0.0314167 0.0384472 0.0292271 0.0345202 0.0313363 0.0194345 0.0106764 0.0143323 0.0359363 0.0279516 0.0138201 0.00172751 0
 0 0.0021121 0.0136068 0.0755702 0.200478 0.177729 0.0527432 0.0373336 0.0318909 0.0142505 0.0149659 0.0166563 0.0217959 0.0798694 0.0677717 0.0528807 0.04013 0.0224614 0.0357745 0.0225083 0.00881397 0.00855152 0.00135912 0.000746735 0 0
 0 0 0 0 5.4009e-05 0.00500934 0.000945158 0.0243581 0.138947 0.33067 0.221406 0.137944 0.0707744 0.0437923 0.0131692 0.00525238 0.0047753 0.00276346 9.45158e-05 9.00151e-06 2.25038e-05 9.00151e-06 4.50075e-06 0 0 0
 0.000866109 0.00284123 0.00948549 0.0512746 0.133035 0.25785 0.225252 0.132002 0.0553304 0.0519788 0.0540692 0.017754 0.00435017 0.00159236 0.00146478 0.000404838 0.000125132 0.000115318 0.000107957 0.000100596 0 0 0 0 0 0
 0 0 0 0 0.00144013 0.00171154 0.00461396 0.0210425 0.0478622 0.0707936 0.0888783 0.103762 0.0637923 0.0337046 0.0602308 0.124433 0.169614 0.0934646 0.0462172 0.0250306 0.0313229 0.00938855 0.002487 0.000210481 0 0
 0 0.00764035 0.051015 0.0998891 0.058973 0.0496711 0.0374665 0.0718981 0.12319 0.153886 0.159021 0.0857701 0.0377988 0.023471 0.0147837 0.00900784 0.00315554 0.000888139 0.00291439 0.00214683 0.00393193 0.00274676 0.000635225 9.99891e-05 0 0
 0 0 0 0 0 0 0 0 0 0 0 0 0 0 0 0 0 0 0 0 0 0 0 0 0 0
 0 0 0 0 0 0 0 0 0 0 0 0 0 0 0 0 0 0 0 0 0 0 0 0 0 0
 0 0 0 0 0 0 0 0 0 0 0 0 0 0 0 0 0 0 0 0 0 0 0 0 0 0
 0 0 0 0 0 0 0 0 0 0 0 0 0 0 0 0 0 0 0 0 0 0 0 0 0 0
 0 0 0 0 0 0 0 0 0 0 0 0 0 0 0 0 0 0 0 0 0 0 0 0 0 0
 0 0 0 0 0 0 0 0 0 0 0 0 0 0 0 0 0 0 0 0 0 0 0 0 0 0
ppred_pel_tallas
 1.11235e-16 4.46128e-05 0.000433652 0.00288177 0.0131001 0.0407594 0.0868427 0.126752 0.126764 0.0869031 0.0409635 0.0136954 0.00439816 0.00381746 0.00668609 0.0115423 0.0179224 0.0252372 0.0328145 0.0401837 0.0470664 0.0530094 0.0570702 0.058012 0.0549774 0.048122
 1.18289e-16 4.10134e-05 0.000398665 0.00264927 0.0120432 0.0374711 0.0798371 0.11653 0.116558 0.0799719 0.037924 0.0133527 0.00594085 0.00760029 0.0137681 0.0228355 0.0332405 0.0425951 0.0485574 0.0502167 0.048689 0.0463199 0.0450954 0.04549 0.0464723 0.0464017
 1.13481e-16 5.34497e-05 0.000519551 0.0034526 0.015695 0.0488331 0.104045 0.15186 0.151878 0.104132 0.0491277 0.0165474 0.00559823 0.00522397 0.00904891 0.015037 0.0220427 0.0285497 0.033059 0.0349268 0.0347276 0.0337685 0.033149 0.0331226 0.0331542 0.0324476
 1.05285e-16 6.49036e-05 0.000630886 0.00419246 0.0190583 0.0592976 0.12634 0.1844 0.184414 0.126408 0.0595245 0.0197142 0.00584063 0.0042346 0.00692624 0.0113941 0.0165194 0.0210181 0.023635 0.0238164 0.0220357 0.0194457 0.0171368 0.0155846 0.0146156 0.0137521
 1.03472e-16 5.89619e-05 0.000573131 0.00380866 0.0173136 0.0538692 0.114775 0.167522 0.167544 0.114883 0.0542319 0.0183612 0.00643878 0.00631637 0.0109713 0.0180577 0.026039 0.0328139 0.0362822 0.0354806 0.0311502 0.0252181 0.0196245 0.0154112 0.0125989 0.0106572
 1.02485e-16 6.6055e-05 0.000642078 0.00426684 0.0193964 0.0603496 0.128582 0.187672 0.187686 0.12865 0.0605806 0.0200641 0.00594436 0.00430969 0.00704782 0.0115895 0.0167879 0.0213181 0.0238698 0.0238294 0.0216199 0.0183676 0.0151794 0.0126094 0.0106282 0.00894393
 1.04212e-16 4.54904e-05 0.000442183 0.00293846 0.0133578 0.0415614 0.0885523 0.129252 0.129287 0.0887251 0.0421418 0.0150345 0.00714772 0.00963335 0.0175081 0.0288906 0.0416565 0.0524749 0.0579758 0.0566011 0.0495174 0.0397923 0.0305263 0.0234033 0.0185002 0.0150338
 1.08855e-16 4.36438e-05 0.000424234 0.00281918 0.0128156 0.0398743 0.0849573 0.124003 0.12403 0.0850873 0.0403113 0.0140803 0.0060033 0.00740673 0.0133972 0.0223211 0.0327147 0.0423196 0.0488266 0.0511232 0.0498414 0.0466943 0.0431898 0.0398107 0.0361687 0.0317366
 1.10713e-16 5.12438e-05 0.000498108 0.0033101 0.0150473 0.0468177 0.0997508 0.145593 0.145614 0.0998503 0.0471521 0.0160148 0.00574528 0.00583547 0.0102514 0.0170354 0.0249378 0.0322228 0.0371613 0.0389897 0.0383264 0.0366232 0.0351064 0.0340705 0.0329679 0.0310268
 1.05423e-16 6.48791e-05 0.000630648 0.00419088 0.0190511 0.0592752 0.126293 0.184331 0.184344 0.126358 0.0594948 0.0196858 0.00578615 0.00412026 0.0067136 0.0110532 0.0160531 0.020483 0.0231413 0.0234957 0.0219919 0.0197135 0.0176712 0.0162823 0.0153531 0.0144232
 1.01623e-16 7.16567e-05 0.000696528 0.00462868 0.0210413 0.0654673 0.139485 0.203585 0.203595 0.139535 0.0656335 0.0215213 0.0058338 0.00332795 0.00507109 0.00827526 0.0119264 0.0150254 0.0166069 0.0162305 0.0142382 0.0115168 0.00895865 0.00704243 0.00577548 0.00490965
 1.01148e-16 6.6071e-05 0.000642234 0.00426787 0.0194011 0.0603642 0.128613 0.187718 0.187735 0.128695 0.0606396 0.0201966 0.00626418 0.0049986 0.00833487 0.0136621 0.0196446 0.0246401 0.0270204 0.0260326 0.0222435 0.0171564 0.0123194 0.00861698 0.00615167 0.00457655
 1.01756e-16 6.21339e-05 0.000603963 0.00401355 0.018245 0.0567671 0.120949 0.176533 0.176552 0.121044 0.0570863 0.0191672 0.00632901 0.00566088 0.00967265 0.0159091 0.0229494 0.0289355 0.0320096 0.0313016 0.0274271 0.0220396 0.0168171 0.012683 0.00971098 0.0075307
 1.02606e-16 6.03061e-05 0.000586197 0.00389549 0.0177083 0.0550973 0.117391 0.17134 0.17136 0.11749 0.0554273 0.018662 0.00629073 0.00581995 0.0100145 0.016498 0.023847 0.0301684 0.0335662 0.0331535 0.0295538 0.0244306 0.0194456 0.0154722 0.0125243 0.0101966
 1.02097e-16 6.7352e-05 0.000654685 0.00435062 0.0197773 0.0615345 0.131106 0.191356 0.19137 0.131172 0.0617541 0.0204119 0.00594485 0.00413875 0.00669546 0.0109918 0.0158962 0.0201335 0.0224477 0.0222542 0.0199693 0.0166937 0.0135182 0.0110028 0.00913412 0.00762502
 1.00361e-16 7.87848e-05 0.000765816 0.00508912 0.0231344 0.0719797 0.15336 0.223835 0.223838 0.153378 0.0720372 0.0233006 0.00550644 0.00167692 0.00180938 0.00286717 0.00412396 0.00518858 0.00572076 0.0055648 0.00483687 0.00384363 0.00289683 0.00216859 0.00167088 0.00132824
 1.01061e-16 3.6753e-05 0.000357253 0.00237407 0.0107922 0.0335789 0.0715452 0.104433 0.104484 0.0717954 0.0344186 0.0132164 0.00845446 0.0136154 0.0251712 0.0414359 0.0594069 0.0741163 0.0805258 0.0763116 0.0632791 0.0462134 0.0301229 0.0179898 0.0103054 0.0060197
 1.01169e-16 7.67128e-05 0.000745675 0.00495528 0.022526 0.0700866 0.149327 0.217948 0.217951 0.149343 0.0701389 0.0226775 0.0053378 0.00158809 0.00169811 0.00274175 0.0040715 0.00538772 0.00643068 0.00706358 0.00731911 0.00731933 0.00714393 0.00677123 0.00613361 0.00521804
 1.01534e-16 5.37125e-05 0.000522105 0.00346957 0.0157722 0.0490733 0.104557 0.152611 0.152642 0.10471 0.0495884 0.0172592 0.00719936 0.00865537 0.0154742 0.0254292 0.0364686 0.0455311 0.0495405 0.0470905 0.0393054 0.0291246 0.0196023 0.0125219 0.00811861 0.00567976
 1.03679e-16 5.62017e-05 0.000546301 0.00363036 0.0165031 0.0513474 0.109402 0.159679 0.1597 0.109504 0.0516897 0.0174932 0.00612048 0.005998 0.0104559 0.0173156 0.0252132 0.0322736 0.0365966 0.0372597 0.0347939 0.0306913 0.0263844 0.022539 0.0190864 0.0157202
 1.03321e-16 6.49517e-05 0.000631354 0.00419557 0.0190725 0.0593416 0.126434 0.184537 0.184552 0.126505 0.0595787 0.0197577 0.00591753 0.00439664 0.00723437 0.0119058 0.0172599 0.0219499 0.0246476 0.024743 0.0226871 0.0196391 0.016714 0.0144304 0.0126877 0.0111171
 1.02158e-16 6.62349e-05 0.000643826 0.00427845 0.0194492 0.0605139 0.128932 0.188183 0.188198 0.129006 0.0607639 0.0201714 0.00609156 0.00460325 0.00759005 0.0124541 0.0179602 0.0226411 0.0250477 0.0245132 0.0215417 0.0174513 0.0135688 0.0106064 0.00858163 0.00714307
 1.05328e-16 3.06751e-05 0.000298173 0.00198147 0.00900748 0.0280259 0.059714 0.0871647 0.0872144 0.0599568 0.0288412 0.0113628 0.00789483 0.0132114 0.0245678 0.0405993 0.0585564 0.0737892 0.0815616 0.0796686 0.0697191 0.0559864 0.0428006 0.0325328 0.0253349 0.0201797
 1.05587e-16 6.50176e-05 0.000631995 0.00419983 0.0190918 0.0594017 0.126562 0.184723 0.184731 0.126602 0.0595368 0.0194839 0.00519135 0.00282053 0.00429201 0.00717708 0.0107634 0.0144367 0.017593 0.0199222 0.0215072 0.0225941 0.0232498 0.0232354 0.0221991 0.0199894
 1.04919e-16 5.61877e-05 0.000546165 0.00362946 0.016499 0.0513347 0.109375 0.159641 0.159666 0.109496 0.0517399 0.0176693 0.00656676 0.00695746 0.0122304 0.0201268 0.0289843 0.036453 0.0401918 0.0391577 0.0342457 0.0276937 0.0217341 0.0175309 0.0150201 0.0134558
 1.07647e-16 4.06966e-05 0.000395585 0.0026288 0.0119502 0.0371816 0.0792207 0.115632 0.115667 0.0793888 0.0377465 0.0135832 0.00673324 0.00937362 0.0171444 0.0284166 0.0412528 0.0525481 0.0591412 0.0595451 0.0547661 0.0474823 0.0402922 0.0344441 0.0297979 0.0256277
 1.05812e-16 6.3913e-05 0.000621257 0.00412847 0.0187674 0.0583925 0.124412 0.181585 0.181596 0.124467 0.0585785 0.0193057 0.00548462 0.0035983 0.00576671 0.00956094 0.0140695 0.0183327 0.0214094 0.0228635 0.0229748 0.0224368 0.021802 0.0211431 0.0201509 0.0184881
 1.03953e-16 6.09114e-05 0.00059208 0.00393458 0.017886 0.0556502 0.118569 0.17306 0.17308 0.118667 0.0559772 0.0188305 0.00630545 0.00576864 0.00989517 0.0162712 0.0234568 0.0295539 0.032678 0.0319804 0.0281585 0.0229786 0.0182023 0.0147475 0.0125741 0.0111221
 1.07587e-16 3.16496e-05 0.000307645 0.00204441 0.00929363 0.0289162 0.0616106 0.089932 0.089977 0.0618308 0.0296557 0.0114307 0.00741273 0.0120401 0.022353 0.0370065 0.0535454 0.0678341 0.0756563 0.0750423 0.067389 0.0563985 0.0457451 0.0373235 0.031102 0.0261213
 1.15001e-16 4.0172e-05 0.000390486 0.00259492 0.0117961 0.0367022 0.0781987 0.114138 0.114158 0.0782989 0.0370394 0.0127743 0.00506657 0.00583989 0.0105478 0.017789 0.0265951 0.0354907 0.0429557 0.0482473 0.0516766 0.0540254 0.0556357 0.0560121 0.0542372 0.0497498
pSPR Fmed_Fpbrs
0.561048   0.6 0.325
Fs Fmed_Fpbrs
0.34   0.296591 0.732777
SSBpbr Bo_Bmed_Bpbrs
1.42076e+06  726076  781417 390708
Ro
135475
SPR SPRFo_SPRFmed_SPRFpbrs
964376 541061 313422
Fref
0.296591
Nvult_r0
 41189.5 17646.9 19244.6 4797.91 1218.55
CTP_r0
 7150.97 3970.31 4398.26 1097.45 278.738
YTP_r0
276736
Np
 188719 56270.7 4784.45 1816.43 2500.71
Nvult_p0
 132448 40785.7 3475.64 1319.7 1816.86
CTP_p0
 22994.6 2835.19 1102.43 1193.33 377.977
 22994.6 9176.22 794.342 301.863 415.6
YTP_p0
 300088 376728
CBA_c0
283741
log_Ro
11.6365
likeval ReclasPelacesDesembMPH_pf_preclas_ppelaces_ptallas_desvR_qrecl_qpela
 12.2028 16.871 0.0298095 0.000801936 209.187 115.547 95.8334 0 23.5332 3.51511e-06 1.71651e-05 0.14721 9.66567e-16 0 0
q_reclas_q_pelaces
1.30362 1.79664
M
1
N
 167651 36044 90505.4 6115.33 0.219674
 94325.4 53277.5 10831.7 27085.6 1829.79
 94512.5 26467.3 13480.7 2719.78 7257.46
 142686 26639.1 6738.65 3406.42 2520.07
 115887 35027.5 5603.63 1401.34 1231.67
 209851 37256.1 10696 1704.6 800.781
 83883.4 60377.2 9758.91 2782.27 651.459
 36213.4 17450.2 10103.3 1606.85 564.884
 35095.9 12090.9 5614.43 3241.73 696.715
 46694.5 8793.03 2616.03 1201.61 842.415
 88500.4 10031.1 1538.21 450.713 351.868
 126834 28955.6 3138.28 479.644 250.214
 104421 29095.8 5546.44 593.146 137.845
 74588.1 24556.7 5767.87 1085.66 142.985
 68936.1 12608.7 3084.79 708.765 150.797
 367541 14521.5 2146.75 516.982 143.931
 74038.7 87432.7 2924.74 427.061 131.39
 597769 20483.9 21695.9 719.92 137.401
 329999 168403 5211.72 5478.5 216.396
 260888 83241.8 36779.6 1126.15 1229.84
 359858 67382.6 18783.8 8216.66 526.041
 504495 100142 16855.8 4661.76 2168.84
 97880.9 130851 22729.1 3788.04 1534.22
 288273 29229.6 36084.1 6230.96 1458.57
 244589 88147.2 8328.5 10227.9 2178.94
 109615 74817.7 25129.1 2361.92 3517.5
 241949 34764.1 22421.3 7499.08 1754.14
 278435 73943.6 9898.26 6350.48 2620.08
 76334.2 87709.6 21953 2925.79 2650.94
 58688.9 24346.9 26491.4 6603.84 1677.2
pred_Ctot
 14603.6 4241.54 10850.7 733.894 0.0263642
 14461.9 10838 2241.93 5611.29 379.095
 14275.7 5307.63 2750.71 555.477 1482.31
 31006.8 7542.26 1938.68 980.844 725.662
 9340.19 3820.52 622.773 155.897 137.029
 29490.5 6971.3 2036.9 324.92 152.648
 24121.2 22152.6 3632.94 1036.55 242.714
 2132.56 1398.65 825.473 131.419 46.2025
 7299.61 3285.33 1550.47 895.999 192.578
 12824.1 3093.37 934.031 429.362 301.026
 6248.69 961.012 150.186 44.0506 34.3918
 31352.4 9244.16 1017.43 155.628 81.1894
 24688.3 8912.79 1725.74 184.706 42.9268
 27112.4 11121.5 2646.03 498.387 65.6418
 19478.5 4552.68 1130.25 259.89 55.2966
 85042.2 4359.77 654.72 157.802 43.935
 11876.1 18571.2 631.992 92.3657 28.4186
 90440.5 4114.29 4434.02 147.267 28.1082
 67602.2 45109.7 1418.94 1492.86 58.9694
 50560.4 21161.5 9505.5 291.301 318.139
 56672.8 14063.5 3988.53 1746.32 111.807
 96767.7 25210.8 4314.2 1194.21 555.621
 11847.6 21201.9 3749.58 625.502 253.352
 31229 4253.45 5347.44 924.283 216.371
 26446.9 12803.7 1231.99 1514.42 322.647
 9671.58 8915.41 3050.69 287.021 427.471
 26279.8 5071.77 3331.18 1115.23 260.881
 25617.4 9178.72 1251.67 803.835 331.663
 6492.84 10084.1 2571.55 343.064 310.853
 7352.88 4078.58 4517.9 1127.3 286.319
F
 0.146372 0.20226 0.206408 0.206631 0.206643
 0.270842 0.374255 0.38193 0.382343 0.382364
 0.26635 0.368049 0.375597 0.376003 0.376024
 0.404514 0.558966 0.570429 0.571046 0.571078
 0.134798 0.186266 0.190086 0.190292 0.190303
 0.245788 0.339635 0.3466 0.346975 0.346994
 0.57008 0.787749 0.803904 0.804773 0.804818
 0.096979 0.134008 0.136756 0.136904 0.136912
 0.384125 0.530792 0.541677 0.542262 0.542293
 0.53794 0.743338 0.758582 0.759402 0.759445
 0.117245 0.162011 0.165334 0.165512 0.165522
 0.47228 0.652607 0.66599 0.66671 0.666748
 0.447447 0.618292 0.630972 0.631653 0.631689
 0.777596 1.0745 1.09653 1.09772 1.09778
 0.557548 0.770432 0.786232 0.787081 0.787126
 0.435966 0.602427 0.614782 0.615446 0.615481
 0.284946 0.393745 0.40182 0.402254 0.402277
 0.266845 0.368732 0.376294 0.3767 0.376722
 0.377339 0.521416 0.532109 0.532684 0.532714
 0.353705 0.488757 0.498781 0.49932 0.499348
 0.279117 0.385691 0.3936 0.394026 0.394048
 0.349498 0.482944 0.492848 0.493381 0.493409
 0.20857 0.288207 0.294117 0.294435 0.294452
 0.1849 0.255499 0.260738 0.26102 0.261035
 0.184525 0.254981 0.26021 0.260491 0.260506
 0.148385 0.205042 0.209247 0.209473 0.209485
 0.185427 0.256226 0.261481 0.261764 0.261779
 0.155155 0.214397 0.218794 0.21903 0.219043
 0.142717 0.19721 0.201254 0.201471 0.201483
 0.21658 0.299275 0.305413 0.305743 0.30576
YTP_r0W_actual
 52202.1 63127.9 116554 34789.3 10062.5
YTP_p0W_proyectada
 173379 49474.2 26535.5 37375.2 13323.7
 173379 160125 19119.8 9454.34 14649.9
CTP_r0_actual
 7150.97 3970.31 4398.26 1097.45 278.738
CTP_p0_proyectada
 22994.6 2835.19 1102.43 1193.33 377.977
 22994.6 9176.22 794.342 301.863 415.6
Wmedp
 7.54 17.45 24.07 31.32 35.25
Frms_r0
 0.210085 0.2903 0.296253 0.296573 0.29659
Zrms_r0
 1.21008 1.2903 1.29625 1.29657 1.29659
nmprior
 7.29 8.9 8.7 0
nm_flota  nm_reclas  nm_pelaces    nm_pelaL
inf 13.2832 16.5673 29.0471
cv_recla  cv_pelaces  cv_mph
0.323413 0.48332 0.800967
 ------------------------------------------------
Talla a la edad & desviaci?n 
 8 13.2811 15.8009 17.003 17.5766
 0.8 1.32811 1.58009 1.7003 1.75766
