    unsorted:	 2.334246195e-06 2.224378204e-06 5.761897805e-05 4.966480168e-05 8.438937977e-05 0.001699883311 9.216426477 9.246620719 12.19778971 62.28261878 171.3472392 204.7806713 132.5839947 259.5166249 458.0595421 504.8879057 635.9718165 780.3801853 793.0256587 854.8750788 891.2436756 945.2794087 994.3217010 1078.567577 1193.892243 1317.624421 1435.232790 1532.506292 1632.265252 1797.943085 1881.866415 2119.041171 2370.874565 2349.769621 2301.156890 2423.274084 2579.315663 2800.708388 2898.149581 3015.376204 3245.177087 3320.456897 3826.612625 4169.415490 4307.905125 9672.298672 40835.35593 375451.2625 375207.8314 391544.4811 387935.1832 361917.3567 354278.1942 407151.0756 414127.4698 434141.0287 435222.2856 315857.6475 153396.9951 513945.7483 591915.1141 597446.6198 636586.5518 677763.0249 687586.2360 948399.0594 1018285.645 1111547.169 1158625.227 1486429.602 1633492.583 1785325.529 2169266.339 2371870.269 2428449.540 2467118.332 2742378.425 2945394.058 3323620.151 44728281.08
      sorted:	 2.224378204e-06 2.334246195e-06 4.966480168e-05 5.761897805e-05 8.438937977e-05 0.001699883311 9.216426477 9.246620719 12.19778971 62.28261878 132.5839947 171.3472392 204.7806713 259.5166249 458.0595421 504.8879057 635.9718165 780.3801853 793.0256587 854.8750788 891.2436756 945.2794087 994.3217010 1078.567577 1193.892243 1317.624421 1435.232790 1532.506292 1632.265252 1797.943085 1881.866415 2119.041171 2301.156890 2349.769621 2370.874565 2423.274084 2579.315663 2800.708388 2898.149581 3015.376204 3245.177087 3320.456897 3826.612625 4169.415490 4307.905125 9672.298672 40835.35593 153396.9951 315857.6475 354278.1942 361917.3567 375207.8314 375451.2625 387935.1832 391544.4811 407151.0756 414127.4698 434141.0287 435222.2856 513945.7483 591915.1141 597446.6198 636586.5518 677763.0249 687586.2360 948399.0594 1018285.645 1111547.169 1158625.227 1486429.602 1633492.583 1785325.529 2169266.339 2371870.269 2428449.540 2467118.332 2742378.425 2945394.058 3323620.151 44728281.08
