years
 1991 1992 1993 1994 1995 1996 1997 1998 1999 2000 2001 2002 2003 2004 2005 2006 2007 2008 2009 2010 2011 2012 2013 2014 2015 2016 2017 2018 2019
reclasobs
 0 0 0 0 0 0 0 0 0 252601 567819 844713 477998 351125 339783 2.1784e+06 2.13404e+06 4.81314e+06 1.55562e+06 2.62356e+06 3.21686e+06 3.843e+06 1.13348e+06 3.07943e+06 1.97215e+06 2.03268e+06 2.025e+06 2.42433e+06 2.27542e+06
reclaspred
 3.17013e+06 1.71346e+06 867983 921657 955825 1.71262e+06 927294 800569 557398 359257 515450 712443 691306 505221 503508 1.35117e+06 1.22798e+06 3.12018e+06 2.54105e+06 1.75704e+06 3.06555e+06 2.52075e+06 1.85627e+06 3.11237e+06 2.22226e+06 1.96011e+06 2.44314e+06 2.45959e+06 1.94558e+06
pelacesobs
 0 0 0 0 0 0 0 0 0 0 0 0 0 0 0 552880 188675 0 991730 2.46772e+06 1.41603e+06 1.21717e+06 2.29649e+06 1.80582e+06 0 1.4828e+06 1.56532e+06 1.57751e+06 1.42118e+06
pelacespred
 2.19689e+06 1.28303e+06 617690 438978 552605 885435 526646 547821 349550 192334 267729 327084 353979 241688 236325 504945 666933 1.47446e+06 1.49284e+06 979722 1.51217e+06 1.38668e+06 1.2188e+06 1.76621e+06 1.536e+06 1.32362e+06 1.56877e+06 1.51127e+06 1.36094e+06
mphobs
 0 0 0 0 0 0 0 0 0 0 0 0 498337 0 5186 125008 0 168611 109162 213762 579715 649985 157893 87575 83554 210694 70296 0 107559
mphpred
 1.67143e+06 1.12084e+06 528911 296155 333804 418031 582843 297917 273368 163838 95354.1 215709 242020 186559 111936 146891 508704 471908 1.02228e+06 734269 710164 845357 781210 632956 1.04744e+06 771484 674415 783156 997768
desembarqueobs
 494567 514787 250237 358949 120608 361735 552515 73892 212993 205616 52469 317467 293654 387597 252695 516296 358380 742168 942051 627588 828172 859565 418607 520667 417249 300574 415391 372974 316634
desembarquepred
 494569 514016 250600 358982 120613 361740 552532 73897.7 213059 205677 52471.9 317524 293680 387547 252658 516213 358438 741986 941714 627325 828288 859582 418619 520698 417244 300576 415384 372946 316633
Reclutas
 162196 90232.7 90138.4 134999 109962 201925 78936.4 33299.9 32172.3 42609.4 79966.6 120389 99763.5 71811.4 64729.6 325097 76994.7 517899 327716 230196 330015 456917 85775.7 265734 205865 99546.8 220716 218958 83058.5
log_desv_Rt
 0.225966 -0.360448 -0.361494 0.0424268 -0.162706 0.445057 -0.494197 -1.35728 -1.39173 -1.11077 -0.481231 -0.0721098 -0.260038 -0.588796 -0.692622 0.921283 -0.519103 1.38694 0.929307 0.576091 0.936297 1.26166 -0.411105 0.719656 0.464383 -0.262212 0.534035 0.526038 -0.443295
SSB
 1.67143e+06 1.12084e+06 528911 296155 333804 418031 582843 297917 273368 163838 95354.1 215709 229834 182379 107729 141871 508704 471908 1.0559e+06 758126 753304 944746 907043 702927 1.08941e+06 852835 701441 783156 1.03597e+06
BT
 2.4299e+06 1.67676e+06 811294 805103 680365 1.4098e+06 993666 668135 586460 414591 395362 659132 691818 714495 580045 1.16266e+06 959349 2.71887e+06 2.58045e+06 1.60064e+06 2.57079e+06 2.36032e+06 1.56458e+06 2.78022e+06 1.9198e+06 1.63946e+06 2.3879e+06 2.12097e+06 1.51501e+06
Ftot
 0.248521 0.460522 0.45365 0.672446 0.218998 0.385357 0.903518 0.157683 0.636363 0.935229 0.199778 0.776626 0.734412 1.28647 0.931357 0.753395 0.481612 0.459071 0.631039 0.607387 0.480993 0.59815 0.36376 0.313225 0.315333 0.256395 0.312975 0.28047 0.256848
BD_Bspro_t
 0.961198 0.743294 0.518114 0.417788 0.419277 0.524448 0.530789 0.330159 0.388239 0.318287 0.267156 0.537195 0.414499 0.317252 0.208358 0.258606 0.437453 0.404967 0.535461 0.422778 0.376444 0.427442 0.445042 0.421388 0.561358 0.561257 0.570738 0.623368 0.668824
BD_Bspro
 1.8176 1.21886 0.575164 0.322054 0.362995 0.454587 0.633812 0.32397 0.297274 0.178165 0.103693 0.234573 0.249933 0.198328 0.11715 0.154278 0.55319 0.513176 1.14824 0.824424 0.819181 1.02736 0.986364 0.764398 1.18468 0.927415 0.762782 0.851643 1.12657
BD_Bo
 1.45624 0.976531 0.460814 0.258025 0.290827 0.364209 0.507802 0.25956 0.238172 0.142744 0.0830773 0.187937 0.200243 0.158898 0.0938589 0.123606 0.443208 0.41115 0.919955 0.660517 0.656316 0.82311 0.790261 0.612425 0.949149 0.743032 0.61113 0.682325 0.90259
BD_Brms
 7.60949 5.10282 2.40796 1.3483 1.5197 1.90316 2.65349 1.35632 1.24456 0.7459 0.434116 0.982054 1.04636 0.830314 0.490455 0.645895 2.31596 2.14844 4.80718 3.4515 3.42955 4.30112 4.12947 3.2002 4.95973 3.88268 3.19343 3.56546 4.71644
Sel_flota
 0.676791 0.975481 0.998679 0.99993 0.999996
 0.676791 0.975481 0.998679 0.99993 0.999996
 0.676791 0.975481 0.998679 0.99993 0.999996
 0.676791 0.975481 0.998679 0.99993 0.999996
 0.676791 0.975481 0.998679 0.99993 0.999996
 0.676791 0.975481 0.998679 0.99993 0.999996
 0.676791 0.975481 0.998679 0.99993 0.999996
 0.676791 0.975481 0.998679 0.99993 0.999996
 0.676791 0.975481 0.998679 0.99993 0.999996
 0.676791 0.975481 0.998679 0.99993 0.999996
 0.676791 0.975481 0.998679 0.99993 0.999996
 0.676791 0.975481 0.998679 0.99993 0.999996
 0.676791 0.975481 0.998679 0.99993 0.999996
 0.676791 0.975481 0.998679 0.99993 0.999996
 0.676791 0.975481 0.998679 0.99993 0.999996
 0.676791 0.975481 0.998679 0.99993 0.999996
 0.676791 0.975481 0.998679 0.99993 0.999996
 0.676791 0.975481 0.998679 0.99993 0.999996
 0.676791 0.975481 0.998679 0.99993 0.999996
 0.676791 0.975481 0.998679 0.99993 0.999996
 0.676791 0.975481 0.998679 0.99993 0.999996
 0.676791 0.975481 0.998679 0.99993 0.999996
 0.676791 0.975481 0.998679 0.99993 0.999996
 0.676791 0.975481 0.998679 0.99993 0.999996
 0.676791 0.975481 0.998679 0.99993 0.999996
 0.676791 0.975481 0.998679 0.99993 0.999996
 0.676791 0.975481 0.998679 0.99993 0.999996
 0.676791 0.975481 0.998679 0.99993 0.999996
 0.676791 0.975481 0.998679 0.99993 0.999996
Sel_reclas
 1 1 1 1 1
 1 1 1 1 1
 1 1 1 1 1
 1 1 1 1 1
 1 1 1 1 1
 1 1 1 1 1
 1 1 1 1 1
 1 1 1 1 1
 1 1 1 1 1
 1 1 1 1 1
 1 1 1 1 1
 1 1 1 1 1
 1 1 1 1 1
 1 1 1 1 1
 1 1 1 1 1
 1 1 1 1 1
 1 1 1 1 1
 1 1 1 1 1
 1 1 1 1 1
 1 1 1 1 1
 1 1 1 1 1
 1 1 1 1 1
 1 1 1 1 1
 1 1 1 1 1
 1 1 1 1 1
 1 1 1 1 1
 1 1 1 1 1
 1 1 1 1 1
 1 1 1 1 1
Sel_pelaces
 0.5 1 1 1 1
 0.5 1 1 1 1
 0.5 1 1 1 1
 0.5 1 1 1 1
 0.5 1 1 1 1
 0.5 1 1 1 1
 0.5 1 1 1 1
 0.5 1 1 1 1
 0.5 1 1 1 1
 0.5 1 1 1 1
 0.5 1 1 1 1
 0.5 1 1 1 1
 0.5 1 1 1 1
 0.5 1 1 1 1
 0.5 1 1 1 1
 0.5 1 1 1 1
 0.5 1 1 1 1
 0.5 1 1 1 1
 0.5 1 1 1 1
 0.5 1 1 1 1
 0.5 1 1 1 1
 0.5 1 1 1 1
 0.5 1 1 1 1
 0.5 1 1 1 1
 0.5 1 1 1 1
 0.5 1 1 1 1
 0.5 1 1 1 1
 0.5 1 1 1 1
 0.5 1 1 1 1
pf_obs 
 0.8446 0.082 0.0669 0.0065 0
 0.8095 0.147 0.0364 0.0071 0
 0.9664 0.0169 0.016 0.0007 0
 0.9276 0.0648 0.0075 0.0001 0
 0.7033 0.2144 0.0806 0.0017 0
 0.9318 0.0425 0.0243 0.0014 0
 0.5671 0.3108 0.0964 0.0239 0.0018
 0.0768 0.2599 0.5324 0.112 0.0189
 0.490249 0.384438 0.106611 0.0170017 0.00170017
 0.7925 0.1577 0.0466 0.003 0.0002
 0.840416 0.127587 0.0312969 0.00059994 9.999e-05
 0.8084 0.0986 0.0794 0.0134 0.0002
 0.7335 0.1905 0.0724 0.0035 0.0001
 0.4001 0.4547 0.1325 0.0127 0
 0.49795 0.308269 0.164784 0.0264974 0.00249975
 0.9179 0.0499 0.0305 0.0017 0
 0.2467 0.6533 0.0926 0.0074 0
 0.9418 0.0223 0.034 0.0019 0
 0.707729 0.231977 0.0356964 0.0245975 0
 0.517169 0.277429 0.184464 0.0207286 0.00020938
 0.811772 0.124168 0.05621 0.00726502 0.000585176
 0.764997 0.148141 0.077277 0.00933861 0.000247198
 0.163321 0.427699 0.378323 0.0303852 0.000271297
 0.753843 0.0900009 0.118128 0.0371064 0.000921714
 0.721811 0.176058 0.0630433 0.0369309 0.00215725
 0.143369 0.312575 0.442814 0.0836902 0.0175525
 0.692698 0.0596174 0.167031 0.0765114 0.00414204
 0.394062 0.376323 0.152708 0.0712218 0.00568511
 0.125707 0.32114 0.495352 0.0537591 0.00404204
pf_pred 
 0.505891 0.144969 0.32603 0.0231089 9.33687e-07
 0.442635 0.338017 0.0655455 0.143635 0.0101671
 0.599836 0.221163 0.109841 0.0206893 0.0484718
 0.743543 0.179587 0.0430474 0.0207674 0.0130551
 0.672002 0.270276 0.0408174 0.00947371 0.00743044
 0.759493 0.180726 0.0494829 0.00728496 0.0030128
 0.466442 0.442137 0.0691781 0.0184159 0.00382664
 0.47104 0.315104 0.178305 0.0269135 0.0086366
 0.552554 0.253684 0.116586 0.0643607 0.012815
 0.73904 0.173962 0.0500203 0.0222648 0.0147131
 0.849813 0.124453 0.0173669 0.00481473 0.00355223
 0.759724 0.214562 0.0214014 0.00291167 0.00140083
 0.706377 0.246295 0.0424169 0.00408896 0.000822418
 0.669789 0.263456 0.0562966 0.00937482 0.00108352
 0.779791 0.17376 0.0373784 0.00765262 0.00141837
 0.943152 0.0487744 0.0064196 0.00133125 0.00032243
 0.431303 0.548499 0.017412 0.00221593 0.000569783
 0.90911 0.0490461 0.0403999 0.00124535 0.000198925
 0.621659 0.355554 0.0124615 0.00997015 0.000355869
 0.611541 0.281144 0.101046 0.00343081 0.00283806
 0.755154 0.17514 0.0508839 0.0177243 0.00109772
 0.762094 0.196934 0.029555 0.00833765 0.00307923
 0.316421 0.571186 0.0935379 0.0136075 0.0052476
 0.761742 0.0982006 0.11756 0.0187285 0.00376959
 0.608544 0.324561 0.0280107 0.0326456 0.00623857
 0.448988 0.385679 0.137722 0.0115714 0.0160402
 0.738938 0.14314 0.0831847 0.0289426 0.00579433
 0.659645 0.275876 0.0357882 0.0202483 0.00844321
 0.39858 0.446839 0.125931 0.0159123 0.0127387
pobs_RECLAS
 0 0 0 0 0
 0 0 0 0 0
 0 0 0 0 0
 0 0 0 0 0
 0 0 0 0 0
 0 0 0 0 0
 0 0 0 0 0
 0 0 0 0 0
 0 0 0 0 0
 0 0 0 0 0
 0.991045 0.00858322 0.000360255 1.14367e-05 0
 0.934742 0.0480273 0.0164251 0.00080598 0
 0.827803 0.169806 0.00239088 0 0
 0.941827 0.0461693 0.0120037 0 0
 0.791401 0.0380133 0.147996 0.0225897 0
 0.846168 0.0940531 0.0597789 0 0
 0.134021 0.677848 0.182769 0.00536245 0
 0.80878 0.0450904 0.141981 0.00414843 0
 0.846168 0.0940531 0.0597789 0 0
 0.905697 0.0802665 0.012482 0.00150086 5.37128e-05
 0.989698 0.0102097 9.19794e-05 0 0
 0.975433 0.0193895 0.00387452 0.00125025 5.28907e-05
 0.303575 0.632131 0.0575291 0.00676475 0
 0.966965 0.00978017 0.0227588 0.000495775 0
 0.843318 0.132988 0.00938335 0.0141283 0.000182051
 0.564624 0.303363 0.111486 0.0197234 0.00080311
 0.826376 0.0876187 0.0782897 0.00655872 0.00115652
 0.89761 0.0855135 0.0140674 0.00269457 0.000114338
 0.34875 0.467042 0.161289 0.0227151 0.000203297
ppred_RECLAS
 0.601911 0.118802 0.260823 0.0184634 7.45938e-07
 0.54003 0.281763 0.0533013 0.116649 0.00825638
 0.689252 0.173682 0.0841522 0.0158298 0.0370842
 0.811968 0.1327 0.0310052 0.0149375 0.00938958
 0.749015 0.207697 0.0306226 0.00709842 0.00556707
 0.82257 0.134143 0.0358394 0.00526945 0.00217911
 0.567857 0.35974 0.0548071 0.0145695 0.00302717
 0.565522 0.261333 0.144393 0.0217672 0.00698466
 0.64817 0.201713 0.0903745 0.0498232 0.00991967
 0.810743 0.12731 0.0356388 0.0158407 0.0104671
 0.891727 0.0900924 0.0122745 0.00339858 0.00250725
 0.8249 0.156796 0.0152378 0.00207023 0.000995933
 0.781724 0.183853 0.0308556 0.00297035 0.000597388
 0.757745 0.194403 0.0403651 0.0067115 0.00077564
 0.842199 0.125221 0.0262255 0.00536159 0.000993663
 0.961107 0.0334928 0.00429547 0.000889534 0.000215429
 0.526512 0.457073 0.0141538 0.0017989 0.00046252
 0.936731 0.0345304 0.0277479 0.000854216 0.000136438
 0.708215 0.274635 0.00938404 0.00749779 0.000267603
 0.70019 0.218498 0.0765684 0.00259621 0.0021475
 0.819827 0.129798 0.0367859 0.0127966 0.000792476
 0.82572 0.144898 0.021203 0.00597345 0.00220594
 0.403902 0.500091 0.0799189 0.0116111 0.00447741
 0.82516 0.0731015 0.0854138 0.0135897 0.0027351
 0.694373 0.254475 0.0214352 0.0249498 0.00476757
 0.543787 0.321644 0.11212 0.00940827 0.0130407
 0.806378 0.107344 0.0608861 0.0211568 0.00423532
 0.73891 0.212612 0.0269224 0.0152126 0.00634297
 0.491989 0.379787 0.104484 0.0131854 0.010555
pobs_PELACES
 0 0 0 0 0
 0 0 0 0 0
 0 0 0 0 0
 0 0 0 0 0
 0 0 0 0 0
 0 0 0 0 0
 0 0 0 0 0
 0 0 0 0 0
 0 0 0 0 0
 0 0 0 0 0
 0 0 0 0 0
 0 0 0 0 0
 0 0 0 0 0
 0 0 0 0 0
 0 0 0 0 0
 0 0 0 0 0
 0.505614 0.472636 0.0217494 0 0
 0 0 0 0 0
 0.443492 0.261883 0.143347 0.151278 0
 0.227955 0.32914 0.350689 0.0885471 0.00366901
 0.970185 0.0296113 0.000203453 0 0
 0.997202 0.00247181 0.000326279 0 0
 0.445219 0.490057 0.0546422 0.010081 0
 0.90214 0.0892962 0.00764917 0.000914606 0
 0 0 0 0 0
 0.581667 0.319106 0.0959925 0.00289975 0.000334073
 0.762889 0.0836404 0.116647 0.0363945 0.000428098
 0.88444 0.0763242 0.0277011 0.0115352 0
 0.521256 0.241999 0.230069 0.00667565 0
ppred_PELACES
 0.436869 0.168281 0.368749 0.0261006 1.05448e-06
 0.380866 0.379799 0.071594 0.156653 0.0110877
 0.537369 0.258976 0.125044 0.0235175 0.0550935
 0.697945 0.213499 0.0496279 0.0239028 0.0150248
 0.603985 0.327809 0.0482509 0.0111837 0.00877099
 0.706701 0.221903 0.0591121 0.00868985 0.00359353
 0.418288 0.484816 0.0733537 0.0194925 0.00404996
 0.398069 0.362229 0.1999 0.0301327 0.00966897
 0.495676 0.289755 0.12919 0.0712032 0.0141762
 0.701882 0.20102 0.0558714 0.0248241 0.0164028
 0.807728 0.160029 0.0217695 0.00602709 0.00444638
 0.717873 0.252794 0.0244214 0.00331687 0.00159563
 0.658333 0.288041 0.0480701 0.00462614 0.000930379
 0.640139 0.289343 0.0594894 0.00988605 0.00114249
 0.745512 0.202245 0.0420561 0.00859471 0.00159282
 0.930162 0.0601891 0.00767488 0.00158887 0.00038479
 0.368327 0.609852 0.0188153 0.00239088 0.000614721
 0.885816 0.0624179 0.0499816 0.00153839 0.000245714
 0.563671 0.410803 0.0139691 0.0111583 0.000398246
 0.553837 0.325569 0.11356 0.00384952 0.00318415
 0.704846 0.212853 0.0601028 0.0209036 0.00129452
 0.715487 0.236731 0.0344828 0.00971232 0.00358662
 0.25998 0.621114 0.0989833 0.0143787 0.00554461
 0.709063 0.121813 0.141989 0.0225882 0.00454612
 0.539665 0.383449 0.0322213 0.0374995 0.00716559
 0.379494 0.437731 0.152287 0.0127774 0.0177105
 0.682531 0.176195 0.0996998 0.0346393 0.00693431
 0.592719 0.331794 0.041924 0.0236865 0.00987617
 0.33195 0.499681 0.137199 0.017312 0.0138583
pobs_pel_tallas
 0 0 0 0 0 0 0 0 0 0 0 0 0 0 0 0 0 0 0 0 0 0 0 0 0 0
 0 0 0 0 0 0 0 0 0 0 0 0 0 0 0 0 0 0 0 0 0 0 0 0 0 0
 0 0 0 0 0 0 0 0 0 0 0 0 0 0 0 0 0 0 0 0 0 0 0 0 0 0
 0 0 0 0 0 0 0 0 0 0 0 0 0 0 0 0 0 0 0 0 0 0 0 0 0 0
 0 0 0 0 0 0 0 0 0 0 0 0 0 0 0 0 0 0 0 0 0 0 0 0 0 0
 0 0 0 0 0 0 0 0 0 0 0 0 0 0 0 0 0 0 0 0 0 0 0 0 0 0
 0 0 0 0 0 0 0 0 0 0 0 0 0 0 0 0 0 0 0 0 0 0 0 0 0 0
 0 0 0 0 0 0 0 0 0 0 0 0 0 0 0 0 0 0 0 0 0 0 0 0 0 0
 0 0 0 0 0 0 0 0 0 0 0 0 0 0 0 0 0 0 0 0 0 0 0 0 0 0
 0 0 0 0 0 0 0 0 0 0 0 0 0 0 0 0 0 0 0 0 0 0 0 0 0 0
 0 0 0 0 0 0 0 0 0 0 0 0 0 0 0 0 0 0 0 0 0 0 0 0 0 0
 0 0 0 0 0 0 0 0 0 0 0 0 0 0 0 0 0 0 0 0 0 0 0 0 0 0
 0.00862536 0 0 0.000197151 0.00414017 0.0128641 0.00837892 0.0270097 0.101434 0.158115 0.152841 0.127902 0.109271 0.109419 0.0830992 0.0579132 0.0238553 0.00714673 0.00463305 0.00128148 0.00103504 0.000492878 0.000147863 0.000147863 4.92878e-05 0
 0 0 0 0 0 0 0 0 0 0 0 0 0 0 0 0 0 0 0 0 0 0 0 0 0 0
 0 0 0 0 0 0 0 0.0054083 0.00873648 0.0413646 0.0450493 0.0745869 0.0622846 0.0627006 0.0613931 0.0827291 0.12552 0.122667 0.0946155 0.0697135 0.0546179 0.0294188 0.0215738 0.0213955 0.0102223 0.00600262
 0 0 0 0 0.00359764 0.0251062 0.0480494 0.140153 0.205849 0.193036 0.1447 0.116669 0.0760912 0.0342217 0.00950174 0.001854 0.000860785 0 0 0 0.000165536 0 0.000143464 0 0 0
 0 0 0 0 0 0 0 0.000145254 0.000435761 0.0275982 0.070085 0.0708112 0.156366 0.174668 0.174014 0.160142 0.0824315 0.0480064 0.0283245 0.00493863 0.00203355 0 0 0 0 0
 0 0 0 0 0 0 0 0 0 0 0 0 0 0 0 0 0 0 0 0 0 0 0 0 0 0
 0 0 1.00437e-05 0.000401748 0.00122533 0.00171747 0.00176769 0.0269171 0.070346 0.194647 0.189555 0.159765 0.064822 0.0314167 0.0384472 0.0292271 0.0345202 0.0313363 0.0194345 0.0106764 0.0143323 0.0359363 0.0279516 0.0138201 0.00172751 0
 0 0.0021121 0.0136068 0.0755702 0.200478 0.177729 0.0527432 0.0373336 0.0318909 0.0142505 0.0149659 0.0166563 0.0217959 0.0798694 0.0677717 0.0528807 0.04013 0.0224614 0.0357745 0.0225083 0.00881397 0.00855152 0.00135912 0.000746735 0 0
 0 0 0 0 5.4009e-05 0.00500934 0.000945158 0.0243581 0.138947 0.33067 0.221406 0.137944 0.0707744 0.0437923 0.0131692 0.00525238 0.0047753 0.00276346 9.45158e-05 9.00151e-06 2.25038e-05 9.00151e-06 4.50075e-06 0 0 0
 0.000866109 0.00284123 0.00948549 0.0512746 0.133035 0.25785 0.225252 0.132002 0.0553304 0.0519788 0.0540692 0.017754 0.00435017 0.00159236 0.00146478 0.000404838 0.000125132 0.000115318 0.000107957 0.000100596 0 0 0 0 0 0
 0 0 0 0 0.00144013 0.00171154 0.00461396 0.0210425 0.0478622 0.0707936 0.0888783 0.103762 0.0637923 0.0337046 0.0602308 0.124433 0.169614 0.0934646 0.0462172 0.0250306 0.0313229 0.00938855 0.002487 0.000210481 0 0
 0 0.00764035 0.051015 0.0998891 0.058973 0.0496711 0.0374665 0.0718981 0.12319 0.153886 0.159021 0.0857701 0.0377988 0.023471 0.0147837 0.00900784 0.00315554 0.000888139 0.00291439 0.00214683 0.00393193 0.00274676 0.000635225 9.99891e-05 0 0
 0 0 0 0 0 0 0 0 0 0 0 0 0 0 0 0 0 0 0 0 0 0 0 0 0 0
 0 0 0 0 0 0 0 0 0 0 0 0 0 0 0 0 0 0 0 0 0 0 0 0 0 0
 0 0 0 0 0 0 0 0 0 0 0 0 0 0 0 0 0 0 0 0 0 0 0 0 0 0
 0 0 0 0 0 0 0 0 0 0 0 0 0 0 0 0 0 0 0 0 0 0 0 0 0 0
 0 0 0 0 0 0 0 0 0 0 0 0 0 0 0 0 0 0 0 0 0 0 0 0 0 0
ppred_pel_tallas
 1.13303e-16 3.59843e-05 0.000349781 0.00232442 0.0105665 0.0328763 0.070047 0.102239 0.102256 0.0701292 0.0331537 0.0113744 0.00437843 0.0049192 0.00896413 0.0154131 0.0237107 0.0329557 0.0421333 0.050588 0.0580782 0.0642917 0.0683512 0.068939 0.0650659 0.0568591
 1.1975e-16 3.13715e-05 0.000304942 0.00202645 0.00921197 0.0286621 0.0610689 0.0891395 0.0891762 0.0612482 0.0292644 0.0109528 0.00640096 0.00987093 0.0182498 0.030263 0.0439491 0.0560809 0.0634548 0.0647682 0.0614514 0.0566533 0.0531642 0.0518834 0.0517722 0.0509508
 1.15357e-16 4.42624e-05 0.000430247 0.00285914 0.0129973 0.0404394 0.0861614 0.12576 0.125785 0.0862842 0.0408521 0.0141913 0.00586401 0.00701529 0.0126258 0.0210026 0.0307255 0.0396533 0.0456369 0.0477254 0.0466967 0.0443963 0.0424344 0.0412917 0.04038 0.0387469
 1.06427e-16 5.74889e-05 0.000558812 0.00371351 0.0168811 0.0525234 0.111907 0.163336 0.163357 0.112008 0.0528618 0.0178591 0.00617043 0.00592905 0.0102768 0.0169531 0.0245473 0.0311551 0.0348822 0.0348813 0.0318509 0.0275258 0.0235762 0.0207794 0.0189537 0.0174545
 1.04083e-16 4.97495e-05 0.000483583 0.00321358 0.0146085 0.0454526 0.0968428 0.141351 0.141383 0.0969972 0.0459711 0.016106 0.00697287 0.0086909 0.0156393 0.0257824 0.0371511 0.0467526 0.0515684 0.0502091 0.0437354 0.0349236 0.0265883 0.020271 0.0160512 0.0132043
 1.03243e-16 5.82101e-05 0.000565823 0.00376009 0.0170929 0.0531823 0.113311 0.165386 0.165407 0.113416 0.0535341 0.0181096 0.00631426 0.00614851 0.010681 0.0176184 0.0254969 0.0323177 0.036073 0.0358211 0.032214 0.0269937 0.0218881 0.0177872 0.0146818 0.0121409
 1.04881e-16 3.44539e-05 0.000334904 0.00222556 0.0101171 0.0314783 0.0670695 0.0978997 0.0979465 0.0672979 0.0322451 0.0123321 0.00778589 0.0124745 0.023094 0.0381353 0.0549571 0.0691627 0.0762838 0.0742514 0.0646125 0.0514468 0.0388967 0.0292415 0.0226288 0.0180479
 1.1052e-16 3.27885e-05 0.000318716 0.00211798 0.00962806 0.0299567 0.0638271 0.0931649 0.0932001 0.063999 0.0305344 0.0112999 0.00632586 0.0095425 0.0176617 0.0294368 0.0430789 0.0555868 0.0638748 0.0664558 0.0641866 0.0593987 0.0541892 0.0493069 0.0443198 0.038556
 1.13342e-16 4.08282e-05 0.000396865 0.00263731 0.0119888 0.0373018 0.0794766 0.116004 0.116032 0.0796139 0.0377634 0.0133241 0.00599708 0.0077583 0.0141019 0.0234619 0.0343015 0.0442218 0.0508071 0.0529796 0.0515904 0.0486738 0.0459897 0.044037 0.0421543 0.0393453
 1.0693e-16 5.78131e-05 0.000561964 0.00373445 0.0169763 0.0528196 0.112539 0.164257 0.164277 0.112633 0.0531386 0.0178983 0.00605136 0.00562868 0.00970696 0.016027 0.023252 0.0296078 0.0333323 0.0336384 0.0311716 0.0275237 0.0242009 0.0218618 0.0202792 0.0188254
 1.02027e-16 6.65315e-05 0.00064671 0.00429762 0.0195363 0.0607849 0.129509 0.189026 0.189041 0.129585 0.061038 0.0202672 0.00613224 0.00465171 0.00767279 0.0125796 0.0181161 0.0227852 0.0251094 0.0244118 0.0212159 0.0168861 0.0128069 0.00973753 0.00771624 0.00638047
 1.01373e-16 5.91303e-05 0.000574767 0.00381953 0.017363 0.054023 0.115103 0.168001 0.168025 0.115222 0.0544224 0.0185162 0.00671322 0.00688849 0.0120405 0.0197867 0.0284381 0.0356347 0.0390103 0.0374693 0.0318384 0.0243127 0.0171611 0.0116923 0.00807452 0.00581131
 1.02083e-16 5.4226e-05 0.000527096 0.00350274 0.015923 0.0495424 0.105556 0.154069 0.154096 0.105692 0.0499981 0.0172392 0.00680714 0.0077419 0.0137601 0.0226712 0.0326725 0.0411222 0.0453545 0.0441226 0.0383199 0.0303443 0.0226452 0.0165935 0.0123271 0.00931762
 1.02976e-16 5.27274e-05 0.000512529 0.00340594 0.0154829 0.0481733 0.102639 0.149811 0.149839 0.102776 0.0486314 0.0168065 0.00672977 0.00777292 0.0138545 0.0228543 0.0329946 0.0416503 0.0461704 0.0453146 0.0399631 0.0324694 0.0252063 0.019456 0.0152867 0.012147
 1.02397e-16 6.14069e-05 0.000596897 0.00396659 0.0180315 0.0561029 0.119534 0.174467 0.174487 0.119629 0.0564232 0.0189568 0.00629024 0.00567285 0.00971151 0.0159838 0.0230795 0.0291481 0.0323402 0.0317942 0.0281292 0.022989 0.018025 0.0141188 0.0112989 0.00916152
 1.00462e-16 7.66163e-05 0.000744737 0.00494904 0.0224976 0.0699985 0.149139 0.217675 0.21768 0.149168 0.0700936 0.0227724 0.00563875 0.00225013 0.0029349 0.00472874 0.00679972 0.00854035 0.00938769 0.00908254 0.00781865 0.00610943 0.00448072 0.00322883 0.00238288 0.00182201
 1.01043e-16 3.03387e-05 0.000294903 0.00195974 0.00890873 0.0277187 0.0590597 0.0862117 0.0862704 0.0593464 0.0286807 0.011686 0.00892563 0.0154834 0.0288226 0.0474612 0.0680367 0.084862 0.0921609 0.0872684 0.0722557 0.0526143 0.0340967 0.0201351 0.0113044 0.00640587
 1.01655e-16 7.29635e-05 0.000709232 0.00471309 0.021425 0.0666613 0.142029 0.207297 0.207303 0.142059 0.0667613 0.0217147 0.0054433 0.00231322 0.00314825 0.00516453 0.00760694 0.00992626 0.0116003 0.0123629 0.0123155 0.0117789 0.0110213 0.0101055 0.00895284 0.00751459
 1.01695e-16 4.64289e-05 0.000451306 0.00299909 0.0136334 0.0424189 0.0903794 0.13192 0.131959 0.0905725 0.0430671 0.0155047 0.00769274 0.0106865 0.0194522 0.0319998 0.0458937 0.0572971 0.062337 0.0592387 0.0494099 0.0365437 0.0244822 0.0154772 0.00984066 0.00669706
 1.04286e-16 4.56189e-05 0.000443432 0.00294676 0.0133956 0.0416788 0.0888023 0.129616 0.129648 0.0889561 0.0421958 0.01489 0.00670276 0.00865867 0.015694 0.0259924 0.0377137 0.0479915 0.053902 0.0540419 0.0492849 0.0420475 0.0347105 0.0284782 0.0233473 0.0188167
 1.04105e-16 5.80573e-05 0.000564337 0.00375022 0.017048 0.0530427 0.113014 0.164951 0.164972 0.113114 0.0533803 0.0180239 0.00620248 0.00592602 0.0102656 0.0169442 0.0245561 0.0312027 0.0349828 0.0350151 0.0319322 0.0273847 0.0229757 0.0194763 0.016788 0.0144295
 1.02637e-16 5.89338e-05 0.000572857 0.00380684 0.0173054 0.0538435 0.11472 0.167442 0.167465 0.114832 0.0542179 0.0183868 0.00652152 0.00649949 0.0113161 0.0186182 0.0268235 0.033751 0.0372174 0.0362163 0.0315106 0.025102 0.0190213 0.0143835 0.0112522 0.00911576
 1.05396e-16 2.14143e-05 0.000208155 0.00138326 0.00628816 0.0195651 0.0416878 0.060857 0.0609169 0.0419803 0.0205476 0.00912611 0.0085076 0.0157628 0.0295687 0.0488646 0.0704234 0.0886258 0.0977369 0.0950849 0.0826236 0.0655542 0.0491777 0.0364423 0.0276015 0.0214441
 1.07164e-16 5.84046e-05 0.000567714 0.00377266 0.01715 0.05336 0.113689 0.165936 0.165948 0.113748 0.0535568 0.0177209 0.00521558 0.00374965 0.0061954 0.0103951 0.0155415 0.0207402 0.0250858 0.0281128 0.0299572 0.0310303 0.0315119 0.0311442 0.0294827 0.0263307
 1.06002e-16 4.44516e-05 0.000432085 0.00287136 0.0130528 0.0406123 0.0865302 0.126301 0.126338 0.0867106 0.0412182 0.0148024 0.00726219 0.0100141 0.0182338 0.0300528 0.0432444 0.0543039 0.0597063 0.0578689 0.050122 0.0398308 0.0303852 0.0236049 0.0194825 0.0169748
 1.08786e-16 3.12585e-05 0.000303844 0.00201915 0.00917881 0.0285589 0.0608493 0.0888202 0.0888626 0.0610562 0.0292541 0.0111884 0.00707043 0.0113534 0.0210822 0.0349756 0.0507806 0.0646913 0.0728143 0.0733097 0.067399 0.0583582 0.0493711 0.0419761 0.0360253 0.0306699
 1.0757e-16 5.62193e-05 0.000546471 0.00363149 0.0165083 0.0513634 0.109436 0.159728 0.159745 0.109519 0.0516447 0.0173223 0.00568114 0.00504166 0.00865477 0.0143806 0.0210909 0.0273269 0.0316297 0.0333233 0.0328571 0.0313581 0.0297792 0.028353 0.0266978 0.0243241
 1.05342e-16 4.88216e-05 0.000474563 0.00315364 0.014336 0.0446048 0.0950365 0.138715 0.138747 0.0951927 0.0451295 0.0158514 0.00695737 0.00877827 0.0158199 0.0260793 0.0375742 0.0472814 0.0521605 0.050833 0.0444117 0.0357439 0.0276926 0.021787 0.0180262 0.0155644
 1.08169e-16 2.73424e-05 0.000265778 0.00176619 0.00802887 0.0249811 0.0532266 0.0776959 0.0777441 0.0534625 0.0257734 0.0103188 0.00751921 0.0128414 0.0239596 0.0396942 0.0574751 0.072895 0.0814506 0.0810303 0.0731031 0.0615817 0.0503354 0.0413391 0.0345412 0.0289437
pSPR Fmed_Fpbrs
0.567507   0.241371 0.241371
Fs Fmed_Fpbrs
0.34   1.005 1.005
SSBpbr Bo_Bmed_Bpbrs
1.14778e+06  593982  219651 219651
Ro
129391
SPR SPRFo_SPRFmed_SPRFpbrs
919583 521870 221961
Fref
1.005
Nvult_r0
 67581.2 57428.2 15904.8 2007.84 1607.31
CTP_r0
 27358.5 28429.3 7966.99 1006.39 805.658
YTP_r0
954043
Np
 200740 37406.1 3544.35 2572.39 799.602
Nvult_p0
 163334 32243.3 3066.43 2225.97 691.927
CTP_p0
 66121.3 10958.1 8267.67 2269.64 367.875
 66121.3 15961.8 1536.03 1115.72 346.825
YTP_p0
 972828 861230
CBA_c0
959679
log_Ro
11.5906
likeval ReclasPelacesDesembMPH_pf_preclas_ppelaces_ptallas_desvR_qrecl_qpela
 12.2651 17.0164 0.0254016 0.00211512 199.153 104.459 90.3467 0 21.3354 9.68693e-06 5.12157e-05 0.121049 0 0 0
q_reclas_q_pelaces
1.55295 2.75133
M
1
N
 162196 33224 73151.9 5179.14 0.209244
 90232.7 50431.2 9591.19 20996.3 1486.13
 90138.4 24305.8 11838.8 2227.61 5218.66
 134999 24393.6 5744.19 2768.56 1740.33
 109962 31505.5 4656.95 1079.64 846.737
 201925 34880.2 9360.82 1376.65 569.3
 78936.4 57230.7 8811.07 2343.59 486.953
 33299.9 15754.9 8720.93 1314.8 421.896
 32172.3 11010.4 4969.57 2740.81 545.698
 42609.4 7693.85 2177.28 968.325 639.863
 79966.6 8323.81 1136.69 314.769 232.217
 120389 25697.7 2519.95 342.531 164.787
 99763.5 26183.2 4431.85 426.834 85.8456
 71811.4 22326.2 4705.41 782.998 90.4939
 64729.6 11060.4 2341.59 478.999 88.7755
 325097 12678.2 1640.26 339.835 82.3042
 76994.7 71825 2236.61 284.351 73.1113
 517899 20446 16517.6 508.64 81.2429
 327716 139643 4806.51 3841.89 137.123
 230196 78654.6 27757.9 941.544 778.83
 330015 56140.5 15999.7 5567.44 344.79
 456917 87672.3 12918.5 3640.84 1344.55
 85775.7 112132 17995.5 2615.09 1008.43
 265734 24669 28928.8 4603.61 926.542
 205865 79083.9 6685.9 7783.67 1487.37
 99546.8 61179.3 21389.7 1795.14 2488.25
 220716 30787.3 17526.2 6091.24 1219.4
 218958 65697.2 8346.15 4716.84 1966.73
 83058.5 66623.6 18383.7 2320.31 1857.43
pred_Ctot
 16091.9 4611.33 10370.7 735.072 0.0296996
 15665.4 11962.8 2319.73 5083.42 359.827
 15443.7 5694.19 2828.02 532.679 1247.98
 32369.1 7818.08 1874.01 904.08 568.337
 9691.84 3898.01 588.682 136.633 107.164
 29931 7122.27 1950.08 287.094 118.732
 23974.7 22725.4 3555.69 946.561 196.686
 2149.33 1437.8 813.596 122.805 39.4083
 7368.84 3383.12 1554.78 858.312 170.9
 13289.5 3128.22 899.473 400.37 264.574
 6463.66 946.586 132.092 36.6207 27.0182
 32456.4 9166.36 914.295 124.39 59.8452
 25710.5 8964.54 1543.88 148.828 29.9341
 28275.5 11121.9 2376.59 395.763 45.7415
 20124.5 4484.32 964.646 197.496 36.6047
 85529.9 4423.12 582.163 120.725 29.2396
 13901 17678.3 561.192 71.42 18.3643
 89664.2 4837.35 3984.59 122.827 19.6197
 74536.3 42630.6 1494.12 1195.41 42.6684
 50705.8 23311 8378.25 284.465 235.317
 59515.7 13803.3 4010.3 1396.9 86.514
 99355.4 25674.6 3853.13 1086.99 401.445
 12071.9 21791.5 3568.59 519.143 200.203
 32646.8 4208.69 5038.38 802.667 161.557
 25447.3 13572 1171.31 1365.13 260.876
 10167.3 8733.63 3118.69 262.033 363.227
 27096.3 5248.83 3050.32 1061.3 212.473
 24302.8 10163.9 1318.52 745.992 311.067
 8497.14 9525.96 2684.66 339.228 271.572
F
 0.168196 0.242427 0.248192 0.248503 0.24852
 0.311677 0.44923 0.459913 0.46049 0.46052
 0.307026 0.442527 0.45305 0.453618 0.453648
 0.455105 0.655959 0.671558 0.6724 0.672444
 0.148216 0.213629 0.218709 0.218983 0.218998
 0.260806 0.375909 0.384848 0.38533 0.385356
 0.611492 0.881365 0.902324 0.903455 0.903514
 0.106718 0.153817 0.157474 0.157672 0.157682
 0.430684 0.62076 0.635522 0.636318 0.63636
 0.632954 0.912299 0.933994 0.935164 0.935226
 0.135208 0.19488 0.199515 0.199765 0.199778
 0.525613 0.757584 0.7756 0.776572 0.776623
 0.497043 0.716405 0.733442 0.734361 0.734409
 0.87067 1.25493 1.28477 1.28638 1.28646
 0.630334 0.908522 0.930127 0.931292 0.931354
 0.50989 0.734923 0.752399 0.753342 0.753392
 0.325951 0.469804 0.480976 0.481579 0.48161
 0.310695 0.447815 0.458464 0.459039 0.459069
 0.427081 0.615567 0.630205 0.630995 0.631037
 0.411073 0.592494 0.606584 0.607344 0.607384
 0.325531 0.469199 0.480357 0.480959 0.480991
 0.404822 0.583485 0.59736 0.598109 0.598148
 0.246189 0.354841 0.363279 0.363734 0.363758
 0.211987 0.305545 0.312811 0.313203 0.313224
 0.213414 0.307602 0.314916 0.315311 0.315332
 0.173526 0.250109 0.256056 0.256377 0.256394
 0.211819 0.305301 0.312562 0.312953 0.312974
 0.18982 0.273593 0.2801 0.280451 0.280469
 0.173832 0.25055 0.256508 0.25683 0.256847
YTP_r0W_actual
 142264 582801 172884 29185.2 26909
YTP_p0W_proyectada
 498555 191218 199003 71085 12967.6
 498555 278533 36972.1 34944.4 12225.6
CTP_r0_actual
 27358.5 28429.3 7966.99 1006.39 805.658
CTP_p0_proyectada
 66121.3 10958.1 8267.67 2269.64 367.875
 66121.3 15961.8 1536.03 1115.72 346.825
Wmedp
 7.54 17.45 24.07 31.32 35.25
Frms_r0
 0.680174 0.980359 1.00367 1.00493 1.005
Zrms_r0
 1.68017 1.98036 2.00367 2.00493 2.005
nmprior
 7.29 8.9 8.7 0
nm_flota  nm_reclas  nm_pelaces    nm_pelaL
inf 14.2965 7.11172 8.6531
cv_recla  cv_pelaces  cv_mph
0.332243 0.505219 1.32763
 ------------------------------------------------
Talla a la edad & desviaci?n 
 8 13.2811 15.8009 17.003 17.5766
 0.8 1.32811 1.58009 1.7003 1.75766
