years
 1991 1992 1993 1994 1995 1996 1997 1998 1999 2000 2001 2002 2003 2004 2005 2006 2007 2008 2009 2010 2011 2012 2013 2014 2015 2016 2017 2018 2019 2020 2021 2022
reclasobs
 0 0 0 0 0 0 0 0 0 252601 567819 844713 477998 351125 339783 2.1784e+06 2.13404e+06 4.81314e+06 1.55562e+06 2.62356e+06 3.21686e+06 3.843e+06 1.13348e+06 3.07943e+06 1.97215e+06 2.03268e+06 2.025e+06 2.42433e+06 2.27542e+06 1.05018e+06 2.36338e+06 3.18982e+06
reclaspred
 3.92623e+06 2.24778e+06 1.11157e+06 904598 934672 1.24542e+06 931330 793621 565893 427019 426487 586471 580551 477085 550020 1.09014e+06 1.57511e+06 2.3922e+06 2.32638e+06 1.79904e+06 3.04988e+06 2.46491e+06 2.27321e+06 2.83085e+06 2.49e+06 2.25057e+06 2.30572e+06 2.31777e+06 2.55764e+06 1.75485e+06 1.90296e+06 2.78872e+06
pelacesobs
 0 0 0 0 0 0 0 0 0 0 0 0 0 0 0 552880 188675 0 991730 2.46772e+06 1.41603e+06 1.21717e+06 2.29649e+06 1.80582e+06 0 1.4828e+06 1.56532e+06 1.57751e+06 1.42118e+06 867257 1.10002e+06 1.06204e+06
pelacespred
 1.89449e+06 1.18893e+06 602586 392331 424653 558649 404085 398563 290814 203735 219738 242041 260366 228910 281309 467671 662618 1.08844e+06 1.15385e+06 861027 1.27663e+06 1.2296e+06 1.08028e+06 1.4419e+06 1.29953e+06 1.12226e+06 1.28909e+06 1.25474e+06 1.1856e+06 931381 910519 1.26811e+06
mphobs
 0 0 0 0 0 0 0 0 0 0 0 0 498337 0 5186 125008 0 168611 109162 213762 579715 649985 157893 87575 83554 210694 70296 0 107559 103333 445601 22526
mphpred
 3.7784e+06 2.52358e+06 1.26264e+06 690994 725195 793213 985382 614816 552927 385691 270044 434955 462202 391075 314798 510151 1.19027e+06 1.30924e+06 1.91061e+06 1.61013e+06 1.65293e+06 2.00644e+06 1.75288e+06 1.54811e+06 2.29917e+06 1.73277e+06 1.56014e+06 1.74161e+06 2.238e+06 1.69069e+06 1.11053e+06 1.83045e+06
desembarqueobs
 494567 514787 250237 358949 120608 361735 552515 73892 212993 205616 52469 317467 293654 387597 252695 516296 358380 742168 942051 627588 828172 859565 418607 520667 417249 300574 415391 372974 316634 284311 391294 218835
desembarquepred
 494572 513519 250853 358979 120613 361752 552572 73896.2 213042 205660 52471.8 317559 293731 387673 252696 516277 358413 742084 941909 627500 828269 859671 418636 520708 417275 300585 415407 372985 316651 284324 391287 218841
Reclutas
 212973 117566 125053 194502 157328 254080 108103 52050.1 47642.2 68186.9 125177 145980 132078 104866 131481 500796 161296 671206 527812 335467 546204 659548 164695 454973 348417 184718 390684 408229 143599 152832 369120 208742
log_desv_Rt
 0.0491367 -0.545028 -0.483293 -0.041587 -0.253699 0.225622 -0.628949 -1.35982 -1.44831 -1.08978 -0.482301 -0.328562 -0.428635 -0.659343 -0.433167 0.904169 -0.22879 1.19705 0.956712 0.503496 0.990963 1.17953 -0.207931 0.808208 0.541372 -0.0932011 0.655871 0.699799 -0.345002 -0.282687 0.599094 0.0290703
SSB
 3.7784e+06 2.52358e+06 1.26264e+06 690994 725195 793213 985382 614816 552927 385691 270044 434955 443091 384788 306474 496612 1.19027e+06 1.30924e+06 1.96211e+06 1.65227e+06 1.73565e+06 2.19552e+06 1.99196e+06 1.69665e+06 2.37954e+06 1.8946e+06 1.61461e+06 1.74161e+06 2.31398e+06 1.65254e+06 1.21858e+06 2.05879e+06
BT
 5.0272e+06 3.4026e+06 1.73069e+06 1.45718e+06 1.25961e+06 2.0843e+06 1.53517e+06 1.21494e+06 1.0255e+06 789235 759916 999825 1.07011e+06 1.15936e+06 1.26067e+06 2.11823e+06 2.10238e+06 4.34889e+06 4.38023e+06 2.93732e+06 4.78648e+06 4.3462e+06 3.23905e+06 5.31366e+06 3.83365e+06 3.37329e+06 4.63462e+06 4.24963e+06 3.19575e+06 2.79363e+06 3.23902e+06 3.69515e+06
Ftot
 0.114631 0.207982 0.202866 0.325402 0.111117 0.233915 0.507149 0.0807119 0.315645 0.398281 0.0958472 0.43583 0.407519 0.620789 0.339906 0.344869 0.195049 0.241497 0.32983 0.291599 0.220879 0.286535 0.162342 0.145264 0.145271 0.116029 0.143906 0.127807 0.112847 0.14132 0.160625 0.0686577
BD_Bspro_t
 0.981826 0.867914 0.727147 0.646631 0.63015 0.693597 0.669928 0.510561 0.571297 0.530819 0.510496 0.702855 0.581823 0.501905 0.430885 0.544168 0.648698 0.6552 0.689744 0.619795 0.587291 0.638098 0.644585 0.647293 0.743902 0.745462 0.757997 0.788777 0.820268 0.771083 0.742243 0.804249
BD_Bspro
 2.58884 1.72908 0.865121 0.473447 0.49688 0.543484 0.675152 0.421252 0.378848 0.264263 0.185026 0.298017 0.303592 0.263644 0.209986 0.340263 0.815532 0.897052 1.34437 1.13208 1.18922 1.5043 1.36483 1.16249 1.63038 1.29812 1.10628 1.1933 1.58546 1.13227 0.834932 1.41061
BD_Bo
 1.41492 0.94502 0.472828 0.25876 0.271568 0.297039 0.369001 0.230233 0.207058 0.144432 0.101125 0.16288 0.165927 0.144094 0.114767 0.185969 0.445725 0.49028 0.734761 0.618734 0.64996 0.822167 0.74594 0.635354 0.891078 0.709479 0.604632 0.65219 0.866529 0.618835 0.456328 0.770965
BD_Brms
 7.94954 5.30948 2.65653 1.45381 1.52577 1.66888 2.07319 1.29354 1.16333 0.811473 0.568158 0.915122 0.93224 0.809573 0.644804 1.04484 2.50425 2.75458 4.12816 3.47628 3.65172 4.61924 4.19097 3.56966 5.00641 3.98612 3.39705 3.66425 4.86849 3.47685 2.56382 4.33157
Sel_flota
 0.727531 1 1 1 1
 0.727531 1 1 1 1
 0.727531 1 1 1 1
 0.727531 1 1 1 1
 0.727531 1 1 1 1
 0.727531 1 1 1 1
 0.727531 1 1 1 1
 0.727531 1 1 1 1
 0.727531 1 1 1 1
 0.727531 1 1 1 1
 0.727531 1 1 1 1
 0.727531 1 1 1 1
 0.727531 1 1 1 1
 0.727531 1 1 1 1
 0.727531 1 1 1 1
 0.727531 1 1 1 1
 0.727531 1 1 1 1
 0.727531 1 1 1 1
 0.727531 1 1 1 1
 0.727531 1 1 1 1
 0.727531 1 1 1 1
 0.727531 1 1 1 1
 0.727531 1 1 1 1
 0.727531 1 1 1 1
 0.727531 1 1 1 1
 0.727531 1 1 1 1
 0.727531 1 1 1 1
 0.727531 1 1 1 1
 0.727531 1 1 1 1
 0.727531 1 1 1 1
 0.727531 1 1 1 1
 0.727531 1 1 1 1
Sel_reclas
 0.5 1 1 1 1
 0.5 1 1 1 1
 0.5 1 1 1 1
 0.5 1 1 1 1
 0.5 1 1 1 1
 0.5 1 1 1 1
 0.5 1 1 1 1
 0.5 1 1 1 1
 0.5 1 1 1 1
 0.5 1 1 1 1
 0.5 1 1 1 1
 0.5 1 1 1 1
 0.5 1 1 1 1
 0.5 1 1 1 1
 0.5 1 1 1 1
 0.5 1 1 1 1
 0.5 1 1 1 1
 0.5 1 1 1 1
 0.5 1 1 1 1
 0.5 1 1 1 1
 0.5 1 1 1 1
 0.5 1 1 1 1
 0.5 1 1 1 1
 0.5 1 1 1 1
 0.5 1 1 1 1
 0.5 1 1 1 1
 0.5 1 1 1 1
 0.5 1 1 1 1
 0.5 1 1 1 1
 0.5 1 1 1 1
 0.5 1 1 1 1
 0.5 1 1 1 1
Sel_pelaces
 0.5 1 1 1 1
 0.5 1 1 1 1
 0.5 1 1 1 1
 0.5 1 1 1 1
 0.5 1 1 1 1
 0.5 1 1 1 1
 0.5 1 1 1 1
 0.5 1 1 1 1
 0.5 1 1 1 1
 0.5 1 1 1 1
 0.5 1 1 1 1
 0.5 1 1 1 1
 0.5 1 1 1 1
 0.5 1 1 1 1
 0.5 1 1 1 1
 0.5 1 1 1 1
 0.5 1 1 1 1
 0.5 1 1 1 1
 0.5 1 1 1 1
 0.5 1 1 1 1
 0.5 1 1 1 1
 0.5 1 1 1 1
 0.5 1 1 1 1
 0.5 1 1 1 1
 0.5 1 1 1 1
 0.5 1 1 1 1
 0.5 1 1 1 1
 0.5 1 1 1 1
 0.5 1 1 1 1
 0.5 1 1 1 1
 0.5 1 1 1 1
 0.5 1 1 1 1
pf_obs 
 0.8446 0.082 0.0669 0.0065 0
 0.8095 0.147 0.0364 0.0071 0
 0.9664 0.0169 0.016 0.0007 0
 0.9276 0.0648 0.0075 0.0001 0
 0.7033 0.2144 0.0806 0.0017 0
 0.9318 0.0425 0.0243 0.0014 0
 0.5671 0.3108 0.0964 0.0239 0.0018
 0.0768 0.2599 0.5324 0.112 0.0189
 0.490249 0.384438 0.106611 0.0170017 0.00170017
 0.7925 0.1577 0.0466 0.003 0.0002
 0.840416 0.127587 0.0312969 0.00059994 9.999e-05
 0.8084 0.0986 0.0794 0.0134 0.0002
 0.7335 0.1905 0.0724 0.0035 0.0001
 0.4001 0.4547 0.1325 0.0127 0
 0.49795 0.308269 0.164784 0.0264974 0.00249975
 0.9179 0.0499 0.0305 0.0017 0
 0.2467 0.6533 0.0926 0.0074 0
 0.9418 0.0223 0.034 0.0019 0
 0.707729 0.231977 0.0356964 0.0245975 0
 0.517169 0.277429 0.184464 0.0207286 0.00020938
 0.811772 0.124168 0.05621 0.00726502 0.000585176
 0.764997 0.148141 0.077277 0.00933861 0.000247198
 0.163321 0.427699 0.378323 0.0303852 0.000271297
 0.753843 0.0900009 0.118128 0.0371064 0.000921714
 0.721811 0.176058 0.0630433 0.0369309 0.00215725
 0.143369 0.312575 0.442814 0.0836902 0.0175525
 0.692698 0.0596174 0.167031 0.0765114 0.00414204
 0.394062 0.376323 0.152708 0.0712218 0.00568511
 0.125707 0.32114 0.495352 0.0537591 0.00404204
 0.23352 0.215282 0.420074 0.123614 0.00750983
 0.796117 0.104755 0.0508955 0.0450114 0.00322123
 0.162477 0.292055 0.404252 0.121198 0.0200186
pf_pred 
 0.402768 0.120439 0.451056 0.0257364 8.41673e-07
 0.370926 0.305509 0.0652509 0.244371 0.0139438
 0.532972 0.212975 0.12338 0.0263517 0.104321
 0.695472 0.188345 0.0529821 0.0306935 0.0325077
 0.611848 0.298129 0.0556771 0.0156621 0.018683
 0.709675 0.199759 0.0695612 0.0129909 0.00801361
 0.449835 0.427644 0.0843011 0.0293558 0.00886419
 0.433341 0.31183 0.198079 0.0390471 0.017703
 0.506001 0.254751 0.131657 0.0836306 0.0239604
 0.689354 0.185531 0.0645207 0.0333448 0.0272495
 0.789553 0.161028 0.0295147 0.0102641 0.00963948
 0.684986 0.264505 0.0386484 0.00708382 0.00477706
 0.661811 0.257932 0.0673886 0.00984657 0.00302183
 0.625554 0.277892 0.0736401 0.0192396 0.00367395
 0.743765 0.184088 0.0535434 0.0141887 0.00441491
 0.89002 0.0889095 0.0151377 0.00440291 0.00152979
 0.435325 0.520471 0.0357354 0.00608427 0.00238453
 0.835718 0.0858171 0.0723222 0.00496561 0.00117678
 0.628083 0.326962 0.0234836 0.0197907 0.00168084
 0.539443 0.327092 0.117333 0.00842725 0.00770523
 0.719239 0.176341 0.0741599 0.0266022 0.00365763
 0.694266 0.239984 0.0412964 0.0173671 0.00708638
 0.321733 0.519471 0.124646 0.0214491 0.012701
 0.714715 0.114386 0.130888 0.0314064 0.00860459
 0.571305 0.333959 0.037985 0.0434648 0.0132867
 0.435013 0.368482 0.15308 0.0174116 0.0260138
 0.705826 0.152623 0.0923184 0.0383523 0.0108797
 0.642284 0.275959 0.0424172 0.0256572 0.0136826
 0.356271 0.460812 0.141111 0.0216899 0.0201163
 0.503272 0.216824 0.200368 0.0613571 0.018178
 0.75998 0.141031 0.0432094 0.03993 0.01585
 0.508609 0.401501 0.0528178 0.0161824 0.0208903
pobs_RECLAS
 0 0 0 0 0
 0 0 0 0 0
 0 0 0 0 0
 0 0 0 0 0
 0 0 0 0 0
 0 0 0 0 0
 0 0 0 0 0
 0 0 0 0 0
 0 0 0 0 0
 0 0 0 0 0
 0.991045 0.00858322 0.000360255 1.14367e-05 0
 0.934742 0.0480273 0.0164251 0.00080598 0
 0.827803 0.169806 0.00239088 0 0
 0.941827 0.0461693 0.0120037 0 0
 0.791401 0.0380133 0.147996 0.0225897 0
 0.846168 0.0940531 0.0597789 0 0
 0.134021 0.677848 0.182769 0.00536245 0
 0.80878 0.0450904 0.141981 0.00414843 0
 0.846168 0.0940531 0.0597789 0 0
 0.905697 0.0802665 0.012482 0.00150086 5.37128e-05
 0.989698 0.0102097 9.19794e-05 0 0
 0.975433 0.0193895 0.00387452 0.00125025 5.28907e-05
 0.303575 0.632131 0.0575291 0.00676475 0
 0.966965 0.00978017 0.0227588 0.000495775 0
 0.843318 0.132988 0.00938335 0.0141283 0.000182051
 0.564624 0.303363 0.111486 0.0197234 0.00080311
 0.826376 0.0876187 0.0782897 0.00655872 0.00115652
 0.89761 0.0855135 0.0140674 0.00269457 0.000114338
 0.34875 0.467042 0.161289 0.0227151 0.000203297
 0.318654 0.224769 0.449479 0.00709798 0
 0.937255 0.0296025 0.0250945 0.00804832 0
 0.456809 0.399803 0.12412 0.0192676 0
ppred_RECLAS
 0.317304 0.137674 0.515602 0.0294192 9.62116e-07
 0.289492 0.345056 0.0736976 0.276005 0.0157488
 0.440859 0.25498 0.147715 0.0315492 0.124897
 0.613012 0.239345 0.0673284 0.0390046 0.04131
 0.520676 0.368157 0.068755 0.019341 0.0230715
 0.628315 0.255739 0.089055 0.0166314 0.0102593
 0.363461 0.494783 0.097536 0.0339645 0.0102558
 0.34494 0.360477 0.22898 0.0451386 0.0204647
 0.415285 0.301532 0.155834 0.0989882 0.0283603
 0.606794 0.234839 0.0816684 0.0422068 0.0344916
 0.721014 0.213473 0.0391272 0.013607 0.0127789
 0.602272 0.333956 0.0487964 0.00894383 0.00603138
 0.576512 0.322989 0.0843856 0.0123301 0.003784
 0.539663 0.341635 0.0905318 0.0236528 0.00451669
 0.668254 0.238338 0.0693224 0.0183701 0.00571596
 0.848873 0.122174 0.0208012 0.0060502 0.00210214
 0.347477 0.601442 0.0412948 0.00703081 0.00275549
 0.778704 0.1156 0.0974216 0.00668893 0.00158519
 0.539498 0.404839 0.029077 0.0245046 0.0020812
 0.447971 0.392056 0.140636 0.010101 0.00923556
 0.639104 0.226673 0.0953267 0.034195 0.0047016
 0.611353 0.305066 0.0524957 0.0220769 0.00900816
 0.246614 0.577003 0.138451 0.0238246 0.0141076
 0.633435 0.146976 0.168179 0.0403543 0.0110561
 0.478953 0.405902 0.0461679 0.0528282 0.016149
 0.346687 0.426088 0.177012 0.0201336 0.0300806
 0.62334 0.195419 0.118205 0.0491063 0.0139303
 0.553149 0.344722 0.0529868 0.0320504 0.017092
 0.276102 0.518201 0.158684 0.0243911 0.0226215
 0.411339 0.256954 0.237452 0.0727129 0.0215423
 0.686022 0.184487 0.0565236 0.0522337 0.0207339
 0.416055 0.477123 0.062766 0.0192304 0.024825
pobs_PELACES
 0 0 0 0 0
 0 0 0 0 0
 0 0 0 0 0
 0 0 0 0 0
 0 0 0 0 0
 0 0 0 0 0
 0 0 0 0 0
 0 0 0 0 0
 0 0 0 0 0
 0 0 0 0 0
 0 0 0 0 0
 0 0 0 0 0
 0 0 0 0 0
 0 0 0 0 0
 0 0 0 0 0
 0 0 0 0 0
 0.505614 0.472636 0.0217494 0 0
 0 0 0 0 0
 0.443492 0.261883 0.143347 0.151278 0
 0.227955 0.32914 0.350689 0.0885471 0.00366901
 0.970185 0.0296113 0.000203453 0 0
 0.997202 0.00247181 0.000326279 0 0
 0.445219 0.490057 0.0546422 0.010081 0
 0.90214 0.0892962 0.00764917 0.000914606 0
 0 0 0 0 0
 0.581667 0.319106 0.0959925 0.00289975 0.000334073
 0.762889 0.0836404 0.116647 0.0363945 0.000428098
 0.88444 0.0763242 0.0277011 0.0115352 0
 0.521256 0.241999 0.230069 0.00667565 0
 0.616807 0.101726 0.260614 0.0208532 0
 0.833518 0.0704572 0.0857862 0.0102388 0
 0.697417 0.212968 0.0787535 0.0105354 0.000325836
ppred_PELACES
 0.319541 0.137223 0.513912 0.0293229 9.58964e-07
 0.293354 0.343181 0.0732971 0.274505 0.0156632
 0.44536 0.252928 0.146526 0.0312952 0.123891
 0.61993 0.235066 0.0661249 0.0383074 0.0405716
 0.523169 0.366242 0.0683974 0.0192404 0.0229515
 0.633213 0.252369 0.0878814 0.0164123 0.0101241
 0.374075 0.486532 0.0959096 0.0333982 0.0100848
 0.346581 0.359573 0.228406 0.0450255 0.0204134
 0.422193 0.29797 0.153993 0.0978188 0.0280253
 0.615305 0.229756 0.0799007 0.0412932 0.0337451
 0.722744 0.212149 0.0388845 0.0135226 0.0126996
 0.61162 0.326107 0.0476495 0.00873361 0.00588961
 0.585432 0.316186 0.0826082 0.0120704 0.0037043
 0.553496 0.33137 0.0878114 0.022942 0.00438097
 0.674994 0.233495 0.0679139 0.0179969 0.00559983
 0.852808 0.118993 0.0202596 0.00589266 0.0020474
 0.351464 0.597767 0.0410424 0.00698786 0.00273865
 0.782423 0.113657 0.0957843 0.00657651 0.00155855
 0.546857 0.39837 0.0286124 0.024113 0.00204794
 0.454464 0.387445 0.138982 0.00998219 0.00912694
 0.643672 0.223804 0.0941202 0.0337622 0.00464209
 0.617457 0.300275 0.0516712 0.0217302 0.00886668
 0.249336 0.574918 0.137951 0.0237385 0.0140567
 0.636463 0.145762 0.16679 0.040021 0.0109648
 0.482214 0.403362 0.045879 0.0524976 0.0160479
 0.349053 0.424544 0.17637 0.0200606 0.0299716
 0.626373 0.193846 0.117253 0.0487108 0.0138181
 0.555987 0.342532 0.0526502 0.0318468 0.0169834
 0.278135 0.516746 0.158239 0.0243226 0.022558
 0.414419 0.255609 0.23621 0.0723325 0.0214296
 0.689124 0.182664 0.055965 0.0517176 0.020529
 0.417556 0.475897 0.0626047 0.019181 0.0247612
pobs_pel_tallas
 0 0 0 0 0 0 0 0 0 0 0 0 0 0 0 0 0 0 0 0 0 0 0 0 0 0
 0 0 0 0 0 0 0 0 0 0 0 0 0 0 0 0 0 0 0 0 0 0 0 0 0 0
 0 0 0 0 0 0 0 0 0 0 0 0 0 0 0 0 0 0 0 0 0 0 0 0 0 0
 0 0 0 0 0 0 0 0 0 0 0 0 0 0 0 0 0 0 0 0 0 0 0 0 0 0
 0 0 0 0 0 0 0 0 0 0 0 0 0 0 0 0 0 0 0 0 0 0 0 0 0 0
 0 0 0 0 0 0 0 0 0 0 0 0 0 0 0 0 0 0 0 0 0 0 0 0 0 0
 0 0 0 0 0 0 0 0 0 0 0 0 0 0 0 0 0 0 0 0 0 0 0 0 0 0
 0 0 0 0 0 0 0 0 0 0 0 0 0 0 0 0 0 0 0 0 0 0 0 0 0 0
 0 0 0 0 0 0 0 0 0 0 0 0 0 0 0 0 0 0 0 0 0 0 0 0 0 0
 0 0 0 0 0 0 0 0 0 0 0 0 0 0 0 0 0 0 0 0 0 0 0 0 0 0
 0 0 0 0 0 0 0 0 0 0 0 0 0 0 0 0 0 0 0 0 0 0 0 0 0 0
 0 0 0 0 0 0 0 0 0 0 0 0 0 0 0 0 0 0 0 0 0 0 0 0 0 0
 0.00862536 0 0 0.000197151 0.00414017 0.0128641 0.00837892 0.0270097 0.101434 0.158115 0.152841 0.127902 0.109271 0.109419 0.0830992 0.0579132 0.0238553 0.00714673 0.00463305 0.00128148 0.00103504 0.000492878 0.000147863 0.000147863 4.92878e-05 0
 0 0 0 0 0 0 0 0 0 0 0 0 0 0 0 0 0 0 0 0 0 0 0 0 0 0
 0 0 0 0 0 0 0 0.0054083 0.00873648 0.0413646 0.0450493 0.0745869 0.0622846 0.0627006 0.0613931 0.0827291 0.12552 0.122667 0.0946155 0.0697135 0.0546179 0.0294188 0.0215738 0.0213955 0.0102223 0.00600262
 0 0 0 0 0.00359764 0.0251062 0.0480494 0.140153 0.205849 0.193036 0.1447 0.116669 0.0760912 0.0342217 0.00950174 0.001854 0.000860785 0 0 0 0.000165536 0 0.000143464 0 0 0
 0 0 0 0 0 0 0 0.000145254 0.000435761 0.0275982 0.070085 0.0708112 0.156366 0.174668 0.174014 0.160142 0.0824315 0.0480064 0.0283245 0.00493863 0.00203355 0 0 0 0 0
 0 0 0 0 0 0 0 0 0 0 0 0 0 0 0 0 0 0 0 0 0 0 0 0 0 0
 0 0 1.00437e-05 0.000401748 0.00122533 0.00171747 0.00176769 0.0269171 0.070346 0.194647 0.189555 0.159765 0.064822 0.0314167 0.0384472 0.0292271 0.0345202 0.0313363 0.0194345 0.0106764 0.0143323 0.0359363 0.0279516 0.0138201 0.00172751 0
 0 0.0021121 0.0136068 0.0755702 0.200478 0.177729 0.0527432 0.0373336 0.0318909 0.0142505 0.0149659 0.0166563 0.0217959 0.0798694 0.0677717 0.0528807 0.04013 0.0224614 0.0357745 0.0225083 0.00881397 0.00855152 0.00135912 0.000746735 0 0
 0 0 0 0 5.4009e-05 0.00500934 0.000945158 0.0243581 0.138947 0.33067 0.221406 0.137944 0.0707744 0.0437923 0.0131692 0.00525238 0.0047753 0.00276346 9.45158e-05 9.00151e-06 2.25038e-05 9.00151e-06 4.50075e-06 0 0 0
 0.000866109 0.00284123 0.00948549 0.0512746 0.133035 0.25785 0.225252 0.132002 0.0553304 0.0519788 0.0540692 0.017754 0.00435017 0.00159236 0.00146478 0.000404838 0.000125132 0.000115318 0.000107957 0.000100596 0 0 0 0 0 0
 0 0 0 0 0.00144013 0.00171154 0.00461396 0.0210425 0.0478622 0.0707936 0.0888783 0.103762 0.0637923 0.0337046 0.0602308 0.124433 0.169614 0.0934646 0.0462172 0.0250306 0.0313229 0.00938855 0.002487 0.000210481 0 0
 0 0.00764035 0.051015 0.0998891 0.058973 0.0496711 0.0374665 0.0718981 0.12319 0.153886 0.159021 0.0857701 0.0377988 0.023471 0.0147837 0.00900784 0.00315554 0.000888139 0.00291439 0.00214683 0.00393193 0.00274676 0.000635225 9.99891e-05 0 0
 0 0 0 0 0 0 0 0 0 0 0 0 0 0 0 0 0 0 0 0 0 0 0 0 0 0
 0 0 0 0 0 0 0 0 0 0 0 0 0 0 0 0 0 0 0 0 0 0 0 0 0 0
 0 0 0 0 0 0 0 0 0 0 0 0 0 0 0 0 0 0 0 0 0 0 0 0 0 0
 0 0 0 0 0 0 0 0 0 0 0 0 0 0 0 0 0 0 0 0 0 0 0 0 0 0
 0 0 0 0 0 0 0 0 0 0 0 0 0 0 0 0 0 0 0 0 0 0 0 0 0 0
 0 0 0 0 0 0 0 0 0 0 0 0 0 0 0 0 0 0 0 0 0 0 0 0 0 0
 0 0 0 0 0 0 0 0 0 0 0 0 0 0 0 0 0 0 0 0 0 0 0 0 0 0
 0 0 0 0 0 0 0 0 0 0 0 0 0 0 0 0 0 0 0 0 0 0 0 0 0 0
ppred_pel_tallas
 1.17807e-16 2.63202e-05 0.000255842 0.00170016 0.00772869 0.0240469 0.0512349 0.0747818 0.0747958 0.0513037 0.02428 0.00841177 0.00345179 0.00420188 0.00787792 0.0139118 0.022197 0.0323965 0.0440109 0.0565387 0.0692945 0.0809517 0.0893673 0.092176 0.0879491 0.077109
 1.32383e-16 2.41632e-05 0.000234875 0.00156083 0.00709533 0.0220764 0.0470373 0.0686593 0.0686925 0.0471996 0.0226219 0.00867312 0.00552932 0.00892609 0.0166176 0.0276782 0.040487 0.0523279 0.0605763 0.0643498 0.0651527 0.0658063 0.0684354 0.0730515 0.077655 0.0795315
 1.28398e-16 3.66838e-05 0.000356579 0.0023696 0.0107719 0.0335154 0.0714089 0.104229 0.104253 0.0715291 0.0339196 0.0119421 0.00531757 0.00682701 0.0124299 0.0207716 0.0305943 0.0399413 0.0468829 0.0506693 0.052191 0.053257 0.0552545 0.058249 0.0610859 0.062197
 1.12676e-16 5.10629e-05 0.000496349 0.00329842 0.0149941 0.0466524 0.0993988 0.14508 0.145103 0.0995099 0.0470256 0.016073 0.00601005 0.00642828 0.0113544 0.018792 0.0273135 0.0348938 0.0395277 0.0403629 0.0382213 0.0349999 0.0324303 0.0311611 0.0307163 0.0301056
 1.07882e-16 4.30928e-05 0.000418877 0.00278359 0.0126538 0.0393709 0.0838852 0.12244 0.122476 0.0840578 0.0399507 0.014329 0.00699012 0.00960737 0.0175105 0.0289254 0.0417731 0.0527689 0.0585972 0.0577507 0.0514246 0.0426722 0.0345247 0.028542 0.0246389 0.0218654
 1.0596e-16 5.2157e-05 0.000506985 0.00336909 0.0153154 0.0476521 0.101529 0.148189 0.148214 0.101648 0.0480529 0.0164743 0.00628222 0.0068801 0.0121962 0.0201861 0.0293217 0.0373934 0.0421712 0.0426133 0.0394383 0.034535 0.0297152 0.025816 0.0226842 0.0197645
 1.07949e-16 3.08122e-05 0.000299505 0.00199032 0.00904774 0.0281511 0.0599807 0.0875534 0.0876003 0.0602101 0.0289215 0.0112736 0.00757989 0.0125098 0.023245 0.0384449 0.055533 0.0701646 0.0779246 0.0767813 0.0682725 0.056392 0.0451141 0.0365012 0.0304994 0.0259786
 1.14654e-16 2.85475e-05 0.000277492 0.00184403 0.00838274 0.026082 0.0555717 0.0811159 0.0811508 0.0557426 0.0266566 0.0100462 0.00603374 0.00947037 0.0176249 0.0294522 0.0432675 0.0561801 0.0652175 0.0689623 0.0682463 0.065254 0.0618303 0.0584267 0.0543515 0.0487838
 1.19073e-16 3.47755e-05 0.00033803 0.00224633 0.0102115 0.031772 0.0676946 0.0988083 0.0988372 0.0678361 0.0322475 0.0115879 0.00571191 0.00793902 0.0145766 0.024326 0.0357157 0.0463695 0.0539028 0.0572918 0.0574355 0.0563462 0.0556306 0.0555012 0.0549498 0.052689
 1.12217e-16 5.06819e-05 0.000492646 0.00327381 0.0148823 0.0463044 0.0986572 0.143998 0.14402 0.0987659 0.0466696 0.0159384 0.00592966 0.00630626 0.0111393 0.0184628 0.0268986 0.034493 0.0393057 0.0404996 0.0388337 0.0360748 0.0338048 0.0325655 0.0318607 0.0307732
 1.04682e-16 5.95315e-05 0.000578668 0.00384545 0.0174809 0.0543896 0.115884 0.16914 0.16916 0.115984 0.0547255 0.0184512 0.00628205 0.00590101 0.0101774 0.0167572 0.0241974 0.0305687 0.0339509 0.0334742 0.0298352 0.0248053 0.0201391 0.0167332 0.0145262 0.0129543
 1.03332e-16 5.03784e-05 0.000489696 0.0032542 0.0147932 0.0460272 0.0980669 0.143138 0.14317 0.0982205 0.0465429 0.0162828 0.00699347 0.00865288 0.0155547 0.0256378 0.036933 0.0464554 0.0511926 0.0497507 0.0431749 0.0342233 0.0257046 0.0191762 0.0147544 0.0117606
 1.04303e-16 4.82213e-05 0.000468728 0.00311486 0.0141597 0.0440564 0.0938679 0.137009 0.13704 0.0940171 0.0445576 0.0156082 0.00675356 0.00842141 0.0151792 0.0250892 0.0363025 0.0459941 0.0512999 0.0508742 0.0456458 0.0381023 0.0307173 0.0247746 0.0202767 0.0166214
 1.05661e-16 4.55908e-05 0.000443159 0.00294495 0.0133873 0.0416531 0.0887475 0.129536 0.129568 0.0889039 0.0421785 0.0149058 0.00675981 0.00878202 0.0159149 0.0263231 0.0381136 0.0483459 0.0540405 0.0538102 0.0486435 0.0411428 0.0338662 0.0280935 0.0237433 0.0201064
 1.04773e-16 5.55984e-05 0.000540436 0.00359139 0.016326 0.0507962 0.108228 0.157966 0.157989 0.108338 0.0511667 0.0173967 0.00628194 0.00642342 0.0112564 0.0185945 0.0269531 0.0342576 0.0384235 0.0384833 0.0351285 0.0301675 0.0253578 0.0215483 0.0186358 0.0160953
 1.01553e-16 7.02447e-05 0.000682803 0.00453747 0.0206267 0.0641773 0.136737 0.199574 0.199585 0.136793 0.0643656 0.0211706 0.00590315 0.00366514 0.00573731 0.00938188 0.0135274 0.0170519 0.0188623 0.0184553 0.0162098 0.0131178 0.0101783 0.00792801 0.00638222 0.00527928
 1.02502e-16 2.89498e-05 0.000281402 0.00187002 0.00850087 0.0264497 0.0563559 0.0822652 0.0823227 0.056637 0.0273934 0.0112258 0.00870646 0.0151936 0.0283152 0.0466736 0.067017 0.0838209 0.091469 0.0873654 0.0735003 0.0551467 0.0377819 0.0246061 0.0160744 0.0109985
 1.03717e-16 6.44472e-05 0.00062645 0.00416298 0.0189243 0.0588806 0.125452 0.183103 0.183114 0.125506 0.0590629 0.0194525 0.00549472 0.00355329 0.00568046 0.00943821 0.0139363 0.0182441 0.0214309 0.0230227 0.0232025 0.0225325 0.0214599 0.0200468 0.0181019 0.0155072
 1.03693e-16 4.50439e-05 0.000437843 0.00290962 0.0132267 0.0411535 0.0876834 0.127984 0.128023 0.0878708 0.0417827 0.0150434 0.00746791 0.0103827 0.0189148 0.0311545 0.0447738 0.0560986 0.0614228 0.0590582 0.0503606 0.0388395 0.028087 0.0201207 0.0150922 0.0120666
 1.06656e-16 3.74337e-05 0.000363868 0.00241804 0.0109921 0.0342006 0.0728693 0.106363 0.1064 0.0730525 0.034816 0.0127712 0.00689005 0.0101468 0.018677 0.0309732 0.0449753 0.0573056 0.0645099 0.0649425 0.0596561 0.0515172 0.0433198 0.0364286 0.0307541 0.02562
 1.06945e-16 5.30184e-05 0.000515358 0.00342474 0.0155684 0.0484391 0.103205 0.150636 0.150658 0.103311 0.0487952 0.0165984 0.00601545 0.00618836 0.0108786 0.0180362 0.0262963 0.033744 0.0384534 0.0395326 0.0376015 0.0342471 0.0309205 0.0281766 0.0257203 0.0229846
 1.05248e-16 5.08592e-05 0.000494369 0.00328526 0.0149343 0.0464664 0.0990027 0.144503 0.144532 0.0991442 0.0469416 0.0163073 0.00673256 0.00802335 0.0143603 0.0236883 0.0341878 0.0431426 0.0478214 0.0469779 0.0415873 0.0341573 0.0271875 0.0219802 0.0184966 0.0159943
 1.08888e-16 2.05376e-05 0.000199633 0.00132663 0.00603071 0.0187641 0.0399809 0.0583649 0.0584204 0.0402521 0.0196751 0.00866324 0.00793905 0.0146492 0.0275056 0.0455517 0.065878 0.0833896 0.0928803 0.0919231 0.0822566 0.0684793 0.0551651 0.0446873 0.0370221 0.0309747
 1.1072e-16 5.24246e-05 0.000509586 0.00338638 0.015394 0.0478965 0.102049 0.148947 0.148961 0.102119 0.048132 0.0160773 0.00511338 0.00431854 0.00740075 0.012452 0.0186361 0.0249142 0.0302329 0.034075 0.0366457 0.0384636 0.0397313 0.0400697 0.0388216 0.0356013
 1.09408e-16 3.97194e-05 0.000386087 0.00256568 0.0116632 0.0362889 0.0773188 0.112857 0.112896 0.0775087 0.0369267 0.0135056 0.00719048 0.0104831 0.0192199 0.0317254 0.045739 0.0576278 0.06374 0.0624588 0.055198 0.0454537 0.0366791 0.0306202 0.0270843 0.0248236
 1.12283e-16 2.87512e-05 0.000279472 0.00185719 0.00844253 0.0262681 0.0559684 0.0816962 0.0817373 0.0561694 0.0269433 0.0103953 0.00676792 0.0110297 0.0205339 0.0341326 0.0497083 0.0636463 0.0722484 0.0737775 0.0693955 0.0621595 0.0549478 0.0490035 0.043967 0.0388962
 1.10657e-16 5.15935e-05 0.000501508 0.0033327 0.01515 0.0471372 0.100432 0.146587 0.146606 0.100524 0.0474471 0.0160468 0.00559169 0.0054588 0.00954302 0.0158973 0.0233749 0.0304131 0.0354488 0.0377754 0.0379023 0.0370435 0.03617 0.0354159 0.0342217 0.0319291
 1.07675e-16 4.5796e-05 0.000445154 0.0029582 0.0134476 0.0418406 0.0891471 0.13012 0.130153 0.0893085 0.0423826 0.0150133 0.00688943 0.00903043 0.0163613 0.0270053 0.0389717 0.049177 0.0545216 0.0536141 0.0476104 0.0394158 0.0319048 0.02654 0.0231958 0.0209013
 1.10956e-16 2.29097e-05 0.000222691 0.00147986 0.00672726 0.0209313 0.0445981 0.0651028 0.0651527 0.0448422 0.0217513 0.00909752 0.00743623 0.0132477 0.0248249 0.0411751 0.0597118 0.0759282 0.0852173 0.0854288 0.0780748 0.0671344 0.0564848 0.0480118 0.0415174 0.0358784
 1.17763e-16 3.41352e-05 0.000331806 0.00220497 0.0100235 0.0311869 0.066448 0.096988 0.097013 0.0665702 0.0315982 0.0112156 0.00521373 0.00695475 0.0127739 0.0214889 0.0319525 0.0422928 0.0505909 0.0559458 0.0588584 0.0605255 0.0616681 0.0619319 0.0602819 0.0559068
 1.10323e-16 5.67623e-05 0.00055175 0.00366657 0.0166677 0.0518596 0.110493 0.161271 0.161289 0.110579 0.0521498 0.017507 0.00577679 0.00517035 0.00886455 0.0146632 0.0213566 0.0273829 0.0312122 0.0322038 0.0309943 0.029016 0.0275285 0.026922 0.0267202 0.0260969
 1.08043e-16 3.43936e-05 0.000334318 0.00222166 0.0100994 0.0314232 0.0669522 0.0977282 0.0977741 0.0671763 0.0321757 0.0122729 0.00767749 0.0122446 0.022655 0.0374023 0.053888 0.0678007 0.0747754 0.072828 0.0635509 0.0510342 0.0394052 0.0308919 0.0255294 0.0221246
pSPR Fmed_Fpbrs
0.556206   0.227987 0.227987
Fs Fmed_Fpbrs
0.34   1.005 1.005
SSBpbr Bo_Bmed_Bpbrs
2.6704e+06  1.35177e+06  475298 475298
Ro
202761
SPR SPRFo_SPRFmed_SPRFpbrs
1.4595e+06 811780 332747
Fref
1.005
Nvult_r0
 171779 104546 13753.2 4213.73 5439.6
CTP_r0
 72551.7 52403.5 6893.73 2112.12 2726.58
YTP_r0
2.30346e+06
Np
 280860 49734 9836.98 5587.91 834.083
Nvult_p0
 231126 43036.8 8512.33 4835.44 721.765
CTP_p0
 97617.6 31685.5 17999 2367.78 974.617
 97617.6 21572.1 4266.78 2423.75 361.782
YTP_p0
 1.8307e+06 1.30383e+06
CBA_c0
2.16163e+06
log_Ro
12.0398
likeval ReclasPelacesDesembMPH_pf_preclas_ppelaces_ptallas_desvR_qrecl_qpela
 18.5352 20.2258 0.0628089 0.00569803 232.425 149.493 116.481 0 21.7337 8.54953e-10 0 0.314717 0 0 0
q_reclas_q_pelaces
0.995873 1
M
1
N
 212973 46930.2 175758 10028.4 0.327966
 117566 72079.4 15394.8 57655.1 3289.79
 125053 37176.9 21537.3 4599.96 18210.3
 194502 39691.8 11165.4 6468.35 6850.66
 157328 56469.6 10546 2966.61 3538.81
 254080 53382.8 18589.3 3471.63 2141.52
 108103 78843.9 15542.4 5412.27 1634.27
 52050.1 27498 17467.1 3443.28 1561.1
 47642.2 18056.2 9331.55 5927.54 1698.25
 68186.9 13930.5 4844.49 2503.67 2046.01
 125177 18774.3 3441.12 1196.69 1123.87
 145980 42948.3 6275.44 1150.22 775.662
 132078 39110.3 10218.2 1493.04 458.2
 104866 36122.3 9572.25 2500.89 477.565
 131481 24558.1 7142.92 1892.84 588.968
 500796 37772.1 6431.04 1870.52 649.912
 161296 143351 9842.41 1675.76 656.758
 671206 51487.3 43390.7 2979.19 706.028
 527812 207137 14877.3 12537.8 1064.85
 335467 152746 54792.3 3935.38 3598.2
 546204 99820.9 41979.4 15058.6 2070.46
 659548 171108 29444.2 12382.7 5052.58
 164695 196978 47264.6 8133.27 4816.08
 454973 53838.5 61605.4 14782.1 4049.95
 348417 150589 17128.2 19599.1 5991.24
 184718 115320 47908 5449.12 8141.26
 390684 62452.9 37776.3 15693.6 4451.91
 408229 129438 19895.8 12034.5 6417.8
 143599 136844 41904.7 6441.11 5973.79
 152832 48663.4 44970 13770.8 4079.81
 369120 50730.5 15542.9 14363.3 5701.43
 208742 120815 15893.4 4869.45 6286.08
pred_Ctot
 10845.7 3243.17 12146 693.028 0.0226645
 10565.3 8701.99 1858.58 6960.57 397.17
 10978.2 4386.88 2541.41 542.797 2148.82
 26422.5 7155.66 2012.91 1166.12 1235.04
 7774.54 3788.22 707.469 199.013 237.399
 25484.8 7173.46 2497.98 466.51 287.773
 21724.7 20653 4071.31 1417.73 428.095
 1885.43 1356.74 861.824 169.89 77.024
 6295.84 3169.7 1638.12 1040.56 298.123
 11101.2 2987.74 1039.02 536.975 438.819
 5360.18 1093.2 200.372 69.6817 65.4412
 25728.2 9934.86 1451.64 266.07 179.427
 21943.4 8552.16 2234.38 326.479 100.194
 24985.9 11099.6 2941.34 768.469 146.745
 18579 4598.46 1337.5 354.431 110.283
 71695.4 7162.09 1219.41 354.676 123.232
 13645.9 16314.9 1120.17 190.72 74.7463
 69350.8 7121.41 6001.55 412.064 97.6536
 72584.1 37785.1 2713.86 2287.1 194.246
 41242.4 25007.4 8970.51 644.294 589.093
 51931.4 12732.4 5354.59 1920.77 264.093
 79794.4 27582.2 4746.34 1996.06 814.462
 11710.1 18907.2 4536.75 780.683 462.278
 29093.7 4656.29 5328.02 1278.45 350.265
 22281.1 13024.5 1481.43 1695.14 518.185
 9517.49 8061.88 3349.19 380.941 569.146
 24759.3 5353.79 3238.38 1345.34 381.641
 23087.5 9919.61 1524.73 922.273 491.833
 7202.89 9316.44 2852.89 438.514 406.699
 9518.91 4101.03 3789.78 1160.51 343.819
 25980.8 4821.3 1477.16 1365.05 541.85
 6455.43 5095.98 670.38 205.393 265.146
F
 0.0833979 0.114631 0.114631 0.114631 0.114631
 0.151313 0.207982 0.207982 0.207982 0.207982
 0.147591 0.202865 0.202866 0.202866 0.202866
 0.23674 0.325402 0.325402 0.325402 0.325402
 0.0808415 0.111117 0.111117 0.111117 0.111117
 0.170181 0.233915 0.233915 0.233915 0.233915
 0.368967 0.507149 0.507149 0.507149 0.507149
 0.0587204 0.0807119 0.0807119 0.0807119 0.0807119
 0.229642 0.315645 0.315645 0.315645 0.315645
 0.289762 0.398281 0.398281 0.398281 0.398281
 0.0697318 0.0958472 0.0958472 0.0958472 0.0958472
 0.31708 0.43583 0.43583 0.43583 0.43583
 0.296483 0.407519 0.407519 0.407519 0.407519
 0.451643 0.620789 0.620789 0.620789 0.620789
 0.247292 0.339906 0.339906 0.339906 0.339906
 0.250903 0.344869 0.344869 0.344869 0.344869
 0.141904 0.195049 0.195049 0.195049 0.195049
 0.175697 0.241497 0.241497 0.241497 0.241497
 0.239962 0.32983 0.32983 0.32983 0.32983
 0.212148 0.291599 0.291599 0.291599 0.291599
 0.160697 0.220879 0.220879 0.220879 0.220879
 0.208463 0.286534 0.286535 0.286535 0.286535
 0.118109 0.162342 0.162342 0.162342 0.162342
 0.105684 0.145264 0.145264 0.145264 0.145264
 0.10569 0.145271 0.145271 0.145271 0.145271
 0.0844145 0.116029 0.116029 0.116029 0.116029
 0.104696 0.143906 0.143906 0.143906 0.143906
 0.0929836 0.127807 0.127807 0.127807 0.127807
 0.0821001 0.112847 0.112847 0.112847 0.112847
 0.102815 0.14132 0.14132 0.14132 0.14132
 0.11686 0.160625 0.160625 0.160625 0.160625
 0.0499506 0.0686576 0.0686577 0.0686577 0.0686577
YTP_r0W_actual
 623944 1.29961e+06 192335 78782 108791
YTP_p0W_proyectada
 736036 552912 433236 74159 34355.2
 736036 376433 102701 75911.8 12752.8
CTP_r0_actual
 72551.7 52403.5 6893.73 2112.12 2726.58
CTP_p0_proyectada
 97617.6 31685.5 17999 2367.78 974.617
 97617.6 21572.1 4266.78 2423.75 361.782
Wmedp
 7.54 17.45 24.07 31.32 35.25
Frms_r0
 0.731169 1.005 1.005 1.005 1.005
Zrms_r0
 1.73117 2.005 2.005 2.005 2.005
nmprior
 7.29 8.9 8.7 0
nm_flota  nm_reclas  nm_pelaces    nm_pelaL
inf 7.86574 6.74649 14.478
cv_recla  cv_pelaces  cv_mph
0.380865 0.492656 2.05445
 ------------------------------------------------
Talla a la edad & desviaci?n 
 8 13.2811 15.8009 17.003 17.5766
 0.8 1.32811 1.58009 1.7003 1.75766
