years
 1991 1992 1993 1994 1995 1996 1997 1998 1999 2000 2001 2002 2003 2004 2005 2006 2007 2008 2009 2010 2011 2012 2013 2014 2015 2016 2017 2018 2019 2020
reclasobs
 0 0 0 0 0 0 0 0 0 252601 567819 844713 477998 351125 339783 2.1784e+06 2.13404e+06 4.81314e+06 1.55562e+06 2.62356e+06 3.21686e+06 3.843e+06 1.13348e+06 3.07943e+06 1.97215e+06 2.03268e+06 2.025e+06 2.42433e+06 2.27542e+06 1.05018e+06
reclaspred
 3.12927e+06 1.68916e+06 857653 900450 930857 1.66963e+06 900137 779837 545392 354506 511442 706436 686907 502427 502163 1.34195e+06 1.22519e+06 3.10091e+06 2.52621e+06 1.74555e+06 3.04844e+06 2.5018e+06 1.84718e+06 3.0899e+06 2.20067e+06 1.93003e+06 2.36322e+06 2.53769e+06 1.95385e+06 1.18432e+06
pelacesobs
 0 0 0 0 0 0 0 0 0 0 0 0 0 0 0 552880 188675 0 991730 2.46772e+06 1.41603e+06 1.21717e+06 2.29649e+06 1.80582e+06 0 1.4828e+06 1.56532e+06 1.57751e+06 1.42118e+06 867257
pelacespred
 2.17423e+06 1.26863e+06 611064 429857 538595 862127 509271 532866 340598 189409 265850 325185 352917 241498 236730 503248 667806 1.47001e+06 1.4897e+06 977976 1.50838e+06 1.38164e+06 1.21689e+06 1.75818e+06 1.52717e+06 1.30826e+06 1.52213e+06 1.52904e+06 1.39858e+06 885751
mphobs
 0 0 0 0 0 0 0 0 0 0 0 0 498337 0 5186 125008 0 168611 109162 213762 579715 649985 157893 87575 83554 210694 70296 0 107559 103333
mphpred
 1.68621e+06 1.12982e+06 532612 298922 332359 414666 578532 294749 271273 163704 96452.3 218621 245885 189856 114374 150191 517807 482007 1.03935e+06 747878 722388 860143 794283 644030 1.06291e+06 779963 676541 772235 1.06211e+06 710465
desembarqueobs
 494567 514787 250237 358949 120608 361735 552515 73892 212993 205616 52469 317467 293654 387597 252695 516296 358380 742168 942051 627588 828172 859565 418607 520667 417249 300574 415391 372974 316634 284311
desembarquepred
 494568 514020 250589 358984 120613 361739 552526 73897.6 213058 205676 52471.8 317523 293679 387546 252658 516210 358438 741983 941713 627322 828288 859582 418619 520698 417244 300576 415389 372952 316632 284329
Reclutas
 162309 89543.5 90807 133032 109137 201339 78208.8 33254.7 32343.2 42947.8 80853.6 120896 100266 71967 65313.1 327708 77736.8 522406 329376 230664 332697 458494 86270.3 267976 205886 98881.1 216136 237588 68578.7 56586.9
log_desv_Rt
 0.256536 -0.338241 -0.32423 0.0576263 -0.140366 0.472022 -0.473584 -1.32877 -1.35656 -1.07298 -0.440326 -0.0380364 -0.225137 -0.556759 -0.653773 0.959157 -0.479637 1.42548 0.964236 0.607996 0.974266 1.29498 -0.375481 0.757933 0.494356 -0.239047 0.542942 0.637572 -0.604984 -0.797188
SSB
 1.68621e+06 1.12982e+06 532612 298922 332359 414666 578532 294749 271273 163704 96452.3 218621 233497 185592 110063 145030 517807 482007 1.07352e+06 772167 766287 961356 921914 715332 1.10548e+06 862265 703839 772235 1.10251e+06 691179
BT
 2.44809e+06 1.68593e+06 816971 803281 676794 1.40375e+06 987679 664056 585507 416187 399833 664720 698660 720326 587258 1.17497e+06 973488 2.75046e+06 2.60921e+06 1.61993e+06 2.60045e+06 2.38594e+06 1.58502e+06 2.81192e+06 1.93956e+06 1.64713e+06 2.36049e+06 2.20534e+06 1.55115e+06 1.16132e+06
Ftot
 0.24827 0.460128 0.453398 0.683926 0.223258 0.394854 0.919325 0.160599 0.646698 0.943997 0.202095 0.781756 0.736926 1.29423 0.938723 0.765008 0.478637 0.463574 0.631489 0.607645 0.48224 0.600534 0.361317 0.315378 0.315368 0.257559 0.322264 0.274417 0.249266 0.378726
BD_Bspro_t
 0.961253 0.744805 0.520556 0.420967 0.419691 0.524111 0.529675 0.328609 0.387292 0.318653 0.269801 0.540357 0.418409 0.321031 0.212001 0.262758 0.44197 0.410245 0.539743 0.427525 0.380923 0.432206 0.450054 0.42676 0.565849 0.564947 0.57236 0.621769 0.682158 0.581292
BD_Bspro
 1.88623 1.26384 0.595791 0.33438 0.371783 0.463854 0.647157 0.329712 0.303451 0.183122 0.107893 0.244554 0.261194 0.207607 0.123119 0.162234 0.579229 0.539183 1.20086 0.863762 0.857184 1.07539 1.03127 0.800185 1.23661 0.964547 0.787328 0.863837 1.23329 0.773166
BD_Bo
 1.45591 0.975511 0.459868 0.258095 0.286965 0.358031 0.499516 0.254492 0.234222 0.141345 0.0832788 0.188762 0.201606 0.160244 0.095031 0.125222 0.447085 0.416174 0.926896 0.666704 0.661628 0.830054 0.795999 0.617632 0.954494 0.744497 0.607709 0.666763 0.951932 0.596777
BD_Brms
 7.39412 4.95433 2.33553 1.31079 1.45741 1.81833 2.53689 1.29249 1.18955 0.71785 0.422949 0.958665 1.0239 0.813833 0.482634 0.635967 2.27061 2.11363 4.70743 3.386 3.36021 4.2156 4.04265 3.13677 4.8476 3.78108 3.08637 3.38629 4.83459 3.03086
Sel_flota
 0.654241 0.972938 0.998538 0.999923 0.999996
 0.654241 0.972938 0.998538 0.999923 0.999996
 0.654241 0.972938 0.998538 0.999923 0.999996
 0.654241 0.972938 0.998538 0.999923 0.999996
 0.654241 0.972938 0.998538 0.999923 0.999996
 0.654241 0.972938 0.998538 0.999923 0.999996
 0.654241 0.972938 0.998538 0.999923 0.999996
 0.654241 0.972938 0.998538 0.999923 0.999996
 0.654241 0.972938 0.998538 0.999923 0.999996
 0.654241 0.972938 0.998538 0.999923 0.999996
 0.654241 0.972938 0.998538 0.999923 0.999996
 0.654241 0.972938 0.998538 0.999923 0.999996
 0.654241 0.972938 0.998538 0.999923 0.999996
 0.654241 0.972938 0.998538 0.999923 0.999996
 0.654241 0.972938 0.998538 0.999923 0.999996
 0.654241 0.972938 0.998538 0.999923 0.999996
 0.654241 0.972938 0.998538 0.999923 0.999996
 0.654241 0.972938 0.998538 0.999923 0.999996
 0.654241 0.972938 0.998538 0.999923 0.999996
 0.654241 0.972938 0.998538 0.999923 0.999996
 0.654241 0.972938 0.998538 0.999923 0.999996
 0.654241 0.972938 0.998538 0.999923 0.999996
 0.654241 0.972938 0.998538 0.999923 0.999996
 0.654241 0.972938 0.998538 0.999923 0.999996
 0.654241 0.972938 0.998538 0.999923 0.999996
 0.654241 0.972938 0.998538 0.999923 0.999996
 0.654241 0.972938 0.998538 0.999923 0.999996
 0.654241 0.972938 0.998538 0.999923 0.999996
 0.654241 0.972938 0.998538 0.999923 0.999996
 0.654241 0.972938 0.998538 0.999923 0.999996
Sel_reclas
 1 1 1 1 1
 1 1 1 1 1
 1 1 1 1 1
 1 1 1 1 1
 1 1 1 1 1
 1 1 1 1 1
 1 1 1 1 1
 1 1 1 1 1
 1 1 1 1 1
 1 1 1 1 1
 1 1 1 1 1
 1 1 1 1 1
 1 1 1 1 1
 1 1 1 1 1
 1 1 1 1 1
 1 1 1 1 1
 1 1 1 1 1
 1 1 1 1 1
 1 1 1 1 1
 1 1 1 1 1
 1 1 1 1 1
 1 1 1 1 1
 1 1 1 1 1
 1 1 1 1 1
 1 1 1 1 1
 1 1 1 1 1
 1 1 1 1 1
 1 1 1 1 1
 1 1 1 1 1
 1 1 1 1 1
Sel_pelaces
 0.5 1 1 1 1
 0.5 1 1 1 1
 0.5 1 1 1 1
 0.5 1 1 1 1
 0.5 1 1 1 1
 0.5 1 1 1 1
 0.5 1 1 1 1
 0.5 1 1 1 1
 0.5 1 1 1 1
 0.5 1 1 1 1
 0.5 1 1 1 1
 0.5 1 1 1 1
 0.5 1 1 1 1
 0.5 1 1 1 1
 0.5 1 1 1 1
 0.5 1 1 1 1
 0.5 1 1 1 1
 0.5 1 1 1 1
 0.5 1 1 1 1
 0.5 1 1 1 1
 0.5 1 1 1 1
 0.5 1 1 1 1
 0.5 1 1 1 1
 0.5 1 1 1 1
 0.5 1 1 1 1
 0.5 1 1 1 1
 0.5 1 1 1 1
 0.5 1 1 1 1
 0.5 1 1 1 1
 0.5 1 1 1 1
pf_obs 
 0.8446 0.082 0.0669 0.0065 0
 0.8095 0.147 0.0364 0.0071 0
 0.9664 0.0169 0.016 0.0007 0
 0.9276 0.0648 0.0075 0.0001 0
 0.7033 0.2144 0.0806 0.0017 0
 0.9318 0.0425 0.0243 0.0014 0
 0.5671 0.3108 0.0964 0.0239 0.0018
 0.0768 0.2599 0.5324 0.112 0.0189
 0.490249 0.384438 0.106611 0.0170017 0.00170017
 0.7925 0.1577 0.0466 0.003 0.0002
 0.840416 0.127587 0.0312969 0.00059994 9.999e-05
 0.8084 0.0986 0.0794 0.0134 0.0002
 0.7335 0.1905 0.0724 0.0035 0.0001
 0.4001 0.4547 0.1325 0.0127 0
 0.49795 0.308269 0.164784 0.0264974 0.00249975
 0.9179 0.0499 0.0305 0.0017 0
 0.2467 0.6533 0.0926 0.0074 0
 0.9418 0.0223 0.034 0.0019 0
 0.707729 0.231977 0.0356964 0.0245975 0
 0.517169 0.277429 0.184464 0.0207286 0.00020938
 0.811772 0.124168 0.05621 0.00726502 0.000585176
 0.764997 0.148141 0.077277 0.00933861 0.000247198
 0.163321 0.427699 0.378323 0.0303852 0.000271297
 0.753843 0.0900009 0.118128 0.0371064 0.000921714
 0.721811 0.176058 0.0630433 0.0369309 0.00215725
 0.143369 0.312575 0.442814 0.0836902 0.0175525
 0.692698 0.0596174 0.167031 0.0765114 0.00414204
 0.394062 0.376323 0.152708 0.0712218 0.00568511
 0.125707 0.32114 0.495352 0.0537591 0.00404204
 0.23352 0.215282 0.420074 0.123614 0.00750983
pf_pred 
 0.496615 0.146216 0.333423 0.0237453 9.18598e-07
 0.432059 0.344028 0.0663739 0.147081 0.010459
 0.593471 0.223974 0.112029 0.0209313 0.0495951
 0.733039 0.187496 0.0444236 0.0215185 0.0135225
 0.664936 0.275434 0.0423335 0.00967736 0.00761847
 0.755031 0.18414 0.0502565 0.00750932 0.00306328
 0.459079 0.44921 0.0694727 0.018378 0.00385968
 0.464618 0.320832 0.179381 0.0266552 0.00851365
 0.548303 0.256875 0.118036 0.0642144 0.012571
 0.735066 0.178014 0.0502013 0.0222638 0.0144553
 0.844946 0.128995 0.0177455 0.00480599 0.00350749
 0.753242 0.220233 0.0221714 0.00296565 0.00138722
 0.698466 0.253151 0.0433568 0.00420302 0.000823475
 0.661159 0.270459 0.0577496 0.00952961 0.00110258
 0.773092 0.179427 0.0382594 0.00779106 0.00143073
 0.940927 0.05072 0.00666143 0.00136388 0.000328019
 0.422597 0.556911 0.0176868 0.00223775 0.000567204
 0.905638 0.0508966 0.0419711 0.00129044 0.000204293
 0.612777 0.363812 0.0128151 0.0102325 0.000363781
 0.601147 0.288649 0.103762 0.00352897 0.00291248
 0.748345 0.179707 0.0525641 0.0182526 0.00113096
 0.754569 0.203158 0.0304695 0.00862699 0.00317574
 0.308075 0.577821 0.0950136 0.0137678 0.00532315
 0.754626 0.100813 0.121326 0.0193528 0.00388212
 0.598171 0.332942 0.0288022 0.0336499 0.00643394
 0.437645 0.392433 0.141521 0.0118854 0.0165144
 0.728658 0.147928 0.0868732 0.0304414 0.00609914
 0.674903 0.262675 0.034498 0.0196658 0.00825853
 0.331779 0.508971 0.129398 0.0165092 0.0133423
 0.446129 0.239613 0.241002 0.0595419 0.0137145
pobs_RECLAS
 0 0 0 0 0
 0 0 0 0 0
 0 0 0 0 0
 0 0 0 0 0
 0 0 0 0 0
 0 0 0 0 0
 0 0 0 0 0
 0 0 0 0 0
 0 0 0 0 0
 0 0 0 0 0
 0.991045 0.00858322 0.000360255 1.14367e-05 0
 0.934742 0.0480273 0.0164251 0.00080598 0
 0.827803 0.169806 0.00239088 0 0
 0.941827 0.0461693 0.0120037 0 0
 0.791401 0.0380133 0.147996 0.0225897 0
 0.846168 0.0940531 0.0597789 0 0
 0.134021 0.677848 0.182769 0.00536245 0
 0.80878 0.0450904 0.141981 0.00414843 0
 0.846168 0.0940531 0.0597789 0 0
 0.905697 0.0802665 0.012482 0.00150086 5.37128e-05
 0.989698 0.0102097 9.19794e-05 0 0
 0.975433 0.0193895 0.00387452 0.00125025 5.28907e-05
 0.303575 0.632131 0.0575291 0.00676475 0
 0.966965 0.00978017 0.0227588 0.000495775 0
 0.843318 0.132988 0.00938335 0.0141283 0.000182051
 0.564624 0.303363 0.111486 0.0197234 0.00080311
 0.826376 0.0876187 0.0782897 0.00655872 0.00115652
 0.89761 0.0855135 0.0140674 0.00269457 0.000114338
 0.34875 0.467042 0.161289 0.0227151 0.000203297
 0.318654 0.224769 0.449479 0.00709798 0
ppred_RECLAS
 0.60107 0.118084 0.2622 0.0186465 7.21294e-07
 0.537621 0.283208 0.0531657 0.11764 0.00836478
 0.690745 0.172514 0.0839634 0.0156647 0.0371134
 0.808868 0.135391 0.0311828 0.0150819 0.00947693
 0.749098 0.207231 0.0310166 0.00708031 0.00557354
 0.823851 0.133302 0.0354085 0.00528309 0.00215497
 0.569164 0.359585 0.0539951 0.0142611 0.00299481
 0.567185 0.262125 0.142744 0.0211813 0.0067648
 0.652081 0.200305 0.0894882 0.0486105 0.00951552
 0.812956 0.126922 0.0347476 0.0153858 0.00998881
 0.891188 0.0909307 0.0121823 0.00329464 0.0024043
 0.824689 0.15695 0.0153522 0.00205036 0.000959006
 0.780989 0.184708 0.0307439 0.00297578 0.000582981
 0.75726 0.194994 0.0403337 0.0066444 0.000768691
 0.841672 0.125975 0.026078 0.00530207 0.000973576
 0.960856 0.0337453 0.00430663 0.0008804 0.000211723
 0.52568 0.45793 0.0141498 0.00178764 0.000453078
 0.936274 0.0348056 0.0279271 0.000857391 0.000135725
 0.707241 0.275531 0.0094368 0.00752376 0.000267459
 0.698049 0.220205 0.0769749 0.00261403 0.0021572
 0.819329 0.130038 0.0370065 0.0128315 0.000794995
 0.824583 0.145906 0.0212801 0.00601618 0.00221448
 0.402329 0.50133 0.080241 0.0116105 0.0044887
 0.824393 0.0733022 0.0858818 0.0136795 0.00274386
 0.692034 0.256371 0.021591 0.0251889 0.00481581
 0.540473 0.323267 0.113513 0.00951964 0.0132263
 0.803373 0.108524 0.0620438 0.0217097 0.00434936
 0.757897 0.196635 0.0251445 0.0143133 0.00601035
 0.428203 0.438298 0.108504 0.0138237 0.0111711
 0.552002 0.196827 0.192686 0.0475362 0.0109483
pobs_PELACES
 0 0 0 0 0
 0 0 0 0 0
 0 0 0 0 0
 0 0 0 0 0
 0 0 0 0 0
 0 0 0 0 0
 0 0 0 0 0
 0 0 0 0 0
 0 0 0 0 0
 0 0 0 0 0
 0 0 0 0 0
 0 0 0 0 0
 0 0 0 0 0
 0 0 0 0 0
 0 0 0 0 0
 0 0 0 0 0
 0.505614 0.472636 0.0217494 0 0
 0 0 0 0 0
 0.443492 0.261883 0.143347 0.151278 0
 0.227955 0.32914 0.350689 0.0885471 0.00366901
 0.970185 0.0296113 0.000203453 0 0
 0.997202 0.00247181 0.000326279 0 0
 0.445219 0.490057 0.0546422 0.010081 0
 0.90214 0.0892962 0.00764917 0.000914606 0
 0 0 0 0 0
 0.581667 0.319106 0.0959925 0.00289975 0.000334073
 0.762889 0.0836404 0.116647 0.0363945 0.000428098
 0.88444 0.0763242 0.0277011 0.0115352 0
 0.521256 0.241999 0.230069 0.00667565 0
 0.616807 0.101726 0.260614 0.0208532 0
ppred_PELACES
 0.436438 0.167062 0.370177 0.0263223 1.01821e-06
 0.379323 0.380761 0.0712016 0.157515 0.0112
 0.539882 0.257114 0.124661 0.0232525 0.0550903
 0.694909 0.216487 0.0495734 0.0239692 0.0150611
 0.604554 0.326726 0.0488095 0.0111408 0.00876988
 0.709274 0.22019 0.0582934 0.00869602 0.00354707
 0.421474 0.483477 0.0720369 0.0190183 0.00399373
 0.400029 0.363555 0.197711 0.0293355 0.00936901
 0.501357 0.287759 0.127859 0.0694331 0.0135913
 0.706424 0.199732 0.0542467 0.0240094 0.0155871
 0.807108 0.16124 0.0215649 0.0058316 0.00425566
 0.718738 0.251979 0.0244853 0.00326896 0.00152895
 0.658535 0.288264 0.0476827 0.00461377 0.000903862
 0.641721 0.288428 0.0590116 0.00971556 0.00112396
 0.746102 0.202345 0.0415566 0.00844548 0.00155074
 0.930136 0.0602823 0.00764377 0.00156206 0.000375645
 0.36822 0.610034 0.0187737 0.00237128 0.000600996
 0.885411 0.0626972 0.05011 0.0015381 0.000243479
 0.563557 0.410891 0.013998 0.0111571 0.000396612
 0.552352 0.326913 0.113691 0.00385981 0.00318523
 0.704857 0.212675 0.0602774 0.0208958 0.00129462
 0.714754 0.237464 0.0344583 0.00973916 0.00358482
 0.259144 0.621743 0.0992105 0.0143529 0.0055489
 0.708474 0.12188 0.142416 0.0226812 0.00454939
 0.537461 0.385224 0.0323564 0.0377428 0.00721591
 0.376798 0.438695 0.15371 0.0128892 0.0179077
 0.679069 0.177351 0.101117 0.0353765 0.00708734
 0.61712 0.311112 0.0396909 0.022591 0.00948617
 0.277756 0.553895 0.136832 0.0174309 0.014086
 0.391089 0.268011 0.261533 0.0645099 0.0148575
pobs_pel_tallas
 0 0 0 0 0 0 0 0 0 0 0 0 0 0 0 0 0 0 0 0 0 0 0 0 0 0
 0 0 0 0 0 0 0 0 0 0 0 0 0 0 0 0 0 0 0 0 0 0 0 0 0 0
 0 0 0 0 0 0 0 0 0 0 0 0 0 0 0 0 0 0 0 0 0 0 0 0 0 0
 0 0 0 0 0 0 0 0 0 0 0 0 0 0 0 0 0 0 0 0 0 0 0 0 0 0
 0 0 0 0 0 0 0 0 0 0 0 0 0 0 0 0 0 0 0 0 0 0 0 0 0 0
 0 0 0 0 0 0 0 0 0 0 0 0 0 0 0 0 0 0 0 0 0 0 0 0 0 0
 0 0 0 0 0 0 0 0 0 0 0 0 0 0 0 0 0 0 0 0 0 0 0 0 0 0
 0 0 0 0 0 0 0 0 0 0 0 0 0 0 0 0 0 0 0 0 0 0 0 0 0 0
 0 0 0 0 0 0 0 0 0 0 0 0 0 0 0 0 0 0 0 0 0 0 0 0 0 0
 0 0 0 0 0 0 0 0 0 0 0 0 0 0 0 0 0 0 0 0 0 0 0 0 0 0
 0 0 0 0 0 0 0 0 0 0 0 0 0 0 0 0 0 0 0 0 0 0 0 0 0 0
 0 0 0 0 0 0 0 0 0 0 0 0 0 0 0 0 0 0 0 0 0 0 0 0 0 0
 0.00862536 0 0 0.000197151 0.00414017 0.0128641 0.00837892 0.0270097 0.101434 0.158115 0.152841 0.127902 0.109271 0.109419 0.0830992 0.0579132 0.0238553 0.00714673 0.00463305 0.00128148 0.00103504 0.000492878 0.000147863 0.000147863 4.92878e-05 0
 0 0 0 0 0 0 0 0 0 0 0 0 0 0 0 0 0 0 0 0 0 0 0 0 0 0
 0 0 0 0 0 0 0 0.0054083 0.00873648 0.0413646 0.0450493 0.0745869 0.0622846 0.0627006 0.0613931 0.0827291 0.12552 0.122667 0.0946155 0.0697135 0.0546179 0.0294188 0.0215738 0.0213955 0.0102223 0.00600262
 0 0 0 0 0.00359764 0.0251062 0.0480494 0.140153 0.205849 0.193036 0.1447 0.116669 0.0760912 0.0342217 0.00950174 0.001854 0.000860785 0 0 0 0.000165536 0 0.000143464 0 0 0
 0 0 0 0 0 0 0 0.000145254 0.000435761 0.0275982 0.070085 0.0708112 0.156366 0.174668 0.174014 0.160142 0.0824315 0.0480064 0.0283245 0.00493863 0.00203355 0 0 0 0 0
 0 0 0 0 0 0 0 0 0 0 0 0 0 0 0 0 0 0 0 0 0 0 0 0 0 0
 0 0 1.00437e-05 0.000401748 0.00122533 0.00171747 0.00176769 0.0269171 0.070346 0.194647 0.189555 0.159765 0.064822 0.0314167 0.0384472 0.0292271 0.0345202 0.0313363 0.0194345 0.0106764 0.0143323 0.0359363 0.0279516 0.0138201 0.00172751 0
 0 0.0021121 0.0136068 0.0755702 0.200478 0.177729 0.0527432 0.0373336 0.0318909 0.0142505 0.0149659 0.0166563 0.0217959 0.0798694 0.0677717 0.0528807 0.04013 0.0224614 0.0357745 0.0225083 0.00881397 0.00855152 0.00135912 0.000746735 0 0
 0 0 0 0 5.4009e-05 0.00500934 0.000945158 0.0243581 0.138947 0.33067 0.221406 0.137944 0.0707744 0.0437923 0.0131692 0.00525238 0.0047753 0.00276346 9.45158e-05 9.00151e-06 2.25038e-05 9.00151e-06 4.50075e-06 0 0 0
 0.000866109 0.00284123 0.00948549 0.0512746 0.133035 0.25785 0.225252 0.132002 0.0553304 0.0519788 0.0540692 0.017754 0.00435017 0.00159236 0.00146478 0.000404838 0.000125132 0.000115318 0.000107957 0.000100596 0 0 0 0 0 0
 0 0 0 0 0.00144013 0.00171154 0.00461396 0.0210425 0.0478622 0.0707936 0.0888783 0.103762 0.0637923 0.0337046 0.0602308 0.124433 0.169614 0.0934646 0.0462172 0.0250306 0.0313229 0.00938855 0.002487 0.000210481 0 0
 0 0.00764035 0.051015 0.0998891 0.058973 0.0496711 0.0374665 0.0718981 0.12319 0.153886 0.159021 0.0857701 0.0377988 0.023471 0.0147837 0.00900784 0.00315554 0.000888139 0.00291439 0.00214683 0.00393193 0.00274676 0.000635225 9.99891e-05 0 0
 0 0 0 0 0 0 0 0 0 0 0 0 0 0 0 0 0 0 0 0 0 0 0 0 0 0
 0 0 0 0 0 0 0 0 0 0 0 0 0 0 0 0 0 0 0 0 0 0 0 0 0 0
 0 0 0 0 0 0 0 0 0 0 0 0 0 0 0 0 0 0 0 0 0 0 0 0 0 0
 0 0 0 0 0 0 0 0 0 0 0 0 0 0 0 0 0 0 0 0 0 0 0 0 0 0
 0 0 0 0 0 0 0 0 0 0 0 0 0 0 0 0 0 0 0 0 0 0 0 0 0 0
 0 0 0 0 0 0 0 0 0 0 0 0 0 0 0 0 0 0 0 0 0 0 0 0 0 0
ppred_pel_tallas
 1.13366e-16 3.59488e-05 0.000349436 0.00232212 0.010556 0.0328439 0.0699779 0.102138 0.102155 0.0700595 0.0331193 0.0113586 0.00436276 0.00489006 0.0089106 0.0153278 0.0235952 0.0328259 0.042019 0.0505252 0.0580955 0.0643995 0.068538 0.0691768 0.0653198 0.0570976
 1.19844e-16 3.12444e-05 0.000303707 0.00201824 0.00917464 0.0285459 0.0608215 0.0887784 0.0888152 0.0610012 0.0291497 0.0109199 0.00640367 0.00989348 0.0182947 0.030337 0.0440553 0.0562137 0.0636009 0.064912 0.0615833 0.0567748 0.0532864 0.0520201 0.0519322 0.0511328
 1.15318e-16 4.44695e-05 0.000432259 0.00287251 0.013058 0.0406286 0.0865644 0.126348 0.126373 0.0866863 0.0410383 0.0142436 0.00585597 0.00697053 0.012537 0.0208552 0.0305122 0.0393832 0.0453356 0.0474263 0.0464269 0.0441679 0.0422448 0.0411312 0.0402398 0.0386231
 1.06439e-16 5.72388e-05 0.000556382 0.00369735 0.0168076 0.0522949 0.111421 0.162626 0.162647 0.111523 0.0526381 0.0177992 0.00618836 0.0060009 0.0104173 0.0171848 0.0248791 0.0315679 0.0353288 0.0353015 0.0321953 0.0277727 0.0237327 0.02087 0.0190055 0.0174878
 1.04094e-16 4.97964e-05 0.000484038 0.00321661 0.0146222 0.0454954 0.0969339 0.141485 0.141516 0.0970878 0.0460122 0.0161149 0.00696373 0.00866497 0.0155897 0.0257017 0.0370379 0.0466166 0.0514303 0.0500942 0.0436641 0.0349034 0.0266127 0.0203242 0.016115 0.0132641
 1.03211e-16 5.8422e-05 0.000567883 0.00377378 0.0171551 0.0533759 0.113724 0.165988 0.166009 0.113828 0.053725 0.0181639 0.0063081 0.00610711 0.0105983 0.0174803 0.0252955 0.0320595 0.0357796 0.0355213 0.0319326 0.0267438 0.0216716 0.017601 0.0145234 0.0120099
 1.04786e-16 3.47164e-05 0.000337455 0.00224251 0.0101942 0.0317181 0.0675804 0.0986454 0.098692 0.0678082 0.0324828 0.0124029 0.00778704 0.0124423 0.0230272 0.0380221 0.0547884 0.0689385 0.076014 0.0739507 0.064293 0.0511148 0.0385555 0.0288971 0.0222933 0.0177375
 1.10326e-16 3.295e-05 0.000320285 0.00212841 0.00967547 0.0301042 0.0641414 0.0936236 0.0936589 0.0643139 0.0306839 0.011353 0.00635055 0.00957453 0.0177177 0.0295241 0.0431924 0.0557038 0.0639547 0.0664496 0.0640531 0.059119 0.053774 0.0487926 0.0437578 0.038
 1.13027e-16 4.12962e-05 0.000401414 0.00266754 0.0121262 0.0377294 0.0803875 0.117334 0.117362 0.0805239 0.0381878 0.0134522 0.00600386 0.00771124 0.014003 0.0232943 0.0340516 0.0438891 0.0504035 0.052521 0.0510842 0.0481148 0.0453668 0.0433468 0.0414117 0.0385853
 1.06663e-16 5.81873e-05 0.000565601 0.00375862 0.0170861 0.0531615 0.113267 0.16532 0.16534 0.113361 0.0534783 0.018002 0.00606014 0.00559827 0.00964132 0.0159142 0.0230809 0.0293739 0.0330382 0.0332884 0.0307664 0.0270585 0.0236715 0.0212728 0.0196498 0.0181875
 1.01969e-16 6.64805e-05 0.000646214 0.00429432 0.0195214 0.0607383 0.12941 0.188881 0.188896 0.129486 0.0609932 0.0202577 0.00614266 0.00468102 0.00772899 0.0126717 0.0182464 0.022944 0.0252745 0.0245549 0.0213124 0.0169233 0.0127855 0.00966834 0.00761445 0.00626168
 1.01358e-16 5.92015e-05 0.00057546 0.00382413 0.017384 0.0540881 0.115241 0.168203 0.168227 0.11536 0.0544862 0.0185335 0.00670854 0.00686896 0.0120023 0.0197237 0.028348 0.0355227 0.0388893 0.0373554 0.0317446 0.0242441 0.0171146 0.0116601 0.00804867 0.0057865
 1.02066e-16 5.42427e-05 0.000527259 0.00350382 0.0159279 0.0495577 0.105589 0.154116 0.154144 0.105725 0.0500137 0.0172451 0.00681063 0.00774722 0.0137696 0.0226861 0.0326921 0.0411429 0.0453701 0.0441256 0.0383045 0.0303087 0.0225923 0.0165299 0.0122609 0.00925618
 1.02942e-16 5.28577e-05 0.000513796 0.00341436 0.0155212 0.0482923 0.102893 0.150181 0.150209 0.103029 0.048749 0.0168406 0.00672755 0.00775089 0.0138101 0.02278 0.0328857 0.0415096 0.0460083 0.0451452 0.039798 0.0323141 0.0250613 0.0193201 0.0151603 0.012033
 1.02361e-16 6.14555e-05 0.000597369 0.00396973 0.0180458 0.0561474 0.119629 0.174606 0.174625 0.119724 0.0564678 0.0189715 0.00629433 0.00567526 0.00971485 0.0159882 0.0230833 0.0291474 0.0323293 0.0317664 0.0280789 0.0229141 0.0179279 0.0140065 0.0111811 0.00904833
 1.00457e-16 7.66141e-05 0.000744716 0.0049489 0.022497 0.0699965 0.149135 0.217668 0.217674 0.149164 0.0700918 0.0227722 0.00563966 0.00225239 0.00293918 0.00473572 0.00680951 0.0085521 0.00939956 0.00909219 0.00782408 0.00610961 0.00447582 0.0032199 0.00237143 0.00180958
 1.01038e-16 3.03299e-05 0.000294818 0.00195917 0.00890615 0.0277106 0.0590426 0.0861867 0.0862454 0.0593293 0.028673 0.0116842 0.00892711 0.0154877 0.028831 0.0474749 0.0680562 0.0848858 0.0921856 0.0872899 0.0722705 0.0526207 0.034095 0.0201273 0.011293 0.00639288
 1.01658e-16 7.29302e-05 0.000708907 0.00471094 0.0214152 0.0666308 0.141964 0.207202 0.207208 0.141994 0.0667313 0.0217062 0.00544437 0.00231997 0.00316172 0.005187 0.00763966 0.00996815 0.0116478 0.0124111 0.0123604 0.0118182 0.0110547 0.0101334 0.00897577 0.00753273
 1.01696e-16 4.64195e-05 0.000451214 0.00299848 0.0136307 0.0424103 0.0903611 0.131893 0.131932 0.0905542 0.0430586 0.0155023 0.00769315 0.0106886 0.0194564 0.0320068 0.0459038 0.05731 0.0623515 0.0592531 0.0494228 0.0365544 0.0244906 0.0154837 0.00984562 0.00670068
 1.04291e-16 4.54965e-05 0.000442243 0.00293886 0.0133596 0.041567 0.088564 0.129268 0.1293 0.0887185 0.0420861 0.0148602 0.00671024 0.00869104 0.0157575 0.0260976 0.0378648 0.0481808 0.0541091 0.0542406 0.0494534 0.0421755 0.0347999 0.0285379 0.0233871 0.018844
 1.04109e-16 5.80582e-05 0.000564346 0.00375028 0.0170482 0.0530435 0.113016 0.164954 0.164974 0.113116 0.0533809 0.0180234 0.00620057 0.00592177 0.0102576 0.0169314 0.0245385 0.0311824 0.0349638 0.035002 0.0319287 0.0273921 0.0229923 0.0194984 0.0168113 0.0144505
 1.02639e-16 5.88734e-05 0.00057227 0.00380294 0.0172876 0.0537883 0.114603 0.167271 0.167293 0.114714 0.0541639 0.0183724 0.00652598 0.00651711 0.0113505 0.018675 0.0269048 0.033852 0.0373266 0.0363187 0.0315941 0.0251612 0.0190581 0.0144039 0.0112629 0.00912194
 1.05401e-16 2.13455e-05 0.000207486 0.00137882 0.00626796 0.0195023 0.0415538 0.0606616 0.0607216 0.0418467 0.0204858 0.0091088 0.00851042 0.015778 0.0295989 0.0489148 0.0704963 0.0887184 0.0978407 0.0951886 0.0827175 0.0656331 0.0492411 0.0364923 0.0276403 0.0214733
 1.07186e-16 5.83561e-05 0.000567242 0.00376952 0.0171357 0.0533156 0.113595 0.165798 0.16581 0.113653 0.0535125 0.017707 0.00521336 0.00375129 0.00619969 0.0104031 0.015555 0.0207613 0.0251167 0.0281558 0.0300139 0.0311006 0.0315936 0.0312323 0.0295705 0.0264113
 1.06039e-16 4.427e-05 0.00043032 0.00285963 0.0129995 0.0404464 0.0861768 0.125785 0.125822 0.0863581 0.0410551 0.0147572 0.0072708 0.0100567 0.0183178 0.030192 0.0434448 0.0545558 0.0599838 0.058139 0.050358 0.0400217 0.0305356 0.0237274 0.0195893 0.0170723
 1.08871e-16 3.10365e-05 0.000301685 0.00200481 0.00911359 0.028356 0.060417 0.0881893 0.0882317 0.0606244 0.0290527 0.0111278 0.00706762 0.0113767 0.0211314 0.0350597 0.0509078 0.0648636 0.0730272 0.0735554 0.0676702 0.0586498 0.0496775 0.0422878 0.036328 0.0309473
 1.07711e-16 5.5934e-05 0.000543699 0.00361307 0.0164245 0.0511028 0.108881 0.158918 0.158935 0.108965 0.051386 0.017244 0.00567649 0.00506932 0.00871337 0.0144808 0.0212422 0.0275317 0.0318833 0.033618 0.0331873 0.0317221 0.030175 0.0287728 0.0271246 0.0247344
 1.05096e-16 5.08314e-05 0.000494099 0.00328347 0.0149262 0.046441 0.0989487 0.144425 0.144455 0.0990952 0.046933 0.0163471 0.00685027 0.00828074 0.0148402 0.0244575 0.0352397 0.0443495 0.0489374 0.0477121 0.0417174 0.0336217 0.0261058 0.0205988 0.0170944 0.0147955
 1.08223e-16 2.28785e-05 0.000222387 0.00147784 0.0067181 0.0209028 0.0445376 0.0650151 0.0650686 0.0447989 0.0217806 0.00925466 0.00784939 0.0141461 0.0265093 0.0439002 0.0634965 0.0803873 0.0895534 0.0886463 0.0793245 0.0659991 0.0530646 0.042813 0.0352486 0.0292625
 1.166e-16 3.22135e-05 0.000313127 0.00208084 0.00945922 0.0294313 0.0627074 0.0915288 0.091555 0.0628356 0.0298628 0.0107103 0.00523905 0.00726704 0.0134141 0.0225844 0.0336072 0.0445247 0.0533117 0.0589829 0.0619936 0.0635142 0.0642384 0.0637995 0.0612105 0.0557963
pSPR Fmed_Fpbrs
0.572081   0.246901 0.246901
Fs Fmed_Fpbrs
0.34   1.005 1.005
SSBpbr Bo_Bmed_Bpbrs
1.15819e+06  604667  228047 228047
Ro
125583
SPR SPRFo_SPRFmed_SPRFpbrs
893959 511417 220719
Fref
1.005
Nvult_r0
 45800.7 18466.7 18240.1 4502.04 1036.92
CTP_r0
 18168.5 9129.72 9136.11 2256.55 519.751
YTP_r0
610195
Np
 169417 32293 2248.35 735.573 811.981
Nvult_p0
 137124 27824.5 1945.14 636.513 702.639
CTP_p0
 54395 6921.5 2363.58 2304.74 711.663
 54395 13756.1 974.286 319.038 352.195
YTP_p0
 685081 696041
CBA_c0
632661
log_Ro
11.5607
likeval ReclasPelacesDesembMPH_pf_preclas_ppelaces_ptallas_desvR_qrecl_qpela
 12.2845 17.0607 0.0246529 0.00234198 209.823 115.875 100.473 0 22.6714 8.81507e-06 4.93025e-05 0.116956 0 0 0
q_reclas_q_pelaces
1.52178 2.69932
M
1
N
 162309 33173.3 73894.4 5255.94 0.203316
 89543.5 50758.2 9584.95 21215.5 1508.55
 90807 24378.2 11934.1 2227.19 5276.84
 133032 24831.3 5769.37 2791.73 1754.27
 109137 31285 4695.89 1072.12 843.965
 201339 34692.9 9262.03 1382.31 563.851
 78208.8 57206 8691.69 2297.1 482.404
 33254.7 15767 8603.88 1276.84 407.794
 32343.2 11013.5 4961.31 2696.22 527.798
 42947.8 7793.63 2159.61 956.874 621.245
 80853.6 8519.74 1144.37 309.534 225.888
 120896 26060.5 2574.77 344.059 160.93
 100266 26668.2 4480.89 433.938 85.0145
 71967 22775.9 4789.8 789.759 91.3715
 65313.1 11352.8 2378.56 483.913 88.8601
 327708 13001.2 1675.56 342.715 82.42
 77736.8 73085 2272.17 287.153 72.7804
 522406 20909.1 16876.8 518.3 82.0486
 329376 141905 4899.62 3908.07 138.93
 230664 80162.5 28240.5 959.437 791.784
 332697 57020.8 16327.6 5663.26 350.882
 458494 89275.8 13121.2 3711.07 1366.03
 86270.3 113870 18310 2650.03 1024.54
 267976 25055.6 29474.2 4695.76 941.895
 205886 80203.4 6781.88 7913.73 1513.02
 98881.1 61620.5 21709.1 1820.93 2529.96
 216136 30735.3 17644.2 6175.25 1237.17
 237588 64397.1 8263.68 4704.94 1975.68
 68578.7 73039.7 18139.3 2311.4 1867.89
 56586.9 21432.4 21083.3 5202.69 1198.28
pred_Ctot
 15587.2 4589.26 10465.1 745.291 0.028832
 15078 12005.9 2316.32 5132.83 364.997
 15093.3 5696.16 2849.15 532.33 1261.32
 31453.2 8045.1 1906.13 923.314 580.224
 9487.76 3930.08 604.043 138.083 108.705
 29589.8 7216.49 1969.56 294.291 120.05
 23451.2 22947.1 3548.88 938.807 197.164
 2114.69 1460.25 816.447 121.32 38.7495
 7298.75 3419.39 1571.24 854.791 167.339
 13144.7 3183.3 897.714 398.127 258.495
 6398.64 976.858 134.384 36.395 26.5617
 31885.4 9322.66 938.531 125.538 58.7223
 25207.2 9136.06 1564.72 151.684 29.7187
 27791.9 11368.8 2427.51 400.578 46.3471
 19903.6 4619.43 985.005 200.584 36.8348
 84930.8 4578.14 601.28 123.108 29.6079
 13551.6 17858.8 567.17 71.7592 18.1888
 88546.5 4976.29 4103.62 126.169 19.9742
 72859.9 43257.7 1523.73 1216.66 43.254
 49394.5 23717.5 8525.8 289.965 239.31
 58380.4 14019.5 4100.67 1423.94 88.2291
 97208.3 26172.1 3925.27 1111.38 409.119
 11703.8 21951.5 3609.58 523.04 202.227
 32116.9 4290.61 5163.64 823.658 165.223
 24674.7 13734 1188.1 1388.07 265.402
 9827.04 8811.84 3177.77 266.879 370.82
 26421.7 5363.99 3150.09 1103.83 221.159
 25045.6 9747.84 1280.22 729.796 306.473
 6610.58 10141.1 2578.21 328.94 265.84
 8010.23 4302.23 4327.18 1069.07 246.243
F
 0.162429 0.241552 0.247907 0.248251 0.248269
 0.301034 0.447676 0.459455 0.460093 0.460126
 0.296632 0.441128 0.452736 0.453363 0.453396
 0.447452 0.665418 0.682926 0.683874 0.683923
 0.146065 0.217217 0.222932 0.223241 0.223258
 0.258329 0.384168 0.394276 0.394823 0.394852
 0.601459 0.894445 0.917981 0.919254 0.919321
 0.10507 0.156252 0.160364 0.160586 0.160598
 0.423096 0.629197 0.645753 0.646649 0.646696
 0.617601 0.91845 0.942617 0.943924 0.943993
 0.132219 0.196626 0.201799 0.202079 0.202094
 0.511457 0.7606 0.780614 0.781696 0.781753
 0.482127 0.716983 0.735849 0.736869 0.736923
 0.846739 1.25921 1.29234 1.29413 1.29423
 0.614151 0.913319 0.937351 0.938651 0.938719
 0.500499 0.744305 0.76389 0.764949 0.765005
 0.313144 0.465684 0.477938 0.478601 0.478636
 0.303289 0.451028 0.462896 0.463538 0.463572
 0.413145 0.614399 0.630565 0.63144 0.631486
 0.397546 0.591201 0.606757 0.607598 0.607642
 0.315501 0.469189 0.481535 0.482203 0.482238
 0.392894 0.584282 0.599656 0.600488 0.600531
 0.236388 0.351539 0.360789 0.361289 0.361315
 0.206333 0.306843 0.314917 0.315353 0.315376
 0.206327 0.306834 0.314907 0.315344 0.315367
 0.168506 0.250589 0.257183 0.257539 0.257558
 0.210838 0.313543 0.321793 0.32224 0.322263
 0.179535 0.266991 0.274016 0.274396 0.274416
 0.16308 0.24252 0.248902 0.249247 0.249265
 0.247778 0.368477 0.378173 0.378697 0.378725
YTP_r0W_actual
 132630 145163 242107 71532.6 18763
YTP_p0W_proyectada
 410139 120780 56891.3 72184.6 25086.1
 410139 240044 23451.1 9992.26 12414.9
CTP_r0_actual
 18168.5 9129.72 9136.11 2256.55 519.751
CTP_p0_proyectada
 54395 6921.5 2363.58 2304.74 711.663
 54395 13756.1 974.286 319.038 352.195
Wmedp
 7.54 17.45 24.07 31.32 35.25
Frms_r0
 0.657512 0.977802 1.00353 1.00492 1.005
Zrms_r0
 1.65751 1.9778 2.00353 2.00492 2.005
nmprior
 7.29 8.9 8.7 0
nm_flota  nm_reclas  nm_pelaces    nm_pelaL
inf 14.267 7.01181 10.3513
cv_recla  cv_pelaces  cv_mph
0.324493 0.48603 1.36879
 ------------------------------------------------
Talla a la edad & desviaci?n 
 8 13.2811 15.8009 17.003 17.5766
 0.8 1.32811 1.58009 1.7003 1.75766
