    unsorted:	 2.392645914e-06 5.733787775e-05 8.686380078e-05 0.001499901667 3.348746371 0.8216177849 6.251250536 12.23174702 9.869307524 55.39232421 155.0814346 127.8365845 203.3251404 241.4981679 462.8343978 492.2736842 621.6991070 790.0557244 815.9864866 875.2287404 901.7290910 915.3832266 1052.751468 1138.066297 1267.914358 1365.873201 1441.511136 1535.047128 1682.754759 1806.597554 1991.782108 2290.040128 2299.644656 2215.197923 2382.257539 2524.973088 2721.174207 2842.836142 3039.051743 3159.010147 3667.158147 3736.431802 4214.885351 10132.07152 41237.37581 385500.2570 387815.2219 378251.0370 356957.7726 359471.3987 397728.2003 421398.4130 445473.5599 454311.6611 460192.5779 315987.3218 163559.2930 604981.9771 613681.1456 657172.6106 693079.5407 711369.7637 973744.6083 1052572.930 1131137.401 1188828.990 1510647.451 1658677.656 1818728.518 2299117.532 2439259.409 2479583.842 2739137.122 2945283.599 3287465.231 41865743.17
      sorted:	 2.392645914e-06 5.733787775e-05 8.686380078e-05 0.001499901667 0.8216177849 3.348746371 6.251250536 9.869307524 12.23174702 55.39232421 127.8365845 155.0814346 203.3251404 241.4981679 462.8343978 492.2736842 621.6991070 790.0557244 815.9864866 875.2287404 901.7290910 915.3832266 1052.751468 1138.066297 1267.914358 1365.873201 1441.511136 1535.047128 1682.754759 1806.597554 1991.782108 2215.197923 2290.040128 2299.644656 2382.257539 2524.973088 2721.174207 2842.836142 3039.051743 3159.010147 3667.158147 3736.431802 4214.885351 10132.07152 41237.37581 163559.2930 315987.3218 356957.7726 359471.3987 378251.0370 385500.2570 387815.2219 397728.2003 421398.4130 445473.5599 454311.6611 460192.5779 604981.9771 613681.1456 657172.6106 693079.5407 711369.7637 973744.6083 1052572.930 1131137.401 1188828.990 1510647.451 1658677.656 1818728.518 2299117.532 2439259.409 2479583.842 2739137.122 2945283.599 3287465.231 41865743.17
