    unsorted:	 2.335232214e-06 5.769464546e-05 9.155669862e-05 0.001399915092 5.966622399 5.153243479 3.093108101 12.09577165 12.45087902 51.83863940 124.1764172 151.6931024 202.7925824 237.3648332 464.0233067 491.1802294 617.1419638 792.8482861 894.0632831 891.0711412 827.3875696 923.0825759 1064.857533 1123.715061 1271.621245 1344.941163 1404.370650 1506.855561 1650.531297 1802.260040 1960.090665 2286.766926 2275.065087 2310.240227 2377.644163 2521.129656 2623.541472 2814.566793 2946.367121 3116.991210 3708.504279 4167.183224 10361.70113 41408.74140 386715.1185 389267.7253 381839.2196 366867.3865 360032.2058 403988.5976 429313.5954 169226.3783 316914.0452 452575.0584 468287.8069 609297.1206 625614.6482 664886.3403 701664.6456 728075.9610 974215.6397 1062792.452 1118851.822 1205017.960 1523321.205 1673484.238 1804028.762 2263304.784 2365556.725 2450077.801 2571003.399 2776956.430 3231057.664 40448144.18
      sorted:	 2.335232214e-06 5.769464546e-05 9.155669862e-05 0.001399915092 3.093108101 5.153243479 5.966622399 12.09577165 12.45087902 51.83863940 124.1764172 151.6931024 202.7925824 237.3648332 464.0233067 491.1802294 617.1419638 792.8482861 827.3875696 891.0711412 894.0632831 923.0825759 1064.857533 1123.715061 1271.621245 1344.941163 1404.370650 1506.855561 1650.531297 1802.260040 1960.090665 2275.065087 2286.766926 2310.240227 2377.644163 2521.129656 2623.541472 2814.566793 2946.367121 3116.991210 3708.504279 4167.183224 10361.70113 41408.74140 169226.3783 316914.0452 360032.2058 366867.3865 381839.2196 386715.1185 389267.7253 403988.5976 429313.5954 452575.0584 468287.8069 609297.1206 625614.6482 664886.3403 701664.6456 728075.9610 974215.6397 1062792.452 1118851.822 1205017.960 1523321.205 1673484.238 1804028.762 2263304.784 2365556.725 2450077.801 2571003.399 2776956.430 3231057.664 40448144.18
