years
 1991 1992 1993 1994 1995 1996 1997 1998 1999 2000 2001 2002 2003 2004 2005 2006 2007 2008 2009 2010 2011 2012 2013 2014 2015 2016 2017 2018 2019 2020 2021
reclasobs
 0 0 0 0 0 0 0 0 0 252601 567819 844713 477998 351125 339783 2.1784e+06 2.13404e+06 4.81314e+06 1.55562e+06 2.62356e+06 3.21686e+06 3.843e+06 1.13348e+06 3.07943e+06 1.97215e+06 2.03268e+06 2.025e+06 2.42433e+06 2.27542e+06 1.05018e+06 2.36338e+06
reclaspred
 3.77082e+06 2.155e+06 1.06528e+06 873438 910897 1.22709e+06 925291 790085 564834 427639 425796 585948 580206 477692 548070 1.08193e+06 1.55989e+06 2.36665e+06 2.30253e+06 1.78066e+06 3.01792e+06 2.44203e+06 2.25274e+06 2.8078e+06 2.47169e+06 2.23082e+06 2.27932e+06 2.28067e+06 2.49311e+06 1.6137e+06 2.12096e+06
pelacesobs
 0 0 0 0 0 0 0 0 0 0 0 0 0 0 0 552880 188675 0 991730 2.46772e+06 1.41603e+06 1.21717e+06 2.29649e+06 1.80582e+06 0 1.4828e+06 1.56532e+06 1.57751e+06 1.42118e+06 867257 1.10002e+06
pelacespred
 1.85293e+06 1.15994e+06 587178 385435 421187 561143 410082 404714 296589 208643 224070 247333 266034 234577 286394 474294 670057 1.09898e+06 1.16615e+06 870582 1.28867e+06 1.24423e+06 1.09242e+06 1.45905e+06 1.31647e+06 1.13507e+06 1.29989e+06 1.26041e+06 1.17937e+06 876096 1.0128e+06
mphobs
 0 0 0 0 0 0 0 0 0 0 0 0 498337 0 5186 125008 0 168611 109162 213762 579715 649985 157893 87575 83554 210694 70296 0 107559 103333 445601
mphpred
 3.7015e+06 2.46579e+06 1.23365e+06 674524 717268 791208 994335 624474 561913 393429 275999 442843 471406 399354 322104 518294 1.20272e+06 1.32155e+06 1.92815e+06 1.62512e+06 1.6686e+06 2.02502e+06 1.77218e+06 1.5651e+06 2.32662e+06 1.75355e+06 1.57615e+06 1.75354e+06 2.23953e+06 1.65941e+06 1.00535e+06
desembarqueobs
 494567 514787 250237 358949 120608 361735 552515 73892 212993 205616 52469 317467 293654 387597 252695 516296 358380 742168 942051 627588 828172 859565 418607 520667 417249 300574 415391 372974 316634 284311 391294
desembarquepred
 494573 513521 250860 358978 120613 361751 552570 73896.1 213041 205659 52471.7 317557 293729 387673 252696 516279 358412 742086 941912 627502 828267 859669 418636 520707 417275 300585 415407 372985 316652 284330 391296
Reclutas
 208121 117879 122670 195855 158045 257334 109827 52648.5 48274.1 69118.6 126793 147670 133317 105948 132367 504006 162257 675633 531013 337437 549595 666433 165740 459772 351780 185734 392123 407426 133238 120310 516683
log_desv_Rt
 0.020821 -0.54764 -0.507803 -0.0399201 -0.254419 0.23308 -0.61839 -1.35366 -1.4404 -1.08147 -0.474742 -0.322316 -0.424568 -0.654347 -0.431717 0.905291 -0.228118 1.19835 0.957489 0.504081 0.991884 1.18464 -0.206877 0.813433 0.545709 -0.0929825 0.654279 0.692562 -0.425157 -0.527223 0.930132
SSB
 3.7015e+06 2.46579e+06 1.23365e+06 674524 717268 791208 994335 624474 561913 393429 275999 442843 452082 393016 313665 504666 1.20272e+06 1.32155e+06 1.97983e+06 1.66746e+06 1.75177e+06 2.21486e+06 2.01331e+06 1.71474e+06 2.40773e+06 1.917e+06 1.63102e+06 1.75354e+06 2.3156e+06 1.62162e+06 1.10075e+06
BT
 4.9251e+06 3.33536e+06 1.6927e+06 1.44112e+06 1.25187e+06 2.09545e+06 1.54916e+06 1.23177e+06 1.04022e+06 802188 772490 1.01379e+06 1.08509e+06 1.17512e+06 1.27475e+06 2.13659e+06 2.1205e+06 4.38046e+06 4.41112e+06 2.95947e+06 4.82101e+06 4.38437e+06 3.26907e+06 5.36865e+06 3.87554e+06 3.40544e+06 4.66322e+06 4.25878e+06 3.16687e+06 2.5874e+06 3.79965e+06
Ftot
 0.116987 0.212885 0.207618 0.327913 0.111757 0.231138 0.503131 0.0794399 0.309258 0.389756 0.0932542 0.427638 0.399181 0.605429 0.330947 0.3366 0.193994 0.237237 0.32651 0.288714 0.217728 0.283131 0.161334 0.142125 0.14392 0.114926 0.141616 0.126556 0.114744 0.152352 0.133982
BD_Bspro_t
 0.981502 0.865256 0.722303 0.64067 0.626353 0.691666 0.671055 0.513141 0.573789 0.534731 0.515052 0.706407 0.586383 0.507021 0.436397 0.548363 0.650931 0.657102 0.691475 0.621565 0.58912 0.639777 0.646275 0.648868 0.745587 0.747052 0.759331 0.789663 0.820007 0.766872 0.727023
BD_Bspro
 2.54417 1.69482 0.847931 0.463625 0.493004 0.543825 0.683442 0.429224 0.386223 0.270418 0.189704 0.304382 0.310732 0.270134 0.215593 0.346875 0.826674 0.908349 1.36081 1.14611 1.20405 1.52235 1.38382 1.1786 1.65492 1.31763 1.12106 1.20527 1.5916 1.1146 0.756584
BD_Bo
 1.40374 0.935116 0.467844 0.255804 0.272014 0.300054 0.377088 0.236823 0.213098 0.149203 0.104669 0.167942 0.171446 0.149046 0.118953 0.191387 0.456116 0.50118 0.750823 0.632361 0.664333 0.839954 0.763519 0.65029 0.9131 0.726997 0.61854 0.665005 0.87816 0.614978 0.417444
BD_Brms
 8.05883 5.36846 2.68587 1.46856 1.56162 1.7226 2.16485 1.35959 1.22339 0.856566 0.6009 0.964149 0.984264 0.855667 0.682904 1.09875 2.61854 2.87725 4.31045 3.63036 3.81391 4.82214 4.38333 3.73329 5.24207 4.17366 3.55101 3.81777 5.04148 3.53056 2.39653
Sel_flota
 0.746566 0.982447 0.999061 0.999951 0.999997
 0.746566 0.982447 0.999061 0.999951 0.999997
 0.746566 0.982447 0.999061 0.999951 0.999997
 0.746566 0.982447 0.999061 0.999951 0.999997
 0.746566 0.982447 0.999061 0.999951 0.999997
 0.746566 0.982447 0.999061 0.999951 0.999997
 0.746566 0.982447 0.999061 0.999951 0.999997
 0.746566 0.982447 0.999061 0.999951 0.999997
 0.746566 0.982447 0.999061 0.999951 0.999997
 0.746566 0.982447 0.999061 0.999951 0.999997
 0.746566 0.982447 0.999061 0.999951 0.999997
 0.746566 0.982447 0.999061 0.999951 0.999997
 0.746566 0.982447 0.999061 0.999951 0.999997
 0.746566 0.982447 0.999061 0.999951 0.999997
 0.746566 0.982447 0.999061 0.999951 0.999997
 0.746566 0.982447 0.999061 0.999951 0.999997
 0.746566 0.982447 0.999061 0.999951 0.999997
 0.746566 0.982447 0.999061 0.999951 0.999997
 0.746566 0.982447 0.999061 0.999951 0.999997
 0.746566 0.982447 0.999061 0.999951 0.999997
 0.746566 0.982447 0.999061 0.999951 0.999997
 0.746566 0.982447 0.999061 0.999951 0.999997
 0.746566 0.982447 0.999061 0.999951 0.999997
 0.746566 0.982447 0.999061 0.999951 0.999997
 0.746566 0.982447 0.999061 0.999951 0.999997
 0.746566 0.982447 0.999061 0.999951 0.999997
 0.746566 0.982447 0.999061 0.999951 0.999997
 0.746566 0.982447 0.999061 0.999951 0.999997
 0.746566 0.982447 0.999061 0.999951 0.999997
 0.746566 0.982447 0.999061 0.999951 0.999997
 0.746566 0.982447 0.999061 0.999951 0.999997
Sel_reclas
 0.5 1 1 1 1
 0.5 1 1 1 1
 0.5 1 1 1 1
 0.5 1 1 1 1
 0.5 1 1 1 1
 0.5 1 1 1 1
 0.5 1 1 1 1
 0.5 1 1 1 1
 0.5 1 1 1 1
 0.5 1 1 1 1
 0.5 1 1 1 1
 0.5 1 1 1 1
 0.5 1 1 1 1
 0.5 1 1 1 1
 0.5 1 1 1 1
 0.5 1 1 1 1
 0.5 1 1 1 1
 0.5 1 1 1 1
 0.5 1 1 1 1
 0.5 1 1 1 1
 0.5 1 1 1 1
 0.5 1 1 1 1
 0.5 1 1 1 1
 0.5 1 1 1 1
 0.5 1 1 1 1
 0.5 1 1 1 1
 0.5 1 1 1 1
 0.5 1 1 1 1
 0.5 1 1 1 1
 0.5 1 1 1 1
 0.5 1 1 1 1
Sel_pelaces
 0.5 1 1 1 1
 0.5 1 1 1 1
 0.5 1 1 1 1
 0.5 1 1 1 1
 0.5 1 1 1 1
 0.5 1 1 1 1
 0.5 1 1 1 1
 0.5 1 1 1 1
 0.5 1 1 1 1
 0.5 1 1 1 1
 0.5 1 1 1 1
 0.5 1 1 1 1
 0.5 1 1 1 1
 0.5 1 1 1 1
 0.5 1 1 1 1
 0.5 1 1 1 1
 0.5 1 1 1 1
 0.5 1 1 1 1
 0.5 1 1 1 1
 0.5 1 1 1 1
 0.5 1 1 1 1
 0.5 1 1 1 1
 0.5 1 1 1 1
 0.5 1 1 1 1
 0.5 1 1 1 1
 0.5 1 1 1 1
 0.5 1 1 1 1
 0.5 1 1 1 1
 0.5 1 1 1 1
 0.5 1 1 1 1
 0.5 1 1 1 1
pf_obs 
 0.8446 0.082 0.0669 0.0065 0
 0.8095 0.147 0.0364 0.0071 0
 0.9664 0.0169 0.016 0.0007 0
 0.9276 0.0648 0.0075 0.0001 0
 0.7033 0.2144 0.0806 0.0017 0
 0.9318 0.0425 0.0243 0.0014 0
 0.5671 0.3108 0.0964 0.0239 0.0018
 0.0768 0.2599 0.5324 0.112 0.0189
 0.490249 0.384438 0.106611 0.0170017 0.00170017
 0.7925 0.1577 0.0466 0.003 0.0002
 0.840416 0.127587 0.0312969 0.00059994 9.999e-05
 0.8084 0.0986 0.0794 0.0134 0.0002
 0.7335 0.1905 0.0724 0.0035 0.0001
 0.4001 0.4547 0.1325 0.0127 0
 0.49795 0.308269 0.164784 0.0264974 0.00249975
 0.9179 0.0499 0.0305 0.0017 0
 0.2467 0.6533 0.0926 0.0074 0
 0.9418 0.0223 0.034 0.0019 0
 0.707729 0.231977 0.0356964 0.0245975 0
 0.517169 0.277429 0.184464 0.0207286 0.00020938
 0.811772 0.124168 0.05621 0.00726502 0.000585176
 0.764997 0.148141 0.077277 0.00933861 0.000247198
 0.163321 0.427699 0.378323 0.0303852 0.000271297
 0.753843 0.0900009 0.118128 0.0371064 0.000921714
 0.721811 0.176058 0.0630433 0.0369309 0.00215725
 0.143369 0.312575 0.442814 0.0836902 0.0175525
 0.692698 0.0596174 0.167031 0.0765114 0.00414204
 0.394062 0.376323 0.152708 0.0712218 0.00568511
 0.125707 0.32114 0.495352 0.0537591 0.00404204
 0.23352 0.215282 0.420074 0.123614 0.00750983
 0.796117 0.104755 0.0508955 0.0450114 0.00322123
pf_pred 
 0.408499 0.120106 0.446019 0.0253747 8.59928e-07
 0.384639 0.295221 0.0658983 0.240567 0.0136743
 0.540332 0.210229 0.120842 0.026491 0.102106
 0.708869 0.178525 0.0520194 0.0293664 0.0312196
 0.623382 0.289627 0.0537514 0.015364 0.0178754
 0.719471 0.192522 0.06795 0.0123975 0.00765933
 0.459648 0.419189 0.0836352 0.0289819 0.00854608
 0.441219 0.303694 0.198835 0.0388429 0.0174094
 0.513686 0.248301 0.130359 0.0839305 0.0237232
 0.695408 0.18005 0.0641982 0.0330659 0.0272785
 0.79522 0.155464 0.0293943 0.0102745 0.00964731
 0.691796 0.257892 0.0383543 0.00713002 0.00482787
 0.668251 0.250984 0.0678073 0.00988098 0.00307723
 0.631991 0.270767 0.07393 0.0195751 0.00373681
 0.748098 0.178857 0.054063 0.0144356 0.00454646
 0.892903 0.0859334 0.0151116 0.00448031 0.00157144
 0.444631 0.510503 0.0361395 0.00623344 0.00249371
 0.84002 0.0826154 0.071218 0.00495229 0.00119475
 0.636564 0.318589 0.023366 0.019776 0.00170524
 0.548038 0.318434 0.117334 0.00844122 0.00775237
 0.726087 0.170405 0.073335 0.0265171 0.00365594
 0.70273 0.232198 0.0407636 0.0172275 0.00708122
 0.329364 0.511005 0.125207 0.0215719 0.012851
 0.721416 0.110094 0.128925 0.0310405 0.0085258
 0.580217 0.325618 0.0376088 0.0432849 0.0132716
 0.442766 0.360586 0.153146 0.0173842 0.0261182
 0.711791 0.147768 0.0914316 0.0381754 0.0108339
 0.649379 0.268902 0.042258 0.0256982 0.013762
 0.347775 0.463242 0.145529 0.0224807 0.0209728
 0.460295 0.223225 0.2259 0.069767 0.0208123
 0.842871 0.0837099 0.0306823 0.0305134 0.0122235
pobs_RECLAS
 0 0 0 0 0
 0 0 0 0 0
 0 0 0 0 0
 0 0 0 0 0
 0 0 0 0 0
 0 0 0 0 0
 0 0 0 0 0
 0 0 0 0 0
 0 0 0 0 0
 0 0 0 0 0
 0.991045 0.00858322 0.000360255 1.14367e-05 0
 0.934742 0.0480273 0.0164251 0.00080598 0
 0.827803 0.169806 0.00239088 0 0
 0.941827 0.0461693 0.0120037 0 0
 0.791401 0.0380133 0.147996 0.0225897 0
 0.846168 0.0940531 0.0597789 0 0
 0.134021 0.677848 0.182769 0.00536245 0
 0.80878 0.0450904 0.141981 0.00414843 0
 0.846168 0.0940531 0.0597789 0 0
 0.905697 0.0802665 0.012482 0.00150086 5.37128e-05
 0.989698 0.0102097 9.19794e-05 0 0
 0.975433 0.0193895 0.00387452 0.00125025 5.28907e-05
 0.303575 0.632131 0.0575291 0.00676475 0
 0.966965 0.00978017 0.0227588 0.000495775 0
 0.843318 0.132988 0.00938335 0.0141283 0.000182051
 0.564624 0.303363 0.111486 0.0197234 0.00080311
 0.826376 0.0876187 0.0782897 0.00655872 0.00115652
 0.89761 0.0855135 0.0140674 0.00269457 0.000114338
 0.34875 0.467042 0.161289 0.0227151 0.000203297
 0.318654 0.224769 0.449479 0.00709798 0
 0.937255 0.0296025 0.0250945 0.00804832 0
ppred_RECLAS
 0.315883 0.140802 0.514092 0.0292212 9.90233e-07
 0.294339 0.341686 0.0749757 0.273456 0.015543
 0.439624 0.258736 0.146202 0.0320213 0.123416
 0.61922 0.235109 0.0673285 0.0379738 0.0403683
 0.522902 0.368356 0.0672146 0.019195 0.0223315
 0.630414 0.255017 0.0884768 0.0161279 0.00996355
 0.362948 0.496199 0.0972557 0.03367 0.00992799
 0.344027 0.359296 0.2313 0.0451446 0.0202329
 0.413945 0.301823 0.155739 0.100179 0.0283145
 0.604486 0.235509 0.0825163 0.0424614 0.0350278
 0.719942 0.213494 0.0396896 0.0138607 0.0130139
 0.599648 0.335965 0.0490946 0.00911812 0.00617375
 0.573519 0.324034 0.0860231 0.0125238 0.00390008
 0.536049 0.343 0.0919766 0.0243301 0.00464429
 0.664436 0.239471 0.071139 0.0189777 0.00597666
 0.847346 0.122913 0.0212423 0.00629212 0.00220682
 0.346324 0.601699 0.0418741 0.00721601 0.00288664
 0.777918 0.115641 0.0979908 0.00680778 0.00164231
 0.537949 0.405919 0.0292588 0.0247407 0.00213323
 0.446748 0.391794 0.141893 0.0101987 0.00936598
 0.638251 0.226524 0.0958313 0.0346199 0.00477286
 0.611193 0.304862 0.0526045 0.0222114 0.00912934
 0.245634 0.577151 0.139028 0.0239314 0.014256
 0.633289 0.146431 0.168589 0.0405537 0.0111382
 0.47804 0.40646 0.0461552 0.0530732 0.016272
 0.34523 0.426259 0.177996 0.020187 0.0303277
 0.621747 0.19557 0.118971 0.049629 0.0140837
 0.550938 0.345791 0.0534271 0.0324612 0.0173829
 0.26114 0.527373 0.162893 0.0251404 0.023453
 0.362546 0.266329 0.264975 0.0817611 0.0243891
 0.781116 0.117563 0.0423651 0.042094 0.0168618
pobs_PELACES
 0 0 0 0 0
 0 0 0 0 0
 0 0 0 0 0
 0 0 0 0 0
 0 0 0 0 0
 0 0 0 0 0
 0 0 0 0 0
 0 0 0 0 0
 0 0 0 0 0
 0 0 0 0 0
 0 0 0 0 0
 0 0 0 0 0
 0 0 0 0 0
 0 0 0 0 0
 0 0 0 0 0
 0 0 0 0 0
 0.505614 0.472636 0.0217494 0 0
 0 0 0 0 0
 0.443492 0.261883 0.143347 0.151278 0
 0.227955 0.32914 0.350689 0.0885471 0.00366901
 0.970185 0.0296113 0.000203453 0 0
 0.997202 0.00247181 0.000326279 0 0
 0.445219 0.490057 0.0546422 0.010081 0
 0.90214 0.0892962 0.00764917 0.000914606 0
 0 0 0 0 0
 0.581667 0.319106 0.0959925 0.00289975 0.000334073
 0.762889 0.0836404 0.116647 0.0363945 0.000428098
 0.88444 0.0763242 0.0277011 0.0115352 0
 0.521256 0.241999 0.230069 0.00667565 0
 0.616807 0.101726 0.260614 0.0208532 0
 0.833518 0.0704572 0.0857862 0.0102388 0
ppred_PELACES
 0.317965 0.140446 0.512461 0.0291274 9.87055e-07
 0.297923 0.340164 0.0745546 0.271904 0.0154547
 0.443764 0.256986 0.145048 0.0317666 0.122434
 0.625386 0.231466 0.0661661 0.0373146 0.0396673
 0.525108 0.366706 0.0668725 0.0190967 0.0222171
 0.634689 0.252168 0.0873775 0.0159264 0.00983906
 0.372195 0.489299 0.0956391 0.0331055 0.00976145
 0.345468 0.358577 0.230737 0.0450336 0.0201831
 0.420002 0.298955 0.153998 0.0990498 0.0279953
 0.611927 0.231283 0.0808628 0.0416058 0.0343217
 0.721428 0.212388 0.0394637 0.0137814 0.0129395
 0.607703 0.329331 0.0480125 0.00891602 0.00603687
 0.58123 0.318344 0.0843277 0.0122755 0.00382274
 0.547964 0.334484 0.0893957 0.0236432 0.00451313
 0.670272 0.23543 0.0698119 0.0186218 0.00586457
 0.850751 0.120215 0.0207378 0.00614208 0.00215419
 0.34977 0.598578 0.0416126 0.00717054 0.00286845
 0.781199 0.114004 0.096478 0.00670221 0.00161684
 0.544315 0.400415 0.0288105 0.0243593 0.00210034
 0.452424 0.387955 0.14028 0.0100819 0.0092587
 0.642259 0.224116 0.0946994 0.0342088 0.00471617
 0.616498 0.300805 0.051824 0.02188 0.0089931
 0.248007 0.575456 0.138497 0.0238389 0.0142008
 0.635964 0.145432 0.167308 0.0402439 0.0110531
 0.480881 0.404321 0.045876 0.05275 0.0161728
 0.347305 0.425003 0.17736 0.0201142 0.0302181
 0.624425 0.194259 0.118082 0.0492561 0.0139779
 0.553414 0.34394 0.0531043 0.0322639 0.0172772
 0.262903 0.526211 0.162432 0.0250684 0.0233857
 0.365405 0.265265 0.263696 0.0813629 0.0242703
 0.782954 0.116617 0.0419934 0.041723 0.0167132
pobs_pel_tallas
 0 0 0 0 0 0 0 0 0 0 0 0 0 0 0 0 0 0 0 0 0 0 0 0 0 0
 0 0 0 0 0 0 0 0 0 0 0 0 0 0 0 0 0 0 0 0 0 0 0 0 0 0
 0 0 0 0 0 0 0 0 0 0 0 0 0 0 0 0 0 0 0 0 0 0 0 0 0 0
 0 0 0 0 0 0 0 0 0 0 0 0 0 0 0 0 0 0 0 0 0 0 0 0 0 0
 0 0 0 0 0 0 0 0 0 0 0 0 0 0 0 0 0 0 0 0 0 0 0 0 0 0
 0 0 0 0 0 0 0 0 0 0 0 0 0 0 0 0 0 0 0 0 0 0 0 0 0 0
 0 0 0 0 0 0 0 0 0 0 0 0 0 0 0 0 0 0 0 0 0 0 0 0 0 0
 0 0 0 0 0 0 0 0 0 0 0 0 0 0 0 0 0 0 0 0 0 0 0 0 0 0
 0 0 0 0 0 0 0 0 0 0 0 0 0 0 0 0 0 0 0 0 0 0 0 0 0 0
 0 0 0 0 0 0 0 0 0 0 0 0 0 0 0 0 0 0 0 0 0 0 0 0 0 0
 0 0 0 0 0 0 0 0 0 0 0 0 0 0 0 0 0 0 0 0 0 0 0 0 0 0
 0 0 0 0 0 0 0 0 0 0 0 0 0 0 0 0 0 0 0 0 0 0 0 0 0 0
 0.00862536 0 0 0.000197151 0.00414017 0.0128641 0.00837892 0.0270097 0.101434 0.158115 0.152841 0.127902 0.109271 0.109419 0.0830992 0.0579132 0.0238553 0.00714673 0.00463305 0.00128148 0.00103504 0.000492878 0.000147863 0.000147863 4.92878e-05 0
 0 0 0 0 0 0 0 0 0 0 0 0 0 0 0 0 0 0 0 0 0 0 0 0 0 0
 0 0 0 0 0 0 0 0.0054083 0.00873648 0.0413646 0.0450493 0.0745869 0.0622846 0.0627006 0.0613931 0.0827291 0.12552 0.122667 0.0946155 0.0697135 0.0546179 0.0294188 0.0215738 0.0213955 0.0102223 0.00600262
 0 0 0 0 0.00359764 0.0251062 0.0480494 0.140153 0.205849 0.193036 0.1447 0.116669 0.0760912 0.0342217 0.00950174 0.001854 0.000860785 0 0 0 0.000165536 0 0.000143464 0 0 0
 0 0 0 0 0 0 0 0.000145254 0.000435761 0.0275982 0.070085 0.0708112 0.156366 0.174668 0.174014 0.160142 0.0824315 0.0480064 0.0283245 0.00493863 0.00203355 0 0 0 0 0
 0 0 0 0 0 0 0 0 0 0 0 0 0 0 0 0 0 0 0 0 0 0 0 0 0 0
 0 0 1.00437e-05 0.000401748 0.00122533 0.00171747 0.00176769 0.0269171 0.070346 0.194647 0.189555 0.159765 0.064822 0.0314167 0.0384472 0.0292271 0.0345202 0.0313363 0.0194345 0.0106764 0.0143323 0.0359363 0.0279516 0.0138201 0.00172751 0
 0 0.0021121 0.0136068 0.0755702 0.200478 0.177729 0.0527432 0.0373336 0.0318909 0.0142505 0.0149659 0.0166563 0.0217959 0.0798694 0.0677717 0.0528807 0.04013 0.0224614 0.0357745 0.0225083 0.00881397 0.00855152 0.00135912 0.000746735 0 0
 0 0 0 0 5.4009e-05 0.00500934 0.000945158 0.0243581 0.138947 0.33067 0.221406 0.137944 0.0707744 0.0437923 0.0131692 0.00525238 0.0047753 0.00276346 9.45158e-05 9.00151e-06 2.25038e-05 9.00151e-06 4.50075e-06 0 0 0
 0.000866109 0.00284123 0.00948549 0.0512746 0.133035 0.25785 0.225252 0.132002 0.0553304 0.0519788 0.0540692 0.017754 0.00435017 0.00159236 0.00146478 0.000404838 0.000125132 0.000115318 0.000107957 0.000100596 0 0 0 0 0 0
 0 0 0 0 0.00144013 0.00171154 0.00461396 0.0210425 0.0478622 0.0707936 0.0888783 0.103762 0.0637923 0.0337046 0.0602308 0.124433 0.169614 0.0934646 0.0462172 0.0250306 0.0313229 0.00938855 0.002487 0.000210481 0 0
 0 0.00764035 0.051015 0.0998891 0.058973 0.0496711 0.0374665 0.0718981 0.12319 0.153886 0.159021 0.0857701 0.0377988 0.023471 0.0147837 0.00900784 0.00315554 0.000888139 0.00291439 0.00214683 0.00393193 0.00274676 0.000635225 9.99891e-05 0 0
 0 0 0 0 0 0 0 0 0 0 0 0 0 0 0 0 0 0 0 0 0 0 0 0 0 0
 0 0 0 0 0 0 0 0 0 0 0 0 0 0 0 0 0 0 0 0 0 0 0 0 0 0
 0 0 0 0 0 0 0 0 0 0 0 0 0 0 0 0 0 0 0 0 0 0 0 0 0 0
 0 0 0 0 0 0 0 0 0 0 0 0 0 0 0 0 0 0 0 0 0 0 0 0 0 0
 0 0 0 0 0 0 0 0 0 0 0 0 0 0 0 0 0 0 0 0 0 0 0 0 0 0
 0 0 0 0 0 0 0 0 0 0 0 0 0 0 0 0 0 0 0 0 0 0 0 0 0 0
 0 0 0 0 0 0 0 0 0 0 0 0 0 0 0 0 0 0 0 0 0 0 0 0 0 0
ppred_pel_tallas
 1.17746e-16 2.61904e-05 0.00025458 0.00169178 0.00769057 0.0239283 0.0509823 0.0744132 0.0744275 0.0510526 0.0241664 0.00838815 0.00347964 0.00427924 0.00802568 0.0141526 0.022535 0.0328032 0.0444246 0.0568829 0.0695071 0.0810073 0.0892817 0.0919934 0.0877225 0.0768837
 1.32122e-16 2.45396e-05 0.000238534 0.00158514 0.00720585 0.0224203 0.0477699 0.0697285 0.0697615 0.0479309 0.0229611 0.00876998 0.00551939 0.00885521 0.0164769 0.0274463 0.0401551 0.0519139 0.0601233 0.0639085 0.0647554 0.0654508 0.0680888 0.072671 0.0772121 0.0790271
 1.28157e-16 3.65523e-05 0.000355302 0.00236111 0.0107333 0.0333953 0.0711531 0.103855 0.10388 0.0712752 0.0338059 0.0119218 0.00535483 0.00692505 0.0126168 0.0210765 0.0310234 0.0404594 0.0474125 0.0511126 0.0524647 0.0533201 0.0551136 0.0579448 0.0606732 0.0617294
 1.12424e-16 5.15123e-05 0.000500717 0.00332744 0.0151261 0.047063 0.100274 0.146357 0.146379 0.100383 0.0474305 0.0161885 0.00599787 0.00634271 0.0111841 0.0185096 0.0269063 0.03438 0.0389565 0.0397952 0.0377014 0.0345374 0.0320022 0.0307315 0.0302587 0.0296161
 1.07699e-16 4.32525e-05 0.00042043 0.00279391 0.0127007 0.0395168 0.0841961 0.122894 0.122929 0.0843689 0.0400973 0.0143778 0.00700514 0.00961875 0.017528 0.0289507 0.0418014 0.0527874 0.0585847 0.0576822 0.0512779 0.0424358 0.0342021 0.0281512 0.0242084 0.0214276
 1.05849e-16 5.22785e-05 0.000508166 0.00337694 0.0153511 0.0477631 0.101765 0.148534 0.148559 0.101884 0.0481636 0.016509 0.00628754 0.00687559 0.0121851 0.0201661 0.0292895 0.0373457 0.0421044 0.042523 0.039319 0.0343814 0.0295248 0.0255913 0.0224346 0.0195049
 1.07857e-16 3.06573e-05 0.000298 0.00198032 0.00900227 0.0280097 0.0596793 0.0871136 0.0871608 0.05991 0.0287844 0.0112406 0.00760131 0.0125767 0.0233741 0.0386569 0.0558344 0.070535 0.0783156 0.0771312 0.0685284 0.0565271 0.0451309 0.0364225 0.030356 0.0258002
 1.14683e-16 2.84558e-05 0.000276601 0.00183811 0.00835581 0.0259982 0.0553933 0.0808554 0.0808902 0.0555637 0.0265714 0.010015 0.00601727 0.00944705 0.0175839 0.0293892 0.0431869 0.0561002 0.0651689 0.0689796 0.0683546 0.0654572 0.0621073 0.0587375 0.0546506 0.0490335
 1.19192e-16 3.45951e-05 0.000336276 0.00223468 0.0101585 0.0316071 0.0673434 0.0982957 0.0983247 0.0674853 0.0320842 0.0115394 0.0057116 0.00796211 0.0146238 0.0244049 0.0358311 0.0465185 0.0540756 0.0574767 0.0576263 0.0565454 0.0558473 0.0557435 0.0552176 0.0529716
 1.12374e-16 5.04036e-05 0.000489941 0.00325583 0.0148006 0.0460501 0.0981155 0.143207 0.14323 0.098225 0.0464178 0.0158638 0.00592951 0.0063427 0.0112141 0.0185887 0.0270843 0.0347361 0.0395921 0.0408107 0.0391556 0.036404 0.0341454 0.0329213 0.0322285 0.0311411
 1.04766e-16 5.94231e-05 0.000577614 0.00383845 0.017449 0.0542905 0.115672 0.168832 0.168852 0.115773 0.0546268 0.0184205 0.00627801 0.0059066 0.0101903 0.0167802 0.0242336 0.030621 0.0340213 0.0335653 0.0299497 0.0249457 0.0203058 0.0169225 0.0147294 0.0131593
 1.03386e-16 5.00558e-05 0.00048656 0.00323336 0.0146984 0.0457324 0.0974389 0.142222 0.142253 0.0975941 0.0462533 0.0162028 0.00700957 0.00873038 0.0157075 0.0258909 0.0372974 0.0469136 0.0516973 0.0502412 0.0436016 0.0345645 0.0259669 0.0193813 0.0149243 0.0119087
 1.04393e-16 4.78752e-05 0.000465364 0.00309251 0.0140581 0.0437402 0.0931942 0.136026 0.136057 0.0933445 0.0442449 0.0155166 0.00675648 0.00847357 0.0152854 0.025268 0.0365665 0.0463395 0.0517055 0.0513101 0.0460862 0.0385326 0.0311321 0.0251693 0.0206424 0.0169452
 1.05801e-16 4.51352e-05 0.00043873 0.00291552 0.0132535 0.0412368 0.0878606 0.128242 0.128274 0.0880185 0.0417672 0.0147864 0.00676655 0.00885688 0.016066 0.0265763 0.0384844 0.0488253 0.0545936 0.0543903 0.0492125 0.0416834 0.0343789 0.0285834 0.0242086 0.0205354
 1.04935e-16 5.52094e-05 0.000536655 0.00356626 0.0162117 0.0504408 0.10747 0.156861 0.156884 0.107582 0.0508144 0.0172915 0.00627964 0.00646992 0.0113528 0.0187581 0.0271971 0.0345821 0.0388145 0.0389204 0.0355953 0.0306561 0.0258652 0.022067 0.0191492 0.0165793
 1.0161e-16 7.00752e-05 0.000681156 0.00452652 0.0205769 0.0640225 0.136407 0.199093 0.199104 0.136464 0.0642127 0.0211265 0.00590636 0.00369448 0.00579628 0.0094804 0.0136712 0.0172366 0.0190733 0.0186736 0.01642 0.0133135 0.010361 0.00810223 0.00654961 0.00543723
 1.02559e-16 2.88102e-05 0.000280046 0.001861 0.00845989 0.0263222 0.0560843 0.0818687 0.0819264 0.0563658 0.0272672 0.0111886 0.00870694 0.0152131 0.0283551 0.0467406 0.067116 0.0839506 0.0916215 0.0875304 0.0736692 0.0553161 0.0379517 0.0247762 0.016242 0.0111576
 1.0376e-16 6.43464e-05 0.00062547 0.00415647 0.0188947 0.0587885 0.125255 0.182816 0.182827 0.12531 0.0589714 0.0194245 0.00549242 0.00356169 0.00569865 0.00946975 0.0139848 0.0183115 0.0215171 0.0231267 0.0233231 0.0226683 0.021608 0.0202014 0.0182543 0.0156479
 1.03733e-16 4.48346e-05 0.000435808 0.0028961 0.0131653 0.0409623 0.0872758 0.12739 0.127428 0.0874642 0.0415946 0.0149913 0.00747782 0.0104318 0.0190117 0.031315 0.045005 0.0563894 0.0617435 0.0593708 0.0506342 0.039061 0.0282613 0.0202616 0.0152133 0.0121752
 1.06726e-16 3.72657e-05 0.000362235 0.00240718 0.0109427 0.0340471 0.0725423 0.105886 0.105923 0.0727258 0.0346633 0.0127243 0.00688549 0.0101592 0.0187044 0.0310212 0.0450501 0.0574112 0.0646481 0.0651131 0.0598583 0.0517486 0.0435741 0.0366939 0.031014 0.0258575
 1.07019e-16 5.29021e-05 0.000514227 0.00341722 0.0155342 0.0483328 0.102979 0.150305 0.150327 0.103085 0.0486895 0.0165657 0.00601175 0.00619573 0.0108951 0.0180651 0.0263411 0.0338072 0.0385363 0.0396364 0.037728 0.034398 0.0310958 0.0283719 0.0259263 0.0231883
 1.05289e-16 5.07802e-05 0.000493601 0.00328015 0.0149111 0.0463942 0.0988488 0.144279 0.144308 0.0989906 0.0468703 0.0162865 0.00673358 0.00803599 0.0143858 0.0237309 0.0342499 0.0432224 0.0479126 0.0470726 0.0416797 0.0342459 0.0272744 0.0220686 0.018588 0.0160869
 1.08938e-16 2.04282e-05 0.000198569 0.00131956 0.00599858 0.0186641 0.0397679 0.058054 0.0581096 0.0400394 0.019576 0.00863363 0.00793833 0.0146621 0.0275325 0.0455972 0.065946 0.08348 0.0929894 0.0920452 0.0823872 0.0686163 0.0553078 0.0448339 0.0371683 0.031114
 1.10772e-16 5.23835e-05 0.000509186 0.00338372 0.0153819 0.047859 0.101969 0.14883 0.148844 0.102039 0.048094 0.0160638 0.00510717 0.00431053 0.00738674 0.0124302 0.0186076 0.0248847 0.0302125 0.034076 0.0366785 0.0385333 0.0398357 0.0402002 0.0389656 0.0357454
 1.09455e-16 3.96096e-05 0.000385019 0.00255859 0.011631 0.0361886 0.077105 0.112545 0.112584 0.0772955 0.0368279 0.0134777 0.00719436 0.010506 0.0192653 0.0318005 0.0458471 0.0577638 0.0638905 0.0626068 0.0553305 0.045567 0.0367779 0.0307131 0.0271782 0.0249206
 1.12358e-16 2.86071e-05 0.000278072 0.00184789 0.00840025 0.0261365 0.0556881 0.081287 0.0813282 0.0558893 0.0268125 0.0103552 0.00676422 0.0110408 0.0205581 0.0341748 0.0497734 0.0637373 0.0723659 0.0739208 0.0695638 0.0623517 0.0551608 0.0492296 0.0441948 0.0391122
 1.10763e-16 5.14331e-05 0.000499948 0.00332233 0.0151029 0.0469907 0.100119 0.146131 0.14615 0.100212 0.0473012 0.0160017 0.0055864 0.00546855 0.00956505 0.0159359 0.0234349 0.0304982 0.0355613 0.0379172 0.0380761 0.037252 0.036413 0.0356873 0.0345084 0.0322133
 1.0778e-16 4.55841e-05 0.000443094 0.00294451 0.0133854 0.041647 0.0887345 0.129518 0.129551 0.0888966 0.0421912 0.0149576 0.00689202 0.00906402 0.0164291 0.0271187 0.0391371 0.0493898 0.0547656 0.0538686 0.0478597 0.0396557 0.0321403 0.0267786 0.0234403 0.0211468
 1.11294e-16 2.16551e-05 0.000210495 0.00139882 0.00635884 0.019785 0.0421559 0.0615384 0.0615893 0.0424045 0.0206201 0.00877268 0.0074648 0.0134755 0.0252818 0.0419384 0.0608254 0.0773581 0.0868483 0.087108 0.0796754 0.0685969 0.0578113 0.0492284 0.0426383 0.0368936
 1.19945e-16 3.0098e-05 0.000292563 0.00194419 0.00883801 0.0274985 0.0585894 0.0855183 0.0855443 0.0587163 0.0279259 0.0100774 0.00507391 0.00718678 0.0133063 0.0224314 0.0334422 0.0444446 0.0534897 0.0596619 0.0634526 0.0660149 0.067958 0.0687649 0.067252 0.0625458
 1.08255e-16 6.44909e-05 0.000626874 0.0041658 0.0189371 0.0589205 0.125537 0.183227 0.183238 0.125592 0.0591061 0.0194739 0.00551625 0.00358498 0.00571288 0.00942482 0.0137712 0.0177589 0.0204409 0.0214353 0.0211569 0.0204959 0.0201927 0.0204007 0.0207104 0.0205093
pSPR Fmed_Fpbrs
0.553452   0.224187 0.224187
Fs Fmed_Fpbrs
0.34   1.005 1.005
SSBpbr Bo_Bmed_Bpbrs
2.63688e+06  1.32754e+06  459310 459310
Ro
203832
SPR SPRFo_SPRFmed_SPRFpbrs
1.45489e+06 805214 326168
Fref
1.005
Nvult_r0
 426923 34087.4 12329.8 12253.3 4908.43
CTP_r0
 183009 16935.3 6177.37 6141.78 2460.33
YTP_r0
2.23008e+06
Np
 308548 53601.6 23571.6 1717.12 700.701
Nvult_p0
 254947 46255.2 20394.5 1485.88 606.344
CTP_p0
 109288 73734.3 5522.32 1988.98 2612.03
 109288 22980.5 10217.9 744.774 303.928
YTP_p0
 2.39798e+06 1.50502e+06
CBA_c0
2.28045e+06
log_Ro
12.0451
likeval ReclasPelacesDesembMPH_pf_preclas_ppelaces_ptallas_desvR_qrecl_qpela
 17.9027 19.7016 0.0633285 0.0047529 215.738 138.803 107.727 0 22.7365 2.74353e-08 0 0.318007 0 0 0
q_reclas_q_pelaces
0.976848 1
M
1
N
 208121 47028.5 171875 9769.96 0.331081
 117879 70160 15422.4 56254.8 3197.49
 122670 36992.8 20939.4 4586.58 17677.6
 195855 38647.9 11097.8 6260.17 6654.97
 158045 56405.6 10302 2942.16 3422.93
 257334 53487.3 18592.8 3389.51 2094
 109827 79663.9 15679.6 5429.52 1600.98
 52648.5 27751.4 17877 3489.31 1563.84
 48274.1 18253 9442.69 6074.82 1717
 69118.6 14097.7 4955.51 2550.46 2103.97
 126793 19007.7 3536.37 1235.05 1159.6
 147670 43507.5 6380.38 1185.23 802.506
 133317 39477.1 10515 1531.11 476.813
 105948 36405.3 9811.41 2596.06 495.56
 132367 24802.8 7388.4 1971.29 620.824
 504006 38035 6591.76 1952.82 684.914
 162257 144213 10052.4 1732.45 693.041
 675633 51642.8 43847 3046.53 734.95
 531013 208208 15048.5 12726.6 1097.34
 337437 153090 55576.4 3995.12 3668.95
 549595 100066 42409.8 15322.4 2112.43
 666433 171852 29723.2 12551.7 5159.04
 165740 198455 47869.2 8240.51 4908.9
 459772 54053.4 62306.2 14988.6 4116.68
 351780 152113 17293.7 19887.1 6097.29
 185734 116229 48580.9 5509.96 8277.83
 392123 62709.6 38192.9 15933.3 4521.57
 407426 129781 20073.2 12196.7 6531.33
 133238 136371 42161.8 6507.44 6070.68
 120310 44991.6 44819.6 13830.5 4125.63
 516683 39501.3 14250.6 14160.2 5672.26
pred_Ctot
 11081.5 3258.14 12099.3 688.348 0.0233275
 11092.5 8513.77 1900.42 6937.64 394.347
 11275.7 4387.05 2521.73 552.814 2130.75
 27424.7 6906.79 2012.53 1136.13 1207.83
 8051.85 3740.93 694.274 198.448 230.885
 26146.9 6996.6 2469.43 450.546 278.354
 22411.2 20438.5 4077.82 1413.08 416.683
 1925.69 1325.46 867.812 169.529 75.9831
 6410.61 3098.7 1626.84 1047.42 296.057
 11294.7 2924.33 1042.69 537.05 443.052
 5420.95 1059.79 200.379 70.0408 65.765
 26182.6 9760.51 1451.61 269.852 182.722
 22250.2 8356.8 2257.73 328.999 102.46
 25259.8 10822.2 2954.88 782.392 149.356
 18689.4 4468.3 1350.63 360.639 113.582
 72256.3 6953.98 1222.87 362.559 127.166
 13993.4 16066.6 1137.38 196.179 78.482
 70330.6 6916.96 5962.72 414.63 100.03
 74068 37069.7 2718.77 2301.06 198.415
 42091.3 24456.9 9011.64 648.315 595.409
 52816.2 12395.4 5334.45 1928.87 265.936
 81658.7 26981.9 4736.82 2001.88 822.853
 12006.2 18627.4 4564.12 786.352 468.453
 29512.8 4503.89 5274.25 1269.86 348.787
 22853.5 12825.4 1481.33 1704.9 522.738
 9721.4 7917.04 3362.47 381.69 573.452
 25084.2 5207.5 3222.15 1345.34 381.799
 23399.2 9689.39 1522.69 925.987 495.887
 6963.1 9274.98 2913.77 450.106 419.915
 8252.6 4002.2 4050.15 1250.85 373.143
 31343.6 3112.9 1140.97 1134.69 454.552
F
 0.0873389 0.114934 0.116878 0.116982 0.116987
 0.158933 0.209148 0.212685 0.212874 0.212884
 0.155001 0.203974 0.207423 0.207608 0.207617
 0.244809 0.322157 0.327605 0.327897 0.327912
 0.083434 0.109795 0.111652 0.111751 0.111757
 0.17256 0.227081 0.230921 0.231127 0.231138
 0.375621 0.494299 0.502658 0.503106 0.50313
 0.0593071 0.0780455 0.0793652 0.0794359 0.0794397
 0.230882 0.30383 0.308968 0.309243 0.309257
 0.290978 0.382914 0.38939 0.389736 0.389755
 0.0696205 0.0916173 0.0931666 0.0932496 0.093254
 0.31926 0.420132 0.427236 0.427617 0.427637
 0.298015 0.392175 0.398806 0.399162 0.39918
 0.451993 0.594802 0.60486 0.605399 0.605427
 0.247074 0.325138 0.330636 0.330931 0.330946
 0.251294 0.330692 0.336284 0.336584 0.336599
 0.144829 0.190588 0.193811 0.193984 0.193993
 0.177113 0.233072 0.237014 0.237225 0.237236
 0.243761 0.320778 0.326203 0.326493 0.326509
 0.215544 0.283646 0.288443 0.2887 0.288713
 0.162548 0.213906 0.217523 0.217717 0.217727
 0.211376 0.278162 0.282865 0.283117 0.283131
 0.120447 0.158502 0.161183 0.161326 0.161334
 0.106106 0.13963 0.141991 0.142118 0.142125
 0.107446 0.141394 0.143785 0.143913 0.14392
 0.0858002 0.112909 0.114818 0.114921 0.114926
 0.105726 0.13913 0.141483 0.141609 0.141616
 0.0944825 0.124335 0.126437 0.12655 0.126556
 0.0856641 0.11273 0.114636 0.114738 0.114744
 0.113741 0.149677 0.152208 0.152344 0.152351
 0.100026 0.13163 0.133856 0.133975 0.133981
YTP_r0W_actual
 1.51897e+06 238787 170495 210049 91770.4
YTP_p0W_proyectada
 824030 1.28666e+06 132922 62294.8 92074.1
 824030 401009 245944 23326.3 10713.5
CTP_r0_actual
 183009 16935.3 6177.37 6141.78 2460.33
CTP_p0_proyectada
 109288 73734.3 5522.32 1988.98 2612.03
 109288 22980.5 10217.9 744.774 303.928
Wmedp
 7.54 17.45 24.07 31.32 35.25
Frms_r0
 0.750299 0.987359 1.00406 1.00495 1.005
Zrms_r0
 1.7503 1.98736 2.00406 2.00495 2.005
nmprior
 7.29 8.9 8.7 0
nm_flota  nm_reclas  nm_pelaces    nm_pelaL
inf 7.4136 7.47342 13.6639
cv_recla  cv_pelaces  cv_mph
0.382723 0.503296 1.91209
 ------------------------------------------------
Talla a la edad & desviaci?n 
 8 13.2811 15.8009 17.003 17.5766
 0.8 1.32811 1.58009 1.7003 1.75766
