    unsorted:	 -1.302344657e-10 6.482145017e-09 3.782755999e-06 69894.33817 69778.24007 69709.97071 70122.43756 70431.87936 70709.61705 70891.31435 68612.73507 68214.04895 67930.41533 67710.03168 67554.60107 66937.92617 66110.53497 65959.73807 72572.53847 72372.17240 72727.13829 73520.94824 74064.48330 74312.93283 74513.94454 65269.86360 64861.10952 63989.88106 63823.24073 63369.09189 75697.58616 76133.20282 62526.97423 76925.35858 77722.34115 77860.17725 78067.32124 61465.59744 61274.60553 61086.06662 79156.27400 79300.15654 79720.18330 80660.03162 80956.88586 82241.83905 82075.95921 82544.74383 82713.42490 83407.60328 57426.32806 57215.90860 84475.58407 84876.37703 55644.84163 54128.25566 52645.89541 52313.09471 51293.30931 51017.78380 50366.71757 49468.74382 48964.23550 86428.65031 86765.58412 46959.32396 44862.09719 44021.95839 43024.78450 90601.49849 41213.77129 92444.58185 37345.73077 95313.61879 3.795967555 51.90479727 30.66424346 65.06572439 150.2479935 171.4647694 277.6061550 312.3042332 607.0934800 696.1774932 783.6033831 1199.504080 1442.221364 1569.214467 1598.927388 1867.407105 2113.879688 2225.518442 2926.643300 3748.178311 3983.597994 4064.356132 4658.055098 5479.513899 6066.086999 6865.033508 8218.412384 8779.668499 9823.028474 10978.45897 34157.05271 12750.64207 27293.68438 29000.43337 24810.97383 16905.80773 20053.53964 97122.14640 99224.01448 100474.6729 100687.7318 112496.8812 114203.0625 114812.4668 127240.2438 168829.6355 181963.7273 186802.8754 196716.0273 222136.3888 269146.0057 273077.0827 289450.5847 294961.8632 394622.1653 414027.6853 434109.5303 468740.0651 577342.3105 629206.3923 1219365.371 1224847.572 2709620.760
      sorted:	 -1.302344657e-10 6.482145017e-09 3.782755999e-06 3.795967555 30.66424346 51.90479727 65.06572439 150.2479935 171.4647694 277.6061550 312.3042332 607.0934800 696.1774932 783.6033831 1199.504080 1442.221364 1569.214467 1598.927388 1867.407105 2113.879688 2225.518442 2926.643300 3748.178311 3983.597994 4064.356132 4658.055098 5479.513899 6066.086999 6865.033508 8218.412384 8779.668499 9823.028474 10978.45897 12750.64207 16905.80773 20053.53964 24810.97383 27293.68438 29000.43337 34157.05271 37345.73077 41213.77129 43024.78450 44021.95839 44862.09719 46959.32396 48964.23550 49468.74382 50366.71757 51017.78380 51293.30931 52313.09471 52645.89541 54128.25566 55644.84163 57215.90860 57426.32806 61086.06662 61274.60553 61465.59744 62526.97423 63369.09189 63823.24073 63989.88106 64861.10952 65269.86360 65959.73807 66110.53497 66937.92617 67554.60107 67710.03168 67930.41533 68214.04895 68612.73507 69709.97071 69778.24007 69894.33817 70122.43756 70431.87936 70709.61705 70891.31435 72372.17240 72572.53847 72727.13829 73520.94824 74064.48330 74312.93283 74513.94454 75697.58616 76133.20282 76925.35858 77722.34115 77860.17725 78067.32124 79156.27400 79300.15654 79720.18330 80660.03162 80956.88586 82075.95921 82241.83905 82544.74383 82713.42490 83407.60328 84475.58407 84876.37703 86428.65031 86765.58412 90601.49849 92444.58185 95313.61879 97122.14640 99224.01448 100474.6729 100687.7318 112496.8812 114203.0625 114812.4668 127240.2438 168829.6355 181963.7273 186802.8754 196716.0273 222136.3888 269146.0057 273077.0827 289450.5847 294961.8632 394622.1653 414027.6853 434109.5303 468740.0651 577342.3105 629206.3923 1219365.371 1224847.572 2709620.760
