years
 1991 1992 1993 1994 1995 1996 1997 1998 1999 2000 2001 2002 2003 2004 2005 2006 2007 2008 2009 2010 2011 2012 2013 2014 2015 2016 2017 2018 2019 2020 2021 2022 2023
reclasobs
 0 0 0 0 0 0 0 0 0 252601 567819 844713 477998 351125 339783 2.1784e+06 2.13404e+06 4.81314e+06 1.55562e+06 2.62356e+06 3.21686e+06 3.843e+06 1.13348e+06 3.07943e+06 1.97215e+06 2.03268e+06 2.025e+06 2.42433e+06 2.27542e+06 1.05018e+06 2.36338e+06 3.18982e+06 1.53035e+06
reclaspred
 2.86246e+06 1.52548e+06 798457 784535 827266 1.58021e+06 762274 681213 475250 310919 539986 842714 747507 357808 584544 1.45361e+06 1.22771e+06 3.0492e+06 2.34942e+06 1.89015e+06 3.29318e+06 2.63907e+06 1.95212e+06 3.03017e+06 2.2615e+06 2.01549e+06 2.43846e+06 2.7956e+06 2.28148e+06 1.62012e+06 1.79224e+06 1.79952e+06 1.45121e+06
pelacesobs
 0 0 0 0 0 0 0 0 0 0 0 0 0 0 0 552880 188675 0 991730 2.46772e+06 1.41603e+06 1.21717e+06 2.29649e+06 1.80582e+06 0 1.4828e+06 1.56532e+06 1.57751e+06 1.42118e+06 867257 1.10002e+06 1.06204e+06 0
pelacespred
 1.5492e+06 889626 437730 350838 424329 840018 334817 432196 258210 152053 298036 400336 391626 168659 314200 658302 591927 1.65599e+06 1.29302e+06 916081 1.71237e+06 1.39238e+06 1.10226e+06 1.85248e+06 1.32793e+06 1.20331e+06 1.63631e+06 1.66915e+06 1.30575e+06 1.03521e+06 943530 1.02136e+06 798076
mphobs
 0 0 0 0 0 0 0 0 0 0 0 0 498337 0 5186 125008 0 168611 109162 213762 579715 649985 157893 87575 83554 210694 70296 0 107559 103333 445601 22526 28222
mphpred
 480766 331505 153827 88907.3 90938.4 117505 169607 77378.8 72789 42655.7 26867.7 75190.4 100023 59917.4 21982.5 56040.5 183787 149958 321810 366412 434109 506384 106746 84288.7 129732 103328 88257.3 100177 150501 108731 62874.2 87077.5 56492.3
desembarqueobs
 494567 514787 250237 358949 120608 361735 552515 73892 212993 205616 52469 317467 293654 387597 252695 516296 358380 742168 942051 627588 828172 859565 418607 520667 417249 300574 415391 372974 316634 284311 391294 218835 356480
desembarquepred
 494558 514133 250451 359014 120615 361733 552477 73898.4 213057 205673 52471.2 317476 293710 387613 252610 516128 358399 741897 941512 627183 828278 859482 418605 520707 417208 300567 415378 372919 316589 284257 391214 218849 356508
Reclutas
 164442 81033.8 89430.9 107649 97564.1 187847 64485.9 29669.8 30240.6 41406.7 83299.8 137234 86235.1 49297.1 79020.1 324681 62198.8 487421 287684 270876 324065 435341 81115 237862 217221 90587.2 206622 249893 86363.9 83134.6 154411 65794.9 128225
log_desv_Rt
 0.313696 -0.393997 -0.295397 -0.109986 -0.208353 0.446765 -0.622417 -1.39873 -1.37968 -1.06542 -0.366417 0.132827 -0.331785 -0.890999 -0.419161 0.993979 -0.658527 1.40026 0.873 0.812797 0.992081 1.28727 -0.392995 0.682829 0.59205 -0.282551 0.542027 0.73217 -0.330294 -0.368402 0.250758 -0.602321 0.0649216
SSB
 1.36231e+06 939365 435891 251931 257686 332966 480604 219263 206257 120871 76133.2 213062 268376 164504 59489.6 152418 520784 424926 945912 636206 774982 957731 908036 690008 986919 836224 672237 731284 1.14029e+06 772754 518599 727549 439026
BT
 2.07789e+06 1.44388e+06 703736 679904 561868 1.25431e+06 852878 542810 499501 363473 385000 713322 695370 583296 615394 1.18564e+06 921241 2.55492e+06 2.3324e+06 1.57396e+06 2.58462e+06 2.35015e+06 1.548e+06 2.58034e+06 1.83802e+06 1.57129e+06 2.26891e+06 2.23047e+06 1.64964e+06 1.398e+06 1.40326e+06 1.2802e+06 1.21146e+06
Ftot
 0.326871 0.593029 0.586894 1.02173 0.330282 0.591884 1.28604 0.236978 0.982736 1.45916 0.296929 0.938497 0.866768 2.26141 1.3784 1.12555 0.578187 0.709387 0.887116 0.792121 0.602341 0.76254 0.411568 0.443332 0.396087 0.301637 0.429488 0.357507 0.253848 0.346657 0.543067 0.240368 0.583381
BD_Bspro_t
 0.949774 0.707387 0.472298 0.378926 0.366954 0.479194 0.485491 0.274634 0.332432 0.261626 0.231311 0.533957 0.448611 0.285931 0.133184 0.275915 0.44788 0.38417 0.510051 0.387715 0.387612 0.434301 0.455029 0.426906 0.548207 0.567086 0.56678 0.613259 0.695186 0.614385 0.548497 0.601688 0.581471
BD_Bspro
 1.57364 1.08508 0.503508 0.291012 0.29766 0.384618 0.555158 0.253276 0.238253 0.139621 0.0879434 0.246113 0.310008 0.190023 0.0687179 0.176062 0.601571 0.490843 1.09265 0.734898 0.895201 1.1063 1.0489 0.797046 1.14001 0.965943 0.776518 0.844724 1.31718 0.892627 0.599047 0.840411 0.50713
BD_Bo
 2.34345 1.6159 0.74982 0.433372 0.443272 0.57277 0.826737 0.377177 0.354804 0.207922 0.130965 0.36651 0.461661 0.28298 0.102334 0.26219 0.895854 0.730959 1.62716 1.0944 1.33313 1.64749 1.56201 1.18695 1.6977 1.43847 1.15638 1.25796 1.96153 1.32929 0.892095 1.25153 0.755213
BD_Brms
 2.5075 1.72901 0.802309 0.463709 0.474302 0.612864 0.88461 0.40358 0.379641 0.222477 0.140132 0.392166 0.493978 0.30279 0.109498 0.280544 0.958565 0.782127 1.74106 1.17101 1.42645 1.76282 1.67135 1.27004 1.81654 1.53917 1.23733 1.34602 2.09885 1.42235 0.954544 1.33914 0.808079
Sel_flota
 0.404871 0.928191 0.995945 0.999786 0.999989
 0.404871 0.928191 0.995945 0.999786 0.999989
 0.404871 0.928191 0.995945 0.999786 0.999989
 0.404871 0.928191 0.995945 0.999786 0.999989
 0.404871 0.928191 0.995945 0.999786 0.999989
 0.404871 0.928191 0.995945 0.999786 0.999989
 0.404871 0.928191 0.995945 0.999786 0.999989
 0.404871 0.928191 0.995945 0.999786 0.999989
 0.404871 0.928191 0.995945 0.999786 0.999989
 0.404871 0.928191 0.995945 0.999786 0.999989
 0.404871 0.928191 0.995945 0.999786 0.999989
 0.404871 0.928191 0.995945 0.999786 0.999989
 0.404871 0.928191 0.995945 0.999786 0.999989
 0.404871 0.928191 0.995945 0.999786 0.999989
 0.404871 0.928191 0.995945 0.999786 0.999989
 0.404871 0.928191 0.995945 0.999786 0.999989
 0.404871 0.928191 0.995945 0.999786 0.999989
 0.404871 0.928191 0.995945 0.999786 0.999989
 0.404871 0.928191 0.995945 0.999786 0.999989
 0.404871 0.928191 0.995945 0.999786 0.999989
 0.404871 0.928191 0.995945 0.999786 0.999989
 0.404871 0.928191 0.995945 0.999786 0.999989
 0.404871 0.928191 0.995945 0.999786 0.999989
 0.404871 0.928191 0.995945 0.999786 0.999989
 0.404871 0.928191 0.995945 0.999786 0.999989
 0.404871 0.928191 0.995945 0.999786 0.999989
 0.404871 0.928191 0.995945 0.999786 0.999989
 0.404871 0.928191 0.995945 0.999786 0.999989
 0.404871 0.928191 0.995945 0.999786 0.999989
 0.404871 0.928191 0.995945 0.999786 0.999989
 0.404871 0.928191 0.995945 0.999786 0.999989
 0.404871 0.928191 0.995945 0.999786 0.999989
 0.404871 0.928191 0.995945 0.999786 0.999989
Sel_reclas
 1 1 1 1 1
 1 1 1 1 1
 1 1 1 1 1
 1 1 1 1 1
 1 1 1 1 1
 1 1 1 1 1
 1 1 1 1 1
 1 1 1 1 1
 1 1 1 1 1
 1 1 1 1 1
 1 1 1 1 1
 1 1 1 1 1
 1 1 1 1 1
 1 1 1 1 1
 1 1 1 1 1
 1 1 1 1 1
 1 1 1 1 1
 1 1 1 1 1
 1 1 1 1 1
 1 1 1 1 1
 1 1 1 1 1
 1 1 1 1 1
 1 1 1 1 1
 1 1 1 1 1
 1 1 1 1 1
 1 1 1 1 1
 1 1 1 1 1
 1 1 1 1 1
 1 1 1 1 1
 1 1 1 1 1
 1 1 1 1 1
 1 1 1 1 1
 1 1 1 1 1
Sel_pelaces
 0.887735 1 1 1 1
 0.887735 1 1 1 1
 0.887735 1 1 1 1
 0.887735 1 1 1 1
 0.887735 1 1 1 1
 0.887735 1 1 1 1
 0.887735 1 1 1 1
 0.887735 1 1 1 1
 0.887735 1 1 1 1
 0.887735 1 1 1 1
 0.887735 1 1 1 1
 0.887735 1 1 1 1
 0.887735 1 1 1 1
 0.887735 1 1 1 1
 0.887735 1 1 1 1
 0.887735 1 1 1 1
 0.887735 1 1 1 1
 0.887735 1 1 1 1
 0.887735 1 1 1 1
 0.887735 1 1 1 1
 0.887735 1 1 1 1
 0.887735 1 1 1 1
 0.887735 1 1 1 1
 0.887735 1 1 1 1
 0.887735 1 1 1 1
 0.887735 1 1 1 1
 0.887735 1 1 1 1
 0.887735 1 1 1 1
 0.887735 1 1 1 1
 0.887735 1 1 1 1
 0.887735 1 1 1 1
 0.887735 1 1 1 1
 0.887735 1 1 1 1
pf_obs 
 0.8446 0.082 0.0669 0.0065 0
 0.8095 0.147 0.0364 0.0071 0
 0.9664 0.0169 0.016 0.0007 0
 0.9276 0.0648 0.0075 0.0001 0
 0.7033 0.2144 0.0806 0.0017 0
 0.9318 0.0425 0.0243 0.0014 0
 0.5671 0.3108 0.0964 0.0239 0.0018
 0.0768 0.2599 0.5324 0.112 0.0189
 0.490249 0.384438 0.106611 0.0170017 0.00170017
 0.7925 0.1577 0.0466 0.003 0.0002
 0.840416 0.127587 0.0312969 0.00059994 9.999e-05
 0.8084 0.0986 0.0794 0.0134 0.0002
 0.7335 0.1905 0.0724 0.0035 0.0001
 0.4001 0.4547 0.1325 0.0127 0
 0.49795 0.308269 0.164784 0.0264974 0.00249975
 0.9179 0.0499 0.0305 0.0017 0
 0.2467 0.6533 0.0926 0.0074 0
 0.9418 0.0223 0.034 0.0019 0
 0.707729 0.231977 0.0356964 0.0245975 0
 0.517169 0.277429 0.184464 0.0207286 0.00020938
 0.811772 0.124168 0.05621 0.00726502 0.000585176
 0.764997 0.148141 0.077277 0.00933861 0.000247198
 0.163321 0.427699 0.378323 0.0303852 0.000271297
 0.753843 0.0900009 0.118128 0.0371064 0.000921714
 0.721811 0.176058 0.0630433 0.0369309 0.00215725
 0.143369 0.312575 0.442814 0.0836902 0.0175525
 0.692698 0.0596174 0.167031 0.0765114 0.00414204
 0.394062 0.376323 0.152708 0.0712218 0.00568511
 0.125707 0.32114 0.495352 0.0537591 0.00404204
 0.23352 0.215282 0.420074 0.123614 0.00750983
 0.796117 0.104755 0.0508955 0.0450114 0.00322123
 0.162477 0.292055 0.404252 0.121198 0.0200186
 0 0 0 0 0
pf_pred 
 0.442054 0.16857 0.361126 0.028249 1.19195e-06
 0.33447 0.444678 0.0705661 0.139427 0.0108586
 0.519179 0.277035 0.14043 0.0203142 0.0430415
 0.622117 0.282576 0.0570945 0.0263761 0.0118366
 0.593029 0.340475 0.0511253 0.00923104 0.00613906
 0.69658 0.23675 0.0565038 0.00782415 0.00234152
 0.361198 0.550379 0.0703824 0.0153014 0.00273856
 0.387922 0.401741 0.184264 0.0207831 0.0052895
 0.493012 0.306704 0.134941 0.0572747 0.00806927
 0.704067 0.223731 0.0456181 0.0179472 0.00863662
 0.804405 0.175468 0.0157085 0.00279953 0.00161899
 0.705945 0.267172 0.0243107 0.00200902 0.000562569
 0.531271 0.411596 0.0524073 0.0042758 0.000449531
 0.517956 0.372386 0.0975007 0.011157 0.001
 0.838119 0.137192 0.019819 0.0043346 0.000535009
 0.909017 0.0863173 0.00403079 0.000510592 0.000124533
 0.28089 0.697146 0.0209578 0.000869802 0.000136147
 0.872576 0.0644953 0.0611714 0.0016772 8.00917e-05
 0.513461 0.463052 0.0124649 0.0107159 0.000306163
 0.585523 0.313171 0.0968998 0.00234483 0.00206117
 0.639285 0.289475 0.0551348 0.0154084 0.000696568
 0.661525 0.279768 0.0479658 0.0083226 0.00241851
 0.217069 0.662485 0.101245 0.0157039 0.00349691
 0.647845 0.143916 0.178443 0.025065 0.00473123
 0.538018 0.382404 0.0341939 0.0389165 0.00646733
 0.314714 0.50881 0.148184 0.0121892 0.0161032
 0.637551 0.190884 0.129966 0.0349549 0.00664377
 0.600926 0.326814 0.0396031 0.0247669 0.00788978
 0.282091 0.564452 0.127527 0.0142407 0.0116894
 0.396178 0.291288 0.249744 0.0522189 0.0105714
 0.638186 0.225423 0.068611 0.0542122 0.0135682
 0.352964 0.532852 0.0735876 0.0204725 0.0201234
 0.61777 0.215468 0.139194 0.0177944 0.00977388
pobs_RECLAS
 0 0 0 0 0
 0 0 0 0 0
 0 0 0 0 0
 0 0 0 0 0
 0 0 0 0 0
 0 0 0 0 0
 0 0 0 0 0
 0 0 0 0 0
 0 0 0 0 0
 0 0 0 0 0
 0.991045 0.00858322 0.000360255 1.14367e-05 0
 0.934742 0.0480273 0.0164251 0.00080598 0
 0.827803 0.169806 0.00239088 0 0
 0.941827 0.0461693 0.0120037 0 0
 0.791401 0.0380133 0.147996 0.0225897 0
 0.846168 0.0940531 0.0597789 0 0
 0.134021 0.677848 0.182769 0.00536245 0
 0.80878 0.0450904 0.141981 0.00414843 0
 0.846168 0.0940531 0.0597789 0 0
 0.905697 0.0802665 0.012482 0.00150086 5.37128e-05
 0.989698 0.0102097 9.19794e-05 0 0
 0.975433 0.0193895 0.00387452 0.00125025 5.28907e-05
 0.303575 0.632131 0.0575291 0.00676475 0
 0.966965 0.00978017 0.0227588 0.000495775 0
 0.843318 0.132988 0.00938335 0.0141283 0.000182051
 0.564624 0.303363 0.111486 0.0197234 0.00080311
 0.826376 0.0876187 0.0782897 0.00655872 0.00115652
 0.89761 0.0855135 0.0140674 0.00269457 0.000114338
 0.34875 0.467042 0.161289 0.0227151 0.000203297
 0.318654 0.224769 0.449479 0.00709798 0
 0.937255 0.0296025 0.0250945 0.00804832 0
 0.456809 0.399803 0.12412 0.0192676 0
 0.883104 0.0372192 0.0704036 0.00927362 0
ppred_RECLAS
 0.660209 0.107971 0.215062 0.0167563 7.06873e-07
 0.550306 0.308171 0.0453471 0.089228 0.00694761
 0.725665 0.163175 0.0767035 0.0110499 0.0234073
 0.805344 0.148546 0.0276728 0.0127271 0.00571007
 0.774695 0.190709 0.0266247 0.00478817 0.00318368
 0.847075 0.121277 0.0268397 0.00370118 0.0011074
 0.591339 0.356178 0.0418159 0.00904817 0.00161899
 0.601007 0.268335 0.114519 0.0128657 0.00327378
 0.711189 0.180331 0.0731946 0.0309295 0.00435655
 0.862424 0.106251 0.0198278 0.00776262 0.00373459
 0.906038 0.0849119 0.00706964 0.00125494 0.000725588
 0.855233 0.132468 0.0111272 0.000915508 0.000256302
 0.735267 0.234646 0.0276083 0.00224275 0.000235735
 0.759238 0.190353 0.0448496 0.00510208 0.00045716
 0.930575 0.0596035 0.0078921 0.0017178 0.000211969
 0.961476 0.0366988 0.00157752 0.00019892 4.85047e-05
 0.481432 0.503849 0.0140476 0.000580609 9.08608e-05
 0.944531 0.0291422 0.0255945 0.000698797 3.33624e-05
 0.720384 0.267125 0.00664286 0.00568596 0.000162416
 0.776348 0.172151 0.0492714 0.0011872 0.00104334
 0.810343 0.154448 0.0272746 0.00759082 0.000343084
 0.826533 0.145279 0.0230489 0.00398224 0.00115696
 0.396561 0.51629 0.0733042 0.0113244 0.00252114
 0.818615 0.0774131 0.0891469 0.0124714 0.00235359
 0.734184 0.222829 0.018514 0.0209864 0.00348689
 0.521308 0.362003 0.0980462 0.00803304 0.0106103
 0.810392 0.103382 0.0653835 0.0175142 0.00332817
 0.78091 0.181796 0.0204772 0.0127548 0.00406235
 0.480847 0.414407 0.0871061 0.00968866 0.00795121
 0.613945 0.193356 0.15411 0.0320943 0.00649594
 0.811042 0.121111 0.0342002 0.0269122 0.00673412
 0.561713 0.365514 0.0469673 0.0130152 0.0127906
 0.798426 0.117382 0.0703223 0.00895287 0.00491644
pobs_PELACES
 0 0 0 0 0
 0 0 0 0 0
 0 0 0 0 0
 0 0 0 0 0
 0 0 0 0 0
 0 0 0 0 0
 0 0 0 0 0
 0 0 0 0 0
 0 0 0 0 0
 0 0 0 0 0
 0 0 0 0 0
 0 0 0 0 0
 0 0 0 0 0
 0 0 0 0 0
 0 0 0 0 0
 0 0 0 0 0
 0.505614 0.472636 0.0217494 0 0
 0 0 0 0 0
 0.443492 0.261883 0.143347 0.151278 0
 0.227955 0.32914 0.350689 0.0885471 0.00366901
 0.970185 0.0296113 0.000203453 0 0
 0.997202 0.00247181 0.000326279 0 0
 0.445219 0.490057 0.0546422 0.010081 0
 0.90214 0.0892962 0.00764917 0.000914606 0
 0 0 0 0 0
 0.581667 0.319106 0.0959925 0.00289975 0.000334073
 0.762889 0.0836404 0.116647 0.0363945 0.000428098
 0.88444 0.0763242 0.0277011 0.0115352 0
 0.521256 0.241999 0.230069 0.00667565 0
 0.616807 0.101726 0.260614 0.0208532 0
 0.833518 0.0704572 0.0857862 0.0102388 0
 0.697417 0.212968 0.0787535 0.0105354 0.000325836
 0 0 0 0 0
ppred_PELACES
 0.647164 0.112679 0.222804 0.0173524 7.32001e-07
 0.547247 0.311609 0.045249 0.0889681 0.0069271
 0.723202 0.16553 0.0767962 0.011055 0.0234172
 0.815008 0.141948 0.0258464 0.0118717 0.00532593
 0.763888 0.200085 0.0277283 0.00498454 0.00331417
 0.845237 0.123072 0.026879 0.00370381 0.00110815
 0.616851 0.335176 0.038235 0.00825984 0.0014778
 0.58255 0.281238 0.119391 0.0134091 0.00341199
 0.72315 0.174311 0.0692135 0.0292109 0.0041142
 0.87825 0.0947349 0.0171113 0.00668672 0.00321666
 0.900163 0.0902797 0.00746682 0.00132495 0.000766049
 0.860688 0.127703 0.0105042 0.000863222 0.000241649
 0.741602 0.229534 0.0264885 0.00214942 0.000225912
 0.806964 0.154222 0.034545 0.00391859 0.000351062
 0.93813 0.0533482 0.00684946 0.00148825 0.000183627
 0.964211 0.0341338 0.0014308 0.000180161 4.39273e-05
 0.476723 0.50861 0.0139982 0.000578143 9.04714e-05
 0.945101 0.0290601 0.0251208 0.000685246 3.27139e-05
 0.727383 0.260673 0.00635511 0.00543354 0.000155197
 0.780105 0.169947 0.0477867 0.00115027 0.00101084
 0.808408 0.156418 0.0272529 0.00757898 0.000342535
 0.828727 0.14384 0.0224349 0.00387241 0.00112499
 0.385448 0.5265 0.0740692 0.0114366 0.00254605
 0.813086 0.0802302 0.0914797 0.0127906 0.00241375
 0.724471 0.231312 0.0190493 0.0215825 0.00358582
 0.504987 0.374965 0.100874 0.0082616 0.010912
 0.804091 0.107291 0.0672068 0.0179928 0.00341902
 0.771187 0.190128 0.0212452 0.0132272 0.0042127
 0.462387 0.429638 0.0897966 0.0099847 0.00819402
 0.600755 0.200744 0.158763 0.0330488 0.00668899
 0.807829 0.123722 0.0345158 0.0271418 0.00679134
 0.542759 0.381667 0.0487802 0.0135134 0.01328
 0.796349 0.119243 0.0705115 0.00897032 0.00492583
pobs_pel_tallas
 0 0 0 0 0 0 0 0 0 0 0 0 0 0 0 0 0 0 0 0 0 0 0 0 0 0
 0 0 0 0 0 0 0 0 0 0 0 0 0 0 0 0 0 0 0 0 0 0 0 0 0 0
 0 0 0 0 0 0 0 0 0 0 0 0 0 0 0 0 0 0 0 0 0 0 0 0 0 0
 0 0 0 0 0 0 0 0 0 0 0 0 0 0 0 0 0 0 0 0 0 0 0 0 0 0
 0 0 0 0 0 0 0 0 0 0 0 0 0 0 0 0 0 0 0 0 0 0 0 0 0 0
 0 0 0 0 0 0 0 0 0 0 0 0 0 0 0 0 0 0 0 0 0 0 0 0 0 0
 0 0 0 0 0 0 0 0 0 0 0 0 0 0 0 0 0 0 0 0 0 0 0 0 0 0
 0 0 0 0 0 0 0 0 0 0 0 0 0 0 0 0 0 0 0 0 0 0 0 0 0 0
 0 0 0 0 0 0 0 0 0 0 0 0 0 0 0 0 0 0 0 0 0 0 0 0 0 0
 0 0 0 0 0 0 0 0 0 0 0 0 0 0 0 0 0 0 0 0 0 0 0 0 0 0
 0 0 0 0 0 0 0 0 0 0 0 0 0 0 0 0 0 0 0 0 0 0 0 0 0 0
 0 0 0 0 0 0 0 0 0 0 0 0 0 0 0 0 0 0 0 0 0 0 0 0 0 0
 0.00862536 0 0 0.000197151 0.00414017 0.0128641 0.00837892 0.0270097 0.101434 0.158115 0.152841 0.127902 0.109271 0.109419 0.0830992 0.0579132 0.0238553 0.00714673 0.00463305 0.00128148 0.00103504 0.000492878 0.000147863 0.000147863 4.92878e-05 0
 0 0 0 0 0 0 0 0 0 0 0 0 0 0 0 0 0 0 0 0 0 0 0 0 0 0
 0 0 0 0 0 0 0 0.0054083 0.00873648 0.0413646 0.0450493 0.0745869 0.0622846 0.0627006 0.0613931 0.0827291 0.12552 0.122667 0.0946155 0.0697135 0.0546179 0.0294188 0.0215738 0.0213955 0.0102223 0.00600262
 0 0 0 0 0.00359764 0.0251062 0.0480494 0.140153 0.205849 0.193036 0.1447 0.116669 0.0760912 0.0342217 0.00950174 0.001854 0.000860785 0 0 0 0.000165536 0 0.000143464 0 0 0
 0 0 0 0 0 0 0 0.000145254 0.000435761 0.0275982 0.070085 0.0708112 0.156366 0.174668 0.174014 0.160142 0.0824315 0.0480064 0.0283245 0.00493863 0.00203355 0 0 0 0 0
 0 0 0 0 0 0 0 0 0 0 0 0 0 0 0 0 0 0 0 0 0 0 0 0 0 0
 0 0 1.00437e-05 0.000401748 0.00122533 0.00171747 0.00176769 0.0269171 0.070346 0.194647 0.189555 0.159765 0.064822 0.0314167 0.0384472 0.0292271 0.0345202 0.0313363 0.0194345 0.0106764 0.0143323 0.0359363 0.0279516 0.0138201 0.00172751 0
 0 0.0021121 0.0136068 0.0755702 0.200478 0.177729 0.0527432 0.0373336 0.0318909 0.0142505 0.0149659 0.0166563 0.0217959 0.0798694 0.0677717 0.0528807 0.04013 0.0224614 0.0357745 0.0225083 0.00881397 0.00855152 0.00135912 0.000746735 0 0
 0 0 0 0 5.4009e-05 0.00500934 0.000945158 0.0243581 0.138947 0.33067 0.221406 0.137944 0.0707744 0.0437923 0.0131692 0.00525238 0.0047753 0.00276346 9.45158e-05 9.00151e-06 2.25038e-05 9.00151e-06 4.50075e-06 0 0 0
 0.000866109 0.00284123 0.00948549 0.0512746 0.133035 0.25785 0.225252 0.132002 0.0553304 0.0519788 0.0540692 0.017754 0.00435017 0.00159236 0.00146478 0.000404838 0.000125132 0.000115318 0.000107957 0.000100596 0 0 0 0 0 0
 0 0 0 0 0.00144013 0.00171154 0.00461396 0.0210425 0.0478622 0.0707936 0.0888783 0.103762 0.0637923 0.0337046 0.0602308 0.124433 0.169614 0.0934646 0.0462172 0.0250306 0.0313229 0.00938855 0.002487 0.000210481 0 0
 0 0.00764035 0.051015 0.0998891 0.058973 0.0496711 0.0374665 0.0718981 0.12319 0.153886 0.159021 0.0857701 0.0377988 0.023471 0.0147837 0.00900784 0.00315554 0.000888139 0.00291439 0.00214683 0.00393193 0.00274676 0.000635225 9.99891e-05 0 0
 0 0 0 0 0 0 0 0 0 0 0 0 0 0 0 0 0 0 0 0 0 0 0 0 0 0
 0 0 0 0 0 0 0 0 0 0 0 0 0 0 0 0 0 0 0 0 0 0 0 0 0 0
 0 0 0 0 0 0 0 0 0 0 0 0 0 0 0 0 0 0 0 0 0 0 0 0 0 0
 0 0 0 0 0 0 0 0 0 0 0 0 0 0 0 0 0 0 0 0 0 0 0 0 0 0
 0 0 0 0 0 0 0 0 0 0 0 0 0 0 0 0 0 0 0 0 0 0 0 0 0 0
 0 0 0 0 0 0 0 0 0 0 0 0 0 0 0 0 0 0 0 0 0 0 0 0 0 0
 0 0 0 0 0 0 0 0 0 0 0 0 0 0 0 0 0 0 0 0 0 0 0 0 0 0
 0 0 0 0 0 0 0 0 0 0 0 0 0 0 0 0 0 0 0 0 0 0 0 0 0 0
 0 0 0 0 0 0 0 0 0 0 0 0 0 0 0 0 0 0 0 0 0 0 0 0 0 0
ppred_pel_tallas
 1.08199e-16 5.3306e-05 0.000518154 0.00344331 0.0156528 0.0487018 0.103765 0.15145 0.151461 0.103819 0.0488867 0.0161911 0.00481006 0.00355313 0.00596752 0.0101722 0.0155567 0.0214506 0.0271369 0.0321747 0.0364586 0.0399008 0.0420734 0.0422356 0.0397894 0.0347782
 1.11481e-16 4.50761e-05 0.000438155 0.0029117 0.0132362 0.0411828 0.0877454 0.128073 0.128103 0.0878923 0.0416762 0.0146618 0.00649219 0.00826126 0.0149242 0.024663 0.0356815 0.0452375 0.0506044 0.0506239 0.0464308 0.0406698 0.0358205 0.0329244 0.031477 0.0302231
 1.07331e-16 5.95692e-05 0.000579034 0.00384789 0.0174919 0.054424 0.115957 0.169246 0.169262 0.116035 0.0546876 0.0182545 0.00576638 0.00478167 0.00808409 0.0133835 0.0195407 0.0251388 0.0287705 0.0297923 0.0286731 0.026586 0.0245917 0.0230739 0.0217712 0.0202027
 1.02875e-16 6.71312e-05 0.000652539 0.00433635 0.0197124 0.0613328 0.130676 0.190729 0.190743 0.130743 0.0615575 0.0203617 0.0059667 0.00421378 0.00683717 0.0112147 0.0161918 0.0204558 0.02272 0.0224011 0.0199623 0.016584 0.0134344 0.0111085 0.00956485 0.00843309
 1.01913e-16 6.29205e-05 0.000611609 0.00406436 0.018476 0.0574858 0.12248 0.178768 0.178787 0.122575 0.0578022 0.0193898 0.00635802 0.00561849 0.00957128 0.015722 0.0226379 0.0284585 0.0313302 0.0303961 0.0262996 0.02074 0.0154515 0.0114014 0.0086699 0.00684327
 1.01367e-16 6.96211e-05 0.000676742 0.00449719 0.0204436 0.0636076 0.135523 0.197802 0.197814 0.135581 0.0638025 0.0210067 0.00591152 0.00376652 0.00594428 0.00973399 0.0140548 0.0177554 0.0197075 0.0193841 0.0171566 0.0140191 0.0109719 0.00855185 0.00678366 0.00543378
 1.02268e-16 5.08093e-05 0.000493884 0.00328204 0.0149197 0.0464209 0.0989057 0.144363 0.144395 0.0990635 0.0469506 0.0164494 0.00712115 0.00887214 0.0159551 0.0262765 0.0377998 0.0474329 0.0520548 0.05022 0.0430157 0.0333221 0.0240988 0.0170276 0.0122911 0.00921852
 1.0544e-16 4.79839e-05 0.000466421 0.00309953 0.01409 0.0438395 0.0934056 0.136334 0.136361 0.0935388 0.0442868 0.0153837 0.00635266 0.00758775 0.0136304 0.0226079 0.0329113 0.0421104 0.0477299 0.0485822 0.0453901 0.0401356 0.0347091 0.029969 0.0257758 0.0216545
 1.05668e-16 5.9565e-05 0.000578993 0.00384761 0.0174907 0.0544201 0.115948 0.169234 0.169251 0.116031 0.0546974 0.0182926 0.00586424 0.00499418 0.00848286 0.0140301 0.0204426 0.0262114 0.0298358 0.030628 0.0290864 0.0264687 0.0239247 0.0218929 0.0201291 0.0181584
 1.01734e-16 7.23403e-05 0.000703174 0.00467284 0.0212421 0.0660919 0.140816 0.205527 0.205536 0.140861 0.0662419 0.0216753 0.00576074 0.00307937 0.00458909 0.00748272 0.0107975 0.0136331 0.0151261 0.0148838 0.0132126 0.0109005 0.00873105 0.00711011 0.00602185 0.00523097
 1.00502e-16 7.41452e-05 0.000720718 0.00478942 0.021772 0.0677409 0.14433 0.210655 0.210664 0.144372 0.0678835 0.0221837 0.00582242 0.00297432 0.00434992 0.00706283 0.0101409 0.012697 0.0138817 0.0133042 0.0112633 0.0085498 0.00598176 0.00403253 0.0027632 0.00199146
 1.00464e-16 7.08937e-05 0.000689112 0.00457939 0.0208173 0.0647703 0.138 0.201418 0.201431 0.138061 0.064972 0.0213996 0.00604043 0.00387641 0.00611773 0.00998468 0.0143362 0.0179422 0.0195998 0.0187523 0.0158188 0.0119165 0.00820552 0.00536406 0.00349169 0.00234533
 1.01077e-16 6.10848e-05 0.000593766 0.00394579 0.017937 0.0558087 0.118907 0.173553 0.173575 0.119015 0.0561715 0.0189845 0.00657461 0.00633052 0.0109502 0.0179901 0.0258706 0.0324482 0.0355766 0.0342567 0.0292246 0.0224494 0.015965 0.010943 0.00753924 0.00532768
 1.01489e-16 6.64686e-05 0.000646098 0.00429355 0.0195179 0.0607274 0.129387 0.188847 0.188862 0.129459 0.0609717 0.0202236 0.00606604 0.00451839 0.00742919 0.0121987 0.0176167 0.0222562 0.0247032 0.0242934 0.0214863 0.0175214 0.0136483 0.0105421 0.00824333 0.00647555
 1.00392e-16 7.72726e-05 0.000751117 0.00499144 0.0226903 0.0705981 0.150417 0.219539 0.219544 0.150442 0.0706825 0.0229339 0.00560277 0.00208546 0.0026108 0.0041922 0.00602742 0.00757058 0.00832211 0.00805203 0.00693172 0.00541571 0.00396957 0.0028557 0.00210021 0.00159684
 1.00076e-16 7.94208e-05 0.000771999 0.0051302 0.0233212 0.0725608 0.154599 0.225642 0.225645 0.154615 0.0726146 0.0234766 0.00552023 0.00162251 0.00169198 0.00266436 0.00381358 0.00475999 0.00517622 0.00491305 0.00408559 0.00299934 0.00197364 0.00119811 0.000703527 0.000423031
 1.00608e-16 3.92672e-05 0.000381691 0.00253647 0.0115305 0.0358758 0.0764391 0.111575 0.111624 0.0766781 0.0366781 0.0138464 0.00834519 0.0130465 0.0240458 0.0395691 0.0567113 0.0707129 0.0767499 0.0725958 0.0599784 0.0434852 0.0279285 0.0161899 0.0087666 0.00466997
 1.00807e-16 7.78467e-05 0.000756698 0.00502852 0.0228589 0.0711227 0.151534 0.22117 0.221172 0.151548 0.0711693 0.022994 0.00536914 0.00150534 0.00151445 0.0024189 0.00356583 0.0046677 0.00548127 0.00588231 0.00591353 0.00571477 0.0053988 0.00498441 0.0044309 0.00371982
 1.00822e-16 5.99136e-05 0.000582382 0.00387013 0.0175931 0.0547388 0.116628 0.170227 0.170252 0.11675 0.0551499 0.0187801 0.00684741 0.00707399 0.0123657 0.0202883 0.0290802 0.0362756 0.0394082 0.0373478 0.0309907 0.0226927 0.0149124 0.00910289 0.00548168 0.00350176
 1.01709e-16 6.42563e-05 0.000624594 0.00415065 0.0188683 0.0587062 0.12508 0.182562 0.182578 0.125161 0.0589757 0.019647 0.00610707 0.00490085 0.00820125 0.0134968 0.0195283 0.0247447 0.0275978 0.0273509 0.0244839 0.0203148 0.0161644 0.0127354 0.0100668 0.00788906
 1.01645e-16 6.65875e-05 0.000647255 0.00430123 0.0195528 0.0608361 0.129618 0.189185 0.1892 0.129692 0.0610836 0.0202678 0.00609652 0.00456776 0.0075164 0.0123313 0.0177818 0.0224122 0.0247836 0.0242291 0.0212391 0.0171101 0.0131516 0.0100739 0.00791176 0.00634435
 1.01264e-16 6.82612e-05 0.000663523 0.00440935 0.0200443 0.0623652 0.132876 0.193939 0.193953 0.132944 0.0625927 0.0207014 0.0060591 0.00426537 0.00691002 0.0113186 0.0163049 0.0205165 0.0226216 0.022002 0.0191117 0.0151576 0.011369 0.00842911 0.00639483 0.00498222
 1.0385e-16 3.17489e-05 0.000308611 0.00205083 0.00932281 0.029007 0.0618044 0.0902159 0.0902667 0.0620523 0.0298395 0.0117273 0.00808623 0.0134832 0.0250504 0.0413565 0.0595553 0.0748513 0.0823631 0.0798188 0.0688908 0.0540337 0.0398077 0.0287804 0.0212122 0.0160834
 1.04352e-16 6.69728e-05 0.000651 0.00432612 0.0196659 0.061188 0.130368 0.190277 0.190285 0.130406 0.0613176 0.0200417 0.00527552 0.00274395 0.00410165 0.00683086 0.0101973 0.0135821 0.0163794 0.0182765 0.0193632 0.019919 0.0200815 0.019706 0.0185245 0.0164245
 1.03381e-16 5.96737e-05 0.00058005 0.00385464 0.0175226 0.0545195 0.11616 0.169544 0.169567 0.116269 0.054885 0.018578 0.00650309 0.00635951 0.01103 0.0181259 0.0260744 0.0327322 0.0359673 0.0348208 0.0300926 0.0238133 0.018033 0.0138597 0.0113026 0.00974578
 1.05683e-16 4.15952e-05 0.00040432 0.00268685 0.012214 0.0380026 0.0809699 0.118186 0.118222 0.0811469 0.0385971 0.0139321 0.00700282 0.00983778 0.0179915 0.0297664 0.0430812 0.0546022 0.0609378 0.0604946 0.0543732 0.0455208 0.0368669 0.0299301 0.0247093 0.0204824
 1.0435e-16 6.62319e-05 0.000643798 0.00427826 0.0194484 0.0605111 0.128926 0.188173 0.188184 0.128977 0.0606826 0.0199447 0.00552834 0.00338668 0.00531651 0.0087921 0.0129115 0.0167676 0.0194726 0.0206069 0.0204216 0.0195688 0.0185936 0.0176195 0.0164253 0.0147546
 1.02702e-16 6.35217e-05 0.000617453 0.0041032 0.0186525 0.0580351 0.123651 0.180475 0.180494 0.12374 0.0583356 0.0195205 0.00628175 0.00537255 0.00909246 0.0149269 0.0214882 0.0270088 0.029737 0.0288786 0.0250737 0.0199651 0.0152126 0.0117153 0.00949169 0.00806774
 1.0509e-16 3.80863e-05 0.000370212 0.00246019 0.0111837 0.0347969 0.0741399 0.108218 0.10826 0.0743425 0.0354772 0.0131492 0.00739609 0.0111522 0.0205353 0.0339409 0.04901 0.0618802 0.0686219 0.0673984 0.059522 0.0484911 0.0378315 0.0294443 0.0234202 0.0189205
 1.0908e-16 4.94835e-05 0.000480997 0.00319639 0.0145304 0.0452094 0.0963242 0.140592 0.140612 0.0964199 0.0455313 0.0154627 0.00554705 0.00564658 0.00996002 0.0166497 0.0245927 0.0322106 0.0378943 0.0408609 0.0415025 0.0408733 0.0397771 0.0382542 0.0358069 0.0320156
 1.04899e-16 6.65398e-05 0.000646791 0.00429815 0.0195388 0.0607925 0.129525 0.189048 0.18906 0.129584 0.0609889 0.0201065 0.00572512 0.00376815 0.0060135 0.00988716 0.0143597 0.0183267 0.0207185 0.0210683 0.0197842 0.01784 0.0161317 0.0150088 0.0142628 0.0134495
 1.05108e-16 4.47064e-05 0.000434562 0.00288782 0.0131276 0.0408452 0.0870263 0.127025 0.127062 0.087206 0.0414486 0.0148705 0.00726233 0.00998343 0.0181778 0.0299764 0.0431691 0.0542724 0.0597682 0.0580459 0.0503667 0.0400058 0.0302876 0.023038 0.0183455 0.0153226
 1.03799e-16 6.55943e-05 0.0006376 0.00423707 0.0192611 0.0599286 0.127685 0.186362 0.186373 0.127741 0.0601189 0.019812 0.00562396 0.00367883 0.00588145 0.00972383 0.0142447 0.0184214 0.0212429 0.0222217 0.0216317 0.0202198 0.0186476 0.0171341 0.0155205 0.0135855
pSPR Fmed_Fpbrs
1   0.984578 0.6 0.325 0.984578 0.984578 0.984578
Fs Fmed_Fpbrs
0   0.01 0.380656 1.00304 0.01 0.01 0.01
SSBpbr Bo_Bmed_Bpbrs
581327  552261  543295 319730 159865 543295 543295 543295
Ro
120165
SPR SPRFo_SPRFmed_SPRFpbrs
865707 865707 852356
Fref
0
Nvult_r0
 90977.1 17259.2 10657.5 1359.14 746.433
CTP_r0
 17382.6 6062.76 3916.58 500.693 275.014
YTP_r0
356508
Np
 128225 47171.3 17353.3 6383.93 3212.49
Nvult_p0
 81053.5 29817.9 10969.4 4035.42 2030.68
CTP_p0
 0 0 0 0 0
 0 0 0 0 0
 0 0 0 0 0
 0 0 0 0 0
 0 0 0 0 0
 0 0 0 0 0
YTP_p0
 0 0 0 0 0 0
CBA_c0
0
log_Ro
11.5166
likeval ReclasPelacesDesembMPH_pf_preclas_ppelaces_ptallas_desvR_qrecl_qpela
 14.4539 17.2003 0.019385 28.1908 235.967 135.057 113.132 0 23.9057 1.22768e-05 3.17032e-05 0.0690731 2062.64 0 0
q_reclas_q_pelaces
1.64135 2.21728
M
1
N
 164442 29294.4 58999.7 4599.78 0.19405
 81033.8 52996.1 7956.58 15673.7 1220.49
 89430.9 23447.5 11243.3 1621.54 3435.15
 107649 25941.6 5002.89 2305.41 1034.44
 97564.1 26185.6 3696.89 665.267 442.355
 187847 31399.4 7089.72 978.778 292.871
 64485.9 54379.7 6668.58 1446.52 258.86
 29669.8 14094.2 6063.57 681.527 173.424
 30240.6 9916.34 4161.2 1761.7 248.168
 41406.7 7473.06 1465.24 575.252 276.795
 83299.8 8437.39 709.587 126.032 72.8718
 137234 27173.1 2356.24 194.213 54.3764
 86235.1 34526.2 4183.39 340.403 35.7828
 49297.1 22334.9 5681.38 649.125 58.1766
 79020.1 7259.31 1007.15 219.798 27.1261
 324681 16637 742.947 93.8856 22.8957
 62198.8 75727.2 2153.08 89.0889 13.9425
 487421 18106 16288.6 445.328 21.2627
 287684 134548 3448.01 2956.36 84.4544
 270876 73898.7 21725.9 524.284 460.793
 324065 72309.4 13032.6 3631.32 164.136
 435341 93417 15208.7 2631.51 764.592
 81115 117613 16933.4 2618.02 582.875
 237862 25260.3 29529.3 4134.61 780.31
 217221 73127.1 6157.92 6985.59 1160.7
 90587.2 68070.9 18625.9 1526.93 2016.88
 206622 29494 18926.7 5074.06 964.249
 249893 63879.8 7282.99 4539.55 1445.87
 86363.9 79542.3 16863.8 1876.64 1540.15
 83134.6 28668.3 23119.3 4817.96 975.197
 154411 26578.7 7644.83 6021.99 1506.94
 65794.9 45592.7 5906.42 1637.49 1609.27
 128225 21960 13418.6 1710.26 939.242
pred_Ctot
 13025.1 4966.92 10640.6 832.358 0.0351207
 11149.5 14823.2 2352.3 4647.75 361.969
 12189.6 6504.43 3297.12 476.95 1010.56
 23837.9 10827.6 2187.71 1010.66 453.546
 7804.07 4480.54 672.792 121.477 80.788
 25800.9 8769.08 2092.86 289.801 86.7283
 17254.1 26291.1 3362.1 730.934 130.818
 1729.33 1790.94 821.439 92.6496 23.5803
 6480.38 4031.46 1773.72 752.846 106.066
 12244 3890.75 793.312 312.107 150.194
 6023.33 1313.89 117.624 20.9627 12.1229
 28280.4 10703 973.893 80.482 22.5367
 16599.3 12860.1 1637.44 133.595 14.0454
 20092.6 14445.6 3782.25 432.802 38.7922
 22344.5 3657.58 528.379 115.562 14.2635
 77934.2 7400.38 345.578 43.7755 10.6768
 8363.84 20758.4 624.045 25.8994 4.05395
 78735.3 5819.61 5519.69 151.339 7.22693
 56494 50947.8 1371.46 1179.02 33.6859
 48217.8 25789.6 7979.7 193.097 169.737
 45220.3 20476.3 3900.01 1089.92 49.2723
 74952.2 31698.3 5434.63 942.968 274.022
 7977.81 24347.9 3721 577.157 128.52
 25069 5568.98 6905.03 969.915 183.08
 20612.7 14650.8 1310.05 1490.98 247.778
 6648.94 10749.6 3130.67 257.52 340.212
 21144.3 6330.67 4310.32 1159.28 220.34
 21539.6 11714.3 1419.54 887.744 282.802
 5377.07 10759.3 2430.84 271.448 222.816
 6960.76 5117.87 4387.94 917.473 185.737
 19613.7 6928.05 2108.66 1666.13 417
 3887.59 5868.89 810.502 225.486 221.641
 17382.6 6062.76 3916.58 500.693 275.014
F
 0.132341 0.303399 0.325545 0.326801 0.326867
 0.2401 0.550444 0.590624 0.592902 0.593022
 0.237616 0.54475 0.584514 0.586768 0.586887
 0.413668 0.948357 1.01758 1.02151 1.02171
 0.133722 0.306564 0.328942 0.330211 0.330278
 0.239637 0.549381 0.589484 0.591757 0.591877
 0.520681 1.19369 1.28083 1.28577 1.28603
 0.0959455 0.219961 0.236017 0.236927 0.236975
 0.397882 0.912167 0.978751 0.982526 0.982725
 0.590771 1.35438 1.45324 1.45884 1.45914
 0.120218 0.275607 0.295725 0.296866 0.296926
 0.379971 0.871105 0.934691 0.938296 0.938487
 0.350929 0.804526 0.863253 0.866582 0.866758
 0.915579 2.09902 2.25224 2.26092 2.26138
 0.558073 1.27942 1.37281 1.3781 1.37838
 0.455705 1.04473 1.12099 1.12531 1.12554
 0.234091 0.536668 0.575843 0.578063 0.578181
 0.28721 0.658447 0.70651 0.709235 0.709379
 0.359168 0.823413 0.883518 0.886926 0.887106
 0.320707 0.735239 0.788908 0.791951 0.792112
 0.243871 0.559088 0.599898 0.602212 0.602334
 0.30873 0.707783 0.759447 0.762376 0.762531
 0.166632 0.382014 0.409899 0.41148 0.411563
 0.179492 0.411497 0.441534 0.443237 0.443327
 0.160364 0.367644 0.394481 0.396002 0.396082
 0.122124 0.279977 0.300413 0.301572 0.301633
 0.173887 0.398647 0.427746 0.429396 0.429483
 0.144744 0.331835 0.356058 0.357431 0.357503
 0.102776 0.235619 0.252818 0.253794 0.253845
 0.140351 0.321764 0.345251 0.346583 0.346653
 0.219872 0.50407 0.540865 0.542951 0.543061
 0.097318 0.223107 0.239393 0.240316 0.240365
 0.236194 0.541489 0.581015 0.583256 0.583375
YTP_r0W_actual
 131065 105795 94272.1 15681.7 9694.24
YTP_p0W_proyectada
 0 0 0 0 0
 0 0 0 0 0
 0 0 0 0 0
 0 0 0 0 0
 0 0 0 0 0
 0 0 0 0 0
CTP_r0_actual
 17382.6 6062.76 3916.58 500.693 275.014
CTP_p0_proyectada
 0 0 0 0 0
 0 0 0 0 0
 0 0 0 0 0
 0 0 0 0 0
 0 0 0 0 0
 0 0 0 0 0
Wmedp
 7.54 17.45 24.07 31.32 35.25
Frms_r0
 0.236194 0.541489 0.581015 0.583256 0.583375
Zrms_r0
 1.23619 1.54149 1.58102 1.58326 1.58337
nmprior
 7.29 8.9 8.7 0
nm_flota  nm_reclas  nm_pelaces    nm_pelaL
inf 13.3509 18.6652 60.1791
cv_recla  cv_pelaces  cv_mph
0.329248 0.454317 0.709512
 ------------------------------------------------
Talla a la edad & desviaci?n 
 8 13.2811 15.8009 17.003 17.5766
 0.8 1.32811 1.58009 1.7003 1.75766
