years
 1991 1992 1993 1994 1995 1996 1997 1998 1999 2000 2001 2002 2003 2004 2005 2006 2007 2008 2009 2010 2011 2012 2013 2014 2015 2016 2017 2018 2019 2020 2021 2022 2023
reclasobs
 0 0 0 0 0 0 0 0 0 252601 567819 844713 477998 351125 339783 2.1784e+06 2.13404e+06 4.81314e+06 1.55562e+06 2.62356e+06 3.21686e+06 3.843e+06 1.13348e+06 3.07943e+06 1.97215e+06 2.03268e+06 2.025e+06 2.42433e+06 2.27542e+06 1.05018e+06 2.36338e+06 3.18982e+06 1.53035e+06
reclaspred
 7.10283e+06 1.96334e+06 1.59729e+06 1.00635e+06 66848.3 1.11262e+07 8.23177e+06 4.72304e+06 2.10406e+06 193646 300586 1.36824e+06 670486 408556 536626 2.21416e+06 913076 5.39845e+06 2.01987e+06 2.51356e+06 2.90166e+06 3.68855e+06 1.79732e+06 3.13253e+06 2.6953e+06 1.62175e+06 2.1207e+06 4.26685e+06 3.15669e+06 1.05063e+06 2.50467e+06 2.85621e+06 402680
pelacesobs
 0 0 0 0 0 0 0 0 0 0 0 0 0 0 0 552880 188675 0 991730 2.46772e+06 1.41603e+06 1.21717e+06 2.29649e+06 1.80582e+06 0 1.4828e+06 1.56532e+06 1.57751e+06 1.42118e+06 867257 1.10002e+06 1.06204e+06 0
pelacespred
 4.80269e+06 1.23356e+06 782408 353001 14987.8 7.22589e+06 5.25048e+06 3.46152e+06 1.51974e+06 75637.4 154871 663625 289530 161125 253778 1.02608e+06 361970 3.21486e+06 902023 1.06936e+06 1.38531e+06 1.78945e+06 857724 1.92921e+06 1.44889e+06 833301 1.39035e+06 2.5444e+06 1.79484e+06 618590 1.23587e+06 1.61838e+06 129410
mphobs
 0 0 0 0 0 0 0 0 0 0 0 0 498337 0 5186 125008 0 168611 109162 213762 579715 649985 157893 87575 83554 210694 70296 0 107559 103333 445601 22526 28222
mphpred
 1.95572e+06 787310 133653 265700 53040.5 1952.15 2.12437e+06 1.22199e+06 667337 149325 5620.92 40754.6 176125 32645.2 16881.9 43387.8 288313 73464.1 627433 255601 681121 462660 145564 56634.1 129012 121778 52195 84744.6 258131 123754 27728.1 137612 65382.9
desembarqueobs
 494567 514787 250237 358949 120608 361735 552515 73892 212993 205616 52469 317467 293654 387597 252695 516296 358380 742168 942051 627588 828172 859565 418607 520667 417249 300574 415391 372974 316634 284311 391294 218835 356480
desembarquepred
 494492 514134 250415 358110 120399 361614 552144 73878.5 212789 205140 52432.4 317011 293096 386487 252198 515433 357872 741144 939299 626138 827087 857920 418021 520048 416568 300131 414731 372533 316142 283392 390617 218645 355350
Reclutas
 1500.4 952.806 238849 2932.64 1165.85 827423 1317.1 424.011 736.487 1532.49 30669.6 162832 32604.7 63681.5 50150.2 273623 3761.26 501766 67207.8 288010 154687 465029 4292.69 155914 178343 13264.4 123882 222109 18127.6 19048.9 156485 50935.2 2115.98
log_desv_Rt
 -2.85708 -3.31115 2.21303 -2.1869 -3.10936 3.45551 -2.98738 -4.1208 -3.56867 -2.83592 0.160465 1.82991 0.221649 0.891088 0.652216 2.34895 -1.93805 2.95533 0.944982 2.40019 1.7786 2.87929 -1.80589 1.7865 1.9209 -0.67772 1.55652 2.14036 -0.365374 -0.315797 1.79015 0.667747 -2.51329
SSB
 1.90187e+06 765634 129974 258385 51580.2 1898.41 2.06588e+06 1.18835e+06 648964 145213 5466.16 39632.5 157845 30111.6 15243.1 40141.4 280375 71441.5 643923 125773 350365 255211 485101 180185 369586 379760 151091 230054 730807 322301 88276.4 433320 203645
BT
 2.33574e+06 1.04843e+06 559285 378916 111507 3.64298e+06 2.53268e+06 1.4126e+06 816524 270685 115056 563289 371154 471355 363602 880683 424190 2.15435e+06 1.23942e+06 965070 1.26876e+06 1.53394e+06 675587 1.37008e+06 991800 580728 1.0676e+06 1.47173e+06 968721 550084 872538 843302 363580
Ftot
 0.274676 0.948188 0.934565 1.24111 3.6529 0.233418 0.264808 0.0629618 0.394772 2.73091 1.15121 1.43466 1.72212 4.28676 2.70964 1.49266 1.35638 0.918609 1.69304 1.49373 1.35616 1.34441 0.864264 0.983782 0.793677 0.733421 1.14089 0.544581 0.400325 1.07384 0.991932 0.348802 2.43618
BD_Bspro_t
 0.957004 0.653207 0.25498 0.40738 0.0953145 0.00594713 0.805768 0.657313 0.593132 0.278021 0.027322 0.250402 0.32279 0.0730659 0.038428 0.0956723 0.294635 0.0995265 0.389215 0.115997 0.220776 0.175158 0.292757 0.148065 0.292451 0.348006 0.217499 0.329667 0.577565 0.38268 0.185365 0.462267 0.342381
BD_Bspro
 10.1057 4.06825 0.690625 1.37295 0.274075 0.0100873 10.9772 6.31436 3.44832 0.771603 0.0290449 0.21059 0.838719 0.16 0.0809955 0.213294 1.48979 0.37961 3.42153 0.668306 1.86169 1.35608 2.57762 0.957428 1.96382 2.01789 0.802835 1.22241 3.8832 1.71257 0.469063 2.30248 1.08208
BD_Bo
 4.67732 1.88294 0.319647 0.635453 0.126852 0.00466879 5.08067 2.92253 1.59601 0.357127 0.0134431 0.0974692 0.388191 0.0740543 0.0374878 0.0987207 0.689534 0.175698 1.58362 0.309317 0.861662 0.627646 1.19302 0.443134 0.908931 0.933954 0.371582 0.565777 1.79729 0.792643 0.2171 1.06567 0.50083
BD_Brms
 5.01144 2.01745 0.342481 0.680845 0.135914 0.0050023 5.4436 3.13129 1.71002 0.382638 0.0144034 0.104432 0.415921 0.0793442 0.0401657 0.105773 0.73879 0.188249 1.69674 0.331413 0.923213 0.672481 1.27824 0.474789 0.97386 1.00067 0.398126 0.606192 1.92568 0.849264 0.232608 1.1418 0.536606
Sel_flota
 0.484402 1 1 1 1
 0.484402 1 1 1 1
 0.484402 1 1 1 1
 0.484402 1 1 1 1
 0.484402 1 1 1 1
 0.484402 1 1 1 1
 0.484402 1 1 1 1
 0.484402 1 1 1 1
 0.484402 1 1 1 1
 0.484402 1 1 1 1
 0.484402 1 1 1 1
 0.484402 1 1 1 1
 0.484402 1 1 1 1
 0.484402 1 1 1 1
 0.484402 1 1 1 1
 0.484402 1 1 1 1
 0.484402 1 1 1 1
 0.484402 1 1 1 1
 0.484402 1 1 1 1
 0.484402 1 1 1 1
 0.484402 1 1 1 1
 0.484402 1 1 1 1
 0.484402 1 1 1 1
 0.484402 1 1 1 1
 0.484402 1 1 1 1
 0.484402 1 1 1 1
 0.484402 1 1 1 1
 0.484402 1 1 1 1
 0.484402 1 1 1 1
 0.484402 1 1 1 1
 0.484402 1 1 1 1
 0.484402 1 1 1 1
 0.484402 1 1 1 1
Sel_reclas
 0.869429 1 1 1 1
 0.869429 1 1 1 1
 0.869429 1 1 1 1
 0.869429 1 1 1 1
 0.869429 1 1 1 1
 0.869429 1 1 1 1
 0.869429 1 1 1 1
 0.869429 1 1 1 1
 0.869429 1 1 1 1
 0.869429 1 1 1 1
 0.869429 1 1 1 1
 0.869429 1 1 1 1
 0.869429 1 1 1 1
 0.869429 1 1 1 1
 0.869429 1 1 1 1
 0.869429 1 1 1 1
 0.869429 1 1 1 1
 0.869429 1 1 1 1
 0.869429 1 1 1 1
 0.869429 1 1 1 1
 0.869429 1 1 1 1
 0.869429 1 1 1 1
 0.869429 1 1 1 1
 0.869429 1 1 1 1
 0.869429 1 1 1 1
 0.869429 1 1 1 1
 0.869429 1 1 1 1
 0.869429 1 1 1 1
 0.869429 1 1 1 1
 0.869429 1 1 1 1
 0.869429 1 1 1 1
 0.869429 1 1 1 1
 0.869429 1 1 1 1
Sel_pelaces
 0.843465 1 1 1 1
 0.843465 1 1 1 1
 0.843465 1 1 1 1
 0.843465 1 1 1 1
 0.843465 1 1 1 1
 0.843465 1 1 1 1
 0.843465 1 1 1 1
 0.843465 1 1 1 1
 0.843465 1 1 1 1
 0.843465 1 1 1 1
 0.843465 1 1 1 1
 0.843465 1 1 1 1
 0.843465 1 1 1 1
 0.843465 1 1 1 1
 0.843465 1 1 1 1
 0.843465 1 1 1 1
 0.843465 1 1 1 1
 0.843465 1 1 1 1
 0.843465 1 1 1 1
 0.843465 1 1 1 1
 0.843465 1 1 1 1
 0.843465 1 1 1 1
 0.843465 1 1 1 1
 0.843465 1 1 1 1
 0.843465 1 1 1 1
 0.843465 1 1 1 1
 0.843465 1 1 1 1
 0.843465 1 1 1 1
 0.843465 1 1 1 1
 0.843465 1 1 1 1
 0.843465 1 1 1 1
 0.843465 1 1 1 1
 0.843465 1 1 1 1
pf_obs 
 0.8446 0.082 0.0669 0.0065 0
 0.8095 0.147 0.0364 0.0071 0
 0.9664 0.0169 0.016 0.0007 0
 0.9276 0.0648 0.0075 0.0001 0
 0.7033 0.2144 0.0806 0.0017 0
 0.9318 0.0425 0.0243 0.0014 0
 0.5671 0.3108 0.0964 0.0239 0.0018
 0.0768 0.2599 0.5324 0.112 0.0189
 0.490249 0.384438 0.106611 0.0170017 0.00170017
 0.7925 0.1577 0.0466 0.003 0.0002
 0.840416 0.127587 0.0312969 0.00059994 9.999e-05
 0.8084 0.0986 0.0794 0.0134 0.0002
 0.7335 0.1905 0.0724 0.0035 0.0001
 0.4001 0.4547 0.1325 0.0127 0
 0.49795 0.308269 0.164784 0.0264974 0.00249975
 0.9179 0.0499 0.0305 0.0017 0
 0.2467 0.6533 0.0926 0.0074 0
 0.9418 0.0223 0.034 0.0019 0
 0.707729 0.231977 0.0356964 0.0245975 0
 0.517169 0.277429 0.184464 0.0207286 0.00020938
 0.811772 0.124168 0.05621 0.00726502 0.000585176
 0.764997 0.148141 0.077277 0.00933861 0.000247198
 0.163321 0.427699 0.378323 0.0303852 0.000271297
 0.753843 0.0900009 0.118128 0.0371064 0.000921714
 0.721811 0.176058 0.0630433 0.0369309 0.00215725
 0.143369 0.312575 0.442814 0.0836902 0.0175525
 0.692698 0.0596174 0.167031 0.0765114 0.00414204
 0.394062 0.376323 0.152708 0.0712218 0.00568511
 0.125707 0.32114 0.495352 0.0537591 0.00404204
 0.23352 0.215282 0.420074 0.123614 0.00750983
 0.796117 0.104755 0.0508955 0.0450114 0.00322123
 0.162477 0.292055 0.404252 0.121198 0.0200186
 0 0 0 0 0
pf_pred 
 0.00674236 0.154258 0.746193 0.0928067 4.93956e-07
 0.0168598 0.0147695 0.150393 0.727496 0.0904818
 0.966339 0.00155093 0.000482387 0.00491199 0.0267161
 0.0304431 0.957656 0.000548344 0.000170552 0.0111823
 0.119638 0.0787991 0.791724 0.000453333 0.00938579
 0.999677 0.000173646 1.33946e-05 0.00013458 1.67249e-06
 0.00247303 0.997382 7.81165e-05 6.02568e-06 6.12946e-05
 0.00269003 0.00550741 0.991658 7.76682e-05 6.6934e-05
 0.0142156 0.00556291 0.00541305 0.974666 0.000142124
 0.138223 0.0280711 0.00470472 0.00457797 0.824424
 0.983112 0.00805511 0.000287731 4.82237e-05 0.00849734
 0.939778 0.0598828 0.000161959 5.78523e-06 0.00017182
 0.408961 0.579995 0.0109815 2.97006e-05 3.25699e-05
 0.875741 0.0897487 0.0338657 0.000641208 3.63596e-06
 0.92369 0.0753739 0.000676095 0.000255117 4.85774e-06
 0.971496 0.0280919 0.000406876 3.64963e-06 1.40337e-06
 0.0449069 0.947016 0.00795993 0.00011529 1.43178e-06
 0.98171 0.00243588 0.0157196 0.000132128 1.93747e-06
 0.266633 0.728498 0.000648521 0.00418515 3.56931e-05
 0.905129 0.0545187 0.0400844 3.56838e-05 0.000232245
 0.642715 0.346725 0.00606816 0.00446156 2.98216e-05
 0.892259 0.092076 0.0152017 0.00026605 0.000196918
 0.0258118 0.939323 0.0297959 0.00491928 0.000149817
 0.85513 0.00978744 0.130248 0.00413154 0.000702888
 0.727309 0.257402 0.00103289 0.0137454 0.000510189
 0.126948 0.765492 0.10153 0.000407413 0.00562295
 0.856132 0.0396186 0.0914061 0.0121235 0.000720076
 0.812455 0.177654 0.00272395 0.00628456 0.000883049
 0.121827 0.802623 0.0715654 0.00109731 0.00288737
 0.334096 0.163143 0.459508 0.0409718 0.00228126
 0.92889 0.042413 0.00703071 0.0198027 0.00186401
 0.420279 0.564611 0.00901218 0.00149393 0.00460389
 0.0552581 0.590617 0.344895 0.00550512 0.00372487
pobs_RECLAS
 0 0 0 0 0
 0 0 0 0 0
 0 0 0 0 0
 0 0 0 0 0
 0 0 0 0 0
 0 0 0 0 0
 0 0 0 0 0
 0 0 0 0 0
 0 0 0 0 0
 0 0 0 0 0
 0.991045 0.00858322 0.000360255 1.14367e-05 0
 0.934742 0.0480273 0.0164251 0.00080598 0
 0.827803 0.169806 0.00239088 0 0
 0.941827 0.0461693 0.0120037 0 0
 0.791401 0.0380133 0.147996 0.0225897 0
 0.846168 0.0940531 0.0597789 0 0
 0.134021 0.677848 0.182769 0.00536245 0
 0.80878 0.0450904 0.141981 0.00414843 0
 0.846168 0.0940531 0.0597789 0 0
 0.905697 0.0802665 0.012482 0.00150086 5.37128e-05
 0.989698 0.0102097 9.19794e-05 0 0
 0.975433 0.0193895 0.00387452 0.00125025 5.28907e-05
 0.303575 0.632131 0.0575291 0.00676475 0
 0.966965 0.00978017 0.0227588 0.000495775 0
 0.843318 0.132988 0.00938335 0.0141283 0.000182051
 0.564624 0.303363 0.111486 0.0197234 0.00080311
 0.826376 0.0876187 0.0782897 0.00655872 0.00115652
 0.89761 0.0855135 0.0140674 0.00269457 0.000114338
 0.34875 0.467042 0.161289 0.0227151 0.000203297
 0.318654 0.224769 0.449479 0.00709798 0
 0.937255 0.0296025 0.0250945 0.00804832 0
 0.456809 0.399803 0.12412 0.0192676 0
 0.883104 0.0372192 0.0704036 0.00927362 0
ppred_RECLAS
 0.0122032 0.15341 0.74209 0.0922964 4.91241e-07
 0.0318397 0.0145444 0.148101 0.716411 0.0891032
 0.982137 0.000823032 0.000255988 0.00260664 0.0141774
 0.05844 0.930002 0.00053251 0.000165627 0.0108594
 0.282338 0.0642362 0.645405 0.000369553 0.0076512
 0.999822 9.56541e-05 7.37848e-06 7.41343e-05 9.21301e-07
 0.00448905 0.995366 7.79586e-05 6.0135e-06 6.11707e-05
 0.00483125 0.00549559 0.989529 7.75015e-05 6.67903e-05
 0.0257601 0.00549777 0.00534965 0.963252 0.00014046
 0.281675 0.0233983 0.00392156 0.00381591 0.687189
 0.991301 0.0041492 0.000148211 2.48402e-05 0.004377
 0.969272 0.0305546 8.26378e-05 2.95185e-06 8.76694e-05
 0.59191 0.400464 0.00758232 2.05071e-05 2.24883e-05
 0.958651 0.029865 0.0112692 0.00021337 1.20991e-06
 0.967198 0.0323993 0.000290618 0.000109662 2.08809e-06
 0.985792 0.014003 0.000202817 1.81924e-06 6.99542e-07
 0.0860626 0.906209 0.00761693 0.000110322 1.37009e-06
 0.990352 0.00128499 0.00829251 6.97008e-05 1.02207e-06
 0.431561 0.564665 0.000502675 0.00324395 2.76661e-05
 0.951038 0.0281368 0.0206873 1.84162e-05 0.00011986
 0.782734 0.210844 0.00369006 0.00271308 1.81346e-05
 0.943062 0.0486595 0.00803365 0.0001406 0.000104066
 0.0479934 0.917936 0.0291175 0.00480727 0.000146406
 0.919087 0.00546651 0.0727464 0.00230756 0.000392579
 0.834511 0.156211 0.000626835 0.0083417 0.00030962
 0.214757 0.688501 0.091318 0.000366437 0.00505741
 0.920862 0.0217931 0.0502801 0.0066688 0.000396095
 0.889218 0.104939 0.00160902 0.00371226 0.000521612
 0.202844 0.728576 0.064963 0.000996073 0.002621
 0.493473 0.124096 0.34953 0.0311656 0.00173527
 0.96177 0.0228021 0.00377986 0.0106464 0.00100213
 0.569958 0.418833 0.00668531 0.00110821 0.0034152
 0.119867 0.550226 0.321308 0.00512864 0.00347014
pobs_PELACES
 0 0 0 0 0
 0 0 0 0 0
 0 0 0 0 0
 0 0 0 0 0
 0 0 0 0 0
 0 0 0 0 0
 0 0 0 0 0
 0 0 0 0 0
 0 0 0 0 0
 0 0 0 0 0
 0 0 0 0 0
 0 0 0 0 0
 0 0 0 0 0
 0 0 0 0 0
 0 0 0 0 0
 0 0 0 0 0
 0.505614 0.472636 0.0217494 0 0
 0 0 0 0 0
 0.443492 0.261883 0.143347 0.151278 0
 0.227955 0.32914 0.350689 0.0885471 0.00366901
 0.970185 0.0296113 0.000203453 0 0
 0.997202 0.00247181 0.000326279 0 0
 0.445219 0.490057 0.0546422 0.010081 0
 0.90214 0.0892962 0.00764917 0.000914606 0
 0 0 0 0 0
 0.581667 0.319106 0.0959925 0.00289975 0.000334073
 0.762889 0.0836404 0.116647 0.0363945 0.000428098
 0.88444 0.0763242 0.0277011 0.0115352 0
 0.521256 0.241999 0.230069 0.00667565 0
 0.616807 0.101726 0.260614 0.0208532 0
 0.833518 0.0704572 0.0857862 0.0102388 0
 0.697417 0.212968 0.0787535 0.0105354 0.000325836
 0 0 0 0 0
ppred_PELACES
 0.0124027 0.153379 0.74194 0.0922778 4.91141e-07
 0.0361356 0.0144799 0.147444 0.713233 0.0887078
 0.98426 0.000725208 0.000225562 0.00229682 0.0124923
 0.0692232 0.919352 0.000526412 0.00016373 0.0107351
 0.415402 0.052326 0.525739 0.000301033 0.00623257
 0.999824 9.47596e-05 7.30948e-06 7.3441e-05 9.12686e-07
 0.0045554 0.995299 7.79535e-05 6.0131e-06 6.11666e-05
 0.0047379 0.0054961 0.989622 7.75088e-05 6.67965e-05
 0.0267013 0.00549245 0.00534449 0.962321 0.000140324
 0.377111 0.0202897 0.00340055 0.00330893 0.595889
 0.992618 0.0035208 0.000125764 2.1078e-05 0.00371409
 0.975039 0.0248202 6.71288e-05 2.39786e-06 7.12161e-05
 0.653524 0.340002 0.00643754 1.7411e-05 1.9093e-05
 0.979011 0.0151597 0.00572034 0.000108308 6.14159e-07
 0.97843 0.0213055 0.000191107 7.21123e-05 1.37311e-06
 0.988607 0.0112287 0.000162633 1.4588e-06 5.60945e-07
 0.103195 0.889221 0.00747414 0.000108254 1.3444e-06
 0.991484 0.00113418 0.0073193 6.15207e-05 9.02117e-07
 0.495565 0.501085 0.000446075 0.00287869 2.45509e-05
 0.960469 0.0227169 0.0167024 1.48688e-05 9.67719e-05
 0.81489 0.179639 0.00314393 0.00231155 1.54506e-05
 0.952827 0.0403148 0.00665595 0.000116488 8.62193e-05
 0.0536173 0.912513 0.0289454 0.00477887 0.000145541
 0.928712 0.00481621 0.0640925 0.00203305 0.000345878
 0.848472 0.143033 0.000573954 0.00763799 0.0002835
 0.231118 0.674156 0.0894155 0.000358802 0.00495204
 0.932006 0.0187243 0.0431998 0.00572973 0.000340318
 0.895212 0.0992614 0.00152197 0.00351141 0.000493391
 0.209024 0.722927 0.0644594 0.00098835 0.00260068
 0.53153 0.114773 0.323269 0.0288241 0.00160489
 0.966547 0.0199525 0.00330747 0.00931585 0.000876892
 0.577059 0.411918 0.00657493 0.00108991 0.00335881
 0.166658 0.520974 0.304226 0.00485599 0.00328565
pobs_pel_tallas
 0 0 0 0 0 0 0 0 0 0 0 0 0 0 0 0 0 0 0 0 0 0 0 0 0 0
 0 0 0 0 0 0 0 0 0 0 0 0 0 0 0 0 0 0 0 0 0 0 0 0 0 0
 0 0 0 0 0 0 0 0 0 0 0 0 0 0 0 0 0 0 0 0 0 0 0 0 0 0
 0 0 0 0 0 0 0 0 0 0 0 0 0 0 0 0 0 0 0 0 0 0 0 0 0 0
 0 0 0 0 0 0 0 0 0 0 0 0 0 0 0 0 0 0 0 0 0 0 0 0 0 0
 0 0 0 0 0 0 0 0 0 0 0 0 0 0 0 0 0 0 0 0 0 0 0 0 0 0
 0 0 0 0 0 0 0 0 0 0 0 0 0 0 0 0 0 0 0 0 0 0 0 0 0 0
 0 0 0 0 0 0 0 0 0 0 0 0 0 0 0 0 0 0 0 0 0 0 0 0 0 0
 0 0 0 0 0 0 0 0 0 0 0 0 0 0 0 0 0 0 0 0 0 0 0 0 0 0
 0 0 0 0 0 0 0 0 0 0 0 0 0 0 0 0 0 0 0 0 0 0 0 0 0 0
 0 0 0 0 0 0 0 0 0 0 0 0 0 0 0 0 0 0 0 0 0 0 0 0 0 0
 0 0 0 0 0 0 0 0 0 0 0 0 0 0 0 0 0 0 0 0 0 0 0 0 0 0
 0.00862536 0 0 0.000197151 0.00414017 0.0128641 0.00837892 0.0270097 0.101434 0.158115 0.152841 0.127902 0.109271 0.109419 0.0830992 0.0579132 0.0238553 0.00714673 0.00463305 0.00128148 0.00103504 0.000492878 0.000147863 0.000147863 4.92878e-05 0
 0 0 0 0 0 0 0 0 0 0 0 0 0 0 0 0 0 0 0 0 0 0 0 0 0 0
 0 0 0 0 0 0 0 0.0054083 0.00873648 0.0413646 0.0450493 0.0745869 0.0622846 0.0627006 0.0613931 0.0827291 0.12552 0.122667 0.0946155 0.0697135 0.0546179 0.0294188 0.0215738 0.0213955 0.0102223 0.00600262
 0 0 0 0 0.00359764 0.0251062 0.0480494 0.140153 0.205849 0.193036 0.1447 0.116669 0.0760912 0.0342217 0.00950174 0.001854 0.000860785 0 0 0 0.000165536 0 0.000143464 0 0 0
 0 0 0 0 0 0 0 0.000145254 0.000435761 0.0275982 0.070085 0.0708112 0.156366 0.174668 0.174014 0.160142 0.0824315 0.0480064 0.0283245 0.00493863 0.00203355 0 0 0 0 0
 0 0 0 0 0 0 0 0 0 0 0 0 0 0 0 0 0 0 0 0 0 0 0 0 0 0
 0 0 1.00437e-05 0.000401748 0.00122533 0.00171747 0.00176769 0.0269171 0.070346 0.194647 0.189555 0.159765 0.064822 0.0314167 0.0384472 0.0292271 0.0345202 0.0313363 0.0194345 0.0106764 0.0143323 0.0359363 0.0279516 0.0138201 0.00172751 0
 0 0.0021121 0.0136068 0.0755702 0.200478 0.177729 0.0527432 0.0373336 0.0318909 0.0142505 0.0149659 0.0166563 0.0217959 0.0798694 0.0677717 0.0528807 0.04013 0.0224614 0.0357745 0.0225083 0.00881397 0.00855152 0.00135912 0.000746735 0 0
 0 0 0 0 5.4009e-05 0.00500934 0.000945158 0.0243581 0.138947 0.33067 0.221406 0.137944 0.0707744 0.0437923 0.0131692 0.00525238 0.0047753 0.00276346 9.45158e-05 9.00151e-06 2.25038e-05 9.00151e-06 4.50075e-06 0 0 0
 0.000866109 0.00284123 0.00948549 0.0512746 0.133035 0.25785 0.225252 0.132002 0.0553304 0.0519788 0.0540692 0.017754 0.00435017 0.00159236 0.00146478 0.000404838 0.000125132 0.000115318 0.000107957 0.000100596 0 0 0 0 0 0
 0 0 0 0 0.00144013 0.00171154 0.00461396 0.0210425 0.0478622 0.0707936 0.0888783 0.103762 0.0637923 0.0337046 0.0602308 0.124433 0.169614 0.0934646 0.0462172 0.0250306 0.0313229 0.00938855 0.002487 0.000210481 0 0
 0 0.00764035 0.051015 0.0998891 0.058973 0.0496711 0.0374665 0.0718981 0.12319 0.153886 0.159021 0.0857701 0.0377988 0.023471 0.0147837 0.00900784 0.00315554 0.000888139 0.00291439 0.00214683 0.00393193 0.00274676 0.000635225 9.99891e-05 0 0
 0 0 0 0 0 0 0 0 0 0 0 0 0 0 0 0 0 0 0 0 0 0 0 0 0 0
 0 0 0 0 0 0 0 0 0 0 0 0 0 0 0 0 0 0 0 0 0 0 0 0 0 0
 0 0 0 0 0 0 0 0 0 0 0 0 0 0 0 0 0 0 0 0 0 0 0 0 0 0
 0 0 0 0 0 0 0 0 0 0 0 0 0 0 0 0 0 0 0 0 0 0 0 0 0 0
 0 0 0 0 0 0 0 0 0 0 0 0 0 0 0 0 0 0 0 0 0 0 0 0 0 0
 0 0 0 0 0 0 0 0 0 0 0 0 0 0 0 0 0 0 0 0 0 0 0 0 0 0
 0 0 0 0 0 0 0 0 0 0 0 0 0 0 0 0 0 0 0 0 0 0 0 0 0 0
 0 0 0 0 0 0 0 0 0 0 0 0 0 0 0 0 0 0 0 0 0 0 0 0 0 0
 0 0 0 0 0 0 0 0 0 0 0 0 0 0 0 0 0 0 0 0 0 0 0 0 0 0
ppred_pel_tallas
 1.30705e-16 1.02163e-06 9.93058e-06 6.59929e-05 0.000300004 0.000933508 0.00198952 0.00290708 0.00292301 0.00206787 0.0011999 0.00108403 0.00208906 0.00460849 0.00926822 0.0167124 0.0273165 0.0411077 0.0578862 0.0772295 0.0980757 0.118103 0.133658 0.140791 0.137014 0.122658
 1.90798e-16 2.97645e-06 2.89321e-05 0.000192264 0.000874007 0.00271937 0.00579397 0.00845686 0.00845875 0.00580347 0.00275283 0.000977853 0.000481191 0.000757327 0.00168743 0.00361863 0.00729481 0.0138797 0.0249283 0.0420985 0.0664841 0.0976876 0.13305 0.167587 0.194978 0.209407
 1.02352e-16 8.10722e-05 0.000788051 0.00523687 0.0238061 0.0740695 0.157813 0.230333 0.230333 0.157813 0.0740707 0.0238097 0.00524612 0.000809092 0.000123781 8.43147e-05 0.000134712 0.000220046 0.000354066 0.000566636 0.000894591 0.00136657 0.00198167 0.00269171 0.00339878 0.00397446
 1.02084e-16 5.70201e-06 5.54257e-05 0.000368328 0.00167442 0.00521021 0.0111042 0.0162254 0.0163138 0.011536 0.00665962 0.00585809 0.0108597 0.0229243 0.0433383 0.0713773 0.102211 0.127254 0.13777 0.129754 0.106413 0.0761844 0.0479307 0.026978 0.014229 0.00776539
 1.1627e-16 3.42161e-05 0.000332593 0.00221019 0.0100472 0.0312607 0.0666044 0.0972123 0.0972181 0.0666333 0.0313601 0.0103446 0.00299493 0.00217194 0.0038962 0.00734501 0.0127983 0.0206961 0.0313208 0.0444964 0.0591841 0.0732297 0.0836671 0.0877075 0.0839797 0.0732543
 1.00008e-16 8.23541e-05 0.000800512 0.00531968 0.0241825 0.0752407 0.160308 0.233975 0.233975 0.160308 0.0752409 0.0241829 0.00532077 0.000802897 8.68981e-05 1.33407e-05 1.12636e-05 1.40789e-05 1.6051e-05 1.66716e-05 1.63655e-05 1.59702e-05 1.61639e-05 1.70488e-05 1.81466e-05 1.87325e-05
 1.00268e-16 3.75429e-07 3.6494e-06 2.42562e-05 0.000110324 0.000343772 0.00073598 0.00109425 0.00118995 0.00120349 0.00191285 0.00463936 0.0113815 0.0247592 0.0469056 0.0772549 0.110611 0.137669 0.148952 0.140097 0.11455 0.0814228 0.050317 0.0270375 0.0126386 0.00514644
 1.28579e-16 3.9026e-07 3.79346e-06 2.5209e-05 0.000114597 0.000356565 0.000759769 0.00110931 0.00111136 0.000770526 0.000397083 0.000250994 0.000440471 0.00115083 0.00288114 0.00658664 0.0137159 0.0260048 0.0448538 0.0703117 0.100072 0.129206 0.151235 0.160407 0.15412 0.134116
 1.96687e-16 2.19935e-06 2.13785e-05 0.000142068 0.000645819 0.00200939 0.00428124 0.00624877 0.00624965 0.00428572 0.00202563 0.00069831 0.000296169 0.000436905 0.00104179 0.00243198 0.00533775 0.010986 0.0211239 0.037764 0.0624908 0.0953933 0.134031 0.173098 0.205331 0.223627
 2.01277e-16 3.10622e-05 0.000301935 0.00200647 0.00912111 0.0283792 0.0604649 0.0882507 0.0882528 0.0604751 0.0284139 0.00922351 0.00227194 0.000912166 0.00129009 0.00237849 0.00421185 0.00721589 0.0122062 0.0204564 0.0335173 0.0526543 0.0780058 0.107819 0.13823 0.16391
 1.00636e-16 8.17607e-05 0.000794743 0.00528134 0.0240082 0.0746985 0.159153 0.232289 0.232289 0.159155 0.0747041 0.0240243 0.00532177 0.000883078 0.000249848 0.000284675 0.000405132 0.000517149 0.000588705 0.000612624 0.000610061 0.000619462 0.000673739 0.000781156 0.000920945 0.00105335
 1.00021e-16 8.03127e-05 0.000780668 0.00518781 0.023583 0.0733756 0.156335 0.228175 0.228178 0.156346 0.0734147 0.023696 0.00547106 0.00139809 0.00125022 0.00193269 0.00275971 0.00343531 0.00371847 0.00350036 0.00286685 0.00204505 0.00127392 0.000697615 0.000341789 0.000156704
 1.00278e-16 5.383e-05 0.000523246 0.00347716 0.0158067 0.0491806 0.104786 0.152945 0.152977 0.104945 0.0497168 0.0173546 0.00735917 0.00898649 0.016094 0.0264346 0.0378706 0.0471925 0.0511686 0.0483094 0.0397761 0.0286501 0.0181684 0.0102767 0.00531805 0.00262953
 1.00181e-16 8.06398e-05 0.000783848 0.00520895 0.0236791 0.0736745 0.156971 0.229105 0.229106 0.156979 0.0736986 0.0237487 0.00538398 0.00116678 0.000810302 0.00121818 0.00176127 0.0022439 0.00252542 0.00253981 0.00232624 0.00199477 0.00165359 0.00135711 0.00110551 0.000878059
 1.00019e-16 8.0592e-05 0.000783383 0.00520585 0.0236651 0.0736308 0.156878 0.228969 0.228971 0.156888 0.0736644 0.023762 0.00544904 0.00131352 0.00108521 0.00166072 0.00237087 0.00295255 0.0031984 0.00301499 0.00247568 0.00177464 0.00111593 0.000622321 0.00031533 0.000152512
 1.00008e-16 8.14302e-05 0.000791531 0.00526 0.0239112 0.0743966 0.15851 0.23135 0.231351 0.158515 0.0744143 0.0239623 0.00538819 0.00107098 0.00061103 0.0008783 0.0012503 0.00155729 0.00168765 0.00159195 0.00130865 0.000939757 0.000592508 0.000331445 0.000168025 8.02583e-05
 1.00455e-16 8.5002e-06 8.26251e-05 0.000549077 0.00249608 0.00776668 0.0165509 0.0241744 0.0242599 0.0169686 0.00916876 0.00654325 0.0106985 0.0222073 0.0419343 0.069068 0.0989202 0.123186 0.133407 0.125689 0.103089 0.0737137 0.046091 0.0253636 0.0124536 0.00561021
 1.00218e-16 8.16672e-05 0.000793835 0.00527531 0.0239808 0.0746131 0.158971 0.232023 0.232023 0.158972 0.0746152 0.0239868 0.00529086 0.000829534 0.000154557 0.00013946 0.000223542 0.000344238 0.000496666 0.000676277 0.000869884 0.00105106 0.00118228 0.00122703 0.00116677 0.00101178
 1.00434e-16 4.08192e-05 0.000396777 0.00263672 0.0119862 0.0372938 0.0794601 0.115984 0.116033 0.0796955 0.0380838 0.0142665 0.00835496 0.0128612 0.0236587 0.0389054 0.0557065 0.0693501 0.0750679 0.0706701 0.057894 0.0413265 0.0257906 0.014191 0.0070356 0.00331028
 1.00506e-16 7.91126e-05 0.000769002 0.00511029 0.0232306 0.0722792 0.153998 0.224766 0.224768 0.154009 0.0723155 0.0233359 0.00537547 0.0013511 0.00119399 0.00187295 0.00274639 0.00356903 0.00414446 0.00437435 0.00429831 0.00404053 0.00370984 0.00334076 0.00291266 0.00240911
 1.00372e-16 6.71214e-05 0.000652444 0.00433572 0.0197096 0.0613239 0.130658 0.190702 0.19072 0.130742 0.0616072 0.0205274 0.00638689 0.00512437 0.00854306 0.0139725 0.0200167 0.0249516 0.0270714 0.0255938 0.0211367 0.0153296 0.00987866 0.00580058 0.00325998 0.00188905
 1.00229e-16 7.84831e-05 0.000762883 0.00506963 0.0230458 0.071704 0.152773 0.222978 0.222982 0.152792 0.0717678 0.02323 0.00553204 0.00177245 0.00199615 0.0031765 0.0045695 0.00574784 0.00633299 0.00614896 0.00532 0.00418198 0.00307953 0.00220803 0.00159123 0.00115939
 1.01573e-16 4.41658e-06 4.29308e-05 0.000285294 0.00129696 0.0040358 0.00860194 0.0125732 0.012661 0.0090308 0.00547533 0.00545267 0.0107086 0.0227702 0.0430885 0.071019 0.101816 0.127005 0.137948 0.130657 0.108232 0.0788816 0.0512064 0.030333 0.0171155 0.0097593
 1.02114e-16 7.64968e-05 0.000743576 0.00494133 0.0224625 0.0698893 0.148907 0.217334 0.217334 0.148909 0.069899 0.0224917 0.00501932 0.000929435 0.000475046 0.000782758 0.00139514 0.00232485 0.00361983 0.00526854 0.00714117 0.00896017 0.0103438 0.0109332 0.0105472 0.0092717
 1.00868e-16 6.98875e-05 0.000679332 0.0045144 0.0205218 0.063851 0.136042 0.19856 0.198574 0.136109 0.0640766 0.021173 0.00614745 0.0042397 0.00681825 0.0111266 0.0159412 0.0198805 0.0215939 0.0204712 0.017019 0.0125454 0.00840671 0.00539103 0.00358902 0.00265923
 1.03627e-16 1.9037e-05 0.000185046 0.0012297 0.00559008 0.0173932 0.0370604 0.0541043 0.0541693 0.0373778 0.0184589 0.00866793 0.00895455 0.0170451 0.0320292 0.0528925 0.0761217 0.0955671 0.104948 0.101328 0.0868427 0.0672251 0.0483868 0.0337205 0.0236707 0.0170126
 1.01884e-16 7.67681e-05 0.000746213 0.00495885 0.0225422 0.0701372 0.149435 0.218105 0.218107 0.149444 0.0701681 0.0226324 0.00518845 0.00125772 0.00107835 0.00173984 0.00268198 0.00375435 0.00484864 0.00589863 0.00687779 0.00774127 0.00836992 0.00858782 0.00825568 0.00736764
 1.00506e-16 7.37374e-05 0.000716754 0.00476308 0.0216523 0.0673684 0.143536 0.209497 0.209506 0.143582 0.0675249 0.0221042 0.00589664 0.00318826 0.00475865 0.00772709 0.0110701 0.0138087 0.0150029 0.014226 0.0118249 0.00870218 0.00579615 0.00365612 0.00235363 0.00166428
 1.02585e-16 1.72172e-05 0.000167357 0.00111215 0.00505573 0.0157306 0.0335183 0.0489355 0.0490051 0.0338584 0.0168724 0.00835267 0.00938456 0.0182148 0.034259 0.0565209 0.0812068 0.101666 0.111114 0.106395 0.089867 0.067831 0.0468321 0.0306972 0.0199988 0.0133872
 1.12521e-16 4.37814e-05 0.000425571 0.00282807 0.012856 0.0399998 0.0852243 0.12439 0.124401 0.0852809 0.0401914 0.0134155 0.00425565 0.00361872 0.00633273 0.0109849 0.0171803 0.0244346 0.0321832 0.0400111 0.047607 0.0544004 0.0592913 0.0608956 0.0582563 0.0514917
 1.01184e-16 7.96132e-05 0.000773869 0.00514263 0.0233777 0.0727366 0.154973 0.226188 0.22619 0.154982 0.0727682 0.0234691 0.0053724 0.00127631 0.00103651 0.0015951 0.00230928 0.00294811 0.00334043 0.00342051 0.00326706 0.0030484 0.00291133 0.00289884 0.00294748 0.00294706
 1.00973e-16 4.75316e-05 0.000462024 0.00307032 0.0139572 0.0434264 0.0925259 0.135053 0.135092 0.0927195 0.044076 0.0158325 0.00777327 0.010715 0.0194797 0.0320236 0.0458803 0.0571783 0.0620094 0.0585787 0.0483059 0.0349365 0.0223976 0.0130373 0.00724483 0.00417747
 1.09956e-16 1.37275e-05 0.000133436 0.000886733 0.00403099 0.0125422 0.0267243 0.0390155 0.039066 0.0269715 0.0133733 0.00643607 0.0069405 0.0134038 0.0253768 0.0423464 0.0619593 0.0798941 0.0916498 0.0949834 0.0909983 0.0829415 0.0738177 0.0648508 0.0557343 0.0459093
pSPR Fmed_Fpbrs
1   0.983329 0.6 0.325 0.983329 0.983329 0.983329
Fs Fmed_Fpbrs
0   0.01 0.345888 0.892222 0.01 0.01 0.01
SSBpbr Bo_Bmed_Bpbrs
406616  386285  379506 223639 111819 379506 379506 379506
Ro
26122.8
SPR SPRFo_SPRFmed_SPRFpbrs
188197 188197 185060
Fref
0
Nvult_r0
 1876.81 15315.7 8943.69 142.757 96.5921
CTP_r0
 1015.92 10858.5 6340.89 101.212 68.4818
YTP_r0
355350
Np
 2115.98 778.424 286.366 105.348 53.0128
Nvult_p0
 1337.55 492.058 181.018 66.5928 33.5105
CTP_p0
 0 0 0 0 0
 0 0 0 0 0
 0 0 0 0 0
 0 0 0 0 0
 0 0 0 0 0
 0 0 0 0 0
YTP_p0
 0 0 0 0 0 0
CBA_c0
0
log_Ro
9.99056
likeval ReclasPelacesDesembMPH_pf_preclas_ppelaces_ptallas_desvR_qrecl_qpela
 24.7724 19.8489 0.503418 41.5655 439.138 167.276 148.824 0 230.087 0.000103428 0.000158225 0.114058 2067.8 0 0
q_reclas_q_pelaces
4.21332 5.92337
M
1
N
 1500.4 17602.5 85148.6 10590.2 0.0563657
 952.806 483.2 4920.27 23800.9 2960.22
 238849 221.43 68.8715 701.296 3814.31
 2932.64 55875.6 31.9938 9.95105 652.447
 1165.85 591.382 5941.83 3.40223 70.4396
 827423 73.0931 5.63819 56.649 0.704003
 1317.1 271850 21.2917 1.64238 16.7067
 424.011 426.202 76741.3 6.01051 5.17981
 736.487 151.299 147.223 26508.9 3.86548
 1532.49 223.78 37.5055 36.4951 6572.22
 30669.6 150.173 5.36424 0.899046 158.418
 162832 6459.96 17.4716 0.624091 18.5354
 32604.7 29897.2 566.069 1.53099 1.6789
 63681.5 5208.33 1965.31 37.2108 0.211003
 50150.2 2936.97 26.3443 9.94075 0.189284
 273623 4965.28 71.916 0.645077 0.248048
 3761.26 48847.5 410.576 5.94669 0.073852
 501766 717.288 4628.93 38.9074 0.570523
 67207.8 118292 105.306 679.577 5.79579
 288010 10888.2 8005.45 7.12659 46.3828
 154687 51389.3 899.382 661.263 4.41996
 465029 29502.7 4870.88 85.2469 63.096
 4292.69 89198.7 2829.44 467.138 14.2267
 155914 1039 13826.7 438.592 74.6164
 178343 35614.7 142.913 1901.84 70.5908
 13264.4 44667.7 5924.42 23.7732 328.109
 123882 3420.6 7891.84 1046.72 62.1701
 222109 26224.1 402.092 927.688 130.35
 18127.6 62763.4 5596.27 85.8071 225.787
 19048.9 5493.22 15472.2 1379.57 76.8131
 156485 4165.51 690.507 1944.89 183.07
 50935.2 35604.3 568.307 94.207 290.321
 2115.98 15825.1 9241.13 147.505 99.8046
pred_Ctot
 119.448 2732.85 13219.6 1644.17 0.00875098
 230.195 201.655 2053.39 9932.86 1235.39
 57019.9 91.5145 28.4638 289.837 1576.41
 879.064 27652.9 15.8338 4.92479 322.897
 698.183 459.855 4620.34 2.64556 54.7735
 56436.4 9.80314 0.756186 7.59767 0.0944199
 101.286 40849 3.19936 0.246789 2.5104
 8.07122 16.5246 2975.39 0.233038 0.20083
 82.3051 32.2079 31.3402 5643.08 0.822866
 787.221 159.874 26.7948 26.0729 4695.35
 8667.22 71.0147 2.53667 0.425146 74.9134
 54504.9 3473.06 9.39324 0.33553 9.96517
 12459.9 17670.8 334.576 0.904895 0.992314
 41000 4201.81 1585.51 30.0197 0.170226
 25645.9 2092.73 18.7715 7.08324 0.134873
 94323.4 2727.46 39.5039 0.354345 0.136254
 1206.97 25453.1 213.94 3.09866 0.0384823
 118090 293.011 1890.91 15.8936 0.233057
 25376.6 69334.2 61.7225 398.318 3.39706
 99334.8 5983.24 4399.12 3.91618 25.4881
 49632.2 26775.1 468.6 344.534 2.3029
 148224 15295.9 2525.34 44.1968 32.7125
 960.179 34942.1 1108.38 182.993 5.57308
 38825.8 444.383 5913.69 187.586 31.9135
 37121.1 13137.5 52.7177 701.549 26.0395
 2580.46 15560.1 2063.79 8.28146 114.297
 34760.2 1608.58 3711.23 492.232 29.2362
 33260.7 7272.88 111.514 257.28 36.1507
 2052.09 13519.6 1205.47 18.4834 48.6358
 5092.8 2486.86 7004.51 624.553 34.7744
 39231.7 1791.32 296.942 836.37 78.7266
 5074.78 6817.54 108.82 18.0388 55.5908
 1015.92 10858.5 6340.89 101.212 68.4818
F
 0.133053 0.274676 0.274676 0.274676 0.274676
 0.459304 0.948188 0.948188 0.948188 0.948188
 0.452705 0.934565 0.934565 0.934565 0.934565
 0.601196 1.24111 1.24111 1.24111 1.24111
 1.76947 3.6529 3.6529 3.6529 3.6529
 0.113068 0.233418 0.233418 0.233418 0.233418
 0.128273 0.264808 0.264808 0.264808 0.264808
 0.0304988 0.0629618 0.0629618 0.0629618 0.0629618
 0.191228 0.394772 0.394772 0.394772 0.394772
 1.32286 2.73091 2.73091 2.73091 2.73091
 0.557649 1.15121 1.15121 1.15121 1.15121
 0.694952 1.43466 1.43466 1.43466 1.43466
 0.834196 1.72212 1.72212 1.72212 1.72212
 2.07651 4.28676 4.28676 4.28676 4.28676
 1.31255 2.70964 2.70964 2.70964 2.70964
 0.723048 1.49266 1.49266 1.49266 1.49266
 0.657032 1.35638 1.35638 1.35638 1.35638
 0.444976 0.918609 0.918609 0.918609 0.918609
 0.820109 1.69304 1.69304 1.69304 1.69304
 0.723564 1.49373 1.49373 1.49373 1.49373
 0.656924 1.35616 1.35616 1.35616 1.35616
 0.651232 1.34441 1.34441 1.34441 1.34441
 0.418651 0.864264 0.864264 0.864264 0.864264
 0.476545 0.983782 0.983782 0.983782 0.983782
 0.384458 0.793677 0.793677 0.793677 0.793677
 0.35527 0.733421 0.733421 0.733421 0.733421
 0.552649 1.14089 1.14089 1.14089 1.14089
 0.263796 0.544581 0.544581 0.544581 0.544581
 0.193918 0.400325 0.400325 0.400325 0.400325
 0.520172 1.07384 1.07384 1.07384 1.07384
 0.480493 0.991932 0.991932 0.991932 0.991932
 0.16896 0.348802 0.348802 0.348802 0.348802
 1.18009 2.43618 2.43618 2.43618 2.43618
YTP_r0W_actual
 7660.04 189481 152625 3169.95 2413.98
YTP_p0W_proyectada
 0 0 0 0 0
 0 0 0 0 0
 0 0 0 0 0
 0 0 0 0 0
 0 0 0 0 0
 0 0 0 0 0
CTP_r0_actual
 1015.92 10858.5 6340.89 101.212 68.4818
CTP_p0_proyectada
 0 0 0 0 0
 0 0 0 0 0
 0 0 0 0 0
 0 0 0 0 0
 0 0 0 0 0
 0 0 0 0 0
Wmedp
 7.54 17.45 24.07 31.32 35.25
Frms_r0
 1.18009 2.43618 2.43618 2.43618 2.43618
Zrms_r0
 2.18009 3.43618 3.43618 3.43618 3.43618
nmprior
 7.29 8.9 8.7 0
nm_flota  nm_reclas  nm_pelaces    nm_pelaL
inf 10.1425 4.06468 7.12258
cv_recla  cv_pelaces  cv_mph
0.431037 0.488043 0.861535
 ------------------------------------------------
Talla a la edad & desviaci?n 
 8 13.2811 15.8009 17.003 17.5766
 0.8 1.32811 1.58009 1.7003 1.75766
