years
 1991 1992 1993 1994 1995 1996 1997 1998 1999 2000 2001 2002 2003 2004 2005 2006 2007 2008 2009 2010 2011 2012 2013 2014 2015 2016 2017 2018 2019 2020 2021 2022 2023
reclasobs
 0 0 0 0 0 0 0 0 0 252601 567819 844713 477998 351125 339783 2.1784e+06 2.13404e+06 4.81314e+06 1.55562e+06 2.62356e+06 3.21686e+06 3.843e+06 1.13348e+06 3.07943e+06 1.97215e+06 2.03268e+06 2.025e+06 2.42433e+06 2.27542e+06 1.05018e+06 2.36338e+06 3.18982e+06 1.53035e+06
reclaspred
 6.23849e+06 1.38455e+06 1.2872e+06 912141 73214.2 3.53317e+06 1.30873e+06 263901 1.12556e+06 230003 322883 1.34577e+06 760014 414103 558448 2.21553e+06 918986 5.34641e+06 2.08717e+06 2.50093e+06 2.94906e+06 3.63326e+06 1.76406e+06 3.0707e+06 2.64006e+06 1.63837e+06 2.14323e+06 3.90184e+06 2.86613e+06 1.15591e+06 2.06168e+06 1.457e+06 708377
pelacesobs
 0 0 0 0 0 0 0 0 0 0 0 0 0 0 0 552880 188675 0 991730 2.46772e+06 1.41603e+06 1.21717e+06 2.29649e+06 1.80582e+06 0 1.4828e+06 1.56532e+06 1.57751e+06 1.42118e+06 867257 1.10002e+06 1.06204e+06 0
pelacespred
 4.58512e+06 844220 611911 346832 17296.3 2.27148e+06 616791 153762 656733 78107 180779 694310 370260 175345 284555 1.09602e+06 393745 3.39833e+06 1.0145e+06 1.1342e+06 1.51956e+06 1.87652e+06 911134 2.02175e+06 1.52097e+06 916308 1.50599e+06 2.48824e+06 1.75686e+06 727961 1.0572e+06 794459 317326
mphobs
 0 0 0 0 0 0 0 0 0 0 0 0 498337 0 5186 125008 0 168611 109162 213762 579715 649985 157893 87575 83554 210694 70296 0 107559 103333 445601 22526 28222
mphpred
 1.72022e+06 620342 72369.5 202481 50548.7 2337.27 497132 89506.9 19351.2 115788 7955.65 44136.7 172742 38603.7 17280 45495.2 285642 71010.7 616623 260610 669389 461720 166560 61776.7 149126 139407 61108 101334 273759 129477 37322.9 118456 26301.1
desembarqueobs
 494567 514787 250237 358949 120608 361735 552515 73892 212993 205616 52469 317467 293654 387597 252695 516296 358380 742168 942051 627588 828172 859565 418607 520667 417249 300574 415391 372974 316634 284311 391294 218835 356480
desembarquepred
 494481 514176 250386 358011 120404 361458 551694 73850.5 212771 205327 52435.1 317023 293131 386512 252219 515449 357872 741136 939392 626134 827167 857941 418013 520060 416571 300144 414746 372514 316131 283471 390553 218676 355976
Reclutas
 2407.67 1517.85 217365 26667.1 1961.12 287743 2013.56 644.72 60605.4 2541.91 30992.2 156152 41534.9 61330.9 50432.1 267732 5292.59 486771 78311.6 279976 157310 448871 6374.93 152434 172068 16513.3 122604 196645 22045 32970.5 125969 6138.83 64589.6
log_desv_Rt
 -2.72062 -3.18199 1.7823 -0.315847 -2.92576 2.06279 -2.89937 -4.03822 0.505105 -2.66636 -0.165544 1.45155 0.127256 0.517005 0.321348 1.99071 -1.93297 2.58851 0.761417 2.03543 1.45894 2.50746 -1.74691 1.42745 1.54861 -0.795113 1.20968 1.68212 -0.506195 -0.103665 1.23676 -1.78465 0.568775
SSB
 1.60343e+06 578226 67456.3 188734 47116.9 2178.59 463381 83430.2 18037.5 107927 7415.53 41140.2 148514 34084.6 14945.1 40289.4 266250 66189.7 607361 123156 330729 245675 450221 159722 344478 351277 142744 221405 625103 271095 97546.5 309446 66775.1
BT
 1.98974e+06 845439 445592 366296 104395 1.26897e+06 694898 122360 462714 202863 118953 545612 390526 467527 365096 863888 414377 2.0872e+06 1.2341e+06 942863 1.25766e+06 1.48517e+06 646074 1.32118e+06 945329 566290 1.04984e+06 1.32915e+06 856968 555955 744235 438117 447927
Ftot
 0.333319 1.343 1.32401 1.64331 3.77211 0.800218 1.58218 1.08499 1.37656 2.747 1.18111 1.61333 1.79951 4.60421 2.91797 1.66063 1.51988 1.03202 1.87109 1.65863 1.50315 1.5128 0.990628 1.11254 0.905704 0.8219 1.24894 0.656573 0.497017 1.14446 1.28161 0.662482 2.78728
BD_Bspro_t
 0.948427 0.580584 0.154882 0.331391 0.0851735 0.00629928 0.458419 0.122562 0.0445877 0.221605 0.0299753 0.21618 0.302002 0.0794538 0.0373418 0.0952692 0.283684 0.0929723 0.376372 0.113604 0.210832 0.169093 0.27742 0.13383 0.278466 0.330892 0.207614 0.320231 0.539531 0.34592 0.19641 0.37653 0.171641
BD_Bspro
 6.08568 2.1946 0.256024 0.716324 0.178828 0.00826864 1.75872 0.316652 0.0684596 0.409629 0.028145 0.156144 0.56367 0.129365 0.0567228 0.152915 1.01053 0.251217 2.30518 0.467429 1.25525 0.932436 1.70877 0.606212 1.30743 1.33324 0.541772 0.840324 2.37252 1.02892 0.370229 1.17448 0.253439
BD_Bo
 6.18641 2.23093 0.260262 0.728181 0.181788 0.0084055 1.78783 0.321893 0.0695927 0.416409 0.0286108 0.158728 0.573 0.131506 0.0576617 0.155446 1.02725 0.255375 2.34334 0.475166 1.27603 0.94787 1.73706 0.616246 1.32908 1.35531 0.55074 0.854233 2.41179 1.04595 0.376357 1.19392 0.257634
BD_Brms
 6.62284 2.38832 0.278623 0.779552 0.194613 0.00899849 1.91396 0.344602 0.0745023 0.445785 0.0306293 0.169926 0.613424 0.140784 0.0617296 0.166412 1.09972 0.273391 2.50866 0.508688 1.36605 1.01474 1.8596 0.659721 1.42284 1.45092 0.589593 0.914497 2.58194 1.11974 0.402908 1.27814 0.27581
Sel_flota
 0.446322 0.93871 0.996575 0.999819 0.99999
 0.446322 0.93871 0.996575 0.999819 0.99999
 0.446322 0.93871 0.996575 0.999819 0.99999
 0.446322 0.93871 0.996575 0.999819 0.99999
 0.446322 0.93871 0.996575 0.999819 0.99999
 0.446322 0.93871 0.996575 0.999819 0.99999
 0.446322 0.93871 0.996575 0.999819 0.99999
 0.446322 0.93871 0.996575 0.999819 0.99999
 0.446322 0.93871 0.996575 0.999819 0.99999
 0.446322 0.93871 0.996575 0.999819 0.99999
 0.446322 0.93871 0.996575 0.999819 0.99999
 0.446322 0.93871 0.996575 0.999819 0.99999
 0.446322 0.93871 0.996575 0.999819 0.99999
 0.446322 0.93871 0.996575 0.999819 0.99999
 0.446322 0.93871 0.996575 0.999819 0.99999
 0.446322 0.93871 0.996575 0.999819 0.99999
 0.446322 0.93871 0.996575 0.999819 0.99999
 0.446322 0.93871 0.996575 0.999819 0.99999
 0.446322 0.93871 0.996575 0.999819 0.99999
 0.446322 0.93871 0.996575 0.999819 0.99999
 0.446322 0.93871 0.996575 0.999819 0.99999
 0.446322 0.93871 0.996575 0.999819 0.99999
 0.446322 0.93871 0.996575 0.999819 0.99999
 0.446322 0.93871 0.996575 0.999819 0.99999
 0.446322 0.93871 0.996575 0.999819 0.99999
 0.446322 0.93871 0.996575 0.999819 0.99999
 0.446322 0.93871 0.996575 0.999819 0.99999
 0.446322 0.93871 0.996575 0.999819 0.99999
 0.446322 0.93871 0.996575 0.999819 0.99999
 0.446322 0.93871 0.996575 0.999819 0.99999
 0.446322 0.93871 0.996575 0.999819 0.99999
 0.446322 0.93871 0.996575 0.999819 0.99999
 0.446322 0.93871 0.996575 0.999819 0.99999
Sel_reclas
 0.843085 1 1 1 1
 0.843085 1 1 1 1
 0.843085 1 1 1 1
 0.843085 1 1 1 1
 0.843085 1 1 1 1
 0.843085 1 1 1 1
 0.843085 1 1 1 1
 0.843085 1 1 1 1
 0.843085 1 1 1 1
 0.843085 1 1 1 1
 0.843085 1 1 1 1
 0.843085 1 1 1 1
 0.843085 1 1 1 1
 0.843085 1 1 1 1
 0.843085 1 1 1 1
 0.843085 1 1 1 1
 0.843085 1 1 1 1
 0.843085 1 1 1 1
 0.843085 1 1 1 1
 0.843085 1 1 1 1
 0.843085 1 1 1 1
 0.843085 1 1 1 1
 0.843085 1 1 1 1
 0.843085 1 1 1 1
 0.843085 1 1 1 1
 0.843085 1 1 1 1
 0.843085 1 1 1 1
 0.843085 1 1 1 1
 0.843085 1 1 1 1
 0.843085 1 1 1 1
 0.843085 1 1 1 1
 0.843085 1 1 1 1
 0.843085 1 1 1 1
Sel_pelaces
 0.793915 1 1 1 1
 0.793915 1 1 1 1
 0.793915 1 1 1 1
 0.793915 1 1 1 1
 0.793915 1 1 1 1
 0.793915 1 1 1 1
 0.793915 1 1 1 1
 0.793915 1 1 1 1
 0.793915 1 1 1 1
 0.793915 1 1 1 1
 0.793915 1 1 1 1
 0.793915 1 1 1 1
 0.793915 1 1 1 1
 0.793915 1 1 1 1
 0.793915 1 1 1 1
 0.793915 1 1 1 1
 0.793915 1 1 1 1
 0.793915 1 1 1 1
 0.793915 1 1 1 1
 0.793915 1 1 1 1
 0.793915 1 1 1 1
 0.793915 1 1 1 1
 0.793915 1 1 1 1
 0.793915 1 1 1 1
 0.793915 1 1 1 1
 0.793915 1 1 1 1
 0.793915 1 1 1 1
 0.793915 1 1 1 1
 0.793915 1 1 1 1
 0.793915 1 1 1 1
 0.793915 1 1 1 1
 0.793915 1 1 1 1
 0.793915 1 1 1 1
pf_obs 
 0.8446 0.082 0.0669 0.0065 0
 0.8095 0.147 0.0364 0.0071 0
 0.9664 0.0169 0.016 0.0007 0
 0.9276 0.0648 0.0075 0.0001 0
 0.7033 0.2144 0.0806 0.0017 0
 0.9318 0.0425 0.0243 0.0014 0
 0.5671 0.3108 0.0964 0.0239 0.0018
 0.0768 0.2599 0.5324 0.112 0.0189
 0.490249 0.384438 0.106611 0.0170017 0.00170017
 0.7925 0.1577 0.0466 0.003 0.0002
 0.840416 0.127587 0.0312969 0.00059994 9.999e-05
 0.8084 0.0986 0.0794 0.0134 0.0002
 0.7335 0.1905 0.0724 0.0035 0.0001
 0.4001 0.4547 0.1325 0.0127 0
 0.49795 0.308269 0.164784 0.0264974 0.00249975
 0.9179 0.0499 0.0305 0.0017 0
 0.2467 0.6533 0.0926 0.0074 0
 0.9418 0.0223 0.034 0.0019 0
 0.707729 0.231977 0.0356964 0.0245975 0
 0.517169 0.277429 0.184464 0.0207286 0.00020938
 0.811772 0.124168 0.05621 0.00726502 0.000585176
 0.764997 0.148141 0.077277 0.00933861 0.000247198
 0.163321 0.427699 0.378323 0.0303852 0.000271297
 0.753843 0.0900009 0.118128 0.0371064 0.000921714
 0.721811 0.176058 0.0630433 0.0369309 0.00215725
 0.143369 0.312575 0.442814 0.0836902 0.0175525
 0.692698 0.0596174 0.167031 0.0765114 0.00414204
 0.394062 0.376323 0.152708 0.0712218 0.00568511
 0.125707 0.32114 0.495352 0.0537591 0.00404204
 0.23352 0.215282 0.420074 0.123614 0.00750983
 0.796117 0.104755 0.0508955 0.0450114 0.00322123
 0.162477 0.292055 0.404252 0.121198 0.0200186
 0 0 0 0 0
pf_pred 
 0.0120123 0.154397 0.72844 0.10515 7.02309e-07
 0.0323679 0.027187 0.155878 0.68593 0.0986374
 0.977932 0.00231031 0.000621047 0.00318818 0.0159484
 0.271586 0.723688 0.000548566 0.000132113 0.00404509
 0.152338 0.483041 0.362545 0.000242494 0.00183313
 0.998628 0.000843474 0.000330243 0.000196752 1.11132e-06
 0.0165245 0.982975 0.000318542 0.000114234 6.81129e-05
 0.0519799 0.0511147 0.896502 0.000257396 0.000146341
 0.973435 0.00390227 0.0013421 0.0213113 9.54397e-06
 0.12793 0.86541 0.00108155 0.000332296 0.00524611
 0.966623 0.0146309 0.0186273 1.94924e-05 9.94991e-05
 0.934417 0.0648695 0.000331252 0.000380193 2.4142e-06
 0.480576 0.509118 0.0102068 4.60886e-05 5.28723e-05
 0.846797 0.119141 0.0334683 0.000587707 5.65528e-06
 0.924505 0.0744276 0.000877466 0.000186758 3.26003e-06
 0.970314 0.0292704 0.000411111 4.02157e-06 8.61862e-07
 0.06416 0.92777 0.00797042 9.87949e-05 1.16537e-06
 0.981205 0.00348181 0.0151953 0.000115991 1.4452e-06
 0.306269 0.689411 0.000865947 0.00342802 2.63512e-05
 0.897629 0.0641718 0.0379922 4.17e-05 0.000165106
 0.655219 0.334386 0.00681446 0.00356081 1.92435e-05
 0.889216 0.0956574 0.0147211 0.000266661 0.000139183
 0.0399 0.925711 0.0301516 0.0041244 0.000112952
 0.85798 0.0146503 0.123211 0.00364854 0.000510058
 0.72866 0.257729 0.00153568 0.0116839 0.000392164
 0.15956 0.737941 0.0978069 0.00053184 0.00416115
 0.85176 0.0495016 0.0876028 0.0106282 0.000507373
 0.795326 0.194137 0.00377257 0.00600593 0.000758979
 0.162102 0.758408 0.0757111 0.0013566 0.00242175
 0.481218 0.162971 0.324303 0.0300171 0.00149159
 0.884218 0.0860671 0.0100021 0.0179757 0.00173667
 0.108195 0.855766 0.0275334 0.00287434 0.00563116
 0.864003 0.0319304 0.100188 0.00296688 0.000912207
pobs_RECLAS
 0 0 0 0 0
 0 0 0 0 0
 0 0 0 0 0
 0 0 0 0 0
 0 0 0 0 0
 0 0 0 0 0
 0 0 0 0 0
 0 0 0 0 0
 0 0 0 0 0
 0 0 0 0 0
 0.991045 0.00858322 0.000360255 1.14367e-05 0
 0.934742 0.0480273 0.0164251 0.00080598 0
 0.827803 0.169806 0.00239088 0 0
 0.941827 0.0461693 0.0120037 0 0
 0.791401 0.0380133 0.147996 0.0225897 0
 0.846168 0.0940531 0.0597789 0 0
 0.134021 0.677848 0.182769 0.00536245 0
 0.80878 0.0450904 0.141981 0.00414843 0
 0.846168 0.0940531 0.0597789 0 0
 0.905697 0.0802665 0.012482 0.00150086 5.37128e-05
 0.989698 0.0102097 9.19794e-05 0 0
 0.975433 0.0193895 0.00387452 0.00125025 5.28907e-05
 0.303575 0.632131 0.0575291 0.00676475 0
 0.966965 0.00978017 0.0227588 0.000495775 0
 0.843318 0.132988 0.00938335 0.0141283 0.000182051
 0.564624 0.303363 0.111486 0.0197234 0.00080311
 0.826376 0.0876187 0.0782897 0.00655872 0.00115652
 0.89761 0.0855135 0.0140674 0.00269457 0.000114338
 0.34875 0.467042 0.161289 0.0227151 0.000203297
 0.318654 0.224769 0.449479 0.00709798 0
 0.937255 0.0296025 0.0250945 0.00804832 0
 0.456809 0.399803 0.12412 0.0192676 0
 0.883104 0.0372192 0.0704036 0.00927362 0
ppred_RECLAS
 0.0225718 0.16095 0.713789 0.102688 6.85749e-07
 0.0659843 0.0282774 0.150634 0.660188 0.0949156
 0.989347 0.00119491 0.000298521 0.00152634 0.00763365
 0.43062 0.565976 0.000396683 9.51238e-05 0.00291189
 0.347662 0.391393 0.25947 0.000172356 0.00130245
 0.999282 0.000453204 0.000166054 9.85738e-05 5.56672e-07
 0.0327156 0.966829 0.000289992 0.000103555 6.17317e-05
 0.100599 0.0518002 0.847221 0.00024232 0.000137741
 0.987179 0.00201186 0.000642545 0.0101617 4.54981e-06
 0.257621 0.737271 0.000833682 0.000254727 0.00402031
 0.98307 0.00771926 0.00915252 9.54038e-06 4.86889e-05
 0.966452 0.0332108 0.000156886 0.000179297 1.13827e-06
 0.656924 0.33679 0.00622616 2.7989e-05 3.2101e-05
 0.949543 0.0404565 0.00982756 0.00017118 1.64649e-06
 0.967522 0.032064 0.000340732 7.21043e-05 1.25827e-06
 0.985179 0.0146283 0.000189918 1.8498e-06 3.96341e-07
 0.120571 0.872398 0.00694404 8.5713e-05 1.01084e-06
 0.990559 0.00184973 0.00753314 5.72861e-05 7.13618e-07
 0.479448 0.517576 0.000598712 0.0023594 1.81323e-05
 0.948258 0.0333765 0.0182661 1.99623e-05 7.90204e-05
 0.791635 0.202538 0.00382529 0.00199054 1.0755e-05
 0.941829 0.0507375 0.0072353 0.000130515 6.81069e-05
 0.0730978 0.895844 0.0272436 0.00371266 0.000101656
 0.924914 0.00824816 0.0646634 0.00190748 0.000266607
 0.835067 0.157199 0.000875472 0.00663631 0.000222701
 0.263087 0.652175 0.0808719 0.000438159 0.00342753
 0.921243 0.0275859 0.0454205 0.00548882 0.000261972
 0.877753 0.116342 0.00211902 0.00336158 0.000424729
 0.261647 0.672226 0.0629949 0.00112487 0.00200771
 0.651508 0.114877 0.213001 0.019639 0.00097569
 0.938096 0.0468895 0.00506745 0.00907101 0.000876185
 0.183074 0.785933 0.023699 0.00246532 0.00482895
 0.942243 0.0146383 0.0415206 0.0012227 0.000375826
pobs_PELACES
 0 0 0 0 0
 0 0 0 0 0
 0 0 0 0 0
 0 0 0 0 0
 0 0 0 0 0
 0 0 0 0 0
 0 0 0 0 0
 0 0 0 0 0
 0 0 0 0 0
 0 0 0 0 0
 0 0 0 0 0
 0 0 0 0 0
 0 0 0 0 0
 0 0 0 0 0
 0 0 0 0 0
 0 0 0 0 0
 0.505614 0.472636 0.0217494 0 0
 0 0 0 0 0
 0.443492 0.261883 0.143347 0.151278 0
 0.227955 0.32914 0.350689 0.0885471 0.00366901
 0.970185 0.0296113 0.000203453 0 0
 0.997202 0.00247181 0.000326279 0 0
 0.445219 0.490057 0.0546422 0.010081 0
 0.90214 0.0892962 0.00764917 0.000914606 0
 0 0 0 0 0
 0.581667 0.319106 0.0959925 0.00289975 0.000334073
 0.762889 0.0836404 0.116647 0.0363945 0.000428098
 0.88444 0.0763242 0.0277011 0.0115352 0
 0.521256 0.241999 0.230069 0.00667565 0
 0.616807 0.101726 0.260614 0.0208532 0
 0.833518 0.0704572 0.0857862 0.0102388 0
 0.697417 0.212968 0.0787535 0.0105354 0.000325836
 0 0 0 0 0
ppred_PELACES
 0.022559 0.161816 0.713075 0.102549 6.84806e-07
 0.0782823 0.028641 0.148708 0.650809 0.09356
 0.991075 0.00102508 0.0002497 0.00127491 0.00637569
 0.481958 0.515046 0.000349835 8.37423e-05 0.00256324
 0.487928 0.316024 0.194945 0.000128973 0.000974405
 0.999334 0.000422614 0.000152498 9.0449e-05 5.10766e-07
 0.0395577 0.960004 0.000279376 9.95954e-05 5.93657e-05
 0.113561 0.0520597 0.834005 0.000238263 0.000135427
 0.989341 0.001712 0.000532592 0.00841041 3.76539e-06
 0.338107 0.65758 0.000705572 0.00021495 0.003392
 0.985308 0.00678129 0.00786108 8.18386e-06 4.17632e-05
 0.972429 0.0273027 0.000125064 0.000142682 9.05737e-07
 0.707349 0.287467 0.00513483 2.30386e-05 2.64207e-05
 0.974413 0.0208644 0.00464173 8.04537e-05 7.73643e-07
 0.978309 0.0214297 0.000215383 4.54364e-05 7.92763e-07
 0.987955 0.011894 0.000149598 1.4545e-06 3.11614e-07
 0.141859 0.851475 0.00658363 8.11321e-05 9.56731e-07
 0.991646 0.00166285 0.00663994 5.0438e-05 6.28273e-07
 0.540385 0.457083 0.000510178 0.00200648 1.54185e-05
 0.95807 0.0273504 0.0145015 1.58201e-05 6.26174e-05
 0.820504 0.174617 0.00320463 0.00166489 8.99472e-06
 0.951376 0.042565 0.00589704 0.000106203 5.54151e-05
 0.0802803 0.889465 0.0265427 0.00361331 9.89306e-05
 0.934053 0.0073827 0.0566618 0.00166945 0.000233324
 0.846822 0.146118 0.000799808 0.00605689 0.000203246
 0.277935 0.640184 0.0781488 0.000423033 0.00330905
 0.931994 0.024193 0.0388952 0.00469399 0.000224021
 0.882729 0.111675 0.00200867 0.00318429 0.000402315
 0.265825 0.668989 0.0620994 0.00110829 0.00197806
 0.682701 0.10614 0.192547 0.0177314 0.000880861
 0.946471 0.0407937 0.00430208 0.00769039 0.000742775
 0.190368 0.779292 0.0232034 0.00241205 0.00472443
 0.961741 0.0100877 0.02713 0.000796547 0.000244798
pobs_pel_tallas
 0 0 0 0 0 0 0 0 0 0 0 0 0 0 0 0 0 0 0 0 0 0 0 0 0 0
 0 0 0 0 0 0 0 0 0 0 0 0 0 0 0 0 0 0 0 0 0 0 0 0 0 0
 0 0 0 0 0 0 0 0 0 0 0 0 0 0 0 0 0 0 0 0 0 0 0 0 0 0
 0 0 0 0 0 0 0 0 0 0 0 0 0 0 0 0 0 0 0 0 0 0 0 0 0 0
 0 0 0 0 0 0 0 0 0 0 0 0 0 0 0 0 0 0 0 0 0 0 0 0 0 0
 0 0 0 0 0 0 0 0 0 0 0 0 0 0 0 0 0 0 0 0 0 0 0 0 0 0
 0 0 0 0 0 0 0 0 0 0 0 0 0 0 0 0 0 0 0 0 0 0 0 0 0 0
 0 0 0 0 0 0 0 0 0 0 0 0 0 0 0 0 0 0 0 0 0 0 0 0 0 0
 0 0 0 0 0 0 0 0 0 0 0 0 0 0 0 0 0 0 0 0 0 0 0 0 0 0
 0 0 0 0 0 0 0 0 0 0 0 0 0 0 0 0 0 0 0 0 0 0 0 0 0 0
 0 0 0 0 0 0 0 0 0 0 0 0 0 0 0 0 0 0 0 0 0 0 0 0 0 0
 0 0 0 0 0 0 0 0 0 0 0 0 0 0 0 0 0 0 0 0 0 0 0 0 0 0
 0.00862536 0 0 0.000197151 0.00414017 0.0128641 0.00837892 0.0270097 0.101434 0.158115 0.152841 0.127902 0.109271 0.109419 0.0830992 0.0579132 0.0238553 0.00714673 0.00463305 0.00128148 0.00103504 0.000492878 0.000147863 0.000147863 4.92878e-05 0
 0 0 0 0 0 0 0 0 0 0 0 0 0 0 0 0 0 0 0 0 0 0 0 0 0 0
 0 0 0 0 0 0 0 0.0054083 0.00873648 0.0413646 0.0450493 0.0745869 0.0622846 0.0627006 0.0613931 0.0827291 0.12552 0.122667 0.0946155 0.0697135 0.0546179 0.0294188 0.0215738 0.0213955 0.0102223 0.00600262
 0 0 0 0 0.00359764 0.0251062 0.0480494 0.140153 0.205849 0.193036 0.1447 0.116669 0.0760912 0.0342217 0.00950174 0.001854 0.000860785 0 0 0 0.000165536 0 0.000143464 0 0 0
 0 0 0 0 0 0 0 0.000145254 0.000435761 0.0275982 0.070085 0.0708112 0.156366 0.174668 0.174014 0.160142 0.0824315 0.0480064 0.0283245 0.00493863 0.00203355 0 0 0 0 0
 0 0 0 0 0 0 0 0 0 0 0 0 0 0 0 0 0 0 0 0 0 0 0 0 0 0
 0 0 1.00437e-05 0.000401748 0.00122533 0.00171747 0.00176769 0.0269171 0.070346 0.194647 0.189555 0.159765 0.064822 0.0314167 0.0384472 0.0292271 0.0345202 0.0313363 0.0194345 0.0106764 0.0143323 0.0359363 0.0279516 0.0138201 0.00172751 0
 0 0.0021121 0.0136068 0.0755702 0.200478 0.177729 0.0527432 0.0373336 0.0318909 0.0142505 0.0149659 0.0166563 0.0217959 0.0798694 0.0677717 0.0528807 0.04013 0.0224614 0.0357745 0.0225083 0.00881397 0.00855152 0.00135912 0.000746735 0 0
 0 0 0 0 5.4009e-05 0.00500934 0.000945158 0.0243581 0.138947 0.33067 0.221406 0.137944 0.0707744 0.0437923 0.0131692 0.00525238 0.0047753 0.00276346 9.45158e-05 9.00151e-06 2.25038e-05 9.00151e-06 4.50075e-06 0 0 0
 0.000866109 0.00284123 0.00948549 0.0512746 0.133035 0.25785 0.225252 0.132002 0.0553304 0.0519788 0.0540692 0.017754 0.00435017 0.00159236 0.00146478 0.000404838 0.000125132 0.000115318 0.000107957 0.000100596 0 0 0 0 0 0
 0 0 0 0 0.00144013 0.00171154 0.00461396 0.0210425 0.0478622 0.0707936 0.0888783 0.103762 0.0637923 0.0337046 0.0602308 0.124433 0.169614 0.0934646 0.0462172 0.0250306 0.0313229 0.00938855 0.002487 0.000210481 0 0
 0 0.00764035 0.051015 0.0998891 0.058973 0.0496711 0.0374665 0.0718981 0.12319 0.153886 0.159021 0.0857701 0.0377988 0.023471 0.0147837 0.00900784 0.00315554 0.000888139 0.00291439 0.00214683 0.00393193 0.00274676 0.000635225 9.99891e-05 0 0
 0 0 0 0 0 0 0 0 0 0 0 0 0 0 0 0 0 0 0 0 0 0 0 0 0 0
 0 0 0 0 0 0 0 0 0 0 0 0 0 0 0 0 0 0 0 0 0 0 0 0 0 0
 0 0 0 0 0 0 0 0 0 0 0 0 0 0 0 0 0 0 0 0 0 0 0 0 0 0
 0 0 0 0 0 0 0 0 0 0 0 0 0 0 0 0 0 0 0 0 0 0 0 0 0 0
 0 0 0 0 0 0 0 0 0 0 0 0 0 0 0 0 0 0 0 0 0 0 0 0 0 0
 0 0 0 0 0 0 0 0 0 0 0 0 0 0 0 0 0 0 0 0 0 0 0 0 0 0
 0 0 0 0 0 0 0 0 0 0 0 0 0 0 0 0 0 0 0 0 0 0 0 0 0 0
 0 0 0 0 0 0 0 0 0 0 0 0 0 0 0 0 0 0 0 0 0 0 0 0 0 0
 0 0 0 0 0 0 0 0 0 0 0 0 0 0 0 0 0 0 0 0 0 0 0 0 0 0
ppred_pel_tallas
 1.30904e-16 1.85819e-06 1.80623e-05 0.000120031 0.000545653 0.00169782 0.00361799 0.00528405 0.00530075 0.00370009 0.00197666 0.00136511 0.00223005 0.00479992 0.00959838 0.0172087 0.0279216 0.0416461 0.0580787 0.0767797 0.0968009 0.116044 0.131101 0.138183 0.13481 0.12117
 1.85399e-16 6.44801e-06 6.2677e-05 0.000416511 0.0018934 0.00589108 0.0125517 0.0183202 0.0183235 0.0125677 0.00594645 0.00206016 0.000861934 0.00112767 0.00231426 0.00460428 0.0085987 0.0152511 0.0258752 0.0419459 0.0645128 0.0933063 0.125955 0.157879 0.183208 0.19652
 1.01215e-16 8.16335e-05 0.000793507 0.00527313 0.0239709 0.0745823 0.158906 0.231927 0.231927 0.158906 0.074584 0.0239757 0.00528538 0.000820703 0.000134735 9.77464e-05 0.000143954 0.00020741 0.000286847 0.000394743 0.000552008 0.000778591 0.00107919 0.00143169 0.00178569 0.00207382
 1.00584e-16 3.96983e-05 0.000385882 0.00256432 0.0116571 0.0362697 0.0772783 0.1128 0.11285 0.0775203 0.0370817 0.0140008 0.0084417 0.0131971 0.0243142 0.0399859 0.0572512 0.0712676 0.0771327 0.0725954 0.0594433 0.0423961 0.0264192 0.0145067 0.00718642 0.00341447
 1.05885e-16 4.019e-05 0.000390662 0.00259609 0.0118014 0.0367188 0.0782345 0.114192 0.114223 0.0783846 0.0372233 0.0132614 0.0062717 0.00845015 0.0154503 0.0257473 0.0377056 0.0486924 0.0559837 0.0582112 0.0560129 0.0513038 0.0458453 0.0403376 0.0345952 0.0283273
 1.00014e-16 8.23138e-05 0.00080012 0.00531708 0.0241707 0.0752039 0.16023 0.23386 0.23386 0.16023 0.0752045 0.0241726 0.00532196 0.000810812 0.000102706 3.97237e-05 4.97021e-05 6.33055e-05 7.19227e-05 7.36544e-05 6.97454e-05 6.33056e-05 5.71739e-05 5.2424e-05 4.84172e-05 4.39139e-05
 1.00274e-16 3.25852e-06 3.1674e-05 0.00021049 0.000956912 0.0029778 0.00634794 0.00928435 0.00937666 0.00679887 0.00449124 0.00532536 0.0111651 0.0239096 0.0452457 0.074517 0.106691 0.132793 0.143681 0.135147 0.110514 0.0785712 0.0485768 0.0261286 0.0122422 0.00501342
 1.24128e-16 9.35391e-06 9.09233e-05 0.000604218 0.00274669 0.008546 0.0182084 0.026577 0.0265833 0.0182397 0.00865492 0.00307746 0.00149539 0.0022373 0.00467239 0.00923331 0.016831 0.028478 0.044903 0.0659397 0.0898087 0.112791 0.129884 0.136515 0.130541 0.113332
 1.0086e-16 8.14907e-05 0.000792119 0.00526391 0.023929 0.0744519 0.158628 0.231522 0.231522 0.158628 0.0744547 0.023937 0.00528442 0.000837635 0.000170283 0.000159167 0.000238291 0.000338594 0.000455291 0.00059847 0.000786592 0.00103323 0.00132991 0.00163711 0.00189182 0.0020295
 1.00785e-16 2.78496e-05 0.000270708 0.00179895 0.00817782 0.0254446 0.0542147 0.0791411 0.0792044 0.0545235 0.0264813 0.0111702 0.00930296 0.0166276 0.031021 0.051052 0.0730993 0.0909989 0.0984941 0.0927113 0.0759328 0.0541832 0.0338001 0.0186038 0.00926585 0.00445206
 1.00237e-16 8.11585e-05 0.000788889 0.00524245 0.0238314 0.0741483 0.157981 0.230578 0.230579 0.157984 0.0741593 0.0238631 0.00532263 0.000965591 0.000421589 0.000581064 0.000858159 0.00113888 0.00136536 0.00150834 0.00157289 0.00158165 0.00154812 0.00146575 0.00132069 0.001113
 1.00026e-16 8.00977e-05 0.000778578 0.00517392 0.0235199 0.0731792 0.155916 0.227565 0.227567 0.155929 0.0732222 0.0236442 0.00548553 0.00145783 0.00136722 0.00212592 0.00303682 0.00378112 0.00409442 0.00385714 0.00316368 0.00226345 0.00141861 0.000786931 0.000395923 0.000190618
 1.00229e-16 5.82635e-05 0.000566342 0.00376354 0.0171085 0.0532311 0.113416 0.165539 0.165567 0.113551 0.0536845 0.0184172 0.00704561 0.00772157 0.0136192 0.0223491 0.0320151 0.0398928 0.0432489 0.0408238 0.0336002 0.0241848 0.0153166 0.0086422 0.00445252 0.00218624
 1.00148e-16 8.02611e-05 0.000780166 0.00518448 0.0235679 0.0733285 0.156234 0.228029 0.228031 0.156244 0.0733615 0.0236634 0.00542422 0.00130387 0.00107589 0.00165418 0.00238082 0.00300515 0.00333057 0.00326592 0.00287259 0.00231833 0.00177353 0.00133234 0.00100404 0.00075488
 1.00017e-16 8.0582e-05 0.000783286 0.00520521 0.0236621 0.0736217 0.156859 0.22894 0.228943 0.156869 0.0736555 0.0237597 0.00544982 0.00131653 0.0010911 0.00167046 0.00238487 0.00297007 0.00321751 0.00303315 0.00249069 0.0017853 0.00112216 0.000624751 0.000314883 0.000150104
 1.00008e-16 8.13765e-05 0.000791009 0.00525653 0.0238954 0.0743475 0.158405 0.231197 0.231199 0.158411 0.0743663 0.0239496 0.0053923 0.00108699 0.000642296 0.000929856 0.00132406 0.00164898 0.00178663 0.00168467 0.00138389 0.000992456 0.000624108 0.000347346 0.000174368 8.18445e-05
 1.00416e-16 1.16849e-05 0.000113582 0.000754795 0.00343124 0.0106763 0.02275 0.0332214 0.0333033 0.02315 0.0120188 0.00730655 0.0104732 0.0212985 0.0401562 0.0661328 0.0947135 0.117942 0.127718 0.120312 0.0986538 0.0705079 0.0440439 0.0241901 0.0118309 0.00528911
 1.00198e-16 8.16806e-05 0.000793964 0.00527617 0.0239847 0.0746253 0.158997 0.232061 0.232061 0.158998 0.0746282 0.023993 0.00529752 0.000842117 0.000177676 0.000176244 0.000273243 0.000399914 0.000545322 0.000702525 0.000861745 0.00100481 0.00110381 0.00112935 0.00106532 0.000919829
 1.00336e-16 4.45109e-05 0.000432662 0.00287519 0.0130702 0.0406666 0.086646 0.126472 0.126516 0.0868607 0.0413872 0.0151503 0.00809127 0.0118025 0.0215882 0.0354889 0.0508131 0.0632563 0.0684675 0.0644478 0.0527807 0.0376496 0.0234552 0.0128496 0.00630069 0.00288825
 1.00438e-16 7.89149e-05 0.000767081 0.00509752 0.0231726 0.0720986 0.153614 0.224204 0.224207 0.153627 0.0721422 0.0232987 0.00541479 0.00146217 0.0014063 0.00221884 0.00323207 0.00415354 0.00473945 0.00487094 0.00460871 0.00413041 0.00360409 0.00310426 0.0026212 0.00212572
 1.00306e-16 6.75839e-05 0.00065694 0.00436559 0.0198454 0.0617464 0.131558 0.192016 0.192033 0.13164 0.0620218 0.0206404 0.00635942 0.00500383 0.00830649 0.0135818 0.0194562 0.0242517 0.026309 0.0248664 0.0205233 0.0148629 0.00954399 0.00555734 0.00306696 0.00171995
 1.00202e-16 7.83636e-05 0.000761722 0.00506191 0.0230107 0.0715949 0.152541 0.222638 0.222643 0.152561 0.0716622 0.0232051 0.00554973 0.00182647 0.00210003 0.00334636 0.00480936 0.00603938 0.00663528 0.00641107 0.00550046 0.00426369 0.00307214 0.00213889 0.00149238 0.00105738
 1.01373e-16 6.61277e-06 6.42786e-05 0.000427158 0.00194185 0.00604228 0.0128769 0.0188121 0.0188977 0.0132949 0.00744538 0.00599237 0.0105865 0.0222155 0.0419972 0.0692127 0.099217 0.123743 0.134367 0.127199 0.105261 0.0765658 0.0495083 0.0291018 0.0161913 0.0090327
 1.01845e-16 7.69367e-05 0.000747852 0.00496974 0.0225917 0.0702912 0.149763 0.218583 0.218584 0.149767 0.0703047 0.0226317 0.00507433 0.000989837 0.000576406 0.000934854 0.00157985 0.00248567 0.00366404 0.00509059 0.00666097 0.00815831 0.00927555 0.00971465 0.00932016 0.00816345
 1.00703e-16 6.97516e-05 0.000678011 0.00450562 0.0204819 0.0637269 0.135777 0.198174 0.198188 0.135846 0.0639573 0.0211471 0.00617381 0.00431489 0.00696283 0.0113641 0.0162791 0.0202959 0.0220316 0.0208589 0.0172919 0.0126655 0.00836845 0.00521436 0.00330902 0.00231767
 1.03022e-16 2.28932e-05 0.000222531 0.0014788 0.00672243 0.0209163 0.0445667 0.0650593 0.065121 0.044868 0.0219281 0.0096444 0.0088119 0.0162259 0.0304015 0.0501838 0.0721923 0.0905698 0.0993394 0.0957097 0.0817209 0.0628486 0.0447509 0.0306931 0.0211234 0.0148784
 1.01638e-16 7.67671e-05 0.000746204 0.00495878 0.0225419 0.0701363 0.149433 0.218102 0.218105 0.149445 0.0701757 0.0226565 0.00524915 0.00138902 0.00132378 0.00213524 0.00322734 0.00438926 0.00545218 0.00632313 0.00700265 0.00751733 0.00783184 0.00783338 0.00740836 0.0065411
 1.00475e-16 7.27093e-05 0.00070676 0.00469667 0.0213504 0.066429 0.141534 0.206576 0.206587 0.141587 0.0666052 0.0218589 0.00597201 0.00348741 0.00534363 0.00869281 0.0124542 0.0155341 0.0168741 0.0159924 0.0132769 0.00974113 0.00644091 0.00399714 0.00249629 0.00169345
 1.02409e-16 2.18958e-05 0.000212835 0.00141437 0.00642954 0.020005 0.0426252 0.0622262 0.0622907 0.04294 0.0210617 0.00948077 0.00907043 0.0169162 0.0317154 0.0523193 0.07518 0.0941422 0.10293 0.0986239 0.0833984 0.0630716 0.0436836 0.0287618 0.0188306 0.0126481
 1.07511e-16 5.62332e-05 0.000546607 0.00363239 0.0165123 0.0513761 0.109463 0.159766 0.159777 0.109514 0.0515497 0.0170175 0.00491383 0.00338832 0.00558287 0.0094784 0.014434 0.0197846 0.0248333 0.0291682 0.0327354 0.035541 0.0372927 0.0373836 0.0352799 0.0309739
 1.01032e-16 7.79596e-05 0.000757795 0.00503581 0.0228921 0.0712258 0.151754 0.22149 0.221494 0.151773 0.0712903 0.0230784 0.00550359 0.00177913 0.00201831 0.00321535 0.00463028 0.00583816 0.00646768 0.00635811 0.00565493 0.00471195 0.0038746 0.00331101 0.00299032 0.00277596
 1.01911e-16 1.56805e-05 0.00015242 0.00101289 0.0046045 0.0143267 0.0305273 0.0445712 0.0446462 0.0308936 0.015556 0.00815335 0.00991402 0.0195604 0.0368067 0.0606446 0.0869381 0.10844 0.117775 0.111545 0.0924082 0.0673924 0.0438555 0.0261799 0.0150819 0.00899769
 1.00907e-16 7.92173e-05 0.000770021 0.00511706 0.0232614 0.0723749 0.154202 0.225063 0.225064 0.154207 0.0723917 0.0233104 0.00524192 0.00104889 0.000627238 0.000959381 0.00148521 0.00209744 0.00273693 0.00336346 0.00395006 0.00445315 0.00478891 0.00485248 0.00457552 0.00397806
pSPR Fmed_Fpbrs
1   0.984101 0.6 0.325 0.984101 0.984101 0.984101
Fs Fmed_Fpbrs
0   0.01 0.365921 0.95253 0.01 0.01 0.01
SSBpbr Bo_Bmed_Bpbrs
259186  246227  242106 142552 71276.2 242106 242106 242106
Ro
36571.9
SPR SPRFo_SPRFmed_SPRFpbrs
263476 263476 259287
Fref
0
Nvult_r0
 57741.1 1635.11 5048.08 149.361 45.9211
CTP_r0
 32010 1182.98 3711.81 109.919 33.7959
YTP_r0
355976
Np
 64589.6 23761.2 8741.26 3215.73 1618.2
Nvult_p0
 40828.4 15019.9 5525.53 2032.73 1022.9
CTP_p0
 0 0 0 0 0
 0 0 0 0 0
 0 0 0 0 0
 0 0 0 0 0
 0 0 0 0 0
 0 0 0 0 0
YTP_p0
 0 0 0 0 0 0
CBA_c0
0
log_Ro
10.327
likeval ReclasPelacesDesembMPH_pf_preclas_ppelaces_ptallas_desvR_qrecl_qpela
 20.5522 18.202 0.445679 35.998 370.084 151.716 148.438 0 157.602 0.00011229 0.000188123 0.117784 2064.61 0 0
q_reclas_q_pelaces
4.47542 6.95671
M
1
N
 2407.67 15712 70355.8 10127.1 0.0676304
 1517.85 763.297 4227.19 18567 2669.7
 217365 306.628 79.5955 407.846 2039.99
 26667.1 44285 32.55 7.82625 239.608
 1961.12 4711.4 3483.55 2.32819 17.5992
 287743 133.981 50.2404 29.8627 0.168654
 2013.56 74062.9 23.2551 8.32565 4.96378
 644.72 365.586 6170.03 1.76784 1.00499
 60605.4 146.14 48.5703 769.844 0.344731
 2541.91 12061.2 14.7666 4.532 71.5446
 30992.2 274.41 336.672 0.351612 1.79462
 156152 6730.03 33.3115 38.1697 0.242354
 41534.9 27959.8 544.511 2.45494 2.81605
 61330.9 6844.02 1899.42 33.3328 0.320738
 50432.1 2890.2 33.4185 7.10544 0.124025
 267732 5044.38 68.7139 0.67108 0.143807
 5292.59 46937.4 390.404 4.8308 0.0569784
 486771 988.023 4145.75 31.5794 0.393422
 78311.6 112977 137.957 545.312 4.19148
 279976 12498.3 7176.22 7.86373 31.1328
 157310 49127.8 969.108 505.518 2.73169
 448871 29586.9 4407.94 79.7086 41.5999
 6374.93 84060.9 2630.71 359.081 9.83282
 152434 1507.17 12202.4 360.602 50.4059
 172068 34130.1 195.124 1481.27 49.7122
 16513.3 42252.1 5365.49 29.1086 227.72
 122604 4209.46 7185.95 870.143 41.5349
 196645 25829.8 479.477 761.447 96.2128
 22045 53966.2 5130.47 91.6862 163.652
 32970.5 6496.44 12451 1150.14 57.1458
 125969 7277.73 816.231 1464.14 141.439
 6138.83 26154.7 803.93 83.7198 163.996
 64589.6 1680.27 5166.26 152.826 46.9857
pred_Ctot
 212.949 2737.09 12913.5 1864.05 0.0124502
 453.928 381.271 2186.03 9619.48 1383.29
 64288.6 151.878 40.8272 209.589 1048.44
 9289.79 24754.3 18.7641 4.51901 138.365
 1146.28 3634.68 2728 1.82466 13.7935
 56233.1 47.4963 18.5961 11.0791 0.0625787
 682.081 40574.1 13.1484 4.71523 2.81149
 162.667 159.959 2805.53 0.805501 0.457962
 18474.5 74.0599 25.4712 404.46 0.181132
 1248.88 8448.28 10.5582 3.24393 51.2134
 8375 126.765 161.39 0.168886 0.862078
 53664.5 3725.52 19.0242 21.8349 0.13865
 15452 16369.7 328.18 1.48189 1.7
 39310.9 5530.9 1553.7 27.2832 0.262535
 25674.1 2066.9 24.3678 5.18638 0.0905331
 93986.9 2835.2 39.8212 0.389539 0.083482
 1739.82 25158.2 216.132 2.679 0.0316012
 117878 418.29 1825.5 13.9347 0.17362
 29949.9 67417.1 84.6804 335.224 2.57687
 98198.3 7020.23 4156.25 4.56187 18.0622
 51282.7 26171.7 533.354 278.698 1.50615
 147038 15817.6 2434.23 44.0943 23.0149
 1492.38 34624.5 1127.76 154.265 4.22477
 39252.8 670.256 5636.94 166.922 23.3353
 37369.9 13217.8 78.7585 599.218 20.1124
 3302.12 15271.8 2024.13 11.0065 86.1159
 34636.9 2012.99 3562.38 432.198 20.6324
 32335.4 7892.97 153.381 244.182 30.8576
 2822.91 13207.2 1318.46 23.6244 42.1732
 8686.65 2941.85 5854.11 541.85 26.9252
 36319.8 3535.25 410.843 738.362 71.3347
 1017.46 8047.61 258.923 27.0302 52.9553
 32010 1182.98 3711.81 109.919 33.7959
F
 0.148767 0.31289 0.332177 0.333258 0.333316
 0.599411 1.26069 1.3384 1.34276 1.34299
 0.590933 1.24286 1.31947 1.32377 1.32399
 0.733446 1.5426 1.63769 1.64302 1.6433
 1.68358 3.54092 3.7592 3.77143 3.77208
 0.357155 0.751173 0.797478 0.800073 0.800211
 0.706162 1.48521 1.57676 1.5819 1.58217
 0.484253 1.01849 1.08127 1.08479 1.08498
 0.61439 1.29219 1.37185 1.37631 1.37655
 1.22605 2.57864 2.7376 2.74651 2.74698
 0.527155 1.10872 1.17707 1.1809 1.1811
 0.720062 1.51445 1.6078 1.61303 1.61331
 0.80316 1.68922 1.79335 1.79918 1.79949
 2.05496 4.32202 4.58844 4.60338 4.60417
 1.30235 2.73913 2.90798 2.91744 2.91794
 0.741174 1.55885 1.65494 1.66033 1.66061
 0.678356 1.42673 1.51468 1.51961 1.51987
 0.460611 0.968764 1.02848 1.03183 1.03201
 0.835107 1.75641 1.86468 1.87075 1.87107
 0.74028 1.55697 1.65295 1.65833 1.65861
 0.670886 1.41102 1.498 1.50287 1.50313
 0.675193 1.42008 1.50761 1.51252 1.51278
 0.442139 0.929913 0.987235 0.990449 0.990619
 0.496551 1.04435 1.10873 1.11234 1.11253
 0.404235 0.850194 0.902602 0.90554 0.905695
 0.366832 0.771526 0.819085 0.821751 0.821892
 0.557429 1.17239 1.24466 1.24871 1.24893
 0.293043 0.616332 0.654325 0.656454 0.656567
 0.221829 0.466555 0.495315 0.496927 0.497012
 0.510795 1.07431 1.14054 1.14425 1.14444
 0.572011 1.20306 1.27722 1.28138 1.2816
 0.29568 0.621879 0.660213 0.662362 0.662476
 1.24402 2.61645 2.77773 2.78677 2.78725
YTP_r0W_actual
 241356 20642.9 89343.2 3442.65 1191.31
YTP_p0W_proyectada
 0 0 0 0 0
 0 0 0 0 0
 0 0 0 0 0
 0 0 0 0 0
 0 0 0 0 0
 0 0 0 0 0
CTP_r0_actual
 32010 1182.98 3711.81 109.919 33.7959
CTP_p0_proyectada
 0 0 0 0 0
 0 0 0 0 0
 0 0 0 0 0
 0 0 0 0 0
 0 0 0 0 0
 0 0 0 0 0
Wmedp
 7.54 17.45 24.07 31.32 35.25
Frms_r0
 1.24402 2.61645 2.77773 2.78677 2.78725
Zrms_r0
 2.24402 3.61645 3.77773 3.78677 3.78725
nmprior
 7.29 8.9 8.7 0
nm_flota  nm_reclas  nm_pelaces    nm_pelaL
inf 12.2179 3.92564 6.78381
cv_recla  cv_pelaces  cv_mph
0.392609 0.467359 0.801761
 ------------------------------------------------
Talla a la edad & desviaci?n 
 8 13.2811 15.8009 17.003 17.5766
 0.8 1.32811 1.58009 1.7003 1.75766
