years
 1991 1992 1993 1994 1995 1996 1997 1998 1999 2000 2001 2002 2003 2004 2005 2006 2007 2008 2009 2010 2011 2012 2013 2014 2015 2016 2017 2018 2019 2020 2021 2022 2023
reclasobs
 0 0 0 0 0 0 0 0 0 252601 567819 844713 477998 351125 339783 2.1784e+06 2.13404e+06 4.81314e+06 1.55562e+06 2.62356e+06 3.21686e+06 3.843e+06 1.13348e+06 3.07943e+06 1.97215e+06 2.03268e+06 2.025e+06 2.42433e+06 2.27542e+06 1.05018e+06 2.36338e+06 3.18982e+06 1.53035e+06
reclaspred
 2.95731e+06 1.66779e+06 880638 914953 940774 1.36829e+06 930106 886531 666387 516903 556111 683546 617638 434045 567573 1.2519e+06 1.30931e+06 2.43539e+06 2.05518e+06 1.69611e+06 3.0896e+06 2.49988e+06 2.07575e+06 3.03763e+06 2.32769e+06 2.10218e+06 2.4246e+06 2.60701e+06 2.27379e+06 1.68285e+06 1.84766e+06 1.95329e+06 1.70699e+06
pelacesobs
 0 0 0 0 0 0 0 0 0 0 0 0 0 0 0 552880 188675 0 991730 2.46772e+06 1.41603e+06 1.21717e+06 2.29649e+06 1.80582e+06 0 1.4828e+06 1.56532e+06 1.57751e+06 1.42118e+06 867257 1.10002e+06 1.06204e+06 0
pelacespred
 1.63832e+06 1.0378e+06 547855 464811 491285 740497 485882 543838 408088 304632 330184 347113 338647 253883 341692 620155 642577 1.34652e+06 1.2015e+06 907476 1.5976e+06 1.4339e+06 1.17093e+06 1.85303e+06 1.38015e+06 1.23428e+06 1.6207e+06 1.57622e+06 1.23281e+06 1.05335e+06 1.0182e+06 1.06849e+06 966660
mphobs
 0 0 0 0 0 0 0 0 0 0 0 0 498337 0 5186 125008 0 168611 109162 213762 579715 649985 157893 87575 83554 210694 70296 0 107559 103333 445601 22526 28222
mphpred
 456770 306456 154478 89471.9 103306 116190 144471 100637 91297 68078.7 47922.1 67387.2 76214.7 56573.1 35724.7 58769.4 152440 155457 239046 366107 426877 515392 104338 91509.5 127265 101889 89915.3 96487.1 132191 103238 66706.1 86977.7 61123.2
desembarqueobs
 494567 514787 250237 358949 120608 361735 552515 73892 212993 205616 52469 317467 293654 387597 252695 516296 358380 742168 942051 627588 828172 859565 418607 520667 417249 300574 415391 372974 316634 284311 391294 218835 356480
desembarquepred
 494570 513195 251043 358983 120613 361760 552584 73895.7 213034 205654 52471.1 317519 293755 387790 252695 516280 358405 742111 941932 627490 828256 859638 418632 520707 417258 300584 415406 372972 316633 284309 391294 218844 356494
Reclutas
 236961 123440 164189 253051 214447 320263 142847 76935.6 68552.9 89242.3 170370 198595 131562 86709.4 145677 605569 153554 805584 533657 463819 655011 841643 193628 540393 480929 218272 471691 557581 199327 186601 356590 173895 348826
log_desv_Rt
 -0.0356195 -0.687759 -0.4025 0.030073 -0.135456 0.265627 -0.541744 -1.16055 -1.27591 -1.01216 -0.365547 -0.212249 -0.624042 -1.04095 -0.522122 0.902652 -0.469463 1.18805 0.776237 0.635978 0.981136 1.23184 -0.237576 0.788781 0.672204 -0.117772 0.652807 0.820092 -0.208569 -0.274545 0.373069 -0.345064 0.351055
SSB
 4.50139e+06 3.02007e+06 1.52236e+06 881730 1.01806e+06 1.14503e+06 1.42374e+06 991762 899716 670904 472264 664089 721951 548590 342465 563571 1.50227e+06 1.532e+06 2.41866e+06 1.94409e+06 2.3185e+06 2.91155e+06 2.76706e+06 2.34743e+06 3.08355e+06 2.60539e+06 2.17934e+06 2.26058e+06 3.19945e+06 2.36568e+06 1.71497e+06 2.29279e+06 1.49986e+06
BT
 5.93686e+06 4.00566e+06 2.09982e+06 1.86675e+06 1.74749e+06 2.79546e+06 2.14289e+06 1.88977e+06 1.58634e+06 1.22285e+06 1.15717e+06 1.43698e+06 1.40462e+06 1.25656e+06 1.40323e+06 2.51778e+06 2.44291e+06 5.17298e+06 4.96077e+06 3.63126e+06 6.01643e+06 5.65723e+06 4.30119e+06 6.70494e+06 5.0353e+06 4.41317e+06 5.86644e+06 5.6567e+06 4.40332e+06 3.81407e+06 3.77672e+06 3.7651e+06 3.56636e+06
Ftot
 0.101291 0.181999 0.176292 0.28584 0.0892358 0.199816 0.377154 0.0568409 0.218723 0.270114 0.0765028 0.340021 0.328242 0.629344 0.392374 0.379409 0.184328 0.251495 0.330046 0.268893 0.200064 0.252512 0.130628 0.135288 0.124016 0.0959061 0.133827 0.117444 0.0869889 0.110701 0.163956 0.0743851 0.159967
BD_Bspro_t
 0.984031 0.887359 0.766978 0.709415 0.714735 0.77258 0.751804 0.636053 0.696076 0.672372 0.655452 0.790156 0.698138 0.589742 0.469173 0.585409 0.705181 0.695077 0.734648 0.663086 0.66126 0.70642 0.723985 0.725437 0.797256 0.807547 0.813266 0.832398 0.866758 0.831837 0.802307 0.828538 0.829642
BD_Bspro
 2.54452 1.70717 0.860548 0.498419 0.575485 0.647256 0.804804 0.560617 0.508586 0.379244 0.266958 0.375392 0.4081 0.310104 0.193587 0.318572 0.849194 0.866001 1.3672 1.09894 1.31059 1.64583 1.56415 1.32694 1.74305 1.47276 1.23192 1.27785 1.80856 1.33726 0.96943 1.29606 0.847832
BD_Bo
 2.41928 1.62314 0.818192 0.473887 0.54716 0.615399 0.765191 0.533024 0.483554 0.360578 0.253819 0.356916 0.388013 0.29484 0.184058 0.302892 0.807397 0.823377 1.29991 1.04485 1.24608 1.56482 1.48716 1.26163 1.65726 1.40027 1.17129 1.21495 1.71955 1.27144 0.921715 1.23226 0.806102
BD_Brms
 2.59126 1.73853 0.876356 0.507575 0.586057 0.659146 0.819588 0.570916 0.517929 0.386211 0.271862 0.382288 0.415597 0.3158 0.197143 0.324424 0.864794 0.88191 1.39232 1.11913 1.33466 1.67606 1.59288 1.35131 1.77507 1.49981 1.25455 1.30132 1.84179 1.36182 0.987238 1.31986 0.863407
Sel_flota
 0.488322 0.947733 0.997106 0.999847 0.999992
 0.488322 0.947733 0.997106 0.999847 0.999992
 0.488322 0.947733 0.997106 0.999847 0.999992
 0.488322 0.947733 0.997106 0.999847 0.999992
 0.488322 0.947733 0.997106 0.999847 0.999992
 0.488322 0.947733 0.997106 0.999847 0.999992
 0.488322 0.947733 0.997106 0.999847 0.999992
 0.488322 0.947733 0.997106 0.999847 0.999992
 0.488322 0.947733 0.997106 0.999847 0.999992
 0.488322 0.947733 0.997106 0.999847 0.999992
 0.488322 0.947733 0.997106 0.999847 0.999992
 0.488322 0.947733 0.997106 0.999847 0.999992
 0.488322 0.947733 0.997106 0.999847 0.999992
 0.488322 0.947733 0.997106 0.999847 0.999992
 0.488322 0.947733 0.997106 0.999847 0.999992
 0.488322 0.947733 0.997106 0.999847 0.999992
 0.488322 0.947733 0.997106 0.999847 0.999992
 0.488322 0.947733 0.997106 0.999847 0.999992
 0.488322 0.947733 0.997106 0.999847 0.999992
 0.488322 0.947733 0.997106 0.999847 0.999992
 0.488322 0.947733 0.997106 0.999847 0.999992
 0.488322 0.947733 0.997106 0.999847 0.999992
 0.488322 0.947733 0.997106 0.999847 0.999992
 0.488322 0.947733 0.997106 0.999847 0.999992
 0.488322 0.947733 0.997106 0.999847 0.999992
 0.488322 0.947733 0.997106 0.999847 0.999992
 0.488322 0.947733 0.997106 0.999847 0.999992
 0.488322 0.947733 0.997106 0.999847 0.999992
 0.488322 0.947733 0.997106 0.999847 0.999992
 0.488322 0.947733 0.997106 0.999847 0.999992
 0.488322 0.947733 0.997106 0.999847 0.999992
 0.488322 0.947733 0.997106 0.999847 0.999992
 0.488322 0.947733 0.997106 0.999847 0.999992
Sel_reclas
 1 1 1 1 1
 1 1 1 1 1
 1 1 1 1 1
 1 1 1 1 1
 1 1 1 1 1
 1 1 1 1 1
 1 1 1 1 1
 1 1 1 1 1
 1 1 1 1 1
 1 1 1 1 1
 1 1 1 1 1
 1 1 1 1 1
 1 1 1 1 1
 1 1 1 1 1
 1 1 1 1 1
 1 1 1 1 1
 1 1 1 1 1
 1 1 1 1 1
 1 1 1 1 1
 1 1 1 1 1
 1 1 1 1 1
 1 1 1 1 1
 1 1 1 1 1
 1 1 1 1 1
 1 1 1 1 1
 1 1 1 1 1
 1 1 1 1 1
 1 1 1 1 1
 1 1 1 1 1
 1 1 1 1 1
 1 1 1 1 1
 1 1 1 1 1
 1 1 1 1 1
Sel_pelaces
 1 1 1 1 1
 1 1 1 1 1
 1 1 1 1 1
 1 1 1 1 1
 1 1 1 1 1
 1 1 1 1 1
 1 1 1 1 1
 1 1 1 1 1
 1 1 1 1 1
 1 1 1 1 1
 1 1 1 1 1
 1 1 1 1 1
 1 1 1 1 1
 1 1 1 1 1
 1 1 1 1 1
 1 1 1 1 1
 1 1 1 1 1
 1 1 1 1 1
 1 1 1 1 1
 1 1 1 1 1
 1 1 1 1 1
 1 1 1 1 1
 1 1 1 1 1
 1 1 1 1 1
 1 1 1 1 1
 1 1 1 1 1
 1 1 1 1 1
 1 1 1 1 1
 1 1 1 1 1
 1 1 1 1 1
 1 1 1 1 1
 1 1 1 1 1
 1 1 1 1 1
pf_obs 
 0.8446 0.082 0.0669 0.0065 0
 0.8095 0.147 0.0364 0.0071 0
 0.9664 0.0169 0.016 0.0007 0
 0.9276 0.0648 0.0075 0.0001 0
 0.7033 0.2144 0.0806 0.0017 0
 0.9318 0.0425 0.0243 0.0014 0
 0.5671 0.3108 0.0964 0.0239 0.0018
 0.0768 0.2599 0.5324 0.112 0.0189
 0.490249 0.384438 0.106611 0.0170017 0.00170017
 0.7925 0.1577 0.0466 0.003 0.0002
 0.840416 0.127587 0.0312969 0.00059994 9.999e-05
 0.8084 0.0986 0.0794 0.0134 0.0002
 0.7335 0.1905 0.0724 0.0035 0.0001
 0.4001 0.4547 0.1325 0.0127 0
 0.49795 0.308269 0.164784 0.0264974 0.00249975
 0.9179 0.0499 0.0305 0.0017 0
 0.2467 0.6533 0.0926 0.0074 0
 0.9418 0.0223 0.034 0.0019 0
 0.707729 0.231977 0.0356964 0.0245975 0
 0.517169 0.277429 0.184464 0.0207286 0.00020938
 0.811772 0.124168 0.05621 0.00726502 0.000585176
 0.764997 0.148141 0.077277 0.00933861 0.000247198
 0.163321 0.427699 0.378323 0.0303852 0.000271297
 0.753843 0.0900009 0.118128 0.0371064 0.000921714
 0.721811 0.176058 0.0630433 0.0369309 0.00215725
 0.143369 0.312575 0.442814 0.0836902 0.0175525
 0.692698 0.0596174 0.167031 0.0765114 0.00414204
 0.394062 0.376323 0.152708 0.0712218 0.00568511
 0.125707 0.32114 0.495352 0.0537591 0.00404204
 0.23352 0.215282 0.420074 0.123614 0.00750983
 0.796117 0.104755 0.0508955 0.0450114 0.00322123
 0.162477 0.292055 0.404252 0.121198 0.0200186
 0 0 0 0 0
pf_pred 
 0.305033 0.115269 0.551588 0.0281096 1.02696e-06
 0.269737 0.340064 0.0675377 0.307056 0.0156051
 0.472307 0.224426 0.145456 0.0273807 0.13043
 0.614428 0.247733 0.0604864 0.0371593 0.0401933
 0.514928 0.370979 0.074824 0.0172627 0.0220064
 0.603409 0.266054 0.101034 0.0193676 0.0101356
 0.356954 0.483833 0.108724 0.0391047 0.0113848
 0.32946 0.359371 0.23758 0.0503051 0.0232844
 0.393829 0.29467 0.170857 0.107453 0.0331916
 0.547897 0.25689 0.0976365 0.0535932 0.0439836
 0.687864 0.222212 0.0523636 0.018815 0.0187448
 0.593406 0.328984 0.0560668 0.0125598 0.00898362
 0.466176 0.40068 0.108931 0.0175079 0.00670542
 0.438113 0.361925 0.152268 0.0390436 0.00865071
 0.687279 0.199996 0.0743702 0.0292321 0.009122
 0.861497 0.114005 0.0160116 0.00560567 0.00288136
 0.291125 0.657981 0.0423344 0.00560127 0.00295917
 0.789618 0.0937343 0.108685 0.00662692 0.00133605
 0.496582 0.445538 0.0265917 0.029158 0.00212978
 0.501238 0.333454 0.147287 0.00829355 0.00972725
 0.611113 0.261004 0.0870862 0.036362 0.00443495
 0.611836 0.294219 0.0641844 0.0202856 0.009475
 0.221141 0.591917 0.143612 0.0296324 0.0136975
 0.602884 0.141058 0.197025 0.0453799 0.0136526
 0.505784 0.371039 0.045254 0.0599982 0.0179252
 0.313707 0.456138 0.175068 0.020275 0.0348127
 0.603959 0.185668 0.142224 0.0518733 0.0162761
 0.575561 0.318497 0.0510667 0.0371326 0.0177419
 0.28067 0.520652 0.151034 0.0229993 0.024644
 0.374297 0.267925 0.262591 0.0724093 0.0227768
 0.611488 0.20988 0.0787813 0.0733411 0.0265102
 0.362314 0.482769 0.0857824 0.0305395 0.0385945
 0.609845 0.203122 0.143349 0.02422 0.0194646
pobs_RECLAS
 0 0 0 0 0
 0 0 0 0 0
 0 0 0 0 0
 0 0 0 0 0
 0 0 0 0 0
 0 0 0 0 0
 0 0 0 0 0
 0 0 0 0 0
 0 0 0 0 0
 0 0 0 0 0
 0.991045 0.00858322 0.000360255 1.14367e-05 0
 0.934742 0.0480273 0.0164251 0.00080598 0
 0.827803 0.169806 0.00239088 0 0
 0.941827 0.0461693 0.0120037 0 0
 0.791401 0.0380133 0.147996 0.0225897 0
 0.846168 0.0940531 0.0597789 0 0
 0.134021 0.677848 0.182769 0.00536245 0
 0.80878 0.0450904 0.141981 0.00414843 0
 0.846168 0.0940531 0.0597789 0 0
 0.905697 0.0802665 0.012482 0.00150086 5.37128e-05
 0.989698 0.0102097 9.19794e-05 0 0
 0.975433 0.0193895 0.00387452 0.00125025 5.28907e-05
 0.303575 0.632131 0.0575291 0.00676475 0
 0.966965 0.00978017 0.0227588 0.000495775 0
 0.843318 0.132988 0.00938335 0.0141283 0.000182051
 0.564624 0.303363 0.111486 0.0197234 0.00080311
 0.826376 0.0876187 0.0782897 0.00655872 0.00115652
 0.89761 0.0855135 0.0140674 0.00269457 0.000114338
 0.34875 0.467042 0.161289 0.0227151 0.000203297
 0.318654 0.224769 0.449479 0.00709798 0
 0.937255 0.0296025 0.0250945 0.00804832 0
 0.456809 0.399803 0.12412 0.0192676 0
 0.883104 0.0372192 0.0704036 0.00927362 0
ppred_RECLAS
 0.47163 0.0914564 0.415783 0.0211302 7.71862e-07
 0.426371 0.274838 0.0518362 0.235013 0.011942
 0.64333 0.156339 0.0962301 0.0180639 0.0860362
 0.761491 0.156172 0.0361899 0.0221702 0.0239768
 0.676651 0.250286 0.0479627 0.0110349 0.0140653
 0.751811 0.169343 0.0610654 0.0116731 0.00610799
 0.526327 0.361074 0.0769624 0.0276019 0.0080347
 0.494588 0.277355 0.174238 0.0367915 0.017027
 0.566671 0.216403 0.119135 0.0747151 0.0230757
 0.708917 0.169209 0.0610436 0.0334128 0.0274176
 0.813221 0.134951 0.0302161 0.0108271 0.0107851
 0.744012 0.209201 0.0338264 0.00755604 0.0054038
 0.63546 0.27719 0.0715026 0.0114597 0.00438833
 0.614786 0.252986 0.100761 0.0257599 0.00570661
 0.815835 0.120052 0.0423402 0.0165947 0.00517766
 0.925408 0.0619733 0.00825584 0.00288212 0.0014812
 0.44637 0.515763 0.0315134 0.00415791 0.00219632
 0.883444 0.0534386 0.0588201 0.00357639 0.000720929
 0.661669 0.301255 0.0170601 0.0186535 0.00136229
 0.667552 0.226092 0.0947915 0.00532254 0.00624171
 0.757803 0.16534 0.0523851 0.0218117 0.00265992
 0.758021 0.185733 0.0384631 0.0121221 0.00566118
 0.359319 0.492903 0.1136 0.0233748 0.0108034
 0.75388 0.090379 0.119913 0.0275424 0.00828497
 0.669137 0.251644 0.0291559 0.0385479 0.011515
 0.475322 0.354738 0.129354 0.0149393 0.0256474
 0.753624 0.118717 0.0863832 0.031419 0.00985678
 0.728173 0.206629 0.0314731 0.0228219 0.0109027
 0.435238 0.414561 0.114261 0.0173514 0.0185895
 0.545667 0.200352 0.186549 0.0512982 0.0161338
 0.759076 0.133322 0.04753 0.0441246 0.0159471
 0.528266 0.361616 0.0610535 0.0216758 0.0273889
 0.757887 0.129198 0.0865994 0.014591 0.0117245
pobs_PELACES
 0 0 0 0 0
 0 0 0 0 0
 0 0 0 0 0
 0 0 0 0 0
 0 0 0 0 0
 0 0 0 0 0
 0 0 0 0 0
 0 0 0 0 0
 0 0 0 0 0
 0 0 0 0 0
 0 0 0 0 0
 0 0 0 0 0
 0 0 0 0 0
 0 0 0 0 0
 0 0 0 0 0
 0 0 0 0 0
 0.505614 0.472636 0.0217494 0 0
 0 0 0 0 0
 0.443492 0.261883 0.143347 0.151278 0
 0.227955 0.32914 0.350689 0.0885471 0.00366901
 0.970185 0.0296113 0.000203453 0 0
 0.997202 0.00247181 0.000326279 0 0
 0.445219 0.490057 0.0546422 0.010081 0
 0.90214 0.0892962 0.00764917 0.000914606 0
 0 0 0 0 0
 0.581667 0.319106 0.0959925 0.00289975 0.000334073
 0.762889 0.0836404 0.116647 0.0363945 0.000428098
 0.88444 0.0763242 0.0277011 0.0115352 0
 0.521256 0.241999 0.230069 0.00667565 0
 0.616807 0.101726 0.260614 0.0208532 0
 0.833518 0.0704572 0.0857862 0.0102388 0
 0.697417 0.212968 0.0787535 0.0105354 0.000325836
 0 0 0 0 0
ppred_PELACES
 0.475799 0.0908589 0.412385 0.0209556 7.65482e-07
 0.433529 0.271847 0.0511203 0.231729 0.011775
 0.649817 0.153751 0.0943655 0.0177111 0.084355
 0.769566 0.151135 0.0348598 0.0213499 0.0230893
 0.679677 0.248027 0.0474607 0.0109185 0.0139169
 0.757612 0.165558 0.0595063 0.011373 0.00595092
 0.540925 0.350466 0.0742436 0.0266178 0.00774808
 0.496848 0.276232 0.173372 0.0366067 0.0169414
 0.575241 0.212511 0.116577 0.0730959 0.0225754
 0.717678 0.164427 0.059058 0.032318 0.0265189
 0.815029 0.133692 0.0298968 0.010712 0.0106704
 0.753897 0.20133 0.0323738 0.00722935 0.00517008
 0.647203 0.268607 0.0689192 0.0110423 0.00422845
 0.637942 0.238625 0.0940719 0.0240361 0.00532458
 0.824933 0.11438 0.0400828 0.0157043 0.00489978
 0.929352 0.0587585 0.00777934 0.00271484 0.00139521
 0.453337 0.509378 0.0310299 0.00409344 0.00216224
 0.887535 0.0516776 0.0566492 0.00344361 0.000694155
 0.672912 0.291421 0.0164147 0.0179424 0.00131034
 0.676845 0.220082 0.0918684 0.00515716 0.00604769
 0.763516 0.16161 0.0510366 0.0212464 0.00259095
 0.765148 0.180437 0.0372131 0.0117255 0.00547588
 0.364006 0.489541 0.112585 0.0231633 0.0107055
 0.757925 0.0890193 0.117849 0.027065 0.00814131
 0.673397 0.248529 0.0287368 0.0379896 0.0113482
 0.479077 0.352379 0.128293 0.0148156 0.0254348
 0.757583 0.116944 0.0849075 0.0308786 0.00968717
 0.731776 0.203987 0.0310112 0.0224846 0.0107415
 0.438576 0.412268 0.113468 0.0172296 0.0184589
 0.550078 0.198611 0.184593 0.0507554 0.015963
 0.763814 0.130861 0.0465281 0.0431881 0.0156085
 0.531148 0.359511 0.0606247 0.0215221 0.0271946
 0.762532 0.126875 0.0848212 0.0142893 0.011482
pobs_pel_tallas
 0 0 0 0 0 0 0 0 0 0 0 0 0 0 0 0 0 0 0 0 0 0 0 0 0 0
 0 0 0 0 0 0 0 0 0 0 0 0 0 0 0 0 0 0 0 0 0 0 0 0 0 0
 0 0 0 0 0 0 0 0 0 0 0 0 0 0 0 0 0 0 0 0 0 0 0 0 0 0
 0 0 0 0 0 0 0 0 0 0 0 0 0 0 0 0 0 0 0 0 0 0 0 0 0 0
 0 0 0 0 0 0 0 0 0 0 0 0 0 0 0 0 0 0 0 0 0 0 0 0 0 0
 0 0 0 0 0 0 0 0 0 0 0 0 0 0 0 0 0 0 0 0 0 0 0 0 0 0
 0 0 0 0 0 0 0 0 0 0 0 0 0 0 0 0 0 0 0 0 0 0 0 0 0 0
 0 0 0 0 0 0 0 0 0 0 0 0 0 0 0 0 0 0 0 0 0 0 0 0 0 0
 0 0 0 0 0 0 0 0 0 0 0 0 0 0 0 0 0 0 0 0 0 0 0 0 0 0
 0 0 0 0 0 0 0 0 0 0 0 0 0 0 0 0 0 0 0 0 0 0 0 0 0 0
 0 0 0 0 0 0 0 0 0 0 0 0 0 0 0 0 0 0 0 0 0 0 0 0 0 0
 0 0 0 0 0 0 0 0 0 0 0 0 0 0 0 0 0 0 0 0 0 0 0 0 0 0
 0.00862536 0 0 0.000197151 0.00414017 0.0128641 0.00837892 0.0270097 0.101434 0.158115 0.152841 0.127902 0.109271 0.109419 0.0830992 0.0579132 0.0238553 0.00714673 0.00463305 0.00128148 0.00103504 0.000492878 0.000147863 0.000147863 4.92878e-05 0
 0 0 0 0 0 0 0 0 0 0 0 0 0 0 0 0 0 0 0 0 0 0 0 0 0 0
 0 0 0 0 0 0 0 0.0054083 0.00873648 0.0413646 0.0450493 0.0745869 0.0622846 0.0627006 0.0613931 0.0827291 0.12552 0.122667 0.0946155 0.0697135 0.0546179 0.0294188 0.0215738 0.0213955 0.0102223 0.00600262
 0 0 0 0 0.00359764 0.0251062 0.0480494 0.140153 0.205849 0.193036 0.1447 0.116669 0.0760912 0.0342217 0.00950174 0.001854 0.000860785 0 0 0 0.000165536 0 0.000143464 0 0 0
 0 0 0 0 0 0 0 0.000145254 0.000435761 0.0275982 0.070085 0.0708112 0.156366 0.174668 0.174014 0.160142 0.0824315 0.0480064 0.0283245 0.00493863 0.00203355 0 0 0 0 0
 0 0 0 0 0 0 0 0 0 0 0 0 0 0 0 0 0 0 0 0 0 0 0 0 0 0
 0 0 1.00437e-05 0.000401748 0.00122533 0.00171747 0.00176769 0.0269171 0.070346 0.194647 0.189555 0.159765 0.064822 0.0314167 0.0384472 0.0292271 0.0345202 0.0313363 0.0194345 0.0106764 0.0143323 0.0359363 0.0279516 0.0138201 0.00172751 0
 0 0.0021121 0.0136068 0.0755702 0.200478 0.177729 0.0527432 0.0373336 0.0318909 0.0142505 0.0149659 0.0166563 0.0217959 0.0798694 0.0677717 0.0528807 0.04013 0.0224614 0.0357745 0.0225083 0.00881397 0.00855152 0.00135912 0.000746735 0 0
 0 0 0 0 5.4009e-05 0.00500934 0.000945158 0.0243581 0.138947 0.33067 0.221406 0.137944 0.0707744 0.0437923 0.0131692 0.00525238 0.0047753 0.00276346 9.45158e-05 9.00151e-06 2.25038e-05 9.00151e-06 4.50075e-06 0 0 0
 0.000866109 0.00284123 0.00948549 0.0512746 0.133035 0.25785 0.225252 0.132002 0.0553304 0.0519788 0.0540692 0.017754 0.00435017 0.00159236 0.00146478 0.000404838 0.000125132 0.000115318 0.000107957 0.000100596 0 0 0 0 0 0
 0 0 0 0 0.00144013 0.00171154 0.00461396 0.0210425 0.0478622 0.0707936 0.0888783 0.103762 0.0637923 0.0337046 0.0602308 0.124433 0.169614 0.0934646 0.0462172 0.0250306 0.0313229 0.00938855 0.002487 0.000210481 0 0
 0 0.00764035 0.051015 0.0998891 0.058973 0.0496711 0.0374665 0.0718981 0.12319 0.153886 0.159021 0.0857701 0.0377988 0.023471 0.0147837 0.00900784 0.00315554 0.000888139 0.00291439 0.00214683 0.00393193 0.00274676 0.000635225 9.99891e-05 0 0
 0 0 0 0 0 0 0 0 0 0 0 0 0 0 0 0 0 0 0 0 0 0 0 0 0 0
 0 0 0 0 0 0 0 0 0 0 0 0 0 0 0 0 0 0 0 0 0 0 0 0 0 0
 0 0 0 0 0 0 0 0 0 0 0 0 0 0 0 0 0 0 0 0 0 0 0 0 0 0
 0 0 0 0 0 0 0 0 0 0 0 0 0 0 0 0 0 0 0 0 0 0 0 0 0 0
 0 0 0 0 0 0 0 0 0 0 0 0 0 0 0 0 0 0 0 0 0 0 0 0 0 0
 0 0 0 0 0 0 0 0 0 0 0 0 0 0 0 0 0 0 0 0 0 0 0 0 0 0
 0 0 0 0 0 0 0 0 0 0 0 0 0 0 0 0 0 0 0 0 0 0 0 0 0 0
 0 0 0 0 0 0 0 0 0 0 0 0 0 0 0 0 0 0 0 0 0 0 0 0 0 0
 0 0 0 0 0 0 0 0 0 0 0 0 0 0 0 0 0 0 0 0 0 0 0 0 0 0
ppred_pel_tallas
 1.14026e-16 3.9191e-05 0.00038095 0.00253155 0.0115081 0.0358059 0.0762886 0.111347 0.111357 0.0763347 0.0359626 0.0119685 0.00371718 0.00306779 0.00543021 0.00966493 0.0156596 0.0233061 0.0323812 0.042561 0.053225 0.0631322 0.0703835 0.0729831 0.0697834 0.0611804
 1.26777e-16 3.57093e-05 0.000347107 0.00230665 0.0104857 0.0326251 0.0695122 0.101461 0.101487 0.0696407 0.0330571 0.0117351 0.00544906 0.00722861 0.0131726 0.0219114 0.0320465 0.041419 0.0479642 0.0510113 0.05179 0.0525701 0.0550437 0.0591841 0.0633218 0.0651946
 1.18814e-16 5.35246e-05 0.000520278 0.00345743 0.015717 0.0489015 0.10419 0.152072 0.152087 0.104263 0.0491474 0.0164291 0.00525172 0.00446013 0.00760459 0.012671 0.0186905 0.0244661 0.0288435 0.0313848 0.0326393 0.0336966 0.0353681 0.0376419 0.0397536 0.0406892
 1.07094e-16 6.33882e-05 0.000616156 0.00409457 0.0186133 0.0579131 0.12339 0.180095 0.18011 0.123462 0.0581527 0.019306 0.00583481 0.00442081 0.00730648 0.0120261 0.0174345 0.0221836 0.0249602 0.0252019 0.0234421 0.0209335 0.0188483 0.0176755 0.0171734 0.0167425
 1.04884e-16 5.59841e-05 0.000544186 0.00361631 0.0164392 0.0511486 0.108978 0.159062 0.159086 0.109095 0.0515413 0.0175737 0.00646519 0.00676713 0.0118859 0.0195914 0.0282894 0.0357315 0.0396656 0.0390628 0.0347224 0.0287031 0.0230558 0.0188468 0.0160418 0.0140296
 1.03908e-16 6.24035e-05 0.000606585 0.00403097 0.0183242 0.0570135 0.121474 0.177298 0.177314 0.121552 0.0572765 0.0190847 0.0059427 0.00478939 0.00803416 0.0132563 0.0192609 0.0245793 0.0277497 0.0280884 0.0260616 0.0228979 0.0197722 0.0172214 0.0151401 0.013169
 1.06213e-16 4.45553e-05 0.000433094 0.00287806 0.0130833 0.0407071 0.086732 0.126595 0.126629 0.0868973 0.0412622 0.0146873 0.00690652 0.00923469 0.0167824 0.0277327 0.0400846 0.0507038 0.0564218 0.0557819 0.0498851 0.0415834 0.033699 0.0276718 0.023427 0.0201365
 1.11612e-16 4.09248e-05 0.000397803 0.00264354 0.0120172 0.0373901 0.0796645 0.116278 0.116305 0.0797957 0.0378315 0.013295 0.00586167 0.00745862 0.0135555 0.0226199 0.0332251 0.0431355 0.0500693 0.0529443 0.0524111 0.0501607 0.0476191 0.0451304 0.0421454 0.0380038
 1.1457e-16 4.73819e-05 0.000460569 0.00306064 0.0139133 0.0432894 0.0922334 0.134622 0.134642 0.0923344 0.0436289 0.0148958 0.00553513 0.00588983 0.0104404 0.017403 0.0255861 0.0332962 0.0388518 0.0415361 0.0419862 0.0416083 0.0414952 0.0417326 0.0415419 0.0399694
 1.09476e-16 5.91142e-05 0.000574611 0.00381849 0.0173583 0.0540083 0.115071 0.167953 0.167969 0.115149 0.0542698 0.0181145 0.00572024 0.00473828 0.00800314 0.0132351 0.0192961 0.0247791 0.0283062 0.0292895 0.0282782 0.0265319 0.0251631 0.0245261 0.0242245 0.0235642
 1.03778e-16 6.71329e-05 0.000652556 0.00433646 0.0197129 0.0613343 0.13068 0.190734 0.190747 0.130743 0.0615462 0.0203251 0.00587422 0.00401316 0.00646049 0.0106036 0.0153393 0.0194435 0.0217207 0.0216341 0.01962 0.0167726 0.0141564 0.0122847 0.0110707 0.0101289
 1.02586e-16 6.20975e-05 0.00060361 0.0040112 0.0182343 0.0567339 0.120878 0.17643 0.176449 0.120973 0.0570524 0.0191544 0.00632103 0.00564715 0.00964412 0.0158545 0.0228545 0.0287861 0.0317979 0.0310368 0.027148 0.0218224 0.0167697 0.0129193 0.0103114 0.00850511
 1.03881e-16 5.33093e-05 0.000518185 0.00344353 0.0156538 0.0487049 0.103772 0.151463 0.151489 0.103899 0.0491306 0.0168842 0.00653437 0.0072733 0.0129053 0.0213099 0.0308305 0.039057 0.0435572 0.0431917 0.0387566 0.0323734 0.02615 0.0211764 0.0174453 0.0144274
 1.06088e-16 5.25465e-05 0.00051077 0.00339425 0.0154298 0.0480079 0.102287 0.149295 0.149318 0.1024 0.0483873 0.016527 0.00615321 0.00654972 0.0115691 0.0191673 0.027898 0.0356958 0.0404768 0.0412651 0.0387177 0.0345582 0.0304058 0.0269536 0.0239914 0.0209883
 1.03591e-16 6.79486e-05 0.000660485 0.00438915 0.0199525 0.0620796 0.132268 0.193051 0.193062 0.132322 0.0622613 0.020478 0.00571034 0.00355161 0.00557938 0.00917093 0.0133339 0.017043 0.0193014 0.0196547 0.0184425 0.0165207 0.0146877 0.0132747 0.0121475 0.010991
 1.00748e-16 7.65495e-05 0.000744089 0.00494473 0.022478 0.0699375 0.149009 0.217485 0.217491 0.149037 0.0700304 0.0227464 0.00561831 0.0022145 0.00286908 0.00462196 0.00665078 0.00836422 0.0092169 0.00896059 0.0077882 0.00620144 0.00470876 0.00358819 0.00285203 0.00236522
 1.01803e-16 3.73409e-05 0.000362966 0.00241204 0.0109648 0.0341159 0.0726893 0.106102 0.106152 0.0729289 0.03492 0.0132863 0.00823602 0.0130656 0.024129 0.0397444 0.0570457 0.0713053 0.077727 0.0740942 0.0621084 0.0462826 0.0313148 0.0199659 0.0126491 0.00836025
 1.02111e-16 7.31051e-05 0.000710608 0.00472224 0.0214666 0.0667906 0.142305 0.207699 0.207704 0.142329 0.066874 0.0217083 0.00533246 0.00205488 0.00266164 0.00437688 0.00651229 0.00863399 0.0103362 0.0114051 0.0118939 0.0119922 0.0118159 0.0113141 0.010362 0.00892606
 1.0257e-16 5.54269e-05 0.000538769 0.00358031 0.0162756 0.0506396 0.107894 0.15748 0.157508 0.108031 0.0510997 0.0176041 0.00691326 0.00780917 0.0138475 0.0227644 0.0326946 0.0409245 0.0447353 0.0428918 0.0363963 0.0278386 0.0198757 0.0140084 0.0103589 0.00823426
 1.04249e-16 5.57509e-05 0.000541918 0.00360124 0.0163707 0.0509355 0.108524 0.158399 0.15842 0.108628 0.0512855 0.0173828 0.00614609 0.00611216 0.0106779 0.0176767 0.025719 0.0328819 0.037221 0.0378029 0.0351967 0.0309671 0.0266172 0.0228469 0.0195696 0.0164201
 1.04084e-16 6.28899e-05 0.000611312 0.00406238 0.018467 0.0574578 0.122421 0.17868 0.178695 0.122497 0.0577144 0.0192088 0.00592678 0.00468951 0.00783238 0.012913 0.018747 0.0238965 0.0269375 0.027216 0.0252126 0.0221568 0.0192161 0.0169098 0.015098 0.013371
 1.03223e-16 6.30243e-05 0.000612618 0.00407106 0.0185065 0.0575806 0.122682 0.179062 0.179079 0.122767 0.0578664 0.0193322 0.00614465 0.00514278 0.00867701 0.0142726 0.0206195 0.0260691 0.0289849 0.028616 0.0255321 0.0212092 0.017112 0.0139941 0.0118249 0.0101778
 1.07509e-16 2.99828e-05 0.000291443 0.00193674 0.00880419 0.0273933 0.0583662 0.085197 0.0852443 0.0585971 0.0281689 0.0110453 0.00756566 0.0125908 0.0234222 0.038762 0.0560406 0.0709033 0.0789127 0.078005 0.0696739 0.0578575 0.0464749 0.0375634 0.0311014 0.0260522
 1.07516e-16 6.24293e-05 0.000606835 0.00403263 0.0183318 0.057037 0.121524 0.177369 0.177378 0.121567 0.0571814 0.018751 0.00509336 0.00295034 0.00459533 0.00771356 0.0116105 0.0156613 0.0192515 0.0220751 0.0242279 0.025949 0.0272498 0.0277863 0.0270861 0.0249097
 1.06624e-16 5.54668e-05 0.000539157 0.00358289 0.0162873 0.050676 0.107972 0.157593 0.157617 0.108089 0.0510691 0.0174227 0.0064332 0.00676272 0.0118797 0.019566 0.0282201 0.0355886 0.0394334 0.0387735 0.0344916 0.0287427 0.0236369 0.0202115 0.0182946 0.0170637
 1.09583e-16 3.9461e-05 0.000383575 0.00254899 0.0115874 0.0360528 0.0768156 0.112122 0.112156 0.0769822 0.0366127 0.0132061 0.00661841 0.00928759 0.01701 0.0282161 0.0410121 0.0523507 0.0591324 0.0599115 0.055693 0.0491064 0.0426651 0.0375148 0.033415 0.0295603
 1.07217e-16 6.24012e-05 0.000606561 0.00403081 0.0183235 0.0570113 0.121469 0.17729 0.177301 0.121525 0.0571987 0.0188662 0.00539889 0.00361232 0.0058278 0.0096858 0.0143009 0.0187345 0.0220675 0.0238808 0.0244541 0.0244513 0.0243605 0.0241677 0.0234778 0.0218959
 1.0502e-16 6.02754e-05 0.000585899 0.0038935 0.0176993 0.0550692 0.117332 0.171253 0.171273 0.117428 0.055392 0.0186318 0.00623489 0.00569941 0.00977877 0.0160906 0.0232232 0.0293188 0.0325365 0.0320565 0.0285752 0.023826 0.0195139 0.0164906 0.0146517 0.0133868
 1.08232e-16 3.6125e-05 0.000351148 0.0023335 0.0106078 0.033005 0.0703221 0.102646 0.102685 0.0705167 0.0336588 0.0124973 0.00708086 0.0107291 0.0197882 0.032768 0.0474608 0.0602313 0.0673808 0.0671893 0.0608906 0.0517245 0.042874 0.035929 0.0307785 0.0265158
 1.1317e-16 4.53092e-05 0.000440422 0.00292676 0.0133046 0.0413957 0.0881987 0.128733 0.128752 0.0882936 0.0417152 0.0142308 0.00526442 0.00558592 0.00994237 0.0166929 0.0248128 0.0328267 0.0392327 0.0433174 0.0454571 0.0465748 0.0472376 0.0471961 0.045689 0.042134
 1.08349e-16 6.29144e-05 0.00061155 0.00406397 0.0184742 0.0574802 0.122468 0.178749 0.178761 0.12253 0.0576884 0.0190764 0.00557864 0.00392879 0.00639521 0.0105601 0.0154178 0.0198522 0.0227882 0.0237826 0.0232883 0.0223012 0.0216656 0.0215868 0.0216543 0.0212347
 1.08602e-16 4.375e-05 0.000425266 0.00282604 0.0128468 0.0399713 0.0851644 0.124307 0.124342 0.0853338 0.0405403 0.0144906 0.00695345 0.00943978 0.0171773 0.0283648 0.0409467 0.0516941 0.0573554 0.0564668 0.0502326 0.0416916 0.0338554 0.0282645 0.0248022 0.0224639
 1.05857e-16 6.28088e-05 0.000610524 0.00405715 0.0184432 0.0573837 0.122263 0.178448 0.178461 0.122323 0.0575866 0.0190307 0.00553707 0.00385882 0.00628369 0.0104245 0.015329 0.019945 0.023231 0.0246934 0.0246236 0.0237791 0.0227868 0.0217768 0.0204785 0.0185836
pSPR Fmed_Fpbrs
1   0.98363 0.6 0.325 0.98363 0.98363 0.98363
Fs Fmed_Fpbrs
0   0.01 0.352451 0.907511 0.01 0.01 0.01
SSBpbr Bo_Bmed_Bpbrs
1.86063e+06  1.7676e+06  1.73714e+06 1.02335e+06 511674 1.73714e+06 1.73714e+06 1.73714e+06
Ro
245554
SPR SPRFo_SPRFmed_SPRFpbrs
1.76905e+06 1.76905e+06 1.74009e+06
Fref
0
Nvult_r0
 230142 42188.3 28493.3 4802.81 3859.34
CTP_r0
 16675 5553.97 3919.59 662.25 532.223
YTP_r0
356494
Np
 348826 128326 47208.4 17367 8739.33
Nvult_p0
 220500 81117.3 29841.4 10978 5524.31
CTP_p0
 0 0 0 0 0
 0 0 0 0 0
 0 0 0 0 0
 0 0 0 0 0
 0 0 0 0 0
 0 0 0 0 0
YTP_p0
 0 0 0 0 0 0
CBA_c0
0
log_Ro
12.2313
likeval ReclasPelacesDesembMPH_pf_preclas_ppelaces_ptallas_desvR_qrecl_qpela
 18.6875 17.4844 0.102681 31.7771 237.339 137.849 109.098 0 21.6949 1.46438e-05 7.1498e-06 0.510794 2066.55 0 0
q_reclas_q_pelaces
0.582061 0.685129
M
1
N
 236961 47032.2 214355 10895.1 0.397988
 123440 82966.3 15718.4 71281.4 3622.16
 164189 41549.4 25686 4822.84 22970.9
 253051 55419.4 12933.3 7926.14 8572.2
 214447 80964.2 15549.5 3577.96 4560.54
 320263 75526.6 27369.7 5233.35 2738.41
 142847 106865 22991.2 8249.87 2401.54
 76935.6 43711 27498.4 5806.91 2687.42
 68552.9 27528.2 15237 9558.69 2952.24
 89242.3 22664.5 8231.11 4507.04 3698.42
 170370 28773.4 6454.67 2313.1 2304.14
 198595 60377.2 9844.85 2200.14 1573.5
 131562 61881.9 16092.7 2580.31 988.122
 86709.4 41230.9 16678.9 4267.68 945.466
 145677 23458.7 8353.97 3275.99 1022.16
 605569 44247.1 5949.9 2078.19 1068.07
 153554 185100 11361.3 1499.4 792.031
 805584 51626.9 57179.8 3477.86 701.08
 533657 262108 14964.7 16369.7 1195.54
 463819 167099 70524.6 3961.41 4645.62
 655011 149633 47643.5 19842.9 2419.85
 841643 218537 45539.5 14357.3 6705.17
 193628 273705 63284.7 13024.1 6019.53
 540393 66830 88965.5 20437.9 6147.94
 480929 186090 21626.8 28598.4 8542.97
 218272 166528 60867.5 7030.64 12070.1
 471691 76624 55939.3 20349.8 6384.21
 557581 162548 24830.6 18008.2 8603.12
 199327 193690 53499.2 8125.24 8705.07
 186601 70278.7 65615.7 18046.1 5675.73
 356590 65034.2 23279.1 21616 7812.37
 173895 121089 20481.6 7272.3 9189.14
 348826 61690.4 41513.8 6996.13 5621.74
pred_Ctot
 7258 2742.73 13124.6 668.844 0.0244357
 6683.94 8426.59 1673.55 7608.68 386.687
 8621.47 4096.66 2655.15 499.806 2380.87
 21078 8498.51 2074.99 1274.75 1378.84
 5800.77 4179.15 842.907 194.467 247.907
 18971.1 8364.72 3176.51 608.916 318.664
 15418.4 20898.9 4696.27 1689.11 491.759
 1334.35 1455.49 962.222 203.741 94.304
 4428.25 3313.31 1921.13 1208.21 373.21
 7046.53 3303.87 1255.71 689.264 565.675
 3961.11 1279.62 301.539 108.348 107.943
 19467.4 10792.7 1839.34 412.038 294.719
 12478.7 10725.5 2915.87 468.655 179.492
 14868.8 12283.2 5167.74 1325.08 293.591
 16309.6 4746.03 1764.85 693.694 216.471
 65724.8 8697.58 1221.55 427.665 219.823
 8416.99 19023.5 1223.97 161.944 85.5555
 59444.3 7056.53 8182.06 498.89 100.581
 50877.8 45648 2724.47 2987.41 218.208
 36466.2 24259.5 10715.5 603.375 707.68
 38846.5 16591.2 5535.79 2311.41 281.916
 62343.4 29979.6 6540.1 2067.01 965.46
 7603.28 20351.3 4937.66 1018.82 470.949
 21956.1 5137.13 7175.36 1652.67 497.208
 17952.8 13170 1606.29 2129.64 636.257
 6337.04 9214.23 3536.46 409.566 703.235
 18963.4 5829.69 4465.62 1628.74 511.045
 19737.4 10922 1751.2 1273.36 608.412
 5258.43 9754.54 2829.67 430.897 461.711
 6234.59 4462.77 4373.93 1206.11 379.388
 17457.3 5991.82 2249.12 2093.8 756.835
 3932.85 5240.38 931.152 331.501 418.937
 16675 5553.97 3919.59 662.25 532.223
F
 0.0494626 0.095997 0.100998 0.101276 0.10129
 0.088874 0.172486 0.181472 0.181971 0.181997
 0.0860873 0.167078 0.175782 0.176265 0.176291
 0.139582 0.2709 0.285013 0.285797 0.285838
 0.0435758 0.0845718 0.0889775 0.0892222 0.0892351
 0.0975747 0.189373 0.199238 0.199786 0.199815
 0.184172 0.357441 0.376062 0.377096 0.377151
 0.0277566 0.05387 0.0566764 0.0568322 0.0568405
 0.106807 0.207291 0.21809 0.21869 0.218721
 0.131902 0.255996 0.269332 0.270072 0.270112
 0.037358 0.0725042 0.0762814 0.0764911 0.0765022
 0.166039 0.322249 0.339037 0.339969 0.340018
 0.160288 0.311086 0.327292 0.328192 0.328239
 0.307322 0.596451 0.627523 0.629248 0.629339
 0.191605 0.371866 0.391239 0.392314 0.392371
 0.185274 0.359579 0.378311 0.379351 0.379406
 0.0900113 0.174694 0.183794 0.1843 0.184326
 0.122811 0.238351 0.250768 0.251457 0.251493
 0.161169 0.312796 0.329091 0.329996 0.330044
 0.131306 0.254839 0.268114 0.268852 0.26889
 0.0976956 0.189608 0.199485 0.200034 0.200063
 0.123307 0.239314 0.251781 0.252473 0.25251
 0.0637885 0.123801 0.13025 0.130608 0.130627
 0.0660639 0.128217 0.134896 0.135267 0.135287
 0.0605596 0.117534 0.123657 0.123997 0.124015
 0.046833 0.0908934 0.0956286 0.0958915 0.0959054
 0.0653506 0.126832 0.13344 0.133807 0.133826
 0.0573503 0.111305 0.117104 0.117426 0.117443
 0.0424786 0.0824423 0.0867372 0.0869757 0.0869882
 0.0540578 0.104915 0.110381 0.110684 0.1107
 0.0800632 0.155386 0.163481 0.163931 0.163954
 0.0363239 0.0704973 0.0741699 0.0743738 0.0743845
 0.0781151 0.151606 0.159504 0.159942 0.159965
YTP_r0W_actual
 125730 96916.8 94344.6 20741.7 18760.9
YTP_p0W_proyectada
 0 0 0 0 0
 0 0 0 0 0
 0 0 0 0 0
 0 0 0 0 0
 0 0 0 0 0
 0 0 0 0 0
CTP_r0_actual
 16675 5553.97 3919.59 662.25 532.223
CTP_p0_proyectada
 0 0 0 0 0
 0 0 0 0 0
 0 0 0 0 0
 0 0 0 0 0
 0 0 0 0 0
 0 0 0 0 0
Wmedp
 7.54 17.45 24.07 31.32 35.25
Frms_r0
 0.0781151 0.151606 0.159504 0.159942 0.159965
Zrms_r0
 1.07812 1.15161 1.1595 1.15994 1.15997
nmprior
 7.29 8.9 8.7 0
nm_flota  nm_reclas  nm_pelaces    nm_pelaL
inf 11.3102 17.6812 55.7847
cv_recla  cv_pelaces  cv_mph
0.374375 0.458053 0.753291
 ------------------------------------------------
Talla a la edad & desviaci?n 
 8 13.2811 15.8009 17.003 17.5766
 0.8 1.32811 1.58009 1.7003 1.75766
