years
 1991 1992 1993 1994 1995 1996 1997 1998 1999 2000 2001 2002 2003 2004 2005 2006 2007 2008 2009 2010 2011 2012 2013 2014 2015 2016 2017 2018 2019 2020 2021 2022 2023
reclasobs
 0 0 0 0 0 0 0 0 0 252601 567819 844713 477998 351125 339783 2.1784e+06 2.13404e+06 4.81314e+06 1.55562e+06 2.62356e+06 3.21686e+06 3.843e+06 1.13348e+06 3.07943e+06 1.97215e+06 2.03268e+06 2.025e+06 2.42433e+06 2.27542e+06 1.05018e+06 2.36338e+06 3.18982e+06 1.53035e+06
reclaspred
 2.96101e+06 1.67395e+06 883693 916620 941652 1.36625e+06 937325 893876 672518 522714 556574 681365 617999 439676 569675 1.24781e+06 1.31088e+06 2.4197e+06 2.04627e+06 1.69052e+06 3.08233e+06 2.49609e+06 2.07772e+06 3.03601e+06 2.32765e+06 2.10126e+06 2.42088e+06 2.60005e+06 2.27147e+06 1.68239e+06 1.84726e+06 1.95381e+06 1.70626e+06
pelacesobs
 0 0 0 0 0 0 0 0 0 0 0 0 0 0 0 552880 188675 0 991730 2.46772e+06 1.41603e+06 1.21717e+06 2.29649e+06 1.80582e+06 0 1.4828e+06 1.56532e+06 1.57751e+06 1.42118e+06 867257 1.10002e+06 1.06204e+06 0
pelacespred
 1.64287e+06 1.04472e+06 552515 467466 492245 740187 492501 548029 412916 309215 331097 347191 339955 259123 344148 619933 644622 1.33863e+06 1.20001e+06 908171 1.594e+06 1.43642e+06 1.17337e+06 1.85176e+06 1.38176e+06 1.23432e+06 1.61802e+06 1.57277e+06 1.23165e+06 1.05352e+06 1.01942e+06 1.06866e+06 966895
mphobs
 0 0 0 0 0 0 0 0 0 0 0 0 498337 0 5186 125008 0 168611 109162 213762 579715 649985 157893 87575 83554 210694 70296 0 107559 103333 445601 22526 28222
mphpred
 454060 304798 154105 89103 102904 115387 143741 101190 91478.8 68452 48260.5 66909.8 75698.4 56691.7 36408.9 58954.2 151256 154854 236330 366200 426703 515470 104424 91713.8 127265 101872 89896.5 96376.3 131796 103104 66780.9 86978.5 61152
desembarqueobs
 494567 514787 250237 358949 120608 361735 552515 73892 212993 205616 52469 317467 293654 387597 252695 516296 358380 742168 942051 627588 828172 859565 418607 520667 417249 300574 415391 372974 316634 284311 391294 218835 356480
desembarquepred
 494570 513160 251061 358981 120613 361759 552581 73895.5 213032 205652 52471 317517 293752 387784 252696 516282 358404 742115 941939 627496 828252 859636 418631 520705 417257 300583 415406 372973 316633 284309 391294 218843 356493
Reclutas
 244306 127808 170331 264382 223917 334175 149466 80702 71829.7 93327.9 177581 205516 136598 90489.6 151380 628963 160708 833733 553667 480150 682439 876772 202314 565551 502467 228311 493417 583160 208297 194970 373292 182170 365037
log_desv_Rt
 -0.0467666 -0.694661 -0.407445 0.032206 -0.133913 0.266474 -0.538121 -1.15443 -1.27089 -1.00907 -0.365765 -0.219665 -0.628147 -1.03995 -0.525397 0.898883 -0.465602 1.18072 0.771373 0.62891 0.980485 1.23106 -0.235367 0.792612 0.674341 -0.11448 0.656165 0.823272 -0.206224 -0.272343 0.377172 -0.340247 0.35481
SSB
 4.76032e+06 3.19547e+06 1.61562e+06 934146 1.07883e+06 1.2097e+06 1.50696e+06 1.06087e+06 959054 717643 505957 701475 763229 585066 371485 601673 1.58575e+06 1.62347e+06 2.54301e+06 2.0534e+06 2.44691e+06 3.07301e+06 2.92285e+06 2.48346e+06 3.25627e+06 2.75031e+06 2.30088e+06 2.38492e+06 3.36879e+06 2.49572e+06 1.81213e+06 2.42069e+06 1.58438e+06
BT
 6.25832e+06 4.22403e+06 2.21915e+06 1.96333e+06 1.84249e+06 2.93253e+06 2.25722e+06 2.00593e+06 1.67949e+06 1.29606e+06 1.222e+06 1.50231e+06 1.47263e+06 1.32275e+06 1.47584e+06 2.63295e+06 2.57011e+06 5.39601e+06 5.18043e+06 3.80364e+06 6.30145e+06 5.93434e+06 4.52826e+06 7.04567e+06 5.29823e+06 4.64346e+06 6.15891e+06 5.93811e+06 4.6289e+06 4.01098e+06 3.97081e+06 3.96483e+06 3.74733e+06
Ftot
 0.0957844 0.171858 0.166356 0.269714 0.0842665 0.189034 0.354782 0.0532687 0.204889 0.252471 0.0719376 0.322066 0.310153 0.587781 0.367023 0.358054 0.174277 0.238405 0.313379 0.254685 0.189421 0.238994 0.123561 0.127803 0.117295 0.0908077 0.126595 0.111155 0.0825038 0.104832 0.154919 0.0703974 0.151199
BD_Bspro_t
 0.98489 0.892913 0.777626 0.721868 0.726934 0.782523 0.762611 0.651532 0.709614 0.687234 0.670986 0.799368 0.710007 0.605649 0.489398 0.601205 0.716493 0.707531 0.744585 0.675338 0.673497 0.71772 0.734967 0.73674 0.806066 0.81591 0.821468 0.839782 0.872631 0.839219 0.810948 0.836133 0.837302
BD_Bspro
 2.58105 1.73259 0.875991 0.506496 0.584944 0.655903 0.817078 0.575205 0.52 0.389107 0.274331 0.380341 0.413824 0.317223 0.20142 0.326228 0.859795 0.88025 1.37882 1.11336 1.32672 1.66619 1.58477 1.34654 1.76556 1.49122 1.24754 1.29311 1.82656 1.35318 0.982541 1.3125 0.859054
BD_Bo
 2.41978 1.62433 0.821256 0.474848 0.548395 0.614919 0.766023 0.539264 0.487509 0.364794 0.257189 0.356575 0.387966 0.297402 0.188834 0.305844 0.806071 0.825248 1.29267 1.04379 1.24382 1.56208 1.48575 1.2624 1.65524 1.39804 1.16959 1.21231 1.71243 1.26863 0.921148 1.23049 0.805376
BD_Brms
 2.59193 1.73989 0.879682 0.50863 0.587409 0.658666 0.820521 0.577629 0.522192 0.390747 0.275487 0.381943 0.415568 0.31856 0.202268 0.327603 0.863418 0.883959 1.38463 1.11805 1.33231 1.67321 1.59145 1.35221 1.773 1.4975 1.2528 1.29856 1.83426 1.35889 0.986681 1.31803 0.862673
Sel_flota
 0.492606 0.948576 0.997155 0.99985 0.999992
 0.492606 0.948576 0.997155 0.99985 0.999992
 0.492606 0.948576 0.997155 0.99985 0.999992
 0.492606 0.948576 0.997155 0.99985 0.999992
 0.492606 0.948576 0.997155 0.99985 0.999992
 0.492606 0.948576 0.997155 0.99985 0.999992
 0.492606 0.948576 0.997155 0.99985 0.999992
 0.492606 0.948576 0.997155 0.99985 0.999992
 0.492606 0.948576 0.997155 0.99985 0.999992
 0.492606 0.948576 0.997155 0.99985 0.999992
 0.492606 0.948576 0.997155 0.99985 0.999992
 0.492606 0.948576 0.997155 0.99985 0.999992
 0.492606 0.948576 0.997155 0.99985 0.999992
 0.492606 0.948576 0.997155 0.99985 0.999992
 0.492606 0.948576 0.997155 0.99985 0.999992
 0.492606 0.948576 0.997155 0.99985 0.999992
 0.492606 0.948576 0.997155 0.99985 0.999992
 0.492606 0.948576 0.997155 0.99985 0.999992
 0.492606 0.948576 0.997155 0.99985 0.999992
 0.492606 0.948576 0.997155 0.99985 0.999992
 0.492606 0.948576 0.997155 0.99985 0.999992
 0.492606 0.948576 0.997155 0.99985 0.999992
 0.492606 0.948576 0.997155 0.99985 0.999992
 0.492606 0.948576 0.997155 0.99985 0.999992
 0.492606 0.948576 0.997155 0.99985 0.999992
 0.492606 0.948576 0.997155 0.99985 0.999992
 0.492606 0.948576 0.997155 0.99985 0.999992
 0.492606 0.948576 0.997155 0.99985 0.999992
 0.492606 0.948576 0.997155 0.99985 0.999992
 0.492606 0.948576 0.997155 0.99985 0.999992
 0.492606 0.948576 0.997155 0.99985 0.999992
 0.492606 0.948576 0.997155 0.99985 0.999992
 0.492606 0.948576 0.997155 0.99985 0.999992
Sel_reclas
 1 1 1 1 1
 1 1 1 1 1
 1 1 1 1 1
 1 1 1 1 1
 1 1 1 1 1
 1 1 1 1 1
 1 1 1 1 1
 1 1 1 1 1
 1 1 1 1 1
 1 1 1 1 1
 1 1 1 1 1
 1 1 1 1 1
 1 1 1 1 1
 1 1 1 1 1
 1 1 1 1 1
 1 1 1 1 1
 1 1 1 1 1
 1 1 1 1 1
 1 1 1 1 1
 1 1 1 1 1
 1 1 1 1 1
 1 1 1 1 1
 1 1 1 1 1
 1 1 1 1 1
 1 1 1 1 1
 1 1 1 1 1
 1 1 1 1 1
 1 1 1 1 1
 1 1 1 1 1
 1 1 1 1 1
 1 1 1 1 1
 1 1 1 1 1
 1 1 1 1 1
Sel_pelaces
 1 1 1 1 1
 1 1 1 1 1
 1 1 1 1 1
 1 1 1 1 1
 1 1 1 1 1
 1 1 1 1 1
 1 1 1 1 1
 1 1 1 1 1
 1 1 1 1 1
 1 1 1 1 1
 1 1 1 1 1
 1 1 1 1 1
 1 1 1 1 1
 1 1 1 1 1
 1 1 1 1 1
 1 1 1 1 1
 1 1 1 1 1
 1 1 1 1 1
 1 1 1 1 1
 1 1 1 1 1
 1 1 1 1 1
 1 1 1 1 1
 1 1 1 1 1
 1 1 1 1 1
 1 1 1 1 1
 1 1 1 1 1
 1 1 1 1 1
 1 1 1 1 1
 1 1 1 1 1
 1 1 1 1 1
 1 1 1 1 1
 1 1 1 1 1
 1 1 1 1 1
pf_obs 
 0.8446 0.082 0.0669 0.0065 0
 0.8095 0.147 0.0364 0.0071 0
 0.9664 0.0169 0.016 0.0007 0
 0.9276 0.0648 0.0075 0.0001 0
 0.7033 0.2144 0.0806 0.0017 0
 0.9318 0.0425 0.0243 0.0014 0
 0.5671 0.3108 0.0964 0.0239 0.0018
 0.0768 0.2599 0.5324 0.112 0.0189
 0.490249 0.384438 0.106611 0.0170017 0.00170017
 0.7925 0.1577 0.0466 0.003 0.0002
 0.840416 0.127587 0.0312969 0.00059994 9.999e-05
 0.8084 0.0986 0.0794 0.0134 0.0002
 0.7335 0.1905 0.0724 0.0035 0.0001
 0.4001 0.4547 0.1325 0.0127 0
 0.49795 0.308269 0.164784 0.0264974 0.00249975
 0.9179 0.0499 0.0305 0.0017 0
 0.2467 0.6533 0.0926 0.0074 0
 0.9418 0.0223 0.034 0.0019 0
 0.707729 0.231977 0.0356964 0.0245975 0
 0.517169 0.277429 0.184464 0.0207286 0.00020938
 0.811772 0.124168 0.05621 0.00726502 0.000585176
 0.764997 0.148141 0.077277 0.00933861 0.000247198
 0.163321 0.427699 0.378323 0.0303852 0.000271297
 0.753843 0.0900009 0.118128 0.0371064 0.000921714
 0.721811 0.176058 0.0630433 0.0369309 0.00215725
 0.143369 0.312575 0.442814 0.0836902 0.0175525
 0.692698 0.0596174 0.167031 0.0765114 0.00414204
 0.394062 0.376323 0.152708 0.0712218 0.00568511
 0.125707 0.32114 0.495352 0.0537591 0.00404204
 0.23352 0.215282 0.420074 0.123614 0.00750983
 0.796117 0.104755 0.0508955 0.0450114 0.00322123
 0.162477 0.292055 0.404252 0.121198 0.0200186
 0 0 0 0 0
pf_pred 
 0.3017 0.113864 0.556412 0.0280228 1.0197e-06
 0.268567 0.335987 0.0672421 0.312508 0.0156968
 0.470793 0.222919 0.144868 0.0275129 0.133907
 0.614766 0.246008 0.0604836 0.0373021 0.0414408
 0.514146 0.370606 0.0750998 0.0174719 0.0226764
 0.603139 0.265177 0.101643 0.0195952 0.0104464
 0.356664 0.482575 0.109316 0.0397346 0.0117096
 0.327882 0.357582 0.239354 0.0511753 0.0240065
 0.392465 0.292937 0.171254 0.109152 0.0341925
 0.545117 0.256474 0.0983843 0.054522 0.0455026
 0.6855 0.222327 0.0532386 0.0193354 0.0195981
 0.591309 0.329421 0.0568632 0.0129571 0.00944939
 0.464839 0.399469 0.110581 0.0180293 0.00708177
 0.435918 0.360858 0.153878 0.0402379 0.00910867
 0.680739 0.201913 0.0768485 0.0306921 0.00980713
 0.859583 0.114625 0.0166659 0.00598268 0.00314274
 0.291603 0.656105 0.0431421 0.00591897 0.00323054
 0.787166 0.0944001 0.110112 0.00686978 0.00145271
 0.496194 0.44449 0.0271123 0.0299466 0.00225667
 0.499036 0.333336 0.148886 0.0085806 0.0101603
 0.610948 0.259318 0.0879043 0.0371658 0.00466386
 0.611306 0.293797 0.064379 0.020697 0.00982033
 0.221214 0.589883 0.144685 0.0300273 0.0141911
 0.602672 0.140309 0.19708 0.0459387 0.0140003
 0.505506 0.370231 0.0453595 0.060542 0.0183614
 0.314053 0.454302 0.175691 0.0204607 0.0354926
 0.604049 0.1849 0.14215 0.0522931 0.0166075
 0.575798 0.317563 0.0511779 0.0373888 0.0180717
 0.280906 0.519292 0.151504 0.0232131 0.0250855
 0.374367 0.266739 0.262762 0.0729426 0.0231894
 0.611771 0.208836 0.078737 0.0737493 0.0269067
 0.362715 0.481394 0.0859208 0.0307594 0.0392104
 0.609849 0.202452 0.143519 0.0243806 0.0197997
pobs_RECLAS
 0 0 0 0 0
 0 0 0 0 0
 0 0 0 0 0
 0 0 0 0 0
 0 0 0 0 0
 0 0 0 0 0
 0 0 0 0 0
 0 0 0 0 0
 0 0 0 0 0
 0 0 0 0 0
 0.991045 0.00858322 0.000360255 1.14367e-05 0
 0.934742 0.0480273 0.0164251 0.00080598 0
 0.827803 0.169806 0.00239088 0 0
 0.941827 0.0461693 0.0120037 0 0
 0.791401 0.0380133 0.147996 0.0225897 0
 0.846168 0.0940531 0.0597789 0 0
 0.134021 0.677848 0.182769 0.00536245 0
 0.80878 0.0450904 0.141981 0.00414843 0
 0.846168 0.0940531 0.0597789 0 0
 0.905697 0.0802665 0.012482 0.00150086 5.37128e-05
 0.989698 0.0102097 9.19794e-05 0 0
 0.975433 0.0193895 0.00387452 0.00125025 5.28907e-05
 0.303575 0.632131 0.0575291 0.00676475 0
 0.966965 0.00978017 0.0227588 0.000495775 0
 0.843318 0.132988 0.00938335 0.0141283 0.000182051
 0.564624 0.303363 0.111486 0.0197234 0.00080311
 0.826376 0.0876187 0.0782897 0.00655872 0.00115652
 0.89761 0.0855135 0.0140674 0.00269457 0.000114338
 0.34875 0.467042 0.161289 0.0227151 0.000203297
 0.318654 0.224769 0.449479 0.00709798 0
 0.937255 0.0296025 0.0250945 0.00804832 0
 0.456809 0.399803 0.12412 0.0192676 0
 0.883104 0.0372192 0.0704036 0.00927362 0
ppred_RECLAS
 0.465539 0.0908943 0.422353 0.0212133 7.71806e-07
 0.422835 0.272738 0.0518835 0.240468 0.0120766
 0.639943 0.156269 0.0965331 0.0182831 0.0889719
 0.760131 0.156085 0.0364566 0.0224216 0.0249057
 0.674172 0.251522 0.0484679 0.0112454 0.014593
 0.749996 0.169877 0.0618873 0.0118982 0.00634214
 0.523681 0.361938 0.0778485 0.0282174 0.00831427
 0.490751 0.277364 0.176575 0.0376504 0.0176594
 0.563091 0.216362 0.120208 0.0764066 0.0239314
 0.704726 0.170289 0.0620642 0.0342993 0.0286211
 0.810313 0.136094 0.030992 0.0112253 0.0113761
 0.74064 0.211146 0.0346138 0.00786525 0.00573516
 0.632137 0.278168 0.0731346 0.0118908 0.00466993
 0.610038 0.254307 0.102788 0.0268006 0.00606594
 0.809801 0.12261 0.0443056 0.0176453 0.00563743
 0.923668 0.0629062 0.00868411 0.00310867 0.00163276
 0.444884 0.516042 0.0322531 0.00441291 0.00240819
 0.880984 0.0542992 0.0601812 0.00374429 0.000791665
 0.659345 0.302388 0.0175178 0.0192952 0.00145381
 0.663635 0.227639 0.0966013 0.00555192 0.00657307
 0.756118 0.165336 0.0532682 0.0224599 0.00281804
 0.756009 0.186733 0.0388798 0.0124648 0.00591346
 0.357514 0.492601 0.114875 0.0237756 0.0112349
 0.752103 0.0904584 0.120801 0.0280814 0.00855689
 0.667053 0.252508 0.0294141 0.0391524 0.0118726
 0.473665 0.354546 0.130382 0.0151428 0.026264
 0.752099 0.118941 0.0869374 0.0318946 0.0101278
 0.726724 0.207211 0.0317514 0.0231333 0.0111798
 0.433508 0.414819 0.115087 0.0175855 0.0190013
 0.543626 0.200304 0.187619 0.0519412 0.0165104
 0.757719 0.133465 0.0478347 0.044682 0.0162994
 0.526667 0.361992 0.0614436 0.021937 0.0279601
 0.756304 0.129572 0.0873192 0.014793 0.0120118
pobs_PELACES
 0 0 0 0 0
 0 0 0 0 0
 0 0 0 0 0
 0 0 0 0 0
 0 0 0 0 0
 0 0 0 0 0
 0 0 0 0 0
 0 0 0 0 0
 0 0 0 0 0
 0 0 0 0 0
 0 0 0 0 0
 0 0 0 0 0
 0 0 0 0 0
 0 0 0 0 0
 0 0 0 0 0
 0 0 0 0 0
 0.505614 0.472636 0.0217494 0 0
 0 0 0 0 0
 0.443492 0.261883 0.143347 0.151278 0
 0.227955 0.32914 0.350689 0.0885471 0.00366901
 0.970185 0.0296113 0.000203453 0 0
 0.997202 0.00247181 0.000326279 0 0
 0.445219 0.490057 0.0546422 0.010081 0
 0.90214 0.0892962 0.00764917 0.000914606 0
 0 0 0 0 0
 0.581667 0.319106 0.0959925 0.00289975 0.000334073
 0.762889 0.0836404 0.116647 0.0363945 0.000428098
 0.88444 0.0763242 0.0277011 0.0115352 0
 0.521256 0.241999 0.230069 0.00667565 0
 0.616807 0.101726 0.260614 0.0208532 0
 0.833518 0.0704572 0.0857862 0.0102388 0
 0.697417 0.212968 0.0787535 0.0105354 0.000325836
 0 0 0 0 0
ppred_PELACES
 0.469445 0.0903453 0.419158 0.021051 7.659e-07
 0.42953 0.269984 0.0512182 0.237348 0.0119198
 0.646046 0.153859 0.0947914 0.0179506 0.087353
 0.76773 0.151376 0.0352041 0.0216461 0.0240439
 0.67702 0.249402 0.0479945 0.0111347 0.0144494
 0.755473 0.166319 0.0604077 0.0116118 0.00618942
 0.537322 0.352061 0.0752946 0.027283 0.00803883
 0.492853 0.276328 0.175765 0.037476 0.0175776
 0.571077 0.212769 0.117824 0.0748776 0.0234522
 0.71293 0.16585 0.060202 0.0332627 0.0277558
 0.812022 0.134913 0.0306876 0.0111143 0.0112636
 0.750022 0.203706 0.0332221 0.00754686 0.00550291
 0.643201 0.270131 0.0706694 0.0114868 0.00451121
 0.631633 0.241021 0.0965049 0.0251491 0.00569199
 0.818478 0.117266 0.0421257 0.0167717 0.00535823
 0.92745 0.0598507 0.00821503 0.00293982 0.00154405
 0.451418 0.510068 0.0317908 0.00434898 0.00237329
 0.884906 0.0526191 0.0580967 0.00361383 0.000764072
 0.669984 0.293115 0.0168955 0.0186045 0.00140175
 0.672427 0.221982 0.0938172 0.00539069 0.00638211
 0.761516 0.161837 0.0519829 0.0219143 0.00274956
 0.762746 0.181743 0.037696 0.0120828 0.00573213
 0.361904 0.489464 0.113917 0.0235749 0.0111399
 0.755914 0.0891851 0.118856 0.0276264 0.00841817
 0.671065 0.249583 0.0290187 0.0386221 0.0117117
 0.477193 0.35234 0.129382 0.0150254 0.0260604
 0.755832 0.117276 0.0855466 0.0313809 0.00996459
 0.730121 0.204727 0.0313148 0.022813 0.0110249
 0.436647 0.412668 0.114339 0.0174699 0.0188763
 0.547773 0.198674 0.185779 0.0514271 0.0163469
 0.762181 0.131157 0.0468911 0.0437946 0.0159756
 0.529375 0.36002 0.0610398 0.0217915 0.0277745
 0.760682 0.127391 0.0856413 0.0145068 0.0117793
pobs_pel_tallas
 0 0 0 0 0 0 0 0 0 0 0 0 0 0 0 0 0 0 0 0 0 0 0 0 0 0
 0 0 0 0 0 0 0 0 0 0 0 0 0 0 0 0 0 0 0 0 0 0 0 0 0 0
 0 0 0 0 0 0 0 0 0 0 0 0 0 0 0 0 0 0 0 0 0 0 0 0 0 0
 0 0 0 0 0 0 0 0 0 0 0 0 0 0 0 0 0 0 0 0 0 0 0 0 0 0
 0 0 0 0 0 0 0 0 0 0 0 0 0 0 0 0 0 0 0 0 0 0 0 0 0 0
 0 0 0 0 0 0 0 0 0 0 0 0 0 0 0 0 0 0 0 0 0 0 0 0 0 0
 0 0 0 0 0 0 0 0 0 0 0 0 0 0 0 0 0 0 0 0 0 0 0 0 0 0
 0 0 0 0 0 0 0 0 0 0 0 0 0 0 0 0 0 0 0 0 0 0 0 0 0 0
 0 0 0 0 0 0 0 0 0 0 0 0 0 0 0 0 0 0 0 0 0 0 0 0 0 0
 0 0 0 0 0 0 0 0 0 0 0 0 0 0 0 0 0 0 0 0 0 0 0 0 0 0
 0 0 0 0 0 0 0 0 0 0 0 0 0 0 0 0 0 0 0 0 0 0 0 0 0 0
 0 0 0 0 0 0 0 0 0 0 0 0 0 0 0 0 0 0 0 0 0 0 0 0 0 0
 0.00862536 0 0 0.000197151 0.00414017 0.0128641 0.00837892 0.0270097 0.101434 0.158115 0.152841 0.127902 0.109271 0.109419 0.0830992 0.0579132 0.0238553 0.00714673 0.00463305 0.00128148 0.00103504 0.000492878 0.000147863 0.000147863 4.92878e-05 0
 0 0 0 0 0 0 0 0 0 0 0 0 0 0 0 0 0 0 0 0 0 0 0 0 0 0
 0 0 0 0 0 0 0 0.0054083 0.00873648 0.0413646 0.0450493 0.0745869 0.0622846 0.0627006 0.0613931 0.0827291 0.12552 0.122667 0.0946155 0.0697135 0.0546179 0.0294188 0.0215738 0.0213955 0.0102223 0.00600262
 0 0 0 0 0.00359764 0.0251062 0.0480494 0.140153 0.205849 0.193036 0.1447 0.116669 0.0760912 0.0342217 0.00950174 0.001854 0.000860785 0 0 0 0.000165536 0 0.000143464 0 0 0
 0 0 0 0 0 0 0 0.000145254 0.000435761 0.0275982 0.070085 0.0708112 0.156366 0.174668 0.174014 0.160142 0.0824315 0.0480064 0.0283245 0.00493863 0.00203355 0 0 0 0 0
 0 0 0 0 0 0 0 0 0 0 0 0 0 0 0 0 0 0 0 0 0 0 0 0 0 0
 0 0 1.00437e-05 0.000401748 0.00122533 0.00171747 0.00176769 0.0269171 0.070346 0.194647 0.189555 0.159765 0.064822 0.0314167 0.0384472 0.0292271 0.0345202 0.0313363 0.0194345 0.0106764 0.0143323 0.0359363 0.0279516 0.0138201 0.00172751 0
 0 0.0021121 0.0136068 0.0755702 0.200478 0.177729 0.0527432 0.0373336 0.0318909 0.0142505 0.0149659 0.0166563 0.0217959 0.0798694 0.0677717 0.0528807 0.04013 0.0224614 0.0357745 0.0225083 0.00881397 0.00855152 0.00135912 0.000746735 0 0
 0 0 0 0 5.4009e-05 0.00500934 0.000945158 0.0243581 0.138947 0.33067 0.221406 0.137944 0.0707744 0.0437923 0.0131692 0.00525238 0.0047753 0.00276346 9.45158e-05 9.00151e-06 2.25038e-05 9.00151e-06 4.50075e-06 0 0 0
 0.000866109 0.00284123 0.00948549 0.0512746 0.133035 0.25785 0.225252 0.132002 0.0553304 0.0519788 0.0540692 0.017754 0.00435017 0.00159236 0.00146478 0.000404838 0.000125132 0.000115318 0.000107957 0.000100596 0 0 0 0 0 0
 0 0 0 0 0.00144013 0.00171154 0.00461396 0.0210425 0.0478622 0.0707936 0.0888783 0.103762 0.0637923 0.0337046 0.0602308 0.124433 0.169614 0.0934646 0.0462172 0.0250306 0.0313229 0.00938855 0.002487 0.000210481 0 0
 0 0.00764035 0.051015 0.0998891 0.058973 0.0496711 0.0374665 0.0718981 0.12319 0.153886 0.159021 0.0857701 0.0377988 0.023471 0.0147837 0.00900784 0.00315554 0.000888139 0.00291439 0.00214683 0.00393193 0.00274676 0.000635225 9.99891e-05 0 0
 0 0 0 0 0 0 0 0 0 0 0 0 0 0 0 0 0 0 0 0 0 0 0 0 0 0
 0 0 0 0 0 0 0 0 0 0 0 0 0 0 0 0 0 0 0 0 0 0 0 0 0 0
 0 0 0 0 0 0 0 0 0 0 0 0 0 0 0 0 0 0 0 0 0 0 0 0 0 0
 0 0 0 0 0 0 0 0 0 0 0 0 0 0 0 0 0 0 0 0 0 0 0 0 0 0
 0 0 0 0 0 0 0 0 0 0 0 0 0 0 0 0 0 0 0 0 0 0 0 0 0 0
 0 0 0 0 0 0 0 0 0 0 0 0 0 0 0 0 0 0 0 0 0 0 0 0 0 0
 0 0 0 0 0 0 0 0 0 0 0 0 0 0 0 0 0 0 0 0 0 0 0 0 0 0
 0 0 0 0 0 0 0 0 0 0 0 0 0 0 0 0 0 0 0 0 0 0 0 0 0 0
 0 0 0 0 0 0 0 0 0 0 0 0 0 0 0 0 0 0 0 0 0 0 0 0 0 0
ppred_pel_tallas
 1.14231e-16 3.86676e-05 0.000375862 0.00249774 0.0113544 0.0353277 0.0752697 0.10986 0.10987 0.0753156 0.0354838 0.0118132 0.00367993 0.00305687 0.0054235 0.00966738 0.0156927 0.0234089 0.0326076 0.0429682 0.0538525 0.0639806 0.0714038 0.0740828 0.0708512 0.0621173
 1.27367e-16 3.53799e-05 0.000343905 0.00228537 0.010389 0.0323241 0.0688709 0.100525 0.100551 0.0689986 0.0327533 0.0116301 0.00540708 0.00718079 0.0130893 0.0217791 0.0318684 0.0412238 0.0478091 0.050974 0.051951 0.052993 0.0557592 0.06018 0.0645403 0.0665391
 1.19358e-16 5.3214e-05 0.000517259 0.00343737 0.0156258 0.0486177 0.103586 0.151189 0.151204 0.103659 0.0488638 0.0163385 0.00523322 0.00446081 0.00761216 0.0126864 0.0187188 0.024516 0.0289286 0.0315258 0.0328639 0.034037 0.035854 0.0382905 0.0405601 0.0416208
 1.07295e-16 6.3237e-05 0.000614686 0.0040848 0.0185689 0.0577749 0.123096 0.179665 0.17968 0.123168 0.058015 0.0192627 0.00582799 0.00442593 0.00731929 0.0120488 0.0174703 0.0222357 0.0250321 0.0252989 0.0235724 0.0211075 0.0190756 0.0179608 0.0175121 0.0171194
 1.05011e-16 5.57653e-05 0.000542058 0.00360217 0.0163749 0.0509487 0.108552 0.15844 0.158465 0.10867 0.0513435 0.0175158 0.00646697 0.00679989 0.0119523 0.0197026 0.028452 0.0359414 0.0399076 0.0393175 0.0349753 0.028951 0.0233044 0.019104 0.0163104 0.0143043
 1.03998e-16 6.22273e-05 0.000604872 0.00401959 0.0182725 0.0568525 0.121131 0.176797 0.176813 0.121209 0.0571168 0.0190365 0.00594036 0.00480763 0.00807254 0.0133217 0.0193593 0.0247118 0.0279123 0.0282748 0.0262672 0.0231209 0.0200115 0.0174732 0.0153955 0.0134154
 1.0636e-16 4.42586e-05 0.000430209 0.00285889 0.0129961 0.040436 0.0861544 0.125752 0.125786 0.0863205 0.0409937 0.0146075 0.00690601 0.00927279 0.0168608 0.0278648 0.0402799 0.0509604 0.0567256 0.056114 0.0502316 0.0419402 0.0340689 0.028056 0.0238189 0.0205205
 1.11876e-16 4.05957e-05 0.000394605 0.00262229 0.0119206 0.0370894 0.079024 0.115343 0.11537 0.0791553 0.0375311 0.0131991 0.00584248 0.00746061 0.013567 0.0226449 0.0332737 0.0432236 0.0502178 0.0531775 0.0527507 0.0506186 0.0481902 0.0457892 0.0428497 0.0387033
 1.14933e-16 4.70389e-05 0.000457235 0.00303849 0.0138125 0.042976 0.0915657 0.133647 0.133668 0.0916668 0.0433159 0.0147964 0.00551658 0.00589485 0.0104573 0.0174355 0.0256427 0.0333887 0.0389963 0.0417532 0.0422999 0.0420402 0.0420565 0.0424164 0.042319 0.0407916
 1.09813e-16 5.87231e-05 0.000570809 0.00379323 0.0172435 0.053651 0.11431 0.166842 0.166858 0.114388 0.0539147 0.0180063 0.00571177 0.00477151 0.00807419 0.0133562 0.0194778 0.0250239 0.0286083 0.0296419 0.0286806 0.0269938 0.0256977 0.0251391 0.0249051 0.0242827
 1.03941e-16 6.68852e-05 0.000650148 0.00432046 0.0196402 0.061108 0.130198 0.19003 0.190043 0.130261 0.0613218 0.0202581 0.00587251 0.00404215 0.0065205 0.0107049 0.0154893 0.019641 0.0219559 0.021894 0.0198961 0.0170648 0.01447 0.0126235 0.0114308 0.0104973
 1.02699e-16 6.17784e-05 0.000600508 0.00399059 0.0181406 0.0564424 0.120257 0.175523 0.175543 0.120353 0.0567646 0.0190716 0.00632788 0.00570415 0.00975843 0.0160452 0.0231324 0.0291421 0.0322028 0.0314525 0.027544 0.0221863 0.0171055 0.0132371 0.0106173 0.00879657
 1.04024e-16 5.29797e-05 0.000514981 0.00342223 0.015557 0.0484037 0.10313 0.150527 0.150553 0.103258 0.048832 0.0167946 0.00653115 0.00730997 0.0129819 0.0214404 0.0310261 0.0393192 0.0438767 0.0435543 0.0391507 0.0327932 0.0265914 0.021631 0.0178963 0.0148524
 1.06332e-16 5.20268e-05 0.000505719 0.00336068 0.0152772 0.0475332 0.101275 0.147819 0.147842 0.101389 0.0479164 0.0163856 0.00614796 0.00660711 0.011689 0.0193711 0.028203 0.0361034 0.0409722 0.0418262 0.0393277 0.0352106 0.0310985 0.027677 0.0247211 0.0216881
 1.03835e-16 6.7417e-05 0.000655317 0.00435481 0.0197964 0.0615939 0.131233 0.19154 0.191552 0.131288 0.0617803 0.0203353 0.00570978 0.00362068 0.00572132 0.00941036 0.0136882 0.0175088 0.0198532 0.0202583 0.0190714 0.0171657 0.015351 0.0139563 0.0128339 0.0116548
 1.00809e-16 7.63929e-05 0.000742566 0.00493461 0.022432 0.0697944 0.148705 0.21704 0.217046 0.148733 0.0698891 0.0227054 0.00562084 0.00224068 0.00292181 0.0047101 0.00677949 0.00852983 0.00940667 0.0091578 0.00797965 0.00638203 0.00488047 0.00375511 0.00301562 0.00252255
 1.01886e-16 3.71828e-05 0.000361431 0.00240184 0.0109184 0.0339715 0.0723818 0.105654 0.105703 0.0726216 0.0347767 0.0132432 0.00823401 0.0130821 0.0241637 0.0398036 0.0571345 0.0714245 0.0778727 0.0742607 0.0622915 0.0464809 0.031528 0.0201911 0.012879 0.00858362
 1.02182e-16 7.28886e-05 0.000708503 0.00470825 0.021403 0.0665928 0.141883 0.207084 0.207089 0.141908 0.0666776 0.0216491 0.00532975 0.00207773 0.0027098 0.00445939 0.00663713 0.00880342 0.010546 0.0116478 0.0121621 0.0122801 0.0121166 0.0116169 0.0106514 0.00918546
 1.02666e-16 5.51857e-05 0.000536425 0.00356473 0.0162048 0.0504192 0.107425 0.156795 0.156823 0.107562 0.050882 0.017541 0.00691725 0.00784965 0.0139289 0.0229003 0.0328927 0.0411787 0.0450254 0.0431918 0.0366864 0.0281123 0.0201377 0.0142669 0.0106167 0.00848635
 1.04385e-16 5.5387e-05 0.000538381 0.00357773 0.0162639 0.0506031 0.107816 0.157365 0.157387 0.107921 0.0509561 0.0172848 0.00614501 0.00615801 0.0107726 0.0178373 0.0259582 0.0331994 0.037602 0.0382259 0.0356433 0.0314271 0.0270854 0.0233153 0.0200233 0.0168392
 1.04205e-16 6.27251e-05 0.00060971 0.00405174 0.0184186 0.0573073 0.1221 0.178212 0.178227 0.122176 0.0575643 0.0191616 0.00591915 0.00469475 0.00784605 0.0129381 0.0187886 0.0239603 0.0270299 0.0273445 0.0253846 0.0223773 0.0194844 0.0172169 0.0154264 0.0136983
 1.03317e-16 6.28264e-05 0.000610695 0.00405829 0.0184484 0.0573999 0.122297 0.1785 0.178517 0.122383 0.0576877 0.0192801 0.00614699 0.00517396 0.00874002 0.014378 0.0207735 0.0262675 0.029213 0.0288547 0.0257668 0.0214354 0.0173337 0.0142172 0.0120513 0.0104025
 1.07662e-16 2.98096e-05 0.00028976 0.00192556 0.00875335 0.0272352 0.0580292 0.0847052 0.0847524 0.0582601 0.0280107 0.0109943 0.00755414 0.0125888 0.0234225 0.0387657 0.0560531 0.0709341 0.0789756 0.0781161 0.0698475 0.0581014 0.0467865 0.037928 0.0314948 0.0264461
 1.07648e-16 6.22637e-05 0.000605225 0.00402193 0.0182831 0.0568856 0.121201 0.176899 0.176907 0.121244 0.0570303 0.0187032 0.00508498 0.00295409 0.00460623 0.0077342 0.0116458 0.0157178 0.0193369 0.0221986 0.0243982 0.0261719 0.0275246 0.0281035 0.0274277 0.0252525
 1.06757e-16 5.52748e-05 0.000537291 0.00357049 0.0162309 0.0505006 0.107598 0.157047 0.157071 0.107715 0.0508953 0.0173712 0.006433 0.00678759 0.0119306 0.0196513 0.0283451 0.0357508 0.0396223 0.0389762 0.0347002 0.0289582 0.0238668 0.0204635 0.0185695 0.0173529
 1.09741e-16 3.93058e-05 0.000382067 0.00253897 0.0115418 0.035911 0.0765135 0.111681 0.111715 0.0766801 0.0364709 0.0131605 0.00660837 0.00928637 0.0170113 0.028221 0.0410251 0.0523797 0.0591887 0.0600084 0.0558433 0.0493181 0.0429379 0.0378389 0.0337721 0.0299268
 1.07333e-16 6.22569e-05 0.000605159 0.0040215 0.0182811 0.0568795 0.121188 0.17688 0.176892 0.121244 0.0570674 0.0188255 0.00539365 0.00362003 0.00584555 0.00971696 0.0143496 0.018804 0.0221603 0.0239996 0.0246029 0.0246342 0.0245795 0.0244194 0.0237518 0.0221762
 1.0511e-16 6.01391e-05 0.000584574 0.0038847 0.0176593 0.0549447 0.117066 0.170866 0.170885 0.117163 0.0552687 0.0185952 0.00623468 0.00571693 0.00981469 0.0161509 0.0233119 0.0294344 0.0326718 0.0322026 0.0287263 0.023982 0.0196791 0.016669 0.0148431 0.0135851
 1.08352e-16 3.59662e-05 0.000349604 0.00232324 0.0105611 0.0328599 0.0700129 0.102194 0.102234 0.0702077 0.0335143 0.0124526 0.00707551 0.0107385 0.0198096 0.0328054 0.0475192 0.0603143 0.0674906 0.067328 0.0610609 0.0519292 0.0431135 0.0361982 0.0310659 0.0268054
 1.13336e-16 4.51194e-05 0.000438577 0.0029145 0.0132489 0.0412223 0.0878292 0.128193 0.128213 0.0879242 0.041542 0.0141756 0.00525339 0.00558711 0.00994902 0.016707 0.02484 0.0328755 0.0393147 0.0434463 0.0456461 0.0468324 0.0475634 0.0475783 0.0461051 0.0425552
 1.08483e-16 6.27799e-05 0.000610243 0.00405528 0.0184347 0.0573573 0.122206 0.178366 0.178379 0.122268 0.057566 0.0190383 0.00557354 0.00393547 0.00641068 0.0105871 0.0154596 0.0199115 0.0228669 0.0238835 0.0234164 0.022463 0.0218666 0.0218274 0.0219277 0.021526
 1.0874e-16 4.3604e-05 0.000423846 0.00281661 0.0128039 0.0398379 0.0848801 0.123892 0.123927 0.0850498 0.0404077 0.0144501 0.00695002 0.00945161 0.0172027 0.0284081 0.0410118 0.051782 0.0574643 0.0565945 0.0503798 0.0418625 0.0340556 0.028497 0.0250636 0.0227434
 1.05953e-16 6.26564e-05 0.000609042 0.0040473 0.0183985 0.0572445 0.121966 0.178015 0.178028 0.122026 0.0574482 0.0189884 0.00553344 0.0038711 0.00631032 0.0104704 0.0153991 0.0200416 0.0233536 0.0248404 0.0247945 0.0239743 0.0230058 0.0220154 0.0207271 0.0188288
pSPR Fmed_Fpbrs
1   0.983582 0.6 0.325 0.983582 0.983582 0.983582
Fs Fmed_Fpbrs
0   0.01 0.351149 0.903218 0.01 0.01 0.01
SSBpbr Bo_Bmed_Bpbrs
1.96726e+06  1.86889e+06  1.83659e+06 1.08199e+06 540995 1.83659e+06 1.83659e+06 1.83659e+06
Ro
256003
SPR SPRFo_SPRFmed_SPRFpbrs
1.84433e+06 1.84433e+06 1.81405e+06
Fref
0
Nvult_r0
 240386 44100.6 29931.1 5072.69 4119.07
CTP_r0
 16663.3 5531.71 3921.45 666.164 540.998
YTP_r0
356493
Np
 365037 134290 49402.4 18174.1 9145.49
Nvult_p0
 230747 84887.2 31228.3 11488.2 5781.05
CTP_p0
 0 0 0 0 0
 0 0 0 0 0
 0 0 0 0 0
 0 0 0 0 0
 0 0 0 0 0
 0 0 0 0 0
YTP_p0
 0 0 0 0 0 0
CBA_c0
0
log_Ro
12.2729
likeval ReclasPelacesDesembMPH_pf_preclas_ppelaces_ptallas_desvR_qrecl_qpela
 18.9109 17.5008 0.106873 31.9224 237.482 138.065 109.049 0 21.6351 1.76143e-05 9.34355e-06 0.532555 2066.75 0 0
q_reclas_q_pelaces
0.55237 0.649024
M
1
N
 244306 48752.8 227064 11406.1 0.414993
 127808 85733.1 16377.4 75923.1 3812.99
 170331 43201.3 26795.1 5076.05 24702.1
 264382 57731.1 13572.8 8350.62 9275.95
 223917 85160.1 16443.9 3815.69 4951.61
 334175 79025.1 28921.9 5561.82 2964.68
 149466 112005 24299.4 8811.9 2596.5
 80702 46168.7 29429.8 6275.67 2943.53
 71829.7 28919.7 16147.6 10266.5 3215.64
 93327.9 23887.8 8759.78 4842.67 4041.05
 177581 30318.3 6916.3 2505.32 2539
 205516 63053.7 10417.8 2368.24 1726.91
 136598 64513.4 17089.8 2779.75 1091.73
 90489.6 43131.7 17684.2 4614.54 1044.48
 151380 24920.5 9085.72 3620.31 1156.67
 628963 46478.7 6472.37 2318.05 1217.53
 160708 193968 12174.6 1666.14 909.246
 833733 54257.3 60483.9 3764.34 795.916
 553667 272728 15920.2 17542.9 1321.81
 480150 174546 74530.6 4284.93 5073.14
 682439 155810 50430.8 21269 2668.65
 876772 228689 47892.6 15359.3 7286.74
 202314 286723 67064.9 13882.7 6560.17
 565551 70032.2 93813.7 21811.8 6646.48
 502467 195360 22822 30382.6 9213.33
 228311 174469 64301.4 7469.01 12954.5
 493417 80316.6 58886.5 21607.3 6861.23
 583160 170544 26203.5 19094.1 9227.79
 208297 203101 56461.2 8628.35 9323.05
 194970 73576.3 69092.4 19130.5 6081.01
 373292 68115.5 24505.1 22894.8 8351.84
 182170 127236 21633.7 7724.55 9845.46
 365037 64732.6 43784.1 7419.09 6024.3
pred_Ctot
 7144.98 2696.58 13177.2 663.646 0.024149
 6603.61 8261.35 1653.37 7684.04 385.957
 8528.42 4038.17 2624.28 498.397 2425.72
 21019.2 8411.16 2067.97 1275.38 1416.89
 5774.78 4162.57 843.505 196.241 254.696
 18925.9 8320.98 3189.46 614.879 327.799
 15367.3 20792.3 4710.03 1712.01 504.52
 1324.05 1443.98 966.555 206.655 96.9427
 4395.14 3280.55 1917.84 1222.37 382.916
 6969.61 3279.15 1257.89 697.093 581.775
 3919.57 1271.23 304.409 110.557 112.058
 19307.2 10756.1 1856.68 423.07 308.538
 12387.5 10645.4 2946.86 480.461 188.722
 14722.4 12187.4 5196.96 1358.97 307.63
 16061.9 4764.09 1813.22 724.173 231.397
 65220.6 8697.17 1264.52 453.934 238.454
 8416.22 18936.4 1245.16 170.833 93.2394
 58960.1 7070.74 8247.57 514.559 108.81
 50699.1 45416.1 2770.22 3059.81 230.577
 36155.4 24150.4 10786.9 621.668 736.118
 38725.8 16437.3 5571.94 2355.81 295.626
 62149.4 29869.3 6545.2 2104.2 998.399
 7589.65 20238.3 4964.01 1030.21 486.882
 21925.6 5104.5 7169.87 1671.27 509.339
 17916.6 13122.1 1607.67 2145.78 650.782
 6336.69 9166.51 3544.93 412.837 716.138
 18952.9 5801.51 4460.17 1640.77 521.084
 19729.9 10881.4 1753.63 1281.14 619.234
 5261.46 9726.49 2837.71 434.788 469.859
 6229.2 4438.35 4372.17 1213.71 385.854
 17446.1 5955.44 2245.37 2103.13 767.307
 3936.03 5223.89 932.376 333.788 425.495
 16663.3 5531.71 3921.45 666.164 540.998
F
 0.0471839 0.0908588 0.0955118 0.09577 0.0957836
 0.0846585 0.163021 0.171369 0.171833 0.171857
 0.0819477 0.157801 0.165882 0.166331 0.166354
 0.132863 0.255844 0.268947 0.269674 0.269712
 0.0415102 0.0799332 0.0840268 0.0842539 0.0842659
 0.0931192 0.179313 0.188496 0.189006 0.189033
 0.174767 0.336537 0.353772 0.354728 0.354779
 0.0262405 0.0505294 0.0531171 0.0532607 0.0532682
 0.100929 0.194353 0.204306 0.204858 0.204887
 0.124368 0.239488 0.251752 0.252433 0.252469
 0.0354369 0.0682383 0.0717329 0.0719268 0.071937
 0.158652 0.305505 0.32115 0.322018 0.322064
 0.152783 0.294204 0.309271 0.310107 0.310151
 0.289544 0.557555 0.586109 0.587693 0.587776
 0.180797 0.348149 0.365978 0.366968 0.36702
 0.176379 0.339641 0.357035 0.358 0.358051
 0.0858498 0.165315 0.173781 0.174251 0.174276
 0.11744 0.226146 0.237727 0.23837 0.238403
 0.154372 0.297263 0.312487 0.313332 0.313376
 0.125459 0.241588 0.25396 0.254646 0.254683
 0.0933098 0.17968 0.188882 0.189392 0.189419
 0.11773 0.226704 0.238314 0.238958 0.238992
 0.060867 0.117207 0.12321 0.123543 0.12356
 0.0629564 0.121231 0.127439 0.127784 0.127802
 0.0577803 0.111264 0.116962 0.117278 0.117294
 0.0447324 0.086138 0.0905493 0.0907941 0.090807
 0.0623615 0.120085 0.126235 0.126576 0.126594
 0.0547555 0.105439 0.110838 0.111138 0.111154
 0.0406418 0.0782611 0.0822691 0.0824914 0.0825031
 0.0516409 0.0994413 0.104534 0.104816 0.104831
 0.0763139 0.146952 0.154478 0.154895 0.154918
 0.0346782 0.0667773 0.0701971 0.0703868 0.0703968
 0.0744817 0.143424 0.150769 0.151177 0.151198
YTP_r0W_actual
 125641 96528.4 94389.3 20864.3 19070.2
YTP_p0W_proyectada
 0 0 0 0 0
 0 0 0 0 0
 0 0 0 0 0
 0 0 0 0 0
 0 0 0 0 0
 0 0 0 0 0
CTP_r0_actual
 16663.3 5531.71 3921.45 666.164 540.998
CTP_p0_proyectada
 0 0 0 0 0
 0 0 0 0 0
 0 0 0 0 0
 0 0 0 0 0
 0 0 0 0 0
 0 0 0 0 0
Wmedp
 7.54 17.45 24.07 31.32 35.25
Frms_r0
 0.0744817 0.143424 0.150769 0.151177 0.151198
Zrms_r0
 1.07448 1.14342 1.15077 1.15118 1.1512
nmprior
 7.29 8.9 8.7 0
nm_flota  nm_reclas  nm_pelaces    nm_pelaL
inf 11.3119 17.4583 54.8026
cv_recla  cv_pelaces  cv_mph
0.376606 0.458268 0.755012
 ------------------------------------------------
Talla a la edad & desviaci?n 
 8 13.2811 15.8009 17.003 17.5766
 0.8 1.32811 1.58009 1.7003 1.75766
