years
 1991 1992 1993 1994 1995 1996 1997 1998 1999 2000 2001 2002 2003 2004 2005 2006 2007 2008 2009 2010 2011 2012 2013 2014 2015 2016 2017 2018 2019 2020 2021 2022 2023
reclasobs
 0 0 0 0 0 0 0 0 0 252601 567819 844713 477998 351125 339783 2.1784e+06 2.13404e+06 4.81314e+06 1.55562e+06 2.62356e+06 3.21686e+06 3.843e+06 1.13348e+06 3.07943e+06 1.97215e+06 2.03268e+06 2.025e+06 2.42433e+06 2.27542e+06 1.05018e+06 2.36338e+06 3.18982e+06 1.53035e+06
reclaspred
 2.86519e+06 1.5477e+06 816341 838497 876072 1.4285e+06 765804 710935 513907 368230 543193 771811 676982 363314 566972 1.37567e+06 1.26444e+06 2.81331e+06 2.24274e+06 1.8247e+06 3.23165e+06 2.58333e+06 2.00945e+06 3.03717e+06 2.29664e+06 2.07349e+06 2.45776e+06 2.74145e+06 2.29803e+06 1.66038e+06 1.82399e+06 1.88008e+06 1.60177e+06
pelacesobs
 0 0 0 0 0 0 0 0 0 0 0 0 0 0 0 552880 188675 0 991730 2.46772e+06 1.41603e+06 1.21717e+06 2.29649e+06 1.80582e+06 0 1.4828e+06 1.56532e+06 1.57751e+06 1.42118e+06 867257 1.10002e+06 1.06204e+06 0
pelacespred
 1.53211e+06 902412 457134 393100 449776 763595 346677 443978 291312 194818 309401 373547 355744 183407 321794 651238 603247 1.55648e+06 1.25003e+06 908526 1.68372e+06 1.39603e+06 1.1153e+06 1.86882e+06 1.33592e+06 1.21492e+06 1.65634e+06 1.64873e+06 1.25782e+06 1.03872e+06 978034 1.03814e+06 895638
mphobs
 0 0 0 0 0 0 0 0 0 0 0 0 498337 0 5186 125008 0 168611 109162 213762 579715 649985 157893 87575 83554 210694 70296 0 107559 103333 445601 22526 28222
mphpred
 481502 326884 155283 91183.5 99857 121453 153704 80562.8 77398.3 50758.3 34017.8 74270.5 90832.6 57414.8 24780.8 56828.6 175829 157361 295412 364569 432321 511049 104487 86992.8 127860 102587 89496.7 98867.5 142982 106775 64575.1 86904.1 58932.9
desembarqueobs
 494567 514787 250237 358949 120608 361735 552515 73892 212993 205616 52469 317467 293654 387597 252695 516296 358380 742168 942051 627588 828172 859565 418607 520667 417249 300574 415391 372974 316634 284311 391294 218835 356480
desembarquepred
 494567 513854 250656 359018 120617 361764 552573 73899 213067 205683 52472 317512 293757 387745 252647 516197 358410 741993 941695 627319 828298 859588 418629 520725 417241 300581 415402 372949 316613 284287 391261 218850 356508
Reclutas
 173925 84258 101660 133673 117403 193017 75904.6 37417.7 35589.8 48622.6 99479.5 142609 90360.4 53639.9 90575.5 372815 78572 536138 329417 304497 379867 498176 103019 287650 263739 114292 252263 302402 107127 101137 188472 86199.4 172567
log_desv_Rt
 0.20942 -0.515322 -0.327576 -0.0538064 -0.183592 0.313575 -0.619728 -1.32706 -1.37715 -1.06512 -0.349254 0.0108988 -0.445399 -0.966912 -0.443022 0.971878 -0.58519 1.33519 0.84812 0.769454 0.990615 1.26175 -0.314293 0.712538 0.625754 -0.210449 0.581268 0.762553 -0.275193 -0.332726 0.289743 -0.492543 0.201582
SSB
 1.87565e+06 1.27335e+06 604891 355197 388984 473108 598739 313825 301498 197724 132513 289314 336538 217851 92782.7 213475 684928 612987 1.18954e+06 853524 1.03857e+06 1.29196e+06 1.21677e+06 976645 1.34247e+06 1.14223e+06 940450 999058 1.49697e+06 1.05236e+06 728804 998296 629444
BT
 2.7038e+06 1.84456e+06 922098 880503 766078 1.44549e+06 1.01482e+06 725996 648816 485450 508688 821601 792045 669722 734232 1.4039e+06 1.17913e+06 2.98157e+06 2.76967e+06 1.92058e+06 3.16749e+06 2.90038e+06 2.02102e+06 3.27659e+06 2.38516e+06 2.07249e+06 2.89928e+06 2.82399e+06 2.12992e+06 1.82108e+06 1.8138e+06 1.72016e+06 1.65707e+06
Ftot
 0.240406 0.437444 0.42985 0.719314 0.226585 0.462509 0.991472 0.168394 0.669266 0.905078 0.20683 0.735561 0.703358 1.69472 1.02976 0.868425 0.426955 0.549423 0.696674 0.600904 0.452008 0.573664 0.303135 0.322939 0.290207 0.22046 0.312652 0.267302 0.191072 0.253459 0.391998 0.173899 0.396587
BD_Bspro_t
 0.962697 0.767023 0.558839 0.474346 0.474281 0.571566 0.547652 0.354274 0.426828 0.370712 0.344624 0.611945 0.5094 0.352114 0.193648 0.348032 0.517655 0.473291 0.569903 0.460707 0.46113 0.511025 0.530882 0.517046 0.626099 0.644132 0.648899 0.68522 0.751038 0.685901 0.631395 0.676283 0.668563
BD_Bspro
 1.84563 1.25297 0.59521 0.349512 0.382759 0.465536 0.589156 0.308802 0.296673 0.19456 0.130393 0.284684 0.331152 0.214364 0.0912978 0.210058 0.673966 0.603176 1.1705 0.839864 1.02195 1.27128 1.1973 0.961014 1.32099 1.12395 0.925399 0.983069 1.47302 1.03552 0.717139 0.982319 0.61937
BD_Bo
 2.36526 1.60574 0.762791 0.447918 0.490524 0.596608 0.755033 0.395746 0.380201 0.249338 0.167105 0.364836 0.424387 0.274719 0.117003 0.2692 0.863721 0.773 1.50006 1.07633 1.30968 1.62921 1.5344 1.23159 1.69291 1.4404 1.18594 1.25985 1.88774 1.32707 0.91905 1.25889 0.793753
BD_Brms
 2.53136 1.7185 0.816357 0.479372 0.524971 0.638503 0.808054 0.423537 0.4069 0.266848 0.178839 0.390456 0.454189 0.29401 0.125219 0.288105 0.924375 0.827283 1.6054 1.15191 1.40165 1.74362 1.64215 1.31807 1.81179 1.54154 1.26923 1.34832 2.02031 1.42026 0.983589 1.34729 0.849493
Sel_flota
 0.421589 0.932654 0.996214 0.9998 0.999989
 0.421589 0.932654 0.996214 0.9998 0.999989
 0.421589 0.932654 0.996214 0.9998 0.999989
 0.421589 0.932654 0.996214 0.9998 0.999989
 0.421589 0.932654 0.996214 0.9998 0.999989
 0.421589 0.932654 0.996214 0.9998 0.999989
 0.421589 0.932654 0.996214 0.9998 0.999989
 0.421589 0.932654 0.996214 0.9998 0.999989
 0.421589 0.932654 0.996214 0.9998 0.999989
 0.421589 0.932654 0.996214 0.9998 0.999989
 0.421589 0.932654 0.996214 0.9998 0.999989
 0.421589 0.932654 0.996214 0.9998 0.999989
 0.421589 0.932654 0.996214 0.9998 0.999989
 0.421589 0.932654 0.996214 0.9998 0.999989
 0.421589 0.932654 0.996214 0.9998 0.999989
 0.421589 0.932654 0.996214 0.9998 0.999989
 0.421589 0.932654 0.996214 0.9998 0.999989
 0.421589 0.932654 0.996214 0.9998 0.999989
 0.421589 0.932654 0.996214 0.9998 0.999989
 0.421589 0.932654 0.996214 0.9998 0.999989
 0.421589 0.932654 0.996214 0.9998 0.999989
 0.421589 0.932654 0.996214 0.9998 0.999989
 0.421589 0.932654 0.996214 0.9998 0.999989
 0.421589 0.932654 0.996214 0.9998 0.999989
 0.421589 0.932654 0.996214 0.9998 0.999989
 0.421589 0.932654 0.996214 0.9998 0.999989
 0.421589 0.932654 0.996214 0.9998 0.999989
 0.421589 0.932654 0.996214 0.9998 0.999989
 0.421589 0.932654 0.996214 0.9998 0.999989
 0.421589 0.932654 0.996214 0.9998 0.999989
 0.421589 0.932654 0.996214 0.9998 0.999989
 0.421589 0.932654 0.996214 0.9998 0.999989
 0.421589 0.932654 0.996214 0.9998 0.999989
Sel_reclas
 1 1 1 1 1
 1 1 1 1 1
 1 1 1 1 1
 1 1 1 1 1
 1 1 1 1 1
 1 1 1 1 1
 1 1 1 1 1
 1 1 1 1 1
 1 1 1 1 1
 1 1 1 1 1
 1 1 1 1 1
 1 1 1 1 1
 1 1 1 1 1
 1 1 1 1 1
 1 1 1 1 1
 1 1 1 1 1
 1 1 1 1 1
 1 1 1 1 1
 1 1 1 1 1
 1 1 1 1 1
 1 1 1 1 1
 1 1 1 1 1
 1 1 1 1 1
 1 1 1 1 1
 1 1 1 1 1
 1 1 1 1 1
 1 1 1 1 1
 1 1 1 1 1
 1 1 1 1 1
 1 1 1 1 1
 1 1 1 1 1
 1 1 1 1 1
 1 1 1 1 1
Sel_pelaces
 0.985865 1 1 1 1
 0.985865 1 1 1 1
 0.985865 1 1 1 1
 0.985865 1 1 1 1
 0.985865 1 1 1 1
 0.985865 1 1 1 1
 0.985865 1 1 1 1
 0.985865 1 1 1 1
 0.985865 1 1 1 1
 0.985865 1 1 1 1
 0.985865 1 1 1 1
 0.985865 1 1 1 1
 0.985865 1 1 1 1
 0.985865 1 1 1 1
 0.985865 1 1 1 1
 0.985865 1 1 1 1
 0.985865 1 1 1 1
 0.985865 1 1 1 1
 0.985865 1 1 1 1
 0.985865 1 1 1 1
 0.985865 1 1 1 1
 0.985865 1 1 1 1
 0.985865 1 1 1 1
 0.985865 1 1 1 1
 0.985865 1 1 1 1
 0.985865 1 1 1 1
 0.985865 1 1 1 1
 0.985865 1 1 1 1
 0.985865 1 1 1 1
 0.985865 1 1 1 1
 0.985865 1 1 1 1
 0.985865 1 1 1 1
 0.985865 1 1 1 1
pf_obs 
 0.8446 0.082 0.0669 0.0065 0
 0.8095 0.147 0.0364 0.0071 0
 0.9664 0.0169 0.016 0.0007 0
 0.9276 0.0648 0.0075 0.0001 0
 0.7033 0.2144 0.0806 0.0017 0
 0.9318 0.0425 0.0243 0.0014 0
 0.5671 0.3108 0.0964 0.0239 0.0018
 0.0768 0.2599 0.5324 0.112 0.0189
 0.490249 0.384438 0.106611 0.0170017 0.00170017
 0.7925 0.1577 0.0466 0.003 0.0002
 0.840416 0.127587 0.0312969 0.00059994 9.999e-05
 0.8084 0.0986 0.0794 0.0134 0.0002
 0.7335 0.1905 0.0724 0.0035 0.0001
 0.4001 0.4547 0.1325 0.0127 0
 0.49795 0.308269 0.164784 0.0264974 0.00249975
 0.9179 0.0499 0.0305 0.0017 0
 0.2467 0.6533 0.0926 0.0074 0
 0.9418 0.0223 0.034 0.0019 0
 0.707729 0.231977 0.0356964 0.0245975 0
 0.517169 0.277429 0.184464 0.0207286 0.00020938
 0.811772 0.124168 0.05621 0.00726502 0.000585176
 0.764997 0.148141 0.077277 0.00933861 0.000247198
 0.163321 0.427699 0.378323 0.0303852 0.000271297
 0.753843 0.0900009 0.118128 0.0371064 0.000921714
 0.721811 0.176058 0.0630433 0.0369309 0.00215725
 0.143369 0.312575 0.442814 0.0836902 0.0175525
 0.692698 0.0596174 0.167031 0.0765114 0.00414204
 0.394062 0.376323 0.152708 0.0712218 0.00568511
 0.125707 0.32114 0.495352 0.0537591 0.00404204
 0.23352 0.215282 0.420074 0.123614 0.00750983
 0.796117 0.104755 0.0508955 0.0450114 0.00322123
 0.162477 0.292055 0.404252 0.121198 0.0200186
 0 0 0 0 0
pf_pred 
 0.393285 0.150215 0.427876 0.0286225 1.15787e-06
 0.303796 0.422193 0.0716024 0.189765 0.0126446
 0.502351 0.258345 0.149831 0.0234567 0.0660164
 0.614675 0.275955 0.059005 0.0315882 0.0187771
 0.553936 0.361613 0.0620614 0.0121075 0.0102814
 0.643036 0.263611 0.0766968 0.0122535 0.00440275
 0.366488 0.518201 0.086955 0.0233149 0.00504029
 0.374457 0.392926 0.193799 0.0293146 0.00950391
 0.451784 0.315858 0.149728 0.0688849 0.0137447
 0.64611 0.244472 0.0654842 0.0283608 0.0155729
 0.76348 0.198628 0.0269865 0.00654144 0.00436402
 0.661065 0.298206 0.0345897 0.00437677 0.00176166
 0.505557 0.415218 0.0704628 0.00744743 0.00131478
 0.490532 0.374406 0.115058 0.0178008 0.00220221
 0.802303 0.15618 0.0316044 0.00845404 0.00145835
 0.89492 0.0971405 0.00641 0.00116623 0.000363609
 0.280906 0.689996 0.0270932 0.00162004 0.000384516
 0.844242 0.0753998 0.0773474 0.00280434 0.000206568
 0.504526 0.462748 0.0165387 0.0155835 0.000603775
 0.555479 0.323791 0.113426 0.00370059 0.00360374
 0.622933 0.287981 0.0663961 0.0213234 0.00136644
 0.636797 0.2915 0.0558001 0.0118666 0.00403717
 0.219498 0.637319 0.116829 0.0205305 0.00582355
 0.621961 0.14932 0.189276 0.0322076 0.00723535
 0.522519 0.381302 0.0397472 0.0467337 0.00969824
 0.311007 0.493686 0.158305 0.0153281 0.0216735
 0.616611 0.194307 0.138202 0.0412717 0.00960789
 0.584717 0.329269 0.0452226 0.0298481 0.0109432
 0.279055 0.550397 0.137272 0.0175288 0.0157472
 0.381197 0.287694 0.25693 0.0597511 0.0144274
 0.619956 0.224694 0.0750707 0.0623506 0.017929
 0.3543 0.515349 0.07957 0.0245942 0.026187
 0.612453 0.213485 0.140872 0.0202911 0.0128991
pobs_RECLAS
 0 0 0 0 0
 0 0 0 0 0
 0 0 0 0 0
 0 0 0 0 0
 0 0 0 0 0
 0 0 0 0 0
 0 0 0 0 0
 0 0 0 0 0
 0 0 0 0 0
 0 0 0 0 0
 0.991045 0.00858322 0.000360255 1.14367e-05 0
 0.934742 0.0480273 0.0164251 0.00080598 0
 0.827803 0.169806 0.00239088 0 0
 0.941827 0.0461693 0.0120037 0 0
 0.791401 0.0380133 0.147996 0.0225897 0
 0.846168 0.0940531 0.0597789 0 0
 0.134021 0.677848 0.182769 0.00536245 0
 0.80878 0.0450904 0.141981 0.00414843 0
 0.846168 0.0940531 0.0597789 0 0
 0.905697 0.0802665 0.012482 0.00150086 5.37128e-05
 0.989698 0.0102097 9.19794e-05 0 0
 0.975433 0.0193895 0.00387452 0.00125025 5.28907e-05
 0.303575 0.632131 0.0575291 0.00676475 0
 0.966965 0.00978017 0.0227588 0.000495775 0
 0.843318 0.132988 0.00938335 0.0141283 0.000182051
 0.564624 0.303363 0.111486 0.0197234 0.00080311
 0.826376 0.0876187 0.0782897 0.00655872 0.00115652
 0.89761 0.0855135 0.0140674 0.00269457 0.000114338
 0.34875 0.467042 0.161289 0.0227151 0.000203297
 0.318654 0.224769 0.449479 0.00709798 0
 0.937255 0.0296025 0.0250945 0.00804832 0
 0.456809 0.399803 0.12412 0.0192676 0
 0.883104 0.0372192 0.0704036 0.00927362 0
ppred_RECLAS
 0.604111 0.103094 0.274499 0.018295 7.39948e-07
 0.503975 0.309245 0.0489444 0.129227 0.00860904
 0.702597 0.159617 0.086396 0.0134748 0.0379158
 0.790076 0.153443 0.0305274 0.0162784 0.00967441
 0.737704 0.21533 0.0345486 0.00671533 0.0057014
 0.806209 0.145688 0.0395473 0.00629441 0.00226116
 0.581185 0.347245 0.0540256 0.0144257 0.00311791
 0.577686 0.271875 0.125411 0.018901 0.00612659
 0.661685 0.200911 0.0886656 0.0406329 0.00810587
 0.814344 0.131226 0.0326293 0.014074 0.00772635
 0.879353 0.102401 0.0130083 0.00314164 0.00209549
 0.819915 0.159795 0.0172425 0.00217314 0.000874511
 0.704778 0.250722 0.0395958 0.00416856 0.000735769
 0.715575 0.213795 0.0602131 0.00927085 0.00114664
 0.907333 0.0743666 0.0139455 0.00371479 0.000640674
 0.952476 0.0441733 0.00270711 0.000490537 0.000152908
 0.469926 0.510006 0.0186902 0.00111338 0.000264207
 0.927637 0.0363019 0.0347145 0.0012538 9.23367e-05
 0.702444 0.279214 0.00928752 0.00871677 0.000337657
 0.744689 0.189497 0.0618471 0.00201001 0.001957
 0.791934 0.161496 0.0347427 0.0111157 0.000712166
 0.802508 0.160687 0.0286664 0.00607281 0.00206564
 0.390038 0.504201 0.086355 0.0151191 0.00428775
 0.794011 0.0847704 0.100379 0.0170173 0.00382215
 0.713472 0.231973 0.022595 0.0264684 0.00549168
 0.506991 0.359968 0.107913 0.0104105 0.0147174
 0.788915 0.11062 0.073505 0.0218697 0.00509019
 0.761933 0.191418 0.0245698 0.016157 0.00592249
 0.467417 0.413002 0.0963199 0.0122545 0.0110069
 0.588534 0.198313 0.165537 0.0383554 0.00925941
 0.791209 0.126985 0.0396091 0.0327744 0.00942248
 0.553635 0.361077 0.0521385 0.0160566 0.0170933
 0.786359 0.121345 0.0747523 0.0107269 0.00681777
pobs_PELACES
 0 0 0 0 0
 0 0 0 0 0
 0 0 0 0 0
 0 0 0 0 0
 0 0 0 0 0
 0 0 0 0 0
 0 0 0 0 0
 0 0 0 0 0
 0 0 0 0 0
 0 0 0 0 0
 0 0 0 0 0
 0 0 0 0 0
 0 0 0 0 0
 0 0 0 0 0
 0 0 0 0 0
 0 0 0 0 0
 0.505614 0.472636 0.0217494 0 0
 0 0 0 0 0
 0.443492 0.261883 0.143347 0.151278 0
 0.227955 0.32914 0.350689 0.0885471 0.00366901
 0.970185 0.0296113 0.000203453 0 0
 0.997202 0.00247181 0.000326279 0 0
 0.445219 0.490057 0.0546422 0.010081 0
 0.90214 0.0892962 0.00764917 0.000914606 0
 0 0 0 0 0
 0.581667 0.319106 0.0959925 0.00289975 0.000334073
 0.762889 0.0836404 0.116647 0.0363945 0.000428098
 0.88444 0.0763242 0.0277011 0.0115352 0
 0.521256 0.241999 0.230069 0.00667565 0
 0.616807 0.101726 0.260614 0.0208532 0
 0.833518 0.0704572 0.0857862 0.0102388 0
 0.697417 0.212968 0.0787535 0.0105354 0.000325836
 0 0 0 0 0
ppred_PELACES
 0.611275 0.101608 0.269181 0.0179354 7.25396e-07
 0.519747 0.300489 0.0471241 0.124356 0.00828435
 0.715492 0.153347 0.0822575 0.0128228 0.0360802
 0.807929 0.140977 0.0276273 0.0147194 0.00874749
 0.742482 0.21159 0.0337876 0.00656564 0.00557424
 0.816342 0.138406 0.0372078 0.00591881 0.00212617
 0.618737 0.317242 0.0483418 0.0128929 0.00278644
 0.581447 0.269796 0.124014 0.0186866 0.00605704
 0.684653 0.188358 0.0819673 0.0375335 0.00748726
 0.835146 0.117183 0.0285896 0.0123184 0.00676216
 0.881596 0.100565 0.0127197 0.00307118 0.00204847
 0.835804 0.14595 0.0155075 0.00195278 0.000785794
 0.726466 0.232821 0.0362302 0.00381106 0.00067264
 0.769054 0.175127 0.0476002 0.00731419 0.000904544
 0.920211 0.0643068 0.0118013 0.00313981 0.000541475
 0.958167 0.0389334 0.00234292 0.000424109 0.000132194
 0.484422 0.496227 0.0180231 0.0010731 0.000254642
 0.933088 0.0337609 0.0319147 0.00115193 8.48314e-05
 0.723751 0.259459 0.00850523 0.00797597 0.000308948
 0.761485 0.177606 0.0572402 0.00185897 0.00180987
 0.802305 0.153776 0.0327697 0.0104788 0.000671344
 0.8156 0.150374 0.0265058 0.00561128 0.00190858
 0.399115 0.497249 0.0846247 0.0148108 0.00420025
 0.801154 0.0821604 0.0966318 0.0163758 0.00367798
 0.720755 0.226347 0.0219132 0.0256609 0.00532405
 0.51304 0.355999 0.106231 0.0102456 0.014484
 0.795768 0.107368 0.0708775 0.0210801 0.00490632
 0.767683 0.187005 0.0238691 0.0156912 0.00575168
 0.472124 0.409723 0.0951732 0.0121059 0.0108733
 0.596092 0.195214 0.162086 0.0375445 0.00906352
 0.800179 0.121933 0.0377216 0.0311982 0.00896911
 0.557537 0.358175 0.0515312 0.0158664 0.0168905
 0.79566 0.116483 0.0711629 0.010207 0.0064872
pobs_pel_tallas
 0 0 0 0 0 0 0 0 0 0 0 0 0 0 0 0 0 0 0 0 0 0 0 0 0 0
 0 0 0 0 0 0 0 0 0 0 0 0 0 0 0 0 0 0 0 0 0 0 0 0 0 0
 0 0 0 0 0 0 0 0 0 0 0 0 0 0 0 0 0 0 0 0 0 0 0 0 0 0
 0 0 0 0 0 0 0 0 0 0 0 0 0 0 0 0 0 0 0 0 0 0 0 0 0 0
 0 0 0 0 0 0 0 0 0 0 0 0 0 0 0 0 0 0 0 0 0 0 0 0 0 0
 0 0 0 0 0 0 0 0 0 0 0 0 0 0 0 0 0 0 0 0 0 0 0 0 0 0
 0 0 0 0 0 0 0 0 0 0 0 0 0 0 0 0 0 0 0 0 0 0 0 0 0 0
 0 0 0 0 0 0 0 0 0 0 0 0 0 0 0 0 0 0 0 0 0 0 0 0 0 0
 0 0 0 0 0 0 0 0 0 0 0 0 0 0 0 0 0 0 0 0 0 0 0 0 0 0
 0 0 0 0 0 0 0 0 0 0 0 0 0 0 0 0 0 0 0 0 0 0 0 0 0 0
 0 0 0 0 0 0 0 0 0 0 0 0 0 0 0 0 0 0 0 0 0 0 0 0 0 0
 0 0 0 0 0 0 0 0 0 0 0 0 0 0 0 0 0 0 0 0 0 0 0 0 0 0
 0.00862536 0 0 0.000197151 0.00414017 0.0128641 0.00837892 0.0270097 0.101434 0.158115 0.152841 0.127902 0.109271 0.109419 0.0830992 0.0579132 0.0238553 0.00714673 0.00463305 0.00128148 0.00103504 0.000492878 0.000147863 0.000147863 4.92878e-05 0
 0 0 0 0 0 0 0 0 0 0 0 0 0 0 0 0 0 0 0 0 0 0 0 0 0 0
 0 0 0 0 0 0 0 0.0054083 0.00873648 0.0413646 0.0450493 0.0745869 0.0622846 0.0627006 0.0613931 0.0827291 0.12552 0.122667 0.0946155 0.0697135 0.0546179 0.0294188 0.0215738 0.0213955 0.0102223 0.00600262
 0 0 0 0 0.00359764 0.0251062 0.0480494 0.140153 0.205849 0.193036 0.1447 0.116669 0.0760912 0.0342217 0.00950174 0.001854 0.000860785 0 0 0 0.000165536 0 0.000143464 0 0 0
 0 0 0 0 0 0 0 0.000145254 0.000435761 0.0275982 0.070085 0.0708112 0.156366 0.174668 0.174014 0.160142 0.0824315 0.0480064 0.0283245 0.00493863 0.00203355 0 0 0 0 0
 0 0 0 0 0 0 0 0 0 0 0 0 0 0 0 0 0 0 0 0 0 0 0 0 0 0
 0 0 1.00437e-05 0.000401748 0.00122533 0.00171747 0.00176769 0.0269171 0.070346 0.194647 0.189555 0.159765 0.064822 0.0314167 0.0384472 0.0292271 0.0345202 0.0313363 0.0194345 0.0106764 0.0143323 0.0359363 0.0279516 0.0138201 0.00172751 0
 0 0.0021121 0.0136068 0.0755702 0.200478 0.177729 0.0527432 0.0373336 0.0318909 0.0142505 0.0149659 0.0166563 0.0217959 0.0798694 0.0677717 0.0528807 0.04013 0.0224614 0.0357745 0.0225083 0.00881397 0.00855152 0.00135912 0.000746735 0 0
 0 0 0 0 5.4009e-05 0.00500934 0.000945158 0.0243581 0.138947 0.33067 0.221406 0.137944 0.0707744 0.0437923 0.0131692 0.00525238 0.0047753 0.00276346 9.45158e-05 9.00151e-06 2.25038e-05 9.00151e-06 4.50075e-06 0 0 0
 0.000866109 0.00284123 0.00948549 0.0512746 0.133035 0.25785 0.225252 0.132002 0.0553304 0.0519788 0.0540692 0.017754 0.00435017 0.00159236 0.00146478 0.000404838 0.000125132 0.000115318 0.000107957 0.000100596 0 0 0 0 0 0
 0 0 0 0 0.00144013 0.00171154 0.00461396 0.0210425 0.0478622 0.0707936 0.0888783 0.103762 0.0637923 0.0337046 0.0602308 0.124433 0.169614 0.0934646 0.0462172 0.0250306 0.0313229 0.00938855 0.002487 0.000210481 0 0
 0 0.00764035 0.051015 0.0998891 0.058973 0.0496711 0.0374665 0.0718981 0.12319 0.153886 0.159021 0.0857701 0.0377988 0.023471 0.0147837 0.00900784 0.00315554 0.000888139 0.00291439 0.00214683 0.00393193 0.00274676 0.000635225 9.99891e-05 0 0
 0 0 0 0 0 0 0 0 0 0 0 0 0 0 0 0 0 0 0 0 0 0 0 0 0 0
 0 0 0 0 0 0 0 0 0 0 0 0 0 0 0 0 0 0 0 0 0 0 0 0 0 0
 0 0 0 0 0 0 0 0 0 0 0 0 0 0 0 0 0 0 0 0 0 0 0 0 0 0
 0 0 0 0 0 0 0 0 0 0 0 0 0 0 0 0 0 0 0 0 0 0 0 0 0 0
 0 0 0 0 0 0 0 0 0 0 0 0 0 0 0 0 0 0 0 0 0 0 0 0 0 0
 0 0 0 0 0 0 0 0 0 0 0 0 0 0 0 0 0 0 0 0 0 0 0 0 0 0
 0 0 0 0 0 0 0 0 0 0 0 0 0 0 0 0 0 0 0 0 0 0 0 0 0 0
 0 0 0 0 0 0 0 0 0 0 0 0 0 0 0 0 0 0 0 0 0 0 0 0 0 0
 0 0 0 0 0 0 0 0 0 0 0 0 0 0 0 0 0 0 0 0 0 0 0 0 0 0
ppred_pel_tallas
 1.09593e-16 5.03499e-05 0.000489419 0.00325236 0.0147848 0.046001 0.0980103 0.143051 0.143061 0.0980603 0.0461699 0.0152779 0.00450935 0.00329655 0.00556615 0.0096025 0.0149433 0.0211084 0.0275556 0.0338972 0.0398814 0.0450857 0.0486679 0.0495483 0.0469908 0.0411384
 1.1531e-16 4.28109e-05 0.000416137 0.00276538 0.012571 0.0391133 0.0833361 0.121638 0.121667 0.0834779 0.0395895 0.0139473 0.00622302 0.00797486 0.0144317 0.0238856 0.034646 0.044128 0.0497818 0.050576 0.047664 0.043584 0.0406056 0.0394951 0.0394558 0.0389848
 1.09805e-16 5.89342e-05 0.000572861 0.00380687 0.0173055 0.0538438 0.11472 0.167441 0.167456 0.114793 0.0540885 0.0180135 0.00558915 0.00448071 0.0075314 0.0124919 0.018308 0.0237027 0.0274174 0.0288949 0.0285834 0.0275406 0.0266684 0.0261989 0.0257481 0.0247441
 1.0379e-16 6.6548e-05 0.000646871 0.00429868 0.0195412 0.0608 0.129541 0.189072 0.189086 0.129608 0.0610233 0.0201864 0.00591904 0.00418718 0.0067995 0.0111607 0.0161322 0.0204215 0.0227647 0.0225969 0.0203869 0.0173036 0.0144867 0.0124891 0.0112197 0.0102623
 1.02631e-16 6.11573e-05 0.000594471 0.00395047 0.0179583 0.055875 0.119048 0.173759 0.173779 0.119148 0.0562097 0.0189252 0.00637784 0.00589453 0.0101301 0.0166588 0.0240115 0.0302372 0.0333884 0.0325667 0.0284493 0.0228146 0.0174637 0.0133799 0.0106132 0.00870595
 1.02063e-16 6.7241e-05 0.000653607 0.00434345 0.0197447 0.0614331 0.13089 0.191041 0.191054 0.130956 0.0616525 0.0203789 0.00593669 0.00413611 0.00669413 0.0109941 0.0159096 0.0201702 0.0225232 0.0223818 0.0201524 0.0169197 0.0137579 0.0112177 0.00928954 0.00770241
 1.03241e-16 5.09646e-05 0.000495394 0.00329207 0.0149653 0.0465627 0.099208 0.144803 0.144834 0.0993574 0.0470645 0.0164147 0.00693064 0.00843944 0.0151412 0.0249586 0.0359672 0.0452681 0.0499368 0.04862 0.0423297 0.033734 0.0255409 0.0192387 0.0149212 0.0119252
 1.06547e-16 4.7893e-05 0.000465537 0.00309366 0.0140634 0.0437564 0.0932287 0.136075 0.136102 0.0933565 0.0441859 0.0153056 0.00621851 0.00730895 0.0131088 0.0217628 0.0317349 0.0407201 0.0463731 0.0475738 0.04501 0.0405408 0.0359022 0.0318215 0.0280782 0.0241655
 1.07445e-16 5.6394e-05 0.00054817 0.00364278 0.0165596 0.0515231 0.109776 0.160225 0.160243 0.109865 0.051823 0.0174271 0.00582521 0.00532871 0.00918376 0.015221 0.0222236 0.0285913 0.0327296 0.0339155 0.032688 0.0303761 0.0281596 0.0264279 0.0248338 0.0228057
 1.03235e-16 6.87899e-05 0.000668663 0.0044435 0.0201995 0.0628482 0.133905 0.195441 0.195452 0.133961 0.063034 0.0207364 0.00579236 0.00361713 0.00568009 0.00931249 0.0134827 0.0171155 0.0191669 0.0191668 0.0174903 0.0150802 0.0128463 0.0112162 0.0101025 0.00917264
 1.01048e-16 7.26159e-05 0.000705852 0.00469064 0.021323 0.0663437 0.141353 0.20631 0.20632 0.1414 0.0665027 0.0217821 0.0058431 0.00322134 0.00484902 0.00789898 0.011366 0.0142812 0.0157103 0.0152245 0.0131519 0.0103535 0.00770745 0.0057028 0.00437623 0.00351014
 1.00814e-16 6.88441e-05 0.000669189 0.004447 0.0202154 0.0628977 0.134011 0.195596 0.19561 0.134079 0.0631283 0.0208814 0.00611816 0.00431584 0.00698999 0.0114349 0.0164372 0.020609 0.022584 0.0217293 0.0185188 0.0142124 0.0101106 0.00696111 0.00485787 0.00351765
 1.01602e-16 5.98381e-05 0.000581647 0.00386525 0.0175709 0.0546697 0.11648 0.170011 0.170034 0.11659 0.0550379 0.0186345 0.00653523 0.00641063 0.0111312 0.0183097 0.0263743 0.0331719 0.0365432 0.0354799 0.0307104 0.0241859 0.0179034 0.0129862 0.00955245 0.00717081
 1.02306e-16 6.3346e-05 0.000615746 0.00409185 0.018601 0.0578746 0.123309 0.179976 0.179993 0.123391 0.0581523 0.0194034 0.00610788 0.00502239 0.00844882 0.0139101 0.0201309 0.0255203 0.0284916 0.0282983 0.0254485 0.0213088 0.0172355 0.0139289 0.0113883 0.00928876
 1.00764e-16 7.57965e-05 0.000736769 0.00489609 0.0222569 0.0692496 0.147544 0.215346 0.215352 0.147574 0.0693514 0.022551 0.00563441 0.00234926 0.00314038 0.00507736 0.00731997 0.00923255 0.0102222 0.0100156 0.00881399 0.00714813 0.00555239 0.00431392 0.00344265 0.00280403
 1.00143e-16 7.8923e-05 0.00076716 0.00509804 0.023175 0.072106 0.15363 0.224228 0.224231 0.153648 0.0721674 0.0233524 0.00554319 0.00173806 0.00192033 0.00304315 0.0043605 0.0054503 0.00594147 0.00566452 0.00474965 0.00354189 0.00240025 0.00153539 0.000978368 0.000651835
 1.00798e-16 3.99013e-05 0.000387855 0.00257743 0.0117167 0.0364552 0.0776733 0.113377 0.113424 0.0779066 0.037238 0.0139768 0.00824634 0.012749 0.0234741 0.0386343 0.0553914 0.0691093 0.0750888 0.0711593 0.0589978 0.0430584 0.028006 0.0166232 0.00937891 0.00531091
 1.0106e-16 7.68572e-05 0.000747079 0.0049646 0.0225684 0.0702186 0.149608 0.218358 0.218362 0.149624 0.0702729 0.0227256 0.00536133 0.00161972 0.0017534 0.00282702 0.00418063 0.00549647 0.00649753 0.00704059 0.00716952 0.0070332 0.00674367 0.00630474 0.00565891 0.00478656
 1.01164e-16 5.96144e-05 0.000579474 0.00385081 0.0175052 0.0544654 0.116045 0.169377 0.169402 0.116167 0.0548747 0.0186871 0.00681524 0.00704384 0.012316 0.0202129 0.0289866 0.0361903 0.0393775 0.0374293 0.031237 0.0231351 0.0155498 0.00990004 0.00637623 0.00441745
 1.02191e-16 6.27225e-05 0.000609685 0.00405157 0.0184179 0.0573049 0.122095 0.178205 0.178222 0.122179 0.0575868 0.0192326 0.00609887 0.00508644 0.00858668 0.0141525 0.0205106 0.0260585 0.0291914 0.0291433 0.0264014 0.0223078 0.0181931 0.0147429 0.0119691 0.0095911
 1.0215e-16 6.60848e-05 0.000642368 0.00426876 0.0194052 0.0603768 0.12864 0.187756 0.187771 0.128712 0.0606203 0.0201089 0.00603615 0.00450368 0.00740847 0.0121669 0.0175763 0.0222203 0.0246991 0.0243647 0.021691 0.0179234 0.014302 0.0114725 0.00942826 0.00783925
 1.0169e-16 6.71799e-05 0.000653013 0.0043395 0.0197268 0.0613773 0.130771 0.190868 0.190882 0.130842 0.0616153 0.0204142 0.00606547 0.00442215 0.0072294 0.0118556 0.0170958 0.0215479 0.0238285 0.0232964 0.0204237 0.0164579 0.0126602 0.00971602 0.00766034 0.0061837
 1.04766e-16 3.28747e-05 0.000319553 0.00212355 0.00965337 0.0300355 0.0639955 0.0934134 0.0934613 0.0642298 0.0308222 0.0119261 0.00782934 0.0127786 0.0237045 0.039161 0.0564659 0.0711219 0.0785505 0.0766195 0.0668852 0.0534843 0.0406165 0.0305935 0.0235806 0.0185955
 1.05075e-16 6.599e-05 0.000641446 0.00426264 0.0193773 0.0602901 0.128455 0.187485 0.187493 0.128494 0.0604229 0.0197626 0.0052363 0.0027889 0.00420875 0.00702167 0.0105014 0.0140272 0.0169912 0.0190832 0.0203963 0.0212048 0.0216213 0.0214587 0.0204024 0.0183074
 1.04165e-16 5.93676e-05 0.000577075 0.00383487 0.0174328 0.0542399 0.115565 0.168675 0.168696 0.115671 0.0545976 0.018466 0.00642816 0.00623744 0.0108074 0.017769 0.0255858 0.0321739 0.0354629 0.0345287 0.0301582 0.0243257 0.0190039 0.0152274 0.0129505 0.0115268
 1.06636e-16 4.22585e-05 0.000410767 0.0027297 0.0124088 0.0386086 0.082261 0.12007 0.120104 0.0824292 0.0391734 0.0140412 0.00683153 0.00937914 0.0171159 0.0283364 0.0410653 0.052162 0.0584329 0.0583803 0.0530389 0.0451619 0.0374552 0.0312736 0.0265438 0.0225446
 1.05018e-16 6.55464e-05 0.000637134 0.00423398 0.0192471 0.0598848 0.127591 0.186226 0.186236 0.127642 0.0600566 0.0197443 0.00548662 0.00338681 0.00533237 0.00882915 0.0129884 0.016915 0.0197342 0.0210361 0.0210724 0.0204803 0.0197735 0.0190328 0.0179946 0.0163729
 1.03284e-16 6.32331e-05 0.000614648 0.00408455 0.0185678 0.0577714 0.123089 0.179655 0.179674 0.123177 0.0580672 0.019422 0.00622871 0.0052957 0.00895464 0.0147078 0.0211926 0.0266806 0.0294608 0.0287616 0.025214 0.020422 0.0159916 0.01277 0.010737 0.00939756
 1.05906e-16 3.88883e-05 0.000378008 0.002512 0.0114192 0.0355296 0.0757011 0.110496 0.110536 0.0758944 0.0361788 0.0132949 0.00722291 0.0106713 0.0196148 0.0324365 0.0468869 0.0593044 0.0659653 0.0651314 0.0580433 0.0479953 0.0382799 0.0306308 0.0250701 0.0207685
 1.10027e-16 4.90993e-05 0.000477263 0.00317158 0.0144176 0.0448585 0.0955764 0.139501 0.13952 0.0956695 0.0451718 0.0153253 0.00546086 0.00551038 0.00971257 0.0162534 0.0240515 0.0315947 0.037344 0.0405558 0.0416085 0.0414938 0.0409284 0.0398689 0.0377539 0.0341262
 1.05767e-16 6.59097e-05 0.000640665 0.00425745 0.0193537 0.0602168 0.128299 0.187258 0.18727 0.128356 0.0604105 0.0199139 0.00566563 0.00372231 0.00594132 0.0097793 0.0142298 0.0182191 0.0207106 0.021259 0.0202708 0.0186915 0.0173683 0.0165924 0.0161004 0.015408
 1.06029e-16 4.59236e-05 0.000446394 0.00296645 0.0134851 0.0419572 0.0893955 0.130483 0.130517 0.0895643 0.0425237 0.0151214 0.00707428 0.00941505 0.0170829 0.0281797 0.0406177 0.0511439 0.0564782 0.0551266 0.0482752 0.038977 0.0303055 0.0239096 0.0198043 0.0171043
 1.04205e-16 6.55375e-05 0.000637048 0.00423341 0.0192445 0.0598767 0.127574 0.1862 0.186212 0.127629 0.0600627 0.0197829 0.00558923 0.0036109 0.00575478 0.00951819 0.0139575 0.0180804 0.020908 0.0219712 0.0215386 0.0203315 0.0189775 0.0176639 0.0162079 0.014372
pSPR Fmed_Fpbrs
1   0.984384 0.6 0.325 0.984384 0.984384 0.984384
Fs Fmed_Fpbrs
0   0.01 0.374522 0.981853 0.01 0.01 0.01
SSBpbr Bo_Bmed_Bpbrs
792997  753347  740964 436148 218074 740964 740964 740964
Ro
141063
SPR SPRFo_SPRFmed_SPRFpbrs
1.01626e+06 1.01626e+06 1.0004e+06
Fref
0
Nvult_r0
 118858 21980 13828.5 1986.72 1262.79
CTP_r0
 17025.9 5934.79 3916.2 564.085 358.59
YTP_r0
356508
Np
 172567 63484 23354.4 8591.62 4323.43
Nvult_p0
 109083 40129.5 14762.8 5430.94 2732.93
CTP_p0
 0 0 0 0 0
 0 0 0 0 0
 0 0 0 0 0
 0 0 0 0 0
 0 0 0 0 0
 0 0 0 0 0
YTP_p0
 0 0 0 0 0 0
CBA_c0
0
log_Ro
11.677
likeval ReclasPelacesDesembMPH_pf_preclas_ppelaces_ptallas_desvR_qrecl_qpela
 14.9804 17.2669 0.036053 28.9926 235.577 135.13 111.332 0 23.1239 2.5854e-06 9.82473e-06 0.165824 2063.44 0 0
q_reclas_q_pelaces
1.25532 1.5578
M
1
N
 173925 31561.6 84680.7 5646.28 0.228371
 84258 57816.4 9278.73 24517.6 1633.43
 101660 25776.5 14144 2207.67 6212.28
 133673 31199.8 6350.68 3390.81 2015.32
 117403 36311.9 5868.15 1141.08 968.809
 193017 39255.4 10813.8 1722.56 618.829
 75904.6 58427.8 9381.39 2509.45 542.431
 37417.7 18384.1 8525.76 1285.32 416.633
 35589.8 12821.8 5780.16 2652.06 529.094
 48622.6 9874 2526.81 1091.66 599.35
 99479.5 12213.2 1561.71 377.308 251.671
 142609 33540.5 3704.75 467.542 188.16
 90360.4 38474.7 6213.54 654.974 115.613
 53639.9 24711.8 7344.94 1134.32 140.319
 90575.5 9658.31 1871.41 499.427 86.1424
 372815 21586.1 1359.9 246.802 76.9383
 78572 95103.4 3532.87 210.614 49.9814
 536138 24143.5 23494.4 849.397 62.5574
 329417 156454 5320.65 4999.92 193.692
 304497 90343.2 30054.3 977.809 952.076
 379867 86949.3 18976.1 6076.18 389.31
 498176 115499 20984 4449.91 1513.7
 103019 143898 24884.1 4359.1 1236.27
 287650 33351.9 39900.3 6768.25 1520.22
 263739 92351 9078.64 10640.5 2207.76
 114292 85850.9 25917.9 2501.31 3536.19
 252263 38313.9 25713.1 7654.61 1781.67
 302402 81342.1 10529.9 6927.72 2539.48
 107127 99391.6 23321.2 2968.11 2665.98
 101137 36359.6 30595.8 7092.33 1712.21
 188472 33435.7 10560 8743.97 2513.94
 86199.4 58773.2 8533.73 2628.88 2798.64
 172567 29469.3 18384.3 2640.02 1678
pred_Ctot
 10685 4081.11 11624.7 777.628 0.0314576
 9105.91 12654.7 2146.19 5687.97 379.007
 10809.8 5559.15 3224.11 504.749 1420.56
 22655.1 10170.9 2174.75 1164.25 692.067
 6814.19 4448.35 763.442 148.939 126.476
 21961.2 9002.94 2619.38 418.486 150.364
 16955.8 23974.9 4023.02 1078.68 233.192
 1630.38 1710.8 843.798 127.636 41.3799
 5659.1 3956.48 1875.51 862.861 172.168
 10055.8 3804.84 1019.17 441.395 242.369
 5288.56 1375.88 186.933 45.312 30.2292
 24648.7 11119 1289.73 163.194 65.6858
 15014.5 12331.5 2092.66 221.18 39.0473
 18328.5 13989.5 4299.11 665.117 82.2845
 20884.2 4065.41 822.672 220.061 37.9613
 74426.5 8078.74 533.092 96.9901 30.2398
 8302.63 20393.9 800.781 47.8827 11.365
 71406.5 6377.35 6542.09 237.192 17.4717
 54276.8 49782.3 1779.23 1676.47 64.954
 43972.5 25631.7 8978.94 292.944 285.277
 42314.8 19562.1 4510.18 1448.47 92.8199
 68995.7 31583.4 6045.83 1285.72 437.42
 7894.42 22921.7 4201.85 738.397 209.449
 23403.1 5618.59 7122.06 1211.91 272.251
 19391.7 14150.9 1475.1 1734.38 359.921
 6461.15 10256.3 3288.79 318.439 450.266
 19905.5 6272.64 4461.44 1332.34 310.163
 20560.6 11578.2 1590.17 1049.56 384.8
 5275.6 10405.4 2595.17 331.387 297.706
 6535.88 4932.72 4405.25 1024.47 247.367
 18394.3 6666.76 2227.38 1849.97 531.961
 3875.01 5636.42 870.265 268.989 286.41
 17025.9 5934.79 3916.2 564.085 358.59
F
 0.101352 0.224216 0.239496 0.240358 0.240404
 0.184421 0.407983 0.435787 0.437356 0.437439
 0.18122 0.400901 0.428222 0.429764 0.429845
 0.303255 0.670871 0.716591 0.71917 0.719307
 0.0955256 0.211325 0.225727 0.22654 0.226582
 0.194988 0.43136 0.460757 0.462416 0.462504
 0.417993 0.9247 0.987718 0.991273 0.991461
 0.0709929 0.157053 0.167756 0.16836 0.168392
 0.282155 0.624193 0.666732 0.669132 0.669259
 0.38157 0.844124 0.901651 0.904897 0.905068
 0.0871974 0.192901 0.206047 0.206789 0.206828
 0.310104 0.686024 0.732776 0.735414 0.735553
 0.296528 0.655989 0.700695 0.703217 0.703351
 0.714475 1.58059 1.6883 1.69438 1.6947
 0.434134 0.960408 1.02586 1.02955 1.02975
 0.366118 0.80994 0.865137 0.868252 0.868416
 0.179999 0.398201 0.425339 0.42687 0.426951
 0.231631 0.512422 0.547343 0.549313 0.549417
 0.29371 0.649755 0.694036 0.696534 0.696666
 0.253334 0.560435 0.598629 0.600784 0.600898
 0.190562 0.421567 0.450297 0.451918 0.452004
 0.24185 0.53503 0.571492 0.573549 0.573658
 0.127798 0.28272 0.301987 0.303074 0.303132
 0.136147 0.30119 0.321716 0.322874 0.322935
 0.122348 0.270663 0.289109 0.290149 0.290204
 0.0929436 0.205613 0.219626 0.220416 0.220458
 0.131811 0.291596 0.311468 0.31259 0.312649
 0.112691 0.2493 0.26629 0.267248 0.267299
 0.080554 0.178204 0.190349 0.191034 0.19107
 0.106855 0.236389 0.252499 0.253408 0.253456
 0.165262 0.365598 0.390514 0.391919 0.391994
 0.0733139 0.162188 0.173241 0.173864 0.173897
 0.167196 0.369878 0.395085 0.396507 0.396583
YTP_r0W_actual
 128375 103562 94262.8 17667.1 12640.3
YTP_p0W_proyectada
 0 0 0 0 0
 0 0 0 0 0
 0 0 0 0 0
 0 0 0 0 0
 0 0 0 0 0
 0 0 0 0 0
CTP_r0_actual
 17025.9 5934.79 3916.2 564.085 358.59
CTP_p0_proyectada
 0 0 0 0 0
 0 0 0 0 0
 0 0 0 0 0
 0 0 0 0 0
 0 0 0 0 0
 0 0 0 0 0
Wmedp
 7.54 17.45 24.07 31.32 35.25
Frms_r0
 0.167196 0.369878 0.395085 0.396507 0.396583
Zrms_r0
 1.1672 1.36988 1.39509 1.39651 1.39658
nmprior
 7.29 8.9 8.7 0
nm_flota  nm_reclas  nm_pelaces    nm_pelaL
inf 12.0727 22.2824 77.1163
cv_recla  cv_pelaces  cv_mph
0.335192 0.455195 0.719531
 ------------------------------------------------
Talla a la edad & desviaci?n 
 8 13.2811 15.8009 17.003 17.5766
 0.8 1.32811 1.58009 1.7003 1.75766
