years
 1991 1992 1993 1994 1995 1996 1997 1998 1999 2000 2001 2002 2003 2004 2005 2006 2007 2008 2009 2010 2011 2012 2013 2014 2015 2016 2017 2018 2019 2020 2021 2022 2023
reclasobs
 0 0 0 0 0 0 0 0 0 252601 567819 844713 477998 351125 339783 2.1784e+06 2.13404e+06 4.81314e+06 1.55562e+06 2.62356e+06 3.21686e+06 3.843e+06 1.13348e+06 3.07943e+06 1.97215e+06 2.03268e+06 2.025e+06 2.42433e+06 2.27542e+06 1.05018e+06 2.36338e+06 3.18982e+06 1.53035e+06
reclaspred
 3.22376e+06 1.67578e+06 846941 673537 625909 2.02056e+06 949479 733157 493437 266553 519507 947133 860768 358661 589404 1.56513e+06 1.15273e+06 3.36441e+06 2.47773e+06 2.00481e+06 3.38344e+06 2.78957e+06 1.9039e+06 3.02649e+06 2.2579e+06 1.93224e+06 2.37382e+06 2.88609e+06 2.33372e+06 1.56578e+06 1.76722e+06 1.69382e+06 1.15455e+06
pelacesobs
 0 0 0 0 0 0 0 0 0 0 0 0 0 0 0 552880 188675 0 991730 2.46772e+06 1.41603e+06 1.21717e+06 2.29649e+06 1.80582e+06 0 1.4828e+06 1.56532e+06 1.57751e+06 1.42118e+06 867257 1.10002e+06 1.06204e+06 0
pelacespred
 1.84582e+06 975258 451707 275519 310992 1.09196e+06 425416 480404 257374 115827 283975 443286 450260 153768 302133 691340 551272 1.82472e+06 1.33658e+06 936316 1.75897e+06 1.42863e+06 1.07836e+06 1.85323e+06 1.32851e+06 1.16591e+06 1.59298e+06 1.73015e+06 1.38834e+06 1.01143e+06 907101 981270 605259
mphobs
 0 0 0 0 0 0 0 0 0 0 0 0 498337 0 5186 125008 0 168611 109162 213762 579715 649985 157893 87575 83554 210694 70296 0 107559 103333 445601 22526 28222
mphpred
 589832 369531 166213 90563.1 69363.9 88992 237792 94249.4 77729.9 39086.6 20665 75972.1 115733 64696 19253.8 55205.1 200112 131499 367600 361133 444570 501697 113829 79348.3 135136 105704 84429.3 102219 166321 111495 59447.7 89218.7 50286.6
desembarqueobs
 494567 514787 250237 358949 120608 361735 552515 73892 212993 205616 52469 317467 293654 387597 252695 516296 358380 742168 942051 627588 828172 859565 418607 520667 417249 300574 415391 372974 316634 284311 391294 218835 356480
desembarquepred
 494534 514480 250134 358947 120602 361654 552270 73892.8 212992 205607 52467.9 317389 293605 387357 252543 516004 358349 741727 941156 626937 828153 859185 418518 520616 417107 300515 415293 372843 316522 284166 391091 218836 356474
Reclutas
 131060 89667.4 82215.2 77535.3 63904.3 220410 53927.9 21765.8 27487 36048.6 63877.2 132823 82769.1 47737 66687.5 281100 42646.4 442143 243683 246875 269482 391385 57373.9 194080 175381 65417.9 163752 202287 64508.5 66094.4 126848 43437.6 85502
log_desv_Rt
 0.277847 -0.1017 -0.188468 -0.247074 -0.440421 0.79768 -0.61016 -1.51747 -1.28409 -1.01294 -0.440846 0.29121 -0.181753 -0.732101 -0.39779 1.0409 -0.844866 1.49382 0.898059 0.911074 0.998695 1.37188 -0.548219 0.670462 0.569154 -0.417012 0.500548 0.711881 -0.431011 -0.406724 0.245178 -0.826484 -0.149268
SSB
 1.07812e+06 675442 303809 165535 126786 162663 434645 172272 142077 71443.8 37772.2 138865 199135 113812 33356.3 96372.7 365772 240359 700657 416005 528239 637211 627205 418298 656317 549515 410748 474051 803003 501754 317008 479657 252226
BT
 1.66474e+06 1.15781e+06 535351 487130 323373 1.18252e+06 773688 414262 402535 280834 270853 606786 597664 510740 498020 982504 662745 2.13607e+06 1.88122e+06 1.24037e+06 2.02273e+06 1.85169e+06 1.09854e+06 1.93788e+06 1.33062e+06 1.08301e+06 1.66011e+06 1.67061e+06 1.18877e+06 988487 1.02801e+06 855311 776909
Ftot
 0.406451 0.778428 0.778341 1.4955 0.593767 0.676777 1.35432 0.292196 1.28015 2.16856 0.403647 1.12296 1.01434 2.82842 1.67972 1.29826 0.800557 0.852468 1.0945 1.01 0.77977 0.969326 0.567075 0.60191 0.538874 0.427441 0.595709 0.456861 0.341424 0.503256 0.745462 0.343512 0.959852
BD_Bspro_t
 0.937037 0.635678 0.381865 0.274953 0.214491 0.307906 0.450029 0.222196 0.246545 0.168454 0.12868 0.426483 0.37186 0.213241 0.0788 0.194813 0.359955 0.262848 0.43062 0.291293 0.29791 0.334579 0.358496 0.303479 0.437938 0.454445 0.438581 0.503672 0.610875 0.50423 0.425441 0.491572 0.436499
BD_Bspro
 1.50754 0.944476 0.42482 0.231469 0.177286 0.227453 0.607768 0.24089 0.198668 0.0999006 0.0528172 0.194176 0.278453 0.159144 0.0466425 0.134759 0.511463 0.336097 0.979736 0.581704 0.738642 0.891018 0.877026 0.58491 0.917734 0.768392 0.574352 0.66287 1.12285 0.701607 0.443276 0.670708 0.35269
BD_Bo
 2.74117 1.71735 0.772451 0.42088 0.32236 0.413579 1.10511 0.438012 0.361239 0.18165 0.0960377 0.353071 0.506312 0.289373 0.0848102 0.245033 0.929995 0.611126 1.78146 1.05772 1.34308 1.62014 1.5947 1.06354 1.66872 1.39717 1.04435 1.2053 2.04168 1.27574 0.80601 1.21955 0.641299
BD_Brms
 2.93633 1.83961 0.827447 0.450845 0.34531 0.443024 1.18379 0.469197 0.386958 0.194582 0.102875 0.378208 0.54236 0.309975 0.0908484 0.262478 0.996207 0.654636 1.90829 1.13302 1.4387 1.73549 1.70824 1.13926 1.78753 1.49664 1.1187 1.29111 2.18704 1.36656 0.863395 1.30638 0.686957
Sel_flota
 0.463342 1 1 1 1
 0.463342 1 1 1 1
 0.463342 1 1 1 1
 0.463342 1 1 1 1
 0.463342 1 1 1 1
 0.463342 1 1 1 1
 0.463342 1 1 1 1
 0.463342 1 1 1 1
 0.463342 1 1 1 1
 0.463342 1 1 1 1
 0.463342 1 1 1 1
 0.463342 1 1 1 1
 0.463342 1 1 1 1
 0.463342 1 1 1 1
 0.463342 1 1 1 1
 0.463342 1 1 1 1
 0.463342 1 1 1 1
 0.463342 1 1 1 1
 0.463342 1 1 1 1
 0.463342 1 1 1 1
 0.463342 1 1 1 1
 0.463342 1 1 1 1
 0.463342 1 1 1 1
 0.463342 1 1 1 1
 0.463342 1 1 1 1
 0.463342 1 1 1 1
 0.463342 1 1 1 1
 0.463342 1 1 1 1
 0.463342 1 1 1 1
 0.463342 1 1 1 1
 0.463342 1 1 1 1
 0.463342 1 1 1 1
 0.463342 1 1 1 1
Sel_reclas
 0.913274 1 1 1 1
 0.913274 1 1 1 1
 0.913274 1 1 1 1
 0.913274 1 1 1 1
 0.913274 1 1 1 1
 0.913274 1 1 1 1
 0.913274 1 1 1 1
 0.913274 1 1 1 1
 0.913274 1 1 1 1
 0.913274 1 1 1 1
 0.913274 1 1 1 1
 0.913274 1 1 1 1
 0.913274 1 1 1 1
 0.913274 1 1 1 1
 0.913274 1 1 1 1
 0.913274 1 1 1 1
 0.913274 1 1 1 1
 0.913274 1 1 1 1
 0.913274 1 1 1 1
 0.913274 1 1 1 1
 0.913274 1 1 1 1
 0.913274 1 1 1 1
 0.913274 1 1 1 1
 0.913274 1 1 1 1
 0.913274 1 1 1 1
 0.913274 1 1 1 1
 0.913274 1 1 1 1
 0.913274 1 1 1 1
 0.913274 1 1 1 1
 0.913274 1 1 1 1
 0.913274 1 1 1 1
 0.913274 1 1 1 1
 0.913274 1 1 1 1
Sel_pelaces
 0.762628 1 1 1 1
 0.762628 1 1 1 1
 0.762628 1 1 1 1
 0.762628 1 1 1 1
 0.762628 1 1 1 1
 0.762628 1 1 1 1
 0.762628 1 1 1 1
 0.762628 1 1 1 1
 0.762628 1 1 1 1
 0.762628 1 1 1 1
 0.762628 1 1 1 1
 0.762628 1 1 1 1
 0.762628 1 1 1 1
 0.762628 1 1 1 1
 0.762628 1 1 1 1
 0.762628 1 1 1 1
 0.762628 1 1 1 1
 0.762628 1 1 1 1
 0.762628 1 1 1 1
 0.762628 1 1 1 1
 0.762628 1 1 1 1
 0.762628 1 1 1 1
 0.762628 1 1 1 1
 0.762628 1 1 1 1
 0.762628 1 1 1 1
 0.762628 1 1 1 1
 0.762628 1 1 1 1
 0.762628 1 1 1 1
 0.762628 1 1 1 1
 0.762628 1 1 1 1
 0.762628 1 1 1 1
 0.762628 1 1 1 1
 0.762628 1 1 1 1
pf_obs 
 0.8446 0.082 0.0669 0.0065 0
 0.8095 0.147 0.0364 0.0071 0
 0.9664 0.0169 0.016 0.0007 0
 0.9276 0.0648 0.0075 0.0001 0
 0.7033 0.2144 0.0806 0.0017 0
 0.9318 0.0425 0.0243 0.0014 0
 0.5671 0.3108 0.0964 0.0239 0.0018
 0.0768 0.2599 0.5324 0.112 0.0189
 0.490249 0.384438 0.106611 0.0170017 0.00170017
 0.7925 0.1577 0.0466 0.003 0.0002
 0.840416 0.127587 0.0312969 0.00059994 9.999e-05
 0.8084 0.0986 0.0794 0.0134 0.0002
 0.7335 0.1905 0.0724 0.0035 0.0001
 0.4001 0.4547 0.1325 0.0127 0
 0.49795 0.308269 0.164784 0.0264974 0.00249975
 0.9179 0.0499 0.0305 0.0017 0
 0.2467 0.6533 0.0926 0.0074 0
 0.9418 0.0223 0.034 0.0019 0
 0.707729 0.231977 0.0356964 0.0245975 0
 0.517169 0.277429 0.184464 0.0207286 0.00020938
 0.811772 0.124168 0.05621 0.00726502 0.000585176
 0.764997 0.148141 0.077277 0.00933861 0.000247198
 0.163321 0.427699 0.378323 0.0303852 0.000271297
 0.753843 0.0900009 0.118128 0.0371064 0.000921714
 0.721811 0.176058 0.0630433 0.0369309 0.00215725
 0.143369 0.312575 0.442814 0.0836902 0.0175525
 0.692698 0.0596174 0.167031 0.0765114 0.00414204
 0.394062 0.376323 0.152708 0.0712218 0.00568511
 0.125707 0.32114 0.495352 0.0537591 0.00404204
 0.23352 0.215282 0.420074 0.123614 0.00750983
 0.796117 0.104755 0.0508955 0.0450114 0.00322123
 0.162477 0.292055 0.404252 0.121198 0.0200186
 0 0 0 0 0
pf_pred 
 0.467445 0.183655 0.316429 0.0324705 1.13992e-06
 0.454045 0.373277 0.059549 0.1026 0.0105288
 0.575425 0.297115 0.0871464 0.0139025 0.0264115
 0.638721 0.285991 0.0526859 0.0154532 0.00714867
 0.670305 0.285702 0.0348253 0.00641559 0.00275225
 0.846863 0.128978 0.0209348 0.00255183 0.000671774
 0.336708 0.621707 0.0350247 0.00568495 0.000875385
 0.39289 0.387491 0.20585 0.0115968 0.00217216
 0.583402 0.252207 0.104924 0.0557395 0.00372833
 0.7789 0.182513 0.0233607 0.00971859 0.00550822
 0.862494 0.129889 0.00628774 0.000804799 0.000524578
 0.786112 0.200872 0.0122947 0.000595171 0.000125833
 0.596993 0.371256 0.0298195 0.00182515 0.000107033
 0.592223 0.333972 0.0679896 0.00546096 0.000353849
 0.887978 0.101223 0.00884454 0.00180056 0.000153993
 0.934513 0.0634617 0.00182972 0.000159875 3.53306e-05
 0.286265 0.699326 0.0139631 0.000402583 4.29498e-05
 0.922526 0.0411548 0.0355857 0.000710522 2.26713e-05
 0.552613 0.434705 0.00673664 0.00582503 0.000120017
 0.672207 0.260729 0.0651629 0.00100983 0.000891172
 0.68882 0.268284 0.0341199 0.00852744 0.000248772
 0.732095 0.230735 0.0320469 0.00407567 0.00104833
 0.224824 0.691006 0.0724911 0.0100684 0.00160984
 0.729551 0.11631 0.137402 0.0144144 0.00232213
 0.595954 0.354187 0.0214425 0.0253309 0.00308548
 0.343198 0.519976 0.119942 0.0072613 0.00962292
 0.710396 0.163472 0.0998565 0.0230338 0.00324246
 0.661492 0.293045 0.0256623 0.0156758 0.00412492
 0.307174 0.575307 0.101735 0.00890908 0.00687413
 0.464496 0.276604 0.214985 0.0380173 0.00589799
 0.709439 0.199978 0.0467889 0.0363658 0.00742848
 0.363546 0.554473 0.0564231 0.0132013 0.0123564
 0.670209 0.191072 0.120851 0.0122978 0.00557048
pobs_RECLAS
 0 0 0 0 0
 0 0 0 0 0
 0 0 0 0 0
 0 0 0 0 0
 0 0 0 0 0
 0 0 0 0 0
 0 0 0 0 0
 0 0 0 0 0
 0 0 0 0 0
 0 0 0 0 0
 0.991045 0.00858322 0.000360255 1.14367e-05 0
 0.934742 0.0480273 0.0164251 0.00080598 0
 0.827803 0.169806 0.00239088 0 0
 0.941827 0.0461693 0.0120037 0 0
 0.791401 0.0380133 0.147996 0.0225897 0
 0.846168 0.0940531 0.0597789 0 0
 0.134021 0.677848 0.182769 0.00536245 0
 0.80878 0.0450904 0.141981 0.00414843 0
 0.846168 0.0940531 0.0597789 0 0
 0.905697 0.0802665 0.012482 0.00150086 5.37128e-05
 0.989698 0.0102097 9.19794e-05 0 0
 0.975433 0.0193895 0.00387452 0.00125025 5.28907e-05
 0.303575 0.632131 0.0575291 0.00676475 0
 0.966965 0.00978017 0.0227588 0.000495775 0
 0.843318 0.132988 0.00938335 0.0141283 0.000182051
 0.564624 0.303363 0.111486 0.0197234 0.00080311
 0.826376 0.0876187 0.0782897 0.00655872 0.00115652
 0.89761 0.0855135 0.0140674 0.00269457 0.000114338
 0.34875 0.467042 0.161289 0.0227151 0.000203297
 0.318654 0.224769 0.449479 0.00709798 0
 0.937255 0.0296025 0.0250945 0.00804832 0
 0.456809 0.399803 0.12412 0.0192676 0
 0.883104 0.0372192 0.0704036 0.00927362 0
ppred_RECLAS
 0.639019 0.124486 0.214484 0.0220094 7.72672e-07
 0.633374 0.250667 0.039989 0.0688993 0.00707039
 0.737898 0.183417 0.0537979 0.0085824 0.0163045
 0.798816 0.159259 0.029339 0.00860541 0.00398086
 0.806116 0.168013 0.0204798 0.00377282 0.00161852
 0.919266 0.0679979 0.0110369 0.00134533 0.000354162
 0.528388 0.442044 0.0249031 0.00404209 0.000622413
 0.564359 0.27805 0.147711 0.00832147 0.00155866
 0.753927 0.148971 0.0619754 0.0329237 0.00220222
 0.89694 0.0850735 0.010889 0.00453006 0.00256751
 0.926728 0.0692132 0.00335051 0.000428848 0.000279529
 0.887645 0.105518 0.00645843 0.000312643 6.61002e-05
 0.758916 0.22209 0.0178384 0.00109183 6.40285e-05
 0.800305 0.163552 0.0332956 0.00267432 0.000173286
 0.948017 0.0469714 0.00410419 0.000835525 7.14583e-05
 0.969028 0.0300143 0.00086537 7.56129e-05 1.67097e-05
 0.45499 0.534008 0.0106623 0.000307414 3.27966e-05
 0.961397 0.0205065 0.0177316 0.000354037 1.12966e-05
 0.725803 0.266425 0.0041288 0.00357009 7.35566e-05
 0.813291 0.14851 0.0371165 0.000575196 0.000507608
 0.821389 0.153989 0.0195841 0.00489457 0.00014279
 0.85252 0.127018 0.0176417 0.00224363 0.0005771
 0.371808 0.559983 0.0587459 0.00815927 0.00130459
 0.846629 0.0659595 0.0779205 0.00817438 0.00131688
 0.750214 0.218962 0.013256 0.0156598 0.00190747
 0.51347 0.385175 0.0888479 0.00537886 0.00712824
 0.833809 0.0938094 0.0573033 0.0132181 0.00186071
 0.798187 0.174709 0.0152995 0.00934566 0.00245921
 0.470985 0.439282 0.0776812 0.00680263 0.00524882
 0.637881 0.187045 0.145377 0.025708 0.00398834
 0.834903 0.113627 0.0265855 0.020663 0.00422086
 0.534272 0.405738 0.0412878 0.00966014 0.00904185
 0.811136 0.109423 0.0692088 0.00704267 0.00319009
pobs_PELACES
 0 0 0 0 0
 0 0 0 0 0
 0 0 0 0 0
 0 0 0 0 0
 0 0 0 0 0
 0 0 0 0 0
 0 0 0 0 0
 0 0 0 0 0
 0 0 0 0 0
 0 0 0 0 0
 0 0 0 0 0
 0 0 0 0 0
 0 0 0 0 0
 0 0 0 0 0
 0 0 0 0 0
 0 0 0 0 0
 0.505614 0.472636 0.0217494 0 0
 0 0 0 0 0
 0.443492 0.261883 0.143347 0.151278 0
 0.227955 0.32914 0.350689 0.0885471 0.00366901
 0.970185 0.0296113 0.000203453 0 0
 0.997202 0.00247181 0.000326279 0 0
 0.445219 0.490057 0.0546422 0.010081 0
 0.90214 0.0892962 0.00764917 0.000914606 0
 0 0 0 0 0
 0.581667 0.319106 0.0959925 0.00289975 0.000334073
 0.762889 0.0836404 0.116647 0.0363945 0.000428098
 0.88444 0.0763242 0.0277011 0.0115352 0
 0.521256 0.241999 0.230069 0.00667565 0
 0.616807 0.101726 0.260614 0.0208532 0
 0.833518 0.0704572 0.0857862 0.0102388 0
 0.697417 0.212968 0.0787535 0.0105354 0.000325836
 0 0 0 0 0
ppred_PELACES
 0.613684 0.133223 0.229538 0.0235541 8.26901e-07
 0.623471 0.257438 0.0410691 0.0707603 0.00726136
 0.729611 0.189217 0.055499 0.00885377 0.0168201
 0.812066 0.14877 0.0274067 0.00803864 0.00371867
 0.794106 0.17842 0.0217484 0.00400653 0.00171878
 0.914667 0.071871 0.0116656 0.00142196 0.000374335
 0.543206 0.428155 0.0241207 0.00391509 0.000602857
 0.532543 0.298357 0.158499 0.00892923 0.0016725
 0.762442 0.143816 0.059831 0.0317845 0.00212601
 0.914312 0.0707335 0.00905353 0.00376648 0.00213473
 0.91899 0.0765228 0.00370435 0.000474139 0.00030905
 0.889487 0.103788 0.00635253 0.000307517 6.50163e-05
 0.7588 0.222196 0.0178469 0.00109235 6.40591e-05
 0.846686 0.125565 0.0255624 0.00205319 0.000133039
 0.953499 0.0420179 0.00367138 0.000747413 6.39226e-05
 0.970484 0.0286034 0.000824689 7.20584e-05 1.59242e-05
 0.445463 0.543342 0.0108486 0.000312787 3.33699e-05
 0.960295 0.0210919 0.0182378 0.000364145 1.16191e-05
 0.728494 0.26381 0.00408827 0.00353504 7.28346e-05
 0.813078 0.148679 0.0371588 0.000575851 0.000508185
 0.815118 0.159396 0.0202717 0.00506642 0.000147803
 0.851435 0.127952 0.0177714 0.00226013 0.000581345
 0.353358 0.576429 0.0604712 0.0083989 0.0013429
 0.836817 0.0701793 0.0829055 0.00869734 0.00140113
 0.733982 0.233191 0.0141174 0.0166775 0.00203143
 0.487334 0.405867 0.0936207 0.0056678 0.00751116
 0.823188 0.0998045 0.0609654 0.0140628 0.00197962
 0.781707 0.188975 0.0165488 0.0101088 0.00266003
 0.441275 0.463953 0.0820439 0.00718468 0.0055436
 0.616576 0.19805 0.153931 0.0272206 0.004223
 0.828145 0.118279 0.0276737 0.0215089 0.00439364
 0.504468 0.431703 0.04393 0.0102783 0.00962049
 0.809556 0.110338 0.0697877 0.00710158 0.00321678
pobs_pel_tallas
 0 0 0 0 0 0 0 0 0 0 0 0 0 0 0 0 0 0 0 0 0 0 0 0 0 0
 0 0 0 0 0 0 0 0 0 0 0 0 0 0 0 0 0 0 0 0 0 0 0 0 0 0
 0 0 0 0 0 0 0 0 0 0 0 0 0 0 0 0 0 0 0 0 0 0 0 0 0 0
 0 0 0 0 0 0 0 0 0 0 0 0 0 0 0 0 0 0 0 0 0 0 0 0 0 0
 0 0 0 0 0 0 0 0 0 0 0 0 0 0 0 0 0 0 0 0 0 0 0 0 0 0
 0 0 0 0 0 0 0 0 0 0 0 0 0 0 0 0 0 0 0 0 0 0 0 0 0 0
 0 0 0 0 0 0 0 0 0 0 0 0 0 0 0 0 0 0 0 0 0 0 0 0 0 0
 0 0 0 0 0 0 0 0 0 0 0 0 0 0 0 0 0 0 0 0 0 0 0 0 0 0
 0 0 0 0 0 0 0 0 0 0 0 0 0 0 0 0 0 0 0 0 0 0 0 0 0 0
 0 0 0 0 0 0 0 0 0 0 0 0 0 0 0 0 0 0 0 0 0 0 0 0 0 0
 0 0 0 0 0 0 0 0 0 0 0 0 0 0 0 0 0 0 0 0 0 0 0 0 0 0
 0 0 0 0 0 0 0 0 0 0 0 0 0 0 0 0 0 0 0 0 0 0 0 0 0 0
 0.00862536 0 0 0.000197151 0.00414017 0.0128641 0.00837892 0.0270097 0.101434 0.158115 0.152841 0.127902 0.109271 0.109419 0.0830992 0.0579132 0.0238553 0.00714673 0.00463305 0.00128148 0.00103504 0.000492878 0.000147863 0.000147863 4.92878e-05 0
 0 0 0 0 0 0 0 0 0 0 0 0 0 0 0 0 0 0 0 0 0 0 0 0 0 0
 0 0 0 0 0 0 0 0.0054083 0.00873648 0.0413646 0.0450493 0.0745869 0.0622846 0.0627006 0.0613931 0.0827291 0.12552 0.122667 0.0946155 0.0697135 0.0546179 0.0294188 0.0215738 0.0213955 0.0102223 0.00600262
 0 0 0 0 0.00359764 0.0251062 0.0480494 0.140153 0.205849 0.193036 0.1447 0.116669 0.0760912 0.0342217 0.00950174 0.001854 0.000860785 0 0 0 0.000165536 0 0.000143464 0 0 0
 0 0 0 0 0 0 0 0.000145254 0.000435761 0.0275982 0.070085 0.0708112 0.156366 0.174668 0.174014 0.160142 0.0824315 0.0480064 0.0283245 0.00493863 0.00203355 0 0 0 0 0
 0 0 0 0 0 0 0 0 0 0 0 0 0 0 0 0 0 0 0 0 0 0 0 0 0 0
 0 0 1.00437e-05 0.000401748 0.00122533 0.00171747 0.00176769 0.0269171 0.070346 0.194647 0.189555 0.159765 0.064822 0.0314167 0.0384472 0.0292271 0.0345202 0.0313363 0.0194345 0.0106764 0.0143323 0.0359363 0.0279516 0.0138201 0.00172751 0
 0 0.0021121 0.0136068 0.0755702 0.200478 0.177729 0.0527432 0.0373336 0.0318909 0.0142505 0.0149659 0.0166563 0.0217959 0.0798694 0.0677717 0.0528807 0.04013 0.0224614 0.0357745 0.0225083 0.00881397 0.00855152 0.00135912 0.000746735 0 0
 0 0 0 0 5.4009e-05 0.00500934 0.000945158 0.0243581 0.138947 0.33067 0.221406 0.137944 0.0707744 0.0437923 0.0131692 0.00525238 0.0047753 0.00276346 9.45158e-05 9.00151e-06 2.25038e-05 9.00151e-06 4.50075e-06 0 0 0
 0.000866109 0.00284123 0.00948549 0.0512746 0.133035 0.25785 0.225252 0.132002 0.0553304 0.0519788 0.0540692 0.017754 0.00435017 0.00159236 0.00146478 0.000404838 0.000125132 0.000115318 0.000107957 0.000100596 0 0 0 0 0 0
 0 0 0 0 0.00144013 0.00171154 0.00461396 0.0210425 0.0478622 0.0707936 0.0888783 0.103762 0.0637923 0.0337046 0.0602308 0.124433 0.169614 0.0934646 0.0462172 0.0250306 0.0313229 0.00938855 0.002487 0.000210481 0 0
 0 0.00764035 0.051015 0.0998891 0.058973 0.0496711 0.0374665 0.0718981 0.12319 0.153886 0.159021 0.0857701 0.0377988 0.023471 0.0147837 0.00900784 0.00315554 0.000888139 0.00291439 0.00214683 0.00393193 0.00274676 0.000635225 9.99891e-05 0 0
 0 0 0 0 0 0 0 0 0 0 0 0 0 0 0 0 0 0 0 0 0 0 0 0 0 0
 0 0 0 0 0 0 0 0 0 0 0 0 0 0 0 0 0 0 0 0 0 0 0 0 0 0
 0 0 0 0 0 0 0 0 0 0 0 0 0 0 0 0 0 0 0 0 0 0 0 0 0 0
 0 0 0 0 0 0 0 0 0 0 0 0 0 0 0 0 0 0 0 0 0 0 0 0 0 0
 0 0 0 0 0 0 0 0 0 0 0 0 0 0 0 0 0 0 0 0 0 0 0 0 0 0
 0 0 0 0 0 0 0 0 0 0 0 0 0 0 0 0 0 0 0 0 0 0 0 0 0 0
 0 0 0 0 0 0 0 0 0 0 0 0 0 0 0 0 0 0 0 0 0 0 0 0 0 0
 0 0 0 0 0 0 0 0 0 0 0 0 0 0 0 0 0 0 0 0 0 0 0 0 0 0
 0 0 0 0 0 0 0 0 0 0 0 0 0 0 0 0 0 0 0 0 0 0 0 0 0 0
ppred_pel_tallas
 1.09021e-16 5.05484e-05 0.000491348 0.00326518 0.0148431 0.0461823 0.0983968 0.143616 0.143629 0.0984613 0.0463999 0.0154758 0.00486933 0.00404595 0.00695573 0.0118212 0.017959 0.024529 0.0306402 0.0357754 0.0398945 0.0430645 0.0449952 0.0449922 0.0424149 0.037232
 1.09577e-16 5.13546e-05 0.000499185 0.00331726 0.0150798 0.046919 0.0999667 0.14591 0.145934 0.100088 0.0473267 0.016258 0.00627645 0.00696554 0.0123522 0.0203958 0.029519 0.0374496 0.0419371 0.0420225 0.0386339 0.0339404 0.0299732 0.0275814 0.0263494 0.0252534
 1.05385e-16 6.00971e-05 0.000584165 0.00388198 0.0176469 0.0549063 0.116984 0.170746 0.170764 0.117074 0.0552065 0.0185147 0.00606262 0.00535246 0.00913951 0.0150765 0.0218594 0.0278013 0.0312227 0.0313554 0.0287798 0.0249811 0.0213949 0.0187 0.0167753 0.01513
 1.02265e-16 6.68888e-05 0.000650183 0.0043207 0.0196413 0.0611114 0.130205 0.190041 0.190055 0.130275 0.0613469 0.0203216 0.006029 0.00438134 0.00715871 0.011744 0.0169469 0.0213875 0.0237063 0.0232786 0.0205773 0.0168342 0.0132827 0.0105747 0.00871117 0.00735343
 1.01366e-16 6.54095e-05 0.000635804 0.00422514 0.0192069 0.0597598 0.127325 0.185839 0.185856 0.127409 0.0600418 0.0200214 0.00626928 0.00509717 0.00853538 0.0139993 0.0201412 0.0252876 0.0277776 0.0268432 0.0230612 0.0179598 0.013106 0.0093862 0.00689089 0.0052601
 1.00562e-16 7.53399e-05 0.000732331 0.0048666 0.0221228 0.0688324 0.146655 0.214049 0.214056 0.146689 0.0689461 0.0224513 0.00569101 0.00253231 0.00349459 0.00565988 0.00814995 0.0102561 0.0113098 0.0110005 0.00955279 0.00756684 0.00565533 0.00416032 0.00311414 0.00238115
 1.01301e-16 4.47432e-05 0.00043492 0.0028902 0.0131385 0.0408788 0.0870982 0.127131 0.127172 0.0872995 0.0415546 0.0150896 0.00778481 0.01111 0.0202895 0.0333952 0.0479221 0.0598816 0.0652375 0.0621247 0.0519757 0.0385916 0.025933 0.0163331 0.0101489 0.00653995
 1.05829e-16 4.38649e-05 0.000426382 0.00283346 0.0128805 0.0400762 0.0853877 0.124632 0.124661 0.0855292 0.0405518 0.0142563 0.00629535 0.00801186 0.0145322 0.0241683 0.0353044 0.0454163 0.0519122 0.0535188 0.0509145 0.046038 0.0406983 0.0356548 0.0307285 0.0255279
 1.05311e-16 6.28014e-05 0.000610452 0.00405667 0.018441 0.057377 0.122248 0.178428 0.178442 0.122316 0.0576059 0.0191031 0.00572212 0.00425798 0.00702522 0.0116076 0.0169356 0.0217669 0.0248787 0.025717 0.0246962 0.0228383 0.0210545 0.0196522 0.0183729 0.0167842
 1.01019e-16 7.53107e-05 0.000732046 0.00486471 0.0221143 0.0688057 0.146598 0.213966 0.213972 0.146631 0.0689175 0.0224373 0.00567553 0.00250203 0.00343676 0.00556241 0.00800589 0.0100694 0.0110987 0.010797 0.00939931 0.00751197 0.00574783 0.00443924 0.00359514 0.00304467
 1.00227e-16 7.5696e-05 0.000735792 0.0048896 0.0222274 0.0691577 0.147348 0.21506 0.215068 0.147384 0.0692785 0.022576 0.00576417 0.00264306 0.00369229 0.00596939 0.00855669 0.0106861 0.011631 0.011058 0.00922447 0.0068133 0.0045369 0.00281646 0.00171775 0.00108937
 1.00252e-16 7.32659e-05 0.00071217 0.00473262 0.0215138 0.0669375 0.142618 0.208157 0.208167 0.142667 0.0671014 0.0219868 0.00591923 0.00330021 0.00498154 0.00810135 0.0116202 0.0145213 0.015822 0.0150683 0.012605 0.00935099 0.00626449 0.00391197 0.00238397 0.00148312
 1.00693e-16 6.25014e-05 0.000607536 0.00403729 0.018353 0.057103 0.121665 0.177578 0.177599 0.121769 0.0574539 0.0193661 0.0065792 0.00615262 0.010582 0.0173645 0.0249351 0.0312006 0.0340695 0.0325718 0.0274362 0.0206079 0.0141096 0.00912686 0.00583968 0.00383044
 1.00999e-16 6.97404e-05 0.000677902 0.0045049 0.0204786 0.0637166 0.135755 0.198142 0.198154 0.135815 0.0639154 0.0210529 0.00594701 0.00382772 0.00605662 0.00991468 0.0143034 0.0180423 0.019973 0.0195516 0.017156 0.013808 0.0105447 0.00793757 0.006036 0.00462001
 1.00203e-16 7.85385e-05 0.000763422 0.00507321 0.0230621 0.0717547 0.152881 0.223135 0.223139 0.152901 0.071821 0.0232537 0.00555405 0.00181248 0.00206905 0.00329138 0.00472223 0.00591373 0.00646789 0.00620233 0.00525518 0.00399291 0.00279469 0.00187985 0.00127721 0.000903882
 1.00042e-16 7.99375e-05 0.000777021 0.00516358 0.0234729 0.0730328 0.155604 0.22711 0.227112 0.155618 0.0730779 0.0236031 0.00549027 0.00148932 0.00143016 0.00223109 0.00319033 0.00397823 0.00431894 0.00408711 0.00337992 0.00245519 0.00158321 0.000925556 0.000509734 0.000279818
 1.0049e-16 3.66923e-05 0.000356662 0.00237015 0.0107744 0.0335234 0.071427 0.104261 0.104313 0.0716823 0.0343803 0.013248 0.00857404 0.013882 0.0256715 0.0422446 0.060528 0.0754335 0.0818012 0.0772514 0.0636391 0.0458855 0.0291594 0.016565 0.00864704 0.00434491
 1.00571e-16 7.90982e-05 0.000768863 0.00510936 0.0232264 0.072266 0.15397 0.224725 0.224727 0.153981 0.0722999 0.0233245 0.00535657 0.00131219 0.0011217 0.00175698 0.00258755 0.00338648 0.00397559 0.00426435 0.00428346 0.00413439 0.00389929 0.00359254 0.00318567 0.00266638
 1.00553e-16 6.00052e-05 0.000583272 0.00387605 0.01762 0.0548224 0.116806 0.170487 0.170512 0.11693 0.0552384 0.018821 0.00688813 0.00715003 0.0125061 0.0205137 0.0293893 0.0366311 0.0397359 0.0375555 0.0309988 0.0224615 0.0144525 0.00846688 0.00474649 0.00274874
 1.01255e-16 6.69722e-05 0.000650994 0.00432608 0.0196657 0.0611875 0.130367 0.190277 0.190292 0.130437 0.0614231 0.0203465 0.00603595 0.00438718 0.00717284 0.0117782 0.0170196 0.0215223 0.0239228 0.0235743 0.0209062 0.017094 0.0133252 0.0102451 0.00790595 0.00606992
 1.01159e-16 6.71402e-05 0.000652627 0.00433694 0.0197151 0.061341 0.130694 0.190755 0.190771 0.130769 0.061593 0.0204428 0.00616348 0.00463934 0.00763672 0.0125137 0.0180076 0.0226184 0.0248634 0.0240566 0.0207103 0.016183 0.0118654 0.0085405 0.00628464 0.00477907
 1.00871e-16 7.01316e-05 0.000681704 0.00453016 0.0205935 0.064074 0.136517 0.199253 0.199265 0.136577 0.0642763 0.0211778 0.00599678 0.00388306 0.00614923 0.0100525 0.0144679 0.0181791 0.0199946 0.0193609 0.0166841 0.0130477 0.00956279 0.00685773 0.00500053 0.00374716
 1.02962e-16 2.91058e-05 0.000282919 0.0018801 0.00854668 0.0265922 0.0566595 0.0827079 0.0827634 0.0569308 0.0275029 0.0111767 0.00848003 0.0146844 0.0273617 0.0451393 0.0649053 0.0813698 0.0891485 0.0857404 0.0730149 0.0559495 0.0396838 0.0271764 0.0188072 0.0134665
 1.0352e-16 6.89275e-05 0.00067 0.00445238 0.0202399 0.0629739 0.134173 0.19583 0.195837 0.134206 0.0630872 0.0205688 0.00528361 0.00250287 0.00360347 0.00598779 0.00894376 0.011923 0.0143932 0.0160744 0.0170322 0.0174953 0.0175713 0.0171327 0.0159609 0.0139873
 1.02484e-16 6.04572e-05 0.000587665 0.00390524 0.0177527 0.0552353 0.117686 0.17177 0.171793 0.117795 0.0556035 0.0188159 0.00657285 0.00640719 0.0111016 0.0182291 0.0261893 0.0328038 0.0359035 0.0345072 0.0294209 0.022714 0.0165 0.0119584 0.0091603 0.00752747
 1.04645e-16 4.01411e-05 0.000390186 0.00259293 0.0117871 0.0366742 0.0781397 0.114055 0.114095 0.0783312 0.0373171 0.0136448 0.00725849 0.0105835 0.0194234 0.03211 0.0463958 0.0586396 0.0651344 0.0641373 0.0568604 0.046564 0.0365301 0.0285248 0.0226406 0.0181303
 1.03531e-16 6.78049e-05 0.000659088 0.00437987 0.0199103 0.0619483 0.131988 0.192642 0.192652 0.132035 0.0621077 0.0203717 0.00554186 0.00320803 0.00494491 0.00816237 0.0119733 0.0155214 0.0179711 0.0189235 0.0186086 0.0176383 0.016537 0.0154467 0.0141941 0.0125679
 1.0199e-16 6.43882e-05 0.000625876 0.00415917 0.018907 0.0588268 0.125337 0.182937 0.182955 0.125426 0.0591253 0.0197691 0.00632252 0.00534636 0.00902333 0.0147998 0.0212779 0.0266857 0.0292672 0.0282229 0.0241907 0.0188236 0.0138093 0.0100895 0.00772752 0.00627992
 1.04145e-16 3.63473e-05 0.000353309 0.00234786 0.0106731 0.0332081 0.0707551 0.103279 0.103323 0.0709737 0.0339423 0.0127938 0.00767216 0.0119797 0.0221266 0.0365468 0.0526989 0.0663804 0.0733141 0.0715004 0.0623773 0.0497916 0.0376583 0.0281477 0.0214455 0.0166753
 1.07938e-16 5.07866e-05 0.000493664 0.00328057 0.014913 0.0464 0.0988608 0.144294 0.144314 0.0989551 0.0467174 0.0158324 0.00559809 0.00558524 0.00981572 0.0163954 0.0241933 0.0316358 0.0371177 0.0398491 0.0402089 0.0392457 0.0377844 0.0359174 0.0332169 0.0293248
 1.0373e-16 6.82132e-05 0.000663057 0.00440625 0.0200302 0.0623213 0.132783 0.193803 0.193814 0.132838 0.0625089 0.0205722 0.00576801 0.00364004 0.00573486 0.00940752 0.0136292 0.0173229 0.0194461 0.0195377 0.0179882 0.015751 0.0137292 0.012319 0.0113824 0.0105362
 1.04037e-16 4.15524e-05 0.000403905 0.00268409 0.0122015 0.0379637 0.0808871 0.118066 0.118107 0.0810903 0.0386458 0.0141713 0.00762732 0.0111908 0.0205155 0.0338184 0.0486381 0.0610092 0.0669179 0.0645188 0.0552433 0.0428421 0.0311627 0.0223805 0.0166977 0.0131753
 1.03299e-16 6.66821e-05 0.000648173 0.00430734 0.0195806 0.0609224 0.129802 0.189452 0.189463 0.129854 0.0610987 0.0200907 0.00559209 0.00346635 0.00545863 0.00902215 0.013231 0.0171393 0.0198134 0.0207969 0.0203273 0.0190702 0.0176111 0.0161367 0.0145059 0.0125427
pSPR Fmed_Fpbrs
1   0.983536 0.6 0.325 0.983536 0.983536 0.983536
Fs Fmed_Fpbrs
0   0.01 0.351588 0.911833 0.01 0.01 0.01
SSBpbr Bo_Bmed_Bpbrs
393306  373640  367165 216318 108159 367165 367165 367165
Ro
99266.5
SPR SPRFo_SPRFmed_SPRFpbrs
715149 715149 703375
Fref
0
Nvult_r0
 65340 11708.5 7405.51 753.583 341.348
CTP_r0
 20113.9 5734.32 3626.9 369.073 167.178
YTP_r0
356474
Np
 85502 31454.4 11571.4 4256.89 2142.13
Nvult_p0
 54047.6 19883 7314.55 2690.87 1354.09
CTP_p0
 0 0 0 0 0
 0 0 0 0 0
 0 0 0 0 0
 0 0 0 0 0
 0 0 0 0 0
 0 0 0 0 0
YTP_p0
 0 0 0 0 0 0
CBA_c0
0
log_Ro
11.3256
likeval ReclasPelacesDesembMPH_pf_preclas_ppelaces_ptallas_desvR_qrecl_qpela
 15.3074 16.7048 0.0275594 27.6151 240.412 135.525 116.239 0 26.4408 4.06518e-05 8.28178e-05 0.0109886 2066.94 0 0
q_reclas_q_pelaces
2.46375 3.62189
M
1
N
 131060 26004.2 44804.1 4597.6 0.161405
 89667.4 39938 6371.33 10977.5 1126.5
 82215.2 22998.5 6745.68 1076.14 2044.41
 77535.3 21088 3884.87 1139.47 527.118
 63904.3 14265 1738.81 320.327 137.419
 220410 17854.7 2898.05 353.255 92.9952
 53927.9 59258.5 3338.4 541.865 83.4379
 21765.8 10592.4 5627.08 317.009 59.3777
 27487 6993.31 2909.38 1545.57 103.381
 36048.6 5587.68 715.195 297.537 168.636
 63877.2 4855.37 235.041 30.0841 19.6092
 132823 19490.7 1192.96 57.7495 12.2096
 82769.1 29040.8 2332.58 142.77 8.37247
 47737 19031 3874.3 311.186 20.1637
 66687.5 4735.96 413.811 84.243 7.20489
 281100 11265.4 324.802 28.38 6.27169
 42646.4 56665.8 1131.42 32.621 3.48019
 442143 10826.6 9361.58 186.918 5.96416
 243683 109579 1698.15 1468.36 30.2535
 246875 53986.8 13492.7 209.097 184.527
 269482 56877.9 7233.62 1807.87 52.7412
 391385 69075.7 9593.99 1220.15 313.842
 57373.9 91887.3 9639.58 1338.85 214.069
 194080 16229.7 19172.7 2011.34 324.024
 175381 54021.4 3270.46 3863.52 470.603
 65417.9 50263.5 11594.2 701.914 930.2
 163752 19741.9 12059.3 2781.71 391.58
 202287 45711 4002.96 2445.2 643.43
 64508.5 60220.1 10649.1 932.556 719.548
 66094.4 20259 15745.9 2784.46 431.981
 126848 19257.6 4505.71 3501.97 715.352
 43437.6 33035.5 3361.68 786.535 736.194
 85502 13628.5 8619.87 877.156 397.322
pred_Ctot
 14441 5673.72 9775.56 1003.12 0.0352161
 17672.1 14528.5 2317.73 3993.35 409.794
 16201.8 8365.62 2453.71 391.442 743.647
 25897 11595.5 2136.15 626.553 289.844
 9935.57 4234.8 516.197 95.0949 40.7951
 38470.2 5859.05 950.998 115.921 30.5165
 16708.7 30851.4 1738.05 282.108 43.4398
 1761.52 1737.31 922.926 51.9942 9.73884
 8153.39 3524.74 1466.37 778.994 52.1057
 15633.8 3663.34 468.889 195.069 110.559
 6993.49 1053.2 50.9839 6.52568 4.25352
 35518.6 9075.94 555.509 26.8914 5.68547
 20378.4 12672.8 1017.89 62.3017 3.65357
 24390.1 13754.3 2800.08 224.904 14.5729
 24256.1 2765.03 241.599 49.1843 4.20649
 84297.4 5724.54 165.049 14.4214 3.18699
 8609.43 21032.3 419.941 12.1077 1.29172
 94164 4200.75 3632.3 72.5243 2.3141
 63830 50210.9 778.12 672.825 13.8626
 60569 23492.9 5871.48 90.9906 80.2987
 53189.5 20716.5 2634.68 658.475 19.2098
 92823.4 29255.2 4063.28 516.76 132.92
 8561.18 26313.1 2760.42 383.397 61.3015
 30542.8 4869.36 5752.35 603.46 97.2164
 24998.1 14856.9 899.437 1062.54 129.425
 7550.75 11440.1 2638.87 159.757 211.716
 25533.7 5875.66 3589.14 827.901 116.543
 24819.4 10995.2 962.858 588.16 154.768
 6043.95 11319.7 2001.74 175.295 135.255
 8856.28 5273.86 4099 724.854 112.454
 24084.2 6788.91 1588.41 1234.56 252.184
 4093.05 6242.63 635.249 148.63 139.117
 20113.9 5734.32 3626.9 369.073 167.178
F
 0.188326 0.406451 0.406451 0.406451 0.406451
 0.360678 0.778428 0.778428 0.778428 0.778428
 0.360638 0.778341 0.778341 0.778341 0.778341
 0.692928 1.4955 1.4955 1.4955 1.4955
 0.275117 0.593767 0.593767 0.593767 0.593767
 0.313579 0.676777 0.676777 0.676777 0.676777
 0.627512 1.35432 1.35432 1.35432 1.35432
 0.135387 0.292196 0.292196 0.292196 0.292196
 0.593149 1.28015 1.28015 1.28015 1.28015
 1.00478 2.16856 2.16856 2.16856 2.16856
 0.187027 0.403647 0.403647 0.403647 0.403647
 0.520315 1.12296 1.12296 1.12296 1.12296
 0.469985 1.01434 1.01434 1.01434 1.01434
 1.31052 2.82842 2.82842 2.82842 2.82842
 0.778286 1.67972 1.67972 1.67972 1.67972
 0.601538 1.29826 1.29826 1.29826 1.29826
 0.370932 0.800557 0.800557 0.800557 0.800557
 0.394984 0.852468 0.852468 0.852468 0.852468
 0.507127 1.0945 1.0945 1.0945 1.0945
 0.467975 1.01 1.01 1.01 1.01
 0.3613 0.77977 0.77977 0.77977 0.77977
 0.449129 0.969326 0.969326 0.969326 0.969326
 0.262749 0.567075 0.567075 0.567075 0.567075
 0.27889 0.60191 0.60191 0.60191 0.60191
 0.249683 0.538874 0.538874 0.538874 0.538874
 0.198051 0.427441 0.427441 0.427441 0.427441
 0.276017 0.595709 0.595709 0.595709 0.595709
 0.211683 0.456861 0.456861 0.456861 0.456861
 0.158196 0.341424 0.341424 0.341424 0.341424
 0.23318 0.503256 0.503256 0.503256 0.503256
 0.345404 0.745462 0.745462 0.745462 0.745462
 0.159163 0.343512 0.343512 0.343512 0.343512
 0.444739 0.959852 0.959852 0.959852 0.959852
YTP_r0W_actual
 151658 100064 87299.5 11559.4 5893.01
YTP_p0W_proyectada
 0 0 0 0 0
 0 0 0 0 0
 0 0 0 0 0
 0 0 0 0 0
 0 0 0 0 0
 0 0 0 0 0
CTP_r0_actual
 20113.9 5734.32 3626.9 369.073 167.178
CTP_p0_proyectada
 0 0 0 0 0
 0 0 0 0 0
 0 0 0 0 0
 0 0 0 0 0
 0 0 0 0 0
 0 0 0 0 0
Wmedp
 7.54 17.45 24.07 31.32 35.25
Frms_r0
 0.444739 0.959852 0.959852 0.959852 0.959852
Zrms_r0
 1.44474 1.95985 1.95985 1.95985 1.95985
nmprior
 7.29 8.9 8.7 0
nm_flota  nm_reclas  nm_pelaces    nm_pelaL
inf 15.2608 13.7842 39.3673
cv_recla  cv_pelaces  cv_mph
0.33883 0.447725 0.702229
 ------------------------------------------------
Talla a la edad & desviaci?n 
 8 13.2811 15.8009 17.003 17.5766
 0.8 1.32811 1.58009 1.7003 1.75766
