years
 1991 1992 1993 1994 1995 1996 1997 1998 1999 2000 2001 2002 2003 2004 2005 2006 2007 2008 2009 2010 2011 2012 2013 2014 2015 2016 2017 2018 2019 2020 2021 2022 2023
reclasobs
 0 0 0 0 0 0 0 0 0 252601 567819 844713 477998 351125 339783 2.1784e+06 2.13404e+06 4.81314e+06 1.55562e+06 2.62356e+06 3.21686e+06 3.843e+06 1.13348e+06 3.07943e+06 1.97215e+06 2.03268e+06 2.025e+06 2.42433e+06 2.27542e+06 1.05018e+06 2.36338e+06 3.18982e+06 1.53035e+06
reclaspred
 2.91635e+06 1.61106e+06 851733 889819 920440 1.3782e+06 853441 808555 601394 456351 550745 711281 627106 391971 557948 1.29682e+06 1.29374e+06 2.58422e+06 2.13556e+06 1.74928e+06 3.15382e+06 2.53432e+06 2.05393e+06 3.04544e+06 2.32217e+06 2.10234e+06 2.45038e+06 2.66746e+06 2.29061e+06 1.68162e+06 1.84524e+06 1.93754e+06 1.69313e+06
pelacesobs
 0 0 0 0 0 0 0 0 0 0 0 0 0 0 0 552880 188675 0 991730 2.46772e+06 1.41603e+06 1.21717e+06 2.29649e+06 1.80582e+06 0 1.4828e+06 1.56532e+06 1.57751e+06 1.42118e+06 867257 1.10002e+06 1.06204e+06 0
pelacespred
 1.59066e+06 974115 505706 436632 476518 739626 420332 498910 358015 258552 321025 351599 335137 214059 326541 628120 624952 1.42563e+06 1.21795e+06 904247 1.6326e+06 1.41343e+06 1.14759e+06 1.86256e+06 1.36281e+06 1.2302e+06 1.64164e+06 1.60727e+06 1.24217e+06 1.04939e+06 1.00441e+06 1.0616e+06 953598
mphobs
 0 0 0 0 0 0 0 0 0 0 0 0 498337 0 5186 125008 0 168611 109162 213762 579715 649985 157893 87575 83554 210694 70296 0 107559 103333 445601 22526 28222
mphpred
 475372 318744 156452 91702.7 104621 121006 148671 92902.1 87006.7 62404.3 43287.7 71228.9 81694.9 56125.7 30083.9 57600.3 163251 159211 263830 365278 428845 514191 103878 89642.2 127331 102092 89962.3 97497.6 136154 104575 65948.1 86943.9 60600.2
desembarqueobs
 494567 514787 250237 358949 120608 361735 552515 73892 212993 205616 52469 317467 293654 387597 252695 516296 358380 742168 942051 627588 828172 859565 418607 520667 417249 300574 415391 372974 316634 284311 391294 218835 356480
desembarquepred
 494571 513492 250881 359001 120616 361769 552603 73897.4 213052 205671 52471.8 317527 293773 387812 252679 516253 358412 742071 941849 627429 828284 859639 418636 520720 417256 300586 415409 372967 316628 284304 391287 218847 356501
Reclutas
 195721 98216.8 126954 182887 156351 237670 102399 53648.1 48647.3 64689 127839 160748 103850 65291.2 112334 465948 109799 639884 412957 367362 490514 632912 140783 389231 351490 157301 340995 404488 145035 136031 256136 123091 248269
log_desv_Rt
 0.0679717 -0.621539 -0.364893 0.000151824 -0.156614 0.262164 -0.579839 -1.22627 -1.32412 -1.03913 -0.357949 -0.128878 -0.565769 -1.02986 -0.487236 0.935358 -0.510064 1.25257 0.814627 0.697631 0.986737 1.24161 -0.261497 0.755456 0.653463 -0.150558 0.623151 0.793906 -0.231744 -0.295837 0.33699 -0.395793 0.305796
SSB
 2.93479e+06 1.96782e+06 965880 566142 645893 747052 917845 573547 537150 385264 267244 439743 482517 339569 179795 344730 1.00786e+06 982914 1.6771e+06 1.29015e+06 1.55121e+06 1.94367e+06 1.83563e+06 1.53005e+06 2.04492e+06 1.73366e+06 1.44554e+06 1.51128e+06 2.18284e+06 1.58368e+06 1.12944e+06 1.52243e+06 987139
BT
 3.99949e+06 2.69881e+06 1.38677e+06 1.27951e+06 1.16533e+06 1.96502e+06 1.44955e+06 1.18213e+06 1.01825e+06 777409 767124 1.05597e+06 1.01603e+06 880536 985765 1.83982e+06 1.6843e+06 3.84633e+06 3.64679e+06 2.60332e+06 4.31063e+06 4.00107e+06 2.93909e+06 4.65766e+06 3.45462e+06 3.02448e+06 4.10409e+06 3.96637e+06 3.0479e+06 2.62887e+06 2.6082e+06 2.55638e+06 2.45767e+06
Ftot
 0.155048 0.281335 0.274195 0.447548 0.139552 0.305493 0.609975 0.0957522 0.370812 0.46962 0.123647 0.506359 0.493796 1.05245 0.646644 0.581784 0.280539 0.374143 0.483582 0.403061 0.301055 0.381133 0.198509 0.208069 0.188864 0.144714 0.203509 0.177323 0.129057 0.166767 0.251905 0.112876 0.246771
BD_Bspro_t
 0.975705 0.836478 0.673654 0.602428 0.608007 0.684273 0.656979 0.502212 0.575057 0.538518 0.516783 0.710339 0.603702 0.466096 0.317475 0.463275 0.614234 0.591474 0.654711 0.565064 0.56387 0.613999 0.633212 0.630144 0.721081 0.735133 0.741595 0.767942 0.81568 0.767625 0.727164 0.762034 0.761434
BD_Bspro
 2.22775 1.49373 0.733182 0.429748 0.490286 0.567074 0.696719 0.435369 0.407741 0.292447 0.20286 0.333801 0.36627 0.257761 0.136479 0.261678 0.765046 0.746112 1.27306 0.97933 1.1775 1.4754 1.39339 1.16143 1.55226 1.31599 1.09729 1.14718 1.65696 1.20215 0.857338 1.15565 0.74932
BD_Bo
 2.40509 1.61265 0.79155 0.46396 0.529316 0.612218 0.752184 0.470028 0.440201 0.315728 0.21901 0.360375 0.395428 0.278281 0.147344 0.28251 0.82595 0.805509 1.3744 1.05729 1.27124 1.59286 1.50432 1.25389 1.67584 1.42076 1.18464 1.23851 1.78886 1.29785 0.92559 1.24765 0.808972
BD_Brms
 2.57501 1.72658 0.847473 0.496738 0.566713 0.655471 0.805326 0.503236 0.471301 0.338034 0.234483 0.385835 0.423365 0.297942 0.157754 0.302469 0.884303 0.862419 1.47151 1.13199 1.36105 1.70539 1.6106 1.34248 1.79423 1.52113 1.26833 1.32601 1.91525 1.38954 0.990983 1.3358 0.866126
Sel_flota
 0.454212 0.940519 0.996682 0.999825 0.999991
 0.454212 0.940519 0.996682 0.999825 0.999991
 0.454212 0.940519 0.996682 0.999825 0.999991
 0.454212 0.940519 0.996682 0.999825 0.999991
 0.454212 0.940519 0.996682 0.999825 0.999991
 0.454212 0.940519 0.996682 0.999825 0.999991
 0.454212 0.940519 0.996682 0.999825 0.999991
 0.454212 0.940519 0.996682 0.999825 0.999991
 0.454212 0.940519 0.996682 0.999825 0.999991
 0.454212 0.940519 0.996682 0.999825 0.999991
 0.454212 0.940519 0.996682 0.999825 0.999991
 0.454212 0.940519 0.996682 0.999825 0.999991
 0.454212 0.940519 0.996682 0.999825 0.999991
 0.454212 0.940519 0.996682 0.999825 0.999991
 0.454212 0.940519 0.996682 0.999825 0.999991
 0.454212 0.940519 0.996682 0.999825 0.999991
 0.454212 0.940519 0.996682 0.999825 0.999991
 0.454212 0.940519 0.996682 0.999825 0.999991
 0.454212 0.940519 0.996682 0.999825 0.999991
 0.454212 0.940519 0.996682 0.999825 0.999991
 0.454212 0.940519 0.996682 0.999825 0.999991
 0.454212 0.940519 0.996682 0.999825 0.999991
 0.454212 0.940519 0.996682 0.999825 0.999991
 0.454212 0.940519 0.996682 0.999825 0.999991
 0.454212 0.940519 0.996682 0.999825 0.999991
 0.454212 0.940519 0.996682 0.999825 0.999991
 0.454212 0.940519 0.996682 0.999825 0.999991
 0.454212 0.940519 0.996682 0.999825 0.999991
 0.454212 0.940519 0.996682 0.999825 0.999991
 0.454212 0.940519 0.996682 0.999825 0.999991
 0.454212 0.940519 0.996682 0.999825 0.999991
 0.454212 0.940519 0.996682 0.999825 0.999991
 0.454212 0.940519 0.996682 0.999825 0.999991
Sel_reclas
 1 1 1 1 1
 1 1 1 1 1
 1 1 1 1 1
 1 1 1 1 1
 1 1 1 1 1
 1 1 1 1 1
 1 1 1 1 1
 1 1 1 1 1
 1 1 1 1 1
 1 1 1 1 1
 1 1 1 1 1
 1 1 1 1 1
 1 1 1 1 1
 1 1 1 1 1
 1 1 1 1 1
 1 1 1 1 1
 1 1 1 1 1
 1 1 1 1 1
 1 1 1 1 1
 1 1 1 1 1
 1 1 1 1 1
 1 1 1 1 1
 1 1 1 1 1
 1 1 1 1 1
 1 1 1 1 1
 1 1 1 1 1
 1 1 1 1 1
 1 1 1 1 1
 1 1 1 1 1
 1 1 1 1 1
 1 1 1 1 1
 1 1 1 1 1
 1 1 1 1 1
Sel_pelaces
 1 1 1 1 1
 1 1 1 1 1
 1 1 1 1 1
 1 1 1 1 1
 1 1 1 1 1
 1 1 1 1 1
 1 1 1 1 1
 1 1 1 1 1
 1 1 1 1 1
 1 1 1 1 1
 1 1 1 1 1
 1 1 1 1 1
 1 1 1 1 1
 1 1 1 1 1
 1 1 1 1 1
 1 1 1 1 1
 1 1 1 1 1
 1 1 1 1 1
 1 1 1 1 1
 1 1 1 1 1
 1 1 1 1 1
 1 1 1 1 1
 1 1 1 1 1
 1 1 1 1 1
 1 1 1 1 1
 1 1 1 1 1
 1 1 1 1 1
 1 1 1 1 1
 1 1 1 1 1
 1 1 1 1 1
 1 1 1 1 1
 1 1 1 1 1
 1 1 1 1 1
pf_obs 
 0.8446 0.082 0.0669 0.0065 0
 0.8095 0.147 0.0364 0.0071 0
 0.9664 0.0169 0.016 0.0007 0
 0.9276 0.0648 0.0075 0.0001 0
 0.7033 0.2144 0.0806 0.0017 0
 0.9318 0.0425 0.0243 0.0014 0
 0.5671 0.3108 0.0964 0.0239 0.0018
 0.0768 0.2599 0.5324 0.112 0.0189
 0.490249 0.384438 0.106611 0.0170017 0.00170017
 0.7925 0.1577 0.0466 0.003 0.0002
 0.840416 0.127587 0.0312969 0.00059994 9.999e-05
 0.8084 0.0986 0.0794 0.0134 0.0002
 0.7335 0.1905 0.0724 0.0035 0.0001
 0.4001 0.4547 0.1325 0.0127 0
 0.49795 0.308269 0.164784 0.0264974 0.00249975
 0.9179 0.0499 0.0305 0.0017 0
 0.2467 0.6533 0.0926 0.0074 0
 0.9418 0.0223 0.034 0.0019 0
 0.707729 0.231977 0.0356964 0.0245975 0
 0.517169 0.277429 0.184464 0.0207286 0.00020938
 0.811772 0.124168 0.05621 0.00726502 0.000585176
 0.764997 0.148141 0.077277 0.00933861 0.000247198
 0.163321 0.427699 0.378323 0.0303852 0.000271297
 0.753843 0.0900009 0.118128 0.0371064 0.000921714
 0.721811 0.176058 0.0630433 0.0369309 0.00215725
 0.143369 0.312575 0.442814 0.0836902 0.0175525
 0.692698 0.0596174 0.167031 0.0765114 0.00414204
 0.394062 0.376323 0.152708 0.0712218 0.00568511
 0.125707 0.32114 0.495352 0.0537591 0.00404204
 0.23352 0.215282 0.420074 0.123614 0.00750983
 0.796117 0.104755 0.0508955 0.0450114 0.00322123
 0.162477 0.292055 0.404252 0.121198 0.0200186
 0 0 0 0 0
pf_pred 
 0.338712 0.129063 0.50357 0.0286546 1.08963e-06
 0.281661 0.377124 0.0698997 0.256753 0.0145626
 0.485242 0.238495 0.14968 0.0260043 0.100578
 0.612005 0.26226 0.0603342 0.0354945 0.0299069
 0.525472 0.371594 0.0711917 0.015263 0.0164796
 0.611231 0.270848 0.0935411 0.0168795 0.00750095
 0.361194 0.495861 0.101575 0.0328416 0.00852852
 0.347084 0.375248 0.219201 0.0415969 0.0168702
 0.411988 0.308428 0.164708 0.0907491 0.0241272
 0.581245 0.257231 0.0875237 0.0436619 0.0303378
 0.715103 0.217258 0.0427105 0.0135324 0.0113959
 0.617262 0.321101 0.0476713 0.00882976 0.00513644
 0.480616 0.409889 0.0929293 0.0128243 0.00374182
 0.459715 0.369741 0.136638 0.0287935 0.00511215
 0.743746 0.180985 0.0530354 0.0178323 0.00440177
 0.877242 0.107659 0.0109091 0.0029557 0.00123374
 0.286653 0.673423 0.0353355 0.00331973 0.00126952
 0.812194 0.0869387 0.0955598 0.00469949 0.000608165
 0.499958 0.454075 0.0220627 0.0226506 0.00125336
 0.522472 0.332338 0.132716 0.00599966 0.00647466
 0.613851 0.274967 0.0789885 0.0294376 0.00275619
 0.618933 0.296076 0.0616638 0.0165901 0.00673746
 0.220534 0.610705 0.133107 0.0258952 0.0097592
 0.607151 0.146699 0.195419 0.0400414 0.010689
 0.510185 0.377167 0.043733 0.0547504 0.0141645
 0.311356 0.47257 0.168767 0.018404 0.0289033
 0.605557 0.19139 0.141964 0.0477498 0.0133397
 0.575826 0.325472 0.049444 0.0344736 0.014784
 0.279112 0.533148 0.146118 0.020885 0.0207361
 0.37496 0.277828 0.260748 0.0673442 0.0191191
 0.611261 0.218176 0.0784162 0.0692583 0.022889
 0.358726 0.495807 0.0839746 0.0283249 0.0331681
 0.610166 0.208554 0.142044 0.0226817 0.0165546
pobs_RECLAS
 0 0 0 0 0
 0 0 0 0 0
 0 0 0 0 0
 0 0 0 0 0
 0 0 0 0 0
 0 0 0 0 0
 0 0 0 0 0
 0 0 0 0 0
 0 0 0 0 0
 0 0 0 0 0
 0.991045 0.00858322 0.000360255 1.14367e-05 0
 0.934742 0.0480273 0.0164251 0.00080598 0
 0.827803 0.169806 0.00239088 0 0
 0.941827 0.0461693 0.0120037 0 0
 0.791401 0.0380133 0.147996 0.0225897 0
 0.846168 0.0940531 0.0597789 0 0
 0.134021 0.677848 0.182769 0.00536245 0
 0.80878 0.0450904 0.141981 0.00414843 0
 0.846168 0.0940531 0.0597789 0 0
 0.905697 0.0802665 0.012482 0.00150086 5.37128e-05
 0.989698 0.0102097 9.19794e-05 0 0
 0.975433 0.0193895 0.00387452 0.00125025 5.28907e-05
 0.303575 0.632131 0.0575291 0.00676475 0
 0.966965 0.00978017 0.0227588 0.000495775 0
 0.843318 0.132988 0.00938335 0.0141283 0.000182051
 0.564624 0.303363 0.111486 0.0197234 0.00080311
 0.826376 0.0876187 0.0782897 0.00655872 0.00115652
 0.89761 0.0855135 0.0140674 0.00269457 0.000114338
 0.34875 0.467042 0.161289 0.0227151 0.000203297
 0.318654 0.224769 0.449479 0.00709798 0
 0.937255 0.0296025 0.0250945 0.00804832 0
 0.456809 0.399803 0.12412 0.0192676 0
 0.883104 0.0372192 0.0704036 0.00927362 0
ppred_RECLAS
 0.528183 0.0965343 0.355138 0.020144 7.65869e-07
 0.458601 0.292616 0.0510964 0.187078 0.0106089
 0.671305 0.157295 0.0930086 0.0161064 0.062285
 0.773229 0.156361 0.0338461 0.0198458 0.0167187
 0.700271 0.237702 0.0429427 0.00917733 0.00990717
 0.770826 0.162555 0.0528816 0.00951153 0.00422604
 0.55122 0.353209 0.0679793 0.0219048 0.00568736
 0.531155 0.276205 0.15218 0.0287871 0.011673
 0.603336 0.214148 0.107669 0.0591285 0.0157176
 0.75101 0.156617 0.0501315 0.0249255 0.0173161
 0.841228 0.12277 0.0227608 0.00718862 0.00605263
 0.776001 0.189767 0.0264952 0.00489113 0.00284476
 0.665773 0.267141 0.0569648 0.00783502 0.00228566
 0.658766 0.238475 0.0823904 0.0172982 0.00307062
 0.863944 0.0978675 0.0269354 0.00902571 0.00222753
 0.939007 0.0538958 0.00513248 0.00138589 0.000578384
 0.458276 0.513077 0.0253636 0.00237518 0.000908151
 0.904033 0.045871 0.0474685 0.00232679 0.00030106
 0.681088 0.291229 0.0133101 0.0136194 0.000753489
 0.701886 0.211265 0.0794103 0.00357809 0.0038607
 0.772577 0.164736 0.0445775 0.0165594 0.00155016
 0.776482 0.175999 0.034508 0.00925365 0.00375738
 0.374471 0.496331 0.101972 0.0197746 0.00745123
 0.770251 0.0890328 0.11179 0.0228324 0.00609403
 0.688003 0.243558 0.0266223 0.0332225 0.00859355
 0.489675 0.356663 0.120105 0.0130558 0.0205005
 0.767856 0.116126 0.0811926 0.0272218 0.00760358
 0.741775 0.200886 0.0287705 0.0199954 0.00857358
 0.450097 0.412893 0.106713 0.0152042 0.0150933
 0.563895 0.200295 0.177231 0.0456279 0.0129516
 0.771819 0.131489 0.0445327 0.0392051 0.0129546
 0.541181 0.359485 0.0574219 0.0193071 0.0226046
 0.771154 0.125842 0.0807671 0.0128554 0.00938114
pobs_PELACES
 0 0 0 0 0
 0 0 0 0 0
 0 0 0 0 0
 0 0 0 0 0
 0 0 0 0 0
 0 0 0 0 0
 0 0 0 0 0
 0 0 0 0 0
 0 0 0 0 0
 0 0 0 0 0
 0 0 0 0 0
 0 0 0 0 0
 0 0 0 0 0
 0 0 0 0 0
 0 0 0 0 0
 0 0 0 0 0
 0.505614 0.472636 0.0217494 0 0
 0 0 0 0 0
 0.443492 0.261883 0.143347 0.151278 0
 0.227955 0.32914 0.350689 0.0885471 0.00366901
 0.970185 0.0296113 0.000203453 0 0
 0.997202 0.00247181 0.000326279 0 0
 0.445219 0.490057 0.0546422 0.010081 0
 0.90214 0.0892962 0.00764917 0.000914606 0
 0 0 0 0 0
 0.581667 0.319106 0.0959925 0.00289975 0.000334073
 0.762889 0.0836404 0.116647 0.0363945 0.000428098
 0.88444 0.0763242 0.0277011 0.0115352 0
 0.521256 0.241999 0.230069 0.00667565 0
 0.616807 0.101726 0.260614 0.0208532 0
 0.833518 0.0704572 0.0857862 0.0102388 0
 0.697417 0.212968 0.0787535 0.0105354 0.000325836
 0 0 0 0 0
ppred_PELACES
 0.534949 0.0953682 0.349841 0.0198404 7.54319e-07
 0.470453 0.286926 0.0498423 0.182433 0.0103454
 0.681531 0.152816 0.0899024 0.015564 0.0601868
 0.78602 0.147931 0.031757 0.0186122 0.0156791
 0.705063 0.234029 0.0421698 0.00901086 0.00972738
 0.779657 0.156551 0.0506409 0.00910562 0.00404562
 0.57589 0.334606 0.063675 0.0205049 0.0053237
 0.535163 0.274046 0.150723 0.0285086 0.01156
 0.618249 0.206764 0.103245 0.0566768 0.0150656
 0.765428 0.148036 0.0469741 0.0233443 0.0162172
 0.84393 0.120745 0.022334 0.00705293 0.00593834
 0.790049 0.178124 0.0246373 0.00454575 0.00264381
 0.683569 0.253385 0.0535392 0.00736009 0.00214706
 0.696904 0.213075 0.072193 0.0151407 0.00268748
 0.876058 0.0894576 0.0243275 0.00814637 0.00201044
 0.944207 0.0493634 0.00465044 0.00125497 0.00052373
 0.469541 0.502547 0.0247142 0.00231369 0.000884628
 0.909416 0.0434551 0.0446577 0.00218816 0.000283117
 0.697871 0.276123 0.0125071 0.0127913 0.000707658
 0.715686 0.201925 0.0753349 0.00339304 0.00366096
 0.78122 0.158723 0.0427112 0.0158611 0.00148477
 0.787173 0.167836 0.0326758 0.00875889 0.00355641
 0.382144 0.490619 0.100429 0.0194712 0.00733685
 0.776521 0.0868099 0.108579 0.0221718 0.00591767
 0.69464 0.238566 0.0259855 0.0324215 0.00838628
 0.495684 0.352752 0.11847 0.0128761 0.0202181
 0.773962 0.113289 0.0789104 0.026451 0.00738822
 0.747329 0.196712 0.0280803 0.0195121 0.00836627
 0.455377 0.409175 0.105499 0.0150292 0.0149195
 0.570879 0.197421 0.174149 0.0448267 0.0127241
 0.77921 0.127489 0.0429768 0.0378255 0.0124986
 0.545791 0.356039 0.0567525 0.0190798 0.0223383
 0.778427 0.122096 0.0780056 0.0124127 0.00905795
pobs_pel_tallas
 0 0 0 0 0 0 0 0 0 0 0 0 0 0 0 0 0 0 0 0 0 0 0 0 0 0
 0 0 0 0 0 0 0 0 0 0 0 0 0 0 0 0 0 0 0 0 0 0 0 0 0 0
 0 0 0 0 0 0 0 0 0 0 0 0 0 0 0 0 0 0 0 0 0 0 0 0 0 0
 0 0 0 0 0 0 0 0 0 0 0 0 0 0 0 0 0 0 0 0 0 0 0 0 0 0
 0 0 0 0 0 0 0 0 0 0 0 0 0 0 0 0 0 0 0 0 0 0 0 0 0 0
 0 0 0 0 0 0 0 0 0 0 0 0 0 0 0 0 0 0 0 0 0 0 0 0 0 0
 0 0 0 0 0 0 0 0 0 0 0 0 0 0 0 0 0 0 0 0 0 0 0 0 0 0
 0 0 0 0 0 0 0 0 0 0 0 0 0 0 0 0 0 0 0 0 0 0 0 0 0 0
 0 0 0 0 0 0 0 0 0 0 0 0 0 0 0 0 0 0 0 0 0 0 0 0 0 0
 0 0 0 0 0 0 0 0 0 0 0 0 0 0 0 0 0 0 0 0 0 0 0 0 0 0
 0 0 0 0 0 0 0 0 0 0 0 0 0 0 0 0 0 0 0 0 0 0 0 0 0 0
 0 0 0 0 0 0 0 0 0 0 0 0 0 0 0 0 0 0 0 0 0 0 0 0 0 0
 0.00862536 0 0 0.000197151 0.00414017 0.0128641 0.00837892 0.0270097 0.101434 0.158115 0.152841 0.127902 0.109271 0.109419 0.0830992 0.0579132 0.0238553 0.00714673 0.00463305 0.00128148 0.00103504 0.000492878 0.000147863 0.000147863 4.92878e-05 0
 0 0 0 0 0 0 0 0 0 0 0 0 0 0 0 0 0 0 0 0 0 0 0 0 0 0
 0 0 0 0 0 0 0 0.0054083 0.00873648 0.0413646 0.0450493 0.0745869 0.0622846 0.0627006 0.0613931 0.0827291 0.12552 0.122667 0.0946155 0.0697135 0.0546179 0.0294188 0.0215738 0.0213955 0.0102223 0.00600262
 0 0 0 0 0.00359764 0.0251062 0.0480494 0.140153 0.205849 0.193036 0.1447 0.116669 0.0760912 0.0342217 0.00950174 0.001854 0.000860785 0 0 0 0.000165536 0 0.000143464 0 0 0
 0 0 0 0 0 0 0 0.000145254 0.000435761 0.0275982 0.070085 0.0708112 0.156366 0.174668 0.174014 0.160142 0.0824315 0.0480064 0.0283245 0.00493863 0.00203355 0 0 0 0 0
 0 0 0 0 0 0 0 0 0 0 0 0 0 0 0 0 0 0 0 0 0 0 0 0 0 0
 0 0 1.00437e-05 0.000401748 0.00122533 0.00171747 0.00176769 0.0269171 0.070346 0.194647 0.189555 0.159765 0.064822 0.0314167 0.0384472 0.0292271 0.0345202 0.0313363 0.0194345 0.0106764 0.0143323 0.0359363 0.0279516 0.0138201 0.00172751 0
 0 0.0021121 0.0136068 0.0755702 0.200478 0.177729 0.0527432 0.0373336 0.0318909 0.0142505 0.0149659 0.0166563 0.0217959 0.0798694 0.0677717 0.0528807 0.04013 0.0224614 0.0357745 0.0225083 0.00881397 0.00855152 0.00135912 0.000746735 0 0
 0 0 0 0 5.4009e-05 0.00500934 0.000945158 0.0243581 0.138947 0.33067 0.221406 0.137944 0.0707744 0.0437923 0.0131692 0.00525238 0.0047753 0.00276346 9.45158e-05 9.00151e-06 2.25038e-05 9.00151e-06 4.50075e-06 0 0 0
 0.000866109 0.00284123 0.00948549 0.0512746 0.133035 0.25785 0.225252 0.132002 0.0553304 0.0519788 0.0540692 0.017754 0.00435017 0.00159236 0.00146478 0.000404838 0.000125132 0.000115318 0.000107957 0.000100596 0 0 0 0 0 0
 0 0 0 0 0.00144013 0.00171154 0.00461396 0.0210425 0.0478622 0.0707936 0.0888783 0.103762 0.0637923 0.0337046 0.0602308 0.124433 0.169614 0.0934646 0.0462172 0.0250306 0.0313229 0.00938855 0.002487 0.000210481 0 0
 0 0.00764035 0.051015 0.0998891 0.058973 0.0496711 0.0374665 0.0718981 0.12319 0.153886 0.159021 0.0857701 0.0377988 0.023471 0.0147837 0.00900784 0.00315554 0.000888139 0.00291439 0.00214683 0.00393193 0.00274676 0.000635225 9.99891e-05 0 0
 0 0 0 0 0 0 0 0 0 0 0 0 0 0 0 0 0 0 0 0 0 0 0 0 0 0
 0 0 0 0 0 0 0 0 0 0 0 0 0 0 0 0 0 0 0 0 0 0 0 0 0 0
 0 0 0 0 0 0 0 0 0 0 0 0 0 0 0 0 0 0 0 0 0 0 0 0 0 0
 0 0 0 0 0 0 0 0 0 0 0 0 0 0 0 0 0 0 0 0 0 0 0 0 0 0
 0 0 0 0 0 0 0 0 0 0 0 0 0 0 0 0 0 0 0 0 0 0 0 0 0 0
 0 0 0 0 0 0 0 0 0 0 0 0 0 0 0 0 0 0 0 0 0 0 0 0 0 0
 0 0 0 0 0 0 0 0 0 0 0 0 0 0 0 0 0 0 0 0 0 0 0 0 0 0
 0 0 0 0 0 0 0 0 0 0 0 0 0 0 0 0 0 0 0 0 0 0 0 0 0 0
 0 0 0 0 0 0 0 0 0 0 0 0 0 0 0 0 0 0 0 0 0 0 0 0 0 0
ppred_pel_tallas
 1.1211e-16 4.40631e-05 0.000428309 0.00284626 0.0129387 0.0402572 0.0857725 0.12519 0.125199 0.0858203 0.0404189 0.0134126 0.00406097 0.00316313 0.00548101 0.0096237 0.0153272 0.0223228 0.0302501 0.0387588 0.0473889 0.0552552 0.0609181 0.0627794 0.0598697 0.0524733
 1.21558e-16 3.87506e-05 0.00037667 0.0025031 0.0113788 0.0354037 0.0754324 0.110102 0.110129 0.0755679 0.0358591 0.0126953 0.00581246 0.00761768 0.013843 0.0229712 0.0334624 0.0429451 0.0491149 0.0511272 0.0501827 0.0486894 0.0486196 0.0503181 0.0525156 0.0532941
 1.1438e-16 5.61368e-05 0.00054567 0.00362617 0.016484 0.0512881 0.109275 0.159493 0.159508 0.109348 0.0515322 0.0171909 0.00540668 0.00445299 0.00753779 0.012535 0.0184402 0.0240265 0.0280972 0.0301589 0.0307042 0.0307921 0.0312609 0.0322057 0.0330452 0.0329887
 1.05475e-16 6.47435e-05 0.00062933 0.00418212 0.0190113 0.0591513 0.126029 0.183946 0.18396 0.126098 0.0593858 0.0196888 0.00588404 0.00434911 0.00714285 0.011743 0.0170006 0.0215794 0.0241744 0.0242145 0.0222064 0.0193751 0.0168898 0.0152769 0.014368 0.01365
 1.03827e-16 5.80752e-05 0.000564511 0.00375138 0.0170532 0.0530591 0.113049 0.165003 0.165025 0.113159 0.0534295 0.0181233 0.00643823 0.00643262 0.0112107 0.0184628 0.0266412 0.0336102 0.0372326 0.036527 0.0322429 0.0263299 0.0207435 0.016523 0.0136744 0.0116561
 1.031e-16 6.42193e-05 0.000624235 0.00414826 0.0188574 0.0586725 0.125008 0.182457 0.182472 0.125082 0.058921 0.0195758 0.00595375 0.004573 0.0075853 0.012495 0.0181255 0.0230699 0.0259316 0.0260564 0.023892 0.0206253 0.0174087 0.0147968 0.0127274 0.010877
 1.04881e-16 4.74354e-05 0.000461089 0.0030641 0.013929 0.0433384 0.0923382 0.134777 0.134809 0.0924959 0.0438681 0.0154594 0.00690712 0.00885528 0.0160039 0.0264205 0.0381449 0.0481591 0.0534144 0.0525044 0.046484 0.0381083 0.030132 0.0240054 0.0197265 0.0165464
 1.09235e-16 4.40807e-05 0.00042848 0.0028474 0.0129439 0.0402734 0.0858077 0.125244 0.125271 0.0859378 0.0407106 0.0142089 0.00603147 0.00740859 0.0133865 0.0222859 0.0326259 0.0421318 0.0484848 0.0505815 0.0490913 0.0457888 0.0422492 0.0389976 0.0356378 0.0315811
 1.11266e-16 5.09244e-05 0.000495003 0.00328947 0.0149535 0.0465259 0.0991291 0.144686 0.144706 0.0992272 0.0468557 0.0159078 0.0056917 0.00576178 0.010121 0.0168308 0.0246675 0.0319351 0.0369436 0.0389486 0.0385532 0.037163 0.0359456 0.0351449 0.0341835 0.032283
 1.0648e-16 6.30473e-05 0.000612843 0.00407255 0.0185133 0.0576017 0.122727 0.179127 0.179141 0.122797 0.0578368 0.0191931 0.00578156 0.0043522 0.00719044 0.0118562 0.0172383 0.0220355 0.0249738 0.0254941 0.0240765 0.0218721 0.0199383 0.0186855 0.0178662 0.0169544
 1.02388e-16 6.95134e-05 0.000675695 0.00449023 0.020412 0.0635092 0.135314 0.197497 0.197508 0.13537 0.0637004 0.0209642 0.00587697 0.00370471 0.00582747 0.00953816 0.0137676 0.0173874 0.0192994 0.0190043 0.0168938 0.0139726 0.0112397 0.00921185 0.00786658 0.00689954
 1.0166e-16 6.50754e-05 0.000632556 0.00420356 0.0191088 0.0594545 0.126675 0.184889 0.184906 0.126759 0.0597362 0.0199222 0.00624544 0.00508981 0.0085296 0.0139965 0.0201521 0.0253326 0.0278869 0.0270517 0.0233993 0.0184421 0.0137241 0.0101071 0.00766354 0.00602715
 1.02712e-16 5.63047e-05 0.000547302 0.00363701 0.0165333 0.0514415 0.109602 0.159973 0.159998 0.109722 0.0518428 0.0176926 0.00654823 0.0069067 0.0121462 0.0200226 0.0289107 0.0365056 0.0404869 0.0397682 0.035118 0.0285915 0.0222609 0.017244 0.013599 0.0108453
 1.04112e-16 5.74031e-05 0.000557979 0.00370796 0.0168559 0.052445 0.11174 0.163093 0.163113 0.111841 0.0527834 0.0178341 0.0061666 0.00593612 0.0103035 0.0170266 0.0247174 0.0314914 0.0354547 0.0357168 0.0328768 0.0285287 0.0242126 0.0206576 0.0177681 0.0151139
 1.01883e-16 7.21598e-05 0.000701419 0.00466117 0.021189 0.065927 0.140465 0.205014 0.205023 0.140507 0.0660688 0.0215991 0.00569149 0.00295393 0.0043599 0.00711942 0.0103098 0.0130939 0.0146697 0.0146687 0.0133614 0.0114489 0.00961276 0.00818143 0.0071113 0.00619023
 1.00362e-16 7.77731e-05 0.000755982 0.00502377 0.0228373 0.0710554 0.151391 0.220961 0.220966 0.151415 0.0711334 0.0230625 0.00558885 0.00198896 0.00241767 0.00386921 0.00555543 0.00696334 0.0076282 0.00733762 0.00625484 0.00480954 0.00344397 0.00241037 0.00173597 0.00131726
 1.01224e-16 3.86756e-05 0.00037594 0.00249826 0.0113567 0.0353353 0.0752874 0.109894 0.109943 0.0755237 0.0361284 0.0136464 0.00824181 0.0129015 0.0237897 0.0391697 0.0561903 0.0701715 0.0763675 0.0725843 0.0605087 0.0446203 0.0295975 0.0182121 0.0109084 0.00670891
 1.01568e-16 7.49074e-05 0.000728127 0.00483866 0.0219958 0.0684372 0.145813 0.212819 0.212823 0.145834 0.0685072 0.0221987 0.00535064 0.00185522 0.00224298 0.00366103 0.00543234 0.00717467 0.00853979 0.00934557 0.00964167 0.00960206 0.00934556 0.00885168 0.00803058 0.00685659
 1.01835e-16 5.74828e-05 0.000558753 0.00371311 0.0168793 0.0525178 0.111896 0.163321 0.163347 0.112026 0.0529536 0.0181375 0.00686959 0.00744311 0.0131139 0.0215415 0.030916 0.0386506 0.0421557 0.0402506 0.033884 0.0255238 0.0177183 0.0119322 0.00832447 0.00626904
 1.03186e-16 5.89501e-05 0.000573016 0.00380789 0.0173101 0.0538584 0.114752 0.167488 0.167507 0.114847 0.0541792 0.0182376 0.00613939 0.00567388 0.00977905 0.0161581 0.0234662 0.0299132 0.0336957 0.0339495 0.031211 0.0269572 0.0226299 0.0189367 0.015844 0.0130275
 1.03116e-16 6.43481e-05 0.000625486 0.00415658 0.0188952 0.0587901 0.125259 0.182822 0.182838 0.125334 0.0590418 0.0196227 0.00598451 0.00462166 0.0076709 0.0126247 0.0182864 0.0232204 0.0260062 0.0259879 0.023644 0.020217 0.0169155 0.0143236 0.0123681 0.0106796
 1.02467e-16 6.48384e-05 0.000630252 0.00418825 0.0190392 0.059238 0.126214 0.184216 0.184232 0.126293 0.0595038 0.0198069 0.00611605 0.00484119 0.00806965 0.0132578 0.0191385 0.0241655 0.0268066 0.0263552 0.0233384 0.019136 0.0151286 0.0120452 0.00988855 0.00828771
 1.06218e-16 3.14768e-05 0.000305966 0.00203325 0.00924289 0.0287583 0.0612744 0.0894417 0.089489 0.0615057 0.0295352 0.0114874 0.00766962 0.0126181 0.0234378 0.0387582 0.0559709 0.0706794 0.0784057 0.0770648 0.0681683 0.0557187 0.0437357 0.0343643 0.0276659 0.0226371
 1.06381e-16 6.3961e-05 0.000621724 0.00413157 0.0187815 0.0584364 0.124505 0.181721 0.181729 0.124547 0.0585769 0.0191895 0.00516321 0.00289905 0.0044632 0.00747157 0.0112115 0.0150519 0.018373 0.0208624 0.0226163 0.0238958 0.0247648 0.0249546 0.0240658 0.0219029
 1.05482e-16 5.72167e-05 0.000556166 0.00369592 0.0168011 0.0522747 0.111378 0.162564 0.162587 0.11149 0.0526519 0.0178907 0.0064309 0.00652704 0.0113988 0.0187604 0.0270401 0.0340608 0.0376596 0.0368804 0.0325617 0.026775 0.0215669 0.0179726 0.0158778 0.0145423
 1.08222e-16 4.08289e-05 0.000396872 0.00263735 0.0119891 0.0373026 0.0794783 0.116008 0.116042 0.079645 0.0378627 0.0136082 0.00670705 0.00929868 0.0169988 0.0281732 0.0408974 0.0520938 0.0586324 0.059049 0.0543571 0.0472293 0.0402524 0.0346585 0.0302819 0.0263592
 1.0621e-16 6.37502e-05 0.000619675 0.00411796 0.0187196 0.0582438 0.124095 0.181123 0.181134 0.124149 0.0584252 0.0192449 0.00544165 0.00352676 0.00563637 0.00935281 0.0137866 0.018013 0.0211269 0.02271 0.0230307 0.0227448 0.0223563 0.0218964 0.0210302 0.0194123
 1.04234e-16 6.15566e-05 0.000598352 0.00397626 0.0180755 0.0562397 0.119825 0.174893 0.174912 0.119918 0.0565509 0.0189745 0.00623318 0.00552668 0.00942592 0.0154986 0.022354 0.0281896 0.0312198 0.0306448 0.0271321 0.0223584 0.0179857 0.0148641 0.0129269 0.011616
 1.07182e-16 3.75089e-05 0.0003646 0.0024229 0.0110142 0.0342694 0.073016 0.106577 0.106617 0.0732091 0.034918 0.0128886 0.00713172 0.0106563 0.0196192 0.0324693 0.0469896 0.0595516 0.0664643 0.0660079 0.0594119 0.049921 0.0407469 0.0335311 0.0282196 0.0239453
 1.11725e-16 4.70226e-05 0.000457077 0.00303744 0.0138078 0.0429612 0.091534 0.133601 0.13362 0.0916283 0.0432784 0.0147272 0.00535708 0.00556009 0.00985405 0.0165193 0.0245033 0.0323103 0.0384177 0.0420969 0.0437266 0.0442652 0.0443525 0.0438359 0.0420459 0.0384565
 1.07182e-16 6.41825e-05 0.000623877 0.00414588 0.0188466 0.0586388 0.124937 0.182351 0.182364 0.124997 0.0588415 0.0194328 0.00562015 0.00385157 0.00622237 0.0102613 0.0149602 0.0192166 0.0219671 0.0227645 0.0220419 0.0207761 0.0198162 0.0194076 0.0192062 0.018646
 1.07423e-16 4.49561e-05 0.00043699 0.00290395 0.013201 0.0410733 0.0875122 0.127734 0.127768 0.08768 0.0416366 0.0148284 0.00698986 0.00935967 0.0170003 0.0280599 0.0404823 0.0510545 0.0565396 0.0554726 0.0490387 0.0402554 0.0321326 0.0262418 0.0225225 0.0200311
 1.05061e-16 6.4118e-05 0.00062325 0.00414172 0.0188277 0.0585799 0.124811 0.182168 0.18218 0.124869 0.058775 0.0193925 0.00556438 0.00374478 0.00603906 0.0100043 0.0146908 0.0190731 0.0221371 0.0234004 0.0231448 0.0221135 0.0209374 0.0197763 0.0184024 0.0165399
pSPR Fmed_Fpbrs
1   0.984012 0.6 0.325 0.984012 0.984012 0.984012
Fs Fmed_Fpbrs
0   0.01 0.363287 0.943641 0.01 0.01 0.01
SSBpbr Bo_Bmed_Bpbrs
1.22024e+06  1.15923e+06  1.13972e+06 671131 335566 1.13972e+06 1.13972e+06 1.13972e+06
Ro
182859
SPR SPRFo_SPRFmed_SPRFpbrs
1.31738e+06 1.31738e+06 1.29632e+06
Fref
0
Nvult_r0
 166620 30471.5 19804.7 3154.45 2302.02
CTP_r0
 16793.5 5740.02 3909.47 624.267 455.631
YTP_r0
356501
Np
 248269 91333 33599.6 12360.6 6220.03
Nvult_p0
 156936 57733.5 21239 7813.38 3931.81
CTP_p0
 0 0 0 0 0
 0 0 0 0 0
 0 0 0 0 0
 0 0 0 0 0
 0 0 0 0 0
 0 0 0 0 0
YTP_p0
 0 0 0 0 0 0
CBA_c0
0
log_Ro
11.9365
likeval ReclasPelacesDesembMPH_pf_preclas_ppelaces_ptallas_desvR_qrecl_qpela
 16.8075 17.3655 0.0693634 30.4581 236.268 136.271 109.778 0 22.271 1.17213e-06 3.69738e-08 0.33754 2064.97 0 0
q_reclas_q_pelaces
0.858036 1.02757
M
1
N
 195721 37145.6 137250 7786.95 0.296062
 98216.8 67105.4 11810.8 43261.9 2453.38
 126954 31797.6 18947.3 3282.54 12694.2
 182887 41234.7 9038.62 5303.56 4468.04
 156351 54904.1 9957.78 2128.56 2297.86
 237670 53985.6 17713.7 3187.59 1416.3
 102399 76105.7 14900.5 4805.96 1247.88
 53648.1 28554.7 15775 2984.53 1210.22
 48647.3 18896.1 9600 5275.09 1402.27
 64689 15122.3 4904.73 2440.45 1695.47
 127839 19226.4 3576.85 1129.91 951.363
 160748 44460.7 6296.49 1163.28 676.613
 103850 46985.8 10159.1 1398.38 407.957
 65291.2 30528.5 10863.6 2284.64 405.584
 112334 14892 4173.72 1399.98 345.532
 465948 30807.8 2982.14 805.985 336.383
 109799 131607 6557.36 614.335 234.897
 639884 35560.3 37187.4 1823.91 236
 412957 198611 9201.27 9422.2 521.303
 367362 121960 46364.3 2090.42 2255.6
 490514 112536 30710.6 11413.6 1068.48
 632912 157388 31190.9 8369.15 3398.34
 140783 195824 40457.4 7847.98 2957.24
 389231 47325.8 59770.7 12211.7 3259.41
 351490 130277 14315.8 17870.2 4622.51
 157301 118676 40126.4 4362.84 6850.73
 340995 54186.3 38102.9 12779 3569.48
 404488 114369 16461.5 11443.9 4906.95
 145035 137288 35611.1 5074.81 5037.84
 136031 50317.5 44732.5 11519.3 3269.84
 256136 46392.3 15823.7 13936.2 4605.04
 123091 84039.7 13466.6 4528.71 5302.21
 248269 43019.5 27802.5 4426.95 3230.59
pred_Ctot
 8461.79 3224.27 12580.3 715.858 0.0272213
 7525.73 10076.4 1867.66 6860.2 389.099
 9493.34 4665.94 2928.36 508.751 1967.73
 21621.4 9265.31 2131.53 1253.98 1056.57
 6101.79 4314.95 826.679 177.235 191.362
 19686.7 8723.53 3012.79 543.659 241.593
 16020.6 21993.7 4505.32 1456.67 378.278
 1448.43 1565.97 914.76 173.591 70.4018
 4832.59 3617.83 1932.01 1064.48 283.01
 7992.61 3537.15 1203.52 600.388 417.17
 4433.67 1347.01 264.807 83.9016 70.6548
 21272.2 11065.8 1642.86 304.293 177.013
 13432.4 11455.7 2597.22 358.418 104.578
 16300.5 13110.2 4844.89 1020.95 181.265
 18509.1 4504.05 1319.86 443.78 109.544
 69883.7 8576.46 869.054 235.46 98.2836
 8390.65 19711.8 1034.31 97.1724 37.1603
 64097.3 6861.09 7541.46 370.878 47.9956
 52406.2 47596.7 2312.64 2374.26 131.379
 39433.1 25082.9 10016.6 452.818 488.669
 40072.9 17950.1 5156.47 1921.72 179.928
 64500.6 30854.9 6426.14 1728.9 702.128
 7729.62 21405 4665.36 907.618 342.057
 22359.9 5402.58 7196.81 1474.63 393.65
 18393.9 13598.1 1576.72 1973.94 510.678
 6359.76 9652.7 3447.23 375.92 590.378
 19175.9 6060.66 4495.51 1512.07 422.424
 19916.8 11257.5 1710.18 1192.38 511.352
 5244.81 10018.4 2745.72 392.451 389.654
 6311.77 4676.73 4389.21 1133.62 321.835
 17669.2 6306.63 2266.71 2002 661.635
 3905.02 5397.26 914.132 308.34 361.062
 16793.5 5740.02 3909.47 624.267 455.631
F
 0.0704248 0.145826 0.154534 0.155021 0.155047
 0.127786 0.264601 0.280401 0.281285 0.281332
 0.124542 0.257885 0.273285 0.274147 0.274192
 0.203282 0.420927 0.446063 0.44747 0.447544
 0.0633863 0.131252 0.139089 0.139528 0.139551
 0.138758 0.287322 0.304479 0.305439 0.30549
 0.277058 0.573693 0.607952 0.609869 0.60997
 0.0434918 0.0900568 0.0954346 0.0957355 0.0957514
 0.168427 0.348756 0.369582 0.370747 0.370809
 0.213307 0.441686 0.468062 0.469538 0.469616
 0.056162 0.116293 0.123237 0.123626 0.123646
 0.229994 0.47624 0.504679 0.50627 0.506354
 0.224288 0.464424 0.492158 0.49371 0.493791
 0.478036 0.989851 1.04896 1.05227 1.05244
 0.293713 0.608181 0.644499 0.646531 0.646638
 0.264253 0.547179 0.579854 0.581682 0.581779
 0.127424 0.263852 0.279608 0.28049 0.280536
 0.16994 0.351888 0.372901 0.374077 0.374139
 0.219649 0.454818 0.481978 0.483498 0.483578
 0.183075 0.379086 0.401724 0.40299 0.403057
 0.136743 0.283148 0.300056 0.301002 0.301052
 0.173115 0.358463 0.379869 0.381067 0.38113
 0.0901649 0.186701 0.19785 0.198474 0.198507
 0.0945075 0.195693 0.207379 0.208033 0.208067
 0.0857844 0.177631 0.188238 0.188831 0.188863
 0.0657308 0.136106 0.144234 0.144689 0.144713
 0.0924364 0.191404 0.202834 0.203474 0.203508
 0.0805423 0.166776 0.176735 0.177292 0.177322
 0.0586193 0.121381 0.128629 0.129035 0.129056
 0.0757473 0.156847 0.166213 0.166737 0.166765
 0.114418 0.236922 0.251069 0.251861 0.251903
 0.0512696 0.106162 0.112502 0.112856 0.112875
 0.112086 0.232093 0.245953 0.246728 0.246769
YTP_r0W_actual
 126623 100163 94100.9 19552 16061
YTP_p0W_proyectada
 0 0 0 0 0
 0 0 0 0 0
 0 0 0 0 0
 0 0 0 0 0
 0 0 0 0 0
 0 0 0 0 0
CTP_r0_actual
 16793.5 5740.02 3909.47 624.267 455.631
CTP_p0_proyectada
 0 0 0 0 0
 0 0 0 0 0
 0 0 0 0 0
 0 0 0 0 0
 0 0 0 0 0
 0 0 0 0 0
Wmedp
 7.54 17.45 24.07 31.32 35.25
Frms_r0
 0.112086 0.232093 0.245953 0.246728 0.246769
Zrms_r0
 1.11209 1.23209 1.24595 1.24673 1.24677
nmprior
 7.29 8.9 8.7 0
nm_flota  nm_reclas  nm_pelaces    nm_pelaL
inf 11.4047 19.8276 65.4904
cv_recla  cv_pelaces  cv_mph
0.355044 0.456494 0.737492
 ------------------------------------------------
Talla a la edad & desviaci?n 
 8 13.2811 15.8009 17.003 17.5766
 0.8 1.32811 1.58009 1.7003 1.75766
