years
 1991 1992 1993 1994 1995 1996 1997 1998 1999 2000 2001 2002 2003 2004 2005 2006 2007 2008 2009 2010 2011 2012 2013 2014 2015 2016 2017 2018 2019 2020 2021 2022 2023
reclasobs
 0 0 0 0 0 0 0 0 0 252601 567819 844713 477998 351125 339783 2.1784e+06 2.13404e+06 4.81314e+06 1.55562e+06 2.62356e+06 3.21686e+06 3.843e+06 1.13348e+06 3.07943e+06 1.97215e+06 2.03268e+06 2.025e+06 2.42433e+06 2.27542e+06 1.05018e+06 2.36338e+06 3.18982e+06 1.53035e+06
reclaspred
 5.15678e+06 1.88288e+06 1.01686e+06 692885 283416 2.70322e+06 1.46279e+06 787628 584045 243130 448347 1.018e+06 967549 365652 569609 1.6714e+06 1.1063e+06 3.60683e+06 2.67686e+06 2.13533e+06 3.44579e+06 2.99652e+06 1.91881e+06 3.01547e+06 2.34411e+06 1.87887e+06 2.24604e+06 2.8919e+06 2.49918e+06 1.53896e+06 1.76232e+06 1.69872e+06 880532
pelacesobs
 0 0 0 0 0 0 0 0 0 0 0 0 0 0 0 552880 188675 0 991730 2.46772e+06 1.41603e+06 1.21717e+06 2.29649e+06 1.80582e+06 0 1.4828e+06 1.56532e+06 1.57751e+06 1.42118e+06 867257 1.10002e+06 1.06204e+06 0
pelacespred
 3.93321e+06 1.23426e+06 514205 253004 118396 1.46991e+06 729379 571389 293779 90509.2 239353 455181 491232 138337 269664 709202 507766 1.91618e+06 1.38258e+06 958182 1.73237e+06 1.47108e+06 1.074e+06 1.82475e+06 1.38701e+06 1.14336e+06 1.47732e+06 1.73672e+06 1.55919e+06 1.0133e+06 871770 999312 407845
mphobs
 0 0 0 0 0 0 0 0 0 0 0 0 498337 0 5186 125008 0 168611 109162 213762 579715 649985 157893 87575 83554 210694 70296 0 107559 103333 445601 22526 28222
mphpred
 1.0492e+06 459598 142634 122684 52386.3 28903.2 405098 126062 71213.5 44553.6 16932.2 71002.1 132993 66486.7 18113.5 55681.9 228834 102342 433161 356677 465067 485577 129630 69324.1 150831 112099 76102.5 107502 190288 109785 55011.3 98652.2 41096.7
desembarqueobs
 494567 514787 250237 358949 120608 361735 552515 73892 212993 205616 52469 317467 293654 387597 252695 516296 358380 742168 942051 627588 828172 859565 418607 520667 417249 300574 415391 372974 316634 284311 391294 218835 356480
desembarquepred
 494505 514595 249847 358790 120562 361578 552038 73880.4 212865 205479 52460.7 317253 293452 387013 252439 515811 358235 741455 940574 626540 827914 858710 418341 520438 416915 300394 415118 372723 316396 283981 390879 218798 356323
Reclutas
 52716.7 67262.4 130243 49291.7 22660.9 272931 30454.6 10998.4 31924.8 31196.4 45586.2 129243 78317.7 50139.2 57536 253270 26964.4 407652 213823 230641 225208 371976 35358.4 168139 145648 44745 135077 163954 45714.3 58176.9 111177 26652 66039.1
log_desv_Rt
 -0.396488 -0.152817 0.507985 -0.463664 -1.24078 1.2478 -0.945184 -1.96367 -0.898036 -0.921117 -0.541815 0.500273 -0.000646011 -0.446616 -0.309009 1.17304 -1.0669 1.64899 1.00373 1.07944 1.0556 1.55741 -0.795883 0.763372 0.619773 -0.560439 0.544425 0.738169 -0.539008 -0.297932 0.349706 -1.07855 -0.171173
SSB
 1.19909e+06 525253 163009 140210 59869.9 33032.1 462968 144070 81386.7 50918.3 19351 81145.1 141803 72508.8 19429.6 60458.5 261524 116962 519884 263838 356810 402686 434676 220254 434575 350268 220199 293611 543911 289063 177513 318963 125514
BT
 1.63018e+06 933739 437206 376394 148484 1.24457e+06 752704 283056 354938 237175 184633 521095 510749 469266 417755 850894 483940 1.83512e+06 1.56035e+06 1.00772e+06 1.60232e+06 1.51249e+06 766163 1.50865e+06 985781 726917 1.23159e+06 1.25076e+06 830438 695805 781440 567599 529756
Ftot
 0.419441 1.14483 1.15292 2.01368 1.74594 0.778012 1.42693 0.427015 1.72284 3.18245 0.656805 1.55515 1.38848 3.85963 2.29807 1.65877 1.30166 1.13548 1.53738 1.42459 1.15211 1.37537 0.911942 0.909496 0.8258 0.712255 0.95128 0.676198 0.544316 0.84872 1.12578 0.563623 1.84357
BD_Bspro_t
 0.935811 0.573462 0.269257 0.248035 0.110392 0.0846831 0.458669 0.190156 0.158834 0.124814 0.0712256 0.309686 0.295023 0.146773 0.0472262 0.132557 0.283722 0.150232 0.356492 0.206796 0.220971 0.240213 0.273305 0.182152 0.33325 0.339753 0.292119 0.383761 0.510161 0.366873 0.294433 0.384147 0.273045
BD_Bspro
 2.12381 0.930325 0.288721 0.248339 0.106041 0.0585062 0.820005 0.255176 0.144151 0.0901861 0.0342744 0.143723 0.25116 0.128427 0.0344135 0.107084 0.46321 0.207162 0.920815 0.467308 0.631978 0.713234 0.769894 0.390111 0.769716 0.620392 0.390015 0.520041 0.96337 0.511986 0.314409 0.564945 0.222309
BD_Bo
 4.37886 1.91813 0.595281 0.512022 0.218634 0.120627 1.69068 0.526119 0.29721 0.185945 0.0706665 0.296328 0.51784 0.264789 0.0709534 0.220784 0.95504 0.427125 1.89853 0.96349 1.30301 1.47054 1.58736 0.804327 1.58699 1.27912 0.804128 1.07222 1.98627 1.05561 0.648246 1.1648 0.458355
BD_Brms
 4.68803 2.05356 0.637311 0.548174 0.234071 0.129144 1.81005 0.563266 0.318194 0.199073 0.0756559 0.31725 0.554402 0.283485 0.0759632 0.236373 1.02247 0.457282 2.03257 1.03152 1.39501 1.57437 1.69944 0.861117 1.69904 1.36943 0.860904 1.14792 2.12651 1.13014 0.694016 1.24704 0.490718
Sel_flota
 0.450804 0.939745 0.996637 0.999822 0.999991
 0.450804 0.939745 0.996637 0.999822 0.999991
 0.450804 0.939745 0.996637 0.999822 0.999991
 0.450804 0.939745 0.996637 0.999822 0.999991
 0.450804 0.939745 0.996637 0.999822 0.999991
 0.450804 0.939745 0.996637 0.999822 0.999991
 0.450804 0.939745 0.996637 0.999822 0.999991
 0.450804 0.939745 0.996637 0.999822 0.999991
 0.450804 0.939745 0.996637 0.999822 0.999991
 0.450804 0.939745 0.996637 0.999822 0.999991
 0.450804 0.939745 0.996637 0.999822 0.999991
 0.450804 0.939745 0.996637 0.999822 0.999991
 0.450804 0.939745 0.996637 0.999822 0.999991
 0.450804 0.939745 0.996637 0.999822 0.999991
 0.450804 0.939745 0.996637 0.999822 0.999991
 0.450804 0.939745 0.996637 0.999822 0.999991
 0.450804 0.939745 0.996637 0.999822 0.999991
 0.450804 0.939745 0.996637 0.999822 0.999991
 0.450804 0.939745 0.996637 0.999822 0.999991
 0.450804 0.939745 0.996637 0.999822 0.999991
 0.450804 0.939745 0.996637 0.999822 0.999991
 0.450804 0.939745 0.996637 0.999822 0.999991
 0.450804 0.939745 0.996637 0.999822 0.999991
 0.450804 0.939745 0.996637 0.999822 0.999991
 0.450804 0.939745 0.996637 0.999822 0.999991
 0.450804 0.939745 0.996637 0.999822 0.999991
 0.450804 0.939745 0.996637 0.999822 0.999991
 0.450804 0.939745 0.996637 0.999822 0.999991
 0.450804 0.939745 0.996637 0.999822 0.999991
 0.450804 0.939745 0.996637 0.999822 0.999991
 0.450804 0.939745 0.996637 0.999822 0.999991
 0.450804 0.939745 0.996637 0.999822 0.999991
 0.450804 0.939745 0.996637 0.999822 0.999991
Sel_reclas
 0.610681 0.887566 0.975447 0.995023 0.999007
 0.610681 0.887566 0.975447 0.995023 0.999007
 0.610681 0.887566 0.975447 0.995023 0.999007
 0.610681 0.887566 0.975447 0.995023 0.999007
 0.610681 0.887566 0.975447 0.995023 0.999007
 0.610681 0.887566 0.975447 0.995023 0.999007
 0.610681 0.887566 0.975447 0.995023 0.999007
 0.610681 0.887566 0.975447 0.995023 0.999007
 0.610681 0.887566 0.975447 0.995023 0.999007
 0.610681 0.887566 0.975447 0.995023 0.999007
 0.610681 0.887566 0.975447 0.995023 0.999007
 0.610681 0.887566 0.975447 0.995023 0.999007
 0.610681 0.887566 0.975447 0.995023 0.999007
 0.610681 0.887566 0.975447 0.995023 0.999007
 0.610681 0.887566 0.975447 0.995023 0.999007
 0.610681 0.887566 0.975447 0.995023 0.999007
 0.610681 0.887566 0.975447 0.995023 0.999007
 0.610681 0.887566 0.975447 0.995023 0.999007
 0.610681 0.887566 0.975447 0.995023 0.999007
 0.610681 0.887566 0.975447 0.995023 0.999007
 0.610681 0.887566 0.975447 0.995023 0.999007
 0.610681 0.887566 0.975447 0.995023 0.999007
 0.610681 0.887566 0.975447 0.995023 0.999007
 0.610681 0.887566 0.975447 0.995023 0.999007
 0.610681 0.887566 0.975447 0.995023 0.999007
 0.610681 0.887566 0.975447 0.995023 0.999007
 0.610681 0.887566 0.975447 0.995023 0.999007
 0.610681 0.887566 0.975447 0.995023 0.999007
 0.610681 0.887566 0.975447 0.995023 0.999007
 0.610681 0.887566 0.975447 0.995023 0.999007
 0.610681 0.887566 0.975447 0.995023 0.999007
 0.610681 0.887566 0.975447 0.995023 0.999007
 0.610681 0.887566 0.975447 0.995023 0.999007
Sel_pelaces
 0.407677 0.775975 0.945746 0.98873 0.99774
 0.407677 0.775975 0.945746 0.98873 0.99774
 0.407677 0.775975 0.945746 0.98873 0.99774
 0.407677 0.775975 0.945746 0.98873 0.99774
 0.407677 0.775975 0.945746 0.98873 0.99774
 0.407677 0.775975 0.945746 0.98873 0.99774
 0.407677 0.775975 0.945746 0.98873 0.99774
 0.407677 0.775975 0.945746 0.98873 0.99774
 0.407677 0.775975 0.945746 0.98873 0.99774
 0.407677 0.775975 0.945746 0.98873 0.99774
 0.407677 0.775975 0.945746 0.98873 0.99774
 0.407677 0.775975 0.945746 0.98873 0.99774
 0.407677 0.775975 0.945746 0.98873 0.99774
 0.407677 0.775975 0.945746 0.98873 0.99774
 0.407677 0.775975 0.945746 0.98873 0.99774
 0.407677 0.775975 0.945746 0.98873 0.99774
 0.407677 0.775975 0.945746 0.98873 0.99774
 0.407677 0.775975 0.945746 0.98873 0.99774
 0.407677 0.775975 0.945746 0.98873 0.99774
 0.407677 0.775975 0.945746 0.98873 0.99774
 0.407677 0.775975 0.945746 0.98873 0.99774
 0.407677 0.775975 0.945746 0.98873 0.99774
 0.407677 0.775975 0.945746 0.98873 0.99774
 0.407677 0.775975 0.945746 0.98873 0.99774
 0.407677 0.775975 0.945746 0.98873 0.99774
 0.407677 0.775975 0.945746 0.98873 0.99774
 0.407677 0.775975 0.945746 0.98873 0.99774
 0.407677 0.775975 0.945746 0.98873 0.99774
 0.407677 0.775975 0.945746 0.98873 0.99774
 0.407677 0.775975 0.945746 0.98873 0.99774
 0.407677 0.775975 0.945746 0.98873 0.99774
 0.407677 0.775975 0.945746 0.98873 0.99774
 0.407677 0.775975 0.945746 0.98873 0.99774
pf_obs 
 0.8446 0.082 0.0669 0.0065 0
 0.8095 0.147 0.0364 0.0071 0
 0.9664 0.0169 0.016 0.0007 0
 0.9276 0.0648 0.0075 0.0001 0
 0.7033 0.2144 0.0806 0.0017 0
 0.9318 0.0425 0.0243 0.0014 0
 0.5671 0.3108 0.0964 0.0239 0.0018
 0.0768 0.2599 0.5324 0.112 0.0189
 0.490249 0.384438 0.106611 0.0170017 0.00170017
 0.7925 0.1577 0.0466 0.003 0.0002
 0.840416 0.127587 0.0312969 0.00059994 9.999e-05
 0.8084 0.0986 0.0794 0.0134 0.0002
 0.7335 0.1905 0.0724 0.0035 0.0001
 0.4001 0.4547 0.1325 0.0127 0
 0.49795 0.308269 0.164784 0.0264974 0.00249975
 0.9179 0.0499 0.0305 0.0017 0
 0.2467 0.6533 0.0926 0.0074 0
 0.9418 0.0223 0.034 0.0019 0
 0.707729 0.231977 0.0356964 0.0245975 0
 0.517169 0.277429 0.184464 0.0207286 0.00020938
 0.811772 0.124168 0.05621 0.00726502 0.000585176
 0.764997 0.148141 0.077277 0.00933861 0.000247198
 0.163321 0.427699 0.378323 0.0303852 0.000271297
 0.753843 0.0900009 0.118128 0.0371064 0.000921714
 0.721811 0.176058 0.0630433 0.0369309 0.00215725
 0.143369 0.312575 0.442814 0.0836902 0.0175525
 0.692698 0.0596174 0.167031 0.0765114 0.00414204
 0.394062 0.376323 0.152708 0.0712218 0.00568511
 0.125707 0.32114 0.495352 0.0537591 0.00404204
 0.23352 0.215282 0.420074 0.123614 0.00750983
 0.796117 0.104755 0.0508955 0.0450114 0.00322123
 0.162477 0.292055 0.404252 0.121198 0.0200186
 0 0 0 0 0
pf_pred 
 0.247825 0.220106 0.466457 0.0656106 1.23574e-06
 0.519797 0.21164 0.0826458 0.163069 0.0228479
 0.798834 0.154357 0.0218352 0.00771487 0.017259
 0.511263 0.450718 0.0298594 0.00381824 0.00434194
 0.613792 0.311804 0.0693245 0.00399552 0.00108328
 0.971368 0.0243959 0.00350047 0.000686055 4.99072e-05
 0.206205 0.784858 0.00770908 0.00101569 0.000212544
 0.304123 0.312555 0.37946 0.00333401 0.000527893
 0.755841 0.1247 0.0557954 0.0630246 0.00063888
 0.795618 0.188482 0.00863676 0.0034054 0.0038585
 0.89681 0.0991409 0.00378826 0.00014267 0.00011865
 0.859996 0.133774 0.00600373 0.000211627 1.45323e-05
 0.657711 0.326431 0.0152279 0.000607342 2.27291e-05
 0.681916 0.273815 0.0424266 0.00177 7.27847e-05
 0.919349 0.0765355 0.00364848 0.000447958 1.92054e-05
 0.954101 0.0450115 0.000848608 3.47216e-05 4.40821e-06
 0.265498 0.724445 0.00988463 0.000164853 7.54973e-06
 0.957721 0.0221415 0.0198898 0.000243917 4.22922e-06
 0.592037 0.402087 0.00322312 0.00261996 3.25069e-05
 0.747532 0.209076 0.0428363 0.000305383 0.000249689
 0.728263 0.246022 0.0216908 0.00397296 5.1156e-05
 0.802116 0.175471 0.0204795 0.0016329 0.000301262
 0.201234 0.740634 0.0521636 0.00545551 0.000512101
 0.81591 0.0740022 0.102725 0.00661072 0.000752516
 0.646815 0.326757 0.0112026 0.0142114 0.0010136
 0.353919 0.533412 0.104909 0.00329835 0.00446128
 0.788785 0.122502 0.07427 0.0134523 0.000990381
 0.715492 0.259499 0.0150639 0.00833339 0.00161235
 0.320059 0.585222 0.0869972 0.00465935 0.00306258
 0.566627 0.228858 0.177842 0.024507 0.00216604
 0.776426 0.174422 0.0270374 0.0192427 0.00287207
 0.344476 0.596174 0.0473028 0.00664331 0.00540407
 0.757484 0.135664 0.0978439 0.00718585 0.00182222
pobs_RECLAS
 0 0 0 0 0
 0 0 0 0 0
 0 0 0 0 0
 0 0 0 0 0
 0 0 0 0 0
 0 0 0 0 0
 0 0 0 0 0
 0 0 0 0 0
 0 0 0 0 0
 0 0 0 0 0
 0.991045 0.00858322 0.000360255 1.14367e-05 0
 0.934742 0.0480273 0.0164251 0.00080598 0
 0.827803 0.169806 0.00239088 0 0
 0.941827 0.0461693 0.0120037 0 0
 0.791401 0.0380133 0.147996 0.0225897 0
 0.846168 0.0940531 0.0597789 0 0
 0.134021 0.677848 0.182769 0.00536245 0
 0.80878 0.0450904 0.141981 0.00414843 0
 0.846168 0.0940531 0.0597789 0 0
 0.905697 0.0802665 0.012482 0.00150086 5.37128e-05
 0.989698 0.0102097 9.19794e-05 0 0
 0.975433 0.0193895 0.00387452 0.00125025 5.28907e-05
 0.303575 0.632131 0.0575291 0.00676475 0
 0.966965 0.00978017 0.0227588 0.000495775 0
 0.843318 0.132988 0.00938335 0.0141283 0.000182051
 0.564624 0.303363 0.111486 0.0197234 0.00080311
 0.826376 0.0876187 0.0782897 0.00655872 0.00115652
 0.89761 0.0855135 0.0140674 0.00269457 0.000114338
 0.34875 0.467042 0.161289 0.0227151 0.000203297
 0.318654 0.224769 0.449479 0.00709798 0
 0.937255 0.0296025 0.0250945 0.00804832 0
 0.456809 0.399803 0.12412 0.0192676 0
 0.883104 0.0372192 0.0704036 0.00927362 0
ppred_RECLAS
 0.320175 0.194048 0.425 0.0607755 1.14905e-06
 0.622192 0.163126 0.0653109 0.130954 0.0184179
 0.859574 0.106868 0.0154978 0.0055644 0.0124955
 0.642066 0.329712 0.0220816 0.0028671 0.00327261
 0.724387 0.221793 0.0500902 0.00293217 0.000797982
 0.980677 0.0163838 0.00242117 0.000482337 3.52217e-05
 0.293405 0.698456 0.00700507 0.000937673 0.000196961
 0.386166 0.270697 0.339622 0.0030337 0.00048218
 0.835 0.0832649 0.0378587 0.0434349 0.000441961
 0.888666 0.102723 0.00464329 0.0018564 0.00211115
 0.928197 0.0688975 0.00271486 0.000103935 8.67671e-05
 0.908717 0.0871452 0.00398545 0.000142711 9.83695e-06
 0.753471 0.234864 0.0111939 0.000453596 1.70397e-05
 0.832544 0.144729 0.0217683 0.000920008 3.79694e-05
 0.953145 0.0444481 0.00213031 0.0002655 1.14255e-05
 0.971523 0.0279168 0.000535418 2.22522e-05 2.83579e-06
 0.363094 0.627985 0.00876562 0.00014854 6.82849e-06
 0.972007 0.0144833 0.0133409 0.000166257 2.89365e-06
 0.701334 0.294252 0.00240427 0.00198535 2.47263e-05
 0.825042 0.144359 0.0302014 0.000218746 0.00017953
 0.805977 0.175201 0.0158356 0.00294748 3.80962e-05
 0.865374 0.119063 0.0142002 0.00115036 0.000213041
 0.276481 0.669398 0.048482 0.00515351 0.000485596
 0.868752 0.0518451 0.0740089 0.00484074 0.000553135
 0.733738 0.245617 0.00866804 0.0111768 0.000800202
 0.448951 0.452431 0.0917084 0.00293092 0.00397944
 0.849038 0.0864445 0.0538683 0.00991654 0.000732852
 0.788955 0.191852 0.0114826 0.00645717 0.00125411
 0.409047 0.506241 0.0776908 0.00423 0.002791
 0.660798 0.176516 0.14116 0.0197714 0.00175415
 0.842375 0.122079 0.0194069 0.014036 0.00210292
 0.436586 0.510739 0.0418276 0.00597181 0.00487641
 0.83897 0.0894716 0.0654357 0.00488053 0.00124229
pobs_PELACES
 0 0 0 0 0
 0 0 0 0 0
 0 0 0 0 0
 0 0 0 0 0
 0 0 0 0 0
 0 0 0 0 0
 0 0 0 0 0
 0 0 0 0 0
 0 0 0 0 0
 0 0 0 0 0
 0 0 0 0 0
 0 0 0 0 0
 0 0 0 0 0
 0 0 0 0 0
 0 0 0 0 0
 0 0 0 0 0
 0.505614 0.472636 0.0217494 0 0
 0 0 0 0 0
 0.443492 0.261883 0.143347 0.151278 0
 0.227955 0.32914 0.350689 0.0885471 0.00366901
 0.970185 0.0296113 0.000203453 0 0
 0.997202 0.00247181 0.000326279 0 0
 0.445219 0.490057 0.0546422 0.010081 0
 0.90214 0.0892962 0.00764917 0.000914606 0
 0 0 0 0 0
 0.581667 0.319106 0.0959925 0.00289975 0.000334073
 0.762889 0.0836404 0.116647 0.0363945 0.000428098
 0.88444 0.0763242 0.0277011 0.0115352 0
 0.521256 0.241999 0.230069 0.00667565 0
 0.616807 0.101726 0.260614 0.0208532 0
 0.833518 0.0704572 0.0857862 0.0102388 0
 0.697417 0.212968 0.0787535 0.0105354 0.000325836
 0 0 0 0 0
ppred_PELACES
 0.263768 0.195658 0.4715 0.0690722 1.31253e-06
 0.588209 0.167901 0.0729635 0.149757 0.0211684
 0.846079 0.114375 0.0180002 0.00661563 0.0149308
 0.653332 0.317489 0.0227054 0.00301506 0.00345862
 0.723874 0.218998 0.0530804 0.00317868 0.000869386
 0.977424 0.0188625 0.00304642 0.000621489 4.56119e-05
 0.285087 0.706 0.00764483 0.0010472 0.000221069
 0.327634 0.280751 0.387503 0.00354593 0.00056645
 0.83027 0.0821135 0.0400863 0.0470494 0.000481131
 0.910242 0.0824565 0.00389367 0.0015901 0.00181719
 0.916186 0.0801066 0.00345764 0.000135572 0.00011375
 0.906846 0.0886175 0.00436512 0.000159934 1.10792e-05
 0.744152 0.242807 0.0125034 0.000518507 1.95758e-05
 0.875708 0.106954 0.0165927 0.000715807 2.96859e-05
 0.957321 0.0403518 0.00205419 0.00026175 1.13199e-05
 0.971423 0.0279725 0.00057671 2.45218e-05 3.14064e-06
 0.349138 0.641003 0.00968289 0.000167936 7.75887e-06
 0.968331 0.0157326 0.015732 0.000200693 3.51056e-06
 0.696495 0.298627 0.00262895 0.0022213 2.78033e-05
 0.817142 0.148793 0.0336106 0.000249122 0.000205485
 0.791107 0.187009 0.0183439 0.00349505 4.54005e-05
 0.858549 0.12391 0.015971 0.00132409 0.000246444
 0.251335 0.687882 0.0543124 0.00591123 0.0005598
 0.8472 0.0571757 0.0889808 0.00595912 0.000684359
 0.704515 0.270325 0.0104169 0.0137541 0.000989689
 0.406895 0.478708 0.10618 0.00347526 0.00474233
 0.828006 0.0946956 0.0642826 0.012116 0.000899905
 0.75922 0.216792 0.0142078 0.00818266 0.00159726
 0.362607 0.5383 0.0906822 0.00505728 0.00335373
 0.619992 0.189136 0.165084 0.0236765 0.00211121
 0.827227 0.130924 0.0225984 0.0167311 0.00251931
 0.390921 0.546851 0.049143 0.00718655 0.00589801
 0.838375 0.0869636 0.0681332 0.00519808 0.00132972
pobs_pel_tallas
 0 0 0 0 0 0 0 0 0 0 0 0 0 0 0 0 0 0 0 0 0 0 0 0 0 0
 0 0 0 0 0 0 0 0 0 0 0 0 0 0 0 0 0 0 0 0 0 0 0 0 0 0
 0 0 0 0 0 0 0 0 0 0 0 0 0 0 0 0 0 0 0 0 0 0 0 0 0 0
 0 0 0 0 0 0 0 0 0 0 0 0 0 0 0 0 0 0 0 0 0 0 0 0 0 0
 0 0 0 0 0 0 0 0 0 0 0 0 0 0 0 0 0 0 0 0 0 0 0 0 0 0
 0 0 0 0 0 0 0 0 0 0 0 0 0 0 0 0 0 0 0 0 0 0 0 0 0 0
 0 0 0 0 0 0 0 0 0 0 0 0 0 0 0 0 0 0 0 0 0 0 0 0 0 0
 0 0 0 0 0 0 0 0 0 0 0 0 0 0 0 0 0 0 0 0 0 0 0 0 0 0
 0 0 0 0 0 0 0 0 0 0 0 0 0 0 0 0 0 0 0 0 0 0 0 0 0 0
 0 0 0 0 0 0 0 0 0 0 0 0 0 0 0 0 0 0 0 0 0 0 0 0 0 0
 0 0 0 0 0 0 0 0 0 0 0 0 0 0 0 0 0 0 0 0 0 0 0 0 0 0
 0 0 0 0 0 0 0 0 0 0 0 0 0 0 0 0 0 0 0 0 0 0 0 0 0 0
 0.00862536 0 0 0.000197151 0.00414017 0.0128641 0.00837892 0.0270097 0.101434 0.158115 0.152841 0.127902 0.109271 0.109419 0.0830992 0.0579132 0.0238553 0.00714673 0.00463305 0.00128148 0.00103504 0.000492878 0.000147863 0.000147863 4.92878e-05 0
 0 0 0 0 0 0 0 0 0 0 0 0 0 0 0 0 0 0 0 0 0 0 0 0 0 0
 0 0 0 0 0 0 0 0.0054083 0.00873648 0.0413646 0.0450493 0.0745869 0.0622846 0.0627006 0.0613931 0.0827291 0.12552 0.122667 0.0946155 0.0697135 0.0546179 0.0294188 0.0215738 0.0213955 0.0102223 0.00600262
 0 0 0 0 0.00359764 0.0251062 0.0480494 0.140153 0.205849 0.193036 0.1447 0.116669 0.0760912 0.0342217 0.00950174 0.001854 0.000860785 0 0 0 0.000165536 0 0.000143464 0 0 0
 0 0 0 0 0 0 0 0.000145254 0.000435761 0.0275982 0.070085 0.0708112 0.156366 0.174668 0.174014 0.160142 0.0824315 0.0480064 0.0283245 0.00493863 0.00203355 0 0 0 0 0
 0 0 0 0 0 0 0 0 0 0 0 0 0 0 0 0 0 0 0 0 0 0 0 0 0 0
 0 0 1.00437e-05 0.000401748 0.00122533 0.00171747 0.00176769 0.0269171 0.070346 0.194647 0.189555 0.159765 0.064822 0.0314167 0.0384472 0.0292271 0.0345202 0.0313363 0.0194345 0.0106764 0.0143323 0.0359363 0.0279516 0.0138201 0.00172751 0
 0 0.0021121 0.0136068 0.0755702 0.200478 0.177729 0.0527432 0.0373336 0.0318909 0.0142505 0.0149659 0.0166563 0.0217959 0.0798694 0.0677717 0.0528807 0.04013 0.0224614 0.0357745 0.0225083 0.00881397 0.00855152 0.00135912 0.000746735 0 0
 0 0 0 0 5.4009e-05 0.00500934 0.000945158 0.0243581 0.138947 0.33067 0.221406 0.137944 0.0707744 0.0437923 0.0131692 0.00525238 0.0047753 0.00276346 9.45158e-05 9.00151e-06 2.25038e-05 9.00151e-06 4.50075e-06 0 0 0
 0.000866109 0.00284123 0.00948549 0.0512746 0.133035 0.25785 0.225252 0.132002 0.0553304 0.0519788 0.0540692 0.017754 0.00435017 0.00159236 0.00146478 0.000404838 0.000125132 0.000115318 0.000107957 0.000100596 0 0 0 0 0 0
 0 0 0 0 0.00144013 0.00171154 0.00461396 0.0210425 0.0478622 0.0707936 0.0888783 0.103762 0.0637923 0.0337046 0.0602308 0.124433 0.169614 0.0934646 0.0462172 0.0250306 0.0313229 0.00938855 0.002487 0.000210481 0 0
 0 0.00764035 0.051015 0.0998891 0.058973 0.0496711 0.0374665 0.0718981 0.12319 0.153886 0.159021 0.0857701 0.0377988 0.023471 0.0147837 0.00900784 0.00315554 0.000888139 0.00291439 0.00214683 0.00393193 0.00274676 0.000635225 9.99891e-05 0 0
 0 0 0 0 0 0 0 0 0 0 0 0 0 0 0 0 0 0 0 0 0 0 0 0 0 0
 0 0 0 0 0 0 0 0 0 0 0 0 0 0 0 0 0 0 0 0 0 0 0 0 0 0
 0 0 0 0 0 0 0 0 0 0 0 0 0 0 0 0 0 0 0 0 0 0 0 0 0 0
 0 0 0 0 0 0 0 0 0 0 0 0 0 0 0 0 0 0 0 0 0 0 0 0 0 0
 0 0 0 0 0 0 0 0 0 0 0 0 0 0 0 0 0 0 0 0 0 0 0 0 0 0
 0 0 0 0 0 0 0 0 0 0 0 0 0 0 0 0 0 0 0 0 0 0 0 0 0 0
 0 0 0 0 0 0 0 0 0 0 0 0 0 0 0 0 0 0 0 0 0 0 0 0 0 0
 0 0 0 0 0 0 0 0 0 0 0 0 0 0 0 0 0 0 0 0 0 0 0 0 0 0
 0 0 0 0 0 0 0 0 0 0 0 0 0 0 0 0 0 0 0 0 0 0 0 0 0 0
ppred_pel_tallas
 1.20584e-16 2.17263e-05 0.000211187 0.00140341 0.00637973 0.0198498 0.0422928 0.0617317 0.0617513 0.0423888 0.020174 0.00732505 0.00381043 0.00557865 0.0105465 0.0182647 0.0283217 0.039814 0.0516976 0.0632958 0.0742905 0.0841062 0.0913419 0.0940019 0.0905316 0.0808689
 1.2075e-16 4.84501e-05 0.000470952 0.00312964 0.0142269 0.0442653 0.0943125 0.137655 0.137672 0.0943922 0.0445336 0.0150037 0.00508661 0.00476769 0.00828397 0.0138243 0.0204174 0.0268071 0.0318127 0.0350687 0.0372828 0.0396745 0.0429984 0.0469166 0.0501491 0.0512003
 1.03739e-16 6.96904e-05 0.000677416 0.00450166 0.0204639 0.0636709 0.135658 0.197999 0.19801 0.135712 0.0638519 0.0209868 0.00581462 0.00354498 0.00552002 0.00902755 0.0130288 0.0164559 0.0182792 0.0180467 0.0161597 0.013603 0.0113434 0.00986061 0.00908202 0.00863192
 1.01625e-16 5.38142e-05 0.000523093 0.00347614 0.015802 0.0491661 0.104755 0.152899 0.15293 0.104904 0.0496674 0.0172494 0.00710751 0.00844442 0.0150802 0.024799 0.0356095 0.0445497 0.0486374 0.0464972 0.0391876 0.0295085 0.0203646 0.0134481 0.00899059 0.00634992
 1.02054e-16 5.96245e-05 0.000579572 0.00385146 0.0175082 0.0544746 0.116065 0.169404 0.169425 0.116168 0.0548216 0.0185108 0.00636966 0.00608181 0.0105238 0.0173407 0.0250589 0.0316846 0.0352141 0.0346999 0.0307825 0.0252021 0.0197127 0.0152612 0.0119106 0.00928946
 1.00163e-16 8.05091e-05 0.000782577 0.0052005 0.0236407 0.0735551 0.156717 0.228733 0.228735 0.156726 0.0735849 0.0237269 0.00541688 0.00125503 0.00097802 0.00149004 0.00213999 0.00269356 0.00297196 0.00289394 0.00251871 0.00200381 0.0015095 0.00112443 0.000855598 0.000666008
 1.00544e-16 2.34824e-05 0.000228257 0.00151685 0.00689544 0.0214546 0.0457139 0.0667349 0.0668028 0.0460455 0.0225679 0.0101089 0.00957574 0.0177963 0.033316 0.0548508 0.0785661 0.097859 0.106019 0.0999539 0.0820921 0.0588604 0.0370158 0.0206256 0.0104085 0.00496858
 1.11706e-16 2.69868e-05 0.000262322 0.00174322 0.00792444 0.024656 0.0525333 0.0766797 0.0767073 0.0526684 0.0251111 0.0092457 0.00508522 0.00764196 0.0142874 0.0242135 0.0363507 0.0487581 0.0593371 0.0668943 0.0714975 0.0737695 0.0738519 0.0710961 0.064749 0.0549093
 1.05978e-16 6.83882e-05 0.000664758 0.00441755 0.0200815 0.0624812 0.133123 0.194299 0.194307 0.133162 0.0626123 0.020461 0.00537322 0.00276149 0.00408202 0.00672495 0.00988565 0.0128769 0.0150599 0.0161781 0.0164997 0.0165791 0.0168236 0.017217 0.0173829 0.0168783
 1.00601e-16 7.49755e-05 0.000728788 0.00484306 0.0220158 0.0684995 0.145946 0.213014 0.213022 0.145984 0.0686296 0.0223916 0.00578559 0.00278441 0.00397333 0.00643533 0.00922882 0.0115342 0.0125733 0.0119925 0.010075 0.00755966 0.00521214 0.00347628 0.0024055 0.00181541
 1.00154e-16 7.54651e-05 0.000733547 0.00487468 0.0221596 0.0689468 0.146899 0.214405 0.214412 0.146936 0.0690732 0.0225245 0.00579002 0.00272958 0.00385993 0.00624506 0.00894944 0.0111705 0.0121464 0.0115265 0.00958049 0.00702471 0.00460871 0.00277846 0.00160803 0.000942696
 1.00167e-16 7.46958e-05 0.000726069 0.00482499 0.0219337 0.0682439 0.145401 0.212219 0.212228 0.145443 0.0683837 0.0223374 0.00583776 0.0029347 0.00426262 0.00691118 0.00990707 0.0123704 0.0134594 0.0127862 0.0106474 0.00783262 0.00516747 0.00314246 0.00183872 0.00108701
 1.00479e-16 6.12948e-05 0.000595808 0.00395935 0.0179987 0.0560006 0.119316 0.17415 0.174174 0.11943 0.0563838 0.0191049 0.00673449 0.00664791 0.0115375 0.0189297 0.0271519 0.0339087 0.0369036 0.0350743 0.0292323 0.0215386 0.0142512 0.00871054 0.00513711 0.00306759
 1.00584e-16 7.21309e-05 0.000701138 0.00465931 0.0211806 0.0659006 0.140409 0.204933 0.204943 0.140459 0.0660698 0.0216691 0.00588572 0.00337848 0.00515703 0.00841152 0.0121095 0.0152244 0.0167593 0.0162478 0.0140224 0.0109791 0.0080382 0.00572261 0.00409641 0.0029714
 1.00098e-16 7.88533e-05 0.000766482 0.00509354 0.0231545 0.0720423 0.153494 0.22403 0.224033 0.153513 0.0721059 0.0233384 0.00555475 0.0017723 0.00198615 0.00315096 0.00451314 0.00563656 0.00613569 0.0058342 0.00486731 0.00359425 0.00239004 0.00147658 0.00088918 0.000549442
 1.00027e-16 8.00148e-05 0.000777773 0.00516857 0.0234956 0.0731035 0.155755 0.227329 0.227332 0.155768 0.0731476 0.0236229 0.00548797 0.00147411 0.00139981 0.00218047 0.00311666 0.00388405 0.00421231 0.00397871 0.00327872 0.0023656 0.00150531 0.000857507 0.000450116 0.000228488
 1.00462e-16 2.87582e-05 0.00027954 0.00185764 0.00844461 0.0262747 0.0559832 0.0817221 0.0817837 0.0562844 0.0272855 0.0113625 0.0091755 0.0162327 0.0302628 0.0498168 0.071365 0.0889102 0.0963609 0.0909092 0.0747502 0.0537053 0.0338935 0.0189963 0.0096664 0.00464864
 1.00479e-16 7.97602e-05 0.000775297 0.00515212 0.0234208 0.0728708 0.155259 0.226605 0.226607 0.155267 0.0728961 0.0234942 0.00533727 0.00118272 0.000863018 0.00132509 0.00195796 0.0025795 0.00305855 0.00332749 0.00340411 0.00335336 0.00322266 0.0030107 0.0026912 0.00225934
 1.0038e-16 5.73695e-05 0.000557652 0.00370579 0.016846 0.0524143 0.111675 0.162999 0.163028 0.111816 0.0528852 0.0182052 0.00711452 0.00798852 0.0141393 0.0232041 0.0332327 0.0413955 0.0448533 0.0423022 0.0347728 0.024987 0.0158021 0.00893264 0.00467115 0.00241359
 1.01068e-16 6.73069e-05 0.000654247 0.0043477 0.019764 0.0614933 0.131019 0.191228 0.191243 0.131089 0.061729 0.0204449 0.00605757 0.00438951 0.00716874 0.0117639 0.0169828 0.021442 0.0237706 0.0233199 0.0205264 0.0165842 0.0127061 0.00956143 0.00721632 0.00543164
 1.00936e-16 6.51624e-05 0.000633402 0.00420918 0.0191343 0.0595341 0.126844 0.185137 0.185155 0.126932 0.0598296 0.0199875 0.00634997 0.00530449 0.00892964 0.0146415 0.0210428 0.0263713 0.0288757 0.027745 0.023589 0.0180282 0.0127367 0.00867859 0.00597722 0.00426811
 1.00668e-16 7.07175e-05 0.0006874 0.00456801 0.0207655 0.0646093 0.137657 0.200918 0.20093 0.137716 0.0648052 0.0213312 0.00598775 0.00378605 0.00595363 0.00972519 0.0139892 0.0175618 0.019285 0.0186202 0.0159611 0.0123629 0.0089119 0.00622951 0.00439344 0.00317438
 1.02431e-16 2.07023e-05 0.000201233 0.00133727 0.00607908 0.0189146 0.040302 0.0588359 0.0589021 0.0406256 0.0200008 0.00921551 0.00920651 0.0173677 0.032587 0.0537452 0.0771951 0.0965968 0.10549 0.100878 0.0850233 0.0639545 0.0439331 0.0286199 0.0185528 0.0124156
 1.03296e-16 6.97828e-05 0.000678313 0.00450763 0.020491 0.0637553 0.135838 0.19826 0.198266 0.135865 0.0638483 0.0207614 0.00519234 0.00219306 0.00300507 0.00500978 0.00756356 0.0102455 0.0126497 0.0145461 0.0159348 0.0168935 0.0173712 0.0171462 0.0159956 0.0139137
 1.01917e-16 5.803e-05 0.000564072 0.00374846 0.01704 0.0530178 0.112961 0.164875 0.164901 0.113088 0.0534444 0.0182716 0.00683814 0.0073024 0.0128365 0.0210808 0.0302495 0.0378074 0.0412193 0.0393324 0.0330826 0.0248957 0.0172754 0.0116588 0.00819491 0.00625599
 1.04338e-16 3.35155e-05 0.000325782 0.00216494 0.00984153 0.0306209 0.0652428 0.0952334 0.0952796 0.0654685 0.031379 0.012032 0.0076658 0.0123426 0.0228797 0.0378334 0.0546377 0.0689922 0.0765065 0.0751087 0.0662228 0.0537076 0.0414707 0.0316502 0.0244172 0.018943
 1.03247e-16 6.82018e-05 0.000662946 0.00440551 0.0200268 0.0623109 0.13276 0.193769 0.193779 0.132805 0.0624623 0.0204653 0.00551014 0.00308747 0.00471125 0.0077811 0.0114366 0.0148712 0.0172973 0.0183322 0.0181744 0.0173703 0.0163781 0.0153048 0.0139843 0.0122456
 1.01557e-16 6.2536e-05 0.000607872 0.00403953 0.0183631 0.0571346 0.121732 0.177676 0.177697 0.121834 0.0574769 0.0193515 0.00651922 0.0060171 0.0103241 0.0169389 0.0243255 0.0304456 0.0332697 0.0318696 0.0269792 0.020516 0.0144563 0.00993175 0.00706265 0.00536987
 1.0383e-16 2.98676e-05 0.000290323 0.0019293 0.00877037 0.0272881 0.0581422 0.0848711 0.084923 0.0583958 0.0281397 0.0112303 0.00810472 0.0137737 0.0256439 0.0423636 0.0610582 0.076846 0.0847472 0.0824275 0.0715529 0.0566034 0.0421597 0.0307938 0.0227776 0.0171376
 1.07545e-16 5.1068e-05 0.000496399 0.00329875 0.0149956 0.0466571 0.0994086 0.145094 0.145112 0.0994988 0.0469608 0.0158756 0.00551808 0.00537629 0.00942162 0.015763 0.0233265 0.0306351 0.0361743 0.0391822 0.0399693 0.0394425 0.0382761 0.0364715 0.0336024 0.0293928
 1.0279e-16 6.81376e-05 0.000662322 0.00440136 0.020008 0.0622523 0.132636 0.193588 0.193601 0.132697 0.0624595 0.0206068 0.00590506 0.00394697 0.00631255 0.0103452 0.0149383 0.018879 0.0209849 0.020725 0.0185327 0.0154992 0.0126952 0.0106524 0.00930779 0.00829598
 1.03277e-16 3.21998e-05 0.000312993 0.00207995 0.0094552 0.0294189 0.0626821 0.0914973 0.09155 0.0629394 0.0302827 0.0119494 0.00833848 0.0139677 0.0259422 0.0427767 0.0614769 0.0770099 0.0842614 0.0808671 0.0686299 0.0523218 0.0368749 0.025134 0.0174571 0.012742
 1.02735e-16 6.90559e-05 0.000671248 0.00446068 0.0202776 0.0630912 0.134423 0.196196 0.196204 0.134464 0.0632305 0.0206812 0.00547783 0.0029055 0.00435263 0.00719136 0.0105962 0.0138305 0.0161738 0.0172637 0.0172528 0.0165977 0.015674 0.0145581 0.0131149 0.0112428
pSPR Fmed_Fpbrs
1   0.984051 0.6 0.325 0.984051 0.984051 0.984051
Fs Fmed_Fpbrs
0   0.01 0.364418 0.947454 0.01 0.01 0.01
SSBpbr Bo_Bmed_Bpbrs
273836  260144  255776 150610 75304.8 255776 255776 255776
Ro
78368.3
SPR SPRFo_SPRFmed_SPRFpbrs
564592 564592 555587
Fref
0
Nvult_r0
 55457 7110.07 5020.81 368.324 93.3956
CTP_r0
 25170.7 4508.01 3251.28 238.781 60.5509
YTP_r0
356323
Np
 66039.1 24294.4 8937.41 3287.89 1654.52
Nvult_p0
 41744.6 15357 5649.52 2078.34 1045.85
CTP_p0
 0 0 0 0 0
 0 0 0 0 0
 0 0 0 0 0
 0 0 0 0 0
 0 0 0 0 0
 0 0 0 0 0
YTP_p0
 0 0 0 0 0 0
CBA_c0
0
log_Ro
11.0892
likeval ReclasPelacesDesembMPH_pf_preclas_ppelaces_ptallas_desvR_qrecl_qpela
 17.475 15.958 0.11501 28.7649 257.819 137.406 121.535 0 36.6514 0.000120988 0.000235129 0.0313864 2064.82 0 0
q_reclas_q_pelaces
4.73772 8.74553
M
1
N
 52716.7 24356.6 49121.8 6890.88 0.129768
 67262.4 16052.2 6041.39 11896.8 1666.71
 130243 14768.6 2013.74 710.1 1588.41
 49291.7 28493.1 1838.69 234.793 266.977
 22660.9 7315.38 1579.82 90.9125 24.6465
 272931 3794.53 521.648 102.003 7.41931
 30454.6 70703 671.95 88.3758 18.4918
 10998.4 5888.3 6804.17 59.6235 9.43919
 31924.8 3337.6 1450.17 1635.51 16.5778
 31196.4 5401.73 243.223 95.8125 108.555
 45586.2 2733.66 99.8617 3.75179 3.11975
 129243 12472.3 542.489 19.0905 1.31082
 78317.7 23585.3 1064.04 42.3618 1.58519
 50139.2 15407.3 2353.26 98.1023 4.03392
 57536 3237.71 150.735 18.4841 0.792419
 253270 7511.48 137.417 5.61357 0.712632
 26964.4 44109.7 581.36 9.67782 0.44317
 407652 5516.41 4775.29 58.4453 1.01326
 213823 89885.2 698.14 566.54 7.02867
 230641 39334.1 7797.4 55.4905 45.3663
 225208 44641 3793.69 693.496 8.92856
 371976 49286.4 5562.02 442.685 81.6654
 35358.4 73611.9 4978.6 519.555 48.7642
 168139 8622.97 11493.9 738.063 84.0061
 145648 41049.8 1349.5 1708.09 121.812
 44745 36926.1 6950.03 217.994 294.817
 135077 11940 6955.83 1257.2 92.5465
 163954 32362.6 1796.67 991.536 191.819
 45714.3 44467.3 6306.3 336.893 221.409
 58176.9 13158 9808.38 1348.6 119.181
 111177 14597.9 2180.27 1548.63 231.117
 26652 24621.5 1864.4 261.181 212.433
 66039.1 7604.82 5333.23 391.101 99.1691
pred_Ctot
 5830.3 5178.18 10973.8 1543.54 0.0290718
 17869.5 7275.71 2841.18 5605.97 785.459
 34798 6723.94 951.164 336.067 751.819
 19973.6 17608.3 1166.52 149.168 169.627
 8309.25 4221.07 938.485 54.0895 14.665
 52510.6 1318.8 189.23 37.087 2.69791
 9616.61 36602.8 359.522 47.368 9.91224
 1236.65 1270.94 1543 13.5571 2.14657
 11594.5 1912.88 855.893 966.788 9.80033
 16772.1 3973.31 182.068 71.788 81.3396
 7564.81 836.278 31.9549 1.20345 1.00084
 43545 6773.51 303.993 10.7155 0.73583
 24218.6 12020 560.728 22.3638 0.836942
 29783.8 11959.3 1853.05 77.3078 3.17899
 25454.2 2119.06 101.016 12.4027 0.531745
 89488.4 4221.79 79.5939 3.25666 0.413462
 7931.44 21641.9 295.291 4.92478 0.225539
 107587 2487.29 2234.35 27.4007 0.475095
 71427.3 48510.5 388.859 316.09 3.92185
 72738.2 20344.1 4168.17 29.7152 24.2959
 60136.1 20315.3 1791.12 328.066 4.22419
 114191 24980.5 2915.51 232.465 42.8885
 7789.02 28667.1 2019.05 211.162 19.8215
 36955.3 3351.81 4652.76 299.422 34.084
 29494.3 14899.9 510.831 648.029 46.2193
 7973.19 12016.9 2363.41 74.3063 100.505
 30827.8 4787.71 2902.67 525.753 38.7067
 27914.4 10124.1 587.707 325.121 62.9045
 6414.63 11729.1 1743.6 93.3829 61.3804
 12059.5 4870.79 3785.02 521.582 46.0999
 29139.2 6546.04 1014.71 722.176 107.788
 3859.06 6678.77 529.92 74.4231 60.5403
 25170.7 4508.01 3251.28 238.781 60.5509
F
 0.189086 0.394167 0.41803 0.419366 0.419437
 0.516096 1.07585 1.14098 1.14463 1.14482
 0.519743 1.08345 1.14905 1.15272 1.15291
 0.907776 1.89235 2.00691 2.01332 2.01366
 0.787078 1.64074 1.74007 1.74563 1.74593
 0.350731 0.731132 0.775395 0.777874 0.778004
 0.643267 1.34095 1.42213 1.42668 1.42692
 0.1925 0.401285 0.425578 0.426939 0.427011
 0.776664 1.61903 1.71705 1.72253 1.72282
 1.43466 2.99069 3.17174 3.18188 3.18242
 0.29609 0.617229 0.654596 0.656688 0.656799
 0.701069 1.46144 1.54992 1.55487 1.55514
 0.625934 1.30482 1.38381 1.38824 1.38847
 1.73994 3.62707 3.84665 3.85895 3.8596
 1.03598 2.1596 2.29034 2.29766 2.29805
 0.747779 1.55882 1.65319 1.65847 1.65875
 0.586792 1.22323 1.29728 1.30143 1.30164
 0.51188 1.06706 1.13166 1.13528 1.13547
 0.693056 1.44474 1.53221 1.53711 1.53736
 0.642212 1.33875 1.4198 1.42434 1.42458
 0.519376 1.08269 1.14824 1.15191 1.1521
 0.620023 1.2925 1.37075 1.37513 1.37536
 0.411107 0.856993 0.908875 0.91178 0.911934
 0.410005 0.854694 0.906437 0.909334 0.909487
 0.372274 0.776041 0.823023 0.825653 0.825792
 0.321087 0.669337 0.709859 0.712128 0.712248
 0.428841 0.89396 0.94808 0.951111 0.951271
 0.304833 0.635453 0.673924 0.676078 0.676192
 0.24538 0.511518 0.542485 0.544219 0.544311
 0.382607 0.79758 0.845866 0.84857 0.848712
 0.507505 1.05794 1.12199 1.12558 1.12577
 0.254084 0.529662 0.561728 0.563523 0.563618
 0.831089 1.73248 1.83737 1.84324 1.84355
YTP_r0W_actual
 189787 78664.8 78258.4 7478.61 2134.42
YTP_p0W_proyectada
 0 0 0 0 0
 0 0 0 0 0
 0 0 0 0 0
 0 0 0 0 0
 0 0 0 0 0
 0 0 0 0 0
CTP_r0_actual
 25170.7 4508.01 3251.28 238.781 60.5509
CTP_p0_proyectada
 0 0 0 0 0
 0 0 0 0 0
 0 0 0 0 0
 0 0 0 0 0
 0 0 0 0 0
 0 0 0 0 0
Wmedp
 7.54 17.45 24.07 31.32 35.25
Frms_r0
 0.831089 1.73248 1.83737 1.84324 1.84355
Zrms_r0
 1.83109 2.73248 2.83737 2.84324 2.84355
nmprior
 7.29 8.9 8.7 0
nm_flota  nm_reclas  nm_pelaces    nm_pelaL
inf 15.2999 8.42649 19.7654
cv_recla  cv_pelaces  cv_mph
0.362026 0.437603 0.7167
 ------------------------------------------------
Talla a la edad & desviaci?n 
 8 13.2811 15.8009 17.003 17.5766
 0.8 1.32811 1.58009 1.7003 1.75766
