years
 1991 1992 1993 1994 1995 1996 1997 1998 1999 2000 2001 2002 2003 2004 2005 2006 2007 2008 2009 2010 2011 2012 2013 2014 2015 2016 2017 2018 2019 2020 2021 2022 2023
reclasobs
 0 0 0 0 0 0 0 0 0 252601 567819 844713 477998 351125 339783 2.1784e+06 2.13404e+06 4.81314e+06 1.55562e+06 2.62356e+06 3.21686e+06 3.843e+06 1.13348e+06 3.07943e+06 1.97215e+06 2.03268e+06 2.025e+06 2.42433e+06 2.27542e+06 1.05018e+06 2.36338e+06 3.18982e+06 1.53035e+06
reclaspred
 2.92633e+06 1.62364e+06 858290 896874 926666 1.37644e+06 871631 827195 617024 470914 552090 703785 622887 399811 558645 1.28565e+06 1.29753e+06 2.54982e+06 2.11775e+06 1.7371e+06 3.13987e+06 2.52663e+06 2.05951e+06 3.04485e+06 2.3244e+06 2.10372e+06 2.446e+06 2.65439e+06 2.28759e+06 1.68284e+06 1.84678e+06 1.94294e+06 1.69978e+06
pelacesobs
 0 0 0 0 0 0 0 0 0 0 0 0 0 0 0 552880 188675 0 991730 2.46772e+06 1.41603e+06 1.21717e+06 2.29649e+06 1.80582e+06 0 1.4828e+06 1.56532e+06 1.57751e+06 1.42118e+06 867257 1.10002e+06 1.06204e+06 0
pelacespred
 1.60206e+06 988280 514998 443478 480623 739853 435389 509670 369927 269397 323146 349717 334518 221630 328807 625416 628776 1.40661e+06 1.2138e+06 904482 1.62442e+06 1.41756e+06 1.15299e+06 1.86071e+06 1.36709e+06 1.23172e+06 1.6375e+06 1.60032e+06 1.24024e+06 1.05066e+06 1.00791e+06 1.06402e+06 958400
mphobs
 0 0 0 0 0 0 0 0 0 0 0 0 498337 0 5186 125008 0 168611 109162 213762 579715 649985 157893 87575 83554 210694 70296 0 107559 103333 445601 22526 28222
mphpred
 472303 316506 156260 91407.3 104722 120338 148067 94998.9 88357.7 64019.8 44565.1 70472.5 80355.5 56119.7 31230.7 57790.5 160885 158705 258348 365457 428346 514539 103925 90062.4 127303 102038 89974 97271.6 135201 104255 66131.9 86954.6 60762.9
desembarqueobs
 494567 514787 250237 358949 120608 361735 552515 73892 212993 205616 52469 317467 293654 387597 252695 516296 358380 742168 942051 627588 828172 859565 418607 520667 417249 300574 415391 372974 316634 284311 391294 218835 356480
desembarquepred
 494571 513427 250917 358997 120615 361768 552601 73897.1 213048 205668 52471.7 317526 293771 387813 252683 516260 358411 742081 941869 627444 828279 859641 418636 520718 417257 300586 415409 372969 316629 284306 391289 218846 356499
Reclutas
 202103 102235 133225 194901 166187 251084 109218 57634.4 51992.1 68780.2 134830 166420 108029 68633.8 117780 489142 117248 666932 433248 383216 517950 667346 149740 414476 373116 167611 362858 429949 154183 144534 272922 131777 265646
log_desv_Rt
 0.0444887 -0.637009 -0.372244 0.0082061 -0.151175 0.261499 -0.570938 -1.21017 -1.31319 -1.03337 -0.36027 -0.149774 -0.581885 -1.0355 -0.495471 0.928366 -0.499995 1.2384 0.807023 0.684311 0.985591 1.23902 -0.255387 0.762728 0.657603 -0.142642 0.629724 0.799379 -0.226149 -0.290772 0.3449 -0.383176 0.317877
SSB
 3.19786e+06 2.14299e+06 1.058e+06 618899 709053 814780 1.00253e+06 643217 598251 433464 301740 477154 521050 372730 204933 379645 1.08932e+06 1.07456e+06 1.79993e+06 1.39894e+06 1.67873e+06 2.10504e+06 1.99042e+06 1.66661e+06 2.21856e+06 1.87945e+06 1.56877e+06 1.63686e+06 2.3525e+06 1.71444e+06 1.22759e+06 1.65144e+06 1.07367e+06
BT
 4.32354e+06 2.9158e+06 1.50501e+06 1.37851e+06 1.26408e+06 2.10358e+06 1.56533e+06 1.30103e+06 1.11387e+06 852332 832228 1.11761e+06 1.07748e+06 939549 1.05245e+06 1.95084e+06 1.81018e+06 4.06548e+06 3.86535e+06 2.77383e+06 4.59457e+06 4.27624e+06 3.16631e+06 4.99965e+06 3.71882e+06 3.25741e+06 4.39945e+06 4.24864e+06 3.27434e+06 2.82727e+06 2.8038e+06 2.75985e+06 2.64678e+06
Ftot
 0.142401 0.25796 0.25107 0.408799 0.127396 0.280663 0.553075 0.0859292 0.33211 0.417783 0.112138 0.468823 0.457067 0.951869 0.586682 0.535511 0.258251 0.34617 0.448958 0.37226 0.277788 0.351453 0.18273 0.191013 0.173734 0.133379 0.187263 0.163498 0.119432 0.153765 0.231268 0.103881 0.226072
BD_Bspro_t
 0.977655 0.847916 0.693962 0.62543 0.631301 0.703739 0.677588 0.530961 0.601772 0.568239 0.547386 0.727613 0.622767 0.490501 0.346382 0.487377 0.63285 0.613236 0.671089 0.585112 0.583707 0.633208 0.652203 0.650394 0.737562 0.750822 0.757242 0.781993 0.826776 0.781584 0.743504 0.776563 0.776549
BD_Bspro
 2.29623 1.53878 0.759698 0.4444 0.509136 0.585053 0.719865 0.461862 0.429574 0.311249 0.216665 0.342621 0.37414 0.267639 0.147152 0.272604 0.782183 0.771587 1.29244 1.00451 1.20542 1.51153 1.42922 1.19671 1.59304 1.34954 1.12646 1.17535 1.68921 1.23105 0.881472 1.18581 0.770951
BD_Bo
 2.40975 1.61485 0.797256 0.46637 0.534306 0.613976 0.755453 0.484695 0.450811 0.326637 0.227376 0.359559 0.392637 0.280871 0.154427 0.286081 0.820852 0.809732 1.35634 1.05417 1.26501 1.58625 1.49988 1.25588 1.6718 1.41626 1.18215 1.23346 1.77272 1.29191 0.925049 1.24444 0.809064
BD_Brms
 2.58021 1.72908 0.853653 0.499361 0.572102 0.657408 0.808893 0.518982 0.482701 0.349742 0.24346 0.384994 0.420411 0.300739 0.165351 0.306318 0.878918 0.867012 1.45228 1.12874 1.35449 1.69846 1.60598 1.34472 1.79006 1.51645 1.26577 1.32071 1.89812 1.3833 0.990486 1.33247 0.866297
Sel_flota
 0.461085 0.942049 0.996773 0.99983 0.999991
 0.461085 0.942049 0.996773 0.99983 0.999991
 0.461085 0.942049 0.996773 0.99983 0.999991
 0.461085 0.942049 0.996773 0.99983 0.999991
 0.461085 0.942049 0.996773 0.99983 0.999991
 0.461085 0.942049 0.996773 0.99983 0.999991
 0.461085 0.942049 0.996773 0.99983 0.999991
 0.461085 0.942049 0.996773 0.99983 0.999991
 0.461085 0.942049 0.996773 0.99983 0.999991
 0.461085 0.942049 0.996773 0.99983 0.999991
 0.461085 0.942049 0.996773 0.99983 0.999991
 0.461085 0.942049 0.996773 0.99983 0.999991
 0.461085 0.942049 0.996773 0.99983 0.999991
 0.461085 0.942049 0.996773 0.99983 0.999991
 0.461085 0.942049 0.996773 0.99983 0.999991
 0.461085 0.942049 0.996773 0.99983 0.999991
 0.461085 0.942049 0.996773 0.99983 0.999991
 0.461085 0.942049 0.996773 0.99983 0.999991
 0.461085 0.942049 0.996773 0.99983 0.999991
 0.461085 0.942049 0.996773 0.99983 0.999991
 0.461085 0.942049 0.996773 0.99983 0.999991
 0.461085 0.942049 0.996773 0.99983 0.999991
 0.461085 0.942049 0.996773 0.99983 0.999991
 0.461085 0.942049 0.996773 0.99983 0.999991
 0.461085 0.942049 0.996773 0.99983 0.999991
 0.461085 0.942049 0.996773 0.99983 0.999991
 0.461085 0.942049 0.996773 0.99983 0.999991
 0.461085 0.942049 0.996773 0.99983 0.999991
 0.461085 0.942049 0.996773 0.99983 0.999991
 0.461085 0.942049 0.996773 0.99983 0.999991
 0.461085 0.942049 0.996773 0.99983 0.999991
 0.461085 0.942049 0.996773 0.99983 0.999991
 0.461085 0.942049 0.996773 0.99983 0.999991
Sel_reclas
 1 1 1 1 1
 1 1 1 1 1
 1 1 1 1 1
 1 1 1 1 1
 1 1 1 1 1
 1 1 1 1 1
 1 1 1 1 1
 1 1 1 1 1
 1 1 1 1 1
 1 1 1 1 1
 1 1 1 1 1
 1 1 1 1 1
 1 1 1 1 1
 1 1 1 1 1
 1 1 1 1 1
 1 1 1 1 1
 1 1 1 1 1
 1 1 1 1 1
 1 1 1 1 1
 1 1 1 1 1
 1 1 1 1 1
 1 1 1 1 1
 1 1 1 1 1
 1 1 1 1 1
 1 1 1 1 1
 1 1 1 1 1
 1 1 1 1 1
 1 1 1 1 1
 1 1 1 1 1
 1 1 1 1 1
 1 1 1 1 1
 1 1 1 1 1
 1 1 1 1 1
Sel_pelaces
 1 1 1 1 1
 1 1 1 1 1
 1 1 1 1 1
 1 1 1 1 1
 1 1 1 1 1
 1 1 1 1 1
 1 1 1 1 1
 1 1 1 1 1
 1 1 1 1 1
 1 1 1 1 1
 1 1 1 1 1
 1 1 1 1 1
 1 1 1 1 1
 1 1 1 1 1
 1 1 1 1 1
 1 1 1 1 1
 1 1 1 1 1
 1 1 1 1 1
 1 1 1 1 1
 1 1 1 1 1
 1 1 1 1 1
 1 1 1 1 1
 1 1 1 1 1
 1 1 1 1 1
 1 1 1 1 1
 1 1 1 1 1
 1 1 1 1 1
 1 1 1 1 1
 1 1 1 1 1
 1 1 1 1 1
 1 1 1 1 1
 1 1 1 1 1
 1 1 1 1 1
pf_obs 
 0.8446 0.082 0.0669 0.0065 0
 0.8095 0.147 0.0364 0.0071 0
 0.9664 0.0169 0.016 0.0007 0
 0.9276 0.0648 0.0075 0.0001 0
 0.7033 0.2144 0.0806 0.0017 0
 0.9318 0.0425 0.0243 0.0014 0
 0.5671 0.3108 0.0964 0.0239 0.0018
 0.0768 0.2599 0.5324 0.112 0.0189
 0.490249 0.384438 0.106611 0.0170017 0.00170017
 0.7925 0.1577 0.0466 0.003 0.0002
 0.840416 0.127587 0.0312969 0.00059994 9.999e-05
 0.8084 0.0986 0.0794 0.0134 0.0002
 0.7335 0.1905 0.0724 0.0035 0.0001
 0.4001 0.4547 0.1325 0.0127 0
 0.49795 0.308269 0.164784 0.0264974 0.00249975
 0.9179 0.0499 0.0305 0.0017 0
 0.2467 0.6533 0.0926 0.0074 0
 0.9418 0.0223 0.034 0.0019 0
 0.707729 0.231977 0.0356964 0.0245975 0
 0.517169 0.277429 0.184464 0.0207286 0.00020938
 0.811772 0.124168 0.05621 0.00726502 0.000585176
 0.764997 0.148141 0.077277 0.00933861 0.000247198
 0.163321 0.427699 0.378323 0.0303852 0.000271297
 0.753843 0.0900009 0.118128 0.0371064 0.000921714
 0.721811 0.176058 0.0630433 0.0369309 0.00215725
 0.143369 0.312575 0.442814 0.0836902 0.0175525
 0.692698 0.0596174 0.167031 0.0765114 0.00414204
 0.394062 0.376323 0.152708 0.0712218 0.00568511
 0.125707 0.32114 0.495352 0.0537591 0.00404204
 0.23352 0.215282 0.420074 0.123614 0.00750983
 0.796117 0.104755 0.0508955 0.0450114 0.00322123
 0.162477 0.292055 0.404252 0.121198 0.0200186
 0 0 0 0 0
pf_pred 
 0.330635 0.125817 0.514973 0.0285738 1.07584e-06
 0.278756 0.368908 0.0694304 0.268078 0.014828
 0.482448 0.235294 0.148946 0.0263419 0.10697
 0.612357 0.259249 0.0604083 0.0359359 0.0320503
 0.522474 0.37195 0.0722076 0.0157307 0.0176374
 0.608515 0.270356 0.0955574 0.0175078 0.0080644
 0.360044 0.493015 0.103462 0.0343254 0.00915363
 0.342665 0.371803 0.223612 0.0436497 0.0182701
 0.406984 0.30576 0.166502 0.0946314 0.0261223
 0.572489 0.257782 0.090325 0.0460945 0.0333098
 0.708145 0.219023 0.045116 0.0147755 0.0129401
 0.6112 0.323505 0.0497091 0.00966657 0.00591931
 0.477052 0.408153 0.0966235 0.0138464 0.00432455
 0.454706 0.368302 0.140233 0.0309589 0.00579965
 0.731882 0.185344 0.0574961 0.020048 0.00522951
 0.873975 0.109183 0.0119093 0.00343053 0.00150202
 0.287673 0.670208 0.0368374 0.00373916 0.00154248
 0.807077 0.0885872 0.0985205 0.00508793 0.000726979
 0.499236 0.452304 0.0230441 0.0240044 0.00141171
 0.51751 0.332959 0.135962 0.00646534 0.00710393
 0.613014 0.27209 0.0809009 0.0309203 0.00307446
 0.616955 0.295999 0.0623499 0.0174069 0.00728919
 0.220665 0.606454 0.135572 0.0267511 0.0105575
 0.605792 0.14565 0.195964 0.0412728 0.0113207
 0.50888 0.376008 0.0441675 0.0559722 0.0149726
 0.311749 0.468937 0.170281 0.0188516 0.0301821
 0.604786 0.190331 0.142178 0.0487208 0.0139839
 0.575352 0.324179 0.049909 0.0351211 0.0154385
 0.279364 0.53033 0.147327 0.021385 0.0215933
 0.374587 0.275771 0.261207 0.0685123 0.0199223
 0.610899 0.216536 0.0786301 0.070233 0.0237014
 0.359522 0.492795 0.0844724 0.0288555 0.0343556
 0.610022 0.207457 0.142296 0.0230394 0.0171855
pobs_RECLAS
 0 0 0 0 0
 0 0 0 0 0
 0 0 0 0 0
 0 0 0 0 0
 0 0 0 0 0
 0 0 0 0 0
 0 0 0 0 0
 0 0 0 0 0
 0 0 0 0 0
 0 0 0 0 0
 0.991045 0.00858322 0.000360255 1.14367e-05 0
 0.934742 0.0480273 0.0164251 0.00080598 0
 0.827803 0.169806 0.00239088 0 0
 0.941827 0.0461693 0.0120037 0 0
 0.791401 0.0380133 0.147996 0.0225897 0
 0.846168 0.0940531 0.0597789 0 0
 0.134021 0.677848 0.182769 0.00536245 0
 0.80878 0.0450904 0.141981 0.00414843 0
 0.846168 0.0940531 0.0597789 0 0
 0.905697 0.0802665 0.012482 0.00150086 5.37128e-05
 0.989698 0.0102097 9.19794e-05 0 0
 0.975433 0.0193895 0.00387452 0.00125025 5.28907e-05
 0.303575 0.632131 0.0575291 0.00676475 0
 0.966965 0.00978017 0.0227588 0.000495775 0
 0.843318 0.132988 0.00938335 0.0141283 0.000182051
 0.564624 0.303363 0.111486 0.0197234 0.00080311
 0.826376 0.0876187 0.0782897 0.00655872 0.00115652
 0.89761 0.0855135 0.0140674 0.00269457 0.000114338
 0.34875 0.467042 0.161289 0.0227151 0.000203297
 0.318654 0.224769 0.449479 0.00709798 0
 0.937255 0.0296025 0.0250945 0.00804832 0
 0.456809 0.399803 0.12412 0.0192676 0
 0.883104 0.0372192 0.0704036 0.00927362 0
ppred_RECLAS
 0.515403 0.095405 0.368791 0.0203994 7.67939e-07
 0.451362 0.288898 0.0513134 0.197504 0.0109226
 0.665469 0.157026 0.0938134 0.0165394 0.0671524
 0.770641 0.156444 0.0343654 0.020378 0.0181715
 0.694756 0.240763 0.0441457 0.00958757 0.0107479
 0.766115 0.16442 0.0548368 0.0100154 0.00461253
 0.545582 0.354914 0.0701293 0.0231907 0.00618326
 0.522789 0.276643 0.15718 0.0305875 0.0128007
 0.594485 0.215129 0.110502 0.0626049 0.0172788
 0.741 0.159905 0.0528163 0.0268668 0.0194118
 0.834773 0.12577 0.0244712 0.00798957 0.00699598
 0.768696 0.194368 0.0281418 0.00545487 0.00333971
 0.659031 0.269562 0.0601357 0.00858984 0.00268235
 0.648916 0.242079 0.0864297 0.019014 0.00356131
 0.854381 0.102552 0.0299453 0.0104072 0.00271423
 0.936292 0.0556342 0.00571475 0.0016408 0.000718281
 0.455881 0.513666 0.0266449 0.00269609 0.00111201
 0.899685 0.0475283 0.0498534 0.00256643 0.000366638
 0.677032 0.293394 0.0140872 0.014627 0.000860074
 0.694405 0.214699 0.0826723 0.00391877 0.00430511
 0.769345 0.164978 0.0462876 0.0176354 0.00175323
 0.772318 0.178281 0.0354179 0.00985657 0.00412678
 0.371304 0.495436 0.104573 0.0205702 0.0081168
 0.766544 0.0894418 0.113617 0.0238549 0.00654205
 0.683789 0.245408 0.0272193 0.0343871 0.00919704
 0.486584 0.356193 0.122158 0.0134821 0.0215818
 0.764605 0.1168 0.0823786 0.0281411 0.00807574
 0.738653 0.202251 0.0294033 0.0206269 0.00906566
 0.446921 0.413147 0.108408 0.0156871 0.0158373
 0.559865 0.200392 0.179247 0.0468691 0.0136266
 0.768887 0.131994 0.0452422 0.0402842 0.0135924
 0.538566 0.359736 0.0582489 0.0198362 0.0236133
 0.768357 0.126588 0.0819599 0.0132288 0.00986597
pobs_PELACES
 0 0 0 0 0
 0 0 0 0 0
 0 0 0 0 0
 0 0 0 0 0
 0 0 0 0 0
 0 0 0 0 0
 0 0 0 0 0
 0 0 0 0 0
 0 0 0 0 0
 0 0 0 0 0
 0 0 0 0 0
 0 0 0 0 0
 0 0 0 0 0
 0 0 0 0 0
 0 0 0 0 0
 0 0 0 0 0
 0.505614 0.472636 0.0217494 0 0
 0 0 0 0 0
 0.443492 0.261883 0.143347 0.151278 0
 0.227955 0.32914 0.350689 0.0885471 0.00366901
 0.970185 0.0296113 0.000203453 0 0
 0.997202 0.00247181 0.000326279 0 0
 0.445219 0.490057 0.0546422 0.010081 0
 0.90214 0.0892962 0.00764917 0.000914606 0
 0 0 0 0 0
 0.581667 0.319106 0.0959925 0.00289975 0.000334073
 0.762889 0.0836404 0.116647 0.0363945 0.000428098
 0.88444 0.0763242 0.0277011 0.0115352 0
 0.521256 0.241999 0.230069 0.00667565 0
 0.616807 0.101726 0.260614 0.0208532 0
 0.833518 0.0704572 0.0857862 0.0102388 0
 0.697417 0.212968 0.0787535 0.0105354 0.000325836
 0 0 0 0 0
ppred_PELACES
 0.521563 0.0943876 0.363921 0.0201271 7.57684e-07
 0.462092 0.2839 0.0501914 0.193136 0.0106808
 0.674823 0.153012 0.0910021 0.0160397 0.0651227
 0.782319 0.148837 0.032454 0.0192366 0.0171534
 0.699131 0.23743 0.0434344 0.00943188 0.0105733
 0.774268 0.15893 0.0527378 0.00962935 0.00443465
 0.567789 0.338319 0.0661857 0.0218745 0.00583214
 0.526355 0.274757 0.155867 0.0303293 0.0126926
 0.607813 0.208658 0.106537 0.0603385 0.016653
 0.754071 0.152285 0.0499215 0.0253836 0.0183397
 0.83728 0.123923 0.0240629 0.00785539 0.00687844
 0.781894 0.183527 0.0263482 0.0051048 0.00312531
 0.67552 0.256972 0.0568558 0.00811759 0.00253482
 0.683677 0.219284 0.0769569 0.0169138 0.00316778
 0.865958 0.0946996 0.027361 0.0095034 0.00247844
 0.941246 0.0513714 0.00522609 0.00149968 0.000656488
 0.466131 0.504122 0.0260281 0.002633 0.00108597
 0.90482 0.0452441 0.0471618 0.00242702 0.000346716
 0.692574 0.279487 0.0133111 0.0138149 0.000812303
 0.707212 0.206114 0.0788347 0.00373546 0.00410364
 0.777327 0.1595 0.0445267 0.0169598 0.00168604
 0.782215 0.170769 0.0337109 0.00937821 0.00392643
 0.378266 0.490296 0.103147 0.020286 0.00800458
 0.772304 0.0874229 0.11067 0.0232317 0.00637107
 0.689876 0.240858 0.0266311 0.033638 0.00899661
 0.492061 0.352657 0.120654 0.0133144 0.0213132
 0.770219 0.114212 0.0802814 0.0274195 0.00786858
 0.743762 0.198433 0.0287632 0.0201745 0.00886676
 0.451748 0.409767 0.107289 0.0155234 0.0156719
 0.566247 0.197789 0.176429 0.046125 0.0134101
 0.775666 0.128359 0.0438128 0.0390024 0.0131597
 0.542766 0.356612 0.0576349 0.0196251 0.0233619
 0.775009 0.123184 0.0794308 0.0128177 0.00955923
pobs_pel_tallas
 0 0 0 0 0 0 0 0 0 0 0 0 0 0 0 0 0 0 0 0 0 0 0 0 0 0
 0 0 0 0 0 0 0 0 0 0 0 0 0 0 0 0 0 0 0 0 0 0 0 0 0 0
 0 0 0 0 0 0 0 0 0 0 0 0 0 0 0 0 0 0 0 0 0 0 0 0 0 0
 0 0 0 0 0 0 0 0 0 0 0 0 0 0 0 0 0 0 0 0 0 0 0 0 0 0
 0 0 0 0 0 0 0 0 0 0 0 0 0 0 0 0 0 0 0 0 0 0 0 0 0 0
 0 0 0 0 0 0 0 0 0 0 0 0 0 0 0 0 0 0 0 0 0 0 0 0 0 0
 0 0 0 0 0 0 0 0 0 0 0 0 0 0 0 0 0 0 0 0 0 0 0 0 0 0
 0 0 0 0 0 0 0 0 0 0 0 0 0 0 0 0 0 0 0 0 0 0 0 0 0 0
 0 0 0 0 0 0 0 0 0 0 0 0 0 0 0 0 0 0 0 0 0 0 0 0 0 0
 0 0 0 0 0 0 0 0 0 0 0 0 0 0 0 0 0 0 0 0 0 0 0 0 0 0
 0 0 0 0 0 0 0 0 0 0 0 0 0 0 0 0 0 0 0 0 0 0 0 0 0 0
 0 0 0 0 0 0 0 0 0 0 0 0 0 0 0 0 0 0 0 0 0 0 0 0 0 0
 0.00862536 0 0 0.000197151 0.00414017 0.0128641 0.00837892 0.0270097 0.101434 0.158115 0.152841 0.127902 0.109271 0.109419 0.0830992 0.0579132 0.0238553 0.00714673 0.00463305 0.00128148 0.00103504 0.000492878 0.000147863 0.000147863 4.92878e-05 0
 0 0 0 0 0 0 0 0 0 0 0 0 0 0 0 0 0 0 0 0 0 0 0 0 0 0
 0 0 0 0 0 0 0 0.0054083 0.00873648 0.0413646 0.0450493 0.0745869 0.0622846 0.0627006 0.0613931 0.0827291 0.12552 0.122667 0.0946155 0.0697135 0.0546179 0.0294188 0.0215738 0.0213955 0.0102223 0.00600262
 0 0 0 0 0.00359764 0.0251062 0.0480494 0.140153 0.205849 0.193036 0.1447 0.116669 0.0760912 0.0342217 0.00950174 0.001854 0.000860785 0 0 0 0.000165536 0 0.000143464 0 0 0
 0 0 0 0 0 0 0 0.000145254 0.000435761 0.0275982 0.070085 0.0708112 0.156366 0.174668 0.174014 0.160142 0.0824315 0.0480064 0.0283245 0.00493863 0.00203355 0 0 0 0 0
 0 0 0 0 0 0 0 0 0 0 0 0 0 0 0 0 0 0 0 0 0 0 0 0 0 0
 0 0 1.00437e-05 0.000401748 0.00122533 0.00171747 0.00176769 0.0269171 0.070346 0.194647 0.189555 0.159765 0.064822 0.0314167 0.0384472 0.0292271 0.0345202 0.0313363 0.0194345 0.0106764 0.0143323 0.0359363 0.0279516 0.0138201 0.00172751 0
 0 0.0021121 0.0136068 0.0755702 0.200478 0.177729 0.0527432 0.0373336 0.0318909 0.0142505 0.0149659 0.0166563 0.0217959 0.0798694 0.0677717 0.0528807 0.04013 0.0224614 0.0357745 0.0225083 0.00881397 0.00855152 0.00135912 0.000746735 0 0
 0 0 0 0 5.4009e-05 0.00500934 0.000945158 0.0243581 0.138947 0.33067 0.221406 0.137944 0.0707744 0.0437923 0.0131692 0.00525238 0.0047753 0.00276346 9.45158e-05 9.00151e-06 2.25038e-05 9.00151e-06 4.50075e-06 0 0 0
 0.000866109 0.00284123 0.00948549 0.0512746 0.133035 0.25785 0.225252 0.132002 0.0553304 0.0519788 0.0540692 0.017754 0.00435017 0.00159236 0.00146478 0.000404838 0.000125132 0.000115318 0.000107957 0.000100596 0 0 0 0 0 0
 0 0 0 0 0.00144013 0.00171154 0.00461396 0.0210425 0.0478622 0.0707936 0.0888783 0.103762 0.0637923 0.0337046 0.0602308 0.124433 0.169614 0.0934646 0.0462172 0.0250306 0.0313229 0.00938855 0.002487 0.000210481 0 0
 0 0.00764035 0.051015 0.0998891 0.058973 0.0496711 0.0374665 0.0718981 0.12319 0.153886 0.159021 0.0857701 0.0377988 0.023471 0.0147837 0.00900784 0.00315554 0.000888139 0.00291439 0.00214683 0.00393193 0.00274676 0.000635225 9.99891e-05 0 0
 0 0 0 0 0 0 0 0 0 0 0 0 0 0 0 0 0 0 0 0 0 0 0 0 0 0
 0 0 0 0 0 0 0 0 0 0 0 0 0 0 0 0 0 0 0 0 0 0 0 0 0 0
 0 0 0 0 0 0 0 0 0 0 0 0 0 0 0 0 0 0 0 0 0 0 0 0 0 0
 0 0 0 0 0 0 0 0 0 0 0 0 0 0 0 0 0 0 0 0 0 0 0 0 0 0
 0 0 0 0 0 0 0 0 0 0 0 0 0 0 0 0 0 0 0 0 0 0 0 0 0 0
 0 0 0 0 0 0 0 0 0 0 0 0 0 0 0 0 0 0 0 0 0 0 0 0 0 0
 0 0 0 0 0 0 0 0 0 0 0 0 0 0 0 0 0 0 0 0 0 0 0 0 0 0
 0 0 0 0 0 0 0 0 0 0 0 0 0 0 0 0 0 0 0 0 0 0 0 0 0 0
 0 0 0 0 0 0 0 0 0 0 0 0 0 0 0 0 0 0 0 0 0 0 0 0 0 0
ppred_pel_tallas
 1.12545e-16 4.29605e-05 0.000417591 0.00277504 0.0126149 0.0392498 0.0836262 0.122057 0.122067 0.0836736 0.0394105 0.013086 0.0039836 0.00314248 0.00547122 0.00963574 0.015406 0.0225493 0.0307358 0.039621 0.048709 0.0570349 0.0630557 0.0650838 0.0621095 0.054442
 1.22698e-16 3.80619e-05 0.000369976 0.00245862 0.0111765 0.0347745 0.0740918 0.108145 0.108172 0.074226 0.0352252 0.0124796 0.00573459 0.00753919 0.0137093 0.0227609 0.0331836 0.0426501 0.0489057 0.0511427 0.0505687 0.0495636 0.050041 0.0522658 0.0548817 0.0558955
 1.15295e-16 5.55843e-05 0.0005403 0.00359048 0.0163218 0.0507833 0.1082 0.157924 0.157939 0.108272 0.0510279 0.0170298 0.00537393 0.00445459 0.00755219 0.0125644 0.0184945 0.0241222 0.0282595 0.0304246 0.0311212 0.0314138 0.0321338 0.0333532 0.0344525 0.0345955
 1.05807e-16 6.44386e-05 0.000626366 0.00416242 0.0189218 0.0588727 0.125435 0.183079 0.183094 0.125505 0.0591087 0.0196035 0.00587507 0.00436981 0.0071883 0.0118209 0.0171182 0.0217396 0.0243761 0.0244574 0.0224962 0.0197253 0.0173162 0.0157886 0.0149589 0.0142959
 1.0405e-16 5.75865e-05 0.000559762 0.00371981 0.0169097 0.0526126 0.112098 0.163615 0.163637 0.11221 0.0529884 0.0179955 0.00644601 0.00651402 0.0113745 0.0187365 0.0270406 0.0341233 0.0378193 0.037135 0.0328317 0.0268851 0.0212743 0.017046 0.0141979 0.0121732
 1.03279e-16 6.37755e-05 0.00061992 0.00411959 0.0187271 0.0582669 0.124144 0.181196 0.181211 0.12422 0.0585193 0.0194565 0.00595304 0.00463021 0.00770313 0.0126942 0.0184214 0.0234607 0.0263976 0.0265697 0.0244298 0.0211767 0.0179707 0.0153638 0.0132844 0.0114006
 1.05178e-16 4.67681e-05 0.000454602 0.00302099 0.013733 0.0427287 0.0910392 0.132881 0.132914 0.0911987 0.0432644 0.0152807 0.00690743 0.00894417 0.0161862 0.0267277 0.038599 0.0487547 0.0541179 0.0532702 0.0472769 0.0389156 0.0309566 0.0248482 0.0205719 0.0173615
 1.09758e-16 4.33552e-05 0.000421428 0.00280054 0.0127309 0.0396106 0.0843955 0.123183 0.12321 0.0845259 0.040049 0.0139997 0.00599478 0.00742517 0.0134349 0.0223782 0.0327854 0.0423885 0.048875 0.051145 0.0498641 0.0467899 0.0434657 0.040377 0.037094 0.0330121
 1.11998e-16 5.00648e-05 0.000486648 0.00323395 0.0147011 0.0457406 0.0974559 0.142244 0.142264 0.0975549 0.0460735 0.0156645 0.00565938 0.0058052 0.0102218 0.0170078 0.0249444 0.0323308 0.0374737 0.0396318 0.0394169 0.0382387 0.0372518 0.0366669 0.035862 0.0340198
 1.07129e-16 6.21118e-05 0.000603749 0.00401213 0.0182385 0.056747 0.120906 0.176469 0.176484 0.120978 0.0569889 0.0189381 0.00577097 0.00445272 0.00740019 0.0122111 0.0177661 0.022735 0.0258152 0.0264381 0.0251006 0.0229816 0.0211549 0.0200207 0.019299 0.0184268
 1.02678e-16 6.89657e-05 0.000670371 0.00445485 0.0202511 0.0630088 0.134247 0.195941 0.195952 0.134306 0.063205 0.0208181 0.00587859 0.00378059 0.00598237 0.00979844 0.0141505 0.0178862 0.0198828 0.0196309 0.0175327 0.0146153 0.0118948 0.00988894 0.00856209 0.00759238
 1.01849e-16 6.44036e-05 0.000626026 0.00416016 0.0189115 0.0588408 0.125367 0.182981 0.182999 0.125454 0.0591311 0.0197498 0.0062644 0.00521967 0.0087888 0.0144283 0.0207795 0.026133 0.0287906 0.0279677 0.0242534 0.019202 0.0143968 0.0107165 0.00822753 0.00654752
 1.0295e-16 5.56418e-05 0.000540858 0.00359419 0.0163387 0.0508359 0.108312 0.15809 0.158115 0.108433 0.0512429 0.0175147 0.0065476 0.00699313 0.0123241 0.0203236 0.0293581 0.037097 0.0411928 0.0405461 0.0359321 0.0294232 0.0231021 0.0180828 0.0144105 0.0115942
 1.0451e-16 5.63136e-05 0.000547389 0.00363759 0.016536 0.0514497 0.10962 0.159998 0.160019 0.109723 0.051798 0.017543 0.00616897 0.00608542 0.0106093 0.0175424 0.0254806 0.0324938 0.0366401 0.0370069 0.0342077 0.0298705 0.0255591 0.022 0.019075 0.0163328
 1.02187e-16 7.13278e-05 0.000693332 0.00460743 0.0209447 0.0651669 0.138845 0.202651 0.20266 0.13889 0.0653171 0.021379 0.0056988 0.00307979 0.00461545 0.00754852 0.0109406 0.0139139 0.0156245 0.0156848 0.0143799 0.0124446 0.0105875 0.00914084 0.00804546 0.00707001
 1.00426e-16 7.75292e-05 0.000753612 0.00500801 0.0227657 0.0708326 0.150917 0.220268 0.220273 0.150941 0.0709138 0.0230001 0.00559624 0.00203721 0.00251384 0.00402931 0.0057878 0.00725927 0.00796139 0.00767384 0.00656616 0.00508381 0.00368397 0.00262547 0.00193345 0.00149844
 1.01328e-16 3.83947e-05 0.00037321 0.00248012 0.0112743 0.0350787 0.0747407 0.109096 0.109145 0.0749777 0.0358743 0.0135713 0.00824215 0.0129394 0.0238675 0.039301 0.0563849 0.0704277 0.0766713 0.0729163 0.0608527 0.0449683 0.0299473 0.0185606 0.0112469 0.00702387
 1.01675e-16 7.45289e-05 0.000724447 0.00481421 0.0218847 0.0680914 0.145076 0.211744 0.211748 0.145098 0.0681643 0.0220959 0.00534752 0.00189867 0.00233376 0.00381602 0.00566567 0.00748896 0.00892486 0.00978424 0.0101176 0.0101029 0.00985899 0.00935971 0.00850829 0.00727765
 1.01979e-16 5.70465e-05 0.000554512 0.00368493 0.0167512 0.0521193 0.111047 0.162081 0.162108 0.111178 0.0525604 0.0180249 0.00688019 0.00752368 0.013275 0.0218098 0.0313058 0.0391479 0.0427179 0.0408226 0.0344226 0.0260127 0.0181656 0.0123554 0.00873365 0.00666083
 1.03397e-16 5.82522e-05 0.000566232 0.00376281 0.0171052 0.0532208 0.113393 0.165505 0.165525 0.113491 0.0535483 0.0180522 0.0061434 0.00577501 0.0099855 0.0165062 0.0239811 0.0305886 0.034492 0.0348108 0.0320892 0.0278259 0.0234791 0.0197571 0.016616 0.0137232
 1.03312e-16 6.40275e-05 0.00062237 0.00413587 0.0188011 0.0584971 0.124635 0.181912 0.181927 0.12471 0.0587502 0.0195324 0.00597343 0.00464008 0.007713 0.0126989 0.0184028 0.0233872 0.0262292 0.0262724 0.0239962 0.0206413 0.0174091 0.0148709 0.01294 0.0112388
 1.02622e-16 6.44301e-05 0.000626283 0.00416187 0.0189193 0.058865 0.125419 0.183056 0.183072 0.125499 0.0591354 0.0197005 0.00612359 0.00491147 0.00821088 0.0134937 0.0194824 0.0246067 0.02731 0.026875 0.0238384 0.0196024 0.0155675 0.012469 0.0103033 0.00868737
 1.06491e-16 3.11573e-05 0.000302861 0.00201262 0.00914909 0.0284665 0.0606526 0.0885341 0.0885815 0.0608838 0.0292429 0.0113925 0.00764638 0.0126101 0.0234304 0.0387526 0.0559771 0.0707175 0.0785053 0.0772607 0.0684905 0.0561821 0.0443318 0.0350603 0.0284112 0.0233745
 1.06625e-16 6.36137e-05 0.000618348 0.00410914 0.0186796 0.0581191 0.123829 0.180734 0.180743 0.123871 0.0582607 0.0190906 0.00514864 0.00291343 0.00449835 0.0075349 0.0113138 0.0152044 0.0185867 0.021149 0.0229877 0.0243599 0.0253189 0.0255799 0.0247281 0.0225584
 1.05727e-16 5.68242e-05 0.000552352 0.00367057 0.0166859 0.0519162 0.110614 0.161449 0.161472 0.110727 0.052297 0.017786 0.00643207 0.00658134 0.0115094 0.0189456 0.0273112 0.0344114 0.0380658 0.0373123 0.0329992 0.0272171 0.0220271 0.0184655 0.0164057 0.0150897
 1.08515e-16 4.05305e-05 0.000393971 0.00261808 0.0119014 0.0370299 0.0788974 0.11516 0.115194 0.0790641 0.0375899 0.0135204 0.00668757 0.00929597 0.0170007 0.0281818 0.0409215 0.0521489 0.058741 0.0592375 0.05465 0.047641 0.040781 0.0352831 0.0309651 0.0270549
 1.06428e-16 6.34419e-05 0.000616678 0.00409804 0.0186291 0.0579622 0.123495 0.180247 0.180258 0.123549 0.058145 0.0191588 0.00543287 0.00354848 0.0056842 0.00943559 0.0139136 0.0181893 0.0213534 0.022987 0.0233611 0.023134 0.0228071 0.0224022 0.0215712 0.0199581
 1.04405e-16 6.12627e-05 0.000595496 0.00395728 0.0179892 0.0559713 0.119253 0.174058 0.174077 0.119347 0.0562852 0.0188961 0.00623418 0.00556761 0.00950933 0.0156384 0.0225592 0.0284556 0.0315291 0.0309748 0.0274667 0.0226951 0.0183322 0.0152289 0.0133106 0.0120073
 1.0741e-16 3.721e-05 0.000361694 0.00240359 0.0109264 0.0339963 0.0724341 0.105728 0.105768 0.0726275 0.0346459 0.0128038 0.0071199 0.0106702 0.0196523 0.0325284 0.047084 0.0596898 0.0666542 0.0662577 0.0597301 0.0503142 0.0412141 0.0340593 0.0287833 0.0245105
 1.12038e-16 4.6641e-05 0.000453368 0.00301279 0.0136957 0.0426125 0.0907912 0.132516 0.132536 0.0908857 0.0429304 0.0146171 0.0053376 0.00556836 0.00987843 0.0165656 0.0245829 0.032438 0.0386117 0.0423782 0.044116 0.0447769 0.0449856 0.0445693 0.0428386 0.0392551
 1.07436e-16 6.38906e-05 0.00062104 0.00412703 0.0187609 0.0583721 0.124368 0.181522 0.181534 0.124429 0.0585762 0.0193512 0.00561166 0.00387167 0.00626655 0.0103373 0.0150757 0.0193753 0.022169 0.0230096 0.0223349 0.021127 0.0202345 0.0198947 0.019749 0.0192166
 1.07677e-16 4.4707e-05 0.000434568 0.00288786 0.0131278 0.0408456 0.0870272 0.127026 0.12706 0.0871952 0.0414099 0.0147579 0.00698073 0.00937275 0.0170303 0.0281124 0.0405636 0.0511694 0.0566915 0.0556657 0.0492807 0.0405568 0.0325021 0.02668 0.0230178 0.0205591
 1.05227e-16 6.38365e-05 0.000620513 0.00412353 0.018745 0.0583226 0.124263 0.181368 0.18138 0.124322 0.0585195 0.019315 0.00555917 0.00377074 0.00609435 0.010099 0.0148341 0.0192676 0.0223792 0.0236834 0.0234646 0.0224697 0.0213295 0.0201983 0.018839 0.016969
pSPR Fmed_Fpbrs
1   0.983934 0.6 0.325 0.983934 0.983934 0.983934
Fs Fmed_Fpbrs
0   0.01 0.361033 0.936067 0.01 0.01 0.01
SSBpbr Bo_Bmed_Bpbrs
1.32705e+06  1.2607e+06  1.23938e+06 729880 364940 1.23938e+06 1.23938e+06 1.23938e+06
Ro
193308
SPR SPRFo_SPRFmed_SPRFpbrs
1.39266e+06 1.39266e+06 1.37029e+06
Fref
0
Nvult_r0
 177594 32471.7 21264.5 3434.38 2561.43
CTP_r0
 16764.6 5701.31 3910.56 633.167 472.29
YTP_r0
356499
Np
 265646 97725.7 35951.3 13225.7 6655.38
Nvult_p0
 167920 61774.4 22725.5 8360.26 4207
CTP_p0
 0 0 0 0 0
 0 0 0 0 0
 0 0 0 0 0
 0 0 0 0 0
 0 0 0 0 0
 0 0 0 0 0
YTP_p0
 0 0 0 0 0 0
CBA_c0
0
log_Ro
11.992
likeval ReclasPelacesDesembMPH_pf_preclas_ppelaces_ptallas_desvR_qrecl_qpela
 17.1998 17.3878 0.0761343 30.7452 236.471 136.566 109.59 0 22.1368 2.6223e-06 1.39359e-07 0.372664 2065.29 0 0
q_reclas_q_pelaces
0.79532 0.948576
M
1
N
 202103 38714 150235 8311.9 0.312907
 102235 69624.5 12454.1 47954.7 2652.09
 133225 33392.7 20087.6 3542.83 14384.7
 194901 43653.2 9696.99 5753.71 5130.89
 166187 59382.6 10926.3 2373.43 2660.7
 251084 57648.9 19375.1 3540.2 1630.45
 109218 81156.2 16280.6 5388.3 1436.73
 57634.4 31135 17731.7 3451.06 1444.26
 51992.1 20378.9 10563.3 5987.66 1652.62
 68780.2 16411.2 5482.91 2790.85 2016.51
 134830 20869.4 4073.04 1330.03 1164.64
 166420 47101.8 6907.74 1339.92 820.392
 108029 49320.8 11141.3 1592.54 497.322
 68633.8 32190 11796.1 2598.84 486.798
 117780 16279.3 4830.49 1680.29 438.247
 489142 33059.4 3445.98 990.207 433.495
 117248 140574 7343.58 743.361 306.608
 666932 38291 40546.6 2088.42 298.359
 433248 209155 10166.6 10563.4 621.156
 383216 129580 50407.2 2390.73 2626.5
 517950 118742 33569.4 12795.3 1272.07
 667346 167636 33624.8 9362.6 3920.08
 149740 208775 44287.7 8714.12 3438.55
 414476 50635.2 64658.4 13579.6 3724.16
 373116 139622 15560 19662.7 5258.97
 167611 126695 43609.5 4814 7706.21
 362858 57982.8 41105.2 14045.9 4030.84
 429949 122446 17880.9 12546.9 5514.53
 154183 146684 38615.1 5588.8 5642.36
 144534 53681.6 48219.8 12611.3 3666.62
 272922 49531.9 17085.3 15218.3 5134.94
 131777 90247.2 14654.5 4991.29 5941.75
 265646 46210.8 30105 4860.81 3625.23
pred_Ctot
 8162.46 3106.06 12713.2 705.407 0.0265596
 7317.87 9684.56 1822.68 7037.56 389.263
 9293.45 4532.49 2869.17 507.428 2060.58
 21492.9 9099.25 2120.25 1261.3 1124.92
 6021.85 4286.96 832.239 181.307 203.282
 19470.5 8650.53 3057.53 560.193 258.035
 15866.2 21726 4559.29 1512.63 403.378
 1419.83 1540.57 926.537 180.863 75.7023
 4725 3549.81 1933.05 1098.65 303.275
 7738.54 3484.53 1220.96 623.077 450.261
 4313.01 1333.98 274.783 89.9914 78.8128
 20813.7 11016.6 1692.79 329.184 201.575
 13200.8 11294.3 2673.73 383.153 119.668
 15969.2 12934.8 4924.99 1087.28 203.683
 18038.2 4568.06 1417.07 494.111 128.888
 69023.9 8622.96 940.56 270.933 118.625
 8401.45 19573.4 1075.83 109.202 45.0481
 63010.4 6916.21 7691.72 397.226 56.7569
 52080.5 47184.5 2403.97 2504.15 147.27
 38744.8 24927.9 10179.2 484.046 531.855
 39775 17654.4 5249.2 2006.24 199.484
 63948.5 30680.9 6462.69 1804.25 755.538
 7701.13 21165 4731.41 933.604 368.451
 22247.8 5349.03 7196.79 1515.75 415.752
 18275.9 13503.9 1586.23 2010.18 537.724
 6351.4 9553.87 3469.21 384.073 614.913
 19108.3 6013.54 4492.14 1539.34 441.821
 19857.4 11188.6 1722.54 1212.15 532.836
 5245.55 9957.88 2766.33 401.541 405.451
 6289.6 4630.39 4385.87 1150.37 334.51
 17602.4 6239.26 2265.64 2023.69 682.93
 3911.11 5360.94 918.944 313.909 373.742
 16764.6 5701.31 3910.56 633.167 472.29
F
 0.0656591 0.134149 0.141942 0.142377 0.1424
 0.118942 0.243011 0.257128 0.257916 0.257958
 0.115765 0.236521 0.25026 0.251028 0.251068
 0.188491 0.385109 0.40748 0.40873 0.408796
 0.0587406 0.120014 0.126985 0.127375 0.127395
 0.12941 0.264398 0.279757 0.280615 0.28066
 0.255015 0.521024 0.55129 0.552981 0.55307
 0.0396207 0.0809495 0.0856519 0.0859145 0.0859284
 0.153131 0.312864 0.331038 0.332053 0.332107
 0.192634 0.393573 0.416435 0.417712 0.41778
 0.0517052 0.10564 0.111776 0.112119 0.112137
 0.216167 0.441654 0.46731 0.468743 0.468818
 0.210747 0.430579 0.455592 0.456989 0.457063
 0.438893 0.896707 0.948797 0.951707 0.95186
 0.270511 0.552684 0.584789 0.586582 0.586677
 0.246916 0.504478 0.533783 0.53542 0.535507
 0.119076 0.243285 0.257418 0.258207 0.258249
 0.159614 0.326109 0.345053 0.346111 0.346167
 0.207008 0.42294 0.447509 0.448881 0.448954
 0.171643 0.350687 0.371058 0.372196 0.372256
 0.128084 0.26169 0.276892 0.277741 0.277786
 0.16205 0.331086 0.350319 0.351393 0.35145
 0.084254 0.172141 0.18214 0.182699 0.182728
 0.0880732 0.179944 0.190396 0.19098 0.191011
 0.0801063 0.163666 0.173174 0.173705 0.173733
 0.0614989 0.125649 0.132948 0.133356 0.133377
 0.086344 0.176411 0.186658 0.187231 0.187261
 0.0753867 0.154024 0.162971 0.163471 0.163497
 0.0550682 0.112511 0.119046 0.119411 0.119431
 0.0708987 0.144854 0.153269 0.153739 0.153763
 0.106634 0.217866 0.230522 0.231229 0.231266
 0.0478979 0.0978608 0.103546 0.103863 0.10388
 0.104238 0.212971 0.225342 0.226033 0.22607
YTP_r0W_actual
 126405 99487.9 94127.2 19830.8 16648.2
YTP_p0W_proyectada
 0 0 0 0 0
 0 0 0 0 0
 0 0 0 0 0
 0 0 0 0 0
 0 0 0 0 0
 0 0 0 0 0
CTP_r0_actual
 16764.6 5701.31 3910.56 633.167 472.29
CTP_p0_proyectada
 0 0 0 0 0
 0 0 0 0 0
 0 0 0 0 0
 0 0 0 0 0
 0 0 0 0 0
 0 0 0 0 0
Wmedp
 7.54 17.45 24.07 31.32 35.25
Frms_r0
 0.104238 0.212971 0.225342 0.226033 0.22607
Zrms_r0
 1.10424 1.21297 1.22534 1.22603 1.22607
nmprior
 7.29 8.9 8.7 0
nm_flota  nm_reclas  nm_pelaces    nm_pelaL
inf 11.3608 19.3268 63.1864
cv_recla  cv_pelaces  cv_mph
0.359164 0.456786 0.74096
 ------------------------------------------------
Talla a la edad & desviaci?n 
 8 13.2811 15.8009 17.003 17.5766
 0.8 1.32811 1.58009 1.7003 1.75766
