years
 1991 1992 1993 1994 1995 1996 1997 1998 1999 2000 2001 2002 2003 2004 2005 2006 2007 2008 2009 2010 2011 2012 2013 2014 2015 2016 2017 2018 2019 2020 2021 2022 2023
reclasobs
 0 0 0 0 0 0 0 0 0 252601 567819 844713 477998 351125 339783 2.1784e+06 2.13404e+06 4.81314e+06 1.55562e+06 2.62356e+06 3.21686e+06 3.843e+06 1.13348e+06 3.07943e+06 1.97215e+06 2.03268e+06 2.025e+06 2.42433e+06 2.27542e+06 1.05018e+06 2.36338e+06 3.18982e+06 1.53035e+06
reclaspred
 2.95298e+06 1.66093e+06 877216 912843 939461 1.37022e+06 921744 878044 659319 510249 555564 686150 617538 428010 565484 1.25665e+06 1.30755e+06 2.45291e+06 2.06506e+06 1.70237e+06 3.09763e+06 2.50409e+06 2.07348e+06 3.03926e+06 2.32761e+06 2.10301e+06 2.42854e+06 2.61464e+06 2.27627e+06 1.68323e+06 1.84796e+06 1.95247e+06 1.70734e+06
pelacesobs
 0 0 0 0 0 0 0 0 0 0 0 0 0 0 0 552880 188675 0 991730 2.46772e+06 1.41603e+06 1.21717e+06 2.29649e+06 1.80582e+06 0 1.4828e+06 1.56532e+06 1.57751e+06 1.42118e+06 867257 1.10002e+06 1.06204e+06 0
pelacespred
 1.63309e+06 1.03009e+06 542683 461758 490053 740677 478357 538979 402552 299424 329143 347145 337391 248252 339149 620551 640340 1.35542e+06 1.20323e+06 906784 1.60165e+06 1.43116e+06 1.1682e+06 1.85439e+06 1.3783e+06 1.23414e+06 1.62358e+06 1.58003e+06 1.23406e+06 1.0531e+06 1.01678e+06 1.06817e+06 966149
mphobs
 0 0 0 0 0 0 0 0 0 0 0 0 498337 0 5186 125008 0 168611 109162 213762 579715 649985 157893 87575 83554 210694 70296 0 107559 103333 445601 22526 28222
mphpred
 459648 308237 154862 89857.6 103699 117023 145217 99951.3 91029 67608.3 47508.8 67907.8 76807.7 56456.2 34977 58578.5 153763 156092 242071 366003 427080 515293 104249 91283.1 127266 101909 89933.5 96610.1 132636 103388 66621.6 86976 61085.4
desembarqueobs
 494567 514787 250237 358949 120608 361735 552515 73892 212993 205616 52469 317467 293654 387597 252695 516296 358380 742168 942051 627588 828172 859565 418607 520667 417249 300574 415391 372974 316634 284311 391294 218835 356480
desembarquepred
 494571 513232 251024 358985 120614 361762 552588 73895.9 213036 205657 52471.2 317520 293759 387796 252693 516277 358406 742107 941923 627484 828260 859639 418633 520709 417258 300584 415407 372972 316632 284309 391293 218844 356495
Reclutas
 229711 119103 158035 241637 204922 306347 136195 73144 65265.5 85153.9 163188 191795 126607 82968.9 140011 582211 146375 777539 513637 447548 627591 806582 184922 515230 459387 208213 449957 532017 190345 178222 339879 165585 332513
log_desv_Rt
 -0.0232107 -0.680043 -0.397218 0.0274068 -0.137401 0.264688 -0.545945 -1.1676 -1.28157 -1.01557 -0.365131 -0.203604 -0.618947 -1.04156 -0.518308 0.906802 -0.473862 1.1961 0.781486 0.643753 0.981858 1.23277 -0.240096 0.784582 0.669862 -0.121471 0.64912 0.816644 -0.211195 -0.277002 0.368559 -0.350548 0.346647
SSB
 4.24198e+06 2.84464e+06 1.42918e+06 829273 957015 1.07997e+06 1.34017e+06 922425 840084 623940 438447 626704 680952 512442 313823 525816 1.41904e+06 1.44054e+06 2.29446e+06 1.83487e+06 2.19023e+06 2.75017e+06 2.6114e+06 2.21137e+06 2.91078e+06 2.46041e+06 2.05767e+06 2.13616e+06 3.03011e+06 2.23559e+06 1.61775e+06 2.16481e+06 1.41517e+06
BT
 5.61505e+06 3.78736e+06 1.98058e+06 1.76987e+06 1.65202e+06 2.65791e+06 2.02813e+06 1.77311e+06 1.49277e+06 1.14938e+06 1.09229e+06 1.37201e+06 1.33726e+06 1.19106e+06 1.33127e+06 2.4031e+06 2.31591e+06 4.95033e+06 4.74128e+06 3.45915e+06 5.73163e+06 5.38039e+06 4.07418e+06 6.36415e+06 4.77231e+06 4.1827e+06 5.57378e+06 5.37526e+06 4.17771e+06 3.61707e+06 3.58253e+06 3.56507e+06 3.38468e+06
Ftot
 0.107478 0.193407 0.187485 0.304052 0.0948548 0.211948 0.402628 0.0609417 0.234624 0.290486 0.0816902 0.360017 0.348388 0.676695 0.421158 0.403322 0.195585 0.266094 0.348567 0.284759 0.211961 0.267631 0.138545 0.143695 0.131551 0.101612 0.141932 0.124479 0.0919886 0.117267 0.174106 0.0788545 0.169835
BD_Bspro_t
 0.983068 0.881197 0.755268 0.695787 0.701344 0.76163 0.739918 0.619077 0.681137 0.655948 0.638315 0.780058 0.685336 0.572651 0.447572 0.568472 0.692973 0.681539 0.723926 0.649889 0.648093 0.69419 0.712068 0.713122 0.787605 0.798383 0.804264 0.824294 0.860317 0.823741 0.792833 0.820197 0.821206
BD_Bspro
 2.50445 1.67947 0.843783 0.489601 0.565019 0.637613 0.791232 0.544597 0.495983 0.368372 0.258858 0.370004 0.402032 0.302544 0.18528 0.310441 0.837798 0.850489 1.35464 1.0833 1.29311 1.62369 1.54176 1.30559 1.71851 1.45262 1.21484 1.26118 1.78897 1.31989 0.955114 1.2781 0.835514
BD_Bo
 2.41848 1.62182 0.814819 0.472794 0.545624 0.615726 0.764072 0.525903 0.478958 0.355727 0.249972 0.357303 0.388232 0.292159 0.17892 0.299784 0.809039 0.821294 1.30814 1.04611 1.24872 1.56795 1.48884 1.26077 1.65952 1.40276 1.17314 1.21789 1.72756 1.27458 0.922328 1.23422 0.806833
BD_Brms
 2.59027 1.73702 0.872695 0.506376 0.584379 0.659461 0.818343 0.563257 0.512978 0.380994 0.267727 0.382682 0.415808 0.312911 0.191629 0.321078 0.866505 0.879631 1.40106 1.12042 1.33741 1.67933 1.59459 1.35032 1.7774 1.50239 1.25647 1.3044 1.85027 1.36511 0.987841 1.32189 0.864142
Sel_flota
 0.483699 0.946809 0.997052 0.999844 0.999992
 0.483699 0.946809 0.997052 0.999844 0.999992
 0.483699 0.946809 0.997052 0.999844 0.999992
 0.483699 0.946809 0.997052 0.999844 0.999992
 0.483699 0.946809 0.997052 0.999844 0.999992
 0.483699 0.946809 0.997052 0.999844 0.999992
 0.483699 0.946809 0.997052 0.999844 0.999992
 0.483699 0.946809 0.997052 0.999844 0.999992
 0.483699 0.946809 0.997052 0.999844 0.999992
 0.483699 0.946809 0.997052 0.999844 0.999992
 0.483699 0.946809 0.997052 0.999844 0.999992
 0.483699 0.946809 0.997052 0.999844 0.999992
 0.483699 0.946809 0.997052 0.999844 0.999992
 0.483699 0.946809 0.997052 0.999844 0.999992
 0.483699 0.946809 0.997052 0.999844 0.999992
 0.483699 0.946809 0.997052 0.999844 0.999992
 0.483699 0.946809 0.997052 0.999844 0.999992
 0.483699 0.946809 0.997052 0.999844 0.999992
 0.483699 0.946809 0.997052 0.999844 0.999992
 0.483699 0.946809 0.997052 0.999844 0.999992
 0.483699 0.946809 0.997052 0.999844 0.999992
 0.483699 0.946809 0.997052 0.999844 0.999992
 0.483699 0.946809 0.997052 0.999844 0.999992
 0.483699 0.946809 0.997052 0.999844 0.999992
 0.483699 0.946809 0.997052 0.999844 0.999992
 0.483699 0.946809 0.997052 0.999844 0.999992
 0.483699 0.946809 0.997052 0.999844 0.999992
 0.483699 0.946809 0.997052 0.999844 0.999992
 0.483699 0.946809 0.997052 0.999844 0.999992
 0.483699 0.946809 0.997052 0.999844 0.999992
 0.483699 0.946809 0.997052 0.999844 0.999992
 0.483699 0.946809 0.997052 0.999844 0.999992
 0.483699 0.946809 0.997052 0.999844 0.999992
Sel_reclas
 1 1 1 1 1
 1 1 1 1 1
 1 1 1 1 1
 1 1 1 1 1
 1 1 1 1 1
 1 1 1 1 1
 1 1 1 1 1
 1 1 1 1 1
 1 1 1 1 1
 1 1 1 1 1
 1 1 1 1 1
 1 1 1 1 1
 1 1 1 1 1
 1 1 1 1 1
 1 1 1 1 1
 1 1 1 1 1
 1 1 1 1 1
 1 1 1 1 1
 1 1 1 1 1
 1 1 1 1 1
 1 1 1 1 1
 1 1 1 1 1
 1 1 1 1 1
 1 1 1 1 1
 1 1 1 1 1
 1 1 1 1 1
 1 1 1 1 1
 1 1 1 1 1
 1 1 1 1 1
 1 1 1 1 1
 1 1 1 1 1
 1 1 1 1 1
 1 1 1 1 1
Sel_pelaces
 1 1 1 1 1
 1 1 1 1 1
 1 1 1 1 1
 1 1 1 1 1
 1 1 1 1 1
 1 1 1 1 1
 1 1 1 1 1
 1 1 1 1 1
 1 1 1 1 1
 1 1 1 1 1
 1 1 1 1 1
 1 1 1 1 1
 1 1 1 1 1
 1 1 1 1 1
 1 1 1 1 1
 1 1 1 1 1
 1 1 1 1 1
 1 1 1 1 1
 1 1 1 1 1
 1 1 1 1 1
 1 1 1 1 1
 1 1 1 1 1
 1 1 1 1 1
 1 1 1 1 1
 1 1 1 1 1
 1 1 1 1 1
 1 1 1 1 1
 1 1 1 1 1
 1 1 1 1 1
 1 1 1 1 1
 1 1 1 1 1
 1 1 1 1 1
 1 1 1 1 1
pf_obs 
 0.8446 0.082 0.0669 0.0065 0
 0.8095 0.147 0.0364 0.0071 0
 0.9664 0.0169 0.016 0.0007 0
 0.9276 0.0648 0.0075 0.0001 0
 0.7033 0.2144 0.0806 0.0017 0
 0.9318 0.0425 0.0243 0.0014 0
 0.5671 0.3108 0.0964 0.0239 0.0018
 0.0768 0.2599 0.5324 0.112 0.0189
 0.490249 0.384438 0.106611 0.0170017 0.00170017
 0.7925 0.1577 0.0466 0.003 0.0002
 0.840416 0.127587 0.0312969 0.00059994 9.999e-05
 0.8084 0.0986 0.0794 0.0134 0.0002
 0.7335 0.1905 0.0724 0.0035 0.0001
 0.4001 0.4547 0.1325 0.0127 0
 0.49795 0.308269 0.164784 0.0264974 0.00249975
 0.9179 0.0499 0.0305 0.0017 0
 0.2467 0.6533 0.0926 0.0074 0
 0.9418 0.0223 0.034 0.0019 0
 0.707729 0.231977 0.0356964 0.0245975 0
 0.517169 0.277429 0.184464 0.0207286 0.00020938
 0.811772 0.124168 0.05621 0.00726502 0.000585176
 0.764997 0.148141 0.077277 0.00933861 0.000247198
 0.163321 0.427699 0.378323 0.0303852 0.000271297
 0.753843 0.0900009 0.118128 0.0371064 0.000921714
 0.721811 0.176058 0.0630433 0.0369309 0.00215725
 0.143369 0.312575 0.442814 0.0836902 0.0175525
 0.692698 0.0596174 0.167031 0.0765114 0.00414204
 0.394062 0.376323 0.152708 0.0712218 0.00568511
 0.125707 0.32114 0.495352 0.0537591 0.00404204
 0.23352 0.215282 0.420074 0.123614 0.00750983
 0.796117 0.104755 0.0508955 0.0450114 0.00322123
 0.162477 0.292055 0.404252 0.121198 0.0200186
 0 0 0 0 0
pf_pred 
 0.308807 0.116851 0.546141 0.0282 1.03491e-06
 0.271061 0.344591 0.0678581 0.300993 0.0154983
 0.473958 0.226105 0.146084 0.0272301 0.126622
 0.614057 0.249623 0.0604866 0.0369934 0.0388396
 0.515866 0.371331 0.0744941 0.0170292 0.0212803
 0.603824 0.266957 0.100316 0.0191059 0.00979695
 0.35732 0.485233 0.108026 0.0383936 0.0110278
 0.331293 0.361348 0.235553 0.0493189 0.0224871
 0.395476 0.296553 0.170357 0.105533 0.0320804
 0.551172 0.257277 0.0967289 0.0525247 0.0422978
 0.69063 0.221994 0.0513495 0.0182214 0.0178048
 0.595852 0.328406 0.0551528 0.0121144 0.00847487
 0.467719 0.401982 0.107071 0.0169292 0.00629871
 0.440599 0.363062 0.150451 0.0377304 0.00815804
 0.694501 0.19781 0.0716332 0.0276538 0.00840171
 0.863576 0.113298 0.0153062 0.0052079 0.00261232
 0.290591 0.660016 0.0414465 0.00526509 0.00268087
 0.792337 0.0929799 0.107101 0.00636516 0.00121659
 0.49701 0.446671 0.0260201 0.0283016 0.0019972
 0.503705 0.333533 0.145512 0.0079839 0.00926639
 0.611322 0.262842 0.0861628 0.0354801 0.00419255
 0.612476 0.29464 0.0639505 0.0198304 0.00910301
 0.221062 0.594178 0.142403 0.0291908 0.0131652
 0.603172 0.141864 0.196938 0.0447539 0.0132724
 0.506135 0.371906 0.0451238 0.0593881 0.017447
 0.313341 0.458165 0.174362 0.0200648 0.0340663
 0.603915 0.18649 0.142284 0.0514005 0.0159108
 0.575354 0.319499 0.050929 0.0368406 0.0173775
 0.280423 0.522162 0.150499 0.0227582 0.0241575
 0.37425 0.26922 0.262395 0.0718133 0.022322
 0.611226 0.21101 0.0788129 0.0728799 0.0260705
 0.361872 0.484305 0.0856162 0.0302906 0.0379168
 0.609847 0.203849 0.143166 0.0240404 0.0190971
pobs_RECLAS
 0 0 0 0 0
 0 0 0 0 0
 0 0 0 0 0
 0 0 0 0 0
 0 0 0 0 0
 0 0 0 0 0
 0 0 0 0 0
 0 0 0 0 0
 0 0 0 0 0
 0 0 0 0 0
 0.991045 0.00858322 0.000360255 1.14367e-05 0
 0.934742 0.0480273 0.0164251 0.00080598 0
 0.827803 0.169806 0.00239088 0 0
 0.941827 0.0461693 0.0120037 0 0
 0.791401 0.0380133 0.147996 0.0225897 0
 0.846168 0.0940531 0.0597789 0 0
 0.134021 0.677848 0.182769 0.00536245 0
 0.80878 0.0450904 0.141981 0.00414843 0
 0.846168 0.0940531 0.0597789 0 0
 0.905697 0.0802665 0.012482 0.00150086 5.37128e-05
 0.989698 0.0102097 9.19794e-05 0 0
 0.975433 0.0193895 0.00387452 0.00125025 5.28907e-05
 0.303575 0.632131 0.0575291 0.00676475 0
 0.966965 0.00978017 0.0227588 0.000495775 0
 0.843318 0.132988 0.00938335 0.0141283 0.000182051
 0.564624 0.303363 0.111486 0.0197234 0.00080311
 0.826376 0.0876187 0.0782897 0.00655872 0.00115652
 0.89761 0.0855135 0.0140674 0.00269457 0.000114338
 0.34875 0.467042 0.161289 0.0227151 0.000203297
 0.318654 0.224769 0.449479 0.00709798 0
 0.937255 0.0296025 0.0250945 0.00804832 0
 0.456809 0.399803 0.12412 0.0192676 0
 0.883104 0.0372192 0.0704036 0.00927362 0
ppred_RECLAS
 0.478415 0.0920784 0.408474 0.0210321 7.71742e-07
 0.430289 0.277138 0.0517763 0.229007 0.0117899
 0.647009 0.156424 0.0958838 0.017822 0.0828613
 0.762973 0.156258 0.0358975 0.0218915 0.0229805
 0.679415 0.248889 0.0473943 0.0108037 0.0134987
 0.753874 0.16871 0.0601393 0.0114213 0.00585564
 0.529285 0.36011 0.0759573 0.0269173 0.00773031
 0.498888 0.277321 0.171623 0.0358326 0.0163355
 0.570737 0.216391 0.117905 0.0728309 0.0221361
 0.713662 0.167949 0.0598712 0.032417 0.0261013
 0.816488 0.13364 0.0293439 0.0103834 0.0101445
 0.74779 0.207 0.0329468 0.00721581 0.00504719
 0.639152 0.276076 0.0696968 0.010988 0.00408758
 0.620084 0.251456 0.0985071 0.0246287 0.00532433
 0.822377 0.117226 0.0402151 0.0154795 0.00470222
 0.927276 0.0609489 0.00780128 0.00264662 0.00132736
 0.447977 0.515445 0.0307076 0.0038898 0.0019803
 0.886121 0.0524925 0.0573393 0.00339798 0.000649368
 0.664204 0.3 0.016564 0.0179641 0.0012675
 0.67186 0.224358 0.0928117 0.00507773 0.00589249
 0.759654 0.165329 0.0514121 0.0211101 0.00249413
 0.760253 0.184609 0.0379972 0.0117487 0.00539235
 0.361291 0.493252 0.112186 0.0229315 0.0103407
 0.755853 0.0902769 0.118929 0.02695 0.00799121
 0.671443 0.250681 0.0288653 0.0378826 0.0111275
 0.477141 0.354953 0.128217 0.014713 0.0249763
 0.755322 0.118456 0.0857655 0.0308954 0.0095621
 0.729787 0.205975 0.0311606 0.022477 0.0106007
 0.437134 0.414291 0.113345 0.0170915 0.0181397
 0.54792 0.200394 0.185373 0.0505903 0.0157229
 0.760587 0.133152 0.0471873 0.0435111 0.0155624
 0.529999 0.361228 0.0606194 0.0213865 0.026767
 0.759612 0.128785 0.08582 0.01437 0.0114135
pobs_PELACES
 0 0 0 0 0
 0 0 0 0 0
 0 0 0 0 0
 0 0 0 0 0
 0 0 0 0 0
 0 0 0 0 0
 0 0 0 0 0
 0 0 0 0 0
 0 0 0 0 0
 0 0 0 0 0
 0 0 0 0 0
 0 0 0 0 0
 0 0 0 0 0
 0 0 0 0 0
 0 0 0 0 0
 0 0 0 0 0
 0.505614 0.472636 0.0217494 0 0
 0 0 0 0 0
 0.443492 0.261883 0.143347 0.151278 0
 0.227955 0.32914 0.350689 0.0885471 0.00366901
 0.970185 0.0296113 0.000203453 0 0
 0.997202 0.00247181 0.000326279 0 0
 0.445219 0.490057 0.0546422 0.010081 0
 0.90214 0.0892962 0.00764917 0.000914606 0
 0 0 0 0 0
 0.581667 0.319106 0.0959925 0.00289975 0.000334073
 0.762889 0.0836404 0.116647 0.0363945 0.000428098
 0.88444 0.0763242 0.0277011 0.0115352 0
 0.521256 0.241999 0.230069 0.00667565 0
 0.616807 0.101726 0.260614 0.0208532 0
 0.833518 0.0704572 0.0857862 0.0102388 0
 0.697417 0.212968 0.0787535 0.0105354 0.000325836
 0 0 0 0 0
ppred_PELACES
 0.482882 0.0914241 0.404849 0.0208434 7.64815e-07
 0.437972 0.273872 0.0510022 0.225542 0.0116114
 0.653928 0.153631 0.0938796 0.0174465 0.0811145
 0.771585 0.150847 0.0344801 0.0210213 0.0220666
 0.682642 0.246472 0.0468603 0.0106811 0.0133454
 0.760039 0.164668 0.0584927 0.0111064 0.00569414
 0.544978 0.34866 0.0730527 0.0258784 0.0074318
 0.501331 0.276095 0.170692 0.0356362 0.016246
 0.57998 0.212151 0.115145 0.0711111 0.0216132
 0.723056 0.162771 0.0577465 0.0312583 0.0251679
 0.818408 0.132292 0.0290086 0.010264 0.0100278
 0.758224 0.198652 0.03143 0.00688132 0.00481314
 0.651649 0.266879 0.0669871 0.0105574 0.00392733
 0.645004 0.235863 0.0913678 0.0228295 0.00493522
 0.831922 0.111194 0.0378805 0.0145752 0.00442743
 0.931395 0.0575601 0.00731842 0.00248188 0.00124472
 0.455433 0.508593 0.0302013 0.00382497 0.00194728
 0.890393 0.0506437 0.0550762 0.00326307 0.000623578
 0.676118 0.28954 0.0158943 0.0172322 0.00121585
 0.681707 0.217952 0.089737 0.00490822 0.0056957
 0.765719 0.161338 0.0499947 0.0205241 0.00242487
 0.767813 0.178973 0.036674 0.0113368 0.00520322
 0.366314 0.489632 0.111107 0.0227081 0.0102399
 0.76016 0.0888192 0.11673 0.0264482 0.00784237
 0.67598 0.247352 0.0284199 0.0372935 0.0109544
 0.481153 0.352422 0.127089 0.0145822 0.0247541
 0.759534 0.11656 0.0841948 0.0303256 0.00938569
 0.733621 0.203155 0.0306706 0.0221211 0.0104327
 0.440696 0.411836 0.112501 0.0169629 0.0180031
 0.552626 0.198526 0.183288 0.0500158 0.0155442
 0.765636 0.130517 0.0461199 0.0425201 0.0152078
 0.533077 0.358973 0.0601624 0.0212238 0.0265631
 0.764557 0.126302 0.0839289 0.0140511 0.0111601
pobs_pel_tallas
 0 0 0 0 0 0 0 0 0 0 0 0 0 0 0 0 0 0 0 0 0 0 0 0 0 0
 0 0 0 0 0 0 0 0 0 0 0 0 0 0 0 0 0 0 0 0 0 0 0 0 0 0
 0 0 0 0 0 0 0 0 0 0 0 0 0 0 0 0 0 0 0 0 0 0 0 0 0 0
 0 0 0 0 0 0 0 0 0 0 0 0 0 0 0 0 0 0 0 0 0 0 0 0 0 0
 0 0 0 0 0 0 0 0 0 0 0 0 0 0 0 0 0 0 0 0 0 0 0 0 0 0
 0 0 0 0 0 0 0 0 0 0 0 0 0 0 0 0 0 0 0 0 0 0 0 0 0 0
 0 0 0 0 0 0 0 0 0 0 0 0 0 0 0 0 0 0 0 0 0 0 0 0 0 0
 0 0 0 0 0 0 0 0 0 0 0 0 0 0 0 0 0 0 0 0 0 0 0 0 0 0
 0 0 0 0 0 0 0 0 0 0 0 0 0 0 0 0 0 0 0 0 0 0 0 0 0 0
 0 0 0 0 0 0 0 0 0 0 0 0 0 0 0 0 0 0 0 0 0 0 0 0 0 0
 0 0 0 0 0 0 0 0 0 0 0 0 0 0 0 0 0 0 0 0 0 0 0 0 0 0
 0 0 0 0 0 0 0 0 0 0 0 0 0 0 0 0 0 0 0 0 0 0 0 0 0 0
 0.00862536 0 0 0.000197151 0.00414017 0.0128641 0.00837892 0.0270097 0.101434 0.158115 0.152841 0.127902 0.109271 0.109419 0.0830992 0.0579132 0.0238553 0.00714673 0.00463305 0.00128148 0.00103504 0.000492878 0.000147863 0.000147863 4.92878e-05 0
 0 0 0 0 0 0 0 0 0 0 0 0 0 0 0 0 0 0 0 0 0 0 0 0 0 0
 0 0 0 0 0 0 0 0.0054083 0.00873648 0.0413646 0.0450493 0.0745869 0.0622846 0.0627006 0.0613931 0.0827291 0.12552 0.122667 0.0946155 0.0697135 0.0546179 0.0294188 0.0215738 0.0213955 0.0102223 0.00600262
 0 0 0 0 0.00359764 0.0251062 0.0480494 0.140153 0.205849 0.193036 0.1447 0.116669 0.0760912 0.0342217 0.00950174 0.001854 0.000860785 0 0 0 0.000165536 0 0.000143464 0 0 0
 0 0 0 0 0 0 0 0.000145254 0.000435761 0.0275982 0.070085 0.0708112 0.156366 0.174668 0.174014 0.160142 0.0824315 0.0480064 0.0283245 0.00493863 0.00203355 0 0 0 0 0
 0 0 0 0 0 0 0 0 0 0 0 0 0 0 0 0 0 0 0 0 0 0 0 0 0 0
 0 0 1.00437e-05 0.000401748 0.00122533 0.00171747 0.00176769 0.0269171 0.070346 0.194647 0.189555 0.159765 0.064822 0.0314167 0.0384472 0.0292271 0.0345202 0.0313363 0.0194345 0.0106764 0.0143323 0.0359363 0.0279516 0.0138201 0.00172751 0
 0 0.0021121 0.0136068 0.0755702 0.200478 0.177729 0.0527432 0.0373336 0.0318909 0.0142505 0.0149659 0.0166563 0.0217959 0.0798694 0.0677717 0.0528807 0.04013 0.0224614 0.0357745 0.0225083 0.00881397 0.00855152 0.00135912 0.000746735 0 0
 0 0 0 0 5.4009e-05 0.00500934 0.000945158 0.0243581 0.138947 0.33067 0.221406 0.137944 0.0707744 0.0437923 0.0131692 0.00525238 0.0047753 0.00276346 9.45158e-05 9.00151e-06 2.25038e-05 9.00151e-06 4.50075e-06 0 0 0
 0.000866109 0.00284123 0.00948549 0.0512746 0.133035 0.25785 0.225252 0.132002 0.0553304 0.0519788 0.0540692 0.017754 0.00435017 0.00159236 0.00146478 0.000404838 0.000125132 0.000115318 0.000107957 0.000100596 0 0 0 0 0 0
 0 0 0 0 0.00144013 0.00171154 0.00461396 0.0210425 0.0478622 0.0707936 0.0888783 0.103762 0.0637923 0.0337046 0.0602308 0.124433 0.169614 0.0934646 0.0462172 0.0250306 0.0313229 0.00938855 0.002487 0.000210481 0 0
 0 0.00764035 0.051015 0.0998891 0.058973 0.0496711 0.0374665 0.0718981 0.12319 0.153886 0.159021 0.0857701 0.0377988 0.023471 0.0147837 0.00900784 0.00315554 0.000888139 0.00291439 0.00214683 0.00393193 0.00274676 0.000635225 9.99891e-05 0 0
 0 0 0 0 0 0 0 0 0 0 0 0 0 0 0 0 0 0 0 0 0 0 0 0 0 0
 0 0 0 0 0 0 0 0 0 0 0 0 0 0 0 0 0 0 0 0 0 0 0 0 0 0
 0 0 0 0 0 0 0 0 0 0 0 0 0 0 0 0 0 0 0 0 0 0 0 0 0 0
 0 0 0 0 0 0 0 0 0 0 0 0 0 0 0 0 0 0 0 0 0 0 0 0 0 0
 0 0 0 0 0 0 0 0 0 0 0 0 0 0 0 0 0 0 0 0 0 0 0 0 0 0
 0 0 0 0 0 0 0 0 0 0 0 0 0 0 0 0 0 0 0 0 0 0 0 0 0 0
 0 0 0 0 0 0 0 0 0 0 0 0 0 0 0 0 0 0 0 0 0 0 0 0 0 0
 0 0 0 0 0 0 0 0 0 0 0 0 0 0 0 0 0 0 0 0 0 0 0 0 0 0
 0 0 0 0 0 0 0 0 0 0 0 0 0 0 0 0 0 0 0 0 0 0 0 0 0 0
ppred_pel_tallas
 1.13797e-16 3.97744e-05 0.000386621 0.00256923 0.0116794 0.0363389 0.0774242 0.113005 0.113014 0.0774706 0.0364962 0.0121415 0.00375862 0.00307979 0.00543737 0.00966171 0.0156221 0.0231909 0.0321281 0.0421068 0.0525258 0.0621871 0.0692472 0.0717582 0.0685939 0.0601366
 1.26126e-16 3.60753e-05 0.000350664 0.00233029 0.0105932 0.0329594 0.0702246 0.1025 0.102527 0.0703541 0.0333946 0.0118516 0.00549518 0.00728062 0.0132631 0.0220549 0.0322395 0.0416301 0.0481305 0.0510479 0.0516086 0.0521007 0.0542527 0.0580848 0.0619776 0.0637119
 1.18226e-16 5.38632e-05 0.00052357 0.00347931 0.0158164 0.0492109 0.104849 0.153034 0.153049 0.104923 0.0494566 0.0165279 0.00527185 0.00445932 0.0075962 0.0126539 0.0186591 0.0244111 0.0287497 0.03123 0.0323933 0.0333246 0.0348381 0.0369355 0.0388767 0.0396774
 1.06877e-16 6.35545e-05 0.000617772 0.00410531 0.0186622 0.058065 0.123714 0.180568 0.180582 0.123785 0.0583042 0.0193534 0.00584204 0.00441461 0.0072913 0.0119994 0.0173926 0.0221233 0.024878 0.0250926 0.0232973 0.0207422 0.0186 0.0173653 0.0168062 0.0163345
 1.04745e-16 5.62283e-05 0.000546559 0.00363208 0.0165109 0.0513717 0.109454 0.159756 0.15978 0.10957 0.051762 0.0176383 0.00646294 0.00673004 0.0118107 0.0194658 0.0281057 0.0354944 0.0393926 0.0387762 0.0344385 0.0284263 0.0227799 0.0185631 0.0157471 0.0137293
 1.03808e-16 6.26034e-05 0.000608528 0.00404388 0.0183829 0.0571961 0.121863 0.177866 0.177882 0.121941 0.0574577 0.0191392 0.00594506 0.00476805 0.00798941 0.01318 0.0191465 0.0244258 0.0275621 0.0278744 0.0258272 0.0226455 0.0195031 0.0169397 0.0148555 0.0128954
 1.06051e-16 4.48892e-05 0.000436339 0.00289962 0.0131813 0.0410121 0.0873818 0.127543 0.127577 0.0875462 0.0415643 0.0147769 0.00690696 0.00919152 0.0166938 0.0275832 0.0398635 0.0504136 0.0560784 0.0554067 0.0494942 0.0411816 0.0332836 0.0272414 0.0229892 0.0197084
 1.1132e-16 4.1294e-05 0.000401393 0.0026674 0.0121256 0.0377274 0.0803832 0.117327 0.117354 0.0805144 0.0381685 0.0134024 0.00588288 0.00745568 0.0135412 0.0225898 0.0331675 0.0430331 0.0498989 0.0526797 0.0520285 0.0496472 0.0469807 0.0443954 0.0413608 0.0372255
 1.14167e-16 4.77722e-05 0.000464363 0.00308585 0.0140279 0.043646 0.0929932 0.135731 0.135751 0.0930939 0.0439848 0.0150085 0.00555548 0.00588248 0.0104179 0.0173608 0.0255144 0.0331822 0.0386785 0.0412815 0.041625 0.0411172 0.0408619 0.0409649 0.0406722 0.0390516
 1.09103e-16 5.95572e-05 0.000578917 0.00384711 0.0174884 0.054413 0.115933 0.169211 0.169227 0.11601 0.0546719 0.0182369 0.00572931 0.00469953 0.00792056 0.0130945 0.0190852 0.0244957 0.0279576 0.0288849 0.0278189 0.0260082 0.0245607 0.0238387 0.0234643 0.022764
 1.03598e-16 6.74112e-05 0.000655261 0.00435444 0.0197946 0.0615886 0.131221 0.191524 0.191537 0.131284 0.0617982 0.0204003 0.00587584 0.00397991 0.00639179 0.0104878 0.0151678 0.0192179 0.0214528 0.0213391 0.0193081 0.0164446 0.0138064 0.0119084 0.0106721 0.00972234
 1.02463e-16 6.24539e-05 0.000607074 0.00403422 0.018339 0.0570596 0.121572 0.177442 0.177461 0.121666 0.0573738 0.0192468 0.00631311 0.00558288 0.00951531 0.0156396 0.0225415 0.0283853 0.0313425 0.0305699 0.0267044 0.0214164 0.0163968 0.012568 0.0099747 0.00818551
 1.03725e-16 5.36755e-05 0.000521745 0.00346718 0.0157613 0.0490395 0.104485 0.152504 0.15253 0.104611 0.0494624 0.0169836 0.00653756 0.00723172 0.0128185 0.0211624 0.0306095 0.0387614 0.043198 0.0427856 0.0383172 0.0319079 0.0256626 0.0206763 0.0169506 0.0139624
 1.05822e-16 5.31282e-05 0.000516425 0.00343183 0.0156006 0.0485394 0.103419 0.150948 0.150971 0.103531 0.0489144 0.0166849 0.00615817 0.0064835 0.0114312 0.0189331 0.0275481 0.0352292 0.0399121 0.0406291 0.0380313 0.0338295 0.0296374 0.0261558 0.0231899 0.0202222
 1.03333e-16 6.85244e-05 0.000666081 0.00442635 0.0201215 0.0626056 0.133388 0.194686 0.194697 0.133441 0.0627822 0.0206323 0.00571026 0.00347531 0.00542285 0.00890703 0.0129437 0.016531 0.018696 0.0189949 0.0177584 0.0158232 0.0139746 0.0125457 0.0114161 0.010286
 1.00686e-16 7.67178e-05 0.000745724 0.0049556 0.0225274 0.0700912 0.149337 0.217963 0.217968 0.149364 0.0701822 0.0227903 0.00561531 0.00218577 0.0028113 0.00452542 0.00650989 0.00818318 0.00900994 0.00874631 0.0075814 0.00600796 0.00452653 0.00341258 0.0026811 0.00220162
 1.01715e-16 3.75136e-05 0.000364645 0.0024232 0.0110155 0.0342737 0.0730255 0.106593 0.106642 0.0732647 0.0350765 0.0133334 0.00823789 0.0130468 0.0240897 0.0396776 0.0569456 0.0711713 0.0775639 0.0739091 0.0619067 0.0460662 0.0310843 0.0197241 0.0124038 0.00812316
 1.02036e-16 7.33405e-05 0.000712896 0.00473745 0.0215357 0.0670057 0.142763 0.208368 0.208373 0.142787 0.0670874 0.0217725 0.00533529 0.00202978 0.00260881 0.00428639 0.00637545 0.00844844 0.0101066 0.0111401 0.0116017 0.0116794 0.0114898 0.0109865 0.0100496 0.00864661
 1.02467e-16 5.5691e-05 0.000541336 0.00359737 0.0163532 0.0508809 0.108408 0.158231 0.158259 0.108544 0.051338 0.017673 0.0069086 0.0077642 0.0137571 0.0226136 0.0324749 0.040643 0.0444144 0.0425607 0.0360774 0.0275396 0.0195911 0.0137293 0.0100815 0.00796384
 1.04102e-16 5.61513e-05 0.000545811 0.00362711 0.0164883 0.0513014 0.109304 0.159536 0.159558 0.109407 0.0516479 0.0174904 0.00614686 0.00606077 0.0105719 0.0174972 0.0254518 0.0325279 0.036797 0.0373337 0.0347035 0.0304615 0.0261052 0.0223368 0.0190772 0.0159668
 1.03953e-16 6.30713e-05 0.000613075 0.0040741 0.0185203 0.0576236 0.122774 0.179195 0.179211 0.12285 0.0578797 0.0192607 0.00593495 0.00468321 0.00781632 0.0128837 0.018699 0.0238235 0.0268328 0.0270722 0.0250221 0.0219143 0.0189225 0.016575 0.0147409 0.0130159
 1.03122e-16 6.32438e-05 0.000614752 0.00408525 0.0185709 0.0577812 0.12311 0.179686 0.179703 0.123194 0.0580646 0.0193899 0.00614188 0.00510777 0.00860632 0.0141544 0.0204468 0.0258466 0.0287295 0.0283493 0.0252706 0.0209582 0.0168673 0.013749 0.0115774 0.00993282
 1.07342e-16 3.01729e-05 0.000293291 0.00194902 0.00886001 0.027567 0.0587362 0.0857372 0.0857844 0.0589672 0.0283427 0.0111013 0.00757839 0.0125932 0.0234222 0.0387583 0.0560274 0.07087 0.0788441 0.0778832 0.0694829 0.0575888 0.0461318 0.0371622 0.0306689 0.02562
 1.07371e-16 6.26134e-05 0.000608624 0.00404452 0.0183858 0.0572052 0.121882 0.177892 0.177901 0.121925 0.0573492 0.018804 0.0051025 0.00294579 0.00458248 0.00768943 0.0115695 0.0155964 0.0191544 0.0219363 0.0240378 0.0257015 0.0269457 0.0274362 0.0267098 0.0245327
 1.06478e-16 5.56796e-05 0.000541226 0.00359664 0.0163498 0.0508704 0.108386 0.158197 0.158221 0.108502 0.0512616 0.0174798 0.00643332 0.00673493 0.0118229 0.0194707 0.0280805 0.0354076 0.0392228 0.0385477 0.0342598 0.0285039 0.0233827 0.0199336 0.0179921 0.016746
 1.0941e-16 3.9632e-05 0.000385237 0.00256004 0.0116376 0.036209 0.0771484 0.112608 0.112642 0.0773151 0.0367689 0.0132564 0.00662945 0.0092889 0.0170084 0.0282106 0.0409976 0.0523186 0.0590702 0.0598043 0.055527 0.048873 0.0423645 0.037158 0.0330224 0.0291576
 1.0709e-16 6.25618e-05 0.000608123 0.00404119 0.0183707 0.0571581 0.121782 0.177746 0.177758 0.121837 0.0573448 0.0189116 0.00540457 0.00360342 0.00580742 0.00965009 0.0142452 0.0186553 0.0219623 0.023747 0.0242877 0.0242476 0.0241176 0.0238893 0.0231754 0.0215871
 1.04922e-16 6.04274e-05 0.000587376 0.00390332 0.0177439 0.0552081 0.117627 0.171685 0.171704 0.117723 0.0555296 0.0186726 0.00623504 0.00567969 0.00973837 0.0160227 0.0231235 0.029189 0.0323846 0.0318927 0.0284062 0.023652 0.0193303 0.0162929 0.0144401 0.013168
 1.081e-16 3.62997e-05 0.000352846 0.00234479 0.0106591 0.0331646 0.0706621 0.103142 0.103181 0.0708565 0.0338176 0.0125465 0.00708682 0.0107189 0.019765 0.0327273 0.0473973 0.0601408 0.0672608 0.0670373 0.0607034 0.051499 0.0426099 0.035632 0.0304614 0.0261966
 1.12987e-16 4.55192e-05 0.000442462 0.00294032 0.0133663 0.0415875 0.0886074 0.129329 0.129349 0.0887023 0.0419069 0.0142919 0.00527646 0.00558424 0.00993433 0.0166761 0.0247812 0.0327709 0.0391402 0.0431735 0.0452475 0.0462903 0.0468786 0.0467756 0.0452315 0.0416712
 1.08203e-16 6.30644e-05 0.000613009 0.00407366 0.0185183 0.0576173 0.12276 0.179175 0.179187 0.122822 0.0578249 0.0191188 0.00558418 0.00392101 0.00637733 0.010529 0.0153696 0.0197843 0.0226986 0.0236685 0.0231445 0.0221208 0.0214426 0.0213205 0.0213526 0.0209136
 1.08452e-16 4.39089e-05 0.000426811 0.00283631 0.0128935 0.0401165 0.0854738 0.124759 0.124793 0.085643 0.0406847 0.0145347 0.00695735 0.00942729 0.0171503 0.0283188 0.0408774 0.0516002 0.0572386 0.056329 0.0500728 0.0415051 0.033636 0.0280093 0.0245152 0.0221572
 1.05753e-16 6.29756e-05 0.000612145 0.00406792 0.0184922 0.0575361 0.122587 0.178922 0.178935 0.122647 0.0577381 0.0190769 0.00554095 0.00384516 0.00625415 0.0103736 0.0152513 0.0198382 0.0230958 0.0245317 0.0244364 0.0235657 0.0225478 0.0215169 0.0202079 0.0183168
pSPR Fmed_Fpbrs
1   0.983681 0.6 0.325 0.983681 0.983681 0.983681
Fs Fmed_Fpbrs
0   0.01 0.35387 0.912203 0.01 0.01 0.01
SSBpbr Bo_Bmed_Bpbrs
1.75398e+06  1.66628e+06  1.63766e+06 964691 482346 1.63766e+06 1.63766e+06 1.63766e+06
Ro
235105
SPR SPRFo_SPRFmed_SPRFpbrs
1.69377e+06 1.69377e+06 1.66613e+06
Fref
0
Nvult_r0
 219835 40268.9 27053.6 4531.98 3599.65
CTP_r0
 16688.3 5578.28 3917.69 657.857 522.587
YTP_r0
356495
Np
 332513 122325 45000.7 16554.8 8330.64
Nvult_p0
 210188 77323.9 28445.9 10464.7 5265.97
CTP_p0
 0 0 0 0 0
 0 0 0 0 0
 0 0 0 0 0
 0 0 0 0 0
 0 0 0 0 0
 0 0 0 0 0
YTP_p0
 0 0 0 0 0 0
CBA_c0
0
log_Ro
12.1878
likeval ReclasPelacesDesembMPH_pf_preclas_ppelaces_ptallas_desvR_qrecl_qpela
 18.4432 17.4671 0.098172 31.6149 237.186 137.621 109.159 0 21.7619 1.18082e-05 5.15022e-06 0.487357 2066.34 0 0
q_reclas_q_pelaces
0.615102 0.725465
M
1
N
 229711 45325.5 201615 10382.6 0.380977
 119103 80224.9 15061 66632.8 3430.49
 158035 39902.5 24574.6 4568.89 21242.8
 241637 53097.4 12291.7 7499.09 7872.31
 204922 76735.8 14647.2 3339.33 4172.35
 306347 72006 25804.8 4902.14 2513.34
 136195 101718 21673.2 7684.74 2207.02
 73144 41237 25559 5336.84 2433
 65265.5 26126.6 14319.7 8848.31 2689.39
 85153.9 21433.9 7696.83 4169.11 3356.92
 163188 27220 5989.1 2119.5 2070.74
 191795 57707.5 9268.37 2030.92 1420.59
 126607 59281 15097.4 2381.31 885.884
 82968.9 39352.9 15680.7 3924.19 848.39
 140011 22002.4 7628.33 2938.01 892.507
 582211 42014.3 5432.47 1844.03 924.864
 146375 176223 10550.2 1336.78 680.565
 777539 48987.5 53869.6 3193.55 610.313
 513637 251495 14008 15199.4 1072.46
 447548 159639 66513.1 3640.37 4224.59
 627591 143459 44849.1 18420.8 2176.42
 806582 208380 43179.3 13356 6130.18
 184922 260696 59499.5 12164.5 5485.49
 515230 63619.6 84114.4 19064.6 5653.09
 459387 176816 20427.2 26813.5 7876.16
 208213 158581 57429.3 6591.01 11188.7
 449957 72923.5 52987.5 19091.5 5908.87
 532017 154547 23453.7 16920.8 7980.29
 190345 184282 50533.7 7621.06 8088.51
 178222 66976.5 62138.7 16961.1 5271.36
 339879 61948.8 22050 20337.1 7273.97
 165585 114936 19326.2 6819.05 8534.64
 332513 58635.6 39240.7 6572.15 5220.05
pred_Ctot
 7387.27 2795.3 13064.8 674.599 0.0247571
 6775.43 8613.38 1696.18 7523.61 387.395
 8725.1 4162.37 2689.26 501.279 2330.99
 21142.6 8594.76 2082.61 1273.72 1337.28
 5830.82 4197.14 842.006 192.481 240.531
 19027.7 8412.35 3161.15 602.064 308.721
 15478.6 21019.7 4679.53 1663.16 477.712
 1346.27 1468.4 957.212 200.416 91.3803
 4467.34 3349.9 1924.37 1192.11 362.384
 7137.32 3331.57 1252.58 680.161 547.73
 4009.45 1288.79 298.11 105.784 103.366
 19653.5 10832.1 1819.15 399.58 279.534
 12583.1 10814.6 2880.53 455.447 169.455
 15034.4 12388.6 5133.76 1287.46 278.373
 16584.8 4723.73 1710.61 660.377 200.634
 66273.8 8694.88 1174.65 399.672 200.479
 8416.94 19117.3 1200.49 152.503 77.6512
 59985.9 7039.27 8108.34 481.89 92.1052
 51073.5 45900.7 2673.87 2908.32 205.236
 36813.8 24376.6 10634.9 583.512 677.244
 38982.9 16761 5494.44 2262.5 267.351
 62567 30098.8 6532.82 2025.76 929.911
 7618.45 20477.1 4907.64 1006 453.712
 21992.9 5172.64 7180.76 1631.82 483.939
 17995.5 13223 1604.37 2111.53 620.325
 6337.89 9267.22 3526.78 405.846 689.052
 18977.7 5860.36 4471.2 1615.23 499.989
 19748.2 10966.3 1748.06 1264.5 596.455
 5255.4 9785.81 2820.5 426.511 452.735
 6241.2 4489.66 4375.85 1197.6 372.255
 17472.1 6031.81 2252.9 2083.3 745.234
 3929.36 5258.8 929.659 328.909 411.717
 16688.3 5578.28 3917.69 657.857 522.587
F
 0.0519869 0.101761 0.107161 0.107461 0.107477
 0.0935508 0.18312 0.192837 0.193377 0.193406
 0.0906862 0.177512 0.186932 0.187456 0.187483
 0.14707 0.287879 0.303156 0.304005 0.30405
 0.0458811 0.0898094 0.0945752 0.0948401 0.094854
 0.102519 0.200674 0.211323 0.211915 0.211946
 0.194751 0.381212 0.401441 0.402566 0.402625
 0.0294774 0.0577002 0.060762 0.0609322 0.0609412
 0.113487 0.222144 0.233932 0.234588 0.234622
 0.140508 0.275035 0.28963 0.290441 0.290484
 0.0395134 0.077345 0.0814493 0.0816775 0.0816895
 0.17414 0.340867 0.358956 0.359961 0.360014
 0.168515 0.329856 0.34736 0.348333 0.348385
 0.327317 0.640701 0.6747 0.67659 0.67669
 0.203714 0.398756 0.419917 0.421093 0.421155
 0.195086 0.381869 0.402133 0.403259 0.403319
 0.094604 0.185181 0.195008 0.195554 0.195583
 0.128709 0.25194 0.265309 0.266052 0.266091
 0.168601 0.330027 0.34754 0.348513 0.348564
 0.137737 0.269612 0.283919 0.284714 0.284756
 0.102525 0.200686 0.211336 0.211928 0.211959
 0.129453 0.253395 0.266842 0.267589 0.267629
 0.0670142 0.131176 0.138137 0.138524 0.138544
 0.069505 0.136052 0.143271 0.143672 0.143694
 0.0636309 0.124553 0.131163 0.13153 0.13155
 0.0491495 0.096207 0.101312 0.101596 0.101611
 0.0686525 0.134383 0.141514 0.14191 0.141931
 0.0602101 0.117857 0.124112 0.124459 0.124478
 0.0444948 0.0870957 0.0917174 0.0919743 0.0919879
 0.0567217 0.111029 0.116921 0.117248 0.117266
 0.0842148 0.164845 0.173593 0.174079 0.174104
 0.0381418 0.0746601 0.078622 0.0788422 0.0788538
 0.0821487 0.160801 0.169334 0.169808 0.169833
YTP_r0W_actual
 125830 97340.9 94298.8 20604.1 18421.2
YTP_p0W_proyectada
 0 0 0 0 0
 0 0 0 0 0
 0 0 0 0 0
 0 0 0 0 0
 0 0 0 0 0
 0 0 0 0 0
CTP_r0_actual
 16688.3 5578.28 3917.69 657.857 522.587
CTP_p0_proyectada
 0 0 0 0 0
 0 0 0 0 0
 0 0 0 0 0
 0 0 0 0 0
 0 0 0 0 0
 0 0 0 0 0
Wmedp
 7.54 17.45 24.07 31.32 35.25
Frms_r0
 0.0821487 0.160801 0.169334 0.169808 0.169833
Zrms_r0
 1.08215 1.1608 1.16933 1.16981 1.16983
nmprior
 7.29 8.9 8.7 0
nm_flota  nm_reclas  nm_pelaces    nm_pelaL
inf 11.3102 17.9309 56.8911
cv_recla  cv_pelaces  cv_mph
0.371919 0.457826 0.751367
 ------------------------------------------------
Talla a la edad & desviaci?n 
 8 13.2811 15.8009 17.003 17.5766
 0.8 1.32811 1.58009 1.7003 1.75766
