years
 1991 1992 1993 1994 1995 1996 1997 1998 1999 2000 2001 2002 2003 2004 2005 2006 2007 2008 2009 2010 2011 2012 2013 2014 2015 2016 2017 2018 2019 2020 2021 2022 2023
reclasobs
 0 0 0 0 0 0 0 0 0 252601 567819 844713 477998 351125 339783 2.1784e+06 2.13404e+06 4.81314e+06 1.55562e+06 2.62356e+06 3.21686e+06 3.843e+06 1.13348e+06 3.07943e+06 1.97215e+06 2.03268e+06 2.025e+06 2.42433e+06 2.27542e+06 1.05018e+06 2.36338e+06 3.18982e+06 1.53035e+06
reclaspred
 7.1422e+06 1.99094e+06 1.11541e+06 864443 234518 2.94521e+06 1.56239e+06 653728 738482 243658 412916 1.04313e+06 946997 367300 553431 1.76252e+06 1.07957e+06 3.70606e+06 2.64826e+06 2.19168e+06 3.3979e+06 3.13302e+06 1.92361e+06 3.03887e+06 2.41872e+06 1.85872e+06 2.21421e+06 2.97141e+06 2.56486e+06 1.50833e+06 1.79592e+06 1.66714e+06 837878
pelacesobs
 0 0 0 0 0 0 0 0 0 0 0 0 0 0 0 552880 188675 0 991730 2.46772e+06 1.41603e+06 1.21717e+06 2.29649e+06 1.80582e+06 0 1.4828e+06 1.56532e+06 1.57751e+06 1.42118e+06 867257 1.10002e+06 1.06204e+06 0
pelacespred
 5.97175e+06 1.45103e+06 549504 322802 93551.1 1.63494e+06 785611 480987 379024 86931.8 219962 464867 471654 133729 257032 754814 483704 1.98717e+06 1.3398e+06 969700 1.69018e+06 1.52903e+06 1.06105e+06 1.84716e+06 1.42806e+06 1.12257e+06 1.45422e+06 1.79634e+06 1.60845e+06 985304 883045 975662 373546
mphobs
 0 0 0 0 0 0 0 0 0 0 0 0 498337 0 5186 125008 0 168611 109162 213762 579715 649985 157893 87575 83554 210694 70296 0 107559 103333 445601 22526 28222
mphpred
 1.51049e+06 606420 107619 168352 60286.1 18773.6 475232 121503 55754 67575.6 14335.2 68152.7 140926 63462.2 17745.3 55189.7 250064 93006.6 463238 344317 488903 478483 138307 65674.3 156747 116714 72499 109048 202579 108750 53550.5 102636 36933
desembarqueobs
 494567 514787 250237 358949 120608 361735 552515 73892 212993 205616 52469 317467 293654 387597 252695 516296 358380 742168 942051 627588 828172 859565 418607 520667 417249 300574 415391 372974 316634 284311 391294 218835 356480
desembarquepred
 494509 514478 249900 358726 120541 361559 551948 73874.1 212838 205433 52456.6 317199 293388 386918 252399 515748 358155 741376 940321 626446 827781 858544 418254 520361 416832 300334 415044 372678 316331 283893 390819 218774 356252
Reclutas
 27372.5 20315.4 180970 38954.6 14205.9 277269 19688.1 6541.95 41912.5 22094.3 40283.9 129082 72797.7 53053 54364.5 249740 21919.4 396322 200402 233444 207975 382058 28350.9 161910 143434 38540.8 128398 157723 40022.4 56454.1 108998 20989.9 66300.5
log_desv_Rt
 -0.908779 -1.20694 0.980014 -0.555922 -1.56466 1.40667 -1.23831 -2.34008 -0.482733 -1.123 -0.522366 0.642129 0.0693656 -0.247027 -0.222607 1.3021 -1.13095 1.76391 1.08201 1.23462 1.1191 1.72725 -0.873659 0.868721 0.747557 -0.5666 0.63682 0.84252 -0.528879 -0.184891 0.47301 -1.17427 -0.0241213
SSB
 1.44952e+06 581941 103275 161556 57852.6 18015.8 456049 116598 53503.5 64847.9 13756.5 65401.7 125698 58021.9 15955.5 50349.5 239970 89252.4 468062 214960 317366 335527 397678 177616 383591 311384 178277 252544 491848 242249 147091 283823 96478.7
BT
 1.86557e+06 886485 436366 369419 129914 1.24366e+06 722169 210696 381796 221547 159067 497993 469587 460156 391105 824684 441256 1.75007e+06 1.44854e+06 947147 1.46944e+06 1.44404e+06 689367 1.40798e+06 916374 644494 1.13143e+06 1.16563e+06 752863 629847 730111 493299 491004
Ftot
 0.355825 1.20688 1.21193 1.77951 2.12139 0.731039 1.48933 0.576032 1.54026 3.10465 0.736717 1.59494 1.50966 4.00091 2.37082 1.61045 1.45679 1.13934 1.66107 1.48114 1.24288 1.41236 1.01259 0.954739 0.878766 0.798607 1.0243 0.697564 0.60138 0.96083 1.17194 0.641882 2.0554
BD_Bspro_t
 0.945081 0.588577 0.205248 0.288963 0.105387 0.0479064 0.452458 0.160582 0.114371 0.150256 0.0522066 0.275613 0.272356 0.123108 0.0391372 0.113628 0.265137 0.119539 0.332064 0.176111 0.200821 0.208909 0.252669 0.149795 0.302613 0.309659 0.248497 0.347569 0.48209 0.325874 0.257827 0.353387 0.224646
BD_Bspro
 2.96237 1.1893 0.211061 0.33017 0.118232 0.0368185 0.932019 0.23829 0.109344 0.132528 0.028114 0.13366 0.256888 0.118578 0.032608 0.102898 0.490423 0.182403 0.95657 0.43931 0.648595 0.68571 0.812728 0.362991 0.783938 0.636369 0.364342 0.51612 1.00518 0.49508 0.300608 0.580044 0.197172
BD_Bo
 5.66611 2.27478 0.403695 0.631515 0.226143 0.0704226 1.78267 0.455776 0.209142 0.253487 0.0537736 0.255652 0.491349 0.226804 0.0623692 0.196814 0.938031 0.348883 1.82963 0.840266 1.24057 1.31156 1.5545 0.694292 1.49944 1.21718 0.696877 0.987182 1.92261 0.946938 0.574972 1.10945 0.37713
BD_Brms
 6.06913 2.43658 0.43241 0.676435 0.242228 0.0754317 1.90947 0.488195 0.224018 0.271517 0.0575985 0.273836 0.526298 0.242937 0.0668054 0.210813 1.00475 0.373698 1.95977 0.900034 1.32881 1.40485 1.66507 0.743676 1.60609 1.30376 0.746445 1.0574 2.05936 1.01429 0.61587 1.18836 0.403955
Sel_flota
 0.491496 0.948359 0.997142 0.999849 0.999992
 0.491496 0.948359 0.997142 0.999849 0.999992
 0.491496 0.948359 0.997142 0.999849 0.999992
 0.491496 0.948359 0.997142 0.999849 0.999992
 0.491496 0.948359 0.997142 0.999849 0.999992
 0.491496 0.948359 0.997142 0.999849 0.999992
 0.491496 0.948359 0.997142 0.999849 0.999992
 0.491496 0.948359 0.997142 0.999849 0.999992
 0.491496 0.948359 0.997142 0.999849 0.999992
 0.491496 0.948359 0.997142 0.999849 0.999992
 0.491496 0.948359 0.997142 0.999849 0.999992
 0.491496 0.948359 0.997142 0.999849 0.999992
 0.491496 0.948359 0.997142 0.999849 0.999992
 0.491496 0.948359 0.997142 0.999849 0.999992
 0.491496 0.948359 0.997142 0.999849 0.999992
 0.491496 0.948359 0.997142 0.999849 0.999992
 0.491496 0.948359 0.997142 0.999849 0.999992
 0.491496 0.948359 0.997142 0.999849 0.999992
 0.491496 0.948359 0.997142 0.999849 0.999992
 0.491496 0.948359 0.997142 0.999849 0.999992
 0.491496 0.948359 0.997142 0.999849 0.999992
 0.491496 0.948359 0.997142 0.999849 0.999992
 0.491496 0.948359 0.997142 0.999849 0.999992
 0.491496 0.948359 0.997142 0.999849 0.999992
 0.491496 0.948359 0.997142 0.999849 0.999992
 0.491496 0.948359 0.997142 0.999849 0.999992
 0.491496 0.948359 0.997142 0.999849 0.999992
 0.491496 0.948359 0.997142 0.999849 0.999992
 0.491496 0.948359 0.997142 0.999849 0.999992
 0.491496 0.948359 0.997142 0.999849 0.999992
 0.491496 0.948359 0.997142 0.999849 0.999992
 0.491496 0.948359 0.997142 0.999849 0.999992
 0.491496 0.948359 0.997142 0.999849 0.999992
Sel_reclas
 0.559096 0.86453 0.969804 0.993851 0.998772
 0.559096 0.86453 0.969804 0.993851 0.998772
 0.559096 0.86453 0.969804 0.993851 0.998772
 0.559096 0.86453 0.969804 0.993851 0.998772
 0.559096 0.86453 0.969804 0.993851 0.998772
 0.559096 0.86453 0.969804 0.993851 0.998772
 0.559096 0.86453 0.969804 0.993851 0.998772
 0.559096 0.86453 0.969804 0.993851 0.998772
 0.559096 0.86453 0.969804 0.993851 0.998772
 0.559096 0.86453 0.969804 0.993851 0.998772
 0.559096 0.86453 0.969804 0.993851 0.998772
 0.559096 0.86453 0.969804 0.993851 0.998772
 0.559096 0.86453 0.969804 0.993851 0.998772
 0.559096 0.86453 0.969804 0.993851 0.998772
 0.559096 0.86453 0.969804 0.993851 0.998772
 0.559096 0.86453 0.969804 0.993851 0.998772
 0.559096 0.86453 0.969804 0.993851 0.998772
 0.559096 0.86453 0.969804 0.993851 0.998772
 0.559096 0.86453 0.969804 0.993851 0.998772
 0.559096 0.86453 0.969804 0.993851 0.998772
 0.559096 0.86453 0.969804 0.993851 0.998772
 0.559096 0.86453 0.969804 0.993851 0.998772
 0.559096 0.86453 0.969804 0.993851 0.998772
 0.559096 0.86453 0.969804 0.993851 0.998772
 0.559096 0.86453 0.969804 0.993851 0.998772
 0.559096 0.86453 0.969804 0.993851 0.998772
 0.559096 0.86453 0.969804 0.993851 0.998772
 0.559096 0.86453 0.969804 0.993851 0.998772
 0.559096 0.86453 0.969804 0.993851 0.998772
 0.559096 0.86453 0.969804 0.993851 0.998772
 0.559096 0.86453 0.969804 0.993851 0.998772
 0.559096 0.86453 0.969804 0.993851 0.998772
 0.559096 0.86453 0.969804 0.993851 0.998772
Sel_pelaces
 0.369082 0.746453 0.936774 0.986766 0.997342
 0.369082 0.746453 0.936774 0.986766 0.997342
 0.369082 0.746453 0.936774 0.986766 0.997342
 0.369082 0.746453 0.936774 0.986766 0.997342
 0.369082 0.746453 0.936774 0.986766 0.997342
 0.369082 0.746453 0.936774 0.986766 0.997342
 0.369082 0.746453 0.936774 0.986766 0.997342
 0.369082 0.746453 0.936774 0.986766 0.997342
 0.369082 0.746453 0.936774 0.986766 0.997342
 0.369082 0.746453 0.936774 0.986766 0.997342
 0.369082 0.746453 0.936774 0.986766 0.997342
 0.369082 0.746453 0.936774 0.986766 0.997342
 0.369082 0.746453 0.936774 0.986766 0.997342
 0.369082 0.746453 0.936774 0.986766 0.997342
 0.369082 0.746453 0.936774 0.986766 0.997342
 0.369082 0.746453 0.936774 0.986766 0.997342
 0.369082 0.746453 0.936774 0.986766 0.997342
 0.369082 0.746453 0.936774 0.986766 0.997342
 0.369082 0.746453 0.936774 0.986766 0.997342
 0.369082 0.746453 0.936774 0.986766 0.997342
 0.369082 0.746453 0.936774 0.986766 0.997342
 0.369082 0.746453 0.936774 0.986766 0.997342
 0.369082 0.746453 0.936774 0.986766 0.997342
 0.369082 0.746453 0.936774 0.986766 0.997342
 0.369082 0.746453 0.936774 0.986766 0.997342
 0.369082 0.746453 0.936774 0.986766 0.997342
 0.369082 0.746453 0.936774 0.986766 0.997342
 0.369082 0.746453 0.936774 0.986766 0.997342
 0.369082 0.746453 0.936774 0.986766 0.997342
 0.369082 0.746453 0.936774 0.986766 0.997342
 0.369082 0.746453 0.936774 0.986766 0.997342
 0.369082 0.746453 0.936774 0.986766 0.997342
 0.369082 0.746453 0.936774 0.986766 0.997342
pf_obs 
 0.8446 0.082 0.0669 0.0065 0
 0.8095 0.147 0.0364 0.0071 0
 0.9664 0.0169 0.016 0.0007 0
 0.9276 0.0648 0.0075 0.0001 0
 0.7033 0.2144 0.0806 0.0017 0
 0.9318 0.0425 0.0243 0.0014 0
 0.5671 0.3108 0.0964 0.0239 0.0018
 0.0768 0.2599 0.5324 0.112 0.0189
 0.490249 0.384438 0.106611 0.0170017 0.00170017
 0.7925 0.1577 0.0466 0.003 0.0002
 0.840416 0.127587 0.0312969 0.00059994 9.999e-05
 0.8084 0.0986 0.0794 0.0134 0.0002
 0.7335 0.1905 0.0724 0.0035 0.0001
 0.4001 0.4547 0.1325 0.0127 0
 0.49795 0.308269 0.164784 0.0264974 0.00249975
 0.9179 0.0499 0.0305 0.0017 0
 0.2467 0.6533 0.0926 0.0074 0
 0.9418 0.0223 0.034 0.0019 0
 0.707729 0.231977 0.0356964 0.0245975 0
 0.517169 0.277429 0.184464 0.0207286 0.00020938
 0.811772 0.124168 0.05621 0.00726502 0.000585176
 0.764997 0.148141 0.077277 0.00933861 0.000247198
 0.163321 0.427699 0.378323 0.0303852 0.000271297
 0.753843 0.0900009 0.118128 0.0371064 0.000921714
 0.721811 0.176058 0.0630433 0.0369309 0.00215725
 0.143369 0.312575 0.442814 0.0836902 0.0175525
 0.692698 0.0596174 0.167031 0.0765114 0.00414204
 0.394062 0.376323 0.152708 0.0712218 0.00568511
 0.125707 0.32114 0.495352 0.0537591 0.00404204
 0.23352 0.215282 0.420074 0.123614 0.00750983
 0.796117 0.104755 0.0508955 0.0450114 0.00322123
 0.162477 0.292055 0.404252 0.121198 0.0200186
 0 0 0 0 0
pf_pred 
 0.137264 0.194076 0.592699 0.0759601 1.1025e-06
 0.279006 0.18443 0.126355 0.36374 0.0464681
 0.935497 0.0338871 0.00837709 0.00525643 0.0169823
 0.41154 0.574378 0.0077206 0.00174711 0.00461474
 0.536545 0.32269 0.137748 0.00165854 0.00135808
 0.986294 0.0111469 0.00184647 0.000697024 1.5159e-05
 0.152083 0.842916 0.00412167 0.000635709 0.000244239
 0.269785 0.250417 0.477233 0.00211596 0.000449285
 0.874703 0.05763 0.024227 0.0432089 0.000231413
 0.689461 0.297247 0.00646021 0.00245453 0.00437673
 0.925141 0.0689721 0.00567252 0.000104561 0.00010953
 0.888778 0.10749 0.00345739 0.00026469 9.94983e-06
 0.678476 0.308898 0.0122423 0.000355369 2.807e-05
 0.742343 0.222733 0.0336785 0.00120753 3.76126e-05
 0.931724 0.0653713 0.00257589 0.000317019 1.15876e-05
 0.963019 0.0363226 0.000634151 2.18577e-05 2.76784e-06
 0.252619 0.738152 0.0090807 0.000142997 5.52134e-06
 0.968824 0.0154419 0.0155572 0.000173674 2.82538e-06
 0.613005 0.382508 0.00231854 0.00214401 2.42102e-05
 0.795303 0.170284 0.0340543 0.000185816 0.000172767
 0.744877 0.234806 0.0171715 0.00311317 3.26003e-05
 0.840855 0.141408 0.0164378 0.00109939 0.000200421
 0.188495 0.761501 0.0448873 0.00474339 0.000373107
 0.851339 0.0548443 0.0884606 0.00480999 0.000545844
 0.684333 0.29566 0.00775206 0.0115581 0.000696763
 0.359317 0.537698 0.0969216 0.00235542 0.00370809
 0.824583 0.10016 0.0638888 0.0107015 0.000666733
 0.749108 0.23186 0.0112451 0.00661527 0.00117189
 0.327913 0.585774 0.0801834 0.00362733 0.00250229
 0.620178 0.197812 0.159967 0.0204833 0.00156003
 0.809785 0.153557 0.0198183 0.0148084 0.00203174
 0.33162 0.614267 0.0444086 0.00525826 0.00444689
 0.812626 0.099348 0.0813404 0.00549001 0.0011952
pobs_RECLAS
 0 0 0 0 0
 0 0 0 0 0
 0 0 0 0 0
 0 0 0 0 0
 0 0 0 0 0
 0 0 0 0 0
 0 0 0 0 0
 0 0 0 0 0
 0 0 0 0 0
 0 0 0 0 0
 0.991045 0.00858322 0.000360255 1.14367e-05 0
 0.934742 0.0480273 0.0164251 0.00080598 0
 0.827803 0.169806 0.00239088 0 0
 0.941827 0.0461693 0.0120037 0 0
 0.791401 0.0380133 0.147996 0.0225897 0
 0.846168 0.0940531 0.0597789 0 0
 0.134021 0.677848 0.182769 0.00536245 0
 0.80878 0.0450904 0.141981 0.00414843 0
 0.846168 0.0940531 0.0597789 0 0
 0.905697 0.0802665 0.012482 0.00150086 5.37128e-05
 0.989698 0.0102097 9.19794e-05 0 0
 0.975433 0.0193895 0.00387452 0.00125025 5.28907e-05
 0.303575 0.632131 0.0575291 0.00676475 0
 0.966965 0.00978017 0.0227588 0.000495775 0
 0.843318 0.132988 0.00938335 0.0141283 0.000182051
 0.564624 0.303363 0.111486 0.0197234 0.00080311
 0.826376 0.0876187 0.0782897 0.00655872 0.00115652
 0.89761 0.0855135 0.0140674 0.00269457 0.000114338
 0.34875 0.467042 0.161289 0.0227151 0.000203297
 0.318654 0.224769 0.449479 0.00709798 0
 0.937255 0.0296025 0.0250945 0.00804832 0
 0.456809 0.399803 0.12412 0.0192676 0
 0.883104 0.0372192 0.0704036 0.00927362 0
ppred_RECLAS
 0.160945 0.179362 0.583298 0.0763936 1.11412e-06
 0.331698 0.162013 0.117254 0.34478 0.0442563
 0.949892 0.0254124 0.00663581 0.00425312 0.0138065
 0.501176 0.486191 0.00685025 0.00158272 0.00420041
 0.631716 0.253112 0.112649 0.00138441 0.00113899
 0.98929 0.00860097 0.00151269 0.00058344 1.27496e-05
 0.199795 0.795219 0.00409279 0.000644667 0.000248861
 0.313242 0.226113 0.458127 0.00207557 0.000442823
 0.904192 0.0425464 0.0188129 0.0342644 0.000184384
 0.79328 0.197567 0.00439779 0.00170381 0.00305233
 0.941153 0.0539537 0.004711 8.87252e-05 9.33877e-05
 0.918277 0.0788417 0.00266529 0.000208367 7.86992e-06
 0.746114 0.24341 0.010151 0.000300919 2.38824e-05
 0.852854 0.127093 0.0193249 0.000705795 2.20862e-05
 0.954841 0.0431632 0.0017658 0.000221765 8.14423e-06
 0.973483 0.0260211 0.000477373 1.68019e-05 2.13776e-06
 0.319148 0.672001 0.00870519 0.00014 5.43138e-06
 0.97597 0.0115672 0.0123203 0.000140496 2.29655e-06
 0.691958 0.304256 0.00193649 0.00182851 2.07459e-05
 0.842716 0.129688 0.0273017 0.000152137 0.000142127
 0.79783 0.185193 0.0143004 0.00264821 2.78638e-05
 0.878837 0.106998 0.013105 0.000895159 0.000163968
 0.235294 0.714894 0.0446148 0.00481634 0.000380658
 0.879481 0.0428214 0.0731699 0.00406458 0.000463461
 0.739385 0.242951 0.00675364 0.0102876 0.000623143
 0.420448 0.481548 0.0920998 0.00228683 0.00361735
 0.859043 0.0783958 0.0529361 0.00905822 0.000567051
 0.793851 0.189479 0.00975982 0.00586643 0.00104422
 0.38396 0.532498 0.0774776 0.00358136 0.00248244
 0.677315 0.163196 0.139802 0.0182881 0.00139951
 0.850048 0.119498 0.0162988 0.0124402 0.00171498
 0.389273 0.558246 0.0428835 0.00518832 0.00440879
 0.863385 0.0709214 0.0606046 0.00417539 0.000913314
pobs_PELACES
 0 0 0 0 0
 0 0 0 0 0
 0 0 0 0 0
 0 0 0 0 0
 0 0 0 0 0
 0 0 0 0 0
 0 0 0 0 0
 0 0 0 0 0
 0 0 0 0 0
 0 0 0 0 0
 0 0 0 0 0
 0 0 0 0 0
 0 0 0 0 0
 0 0 0 0 0
 0 0 0 0 0
 0 0 0 0 0
 0.505614 0.472636 0.0217494 0 0
 0 0 0 0 0
 0.443492 0.261883 0.143347 0.151278 0
 0.227955 0.32914 0.350689 0.0885471 0.00366901
 0.970185 0.0296113 0.000203453 0 0
 0.997202 0.00247181 0.000326279 0 0
 0.445219 0.490057 0.0546422 0.010081 0
 0.90214 0.0892962 0.00764917 0.000914606 0
 0 0 0 0 0
 0.581667 0.319106 0.0959925 0.00289975 0.000334073
 0.762889 0.0836404 0.116647 0.0363945 0.000428098
 0.88444 0.0763242 0.0277011 0.0115352 0
 0.521256 0.241999 0.230069 0.00667565 0
 0.616807 0.101726 0.260614 0.0208532 0
 0.833518 0.0704572 0.0857862 0.0102388 0
 0.697417 0.212968 0.0787535 0.0105354 0.000325836
 0 0 0 0 0
ppred_PELACES
 0.124202 0.171581 0.620685 0.0835298 1.22516e-06
 0.294368 0.15677 0.124489 0.375854 0.0485191
 0.942566 0.0274737 0.00787081 0.00517971 0.01691
 0.500488 0.485603 0.0074382 0.00176367 0.0047071
 0.637768 0.242739 0.116802 0.00147267 0.00121844
 0.987199 0.0100542 0.00195509 0.000774593 1.70232e-05
 0.192772 0.80171 0.00450678 0.000728695 0.000282893
 0.261746 0.226566 0.508811 0.00236825 0.000508151
 0.895583 0.0436962 0.0210861 0.039421 0.000213334
 0.823594 0.167999 0.00397969 0.00158042 0.00284711
 0.931243 0.0624846 0.00603174 0.00011669 0.000123522
 0.915901 0.0808698 0.00298093 0.000239199 9.0856e-06
 0.73756 0.250651 0.0114134 0.000347306 2.772e-05
 0.88945 0.0948399 0.0151266 0.000565838 1.78049e-05
 0.958386 0.0396348 0.00174605 0.000224921 8.30661e-06
 0.972767 0.0266776 0.000533515 1.92737e-05 2.46613e-06
 0.308377 0.681805 0.00965188 0.000159345 6.21692e-06
 0.97228 0.0126932 0.01485 0.000173887 2.85853e-06
 0.687832 0.307941 0.00213481 0.0020689 2.3606e-05
 0.834422 0.134342 0.030894 0.00017672 0.000166029
 0.783004 0.197099 0.0166897 0.0031733 3.35783e-05
 0.871559 0.11217 0.0150242 0.00105353 0.000194072
 0.213966 0.729898 0.0501358 0.00555822 0.000441791
 0.85796 0.0473124 0.0890636 0.00508106 0.000582663
 0.710661 0.267521 0.0082028 0.0128333 0.000781771
 0.380641 0.50552 0.106783 0.00272339 0.00433247
 0.838589 0.085772 0.0637342 0.0111997 0.0007051
 0.764124 0.214732 0.0122357 0.007555 0.00135245
 0.339526 0.56249 0.0906768 0.00430603 0.00300178
 0.638102 0.173974 0.164171 0.0220558 0.00169745
 0.834898 0.128648 0.0192634 0.015097 0.00209307
 0.347118 0.591025 0.0502703 0.00624799 0.00533955
 0.863569 0.0680574 0.0629452 0.00444937 0.000978732
pobs_pel_tallas
 0 0 0 0 0 0 0 0 0 0 0 0 0 0 0 0 0 0 0 0 0 0 0 0 0 0
 0 0 0 0 0 0 0 0 0 0 0 0 0 0 0 0 0 0 0 0 0 0 0 0 0 0
 0 0 0 0 0 0 0 0 0 0 0 0 0 0 0 0 0 0 0 0 0 0 0 0 0 0
 0 0 0 0 0 0 0 0 0 0 0 0 0 0 0 0 0 0 0 0 0 0 0 0 0 0
 0 0 0 0 0 0 0 0 0 0 0 0 0 0 0 0 0 0 0 0 0 0 0 0 0 0
 0 0 0 0 0 0 0 0 0 0 0 0 0 0 0 0 0 0 0 0 0 0 0 0 0 0
 0 0 0 0 0 0 0 0 0 0 0 0 0 0 0 0 0 0 0 0 0 0 0 0 0 0
 0 0 0 0 0 0 0 0 0 0 0 0 0 0 0 0 0 0 0 0 0 0 0 0 0 0
 0 0 0 0 0 0 0 0 0 0 0 0 0 0 0 0 0 0 0 0 0 0 0 0 0 0
 0 0 0 0 0 0 0 0 0 0 0 0 0 0 0 0 0 0 0 0 0 0 0 0 0 0
 0 0 0 0 0 0 0 0 0 0 0 0 0 0 0 0 0 0 0 0 0 0 0 0 0 0
 0 0 0 0 0 0 0 0 0 0 0 0 0 0 0 0 0 0 0 0 0 0 0 0 0 0
 0.00862536 0 0 0.000197151 0.00414017 0.0128641 0.00837892 0.0270097 0.101434 0.158115 0.152841 0.127902 0.109271 0.109419 0.0830992 0.0579132 0.0238553 0.00714673 0.00463305 0.00128148 0.00103504 0.000492878 0.000147863 0.000147863 4.92878e-05 0
 0 0 0 0 0 0 0 0 0 0 0 0 0 0 0 0 0 0 0 0 0 0 0 0 0 0
 0 0 0 0 0 0 0 0.0054083 0.00873648 0.0413646 0.0450493 0.0745869 0.0622846 0.0627006 0.0613931 0.0827291 0.12552 0.122667 0.0946155 0.0697135 0.0546179 0.0294188 0.0215738 0.0213955 0.0102223 0.00600262
 0 0 0 0 0.00359764 0.0251062 0.0480494 0.140153 0.205849 0.193036 0.1447 0.116669 0.0760912 0.0342217 0.00950174 0.001854 0.000860785 0 0 0 0.000165536 0 0.000143464 0 0 0
 0 0 0 0 0 0 0 0.000145254 0.000435761 0.0275982 0.070085 0.0708112 0.156366 0.174668 0.174014 0.160142 0.0824315 0.0480064 0.0283245 0.00493863 0.00203355 0 0 0 0 0
 0 0 0 0 0 0 0 0 0 0 0 0 0 0 0 0 0 0 0 0 0 0 0 0 0 0
 0 0 1.00437e-05 0.000401748 0.00122533 0.00171747 0.00176769 0.0269171 0.070346 0.194647 0.189555 0.159765 0.064822 0.0314167 0.0384472 0.0292271 0.0345202 0.0313363 0.0194345 0.0106764 0.0143323 0.0359363 0.0279516 0.0138201 0.00172751 0
 0 0.0021121 0.0136068 0.0755702 0.200478 0.177729 0.0527432 0.0373336 0.0318909 0.0142505 0.0149659 0.0166563 0.0217959 0.0798694 0.0677717 0.0528807 0.04013 0.0224614 0.0357745 0.0225083 0.00881397 0.00855152 0.00135912 0.000746735 0 0
 0 0 0 0 5.4009e-05 0.00500934 0.000945158 0.0243581 0.138947 0.33067 0.221406 0.137944 0.0707744 0.0437923 0.0131692 0.00525238 0.0047753 0.00276346 9.45158e-05 9.00151e-06 2.25038e-05 9.00151e-06 4.50075e-06 0 0 0
 0.000866109 0.00284123 0.00948549 0.0512746 0.133035 0.25785 0.225252 0.132002 0.0553304 0.0519788 0.0540692 0.017754 0.00435017 0.00159236 0.00146478 0.000404838 0.000125132 0.000115318 0.000107957 0.000100596 0 0 0 0 0 0
 0 0 0 0 0.00144013 0.00171154 0.00461396 0.0210425 0.0478622 0.0707936 0.0888783 0.103762 0.0637923 0.0337046 0.0602308 0.124433 0.169614 0.0934646 0.0462172 0.0250306 0.0313229 0.00938855 0.002487 0.000210481 0 0
 0 0.00764035 0.051015 0.0998891 0.058973 0.0496711 0.0374665 0.0718981 0.12319 0.153886 0.159021 0.0857701 0.0377988 0.023471 0.0147837 0.00900784 0.00315554 0.000888139 0.00291439 0.00214683 0.00393193 0.00274676 0.000635225 9.99891e-05 0 0
 0 0 0 0 0 0 0 0 0 0 0 0 0 0 0 0 0 0 0 0 0 0 0 0 0 0
 0 0 0 0 0 0 0 0 0 0 0 0 0 0 0 0 0 0 0 0 0 0 0 0 0 0
 0 0 0 0 0 0 0 0 0 0 0 0 0 0 0 0 0 0 0 0 0 0 0 0 0 0
 0 0 0 0 0 0 0 0 0 0 0 0 0 0 0 0 0 0 0 0 0 0 0 0 0 0
 0 0 0 0 0 0 0 0 0 0 0 0 0 0 0 0 0 0 0 0 0 0 0 0 0 0
 0 0 0 0 0 0 0 0 0 0 0 0 0 0 0 0 0 0 0 0 0 0 0 0 0 0
 0 0 0 0 0 0 0 0 0 0 0 0 0 0 0 0 0 0 0 0 0 0 0 0 0 0
 0 0 0 0 0 0 0 0 0 0 0 0 0 0 0 0 0 0 0 0 0 0 0 0 0 0
 0 0 0 0 0 0 0 0 0 0 0 0 0 0 0 0 0 0 0 0 0 0 0 0 0 0
ppred_pel_tallas
 1.26333e-16 1.02304e-05 9.94433e-05 0.000660837 0.00300408 0.0093469 0.0199152 0.0290705 0.0290879 0.0200011 0.00963801 0.00385704 0.0028476 0.00502447 0.00980706 0.0173533 0.0276914 0.0404407 0.0550332 0.0709391 0.0874301 0.102961 0.114876 0.120088 0.116516 0.104301
 1.49537e-16 2.42468e-05 0.000235687 0.00156623 0.00711984 0.0221526 0.0471989 0.0688915 0.0689069 0.0472744 0.0224068 0.00785851 0.00343705 0.00437704 0.00806512 0.0137781 0.0210436 0.0291489 0.0375636 0.0465151 0.0569904 0.0699134 0.0850126 0.100253 0.112326 0.11794
 1.03616e-16 7.76379e-05 0.000754668 0.00501503 0.0227976 0.0709319 0.151128 0.220576 0.220579 0.151141 0.0709756 0.0229239 0.00533274 0.00145038 0.00140562 0.0022195 0.00323655 0.00417683 0.00482358 0.00510615 0.00515169 0.00520365 0.0054611 0.00595775 0.00655363 0.00702046
 1.01313e-16 4.12247e-05 0.000400718 0.00266292 0.0121053 0.0376642 0.0802493 0.117136 0.117183 0.0804775 0.03843 0.0143159 0.00820713 0.0124877 0.0229494 0.037751 0.054088 0.067409 0.0731091 0.0690752 0.0569845 0.0412553 0.0265179 0.0155375 0.00876532 0.00519717
 1.03787e-16 5.25321e-05 0.000510631 0.00339333 0.0154256 0.0479948 0.102259 0.149255 0.149278 0.102374 0.0483813 0.0165433 0.00620499 0.00666799 0.0118031 0.0195765 0.0285338 0.0365784 0.0415716 0.0424639 0.0398262 0.035296 0.0304402 0.0259801 0.0218464 0.0177433
 1.0014e-16 8.13143e-05 0.000790404 0.00525251 0.0238772 0.0742907 0.158284 0.231021 0.231022 0.158289 0.0743066 0.0239231 0.00536801 0.0010427 0.000560939 0.000799895 0.00114731 0.00144879 0.00160801 0.00158248 0.0014037 0.00115398 0.000915435 0.000730955 0.000600102 0.000500541
 1.00456e-16 1.58785e-05 0.000154345 0.00102568 0.00466265 0.0145076 0.0309129 0.0451344 0.0452115 0.0312895 0.0157717 0.00831129 0.0101756 0.0200996 0.0378103 0.0622591 0.0891595 0.111014 0.120196 0.113194 0.0927739 0.0662545 0.0413377 0.0226692 0.0110793 0.00497877
 1.15065e-16 2.15597e-05 0.000209568 0.00139266 0.00633083 0.0196977 0.0419688 0.0612594 0.061282 0.0420794 0.0200712 0.00741914 0.00415947 0.00636502 0.0120489 0.02076 0.0319295 0.0443451 0.0566 0.0677447 0.0773722 0.0849988 0.0894457 0.0890458 0.0826785 0.0707741
 1.0461e-16 7.3768e-05 0.000717051 0.00476506 0.0216613 0.0673963 0.143595 0.209582 0.209586 0.143616 0.0674661 0.0218636 0.00527486 0.00183664 0.00222038 0.00360916 0.00532692 0.00699661 0.00830234 0.00913781 0.00966982 0.0101955 0.0108965 0.0116863 0.0122574 0.0122676
 1.00799e-16 6.78384e-05 0.000659413 0.00438203 0.0199201 0.0619789 0.132053 0.192739 0.192755 0.132132 0.0622439 0.0206851 0.00630076 0.00484293 0.00799821 0.0130764 0.0187396 0.0233756 0.0253939 0.0240682 0.01998 0.0146533 0.00967807 0.00599356 0.00373705 0.00254568
 1.00223e-16 7.67053e-05 0.000745603 0.00495479 0.0225238 0.0700799 0.149313 0.217928 0.217934 0.149342 0.0701786 0.0228088 0.00566996 0.00230596 0.00303752 0.00489334 0.00702511 0.00879863 0.0096235 0.00922662 0.0078105 0.00591723 0.00410944 0.00271534 0.0017836 0.00119906
 1.00133e-16 7.54416e-05 0.000733319 0.00487316 0.0221527 0.0689253 0.146853 0.214338 0.214346 0.146891 0.0690529 0.022521 0.00579704 0.00274785 0.00389464 0.0063014 0.00902811 0.0112642 0.01224 0.0116014 0.00962164 0.00702644 0.00457553 0.00272188 0.0015415 0.000877487
 1.00434e-16 6.07519e-05 0.00059053 0.00392428 0.0178392 0.0555046 0.118259 0.172608 0.172632 0.118377 0.0559001 0.0189811 0.00678853 0.00683658 0.0119036 0.0195314 0.0280084 0.0349642 0.0380256 0.0360955 0.0300151 0.0220223 0.0144587 0.00871781 0.00503237 0.00292286
 1.00521e-16 7.32628e-05 0.000712141 0.00473243 0.0215129 0.0669348 0.142612 0.208148 0.208157 0.142657 0.0670848 0.0219462 0.00582007 0.00308664 0.00458326 0.00746188 0.0107431 0.0135098 0.0148779 0.0144337 0.0124709 0.00978186 0.00718019 0.00512752 0.00368016 0.00267255
 1.00085e-16 7.8941e-05 0.000767335 0.00509921 0.0231803 0.0721224 0.153665 0.224279 0.224283 0.153683 0.072185 0.0233608 0.00555212 0.00175499 0.0019516 0.00309331 0.00442918 0.00552911 0.00601386 0.00571013 0.00475133 0.00349166 0.00230134 0.00140011 0.000823624 0.000494665
 1.00025e-16 8.01255e-05 0.000778849 0.00517572 0.0235281 0.0732046 0.15597 0.227644 0.227646 0.155983 0.0732467 0.0236495 0.00548033 0.00144293 0.00133877 0.00207969 0.00297216 0.00370379 0.00401649 0.0037932 0.00312499 0.0022535 0.00143247 0.00081431 0.000425716 0.00021458
 1.0047e-16 2.54008e-05 0.000246905 0.00164077 0.00745875 0.0232073 0.049448 0.0721846 0.0722501 0.0497683 0.0242825 0.0105623 0.0094242 0.0172149 0.0321822 0.0529834 0.0758989 0.0945528 0.102465 0.0966495 0.0794419 0.0570376 0.0359493 0.0200969 0.0101764 0.00485183
 1.0045e-16 8.00854e-05 0.000778459 0.00517313 0.0235163 0.073168 0.155892 0.227529 0.227531 0.155898 0.0731885 0.0235757 0.00532328 0.00110938 0.000717749 0.00108365 0.00160838 0.00213632 0.00256389 0.00283668 0.00296398 0.00298735 0.00293076 0.0027805 0.00250958 0.00211786
 1.00352e-16 5.66559e-05 0.000550715 0.0036597 0.0166365 0.0517624 0.110286 0.160972 0.161002 0.110431 0.052248 0.018038 0.00717452 0.0082127 0.0145761 0.0239236 0.0342605 0.0426696 0.046222 0.0435725 0.0357851 0.0256692 0.0161759 0.00907742 0.00467893 0.00235812
 1.00972e-16 6.87302e-05 0.000668082 0.00443964 0.020182 0.0627937 0.133789 0.195272 0.195285 0.133852 0.0630065 0.0207968 0.00598363 0.0040411 0.00648185 0.0106252 0.0153403 0.0193728 0.021485 0.021091 0.0185838 0.0150384 0.0115464 0.00870938 0.00658598 0.00496181
 1.00857e-16 6.4495e-05 0.000626915 0.00416607 0.0189384 0.0589244 0.125545 0.183241 0.18326 0.125638 0.0592357 0.0198372 0.00642138 0.00554719 0.00939985 0.0154137 0.0221407 0.0277213 0.0303052 0.0290364 0.0245628 0.0186058 0.0129484 0.00862499 0.00577658 0.0040182
 1.00601e-16 7.17892e-05 0.000697816 0.00463723 0.0210802 0.0655884 0.139743 0.203962 0.203973 0.139796 0.0657657 0.0215923 0.00592264 0.00350341 0.00539868 0.00880749 0.0126705 0.0159106 0.0174796 0.0168894 0.014495 0.0112486 0.00813016 0.00569986 0.00402784 0.00290881
 1.02266e-16 1.76243e-05 0.000171314 0.00113845 0.00517526 0.0161025 0.0343107 0.0500923 0.0501625 0.034654 0.0172549 0.0085024 0.0094856 0.0183784 0.0345526 0.0569793 0.0818071 0.102297 0.111583 0.106481 0.0894103 0.0668032 0.0453555 0.0289998 0.0183331 0.011952
 1.03191e-16 7.06691e-05 0.000686928 0.00456488 0.0207513 0.064565 0.137563 0.200778 0.200782 0.137586 0.0646425 0.0209768 0.00513699 0.00195617 0.00254061 0.00424285 0.00646396 0.00887339 0.0111575 0.0131273 0.0147469 0.016003 0.0167511 0.0167168 0.0156737 0.0136431
 1.01725e-16 5.85363e-05 0.000568993 0.00378116 0.0171886 0.0534803 0.113946 0.166314 0.166339 0.114072 0.0539024 0.0184073 0.00683796 0.00723503 0.0126982 0.0208473 0.0299035 0.037352 0.0406789 0.0387412 0.0324682 0.0242707 0.0166423 0.0110226 0.00757151 0.00567171
 1.04218e-16 3.1353e-05 0.000304762 0.00202525 0.00920654 0.0286452 0.0610335 0.0890904 0.0891392 0.0612718 0.0294456 0.011519 0.0078322 0.0129888 0.0241419 0.0399161 0.0576204 0.0727054 0.0805241 0.0788845 0.0693 0.0558709 0.0427614 0.0322681 0.024597 0.0188766
 1.03104e-16 6.90735e-05 0.000671419 0.00446181 0.0202828 0.0631073 0.134457 0.196246 0.196254 0.134498 0.0632446 0.0206806 0.00546433 0.00287314 0.00428931 0.00708298 0.0104326 0.0136119 0.0159155 0.0169971 0.017024 0.016463 0.0156921 0.0147753 0.0135466 0.0118601
 1.01395e-16 6.294e-05 0.000611799 0.00406562 0.0184817 0.0575036 0.122518 0.178823 0.178844 0.122619 0.0578426 0.0194605 0.00652103 0.00596757 0.0102216 0.0167652 0.0240667 0.0301021 0.032857 0.0314102 0.0264915 0.0200089 0.0139335 0.00940072 0.00654014 0.00488001
 1.03701e-16 2.79664e-05 0.000271843 0.0018065 0.00821211 0.0255512 0.0544416 0.0794704 0.0795247 0.0547065 0.0264409 0.010782 0.00825785 0.0143566 0.0267812 0.0442391 0.0637417 0.0801813 0.088346 0.0857931 0.0742702 0.058478 0.0432326 0.0312524 0.0228429 0.0169912
 1.07282e-16 5.25596e-05 0.000510898 0.0033951 0.0154336 0.0480199 0.102312 0.149331 0.149348 0.102395 0.0482996 0.0162444 0.00544091 0.0050122 0.00870464 0.0145767 0.0216203 0.0284946 0.0338246 0.0369104 0.0380082 0.0378901 0.0370942 0.0355489 0.0328291 0.0287031
 1.02458e-16 6.87695e-05 0.000668464 0.00444218 0.0201935 0.0628296 0.133865 0.195383 0.195396 0.133926 0.0630331 0.0207815 0.00591855 0.00389256 0.00619559 0.010144 0.0146319 0.0184589 0.0204555 0.0200958 0.0178097 0.0146832 0.0117914 0.0096826 0.008315 0.00733782
 1.03132e-16 2.85917e-05 0.000277922 0.00184689 0.00839574 0.0261226 0.055659 0.0812478 0.0813048 0.055937 0.027056 0.0110911 0.00860976 0.0150321 0.0280223 0.0462095 0.0663946 0.0831347 0.0908942 0.0871119 0.073738 0.0559425 0.0390782 0.0262481 0.0178648 0.0127521
 1.02446e-16 7.11311e-05 0.000691419 0.00459473 0.020887 0.0649871 0.138462 0.202091 0.202098 0.138495 0.0650965 0.0212039 0.00539421 0.00244986 0.00344921 0.00568974 0.00842174 0.0110728 0.0130927 0.0141995 0.0144901 0.0142735 0.0137791 0.0130085 0.0118284 0.0101737
pSPR Fmed_Fpbrs
1   0.983594 0.6 0.325 0.983594 0.983594 0.983594
Fs Fmed_Fpbrs
0   0.01 0.351485 0.904325 0.01 0.01 0.01
SSBpbr Bo_Bmed_Bpbrs
255823  243032  238835 140703 70351.4 238835 238835 238835
Ro
67919.2
SPR SPRFo_SPRFmed_SPRFpbrs
489313 489313 481285
Fref
0
Nvult_r0
 57418.9 5337.52 4297.56 289.803 63.0887
CTP_r0
 28855.5 3527.74 2888.31 194.944 42.4403
YTP_r0
356252
Np
 66300.5 24390.6 8972.79 3300.91 1661.06
Nvult_p0
 41909.9 15417.8 5671.89 2086.57 1049.99
CTP_p0
 0 0 0 0 0
 0 0 0 0 0
 0 0 0 0 0
 0 0 0 0 0
 0 0 0 0 0
 0 0 0 0 0
YTP_p0
 0 0 0 0 0 0
CBA_c0
0
log_Ro
10.9461
likeval ReclasPelacesDesembMPH_pf_preclas_ppelaces_ptallas_desvR_qrecl_qpela
 17.645 15.6282 0.158295 29.3625 276.701 137.993 124.365 0 49.6252 0.000151188 0.000284601 0.0172893 2066.7 0 0
q_reclas_q_pelaces
5.69106 10.8677
M
1
N
 27372.5 21398 62574.8 8000.87 0.116112
 20315.4 8454.11 5617.28 16144.1 2062.24
 180970 4129.69 990.146 620.281 2003.81
 38954.6 36696.2 481.357 108.786 287.323
 14205.9 5976.14 2496.92 30.0296 24.5882
 277269 1842.28 294.033 110.774 2.40886
 19688.1 71213.6 338.82 52.1822 20.0468
 6541.95 3483.42 6380.63 28.2304 5.99353
 41912.5 1813.24 742.1 1321.65 7.0778
 22094.3 7232.27 154.803 58.7697 104.789
 40283.9 1767.2 140.048 2.57637 2.69853
 129082 10317.7 323.268 24.7142 0.92895
 72797.7 21683.3 836.344 24.2424 1.91472
 53053 12752.1 1905.69 68.2855 2.12692
 54364.5 2731.53 105.546 12.9763 0.474282
 249740 6236.76 106.083 3.65137 0.46234
 21919.4 41632.8 498.163 7.83321 0.302428
 396322 3940.72 3847.12 42.8754 0.697448
 200402 83283.2 492.069 454.41 5.13083
 233444 32587.1 6340.49 34.5461 32.1176
 207975 41469.9 2942.52 532.617 5.57695
 382058 41535.4 4693.94 313.467 57.1413
 28350.9 70203.8 4003.32 422.296 33.214
 161910 6340.6 9885.8 536.56 60.8836
 143434 37255.1 943.214 1403.67 84.6099
 38540.8 34259.5 5956.02 144.465 227.405
 128398 9575.49 5909.72 988.149 61.5586
 157723 28551.2 1333.5 782.883 138.672
 40022.4 41181.5 5420.34 244.689 168.779
 56454.1 10955.7 8564.83 1094.72 83.3672
 108998 12951.1 1620.36 1208.74 165.828
 20989.9 22540.7 1567.94 185.27 156.665
 66300.5 5632.54 4511.31 304.134 66.2074
pred_Ctot
 2816.08 3981.6 12159.6 1558.38 0.0226187
 6026.31 3983.54 2729.17 7856.5 1003.67
 53857.6 1950.92 482.278 302.618 977.691
 15386.4 21474.5 288.653 65.3197 172.533
 6310.88 3795.51 1620.21 19.5078 15.9739
 54466.3 615.564 101.968 38.4919 0.837125
 6848.6 37958.3 185.607 28.6273 10.9986
 1043.38 968.477 1845.68 8.18338 1.73759
 14942.3 984.475 413.863 738.125 3.95316
 12279.7 5294.14 115.06 43.7166 77.952
 7966.1 593.897 48.8443 0.90034 0.943133
 47194.4 5707.78 183.588 14.0551 0.52834
 25576.1 11644.3 461.491 13.3961 1.05814
 33357.8 10008.7 1513.37 54.2613 1.69015
 25900.4 1817.21 71.6056 8.8126 0.322117
 91945.4 3467.94 60.5464 2.08689 0.264263
 7501.64 21919.7 269.655 4.24637 0.163959
 112370 1791.04 1804.42 20.1437 0.327704
 75426.8 47065.4 285.284 263.808 2.97892
 80876.3 17316.6 3463.06 18.8961 17.5691
 63116.6 19896.1 1455.01 263.793 2.76237
 127779 21488.8 2497.94 167.066 30.4566
 7314.1 29548.3 1741.75 184.056 14.4776
 39812.3 2564.76 4136.8 224.936 25.526
 32930.5 14227.3 373.034 556.182 33.5287
 8164.56 12217.8 2202.3 53.521 84.257
 33434.7 4061.22 2590.52 433.919 27.0343
 29754.7 9209.54 446.659 262.76 46.5478
 6631.34 11846 1621.54 73.3549 50.6035
 13954.2 4450.84 3599.31 460.881 35.1013
 31598.8 5991.96 773.332 577.839 79.281
 3683.05 6822.2 493.213 58.3995 49.3883
 28855.5 3527.74 2888.31 194.944 42.4403
F
 0.174886 0.337449 0.354808 0.355771 0.355822
 0.593177 1.14456 1.20343 1.2067 1.20687
 0.595661 1.14935 1.20847 1.21175 1.21192
 0.874622 1.68761 1.77442 1.77924 1.7795
 1.04265 2.01184 2.11533 2.12107 2.12137
 0.359303 0.693288 0.72895 0.730929 0.731034
 0.731999 1.41242 1.48507 1.4891 1.48932
 0.283118 0.546286 0.574386 0.575946 0.576028
 0.757031 1.46072 1.53586 1.54003 1.54025
 1.52592 2.94432 3.09577 3.10418 3.10462
 0.362094 0.698672 0.734612 0.736606 0.736711
 0.783905 1.51257 1.59038 1.5947 1.59492
 0.741991 1.4317 1.50534 1.50943 1.50965
 1.96643 3.7943 3.98947 4.0003 4.00088
 1.16525 2.24839 2.36405 2.37047 2.37081
 0.791532 1.52729 1.60585 1.61021 1.61044
 0.716008 1.38156 1.45263 1.45657 1.45678
 0.559979 1.0805 1.13608 1.13916 1.13933
 0.81641 1.57529 1.65632 1.66082 1.66106
 0.727975 1.40465 1.47691 1.48092 1.48113
 0.61087 1.17869 1.23933 1.24269 1.24287
 0.694168 1.33942 1.40832 1.41214 1.41235
 0.497686 0.960303 1.0097 1.01244 1.01259
 0.469251 0.905436 0.952011 0.954595 0.954732
 0.43191 0.833386 0.876255 0.878634 0.878759
 0.392512 0.757366 0.796325 0.798487 0.798601
 0.503439 0.971403 1.02137 1.02414 1.02429
 0.34285 0.661541 0.69557 0.697459 0.697558
 0.295576 0.570325 0.599662 0.60129 0.601376
 0.472244 0.911212 0.958084 0.960685 0.960822
 0.576006 1.11142 1.16859 1.17177 1.17193
 0.315482 0.608735 0.640048 0.641785 0.641877
 1.01022 1.94926 2.04953 2.05509 2.05539
YTP_r0W_actual
 217570 61559 69521.5 6105.65 1496.02
YTP_p0W_proyectada
 0 0 0 0 0
 0 0 0 0 0
 0 0 0 0 0
 0 0 0 0 0
 0 0 0 0 0
 0 0 0 0 0
CTP_r0_actual
 28855.5 3527.74 2888.31 194.944 42.4403
CTP_p0_proyectada
 0 0 0 0 0
 0 0 0 0 0
 0 0 0 0 0
 0 0 0 0 0
 0 0 0 0 0
 0 0 0 0 0
Wmedp
 7.54 17.45 24.07 31.32 35.25
Frms_r0
 1.01022 1.94926 2.04953 2.05509 2.05539
Zrms_r0
 2.01022 2.94926 3.04953 3.05509 3.05539
nmprior
 7.29 8.9 8.7 0
nm_flota  nm_reclas  nm_pelaces    nm_pelaL
inf 14.5896 7.3068 16.1889
cv_recla  cv_pelaces  cv_mph
0.363782 0.433058 0.724107
 ------------------------------------------------
Talla a la edad & desviaci?n 
 8 13.2811 15.8009 17.003 17.5766
 0.8 1.32811 1.58009 1.7003 1.75766
