years
 1991 1992 1993 1994 1995 1996 1997 1998 1999 2000 2001 2002 2003 2004 2005 2006 2007 2008 2009 2010 2011 2012 2013 2014 2015 2016 2017 2018 2019 2020 2021 2022 2023
reclasobs
 0 0 0 0 0 0 0 0 0 252601 567819 844713 477998 351125 339783 2.1784e+06 2.13404e+06 4.81314e+06 1.55562e+06 2.62356e+06 3.21686e+06 3.843e+06 1.13348e+06 3.07943e+06 1.97215e+06 2.03268e+06 2.025e+06 2.42433e+06 2.27542e+06 1.05018e+06 2.36338e+06 3.18982e+06 1.53035e+06
reclaspred
 3.02867e+06 1.60463e+06 827445 760054 773845 1.7881e+06 834701 703442 482034 288020 536723 897307 796496 356849 587581 1.51864e+06 1.17936e+06 3.21888e+06 2.39968e+06 1.94539e+06 3.33957e+06 2.71845e+06 1.91271e+06 3.04994e+06 2.25238e+06 1.96404e+06 2.42177e+06 2.86017e+06 2.27654e+06 1.58361e+06 1.78522e+06 1.72702e+06 1.31351e+06
pelacesobs
 0 0 0 0 0 0 0 0 0 0 0 0 0 0 0 552880 188675 0 991730 2.46772e+06 1.41603e+06 1.21717e+06 2.29649e+06 1.80582e+06 0 1.4828e+06 1.56532e+06 1.57751e+06 1.42118e+06 867257 1.10002e+06 1.06204e+06 0
pelacespred
 1.68529e+06 948954 455492 330920 396270 951863 371885 454476 257052 132964 291491 420969 416591 159108 303779 669891 571239 1.72827e+06 1.30846e+06 923966 1.73247e+06 1.41311e+06 1.09345e+06 1.85711e+06 1.32997e+06 1.1883e+06 1.61995e+06 1.70151e+06 1.34358e+06 1.0261e+06 927038 999209 709426
mphobs
 0 0 0 0 0 0 0 0 0 0 0 0 498337 0 5186 125008 0 168611 109162 213762 579715 649985 157893 87575 83554 210694 70296 0 107559 103333 445601 22526 28222
mphpred
 529147 358346 164521 92684.3 85626.7 112317 198950 85173.8 76119.4 41071.8 23638.2 76317.7 107938 62489.9 20385.9 55123.5 191423 142770 343379 363648 438129 505550 109808 82385.9 131912 104268 86684.9 100913 157342 110171 61319.3 87448.5 53736.8
desembarqueobs
 494567 514787 250237 358949 120608 361735 552515 73892 212993 205616 52469 317467 293654 387597 252695 516296 358380 742168 942051 627588 828172 859565 418607 520667 417249 300574 415391 372974 316634 284311 391294 218835 356480
desembarquepred
 494549 514318 250299 358987 120610 361698 552384 73896.2 213032 205647 52469.9 317437 293663 387501 252581 516078 358381 741831 941363 627084 828224 859356 418570 520669 417167 300547 415344 372887 316561 284221 391165 218844 356498
Reclutas
 155020 84560.9 85301.7 94288.4 83738.1 199850 60483.7 25813 28447.8 38267.1 73483 135176 84023.6 48189.4 72018 301516 52018.6 462871 264715 258233 295902 413463 68753.4 214750 195366 77450.1 183922 225497 75147.7 73533 139546 54017.8 104759
log_desv_Rt
 0.345665 -0.26042 -0.251696 -0.151534 -0.270197 0.599678 -0.595518 -1.44701 -1.34982 -1.0533 -0.400837 0.208688 -0.266794 -0.822752 -0.420975 1.01093 -0.746291 1.43956 0.880763 0.855969 0.992137 1.32668 -0.467365 0.671584 0.576984 -0.348257 0.516619 0.720417 -0.378436 -0.400157 0.240501 -0.708578 -0.0462308
SSB
 1.20682e+06 817275 375220 211384 195288 256160 453743 194255 173605 93671.9 53911.4 174057 232537 137706 44268.8 120438 436577 325613 814167 517888 642363 787981 760742 547613 812454 684829 534557 595229 964471 631851 411387 593516 339380
BT
 1.87122e+06 1.3091e+06 624649 590192 453423 1.21024e+06 810824 477450 447015 316722 323857 657819 642813 542226 548056 1.07432e+06 781761 2.32805e+06 2.09042e+06 1.39437e+06 2.2871e+06 2.08802e+06 1.31196e+06 2.24162e+06 1.57023e+06 1.31383e+06 1.94672e+06 1.93784e+06 1.40959e+06 1.18063e+06 1.20203e+06 1.05202e+06 975102
Ftot
 0.355778 0.648109 0.644657 1.14422 0.393834 0.600004 1.2807 0.253321 1.08091 1.71012 0.327293 0.975807 0.89942 2.43629 1.45196 1.14576 0.650071 0.741966 0.942682 0.857706 0.655548 0.820116 0.462573 0.493408 0.441485 0.344049 0.482517 0.383484 0.282508 0.40331 0.609457 0.275736 0.708484
BD_Bspro_t
 0.944665 0.677758 0.431895 0.331182 0.299208 0.411046 0.465777 0.24708 0.289982 0.212273 0.174331 0.482486 0.410642 0.248918 0.102171 0.231896 0.402979 0.32419 0.469887 0.338906 0.341714 0.384681 0.406876 0.366446 0.494437 0.512576 0.506333 0.561414 0.655453 0.563121 0.490017 0.547513 0.513805
BD_Bspro
 1.52679 1.03396 0.474704 0.267429 0.247066 0.324077 0.574047 0.245759 0.219633 0.118508 0.0682053 0.220206 0.294191 0.174216 0.0560061 0.152371 0.552329 0.411946 1.03003 0.655199 0.812677 0.996904 0.962443 0.692806 1.02787 0.866403 0.676287 0.753046 1.22019 0.799378 0.520461 0.750879 0.429362
BD_Bo
 2.49877 1.6922 0.776909 0.437679 0.404352 0.53039 0.939495 0.402212 0.359456 0.193952 0.111626 0.360392 0.481478 0.285125 0.0916605 0.249372 0.903951 0.674197 1.68577 1.07231 1.33004 1.63155 1.57515 1.13386 1.68222 1.41797 1.10682 1.23245 1.99698 1.30828 0.851794 1.2289 0.7027
BD_Brms
 2.67664 1.81266 0.832213 0.468836 0.433135 0.568145 1.00637 0.430844 0.385044 0.207758 0.119572 0.386046 0.515752 0.305422 0.0981853 0.267124 0.968299 0.72219 1.80577 1.14864 1.42472 1.74769 1.68728 1.21457 1.80197 1.51891 1.18561 1.32018 2.13913 1.40141 0.912429 1.31638 0.752722
Sel_flota
 0.462389 1 1 1 1
 0.462389 1 1 1 1
 0.462389 1 1 1 1
 0.462389 1 1 1 1
 0.462389 1 1 1 1
 0.462389 1 1 1 1
 0.462389 1 1 1 1
 0.462389 1 1 1 1
 0.462389 1 1 1 1
 0.462389 1 1 1 1
 0.462389 1 1 1 1
 0.462389 1 1 1 1
 0.462389 1 1 1 1
 0.462389 1 1 1 1
 0.462389 1 1 1 1
 0.462389 1 1 1 1
 0.462389 1 1 1 1
 0.462389 1 1 1 1
 0.462389 1 1 1 1
 0.462389 1 1 1 1
 0.462389 1 1 1 1
 0.462389 1 1 1 1
 0.462389 1 1 1 1
 0.462389 1 1 1 1
 0.462389 1 1 1 1
 0.462389 1 1 1 1
 0.462389 1 1 1 1
 0.462389 1 1 1 1
 0.462389 1 1 1 1
 0.462389 1 1 1 1
 0.462389 1 1 1 1
 0.462389 1 1 1 1
 0.462389 1 1 1 1
Sel_reclas
 1 1 1 1 1
 1 1 1 1 1
 1 1 1 1 1
 1 1 1 1 1
 1 1 1 1 1
 1 1 1 1 1
 1 1 1 1 1
 1 1 1 1 1
 1 1 1 1 1
 1 1 1 1 1
 1 1 1 1 1
 1 1 1 1 1
 1 1 1 1 1
 1 1 1 1 1
 1 1 1 1 1
 1 1 1 1 1
 1 1 1 1 1
 1 1 1 1 1
 1 1 1 1 1
 1 1 1 1 1
 1 1 1 1 1
 1 1 1 1 1
 1 1 1 1 1
 1 1 1 1 1
 1 1 1 1 1
 1 1 1 1 1
 1 1 1 1 1
 1 1 1 1 1
 1 1 1 1 1
 1 1 1 1 1
 1 1 1 1 1
 1 1 1 1 1
 1 1 1 1 1
Sel_pelaces
 0.833015 1 1 1 1
 0.833015 1 1 1 1
 0.833015 1 1 1 1
 0.833015 1 1 1 1
 0.833015 1 1 1 1
 0.833015 1 1 1 1
 0.833015 1 1 1 1
 0.833015 1 1 1 1
 0.833015 1 1 1 1
 0.833015 1 1 1 1
 0.833015 1 1 1 1
 0.833015 1 1 1 1
 0.833015 1 1 1 1
 0.833015 1 1 1 1
 0.833015 1 1 1 1
 0.833015 1 1 1 1
 0.833015 1 1 1 1
 0.833015 1 1 1 1
 0.833015 1 1 1 1
 0.833015 1 1 1 1
 0.833015 1 1 1 1
 0.833015 1 1 1 1
 0.833015 1 1 1 1
 0.833015 1 1 1 1
 0.833015 1 1 1 1
 0.833015 1 1 1 1
 0.833015 1 1 1 1
 0.833015 1 1 1 1
 0.833015 1 1 1 1
 0.833015 1 1 1 1
 0.833015 1 1 1 1
 0.833015 1 1 1 1
 0.833015 1 1 1 1
pf_obs 
 0.8446 0.082 0.0669 0.0065 0
 0.8095 0.147 0.0364 0.0071 0
 0.9664 0.0169 0.016 0.0007 0
 0.9276 0.0648 0.0075 0.0001 0
 0.7033 0.2144 0.0806 0.0017 0
 0.9318 0.0425 0.0243 0.0014 0
 0.5671 0.3108 0.0964 0.0239 0.0018
 0.0768 0.2599 0.5324 0.112 0.0189
 0.490249 0.384438 0.106611 0.0170017 0.00170017
 0.7925 0.1577 0.0466 0.003 0.0002
 0.840416 0.127587 0.0312969 0.00059994 9.999e-05
 0.8084 0.0986 0.0794 0.0134 0.0002
 0.7335 0.1905 0.0724 0.0035 0.0001
 0.4001 0.4547 0.1325 0.0127 0
 0.49795 0.308269 0.164784 0.0264974 0.00249975
 0.9179 0.0499 0.0305 0.0017 0
 0.2467 0.6533 0.0926 0.0074 0
 0.9418 0.0223 0.034 0.0019 0
 0.707729 0.231977 0.0356964 0.0245975 0
 0.517169 0.277429 0.184464 0.0207286 0.00020938
 0.811772 0.124168 0.05621 0.00726502 0.000585176
 0.764997 0.148141 0.077277 0.00933861 0.000247198
 0.163321 0.427699 0.378323 0.0303852 0.000271297
 0.753843 0.0900009 0.118128 0.0371064 0.000921714
 0.721811 0.176058 0.0630433 0.0369309 0.00215725
 0.143369 0.312575 0.442814 0.0836902 0.0175525
 0.692698 0.0596174 0.167031 0.0765114 0.00414204
 0.394062 0.376323 0.152708 0.0712218 0.00568511
 0.125707 0.32114 0.495352 0.0537591 0.00404204
 0.23352 0.215282 0.420074 0.123614 0.00750983
 0.796117 0.104755 0.0508955 0.0450114 0.00322123
 0.162477 0.292055 0.404252 0.121198 0.0200186
 0 0 0 0 0
pf_pred 
 0.481624 0.170902 0.319218 0.0282547 1.1061e-06
 0.390051 0.422543 0.0617853 0.115405 0.0102152
 0.552326 0.282822 0.114201 0.0166988 0.0339515
 0.641312 0.275388 0.0526258 0.0212499 0.00942469
 0.63702 0.309201 0.0412893 0.00789025 0.00459908
 0.767818 0.188486 0.0372215 0.00497039 0.00150346
 0.364025 0.570571 0.0530953 0.010485 0.00182364
 0.403336 0.393657 0.18213 0.0169484 0.00392901
 0.540474 0.281806 0.117254 0.0542487 0.00621848
 0.747633 0.198593 0.0329774 0.0137213 0.00707599
 0.840424 0.147201 0.00973858 0.00161715 0.00101986
 0.751079 0.230698 0.0168096 0.0011121 0.000301133
 0.569086 0.388294 0.0394998 0.00287812 0.000241972
 0.560885 0.349081 0.0811294 0.00825302 0.000651906
 0.8685 0.114981 0.0131322 0.00305203 0.000334997
 0.924816 0.0721672 0.00263823 0.000301317 7.77152e-05
 0.291015 0.691513 0.0167707 0.000613089 8.8082e-05
 0.901981 0.051387 0.0454827 0.00110305 4.61179e-05
 0.539864 0.442787 0.00909538 0.00805033 0.000203401
 0.636238 0.282918 0.0777952 0.00159801 0.00145013
 0.671567 0.274214 0.0421698 0.0115956 0.000454334
 0.703358 0.251006 0.0381027 0.0058596 0.00167437
 0.226765 0.673633 0.0842782 0.0127934 0.00252962
 0.695986 0.129075 0.152405 0.0190673 0.00346673
 0.573686 0.363811 0.0265369 0.0313333 0.00463285
 0.336437 0.511418 0.129839 0.00947061 0.0128358
 0.680775 0.175791 0.110547 0.0280656 0.00482169
 0.638159 0.305321 0.0311245 0.0195727 0.00582281
 0.301519 0.567185 0.110787 0.0112937 0.00921491
 0.435624 0.285309 0.226609 0.0442633 0.00819388
 0.681183 0.209005 0.0555135 0.0440921 0.0102067
 0.367762 0.537235 0.0622801 0.0165421 0.0161802
 0.649276 0.203024 0.125506 0.0145496 0.00764443
pobs_RECLAS
 0 0 0 0 0
 0 0 0 0 0
 0 0 0 0 0
 0 0 0 0 0
 0 0 0 0 0
 0 0 0 0 0
 0 0 0 0 0
 0 0 0 0 0
 0 0 0 0 0
 0 0 0 0 0
 0.991045 0.00858322 0.000360255 1.14367e-05 0
 0.934742 0.0480273 0.0164251 0.00080598 0
 0.827803 0.169806 0.00239088 0 0
 0.941827 0.0461693 0.0120037 0 0
 0.791401 0.0380133 0.147996 0.0225897 0
 0.846168 0.0940531 0.0597789 0 0
 0.134021 0.677848 0.182769 0.00536245 0
 0.80878 0.0450904 0.141981 0.00414843 0
 0.846168 0.0940531 0.0597789 0 0
 0.905697 0.0802665 0.012482 0.00150086 5.37128e-05
 0.989698 0.0102097 9.19794e-05 0 0
 0.975433 0.0193895 0.00387452 0.00125025 5.28907e-05
 0.303575 0.632131 0.0575291 0.00676475 0
 0.966965 0.00978017 0.0227588 0.000495775 0
 0.843318 0.132988 0.00938335 0.0141283 0.000182051
 0.564624 0.303363 0.111486 0.0197234 0.00080311
 0.826376 0.0876187 0.0782897 0.00655872 0.00115652
 0.89761 0.0855135 0.0140674 0.00269457 0.000114338
 0.34875 0.467042 0.161289 0.0227151 0.000203297
 0.318654 0.224769 0.449479 0.00709798 0
 0.937255 0.0296025 0.0250945 0.00804832 0
 0.456809 0.399803 0.12412 0.0192676 0
 0.883104 0.0372192 0.0704036 0.00927362 0
ppred_RECLAS
 0.67203 0.108128 0.201965 0.0178764 6.99813e-07
 0.590385 0.283762 0.0414923 0.0775009 0.00686007
 0.735448 0.167133 0.0674871 0.00986813 0.0200636
 0.808694 0.146878 0.0280679 0.0113336 0.00502665
 0.795096 0.174546 0.0233081 0.00445409 0.00259621
 0.881297 0.0963638 0.0190295 0.00254111 0.000768644
 0.578831 0.377855 0.0351619 0.00694362 0.00120769
 0.596983 0.265896 0.12302 0.0114478 0.00265385
 0.734173 0.163019 0.067829 0.0313818 0.00359727
 0.882506 0.092458 0.0153532 0.00638815 0.00329434
 0.920595 0.0732472 0.00484593 0.000804695 0.000507481
 0.875134 0.115725 0.00843218 0.000557861 0.000151057
 0.752752 0.222794 0.0226641 0.0016514 0.000138838
 0.78336 0.172221 0.0400257 0.00407168 0.000321622
 0.941824 0.050868 0.00580973 0.00135023 0.000148204
 0.966763 0.0319027 0.00116627 0.000133202 3.43553e-05
 0.480599 0.506601 0.0122862 0.000449148 6.45287e-05
 0.954353 0.0239305 0.0211809 0.000513684 2.14768e-05
 0.73091 0.258944 0.00531901 0.00470786 0.000118949
 0.800641 0.155053 0.0426355 0.000875783 0.000794742
 0.821794 0.148787 0.0228811 0.0062917 0.000246519
 0.844363 0.131693 0.019991 0.0030743 0.000878475
 0.394512 0.527494 0.0659948 0.010018 0.00198084
 0.836004 0.0696279 0.0822128 0.0102856 0.00187008
 0.749074 0.214137 0.0156195 0.0184426 0.00272687
 0.527707 0.364003 0.0924131 0.00674074 0.00913591
 0.825932 0.0958561 0.0602793 0.0153037 0.00262919
 0.795784 0.172317 0.0175661 0.0110465 0.00328628
 0.486549 0.416936 0.0814393 0.00830196 0.00677384
 0.630689 0.186698 0.148287 0.0289646 0.00536184
 0.827599 0.113019 0.030019 0.0238428 0.0055193
 0.560703 0.373286 0.0432739 0.0114939 0.0112424
 0.807464 0.111454 0.0688991 0.00798726 0.00419655
pobs_PELACES
 0 0 0 0 0
 0 0 0 0 0
 0 0 0 0 0
 0 0 0 0 0
 0 0 0 0 0
 0 0 0 0 0
 0 0 0 0 0
 0 0 0 0 0
 0 0 0 0 0
 0 0 0 0 0
 0 0 0 0 0
 0 0 0 0 0
 0 0 0 0 0
 0 0 0 0 0
 0 0 0 0 0
 0 0 0 0 0
 0.505614 0.472636 0.0217494 0 0
 0 0 0 0 0
 0.443492 0.261883 0.143347 0.151278 0
 0.227955 0.32914 0.350689 0.0885471 0.00366901
 0.970185 0.0296113 0.000203453 0 0
 0.997202 0.00247181 0.000326279 0 0
 0.445219 0.490057 0.0546422 0.010081 0
 0.90214 0.0892962 0.00764917 0.000914606 0
 0 0 0 0 0
 0.581667 0.319106 0.0959925 0.00289975 0.000334073
 0.762889 0.0836404 0.116647 0.0363945 0.000428098
 0.88444 0.0763242 0.0277011 0.0115352 0
 0.521256 0.241999 0.230069 0.00667565 0
 0.616807 0.101726 0.260614 0.0208532 0
 0.833518 0.0704572 0.0857862 0.0102388 0
 0.697417 0.212968 0.0787535 0.0105354 0.000325836
 0 0 0 0 0
ppred_PELACES
 0.645153 0.116989 0.218516 0.0193414 7.57164e-07
 0.573913 0.295173 0.0431608 0.0806174 0.00713593
 0.721941 0.175667 0.0709328 0.010372 0.021088
 0.811814 0.144483 0.0276102 0.0111488 0.00494467
 0.776101 0.190726 0.0254687 0.00486699 0.00283688
 0.873085 0.10303 0.020346 0.00271691 0.00082182
 0.589642 0.368156 0.0342593 0.00676539 0.00117669
 0.563443 0.288024 0.133258 0.0124005 0.00287471
 0.735938 0.161937 0.0673786 0.0311735 0.00357339
 0.894455 0.0830556 0.0137919 0.00573852 0.00295933
 0.910993 0.0821044 0.00543191 0.000902001 0.000568847
 0.874083 0.116699 0.00850315 0.000562556 0.000152328
 0.748421 0.226696 0.0230611 0.00168032 0.00014127
 0.822719 0.140932 0.0327539 0.00333194 0.00026319
 0.945794 0.0473966 0.00541325 0.00125809 0.00013809
 0.967418 0.0312744 0.0011433 0.000130579 3.36787e-05
 0.46381 0.522977 0.0126833 0.000463666 6.66146e-05
 0.952076 0.0251243 0.0222376 0.000539309 2.25481e-05
 0.727859 0.26188 0.00537933 0.00476125 0.000120298
 0.795723 0.158878 0.0436874 0.000897391 0.000814351
 0.811861 0.15708 0.0241564 0.00664239 0.000260259
 0.839411 0.135883 0.0206271 0.00317212 0.000906427
 0.370745 0.5482 0.0685852 0.0104112 0.00205859
 0.822536 0.075346 0.0889644 0.0111303 0.00202366
 0.72895 0.231311 0.0168721 0.0199217 0.00294556
 0.497319 0.387424 0.0983591 0.00717445 0.00972372
 0.811527 0.103788 0.0652674 0.0165701 0.00284675
 0.776517 0.188575 0.0192234 0.0120887 0.00359634
 0.453535 0.443744 0.0866758 0.00883577 0.00720939
 0.604445 0.199965 0.158824 0.0310228 0.00574285
 0.816697 0.120166 0.0319173 0.0253506 0.00586832
 0.52753 0.401475 0.0465417 0.0123619 0.0120914
 0.798445 0.116674 0.0721264 0.0083614 0.00439313
pobs_pel_tallas
 0 0 0 0 0 0 0 0 0 0 0 0 0 0 0 0 0 0 0 0 0 0 0 0 0 0
 0 0 0 0 0 0 0 0 0 0 0 0 0 0 0 0 0 0 0 0 0 0 0 0 0 0
 0 0 0 0 0 0 0 0 0 0 0 0 0 0 0 0 0 0 0 0 0 0 0 0 0 0
 0 0 0 0 0 0 0 0 0 0 0 0 0 0 0 0 0 0 0 0 0 0 0 0 0 0
 0 0 0 0 0 0 0 0 0 0 0 0 0 0 0 0 0 0 0 0 0 0 0 0 0 0
 0 0 0 0 0 0 0 0 0 0 0 0 0 0 0 0 0 0 0 0 0 0 0 0 0 0
 0 0 0 0 0 0 0 0 0 0 0 0 0 0 0 0 0 0 0 0 0 0 0 0 0 0
 0 0 0 0 0 0 0 0 0 0 0 0 0 0 0 0 0 0 0 0 0 0 0 0 0 0
 0 0 0 0 0 0 0 0 0 0 0 0 0 0 0 0 0 0 0 0 0 0 0 0 0 0
 0 0 0 0 0 0 0 0 0 0 0 0 0 0 0 0 0 0 0 0 0 0 0 0 0 0
 0 0 0 0 0 0 0 0 0 0 0 0 0 0 0 0 0 0 0 0 0 0 0 0 0 0
 0 0 0 0 0 0 0 0 0 0 0 0 0 0 0 0 0 0 0 0 0 0 0 0 0 0
 0.00862536 0 0 0.000197151 0.00414017 0.0128641 0.00837892 0.0270097 0.101434 0.158115 0.152841 0.127902 0.109271 0.109419 0.0830992 0.0579132 0.0238553 0.00714673 0.00463305 0.00128148 0.00103504 0.000492878 0.000147863 0.000147863 4.92878e-05 0
 0 0 0 0 0 0 0 0 0 0 0 0 0 0 0 0 0 0 0 0 0 0 0 0 0 0
 0 0 0 0 0 0 0 0.0054083 0.00873648 0.0413646 0.0450493 0.0745869 0.0622846 0.0627006 0.0613931 0.0827291 0.12552 0.122667 0.0946155 0.0697135 0.0546179 0.0294188 0.0215738 0.0213955 0.0102223 0.00600262
 0 0 0 0 0.00359764 0.0251062 0.0480494 0.140153 0.205849 0.193036 0.1447 0.116669 0.0760912 0.0342217 0.00950174 0.001854 0.000860785 0 0 0 0.000165536 0 0.000143464 0 0 0
 0 0 0 0 0 0 0 0.000145254 0.000435761 0.0275982 0.070085 0.0708112 0.156366 0.174668 0.174014 0.160142 0.0824315 0.0480064 0.0283245 0.00493863 0.00203355 0 0 0 0 0
 0 0 0 0 0 0 0 0 0 0 0 0 0 0 0 0 0 0 0 0 0 0 0 0 0 0
 0 0 1.00437e-05 0.000401748 0.00122533 0.00171747 0.00176769 0.0269171 0.070346 0.194647 0.189555 0.159765 0.064822 0.0314167 0.0384472 0.0292271 0.0345202 0.0313363 0.0194345 0.0106764 0.0143323 0.0359363 0.0279516 0.0138201 0.00172751 0
 0 0.0021121 0.0136068 0.0755702 0.200478 0.177729 0.0527432 0.0373336 0.0318909 0.0142505 0.0149659 0.0166563 0.0217959 0.0798694 0.0677717 0.0528807 0.04013 0.0224614 0.0357745 0.0225083 0.00881397 0.00855152 0.00135912 0.000746735 0 0
 0 0 0 0 5.4009e-05 0.00500934 0.000945158 0.0243581 0.138947 0.33067 0.221406 0.137944 0.0707744 0.0437923 0.0131692 0.00525238 0.0047753 0.00276346 9.45158e-05 9.00151e-06 2.25038e-05 9.00151e-06 4.50075e-06 0 0 0
 0.000866109 0.00284123 0.00948549 0.0512746 0.133035 0.25785 0.225252 0.132002 0.0553304 0.0519788 0.0540692 0.017754 0.00435017 0.00159236 0.00146478 0.000404838 0.000125132 0.000115318 0.000107957 0.000100596 0 0 0 0 0 0
 0 0 0 0 0.00144013 0.00171154 0.00461396 0.0210425 0.0478622 0.0707936 0.0888783 0.103762 0.0637923 0.0337046 0.0602308 0.124433 0.169614 0.0934646 0.0462172 0.0250306 0.0313229 0.00938855 0.002487 0.000210481 0 0
 0 0.00764035 0.051015 0.0998891 0.058973 0.0496711 0.0374665 0.0718981 0.12319 0.153886 0.159021 0.0857701 0.0377988 0.023471 0.0147837 0.00900784 0.00315554 0.000888139 0.00291439 0.00214683 0.00393193 0.00274676 0.000635225 9.99891e-05 0 0
 0 0 0 0 0 0 0 0 0 0 0 0 0 0 0 0 0 0 0 0 0 0 0 0 0 0
 0 0 0 0 0 0 0 0 0 0 0 0 0 0 0 0 0 0 0 0 0 0 0 0 0 0
 0 0 0 0 0 0 0 0 0 0 0 0 0 0 0 0 0 0 0 0 0 0 0 0 0 0
 0 0 0 0 0 0 0 0 0 0 0 0 0 0 0 0 0 0 0 0 0 0 0 0 0 0
 0 0 0 0 0 0 0 0 0 0 0 0 0 0 0 0 0 0 0 0 0 0 0 0 0 0
 0 0 0 0 0 0 0 0 0 0 0 0 0 0 0 0 0 0 0 0 0 0 0 0 0 0
 0 0 0 0 0 0 0 0 0 0 0 0 0 0 0 0 0 0 0 0 0 0 0 0 0 0
 0 0 0 0 0 0 0 0 0 0 0 0 0 0 0 0 0 0 0 0 0 0 0 0 0 0
 0 0 0 0 0 0 0 0 0 0 0 0 0 0 0 0 0 0 0 0 0 0 0 0 0 0
ppred_pel_tallas
 1.08276e-16 5.31404e-05 0.000516544 0.00343261 0.0156042 0.0485504 0.103442 0.150979 0.150991 0.103499 0.048742 0.0161617 0.0048472 0.00365491 0.0061607 0.0104841 0.0159885 0.0219582 0.0276326 0.0325557 0.0366505 0.0398903 0.0419119 0.0420139 0.0395991 0.0346801
 1.10614e-16 4.72725e-05 0.000459506 0.00305358 0.0138811 0.0431896 0.092021 0.134313 0.134342 0.0921601 0.0436569 0.0152315 0.00644501 0.00786933 0.0141398 0.0233575 0.0337875 0.0428247 0.0478808 0.0478521 0.0438081 0.0382536 0.0335446 0.0306843 0.029218 0.0279791
 1.06701e-16 5.94653e-05 0.000578024 0.00384118 0.0174614 0.0543291 0.115755 0.168951 0.168968 0.115838 0.0546085 0.0182694 0.00587306 0.00502621 0.00854449 0.0141294 0.0205789 0.0263674 0.0299774 0.0307138 0.0290873 0.0263891 0.0238183 0.0218627 0.0203075 0.0186669
 1.02789e-16 6.68681e-05 0.000649981 0.00431935 0.0196352 0.0610924 0.130164 0.189981 0.189995 0.130232 0.0613211 0.0202961 0.00597917 0.0042758 0.00696027 0.0114204 0.0164921 0.0208411 0.023157 0.0228433 0.0203656 0.0169179 0.013683 0.0112657 0.00963044 0.00841362
 1.01752e-16 6.39264e-05 0.000621388 0.00412934 0.0187714 0.0584049 0.124438 0.181625 0.181644 0.124528 0.0587064 0.0196423 0.00631537 0.00539307 0.00912492 0.0149807 0.0215658 0.0271017 0.0298195 0.0289018 0.0249635 0.0196288 0.0145568 0.0106755 0.00806517 0.00633164
 1.01026e-16 7.19149e-05 0.000699038 0.00464535 0.0211171 0.0657032 0.139988 0.204319 0.204329 0.140037 0.0658663 0.0215883 0.00582856 0.00328333 0.00498384 0.00813546 0.0117354 0.0148042 0.0163927 0.0160584 0.0141162 0.0114092 0.00878983 0.0067227 0.00523765 0.00413914
 1.01961e-16 4.85681e-05 0.0004721 0.00313727 0.0142616 0.0443733 0.0945433 0.137996 0.138032 0.0947165 0.0449548 0.0159409 0.00735114 0.00966612 0.0174952 0.028808 0.0414041 0.0518754 0.0567777 0.0545171 0.0463008 0.0353306 0.0249142 0.0169581 0.0117037 0.00842137
 1.0565e-16 4.64101e-05 0.000451123 0.00299787 0.0136279 0.0424016 0.0903422 0.131863 0.131891 0.0904786 0.0428601 0.0149539 0.00633325 0.00775502 0.0139843 0.023218 0.0338425 0.0433883 0.0493333 0.0504578 0.0474723 0.0423504 0.0369591 0.0321223 0.0276823 0.0231875
 1.05717e-16 6.06183e-05 0.000589231 0.00391565 0.0178 0.0553824 0.117999 0.172226 0.172241 0.118075 0.0556401 0.0185454 0.00579058 0.00469523 0.0078972 0.0130616 0.0190509 0.0244698 0.0279352 0.0288164 0.0275752 0.0253645 0.0232216 0.0215146 0.0199795 0.0181531
 1.01496e-16 7.36751e-05 0.000716148 0.00475905 0.021634 0.0673114 0.143414 0.209319 0.209327 0.143453 0.0674428 0.0220137 0.0057124 0.00279815 0.00403035 0.00655334 0.00945018 0.0119212 0.013207 0.0129632 0.0114614 0.00939887 0.00747078 0.00604031 0.0050968 0.00443151
 1.00365e-16 7.50373e-05 0.000729389 0.00484705 0.022034 0.0685559 0.146066 0.213189 0.213197 0.146105 0.0686856 0.0224082 0.00578598 0.00277742 0.00395972 0.00641455 0.00920277 0.0115085 0.012556 0.0119888 0.010081 0.00755837 0.00517469 0.00337043 0.00220783 0.00152204
 1.00358e-16 7.19971e-05 0.000699838 0.00465067 0.0211413 0.0657784 0.140148 0.204553 0.204564 0.140203 0.0659626 0.0216733 0.00598539 0.00361128 0.00559464 0.00911739 0.013085 0.0163653 0.0178563 0.0170488 0.0143276 0.0107191 0.00729129 0.00467173 0.00295647 0.0019237
 1.00916e-16 6.16465e-05 0.000599226 0.00398207 0.0181019 0.0563219 0.120001 0.175149 0.175171 0.120107 0.05668 0.0191361 0.00657724 0.00626175 0.0108075 0.0177475 0.0255073 0.0319627 0.0349884 0.0335962 0.0285194 0.0217184 0.0152233 0.0102121 0.0068508 0.00471709
 1.01361e-16 6.77663e-05 0.000658712 0.00437738 0.0198989 0.061913 0.131913 0.192533 0.192547 0.131979 0.0621363 0.020544 0.00599753 0.00419846 0.00679896 0.0111549 0.016113 0.0203656 0.0226213 0.0222722 0.0197351 0.0161366 0.0126113 0.00977083 0.00765142 0.00600477
 1.00318e-16 7.79038e-05 0.000757253 0.00503221 0.0228757 0.0711748 0.151646 0.221332 0.221337 0.151668 0.0712497 0.023092 0.0055751 0.00194203 0.00232695 0.00372081 0.00534573 0.006708 0.00736207 0.00710335 0.00608551 0.0047157 0.00341216 0.00241237 0.00174194 0.00130598
 1.0006e-16 7.96849e-05 0.000774566 0.00514726 0.0233987 0.0728021 0.155113 0.226392 0.226395 0.155127 0.0728514 0.0235412 0.00550455 0.00155364 0.00155669 0.00244052 0.00349173 0.00435655 0.00473433 0.00448819 0.00372396 0.00272234 0.00177713 0.00106326 0.000609669 0.000355107
 1.00558e-16 3.82035e-05 0.000371352 0.00246776 0.0112181 0.034904 0.0743686 0.108554 0.108604 0.0746144 0.0357289 0.0135993 0.00843994 0.0133921 0.0247183 0.0406757 0.0582898 0.0726652 0.0788387 0.0745205 0.0614911 0.044476 0.0284351 0.0163422 0.00871421 0.00453272
 1.00707e-16 7.84213e-05 0.000762283 0.00506564 0.0230276 0.0716476 0.152653 0.222802 0.222804 0.152665 0.0716879 0.0231445 0.0053603 0.00141004 0.00132179 0.00209519 0.00308952 0.00404817 0.00476081 0.00511992 0.0051611 0.00500262 0.0047387 0.00438286 0.00389898 0.00327246
 1.00721e-16 5.99528e-05 0.000582763 0.00387267 0.0176046 0.0547745 0.116704 0.170338 0.170363 0.116827 0.0551876 0.018797 0.00686331 0.00710321 0.0124195 0.0203745 0.0291981 0.0364104 0.0395309 0.0374226 0.030987 0.0225958 0.0147273 0.00885125 0.00519431 0.0032106
 1.0153e-16 6.55426e-05 0.000637098 0.00423374 0.019246 0.0598815 0.127584 0.186216 0.186232 0.127659 0.0601333 0.0199739 0.00606237 0.00463377 0.00766976 0.0126114 0.0182421 0.0231051 0.0257508 0.0254896 0.0227721 0.0188348 0.0149198 0.011691 0.00918981 0.0071647
 1.01448e-16 6.6872e-05 0.000650019 0.00431961 0.0196363 0.0610959 0.130172 0.189993 0.190008 0.130246 0.0613444 0.020354 0.00612126 0.00458356 0.0075389 0.0123614 0.0178096 0.0224144 0.0247242 0.0240668 0.0209403 0.0166628 0.0125729 0.00940842 0.00722043 0.00568899
 1.01102e-16 6.91412e-05 0.000672077 0.00446619 0.0203027 0.0631692 0.134589 0.196439 0.196453 0.134653 0.0633841 0.0209234 0.00602442 0.00407393 0.00653045 0.0106881 0.0153925 0.0193608 0.0213324 0.020722 0.0179585 0.0141845 0.0105665 0.0077563 0.00581376 0.00447464
 1.03512e-16 3.05379e-05 0.000296839 0.0019726 0.0089672 0.0279006 0.0594471 0.0867758 0.0868287 0.0597052 0.0287671 0.0114698 0.00825354 0.0140052 0.0260562 0.0430039 0.0618876 0.0776985 0.0853378 0.0824346 0.0707466 0.0549536 0.0398641 0.0282113 0.020304 0.0150817
 1.04046e-16 6.77512e-05 0.000658566 0.0043764 0.0198945 0.0618992 0.131883 0.192489 0.192496 0.131919 0.0620209 0.0202477 0.005269 0.00262693 0.00386408 0.00643224 0.00961192 0.0128222 0.0154961 0.0173379 0.0184225 0.0189969 0.019172 0.0187998 0.017629 0.0155678
 1.03043e-16 6.00427e-05 0.000583636 0.00387847 0.017631 0.0548566 0.116879 0.170592 0.170615 0.116987 0.055222 0.018686 0.00652595 0.00636027 0.0110229 0.0181081 0.0260354 0.0326546 0.035826 0.034586 0.029735 0.0233133 0.0173898 0.0130962 0.010464 0.0088916
 1.05303e-16 4.09636e-05 0.000398181 0.00264605 0.0120286 0.0374256 0.0797406 0.116392 0.116429 0.0799235 0.0380397 0.013803 0.00710312 0.0101384 0.0185699 0.0307139 0.0444233 0.0562412 0.0626498 0.0619956 0.0554238 0.046006 0.0368111 0.0294549 0.0239721 0.0196298
 1.04054e-16 6.68445e-05 0.000649752 0.00431783 0.0196282 0.0610708 0.130118 0.189913 0.189923 0.130167 0.0612366 0.0201084 0.00552709 0.00330304 0.00514551 0.00850456 0.0124879 0.0162147 0.018824 0.019907 0.0197036 0.0188425 0.0178513 0.0168541 0.0156456 0.0139883
 1.02424e-16 6.39607e-05 0.000621721 0.00413155 0.0187815 0.0584362 0.124505 0.181723 0.181741 0.124594 0.0587342 0.0196421 0.00629152 0.0053357 0.00901315 0.0147906 0.0212814 0.026726 0.0293816 0.0284568 0.0245876 0.0194116 0.0145899 0.0110324 0.00877409 0.00735407
 1.04721e-16 3.73571e-05 0.000363125 0.00241309 0.0109696 0.0341307 0.0727207 0.106147 0.10619 0.0729299 0.0348332 0.0129989 0.00750868 0.0114923 0.0211896 0.0350127 0.0505276 0.0637326 0.0705553 0.0690924 0.0607079 0.0490434 0.0377841 0.0289411 0.0226433 0.0180356
 1.08718e-16 4.97874e-05 0.000483951 0.00321603 0.0146196 0.0454871 0.0969158 0.141456 0.141475 0.0970111 0.0458077 0.0155484 0.00555757 0.00562949 0.0099217 0.0165842 0.0244942 0.0320763 0.037724 0.0406511 0.0412413 0.0405394 0.0393466 0.0377122 0.0351592 0.0312926
 1.04488e-16 6.72703e-05 0.000653891 0.00434534 0.0197533 0.0614599 0.130947 0.191124 0.191135 0.131004 0.0616506 0.0203045 0.00573059 0.0036835 0.0058379 0.00959018 0.0139185 0.0177432 0.0200196 0.0202904 0.0189524 0.0169579 0.0151906 0.0140069 0.0132211 0.0124126
 1.04732e-16 4.34521e-05 0.00042237 0.0028068 0.0127593 0.0396992 0.0845847 0.123462 0.123501 0.0847737 0.0403337 0.014592 0.00740635 0.0104611 0.0191026 0.0314959 0.0453313 0.0569344 0.0625909 0.0605984 0.0522868 0.0411217 0.0306364 0.0227956 0.0177307 0.0145303
 1.03694e-16 6.57669e-05 0.000639277 0.00424822 0.0193118 0.0600863 0.128021 0.186852 0.186863 0.128076 0.0602726 0.0198512 0.00560629 0.003618 0.00576409 0.00953256 0.013976 0.0180971 0.0209096 0.021935 0.0214322 0.0201152 0.0186121 0.0171221 0.0154877 0.0135047
pSPR Fmed_Fpbrs
1   0.983545 0.6 0.325 0.983545 0.983545 0.983545
Fs Fmed_Fpbrs
0   0.01 0.351851 0.912745 0.01 0.01 0.01
SSBpbr Bo_Bmed_Bpbrs
482965  458817  450870 265631 132815 450870 450870 450870
Ro
109716
SPR SPRFo_SPRFmed_SPRFpbrs
790428 790428 777422
Fref
0
Nvult_r0
 76985.8 14324.5 8855.22 1026.56 539.36
CTP_r0
 18996.9 5940.18 3672.13 425.699 223.665
YTP_r0
356498
Np
 104759 38538.6 14177.6 5215.63 2624.58
Nvult_p0
 66220.2 24361 8961.93 3296.91 1659.05
CTP_p0
 0 0 0 0 0
 0 0 0 0 0
 0 0 0 0 0
 0 0 0 0 0
 0 0 0 0 0
 0 0 0 0 0
YTP_p0
 0 0 0 0 0 0
CBA_c0
0
log_Ro
11.4256
likeval ReclasPelacesDesembMPH_pf_preclas_ppelaces_ptallas_desvR_qrecl_qpela
 14.5922 16.8924 0.0166244 27.738 237.418 134.997 114.207 0 24.8538 2.22597e-05 5.25684e-05 0.027495 2066.9 0 0
q_reclas_q_pelaces
1.94883 2.78811
M
1
N
 155020 27445.4 51263.6 4537.47 0.17763
 84560.9 48378.1 7073.97 13213 1169.56
 85301.7 23052.9 9308.6 1361.13 2767.4
 94288.4 23292.1 4451.04 1797.29 797.131
 83738.1 20435.7 2728.89 521.482 303.962
 199850 25676.8 5070.55 677.098 204.811
 60483.7 55708.6 5184.04 1023.72 178.054
 25813 12307.3 5694.09 529.872 122.836
 28447.8 8446.45 3514.4 1625.98 186.384
 38267.1 6348.82 1054.26 438.656 226.213
 73483 6384.36 422.38 70.1387 44.233
 135176 23236.3 1693.1 112.013 30.3307
 84023.6 31670.2 3221.71 234.747 19.7359
 48189.4 20393.5 4739.62 482.146 38.0847
 72018 5746.7 656.342 152.54 16.743
 301516 13538.6 494.935 56.5274 14.5795
 52018.6 65302.7 1583.73 57.8967 8.31798
 462871 14168.4 12540.5 304.134 12.7156
 264715 120829 2481.96 2196.79 55.5043
 258233 62976.9 17317 355.712 322.796
 295902 63896.7 9826.31 2701.98 105.868
 413463 80391.6 12203.5 1876.7 536.263
 68753.4 104100 13024 1977.04 390.917
 214750 20422.5 24113.8 3016.87 548.514
 195366 62886.3 4587.02 5416.1 800.807
 77450.1 58600.2 14877.4 1085.18 1470.77
 183922 24301.8 15282.2 3879.85 666.561
 225497 54130.6 5518.1 3470.06 1032.33
 75147.7 69476.5 13570.7 1383.41 1128.77
 73533 24260 19268.7 3763.72 696.728
 139546 22449 5962.66 4735.9 1096.3
 54017.8 38728.9 4489.72 1192.51 1166.42
 104759 17493.3 10814.1 1253.64 658.672
pred_Ctot
 15065.1 5345.81 9985.09 883.805 0.0345986
 14182.4 15363.9 2246.54 4196.17 371.428
 14239.4 7291.39 2944.21 430.509 875.299
 25553.7 10973.1 2096.92 846.722 375.536
 8944.4 4341.5 579.743 110.787 64.5757
 31305 7684.83 1517.57 202.649 61.298
 17918.3 28085.1 2613.5 516.103 89.7645
 1820.91 1777.21 822.246 76.5153 17.738
 7364.35 3839.81 1597.67 739.179 84.7313
 14078.5 3739.66 620.992 258.382 133.247
 6604.63 1156.8 76.5325 12.7087 8.01473
 32181.7 9884.78 720.246 47.6505 12.9027
 18689.8 12752.3 1297.25 94.5227 7.9468
 22483.9 13993.4 3252.19 330.834 26.1326
 23490.5 3109.9 355.188 82.5487 9.06071
 81804.1 6383.51 233.363 26.6529 6.87426
 8747.76 20786.5 504.117 18.4291 2.6477
 87371.7 4977.68 4405.75 106.849 4.46728
 61240.8 50228.7 1031.76 913.21 23.0733
 55186 24539.7 6747.79 138.608 125.781
 50129.8 20469 3147.81 865.565 33.9142
 85059 30354.8 4607.86 708.617 202.486
 8515.96 25297.6 3164.99 480.445 94.9974
 28211 5231.9 6177.54 772.872 140.52
 23186 14703.7 1072.51 1266.36 187.24
 7294.61 11088.5 2815.15 205.341 278.304
 23675.5 6113.55 3844.52 976.046 167.685
 23498.7 11242.7 1146.08 720.716 214.411
 5879.37 11059.7 2160.27 220.218 179.683
 8029.12 5258.62 4176.71 815.829 151.024
 22164.7 6800.7 1806.33 1434.69 332.112
 4130.19 6033.48 699.443 185.778 181.713
 18996.9 5940.18 3672.13 425.699 223.665
F
 0.164508 0.355778 0.355778 0.355778 0.355778
 0.299678 0.648109 0.648109 0.648109 0.648109
 0.298082 0.644657 0.644657 0.644657 0.644657
 0.529073 1.14422 1.14422 1.14422 1.14422
 0.182105 0.393834 0.393834 0.393834 0.393834
 0.277435 0.600004 0.600004 0.600004 0.600004
 0.592184 1.2807 1.2807 1.2807 1.2807
 0.117133 0.253321 0.253321 0.253321 0.253321
 0.4998 1.08091 1.08091 1.08091 1.08091
 0.79074 1.71012 1.71012 1.71012 1.71012
 0.151337 0.327293 0.327293 0.327293 0.327293
 0.451202 0.975807 0.975807 0.975807 0.975807
 0.415882 0.89942 0.89942 0.89942 0.89942
 1.12651 2.43629 2.43629 2.43629 2.43629
 0.671368 1.45196 1.45196 1.45196 1.45196
 0.529789 1.14576 1.14576 1.14576 1.14576
 0.300586 0.650071 0.650071 0.650071 0.650071
 0.343077 0.741966 0.741966 0.741966 0.741966
 0.435886 0.942682 0.942682 0.942682 0.942682
 0.396594 0.857706 0.857706 0.857706 0.857706
 0.303118 0.655548 0.655548 0.655548 0.655548
 0.379213 0.820116 0.820116 0.820116 0.820116
 0.213888 0.462573 0.462573 0.462573 0.462573
 0.228146 0.493408 0.493408 0.493408 0.493408
 0.204138 0.441485 0.441485 0.441485 0.441485
 0.159084 0.344049 0.344049 0.344049 0.344049
 0.22311 0.482517 0.482517 0.482517 0.482517
 0.177319 0.383484 0.383484 0.383484 0.383484
 0.130628 0.282508 0.282508 0.282508 0.282508
 0.186486 0.40331 0.40331 0.40331 0.40331
 0.281806 0.609457 0.609457 0.609457 0.609457
 0.127497 0.275736 0.275736 0.275736 0.275736
 0.327595 0.708484 0.708484 0.708484 0.708484
YTP_r0W_actual
 143236 103656 88388.3 13332.9 7884.19
YTP_p0W_proyectada
 0 0 0 0 0
 0 0 0 0 0
 0 0 0 0 0
 0 0 0 0 0
 0 0 0 0 0
 0 0 0 0 0
CTP_r0_actual
 18996.9 5940.18 3672.13 425.699 223.665
CTP_p0_proyectada
 0 0 0 0 0
 0 0 0 0 0
 0 0 0 0 0
 0 0 0 0 0
 0 0 0 0 0
 0 0 0 0 0
Wmedp
 7.54 17.45 24.07 31.32 35.25
Frms_r0
 0.327595 0.708484 0.708484 0.708484 0.708484
Zrms_r0
 1.3276 1.70848 1.70848 1.70848 1.70848
nmprior
 7.29 8.9 8.7 0
nm_flota  nm_reclas  nm_pelaces    nm_pelaL
inf 14.7131 16.3158 49.8484
cv_recla  cv_pelaces  cv_mph
0.330819 0.450232 0.70379
 ------------------------------------------------
Talla a la edad & desviaci?n 
 8 13.2811 15.8009 17.003 17.5766
 0.8 1.32811 1.58009 1.7003 1.75766
