years
 1991 1992 1993 1994 1995 1996 1997 1998 1999 2000 2001 2002 2003 2004 2005 2006 2007 2008 2009 2010 2011 2012 2013 2014 2015 2016 2017 2018 2019 2020 2021 2022 2023
reclasobs
 0 0 0 0 0 0 0 0 0 252601 567819 844713 477998 351125 339783 2.1784e+06 2.13404e+06 4.81314e+06 1.55562e+06 2.62356e+06 3.21686e+06 3.843e+06 1.13348e+06 3.07943e+06 1.97215e+06 2.03268e+06 2.025e+06 2.42433e+06 2.27542e+06 1.05018e+06 2.36338e+06 3.18982e+06 1.53035e+06
reclaspred
 2.87776e+06 1.56441e+06 826261 855591 890247 1.40055e+06 786082 736208 538298 394912 545176 749755 656820 369249 562095 1.34897e+06 1.27486e+06 2.73576e+06 2.20763e+06 1.80076e+06 3.20816e+06 2.56698e+06 2.02607e+06 3.04108e+06 2.30709e+06 2.08703e+06 2.45912e+06 2.7195e+06 2.2986e+06 1.67009e+06 1.83311e+06 1.90284e+06 1.64046e+06
pelacesobs
 0 0 0 0 0 0 0 0 0 0 0 0 0 0 0 552880 188675 0 991730 2.46772e+06 1.41603e+06 1.21717e+06 2.29649e+06 1.80582e+06 0 1.4828e+06 1.56532e+06 1.57751e+06 1.42118e+06 867257 1.10002e+06 1.06204e+06 0
pelacespred
 1.54409e+06 919770 469924 407101 457739 749239 364382 457680 310065 213947 313010 364903 346239 190891 322866 644578 609175 1.51461e+06 1.23807e+06 906297 1.66877e+06 1.4001e+06 1.1242e+06 1.86936e+06 1.34321e+06 1.21999e+06 1.65531e+06 1.63718e+06 1.24967e+06 1.04169e+06 987899 1.0459e+06 920164
mphobs
 0 0 0 0 0 0 0 0 0 0 0 0 498337 0 5186 125008 0 168611 109162 213762 579715 649985 157893 87575 83554 210694 70296 0 107559 103333 445601 22526 28222
mphpred
 481441 325045 155947 91702.6 102015 121781 151171 83892.7 80306.3 54507.4 37065.5 73570.1 87748.2 56789.9 26183.9 57051.1 172248 158810 285652 364551 431297 512287 104104 87872.9 127560 102399 89735.1 98420.6 140615 106051 65070.6 86907.2 59582.1
desembarqueobs
 494567 514787 250237 358949 120608 361735 552515 73892 212993 205616 52469 317467 293654 387597 252695 516296 358380 742168 942051 627588 828172 859565 418607 520667 417249 300574 415391 372974 316634 284311 391294 218835 356480
desembarquepred
 494569 513744 250728 359014 120617 361769 552592 73898.7 213065 205682 52472.1 317520 293767 387778 252658 516217 358411 742021 941750 627359 828297 859611 418633 520725 417248 300584 415406 372956 316619 284294 391272 218849 356506
Reclutas
 178705 87240.2 107970 146092 126940 201685 82226.2 41457.7 38719.7 52541.2 106797 146327 93142.5 56235.1 96090 396405 86544.4 561454 350574 320513 407735 531322 112959 313084 286196 125454 274775 328231 116939 110026 205554 95822.3 192816
log_desv_Rt
 0.165072 -0.552 -0.338811 -0.0364298 -0.176947 0.286043 -0.611191 -1.29599 -1.36432 -1.05907 -0.349737 -0.034822 -0.486534 -0.991124 -0.455379 0.961771 -0.560007 1.30987 0.838907 0.749258 0.989953 1.2547 -0.293637 0.725807 0.636011 -0.188725 0.59529 0.773052 -0.259014 -0.319946 0.305042 -0.458169 0.241072
SSB
 2.14079e+06 1.44535e+06 693438 407767 453624 541512 672199 373039 357092 242374 164816 327139 371774 246454 112168 245052 765923 706167 1.31135e+06 962986 1.16829e+06 1.45692e+06 1.37205e+06 1.1172e+06 1.51985e+06 1.29254e+06 1.06995e+06 1.1297e+06 1.67129e+06 1.18794e+06 831114 1.13156e+06 721374
BT
 3.02663e+06 2.05473e+06 1.03629e+06 980328 865931 1.56468e+06 1.11469e+06 833171 736207 555307 572562 878136 844347 718020 794966 1.51248e+06 1.30624e+06 3.19659e+06 2.98958e+06 2.09251e+06 3.45613e+06 3.17671e+06 2.25366e+06 3.62486e+06 2.65603e+06 2.31582e+06 3.20662e+06 3.11436e+06 2.36372e+06 2.0271e+06 2.01577e+06 1.93421e+06 1.86669e+06
Ftot
 0.211422 0.384852 0.377189 0.625141 0.19609 0.412308 0.867285 0.143259 0.56294 0.741444 0.177718 0.661951 0.639075 1.48622 0.904651 0.775622 0.37767 0.492319 0.627879 0.535285 0.401549 0.509445 0.267724 0.283805 0.255753 0.194634 0.275386 0.23716 0.170342 0.223913 0.343931 0.152949 0.343156
BD_Bspro_t
 0.967085 0.789195 0.593888 0.513134 0.515516 0.606372 0.578727 0.395378 0.470405 0.420665 0.395964 0.642268 0.53606 0.383027 0.22505 0.380045 0.546068 0.508801 0.594721 0.49127 0.491335 0.541856 0.561558 0.551778 0.655707 0.672727 0.678436 0.711444 0.771448 0.711796 0.661696 0.703508 0.69876
BD_Bspro
 1.96125 1.32414 0.635282 0.373569 0.41558 0.496097 0.615824 0.341754 0.327144 0.222047 0.150994 0.299703 0.340594 0.225785 0.102761 0.2245 0.701687 0.646943 1.20137 0.882224 1.07031 1.33474 1.25698 1.0235 1.39239 1.18414 0.980214 1.03495 1.53112 1.08831 0.761412 1.03666 0.660875
BD_Bo
 2.37901 1.60619 0.770602 0.453142 0.504102 0.60177 0.746999 0.41455 0.396828 0.269344 0.183157 0.363542 0.413144 0.273879 0.124649 0.27232 0.851152 0.784747 1.45727 1.07014 1.29829 1.61905 1.52472 1.24151 1.68898 1.43637 1.18901 1.25541 1.85726 1.32013 0.923598 1.25748 0.801647
BD_Brms
 2.54635 1.71917 0.824806 0.485016 0.539561 0.644099 0.799543 0.44371 0.424741 0.28829 0.19604 0.389113 0.442204 0.293143 0.133417 0.291475 0.911022 0.839946 1.55977 1.14542 1.38961 1.73293 1.63197 1.32884 1.80778 1.5374 1.27264 1.34371 1.9879 1.41299 0.988564 1.34593 0.858034
Sel_flota
 0.430431 0.93489 0.996348 0.999807 0.99999
 0.430431 0.93489 0.996348 0.999807 0.99999
 0.430431 0.93489 0.996348 0.999807 0.99999
 0.430431 0.93489 0.996348 0.999807 0.99999
 0.430431 0.93489 0.996348 0.999807 0.99999
 0.430431 0.93489 0.996348 0.999807 0.99999
 0.430431 0.93489 0.996348 0.999807 0.99999
 0.430431 0.93489 0.996348 0.999807 0.99999
 0.430431 0.93489 0.996348 0.999807 0.99999
 0.430431 0.93489 0.996348 0.999807 0.99999
 0.430431 0.93489 0.996348 0.999807 0.99999
 0.430431 0.93489 0.996348 0.999807 0.99999
 0.430431 0.93489 0.996348 0.999807 0.99999
 0.430431 0.93489 0.996348 0.999807 0.99999
 0.430431 0.93489 0.996348 0.999807 0.99999
 0.430431 0.93489 0.996348 0.999807 0.99999
 0.430431 0.93489 0.996348 0.999807 0.99999
 0.430431 0.93489 0.996348 0.999807 0.99999
 0.430431 0.93489 0.996348 0.999807 0.99999
 0.430431 0.93489 0.996348 0.999807 0.99999
 0.430431 0.93489 0.996348 0.999807 0.99999
 0.430431 0.93489 0.996348 0.999807 0.99999
 0.430431 0.93489 0.996348 0.999807 0.99999
 0.430431 0.93489 0.996348 0.999807 0.99999
 0.430431 0.93489 0.996348 0.999807 0.99999
 0.430431 0.93489 0.996348 0.999807 0.99999
 0.430431 0.93489 0.996348 0.999807 0.99999
 0.430431 0.93489 0.996348 0.999807 0.99999
 0.430431 0.93489 0.996348 0.999807 0.99999
 0.430431 0.93489 0.996348 0.999807 0.99999
 0.430431 0.93489 0.996348 0.999807 0.99999
 0.430431 0.93489 0.996348 0.999807 0.99999
 0.430431 0.93489 0.996348 0.999807 0.99999
Sel_reclas
 1 1 1 1 1
 1 1 1 1 1
 1 1 1 1 1
 1 1 1 1 1
 1 1 1 1 1
 1 1 1 1 1
 1 1 1 1 1
 1 1 1 1 1
 1 1 1 1 1
 1 1 1 1 1
 1 1 1 1 1
 1 1 1 1 1
 1 1 1 1 1
 1 1 1 1 1
 1 1 1 1 1
 1 1 1 1 1
 1 1 1 1 1
 1 1 1 1 1
 1 1 1 1 1
 1 1 1 1 1
 1 1 1 1 1
 1 1 1 1 1
 1 1 1 1 1
 1 1 1 1 1
 1 1 1 1 1
 1 1 1 1 1
 1 1 1 1 1
 1 1 1 1 1
 1 1 1 1 1
 1 1 1 1 1
 1 1 1 1 1
 1 1 1 1 1
 1 1 1 1 1
Sel_pelaces
 1 1 1 1 1
 1 1 1 1 1
 1 1 1 1 1
 1 1 1 1 1
 1 1 1 1 1
 1 1 1 1 1
 1 1 1 1 1
 1 1 1 1 1
 1 1 1 1 1
 1 1 1 1 1
 1 1 1 1 1
 1 1 1 1 1
 1 1 1 1 1
 1 1 1 1 1
 1 1 1 1 1
 1 1 1 1 1
 1 1 1 1 1
 1 1 1 1 1
 1 1 1 1 1
 1 1 1 1 1
 1 1 1 1 1
 1 1 1 1 1
 1 1 1 1 1
 1 1 1 1 1
 1 1 1 1 1
 1 1 1 1 1
 1 1 1 1 1
 1 1 1 1 1
 1 1 1 1 1
 1 1 1 1 1
 1 1 1 1 1
 1 1 1 1 1
 1 1 1 1 1
pf_obs 
 0.8446 0.082 0.0669 0.0065 0
 0.8095 0.147 0.0364 0.0071 0
 0.9664 0.0169 0.016 0.0007 0
 0.9276 0.0648 0.0075 0.0001 0
 0.7033 0.2144 0.0806 0.0017 0
 0.9318 0.0425 0.0243 0.0014 0
 0.5671 0.3108 0.0964 0.0239 0.0018
 0.0768 0.2599 0.5324 0.112 0.0189
 0.490249 0.384438 0.106611 0.0170017 0.00170017
 0.7925 0.1577 0.0466 0.003 0.0002
 0.840416 0.127587 0.0312969 0.00059994 9.999e-05
 0.8084 0.0986 0.0794 0.0134 0.0002
 0.7335 0.1905 0.0724 0.0035 0.0001
 0.4001 0.4547 0.1325 0.0127 0
 0.49795 0.308269 0.164784 0.0264974 0.00249975
 0.9179 0.0499 0.0305 0.0017 0
 0.2467 0.6533 0.0926 0.0074 0
 0.9418 0.0223 0.034 0.0019 0
 0.707729 0.231977 0.0356964 0.0245975 0
 0.517169 0.277429 0.184464 0.0207286 0.00020938
 0.811772 0.124168 0.05621 0.00726502 0.000585176
 0.764997 0.148141 0.077277 0.00933861 0.000247198
 0.163321 0.427699 0.378323 0.0303852 0.000271297
 0.753843 0.0900009 0.118128 0.0371064 0.000921714
 0.721811 0.176058 0.0630433 0.0369309 0.00215725
 0.143369 0.312575 0.442814 0.0836902 0.0175525
 0.692698 0.0596174 0.167031 0.0765114 0.00414204
 0.394062 0.376323 0.152708 0.0712218 0.00568511
 0.125707 0.32114 0.495352 0.0537591 0.00404204
 0.23352 0.215282 0.420074 0.123614 0.00750983
 0.796117 0.104755 0.0508955 0.0450114 0.00322123
 0.162477 0.292055 0.404252 0.121198 0.0200186
 0 0 0 0 0
pf_pred 
 0.375022 0.14327 0.452983 0.0287237 1.13761e-06
 0.295711 0.409086 0.0713226 0.210576 0.0133032
 0.496722 0.251922 0.150759 0.0243812 0.0762159
 0.612828 0.272484 0.0596114 0.0330909 0.021986
 0.542848 0.366354 0.0655174 0.0131704 0.0121108
 0.629828 0.268089 0.0829051 0.0138525 0.00532491
 0.365626 0.509767 0.0921411 0.0263879 0.00607795
 0.36634 0.388014 0.201015 0.0330479 0.011583
 0.437779 0.315379 0.155035 0.0751766 0.0166301
 0.62401 0.250254 0.0731315 0.0330964 0.0195087
 0.74749 0.205876 0.0319745 0.00854435 0.00611529
 0.645971 0.307064 0.0387675 0.0056277 0.00257046
 0.49703 0.41455 0.0775529 0.00897826 0.00188943
 0.480677 0.373666 0.121838 0.020904 0.00291528
 0.786041 0.163687 0.0374051 0.0107751 0.002092
 0.889589 0.100708 0.00759019 0.00157386 0.000538475
 0.282188 0.685632 0.0295817 0.00203526 0.000563529
 0.833943 0.0792059 0.0832284 0.00333138 0.00029145
 0.502681 0.4607 0.0181976 0.0176564 0.000765189
 0.544717 0.327041 0.119537 0.00433627 0.00436908
 0.619034 0.284964 0.0705147 0.0237638 0.00172269
 0.629951 0.293893 0.0580509 0.0133138 0.00479197
 0.219933 0.628607 0.122247 0.0222907 0.00692142
 0.615742 0.149324 0.191881 0.0347755 0.00827749
 0.517946 0.38031 0.0412867 0.0494131 0.0110435
 0.310631 0.487301 0.161798 0.0163786 0.0238908
 0.611748 0.194057 0.139989 0.0434369 0.0107696
 0.580817 0.328748 0.0468249 0.0314719 0.0121389
 0.278722 0.544956 0.140358 0.0186555 0.0173082
 0.378195 0.285089 0.258529 0.0622874 0.0159001
 0.615915 0.223195 0.0765606 0.0648046 0.0195244
 0.355419 0.509023 0.0812455 0.0259001 0.0284122
 0.611449 0.212132 0.141263 0.0211018 0.014054
pobs_RECLAS
 0 0 0 0 0
 0 0 0 0 0
 0 0 0 0 0
 0 0 0 0 0
 0 0 0 0 0
 0 0 0 0 0
 0 0 0 0 0
 0 0 0 0 0
 0 0 0 0 0
 0 0 0 0 0
 0.991045 0.00858322 0.000360255 1.14367e-05 0
 0.934742 0.0480273 0.0164251 0.00080598 0
 0.827803 0.169806 0.00239088 0 0
 0.941827 0.0461693 0.0120037 0 0
 0.791401 0.0380133 0.147996 0.0225897 0
 0.846168 0.0940531 0.0597789 0 0
 0.134021 0.677848 0.182769 0.00536245 0
 0.80878 0.0450904 0.141981 0.00414843 0
 0.846168 0.0940531 0.0597789 0 0
 0.905697 0.0802665 0.012482 0.00150086 5.37128e-05
 0.989698 0.0102097 9.19794e-05 0 0
 0.975433 0.0193895 0.00387452 0.00125025 5.28907e-05
 0.303575 0.632131 0.0575291 0.00676475 0
 0.966965 0.00978017 0.0227588 0.000495775 0
 0.843318 0.132988 0.00938335 0.0141283 0.000182051
 0.564624 0.303363 0.111486 0.0197234 0.00080311
 0.826376 0.0876187 0.0782897 0.00655872 0.00115652
 0.89761 0.0855135 0.0140674 0.00269457 0.000114338
 0.34875 0.467042 0.161289 0.0227151 0.000203297
 0.318654 0.224769 0.449479 0.00709798 0
 0.937255 0.0296025 0.0250945 0.00804832 0
 0.456809 0.399803 0.12412 0.0192676 0
 0.883104 0.0372192 0.0704036 0.00927362 0
ppred_RECLAS
 0.58047 0.101088 0.299517 0.0189253 7.49401e-07
 0.489027 0.305337 0.0498198 0.14656 0.0092572
 0.693218 0.158756 0.0889169 0.0143281 0.0447812
 0.784397 0.154857 0.0316321 0.0174937 0.0116207
 0.724988 0.223214 0.0374129 0.00749427 0.00689002
 0.793611 0.152201 0.044038 0.00733161 0.00281773
 0.573006 0.347897 0.0585493 0.0167023 0.00384626
 0.56437 0.273436 0.13281 0.0217581 0.00762461
 0.642691 0.206507 0.0948467 0.0458209 0.0101343
 0.794266 0.140169 0.0381966 0.0172203 0.0101485
 0.867721 0.109134 0.0158874 0.00423057 0.0030273
 0.806124 0.169671 0.0199934 0.00289142 0.0013204
 0.692725 0.256269 0.0447572 0.0051621 0.00108612
 0.698116 0.222078 0.0668038 0.011411 0.00159101
 0.895899 0.0809787 0.0172215 0.00494144 0.000959186
 0.948644 0.0471276 0.00331085 0.000683887 0.000233935
 0.466141 0.511401 0.0206505 0.00141566 0.000391898
 0.920636 0.0391913 0.0385029 0.00153551 0.00013431
 0.695903 0.283125 0.0104417 0.0100933 0.000437333
 0.731739 0.196331 0.0670649 0.00242385 0.00244172
 0.785599 0.163051 0.0377539 0.0126772 0.000918826
 0.794023 0.16584 0.0306217 0.0069972 0.00251798
 0.38582 0.501148 0.0912946 0.0165876 0.0051496
 0.786 0.0865474 0.104165 0.0188111 0.0044767
 0.705505 0.235578 0.0239588 0.0285728 0.00638461
 0.50158 0.359 0.111716 0.011269 0.0164346
 0.781839 0.112663 0.0761269 0.0235373 0.00583465
 0.755312 0.194613 0.0259719 0.0173944 0.00670787
 0.462137 0.412766 0.0996548 0.0131989 0.0122434
 0.580339 0.199287 0.169342 0.0406554 0.0103761
 0.784682 0.128659 0.041316 0.0348464 0.0104966
 0.550037 0.360171 0.0538937 0.0171204 0.0187775
 0.781792 0.122727 0.0765106 0.0113881 0.00758316
pobs_PELACES
 0 0 0 0 0
 0 0 0 0 0
 0 0 0 0 0
 0 0 0 0 0
 0 0 0 0 0
 0 0 0 0 0
 0 0 0 0 0
 0 0 0 0 0
 0 0 0 0 0
 0 0 0 0 0
 0 0 0 0 0
 0 0 0 0 0
 0 0 0 0 0
 0 0 0 0 0
 0 0 0 0 0
 0 0 0 0 0
 0.505614 0.472636 0.0217494 0 0
 0 0 0 0 0
 0.443492 0.261883 0.143347 0.151278 0
 0.227955 0.32914 0.350689 0.0885471 0.00366901
 0.970185 0.0296113 0.000203453 0 0
 0.997202 0.00247181 0.000326279 0 0
 0.445219 0.490057 0.0546422 0.010081 0
 0.90214 0.0892962 0.00764917 0.000914606 0
 0 0 0 0 0
 0.581667 0.319106 0.0959925 0.00289975 0.000334073
 0.762889 0.0836404 0.116647 0.0363945 0.000428098
 0.88444 0.0763242 0.0277011 0.0115352 0
 0.521256 0.241999 0.230069 0.00667565 0
 0.616807 0.101726 0.260614 0.0208532 0
 0.833518 0.0704572 0.0857862 0.0102388 0
 0.697417 0.212968 0.0787535 0.0105354 0.000325836
 0 0 0 0 0
ppred_PELACES
 0.589805 0.0991612 0.292552 0.0184808 7.31788e-07
 0.505858 0.296245 0.0479606 0.141028 0.00890762
 0.707189 0.152098 0.0845391 0.0136168 0.0425571
 0.802056 0.142693 0.0287803 0.0159051 0.0105651
 0.731598 0.218015 0.0363964 0.00728902 0.00670125
 0.804975 0.14414 0.0413582 0.00688222 0.00264495
 0.608684 0.319875 0.0528948 0.0150743 0.00347118
 0.570492 0.269889 0.130707 0.02141 0.00750255
 0.665005 0.194563 0.0883462 0.042653 0.0094333
 0.814443 0.12704 0.0341024 0.0153615 0.00905265
 0.871152 0.106371 0.0154296 0.00410781 0.00293943
 0.823013 0.155152 0.0180386 0.00260676 0.00119035
 0.715334 0.237925 0.0410184 0.00472743 0.00099463
 0.74908 0.186061 0.0543075 0.00926073 0.00129109
 0.909469 0.0707124 0.0147648 0.00423216 0.000821462
 0.954638 0.0416807 0.00288249 0.000594879 0.000203478
 0.481895 0.49647 0.0198946 0.00136325 0.000377382
 0.926765 0.0363478 0.0353545 0.00140916 0.000123254
 0.717741 0.263029 0.0095778 0.00925159 0.000400848
 0.749413 0.18393 0.0621507 0.00224487 0.00226134
 0.796962 0.154714 0.0355329 0.011926 0.000864357
 0.807863 0.155011 0.0283279 0.0064693 0.00232794
 0.396674 0.492788 0.0892855 0.0162176 0.00503465
 0.794405 0.0834363 0.0998442 0.018025 0.00428954
 0.714492 0.228635 0.0231323 0.0275791 0.00616247
 0.509958 0.35336 0.109528 0.0110458 0.0161089
 0.790012 0.108739 0.0730667 0.022584 0.00559825
 0.762718 0.188914 0.0250903 0.0167994 0.00647834
 0.469395 0.407527 0.0980506 0.0129839 0.0120439
 0.589973 0.195183 0.165103 0.0396275 0.0101137
 0.794669 0.123046 0.0392389 0.0330815 0.00996473
 0.556486 0.355234 0.0529902 0.0168304 0.0184593
 0.791887 0.117409 0.0726879 0.0108149 0.00720131
pobs_pel_tallas
 0 0 0 0 0 0 0 0 0 0 0 0 0 0 0 0 0 0 0 0 0 0 0 0 0 0
 0 0 0 0 0 0 0 0 0 0 0 0 0 0 0 0 0 0 0 0 0 0 0 0 0 0
 0 0 0 0 0 0 0 0 0 0 0 0 0 0 0 0 0 0 0 0 0 0 0 0 0 0
 0 0 0 0 0 0 0 0 0 0 0 0 0 0 0 0 0 0 0 0 0 0 0 0 0 0
 0 0 0 0 0 0 0 0 0 0 0 0 0 0 0 0 0 0 0 0 0 0 0 0 0 0
 0 0 0 0 0 0 0 0 0 0 0 0 0 0 0 0 0 0 0 0 0 0 0 0 0 0
 0 0 0 0 0 0 0 0 0 0 0 0 0 0 0 0 0 0 0 0 0 0 0 0 0 0
 0 0 0 0 0 0 0 0 0 0 0 0 0 0 0 0 0 0 0 0 0 0 0 0 0 0
 0 0 0 0 0 0 0 0 0 0 0 0 0 0 0 0 0 0 0 0 0 0 0 0 0 0
 0 0 0 0 0 0 0 0 0 0 0 0 0 0 0 0 0 0 0 0 0 0 0 0 0 0
 0 0 0 0 0 0 0 0 0 0 0 0 0 0 0 0 0 0 0 0 0 0 0 0 0 0
 0 0 0 0 0 0 0 0 0 0 0 0 0 0 0 0 0 0 0 0 0 0 0 0 0 0
 0.00862536 0 0 0.000197151 0.00414017 0.0128641 0.00837892 0.0270097 0.101434 0.158115 0.152841 0.127902 0.109271 0.109419 0.0830992 0.0579132 0.0238553 0.00714673 0.00463305 0.00128148 0.00103504 0.000492878 0.000147863 0.000147863 4.92878e-05 0
 0 0 0 0 0 0 0 0 0 0 0 0 0 0 0 0 0 0 0 0 0 0 0 0 0 0
 0 0 0 0 0 0 0 0.0054083 0.00873648 0.0413646 0.0450493 0.0745869 0.0622846 0.0627006 0.0613931 0.0827291 0.12552 0.122667 0.0946155 0.0697135 0.0546179 0.0294188 0.0215738 0.0213955 0.0102223 0.00600262
 0 0 0 0 0.00359764 0.0251062 0.0480494 0.140153 0.205849 0.193036 0.1447 0.116669 0.0760912 0.0342217 0.00950174 0.001854 0.000860785 0 0 0 0.000165536 0 0.000143464 0 0 0
 0 0 0 0 0 0 0 0.000145254 0.000435761 0.0275982 0.070085 0.0708112 0.156366 0.174668 0.174014 0.160142 0.0824315 0.0480064 0.0283245 0.00493863 0.00203355 0 0 0 0 0
 0 0 0 0 0 0 0 0 0 0 0 0 0 0 0 0 0 0 0 0 0 0 0 0 0 0
 0 0 1.00437e-05 0.000401748 0.00122533 0.00171747 0.00176769 0.0269171 0.070346 0.194647 0.189555 0.159765 0.064822 0.0314167 0.0384472 0.0292271 0.0345202 0.0313363 0.0194345 0.0106764 0.0143323 0.0359363 0.0279516 0.0138201 0.00172751 0
 0 0.0021121 0.0136068 0.0755702 0.200478 0.177729 0.0527432 0.0373336 0.0318909 0.0142505 0.0149659 0.0166563 0.0217959 0.0798694 0.0677717 0.0528807 0.04013 0.0224614 0.0357745 0.0225083 0.00881397 0.00855152 0.00135912 0.000746735 0 0
 0 0 0 0 5.4009e-05 0.00500934 0.000945158 0.0243581 0.138947 0.33067 0.221406 0.137944 0.0707744 0.0437923 0.0131692 0.00525238 0.0047753 0.00276346 9.45158e-05 9.00151e-06 2.25038e-05 9.00151e-06 4.50075e-06 0 0 0
 0.000866109 0.00284123 0.00948549 0.0512746 0.133035 0.25785 0.225252 0.132002 0.0553304 0.0519788 0.0540692 0.017754 0.00435017 0.00159236 0.00146478 0.000404838 0.000125132 0.000115318 0.000107957 0.000100596 0 0 0 0 0 0
 0 0 0 0 0.00144013 0.00171154 0.00461396 0.0210425 0.0478622 0.0707936 0.0888783 0.103762 0.0637923 0.0337046 0.0602308 0.124433 0.169614 0.0934646 0.0462172 0.0250306 0.0313229 0.00938855 0.002487 0.000210481 0 0
 0 0.00764035 0.051015 0.0998891 0.058973 0.0496711 0.0374665 0.0718981 0.12319 0.153886 0.159021 0.0857701 0.0377988 0.023471 0.0147837 0.00900784 0.00315554 0.000888139 0.00291439 0.00214683 0.00393193 0.00274676 0.000635225 9.99891e-05 0 0
 0 0 0 0 0 0 0 0 0 0 0 0 0 0 0 0 0 0 0 0 0 0 0 0 0 0
 0 0 0 0 0 0 0 0 0 0 0 0 0 0 0 0 0 0 0 0 0 0 0 0 0 0
 0 0 0 0 0 0 0 0 0 0 0 0 0 0 0 0 0 0 0 0 0 0 0 0 0 0
 0 0 0 0 0 0 0 0 0 0 0 0 0 0 0 0 0 0 0 0 0 0 0 0 0 0
 0 0 0 0 0 0 0 0 0 0 0 0 0 0 0 0 0 0 0 0 0 0 0 0 0 0
 0 0 0 0 0 0 0 0 0 0 0 0 0 0 0 0 0 0 0 0 0 0 0 0 0 0
 0 0 0 0 0 0 0 0 0 0 0 0 0 0 0 0 0 0 0 0 0 0 0 0 0 0
 0 0 0 0 0 0 0 0 0 0 0 0 0 0 0 0 0 0 0 0 0 0 0 0 0 0
 0 0 0 0 0 0 0 0 0 0 0 0 0 0 0 0 0 0 0 0 0 0 0 0 0 0
ppred_pel_tallas
 1.10322e-16 4.85815e-05 0.00047223 0.00313813 0.0142655 0.0443853 0.094568 0.138027 0.138037 0.094617 0.0445512 0.0147502 0.00437558 0.00324252 0.00551143 0.00955905 0.0149835 0.0213718 0.0282406 0.0352156 0.0419827 0.0479794 0.0521841 0.0533634 0.0507128 0.0444178
 1.17111e-16 4.16669e-05 0.000405017 0.00269148 0.0122351 0.0380681 0.0811092 0.118387 0.118416 0.0812491 0.0385378 0.0135926 0.00610258 0.00786389 0.0142464 0.0235963 0.0342682 0.0437416 0.049541 0.0506899 0.048354 0.0450309 0.0429011 0.0426073 0.0432164 0.043107
 1.11047e-16 5.82502e-05 0.000566213 0.00376268 0.0171046 0.0532189 0.113389 0.165498 0.165513 0.113461 0.0534617 0.0178073 0.00553195 0.00444666 0.00748171 0.0124192 0.0182239 0.0236431 0.0274458 0.029097 0.0290524 0.0283589 0.027889 0.0278299 0.0277422 0.0269977
 1.04251e-16 6.60643e-05 0.000642169 0.00426744 0.0193992 0.0603581 0.1286 0.187698 0.187712 0.128667 0.0605841 0.0200523 0.005908 0.00422698 0.00688477 0.0113058 0.0163496 0.0207137 0.0231248 0.0230172 0.0208692 0.0178633 0.0151449 0.013258 0.0120899 0.0111978
 1.02972e-16 6.02608e-05 0.000585756 0.00389256 0.017695 0.0550559 0.117303 0.171212 0.171233 0.117406 0.0554008 0.0186915 0.00639431 0.00604868 0.0104401 0.0171766 0.0247672 0.0312082 0.034498 0.0337144 0.0295548 0.0238454 0.0184299 0.0143068 0.0115129 0.00956737
 1.02369e-16 6.63047e-05 0.000644506 0.00428297 0.0194698 0.0605777 0.129068 0.188381 0.188395 0.129136 0.0608063 0.0201305 0.00594324 0.00427423 0.00697544 0.0114676 0.0166081 0.0210831 0.0235938 0.0235322 0.0213174 0.0180667 0.0148799 0.01231 0.0103318 0.00865871
 1.03708e-16 5.01366e-05 0.000487345 0.00323858 0.0147221 0.0458062 0.0975962 0.142451 0.142482 0.0977469 0.0463123 0.0161841 0.00690907 0.00850228 0.0152786 0.0251966 0.0363329 0.0457763 0.0505892 0.0494134 0.0432644 0.0348131 0.026757 0.0205593 0.0162836 0.0132475
 1.07258e-16 4.69907e-05 0.000456767 0.00303538 0.0137984 0.0429321 0.0914723 0.133512 0.133538 0.0916002 0.043362 0.0150419 0.006164 0.00731033 0.0131329 0.021819 0.0318516 0.0409426 0.0467632 0.0482026 0.0459409 0.0418076 0.0374883 0.0336521 0.0300312 0.0260976
 1.08474e-16 5.47756e-05 0.000532438 0.00353824 0.0160843 0.0500445 0.106626 0.155627 0.155646 0.106718 0.0503544 0.016981 0.00579432 0.00547559 0.00949645 0.0157552 0.0230285 0.0296798 0.0340779 0.035488 0.0344691 0.0323788 0.0304013 0.0288911 0.0274391 0.0254181
 1.0409e-16 6.70846e-05 0.000652086 0.00433334 0.0196988 0.0612902 0.130586 0.190596 0.190609 0.130646 0.0614918 0.0202813 0.00579705 0.0038526 0.00616105 0.010121 0.0146732 0.0186679 0.0209851 0.0211235 0.0194902 0.0170947 0.0148976 0.0133283 0.0122573 0.0112997
 1.01382e-16 7.17557e-05 0.000697491 0.00463507 0.0210704 0.0655578 0.139678 0.203866 0.203877 0.139728 0.065726 0.0215563 0.00585489 0.00336061 0.00513024 0.00836977 0.012055 0.0151707 0.0167348 0.0162973 0.0142042 0.0113576 0.00867101 0.00664316 0.00529618 0.00439019
 1.01024e-16 6.77905e-05 0.000658948 0.00437894 0.019906 0.0619352 0.13196 0.192603 0.192617 0.132033 0.0621804 0.0206142 0.00615608 0.00453729 0.00742998 0.0121667 0.0174977 0.021956 0.0240933 0.0232389 0.0198944 0.0153924 0.0111036 0.00780963 0.00560012 0.00416964
 1.01888e-16 5.89212e-05 0.000572735 0.00380603 0.0173017 0.053832 0.114696 0.167406 0.167429 0.114808 0.0542084 0.0183891 0.00653606 0.00653389 0.0113844 0.018738 0.0270105 0.034012 0.0375441 0.036579 0.0318539 0.0253432 0.0190593 0.0141212 0.0106309 0.0081457
 1.02763e-16 6.17007e-05 0.000599753 0.00398557 0.0181178 0.0563714 0.120106 0.175302 0.17532 0.120194 0.0566666 0.0189709 0.00612896 0.00528582 0.00898197 0.0148049 0.0214455 0.027227 0.0304727 0.0303938 0.0275246 0.0232989 0.0191293 0.0157286 0.0130729 0.0108097
 1.01008e-16 7.49118e-05 0.000728169 0.00483894 0.0219971 0.0684413 0.145822 0.212832 0.212839 0.145855 0.0685532 0.0223207 0.00565153 0.00250337 0.00345023 0.00559555 0.00807725 0.0102076 0.0113396 0.0111751 0.00993289 0.00818816 0.00651467 0.00521277 0.0042813 0.00356773
 1.00189e-16 7.86323e-05 0.000764334 0.00507927 0.0230896 0.0718404 0.153064 0.223402 0.223406 0.153083 0.0719062 0.0232796 0.00555597 0.00180418 0.00205111 0.00326018 0.00467401 0.00584637 0.00638125 0.00609768 0.00513456 0.00385952 0.00265406 0.00174055 0.00114978 0.000798042
 1.00902e-16 3.96932e-05 0.000385832 0.00256399 0.0116556 0.036265 0.0772682 0.112785 0.112833 0.0775016 0.0370484 0.013917 0.00823636 0.012755 0.0234905 0.0386655 0.0554449 0.0691944 0.0752162 0.0713395 0.0592385 0.0433604 0.0283594 0.0170066 0.00976304 0.00566634
 1.01192e-16 7.63364e-05 0.000742017 0.00493097 0.0224155 0.0697428 0.148595 0.216879 0.216882 0.148612 0.0698013 0.0225849 0.00535846 0.00168259 0.00188412 0.00304976 0.00451502 0.00594499 0.00704363 0.00765727 0.00783119 0.0077207 0.00743947 0.00698473 0.00629049 0.00533586
 1.0134e-16 5.91194e-05 0.000574662 0.00381883 0.0173599 0.0540131 0.115082 0.16797 0.167996 0.115205 0.0544282 0.0185581 0.00682451 0.00712929 0.0124877 0.0204993 0.0294039 0.0367254 0.0399874 0.0380583 0.0318416 0.0236993 0.0160817 0.010415 0.00688041 0.00490155
 1.02449e-16 6.17282e-05 0.00060002 0.00398734 0.0181259 0.0563965 0.120159 0.17538 0.175398 0.120246 0.0566885 0.01897 0.00610862 0.00523927 0.00889725 0.0146752 0.0212817 0.0270657 0.0303711 0.0304061 0.0276703 0.0235397 0.0193725 0.015859 0.012999 0.0105013
 1.02408e-16 6.56448e-05 0.000638091 0.00424034 0.019276 0.0599748 0.127783 0.186506 0.186521 0.127856 0.0602199 0.0199843 0.00601957 0.00452601 0.00746084 0.0122601 0.0177249 0.0224372 0.0249956 0.0247516 0.0221788 0.0185176 0.0149954 0.0122385 0.0102219 0.00860615
 1.019e-16 6.65427e-05 0.000646819 0.00429834 0.0195396 0.0607951 0.129531 0.189057 0.189072 0.129604 0.0610405 0.0202484 0.00607797 0.00453347 0.00745302 0.0122291 0.0176407 0.0222478 0.0246277 0.0241219 0.0212167 0.0171936 0.0133445 0.010365 0.00828116 0.00676747
 1.05181e-16 3.26736e-05 0.000317599 0.00211056 0.00959434 0.0298518 0.0636042 0.0928421 0.0928896 0.0638364 0.0306317 0.0118473 0.00776728 0.012671 0.0235079 0.0388476 0.0560413 0.0706445 0.0781321 0.0763967 0.0669726 0.0539338 0.0414027 0.0316272 0.0247397 0.0197573
 1.05437e-16 6.54341e-05 0.000636043 0.00422673 0.0192141 0.0597822 0.127373 0.185906 0.185914 0.127413 0.0599171 0.0196056 0.00521629 0.00281908 0.00427845 0.00714483 0.0106956 0.0143073 0.0173686 0.0195689 0.0210024 0.0219401 0.0224815 0.0224172 0.0214091 0.0192979
 1.04535e-16 5.88518e-05 0.00057206 0.00380154 0.0172813 0.0537686 0.11456 0.167209 0.167231 0.114668 0.05413 0.0183251 0.0064216 0.00629124 0.0109199 0.0179591 0.0258681 0.0325475 0.035912 0.0350335 0.0307093 0.0249299 0.0196774 0.0159792 0.0137691 0.0123767
 1.07085e-16 4.20046e-05 0.0004083 0.0027133 0.0123343 0.0383767 0.0817669 0.119348 0.119382 0.0819338 0.0389375 0.0139551 0.00678635 0.00931488 0.0170014 0.0281557 0.0408247 0.051901 0.0582256 0.0583178 0.0532008 0.0455901 0.0381424 0.0321681 0.0275662 0.0236061
 1.05349e-16 6.50723e-05 0.000632525 0.00420335 0.0191078 0.0594517 0.126668 0.184878 0.184889 0.12672 0.0596256 0.0196116 0.0054726 0.00341909 0.00540386 0.00895317 0.0131792 0.0171813 0.0200786 0.0214602 0.0215816 0.0210829 0.0204727 0.0198166 0.0188309 0.0172135
 1.03554e-16 6.28241e-05 0.000610673 0.00405814 0.0184477 0.0573978 0.122293 0.178494 0.178512 0.122382 0.0576965 0.0193107 0.00622466 0.0053409 0.00904869 0.0148668 0.0214287 0.0269927 0.0298349 0.0291794 0.0256644 0.0209068 0.0165201 0.0133471 0.0113534 0.0100277
 1.06274e-16 3.86635e-05 0.000375823 0.00249748 0.0113532 0.0353242 0.0752634 0.109857 0.109897 0.0754557 0.03597 0.0132192 0.0071845 0.0106178 0.0195199 0.0322872 0.0466888 0.0590916 0.0658005 0.0650917 0.0581957 0.0483746 0.0388783 0.0314025 0.0259451 0.0216697
 1.10501e-16 4.85953e-05 0.000472364 0.00313903 0.0142696 0.044398 0.0945954 0.138069 0.138088 0.0946885 0.0447114 0.0151776 0.00542928 0.00550855 0.00972076 0.0162753 0.0241014 0.0316967 0.0375327 0.040873 0.0420947 0.0421761 0.0418086 0.040916 0.0389064 0.0353036
 1.06168e-16 6.54559e-05 0.000636255 0.00422814 0.0192205 0.0598022 0.127415 0.185969 0.185981 0.127473 0.0599977 0.0197859 0.00564979 0.00374784 0.00599933 0.00988026 0.0143859 0.0184387 0.0209989 0.0216227 0.0207225 0.0192483 0.0180431 0.0173823 0.0169791 0.016327
 1.06432e-16 4.58371e-05 0.000445553 0.00296086 0.0134597 0.0418782 0.0892271 0.130237 0.130271 0.0893945 0.0424401 0.0150829 0.00703582 0.00934307 0.0169495 0.0279644 0.0403197 0.0507956 0.0561466 0.0548971 0.0482253 0.0391528 0.0307127 0.0245177 0.0205588 0.0179381
 1.04431e-16 6.52267e-05 0.000634027 0.00421333 0.0191532 0.0595928 0.126969 0.185318 0.185329 0.127025 0.0597803 0.0196961 0.00558036 0.00363277 0.00580299 0.00960172 0.0140859 0.0182589 0.0211378 0.0222525 0.0218738 0.0207253 0.0194319 0.0181718 0.0167499 0.0149189
pSPR Fmed_Fpbrs
1   0.984283 0.6 0.325 0.984283 0.984283 0.984283
Fs Fmed_Fpbrs
0   0.01 0.371385 0.971104 0.01 0.01 0.01
SSBpbr Bo_Bmed_Bpbrs
899865  854872  840729 494926 247463 840729 840729 840729
Ro
151512
SPR SPRFo_SPRFmed_SPRFpbrs
1.09154e+06 1.09154e+06 1.07439e+06
Fref
0
Nvult_r0
 131623 24195.4 15359.7 2288.51 1523.97
CTP_r0
 16939.4 5876.84 3913.5 584.597 389.347
YTP_r0
356506
Np
 192816 70933.1 26094.8 9599.75 4830.74
Nvult_p0
 121883 44838.3 16495.1 6068.2 3053.61
CTP_p0
 0 0 0 0 0
 0 0 0 0 0
 0 0 0 0 0
 0 0 0 0 0
 0 0 0 0 0
 0 0 0 0 0
YTP_p0
 0 0 0 0 0 0
CBA_c0
0
log_Ro
11.7484
likeval ReclasPelacesDesembMPH_pf_preclas_ppelaces_ptallas_desvR_qrecl_qpela
 15.439 17.2911 0.0452082 29.3994 235.685 135.37 110.76 0 22.8566 6.85924e-07 4.99595e-06 0.213166 2063.86 0 0
q_reclas_q_pelaces
1.12426 1.37177
M
1
N
 178705 32825.8 97894.8 6187.86 0.24503
 87240.2 60023.4 9910.14 29173 1842.73
 107970 27194.4 15408.8 2484.6 7765.67
 146092 33767.5 7031.38 3892.8 2586.06
 126940 41064.9 6924.47 1387.53 1275.68
 201685 42919 12576.5 2095.28 805.302
 82226.2 62130.6 10738.7 3068.01 706.567
 41457.7 20825.3 10159.6 1664.85 583.414
 38719.7 14339.4 6700.86 3240.37 716.713
 52541.2 11179 3116.54 1406.85 829.159
 106797 14047.7 2056.23 547.709 391.935
 146327 36395 4376.77 633.689 289.398
 93142.5 40484.5 7210.81 832.582 175.189
 56235.1 26024.9 8194.42 1403.32 195.689
 96090 10911.6 2385.95 685.682 133.109
 396405 23948.3 1723.01 356.383 121.915
 86544.4 104437 4266.42 292.669 81.0224
 561454 27061.1 26991 1077.33 94.2374
 350574 167105 6282.9 6079.86 263.45
 320513 98426.8 34179.4 1236.45 1245.63
 407735 93645.8 21952.5 7376.46 534.655
 531322 126189 23667.8 5412.97 1947.98
 112959 156975 28832.5 5241.1 1627.13
 313084 37032.3 44961 8123.47 1933.29
 286196 101933 10448.6 12466.3 2785.66
 125454 94310.4 29524.3 2979.17 4344.86
 274775 42443.1 28922.8 8946.74 2217.86
 328231 89785.1 12069.8 8086.94 3118.67
 116939 109031 26461.8 3505.78 3252.06
 110026 39978 34205.5 8215.17 2096.73
 205554 36757.4 11929.3 10067.3 3032.6
 95822.3 65213.6 9804.11 3115.29 3416.86
 192816 33005.1 20794.3 3096.93 2062.26
pred_Ctot
 9899.46 3781.9 11957.4 758.219 0.0300294
 8533.18 11804.8 2058.12 6076.49 383.884
 10364.4 5256.5 3145.67 508.728 1590.29
 22268.6 9901.37 2166.13 1202.44 798.915
 6539.7 4413.47 789.29 158.664 145.899
 21033.9 8953.19 2768.72 462.623 177.832
 16690.6 23270.6 4206.2 1204.6 277.455
 1575.08 1668.27 864.265 142.089 49.801
 5371.69 3869.81 1902.34 922.442 204.058
 9312.77 3734.8 1091.42 493.933 291.15
 5002.72 1377.86 213.995 57.1847 40.9277
 23469.9 11156.5 1408.53 204.47 93.3918
 14479.6 12076.7 2259.29 261.556 55.0433
 17682.5 13745.9 4481.99 768.987 107.243
 20218.4 4210.33 962.13 277.156 53.8101
 73077.1 8272.88 623.512 129.288 44.2341
 8317.56 20209.2 871.927 59.9898 16.6102
 68954.4 6549.13 6881.73 275.455 24.0985
 53646.5 49166.3 1942.06 1884.31 81.6616
 42482.8 25506.1 9322.72 338.188 340.747
 41491 19099.9 4726.27 1592.78 115.464
 67324.3 31409 6204.04 1422.88 512.13
 7845.49 22423.8 4360.82 795.158 246.902
 22986 5574.35 7163.01 1298.19 309.003
 19028.7 13972.2 1516.82 1815.38 405.724
 6416.81 10066.3 3342.31 338.338 493.519
 19604 6218.72 4486.06 1391.97 345.121
 20303.5 11492 1636.85 1100.16 424.338
 5257.32 10279.1 2647.48 351.884 326.473
 6440.84 4855.21 4402.86 1060.78 270.786
 18096.7 6557.88 2249.49 1904.08 573.662
 3880.07 5556.95 886.948 282.748 310.173
 16939.4 5876.84 3913.5 584.597 389.347
F
 0.0910025 0.197656 0.210649 0.211381 0.211419
 0.165652 0.359794 0.383446 0.384778 0.384848
 0.162354 0.35263 0.375811 0.377116 0.377185
 0.26908 0.584438 0.622858 0.625021 0.625135
 0.0844032 0.183322 0.195374 0.196052 0.196088
 0.17747 0.385463 0.410802 0.412229 0.412304
 0.373307 0.810816 0.864117 0.867117 0.867276
 0.0616632 0.133931 0.142736 0.143231 0.143258
 0.242307 0.526287 0.560884 0.562831 0.562934
 0.319141 0.693169 0.738736 0.741301 0.741437
 0.0764954 0.166147 0.177069 0.177684 0.177716
 0.284924 0.618851 0.659533 0.661823 0.661944
 0.275078 0.597464 0.636741 0.638951 0.639068
 0.639717 1.38946 1.4808 1.48594 1.48621
 0.38939 0.845749 0.901347 0.904476 0.904642
 0.333852 0.725121 0.772789 0.775472 0.775614
 0.162561 0.35308 0.376291 0.377597 0.377666
 0.21191 0.460264 0.490521 0.492224 0.492314
 0.270259 0.586997 0.625585 0.627757 0.627872
 0.230403 0.500432 0.53333 0.535181 0.535279
 0.172839 0.375404 0.400082 0.401471 0.401545
 0.219281 0.476275 0.507585 0.509347 0.50944
 0.115237 0.250292 0.266746 0.267672 0.267721
 0.122159 0.265326 0.282768 0.28375 0.283802
 0.110084 0.239101 0.254819 0.255703 0.25575
 0.0837766 0.181961 0.193923 0.194596 0.194632
 0.118535 0.257455 0.27438 0.275333 0.275383
 0.102081 0.221718 0.236294 0.237114 0.237157
 0.0733203 0.159251 0.169719 0.170309 0.17034
 0.0963794 0.209334 0.223096 0.22387 0.223911
 0.148039 0.321537 0.342675 0.343864 0.343927
 0.0658341 0.142991 0.15239 0.15292 0.152947
 0.147705 0.320813 0.341903 0.34309 0.343153
YTP_r0W_actual
 127723 102551 94197.9 18309.6 13724.5
YTP_p0W_proyectada
 0 0 0 0 0
 0 0 0 0 0
 0 0 0 0 0
 0 0 0 0 0
 0 0 0 0 0
 0 0 0 0 0
CTP_r0_actual
 16939.4 5876.84 3913.5 584.597 389.347
CTP_p0_proyectada
 0 0 0 0 0
 0 0 0 0 0
 0 0 0 0 0
 0 0 0 0 0
 0 0 0 0 0
 0 0 0 0 0
Wmedp
 7.54 17.45 24.07 31.32 35.25
Frms_r0
 0.147705 0.320813 0.341903 0.34309 0.343153
Zrms_r0
 1.14771 1.32081 1.3419 1.34309 1.34315
nmprior
 7.29 8.9 8.7 0
nm_flota  nm_reclas  nm_pelaces    nm_pelaL
inf 11.779 22.0285 75.8891
cv_recla  cv_pelaces  cv_mph
0.340283 0.455515 0.724562
 ------------------------------------------------
Talla a la edad & desviaci?n 
 8 13.2811 15.8009 17.003 17.5766
 0.8 1.32811 1.58009 1.7003 1.75766
