years
 1991 1992 1993 1994 1995 1996 1997 1998 1999 2000 2001 2002 2003 2004 2005 2006 2007 2008 2009 2010 2011 2012 2013 2014 2015 2016 2017 2018 2019 2020 2021 2022 2023
reclasobs
 0 0 0 0 0 0 0 0 0 252601 567819 844713 477998 351125 339783 2.1784e+06 2.13404e+06 4.81314e+06 1.55562e+06 2.62356e+06 3.21686e+06 3.843e+06 1.13348e+06 3.07943e+06 1.97215e+06 2.03268e+06 2.025e+06 2.42433e+06 2.27542e+06 1.05018e+06 2.36338e+06 3.18982e+06 1.53035e+06
reclaspred
 2.9479e+06 1.65323e+06 873359 910165 937583 1.372e+06 912007 868177 651116 502574 554915 689292 617814 421557 563458 1.26219e+06 1.30557e+06 2.4726e+06 2.07604e+06 1.70944e+06 3.10653e+06 2.50877e+06 2.07085e+06 3.04088e+06 2.32734e+06 2.10369e+06 2.43269e+06 2.62307e+06 2.27891e+06 1.68351e+06 1.84811e+06 1.95122e+06 1.70712e+06
pelacesobs
 0 0 0 0 0 0 0 0 0 0 0 0 0 0 0 552880 188675 0 991730 2.46772e+06 1.41603e+06 1.21717e+06 2.29649e+06 1.80582e+06 0 1.4828e+06 1.56532e+06 1.57751e+06 1.42118e+06 867257 1.10002e+06 1.06204e+06 0
pelacespred
 1.62704e+06 1.02145e+06 536919 458220 488474 740701 469755 533311 396162 293468 327949 347337 336245 242213 336541 621182 637883 1.36555e+06 1.20523e+06 906110 1.60623e+06 1.42818e+06 1.16512e+06 1.85582e+06 1.37614e+06 1.23388e+06 1.62669e+06 1.58426e+06 1.23542e+06 1.05274e+06 1.01511e+06 1.06765e+06 965257
mphobs
 0 0 0 0 0 0 0 0 0 0 0 0 498337 0 5186 125008 0 168611 109162 213762 579715 649985 157893 87575 83554 210694 70296 0 107559 103333 445601 22526 28222
mphpred
 462682 310143 155248 90255.5 104067 117875 145966 99096.4 90645.8 67011.8 46999.4 68474.9 77494.1 56344.9 34159.5 58383 155245 156753 245452 365888 427318 515168 104161 91030.6 127269 101932 89950.1 96747.1 133144 103560 66525.2 86973.2 61035.7
desembarqueobs
 494567 514787 250237 358949 120608 361735 552515 73892 212993 205616 52469 317467 293654 387597 252695 516296 358380 742168 942051 627588 828172 859565 418607 520667 417249 300574 415391 372974 316634 284311 391294 218835 356480
desembarquepred
 494571 513274 251002 358988 120614 361763 552591 73896.2 213039 205659 52471.3 317522 293762 387801 252691 516274 358407 742102 941912 627476 828264 859641 418633 520711 417258 300585 415408 372972 316632 284308 391292 218845 356496
Reclutas
 222573 114803 151865 230130 195338 292439 129507 69323 61966.1 81063 156039 185142 121751 79277.6 134386 558891 139163 749619 493601 431344 600178 771603 176190 490060 437839 198126 428212 506469 181346 169831 323160 157231 316075
log_desv_Rt
 -0.0093145 -0.671352 -0.391576 0.0240736 -0.139837 0.263687 -0.550835 -1.17579 -1.28798 -1.01934 -0.364462 -0.193444 -0.612591 -1.04161 -0.513856 0.911386 -0.478921 1.205 0.787159 0.652337 0.982657 1.2339 -0.243006 0.779959 0.667282 -0.125666 0.64505 0.812894 -0.214165 -0.279765 0.363578 -0.356853 0.341412
SSB
 3.982e+06 2.6692e+06 1.33611e+06 776769 895639 1.01447e+06 1.25623e+06 852857 780128 576726 404493 589318 640290 476689 285638 488471 1.33609e+06 1.34907e+06 2.17045e+06 1.72574e+06 2.06211e+06 2.58884e+06 2.45589e+06 2.07529e+06 2.73793e+06 2.31537e+06 1.93583e+06 2.01162e+06 2.86077e+06 2.10546e+06 1.52044e+06 2.03672e+06 1.33027e+06
BT
 5.29285e+06 3.56916e+06 1.86144e+06 1.67265e+06 1.55601e+06 2.51988e+06 1.91294e+06 1.6559e+06 1.39875e+06 1.0756e+06 1.02735e+06 1.30749e+06 1.27068e+06 1.12641e+06 1.26007e+06 2.28898e+06 2.18912e+06 4.72815e+06 4.522e+06 3.28733e+06 5.44705e+06 5.10385e+06 3.84721e+06 6.02329e+06 4.50922e+06 3.95199e+06 5.28086e+06 5.09378e+06 3.95205e+06 3.41995e+06 3.38819e+06 3.36465e+06 3.20215e+06
Ftot
 0.11448 0.206335 0.200185 0.324788 0.101264 0.225699 0.431898 0.0656982 0.253096 0.314283 0.0876361 0.382406 0.370918 0.730992 0.454042 0.43025 0.208274 0.282472 0.369263 0.302588 0.225343 0.28465 0.147475 0.153204 0.140057 0.108041 0.151079 0.132399 0.0975966 0.12466 0.185587 0.083899 0.18103
BD_Bspro_t
 0.981979 0.87432 0.742332 0.68081 0.68657 0.749506 0.726781 0.600374 0.664561 0.637693 0.619308 0.768937 0.671506 0.554277 0.424525 0.550299 0.679765 0.666774 0.712324 0.635635 0.633891 0.680908 0.699091 0.699653 0.776985 0.788297 0.794337 0.815357 0.853218 0.814821 0.782394 0.810993 0.811863
BD_Bspro
 2.46031 1.64918 0.825529 0.479932 0.553377 0.6268 0.776171 0.526944 0.482008 0.356335 0.249919 0.364115 0.395608 0.294526 0.176484 0.301805 0.825516 0.833534 1.34103 1.06626 1.27409 1.59953 1.51739 1.28224 1.69165 1.43057 1.19607 1.2429 1.76755 1.30087 0.939413 1.2584 0.82192
BD_Bo
 2.41729 1.62034 0.811092 0.47154 0.5437 0.615839 0.762598 0.517729 0.473579 0.350103 0.245549 0.357747 0.38869 0.289376 0.173398 0.296527 0.81108 0.818958 1.31758 1.04761 1.25181 1.57156 1.49086 1.25981 1.66207 1.40555 1.17515 1.22116 1.73664 1.27813 0.922985 1.2364 0.807547
BD_Brms
 2.58883 1.73533 0.868652 0.505003 0.582284 0.659542 0.816717 0.55447 0.507187 0.374949 0.262974 0.383135 0.416273 0.309911 0.185703 0.317571 0.868639 0.877076 1.41108 1.12196 1.34065 1.68309 1.59666 1.34922 1.78002 1.5053 1.25855 1.30782 1.85988 1.36883 0.988485 1.32414 0.864855
Sel_flota
 0.478702 0.945792 0.996992 0.999841 0.999992
 0.478702 0.945792 0.996992 0.999841 0.999992
 0.478702 0.945792 0.996992 0.999841 0.999992
 0.478702 0.945792 0.996992 0.999841 0.999992
 0.478702 0.945792 0.996992 0.999841 0.999992
 0.478702 0.945792 0.996992 0.999841 0.999992
 0.478702 0.945792 0.996992 0.999841 0.999992
 0.478702 0.945792 0.996992 0.999841 0.999992
 0.478702 0.945792 0.996992 0.999841 0.999992
 0.478702 0.945792 0.996992 0.999841 0.999992
 0.478702 0.945792 0.996992 0.999841 0.999992
 0.478702 0.945792 0.996992 0.999841 0.999992
 0.478702 0.945792 0.996992 0.999841 0.999992
 0.478702 0.945792 0.996992 0.999841 0.999992
 0.478702 0.945792 0.996992 0.999841 0.999992
 0.478702 0.945792 0.996992 0.999841 0.999992
 0.478702 0.945792 0.996992 0.999841 0.999992
 0.478702 0.945792 0.996992 0.999841 0.999992
 0.478702 0.945792 0.996992 0.999841 0.999992
 0.478702 0.945792 0.996992 0.999841 0.999992
 0.478702 0.945792 0.996992 0.999841 0.999992
 0.478702 0.945792 0.996992 0.999841 0.999992
 0.478702 0.945792 0.996992 0.999841 0.999992
 0.478702 0.945792 0.996992 0.999841 0.999992
 0.478702 0.945792 0.996992 0.999841 0.999992
 0.478702 0.945792 0.996992 0.999841 0.999992
 0.478702 0.945792 0.996992 0.999841 0.999992
 0.478702 0.945792 0.996992 0.999841 0.999992
 0.478702 0.945792 0.996992 0.999841 0.999992
 0.478702 0.945792 0.996992 0.999841 0.999992
 0.478702 0.945792 0.996992 0.999841 0.999992
 0.478702 0.945792 0.996992 0.999841 0.999992
 0.478702 0.945792 0.996992 0.999841 0.999992
Sel_reclas
 1 1 1 1 1
 1 1 1 1 1
 1 1 1 1 1
 1 1 1 1 1
 1 1 1 1 1
 1 1 1 1 1
 1 1 1 1 1
 1 1 1 1 1
 1 1 1 1 1
 1 1 1 1 1
 1 1 1 1 1
 1 1 1 1 1
 1 1 1 1 1
 1 1 1 1 1
 1 1 1 1 1
 1 1 1 1 1
 1 1 1 1 1
 1 1 1 1 1
 1 1 1 1 1
 1 1 1 1 1
 1 1 1 1 1
 1 1 1 1 1
 1 1 1 1 1
 1 1 1 1 1
 1 1 1 1 1
 1 1 1 1 1
 1 1 1 1 1
 1 1 1 1 1
 1 1 1 1 1
 1 1 1 1 1
 1 1 1 1 1
 1 1 1 1 1
 1 1 1 1 1
Sel_pelaces
 1 1 1 1 1
 1 1 1 1 1
 1 1 1 1 1
 1 1 1 1 1
 1 1 1 1 1
 1 1 1 1 1
 1 1 1 1 1
 1 1 1 1 1
 1 1 1 1 1
 1 1 1 1 1
 1 1 1 1 1
 1 1 1 1 1
 1 1 1 1 1
 1 1 1 1 1
 1 1 1 1 1
 1 1 1 1 1
 1 1 1 1 1
 1 1 1 1 1
 1 1 1 1 1
 1 1 1 1 1
 1 1 1 1 1
 1 1 1 1 1
 1 1 1 1 1
 1 1 1 1 1
 1 1 1 1 1
 1 1 1 1 1
 1 1 1 1 1
 1 1 1 1 1
 1 1 1 1 1
 1 1 1 1 1
 1 1 1 1 1
 1 1 1 1 1
 1 1 1 1 1
pf_obs 
 0.8446 0.082 0.0669 0.0065 0
 0.8095 0.147 0.0364 0.0071 0
 0.9664 0.0169 0.016 0.0007 0
 0.9276 0.0648 0.0075 0.0001 0
 0.7033 0.2144 0.0806 0.0017 0
 0.9318 0.0425 0.0243 0.0014 0
 0.5671 0.3108 0.0964 0.0239 0.0018
 0.0768 0.2599 0.5324 0.112 0.0189
 0.490249 0.384438 0.106611 0.0170017 0.00170017
 0.7925 0.1577 0.0466 0.003 0.0002
 0.840416 0.127587 0.0312969 0.00059994 9.999e-05
 0.8084 0.0986 0.0794 0.0134 0.0002
 0.7335 0.1905 0.0724 0.0035 0.0001
 0.4001 0.4547 0.1325 0.0127 0
 0.49795 0.308269 0.164784 0.0264974 0.00249975
 0.9179 0.0499 0.0305 0.0017 0
 0.2467 0.6533 0.0926 0.0074 0
 0.9418 0.0223 0.034 0.0019 0
 0.707729 0.231977 0.0356964 0.0245975 0
 0.517169 0.277429 0.184464 0.0207286 0.00020938
 0.811772 0.124168 0.05621 0.00726502 0.000585176
 0.764997 0.148141 0.077277 0.00933861 0.000247198
 0.163321 0.427699 0.378323 0.0303852 0.000271297
 0.753843 0.0900009 0.118128 0.0371064 0.000921714
 0.721811 0.176058 0.0630433 0.0369309 0.00215725
 0.143369 0.312575 0.442814 0.0836902 0.0175525
 0.692698 0.0596174 0.167031 0.0765114 0.00414204
 0.394062 0.376323 0.152708 0.0712218 0.00568511
 0.125707 0.32114 0.495352 0.0537591 0.00404204
 0.23352 0.215282 0.420074 0.123614 0.00750983
 0.796117 0.104755 0.0508955 0.0450114 0.00322123
 0.162477 0.292055 0.404252 0.121198 0.0200186
 0 0 0 0 0
pf_pred 
 0.313116 0.118644 0.539946 0.0282934 1.04382e-06
 0.272571 0.34964 0.0682055 0.294211 0.0153726
 0.475769 0.227988 0.146752 0.0270571 0.122435
 0.613655 0.251699 0.0604827 0.0367985 0.0373658
 0.517006 0.371642 0.0740945 0.0167667 0.0204904
 0.60444 0.267873 0.0994582 0.018802 0.00942619
 0.357784 0.486804 0.107194 0.0375847 0.0106335
 0.33344 0.363545 0.233219 0.0481933 0.0216026
 0.397486 0.298599 0.169724 0.10335 0.0308409
 0.555068 0.257611 0.0956166 0.0512856 0.0404191
 0.693895 0.221634 0.0501645 0.01754 0.0167665
 0.59873 0.327642 0.0540961 0.0116128 0.00791839
 0.469512 0.403382 0.104963 0.0162844 0.0058591
 0.44343 0.364271 0.148388 0.0362831 0.00762818
 0.702487 0.195308 0.0686072 0.0259498 0.00764774
 0.865839 0.112488 0.0145459 0.0047897 0.0023372
 0.289993 0.662232 0.0404672 0.0049102 0.00239731
 0.795373 0.0921177 0.105332 0.00608257 0.00109495
 0.497482 0.4479 0.02539 0.0273687 0.00185893
 0.506489 0.333555 0.143531 0.00764916 0.00877564
 0.611591 0.264851 0.0851132 0.0345092 0.00393588
 0.613256 0.295051 0.063667 0.0193246 0.00870158
 0.220977 0.596706 0.141034 0.0286939 0.01259
 0.603562 0.142727 0.196808 0.044048 0.0128551
 0.506582 0.372836 0.0449619 0.0586991 0.0169207
 0.312959 0.460416 0.173557 0.0198249 0.0332434
 0.603938 0.187369 0.142322 0.0508643 0.0155063
 0.575196 0.320569 0.0507571 0.0365051 0.0169727
 0.280166 0.523847 0.149884 0.0224843 0.023619
 0.374235 0.270637 0.262168 0.0711426 0.0218184
 0.611004 0.212235 0.0788252 0.0723549 0.0255802
 0.361381 0.48603 0.0854148 0.0300068 0.0371673
 0.609859 0.204641 0.14297 0.0238379 0.0186922
pobs_RECLAS
 0 0 0 0 0
 0 0 0 0 0
 0 0 0 0 0
 0 0 0 0 0
 0 0 0 0 0
 0 0 0 0 0
 0 0 0 0 0
 0 0 0 0 0
 0 0 0 0 0
 0 0 0 0 0
 0.991045 0.00858322 0.000360255 1.14367e-05 0
 0.934742 0.0480273 0.0164251 0.00080598 0
 0.827803 0.169806 0.00239088 0 0
 0.941827 0.0461693 0.0120037 0 0
 0.791401 0.0380133 0.147996 0.0225897 0
 0.846168 0.0940531 0.0597789 0 0
 0.134021 0.677848 0.182769 0.00536245 0
 0.80878 0.0450904 0.141981 0.00414843 0
 0.846168 0.0940531 0.0597789 0 0
 0.905697 0.0802665 0.012482 0.00150086 5.37128e-05
 0.989698 0.0102097 9.19794e-05 0 0
 0.975433 0.0193895 0.00387452 0.00125025 5.28907e-05
 0.303575 0.632131 0.0575291 0.00676475 0
 0.966965 0.00978017 0.0227588 0.000495775 0
 0.843318 0.132988 0.00938335 0.0141283 0.000182051
 0.564624 0.303363 0.111486 0.0197234 0.00080311
 0.826376 0.0876187 0.0782897 0.00655872 0.00115652
 0.89761 0.0855135 0.0140674 0.00269457 0.000114338
 0.34875 0.467042 0.161289 0.0227151 0.000203297
 0.318654 0.224769 0.449479 0.00709798 0
 0.937255 0.0296025 0.0250945 0.00804832 0
 0.456809 0.399803 0.12412 0.0192676 0
 0.883104 0.0372192 0.0704036 0.00927362 0
ppred_RECLAS
 0.486015 0.0927702 0.400299 0.0209154 7.71513e-07
 0.434652 0.279665 0.0517001 0.222365 0.0116169
 0.651015 0.156528 0.0954846 0.0175537 0.0794191
 0.764597 0.156338 0.0355752 0.0215806 0.0219099
 0.68252 0.247294 0.0467493 0.0105484 0.0128891
 0.756244 0.167948 0.0590871 0.0111376 0.00558283
 0.532613 0.35903 0.0748083 0.0261511 0.00739755
 0.503739 0.277251 0.168677 0.0347561 0.015577
 0.575394 0.216304 0.116481 0.0707211 0.0211008
 0.719075 0.166462 0.0585127 0.0312919 0.0246579
 0.820183 0.132123 0.0283576 0.00988677 0.00944931
 0.752047 0.20449 0.0319594 0.00684036 0.00466348
 0.643274 0.274797 0.0676908 0.0104707 0.00376674
 0.626025 0.249668 0.0959912 0.0233977 0.00491833
 0.829469 0.114099 0.0379194 0.0142995 0.00421357
 0.929285 0.05982 0.00731965 0.00240302 0.0011724
 0.449719 0.515083 0.0298277 0.00360871 0.00176161
 0.889044 0.0514473 0.0557228 0.00320838 0.000577465
 0.666976 0.298608 0.0160245 0.0172221 0.00116957
 0.676617 0.222403 0.090639 0.00481621 0.00552463
 0.761697 0.165298 0.050335 0.0203489 0.0023205
 0.762744 0.183337 0.0374728 0.0113406 0.00510572
 0.36345 0.493659 0.110608 0.0224387 0.00984389
 0.758055 0.0901445 0.117831 0.0262958 0.00767308
 0.674008 0.249603 0.0285359 0.0371469 0.0107064
 0.479145 0.355197 0.126954 0.0144599 0.0242435
 0.757222 0.118148 0.0850729 0.0303161 0.00924063
 0.731597 0.205232 0.0308073 0.0220931 0.0102704
 0.43922 0.414009 0.112323 0.0168014 0.0176465
 0.550418 0.200426 0.184076 0.0498074 0.0152729
 0.762281 0.132947 0.0467987 0.0428327 0.0151406
 0.531881 0.360833 0.0601333 0.0210646 0.0260873
 0.761496 0.128327 0.0849741 0.014127 0.0110758
pobs_PELACES
 0 0 0 0 0
 0 0 0 0 0
 0 0 0 0 0
 0 0 0 0 0
 0 0 0 0 0
 0 0 0 0 0
 0 0 0 0 0
 0 0 0 0 0
 0 0 0 0 0
 0 0 0 0 0
 0 0 0 0 0
 0 0 0 0 0
 0 0 0 0 0
 0 0 0 0 0
 0 0 0 0 0
 0 0 0 0 0
 0.505614 0.472636 0.0217494 0 0
 0 0 0 0 0
 0.443492 0.261883 0.143347 0.151278 0
 0.227955 0.32914 0.350689 0.0885471 0.00366901
 0.970185 0.0296113 0.000203453 0 0
 0.997202 0.00247181 0.000326279 0 0
 0.445219 0.490057 0.0546422 0.010081 0
 0.90214 0.0892962 0.00764917 0.000914606 0
 0 0 0 0 0
 0.581667 0.319106 0.0959925 0.00289975 0.000334073
 0.762889 0.0836404 0.116647 0.0363945 0.000428098
 0.88444 0.0763242 0.0277011 0.0115352 0
 0.521256 0.241999 0.230069 0.00667565 0
 0.616807 0.101726 0.260614 0.0208532 0
 0.833518 0.0704572 0.0857862 0.0102388 0
 0.697417 0.212968 0.0787535 0.0105354 0.000325836
 0 0 0 0 0
ppred_PELACES
 0.490821 0.0920489 0.396419 0.0207105 7.63948e-07
 0.442937 0.276075 0.0508587 0.218704 0.0114255
 0.658424 0.153499 0.0933208 0.0171527 0.077604
 0.77382 0.150497 0.0340589 0.0206545 0.0209693
 0.685975 0.244696 0.0461793 0.0104188 0.0127307
 0.762817 0.163616 0.0573437 0.0108066 0.0054169
 0.549568 0.3466 0.0716932 0.025052 0.00708649
 0.506395 0.275904 0.167671 0.0345468 0.0154832
 0.585417 0.211652 0.113489 0.0688884 0.0205537
 0.729195 0.160823 0.0562309 0.0300627 0.0236889
 0.822226 0.130675 0.0280052 0.00976313 0.0093311
 0.763081 0.195614 0.0303753 0.00649896 0.00443065
 0.656611 0.264908 0.064847 0.0100273 0.00360717
 0.652946 0.232656 0.0883526 0.021521 0.00452368
 0.839489 0.107671 0.0355099 0.0133852 0.00394407
 0.933591 0.0562409 0.00683187 0.00224197 0.00109381
 0.457732 0.507697 0.0292967 0.00354377 0.0017299
 0.893511 0.0495028 0.0533615 0.0030716 0.000552839
 0.67964 0.287443 0.0153294 0.0164693 0.00111843
 0.687082 0.215551 0.0873986 0.00464271 0.00532553
 0.768156 0.161009 0.0488426 0.0197414 0.0022512
 0.770788 0.177318 0.0360686 0.0109127 0.004913
 0.368857 0.489743 0.109458 0.0222022 0.00974007
 0.762658 0.0885753 0.115481 0.0257676 0.00751887
 0.678859 0.24603 0.028061 0.0365238 0.0105267
 0.483449 0.352469 0.125749 0.0143212 0.0240108
 0.76172 0.116114 0.0833951 0.0297141 0.00905704
 0.735691 0.202211 0.030286 0.0217165 0.0100953
 0.443037 0.411371 0.111424 0.0166653 0.0175035
 0.555461 0.198413 0.181843 0.0491976 0.0150858
 0.767679 0.130113 0.0456576 0.041781 0.0147688
 0.535183 0.358408 0.0596445 0.0208918 0.0258731
 0.766783 0.125662 0.0829554 0.013789 0.0108107
pobs_pel_tallas
 0 0 0 0 0 0 0 0 0 0 0 0 0 0 0 0 0 0 0 0 0 0 0 0 0 0
 0 0 0 0 0 0 0 0 0 0 0 0 0 0 0 0 0 0 0 0 0 0 0 0 0 0
 0 0 0 0 0 0 0 0 0 0 0 0 0 0 0 0 0 0 0 0 0 0 0 0 0 0
 0 0 0 0 0 0 0 0 0 0 0 0 0 0 0 0 0 0 0 0 0 0 0 0 0 0
 0 0 0 0 0 0 0 0 0 0 0 0 0 0 0 0 0 0 0 0 0 0 0 0 0 0
 0 0 0 0 0 0 0 0 0 0 0 0 0 0 0 0 0 0 0 0 0 0 0 0 0 0
 0 0 0 0 0 0 0 0 0 0 0 0 0 0 0 0 0 0 0 0 0 0 0 0 0 0
 0 0 0 0 0 0 0 0 0 0 0 0 0 0 0 0 0 0 0 0 0 0 0 0 0 0
 0 0 0 0 0 0 0 0 0 0 0 0 0 0 0 0 0 0 0 0 0 0 0 0 0 0
 0 0 0 0 0 0 0 0 0 0 0 0 0 0 0 0 0 0 0 0 0 0 0 0 0 0
 0 0 0 0 0 0 0 0 0 0 0 0 0 0 0 0 0 0 0 0 0 0 0 0 0 0
 0 0 0 0 0 0 0 0 0 0 0 0 0 0 0 0 0 0 0 0 0 0 0 0 0 0
 0.00862536 0 0 0.000197151 0.00414017 0.0128641 0.00837892 0.0270097 0.101434 0.158115 0.152841 0.127902 0.109271 0.109419 0.0830992 0.0579132 0.0238553 0.00714673 0.00463305 0.00128148 0.00103504 0.000492878 0.000147863 0.000147863 4.92878e-05 0
 0 0 0 0 0 0 0 0 0 0 0 0 0 0 0 0 0 0 0 0 0 0 0 0 0 0
 0 0 0 0 0 0 0 0.0054083 0.00873648 0.0413646 0.0450493 0.0745869 0.0622846 0.0627006 0.0613931 0.0827291 0.12552 0.122667 0.0946155 0.0697135 0.0546179 0.0294188 0.0215738 0.0213955 0.0102223 0.00600262
 0 0 0 0 0.00359764 0.0251062 0.0480494 0.140153 0.205849 0.193036 0.1447 0.116669 0.0760912 0.0342217 0.00950174 0.001854 0.000860785 0 0 0 0.000165536 0 0.000143464 0 0 0
 0 0 0 0 0 0 0 0.000145254 0.000435761 0.0275982 0.070085 0.0708112 0.156366 0.174668 0.174014 0.160142 0.0824315 0.0480064 0.0283245 0.00493863 0.00203355 0 0 0 0 0
 0 0 0 0 0 0 0 0 0 0 0 0 0 0 0 0 0 0 0 0 0 0 0 0 0 0
 0 0 1.00437e-05 0.000401748 0.00122533 0.00171747 0.00176769 0.0269171 0.070346 0.194647 0.189555 0.159765 0.064822 0.0314167 0.0384472 0.0292271 0.0345202 0.0313363 0.0194345 0.0106764 0.0143323 0.0359363 0.0279516 0.0138201 0.00172751 0
 0 0.0021121 0.0136068 0.0755702 0.200478 0.177729 0.0527432 0.0373336 0.0318909 0.0142505 0.0149659 0.0166563 0.0217959 0.0798694 0.0677717 0.0528807 0.04013 0.0224614 0.0357745 0.0225083 0.00881397 0.00855152 0.00135912 0.000746735 0 0
 0 0 0 0 5.4009e-05 0.00500934 0.000945158 0.0243581 0.138947 0.33067 0.221406 0.137944 0.0707744 0.0437923 0.0131692 0.00525238 0.0047753 0.00276346 9.45158e-05 9.00151e-06 2.25038e-05 9.00151e-06 4.50075e-06 0 0 0
 0.000866109 0.00284123 0.00948549 0.0512746 0.133035 0.25785 0.225252 0.132002 0.0553304 0.0519788 0.0540692 0.017754 0.00435017 0.00159236 0.00146478 0.000404838 0.000125132 0.000115318 0.000107957 0.000100596 0 0 0 0 0 0
 0 0 0 0 0.00144013 0.00171154 0.00461396 0.0210425 0.0478622 0.0707936 0.0888783 0.103762 0.0637923 0.0337046 0.0602308 0.124433 0.169614 0.0934646 0.0462172 0.0250306 0.0313229 0.00938855 0.002487 0.000210481 0 0
 0 0.00764035 0.051015 0.0998891 0.058973 0.0496711 0.0374665 0.0718981 0.12319 0.153886 0.159021 0.0857701 0.0377988 0.023471 0.0147837 0.00900784 0.00315554 0.000888139 0.00291439 0.00214683 0.00393193 0.00274676 0.000635225 9.99891e-05 0 0
 0 0 0 0 0 0 0 0 0 0 0 0 0 0 0 0 0 0 0 0 0 0 0 0 0 0
 0 0 0 0 0 0 0 0 0 0 0 0 0 0 0 0 0 0 0 0 0 0 0 0 0 0
 0 0 0 0 0 0 0 0 0 0 0 0 0 0 0 0 0 0 0 0 0 0 0 0 0 0
 0 0 0 0 0 0 0 0 0 0 0 0 0 0 0 0 0 0 0 0 0 0 0 0 0 0
 0 0 0 0 0 0 0 0 0 0 0 0 0 0 0 0 0 0 0 0 0 0 0 0 0 0
 0 0 0 0 0 0 0 0 0 0 0 0 0 0 0 0 0 0 0 0 0 0 0 0 0 0
 0 0 0 0 0 0 0 0 0 0 0 0 0 0 0 0 0 0 0 0 0 0 0 0 0 0
 0 0 0 0 0 0 0 0 0 0 0 0 0 0 0 0 0 0 0 0 0 0 0 0 0 0
 0 0 0 0 0 0 0 0 0 0 0 0 0 0 0 0 0 0 0 0 0 0 0 0 0 0
ppred_pel_tallas
 1.13541e-16 4.04283e-05 0.000392978 0.00261148 0.0118714 0.0369364 0.0786972 0.114863 0.114872 0.0787437 0.0370944 0.0123354 0.00380497 0.00309304 0.00544503 0.0096575 0.0155793 0.0230609 0.0318438 0.0415973 0.0517421 0.0611284 0.0679746 0.0703863 0.0672614 0.058967
 1.25405e-16 3.64842e-05 0.00035464 0.00235671 0.0107133 0.0333331 0.0710206 0.103662 0.103689 0.0711512 0.0337717 0.0119815 0.00554603 0.00733727 0.0133614 0.0222108 0.0324488 0.0418581 0.0483085 0.0510824 0.0514025 0.0515769 0.0533739 0.0568655 0.060488 0.0620695
 1.17586e-16 5.42335e-05 0.000527169 0.00350323 0.0159252 0.0495492 0.10557 0.154086 0.154101 0.105643 0.0497946 0.0166359 0.00529384 0.00445836 0.00758689 0.012635 0.0186244 0.0243501 0.0286461 0.0310593 0.0321227 0.0329163 0.0342578 0.0361637 0.03792 0.0385752
 1.06642e-16 6.37386e-05 0.000619561 0.0041172 0.0187162 0.0582332 0.124073 0.181091 0.181105 0.124144 0.0584718 0.0194058 0.0058497 0.00440699 0.00727308 0.0119675 0.0173429 0.0220525 0.0247828 0.0249681 0.023135 0.0205304 0.0183274 0.0170266 0.0164065 0.0158913
 1.04595e-16 5.65029e-05 0.000549228 0.00364982 0.0165916 0.0516226 0.109988 0.160536 0.16056 0.110104 0.05201 0.0177107 0.00646012 0.00668767 0.011725 0.0193224 0.0278961 0.0352243 0.0390819 0.0384506 0.0341175 0.028115 0.0224717 0.0182483 0.0154218 0.0133995
 1.03698e-16 6.28323e-05 0.000610752 0.00405866 0.0184501 0.0574052 0.122308 0.178516 0.178532 0.122386 0.0576651 0.0192015 0.00594738 0.00474279 0.00793662 0.0130902 0.019012 0.0242457 0.0273431 0.0276261 0.0255573 0.0223572 0.0191979 0.0166222 0.0145361 0.0125892
 1.0587e-16 4.52673e-05 0.000440014 0.00292405 0.0132923 0.0413575 0.0881179 0.128618 0.128651 0.0882813 0.0419065 0.0148784 0.00690731 0.00914229 0.0165926 0.0274128 0.0396115 0.0500829 0.0556873 0.0549799 0.0490502 0.0407263 0.032814 0.0267562 0.0224968 0.0192281
 1.10994e-16 4.17111e-05 0.000405447 0.00269434 0.0122481 0.0381085 0.0811952 0.118512 0.118539 0.0813262 0.0385492 0.0135237 0.00590642 0.00745146 0.0135234 0.0225529 0.0330986 0.0429127 0.0497017 0.0523771 0.0515944 0.0490676 0.0462626 0.0435705 0.0404819 0.036355
 1.13717e-16 4.82201e-05 0.000468716 0.00311479 0.0141594 0.0440552 0.093865 0.137003 0.137024 0.0939655 0.0443931 0.0151375 0.00557787 0.00587192 0.0103882 0.0173059 0.0254229 0.0330399 0.0384678 0.0409797 0.0412051 0.040554 0.0401419 0.0400971 0.0396929 0.0380209
 1.08688e-16 6.00629e-05 0.000583832 0.00387977 0.0176369 0.054875 0.116918 0.170648 0.170663 0.116994 0.0551307 0.0183763 0.00573901 0.00465384 0.00782355 0.0129295 0.0188381 0.0241644 0.0275514 0.0284159 0.0272902 0.0254099 0.0238773 0.0230633 0.0226104 0.0218683
 1.034e-16 6.77257e-05 0.000658318 0.00437475 0.019887 0.0618759 0.131834 0.192418 0.19243 0.131895 0.0620829 0.0204852 0.00587725 0.00394146 0.00631249 0.0103541 0.0149701 0.0189583 0.0211452 0.0210017 0.0189534 0.016074 0.0134136 0.0114884 0.0102292 0.00927205
 1.02329e-16 6.2854e-05 0.000610964 0.00406007 0.0184565 0.0574251 0.122351 0.178579 0.178598 0.122443 0.0577345 0.0193503 0.00630385 0.00550995 0.00936925 0.0153959 0.0221869 0.0279314 0.0308271 0.0300426 0.0262048 0.020961 0.0159808 0.0121782 0.00960307 0.00783413
 1.03556e-16 5.40842e-05 0.000525718 0.00349358 0.0158813 0.0494128 0.10528 0.153665 0.153691 0.105405 0.0498327 0.0170944 0.00654063 0.00718426 0.0127198 0.0209946 0.0303585 0.0384263 0.0427919 0.0423283 0.0378251 0.0313893 0.0251225 0.0201245 0.0164065 0.0134522
 1.05533e-16 5.37824e-05 0.000522784 0.00347408 0.0157927 0.049137 0.104693 0.152806 0.152829 0.104803 0.0495069 0.016862 0.00616261 0.00640658 0.0112715 0.0186623 0.0271442 0.0346921 0.0392646 0.0399042 0.0372548 0.0330122 0.0287823 0.0252733 0.0223077 0.0193819
 1.03063e-16 6.91476e-05 0.00067214 0.00446661 0.0203045 0.063175 0.134601 0.196457 0.196467 0.134652 0.063346 0.0207989 0.00570934 0.00339091 0.00524998 0.00861581 0.0125135 0.0159672 0.0180312 0.0182733 0.0170141 0.0150694 0.013209 0.0117674 0.0106389 0.00953929
 1.00622e-16 7.68987e-05 0.000747483 0.00496729 0.0225806 0.0702565 0.149689 0.218477 0.218482 0.149716 0.0703454 0.0228373 0.00561174 0.00215413 0.00274775 0.00441932 0.00635521 0.0079847 0.00878361 0.00851296 0.00735766 0.00580055 0.00433327 0.00322823 0.00250308 0.0020322
 1.01624e-16 3.77029e-05 0.000366486 0.00243543 0.0110711 0.0344467 0.0733941 0.107131 0.10718 0.0736328 0.035248 0.0133848 0.00823954 0.0130253 0.024045 0.0396016 0.056832 0.0710198 0.0773805 0.0737025 0.0616837 0.0458294 0.0308345 0.0194643 0.0121421 0.0078716
 1.01955e-16 7.35973e-05 0.000715392 0.00475403 0.0216112 0.0672403 0.143263 0.209097 0.209102 0.143287 0.0673201 0.0218425 0.00533823 0.00200209 0.00255057 0.0041867 0.00622482 0.0082444 0.00985454 0.0108498 0.0112823 0.0113383 0.0111351 0.0106311 0.00971134 0.00834483
 1.02357e-16 5.59811e-05 0.000544156 0.00361611 0.0164383 0.0511459 0.108973 0.159055 0.159082 0.109108 0.0515997 0.0177485 0.00690313 0.00771406 0.0136564 0.0224456 0.0322304 0.0403298 0.0440581 0.042194 0.0357257 0.0272117 0.0192812 0.0134272 0.00978261 0.00767331
 1.03945e-16 5.65941e-05 0.000550115 0.00365571 0.0166183 0.0517059 0.110166 0.160794 0.160815 0.110268 0.0520486 0.0176092 0.00614718 0.00600283 0.0104526 0.0172953 0.0251515 0.0321307 0.0363225 0.0368107 0.0341563 0.0299037 0.0255433 0.0217796 0.0185415 0.0154752
 1.03812e-16 6.3272e-05 0.000615026 0.00408707 0.0185792 0.0578069 0.123164 0.179765 0.179781 0.12324 0.0580625 0.019318 0.00594368 0.00467556 0.00779728 0.0128492 0.0186429 0.0237393 0.0267135 0.0269103 0.0248097 0.0216462 0.0185999 0.0162087 0.0143513 0.0126295
 1.03013e-16 6.34888e-05 0.000617134 0.00410107 0.0186429 0.0580051 0.123587 0.180382 0.180399 0.12367 0.0582859 0.0194542 0.00613855 0.0050682 0.00852649 0.014021 0.0202519 0.0255958 0.0284417 0.0280493 0.0249774 0.0206781 0.0165958 0.0134786 0.0113055 0.00966491
 1.07159e-16 3.03824e-05 0.000295327 0.00196256 0.00892153 0.0277584 0.059144 0.0863324 0.0863796 0.059375 0.0285342 0.0111632 0.00759252 0.0125961 0.0234226 0.038755 0.0560139 0.0708344 0.0787693 0.0777492 0.0692721 0.0572917 0.0457523 0.0367188 0.0301916 0.0251437
 1.07212e-16 6.28191e-05 0.000610624 0.00405781 0.0184462 0.0573931 0.122282 0.178477 0.178485 0.122325 0.0575367 0.0188631 0.00511248 0.00294019 0.00456718 0.00766091 0.0115215 0.0155214 0.0190432 0.0217789 0.0238242 0.0254251 0.0266075 0.0270479 0.0262934 0.0241163
 1.06317e-16 5.59167e-05 0.000543531 0.00361195 0.0164194 0.0510871 0.108847 0.158871 0.158894 0.108963 0.0514761 0.0175433 0.00643333 0.00670369 0.011759 0.0193637 0.0279237 0.0352045 0.0389865 0.0382947 0.0340005 0.0282376 0.0231003 0.0196259 0.0176579 0.0163957
 1.09219e-16 3.98212e-05 0.000387076 0.00257226 0.0116931 0.0363818 0.0775166 0.113145 0.113179 0.0776833 0.0369418 0.013312 0.00664166 0.00929034 0.0170067 0.0282044 0.0409815 0.0522828 0.059001 0.0596854 0.0553431 0.0486144 0.0420318 0.0367634 0.0325885 0.0287132
 1.06949e-16 6.27419e-05 0.000609873 0.00405282 0.0184236 0.0573226 0.122132 0.178258 0.178269 0.122188 0.0575086 0.0189623 0.00541075 0.00359302 0.00578381 0.00960882 0.0141811 0.0185644 0.0218423 0.0235952 0.0241001 0.0240195 0.0238467 0.0235799 0.0228399 0.0212452
 1.04813e-16 6.05979e-05 0.000589033 0.00391433 0.017794 0.0553639 0.117959 0.172169 0.172189 0.118055 0.0556838 0.0187183 0.0062351 0.00565732 0.00969257 0.0159459 0.0230106 0.029042 0.0322129 0.0317077 0.0282159 0.0234567 0.019125 0.0160725 0.0142049 0.0129253
 1.07955e-16 3.64924e-05 0.000354719 0.00235724 0.0107157 0.0333407 0.0710373 0.103689 0.103729 0.0712315 0.033993 0.0126009 0.00709352 0.010708 0.01974 0.0326833 0.0473283 0.0600423 0.0671295 0.0668703 0.0604969 0.0512494 0.0423171 0.0353027 0.0301099 0.025843
 1.12786e-16 4.57526e-05 0.000444731 0.0029554 0.0134348 0.0418008 0.0890618 0.129992 0.130012 0.0891566 0.0421199 0.0143598 0.00528963 0.00558191 0.00992453 0.0166561 0.0247441 0.0327066 0.0390351 0.0430117 0.0450137 0.0459744 0.0464811 0.0463107 0.0447263 0.0411604
 1.08041e-16 6.32328e-05 0.000614645 0.00408453 0.0185677 0.0577711 0.123088 0.179653 0.179666 0.123149 0.0579781 0.0191663 0.00559019 0.00391186 0.00635646 0.0104927 0.0153137 0.0197057 0.0225957 0.0235384 0.0229819 0.0219182 0.0211936 0.0210244 0.0210178 0.020558
 1.08287e-16 4.40824e-05 0.000428496 0.00284751 0.0129444 0.040275 0.0858114 0.125251 0.125286 0.0859803 0.0408422 0.014583 0.00696185 0.00941417 0.0171219 0.0282701 0.0408039 0.0515004 0.0571137 0.0561804 0.0498991 0.0413008 0.0333946 0.0277278 0.0241986 0.021819
 1.05639e-16 6.31589e-05 0.000613927 0.00407976 0.018546 0.0577036 0.122944 0.179443 0.179455 0.123004 0.0579045 0.0191277 0.00554509 0.00382988 0.00622118 0.0103168 0.0151648 0.0197195 0.0229459 0.024353 0.0242301 0.0233316 0.0222861 0.0212328 0.0199124 0.0180256
pSPR Fmed_Fpbrs
1   0.983737 0.6 0.325 0.983737 0.983737 0.983737
Fs Fmed_Fpbrs
0   0.01 0.355421 0.917343 0.01 0.01 0.01
SSBpbr Bo_Bmed_Bpbrs
1.6473e+06  1.56494e+06  1.53815e+06 906017 453008 1.53815e+06 1.53815e+06 1.53815e+06
Ro
224656
SPR SPRFo_SPRFmed_SPRFpbrs
1.6185e+06 1.6185e+06 1.59217e+06
Fref
0
Nvult_r0
 209450 38340.4 25611.5 4260.01 3340
CTP_r0
 16703.3 5604.87 3915.77 652.892 511.957
YTP_r0
356496
Np
 316075 116278 42776.2 15736.5 7918.82
Nvult_p0
 199798 73501.5 27039.7 9947.34 5005.65
CTP_p0
 0 0 0 0 0
 0 0 0 0 0
 0 0 0 0 0
 0 0 0 0 0
 0 0 0 0 0
 0 0 0 0 0
YTP_p0
 0 0 0 0 0 0
CBA_c0
0
log_Ro
12.1423
likeval ReclasPelacesDesembMPH_pf_preclas_ppelaces_ptallas_desvR_qrecl_qpela
 18.1753 17.4487 0.0933097 31.4335 237.023 137.378 109.234 0 21.8376 9.14079e-06 3.38783e-06 0.462051 2066.11 0 0
q_reclas_q_pelaces
0.652092 0.770819
M
1
N
 222573 43635.7 188839 9868.35 0.364019
 114803 77513.5 14405.4 61976.6 3237.84
 151865 38261.5 23460.1 4314.1 19518.8
 230130 50762.8 11647.7 7069.01 7177.05
 195338 72469.5 13735.5 3099.69 3787.55
 292439 68460.5 24225.2 4567.76 2289.68
 129507 96564.7 20344.1 7116.18 2013.07
 69323 38744.3 23611.3 4865.61 2180.69
 61966.1 24712.9 13394.5 8135.41 2427.38
 81063 20194.9 7155.99 3828.65 3017.03
 156039 25656 5518.93 1924.4 1839.26
 185142 55045.3 8687.57 1860.44 1268.41
 121751 56716.6 14104.3 2182.86 785.288
 79277.6 37502.9 14691.3 3584.71 753.569
 134386 20553.5 6910.57 2607.68 768.42
 558891 39779.9 4921.43 1616.68 788.784
 139163 167334 9741.89 1178.97 575.533
 749619 46337.3 50552.4 2911.85 524.105
 493601 240891 13050 14032.7 953.001
 431344 152164 62495.8 3322.22 3810.98
 600178 137285 42046.5 17003.5 1939.05
 771603 198215 40810.1 12355.6 5562.8
 176190 247697 55708.6 11303.8 4959.03
 490060 60398.6 79259.5 17691.8 5162.5
 437839 167535 19222.2 25027.7 7213.51
 198126 150627 53986 6149.87 10310.9
 428212 69212.7 50029.9 17832.3 5435.49
 506469 146540 22071.7 15831.4 7359.61
 181346 174877 47564 7115.63 7473.64
 169831 63668.2 58661.2 15875.4 4868.07
 323160 58858 20817.2 19058.1 6736.82
 157231 108778 18166.9 6364.61 7882.24
 316075 55565 36964.4 6146.94 4819.37
pred_Ctot
 7536.5 2855.7 12996.2 681.005 0.0251242
 6880.6 8826.1 1721.74 7426.87 388.056
 8841.27 4236.72 2727.1 502.806 2275.22
 21214.1 8701.25 2090.89 1272.13 1291.74
 5866.05 4216.72 840.691 190.238 232.488
 19099.2 8464.31 3142.7 594.11 297.851
 15550.2 21157.8 4658.91 1633.53 462.16
 1360.2 1483 951.367 196.594 88.1231
 4514 3390.99 1927.45 1173.68 350.24
 7245.75 3362.8 1248.16 669.472 527.623
 4066.27 1298.79 293.967 102.786 98.2527
 19871.7 10874.4 1795.44 385.427 262.81
 12703.4 10914.1 2839.95 440.602 158.527
 15222.4 12505 5093.99 1245.56 261.867
 16891.3 4696.17 1649.66 623.963 183.89
 66872.4 8687.92 1123.44 369.929 180.512
 8415.8 19218.4 1174.38 142.497 69.5717
 60596.3 7018.08 8024.8 463.407 83.4199
 51288.6 46176.9 2617.62 2821.61 191.649
 37205.2 24502 10543.3 561.884 644.632
 39138.6 16949.1 5446.79 2208.4 251.876
 62827.6 30227.7 6522.63 1979.79 891.47
 7635.45 20618.1 4873.17 991.464 435.023
 22037.5 5211.31 7185.93 1608.3 469.37
 18046.4 13281.8 1601.71 2091.08 602.78
 6339.42 9326.37 3515.63 401.581 673.392
 18997.2 5893.8 4476.82 1599.96 487.757
 19763.5 11014.6 1743.99 1254.3 583.175
 5252.46 9820.92 2809.97 421.529 442.801
 6249.39 4519.39 4377.97 1188.02 364.348
 17491.9 6075.91 2256.62 2071.39 732.313
 3925.51 5279.52 927.821 325.95 403.731
 16703.3 5604.87 3915.77 652.892 511.957
F
 0.0548018 0.108274 0.114136 0.114462 0.114479
 0.0987728 0.19515 0.205714 0.206302 0.206333
 0.0958288 0.189333 0.199583 0.200153 0.200183
 0.155476 0.307181 0.323811 0.324736 0.324785
 0.0484751 0.0957745 0.100959 0.101248 0.101263
 0.108043 0.213465 0.225021 0.225663 0.225697
 0.20675 0.408486 0.430599 0.43183 0.431895
 0.0314498 0.0621368 0.0655006 0.0656877 0.0656976
 0.121158 0.239376 0.252335 0.253056 0.253094
 0.150448 0.297247 0.313338 0.314233 0.314281
 0.0419516 0.0828855 0.0873725 0.0876222 0.0876354
 0.183059 0.361677 0.381256 0.382346 0.382403
 0.177559 0.350811 0.369802 0.370859 0.370915
 0.349927 0.691366 0.728794 0.730876 0.730986
 0.217351 0.429429 0.452677 0.45397 0.454038
 0.205961 0.406927 0.428956 0.430181 0.430246
 0.0997011 0.196984 0.207648 0.208241 0.208272
 0.13522 0.26716 0.281622 0.282427 0.28247
 0.176767 0.349246 0.368153 0.369205 0.36926
 0.144849 0.286185 0.301678 0.30254 0.302585
 0.107872 0.213127 0.224665 0.225307 0.225341
 0.136262 0.26922 0.283794 0.284605 0.284648
 0.0705967 0.139481 0.147032 0.147452 0.147474
 0.073339 0.144899 0.152743 0.15318 0.153203
 0.0670456 0.132465 0.139636 0.140035 0.140056
 0.0517192 0.102184 0.107716 0.108023 0.10804
 0.0723219 0.14289 0.150625 0.151055 0.151078
 0.0633794 0.125221 0.132 0.132378 0.132397
 0.0467197 0.0923061 0.0973031 0.0975811 0.0975958
 0.0596751 0.117903 0.124285 0.124641 0.124659
 0.0888409 0.175527 0.185029 0.185558 0.185586
 0.0401626 0.079351 0.0836467 0.0838857 0.0838983
 0.0866593 0.171217 0.180485 0.181001 0.181028
YTP_r0W_actual
 125943 97805 94252.6 20448.6 18046.5
YTP_p0W_proyectada
 0 0 0 0 0
 0 0 0 0 0
 0 0 0 0 0
 0 0 0 0 0
 0 0 0 0 0
 0 0 0 0 0
CTP_r0_actual
 16703.3 5604.87 3915.77 652.892 511.957
CTP_p0_proyectada
 0 0 0 0 0
 0 0 0 0 0
 0 0 0 0 0
 0 0 0 0 0
 0 0 0 0 0
 0 0 0 0 0
Wmedp
 7.54 17.45 24.07 31.32 35.25
Frms_r0
 0.0866593 0.171217 0.180485 0.181001 0.181028
Zrms_r0
 1.08666 1.17122 1.18049 1.181 1.18103
nmprior
 7.29 8.9 8.7 0
nm_flota  nm_reclas  nm_pelaces    nm_pelaL
inf 11.3129 18.2127 58.1465
cv_recla  cv_pelaces  cv_mph
0.369208 0.457586 0.749208
 ------------------------------------------------
Talla a la edad & desviaci?n 
 8 13.2811 15.8009 17.003 17.5766
 0.8 1.32811 1.58009 1.7003 1.75766
