years
 1991 1992 1993 1994 1995 1996 1997 1998 1999 2000 2001 2002 2003 2004 2005 2006 2007 2008 2009 2010 2011 2012 2013 2014 2015 2016 2017 2018 2019 2020 2021 2022 2023
reclasobs
 0 0 0 0 0 0 0 0 0 252601 567819 844713 477998 351125 339783 2.1784e+06 2.13404e+06 4.81314e+06 1.55562e+06 2.62356e+06 3.21686e+06 3.843e+06 1.13348e+06 3.07943e+06 1.97215e+06 2.03268e+06 2.025e+06 2.42433e+06 2.27542e+06 1.05018e+06 2.36338e+06 3.18982e+06 1.53035e+06
reclaspred
 2.89162e+06 1.5812e+06 835703 869635 902465 1.38742e+06 809696 762541 561929 418688 547272 733362 642995 376375 559334 1.32749e+06 1.28295e+06 2.6745e+06 2.17979e+06 1.78042e+06 3.18755e+06 2.55389e+06 2.03787e+06 3.04399e+06 2.31403e+06 2.09489e+06 2.45751e+06 2.69939e+06 2.29628e+06 1.67587e+06 1.83887e+06 1.91879e+06 1.66608e+06
pelacesobs
 0 0 0 0 0 0 0 0 0 0 0 0 0 0 0 552880 188675 0 991730 2.46772e+06 1.41603e+06 1.21717e+06 2.29649e+06 1.80582e+06 0 1.4828e+06 1.56532e+06 1.57751e+06 1.42118e+06 867257 1.10002e+06 1.06204e+06 0
pelacespred
 1.56172e+06 939894 483260 418718 465193 742545 384328 472514 328057 231019 315897 358667 340331 198480 323353 637163 615406 1.47765e+06 1.22965e+06 904913 1.65417e+06 1.40449e+06 1.13354e+06 1.86679e+06 1.35118e+06 1.22476e+06 1.65063e+06 1.62516e+06 1.24678e+06 1.04518e+06 994704 1.05315e+06 935991
mphobs
 0 0 0 0 0 0 0 0 0 0 0 0 498337 0 5186 125008 0 168611 109162 213762 579715 649985 157893 87575 83554 210694 70296 0 107559 103333 445601 22526 28222
mphpred
 480198 323060 156340 91911.6 103408 121792 149973 87290.8 82997.6 57723.2 39613.3 72804.6 85295.4 56414.1 27548.8 57237.6 168891 159452 277275 364840 430258 513118 103928 88572.5 127445 102261 89861.9 98063.1 138761 105444 65439 86917.2 60051.7
desembarqueobs
 494567 514787 250237 358949 120608 361735 552515 73892 212993 205616 52469 317467 293654 387597 252695 516296 358380 742168 942051 627588 828172 859565 418607 520667 417249 300574 415391 372974 316634 284311 391294 218835 356480
desembarquepred
 494570 513648 250788 359009 120617 361770 552601 73898.3 213061 205678 52472 317524 293772 387797 252667 516232 358412 742043 941792 627388 828294 859626 418635 520724 417252 300585 415408 372961 316623 284299 391279 218849 356504
Reclutas
 183954 90645.3 114316 158464 136668 212535 88833.9 45543.8 41981.9 56550.4 113877 150630 96353.7 59062.6 101520 419589 94507.5 587013 371749 335993 435460 564800 122458 338564 308056 136283 297002 353629 126458 118810 222457 105184 212038
log_desv_Rt
 0.127331 -0.580402 -0.348388 -0.0218306 -0.169802 0.271749 -0.600588 -1.26868 -1.35012 -1.05222 -0.352234 -0.0725319 -0.51933 -1.00876 -0.467104 0.951919 -0.538677 1.28769 0.830864 0.729735 0.989046 1.24912 -0.279584 0.737356 0.642926 -0.172623 0.606384 0.780893 -0.247445 -0.309827 0.317376 -0.431646 0.269409
SSB
 2.40595e+06 1.61864e+06 783315 460507 518106 610216 751413 437355 415845 289212 198475 364775 407821 276308 133229 277406 846199 798907 1.43276e+06 1.07236e+06 1.29615e+06 1.6199e+06 1.52649e+06 1.25559e+06 1.69586e+06 1.44046e+06 1.19652e+06 1.25803e+06 1.84245e+06 1.3207e+06 931472 1.26272e+06 811350
BT
 3.35054e+06 2.26764e+06 1.15207e+06 1.08028e+06 966028 1.69349e+06 1.2225e+06 946756 828342 628206 637136 936088 899203 769429 857014 1.62065e+06 1.4326e+06 3.41165e+06 3.20928e+06 2.26286e+06 3.74187e+06 3.45143e+06 2.48314e+06 3.97079e+06 2.92365e+06 2.55436e+06 3.50847e+06 3.39964e+06 2.59298e+06 2.22927e+06 2.21454e+06 2.14425e+06 2.06896e+06
Ftot
 0.188596 0.343112 0.335548 0.552303 0.172739 0.370155 0.763764 0.123482 0.481778 0.623327 0.155328 0.60112 0.583753 1.31454 0.802413 0.699601 0.338694 0.4457 0.571279 0.482641 0.361416 0.458201 0.239868 0.253152 0.228724 0.174485 0.246319 0.213248 0.153899 0.200865 0.306594 0.136681 0.303113
BD_Bspro_t
 0.970562 0.807642 0.624201 0.546897 0.55089 0.636236 0.607646 0.434373 0.50979 0.465327 0.441715 0.668249 0.560516 0.412344 0.256457 0.409751 0.571174 0.539842 0.616806 0.518552 0.518047 0.568789 0.588343 0.581479 0.680786 0.696705 0.702903 0.73328 0.788456 0.73331 0.686954 0.726137 0.723384
BD_Bspro
 2.06197 1.38722 0.671323 0.394667 0.444032 0.522972 0.643982 0.374826 0.356391 0.247863 0.170099 0.312622 0.349514 0.236804 0.114181 0.237745 0.725217 0.684686 1.22792 0.919046 1.11084 1.3883 1.30824 1.07608 1.4534 1.23452 1.02545 1.07817 1.57903 1.13188 0.798297 1.08219 0.69535
BD_Bo
 2.39021 1.60804 0.778188 0.457493 0.514716 0.606223 0.746495 0.434493 0.413124 0.28732 0.197177 0.362388 0.405152 0.2745 0.132357 0.275591 0.840662 0.793679 1.42338 1.06535 1.28767 1.6093 1.5165 1.24738 1.68476 1.43104 1.18869 1.2498 1.83039 1.31206 0.925376 1.25446 0.806041
BD_Brms
 2.5586 1.72133 0.833012 0.489724 0.550977 0.648931 0.799086 0.465103 0.442228 0.307561 0.211068 0.387918 0.433695 0.293839 0.141682 0.295006 0.899886 0.849594 1.52366 1.1404 1.37839 1.72268 1.62334 1.33525 1.80346 1.53185 1.27243 1.33784 1.95935 1.40449 0.990569 1.34284 0.862826
Sel_flota
 0.438837 0.936941 0.99647 0.999814 0.99999
 0.438837 0.936941 0.99647 0.999814 0.99999
 0.438837 0.936941 0.99647 0.999814 0.99999
 0.438837 0.936941 0.99647 0.999814 0.99999
 0.438837 0.936941 0.99647 0.999814 0.99999
 0.438837 0.936941 0.99647 0.999814 0.99999
 0.438837 0.936941 0.99647 0.999814 0.99999
 0.438837 0.936941 0.99647 0.999814 0.99999
 0.438837 0.936941 0.99647 0.999814 0.99999
 0.438837 0.936941 0.99647 0.999814 0.99999
 0.438837 0.936941 0.99647 0.999814 0.99999
 0.438837 0.936941 0.99647 0.999814 0.99999
 0.438837 0.936941 0.99647 0.999814 0.99999
 0.438837 0.936941 0.99647 0.999814 0.99999
 0.438837 0.936941 0.99647 0.999814 0.99999
 0.438837 0.936941 0.99647 0.999814 0.99999
 0.438837 0.936941 0.99647 0.999814 0.99999
 0.438837 0.936941 0.99647 0.999814 0.99999
 0.438837 0.936941 0.99647 0.999814 0.99999
 0.438837 0.936941 0.99647 0.999814 0.99999
 0.438837 0.936941 0.99647 0.999814 0.99999
 0.438837 0.936941 0.99647 0.999814 0.99999
 0.438837 0.936941 0.99647 0.999814 0.99999
 0.438837 0.936941 0.99647 0.999814 0.99999
 0.438837 0.936941 0.99647 0.999814 0.99999
 0.438837 0.936941 0.99647 0.999814 0.99999
 0.438837 0.936941 0.99647 0.999814 0.99999
 0.438837 0.936941 0.99647 0.999814 0.99999
 0.438837 0.936941 0.99647 0.999814 0.99999
 0.438837 0.936941 0.99647 0.999814 0.99999
 0.438837 0.936941 0.99647 0.999814 0.99999
 0.438837 0.936941 0.99647 0.999814 0.99999
 0.438837 0.936941 0.99647 0.999814 0.99999
Sel_reclas
 1 1 1 1 1
 1 1 1 1 1
 1 1 1 1 1
 1 1 1 1 1
 1 1 1 1 1
 1 1 1 1 1
 1 1 1 1 1
 1 1 1 1 1
 1 1 1 1 1
 1 1 1 1 1
 1 1 1 1 1
 1 1 1 1 1
 1 1 1 1 1
 1 1 1 1 1
 1 1 1 1 1
 1 1 1 1 1
 1 1 1 1 1
 1 1 1 1 1
 1 1 1 1 1
 1 1 1 1 1
 1 1 1 1 1
 1 1 1 1 1
 1 1 1 1 1
 1 1 1 1 1
 1 1 1 1 1
 1 1 1 1 1
 1 1 1 1 1
 1 1 1 1 1
 1 1 1 1 1
 1 1 1 1 1
 1 1 1 1 1
 1 1 1 1 1
 1 1 1 1 1
Sel_pelaces
 1 1 1 1 1
 1 1 1 1 1
 1 1 1 1 1
 1 1 1 1 1
 1 1 1 1 1
 1 1 1 1 1
 1 1 1 1 1
 1 1 1 1 1
 1 1 1 1 1
 1 1 1 1 1
 1 1 1 1 1
 1 1 1 1 1
 1 1 1 1 1
 1 1 1 1 1
 1 1 1 1 1
 1 1 1 1 1
 1 1 1 1 1
 1 1 1 1 1
 1 1 1 1 1
 1 1 1 1 1
 1 1 1 1 1
 1 1 1 1 1
 1 1 1 1 1
 1 1 1 1 1
 1 1 1 1 1
 1 1 1 1 1
 1 1 1 1 1
 1 1 1 1 1
 1 1 1 1 1
 1 1 1 1 1
 1 1 1 1 1
 1 1 1 1 1
 1 1 1 1 1
pf_obs 
 0.8446 0.082 0.0669 0.0065 0
 0.8095 0.147 0.0364 0.0071 0
 0.9664 0.0169 0.016 0.0007 0
 0.9276 0.0648 0.0075 0.0001 0
 0.7033 0.2144 0.0806 0.0017 0
 0.9318 0.0425 0.0243 0.0014 0
 0.5671 0.3108 0.0964 0.0239 0.0018
 0.0768 0.2599 0.5324 0.112 0.0189
 0.490249 0.384438 0.106611 0.0170017 0.00170017
 0.7925 0.1577 0.0466 0.003 0.0002
 0.840416 0.127587 0.0312969 0.00059994 9.999e-05
 0.8084 0.0986 0.0794 0.0134 0.0002
 0.7335 0.1905 0.0724 0.0035 0.0001
 0.4001 0.4547 0.1325 0.0127 0
 0.49795 0.308269 0.164784 0.0264974 0.00249975
 0.9179 0.0499 0.0305 0.0017 0
 0.2467 0.6533 0.0926 0.0074 0
 0.9418 0.0223 0.034 0.0019 0
 0.707729 0.231977 0.0356964 0.0245975 0
 0.517169 0.277429 0.184464 0.0207286 0.00020938
 0.811772 0.124168 0.05621 0.00726502 0.000585176
 0.764997 0.148141 0.077277 0.00933861 0.000247198
 0.163321 0.427699 0.378323 0.0303852 0.000271297
 0.753843 0.0900009 0.118128 0.0371064 0.000921714
 0.721811 0.176058 0.0630433 0.0369309 0.00215725
 0.143369 0.312575 0.442814 0.0836902 0.0175525
 0.692698 0.0596174 0.167031 0.0765114 0.00414204
 0.394062 0.376323 0.152708 0.0712218 0.00568511
 0.125707 0.32114 0.495352 0.0537591 0.00404204
 0.23352 0.215282 0.420074 0.123614 0.00750983
 0.796117 0.104755 0.0508955 0.0450114 0.00322123
 0.162477 0.292055 0.404252 0.121198 0.0200186
 0 0 0 0 0
pf_pred 
 0.360336 0.137591 0.473325 0.0287461 1.12028e-06
 0.28977 0.397131 0.0708796 0.228397 0.0138221
 0.492204 0.246646 0.150773 0.0250628 0.085314
 0.612012 0.268956 0.0599814 0.0341506 0.0248996
 0.535044 0.369179 0.0680201 0.0140177 0.0137389
 0.621046 0.270194 0.0875054 0.0151102 0.00614356
 0.364115 0.503811 0.0961214 0.0289498 0.00700315
 0.358847 0.383376 0.207904 0.0363451 0.0135284
 0.426835 0.313568 0.159187 0.0810387 0.0193722
 0.606252 0.253911 0.0792066 0.0372397 0.0233902
 0.734323 0.211077 0.0362437 0.0104184 0.00793839
 0.634121 0.313341 0.0422934 0.00680861 0.00343602
 0.490312 0.413246 0.0835408 0.0103945 0.00250639
 0.472469 0.372529 0.127574 0.0237739 0.00365476
 0.770827 0.170254 0.0429573 0.0131521 0.00281012
 0.884938 0.103557 0.00874298 0.00201669 0.000745639
 0.283997 0.681025 0.0317425 0.00246135 0.000773973
 0.825313 0.0824144 0.0880614 0.00382296 0.000388117
 0.501666 0.458238 0.0196723 0.0194957 0.000928418
 0.535642 0.329676 0.124638 0.00493888 0.00510506
 0.616652 0.281444 0.0739323 0.0258932 0.00207761
 0.62506 0.295264 0.0596125 0.0145725 0.00549145
 0.220187 0.62154 0.126619 0.0237078 0.00794599
 0.611772 0.14866 0.193523 0.0368636 0.00918135
 0.514425 0.379428 0.0423729 0.0515539 0.0122204
 0.310737 0.481597 0.164665 0.0172034 0.0257973
 0.608714 0.193371 0.14098 0.0451803 0.0117554
 0.578244 0.327901 0.0479874 0.0327075 0.01316
 0.278744 0.540308 0.142764 0.0195577 0.0186253
 0.376577 0.282513 0.259462 0.0643093 0.0171383
 0.613436 0.221607 0.0774855 0.0666316 0.0208404
 0.356721 0.503693 0.0824493 0.0268936 0.030243
 0.61079 0.210938 0.141518 0.0217405 0.0150123
pobs_RECLAS
 0 0 0 0 0
 0 0 0 0 0
 0 0 0 0 0
 0 0 0 0 0
 0 0 0 0 0
 0 0 0 0 0
 0 0 0 0 0
 0 0 0 0 0
 0 0 0 0 0
 0 0 0 0 0
 0.991045 0.00858322 0.000360255 1.14367e-05 0
 0.934742 0.0480273 0.0164251 0.00080598 0
 0.827803 0.169806 0.00239088 0 0
 0.941827 0.0461693 0.0120037 0 0
 0.791401 0.0380133 0.147996 0.0225897 0
 0.846168 0.0940531 0.0597789 0 0
 0.134021 0.677848 0.182769 0.00536245 0
 0.80878 0.0450904 0.141981 0.00414843 0
 0.846168 0.0940531 0.0597789 0 0
 0.905697 0.0802665 0.012482 0.00150086 5.37128e-05
 0.989698 0.0102097 9.19794e-05 0 0
 0.975433 0.0193895 0.00387452 0.00125025 5.28907e-05
 0.303575 0.632131 0.0575291 0.00676475 0
 0.966965 0.00978017 0.0227588 0.000495775 0
 0.843318 0.132988 0.00938335 0.0141283 0.000182051
 0.564624 0.303363 0.111486 0.0197234 0.00080311
 0.826376 0.0876187 0.0782897 0.00655872 0.00115652
 0.89761 0.0855135 0.0140674 0.00269457 0.000114338
 0.34875 0.467042 0.161289 0.0227151 0.000203297
 0.318654 0.224769 0.449479 0.00709798 0
 0.937255 0.0296025 0.0250945 0.00804832 0
 0.456809 0.399803 0.12412 0.0192676 0
 0.883104 0.0372192 0.0704036 0.00927362 0
ppred_RECLAS
 0.560271 0.0993369 0.320965 0.0194266 7.56948e-07
 0.476999 0.300976 0.0503977 0.161834 0.00979211
 0.685046 0.158117 0.0906867 0.0150225 0.0511275
 0.779912 0.155683 0.0325136 0.0184456 0.0134463
 0.714947 0.229244 0.0396755 0.00814858 0.00798512
 0.784049 0.156793 0.0476303 0.00819606 0.00333176
 0.564987 0.349493 0.0623036 0.0186952 0.0045216
 0.551913 0.274668 0.139959 0.0243845 0.00907482
 0.626936 0.21021 0.100001 0.0507288 0.0121244
 0.777203 0.147105 0.0429425 0.0201169 0.012633
 0.857527 0.114645 0.0184935 0.00529798 0.00403612
 0.794439 0.177693 0.0224496 0.00360103 0.00181695
 0.682409 0.260668 0.0493327 0.00611613 0.00147448
 0.683084 0.228717 0.0726455 0.013482 0.00207214
 0.884786 0.0870933 0.0205236 0.00626021 0.00133732
 0.945145 0.0496972 0.00392324 0.000901639 0.000333302
 0.463495 0.511848 0.0223834 0.00172962 0.00054378
 0.914392 0.0417733 0.0418408 0.00181002 0.000183724
 0.690495 0.286108 0.0115002 0.0113561 0.000540694
 0.720254 0.202316 0.0716753 0.00283014 0.00292483
 0.780565 0.163841 0.0403731 0.0140906 0.00113039
 0.787093 0.169959 0.032162 0.00783444 0.00295174
 0.381749 0.499021 0.0954503 0.0178106 0.00596839
 0.779749 0.0876823 0.107161 0.0203427 0.0050657
 0.698637 0.238771 0.0250381 0.0303589 0.00719505
 0.497106 0.357996 0.114978 0.0119715 0.0179486
 0.776258 0.114155 0.0781394 0.0249558 0.00649202
 0.749886 0.197198 0.0271016 0.0184089 0.0074056
 0.457652 0.412624 0.102425 0.013984 0.0133149
 0.573941 0.199806 0.17234 0.04257 0.0113427
 0.779489 0.129921 0.0426317 0.0365334 0.0114245
 0.546974 0.359544 0.0552961 0.0179756 0.0202107
 0.777798 0.123958 0.0780471 0.0119485 0.0082492
pobs_PELACES
 0 0 0 0 0
 0 0 0 0 0
 0 0 0 0 0
 0 0 0 0 0
 0 0 0 0 0
 0 0 0 0 0
 0 0 0 0 0
 0 0 0 0 0
 0 0 0 0 0
 0 0 0 0 0
 0 0 0 0 0
 0 0 0 0 0
 0 0 0 0 0
 0 0 0 0 0
 0 0 0 0 0
 0 0 0 0 0
 0.505614 0.472636 0.0217494 0 0
 0 0 0 0 0
 0.443492 0.261883 0.143347 0.151278 0
 0.227955 0.32914 0.350689 0.0885471 0.00366901
 0.970185 0.0296113 0.000203453 0 0
 0.997202 0.00247181 0.000326279 0 0
 0.445219 0.490057 0.0546422 0.010081 0
 0.90214 0.0892962 0.00764917 0.000914606 0
 0 0 0 0 0
 0.581667 0.319106 0.0959925 0.00289975 0.000334073
 0.762889 0.0836404 0.116647 0.0363945 0.000428098
 0.88444 0.0763242 0.0277011 0.0115352 0
 0.521256 0.241999 0.230069 0.00667565 0
 0.616807 0.101726 0.260614 0.0208532 0
 0.833518 0.0704572 0.0857862 0.0102388 0
 0.697417 0.212968 0.0787535 0.0105354 0.000325836
 0 0 0 0 0
ppred_PELACES
 0.568599 0.0977362 0.314625 0.0190389 7.41834e-07
 0.491828 0.293315 0.048785 0.156596 0.00947498
 0.697532 0.152359 0.0868104 0.0143751 0.048923
 0.795628 0.145037 0.0299634 0.0169884 0.0123837
 0.720834 0.224661 0.0387506 0.00795712 0.00779741
 0.794501 0.149504 0.0450871 0.00775527 0.00315251
 0.596269 0.325327 0.0571319 0.0171289 0.00414259
 0.557161 0.271709 0.138116 0.0240601 0.00895401
 0.646227 0.200181 0.0943334 0.047828 0.0114308
 0.795133 0.135842 0.0391722 0.018338 0.0115154
 0.860691 0.112167 0.0180387 0.0051668 0.00393615
 0.810354 0.1642 0.0205013 0.00328634 0.00165811
 0.703262 0.244055 0.045662 0.0056574 0.00136385
 0.729334 0.196748 0.0608984 0.0112855 0.00173441
 0.897921 0.0774645 0.017969 0.00547617 0.00116978
 0.950871 0.044567 0.00347022 0.000796911 0.000294576
 0.47744 0.498697 0.0216637 0.00167338 0.000526088
 0.920285 0.0390725 0.0387945 0.00167742 0.00017026
 0.710375 0.267963 0.0106506 0.0105106 0.00050042
 0.736466 0.191092 0.0670602 0.0026465 0.00273497
 0.790872 0.15643 0.0382741 0.0133527 0.00107118
 0.799735 0.16016 0.0300362 0.00731291 0.00275518
 0.391316 0.491751 0.0936174 0.017464 0.00585215
 0.787318 0.0849251 0.103276 0.0195998 0.00488063
 0.706693 0.232612 0.0242829 0.0294358 0.00697619
 0.504525 0.353067 0.113007 0.011764 0.0176373
 0.783619 0.110665 0.0753848 0.0240695 0.00626137
 0.75657 0.192103 0.0262909 0.0178541 0.00718231
 0.464119 0.408002 0.100972 0.0137833 0.0131237
 0.582511 0.196203 0.168566 0.0416285 0.0110918
 0.788454 0.124957 0.0407565 0.0349146 0.0109181
 0.552675 0.355221 0.0544847 0.0177092 0.0199109
 0.786736 0.119288 0.0746612 0.0114263 0.00788855
pobs_pel_tallas
 0 0 0 0 0 0 0 0 0 0 0 0 0 0 0 0 0 0 0 0 0 0 0 0 0 0
 0 0 0 0 0 0 0 0 0 0 0 0 0 0 0 0 0 0 0 0 0 0 0 0 0 0
 0 0 0 0 0 0 0 0 0 0 0 0 0 0 0 0 0 0 0 0 0 0 0 0 0 0
 0 0 0 0 0 0 0 0 0 0 0 0 0 0 0 0 0 0 0 0 0 0 0 0 0 0
 0 0 0 0 0 0 0 0 0 0 0 0 0 0 0 0 0 0 0 0 0 0 0 0 0 0
 0 0 0 0 0 0 0 0 0 0 0 0 0 0 0 0 0 0 0 0 0 0 0 0 0 0
 0 0 0 0 0 0 0 0 0 0 0 0 0 0 0 0 0 0 0 0 0 0 0 0 0 0
 0 0 0 0 0 0 0 0 0 0 0 0 0 0 0 0 0 0 0 0 0 0 0 0 0 0
 0 0 0 0 0 0 0 0 0 0 0 0 0 0 0 0 0 0 0 0 0 0 0 0 0 0
 0 0 0 0 0 0 0 0 0 0 0 0 0 0 0 0 0 0 0 0 0 0 0 0 0 0
 0 0 0 0 0 0 0 0 0 0 0 0 0 0 0 0 0 0 0 0 0 0 0 0 0 0
 0 0 0 0 0 0 0 0 0 0 0 0 0 0 0 0 0 0 0 0 0 0 0 0 0 0
 0.00862536 0 0 0.000197151 0.00414017 0.0128641 0.00837892 0.0270097 0.101434 0.158115 0.152841 0.127902 0.109271 0.109419 0.0830992 0.0579132 0.0238553 0.00714673 0.00463305 0.00128148 0.00103504 0.000492878 0.000147863 0.000147863 4.92878e-05 0
 0 0 0 0 0 0 0 0 0 0 0 0 0 0 0 0 0 0 0 0 0 0 0 0 0 0
 0 0 0 0 0 0 0 0.0054083 0.00873648 0.0413646 0.0450493 0.0745869 0.0622846 0.0627006 0.0613931 0.0827291 0.12552 0.122667 0.0946155 0.0697135 0.0546179 0.0294188 0.0215738 0.0213955 0.0102223 0.00600262
 0 0 0 0 0.00359764 0.0251062 0.0480494 0.140153 0.205849 0.193036 0.1447 0.116669 0.0760912 0.0342217 0.00950174 0.001854 0.000860785 0 0 0 0.000165536 0 0.000143464 0 0 0
 0 0 0 0 0 0 0 0.000145254 0.000435761 0.0275982 0.070085 0.0708112 0.156366 0.174668 0.174014 0.160142 0.0824315 0.0480064 0.0283245 0.00493863 0.00203355 0 0 0 0 0
 0 0 0 0 0 0 0 0 0 0 0 0 0 0 0 0 0 0 0 0 0 0 0 0 0 0
 0 0 1.00437e-05 0.000401748 0.00122533 0.00171747 0.00176769 0.0269171 0.070346 0.194647 0.189555 0.159765 0.064822 0.0314167 0.0384472 0.0292271 0.0345202 0.0313363 0.0194345 0.0106764 0.0143323 0.0359363 0.0279516 0.0138201 0.00172751 0
 0 0.0021121 0.0136068 0.0755702 0.200478 0.177729 0.0527432 0.0373336 0.0318909 0.0142505 0.0149659 0.0166563 0.0217959 0.0798694 0.0677717 0.0528807 0.04013 0.0224614 0.0357745 0.0225083 0.00881397 0.00855152 0.00135912 0.000746735 0 0
 0 0 0 0 5.4009e-05 0.00500934 0.000945158 0.0243581 0.138947 0.33067 0.221406 0.137944 0.0707744 0.0437923 0.0131692 0.00525238 0.0047753 0.00276346 9.45158e-05 9.00151e-06 2.25038e-05 9.00151e-06 4.50075e-06 0 0 0
 0.000866109 0.00284123 0.00948549 0.0512746 0.133035 0.25785 0.225252 0.132002 0.0553304 0.0519788 0.0540692 0.017754 0.00435017 0.00159236 0.00146478 0.000404838 0.000125132 0.000115318 0.000107957 0.000100596 0 0 0 0 0 0
 0 0 0 0 0.00144013 0.00171154 0.00461396 0.0210425 0.0478622 0.0707936 0.0888783 0.103762 0.0637923 0.0337046 0.0602308 0.124433 0.169614 0.0934646 0.0462172 0.0250306 0.0313229 0.00938855 0.002487 0.000210481 0 0
 0 0.00764035 0.051015 0.0998891 0.058973 0.0496711 0.0374665 0.0718981 0.12319 0.153886 0.159021 0.0857701 0.0377988 0.023471 0.0147837 0.00900784 0.00315554 0.000888139 0.00291439 0.00214683 0.00393193 0.00274676 0.000635225 9.99891e-05 0 0
 0 0 0 0 0 0 0 0 0 0 0 0 0 0 0 0 0 0 0 0 0 0 0 0 0 0
 0 0 0 0 0 0 0 0 0 0 0 0 0 0 0 0 0 0 0 0 0 0 0 0 0 0
 0 0 0 0 0 0 0 0 0 0 0 0 0 0 0 0 0 0 0 0 0 0 0 0 0 0
 0 0 0 0 0 0 0 0 0 0 0 0 0 0 0 0 0 0 0 0 0 0 0 0 0 0
 0 0 0 0 0 0 0 0 0 0 0 0 0 0 0 0 0 0 0 0 0 0 0 0 0 0
 0 0 0 0 0 0 0 0 0 0 0 0 0 0 0 0 0 0 0 0 0 0 0 0 0 0
 0 0 0 0 0 0 0 0 0 0 0 0 0 0 0 0 0 0 0 0 0 0 0 0 0 0
 0 0 0 0 0 0 0 0 0 0 0 0 0 0 0 0 0 0 0 0 0 0 0 0 0 0
 0 0 0 0 0 0 0 0 0 0 0 0 0 0 0 0 0 0 0 0 0 0 0 0 0 0
ppred_pel_tallas
 1.11014e-16 4.68348e-05 0.000455251 0.0030253 0.0137526 0.0427894 0.0911678 0.133064 0.133074 0.0912163 0.0429538 0.0142333 0.0042544 0.00321279 0.00550145 0.00958686 0.0151201 0.0217436 0.029021 0.0365872 0.044072 0.0507891 0.0555558 0.0569985 0.0542487 0.0475297
 1.18791e-16 4.05113e-05 0.000393784 0.00261684 0.0118958 0.0370123 0.0788597 0.115104 0.115132 0.0789982 0.0374776 0.0132405 0.00599627 0.00778514 0.014122 0.0234066 0.0340306 0.0435247 0.0494722 0.0509441 0.0491207 0.0464709 0.0451015 0.0455458 0.0467445 0.0469633
 1.12265e-16 5.74549e-05 0.000558482 0.00371131 0.0168711 0.0524923 0.111841 0.163238 0.163253 0.111913 0.0527356 0.0175753 0.00548478 0.00444903 0.00750294 0.0124633 0.0183069 0.0237909 0.0276973 0.0295063 0.0296862 0.0292866 0.0291653 0.029474 0.0297209 0.0292191
 1.04702e-16 6.55348e-05 0.000637022 0.00423324 0.0192437 0.0598743 0.127569 0.186194 0.186208 0.127638 0.0601041 0.0199077 0.00590115 0.00428195 0.00699956 0.0114996 0.0166368 0.0210925 0.0235781 0.0235239 0.0214202 0.0184682 0.0158254 0.0140308 0.0129511 0.0121171
 1.03294e-16 5.93742e-05 0.000577138 0.00383529 0.0174347 0.0542458 0.115577 0.168693 0.168715 0.115683 0.0546013 0.0184617 0.00641383 0.00620814 0.0107597 0.0177098 0.0255436 0.0322024 0.0356277 0.0348724 0.0306551 0.024853 0.0193569 0.015183 0.0123569 0.0103742
 1.02651e-16 6.5442e-05 0.00063612 0.00422724 0.0192164 0.0597895 0.127388 0.18593 0.185945 0.127459 0.0600267 0.0199021 0.00595017 0.00440342 0.00723822 0.0119096 0.0172595 0.021933 0.0245884 0.0245971 0.0223911 0.0191189 0.0159051 0.0133058 0.011282 0.00953205
 1.04151e-16 4.9114e-05 0.000477406 0.00317253 0.0144219 0.044872 0.0956057 0.139546 0.139577 0.095759 0.0453868 0.0159092 0.00690696 0.00863296 0.0155477 0.0256512 0.0370069 0.0466648 0.0516465 0.050576 0.044483 0.036068 0.0280482 0.0218802 0.0176026 0.0145084
 1.07984e-16 4.58927e-05 0.000446093 0.00296445 0.013476 0.0419289 0.0893349 0.130392 0.130419 0.0894637 0.0423619 0.0147287 0.0061168 0.00735349 0.01324 0.0220136 0.0321694 0.0414215 0.0474423 0.0491221 0.0471383 0.0433023 0.0392615 0.0356335 0.0321033 0.0281203
 1.09505e-16 5.32289e-05 0.000517404 0.00343833 0.0156302 0.0486314 0.103615 0.151233 0.151253 0.10371 0.0489504 0.0165532 0.00576124 0.0056082 0.00978062 0.0162416 0.0237635 0.0306782 0.0353228 0.0369541 0.0361496 0.0342923 0.032568 0.0312939 0.0299996 0.0280013
 1.04954e-16 6.5494e-05 0.000636625 0.0042306 0.0192317 0.059837 0.12749 0.186078 0.186091 0.127554 0.0600526 0.0198549 0.00579696 0.00406249 0.00659125 0.0108449 0.0157406 0.0200635 0.0226269 0.022903 0.0213287 0.0189732 0.0168409 0.0153589 0.0143552 0.0133928
 1.01734e-16 7.0894e-05 0.000689115 0.00457941 0.0208173 0.0647706 0.138001 0.201419 0.201429 0.138054 0.064948 0.02133 0.00586646 0.00349953 0.00541077 0.00883929 0.012742 0.0160572 0.0177553 0.0173656 0.0152521 0.0123588 0.00963525 0.00758977 0.00622933 0.00529058
 1.01244e-16 6.67478e-05 0.000648813 0.00431159 0.0195999 0.0609825 0.12993 0.18964 0.189656 0.130008 0.0612421 0.0203495 0.00619295 0.00475501 0.00786266 0.0128863 0.0185407 0.0232809 0.0255782 0.0247249 0.0212505 0.0165588 0.01209 0.00865877 0.00634974 0.00483474
 1.02179e-16 5.79268e-05 0.000563069 0.00374179 0.0170097 0.0529235 0.11276 0.164581 0.164605 0.112875 0.0533098 0.0181255 0.00654354 0.00668176 0.0116855 0.019245 0.0277588 0.0349907 0.0386929 0.0378142 0.0331041 0.0265709 0.0202529 0.0152714 0.0117135 0.0091223
 1.03234e-16 6.00743e-05 0.000583944 0.00388051 0.0176403 0.0548855 0.11694 0.170681 0.1707 0.117033 0.0551977 0.0185427 0.00614841 0.0055432 0.00950326 0.01568 0.0227316 0.0288976 0.0324141 0.0324509 0.0295685 0.0252661 0.0210108 0.0175267 0.0147658 0.0123473
 1.01286e-16 7.39605e-05 0.000718923 0.00477749 0.0217178 0.0675722 0.14397 0.21013 0.210137 0.144007 0.0676949 0.0220725 0.0056684 0.00266575 0.00377712 0.00614252 0.00887718 0.0112388 0.0125238 0.012408 0.011129 0.00930845 0.00756085 0.00619928 0.00520969 0.00441958
 1.00242e-16 7.8322e-05 0.000761318 0.00505923 0.0229985 0.0715569 0.15246 0.22252 0.222525 0.152481 0.0716273 0.0232017 0.0055691 0.00187362 0.00218858 0.00348837 0.00500382 0.00626335 0.00684491 0.00655554 0.00554332 0.00419952 0.00292908 0.00196639 0.00134164 0.000964133
 1.0101e-16 3.93262e-05 0.000382265 0.00254029 0.0115478 0.0359297 0.0765539 0.111743 0.111791 0.0767883 0.0367166 0.0138196 0.00823874 0.0128087 0.0236001 0.0388502 0.0557178 0.0695519 0.0756369 0.0717934 0.0597 0.0438156 0.0288036 0.0174354 0.0101666 0.00602981
 1.01327e-16 7.58027e-05 0.000736829 0.00489649 0.0222587 0.0692552 0.147556 0.215363 0.215366 0.147574 0.069318 0.0224409 0.00535632 0.00174877 0.00202134 0.00328324 0.00486483 0.00641277 0.00761074 0.00829406 0.00850989 0.00842132 0.00814488 0.00767199 0.00692816 0.00589078
 1.01515e-16 5.85127e-05 0.000568765 0.00377964 0.0171817 0.0534588 0.113901 0.166247 0.166273 0.114027 0.0538817 0.0184026 0.00684213 0.00724759 0.0127235 0.0208917 0.0299729 0.0374492 0.0408013 0.0388789 0.0326025 0.0243741 0.0166813 0.0109655 0.00740016 0.00539094
 1.02713e-16 6.06618e-05 0.000589654 0.00391846 0.0178128 0.0554222 0.118084 0.17235 0.172369 0.118174 0.0557256 0.01869 0.00612327 0.00541225 0.00924726 0.0152631 0.0221461 0.0281892 0.0316769 0.0317881 0.0290377 0.0248435 0.0205992 0.0170045 0.0140478 0.0114254
 1.02665e-16 6.51431e-05 0.000633215 0.00420793 0.0191287 0.0595165 0.126807 0.185081 0.185096 0.12688 0.0597644 0.0198452 0.00600786 0.00456704 0.00754967 0.0124135 0.0179594 0.0227608 0.0254071 0.0252459 0.0227532 0.0191717 0.0157236 0.0130208 0.0110207 0.00937309
 1.02108e-16 6.58732e-05 0.000640311 0.00425509 0.019343 0.0601834 0.128228 0.187155 0.187171 0.128303 0.060437 0.0200755 0.00609419 0.00465709 0.00770041 0.0126417 0.018241 0.0230155 0.0254983 0.0250112 0.0220566 0.0179556 0.0140362 0.0110083 0.00888949 0.00733725
 1.0557e-16 3.22323e-05 0.000313309 0.00208205 0.00946474 0.0294486 0.062745 0.0915881 0.0916356 0.0629768 0.030227 0.0117135 0.00772864 0.0126458 0.0234715 0.0387976 0.055992 0.0706304 0.0782078 0.0766261 0.0674099 0.0546034 0.0422874 0.0326689 0.0258531 0.0208504
 1.05794e-16 6.48504e-05 0.000630369 0.00418902 0.0190427 0.0592489 0.126236 0.184248 0.184256 0.126277 0.0593863 0.0194414 0.00519697 0.00285449 0.00435866 0.0072857 0.010916 0.0146215 0.0177858 0.0200966 0.0216493 0.0227124 0.0233731 0.0234002 0.0224323 0.0202963
 1.04893e-16 5.82094e-05 0.000565816 0.00376005 0.0170926 0.0531817 0.11331 0.165384 0.165406 0.11342 0.0535494 0.0181548 0.00642612 0.00638577 0.0111116 0.0182798 0.026337 0.0331523 0.0366094 0.0357684 0.0314427 0.0256553 0.0204141 0.0167503 0.0145796 0.0132049
 1.07516e-16 4.15571e-05 0.00040395 0.00268439 0.0122029 0.0379679 0.0808958 0.118077 0.118111 0.0810627 0.0385283 0.0138228 0.0067555 0.00930727 0.0169977 0.0281581 0.0408465 0.0519678 0.0583745 0.0585925 0.053641 0.0462179 0.0389523 0.0331241 0.0286072 0.0246592
 1.05678e-16 6.45457e-05 0.000627407 0.00416934 0.0189532 0.0589706 0.125643 0.183383 0.183393 0.125696 0.0591477 0.0194661 0.00546156 0.00346478 0.00550175 0.00912097 0.0134333 0.0175272 0.0205109 0.0219699 0.0221649 0.0217433 0.0212134 0.0206279 0.0196838 0.0180623
 1.03814e-16 6.23177e-05 0.00060575 0.00402542 0.018299 0.0569351 0.121307 0.177055 0.177073 0.121397 0.057239 0.0191767 0.0062289 0.00541693 0.00920282 0.0151248 0.0218063 0.0274805 0.0303981 0.029773 0.0262553 0.0214864 0.0170998 0.013942 0.0119662 0.010643
 1.06622e-16 3.82289e-05 0.000371599 0.00246941 0.0112256 0.0349272 0.0744175 0.108623 0.108662 0.0746101 0.0355738 0.0130941 0.00716302 0.0106288 0.0195508 0.0323452 0.0467876 0.059248 0.0660345 0.0654254 0.0586504 0.0489628 0.0395961 0.0322237 0.0268234 0.0225476
 1.10967e-16 4.79807e-05 0.000466389 0.00309932 0.0140891 0.0438365 0.0933989 0.136322 0.136342 0.0934926 0.0441516 0.0150022 0.00540269 0.00553223 0.00977947 0.0163814 0.0242734 0.0319542 0.0378959 0.0413643 0.0427378 0.0429885 0.0427894 0.0420363 0.0401077 0.0365081
 1.06558e-16 6.49439e-05 0.000631278 0.00419507 0.0190702 0.0593344 0.126419 0.184514 0.184526 0.126478 0.059533 0.0196445 0.00563929 0.00379264 0.00609484 0.010043 0.0146303 0.0187678 0.021405 0.0220957 0.0212607 0.0198619 0.018746 0.0181774 0.0178477 0.017227
 1.06809e-16 4.55232e-05 0.000442501 0.00294058 0.0133675 0.0415913 0.088616 0.129345 0.129379 0.0887833 0.0421533 0.0149908 0.00701609 0.00934171 0.016954 0.0279764 0.0403469 0.0508516 0.0562512 0.0550757 0.0485046 0.0395546 0.0312465 0.025175 0.021311 0.01874
 1.04666e-16 6.48024e-05 0.000629903 0.00418592 0.0190286 0.0592051 0.126143 0.184112 0.184124 0.1262 0.0593957 0.0195803 0.00557519 0.00367769 0.00589717 0.00976197 0.014326 0.0185805 0.0215299 0.0226987 0.0223626 0.0212535 0.0199999 0.018774 0.0173684 0.0155249
pSPR Fmed_Fpbrs
1   0.984187 0.6 0.325 0.984187 0.984187 0.984187
Fs Fmed_Fpbrs
0   0.01 0.368467 0.961164 0.01 0.01 0.01
SSBpbr Bo_Bmed_Bpbrs
1.00659e+06  956258  940340 553623 276811 940340 940340 940340
Ro
161961
SPR SPRFo_SPRFmed_SPRFpbrs
1.16682e+06 1.16682e+06 1.14837e+06
Fref
0
Nvult_r0
 143749 26350.4 16856 2582.82 1783.25
CTP_r0
 16876.3 5828.27 3910.19 600.695 414.794
YTP_r0
356504
Np
 212038 78004.4 28696.2 10556.7 5312.31
Nvult_p0
 134034 49308.2 18139.5 6673.14 3358.02
CTP_p0
 0 0 0 0 0
 0 0 0 0 0
 0 0 0 0 0
 0 0 0 0 0
 0 0 0 0 0
 0 0 0 0 0
YTP_p0
 0 0 0 0 0 0
CBA_c0
0
log_Ro
11.8151
likeval ReclasPelacesDesembMPH_pf_preclas_ppelaces_ptallas_desvR_qrecl_qpela
 15.9187 17.3178 0.0539203 29.7846 235.86 135.663 110.337 0 22.622 1.71941e-08 2.20204e-06 0.257894 2064.25 0 0
q_reclas_q_pelaces
1.01872 1.2335
M
1
N
 183954 34183.9 111072 6724.84 0.262035
 90645.3 62297.7 10538.7 33860.6 2048.86
 114316 28685.3 16617.4 2754.26 9374.09
 158464 36296.3 7705.97 4375.78 3189.98
 136668 45748.3 7958.5 1635 1602.22
 212535 46606.9 14315 2464.8 1001.99
 88833.9 66464.5 12121 3641.73 880.845
 45543.8 23373.4 11954 2083.12 775.253
 41981.9 15870.9 7659.18 3888.48 929.404
 56550.4 12501.1 3717.64 1743.38 1094.87
 113877 15825 2564.58 734.887 559.862
 150630 39132.7 5033.23 808.169 407.794
 96353.7 42564.9 8196.8 1017.21 245.242
 59062.6 27435.9 9061.99 1685.48 259.083
 101520 12203.6 2945.29 899.594 192.187
 419589 26262 2116.82 487.057 180.058
 94507.5 113552 5016.03 387.819 121.931
 587013 29965.5 30414.8 1316.72 133.657
 371749 177586 7260.53 7176.42 341.706
 335993 106434 38252.3 1511.63 1562.27
 435460 100012 24911.1 8699.5 697.924
 564800 136702 26223.7 6392.82 2408.69
 122458 169932 32736.5 6110.95 2047.84
 338564 40548.9 49931.6 9482.72 2361.42
 308056 111455 11767.2 14273.4 3382.85
 136283 102505 33092.9 3446.65 5167.55
 297002 46440.1 32022.1 10231.3 2661.64
 353629 98066.6 13563.4 9216.34 3707.64
 126458 118471 29543 4034.5 3841.51
 118810 43483.2 37730.7 9323.05 2484.17
 222457 40020.1 13252.4 11362.5 3553.3
 105184 71535 11046.6 3591.84 4038.49
 212038 36442.3 23153 3546.36 2448.47
pred_Ctot
 9299.06 3550.77 12214.9 741.84 0.0289107
 8108.44 11112.7 1983.37 6391.07 386.775
 10013.9 5018.04 3067.49 509.906 1735.72
 21989.4 9663.51 2155.11 1227.02 894.632
 6345.96 4378.69 806.761 166.258 162.952
 20411.7 8880.38 2876.01 496.623 201.918
 16432.6 22737.1 4337.98 1306.51 316.054
 1525.27 1629.53 883.693 154.484 57.5024
 5145.1 3779.77 1918.85 976.847 233.514
 8747.26 3663.54 1142.83 537.311 337.483
 4769.74 1371.04 235.419 67.6719 51.5633
 22556.5 11146 1504.43 242.191 122.224
 14054.5 11845.4 2394.64 297.951 71.8439
 17142.5 13516.4 4628.74 862.586 132.605
 19599 4328.87 1092.23 334.404 71.4501
 71886.5 8412.29 710.222 163.823 60.5708
 8351.65 20027.2 933.469 72.3821 22.7606
 66979.2 6688.43 7146.71 310.256 31.498
 53181.6 48577.8 2085.46 2066.74 98.4216
 41245.2 25385.5 9597.32 380.301 393.097
 40897.4 18665.9 4903.31 1717.28 137.791
 66106.1 31227 6304.6 1541.19 580.774
 7800.9 22020.2 4485.93 839.931 281.514
 22707.5 5517.9 7183.1 1368.29 340.79
 18749.8 13829.4 1544.41 1879.04 445.411
 6390.01 9903.57 3386.17 353.772 530.496
 19406 6164.74 4494.49 1440.36 374.766
 20123.2 11411.1 1669.99 1138.24 457.975
 5249.31 10175.1 2688.54 368.311 350.752
 6382.52 4788.25 4397.55 1089.96 290.472
 17897.7 6465.63 2260.73 1944.05 608.042
 3889.86 5492.53 899.069 293.262 329.785
 16876.3 5828.27 3910.19 600.695 414.794
F
 0.0827631 0.176704 0.187931 0.188561 0.188595
 0.15057 0.321475 0.341901 0.343048 0.343108
 0.147251 0.314389 0.334364 0.335485 0.335545
 0.242371 0.517476 0.550354 0.5522 0.552298
 0.0758044 0.161846 0.172129 0.172707 0.172737
 0.162438 0.346814 0.368849 0.370086 0.370152
 0.335168 0.715602 0.761068 0.763622 0.763757
 0.0541884 0.115695 0.123046 0.123459 0.123481
 0.211422 0.451398 0.480077 0.481688 0.481773
 0.273539 0.584021 0.621127 0.623211 0.623321
 0.0681636 0.145533 0.15478 0.155299 0.155326
 0.263794 0.563214 0.598998 0.601008 0.601114
 0.256172 0.546942 0.581692 0.583644 0.583747
 0.576869 1.23165 1.3099 1.31429 1.31453
 0.352129 0.751814 0.799581 0.802264 0.802406
 0.307011 0.655485 0.697131 0.69947 0.699594
 0.148632 0.317336 0.337499 0.338631 0.338691
 0.19559 0.417594 0.444126 0.445617 0.445695
 0.250698 0.535255 0.569262 0.571172 0.571273
 0.211801 0.452206 0.480937 0.482551 0.482636
 0.158603 0.338625 0.36014 0.361348 0.361412
 0.201076 0.429308 0.456584 0.458116 0.458197
 0.105263 0.224742 0.239021 0.239823 0.239866
 0.111093 0.237189 0.252259 0.253105 0.25315
 0.100373 0.214301 0.227917 0.228682 0.228722
 0.0765703 0.163482 0.173869 0.174452 0.174483
 0.108094 0.230786 0.245449 0.246273 0.246316
 0.0935811 0.199801 0.212495 0.213208 0.213246
 0.0675365 0.144194 0.153356 0.15387 0.153897
 0.0881469 0.188199 0.200156 0.200827 0.200863
 0.134545 0.287261 0.305512 0.306537 0.306591
 0.0599808 0.128062 0.136199 0.136656 0.13668
 0.133017 0.284 0.302044 0.303057 0.30311
YTP_r0W_actual
 127247 101703 94118.2 18813.8 14621.5
YTP_p0W_proyectada
 0 0 0 0 0
 0 0 0 0 0
 0 0 0 0 0
 0 0 0 0 0
 0 0 0 0 0
 0 0 0 0 0
CTP_r0_actual
 16876.3 5828.27 3910.19 600.695 414.794
CTP_p0_proyectada
 0 0 0 0 0
 0 0 0 0 0
 0 0 0 0 0
 0 0 0 0 0
 0 0 0 0 0
 0 0 0 0 0
Wmedp
 7.54 17.45 24.07 31.32 35.25
Frms_r0
 0.133017 0.284 0.302044 0.303057 0.30311
Zrms_r0
 1.13302 1.284 1.30204 1.30306 1.30311
nmprior
 7.29 8.9 8.7 0
nm_flota  nm_reclas  nm_pelaces    nm_pelaL
inf 11.5927 21.147 71.6717
cv_recla  cv_pelaces  cv_mph
0.345529 0.455865 0.729293
 ------------------------------------------------
Talla a la edad & desviaci?n 
 8 13.2811 15.8009 17.003 17.5766
 0.8 1.32811 1.58009 1.7003 1.75766
