years
 1991 1992 1993 1994 1995 1996 1997 1998 1999 2000 2001 2002 2003 2004 2005 2006 2007 2008 2009 2010 2011 2012 2013 2014 2015 2016 2017 2018 2019 2020 2021 2022 2023
reclasobs
 0 0 0 0 0 0 0 0 0 252601 567819 844713 477998 351125 339783 2.1784e+06 2.13404e+06 4.81314e+06 1.55562e+06 2.62356e+06 3.21686e+06 3.843e+06 1.13348e+06 3.07943e+06 1.97215e+06 2.03268e+06 2.025e+06 2.42433e+06 2.27542e+06 1.05018e+06 2.36338e+06 3.18982e+06 1.53035e+06
reclaspred
 2.90473e+06 1.59689e+06 844222 880879 912454 1.38122e+06 832644 786958 583072 439083 549141 720889 633510 384071 558073 1.3105e+06 1.28902e+06 2.62507e+06 2.15604e+06 1.76353e+06 3.16959e+06 2.54325e+06 2.04689e+06 3.04527e+06 2.31886e+06 2.09963e+06 2.45436e+06 2.6823e+06 2.29355e+06 1.67946e+06 1.84274e+06 1.92983e+06 1.68256e+06
pelacesobs
 0 0 0 0 0 0 0 0 0 0 0 0 0 0 0 552880 188675 0 991730 2.46772e+06 1.41603e+06 1.21717e+06 2.29649e+06 1.80582e+06 0 1.4828e+06 1.56532e+06 1.57751e+06 1.42118e+06 867257 1.10002e+06 1.06204e+06 0
pelacespred
 1.57727e+06 958034 495170 428464 471417 740126 403243 486476 344100 245845 318602 354441 336893 206284 324657 631893 620559 1.44879e+06 1.22311e+06 904329 1.64236e+06 1.40903e+06 1.1412e+06 1.86457e+06 1.3576e+06 1.22799e+06 1.64603e+06 1.61541e+06 1.24433e+06 1.04764e+06 1.0001e+06 1.05813e+06 946513
mphobs
 0 0 0 0 0 0 0 0 0 0 0 0 498337 0 5186 125008 0 168611 109162 213762 579715 649985 157893 87575 83554 210694 70296 0 107559 103333 445601 22526 28222
mphpred
 478088 320950 156496 91889.8 104223 121512 149259 90334.4 85237.6 60336 41664.1 72013.5 83314.8 56211 28853.8 57417 165908 159510 270084 365075 429467 513732 103869 89152.3 127375 102164 89929.5 97758.8 137315 104964 65722.6 86931 60373.7
desembarqueobs
 494567 514787 250237 358949 120608 361735 552515 73892 212993 205616 52469 317467 293654 387597 252695 516296 358380 742168 942051 627588 828172 859565 418607 520667 417249 300574 415391 372974 316634 284311 391294 218835 356480
desembarquepred
 494570 513565 250838 359005 120616 361770 552604 73897.8 213057 205675 52471.9 317526 293774 387808 252674 516244 358412 742059 941824 627411 828289 859634 418636 520722 417254 300586 415409 372965 316626 284302 391284 218848 356502
Reclutas
 189648 94334.8 120649 170736 146494 224710 95587 49615 45303.9 60608.1 120867 155461 99940.8 62091.3 106922 442768 102235 613209 392491 351618 463032 598706 131707 363936 329811 146874 319057 379050 135805 127465 239317 114246 230451
log_desv_Rt
 0.0952953 -0.603026 -0.356989 -0.00976001 -0.162895 0.264932 -0.58984 -1.24558 -1.33648 -1.04545 -0.355187 -0.10348 -0.545298 -1.02127 -0.477779 0.94317 -0.522604 1.26883 0.822638 0.712668 0.987919 1.24489 -0.269299 0.747102 0.648645 -0.160299 0.615493 0.787791 -0.238654 -0.302032 0.327912 -0.411522 0.290162
SSB
 2.67078e+06 1.79295e+06 874246 513331 582227 678809 833818 504642 476169 337059 232751 402294 444748 307384 155830 310633 926825 891081 1.5547e+06 1.18134e+06 1.42373e+06 1.78203e+06 1.681e+06 1.39311e+06 1.87077e+06 1.58741e+06 1.32157e+06 1.38509e+06 2.01289e+06 1.45251e+06 1.03081e+06 1.39293e+06 899801
BT
 3.67506e+06 2.4826e+06 1.26904e+06 1.18007e+06 1.06592e+06 1.82779e+06 1.33482e+06 1.06368e+06 922812 702537 702057 995413 956510 823710 920597 1.72975e+06 1.5585e+06 3.62832e+06 3.42819e+06 2.43305e+06 4.02652e+06 3.72617e+06 2.71148e+06 4.31486e+06 3.18969e+06 2.79032e+06 3.80732e+06 3.68349e+06 2.82089e+06 2.42967e+06 2.41189e+06 2.35138e+06 2.26544e+06
Ftot
 0.170182 0.309255 0.301882 0.494461 0.154357 0.334956 0.679121 0.107995 0.419457 0.536005 0.137741 0.549949 0.535713 1.17185 0.717635 0.635836 0.306933 0.40689 0.523861 0.439323 0.328515 0.416186 0.217246 0.228428 0.206885 0.158186 0.222859 0.193657 0.140379 0.182205 0.276573 0.123616 0.271889
BD_Bspro_t
 0.97338 0.823206 0.65058 0.57644 0.581434 0.661967 0.633741 0.47007 0.544571 0.504444 0.481799 0.690721 0.583003 0.440043 0.287399 0.43744 0.593773 0.567176 0.6367 0.542995 0.54209 0.592661 0.612059 0.607356 0.702334 0.717269 0.723679 0.751874 0.803031 0.751696 0.708508 0.745402 0.743941
BD_Bspro
 2.15021 1.44348 0.703844 0.413276 0.468743 0.5465 0.671296 0.406281 0.383358 0.271362 0.187385 0.323882 0.358061 0.247471 0.125457 0.250086 0.746175 0.717397 1.25167 0.951082 1.14623 1.43469 1.35335 1.12158 1.50614 1.278 1.06398 1.11512 1.62055 1.1694 0.829892 1.12143 0.724418
BD_Bo
 2.39875 1.61033 0.7852 0.461045 0.522924 0.609669 0.74889 0.453241 0.427669 0.302728 0.209044 0.361319 0.399449 0.276075 0.139958 0.278993 0.832423 0.800319 1.39634 1.06101 1.27872 1.60052 1.50979 1.25122 1.68023 1.42572 1.18696 1.24401 1.80787 1.30457 0.925817 1.25105 0.808151
BD_Brms
 2.56799 1.72394 0.840598 0.493574 0.559818 0.652683 0.801727 0.485219 0.457842 0.324087 0.223793 0.386811 0.427631 0.295553 0.149833 0.298677 0.891154 0.856785 1.49486 1.13587 1.36894 1.71345 1.61631 1.33949 1.79877 1.52631 1.2707 1.33178 1.93542 1.39661 0.991137 1.33932 0.865169
Sel_flota
 0.446792 0.93882 0.996582 0.99982 0.99999
 0.446792 0.93882 0.996582 0.99982 0.99999
 0.446792 0.93882 0.996582 0.99982 0.99999
 0.446792 0.93882 0.996582 0.99982 0.99999
 0.446792 0.93882 0.996582 0.99982 0.99999
 0.446792 0.93882 0.996582 0.99982 0.99999
 0.446792 0.93882 0.996582 0.99982 0.99999
 0.446792 0.93882 0.996582 0.99982 0.99999
 0.446792 0.93882 0.996582 0.99982 0.99999
 0.446792 0.93882 0.996582 0.99982 0.99999
 0.446792 0.93882 0.996582 0.99982 0.99999
 0.446792 0.93882 0.996582 0.99982 0.99999
 0.446792 0.93882 0.996582 0.99982 0.99999
 0.446792 0.93882 0.996582 0.99982 0.99999
 0.446792 0.93882 0.996582 0.99982 0.99999
 0.446792 0.93882 0.996582 0.99982 0.99999
 0.446792 0.93882 0.996582 0.99982 0.99999
 0.446792 0.93882 0.996582 0.99982 0.99999
 0.446792 0.93882 0.996582 0.99982 0.99999
 0.446792 0.93882 0.996582 0.99982 0.99999
 0.446792 0.93882 0.996582 0.99982 0.99999
 0.446792 0.93882 0.996582 0.99982 0.99999
 0.446792 0.93882 0.996582 0.99982 0.99999
 0.446792 0.93882 0.996582 0.99982 0.99999
 0.446792 0.93882 0.996582 0.99982 0.99999
 0.446792 0.93882 0.996582 0.99982 0.99999
 0.446792 0.93882 0.996582 0.99982 0.99999
 0.446792 0.93882 0.996582 0.99982 0.99999
 0.446792 0.93882 0.996582 0.99982 0.99999
 0.446792 0.93882 0.996582 0.99982 0.99999
 0.446792 0.93882 0.996582 0.99982 0.99999
 0.446792 0.93882 0.996582 0.99982 0.99999
 0.446792 0.93882 0.996582 0.99982 0.99999
Sel_reclas
 1 1 1 1 1
 1 1 1 1 1
 1 1 1 1 1
 1 1 1 1 1
 1 1 1 1 1
 1 1 1 1 1
 1 1 1 1 1
 1 1 1 1 1
 1 1 1 1 1
 1 1 1 1 1
 1 1 1 1 1
 1 1 1 1 1
 1 1 1 1 1
 1 1 1 1 1
 1 1 1 1 1
 1 1 1 1 1
 1 1 1 1 1
 1 1 1 1 1
 1 1 1 1 1
 1 1 1 1 1
 1 1 1 1 1
 1 1 1 1 1
 1 1 1 1 1
 1 1 1 1 1
 1 1 1 1 1
 1 1 1 1 1
 1 1 1 1 1
 1 1 1 1 1
 1 1 1 1 1
 1 1 1 1 1
 1 1 1 1 1
 1 1 1 1 1
 1 1 1 1 1
Sel_pelaces
 1 1 1 1 1
 1 1 1 1 1
 1 1 1 1 1
 1 1 1 1 1
 1 1 1 1 1
 1 1 1 1 1
 1 1 1 1 1
 1 1 1 1 1
 1 1 1 1 1
 1 1 1 1 1
 1 1 1 1 1
 1 1 1 1 1
 1 1 1 1 1
 1 1 1 1 1
 1 1 1 1 1
 1 1 1 1 1
 1 1 1 1 1
 1 1 1 1 1
 1 1 1 1 1
 1 1 1 1 1
 1 1 1 1 1
 1 1 1 1 1
 1 1 1 1 1
 1 1 1 1 1
 1 1 1 1 1
 1 1 1 1 1
 1 1 1 1 1
 1 1 1 1 1
 1 1 1 1 1
 1 1 1 1 1
 1 1 1 1 1
 1 1 1 1 1
 1 1 1 1 1
pf_obs 
 0.8446 0.082 0.0669 0.0065 0
 0.8095 0.147 0.0364 0.0071 0
 0.9664 0.0169 0.016 0.0007 0
 0.9276 0.0648 0.0075 0.0001 0
 0.7033 0.2144 0.0806 0.0017 0
 0.9318 0.0425 0.0243 0.0014 0
 0.5671 0.3108 0.0964 0.0239 0.0018
 0.0768 0.2599 0.5324 0.112 0.0189
 0.490249 0.384438 0.106611 0.0170017 0.00170017
 0.7925 0.1577 0.0466 0.003 0.0002
 0.840416 0.127587 0.0312969 0.00059994 9.999e-05
 0.8084 0.0986 0.0794 0.0134 0.0002
 0.7335 0.1905 0.0724 0.0035 0.0001
 0.4001 0.4547 0.1325 0.0127 0
 0.49795 0.308269 0.164784 0.0264974 0.00249975
 0.9179 0.0499 0.0305 0.0017 0
 0.2467 0.6533 0.0926 0.0074 0
 0.9418 0.0223 0.034 0.0019 0
 0.707729 0.231977 0.0356964 0.0245975 0
 0.517169 0.277429 0.184464 0.0207286 0.00020938
 0.811772 0.124168 0.05621 0.00726502 0.000585176
 0.764997 0.148141 0.077277 0.00933861 0.000247198
 0.163321 0.427699 0.378323 0.0303852 0.000271297
 0.753843 0.0900009 0.118128 0.0371064 0.000921714
 0.721811 0.176058 0.0630433 0.0369309 0.00215725
 0.143369 0.312575 0.442814 0.0836902 0.0175525
 0.692698 0.0596174 0.167031 0.0765114 0.00414204
 0.394062 0.376323 0.152708 0.0712218 0.00568511
 0.125707 0.32114 0.495352 0.0537591 0.00404204
 0.23352 0.215282 0.420074 0.123614 0.00750983
 0.796117 0.104755 0.0508955 0.0450114 0.00322123
 0.162477 0.292055 0.404252 0.121198 0.0200186
 0 0 0 0 0
pf_pred 
 0.348447 0.13293 0.489905 0.0287169 1.10576e-06
 0.28524 0.386486 0.0703897 0.24365 0.0142338
 0.488449 0.242233 0.150331 0.0255881 0.0933988
 0.61183 0.265513 0.0602042 0.0349201 0.0275329
 0.529501 0.370766 0.0698437 0.0147022 0.0151878
 0.615194 0.270908 0.0909357 0.0160974 0.006865
 0.36257 0.499355 0.0991858 0.0310734 0.00781638
 0.352432 0.379103 0.21399 0.0391814 0.0152933
 0.418444 0.311105 0.162334 0.0862376 0.0218796
 0.59227 0.25606 0.0839042 0.0407403 0.0270259
 0.723687 0.214718 0.0397901 0.0120852 0.00971931
 0.624755 0.317834 0.0452293 0.00787891 0.00430266
 0.484956 0.411623 0.0886129 0.0116766 0.00313135
 0.465572 0.371174 0.132458 0.0264027 0.00439332
 0.756724 0.175983 0.0481827 0.0155215 0.00358821
 0.880868 0.10582 0.00985184 0.00248116 0.000979502
 0.285449 0.677 0.0336478 0.00289189 0.00101132
 0.818187 0.0849252 0.0921153 0.00427855 0.00049446
 0.500764 0.456042 0.0209483 0.0211539 0.0010918
 0.528403 0.331317 0.128979 0.00549216 0.00580805
 0.615011 0.27809 0.0767034 0.0277722 0.00242328
 0.62154 0.295889 0.0607775 0.0156539 0.00613928
 0.220379 0.615667 0.130171 0.0248932 0.00889061
 0.609055 0.147731 0.194643 0.0385917 0.00998026
 0.51196 0.378331 0.0431556 0.0533005 0.0132534
 0.311005 0.476746 0.166932 0.0178645 0.0274534
 0.606785 0.19243 0.141592 0.0465894 0.0126036
 0.576712 0.326745 0.0488256 0.0336849 0.014032
 0.278894 0.536432 0.144632 0.0202862 0.019756
 0.375578 0.280078 0.26018 0.0659644 0.0181999
 0.612025 0.219887 0.0780606 0.068081 0.0219466
 0.357804 0.499379 0.0833228 0.0276835 0.0318105
 0.610401 0.209723 0.141783 0.0222561 0.0158369
pobs_RECLAS
 0 0 0 0 0
 0 0 0 0 0
 0 0 0 0 0
 0 0 0 0 0
 0 0 0 0 0
 0 0 0 0 0
 0 0 0 0 0
 0 0 0 0 0
 0 0 0 0 0
 0 0 0 0 0
 0.991045 0.00858322 0.000360255 1.14367e-05 0
 0.934742 0.0480273 0.0164251 0.00080598 0
 0.827803 0.169806 0.00239088 0 0
 0.941827 0.0461693 0.0120037 0 0
 0.791401 0.0380133 0.147996 0.0225897 0
 0.846168 0.0940531 0.0597789 0 0
 0.134021 0.677848 0.182769 0.00536245 0
 0.80878 0.0450904 0.141981 0.00414843 0
 0.846168 0.0940531 0.0597789 0 0
 0.905697 0.0802665 0.012482 0.00150086 5.37128e-05
 0.989698 0.0102097 9.19794e-05 0 0
 0.975433 0.0193895 0.00387452 0.00125025 5.28907e-05
 0.303575 0.632131 0.0575291 0.00676475 0
 0.966965 0.00978017 0.0227588 0.000495775 0
 0.843318 0.132988 0.00938335 0.0141283 0.000182051
 0.564624 0.303363 0.111486 0.0197234 0.00080311
 0.826376 0.0876187 0.0782897 0.00655872 0.00115652
 0.89761 0.0855135 0.0140674 0.00269457 0.000114338
 0.34875 0.467042 0.161289 0.0227151 0.000203297
 0.318654 0.224769 0.449479 0.00709798 0
 0.937255 0.0296025 0.0250945 0.00804832 0
 0.456809 0.399803 0.12412 0.0192676 0
 0.883104 0.0372192 0.0704036 0.00927362 0
ppred_RECLAS
 0.542997 0.0978331 0.339344 0.0198259 7.63275e-07
 0.467031 0.296664 0.0508033 0.175264 0.010237
 0.677791 0.157648 0.091998 0.0156068 0.0569562
 0.776264 0.156138 0.0332387 0.0192133 0.015146
 0.706879 0.233948 0.0414813 0.00870319 0.00898911
 0.776663 0.160102 0.0505216 0.00891332 0.00380055
 0.557677 0.351364 0.0654057 0.0204182 0.00513516
 0.540822 0.275569 0.146451 0.0267274 0.0104304
 0.613997 0.212607 0.104221 0.0551781 0.0139969
 0.762932 0.152454 0.0468824 0.0226855 0.0150462
 0.848751 0.11912 0.0207799 0.00629064 0.00505826
 0.784499 0.184288 0.0246087 0.004272 0.00233251
 0.673502 0.264226 0.053383 0.00701003 0.00187956
 0.670068 0.234091 0.0778189 0.0154515 0.00257054
 0.874101 0.0927198 0.0237812 0.00763363 0.00176438
 0.941948 0.0519324 0.00453315 0.00113766 0.000449037
 0.46083 0.512452 0.0239486 0.00205141 0.000717267
 0.908901 0.0439726 0.0448123 0.00207438 0.000239688
 0.685564 0.288807 0.0124517 0.0125307 0.000646615
 0.710419 0.207201 0.0757654 0.00321524 0.00339956
 0.776277 0.164375 0.0426241 0.0153813 0.00134187
 0.781341 0.173273 0.0334374 0.00858297 0.00336553
 0.377952 0.497485 0.0989647 0.0188629 0.00673572
 0.77459 0.0884708 0.109665 0.0216712 0.00560344
 0.692891 0.24138 0.0259077 0.0318923 0.00792879
 0.49316 0.357247 0.117738 0.0125585 0.0192961
 0.771682 0.11527 0.0797995 0.0261703 0.00707848
 0.74546 0.199236 0.028016 0.0192645 0.00802357
 0.453655 0.4127 0.104743 0.0146432 0.0142581
 0.568534 0.200115 0.174947 0.0442088 0.0121953
 0.775292 0.130823 0.043679 0.0379681 0.0122372
 0.543993 0.359383 0.0564517 0.0186943 0.0214775
 0.77428 0.124977 0.0794652 0.0124324 0.00884504
pobs_PELACES
 0 0 0 0 0
 0 0 0 0 0
 0 0 0 0 0
 0 0 0 0 0
 0 0 0 0 0
 0 0 0 0 0
 0 0 0 0 0
 0 0 0 0 0
 0 0 0 0 0
 0 0 0 0 0
 0 0 0 0 0
 0 0 0 0 0
 0 0 0 0 0
 0 0 0 0 0
 0 0 0 0 0
 0 0 0 0 0
 0.505614 0.472636 0.0217494 0 0
 0 0 0 0 0
 0.443492 0.261883 0.143347 0.151278 0
 0.227955 0.32914 0.350689 0.0885471 0.00366901
 0.970185 0.0296113 0.000203453 0 0
 0.997202 0.00247181 0.000326279 0 0
 0.445219 0.490057 0.0546422 0.010081 0
 0.90214 0.0892962 0.00764917 0.000914606 0
 0 0 0 0 0
 0.581667 0.319106 0.0959925 0.00289975 0.000334073
 0.762889 0.0836404 0.116647 0.0363945 0.000428098
 0.88444 0.0763242 0.0277011 0.0115352 0
 0.521256 0.241999 0.230069 0.00667565 0
 0.616807 0.101726 0.260614 0.0208532 0
 0.833518 0.0704572 0.0857862 0.0102388 0
 0.697417 0.212968 0.0787535 0.0105354 0.000325836
 0 0 0 0 0
ppred_PELACES
 0.550478 0.0964779 0.333559 0.0194844 7.50121e-07
 0.480228 0.290108 0.0493885 0.170327 0.00994847
 0.689047 0.152599 0.0885411 0.0150155 0.0547973
 0.790382 0.146713 0.0309394 0.0178747 0.0140904
 0.712168 0.229865 0.0406376 0.00852476 0.00880474
 0.786261 0.153501 0.0481303 0.0084884 0.0036193
 0.585331 0.330284 0.0606909 0.0189326 0.00476135
 0.545379 0.273061 0.14482 0.0264266 0.010313
 0.630862 0.204064 0.0992366 0.0525157 0.0133212
 0.778954 0.142681 0.0434312 0.0210035 0.0139301
 0.851671 0.116887 0.0203367 0.00615559 0.00494963
 0.799457 0.171759 0.0226965 0.00393773 0.00214993
 0.69275 0.249136 0.0498229 0.00653879 0.00175316
 0.712031 0.205651 0.0668544 0.0132578 0.00220545
 0.886742 0.083715 0.0211799 0.00679342 0.00157012
 0.947407 0.0471098 0.00406265 0.00101889 0.000402144
 0.473307 0.500739 0.0232647 0.00199217 0.000696544
 0.91454 0.0414168 0.0418816 0.00193788 0.00022391
 0.703778 0.272305 0.0116236 0.0116907 0.000603254
 0.725346 0.196989 0.0714308 0.00302987 0.00320349
 0.785688 0.157726 0.0406446 0.0146619 0.00127908
 0.79294 0.164355 0.0314658 0.0080733 0.00316561
 0.386478 0.491077 0.0972863 0.0185387 0.00661986
 0.781456 0.0860053 0.106146 0.0209706 0.00542222
 0.700175 0.23586 0.0252156 0.0310335 0.00771519
 0.499806 0.35288 0.115949 0.0123656 0.0189995
 0.778363 0.112136 0.0773009 0.0253448 0.00685513
 0.751534 0.194642 0.0272691 0.0187471 0.00780797
 0.459474 0.408575 0.103419 0.0144559 0.0140756
 0.576237 0.196914 0.171551 0.0433423 0.0119561
 0.783404 0.126387 0.041976 0.0364769 0.0117564
 0.549094 0.355545 0.0557173 0.0184487 0.0211952
 0.7823 0.120819 0.0764239 0.0119531 0.00850392
pobs_pel_tallas
 0 0 0 0 0 0 0 0 0 0 0 0 0 0 0 0 0 0 0 0 0 0 0 0 0 0
 0 0 0 0 0 0 0 0 0 0 0 0 0 0 0 0 0 0 0 0 0 0 0 0 0 0
 0 0 0 0 0 0 0 0 0 0 0 0 0 0 0 0 0 0 0 0 0 0 0 0 0 0
 0 0 0 0 0 0 0 0 0 0 0 0 0 0 0 0 0 0 0 0 0 0 0 0 0 0
 0 0 0 0 0 0 0 0 0 0 0 0 0 0 0 0 0 0 0 0 0 0 0 0 0 0
 0 0 0 0 0 0 0 0 0 0 0 0 0 0 0 0 0 0 0 0 0 0 0 0 0 0
 0 0 0 0 0 0 0 0 0 0 0 0 0 0 0 0 0 0 0 0 0 0 0 0 0 0
 0 0 0 0 0 0 0 0 0 0 0 0 0 0 0 0 0 0 0 0 0 0 0 0 0 0
 0 0 0 0 0 0 0 0 0 0 0 0 0 0 0 0 0 0 0 0 0 0 0 0 0 0
 0 0 0 0 0 0 0 0 0 0 0 0 0 0 0 0 0 0 0 0 0 0 0 0 0 0
 0 0 0 0 0 0 0 0 0 0 0 0 0 0 0 0 0 0 0 0 0 0 0 0 0 0
 0 0 0 0 0 0 0 0 0 0 0 0 0 0 0 0 0 0 0 0 0 0 0 0 0 0
 0.00862536 0 0 0.000197151 0.00414017 0.0128641 0.00837892 0.0270097 0.101434 0.158115 0.152841 0.127902 0.109271 0.109419 0.0830992 0.0579132 0.0238553 0.00714673 0.00463305 0.00128148 0.00103504 0.000492878 0.000147863 0.000147863 4.92878e-05 0
 0 0 0 0 0 0 0 0 0 0 0 0 0 0 0 0 0 0 0 0 0 0 0 0 0 0
 0 0 0 0 0 0 0 0.0054083 0.00873648 0.0413646 0.0450493 0.0745869 0.0622846 0.0627006 0.0613931 0.0827291 0.12552 0.122667 0.0946155 0.0697135 0.0546179 0.0294188 0.0215738 0.0213955 0.0102223 0.00600262
 0 0 0 0 0.00359764 0.0251062 0.0480494 0.140153 0.205849 0.193036 0.1447 0.116669 0.0760912 0.0342217 0.00950174 0.001854 0.000860785 0 0 0 0.000165536 0 0.000143464 0 0 0
 0 0 0 0 0 0 0 0.000145254 0.000435761 0.0275982 0.070085 0.0708112 0.156366 0.174668 0.174014 0.160142 0.0824315 0.0480064 0.0283245 0.00493863 0.00203355 0 0 0 0 0
 0 0 0 0 0 0 0 0 0 0 0 0 0 0 0 0 0 0 0 0 0 0 0 0 0 0
 0 0 1.00437e-05 0.000401748 0.00122533 0.00171747 0.00176769 0.0269171 0.070346 0.194647 0.189555 0.159765 0.064822 0.0314167 0.0384472 0.0292271 0.0345202 0.0313363 0.0194345 0.0106764 0.0143323 0.0359363 0.0279516 0.0138201 0.00172751 0
 0 0.0021121 0.0136068 0.0755702 0.200478 0.177729 0.0527432 0.0373336 0.0318909 0.0142505 0.0149659 0.0166563 0.0217959 0.0798694 0.0677717 0.0528807 0.04013 0.0224614 0.0357745 0.0225083 0.00881397 0.00855152 0.00135912 0.000746735 0 0
 0 0 0 0 5.4009e-05 0.00500934 0.000945158 0.0243581 0.138947 0.33067 0.221406 0.137944 0.0707744 0.0437923 0.0131692 0.00525238 0.0047753 0.00276346 9.45158e-05 9.00151e-06 2.25038e-05 9.00151e-06 4.50075e-06 0 0 0
 0.000866109 0.00284123 0.00948549 0.0512746 0.133035 0.25785 0.225252 0.132002 0.0553304 0.0519788 0.0540692 0.017754 0.00435017 0.00159236 0.00146478 0.000404838 0.000125132 0.000115318 0.000107957 0.000100596 0 0 0 0 0 0
 0 0 0 0 0.00144013 0.00171154 0.00461396 0.0210425 0.0478622 0.0707936 0.0888783 0.103762 0.0637923 0.0337046 0.0602308 0.124433 0.169614 0.0934646 0.0462172 0.0250306 0.0313229 0.00938855 0.002487 0.000210481 0 0
 0 0.00764035 0.051015 0.0998891 0.058973 0.0496711 0.0374665 0.0718981 0.12319 0.153886 0.159021 0.0857701 0.0377988 0.023471 0.0147837 0.00900784 0.00315554 0.000888139 0.00291439 0.00214683 0.00393193 0.00274676 0.000635225 9.99891e-05 0 0
 0 0 0 0 0 0 0 0 0 0 0 0 0 0 0 0 0 0 0 0 0 0 0 0 0 0
 0 0 0 0 0 0 0 0 0 0 0 0 0 0 0 0 0 0 0 0 0 0 0 0 0 0
 0 0 0 0 0 0 0 0 0 0 0 0 0 0 0 0 0 0 0 0 0 0 0 0 0 0
 0 0 0 0 0 0 0 0 0 0 0 0 0 0 0 0 0 0 0 0 0 0 0 0 0 0
 0 0 0 0 0 0 0 0 0 0 0 0 0 0 0 0 0 0 0 0 0 0 0 0 0 0
 0 0 0 0 0 0 0 0 0 0 0 0 0 0 0 0 0 0 0 0 0 0 0 0 0 0
 0 0 0 0 0 0 0 0 0 0 0 0 0 0 0 0 0 0 0 0 0 0 0 0 0 0
 0 0 0 0 0 0 0 0 0 0 0 0 0 0 0 0 0 0 0 0 0 0 0 0 0 0
 0 0 0 0 0 0 0 0 0 0 0 0 0 0 0 0 0 0 0 0 0 0 0 0 0 0
ppred_pel_tallas
 1.11605e-16 4.53421e-05 0.000440742 0.00292888 0.0133143 0.0414257 0.0882623 0.128823 0.128833 0.0883104 0.0415887 0.0137914 0.00415042 0.00318644 0.00549117 0.00960785 0.0152332 0.0220572 0.0296844 0.0377574 0.045858 0.053193 0.0584416 0.0601096 0.0572741 0.0501911
 1.20265e-16 3.95558e-05 0.000384497 0.00255512 0.0116152 0.0361394 0.0769998 0.112389 0.112417 0.0771368 0.0365997 0.0129458 0.00589947 0.00770067 0.0139827 0.0231901 0.0337501 0.0432438 0.0493124 0.0510711 0.0497114 0.0476716 0.0469884 0.0480958 0.0498229 0.0503374
 1.13374e-16 5.67559e-05 0.000551688 0.00366616 0.0166658 0.0518537 0.11048 0.161252 0.161267 0.110553 0.0520974 0.0173715 0.00544337 0.00445116 0.00752152 0.0125016 0.0183783 0.0239173 0.0279118 0.029856 0.0302305 0.0300893 0.0302792 0.0309215 0.0314773 0.0312058
 1.05108e-16 6.51028e-05 0.000632822 0.00420533 0.0191168 0.0594796 0.126728 0.184966 0.18498 0.126797 0.0597121 0.0197886 0.0058929 0.00432098 0.00708226 0.0116398 0.0168457 0.0213709 0.0239165 0.0239116 0.0218554 0.018963 0.0163991 0.0146967 0.0137041 0.0129288
 1.03577e-16 5.86604e-05 0.0005702 0.00378918 0.0172251 0.0535937 0.114188 0.166665 0.166687 0.114296 0.0539575 0.018276 0.00642788 0.00633288 0.0110101 0.0181279 0.0261528 0.0329834 0.0365173 0.0357881 0.0315314 0.0256646 0.0201146 0.0159107 0.0130682 0.0110629
 1.02893e-16 6.47633e-05 0.000629523 0.0041834 0.0190171 0.0591694 0.126067 0.184002 0.184017 0.12614 0.0594131 0.0197213 0.00595311 0.00449962 0.00743475 0.0122408 0.017749 0.0225745 0.0253442 0.0254149 0.0232275 0.0199528 0.016732 0.0141213 0.0120691 0.010262
 1.04541e-16 4.8213e-05 0.000468648 0.00311433 0.0141573 0.0440488 0.0938519 0.136986 0.137018 0.0940076 0.0445716 0.0156677 0.00690679 0.00875174 0.0157915 0.0260625 0.0376156 0.0474646 0.0525936 0.0516103 0.0455577 0.0371652 0.0291696 0.0230237 0.0187444 0.0156025
 1.08645e-16 4.49222e-05 0.00043666 0.00290176 0.013191 0.0410422 0.0874458 0.127635 0.127662 0.0875753 0.0414776 0.0144508 0.00607223 0.00738545 0.0133231 0.0221669 0.0324243 0.0418142 0.0480127 0.0499129 0.0481881 0.0446313 0.0408525 0.0374208 0.0339782 0.0299541
 1.10437e-16 5.19633e-05 0.000505102 0.00335658 0.0152585 0.0474751 0.101151 0.147638 0.147657 0.101248 0.0478005 0.0162 0.00572609 0.00569916 0.00998003 0.0165856 0.0242888 0.0314032 0.0362483 0.0380782 0.037485 0.0358663 0.0344007 0.0333681 0.0322414 0.0302867
 1.05754e-16 6.41614e-05 0.000623672 0.00414452 0.0188404 0.0586195 0.124896 0.182292 0.182306 0.124963 0.0588461 0.0194954 0.00579082 0.00422516 0.00692681 0.0114108 0.0165777 0.0211635 0.0239317 0.0243362 0.0228376 0.0205512 0.0185123 0.0171407 0.016225 0.015281
 1.02072e-16 7.01511e-05 0.000681893 0.00453142 0.0205992 0.0640918 0.136555 0.199308 0.199319 0.13661 0.0642768 0.0211336 0.00587328 0.0036125 0.00563981 0.00922321 0.0133049 0.0167863 0.0185996 0.0182583 0.0161412 0.013226 0.0104901 0.00844724 0.00708937 0.00613161
 1.01458e-16 6.58502e-05 0.000640088 0.00425361 0.0193363 0.0601625 0.128183 0.18709 0.187107 0.128264 0.060434 0.0201206 0.00622209 0.0049368 0.00822457 0.0134886 0.0194146 0.0243928 0.026828 0.0259821 0.0224077 0.0175679 0.0129595 0.00942341 0.00703838 0.00545599
 1.02454e-16 5.70609e-05 0.000554652 0.00368586 0.0167554 0.0521324 0.111075 0.162122 0.162146 0.111192 0.0525268 0.0178949 0.00654716 0.00680427 0.011936 0.0196675 0.028384 0.0358116 0.0396626 0.0388664 0.034183 0.0276469 0.0213157 0.0163099 0.012702 0.0100224
 1.03685e-16 5.86491e-05 0.00057009 0.00378845 0.0172218 0.0535834 0.114166 0.166633 0.166652 0.114263 0.0539099 0.0181655 0.00616027 0.00575751 0.00993899 0.0164127 0.023811 0.0303051 0.0340597 0.0342112 0.0313413 0.027002 0.0227016 0.0191692 0.0163326 0.0137851
 1.0158e-16 7.30397e-05 0.000709972 0.00471802 0.0214474 0.0667309 0.142178 0.207514 0.207522 0.142217 0.0668636 0.021831 0.00568154 0.00281598 0.00408052 0.00665082 0.00962197 0.012202 0.0136355 0.013575 0.0122754 0.0104001 0.00859944 0.00719561 0.00616025 0.0053009
 1.003e-16 7.80366e-05 0.000758544 0.00504079 0.0229147 0.0712962 0.151904 0.22171 0.221714 0.151926 0.0713706 0.0231296 0.00557992 0.00193478 0.00230993 0.00369001 0.00529566 0.00663328 0.00725804 0.00696662 0.00591514 0.00451537 0.00319231 0.00219017 0.00153789 0.00113821
 1.01118e-16 3.89858e-05 0.000378956 0.0025183 0.0114478 0.0356187 0.0758913 0.110776 0.110824 0.0761267 0.0364089 0.0137291 0.00824067 0.012858 0.0237006 0.0390195 0.0559681 0.0698799 0.076023 0.0722104 0.0601249 0.0442366 0.0292168 0.0178374 0.0105485 0.00637752
 1.01452e-16 7.53294e-05 0.000732229 0.00486592 0.0221198 0.0688228 0.146634 0.214018 0.214022 0.146654 0.0688895 0.022313 0.00535363 0.00180571 0.00213976 0.00348498 0.00516765 0.00681887 0.00810513 0.00885238 0.00910918 0.00904469 0.00877701 0.00829157 0.00750595 0.00639595
 1.0168e-16 5.79693e-05 0.000563482 0.00374454 0.0170221 0.0529623 0.112843 0.164703 0.164729 0.112971 0.0533921 0.0182629 0.00685703 0.00735164 0.0129311 0.0212372 0.0304743 0.0380877 0.0415205 0.0396063 0.0332804 0.02498 0.0172252 0.0114702 0.00788086 0.00584639
 1.02958e-16 5.97459e-05 0.000580751 0.0038593 0.0175438 0.0545854 0.116301 0.169748 0.169767 0.116394 0.0548983 0.0184484 0.00613301 0.00555467 0.00953637 0.0157493 0.0228627 0.0291238 0.0327689 0.0329534 0.030204 0.0259714 0.0216765 0.0180242 0.0149917 0.0122644
 1.02901e-16 6.47161e-05 0.000629064 0.00418035 0.0190033 0.0591263 0.125975 0.183868 0.183883 0.12605 0.0593764 0.019726 0.00599605 0.00459797 0.00761778 0.0125318 0.0181419 0.0230159 0.025737 0.0256508 0.0232347 0.0197319 0.016358 0.0137109 0.0117319 0.0100607
 1.02296e-16 6.53134e-05 0.00063487 0.00421893 0.0191787 0.0596721 0.127138 0.185565 0.185581 0.127216 0.0599322 0.0199304 0.0061065 0.00475773 0.00790214 0.0129782 0.0187311 0.0236431 0.0262117 0.0257429 0.0227525 0.0185938 0.0146236 0.0115626 0.00942083 0.00784054
 1.05913e-16 3.18338e-05 0.000309436 0.00205631 0.00934773 0.0290845 0.0619694 0.090456 0.0905034 0.0622009 0.029862 0.0115939 0.00769666 0.0126294 0.0234503 0.0387714 0.0559734 0.0706476 0.0783042 0.0768522 0.0678089 0.0551956 0.0430593 0.0335735 0.02682 0.0218022
 1.06106e-16 6.43675e-05 0.000625675 0.00415783 0.0189009 0.0588078 0.125297 0.182876 0.182884 0.125338 0.058947 0.0193049 0.00517929 0.00288007 0.00441804 0.00739088 0.0110824 0.0148624 0.0181118 0.0205181 0.0221771 0.0233539 0.0241238 0.0242356 0.023308 0.0211558
 1.05206e-16 5.76726e-05 0.000560598 0.00372537 0.016935 0.0526912 0.112265 0.163859 0.163882 0.112376 0.0530641 0.0180121 0.00642903 0.00646287 0.0112682 0.0185419 0.0267204 0.0336475 0.0371813 0.0363732 0.03205 0.0262611 0.0210354 0.0174068 0.0152749 0.0139196
 1.07892e-16 4.11684e-05 0.000400172 0.00265928 0.0120887 0.0376127 0.0801392 0.116973 0.117007 0.080306 0.038173 0.0137082 0.00672943 0.00930225 0.0169975 0.0281649 0.040872 0.0520331 0.0585105 0.0588353 0.0540235 0.0467591 0.0396484 0.0339455 0.0295031 0.0255677
 1.05962e-16 6.41128e-05 0.000623199 0.00414138 0.0188261 0.0585751 0.124801 0.182153 0.182164 0.124854 0.0587545 0.0193459 0.00545121 0.00349957 0.00557701 0.0092504 0.0136301 0.0177971 0.0208517 0.0223772 0.0226384 0.0222878 0.0218318 0.0213118 0.0204078 0.0187867
 1.04039e-16 6.19029e-05 0.000601718 0.00399863 0.0181772 0.0565561 0.1205 0.175876 0.175895 0.120591 0.056864 0.0190666 0.00623154 0.00547741 0.00932567 0.0153306 0.0221077 0.0278705 0.0308496 0.0302512 0.0267349 0.0219615 0.0175805 0.0144403 0.0124838 0.011166
 1.06921e-16 3.78464e-05 0.00036788 0.0024447 0.0111133 0.0345777 0.0736729 0.107536 0.107575 0.0738657 0.0352253 0.0129847 0.00714583 0.0106422 0.0195849 0.0324075 0.04689 0.0594035 0.0662574 0.0657311 0.059054 0.0494741 0.0402126 0.0329252 0.0275729 0.0232975
 1.11371e-16 4.74639e-05 0.000461366 0.00306594 0.0139373 0.0433643 0.0923929 0.134854 0.134873 0.0924869 0.0436806 0.0148541 0.00537869 0.00554856 0.00982215 0.0164598 0.024403 0.0321528 0.0381838 0.0417643 0.0432732 0.0436757 0.0436276 0.0429993 0.0411437 0.0375488
 1.06892e-16 6.45279e-05 0.000627235 0.0041682 0.018948 0.0589544 0.125609 0.183333 0.183345 0.125669 0.0591553 0.0195291 0.00562936 0.00382599 0.0061667 0.0101659 0.0148156 0.0190192 0.0217184 0.0224663 0.0216904 0.0203612 0.0193269 0.0188423 0.0185798 0.01799
 1.07136e-16 4.52282e-05 0.000439635 0.00292153 0.0132809 0.0413219 0.0880419 0.128507 0.128541 0.0882094 0.0418844 0.0149059 0.00700131 0.0093486 0.0169734 0.0280124 0.0404069 0.0509449 0.0563893 0.0552732 0.0487789 0.0399221 0.0317168 0.0257443 0.0219587 0.0194303
 1.04875e-16 6.44371e-05 0.000626351 0.00416233 0.0189213 0.0588714 0.125432 0.183074 0.183086 0.125489 0.0590644 0.0194802 0.00556977 0.00371426 0.00597432 0.00989359 0.0145239 0.0188471 0.0218576 0.0230759 0.022781 0.0217115 0.0204974 0.0193047 0.0179153 0.0160615
pSPR Fmed_Fpbrs
1   0.984096 0.6 0.325 0.984096 0.984096 0.984096
Fs Fmed_Fpbrs
0   0.01 0.365763 0.951994 0.01 0.01 0.01
SSBpbr Bo_Bmed_Bpbrs
1.11341e+06  1.05774e+06  1.04003e+06 612373 306187 1.04003e+06 1.04003e+06 1.04003e+06
Ro
172410
SPR SPRFo_SPRFmed_SPRFpbrs
1.2421e+06 1.2421e+06 1.22235e+06
Fref
0
Nvult_r0
 155371 28435.7 18336.2 2870.97 2042.64
CTP_r0
 16829.6 5782.38 3909.16 613.634 436.647
YTP_r0
356502
Np
 230451 84778.2 31188.1 11473.5 5773.62
Nvult_p0
 145673 53590 19714.7 7252.62 3649.63
CTP_p0
 0 0 0 0 0
 0 0 0 0 0
 0 0 0 0 0
 0 0 0 0 0
 0 0 0 0 0
 0 0 0 0 0
YTP_p0
 0 0 0 0 0 0
CBA_c0
0
log_Ro
11.8776
likeval ReclasPelacesDesembMPH_pf_preclas_ppelaces_ptallas_desvR_qrecl_qpela
 16.3792 17.3423 0.0619731 30.1381 236.061 135.967 110.02 0 22.4303 2.51998e-07 6.52585e-07 0.299341 2064.63 0 0
q_reclas_q_pelaces
0.931469 1.12103
M
1
N
 189648 35630.4 124196 7258.1 0.279432
 94334.8 64659.5 11172.2 38561.9 2252.42
 120649 30225.2 17792.9 3019.92 11021.3
 170736 38784 8375.12 4845.02 3819.54
 146494 50359.9 8969.22 1882.3 1944.16
 224710 50300.6 16027.1 2829.13 1206.35
 95587 71175.8 13511.7 4222.68 1062.06
 49615 25961.4 13840.2 2526.29 985.902
 45303.9 17392.5 8629.81 4572.02 1159.81
 60608.1 13818.2 4315.64 2090.07 1386.3
 120867 17548.1 3073.36 930.6 748.298
 155461 41810.5 5672.51 985.606 538.165
 99940.8 44731.8 9178.32 1206.3 323.455
 62091.3 28940 9951.72 1979.73 329.386
 106922 13531.7 3543.34 1138.72 263.211
 442768 28544.5 2537.81 637.557 251.659
 102235 122604 5780.72 495.414 173.224
 613209 32790.4 33811.6 1566.19 180.974
 392491 188088 8232.91 8292.12 427.914
 351618 114258 42313.2 1796.91 1900
 463032 106299 27827.1 10047 876.529
 598706 147086 28727.1 7378.87 2893.49
 131707 182879 36609 6980.21 2492.6
 363936 43970.2 54864.5 10845.9 2804.45
 329811 120894 13053.6 16074.3 3996.32
 146874 110618 36623.5 3907.44 6003.85
 319057 50345.1 35078.1 11508 3112.73
 379050 106250 15024.4 10334.4 4304.3
 135805 127886 32589.4 4557.08 4437.27
 127465 46922.8 41237.7 10423.8 2875.51
 239317 43225.8 14547.9 12651.4 4077.69
 114246 77805.9 12265.4 4062.57 4667.46
 230451 39770.4 25486.9 3989.2 2838.19
pred_Ctot
 8832.11 3369.37 12417.6 727.888 0.0280277
 7782.82 10545.3 1920.59 6648.02 388.372
 9729.54 4825.11 2994.49 509.696 1860.43
 21781.6 9452.42 2143.31 1243.18 980.189
 6206.01 4345.56 818.603 172.317 178.009
 19986.2 8801.14 2954.28 522.966 223.027
 16208.2 22323 4433.97 1389.09 349.421
 1483.21 1595.46 900.579 164.895 64.3619
 4969.43 3694.67 1927.87 1024.15 259.841
 8319.7 3596.9 1178.61 572.285 379.636
 4583.19 1359.83 251.995 76.5369 61.5535
 21841.1 11111.3 1581.19 275.442 150.419
 13712.2 11638.7 2505.54 330.156 88.5392
 16687.4 13303.9 4747.67 946.348 157.469
 19029.1 4425.38 1211.63 390.314 90.2313
 70831.9 8509.11 792.202 199.514 78.7633
 8374.79 19862.5 987.191 84.845 29.671
 65396.3 6787.93 7362.62 341.977 39.5214
 52771 48058.1 2207.55 2229.22 115.055
 40251.8 25238.5 9825.16 418.372 442.435
 40438.3 18285.1 5043.42 1826.09 159.336
 65198.9 31038.5 6375.5 1642.08 644.004
 7762.58 21686.1 4585.11 876.832 313.161
 22507.7 5459.39 7193.03 1426.16 368.821
 18546.7 13705.7 1563.39 1930.91 480.129
 6372 9767.78 3420.17 366.015 562.478
 19270.7 6111.32 4496.79 1479.62 400.275
 20001.2 11332 1693.34 1168.24 486.651
 5245.72 10089.7 2720.38 381.563 371.591
 6341.52 4729.04 4393.06 1113.79 307.3
 17763 6381.86 2265.58 1975.94 636.965
 3898.03 5440.39 907.745 301.592 346.554
 16829.6 5782.38 3909.16 613.634 436.647
F
 0.0760362 0.159771 0.169601 0.170152 0.170181
 0.138173 0.290335 0.308198 0.309199 0.309252
 0.134878 0.283413 0.30085 0.301827 0.301879
 0.220921 0.46421 0.492771 0.494372 0.494456
 0.0689656 0.144914 0.15383 0.154329 0.154356
 0.149656 0.314464 0.333812 0.334896 0.334953
 0.303426 0.637572 0.676799 0.678998 0.679114
 0.0482515 0.101388 0.107626 0.107976 0.107994
 0.18741 0.393794 0.418023 0.419381 0.419453
 0.239483 0.503212 0.534173 0.535908 0.536
 0.0615415 0.129314 0.13727 0.137716 0.13774
 0.245713 0.516303 0.54807 0.54985 0.549944
 0.239352 0.502938 0.533882 0.535617 0.535708
 0.523573 1.10016 1.16784 1.17164 1.17184
 0.320634 0.67373 0.715182 0.717506 0.717629
 0.284087 0.596935 0.633663 0.635721 0.63583
 0.137135 0.288155 0.305884 0.306877 0.30693
 0.181795 0.381997 0.4055 0.406817 0.406887
 0.234057 0.491811 0.52207 0.523766 0.523856
 0.196286 0.412446 0.437822 0.439244 0.439319
 0.146778 0.308416 0.327392 0.328455 0.328511
 0.185948 0.390723 0.414763 0.41611 0.416182
 0.097064 0.203955 0.216504 0.217207 0.217244
 0.10206 0.214453 0.227647 0.228387 0.228426
 0.0924346 0.194228 0.206178 0.206848 0.206883
 0.0706764 0.148509 0.157646 0.158158 0.158185
 0.0995718 0.209225 0.222098 0.222819 0.222857
 0.0865246 0.181809 0.192995 0.193622 0.193656
 0.0627201 0.13179 0.139899 0.140353 0.140377
 0.0814079 0.171058 0.181583 0.182173 0.182204
 0.123571 0.259652 0.275628 0.276523 0.276571
 0.0552305 0.116053 0.123193 0.123593 0.123614
 0.121478 0.255255 0.27096 0.27184 0.271886
YTP_r0W_actual
 126896 100902 94093.4 19219 15391.8
YTP_p0W_proyectada
 0 0 0 0 0
 0 0 0 0 0
 0 0 0 0 0
 0 0 0 0 0
 0 0 0 0 0
 0 0 0 0 0
CTP_r0_actual
 16829.6 5782.38 3909.16 613.634 436.647
CTP_p0_proyectada
 0 0 0 0 0
 0 0 0 0 0
 0 0 0 0 0
 0 0 0 0 0
 0 0 0 0 0
 0 0 0 0 0
Wmedp
 7.54 17.45 24.07 31.32 35.25
Frms_r0
 0.121478 0.255255 0.27096 0.27184 0.271886
Zrms_r0
 1.12148 1.25525 1.27096 1.27184 1.27189
nmprior
 7.29 8.9 8.7 0
nm_flota  nm_reclas  nm_pelaces    nm_pelaL
inf 11.4767 20.4246 68.2676
cv_recla  cv_pelaces  cv_mph
0.350491 0.456188 0.733608
 ------------------------------------------------
Talla a la edad & desviaci?n 
 8 13.2811 15.8009 17.003 17.5766
 0.8 1.32811 1.58009 1.7003 1.75766
