years
 1991 1992 1993 1994 1995 1996 1997 1998 1999 2000 2001 2002 2003 2004 2005 2006 2007 2008 2009 2010 2011 2012 2013 2014 2015 2016 2017 2018 2019 2020 2021 2022 2023
reclasobs
 0 0 0 0 0 0 0 0 0 252601 567819 844713 477998 351125 339783 2.1784e+06 2.13404e+06 4.81314e+06 1.55562e+06 2.62356e+06 3.21686e+06 3.843e+06 1.13348e+06 3.07943e+06 1.97215e+06 2.03268e+06 2.025e+06 2.42433e+06 2.27542e+06 1.05018e+06 2.36338e+06 3.18982e+06 1.53035e+06
reclaspred
 4.61166e+06 2.59138e+06 1.04496e+06 771979 143332 1.00938e+07 8.51773e+06 4.83788e+06 2.15495e+06 205541 346246 1.21364e+06 838882 387140 548864 2.12541e+06 981981 4.73549e+06 2.2934e+06 2.38707e+06 3.10715e+06 3.55206e+06 1.85385e+06 3.06116e+06 2.61319e+06 1.74615e+06 2.17307e+06 3.5297e+06 2.73315e+06 1.31009e+06 1.98424e+06 1.51557e+06 751207
pelacesobs
 0 0 0 0 0 0 0 0 0 0 0 0 0 0 0 552880 188675 0 991730 2.46772e+06 1.41603e+06 1.21717e+06 2.29649e+06 1.80582e+06 0 1.4828e+06 1.56532e+06 1.57751e+06 1.42118e+06 867257 1.10002e+06 1.06204e+06 0
pelacespred
 3.21049e+06 1.54508e+06 559739 312819 42003.6 6.90118e+06 5.9285e+06 3.89846e+06 1.67446e+06 80003.4 192677 600033 410985 152903 273207 1.02842e+06 412813 2.90786e+06 1.11312e+06 1.06761e+06 1.57497e+06 1.80685e+06 948093 1.97644e+06 1.50011e+06 976576 1.49859e+06 2.22433e+06 1.63485e+06 811555 1.0067e+06 822411 333123
mphobs
 0 0 0 0 0 0 0 0 0 0 0 0 498337 0 5186 125008 0 168611 109162 213762 579715 649985 157893 87575 83554 210694 70296 0 107559 103333 445601 22526 28222
mphpred
 1.3018e+06 434386 316032 76190.5 62536.5 7820.45 2.12303e+06 1.19055e+06 645948 140820 6939.21 53132.6 162131 48488.6 16890.8 49182.9 292363 76326.4 578423 284046 605897 468015 160452 61620.7 152613 133288 64648.1 104674 244647 116455 45406 112756 28407.6
desembarqueobs
 494567 514787 250237 358949 120608 361735 552515 73892 212993 205616 52469 317467 293654 387597 252695 516296 358380 742168 942051 627588 828172 859565 418607 520667 417249 300574 415391 372974 316634 284311 391294 218835 356480
desembarquepred
 494464 514663 249671 358414 120494 361629 552158 73880.2 212786 205163 52442.8 317068 293204 386659 252277 515552 357913 741214 939581 626262 827337 858137 418047 520149 416640 300187 414843 372556 316165 283623 390658 218695 356072
Reclutas
 5749.46 188530 9144.03 98215.3 3917.79 737607 5343.79 1689.57 4181.7 5848.51 33219.8 141997 54730.9 58473.2 50553.8 260763 9137.74 442106 121694 262229 170876 431090 11694.8 152454 162637 23221.1 122067 174748 26821.9 46112.2 116714 9503.27 66286.5
log_desv_Rt
 -2.10149 1.38867 -1.63749 0.736568 -2.48507 2.75282 -2.17466 -3.32612 -2.41988 -2.08441 -0.347447 1.10522 0.151835 0.217974 0.0724453 1.71302 -1.63818 2.24096 0.950916 1.71862 1.29034 2.21572 -1.39145 1.17627 1.24093 -0.705531 0.95398 1.31275 -0.561374 -0.019515 0.909136 -1.59896 0.343393
SSB
 1.10815e+06 369769 269021 64856.9 53233.9 6657.13 1.80722e+06 1.01345e+06 549861 119872 5906.97 45228.9 127478 39222.3 13408.3 39868.6 248873 64972.5 520518 137034 305516 253237 416817 151096 336534 321444 143706 218377 534606 233027 112495 282659 67937.8
BT
 1.42142e+06 1.06115e+06 387268 415727 105944 3.2536e+06 2.24057e+06 1.21907e+06 724796 254806 124356 507579 408151 457127 362154 841248 408101 1.90213e+06 1.26219e+06 912347 1.2825e+06 1.4467e+06 633052 1.30639e+06 907648 568858 1.04383e+06 1.20955e+06 764953 569763 718880 426222 452062
Ftot
 0.499041 1.06546 1.07702 2.39052 2.82064 0.248444 0.31978 0.0736688 0.461558 3.04394 0.984613 1.56508 1.72484 4.24842 2.61223 1.51619 1.56237 1.01454 1.86589 1.54217 1.4157 1.40608 1.03852 1.02792 0.885556 0.842563 1.13347 0.656608 0.568529 1.0992 1.18407 0.70014 2.44521
BD_Bspro_t
 0.923847 0.51782 0.359915 0.130612 0.0964087 0.0181487 0.771657 0.612974 0.548301 0.241515 0.0287049 0.262211 0.284003 0.0909324 0.0335439 0.0939029 0.269886 0.0911295 0.346578 0.123459 0.196576 0.170692 0.259474 0.127214 0.272778 0.310381 0.207746 0.315225 0.499433 0.315102 0.215419 0.351521 0.173043
BD_Bspro
 3.27124 1.09155 0.794145 0.191457 0.157146 0.0196517 5.33488 2.9917 1.62318 0.353861 0.0174373 0.133515 0.376313 0.115784 0.0395812 0.117692 0.734669 0.191798 1.53656 0.404522 0.90188 0.747553 1.23044 0.446033 0.993444 0.948897 0.424218 0.644646 1.57815 0.687893 0.332084 0.834404 0.200551
BD_Bo
 3.4803 1.16131 0.844896 0.203692 0.167188 0.0209076 5.67581 3.18289 1.72691 0.376475 0.0185517 0.142048 0.400361 0.123183 0.0421107 0.125213 0.781618 0.204055 1.63476 0.430374 0.959516 0.795326 1.30907 0.474537 1.05693 1.00954 0.451328 0.685843 1.679 0.731853 0.353307 0.887728 0.213368
BD_Brms
 3.72874 1.24421 0.905209 0.218232 0.179123 0.0224001 6.08098 3.4101 1.85019 0.403349 0.019876 0.152188 0.428941 0.131976 0.0451167 0.134151 0.837414 0.218622 1.75145 0.461096 1.02801 0.8521 1.40252 0.508412 1.13238 1.0816 0.483546 0.734801 1.79886 0.784096 0.378527 0.951098 0.228599
Sel_flota
 0.511621 0.952163 0.997363 0.999861 0.999993
 0.511621 0.952163 0.997363 0.999861 0.999993
 0.511621 0.952163 0.997363 0.999861 0.999993
 0.511621 0.952163 0.997363 0.999861 0.999993
 0.511621 0.952163 0.997363 0.999861 0.999993
 0.511621 0.952163 0.997363 0.999861 0.999993
 0.511621 0.952163 0.997363 0.999861 0.999993
 0.511621 0.952163 0.997363 0.999861 0.999993
 0.511621 0.952163 0.997363 0.999861 0.999993
 0.511621 0.952163 0.997363 0.999861 0.999993
 0.511621 0.952163 0.997363 0.999861 0.999993
 0.511621 0.952163 0.997363 0.999861 0.999993
 0.511621 0.952163 0.997363 0.999861 0.999993
 0.511621 0.952163 0.997363 0.999861 0.999993
 0.511621 0.952163 0.997363 0.999861 0.999993
 0.511621 0.952163 0.997363 0.999861 0.999993
 0.511621 0.952163 0.997363 0.999861 0.999993
 0.511621 0.952163 0.997363 0.999861 0.999993
 0.511621 0.952163 0.997363 0.999861 0.999993
 0.511621 0.952163 0.997363 0.999861 0.999993
 0.511621 0.952163 0.997363 0.999861 0.999993
 0.511621 0.952163 0.997363 0.999861 0.999993
 0.511621 0.952163 0.997363 0.999861 0.999993
 0.511621 0.952163 0.997363 0.999861 0.999993
 0.511621 0.952163 0.997363 0.999861 0.999993
 0.511621 0.952163 0.997363 0.999861 0.999993
 0.511621 0.952163 0.997363 0.999861 0.999993
 0.511621 0.952163 0.997363 0.999861 0.999993
 0.511621 0.952163 0.997363 0.999861 0.999993
 0.511621 0.952163 0.997363 0.999861 0.999993
 0.511621 0.952163 0.997363 0.999861 0.999993
 0.511621 0.952163 0.997363 0.999861 0.999993
 0.511621 0.952163 0.997363 0.999861 0.999993
Sel_reclas
 0.744617 1 1 1 1
 0.744617 1 1 1 1
 0.744617 1 1 1 1
 0.744617 1 1 1 1
 0.744617 1 1 1 1
 0.744617 1 1 1 1
 0.744617 1 1 1 1
 0.744617 1 1 1 1
 0.744617 1 1 1 1
 0.744617 1 1 1 1
 0.744617 1 1 1 1
 0.744617 1 1 1 1
 0.744617 1 1 1 1
 0.744617 1 1 1 1
 0.744617 1 1 1 1
 0.744617 1 1 1 1
 0.744617 1 1 1 1
 0.744617 1 1 1 1
 0.744617 1 1 1 1
 0.744617 1 1 1 1
 0.744617 1 1 1 1
 0.744617 1 1 1 1
 0.744617 1 1 1 1
 0.744617 1 1 1 1
 0.744617 1 1 1 1
 0.744617 1 1 1 1
 0.744617 1 1 1 1
 0.744617 1 1 1 1
 0.744617 1 1 1 1
 0.744617 1 1 1 1
 0.744617 1 1 1 1
 0.744617 1 1 1 1
 0.744617 1 1 1 1
Sel_pelaces
 0.69037 1 1 1 1
 0.69037 1 1 1 1
 0.69037 1 1 1 1
 0.69037 1 1 1 1
 0.69037 1 1 1 1
 0.69037 1 1 1 1
 0.69037 1 1 1 1
 0.69037 1 1 1 1
 0.69037 1 1 1 1
 0.69037 1 1 1 1
 0.69037 1 1 1 1
 0.69037 1 1 1 1
 0.69037 1 1 1 1
 0.69037 1 1 1 1
 0.69037 1 1 1 1
 0.69037 1 1 1 1
 0.69037 1 1 1 1
 0.69037 1 1 1 1
 0.69037 1 1 1 1
 0.69037 1 1 1 1
 0.69037 1 1 1 1
 0.69037 1 1 1 1
 0.69037 1 1 1 1
 0.69037 1 1 1 1
 0.69037 1 1 1 1
 0.69037 1 1 1 1
 0.69037 1 1 1 1
 0.69037 1 1 1 1
 0.69037 1 1 1 1
 0.69037 1 1 1 1
 0.69037 1 1 1 1
 0.69037 1 1 1 1
 0.69037 1 1 1 1
pf_obs 
 0.8446 0.082 0.0669 0.0065 0
 0.8095 0.147 0.0364 0.0071 0
 0.9664 0.0169 0.016 0.0007 0
 0.9276 0.0648 0.0075 0.0001 0
 0.7033 0.2144 0.0806 0.0017 0
 0.9318 0.0425 0.0243 0.0014 0
 0.5671 0.3108 0.0964 0.0239 0.0018
 0.0768 0.2599 0.5324 0.112 0.0189
 0.490249 0.384438 0.106611 0.0170017 0.00170017
 0.7925 0.1577 0.0466 0.003 0.0002
 0.840416 0.127587 0.0312969 0.00059994 9.999e-05
 0.8084 0.0986 0.0794 0.0134 0.0002
 0.7335 0.1905 0.0724 0.0035 0.0001
 0.4001 0.4547 0.1325 0.0127 0
 0.49795 0.308269 0.164784 0.0264974 0.00249975
 0.9179 0.0499 0.0305 0.0017 0
 0.2467 0.6533 0.0926 0.0074 0
 0.9418 0.0223 0.034 0.0019 0
 0.707729 0.231977 0.0356964 0.0245975 0
 0.517169 0.277429 0.184464 0.0207286 0.00020938
 0.811772 0.124168 0.05621 0.00726502 0.000585176
 0.764997 0.148141 0.077277 0.00933861 0.000247198
 0.163321 0.427699 0.378323 0.0303852 0.000271297
 0.753843 0.0900009 0.118128 0.0371064 0.000921714
 0.721811 0.176058 0.0630433 0.0369309 0.00215725
 0.143369 0.312575 0.442814 0.0836902 0.0175525
 0.692698 0.0596174 0.167031 0.0765114 0.00414204
 0.394062 0.376323 0.152708 0.0712218 0.00568511
 0.125707 0.32114 0.495352 0.0537591 0.00404204
 0.23352 0.215282 0.420074 0.123614 0.00750983
 0.796117 0.104755 0.0508955 0.0450114 0.00322123
 0.162477 0.292055 0.404252 0.121198 0.0200186
 0 0 0 0 0
pf_pred 
 0.0439822 0.262024 0.546393 0.1476 1.2311e-06
 0.868467 0.0118683 0.0342313 0.0673087 0.0181246
 0.120442 0.831542 0.00465645 0.012441 0.0309188
 0.904303 0.0243256 0.0677652 0.000351151 0.00325551
 0.214361 0.766408 0.00535993 0.0131746 0.000696155
 0.998495 0.000820559 0.000670394 4.07315e-06 1.04592e-05
 0.0125428 0.986695 0.00042512 0.000330073 7.13461e-06
 0.0130594 0.0236908 0.962545 0.000393419 0.00031117
 0.0910657 0.0224019 0.0222632 0.863639 0.000630572
 0.401816 0.108218 0.0128229 0.0120194 0.465123
 0.973136 0.0211107 0.00118312 0.000120627 0.00444967
 0.927851 0.071339 0.000646551 3.36446e-05 0.000129415
 0.610015 0.379739 0.0101414 8.36625e-05 2.09867e-05
 0.827246 0.143075 0.0289715 0.000699767 7.18088e-06
 0.937675 0.0607418 0.00135393 0.000224169 5.40963e-06
 0.972469 0.0270954 0.000425503 8.3005e-06 1.39718e-06
 0.121669 0.869641 0.00856457 0.000122647 2.78109e-06
 0.981269 0.00531133 0.0132982 0.000119271 1.7378e-06
 0.46581 0.530229 0.00118494 0.0027516 2.4936e-05
 0.882955 0.0860155 0.0308226 6.2026e-05 0.000144505
 0.712578 0.274931 0.00940092 0.00306934 2.04581e-05
 0.891201 0.0948589 0.0133846 0.000418858 0.000137
 0.0841272 0.876865 0.0343818 0.00444237 0.000183592
 0.874251 0.0229191 0.0987588 0.00359032 0.000481074
 0.742403 0.243885 0.00265661 0.0106185 0.00043595
 0.246631 0.655089 0.0934016 0.000948133 0.00393011
 0.85848 0.0608369 0.070778 0.00941529 0.000489813
 0.796737 0.191101 0.00546466 0.00587773 0.000819038
 0.236013 0.683078 0.0763552 0.00204984 0.00250334
 0.612491 0.153382 0.210654 0.0221569 0.00131676
 0.862373 0.110578 0.0112156 0.0142517 0.00158136
 0.187371 0.764925 0.038936 0.00364476 0.00512268
 0.871433 0.0435721 0.0803079 0.00382858 0.000858941
pobs_RECLAS
 0 0 0 0 0
 0 0 0 0 0
 0 0 0 0 0
 0 0 0 0 0
 0 0 0 0 0
 0 0 0 0 0
 0 0 0 0 0
 0 0 0 0 0
 0 0 0 0 0
 0 0 0 0 0
 0.991045 0.00858322 0.000360255 1.14367e-05 0
 0.934742 0.0480273 0.0164251 0.00080598 0
 0.827803 0.169806 0.00239088 0 0
 0.941827 0.0461693 0.0120037 0 0
 0.791401 0.0380133 0.147996 0.0225897 0
 0.846168 0.0940531 0.0597789 0 0
 0.134021 0.677848 0.182769 0.00536245 0
 0.80878 0.0450904 0.141981 0.00414843 0
 0.846168 0.0940531 0.0597789 0 0
 0.905697 0.0802665 0.012482 0.00150086 5.37128e-05
 0.989698 0.0102097 9.19794e-05 0 0
 0.975433 0.0193895 0.00387452 0.00125025 5.28907e-05
 0.303575 0.632131 0.0575291 0.00676475 0
 0.966965 0.00978017 0.0227588 0.000495775 0
 0.843318 0.132988 0.00938335 0.0141283 0.000182051
 0.564624 0.303363 0.111486 0.0197234 0.00080311
 0.826376 0.0876187 0.0782897 0.00655872 0.00115652
 0.89761 0.0855135 0.0140674 0.00269457 0.000114338
 0.34875 0.467042 0.161289 0.0227151 0.000203297
 0.318654 0.224769 0.449479 0.00709798 0
 0.937255 0.0296025 0.0250945 0.00804832 0
 0.456809 0.399803 0.12412 0.0192676 0
 0.883104 0.0372192 0.0704036 0.00927362 0
ppred_RECLAS
 0.0634071 0.266053 0.528225 0.142314 1.18685e-06
 0.9114 0.00841237 0.0229871 0.0450671 0.0121336
 0.169129 0.787892 0.0041794 0.0111337 0.0276656
 0.944822 0.0147942 0.0383511 0.000197951 0.00183481
 0.332917 0.652015 0.00421273 0.01031 0.000544662
 0.998947 0.000586185 0.000456689 2.76762e-06 7.10588e-06
 0.0175405 0.981737 0.000403195 0.000312241 6.74824e-06
 0.0188815 0.024648 0.955773 0.000389669 0.000308163
 0.129846 0.0225477 0.0213404 0.825663 0.000602761
 0.576596 0.0822631 0.00896975 0.00836951 0.323802
 0.981782 0.0144843 0.00076968 7.82483e-05 0.00288597
 0.952377 0.0471198 0.000402225 2.08625e-05 8.02345e-05
 0.712458 0.280431 0.00703891 5.78726e-05 1.45147e-05
 0.918228 0.0689183 0.0125497 0.000301355 3.0915e-06
 0.9639 0.0352485 0.000728459 0.000120112 2.89791e-06
 0.982033 0.0176987 0.000261944 5.09344e-06 8.57207e-07
 0.177177 0.815151 0.0075615 0.000107931 2.44697e-06
 0.987688 0.00362661 0.00860689 7.69717e-05 1.12132e-06
 0.583746 0.413364 0.000866523 0.00200519 1.81684e-05
 0.922341 0.0579607 0.0195679 3.92501e-05 9.14274e-05
 0.791787 0.19966 0.00644232 0.00209676 1.39732e-05
 0.926536 0.0645174 0.00859136 0.000268013 8.76472e-05
 0.119708 0.844695 0.0313867 0.00404358 0.000167085
 0.914669 0.016248 0.0663553 0.0024053 0.000322242
 0.80828 0.18203 0.00188186 0.00750054 0.000307895
 0.323917 0.591798 0.0801132 0.00081096 0.00336102
 0.903103 0.0429684 0.0473256 0.00627685 0.000326491
 0.849381 0.142036 0.0038625 0.00414318 0.000577253
 0.306904 0.622896 0.06626 0.00177406 0.00216624
 0.708031 0.119405 0.155308 0.0162875 0.000967795
 0.904572 0.0775179 0.0074393 0.0094248 0.00104561
 0.249641 0.708384 0.0342781 0.00319997 0.00449688
 0.924837 0.026718 0.0457838 0.00217401 0.000487637
pobs_PELACES
 0 0 0 0 0
 0 0 0 0 0
 0 0 0 0 0
 0 0 0 0 0
 0 0 0 0 0
 0 0 0 0 0
 0 0 0 0 0
 0 0 0 0 0
 0 0 0 0 0
 0 0 0 0 0
 0 0 0 0 0
 0 0 0 0 0
 0 0 0 0 0
 0 0 0 0 0
 0 0 0 0 0
 0 0 0 0 0
 0.505614 0.472636 0.0217494 0 0
 0 0 0 0 0
 0.443492 0.261883 0.143347 0.151278 0
 0.227955 0.32914 0.350689 0.0885471 0.00366901
 0.970185 0.0296113 0.000203453 0 0
 0.997202 0.00247181 0.000326279 0 0
 0.445219 0.490057 0.0546422 0.010081 0
 0.90214 0.0892962 0.00764917 0.000914606 0
 0 0 0 0 0
 0.581667 0.319106 0.0959925 0.00289975 0.000334073
 0.762889 0.0836404 0.116647 0.0363945 0.000428098
 0.88444 0.0763242 0.0277011 0.0115352 0
 0.521256 0.241999 0.230069 0.00667565 0
 0.616807 0.101726 0.260614 0.0208532 0
 0.833518 0.0704572 0.0857862 0.0102388 0
 0.697417 0.212968 0.0787535 0.0105354 0.000325836
 0 0 0 0 0
ppred_PELACES
 0.0635434 0.267451 0.527062 0.141942 1.18372e-06
 0.918717 0.0078338 0.0210686 0.0412696 0.0111107
 0.180937 0.777369 0.00405786 0.0108003 0.026836
 0.958448 0.0114348 0.0286043 0.000147352 0.00136566
 0.411048 0.576206 0.00356954 0.00871557 0.000460376
 0.998907 0.000609793 0.000473325 2.86785e-06 7.36313e-06
 0.0170451 0.982236 0.00040148 0.000310831 6.71768e-06
 0.0177341 0.0247033 0.956864 0.00039009 0.000308495
 0.12968 0.0227119 0.0213484 0.825657 0.000602744
 0.671321 0.0663634 0.0069149 0.006436 0.248965
 0.983003 0.0135558 0.000709835 7.21057e-05 0.00265931
 0.958821 0.0407539 0.000339857 1.76049e-05 6.77015e-05
 0.747079 0.246821 0.00603794 4.95723e-05 1.2432e-05
 0.95121 0.041522 0.0070967 0.000169817 1.74177e-06
 0.973136 0.0262546 0.000521851 8.58608e-05 2.0713e-06
 0.984422 0.0153504 0.000222109 4.31345e-06 7.2589e-07
 0.200386 0.792329 0.0071805 0.000102361 2.32053e-06
 0.988652 0.00337848 0.00789758 7.05693e-05 1.028e-06
 0.630412 0.367095 0.000748407 0.0017292 1.56665e-05
 0.9327 0.0505205 0.0166681 3.33912e-05 7.77747e-05
 0.812566 0.179891 0.00568316 0.00184752 1.23115e-05
 0.934988 0.0572395 0.00746401 0.000232575 7.60534e-05
 0.127946 0.837313 0.0306342 0.00394326 0.000162932
 0.921162 0.0151993 0.061128 0.00221394 0.000296592
 0.816477 0.174367 0.00177899 0.00708535 0.000290841
 0.334607 0.583351 0.0779834 0.000788853 0.00326928
 0.911393 0.0396648 0.0429546 0.00569179 0.000296044
 0.851971 0.139674 0.00376125 0.00403239 0.000561801
 0.30858 0.621923 0.0655979 0.00175551 0.00214354
 0.727051 0.112716 0.144224 0.0151113 0.000897867
 0.912854 0.0710317 0.00669749 0.00847673 0.000940376
 0.254682 0.704039 0.0337139 0.00314548 0.00442018
 0.943386 0.0206013 0.034038 0.00161302 0.000361765
pobs_pel_tallas
 0 0 0 0 0 0 0 0 0 0 0 0 0 0 0 0 0 0 0 0 0 0 0 0 0 0
 0 0 0 0 0 0 0 0 0 0 0 0 0 0 0 0 0 0 0 0 0 0 0 0 0 0
 0 0 0 0 0 0 0 0 0 0 0 0 0 0 0 0 0 0 0 0 0 0 0 0 0 0
 0 0 0 0 0 0 0 0 0 0 0 0 0 0 0 0 0 0 0 0 0 0 0 0 0 0
 0 0 0 0 0 0 0 0 0 0 0 0 0 0 0 0 0 0 0 0 0 0 0 0 0 0
 0 0 0 0 0 0 0 0 0 0 0 0 0 0 0 0 0 0 0 0 0 0 0 0 0 0
 0 0 0 0 0 0 0 0 0 0 0 0 0 0 0 0 0 0 0 0 0 0 0 0 0 0
 0 0 0 0 0 0 0 0 0 0 0 0 0 0 0 0 0 0 0 0 0 0 0 0 0 0
 0 0 0 0 0 0 0 0 0 0 0 0 0 0 0 0 0 0 0 0 0 0 0 0 0 0
 0 0 0 0 0 0 0 0 0 0 0 0 0 0 0 0 0 0 0 0 0 0 0 0 0 0
 0 0 0 0 0 0 0 0 0 0 0 0 0 0 0 0 0 0 0 0 0 0 0 0 0 0
 0 0 0 0 0 0 0 0 0 0 0 0 0 0 0 0 0 0 0 0 0 0 0 0 0 0
 0.00862536 0 0 0.000197151 0.00414017 0.0128641 0.00837892 0.0270097 0.101434 0.158115 0.152841 0.127902 0.109271 0.109419 0.0830992 0.0579132 0.0238553 0.00714673 0.00463305 0.00128148 0.00103504 0.000492878 0.000147863 0.000147863 4.92878e-05 0
 0 0 0 0 0 0 0 0 0 0 0 0 0 0 0 0 0 0 0 0 0 0 0 0 0 0
 0 0 0 0 0 0 0 0.0054083 0.00873648 0.0413646 0.0450493 0.0745869 0.0622846 0.0627006 0.0613931 0.0827291 0.12552 0.122667 0.0946155 0.0697135 0.0546179 0.0294188 0.0215738 0.0213955 0.0102223 0.00600262
 0 0 0 0 0.00359764 0.0251062 0.0480494 0.140153 0.205849 0.193036 0.1447 0.116669 0.0760912 0.0342217 0.00950174 0.001854 0.000860785 0 0 0 0.000165536 0 0.000143464 0 0 0
 0 0 0 0 0 0 0 0.000145254 0.000435761 0.0275982 0.070085 0.0708112 0.156366 0.174668 0.174014 0.160142 0.0824315 0.0480064 0.0283245 0.00493863 0.00203355 0 0 0 0 0
 0 0 0 0 0 0 0 0 0 0 0 0 0 0 0 0 0 0 0 0 0 0 0 0 0 0
 0 0 1.00437e-05 0.000401748 0.00122533 0.00171747 0.00176769 0.0269171 0.070346 0.194647 0.189555 0.159765 0.064822 0.0314167 0.0384472 0.0292271 0.0345202 0.0313363 0.0194345 0.0106764 0.0143323 0.0359363 0.0279516 0.0138201 0.00172751 0
 0 0.0021121 0.0136068 0.0755702 0.200478 0.177729 0.0527432 0.0373336 0.0318909 0.0142505 0.0149659 0.0166563 0.0217959 0.0798694 0.0677717 0.0528807 0.04013 0.0224614 0.0357745 0.0225083 0.00881397 0.00855152 0.00135912 0.000746735 0 0
 0 0 0 0 5.4009e-05 0.00500934 0.000945158 0.0243581 0.138947 0.33067 0.221406 0.137944 0.0707744 0.0437923 0.0131692 0.00525238 0.0047753 0.00276346 9.45158e-05 9.00151e-06 2.25038e-05 9.00151e-06 4.50075e-06 0 0 0
 0.000866109 0.00284123 0.00948549 0.0512746 0.133035 0.25785 0.225252 0.132002 0.0553304 0.0519788 0.0540692 0.017754 0.00435017 0.00159236 0.00146478 0.000404838 0.000125132 0.000115318 0.000107957 0.000100596 0 0 0 0 0 0
 0 0 0 0 0.00144013 0.00171154 0.00461396 0.0210425 0.0478622 0.0707936 0.0888783 0.103762 0.0637923 0.0337046 0.0602308 0.124433 0.169614 0.0934646 0.0462172 0.0250306 0.0313229 0.00938855 0.002487 0.000210481 0 0
 0 0.00764035 0.051015 0.0998891 0.058973 0.0496711 0.0374665 0.0718981 0.12319 0.153886 0.159021 0.0857701 0.0377988 0.023471 0.0147837 0.00900784 0.00315554 0.000888139 0.00291439 0.00214683 0.00393193 0.00274676 0.000635225 9.99891e-05 0 0
 0 0 0 0 0 0 0 0 0 0 0 0 0 0 0 0 0 0 0 0 0 0 0 0 0 0
 0 0 0 0 0 0 0 0 0 0 0 0 0 0 0 0 0 0 0 0 0 0 0 0 0 0
 0 0 0 0 0 0 0 0 0 0 0 0 0 0 0 0 0 0 0 0 0 0 0 0 0 0
 0 0 0 0 0 0 0 0 0 0 0 0 0 0 0 0 0 0 0 0 0 0 0 0 0 0
 0 0 0 0 0 0 0 0 0 0 0 0 0 0 0 0 0 0 0 0 0 0 0 0 0 0
 0 0 0 0 0 0 0 0 0 0 0 0 0 0 0 0 0 0 0 0 0 0 0 0 0 0
 0 0 0 0 0 0 0 0 0 0 0 0 0 0 0 0 0 0 0 0 0 0 0 0 0 0
 0 0 0 0 0 0 0 0 0 0 0 0 0 0 0 0 0 0 0 0 0 0 0 0 0 0
 0 0 0 0 0 0 0 0 0 0 0 0 0 0 0 0 0 0 0 0 0 0 0 0 0 0
ppred_pel_tallas
 1.29514e-16 5.23405e-06 5.08768e-05 0.000338096 0.00153695 0.00478216 0.0101899 0.014878 0.0149046 0.0103201 0.00522185 0.00281725 0.00359089 0.00728142 0.0141186 0.0243312 0.0373884 0.0519253 0.0664325 0.080077 0.0927778 0.104342 0.113509 0.117975 0.115566 0.105638
 1.0663e-16 7.56735e-05 0.000735574 0.00488815 0.0222208 0.0691372 0.147304 0.214995 0.214996 0.147308 0.0691506 0.0222602 0.00498948 0.000965541 0.000538969 0.000843506 0.00138486 0.00213359 0.00313693 0.00447442 0.00621896 0.00835955 0.0107268 0.0129815 0.0146935 0.015482
 1.05941e-16 1.49037e-05 0.00014487 0.000962713 0.0043764 0.013617 0.0290152 0.0423643 0.042439 0.0293805 0.0148428 0.00791494 0.00983706 0.0194916 0.036682 0.060422 0.0865817 0.107933 0.117142 0.110888 0.0919343 0.0674296 0.0448171 0.0284656 0.0189335 0.0143696
 1.01075e-16 7.89461e-05 0.000767384 0.00509954 0.0231818 0.072127 0.153674 0.224292 0.224294 0.15368 0.072146 0.023237 0.0052403 0.00108127 0.00069439 0.00107323 0.00165487 0.00232264 0.00300743 0.00366438 0.00426947 0.00478604 0.00513515 0.0052113 0.00494135 0.00434017
 1.01203e-16 3.38576e-05 0.000329108 0.00218704 0.00994201 0.0309336 0.0659093 0.0962082 0.0962636 0.06618 0.0318421 0.0125646 0.00876415 0.0146669 0.0272051 0.0447677 0.0641258 0.0798846 0.086577 0.0816976 0.067247 0.0484854 0.030925 0.0178568 0.00981332 0.00559016
 1.00016e-16 8.22786e-05 0.000799777 0.0053148 0.0241603 0.0751717 0.160161 0.23376 0.23376 0.160162 0.0751727 0.0241631 0.00532193 0.00081543 0.000112276 5.60762e-05 7.43499e-05 9.65101e-05 0.000112485 0.000119408 0.000118292 0.000112354 0.000104343 9.50113e-05 8.36905e-05 6.99237e-05
 1.00295e-16 1.40419e-06 1.36493e-05 9.0709e-05 0.000412408 0.00128366 0.00273847 0.00401667 0.00411112 0.00319984 0.00283215 0.00488204 0.011299 0.0244447 0.046292 0.0762436 0.109164 0.135873 0.147017 0.138291 0.113095 0.0804217 0.0497413 0.0267801 0.0125757 0.00517882
 1.27711e-16 1.46074e-06 1.41989e-05 9.4357e-05 0.000428936 0.0013346 0.00284364 0.00415115 0.004155 0.00286315 0.00140434 0.000649058 0.000717161 0.00160565 0.00370096 0.00787462 0.015419 0.0278309 0.0462809 0.0707324 0.0990231 0.126566 0.147284 0.155723 0.149387 0.129916
 1.83526e-16 1.06815e-05 0.000103828 0.000689976 0.00313653 0.00975893 0.0207925 0.0303478 0.0303503 0.020805 0.00980178 0.00326537 0.00103358 0.000925229 0.00179553 0.00358929 0.00680357 0.0123465 0.0215707 0.0361262 0.0573966 0.0855396 0.118524 0.151804 0.179118 0.194364
 1.42994e-16 5.52958e-05 0.000537495 0.00357184 0.0162371 0.0505197 0.107638 0.157102 0.157108 0.107669 0.0506256 0.016544 0.00434572 0.00223927 0.00332788 0.00553436 0.00829008 0.0112146 0.0141123 0.0172726 0.0215392 0.0279434 0.0370523 0.0484114 0.0604148 0.0706942
 1.00482e-16 8.09687e-05 0.000787044 0.00523019 0.0237757 0.0739749 0.157611 0.230039 0.23004 0.157618 0.0739963 0.0238375 0.00538527 0.0011254 0.000723042 0.0010659 0.00152496 0.00191299 0.00210165 0.00203753 0.0017726 0.00143231 0.00114244 0.000969349 0.000907791 0.000908102
 1.00034e-16 7.89768e-05 0.000767683 0.00510152 0.0231908 0.0721551 0.153734 0.224381 0.224384 0.153753 0.0722194 0.0233763 0.00556669 0.00178169 0.00200051 0.00317107 0.00453412 0.00564629 0.00611535 0.00576268 0.00472868 0.00338496 0.00212236 0.00117631 0.000588549 0.000278139
 1.00245e-16 6.15359e-05 0.000598151 0.00397493 0.0180695 0.0562209 0.119785 0.174835 0.174859 0.119901 0.0566102 0.0191933 0.00679352 0.00674336 0.0117094 0.0192001 0.0275101 0.0342941 0.0372068 0.035167 0.0290145 0.0209793 0.0134022 0.00768754 0.00408049 0.0021019
 1.00233e-16 7.83499e-05 0.000761589 0.00506103 0.0230067 0.0715824 0.152514 0.222599 0.222603 0.152534 0.0716481 0.0231964 0.00553737 0.00180163 0.00205407 0.00327294 0.00470948 0.00592601 0.0065331 0.00634943 0.00550226 0.00433615 0.00320435 0.00230664 0.00166707 0.0012146
 1.00031e-16 8.01559e-05 0.000779144 0.00517769 0.023537 0.0732324 0.156029 0.22773 0.227733 0.156042 0.0732738 0.0236565 0.00547747 0.00143271 0.00131889 0.00204692 0.00292532 0.00364567 0.00395405 0.00373536 0.00307936 0.00222387 0.00141846 0.000812776 0.000432594 0.000226136
 1.00011e-16 8.10856e-05 0.000788181 0.00523774 0.02381 0.0740817 0.157839 0.230371 0.230372 0.157846 0.0741059 0.0238799 0.00541298 0.00117021 0.000805087 0.00119858 0.00170915 0.00212894 0.00230718 0.00217638 0.00178914 0.00128491 0.000810281 0.000453479 0.000230151 0.000110214
 1.00421e-16 1.65057e-05 0.000160441 0.00106619 0.00484681 0.0150806 0.0321337 0.046916 0.0469922 0.0325059 0.0163299 0.00845304 0.0101099 0.0198749 0.0373753 0.061546 0.0881485 0.109776 0.118894 0.11203 0.0919087 0.06575 0.0411492 0.0226855 0.0111792 0.00507112
 1.00237e-16 8.1434e-05 0.000791567 0.00526024 0.0239123 0.0744 0.158517 0.231361 0.231361 0.158519 0.0744056 0.0239286 0.00530161 0.000883681 0.000261628 0.000317262 0.000480655 0.000669507 0.000858444 0.00103314 0.00118684 0.00131075 0.00138515 0.00138321 0.00128716 0.00110378
 1.00292e-16 5.19263e-05 0.000504742 0.00335419 0.0152477 0.0474414 0.10108 0.147537 0.147572 0.101253 0.0480201 0.0169182 0.00754348 0.00963651 0.0173552 0.0285055 0.0408144 0.0508126 0.0550055 0.051788 0.0424311 0.0302932 0.0189058 0.0103963 0.00513871 0.00239366
 1.00511e-16 7.68253e-05 0.000746769 0.00496254 0.022559 0.0701895 0.149546 0.218268 0.218273 0.14957 0.0702697 0.0227908 0.00554497 0.00202037 0.0025019 0.00403068 0.00583581 0.0074139 0.00830385 0.0082855 0.00749469 0.00631038 0.00510978 0.00408975 0.00325919 0.00254655
 1.00398e-16 6.693e-05 0.000650584 0.00432336 0.0196534 0.061149 0.130285 0.190159 0.190176 0.13037 0.0614328 0.0204726 0.00637826 0.00513122 0.00856108 0.0140069 0.020076 0.0250463 0.0272123 0.0257899 0.021391 0.0156348 0.0102142 0.00613502 0.00355907 0.00212599
 1.00267e-16 7.70137e-05 0.000748601 0.00497472 0.0226143 0.0703616 0.149913 0.218804 0.218809 0.14994 0.0704521 0.0228756 0.00563055 0.00217998 0.00279451 0.00449533 0.00646159 0.00811056 0.008904 0.00859204 0.00735575 0.00568191 0.00407279 0.00281715 0.00195377 0.00137998
 1.01522e-16 1.05389e-05 0.000102442 0.000680769 0.00309473 0.00962927 0.0205192 0.0299652 0.0300458 0.0209127 0.0109503 0.00690841 0.0102465 0.0209608 0.0395545 0.0651913 0.0934774 0.116638 0.126752 0.12016 0.0996949 0.0728702 0.0475506 0.0284192 0.016252 0.00941262
 1.02041e-16 7.58749e-05 0.000737531 0.00490115 0.0222799 0.0693212 0.147696 0.215567 0.215569 0.147704 0.0693471 0.022356 0.00509659 0.00117866 0.000956009 0.0015705 0.00251049 0.00368692 0.0050448 0.00652713 0.00804718 0.00943731 0.010435 0.0107585 0.0102445 0.00895196
 1.00856e-16 6.72522e-05 0.000653715 0.00434417 0.019748 0.0614434 0.130912 0.191074 0.19109 0.130994 0.0617184 0.0205418 0.00633516 0.00499453 0.00829507 0.013565 0.0194367 0.0242397 0.0263254 0.0249455 0.0207112 0.0152115 0.0100986 0.00633908 0.0040579 0.00285762
 1.03032e-16 2.75613e-05 0.000267905 0.00178033 0.00809315 0.0251811 0.0536531 0.07832 0.0783762 0.0539277 0.0261033 0.0107565 0.00846489 0.0148576 0.0277277 0.0457724 0.0658758 0.0827081 0.0908339 0.0877115 0.0751852 0.0582111 0.0418992 0.0291822 0.0204461 0.0146376
 1.01871e-16 7.50702e-05 0.000729709 0.00484918 0.0220436 0.068586 0.14613 0.213282 0.213285 0.146149 0.0686499 0.0222291 0.00531763 0.00176179 0.0020628 0.00336344 0.00500556 0.00664379 0.00797003 0.00882608 0.00925827 0.00941467 0.00937984 0.00910178 0.00846463 0.00742123
 1.00644e-16 7.01757e-05 0.000682133 0.00453301 0.0206064 0.0641143 0.136603 0.199379 0.199392 0.136669 0.0643347 0.0212426 0.00612856 0.00416124 0.00666597 0.0108787 0.0155935 0.0194615 0.0211621 0.0200933 0.0167373 0.0123557 0.00826058 0.00522084 0.00334054 0.00231471
 1.02591e-16 2.54174e-05 0.000247067 0.00164185 0.00746363 0.0232225 0.0494801 0.0722302 0.0722901 0.0497728 0.024205 0.0103011 0.00876217 0.0157836 0.0295107 0.0486897 0.0699995 0.0877294 0.0960585 0.0922745 0.0783834 0.0597544 0.0419492 0.028196 0.0189542 0.013075
 1.05859e-16 5.98862e-05 0.000582115 0.00386836 0.017585 0.0547136 0.116573 0.170145 0.170156 0.116628 0.054896 0.0181146 0.00520738 0.00353732 0.00576635 0.00968299 0.0145123 0.0194343 0.0236131 0.0265994 0.028471 0.0295373 0.029895 0.0292725 0.02729 0.0238599
 1.01221e-16 7.51906e-05 0.000730879 0.00485695 0.022079 0.068696 0.146364 0.213624 0.213631 0.146398 0.0688082 0.0224032 0.00567071 0.00250701 0.00344762 0.00557899 0.00802682 0.0100913 0.0111187 0.0108181 0.00943563 0.00759044 0.00590181 0.00469532 0.00395863 0.00349192
 1.02217e-16 2.09779e-05 0.000203913 0.00135508 0.00616003 0.0191665 0.0408387 0.0596195 0.0596873 0.0411697 0.0202775 0.00936765 0.0094013 0.0177511 0.0332938 0.0548704 0.0787168 0.0983049 0.106992 0.101711 0.0848352 0.0626509 0.0417182 0.0259163 0.0158501 0.0101213
 1.01211e-16 7.77054e-05 0.000755325 0.0050194 0.0228175 0.0709936 0.151259 0.220768 0.22077 0.151269 0.0710272 0.0229151 0.00526677 0.001303 0.00114021 0.00182016 0.00274941 0.00373727 0.00463643 0.00536309 0.00591208 0.00630158 0.00650152 0.00642313 0.00598411 0.00518884
pSPR Fmed_Fpbrs
1   0.983372 0.6 0.325 0.983372 0.983372 0.983372
Fs Fmed_Fpbrs
0   0.01 0.345516 0.88476 0.01 0.01 0.01
SSBpbr Bo_Bmed_Bpbrs
318407  302486  297192 175124 87561.9 297192 297192 297192
Ro
47021
SPR SPRFo_SPRFmed_SPRFpbrs
338755 338755 333122
Fref
0
Nvult_r0
 59307.1 2355.88 4283 204.039 45.7743
CTP_r0
 32960.3 1648.03 3037.5 144.809 32.4879
YTP_r0
356072
Np
 66286.5 24385.4 8970.91 3300.21 1660.72
Nvult_p0
 41901.1 15414.5 5670.69 2086.13 1049.77
CTP_p0
 0 0 0 0 0
 0 0 0 0 0
 0 0 0 0 0
 0 0 0 0 0
 0 0 0 0 0
 0 0 0 0 0
YTP_p0
 0 0 0 0 0 0
CBA_c0
0
log_Ro
10.5783
likeval ReclasPelacesDesembMPH_pf_preclas_ppelaces_ptallas_desvR_qrecl_qpela
 18.9355 17.0192 0.350336 32.6544 341.187 144.663 138.484 0 116.129 0.000130424 0.000211598 0.0582193 2067.62 0 0
q_reclas_q_pelaces
5.02828 7.82384
M
1
N
 5749.46 20050.7 40260.4 10853.7 0.0905188
 188530 1638.51 4586.4 9003.78 2424.3
 9144.03 40211.3 218.558 583.008 1448.8
 98215.3 1938.81 5305.01 27.4639 254.604
 3917.79 10634.7 73.2345 179.862 9.50365
 737607 340.422 266.712 1.61683 4.15127
 5343.79 238961 98.8522 76.5833 1.65518
 1689.57 1669.17 64833.3 26.435 20.9058
 4181.7 598.567 572.458 22161.2 16.1789
 5848.51 1214.8 141.891 132.9 5142.71
 33219.8 453.32 24.6309 2.50714 92.4751
 141997 7384.61 65.3061 3.39392 13.0539
 54730.9 23455 612.131 5.04368 1.26512
 58473.2 8330.83 1669.88 40.3121 0.413664
 50553.8 2447.31 53.6527 8.87549 0.214173
 260763 4886.94 74.8491 1.45818 0.245431
 9137.74 44163.5 424.393 6.06952 0.13762
 442106 1511.45 3670.26 32.8649 0.478805
 121694 96784.9 211.626 490.858 4.44806
 262229 17233.9 6024.64 12.1078 28.2062
 170876 43825.2 1460.06 476.042 3.17274
 431090 30466.7 4188.05 130.879 42.8046
 11694.8 77241.5 2938.25 379.03 15.663
 152454 2528.97 10570.8 383.671 51.4044
 162637 33147.3 349.61 1394.98 57.2671
 23221.1 38032.8 5247.58 53.1755 220.398
 122067 5551.07 6272.61 833.122 43.3381
 174748 25145.1 694.015 745.059 103.811
 26821.9 45943.4 4950.39 132.637 161.965
 46112.2 7376.86 9836.29 1032.97 61.383
 116714 9666.9 952.882 1208.99 134.138
 9503.27 23428 1151.74 107.613 151.234
 66286.5 2443.5 4425.07 210.764 47.2826
pred_Ctot
 836.126 4981.21 10387.2 2805.95 0.0234038
 52326.6 715.082 2062.49 4055.46 1092.04
 2559.76 17672.8 98.964 264.409 657.121
 48183.8 1296.14 3610.72 18.7103 173.463
 2113.09 7554.96 52.8362 129.87 6.86243
 56234.6 46.2133 37.7562 0.229397 0.589057
 516.661 40643.7 17.5115 13.5963 0.293887
 39.6268 71.8863 2920.71 1.19378 0.944203
 566.773 139.425 138.561 5375.1 3.92454
 3285.51 884.863 104.848 98.2787 3803.15
 8654.67 187.75 10.5221 1.07281 39.5735
 52712 4052.83 36.7311 1.91138 7.35218
 21751.5 13540.5 361.614 2.98318 0.748329
 38372 6636.57 1343.85 32.4588 0.333087
 26121.7 1692.14 37.7176 6.24488 0.150701
 94621.1 2636.38 41.4013 0.807637 0.135945
 3387.92 24215.4 238.483 3.41515 0.0774402
 117996 638.676 1599.08 14.3421 0.208967
 51017.6 58073.1 129.78 301.368 2.73111
 96322.9 9383.56 3362.48 6.7665 15.7643
 58979.4 22755.8 778.105 254.046 1.6933
 148049 15758.2 2223.49 69.5819 22.7589
 3180.28 33148.4 1299.74 167.936 6.94036
 41119.4 1077.97 4645.01 168.867 22.6268
 38851.7 12763.1 139.026 555.688 22.8142
 5322.64 14137.8 2015.74 20.462 84.8174
 35575.5 2521.09 2933.05 390.171 20.2979
 32389.2 7768.72 222.151 238.943 33.2958
 4381.54 12681.2 1417.52 38.0548 46.474
 13118.4 3285.15 4511.81 474.56 28.2025
 35192.8 4512.6 457.7 581.6 64.534
 1861.91 7601.04 386.906 36.2179 50.904
 32960.3 1648.03 3037.5 144.809 32.4879
F
 0.255319 0.475168 0.497724 0.498971 0.499037
 0.545111 1.01449 1.06265 1.06531 1.06545
 0.551025 1.0255 1.07418 1.07687 1.07701
 1.22304 2.27616 2.38422 2.39019 2.3905
 1.4431 2.68571 2.8132 2.82025 2.82062
 0.127109 0.236559 0.247789 0.24841 0.248442
 0.163606 0.304483 0.318937 0.319736 0.319778
 0.0376905 0.0701446 0.0734745 0.0736585 0.0736682
 0.236143 0.439478 0.460341 0.461494 0.461555
 1.55734 2.89833 3.03592 3.04352 3.04392
 0.503749 0.937512 0.982017 0.984476 0.984606
 0.800725 1.49021 1.56095 1.56486 1.56506
 0.882465 1.64233 1.72029 1.7246 1.72483
 2.17358 4.04519 4.23721 4.24783 4.24839
 1.33647 2.48727 2.60534 2.61187 2.61221
 0.775716 1.44366 1.5122 1.51598 1.51618
 0.799343 1.48763 1.55825 1.56216 1.56236
 0.519059 0.966007 1.01186 1.0144 1.01453
 0.954629 1.77663 1.86097 1.86563 1.86588
 0.789008 1.4684 1.53811 1.54196 1.54216
 0.724301 1.34798 1.41196 1.4155 1.41569
 0.719381 1.33882 1.40237 1.40589 1.40607
 0.53133 0.988843 1.03578 1.03838 1.03852
 0.525906 0.978748 1.02521 1.02778 1.02791
 0.453069 0.843193 0.883221 0.885433 0.88555
 0.431073 0.802257 0.840341 0.842446 0.842557
 0.579909 1.07925 1.13048 1.13332 1.13347
 0.335934 0.625198 0.654877 0.656517 0.656603
 0.290871 0.541332 0.56703 0.56845 0.568525
 0.562371 1.04661 1.0963 1.09904 1.09919
 0.605797 1.12743 1.18095 1.18391 1.18406
 0.358206 0.666647 0.698293 0.700042 0.700134
 1.25102 2.32824 2.43876 2.44487 2.44519
YTP_r0W_actual
 248521 28758.2 73112.5 4535.42 1145.2
YTP_p0W_proyectada
 0 0 0 0 0
 0 0 0 0 0
 0 0 0 0 0
 0 0 0 0 0
 0 0 0 0 0
 0 0 0 0 0
CTP_r0_actual
 32960.3 1648.03 3037.5 144.809 32.4879
CTP_p0_proyectada
 0 0 0 0 0
 0 0 0 0 0
 0 0 0 0 0
 0 0 0 0 0
 0 0 0 0 0
 0 0 0 0 0
Wmedp
 7.54 17.45 24.07 31.32 35.25
Frms_r0
 1.25102 2.32824 2.43876 2.44487 2.44519
Zrms_r0
 2.25102 3.32824 3.43876 3.44487 3.44519
nmprior
 7.29 8.9 8.7 0
nm_flota  nm_reclas  nm_pelaces    nm_pelaL
inf 14.0226 4.63309 8.55499
cv_recla  cv_pelaces  cv_mph
0.37685 0.451918 0.763619
 ------------------------------------------------
Talla a la edad & desviaci?n 
 8 13.2811 15.8009 17.003 17.5766
 0.8 1.32811 1.58009 1.7003 1.75766
