years
 1991 1992 1993 1994 1995 1996 1997 1998 1999 2000 2001 2002 2003 2004 2005 2006 2007 2008 2009 2010 2011 2012 2013 2014 2015 2016 2017 2018 2019 2020 2021 2022 2023
reclasobs
 0 0 0 0 0 0 0 0 0 252601 567819 844713 477998 351125 339783 2.1784e+06 2.13404e+06 4.81314e+06 1.55562e+06 2.62356e+06 3.21686e+06 3.843e+06 1.13348e+06 3.07943e+06 1.97215e+06 2.03268e+06 2.025e+06 2.42433e+06 2.27542e+06 1.05018e+06 2.36338e+06 3.18982e+06 1.53035e+06
reclaspred
 2.97712e+06 1.60569e+06 839567 844495 878494 1.52889e+06 790166 711705 504146 343667 543003 804103 704431 357663 568886 1.41031e+06 1.24148e+06 2.91008e+06 2.28412e+06 1.85549e+06 3.26474e+06 2.62086e+06 1.98743e+06 3.04475e+06 2.28708e+06 2.04793e+06 2.45388e+06 2.77619e+06 2.2956e+06 1.64243e+06 1.81242e+06 1.83584e+06 1.53461e+06
pelacesobs
 0 0 0 0 0 0 0 0 0 0 0 0 0 0 0 552880 188675 0 991730 2.46772e+06 1.41603e+06 1.21717e+06 2.29649e+06 1.80582e+06 0 1.4828e+06 1.56532e+06 1.57751e+06 1.42118e+06 867257 1.10002e+06 1.06204e+06 0
pelacespred
 1.60598e+06 943008 471513 391838 453065 817522 355731 448138 281754 176242 305373 385570 368692 173386 314227 653958 593548 1.59623e+06 1.263e+06 912431 1.69757e+06 1.4025e+06 1.11035e+06 1.86788e+06 1.33537e+06 1.20926e+06 1.65027e+06 1.66449e+06 1.27886e+06 1.03668e+06 964974 1.02495e+06 852133
mphobs
 0 0 0 0 0 0 0 0 0 0 0 0 498337 0 5186 125008 0 168611 109162 213762 579715 649985 157893 87575 83554 210694 70296 0 107559 103333 445601 22526 28222
mphpred
 504383 347062 163853 94751.7 100535 124624 166805 82665.2 78102.9 48367.3 30984.5 75726.7 95499.9 58784.8 23152.6 56317 180427 154842 308405 364031 433173 510797 105620 85986.7 128851 102935 88922.6 99486.4 146447 107667 63855.1 86691.7 57626.2
desembarqueobs
 494567 514787 250237 358949 120608 361735 552515 73892 212993 205616 52469 317467 293654 387597 252695 516296 358380 742168 942051 627588 828172 859565 418607 520667 417249 300574 415391 372974 316634 284311 391294 218835 356480
desembarquepred
 494565 513990 250565 359009 120616 361749 552532 73898.6 213063 205679 52471.6 317496 293736 387692 252631 516173 358406 741961 941625 627270 828282 859537 418617 520712 417225 300575 415390 372935 316602 284273 391242 218849 356507
Reclutas
 174508 83567 95595.2 123439 108514 192126 71564 33472.8 32698.3 44603.5 91165.7 139211 87604.7 51474.9 83950.9 347436 69528.6 508511 308062 288187 351536 468157 91720.9 262138 239721 101715 228557 275381 96191.9 91368.1 170831 74933.6 149859
log_desv_Rt
 0.289728 -0.446596 -0.312122 -0.0564971 -0.185366 0.385907 -0.601653 -1.36151 -1.38492 -1.07443 -0.359566 0.0637484 -0.39941 -0.931151 -0.442012 0.978335 -0.630507 1.35924 0.858057 0.791366 0.990066 1.27656 -0.353495 0.696628 0.607229 -0.250073 0.559542 0.745911 -0.3059 -0.357348 0.268433 -0.555642 0.137453
SSB
 1.66352e+06 1.14466e+06 540407 312504 331578 411027 550145 272641 257593 159522 102191 249757 299061 188488 73255.4 178874 595072 510688 1.05289e+06 733942 896791 1.11532e+06 1.05432e+06 826071 1.15583e+06 980359 798255 857920 1.30944e+06 904958 617260 852262 526512
BT
 2.45425e+06 1.69013e+06 835742 797286 675939 1.36543e+06 946900 640716 575824 421931 443357 762471 735950 620271 664579 1.28409e+06 1.03681e+06 2.74151e+06 2.52766e+06 1.73202e+06 2.8592e+06 2.61275e+06 1.77214e+06 2.91263e+06 2.09749e+06 1.80611e+06 2.56603e+06 2.51267e+06 1.87683e+06 1.59532e+06 1.59561e+06 1.48083e+06 1.42027e+06
Ftot
 0.261063 0.468313 0.461651 0.767247 0.244817 0.470709 1.02646 0.182352 0.742045 1.04348 0.222949 0.758607 0.727772 1.82034 1.07547 0.883586 0.460681 0.570893 0.726271 0.638379 0.481518 0.607116 0.330133 0.349978 0.314064 0.241666 0.33905 0.281449 0.206512 0.282409 0.427289 0.191323 0.445191
BD_Bspro_t
 0.95909 0.747059 0.526834 0.435272 0.42851 0.532239 0.522312 0.319697 0.384372 0.319066 0.286655 0.574543 0.477147 0.317506 0.158894 0.309094 0.48103 0.428046 0.537707 0.422098 0.422629 0.471881 0.491407 0.471089 0.586588 0.604864 0.608028 0.649901 0.7231 0.650652 0.590994 0.637591 0.625296
BD_Bspro
 1.76785 1.21644 0.574299 0.332102 0.352373 0.436804 0.584647 0.289739 0.273748 0.169526 0.1086 0.26542 0.317817 0.200309 0.0778496 0.190092 0.632392 0.542716 1.11892 0.779971 0.953033 1.18527 1.12044 0.877878 1.22832 1.04184 0.848317 0.911725 1.39156 0.961713 0.655971 0.905711 0.559533
BD_Bo
 2.42304 1.66728 0.787144 0.455185 0.482968 0.598691 0.801327 0.397121 0.375204 0.232355 0.148848 0.363789 0.435605 0.274547 0.106702 0.260543 0.866766 0.743855 1.53362 1.06904 1.30624 1.62454 1.53569 1.20323 1.68355 1.42797 1.16272 1.24962 1.90729 1.31814 0.899085 1.24138 0.766905
BD_Brms
 2.59579 1.78614 0.843262 0.487636 0.5174 0.641374 0.858457 0.425434 0.401954 0.248921 0.15946 0.389725 0.466661 0.294121 0.114309 0.279118 0.928561 0.796887 1.64295 1.14526 1.39937 1.74036 1.64518 1.28902 1.80358 1.52977 1.24561 1.33872 2.04327 1.41211 0.963184 1.32989 0.82158
Sel_flota
 0.471982 1 1 1 1
 0.471982 1 1 1 1
 0.471982 1 1 1 1
 0.471982 1 1 1 1
 0.471982 1 1 1 1
 0.471982 1 1 1 1
 0.471982 1 1 1 1
 0.471982 1 1 1 1
 0.471982 1 1 1 1
 0.471982 1 1 1 1
 0.471982 1 1 1 1
 0.471982 1 1 1 1
 0.471982 1 1 1 1
 0.471982 1 1 1 1
 0.471982 1 1 1 1
 0.471982 1 1 1 1
 0.471982 1 1 1 1
 0.471982 1 1 1 1
 0.471982 1 1 1 1
 0.471982 1 1 1 1
 0.471982 1 1 1 1
 0.471982 1 1 1 1
 0.471982 1 1 1 1
 0.471982 1 1 1 1
 0.471982 1 1 1 1
 0.471982 1 1 1 1
 0.471982 1 1 1 1
 0.471982 1 1 1 1
 0.471982 1 1 1 1
 0.471982 1 1 1 1
 0.471982 1 1 1 1
 0.471982 1 1 1 1
 0.471982 1 1 1 1
Sel_reclas
 1 1 1 1 1
 1 1 1 1 1
 1 1 1 1 1
 1 1 1 1 1
 1 1 1 1 1
 1 1 1 1 1
 1 1 1 1 1
 1 1 1 1 1
 1 1 1 1 1
 1 1 1 1 1
 1 1 1 1 1
 1 1 1 1 1
 1 1 1 1 1
 1 1 1 1 1
 1 1 1 1 1
 1 1 1 1 1
 1 1 1 1 1
 1 1 1 1 1
 1 1 1 1 1
 1 1 1 1 1
 1 1 1 1 1
 1 1 1 1 1
 1 1 1 1 1
 1 1 1 1 1
 1 1 1 1 1
 1 1 1 1 1
 1 1 1 1 1
 1 1 1 1 1
 1 1 1 1 1
 1 1 1 1 1
 1 1 1 1 1
 1 1 1 1 1
 1 1 1 1 1
Sel_pelaces
 0.944901 1 1 1 1
 0.944901 1 1 1 1
 0.944901 1 1 1 1
 0.944901 1 1 1 1
 0.944901 1 1 1 1
 0.944901 1 1 1 1
 0.944901 1 1 1 1
 0.944901 1 1 1 1
 0.944901 1 1 1 1
 0.944901 1 1 1 1
 0.944901 1 1 1 1
 0.944901 1 1 1 1
 0.944901 1 1 1 1
 0.944901 1 1 1 1
 0.944901 1 1 1 1
 0.944901 1 1 1 1
 0.944901 1 1 1 1
 0.944901 1 1 1 1
 0.944901 1 1 1 1
 0.944901 1 1 1 1
 0.944901 1 1 1 1
 0.944901 1 1 1 1
 0.944901 1 1 1 1
 0.944901 1 1 1 1
 0.944901 1 1 1 1
 0.944901 1 1 1 1
 0.944901 1 1 1 1
 0.944901 1 1 1 1
 0.944901 1 1 1 1
 0.944901 1 1 1 1
 0.944901 1 1 1 1
 0.944901 1 1 1 1
 0.944901 1 1 1 1
pf_obs 
 0.8446 0.082 0.0669 0.0065 0
 0.8095 0.147 0.0364 0.0071 0
 0.9664 0.0169 0.016 0.0007 0
 0.9276 0.0648 0.0075 0.0001 0
 0.7033 0.2144 0.0806 0.0017 0
 0.9318 0.0425 0.0243 0.0014 0
 0.5671 0.3108 0.0964 0.0239 0.0018
 0.0768 0.2599 0.5324 0.112 0.0189
 0.490249 0.384438 0.106611 0.0170017 0.00170017
 0.7925 0.1577 0.0466 0.003 0.0002
 0.840416 0.127587 0.0312969 0.00059994 9.999e-05
 0.8084 0.0986 0.0794 0.0134 0.0002
 0.7335 0.1905 0.0724 0.0035 0.0001
 0.4001 0.4547 0.1325 0.0127 0
 0.49795 0.308269 0.164784 0.0264974 0.00249975
 0.9179 0.0499 0.0305 0.0017 0
 0.2467 0.6533 0.0926 0.0074 0
 0.9418 0.0223 0.034 0.0019 0
 0.707729 0.231977 0.0356964 0.0245975 0
 0.517169 0.277429 0.184464 0.0207286 0.00020938
 0.811772 0.124168 0.05621 0.00726502 0.000585176
 0.764997 0.148141 0.077277 0.00933861 0.000247198
 0.163321 0.427699 0.378323 0.0303852 0.000271297
 0.753843 0.0900009 0.118128 0.0371064 0.000921714
 0.721811 0.176058 0.0630433 0.0369309 0.00215725
 0.143369 0.312575 0.442814 0.0836902 0.0175525
 0.692698 0.0596174 0.167031 0.0765114 0.00414204
 0.394062 0.376323 0.152708 0.0712218 0.00568511
 0.125707 0.32114 0.495352 0.0537591 0.00404204
 0.23352 0.215282 0.420074 0.123614 0.00750983
 0.796117 0.104755 0.0508955 0.0450114 0.00322123
 0.162477 0.292055 0.404252 0.121198 0.0200186
 0 0 0 0 0
pf_pred 
 0.443316 0.152261 0.377109 0.0273136 1.07447e-06
 0.3312 0.432641 0.0645927 0.159979 0.0115875
 0.525322 0.260829 0.138337 0.0206536 0.0548584
 0.636771 0.265577 0.0536583 0.028459 0.0155345
 0.585373 0.342955 0.052403 0.0105877 0.00868069
 0.682124 0.242744 0.0621456 0.00949575 0.00349155
 0.379001 0.522262 0.0753997 0.0193034 0.00403405
 0.395741 0.390618 0.179673 0.0259396 0.00802871
 0.485 0.306419 0.134836 0.0620203 0.0117254
 0.685064 0.226168 0.0528157 0.0232409 0.0127111
 0.796136 0.176889 0.0193719 0.00452381 0.00307939
 0.694498 0.274563 0.0268452 0.00293994 0.00115388
 0.534707 0.400545 0.0581907 0.00568956 0.000867643
 0.522395 0.360933 0.100436 0.0145913 0.00164421
 0.83177 0.137361 0.0233287 0.00649166 0.00104937
 0.907613 0.0866424 0.00469087 0.000796677 0.000257527
 0.292657 0.682907 0.0229166 0.00124072 0.000278833
 0.868474 0.0662986 0.0629743 0.00211325 0.000140125
 0.526053 0.447376 0.0133936 0.012722 0.000455225
 0.590284 0.306937 0.0970175 0.00290452 0.0028576
 0.648538 0.277621 0.0553173 0.0174849 0.00103847
 0.665477 0.274411 0.0474831 0.00946123 0.00316815
 0.231 0.643671 0.102808 0.0177895 0.00473157
 0.656328 0.14231 0.168545 0.0269201 0.00589711
 0.547734 0.37037 0.033912 0.0401635 0.00782019
 0.329487 0.495647 0.143201 0.0131118 0.0185525
 0.64738 0.186556 0.122756 0.0354662 0.00784223
 0.610066 0.316803 0.03869 0.0254584 0.00898176
 0.29541 0.552181 0.123825 0.0151223 0.0134612
 0.409693 0.287235 0.237515 0.0532622 0.0122949
 0.64871 0.216577 0.0655496 0.0542031 0.0149607
 0.369739 0.515381 0.0708253 0.0214361 0.0226181
 0.636639 0.206718 0.128091 0.0176026 0.010949
pobs_RECLAS
 0 0 0 0 0
 0 0 0 0 0
 0 0 0 0 0
 0 0 0 0 0
 0 0 0 0 0
 0 0 0 0 0
 0 0 0 0 0
 0 0 0 0 0
 0 0 0 0 0
 0 0 0 0 0
 0.991045 0.00858322 0.000360255 1.14367e-05 0
 0.934742 0.0480273 0.0164251 0.00080598 0
 0.827803 0.169806 0.00239088 0 0
 0.941827 0.0461693 0.0120037 0 0
 0.791401 0.0380133 0.147996 0.0225897 0
 0.846168 0.0940531 0.0597789 0 0
 0.134021 0.677848 0.182769 0.00536245 0
 0.80878 0.0450904 0.141981 0.00414843 0
 0.846168 0.0940531 0.0597789 0 0
 0.905697 0.0802665 0.012482 0.00150086 5.37128e-05
 0.989698 0.0102097 9.19794e-05 0 0
 0.975433 0.0193895 0.00387452 0.00125025 5.28907e-05
 0.303575 0.632131 0.0575291 0.00676475 0
 0.966965 0.00978017 0.0227588 0.000495775 0
 0.843318 0.132988 0.00938335 0.0141283 0.000182051
 0.564624 0.303363 0.111486 0.0197234 0.00080311
 0.826376 0.0876187 0.0782897 0.00655872 0.00115652
 0.89761 0.0855135 0.0140674 0.00269457 0.000114338
 0.34875 0.467042 0.161289 0.0227151 0.000203297
 0.318654 0.224769 0.449479 0.00709798 0
 0.937255 0.0296025 0.0250945 0.00804832 0
 0.456809 0.399803 0.12412 0.0192676 0
 0.883104 0.0372192 0.0704036 0.00927362 0
ppred_RECLAS
 0.630993 0.100928 0.249972 0.0181052 7.12231e-07
 0.51873 0.311329 0.046481 0.115121 0.00833842
 0.706536 0.161255 0.0855254 0.0127688 0.0339156
 0.796238 0.148982 0.0301009 0.0159647 0.00871442
 0.751777 0.205316 0.0313719 0.00633851 0.00519683
 0.823673 0.13465 0.0344723 0.00526731 0.00193677
 0.582353 0.351242 0.0507094 0.0129823 0.00271306
 0.583336 0.269349 0.123892 0.0178865 0.00553616
 0.676853 0.192268 0.0846051 0.0389158 0.00735729
 0.832733 0.120122 0.0280513 0.0123436 0.00675108
 0.893243 0.0926312 0.0101445 0.00236898 0.00161258
 0.835077 0.148221 0.0144922 0.00158711 0.000622916
 0.718531 0.242301 0.0352012 0.00344177 0.000524862
 0.73346 0.201428 0.0560513 0.00814306 0.000917598
 0.91905 0.0660957 0.0112254 0.00312368 0.000504941
 0.95677 0.040542 0.00219497 0.000372784 0.000120503
 0.47369 0.508128 0.0170515 0.000923176 0.00020747
 0.935406 0.0325598 0.0309272 0.00103784 6.88167e-05
 0.711425 0.272397 0.00815505 0.00774614 0.000277176
 0.760571 0.179367 0.0566949 0.00169734 0.00166992
 0.800797 0.157351 0.0313529 0.00991013 0.000588588
 0.813962 0.152608 0.0264067 0.00526165 0.00176189
 0.393112 0.50798 0.0811349 0.0140393 0.00373412
 0.804814 0.0808241 0.0957235 0.015289 0.00334921
 0.722908 0.226916 0.020777 0.0246071 0.00479123
 0.513136 0.359893 0.103979 0.00952059 0.0134711
 0.798433 0.10664 0.0701704 0.0202734 0.00448283
 0.77083 0.18619 0.0227387 0.0149623 0.00527872
 0.472978 0.413022 0.0926193 0.0113112 0.0100688
 0.598745 0.195245 0.161448 0.0362045 0.00835734
 0.800307 0.123114 0.0372621 0.0308121 0.00850451
 0.556478 0.36268 0.0498406 0.0150849 0.0159166
 0.791978 0.118345 0.073331 0.0100774 0.00626826
pobs_PELACES
 0 0 0 0 0
 0 0 0 0 0
 0 0 0 0 0
 0 0 0 0 0
 0 0 0 0 0
 0 0 0 0 0
 0 0 0 0 0
 0 0 0 0 0
 0 0 0 0 0
 0 0 0 0 0
 0 0 0 0 0
 0 0 0 0 0
 0 0 0 0 0
 0 0 0 0 0
 0 0 0 0 0
 0 0 0 0 0
 0.505614 0.472636 0.0217494 0 0
 0 0 0 0 0
 0.443492 0.261883 0.143347 0.151278 0
 0.227955 0.32914 0.350689 0.0885471 0.00366901
 0.970185 0.0296113 0.000203453 0 0
 0.997202 0.00247181 0.000326279 0 0
 0.445219 0.490057 0.0546422 0.010081 0
 0.90214 0.0892962 0.00764917 0.000914606 0
 0 0 0 0 0
 0.581667 0.319106 0.0959925 0.00289975 0.000334073
 0.762889 0.0836404 0.116647 0.0363945 0.000428098
 0.88444 0.0763242 0.0277011 0.0115352 0
 0.521256 0.241999 0.230069 0.00667565 0
 0.616807 0.101726 0.260614 0.0208532 0
 0.833518 0.0704572 0.0857862 0.0102388 0
 0.697417 0.212968 0.0787535 0.0105354 0.000325836
 0 0 0 0 0
ppred_PELACES
 0.628385 0.101642 0.251739 0.0182332 7.17266e-07
 0.52495 0.307306 0.0458804 0.113633 0.00823066
 0.711439 0.15856 0.0840964 0.0125555 0.0333489
 0.808449 0.140054 0.0282971 0.0150081 0.00819221
 0.749152 0.207487 0.0317037 0.00640554 0.00525179
 0.827324 0.131862 0.0337586 0.00515825 0.00189667
 0.611737 0.32653 0.0471416 0.0120689 0.00252218
 0.577271 0.27327 0.125696 0.0181469 0.00561674
 0.692529 0.182941 0.0805009 0.0370279 0.00700038
 0.849446 0.108119 0.0252483 0.0111102 0.00607649
 0.891531 0.0941167 0.0103071 0.00240697 0.00163844
 0.845215 0.139109 0.0136013 0.00148954 0.000584625
 0.732496 0.230279 0.0334547 0.00327101 0.000498821
 0.781215 0.165339 0.0460088 0.0066841 0.000753196
 0.928258 0.0585776 0.00994856 0.00276837 0.000447506
 0.960619 0.0369316 0.0019995 0.000339587 0.000109772
 0.479576 0.502446 0.0168608 0.000912851 0.00020515
 0.937945 0.0312803 0.0297118 0.000997052 6.61124e-05
 0.725555 0.259059 0.00775572 0.00736684 0.000263604
 0.770364 0.17203 0.0543758 0.00162791 0.00160161
 0.805105 0.153948 0.0306749 0.00969582 0.00057586
 0.821285 0.146601 0.0253673 0.00505455 0.00169255
 0.393314 0.50781 0.0811078 0.0140346 0.00373287
 0.80549 0.0805443 0.0953922 0.0152361 0.00333762
 0.722517 0.227237 0.0208063 0.0246419 0.004798
 0.509496 0.362584 0.104757 0.00959177 0.0135718
 0.798819 0.106436 0.0700359 0.0202346 0.00447423
 0.769479 0.187288 0.0228728 0.0150505 0.00530985
 0.467824 0.417062 0.0935252 0.0114219 0.0101673
 0.596949 0.196119 0.162171 0.0363664 0.00839474
 0.803133 0.121372 0.0367347 0.030376 0.00838416
 0.550711 0.367396 0.0504887 0.015281 0.0161236
 0.7954 0.116398 0.0721248 0.00991162 0.00616515
pobs_pel_tallas
 0 0 0 0 0 0 0 0 0 0 0 0 0 0 0 0 0 0 0 0 0 0 0 0 0 0
 0 0 0 0 0 0 0 0 0 0 0 0 0 0 0 0 0 0 0 0 0 0 0 0 0 0
 0 0 0 0 0 0 0 0 0 0 0 0 0 0 0 0 0 0 0 0 0 0 0 0 0 0
 0 0 0 0 0 0 0 0 0 0 0 0 0 0 0 0 0 0 0 0 0 0 0 0 0 0
 0 0 0 0 0 0 0 0 0 0 0 0 0 0 0 0 0 0 0 0 0 0 0 0 0 0
 0 0 0 0 0 0 0 0 0 0 0 0 0 0 0 0 0 0 0 0 0 0 0 0 0 0
 0 0 0 0 0 0 0 0 0 0 0 0 0 0 0 0 0 0 0 0 0 0 0 0 0 0
 0 0 0 0 0 0 0 0 0 0 0 0 0 0 0 0 0 0 0 0 0 0 0 0 0 0
 0 0 0 0 0 0 0 0 0 0 0 0 0 0 0 0 0 0 0 0 0 0 0 0 0 0
 0 0 0 0 0 0 0 0 0 0 0 0 0 0 0 0 0 0 0 0 0 0 0 0 0 0
 0 0 0 0 0 0 0 0 0 0 0 0 0 0 0 0 0 0 0 0 0 0 0 0 0 0
 0 0 0 0 0 0 0 0 0 0 0 0 0 0 0 0 0 0 0 0 0 0 0 0 0 0
 0.00862536 0 0 0.000197151 0.00414017 0.0128641 0.00837892 0.0270097 0.101434 0.158115 0.152841 0.127902 0.109271 0.109419 0.0830992 0.0579132 0.0238553 0.00714673 0.00463305 0.00128148 0.00103504 0.000492878 0.000147863 0.000147863 4.92878e-05 0
 0 0 0 0 0 0 0 0 0 0 0 0 0 0 0 0 0 0 0 0 0 0 0 0 0 0
 0 0 0 0 0 0 0 0.0054083 0.00873648 0.0413646 0.0450493 0.0745869 0.0622846 0.0627006 0.0613931 0.0827291 0.12552 0.122667 0.0946155 0.0697135 0.0546179 0.0294188 0.0215738 0.0213955 0.0102223 0.00600262
 0 0 0 0 0.00359764 0.0251062 0.0480494 0.140153 0.205849 0.193036 0.1447 0.116669 0.0760912 0.0342217 0.00950174 0.001854 0.000860785 0 0 0 0.000165536 0 0.000143464 0 0 0
 0 0 0 0 0 0 0 0.000145254 0.000435761 0.0275982 0.070085 0.0708112 0.156366 0.174668 0.174014 0.160142 0.0824315 0.0480064 0.0283245 0.00493863 0.00203355 0 0 0 0 0
 0 0 0 0 0 0 0 0 0 0 0 0 0 0 0 0 0 0 0 0 0 0 0 0 0 0
 0 0 1.00437e-05 0.000401748 0.00122533 0.00171747 0.00176769 0.0269171 0.070346 0.194647 0.189555 0.159765 0.064822 0.0314167 0.0384472 0.0292271 0.0345202 0.0313363 0.0194345 0.0106764 0.0143323 0.0359363 0.0279516 0.0138201 0.00172751 0
 0 0.0021121 0.0136068 0.0755702 0.200478 0.177729 0.0527432 0.0373336 0.0318909 0.0142505 0.0149659 0.0166563 0.0217959 0.0798694 0.0677717 0.0528807 0.04013 0.0224614 0.0357745 0.0225083 0.00881397 0.00855152 0.00135912 0.000746735 0 0
 0 0 0 0 5.4009e-05 0.00500934 0.000945158 0.0243581 0.138947 0.33067 0.221406 0.137944 0.0707744 0.0437923 0.0131692 0.00525238 0.0047753 0.00276346 9.45158e-05 9.00151e-06 2.25038e-05 9.00151e-06 4.50075e-06 0 0 0
 0.000866109 0.00284123 0.00948549 0.0512746 0.133035 0.25785 0.225252 0.132002 0.0553304 0.0519788 0.0540692 0.017754 0.00435017 0.00159236 0.00146478 0.000404838 0.000125132 0.000115318 0.000107957 0.000100596 0 0 0 0 0 0
 0 0 0 0 0.00144013 0.00171154 0.00461396 0.0210425 0.0478622 0.0707936 0.0888783 0.103762 0.0637923 0.0337046 0.0602308 0.124433 0.169614 0.0934646 0.0462172 0.0250306 0.0313229 0.00938855 0.002487 0.000210481 0 0
 0 0.00764035 0.051015 0.0998891 0.058973 0.0496711 0.0374665 0.0718981 0.12319 0.153886 0.159021 0.0857701 0.0377988 0.023471 0.0147837 0.00900784 0.00315554 0.000888139 0.00291439 0.00214683 0.00393193 0.00274676 0.000635225 9.99891e-05 0 0
 0 0 0 0 0 0 0 0 0 0 0 0 0 0 0 0 0 0 0 0 0 0 0 0 0 0
 0 0 0 0 0 0 0 0 0 0 0 0 0 0 0 0 0 0 0 0 0 0 0 0 0 0
 0 0 0 0 0 0 0 0 0 0 0 0 0 0 0 0 0 0 0 0 0 0 0 0 0 0
 0 0 0 0 0 0 0 0 0 0 0 0 0 0 0 0 0 0 0 0 0 0 0 0 0 0
 0 0 0 0 0 0 0 0 0 0 0 0 0 0 0 0 0 0 0 0 0 0 0 0 0 0
 0 0 0 0 0 0 0 0 0 0 0 0 0 0 0 0 0 0 0 0 0 0 0 0 0 0
 0 0 0 0 0 0 0 0 0 0 0 0 0 0 0 0 0 0 0 0 0 0 0 0 0 0
 0 0 0 0 0 0 0 0 0 0 0 0 0 0 0 0 0 0 0 0 0 0 0 0 0 0
 0 0 0 0 0 0 0 0 0 0 0 0 0 0 0 0 0 0 0 0 0 0 0 0 0 0
ppred_pel_tallas
 1.0912e-16 5.17593e-05 0.000503118 0.0033434 0.0151986 0.0472886 0.100754 0.147055 0.147065 0.100804 0.0474571 0.01569 0.00459459 0.00329337 0.00552319 0.00949728 0.0147176 0.0206713 0.0267909 0.0326878 0.0381518 0.0428486 0.0460505 0.0467784 0.0443399 0.0388448
 1.14192e-16 4.32395e-05 0.000420303 0.00279306 0.0126969 0.0395049 0.0841704 0.122855 0.122885 0.0843153 0.0399917 0.0141037 0.00632705 0.00814426 0.0147416 0.024385 0.0353351 0.0449264 0.0505224 0.0510387 0.0476376 0.0429252 0.0392725 0.037552 0.0370588 0.0363537
 1.09371e-16 5.86003e-05 0.000569616 0.0037853 0.0172074 0.0535388 0.114071 0.166493 0.166508 0.114146 0.0537917 0.0179393 0.00562755 0.00460847 0.00778007 0.0129039 0.0189017 0.0244483 0.0282327 0.0296687 0.0292106 0.0279498 0.026827 0.0261039 0.0254168 0.0242129
 1.03744e-16 6.65909e-05 0.000647287 0.00430145 0.0195538 0.0608391 0.129625 0.189194 0.189207 0.129691 0.061061 0.0201948 0.00591151 0.0041653 0.00675776 0.0110931 0.016038 0.0203099 0.022654 0.022509 0.0203377 0.0172967 0.0145113 0.0125252 0.0112462 0.0102636
 1.025e-16 6.17067e-05 0.000599811 0.00398596 0.0181196 0.0563769 0.120118 0.175319 0.175339 0.120215 0.0567051 0.0190676 0.00636573 0.00579558 0.00993149 0.0163266 0.0235261 0.0296125 0.0326735 0.0318273 0.0277409 0.022165 0.0168752 0.0128451 0.0101288 0.00827752
 1.01847e-16 6.81456e-05 0.0006624 0.00440188 0.0200103 0.0622596 0.132651 0.193611 0.193624 0.132713 0.0624686 0.0206143 0.00591915 0.00397838 0.00637682 0.010463 0.0151323 0.0191676 0.0213712 0.0211829 0.0189926 0.015842 0.0127668 0.0103048 0.0084556 0.0069628
 1.03082e-16 5.03881e-05 0.00048979 0.00325483 0.014796 0.046036 0.0980857 0.143166 0.143197 0.0982395 0.0465524 0.0162875 0.00699886 0.00866335 0.0155743 0.02567 0.0369787 0.0465117 0.0512522 0.049804 0.0432119 0.0342346 0.0256797 0.019102 0.0146164 0.0115475
 1.06468e-16 4.75491e-05 0.000462194 0.00307145 0.0139624 0.0434422 0.0925592 0.135098 0.135125 0.0926887 0.0438772 0.0152206 0.00623645 0.00739349 0.013276 0.0220412 0.0321392 0.0412346 0.0469499 0.0481476 0.0455217 0.0409538 0.0362036 0.0320132 0.0281683 0.0241661
 1.07268e-16 5.70428e-05 0.000554476 0.00368469 0.0167501 0.0521158 0.111039 0.162068 0.162086 0.111126 0.0524071 0.0175927 0.00580471 0.00519855 0.0089246 0.0147898 0.0215982 0.0277958 0.0318359 0.0330167 0.03186 0.0296517 0.0275302 0.0258664 0.0243178 0.0223293
 1.02899e-16 6.99678e-05 0.000680112 0.00451958 0.0205454 0.0639243 0.136198 0.198787 0.198798 0.136249 0.0640957 0.0210406 0.00576367 0.00339924 0.00524392 0.00858481 0.0124231 0.0157588 0.0176262 0.0175903 0.0159992 0.013728 0.0116242 0.0100911 0.00905362 0.00820658
 1.00841e-16 7.34342e-05 0.000713807 0.0047435 0.0215633 0.0670913 0.142946 0.208635 0.208644 0.14299 0.0672401 0.0219928 0.00582143 0.0030662 0.00453884 0.00738164 0.0106129 0.0133178 0.014618 0.0141102 0.0121041 0.00941264 0.00686959 0.00494538 0.00368388 0.00288451
 1.00677e-16 6.96193e-05 0.000676724 0.00449707 0.020443 0.063606 0.13552 0.197798 0.197811 0.135585 0.0638257 0.0210776 0.00608944 0.00415111 0.00666286 0.0108909 0.0156489 0.0196079 0.0214628 0.0206091 0.0175001 0.0133425 0.00938456 0.00634816 0.00432997 0.00306212
 1.01437e-16 6.03348e-05 0.000586476 0.00389734 0.0177167 0.0551235 0.117447 0.171422 0.171444 0.117556 0.0554876 0.0187685 0.00653727 0.00634924 0.0110041 0.0180939 0.026052 0.0327427 0.0360255 0.0349017 0.0300958 0.0235495 0.0172549 0.0123403 0.00893371 0.00660931
 1.02168e-16 6.43476e-05 0.000625482 0.00415655 0.0188951 0.0587897 0.125258 0.182821 0.182837 0.125336 0.0590519 0.0196528 0.00606026 0.00478686 0.00798378 0.0131391 0.0190187 0.0241183 0.0269407 0.0267805 0.0241144 0.0202268 0.0163919 0.013266 0.010848 0.00883567
 1.00656e-16 7.64594e-05 0.000743213 0.00493891 0.0224516 0.0698552 0.148834 0.217229 0.217234 0.148862 0.0699479 0.0227193 0.00561115 0.00221119 0.00286579 0.00462029 0.00665664 0.00838826 0.00927322 0.00906216 0.00794002 0.0063942 0.00491698 0.00377529 0.00298124 0.00241195
 1.0012e-16 7.9125e-05 0.000769123 0.00511109 0.0232343 0.0722905 0.154023 0.224801 0.224805 0.15404 0.0723488 0.0234026 0.00553326 0.00168986 0.0018252 0.00288545 0.00413301 0.00516362 0.00562453 0.00535477 0.00447824 0.00332332 0.00223218 0.00140635 0.000876458 0.000569333
 1.00742e-16 3.95021e-05 0.000383975 0.00255165 0.0115995 0.0360905 0.0768964 0.112243 0.112291 0.0771325 0.0368831 0.0138877 0.00829108 0.0128985 0.0237635 0.0391093 0.0560661 0.0699377 0.0759635 0.0719453 0.0595838 0.0433959 0.0281145 0.0165663 0.00923141 0.00513482
 1.00977e-16 7.72573e-05 0.000750968 0.00499045 0.0226859 0.0705841 0.150387 0.219495 0.219498 0.150402 0.0706344 0.0228316 0.00535806 0.00155961 0.00163092 0.00262045 0.00387497 0.00509541 0.00602478 0.00653022 0.00665189 0.00652698 0.00625855 0.00584972 0.00524745 0.00443444
 1.01074e-16 5.97631e-05 0.000580918 0.00386041 0.0175489 0.0546012 0.116335 0.169799 0.169824 0.116456 0.0550099 0.0187288 0.00681995 0.00703438 0.0122948 0.0201758 0.028929 0.036109 0.0392709 0.0372957 0.0310744 0.0229414 0.0153253 0.00965082 0.00611472 0.00416044
 1.02048e-16 6.34539e-05 0.000616795 0.00409882 0.0186326 0.0579732 0.123519 0.180282 0.180299 0.1236 0.0582461 0.0194216 0.00608144 0.00495184 0.00831676 0.0137012 0.0198513 0.0252103 0.0282216 0.0281424 0.0254465 0.0214389 0.017416 0.0140494 0.0113557 0.0090641
 1.01995e-16 6.63155e-05 0.00064461 0.00428366 0.0194729 0.0605875 0.129089 0.188412 0.188427 0.129161 0.0608313 0.0201772 0.0060522 0.00450784 0.00741063 0.0121656 0.0175637 0.0221819 0.024614 0.0242093 0.0214457 0.0175803 0.0138709 0.010981 0.00891623 0.00734904
 1.01563e-16 6.76482e-05 0.000657564 0.00436975 0.0198642 0.0618051 0.131683 0.192198 0.192212 0.131752 0.0620371 0.0205344 0.00605219 0.0043315 0.00704848 0.0115542 0.016658 0.0209896 0.0231983 0.0226579 0.0198285 0.0159284 0.0121914 0.00929126 0.00726752 0.00582222
 1.0451e-16 3.23969e-05 0.000314909 0.00209269 0.00951308 0.029599 0.0630655 0.0920563 0.0921052 0.0633048 0.0304023 0.0118334 0.00791763 0.0130328 0.0241916 0.0399566 0.0575878 0.0724815 0.0799513 0.0778158 0.0676737 0.0537751 0.040447 0.0300887 0.022895 0.0178661
 1.04867e-16 6.63471e-05 0.000644918 0.00428571 0.0194822 0.0606164 0.12915 0.1885 0.188508 0.129189 0.0607466 0.0198599 0.00524037 0.00275053 0.00412859 0.00688576 0.0102988 0.0137576 0.0166653 0.0187154 0.0199957 0.0207711 0.0211497 0.0209497 0.0198688 0.0177744
 1.03942e-16 5.95128e-05 0.000578486 0.00384424 0.0174754 0.0543725 0.115847 0.169087 0.169109 0.115954 0.0547316 0.0185125 0.00644717 0.00625946 0.0108455 0.0178283 0.0256634 0.0322542 0.0355176 0.0345221 0.0300574 0.0241103 0.0186722 0.0147965 0.0124524 0.011002
 1.06375e-16 4.19666e-05 0.00040793 0.00271084 0.0123231 0.038342 0.0816929 0.119241 0.119276 0.0818641 0.0389171 0.0139853 0.00688718 0.00953823 0.017421 0.0288357 0.0417715 0.0530217 0.0593253 0.0591522 0.0535599 0.0453676 0.0373563 0.0309341 0.0260495 0.0219784
 1.04835e-16 6.57977e-05 0.000639577 0.00425022 0.0193209 0.0601145 0.128081 0.18694 0.18695 0.128131 0.0602847 0.0198137 0.00549181 0.0033649 0.00528559 0.0087493 0.0128682 0.0167527 0.0195332 0.0208012 0.0208046 0.0201754 0.0194262 0.0186431 0.0175731 0.0159404
 1.03116e-16 6.3381e-05 0.000616086 0.00409411 0.0186112 0.0579065 0.123377 0.180076 0.180094 0.123465 0.0582027 0.0194665 0.00624106 0.00530292 0.00896479 0.0147217 0.0212065 0.0266845 0.0294389 0.0286944 0.025083 0.0202156 0.0157091 0.0124231 0.010348 0.00899514
 1.05672e-16 3.85341e-05 0.000374565 0.00248912 0.0113152 0.035206 0.0750116 0.10949 0.10953 0.0752083 0.0358666 0.013224 0.00728308 0.0108483 0.019955 0.0329935 0.047675 0.0602651 0.0669654 0.0660021 0.0586424 0.0482546 0.0382148 0.0303151 0.0245993 0.020232
 1.09798e-16 4.917e-05 0.00047795 0.00317614 0.0144383 0.044923 0.095714 0.139701 0.13972 0.0958075 0.0452377 0.0153501 0.00547563 0.0055332 0.00975423 0.0163209 0.0241453 0.0317048 0.0374485 0.0406249 0.0416117 0.041407 0.040739 0.0395774 0.0373748 0.0336871
 1.05557e-16 6.6153e-05 0.000643031 0.00427317 0.0194252 0.0604391 0.128772 0.187949 0.187961 0.12883 0.0606319 0.0199826 0.00567449 0.0037094 0.0059116 0.00972724 0.0141486 0.0181036 0.0205569 0.0210625 0.0200247 0.0183875 0.0170013 0.0161662 0.0156308 0.0149215
 1.05812e-16 4.53614e-05 0.000440929 0.00293013 0.01332 0.0414436 0.0883012 0.128886 0.128921 0.0884742 0.0420246 0.0149981 0.00714271 0.00963756 0.0175132 0.0288867 0.0416233 0.052381 0.057788 0.0563067 0.0491548 0.0394736 0.0304338 0.0237498 0.0194585 0.0166658
 1.04149e-16 6.55161e-05 0.00063684 0.00423202 0.0192382 0.0598572 0.127532 0.18614 0.186151 0.127588 0.0600431 0.0197763 0.00558718 0.00360944 0.00575293 0.00951659 0.0139584 0.0180878 0.0209272 0.0220063 0.0215901 0.0203936 0.019038 0.0177071 0.0162199 0.0143455
pSPR Fmed_Fpbrs
1   0.983451 0.6 0.325 0.983451 0.983451 0.983451
Fs Fmed_Fpbrs
0   0.01 0.349224 0.903666 0.01 0.01 0.01
SSBpbr Bo_Bmed_Bpbrs
686542  652215  640854 377598 188799 640854 640854 640854
Ro
130614
SPR SPRFo_SPRFmed_SPRFpbrs
940986 940986 925414
Fref
0
Nvult_r0
 105177 19249.9 11928 1639.18 1019.59
CTP_r0
 18262.7 5929.93 3674.41 504.949 314.085
YTP_r0
356507
Np
 149859 55130.2 20281.3 7461.06 3754.51
Nvult_p0
 94729.2 34848.9 12820.2 4716.29 2373.31
CTP_p0
 0 0 0 0 0
 0 0 0 0 0
 0 0 0 0 0
 0 0 0 0 0
 0 0 0 0 0
 0 0 0 0 0
YTP_p0
 0 0 0 0 0 0
CBA_c0
0
log_Ro
11.6
likeval ReclasPelacesDesembMPH_pf_preclas_ppelaces_ptallas_desvR_qrecl_qpela
 14.633 17.1164 0.0263682 28.463 235.472 134.814 111.838 0 23.4961 6.56378e-06 1.87583e-05 0.115252 2067.29 0 0
q_reclas_q_pelaces
1.43666 1.84505
M
1
N
 174508 29904.6 74065.5 5364.49 0.21103
 83567 56755.7 8473.54 20986.7 1520.1
 95595.2 24646 13071.6 1951.57 5183.62
 123439 28282.2 5714.25 3030.7 1654.32
 108514 31614.7 4830.67 976.009 800.212
 192126 35563.8 9104.82 1391.2 511.54
 71564 56598.7 8171.24 2091.95 437.179
 33472.8 16218 7459.79 1076.98 333.342
 32698.3 11298.5 4971.74 2286.85 432.344
 44603.5 8474.75 1979.06 870.859 476.299
 91165.7 10027.3 1098.13 256.44 174.56
 139211 30188.2 2951.63 323.247 126.87
 87604.7 35799.9 5200.96 508.521 77.5481
 51474.9 22858.9 6360.92 924.106 104.133
 83950.9 8019.93 1362.07 379.022 61.2686
 347436 18590.1 1006.48 170.936 55.2553
 69528.6 84229.4 2826.52 153.029 34.3911
 508511 20579.7 19547.8 655.973 43.4962
 308062 142884 4277.69 4063.2 145.391
 288187 80440.3 25425.8 761.2 748.904
 351536 78438 15629.1 4940.1 293.405
 468157 103032 17828.4 3552.38 1189.54
 91720.9 129316 20654.4 3573.96 950.588
 262138 28873.8 34196.5 5461.88 1196.48
 239721 81751.9 7485.4 8865.29 1726.15
 101715 76038.6 21968.8 2011.52 2846.19
 228557 33385.1 21967.8 6346.85 1403.41
 275381 71647.8 8750.06 5757.63 2031.3
 96191.9 88705.1 19891.9 2429.32 2162.48
 91368.1 32100.6 26544.1 5952.44 1374.05
 170831 29417.9 8903.69 7362.48 2032.14
 74933.6 51367.5 7059.08 2136.52 2254.32
 149859 25186.3 15606.4 2144.68 1334.02
pred_Ctot
 12917.5 4436.61 10988.3 795.87 0.0313083
 10666 13932.9 2080.16 5151.98 373.167
 12042.9 5979.44 3171.34 473.477 1257.61
 24411.8 10181.4 2057.1 1091.03 595.545
 7556.21 4427 676.438 136.67 112.054
 24636.2 8767.15 2244.51 342.957 126.104
 18062.6 24890.3 3593.44 919.97 192.257
 1757.24 1734.49 797.813 115.181 35.6505
 6283.25 3969.71 1746.82 803.483 151.904
 11409.6 3766.79 879.638 387.073 211.702
 5805.63 1289.92 141.265 32.9888 22.4557
 27264.4 10778.7 1053.88 115.415 45.2988
 16553.7 12400.3 1801.5 176.14 26.8609
 20081.6 13874.7 3860.91 560.908 63.2058
 22006.6 3634.24 617.223 171.754 27.7639
 77462.1 7394.68 400.352 67.9941 21.9791
 8742.25 20399.8 684.563 37.0627 8.32928
 77607 5924.46 5627.4 188.841 12.5216
 58107.3 49416.8 1479.44 1405.26 50.2838
 48565.3 25253.1 7982.07 238.968 235.108
 46018.2 19699.1 3925.14 1240.67 73.6866
 75468.8 31119.7 5384.85 1072.96 359.285
 8472.48 23608.1 3770.71 652.47 173.542
 25572.7 5544.88 6567.04 1048.89 229.77
 21130.7 14288.3 1308.27 1549.44 301.69
 6995.84 10523.8 3040.51 278.397 393.917
 21645.6 6237.64 4104.43 1185.84 262.211
 21889.9 11367.3 1388.24 913.478 322.277
 5692.14 10639.7 2385.94 291.385 259.379
 7286.25 5108.37 4224.12 947.25 218.661
 20049.2 6693.59 2025.9 1675.22 462.381
 4120.18 5743.13 789.24 238.873 252.044
 18262.7 5929.93 3674.41 504.949 314.085
F
 0.123217 0.261063 0.261063 0.261063 0.261063
 0.221035 0.468313 0.468313 0.468313 0.468313
 0.217891 0.461651 0.461651 0.461651 0.461651
 0.362126 0.767247 0.767247 0.767247 0.767247
 0.115549 0.244817 0.244817 0.244817 0.244817
 0.222166 0.470709 0.470709 0.470709 0.470709
 0.48447 1.02646 1.02646 1.02646 1.02646
 0.0860668 0.182352 0.182352 0.182352 0.182352
 0.350231 0.742045 0.742045 0.742045 0.742045
 0.492504 1.04348 1.04348 1.04348 1.04348
 0.105228 0.222949 0.222949 0.222949 0.222949
 0.358049 0.758607 0.758607 0.758607 0.758607
 0.343495 0.727772 0.727772 0.727772 0.727772
 0.859165 1.82034 1.82034 1.82034 1.82034
 0.507602 1.07547 1.07547 1.07547 1.07547
 0.417036 0.883586 0.883586 0.883586 0.883586
 0.217433 0.460681 0.460681 0.460681 0.460681
 0.269451 0.570893 0.570893 0.570893 0.570893
 0.342786 0.726271 0.726271 0.726271 0.726271
 0.301303 0.638379 0.638379 0.638379 0.638379
 0.227267 0.481518 0.481518 0.481518 0.481518
 0.286548 0.607116 0.607116 0.607116 0.607116
 0.155817 0.330133 0.330133 0.330133 0.330133
 0.165183 0.349978 0.349978 0.349978 0.349978
 0.148232 0.314064 0.314064 0.314064 0.314064
 0.114062 0.241666 0.241666 0.241666 0.241666
 0.160025 0.33905 0.33905 0.33905 0.33905
 0.132839 0.281449 0.281449 0.281449 0.281449
 0.0974696 0.206512 0.206512 0.206512 0.206512
 0.133292 0.282409 0.282409 0.282409 0.282409
 0.201673 0.427289 0.427289 0.427289 0.427289
 0.0903011 0.191323 0.191323 0.191323 0.191323
 0.210122 0.445191 0.445191 0.445191 0.445191
YTP_r0W_actual
 137700 103477 88443 15815 11071.5
YTP_p0W_proyectada
 0 0 0 0 0
 0 0 0 0 0
 0 0 0 0 0
 0 0 0 0 0
 0 0 0 0 0
 0 0 0 0 0
CTP_r0_actual
 18262.7 5929.93 3674.41 504.949 314.085
CTP_p0_proyectada
 0 0 0 0 0
 0 0 0 0 0
 0 0 0 0 0
 0 0 0 0 0
 0 0 0 0 0
 0 0 0 0 0
Wmedp
 7.54 17.45 24.07 31.32 35.25
Frms_r0
 0.210122 0.445191 0.445191 0.445191 0.445191
Zrms_r0
 1.21012 1.44519 1.44519 1.44519 1.44519
nmprior
 7.29 8.9 8.7 0
nm_flota  nm_reclas  nm_pelaces    nm_pelaL
inf 12.6694 20.7306 69.7036
cv_recla  cv_pelaces  cv_mph
0.331282 0.453207 0.712929
 ------------------------------------------------
Talla a la edad & desviaci?n 
 8 13.2811 15.8009 17.003 17.5766
 0.8 1.32811 1.58009 1.7003 1.75766
