years
 1991 1992 1993 1994 1995 1996 1997 1998 1999 2000 2001 2002 2003 2004 2005 2006 2007 2008 2009 2010 2011 2012 2013 2014 2015 2016 2017 2018 2019 2020 2021 2022 2023
reclasobs
 0 0 0 0 0 0 0 0 0 252601 567819 844713 477998 351125 339783 2.1784e+06 2.13404e+06 4.81314e+06 1.55562e+06 2.62356e+06 3.21686e+06 3.843e+06 1.13348e+06 3.07943e+06 1.97215e+06 2.03268e+06 2.025e+06 2.42433e+06 2.27542e+06 1.05018e+06 2.36338e+06 3.18982e+06 1.53035e+06
reclaspred
 8.12011e+06 2.00475e+06 1.14425e+06 937201 171875 3.13393e+06 1.58658e+06 493012 911870 244108 377968 1.0823e+06 926621 372985 544199 1.86966e+06 1.04757e+06 3.9558e+06 2.57589e+06 2.25274e+06 3.31997e+06 3.2609e+06 1.9111e+06 3.05855e+06 2.49285e+06 1.82144e+06 2.18192e+06 3.07695e+06 2.62173e+06 1.4598e+06 1.83469e+06 1.62163e+06 796414
pelacesobs
 0 0 0 0 0 0 0 0 0 0 0 0 0 0 0 552880 188675 0 991730 2.46772e+06 1.41603e+06 1.21717e+06 2.29649e+06 1.80582e+06 0 1.4828e+06 1.56532e+06 1.57751e+06 1.42118e+06 867257 1.10002e+06 1.06204e+06 0
pelacespred
 7.04649e+06 1.49087e+06 552548 352885 59535.2 1.78335e+06 799528 355262 479713 84292.9 200838 487845 457199 135889 252038 817417 462827 2.17431e+06 1.28691e+06 986016 1.64435e+06 1.59128e+06 1.04272e+06 1.87673e+06 1.47016e+06 1.09124e+06 1.43773e+06 1.87374e+06 1.65639e+06 947411 899337 943301 345522
mphobs
 0 0 0 0 0 0 0 0 0 0 0 0 498337 0 5186 125008 0 168611 109162 213762 579715 649985 157893 87575 83554 210694 70296 0 107559 103333 445601 22526 28222
mphpred
 1.7616e+06 663947 91714.9 185200 60749.3 10038.1 521137 109262 36965.6 96573.1 10797.2 62644 149636 59141.3 17751.7 53743.3 269666 82492.1 504940 325522 525492 470871 149102 61881.2 162439 123269 68192.3 110574 217627 108418 51802.6 107807 32453.4
desembarqueobs
 494567 514787 250237 358949 120608 361735 552515 73892 212993 205616 52469 317467 293654 387597 252695 516296 358380 742168 942051 627588 828172 859565 418607 520667 417249 300574 415391 372974 316634 284311 391294 218835 356480
desembarquepred
 494501 514363 250019 358527 120502 361528 551851 73865 212819 205390 52450.4 317135 293310 386787 252344 515654 358061 741271 940011 626317 827614 858340 418158 520264 416735 300260 414948 372618 316257 283784 390733 218743 356165
Reclutas
 12954.5 8513.83 193360 38397.3 8266.14 280599 10252.9 3249.47 51963.8 11374.6 36755 132152 67204 55156.6 52356.2 251127 16107.3 404578 176051 241419 192303 395587 20174.9 159153 144600 31927.4 125264 156914 33938.7 55060.1 109211 15459.1 67195
log_desv_Rt
 -1.48982 -1.90957 1.21329 -0.403278 -1.9391 1.58566 -1.7237 -2.87277 -0.100716 -1.61988 -0.446989 0.832688 0.156469 -0.0410886 -0.0931942 1.47469 -1.27199 1.95158 1.11951 1.43527 1.20781 1.92911 -1.04682 1.0186 0.922709 -0.5878 0.779161 1.00443 -0.526708 -0.0428397 0.642021 -1.31306 0.156335
SSB
 1.52743e+06 575690 79523.4 160582 52674 8703.72 451863 94738.1 32051.8 83735.8 9361.96 54316.8 120156 48751.7 14372.1 44280.1 233820 71526.6 462177 178767 300849 291169 386615 150609 356136 295939 150475 229123 473246 215608 127961 268589 76641.6
BT
 1.92431e+06 855493 424044 366106 114960 1.24609e+06 698964 156613 421082 207526 141207 491779 443060 456964 375659 819997 415046 1.75936e+06 1.36411e+06 918801 1.37653e+06 1.41723e+06 638593 1.35368e+06 886072 588820 1.07476e+06 1.13214e+06 713968 591398 706058 443901 468644
Ftot
 0.344206 1.29607 1.29492 1.78113 2.718 0.740894 1.56444 0.809206 1.40146 3.0556 0.867332 1.66596 1.63908 4.22481 2.55508 1.63609 1.58403 1.15457 1.79852 1.56549 1.35671 1.47438 1.08901 1.02537 0.924745 0.87383 1.12233 0.72866 0.637299 1.07328 1.24005 0.708465 2.31383
BD_Bspro_t
 0.946777 0.581933 0.172555 0.293945 0.0956914 0.0238267 0.448365 0.135407 0.074266 0.181956 0.0368868 0.252 0.265483 0.107063 0.0354931 0.101924 0.258805 0.0988853 0.326611 0.152292 0.19265 0.187891 0.246138 0.128929 0.285534 0.296652 0.217883 0.32569 0.471019 0.300742 0.233806 0.339563 0.188611
BD_Bspro
 3.68915 1.39044 0.19207 0.387848 0.127221 0.0210217 1.09137 0.228817 0.0774135 0.202244 0.0226116 0.131189 0.290208 0.117748 0.0347123 0.106948 0.564736 0.172755 1.11628 0.43177 0.72663 0.70325 0.933775 0.36376 0.860161 0.714771 0.363436 0.553392 1.14301 0.52075 0.309058 0.648714 0.185109
BD_Bo
 6.27795 2.36616 0.326852 0.660014 0.216497 0.0357735 1.85722 0.389386 0.131737 0.344166 0.0384789 0.22325 0.493857 0.200376 0.0590711 0.181997 0.961031 0.293984 1.89961 0.734758 1.23653 1.19675 1.58904 0.619023 1.46377 1.21635 0.618471 0.941727 1.94511 0.886179 0.525936 1.10394 0.315007
BD_Brms
 6.7243 2.53439 0.35009 0.706939 0.23189 0.0383169 1.98926 0.417071 0.141103 0.368635 0.0412147 0.239122 0.528968 0.214622 0.0632709 0.194937 1.02936 0.314885 2.03467 0.786998 1.32445 1.28183 1.70201 0.663034 1.56784 1.30283 0.662443 1.00868 2.0834 0.949184 0.563328 1.18243 0.337404
Sel_flota
 0.488982 0.947864 0.997113 0.999848 0.999992
 0.488982 0.947864 0.997113 0.999848 0.999992
 0.488982 0.947864 0.997113 0.999848 0.999992
 0.488982 0.947864 0.997113 0.999848 0.999992
 0.488982 0.947864 0.997113 0.999848 0.999992
 0.488982 0.947864 0.997113 0.999848 0.999992
 0.488982 0.947864 0.997113 0.999848 0.999992
 0.488982 0.947864 0.997113 0.999848 0.999992
 0.488982 0.947864 0.997113 0.999848 0.999992
 0.488982 0.947864 0.997113 0.999848 0.999992
 0.488982 0.947864 0.997113 0.999848 0.999992
 0.488982 0.947864 0.997113 0.999848 0.999992
 0.488982 0.947864 0.997113 0.999848 0.999992
 0.488982 0.947864 0.997113 0.999848 0.999992
 0.488982 0.947864 0.997113 0.999848 0.999992
 0.488982 0.947864 0.997113 0.999848 0.999992
 0.488982 0.947864 0.997113 0.999848 0.999992
 0.488982 0.947864 0.997113 0.999848 0.999992
 0.488982 0.947864 0.997113 0.999848 0.999992
 0.488982 0.947864 0.997113 0.999848 0.999992
 0.488982 0.947864 0.997113 0.999848 0.999992
 0.488982 0.947864 0.997113 0.999848 0.999992
 0.488982 0.947864 0.997113 0.999848 0.999992
 0.488982 0.947864 0.997113 0.999848 0.999992
 0.488982 0.947864 0.997113 0.999848 0.999992
 0.488982 0.947864 0.997113 0.999848 0.999992
 0.488982 0.947864 0.997113 0.999848 0.999992
 0.488982 0.947864 0.997113 0.999848 0.999992
 0.488982 0.947864 0.997113 0.999848 0.999992
 0.488982 0.947864 0.997113 0.999848 0.999992
 0.488982 0.947864 0.997113 0.999848 0.999992
 0.488982 0.947864 0.997113 0.999848 0.999992
 0.488982 0.947864 0.997113 0.999848 0.999992
Sel_reclas
 0.541212 0.855841 0.967614 0.993393 0.99868
 0.541212 0.855841 0.967614 0.993393 0.99868
 0.541212 0.855841 0.967614 0.993393 0.99868
 0.541212 0.855841 0.967614 0.993393 0.99868
 0.541212 0.855841 0.967614 0.993393 0.99868
 0.541212 0.855841 0.967614 0.993393 0.99868
 0.541212 0.855841 0.967614 0.993393 0.99868
 0.541212 0.855841 0.967614 0.993393 0.99868
 0.541212 0.855841 0.967614 0.993393 0.99868
 0.541212 0.855841 0.967614 0.993393 0.99868
 0.541212 0.855841 0.967614 0.993393 0.99868
 0.541212 0.855841 0.967614 0.993393 0.99868
 0.541212 0.855841 0.967614 0.993393 0.99868
 0.541212 0.855841 0.967614 0.993393 0.99868
 0.541212 0.855841 0.967614 0.993393 0.99868
 0.541212 0.855841 0.967614 0.993393 0.99868
 0.541212 0.855841 0.967614 0.993393 0.99868
 0.541212 0.855841 0.967614 0.993393 0.99868
 0.541212 0.855841 0.967614 0.993393 0.99868
 0.541212 0.855841 0.967614 0.993393 0.99868
 0.541212 0.855841 0.967614 0.993393 0.99868
 0.541212 0.855841 0.967614 0.993393 0.99868
 0.541212 0.855841 0.967614 0.993393 0.99868
 0.541212 0.855841 0.967614 0.993393 0.99868
 0.541212 0.855841 0.967614 0.993393 0.99868
 0.541212 0.855841 0.967614 0.993393 0.99868
 0.541212 0.855841 0.967614 0.993393 0.99868
 0.541212 0.855841 0.967614 0.993393 0.99868
 0.541212 0.855841 0.967614 0.993393 0.99868
 0.541212 0.855841 0.967614 0.993393 0.99868
 0.541212 0.855841 0.967614 0.993393 0.99868
 0.541212 0.855841 0.967614 0.993393 0.99868
 0.541212 0.855841 0.967614 0.993393 0.99868
Sel_pelaces
 0.36212 0.74073 0.934973 0.986369 0.997261
 0.36212 0.74073 0.934973 0.986369 0.997261
 0.36212 0.74073 0.934973 0.986369 0.997261
 0.36212 0.74073 0.934973 0.986369 0.997261
 0.36212 0.74073 0.934973 0.986369 0.997261
 0.36212 0.74073 0.934973 0.986369 0.997261
 0.36212 0.74073 0.934973 0.986369 0.997261
 0.36212 0.74073 0.934973 0.986369 0.997261
 0.36212 0.74073 0.934973 0.986369 0.997261
 0.36212 0.74073 0.934973 0.986369 0.997261
 0.36212 0.74073 0.934973 0.986369 0.997261
 0.36212 0.74073 0.934973 0.986369 0.997261
 0.36212 0.74073 0.934973 0.986369 0.997261
 0.36212 0.74073 0.934973 0.986369 0.997261
 0.36212 0.74073 0.934973 0.986369 0.997261
 0.36212 0.74073 0.934973 0.986369 0.997261
 0.36212 0.74073 0.934973 0.986369 0.997261
 0.36212 0.74073 0.934973 0.986369 0.997261
 0.36212 0.74073 0.934973 0.986369 0.997261
 0.36212 0.74073 0.934973 0.986369 0.997261
 0.36212 0.74073 0.934973 0.986369 0.997261
 0.36212 0.74073 0.934973 0.986369 0.997261
 0.36212 0.74073 0.934973 0.986369 0.997261
 0.36212 0.74073 0.934973 0.986369 0.997261
 0.36212 0.74073 0.934973 0.986369 0.997261
 0.36212 0.74073 0.934973 0.986369 0.997261
 0.36212 0.74073 0.934973 0.986369 0.997261
 0.36212 0.74073 0.934973 0.986369 0.997261
 0.36212 0.74073 0.934973 0.986369 0.997261
 0.36212 0.74073 0.934973 0.986369 0.997261
 0.36212 0.74073 0.934973 0.986369 0.997261
 0.36212 0.74073 0.934973 0.986369 0.997261
 0.36212 0.74073 0.934973 0.986369 0.997261
pf_obs 
 0.8446 0.082 0.0669 0.0065 0
 0.8095 0.147 0.0364 0.0071 0
 0.9664 0.0169 0.016 0.0007 0
 0.9276 0.0648 0.0075 0.0001 0
 0.7033 0.2144 0.0806 0.0017 0
 0.9318 0.0425 0.0243 0.0014 0
 0.5671 0.3108 0.0964 0.0239 0.0018
 0.0768 0.2599 0.5324 0.112 0.0189
 0.490249 0.384438 0.106611 0.0170017 0.00170017
 0.7925 0.1577 0.0466 0.003 0.0002
 0.840416 0.127587 0.0312969 0.00059994 9.999e-05
 0.8084 0.0986 0.0794 0.0134 0.0002
 0.7335 0.1905 0.0724 0.0035 0.0001
 0.4001 0.4547 0.1325 0.0127 0
 0.49795 0.308269 0.164784 0.0264974 0.00249975
 0.9179 0.0499 0.0305 0.0017 0
 0.2467 0.6533 0.0926 0.0074 0
 0.9418 0.0223 0.034 0.0019 0
 0.707729 0.231977 0.0356964 0.0245975 0
 0.517169 0.277429 0.184464 0.0207286 0.00020938
 0.811772 0.124168 0.05621 0.00726502 0.000585176
 0.764997 0.148141 0.077277 0.00933861 0.000247198
 0.163321 0.427699 0.378323 0.0303852 0.000271297
 0.753843 0.0900009 0.118128 0.0371064 0.000921714
 0.721811 0.176058 0.0630433 0.0369309 0.00215725
 0.143369 0.312575 0.442814 0.0836902 0.0175525
 0.692698 0.0596174 0.167031 0.0765114 0.00414204
 0.394062 0.376323 0.152708 0.0712218 0.00568511
 0.125707 0.32114 0.495352 0.0537591 0.00404204
 0.23352 0.215282 0.420074 0.123614 0.00750983
 0.796117 0.104755 0.0508955 0.0450114 0.00322123
 0.162477 0.292055 0.404252 0.121198 0.0200186
 0 0 0 0 0
pf_pred 
 0.0678953 0.17583 0.66919 0.0870833 1.00805e-06
 0.154835 0.115405 0.144458 0.518097 0.0672048
 0.963295 0.0130468 0.00350821 0.00400504 0.0161451
 0.403145 0.589273 0.00286542 0.000702538 0.00401392
 0.415441 0.403962 0.178551 0.000776659 0.00127021
 0.993702 0.0048613 0.00103701 0.000394763 4.48709e-06
 0.085417 0.912145 0.0019133 0.000379615 0.000145575
 0.194158 0.176968 0.627361 0.00118842 0.000324366
 0.940073 0.0226321 0.00867763 0.0285485 6.85569e-05
 0.466125 0.523105 0.00432574 0.00150553 0.00493863
 0.950451 0.0406244 0.00877231 6.15544e-05 9.08368e-05
 0.906663 0.0914 0.00160961 0.000321861 5.56712e-06
 0.666844 0.322637 0.0103224 0.000163428 3.30506e-05
 0.776448 0.19319 0.0294976 0.000848666 1.60589e-05
 0.934654 0.0632461 0.0018644 0.000228847 6.62798e-06
 0.967347 0.0321369 0.000501503 1.28141e-05 1.60568e-06
 0.201609 0.789851 0.00841835 0.000118247 3.38023e-06
 0.975694 0.0105753 0.0135978 0.00013075 1.87838e-06
 0.581594 0.414708 0.00168897 0.00199041 1.93212e-05
 0.828766 0.140581 0.0304109 0.000110771 0.000131
 0.736229 0.247235 0.0138169 0.00269809 2.13265e-05
 0.862262 0.122356 0.0144998 0.000737283 0.00014436
 0.143073 0.813116 0.0393324 0.00422309 0.000255381
 0.870994 0.038985 0.0857755 0.00381373 0.000432232
 0.699647 0.284594 0.00503947 0.0102156 0.000503406
 0.324571 0.574975 0.0955744 0.00156487 0.00331423
 0.845575 0.0834034 0.0611324 0.00941097 0.000478348
 0.763702 0.221337 0.00839812 0.00565245 0.000910117
 0.299277 0.617817 0.0780051 0.00275583 0.00214506
 0.645875 0.174136 0.159954 0.0188555 0.00118011
 0.826643 0.143985 0.0150629 0.0127228 0.00158632
 0.276641 0.67194 0.0433521 0.00414669 0.00391978
 0.848482 0.0714995 0.0747013 0.00448599 0.000831357
pobs_RECLAS
 0 0 0 0 0
 0 0 0 0 0
 0 0 0 0 0
 0 0 0 0 0
 0 0 0 0 0
 0 0 0 0 0
 0 0 0 0 0
 0 0 0 0 0
 0 0 0 0 0
 0 0 0 0 0
 0.991045 0.00858322 0.000360255 1.14367e-05 0
 0.934742 0.0480273 0.0164251 0.00080598 0
 0.827803 0.169806 0.00239088 0 0
 0.941827 0.0461693 0.0120037 0 0
 0.791401 0.0380133 0.147996 0.0225897 0
 0.846168 0.0940531 0.0597789 0 0
 0.134021 0.677848 0.182769 0.00536245 0
 0.80878 0.0450904 0.141981 0.00414843 0
 0.846168 0.0940531 0.0597789 0 0
 0.905697 0.0802665 0.012482 0.00150086 5.37128e-05
 0.989698 0.0102097 9.19794e-05 0 0
 0.975433 0.0193895 0.00387452 0.00125025 5.28907e-05
 0.303575 0.632131 0.0575291 0.00676475 0
 0.966965 0.00978017 0.0227588 0.000495775 0
 0.843318 0.132988 0.00938335 0.0141283 0.000182051
 0.564624 0.303363 0.111486 0.0197234 0.00080311
 0.826376 0.0876187 0.0782897 0.00655872 0.00115652
 0.89761 0.0855135 0.0140674 0.00269457 0.000114338
 0.34875 0.467042 0.161289 0.0227151 0.000203297
 0.318654 0.224769 0.449479 0.00709798 0
 0.937255 0.0296025 0.0250945 0.00804832 0
 0.456809 0.399803 0.12412 0.0192676 0
 0.883104 0.0372192 0.0704036 0.00927362 0
ppred_RECLAS
 0.0787477 0.163724 0.668473 0.0890543 1.0362e-06
 0.186521 0.103636 0.137883 0.505988 0.0659717
 0.97086 0.00980344 0.00280188 0.00327288 0.0132615
 0.488326 0.504702 0.00259096 0.000649734 0.00373125
 0.529678 0.321114 0.147475 0.000655531 0.00107755
 0.994981 0.00380834 0.000868777 0.00033851 3.86754e-06
 0.114129 0.883357 0.00196238 0.000398304 0.000153526
 0.227076 0.161093 0.610323 0.00118333 0.000324643
 0.952958 0.0169208 0.00688638 0.0231792 5.59491e-05
 0.5957 0.39576 0.00337861 0.0012012 0.00396024
 0.960717 0.0318144 0.00733773 5.26969e-05 7.81667e-05
 0.931215 0.0672716 0.00125286 0.000256262 4.45522e-06
 0.735416 0.255758 0.00865689 0.000140202 2.84988e-05
 0.877388 0.105842 0.0162829 0.000477899 9.08812e-06
 0.957206 0.0413593 0.00127063 0.000159405 4.64024e-06
 0.976282 0.0233211 0.000385038 1.00638e-05 1.26753e-06
 0.258672 0.732935 0.00827095 0.000118845 3.41477e-06
 0.980858 0.00803384 0.0109986 0.000108221 1.56273e-06
 0.663155 0.333665 0.00143427 0.00172877 1.68675e-05
 0.868564 0.106775 0.024462 9.11504e-05 0.00010835
 0.789542 0.19645 0.0116601 0.00232963 1.85087e-05
 0.894676 0.0929205 0.0116766 0.00060742 0.000119544
 0.179557 0.775795 0.0399867 0.00439355 0.000267057
 0.893994 0.0305932 0.071775 0.00326585 0.000372046
 0.75046 0.235402 0.0044496 0.00923134 0.000457249
 0.380506 0.521969 0.0926658 0.00155286 0.00330576
 0.875052 0.0654181 0.0510728 0.00804567 0.000411058
 0.804155 0.182511 0.00740643 0.00510241 0.000825794
 0.349486 0.568701 0.0768588 0.00277942 0.00217459
 0.698343 0.143342 0.140323 0.0169276 0.00106491
 0.862651 0.112628 0.0125321 0.0108312 0.00135741
 0.326638 0.62222 0.0429434 0.0042044 0.00399485
 0.892089 0.0496564 0.0542997 0.00333357 0.000620937
pobs_PELACES
 0 0 0 0 0
 0 0 0 0 0
 0 0 0 0 0
 0 0 0 0 0
 0 0 0 0 0
 0 0 0 0 0
 0 0 0 0 0
 0 0 0 0 0
 0 0 0 0 0
 0 0 0 0 0
 0 0 0 0 0
 0 0 0 0 0
 0 0 0 0 0
 0 0 0 0 0
 0 0 0 0 0
 0 0 0 0 0
 0.505614 0.472636 0.0217494 0 0
 0 0 0 0 0
 0.443492 0.261883 0.143347 0.151278 0
 0.227955 0.32914 0.350689 0.0885471 0.00366901
 0.970185 0.0296113 0.000203453 0 0
 0.997202 0.00247181 0.000326279 0 0
 0.445219 0.490057 0.0546422 0.010081 0
 0.90214 0.0892962 0.00764917 0.000914606 0
 0 0 0 0 0
 0.581667 0.319106 0.0959925 0.00289975 0.000334073
 0.762889 0.0836404 0.116647 0.0363945 0.000428098
 0.88444 0.0763242 0.0277011 0.0115352 0
 0.521256 0.241999 0.230069 0.00667565 0
 0.616807 0.101726 0.260614 0.0208532 0
 0.833518 0.0704572 0.0857862 0.0102388 0
 0.697417 0.212968 0.0787535 0.0105354 0.000325836
 0 0 0 0 0
ppred_PELACES
 0.0598515 0.15279 0.692575 0.0947817 1.1091e-06
 0.163679 0.0966768 0.140606 0.529599 0.0694388
 0.966652 0.010378 0.00324246 0.00388749 0.0158405
 0.491048 0.501296 0.00279111 0.000718086 0.00414689
 0.562556 0.292311 0.1434 0.000653401 0.00108002
 0.994046 0.00439931 0.00110703 0.000442946 5.08938e-06
 0.112047 0.885194 0.00214029 0.000445772 0.000172788
 0.191959 0.15584 0.650549 0.00129518 0.000357337
 0.947511 0.0176014 0.00781726 0.0270043 6.55487e-05
 0.643639 0.348237 0.00315823 0.00115065 0.00381464
 0.954858 0.0358682 0.00910656 6.7152e-05 0.000100171
 0.930757 0.0675831 0.00136767 0.000287032 5.01817e-06
 0.733055 0.257288 0.00946701 0.00015732 3.21579e-05
 0.91249 0.0750985 0.0120424 0.000361813 6.91829e-06
 0.962118 0.036521 0.00120166 0.000154556 4.52415e-06
 0.976024 0.0235407 0.000422527 1.13317e-05 1.43523e-06
 0.255136 0.735694 0.00903309 0.000133187 3.84836e-06
 0.978114 0.00870078 0.0130512 0.000131824 1.91429e-06
 0.66628 0.330258 0.00153925 0.00190341 1.86755e-05
 0.864303 0.108433 0.0270373 0.00010338 0.000123578
 0.779679 0.204338 0.013245 0.00271599 2.16997e-05
 0.890373 0.0956834 0.0131058 0.00069965 0.000138469
 0.165584 0.784741 0.0443648 0.00500417 0.000305889
 0.876722 0.0332277 0.0855937 0.00399839 0.000458066
 0.726499 0.256261 0.00532718 0.0113475 0.00056524
 0.347862 0.54076 0.105667 0.00181817 0.00389241
 0.85963 0.070137 0.060027 0.00970736 0.00049875
 0.778594 0.204702 0.00916493 0.00648382 0.0010553
 0.310982 0.594372 0.0887564 0.00329633 0.00259362
 0.666671 0.150457 0.161593 0.020012 0.00126605
 0.851763 0.119223 0.0145149 0.0128766 0.00162284
 0.29281 0.648117 0.0493668 0.00496348 0.00474277
 0.897012 0.0454965 0.0534931 0.00336763 0.000630781
pobs_pel_tallas
 0 0 0 0 0 0 0 0 0 0 0 0 0 0 0 0 0 0 0 0 0 0 0 0 0 0
 0 0 0 0 0 0 0 0 0 0 0 0 0 0 0 0 0 0 0 0 0 0 0 0 0 0
 0 0 0 0 0 0 0 0 0 0 0 0 0 0 0 0 0 0 0 0 0 0 0 0 0 0
 0 0 0 0 0 0 0 0 0 0 0 0 0 0 0 0 0 0 0 0 0 0 0 0 0 0
 0 0 0 0 0 0 0 0 0 0 0 0 0 0 0 0 0 0 0 0 0 0 0 0 0 0
 0 0 0 0 0 0 0 0 0 0 0 0 0 0 0 0 0 0 0 0 0 0 0 0 0 0
 0 0 0 0 0 0 0 0 0 0 0 0 0 0 0 0 0 0 0 0 0 0 0 0 0 0
 0 0 0 0 0 0 0 0 0 0 0 0 0 0 0 0 0 0 0 0 0 0 0 0 0 0
 0 0 0 0 0 0 0 0 0 0 0 0 0 0 0 0 0 0 0 0 0 0 0 0 0 0
 0 0 0 0 0 0 0 0 0 0 0 0 0 0 0 0 0 0 0 0 0 0 0 0 0 0
 0 0 0 0 0 0 0 0 0 0 0 0 0 0 0 0 0 0 0 0 0 0 0 0 0 0
 0 0 0 0 0 0 0 0 0 0 0 0 0 0 0 0 0 0 0 0 0 0 0 0 0 0
 0.00862536 0 0 0.000197151 0.00414017 0.0128641 0.00837892 0.0270097 0.101434 0.158115 0.152841 0.127902 0.109271 0.109419 0.0830992 0.0579132 0.0238553 0.00714673 0.00463305 0.00128148 0.00103504 0.000492878 0.000147863 0.000147863 4.92878e-05 0
 0 0 0 0 0 0 0 0 0 0 0 0 0 0 0 0 0 0 0 0 0 0 0 0 0 0
 0 0 0 0 0 0 0 0.0054083 0.00873648 0.0413646 0.0450493 0.0745869 0.0622846 0.0627006 0.0613931 0.0827291 0.12552 0.122667 0.0946155 0.0697135 0.0546179 0.0294188 0.0215738 0.0213955 0.0102223 0.00600262
 0 0 0 0 0.00359764 0.0251062 0.0480494 0.140153 0.205849 0.193036 0.1447 0.116669 0.0760912 0.0342217 0.00950174 0.001854 0.000860785 0 0 0 0.000165536 0 0.000143464 0 0 0
 0 0 0 0 0 0 0 0.000145254 0.000435761 0.0275982 0.070085 0.0708112 0.156366 0.174668 0.174014 0.160142 0.0824315 0.0480064 0.0283245 0.00493863 0.00203355 0 0 0 0 0
 0 0 0 0 0 0 0 0 0 0 0 0 0 0 0 0 0 0 0 0 0 0 0 0 0 0
 0 0 1.00437e-05 0.000401748 0.00122533 0.00171747 0.00176769 0.0269171 0.070346 0.194647 0.189555 0.159765 0.064822 0.0314167 0.0384472 0.0292271 0.0345202 0.0313363 0.0194345 0.0106764 0.0143323 0.0359363 0.0279516 0.0138201 0.00172751 0
 0 0.0021121 0.0136068 0.0755702 0.200478 0.177729 0.0527432 0.0373336 0.0318909 0.0142505 0.0149659 0.0166563 0.0217959 0.0798694 0.0677717 0.0528807 0.04013 0.0224614 0.0357745 0.0225083 0.00881397 0.00855152 0.00135912 0.000746735 0 0
 0 0 0 0 5.4009e-05 0.00500934 0.000945158 0.0243581 0.138947 0.33067 0.221406 0.137944 0.0707744 0.0437923 0.0131692 0.00525238 0.0047753 0.00276346 9.45158e-05 9.00151e-06 2.25038e-05 9.00151e-06 4.50075e-06 0 0 0
 0.000866109 0.00284123 0.00948549 0.0512746 0.133035 0.25785 0.225252 0.132002 0.0553304 0.0519788 0.0540692 0.017754 0.00435017 0.00159236 0.00146478 0.000404838 0.000125132 0.000115318 0.000107957 0.000100596 0 0 0 0 0 0
 0 0 0 0 0.00144013 0.00171154 0.00461396 0.0210425 0.0478622 0.0707936 0.0888783 0.103762 0.0637923 0.0337046 0.0602308 0.124433 0.169614 0.0934646 0.0462172 0.0250306 0.0313229 0.00938855 0.002487 0.000210481 0 0
 0 0.00764035 0.051015 0.0998891 0.058973 0.0496711 0.0374665 0.0718981 0.12319 0.153886 0.159021 0.0857701 0.0377988 0.023471 0.0147837 0.00900784 0.00315554 0.000888139 0.00291439 0.00214683 0.00393193 0.00274676 0.000635225 9.99891e-05 0 0
 0 0 0 0 0 0 0 0 0 0 0 0 0 0 0 0 0 0 0 0 0 0 0 0 0 0
 0 0 0 0 0 0 0 0 0 0 0 0 0 0 0 0 0 0 0 0 0 0 0 0 0 0
 0 0 0 0 0 0 0 0 0 0 0 0 0 0 0 0 0 0 0 0 0 0 0 0 0 0
 0 0 0 0 0 0 0 0 0 0 0 0 0 0 0 0 0 0 0 0 0 0 0 0 0 0
 0 0 0 0 0 0 0 0 0 0 0 0 0 0 0 0 0 0 0 0 0 0 0 0 0 0
 0 0 0 0 0 0 0 0 0 0 0 0 0 0 0 0 0 0 0 0 0 0 0 0 0 0
 0 0 0 0 0 0 0 0 0 0 0 0 0 0 0 0 0 0 0 0 0 0 0 0 0 0
 0 0 0 0 0 0 0 0 0 0 0 0 0 0 0 0 0 0 0 0 0 0 0 0 0 0
 0 0 0 0 0 0 0 0 0 0 0 0 0 0 0 0 0 0 0 0 0 0 0 0 0 0
ppred_pel_tallas
 1.29531e-16 4.92993e-06 4.79207e-05 0.00031845 0.00144764 0.00450423 0.00959731 0.0140108 0.0140266 0.00967498 0.00476812 0.0022235 0.00231745 0.00458216 0.00911563 0.0163649 0.0266096 0.0397934 0.0556541 0.0737735 0.0932076 0.111878 0.126445 0.13323 0.129856 0.116548
 1.68945e-16 1.34821e-05 0.000131051 0.000870877 0.00395889 0.0123176 0.0262444 0.0383064 0.0383161 0.026292 0.0124789 0.00443055 0.00207717 0.00284145 0.00539778 0.00955553 0.0153892 0.0230106 0.0328071 0.0456437 0.0625655 0.0839142 0.108338 0.132446 0.151529 0.161123
 1.03167e-16 7.96218e-05 0.000773952 0.00514319 0.0233802 0.0727444 0.15499 0.226212 0.226213 0.154995 0.072761 0.0234281 0.00526399 0.00103918 0.000588127 0.000859838 0.00126574 0.00167291 0.00201628 0.00229461 0.002582 0.00298656 0.00357637 0.00432286 0.0050968 0.00571459
 1.00983e-16 4.04471e-05 0.00039316 0.00261269 0.0118769 0.0369538 0.0787358 0.114927 0.114976 0.0789713 0.0377442 0.0141584 0.00833418 0.0128653 0.0236747 0.0389372 0.0557636 0.069446 0.0752206 0.0709015 0.0582281 0.0417846 0.0263863 0.0149243 0.00789028 0.00425342
 1.04462e-16 4.6337e-05 0.000450412 0.00299315 0.0136064 0.0423349 0.0901999 0.131655 0.131684 0.0903384 0.0428003 0.0149528 0.00637986 0.00786764 0.0142028 0.0235875 0.0343906 0.0441039 0.0501542 0.0512749 0.048144 0.0427189 0.0368712 0.0314609 0.0264083 0.0213736
 1.00079e-16 8.18782e-05 0.000795885 0.00528894 0.0240427 0.0748059 0.159382 0.232623 0.232623 0.159384 0.0748129 0.0240629 0.00533957 0.000906564 0.00029249 0.00035503 0.000505997 0.000641424 0.000716922 0.00071399 0.00064598 0.000547647 0.00045299 0.000378743 0.000323282 0.000276534
 1.00362e-16 9.22936e-06 8.97127e-05 0.000596177 0.00271018 0.00843285 0.0179702 0.0262459 0.026331 0.018386 0.00982841 0.00673844 0.0106978 0.0221089 0.0417314 0.0687232 0.0984042 0.122497 0.132577 0.124765 0.10212 0.0727379 0.0451425 0.0244816 0.0116835 0.00499193
 1.19004e-16 1.58114e-05 0.000153693 0.00102134 0.00464288 0.0144458 0.0307789 0.0449261 0.0449421 0.0308575 0.0147124 0.00542528 0.00303149 0.00469437 0.00908459 0.0161497 0.0259408 0.0381656 0.0522971 0.0677035 0.0833978 0.0975353 0.107322 0.109857 0.103579 0.0893202
 1.0295e-16 7.80453e-05 0.000758628 0.00504135 0.0229172 0.071304 0.151921 0.221733 0.221735 0.151929 0.0713323 0.022999 0.0052475 0.00121208 0.000949788 0.00147577 0.00219072 0.00291756 0.00354581 0.00405596 0.00453494 0.00510658 0.00582009 0.00658334 0.00719042 0.00742047
 1.00942e-16 5.30158e-05 0.000515332 0.00342456 0.0155676 0.0484367 0.103201 0.150632 0.150665 0.103364 0.0489859 0.0171527 0.00739969 0.00918102 0.0164754 0.0270606 0.0387599 0.0482871 0.0523357 0.049391 0.0406616 0.0293279 0.018725 0.0108478 0.0060237 0.00352564
 1.00296e-16 7.86504e-05 0.00076451 0.00508044 0.0230949 0.0718569 0.153099 0.223453 0.223456 0.153116 0.0719138 0.0232592 0.00549298 0.00166597 0.00179322 0.00284654 0.00410759 0.00519489 0.00577575 0.0056938 0.00505208 0.00413343 0.00322356 0.00247779 0.00190901 0.00146086
 1.00087e-16 7.66653e-05 0.000745214 0.00495221 0.022512 0.0700433 0.149235 0.217814 0.21782 0.149267 0.0701499 0.0228197 0.0057239 0.00242764 0.00326547 0.00526024 0.00753039 0.00938579 0.0101808 0.00961958 0.00793337 0.00573417 0.00366413 0.00210789 0.0011313 0.000600605
 1.00361e-16 6.03808e-05 0.000586923 0.00390031 0.0177303 0.0551656 0.117537 0.171554 0.171579 0.117658 0.0555715 0.0189021 0.00683958 0.00699601 0.0122107 0.020034 0.0287193 0.0358306 0.0389283 0.0368858 0.0305714 0.0222937 0.0144716 0.00854961 0.0047742 0.00265055
 1.00405e-16 7.51606e-05 0.000730588 0.00485502 0.0220702 0.0686686 0.146306 0.213539 0.213547 0.146341 0.0687874 0.0224133 0.00571628 0.00261086 0.00364648 0.00591007 0.00850731 0.0106984 0.0117819 0.0114303 0.00987563 0.00774506 0.00568261 0.00405394 0.00290419 0.00210305
 1.00061e-16 7.92484e-05 0.000770323 0.00511907 0.0232705 0.0724033 0.154263 0.225152 0.225156 0.15428 0.0724609 0.0234369 0.00553624 0.00167996 0.00180366 0.0028481 0.00407558 0.00508377 0.00552214 0.00523083 0.00433362 0.00315895 0.00205076 0.0012142 0.000683632 0.000387588
 1.0002e-16 8.03938e-05 0.000781456 0.00519305 0.0236069 0.0734497 0.156493 0.228406 0.228408 0.156504 0.0734869 0.023714 0.00546182 0.0013674 0.00119091 0.00183551 0.00262204 0.00326698 0.00354193 0.00334355 0.00275229 0.00198162 0.0012558 0.000709599 0.000366773 0.000181295
 1.00463e-16 2.10154e-05 0.000204277 0.0013575 0.00617103 0.0192007 0.0409118 0.0597268 0.0597976 0.0412574 0.0203608 0.00951976 0.00975561 0.018512 0.0347157 0.0571619 0.0818792 0.10199 0.110502 0.10419 0.0855793 0.0613619 0.0385742 0.0214541 0.0107568 0.0050384
 1.00393e-16 8.0566e-05 0.00078313 0.00520417 0.0236574 0.073607 0.156828 0.228895 0.228895 0.156832 0.0736212 0.0236985 0.00530812 0.0010129 0.000525283 0.000762518 0.00114067 0.00153778 0.00188551 0.00214673 0.00232108 0.0024226 0.00244873 0.00237321 0.0021699 0.00184367
 1.00323e-16 5.48807e-05 0.00053346 0.00354503 0.0161152 0.0501406 0.106831 0.15593 0.155961 0.106986 0.0506613 0.0176183 0.00731428 0.00874988 0.0156244 0.0256517 0.036732 0.0457395 0.0495318 0.0466655 0.0382828 0.0274005 0.0171893 0.00955624 0.00483274 0.00235253
 1.0084e-16 7.11915e-05 0.000692007 0.00459863 0.0209047 0.0650424 0.13858 0.202264 0.202274 0.138631 0.0652142 0.0214012 0.00584559 0.00341664 0.00525301 0.00859012 0.0124095 0.0156897 0.0174339 0.0171693 0.0152078 0.0124068 0.00963335 0.00736108 0.00563215 0.00427761
 1.00711e-16 6.42212e-05 0.000624253 0.00414838 0.0188579 0.0586741 0.125012 0.182463 0.182483 0.125108 0.0589967 0.0197893 0.00648503 0.00572093 0.00973123 0.0159531 0.0228973 0.0286299 0.0312256 0.0297955 0.0250201 0.018704 0.0127241 0.00817985 0.00523234 0.00347968
 1.00497e-16 7.33388e-05 0.00071288 0.00473734 0.0215352 0.0670042 0.14276 0.208364 0.208373 0.142805 0.0671555 0.0219721 0.00583391 0.00310635 0.0046179 0.00751521 0.0108111 0.0135772 0.0149188 0.014419 0.0123797 0.00961124 0.00694848 0.00486864 0.00343246 0.00246707
 1.02035e-16 1.36391e-05 0.000132577 0.000881025 0.00400506 0.0124616 0.0265536 0.0387716 0.0388471 0.0269226 0.0137002 0.00758109 0.00985187 0.0196977 0.0371174 0.0611987 0.0878223 0.109729 0.11952 0.11377 0.0950994 0.0704724 0.0471529 0.0294307 0.017981 0.0112869
 1.02958e-16 7.22144e-05 0.00070195 0.00466471 0.0212051 0.0659769 0.140571 0.205168 0.205171 0.140587 0.0660321 0.021366 0.00507475 0.001617 0.00186828 0.00312574 0.00484713 0.00682449 0.00887088 0.0108562 0.012702 0.0142831 0.0153447 0.015557 0.0146966 0.012816
 1.01453e-16 5.98408e-05 0.000581674 0.00386543 0.0175717 0.0546722 0.116486 0.17002 0.170044 0.116606 0.0550765 0.0187387 0.00679257 0.00696426 0.01216 0.0199521 0.0286062 0.0357041 0.0388317 0.0368915 0.0307776 0.0228119 0.0154019 0.00994713 0.00661602 0.00482115
 1.04029e-16 2.8653e-05 0.000278518 0.00185085 0.00841373 0.0261785 0.0557781 0.0814206 0.0814728 0.0560329 0.0270345 0.0108864 0.0080594 0.0138376 0.025796 0.0426419 0.0615161 0.0775385 0.0857226 0.083719 0.073163 0.0584823 0.0441909 0.0328036 0.0245766 0.018577
 1.02809e-16 7.08066e-05 0.000688265 0.00457376 0.0207917 0.0646907 0.137831 0.201169 0.201176 0.137864 0.0648032 0.0211179 0.0053964 0.00249686 0.00354311 0.00584313 0.00863812 0.0113376 0.0133765 0.0144733 0.0147466 0.0145384 0.0141041 0.0134471 0.0124072 0.0108757
 1.01146e-16 6.41318e-05 0.000623384 0.00414261 0.0188317 0.0585925 0.124838 0.182209 0.182229 0.124935 0.0589156 0.0197644 0.00648235 0.00572618 0.00974096 0.015965 0.0229052 0.028623 0.0311925 0.0297332 0.0249451 0.018659 0.0127724 0.00838684 0.00563942 0.00408335
 1.03483e-16 2.56153e-05 0.00024899 0.00165463 0.00752172 0.0234032 0.0498651 0.0727915 0.0728488 0.050145 0.0243431 0.0102365 0.00846898 0.0151244 0.0282753 0.0466991 0.0672532 0.0845287 0.0930046 0.0900955 0.0776609 0.0607026 0.0443594 0.0315536 0.0226399 0.0165499
 1.06923e-16 5.49129e-05 0.000533773 0.00354711 0.0161246 0.0501698 0.106893 0.156016 0.156031 0.106965 0.0504124 0.0168281 0.00532345 0.00444688 0.00759008 0.0127307 0.0189614 0.0251516 0.0301416 0.033329 0.0348905 0.0353948 0.0351753 0.034051 0.0315968 0.0276421
 1.02016e-16 7.01586e-05 0.000681967 0.00453191 0.0206014 0.0640987 0.136569 0.19933 0.199341 0.136626 0.0642872 0.0211459 0.0058988 0.00366607 0.0057382 0.00937774 0.0135093 0.0170074 0.0187803 0.0183375 0.0160823 0.0130374 0.0102242 0.00817721 0.00687704 0.00600369
 1.02891e-16 2.41185e-05 0.00023444 0.00155794 0.00708222 0.0220357 0.0469518 0.0685406 0.068603 0.0472566 0.0230591 0.0100372 0.00897181 0.0164073 0.0307046 0.0506316 0.0727193 0.0909907 0.0993621 0.0950181 0.0801049 0.0603185 0.041572 0.0273154 0.0180378 0.012463
 1.02e-16 7.38857e-05 0.000718195 0.00477266 0.0216958 0.0675038 0.143824 0.209916 0.209921 0.143846 0.0675773 0.021909 0.00531122 0.00190548 0.00236267 0.00387727 0.005783 0.00769727 0.00926818 0.0103086 0.0108573 0.0110633 0.0110036 0.0106104 0.00976182 0.00843187
pSPR Fmed_Fpbrs
1   0.983622 0.6 0.325 0.983622 0.983622 0.983622
Fs Fmed_Fpbrs
0   0.01 0.352249 0.906846 0.01 0.01 0.01
SSBpbr Bo_Bmed_Bpbrs
243301  231136  227151 133815 66907.7 227151 227151 227151
Ro
57470.1
SPR SPRFo_SPRFmed_SPRFpbrs
414034 414034 407253
Fref
0
Nvult_r0
 59221.1 3856.91 3967.3 238.049 44.114
CTP_r0
 31436.3 2649.06 2767.68 166.206 30.8018
YTP_r0
356165
Np
 67195 24719.7 9093.85 3345.44 1683.48
Nvult_p0
 42475.3 15625.8 5748.41 2114.72 1064.16
CTP_p0
 0 0 0 0 0
 0 0 0 0 0
 0 0 0 0 0
 0 0 0 0 0
 0 0 0 0 0
 0 0 0 0 0
YTP_p0
 0 0 0 0 0 0
CBA_c0
0
log_Ro
10.779
likeval ReclasPelacesDesembMPH_pf_preclas_ppelaces_ptallas_desvR_qrecl_qpela
 18.0265 15.5742 0.228488 30.5529 299.936 139.913 129.119 0 72.2813 0.000168886 0.000312112 0.00241351 2066.58 0 0
q_reclas_q_pelaces
6.28307 12.1636
M
1
N
 12954.5 18431.8 67129 8714.98 0.100869
 8513.83 4027.44 4893.06 17521.1 2272.55
 193360 1661.86 433.715 494.351 1992.65
 38397.3 37764.2 179.162 43.8691 250.627
 8266.14 5912.35 2567.9 11.1595 18.2504
 280599 805.022 165.423 62.8461 0.714267
 10252.9 71854.4 146.731 29.0712 11.1474
 3249.47 1755.2 6000.04 11.3439 3.09586
 51963.8 804.772 299.861 985.01 2.36524
 11374.6 9633.61 78.4266 27.2732 89.4608
 36755 939.173 195.726 1.37078 2.02268
 132152 8847.77 151.849 30.3225 0.52444
 67204 21527.5 671.035 10.6094 2.14541
 55156.6 11092.3 1674.81 48.157 0.911223
 52356.2 2571.06 74.4 9.12335 0.264221
 251127 5521.67 83.9483 2.14202 0.268389
 16107.3 41510.2 430.8 6.0426 0.172722
 404578 2731.12 3402.46 32.6613 0.469178
 176051 84629.4 336.33 395.843 3.84225
 241419 26878.6 5660.6 20.5892 24.3475
 192303 41307.3 2242.2 437.167 3.45521
 395587 36439.9 4199.9 213.241 41.7493
 20174.9 70769.4 3313.99 355.205 21.4781
 159153 4357.66 9273.81 411.596 46.6443
 144600 35462.7 606.546 1227.26 60.4712
 31927.4 33844.9 5430.05 88.7395 187.922
 125264 7661.26 5438.58 835.806 42.4792
 156914 26619 972.74 653.396 105.194
 33938.7 40422.9 4908.44 173.046 134.679
 55060.1 9142.45 8128.07 956.472 59.8575
 109211 11984.4 1216.04 1025.46 127.846
 15459.1 21909.5 1360.98 129.916 122.793
 67195 4021.98 4118.1 247.038 45.7793
pred_Ctot
 1286.06 3330.54 12675.6 1649.51 0.0190942
 2657.97 1981.1 2479.82 8893.9 1153.67
 60324.7 817.036 219.695 250.809 1011.06
 15122.1 22103.8 107.482 26.3524 150.563
 4257.62 4139.98 1829.87 7.95955 13.0177
 55513.2 271.577 57.9324 22.0534 0.250671
 3683.11 39330.9 82.5 16.3687 6.27709
 693.089 631.725 2239.5 4.24233 1.15789
 17212.8 414.395 158.887 522.723 1.25528
 6251.42 7015.61 58.0146 20.1914 66.2343
 8310.98 355.23 76.7074 0.538247 0.7943
 49661.7 5006.35 88.1649 17.6296 0.304934
 24964.2 12078.4 386.433 6.11817 1.23729
 35433.5 8816.31 1346.14 38.7292 0.732854
 26013.5 1760.28 51.8905 6.36932 0.184471
 93164.2 3095.07 48.2992 1.23411 0.154642
 5838.44 22873.4 243.789 3.42433 0.0978887
 115452 1251.35 1608.99 15.4713 0.222265
 69801.9 49772.5 202.707 238.886 2.3189
 86765.8 14717.8 3183.8 11.5969 13.7148
 62161.9 20874.8 1166.6 227.808 1.80066
 136074 19309.1 2288.22 116.351 22.7816
 5496.1 31235.5 1510.94 162.228 9.81034
 41306.4 1848.84 4067.85 180.864 20.4984
 34487.2 14028.3 248.407 503.551 24.814
 7264.55 12869.1 2139.15 35.0249 74.1792
 34953.8 3447.67 2527.05 389.024 19.7736
 30602.3 8869.19 336.521 226.5 36.4693
 5891.31 12161.8 1535.54 54.2488 42.2257
 14825.9 3997.24 3671.7 432.823 27.0892
 32954.3 5740.01 600.485 507.199 63.2389
 2942.71 7147.61 461.148 44.1095 41.6958
 31436.3 2649.06 2767.68 166.206 30.8018
F
 0.168311 0.326261 0.343213 0.344154 0.344203
 0.633754 1.2285 1.29233 1.29587 1.29606
 0.633191 1.2274 1.29118 1.29472 1.29491
 0.870943 1.68827 1.77599 1.78086 1.78112
 1.32905 2.5763 2.71015 2.71759 2.71798
 0.362284 0.702267 0.738756 0.740781 0.740888
 0.764982 1.48288 1.55992 1.5642 1.56443
 0.395687 0.767017 0.80687 0.809083 0.809199
 0.68529 1.3284 1.39742 1.40125 1.40145
 1.49413 2.8963 3.04678 3.05514 3.05558
 0.42411 0.822113 0.864829 0.8672 0.867325
 0.814623 1.5791 1.66115 1.6657 1.66594
 0.801483 1.55363 1.63435 1.63884 1.63907
 2.06586 4.00455 4.21262 4.22417 4.22478
 1.24939 2.42187 2.54771 2.55469 2.55506
 0.800019 1.55079 1.63137 1.63584 1.63608
 0.77456 1.50144 1.57945 1.58378 1.58401
 0.564564 1.09438 1.15124 1.15439 1.15456
 0.879444 1.70475 1.79333 1.79825 1.79851
 0.765495 1.48387 1.56097 1.56525 1.56547
 0.663407 1.28598 1.35279 1.3565 1.3567
 0.720945 1.39751 1.47012 1.47415 1.47437
 0.532506 1.03223 1.08587 1.08884 1.089
 0.501387 0.97191 1.02241 1.02521 1.02536
 0.452184 0.876532 0.922075 0.924604 0.924737
 0.427287 0.828272 0.871307 0.873697 0.873823
 0.548799 1.06382 1.11909 1.12216 1.12232
 0.356302 0.690671 0.726557 0.728549 0.728654
 0.311628 0.604073 0.635459 0.637202 0.637294
 0.524816 1.01733 1.07018 1.07312 1.07327
 0.606363 1.1754 1.23647 1.23986 1.24004
 0.346427 0.671528 0.70642 0.708357 0.708459
 1.13142 2.19319 2.30715 2.31347 2.31381
YTP_r0W_actual
 237029 46226.1 66618.1 5205.57 1085.76
YTP_p0W_proyectada
 0 0 0 0 0
 0 0 0 0 0
 0 0 0 0 0
 0 0 0 0 0
 0 0 0 0 0
 0 0 0 0 0
CTP_r0_actual
 31436.3 2649.06 2767.68 166.206 30.8018
CTP_p0_proyectada
 0 0 0 0 0
 0 0 0 0 0
 0 0 0 0 0
 0 0 0 0 0
 0 0 0 0 0
 0 0 0 0 0
Wmedp
 7.54 17.45 24.07 31.32 35.25
Frms_r0
 1.13142 2.19319 2.30715 2.31347 2.31381
Zrms_r0
 2.13142 3.19319 3.30715 3.31347 3.31381
nmprior
 7.29 8.9 8.7 0
nm_flota  nm_reclas  nm_pelaces    nm_pelaL
inf 14.5282 6.04331 12.4104
cv_recla  cv_pelaces  cv_mph
0.367694 0.432308 0.738639
 ------------------------------------------------
Talla a la edad & desviaci?n 
 8 13.2811 15.8009 17.003 17.5766
 0.8 1.32811 1.58009 1.7003 1.75766
