years
 1991 1992 1993 1994 1995 1996 1997 1998 1999 2000 2001 2002 2003 2004 2005 2006 2007 2008 2009 2010 2011 2012 2013 2014 2015 2016 2017 2018 2019 2020 2021 2022 2023
reclasobs
 0 0 0 0 0 0 0 0 0 252601 567819 844713 477998 351125 339783 2.1784e+06 2.13404e+06 4.81314e+06 1.55562e+06 2.62356e+06 3.21686e+06 3.843e+06 1.13348e+06 3.07943e+06 1.97215e+06 2.03268e+06 2.025e+06 2.42433e+06 2.27542e+06 1.05018e+06 2.36338e+06 3.18982e+06 1.53035e+06
reclaspred
 2.93477e+06 1.63475e+06 864001 902414 931416 1.37503e+06 887268 843106 630284 483215 553210 697863 620213 407418 559916 1.27641e+06 1.30066e+06 2.52039e+06 2.10213e+06 1.7266e+06 3.12749e+06 2.51993e+06 2.06403e+06 3.04378e+06 2.32587e+06 2.10422e+06 2.4415e+06 2.64278e+06 2.2846e+06 1.68343e+06 1.84765e+06 1.94673e+06 1.70381e+06
pelacesobs
 0 0 0 0 0 0 0 0 0 0 0 0 0 0 0 552880 188675 0 991730 2.46772e+06 1.41603e+06 1.21717e+06 2.29649e+06 1.80582e+06 0 1.4828e+06 1.56532e+06 1.57751e+06 1.42118e+06 867257 1.10002e+06 1.06204e+06 0
pelacespred
 1.61174e+06 1.00074e+06 523201 449231 483885 740241 448502 518859 380081 278662 324984 348504 334656 228883 331301 623486 632154 1.39071e+06 1.2104e+06 904918 1.61745e+06 1.4214e+06 1.15762e+06 1.85898e+06 1.37064e+06 1.23275e+06 1.63364e+06 1.59428e+06 1.23848e+06 1.05158e+06 1.01077e+06 1.0657e+06 961651
mphobs
 0 0 0 0 0 0 0 0 0 0 0 0 498337 0 5186 125008 0 168611 109162 213762 579715 649985 157893 87575 83554 210694 70296 0 107559 103333 445601 22526 28222
mphpred
 469081 314299 155971 91048 104621 119563 147409 96682.9 89366.9 65275.2 45570.5 69757.8 79237.2 56165.7 32291.1 57986.2 158780 158090 253518 365617 427938 514804 103994 90427.3 127286 101995 89972.9 97074.4 134404 103986 66284.8 86962.8 60881.7
desembarqueobs
 494567 514787 250237 358949 120608 361735 552515 73892 212993 205616 52469 317467 293654 387597 252695 516296 358380 742168 942051 627588 828172 859565 418607 520667 417249 300574 415391 372974 316634 284311 391294 218835 356480
desembarquepred
 494571 513370 250949 358993 120615 361766 552598 73896.7 213045 205665 52471.6 317525 293769 387810 252686 516266 358410 742089 941886 627457 828274 859642 418635 520715 417257 300585 415409 372970 316631 284307 391290 218846 356498
Reclutas
 208735 106354 139465 206774 175970 264753 116016 61573.2 55329 72874.9 141859 172412 112432 72093.4 123268 512359 124612 694275 453428 399170 545363 701961 158612 439689 394709 177838 384671 455433 163274 152994 289685 140345 282691
log_desv_Rt
 0.0241361 -0.650154 -0.379116 0.0146981 -0.146615 0.261867 -0.563198 -1.1967 -1.30363 -1.02819 -0.3621 -0.167046 -0.594585 -1.03897 -0.502569 0.922095 -0.491724 1.22594 0.799905 0.672456 0.984522 1.23695 -0.250467 0.769137 0.661219 -0.136057 0.635458 0.804318 -0.221502 -0.286531 0.351863 -0.372829 0.327424
SSB
 3.46003e+06 2.31833e+06 1.15047e+06 671588 771707 881921 1.08732e+06 713151 659187 481483 336137 514547 560253 406724 231061 415300 1.17119e+06 1.1661e+06 1.92314e+06 1.50778e+06 1.80637e+06 2.26631e+06 2.14539e+06 1.80296e+06 2.39188e+06 2.02494e+06 1.69147e+06 1.76204e+06 2.522e+06 1.84493e+06 1.32541e+06 1.78009e+06 1.15961e+06
BT
 4.64713e+06 3.13329e+06 1.6236e+06 1.47701e+06 1.3621e+06 2.24253e+06 1.6814e+06 1.41979e+06 1.20927e+06 927062 897315 1.18017e+06 1.14058e+06 1.0004e+06 1.1205e+06 2.06276e+06 1.93626e+06 4.2856e+06 4.08404e+06 2.94466e+06 4.87855e+06 4.55175e+06 3.39333e+06 5.34113e+06 3.98256e+06 3.48948e+06 4.69385e+06 4.53054e+06 3.50043e+06 3.02514e+06 2.99891e+06 2.96221e+06 2.83354e+06
Ftot
 0.131678 0.238128 0.231491 0.376282 0.117247 0.259549 0.505734 0.0779182 0.300724 0.376321 0.102579 0.4362 0.424756 0.866552 0.535636 0.495547 0.239181 0.322019 0.418886 0.345775 0.257823 0.326004 0.169259 0.176516 0.160847 0.123702 0.173421 0.151648 0.111144 0.142656 0.213745 0.0962298 0.208683
BD_Bspro_t
 0.979312 0.857866 0.711947 0.645917 0.651874 0.720849 0.695883 0.556655 0.62527 0.594293 0.574293 0.742939 0.640338 0.513289 0.37392 0.50985 0.649854 0.632847 0.686041 0.603415 0.601857 0.650604 0.669351 0.668522 0.75218 0.764725 0.771046 0.794402 0.836597 0.793932 0.757953 0.789381 0.789771
BD_Bspro
 2.35707 1.57931 0.783733 0.457504 0.525708 0.600789 0.74071 0.485818 0.449057 0.327999 0.228986 0.350524 0.38166 0.277072 0.157405 0.282914 0.79785 0.794382 1.31009 1.02714 1.23055 1.54388 1.4615 1.22822 1.62941 1.37945 1.15228 1.20035 1.71805 1.25682 0.902907 1.21265 0.789961
BD_Bo
 2.41313 1.61687 0.802372 0.468385 0.538211 0.615077 0.758326 0.497372 0.459736 0.3358 0.234431 0.35886 0.390737 0.283661 0.161148 0.289642 0.816824 0.813274 1.34125 1.05157 1.25982 1.58059 1.49626 1.25743 1.66817 1.41225 1.17968 1.2289 1.75891 1.28671 0.92438 1.24149 0.808748
BD_Brms
 2.58403 1.73138 0.859196 0.501556 0.576327 0.658637 0.812031 0.532597 0.492295 0.359581 0.251034 0.384275 0.418409 0.30375 0.172561 0.310155 0.874673 0.870871 1.43624 1.12604 1.34904 1.69253 1.60222 1.34649 1.78631 1.51227 1.26323 1.31593 1.88348 1.37783 0.989845 1.32941 0.866024
Sel_flota
 0.467434 0.943427 0.996854 0.999834 0.999991
 0.467434 0.943427 0.996854 0.999834 0.999991
 0.467434 0.943427 0.996854 0.999834 0.999991
 0.467434 0.943427 0.996854 0.999834 0.999991
 0.467434 0.943427 0.996854 0.999834 0.999991
 0.467434 0.943427 0.996854 0.999834 0.999991
 0.467434 0.943427 0.996854 0.999834 0.999991
 0.467434 0.943427 0.996854 0.999834 0.999991
 0.467434 0.943427 0.996854 0.999834 0.999991
 0.467434 0.943427 0.996854 0.999834 0.999991
 0.467434 0.943427 0.996854 0.999834 0.999991
 0.467434 0.943427 0.996854 0.999834 0.999991
 0.467434 0.943427 0.996854 0.999834 0.999991
 0.467434 0.943427 0.996854 0.999834 0.999991
 0.467434 0.943427 0.996854 0.999834 0.999991
 0.467434 0.943427 0.996854 0.999834 0.999991
 0.467434 0.943427 0.996854 0.999834 0.999991
 0.467434 0.943427 0.996854 0.999834 0.999991
 0.467434 0.943427 0.996854 0.999834 0.999991
 0.467434 0.943427 0.996854 0.999834 0.999991
 0.467434 0.943427 0.996854 0.999834 0.999991
 0.467434 0.943427 0.996854 0.999834 0.999991
 0.467434 0.943427 0.996854 0.999834 0.999991
 0.467434 0.943427 0.996854 0.999834 0.999991
 0.467434 0.943427 0.996854 0.999834 0.999991
 0.467434 0.943427 0.996854 0.999834 0.999991
 0.467434 0.943427 0.996854 0.999834 0.999991
 0.467434 0.943427 0.996854 0.999834 0.999991
 0.467434 0.943427 0.996854 0.999834 0.999991
 0.467434 0.943427 0.996854 0.999834 0.999991
 0.467434 0.943427 0.996854 0.999834 0.999991
 0.467434 0.943427 0.996854 0.999834 0.999991
 0.467434 0.943427 0.996854 0.999834 0.999991
Sel_reclas
 1 1 1 1 1
 1 1 1 1 1
 1 1 1 1 1
 1 1 1 1 1
 1 1 1 1 1
 1 1 1 1 1
 1 1 1 1 1
 1 1 1 1 1
 1 1 1 1 1
 1 1 1 1 1
 1 1 1 1 1
 1 1 1 1 1
 1 1 1 1 1
 1 1 1 1 1
 1 1 1 1 1
 1 1 1 1 1
 1 1 1 1 1
 1 1 1 1 1
 1 1 1 1 1
 1 1 1 1 1
 1 1 1 1 1
 1 1 1 1 1
 1 1 1 1 1
 1 1 1 1 1
 1 1 1 1 1
 1 1 1 1 1
 1 1 1 1 1
 1 1 1 1 1
 1 1 1 1 1
 1 1 1 1 1
 1 1 1 1 1
 1 1 1 1 1
 1 1 1 1 1
Sel_pelaces
 1 1 1 1 1
 1 1 1 1 1
 1 1 1 1 1
 1 1 1 1 1
 1 1 1 1 1
 1 1 1 1 1
 1 1 1 1 1
 1 1 1 1 1
 1 1 1 1 1
 1 1 1 1 1
 1 1 1 1 1
 1 1 1 1 1
 1 1 1 1 1
 1 1 1 1 1
 1 1 1 1 1
 1 1 1 1 1
 1 1 1 1 1
 1 1 1 1 1
 1 1 1 1 1
 1 1 1 1 1
 1 1 1 1 1
 1 1 1 1 1
 1 1 1 1 1
 1 1 1 1 1
 1 1 1 1 1
 1 1 1 1 1
 1 1 1 1 1
 1 1 1 1 1
 1 1 1 1 1
 1 1 1 1 1
 1 1 1 1 1
 1 1 1 1 1
 1 1 1 1 1
pf_obs 
 0.8446 0.082 0.0669 0.0065 0
 0.8095 0.147 0.0364 0.0071 0
 0.9664 0.0169 0.016 0.0007 0
 0.9276 0.0648 0.0075 0.0001 0
 0.7033 0.2144 0.0806 0.0017 0
 0.9318 0.0425 0.0243 0.0014 0
 0.5671 0.3108 0.0964 0.0239 0.0018
 0.0768 0.2599 0.5324 0.112 0.0189
 0.490249 0.384438 0.106611 0.0170017 0.00170017
 0.7925 0.1577 0.0466 0.003 0.0002
 0.840416 0.127587 0.0312969 0.00059994 9.999e-05
 0.8084 0.0986 0.0794 0.0134 0.0002
 0.7335 0.1905 0.0724 0.0035 0.0001
 0.4001 0.4547 0.1325 0.0127 0
 0.49795 0.308269 0.164784 0.0264974 0.00249975
 0.9179 0.0499 0.0305 0.0017 0
 0.2467 0.6533 0.0926 0.0074 0
 0.9418 0.0223 0.034 0.0019 0
 0.707729 0.231977 0.0356964 0.0245975 0
 0.517169 0.277429 0.184464 0.0207286 0.00020938
 0.811772 0.124168 0.05621 0.00726502 0.000585176
 0.764997 0.148141 0.077277 0.00933861 0.000247198
 0.163321 0.427699 0.378323 0.0303852 0.000271297
 0.753843 0.0900009 0.118128 0.0371064 0.000921714
 0.721811 0.176058 0.0630433 0.0369309 0.00215725
 0.143369 0.312575 0.442814 0.0836902 0.0175525
 0.692698 0.0596174 0.167031 0.0765114 0.00414204
 0.394062 0.376323 0.152708 0.0712218 0.00568511
 0.125707 0.32114 0.495352 0.0537591 0.00404204
 0.23352 0.215282 0.420074 0.123614 0.00750983
 0.796117 0.104755 0.0508955 0.0450114 0.00322123
 0.162477 0.292055 0.404252 0.121198 0.0200186
 0 0 0 0 0
pf_pred 
 0.323849 0.123061 0.524606 0.0284832 1.06422e-06
 0.276346 0.361683 0.0689905 0.277936 0.0150446
 0.479975 0.232526 0.148195 0.0266214 0.112683
 0.612783 0.256492 0.0604498 0.0362843 0.0339915
 0.520192 0.37201 0.0729894 0.0161274 0.0186812
 0.606639 0.269627 0.0971465 0.0180204 0.00856696
 0.359113 0.49063 0.10497 0.0355819 0.00970529
 0.339015 0.368732 0.227342 0.0453993 0.0195121
 0.403068 0.303208 0.167867 0.0979697 0.0278879
 0.565462 0.25794 0.0925123 0.048127 0.0359593
 0.702464 0.220243 0.0471073 0.0158401 0.0143456
 0.606243 0.325293 0.0514194 0.0104008 0.00664396
 0.474094 0.406474 0.0998044 0.0147551 0.00487286
 0.450396 0.366899 0.143339 0.0329162 0.0064495
 0.721095 0.189138 0.0615661 0.0221461 0.00605431
 0.871011 0.110464 0.0128491 0.00389794 0.00177851
 0.288552 0.667298 0.0381794 0.00414585 0.00182455
 0.802653 0.0899608 0.101091 0.00544629 0.000848845
 0.498588 0.450699 0.0239147 0.0252324 0.00156584
 0.513291 0.333316 0.138804 0.0068931 0.00769626
 0.612399 0.269456 0.0825218 0.0322459 0.00337722
 0.615424 0.295763 0.0628895 0.0181246 0.00779806
 0.22078 0.602771 0.137668 0.0274892 0.0112914
 0.604809 0.144627 0.196348 0.0423302 0.0118863
 0.507901 0.374891 0.0445001 0.057015 0.0156931
 0.312156 0.465748 0.17155 0.0192282 0.0313176
 0.604319 0.189296 0.142289 0.0495445 0.0145518
 0.575145 0.322917 0.0502647 0.0356607 0.0160128
 0.279631 0.527884 0.148328 0.0218082 0.0223488
 0.374375 0.273896 0.261585 0.0695141 0.0206299
 0.610792 0.214996 0.0787508 0.071053 0.0244087
 0.360218 0.490217 0.0848602 0.0293011 0.0354032
 0.609936 0.20644 0.142535 0.0233445 0.0177447
pobs_RECLAS
 0 0 0 0 0
 0 0 0 0 0
 0 0 0 0 0
 0 0 0 0 0
 0 0 0 0 0
 0 0 0 0 0
 0 0 0 0 0
 0 0 0 0 0
 0 0 0 0 0
 0 0 0 0 0
 0.991045 0.00858322 0.000360255 1.14367e-05 0
 0.934742 0.0480273 0.0164251 0.00080598 0
 0.827803 0.169806 0.00239088 0 0
 0.941827 0.0461693 0.0120037 0 0
 0.791401 0.0380133 0.147996 0.0225897 0
 0.846168 0.0940531 0.0597789 0 0
 0.134021 0.677848 0.182769 0.00536245 0
 0.80878 0.0450904 0.141981 0.00414843 0
 0.846168 0.0940531 0.0597789 0 0
 0.905697 0.0802665 0.012482 0.00150086 5.37128e-05
 0.989698 0.0102097 9.19794e-05 0 0
 0.975433 0.0193895 0.00387452 0.00125025 5.28907e-05
 0.303575 0.632131 0.0575291 0.00676475 0
 0.966965 0.00978017 0.0227588 0.000495775 0
 0.843318 0.132988 0.00938335 0.0141283 0.000182051
 0.564624 0.303363 0.111486 0.0197234 0.00080311
 0.826376 0.0876187 0.0782897 0.00655872 0.00115652
 0.89761 0.0855135 0.0140674 0.00269457 0.000114338
 0.34875 0.467042 0.161289 0.0227151 0.000203297
 0.318654 0.224769 0.449479 0.00709798 0
 0.937255 0.0296025 0.0250945 0.00804832 0
 0.456809 0.399803 0.12412 0.0192676 0
 0.883104 0.0372192 0.0704036 0.00927362 0
ppred_RECLAS
 0.5043 0.0944163 0.380677 0.0206063 7.6979e-07
 0.445069 0.285515 0.0514772 0.206749 0.0111894
 0.66019 0.156818 0.0944711 0.0169189 0.0716024
 0.768386 0.156447 0.0348179 0.0208342 0.0195144
 0.690074 0.243306 0.0451531 0.00994676 0.01152
 0.762241 0.16587 0.0564801 0.0104448 0.00496471
 0.540671 0.356449 0.0719414 0.024309 0.00662941
 0.515546 0.276937 0.161536 0.0321612 0.0138203
 0.587065 0.21574 0.11285 0.0656583 0.0186871
 0.732532 0.162541 0.0550499 0.0285493 0.0213278
 0.829211 0.128261 0.0259504 0.00869975 0.00787769
 0.762376 0.198268 0.0295816 0.00596482 0.00380967
 0.653116 0.271594 0.0629493 0.00927734 0.00306333
 0.640296 0.245067 0.0900033 0.0205988 0.00403534
 0.845448 0.106797 0.0327856 0.0117559 0.0032133
 0.933778 0.0571833 0.00627523 0.00189766 0.000865698
 0.45366 0.514197 0.0278074 0.00301035 0.00132462
 0.895779 0.0489888 0.0520041 0.00279309 0.000435253
 0.673354 0.295328 0.014793 0.0155594 0.000965405
 0.687789 0.217639 0.0856032 0.00423798 0.004731
 0.766497 0.165137 0.0477964 0.0186196 0.00194978
 0.768705 0.18022 0.0361999 0.0104005 0.00447407
 0.36843 0.494722 0.106843 0.0212695 0.00873525
 0.763337 0.0897446 0.115205 0.0247616 0.00695194
 0.680114 0.247 0.0277254 0.0354152 0.00974631
 0.48383 0.355805 0.123956 0.0138517 0.0225571
 0.761805 0.11734 0.0834007 0.0289519 0.00850212
 0.735972 0.203401 0.0299414 0.021178 0.0095081
 0.444079 0.413428 0.109882 0.0161071 0.0165037
 0.556331 0.200435 0.181038 0.047964 0.0142321
 0.766375 0.132386 0.0458414 0.0412346 0.014163
 0.53615 0.360068 0.0589627 0.0202979 0.0245211
 0.76584 0.12724 0.0830526 0.0135611 0.0103064
pobs_PELACES
 0 0 0 0 0
 0 0 0 0 0
 0 0 0 0 0
 0 0 0 0 0
 0 0 0 0 0
 0 0 0 0 0
 0 0 0 0 0
 0 0 0 0 0
 0 0 0 0 0
 0 0 0 0 0
 0 0 0 0 0
 0 0 0 0 0
 0 0 0 0 0
 0 0 0 0 0
 0 0 0 0 0
 0 0 0 0 0
 0.505614 0.472636 0.0217494 0 0
 0 0 0 0 0
 0.443492 0.261883 0.143347 0.151278 0
 0.227955 0.32914 0.350689 0.0885471 0.00366901
 0.970185 0.0296113 0.000203453 0 0
 0.997202 0.00247181 0.000326279 0 0
 0.445219 0.490057 0.0546422 0.010081 0
 0.90214 0.0892962 0.00764917 0.000914606 0
 0 0 0 0 0
 0.581667 0.319106 0.0959925 0.00289975 0.000334073
 0.762889 0.0836404 0.116647 0.0363945 0.000428098
 0.88444 0.0763242 0.0277011 0.0115352 0
 0.521256 0.241999 0.230069 0.00667565 0
 0.616807 0.101726 0.260614 0.0208532 0
 0.833518 0.0704572 0.0857862 0.0102388 0
 0.697417 0.212968 0.0787535 0.0105354 0.000325836
 0 0 0 0 0
ppred_PELACES
 0.50994 0.0935179 0.376181 0.0203602 7.60594e-07
 0.454853 0.281079 0.050465 0.202636 0.0109667
 0.668799 0.15319 0.0919097 0.0164564 0.0696444
 0.779119 0.149528 0.033058 0.0197738 0.0185208
 0.694095 0.240258 0.0444954 0.00980073 0.0113508
 0.769798 0.160822 0.0545113 0.0100782 0.00479037
 0.560824 0.3415 0.0683124 0.0230714 0.00629171
 0.518751 0.275269 0.160342 0.0319211 0.0137171
 0.599089 0.21 0.109267 0.0635549 0.0180882
 0.744461 0.155706 0.0523864 0.0271579 0.020288
 0.831545 0.126567 0.0255612 0.00856842 0.00775873
 0.774789 0.188153 0.0278573 0.00561473 0.00358599
 0.668436 0.260024 0.0598181 0.00881217 0.00290967
 0.672093 0.224501 0.0812003 0.0185682 0.00363739
 0.856489 0.0994615 0.0302466 0.0108398 0.00296281
 0.938502 0.0531686 0.0057839 0.00174823 0.000797508
 0.463049 0.505487 0.0272213 0.00294621 0.00129638
 0.900677 0.0468271 0.049428 0.00265389 0.000413554
 0.687814 0.28246 0.0140443 0.0147658 0.000916148
 0.699721 0.209709 0.0819831 0.00405737 0.0045293
 0.773903 0.160115 0.0461327 0.017967 0.00188141
 0.777907 0.173273 0.034605 0.00993912 0.00427551
 0.374791 0.49006 0.105521 0.0210028 0.00862563
 0.768657 0.0878988 0.112485 0.0241727 0.00678656
 0.685729 0.242826 0.0271797 0.0347127 0.00955289
 0.488855 0.352583 0.122566 0.0136947 0.0223013
 0.766995 0.114965 0.0814629 0.0282744 0.00830309
 0.740696 0.199888 0.0293457 0.0207535 0.00931747
 0.448519 0.410335 0.108847 0.0159535 0.0163463
 0.562199 0.19806 0.178444 0.0472702 0.0140262
 0.772628 0.12906 0.0445214 0.0400389 0.0137521
 0.540004 0.357215 0.0583964 0.020101 0.0242832
 0.771966 0.124122 0.0807198 0.0131775 0.0100148
pobs_pel_tallas
 0 0 0 0 0 0 0 0 0 0 0 0 0 0 0 0 0 0 0 0 0 0 0 0 0 0
 0 0 0 0 0 0 0 0 0 0 0 0 0 0 0 0 0 0 0 0 0 0 0 0 0 0
 0 0 0 0 0 0 0 0 0 0 0 0 0 0 0 0 0 0 0 0 0 0 0 0 0 0
 0 0 0 0 0 0 0 0 0 0 0 0 0 0 0 0 0 0 0 0 0 0 0 0 0 0
 0 0 0 0 0 0 0 0 0 0 0 0 0 0 0 0 0 0 0 0 0 0 0 0 0 0
 0 0 0 0 0 0 0 0 0 0 0 0 0 0 0 0 0 0 0 0 0 0 0 0 0 0
 0 0 0 0 0 0 0 0 0 0 0 0 0 0 0 0 0 0 0 0 0 0 0 0 0 0
 0 0 0 0 0 0 0 0 0 0 0 0 0 0 0 0 0 0 0 0 0 0 0 0 0 0
 0 0 0 0 0 0 0 0 0 0 0 0 0 0 0 0 0 0 0 0 0 0 0 0 0 0
 0 0 0 0 0 0 0 0 0 0 0 0 0 0 0 0 0 0 0 0 0 0 0 0 0 0
 0 0 0 0 0 0 0 0 0 0 0 0 0 0 0 0 0 0 0 0 0 0 0 0 0 0
 0 0 0 0 0 0 0 0 0 0 0 0 0 0 0 0 0 0 0 0 0 0 0 0 0 0
 0.00862536 0 0 0.000197151 0.00414017 0.0128641 0.00837892 0.0270097 0.101434 0.158115 0.152841 0.127902 0.109271 0.109419 0.0830992 0.0579132 0.0238553 0.00714673 0.00463305 0.00128148 0.00103504 0.000492878 0.000147863 0.000147863 4.92878e-05 0
 0 0 0 0 0 0 0 0 0 0 0 0 0 0 0 0 0 0 0 0 0 0 0 0 0 0
 0 0 0 0 0 0 0 0.0054083 0.00873648 0.0413646 0.0450493 0.0745869 0.0622846 0.0627006 0.0613931 0.0827291 0.12552 0.122667 0.0946155 0.0697135 0.0546179 0.0294188 0.0215738 0.0213955 0.0102223 0.00600262
 0 0 0 0 0.00359764 0.0251062 0.0480494 0.140153 0.205849 0.193036 0.1447 0.116669 0.0760912 0.0342217 0.00950174 0.001854 0.000860785 0 0 0 0.000165536 0 0.000143464 0 0 0
 0 0 0 0 0 0 0 0.000145254 0.000435761 0.0275982 0.070085 0.0708112 0.156366 0.174668 0.174014 0.160142 0.0824315 0.0480064 0.0283245 0.00493863 0.00203355 0 0 0 0 0
 0 0 0 0 0 0 0 0 0 0 0 0 0 0 0 0 0 0 0 0 0 0 0 0 0 0
 0 0 1.00437e-05 0.000401748 0.00122533 0.00171747 0.00176769 0.0269171 0.070346 0.194647 0.189555 0.159765 0.064822 0.0314167 0.0384472 0.0292271 0.0345202 0.0313363 0.0194345 0.0106764 0.0143323 0.0359363 0.0279516 0.0138201 0.00172751 0
 0 0.0021121 0.0136068 0.0755702 0.200478 0.177729 0.0527432 0.0373336 0.0318909 0.0142505 0.0149659 0.0166563 0.0217959 0.0798694 0.0677717 0.0528807 0.04013 0.0224614 0.0357745 0.0225083 0.00881397 0.00855152 0.00135912 0.000746735 0 0
 0 0 0 0 5.4009e-05 0.00500934 0.000945158 0.0243581 0.138947 0.33067 0.221406 0.137944 0.0707744 0.0437923 0.0131692 0.00525238 0.0047753 0.00276346 9.45158e-05 9.00151e-06 2.25038e-05 9.00151e-06 4.50075e-06 0 0 0
 0.000866109 0.00284123 0.00948549 0.0512746 0.133035 0.25785 0.225252 0.132002 0.0553304 0.0519788 0.0540692 0.017754 0.00435017 0.00159236 0.00146478 0.000404838 0.000125132 0.000115318 0.000107957 0.000100596 0 0 0 0 0 0
 0 0 0 0 0.00144013 0.00171154 0.00461396 0.0210425 0.0478622 0.0707936 0.0888783 0.103762 0.0637923 0.0337046 0.0602308 0.124433 0.169614 0.0934646 0.0462172 0.0250306 0.0313229 0.00938855 0.002487 0.000210481 0 0
 0 0.00764035 0.051015 0.0998891 0.058973 0.0496711 0.0374665 0.0718981 0.12319 0.153886 0.159021 0.0857701 0.0377988 0.023471 0.0147837 0.00900784 0.00315554 0.000888139 0.00291439 0.00214683 0.00393193 0.00274676 0.000635225 9.99891e-05 0 0
 0 0 0 0 0 0 0 0 0 0 0 0 0 0 0 0 0 0 0 0 0 0 0 0 0 0
 0 0 0 0 0 0 0 0 0 0 0 0 0 0 0 0 0 0 0 0 0 0 0 0 0 0
 0 0 0 0 0 0 0 0 0 0 0 0 0 0 0 0 0 0 0 0 0 0 0 0 0 0
 0 0 0 0 0 0 0 0 0 0 0 0 0 0 0 0 0 0 0 0 0 0 0 0 0 0
 0 0 0 0 0 0 0 0 0 0 0 0 0 0 0 0 0 0 0 0 0 0 0 0 0 0
 0 0 0 0 0 0 0 0 0 0 0 0 0 0 0 0 0 0 0 0 0 0 0 0 0 0
 0 0 0 0 0 0 0 0 0 0 0 0 0 0 0 0 0 0 0 0 0 0 0 0 0 0
 0 0 0 0 0 0 0 0 0 0 0 0 0 0 0 0 0 0 0 0 0 0 0 0 0 0
 0 0 0 0 0 0 0 0 0 0 0 0 0 0 0 0 0 0 0 0 0 0 0 0 0 0
ppred_pel_tallas
 1.12922e-16 4.20031e-05 0.000408285 0.0027132 0.0123338 0.0383751 0.0817627 0.119337 0.119347 0.0818097 0.0385348 0.0128023 0.00391622 0.00312413 0.00546194 0.00964495 0.0154728 0.0227442 0.0311559 0.0403688 0.0498555 0.0585814 0.0649137 0.0670868 0.064056 0.0561521
 1.23706e-16 3.74657e-05 0.00036418 0.00242011 0.0110015 0.0342298 0.0729312 0.106451 0.106478 0.0730641 0.0346762 0.012292 0.00566488 0.00746624 0.0135842 0.0225634 0.0329205 0.0423685 0.048698 0.0511345 0.0508915 0.0503229 0.0512888 0.053983 0.056972 0.058196
 1.16128e-16 5.50881e-05 0.000535476 0.00355843 0.0161761 0.05033 0.107234 0.156514 0.156529 0.107307 0.0505749 0.0168851 0.00534452 0.00445601 0.00756503 0.0125906 0.0185428 0.0242069 0.0284032 0.0306601 0.0314919 0.0319684 0.0329156 0.0343848 0.0357221 0.0360496
 1.0611e-16 6.41751e-05 0.000623804 0.0041454 0.0188444 0.058632 0.124922 0.182331 0.182345 0.124993 0.058869 0.0195294 0.00586627 0.00438543 0.00722328 0.0118811 0.0172099 0.021866 0.0245381 0.024657 0.0227409 0.0200283 0.0176918 0.0162447 0.0154895 0.0148788
 1.0425e-16 5.71717e-05 0.00055573 0.00369302 0.0167879 0.0522336 0.11129 0.162436 0.162459 0.111403 0.052614 0.0178867 0.00645195 0.00658166 0.0115109 0.0189644 0.0273732 0.0345511 0.0383092 0.0376442 0.0333272 0.0273561 0.0217292 0.017499 0.0146556 0.012629
 1.03436e-16 6.34073e-05 0.000616341 0.0040958 0.0186189 0.0579305 0.123428 0.18015 0.180165 0.123504 0.0581859 0.0193572 0.00595154 0.0046757 0.00779717 0.0128535 0.0186585 0.023775 0.0267744 0.0269881 0.0248726 0.0216361 0.0184442 0.0158459 0.0137614 0.0118516
 1.05438e-16 4.61944e-05 0.000449026 0.00298394 0.0135646 0.0422046 0.0899226 0.131252 0.131284 0.0900836 0.0427454 0.015127 0.00690757 0.00902031 0.0163423 0.0269909 0.0389879 0.0492648 0.0547204 0.0539262 0.0479566 0.0396084 0.0316657 0.0255747 0.0213029 0.0180684
 1.10221e-16 4.27289e-05 0.00041534 0.00276008 0.0125469 0.0390383 0.0831763 0.121404 0.121431 0.083307 0.0394778 0.0138187 0.00596197 0.00743702 0.0134721 0.0224504 0.0329126 0.0425976 0.0491993 0.0516217 0.0505268 0.0476562 0.0445247 0.0415826 0.0383702 0.0342691
 1.12642e-16 4.93462e-05 0.000479663 0.00318753 0.0144901 0.0450841 0.0960572 0.140202 0.140223 0.0961568 0.0454192 0.01546 0.00562964 0.00583555 0.0102949 0.0171374 0.0251498 0.0326302 0.0378847 0.0401764 0.0401243 0.0391395 0.0383633 0.037976 0.0373163 0.0355328
 1.07709e-16 6.13203e-05 0.000596055 0.003961 0.0180061 0.0560239 0.119365 0.17422 0.174235 0.119439 0.0562713 0.0187216 0.00576003 0.00453348 0.00756953 0.0124982 0.0181938 0.0233037 0.0265031 0.0272167 0.0259552 0.0239201 0.0221974 0.0211769 0.0205499 0.0197208
 1.02943e-16 6.84933e-05 0.000665779 0.00442434 0.0201124 0.0625772 0.133328 0.194598 0.194611 0.133388 0.0627777 0.0206916 0.00587889 0.00384364 0.00611146 0.0100155 0.0144704 0.0183039 0.0203731 0.0201608 0.0180782 0.0151705 0.0124677 0.0104876 0.00918223 0.00821422
 1.02023e-16 6.38184e-05 0.000620337 0.00412236 0.0187397 0.0583061 0.124228 0.181318 0.181336 0.124317 0.0586037 0.0195992 0.00627999 0.00533079 0.00901083 0.0147983 0.0213175 0.0268199 0.0295675 0.0287575 0.0249935 0.0198654 0.0149899 0.0112595 0.00873502 0.00701948
 1.03169e-16 5.50582e-05 0.000535186 0.0035565 0.0161673 0.0503027 0.107176 0.156432 0.156457 0.107299 0.0507147 0.0173576 0.00654588 0.00706667 0.012476 0.0205809 0.0297411 0.0376048 0.0418015 0.0412212 0.0366446 0.0301579 0.0238519 0.0188362 0.0151438 0.0122742
 1.04879e-16 5.53594e-05 0.000538113 0.00357595 0.0162558 0.0505779 0.107762 0.157287 0.157309 0.107868 0.0509346 0.0172871 0.00616856 0.00621079 0.010867 0.0179777 0.0261261 0.0333444 0.0376511 0.0381159 0.035364 0.0310508 0.0267584 0.0232081 0.0202607 0.0174456
 1.02487e-16 7.05479e-05 0.000685751 0.00455706 0.0207157 0.0644543 0.137327 0.200435 0.200445 0.137374 0.0646122 0.0211721 0.00570394 0.00319405 0.00484802 0.0079394 0.011516 0.0146637 0.0165006 0.0166226 0.0153279 0.0133812 0.0115146 0.0100625 0.00894989 0.00792698
 1.00491e-16 7.73032e-05 0.000751414 0.00499341 0.0226993 0.0706261 0.150476 0.219626 0.219631 0.150502 0.0707101 0.022942 0.00560238 0.00208038 0.00260006 0.00417296 0.00599657 0.00752571 0.00826247 0.00797953 0.00685212 0.0053396 0.00391219 0.00283412 0.00212818 0.00167927
 1.0143e-16 3.81409e-05 0.000370743 0.00246372 0.0111997 0.0348468 0.0742466 0.108375 0.108424 0.0744842 0.0356446 0.0135031 0.00824179 0.0129722 0.023935 0.0394153 0.0565546 0.0706518 0.0769384 0.0732103 0.0611604 0.0452836 0.0302684 0.0188843 0.0115647 0.00732245
 1.01775e-16 7.41876e-05 0.00072113 0.00479216 0.0217845 0.0677796 0.144412 0.210774 0.210779 0.144434 0.0678551 0.0220032 0.00534438 0.00193712 0.00241424 0.00395353 0.00587291 0.00776858 0.00926832 0.0101769 0.0105454 0.0105551 0.0103245 0.00982207 0.00894458 0.00766353
 1.02114e-16 5.66544e-05 0.000550701 0.0036596 0.016636 0.051761 0.110283 0.160967 0.160995 0.110416 0.0522069 0.0179233 0.00688914 0.00759484 0.0134174 0.0220472 0.0316508 0.0395885 0.0432167 0.0413317 0.0349043 0.0264531 0.0185723 0.0127433 0.00911123 0.00702396
 1.03593e-16 5.76351e-05 0.000560234 0.00372295 0.016924 0.052657 0.112192 0.163752 0.163772 0.112291 0.0529903 0.0178877 0.00614574 0.00586182 0.0101631 0.016806 0.0244252 0.0311726 0.0351832 0.0355626 0.0328617 0.028597 0.0242397 0.0204978 0.0173176 0.0143588
 1.03493e-16 6.37454e-05 0.000619628 0.00411765 0.0187182 0.0582395 0.124086 0.18111 0.181126 0.124162 0.0584935 0.0194526 0.00596291 0.0046546 0.00774686 0.0127589 0.0184979 0.0235253 0.0264167 0.0265159 0.0243026 0.0210157 0.0178491 0.0153626 0.0134565 0.0117461
 1.02764e-16 6.40752e-05 0.000622834 0.00413895 0.0188151 0.0585408 0.124728 0.182048 0.182064 0.12481 0.0588152 0.0196078 0.00612963 0.00497143 0.00833151 0.0136951 0.0197763 0.0249842 0.0277415 0.0273217 0.0242701 0.0200078 0.0159524 0.0128442 0.0106734 0.00904649
 1.06737e-16 3.08711e-05 0.000300079 0.00199413 0.00906505 0.028205 0.0600955 0.087721 0.0877683 0.0603266 0.0289812 0.0113076 0.00762614 0.0126042 0.0234262 0.0387513 0.0559877 0.0707573 0.0785998 0.0774394 0.0687793 0.056594 0.04486 0.0356769 0.0290723 0.0240302
 1.06842e-16 6.33132e-05 0.000615427 0.00408973 0.0185913 0.0578446 0.123244 0.17988 0.179889 0.123287 0.057987 0.0190048 0.00513542 0.00292454 0.00452623 0.00758558 0.0113966 0.0153294 0.0187645 0.0213913 0.0233061 0.0247621 0.0258027 0.026129 0.0253118 0.023138
 1.05945e-16 5.64826e-05 0.000549031 0.00364851 0.0165856 0.0516041 0.109949 0.160478 0.160502 0.110063 0.0519881 0.0176947 0.00643279 0.00662791 0.0116043 0.0191046 0.0275441 0.0347128 0.0384154 0.0376847 0.0333778 0.0276015 0.0224296 0.0188989 0.016872 0.0155748
 1.08775e-16 4.02664e-05 0.000391404 0.00260102 0.0118239 0.0367887 0.0783834 0.11441 0.114444 0.0785501 0.0373487 0.0134428 0.00667044 0.00929379 0.0170028 0.0281899 0.0409435 0.0521985 0.0588377 0.0594044 0.0549085 0.0480041 0.0412473 0.0358345 0.0315691 0.0276711
 1.06621e-16 6.31763e-05 0.000614097 0.00408089 0.0185511 0.0577195 0.122978 0.179492 0.179503 0.123033 0.0579036 0.0190844 0.00542484 0.00356616 0.00572346 0.00950371 0.0140184 0.0183357 0.0215431 0.0232212 0.0236433 0.0234696 0.0231989 0.0228441 0.0220459 0.0204385
 1.04557e-16 6.10102e-05 0.000593041 0.00394096 0.0179151 0.0557405 0.118762 0.17334 0.17336 0.118856 0.0560568 0.0188287 0.00623474 0.00560216 0.00957983 0.0157567 0.0227327 0.0286809 0.0317915 0.0312555 0.0277526 0.0229845 0.018632 0.0155465 0.0136461 0.0123507
 1.07613e-16 3.6944e-05 0.000359109 0.0023864 0.0108483 0.0337532 0.0719163 0.104972 0.105012 0.0721099 0.0344038 0.0127284 0.00710982 0.0106835 0.0196836 0.0325839 0.0471719 0.0598175 0.0668276 0.0664829 0.060014 0.0506622 0.0416258 0.0345239 0.029279 0.025008
 1.12315e-16 4.63076e-05 0.000450126 0.00299125 0.0135978 0.0423079 0.0901422 0.131569 0.131589 0.0902368 0.0426263 0.0145207 0.00532002 0.00557435 0.00989743 0.0166023 0.0246473 0.0325433 0.0387751 0.0426193 0.0444544 0.0452253 0.0455435 0.0452175 0.0435403 0.0399628
 1.07661e-16 6.36403e-05 0.000618607 0.00411086 0.0186874 0.0581435 0.123881 0.180811 0.180823 0.123942 0.0583487 0.019281 0.00560388 0.00388779 0.00630233 0.010399 0.0151699 0.0195055 0.0223359 0.0232146 0.0225833 0.021428 0.0205968 0.0203193 0.0202243 0.0197179
 1.07902e-16 4.44795e-05 0.000432357 0.00287316 0.013061 0.0406378 0.0865844 0.12638 0.126414 0.0867528 0.0412031 0.014694 0.00697329 0.0093866 0.0170614 0.0281661 0.0406459 0.0512839 0.0568393 0.0558488 0.0495043 0.0408294 0.0328319 0.0270688 0.0234564 0.0210269
 1.05378e-16 6.35859e-05 0.000618077 0.00410734 0.0186714 0.0580937 0.123775 0.180656 0.180668 0.123834 0.0582921 0.0192458 0.0055542 0.00379313 0.00614223 0.0101811 0.0149586 0.0194373 0.0225913 0.0239329 0.0237484 0.0227878 0.0216813 0.0205779 0.0192324 0.0173561
pSPR Fmed_Fpbrs
1   0.983863 0.6 0.325 0.983863 0.983863 0.983863
Fs Fmed_Fpbrs
0   0.01 0.358984 0.929208 0.01 0.01 0.01
SSBpbr Bo_Bmed_Bpbrs
1.43384e+06  1.36215e+06  1.33901e+06 788611 394306 1.33901e+06 1.33901e+06 1.33901e+06
Ro
203757
SPR SPRFo_SPRFmed_SPRFpbrs
1.46794e+06 1.46794e+06 1.44425e+06
Fref
0
Nvult_r0
 188360 34445.9 22717.9 3711.59 2820.89
CTP_r0
 16740.7 5666.08 3912.1 640.729 487.032
YTP_r0
356498
Np
 282691 103996 38258.1 14074.4 7082.42
Nvult_p0
 178695 65738.1 24183.7 8896.69 4476.94
CTP_p0
 0 0 0 0 0
 0 0 0 0 0
 0 0 0 0 0
 0 0 0 0 0
 0 0 0 0 0
 0 0 0 0 0
YTP_p0
 0 0 0 0 0 0
CBA_c0
0
log_Ro
12.0447
likeval ReclasPelacesDesembMPH_pf_preclas_ppelaces_ptallas_desvR_qrecl_qpela
 17.5568 17.4091 0.0823434 31.0016 236.665 136.85 109.443 0 22.0223 4.4882e-06 8.04329e-07 0.404951 2065.59 0 0
q_reclas_q_pelaces
0.74111 0.880881
M
1
N
 208735 40324.1 163156 8833.43 0.329995
 106354 72205.5 13101.4 52638.1 2848.88
 139465 35004.2 21218.2 3801.29 16087.7
 206774 46044.5 10350.9 6197.19 5804.81
 175970 63799.3 11877.1 2616.86 3030.79
 264753 61283.5 21012.7 3887.38 1847.81
 116016 86269.4 17648.4 5967.9 1627.59
 61573.2 33694.5 19694.7 3921.61 1685.21
 55329 21841.3 11517 6703.83 1908.04
 72874.9 17685.2 6050.21 3139.45 2345.4
 141859 22484.8 4561.71 1529.52 1385.01
 172412 49743.6 7508.71 1515.04 967.673
 112432 51727.5 12126.1 1788.25 590.49
 72093.4 33913.1 12746.6 2921.04 572.277
 123268 17688.3 5508.39 1976.72 540.328
 512359 35303.7 3925.81 1188.06 542.006
 124612 149514 8137.43 881.249 387.775
 694275 40993.2 43892.3 2358.55 367.547
 453428 219718 11129.6 11713.4 726.801
 399170 137144 54443.2 2696.72 3010.52
 545363 124931 36409.2 14189 1485.85
 701961 177849 36036.1 10358.5 4456.11
 158612 221737 48104.5 9578.72 3933.97
 439689 53911.6 69533.6 14949.1 4197.09
 394709 148942 16790.5 21452.7 5903.88
 177838 134688 47078.2 5261.81 8568.82
 384671 61747.4 44091.2 15309.9 4496.02
 455433 130494 19287.2 13645.2 6126.24
 163274 156079 41606.5 6099.89 6250.16
 152994 57024.2 51702.5 13700.9 4065.46
 289685 52652.7 18336.4 16499 5667.06
 140345 96436.2 15832.5 5451.1 6585.32
 282691 49359 32398 5291.69 4021.74
pred_Ctot
 7916.27 3008.14 12823.7 696.252 0.0260141
 7146.48 9353.35 1784.14 7187.6 389.062
 9121.73 4419.06 2816.38 505.93 2141.49
 21386 8951.49 2109.68 1266.31 1186.29
 5958.85 4261.41 836.101 184.741 213.995
 19311.1 8583.03 3092.46 573.642 272.712
 15739.8 21504.2 4600.8 1559.55 425.381
 1396.25 1518.64 936.318 186.979 80.3613
 4639.39 3489.98 1932.18 1127.65 320.995
 7537.93 3438.49 1233.24 641.561 479.358
 4214.7 1321.43 282.638 95.0389 86.0722
 20439.4 10967.2 1733.6 350.66 224
 13007 11151.9 2738.19 404.814 133.69
 15684.1 12776.5 4991.5 1146.24 224.59
 17614 4620.02 1503.86 540.956 147.887
 68240.9 8654.49 1006.69 305.391 139.34
 8408.64 19445.6 1112.58 120.814 53.169
 62086.3 6958.59 7819.52 421.278 65.6593
 51788.5 46814.3 2484.03 2620.9 162.644
 38157.2 24778.2 10318.4 512.422 572.128
 39527.4 17392.1 5326.38 2081.32 217.983
 63502.3 30518.2 6489.23 1870.18 804.639
 7676.33 20957.8 4786.58 955.773 392.593
 22160.9 5299.29 7194.42 1551.03 435.529
 18182.7 13421 1593.09 2041.12 561.809
 6345.72 9468.06 3487.39 390.883 636.646
 19059.3 5970.12 4487.57 1562.56 458.941
 19815.2 11125.3 1731.75 1228.6 551.684
 5247.32 9905.84 2783.4 409.235 419.38
 6272.74 4589.19 4382.92 1164.72 345.658
 17554 6178.91 2263.27 2042.04 701.499
 3916.47 5329.88 922.642 318.576 384.921
 16740.7 5666.08 3912.1 640.729 487.032
F
 0.0615508 0.124229 0.131264 0.131656 0.131677
 0.111309 0.224657 0.237379 0.238089 0.238126
 0.108207 0.218395 0.230763 0.231453 0.231489
 0.175887 0.354994 0.375098 0.376219 0.376278
 0.0548052 0.110614 0.116878 0.117227 0.117246
 0.121322 0.244865 0.258732 0.259505 0.259546
 0.236397 0.477123 0.504143 0.50565 0.50573
 0.0364216 0.0735102 0.0776731 0.0779053 0.0779175
 0.140569 0.283712 0.299778 0.300674 0.300722
 0.175905 0.355032 0.375137 0.376259 0.376318
 0.0479487 0.0967754 0.102256 0.102562 0.102578
 0.203895 0.411523 0.434828 0.436128 0.436196
 0.198546 0.400727 0.42342 0.424686 0.424753
 0.405056 0.817528 0.863825 0.866408 0.866544
 0.250374 0.505333 0.53395 0.535547 0.535631
 0.231636 0.467513 0.493988 0.495465 0.495543
 0.111802 0.22565 0.238429 0.239142 0.239179
 0.150523 0.303802 0.321006 0.321966 0.322016
 0.195802 0.395189 0.417568 0.418817 0.418882
 0.161627 0.326214 0.344687 0.345718 0.345772
 0.120515 0.243237 0.257012 0.25778 0.257821
 0.152385 0.307561 0.324978 0.32595 0.326001
 0.0791175 0.159684 0.168727 0.169231 0.169258
 0.0825097 0.16653 0.175961 0.176487 0.176515
 0.0751853 0.151747 0.160341 0.16082 0.160845
 0.0578224 0.116704 0.123312 0.123681 0.123701
 0.0810627 0.16361 0.172875 0.173392 0.173419
 0.0708855 0.143069 0.151171 0.151623 0.151647
 0.0519525 0.104856 0.110794 0.111125 0.111143
 0.0666825 0.134586 0.142208 0.142633 0.142655
 0.0999118 0.201653 0.213073 0.21371 0.213743
 0.0449811 0.0907858 0.0959271 0.0962138 0.096229
 0.0975455 0.196877 0.208026 0.208648 0.208681
YTP_r0W_actual
 126225 98873.1 94164.3 20067.6 17167.9
YTP_p0W_proyectada
 0 0 0 0 0
 0 0 0 0 0
 0 0 0 0 0
 0 0 0 0 0
 0 0 0 0 0
 0 0 0 0 0
CTP_r0_actual
 16740.7 5666.08 3912.1 640.729 487.032
CTP_p0_proyectada
 0 0 0 0 0
 0 0 0 0 0
 0 0 0 0 0
 0 0 0 0 0
 0 0 0 0 0
 0 0 0 0 0
Wmedp
 7.54 17.45 24.07 31.32 35.25
Frms_r0
 0.0975455 0.196877 0.208026 0.208648 0.208681
Zrms_r0
 1.09755 1.19688 1.20803 1.20865 1.20868
nmprior
 7.29 8.9 8.7 0
nm_flota  nm_reclas  nm_pelaces    nm_pelaL
inf 11.3348 18.9005 61.244
cv_recla  cv_pelaces  cv_mph
0.362872 0.457066 0.744043
 ------------------------------------------------
Talla a la edad & desviaci?n 
 8 13.2811 15.8009 17.003 17.5766
 0.8 1.32811 1.58009 1.7003 1.75766
