years
 1991 1992 1993 1994 1995 1996 1997 1998 1999 2000 2001 2002 2003 2004 2005 2006 2007 2008 2009 2010 2011 2012 2013 2014 2015 2016 2017 2018 2019 2020 2021 2022 2023
reclasobs
 0 0 0 0 0 0 0 0 0 252601 567819 844713 477998 351125 339783 2.1784e+06 2.13404e+06 4.81314e+06 1.55562e+06 2.62356e+06 3.21686e+06 3.843e+06 1.13348e+06 3.07943e+06 1.97215e+06 2.03268e+06 2.025e+06 2.42433e+06 2.27542e+06 1.05018e+06 2.36338e+06 3.18982e+06 1.53035e+06
reclaspred
 3.92035e+06 1.85484e+06 915327 610736 433439 2.34465e+06 1.21773e+06 822353 539592 252834 488751 983088 931806 362862 582273 1.58565e+06 1.14611e+06 3.4503e+06 2.62723e+06 2.06061e+06 3.44546e+06 2.86269e+06 1.91773e+06 3.00312e+06 2.27939e+06 1.9098e+06 2.29902e+06 2.82557e+06 2.41189e+06 1.57501e+06 1.73977e+06 1.70399e+06 1.00579e+06
pelacesobs
 0 0 0 0 0 0 0 0 0 0 0 0 0 0 0 552880 188675 0 991730 2.46772e+06 1.41603e+06 1.21717e+06 2.29649e+06 1.80582e+06 0 1.4828e+06 1.56532e+06 1.57751e+06 1.42118e+06 867257 1.10002e+06 1.06204e+06 0
pelacespred
 2.64733e+06 1.14821e+06 494372 228401 200000 1.2477e+06 578713 569274 279872 100020 260843 443571 477743 143236 281524 670823 538857 1.81964e+06 1.38033e+06 945107 1.74736e+06 1.42978e+06 1.08992e+06 1.81591e+06 1.35521e+06 1.1707e+06 1.52116e+06 1.69016e+06 1.4877e+06 1.04633e+06 877906 1.00305e+06 499052
mphobs
 0 0 0 0 0 0 0 0 0 0 0 0 498337 0 5186 125008 0 168611 109162 213762 579715 649985 157893 87575 83554 210694 70296 0 107559 103333 445601 22526 28222
mphpred
 739170 390838 166612 90767.4 53857.6 55895.8 312185 113445 81331.4 39816.7 18613.2 74927.2 123451 66389.2 18527.8 56063.7 210037 117494 394671 365085 445817 494878 120303 74521 143168 107739 80722.3 105222 175960 110309 57595.8 93024.5 46410.2
desembarqueobs
 494567 514787 250237 358949 120608 361735 552515 73892 212993 205616 52469 317467 293654 387597 252695 516296 358380 742168 942051 627588 828172 859565 418607 520667 417249 300574 415391 372974 316634 284311 391294 218835 356480
desembarquepred
 494516 514574 249996 358862 120586 361612 552159 73887.6 212935 205551 52465 317330 293536 387191 252497 515916 358316 741596 940903 626740 828061 858972 418446 520541 417026 300467 415220 372792 316473 284091 390991 218823 356419
Reclutas
 93067.6 94344.8 85814.1 65130 41328.6 249725 44567.7 17157.5 27770 34046.6 54135.8 129150 81576.6 48527 61842.7 261293 35174.1 417736 232480 231473 247344 369525 46071.3 177687 153914 54167.1 145836 175431 54256.4 62007.4 115254 34522.8 72195.4
log_desv_Rt
 0.0467435 0.0603734 -0.0343985 -0.310196 -0.765029 1.03378 -0.689572 -1.64415 -1.16263 -0.958851 -0.495087 0.374393 -0.0850394 -0.604462 -0.361989 1.07906 -0.926272 1.54827 0.962222 0.957881 1.0242 1.42564 -0.656393 0.69344 0.549811 -0.494509 0.495899 0.680665 -0.49286 -0.359328 0.260558 -0.944963 -0.207205
SSB
 1.05025e+06 555323 236731 128967 76523.8 79419.8 443570 161189 115560 56573.7 26446.6 106461 164346 90368.6 24822.6 75808 298432 166942 586935 331492 418710 500306 499441 294335 516869 419039 292182 361242 630751 366315 230820 374337 175037
BT
 1.54618e+06 1.03239e+06 460956 408546 209284 1.2036e+06 762213 359045 371692 254884 223126 554570 550751 485232 454071 896559 556330 1.94226e+06 1.70552e+06 1.09648e+06 1.78364e+06 1.63111e+06 893382 1.66891e+06 1.10684e+06 862819 1.39366e+06 1.39391e+06 956831 806682 867743 678751 619520
Ftot
 0.442061 0.951121 0.954671 1.94646 1.03426 0.733665 1.35291 0.332132 1.47648 2.66394 0.505691 1.31567 1.17099 3.28964 1.93892 1.47719 1.01727 0.990194 1.28019 1.20205 0.945909 1.16392 0.727205 0.75197 0.67638 0.559713 0.762813 0.566317 0.439069 0.663792 0.933868 0.443775 1.35002
BD_Bspro_t
 0.931714 0.591301 0.33061 0.226856 0.139515 0.179649 0.449867 0.207951 0.208042 0.137003 0.0940201 0.364918 0.327356 0.176427 0.0596893 0.160033 0.313194 0.199971 0.386523 0.246185 0.250539 0.281795 0.304911 0.23235 0.376488 0.384966 0.355558 0.43461 0.549579 0.424778 0.350261 0.425813 0.345584
BD_Bspro
 1.64135 0.867868 0.369967 0.201552 0.119593 0.124118 0.693218 0.251908 0.180599 0.0884143 0.0413312 0.166378 0.256842 0.141229 0.0387931 0.118474 0.466395 0.260899 0.917272 0.518061 0.654367 0.781886 0.780534 0.459991 0.807772 0.654881 0.456627 0.564555 0.985747 0.572482 0.360729 0.58502 0.273551
BD_Bo
 3.3408 1.76646 0.75303 0.410239 0.243418 0.25263 1.41097 0.512733 0.367591 0.179958 0.0841253 0.338646 0.522776 0.287458 0.0789594 0.241141 0.949299 0.531033 1.86701 1.05446 1.3319 1.59145 1.5887 0.936264 1.64414 1.33294 0.929417 1.14909 2.00639 1.16523 0.734227 1.19075 0.556784
BD_Brms
 3.57873 1.89226 0.80666 0.439455 0.260754 0.270622 1.51146 0.549249 0.39377 0.192774 0.0901166 0.362764 0.560007 0.30793 0.0845827 0.258315 1.01691 0.568852 1.99998 1.12956 1.42675 1.70479 1.70184 1.00294 1.76123 1.42787 0.995609 1.23093 2.14928 1.24821 0.786517 1.27555 0.596438
Sel_flota
 0.465326 1 1 1 1
 0.465326 1 1 1 1
 0.465326 1 1 1 1
 0.465326 1 1 1 1
 0.465326 1 1 1 1
 0.465326 1 1 1 1
 0.465326 1 1 1 1
 0.465326 1 1 1 1
 0.465326 1 1 1 1
 0.465326 1 1 1 1
 0.465326 1 1 1 1
 0.465326 1 1 1 1
 0.465326 1 1 1 1
 0.465326 1 1 1 1
 0.465326 1 1 1 1
 0.465326 1 1 1 1
 0.465326 1 1 1 1
 0.465326 1 1 1 1
 0.465326 1 1 1 1
 0.465326 1 1 1 1
 0.465326 1 1 1 1
 0.465326 1 1 1 1
 0.465326 1 1 1 1
 0.465326 1 1 1 1
 0.465326 1 1 1 1
 0.465326 1 1 1 1
 0.465326 1 1 1 1
 0.465326 1 1 1 1
 0.465326 1 1 1 1
 0.465326 1 1 1 1
 0.465326 1 1 1 1
 0.465326 1 1 1 1
 0.465326 1 1 1 1
Sel_reclas
 0.700644 0.921746 0.98341 0.996659 0.999334
 0.700644 0.921746 0.98341 0.996659 0.999334
 0.700644 0.921746 0.98341 0.996659 0.999334
 0.700644 0.921746 0.98341 0.996659 0.999334
 0.700644 0.921746 0.98341 0.996659 0.999334
 0.700644 0.921746 0.98341 0.996659 0.999334
 0.700644 0.921746 0.98341 0.996659 0.999334
 0.700644 0.921746 0.98341 0.996659 0.999334
 0.700644 0.921746 0.98341 0.996659 0.999334
 0.700644 0.921746 0.98341 0.996659 0.999334
 0.700644 0.921746 0.98341 0.996659 0.999334
 0.700644 0.921746 0.98341 0.996659 0.999334
 0.700644 0.921746 0.98341 0.996659 0.999334
 0.700644 0.921746 0.98341 0.996659 0.999334
 0.700644 0.921746 0.98341 0.996659 0.999334
 0.700644 0.921746 0.98341 0.996659 0.999334
 0.700644 0.921746 0.98341 0.996659 0.999334
 0.700644 0.921746 0.98341 0.996659 0.999334
 0.700644 0.921746 0.98341 0.996659 0.999334
 0.700644 0.921746 0.98341 0.996659 0.999334
 0.700644 0.921746 0.98341 0.996659 0.999334
 0.700644 0.921746 0.98341 0.996659 0.999334
 0.700644 0.921746 0.98341 0.996659 0.999334
 0.700644 0.921746 0.98341 0.996659 0.999334
 0.700644 0.921746 0.98341 0.996659 0.999334
 0.700644 0.921746 0.98341 0.996659 0.999334
 0.700644 0.921746 0.98341 0.996659 0.999334
 0.700644 0.921746 0.98341 0.996659 0.999334
 0.700644 0.921746 0.98341 0.996659 0.999334
 0.700644 0.921746 0.98341 0.996659 0.999334
 0.700644 0.921746 0.98341 0.996659 0.999334
 0.700644 0.921746 0.98341 0.996659 0.999334
 0.700644 0.921746 0.98341 0.996659 0.999334
Sel_pelaces
 0.483523 0.824915 0.959533 0.99169 0.998338
 0.483523 0.824915 0.959533 0.99169 0.998338
 0.483523 0.824915 0.959533 0.99169 0.998338
 0.483523 0.824915 0.959533 0.99169 0.998338
 0.483523 0.824915 0.959533 0.99169 0.998338
 0.483523 0.824915 0.959533 0.99169 0.998338
 0.483523 0.824915 0.959533 0.99169 0.998338
 0.483523 0.824915 0.959533 0.99169 0.998338
 0.483523 0.824915 0.959533 0.99169 0.998338
 0.483523 0.824915 0.959533 0.99169 0.998338
 0.483523 0.824915 0.959533 0.99169 0.998338
 0.483523 0.824915 0.959533 0.99169 0.998338
 0.483523 0.824915 0.959533 0.99169 0.998338
 0.483523 0.824915 0.959533 0.99169 0.998338
 0.483523 0.824915 0.959533 0.99169 0.998338
 0.483523 0.824915 0.959533 0.99169 0.998338
 0.483523 0.824915 0.959533 0.99169 0.998338
 0.483523 0.824915 0.959533 0.99169 0.998338
 0.483523 0.824915 0.959533 0.99169 0.998338
 0.483523 0.824915 0.959533 0.99169 0.998338
 0.483523 0.824915 0.959533 0.99169 0.998338
 0.483523 0.824915 0.959533 0.99169 0.998338
 0.483523 0.824915 0.959533 0.99169 0.998338
 0.483523 0.824915 0.959533 0.99169 0.998338
 0.483523 0.824915 0.959533 0.99169 0.998338
 0.483523 0.824915 0.959533 0.99169 0.998338
 0.483523 0.824915 0.959533 0.99169 0.998338
 0.483523 0.824915 0.959533 0.99169 0.998338
 0.483523 0.824915 0.959533 0.99169 0.998338
 0.483523 0.824915 0.959533 0.99169 0.998338
 0.483523 0.824915 0.959533 0.99169 0.998338
 0.483523 0.824915 0.959533 0.99169 0.998338
 0.483523 0.824915 0.959533 0.99169 0.998338
pf_obs 
 0.8446 0.082 0.0669 0.0065 0
 0.8095 0.147 0.0364 0.0071 0
 0.9664 0.0169 0.016 0.0007 0
 0.9276 0.0648 0.0075 0.0001 0
 0.7033 0.2144 0.0806 0.0017 0
 0.9318 0.0425 0.0243 0.0014 0
 0.5671 0.3108 0.0964 0.0239 0.0018
 0.0768 0.2599 0.5324 0.112 0.0189
 0.490249 0.384438 0.106611 0.0170017 0.00170017
 0.7925 0.1577 0.0466 0.003 0.0002
 0.840416 0.127587 0.0312969 0.00059994 9.999e-05
 0.8084 0.0986 0.0794 0.0134 0.0002
 0.7335 0.1905 0.0724 0.0035 0.0001
 0.4001 0.4547 0.1325 0.0127 0
 0.49795 0.308269 0.164784 0.0264974 0.00249975
 0.9179 0.0499 0.0305 0.0017 0
 0.2467 0.6533 0.0926 0.0074 0
 0.9418 0.0223 0.034 0.0019 0
 0.707729 0.231977 0.0356964 0.0245975 0
 0.517169 0.277429 0.184464 0.0207286 0.00020938
 0.811772 0.124168 0.05621 0.00726502 0.000585176
 0.764997 0.148141 0.077277 0.00933861 0.000247198
 0.163321 0.427699 0.378323 0.0303852 0.000271297
 0.753843 0.0900009 0.118128 0.0371064 0.000921714
 0.721811 0.176058 0.0630433 0.0369309 0.00215725
 0.143369 0.312575 0.442814 0.0836902 0.0175525
 0.692698 0.0596174 0.167031 0.0765114 0.00414204
 0.394062 0.376323 0.152708 0.0712218 0.00568511
 0.125707 0.32114 0.495352 0.0537591 0.00404204
 0.23352 0.215282 0.420074 0.123614 0.00750983
 0.796117 0.104755 0.0508955 0.0450114 0.00322123
 0.162477 0.292055 0.404252 0.121198 0.0200186
 0 0 0 0 0
pf_pred 
 0.395798 0.199738 0.359776 0.0446874 1.21807e-06
 0.540015 0.284755 0.0579276 0.104342 0.0129605
 0.626384 0.290302 0.0515756 0.010492 0.0212461
 0.633949 0.304864 0.0475423 0.00844645 0.00519769
 0.681683 0.281241 0.0308783 0.00481534 0.00138195
 0.92559 0.0645599 0.0087032 0.000955549 0.000191779
 0.283584 0.696026 0.0176907 0.00238485 0.000314391
 0.361644 0.368653 0.262027 0.00665985 0.00101616
 0.64226 0.205808 0.0877413 0.0623637 0.00182693
 0.800338 0.17306 0.0153042 0.00652458 0.00477332
 0.881063 0.114153 0.00414698 0.000366731 0.000270728
 0.822218 0.168793 0.00862729 0.000313415 4.81771e-05
 0.63357 0.344543 0.0207797 0.00106208 4.45146e-05
 0.635031 0.309414 0.0522376 0.00315049 0.000167775
 0.905992 0.0876234 0.0054124 0.000913763 5.80446e-05
 0.943846 0.0548503 0.00121493 7.50449e-05 1.34745e-05
 0.28852 0.699991 0.0112231 0.00024859 1.81122e-05
 0.941655 0.0322194 0.0257033 0.000412105 9.79316e-06
 0.581163 0.410392 0.00466358 0.0037204 6.10673e-05
 0.702272 0.245118 0.0515493 0.000585791 0.000474989
 0.71568 0.251593 0.0269436 0.00566635 0.000116602
 0.763327 0.208687 0.0247647 0.0026521 0.000569224
 0.222533 0.709035 0.0603399 0.00716049 0.000931418
 0.777618 0.0977065 0.113701 0.00967615 0.00129762
 0.617775 0.346365 0.0157559 0.0183352 0.0017696
 0.357536 0.522302 0.108888 0.00495324 0.00632042
 0.752252 0.146091 0.0826444 0.0172295 0.00178384
 0.685533 0.281082 0.0196865 0.0111368 0.00256215
 0.321707 0.576175 0.0912765 0.00639286 0.00444849
 0.52305 0.257701 0.186241 0.029504 0.00350433
 0.741426 0.192884 0.0354929 0.0256509 0.00454621
 0.364805 0.568028 0.0501034 0.00921963 0.00784399
 0.71021 0.170316 0.106841 0.00942404 0.00320953
pobs_RECLAS
 0 0 0 0 0
 0 0 0 0 0
 0 0 0 0 0
 0 0 0 0 0
 0 0 0 0 0
 0 0 0 0 0
 0 0 0 0 0
 0 0 0 0 0
 0 0 0 0 0
 0 0 0 0 0
 0.991045 0.00858322 0.000360255 1.14367e-05 0
 0.934742 0.0480273 0.0164251 0.00080598 0
 0.827803 0.169806 0.00239088 0 0
 0.941827 0.0461693 0.0120037 0 0
 0.791401 0.0380133 0.147996 0.0225897 0
 0.846168 0.0940531 0.0597789 0 0
 0.134021 0.677848 0.182769 0.00536245 0
 0.80878 0.0450904 0.141981 0.00414843 0
 0.846168 0.0940531 0.0597789 0 0
 0.905697 0.0802665 0.012482 0.00150086 5.37128e-05
 0.989698 0.0102097 9.19794e-05 0 0
 0.975433 0.0193895 0.00387452 0.00125025 5.28907e-05
 0.303575 0.632131 0.0575291 0.00676475 0
 0.966965 0.00978017 0.0227588 0.000495775 0
 0.843318 0.132988 0.00938335 0.0141283 0.000182051
 0.564624 0.303363 0.111486 0.0197234 0.00080311
 0.826376 0.0876187 0.0782897 0.00655872 0.00115652
 0.89761 0.0855135 0.0140674 0.00269457 0.000114338
 0.34875 0.467042 0.161289 0.0227151 0.000203297
 0.318654 0.224769 0.449479 0.00709798 0
 0.937255 0.0296025 0.0250945 0.00804832 0
 0.456809 0.399803 0.12412 0.0192676 0
 0.883104 0.0372192 0.0704036 0.00927362 0
ppred_RECLAS
 0.512062 0.154232 0.296394 0.0373108 1.01973e-06
 0.66618 0.200783 0.0435778 0.0795516 0.00990781
 0.742744 0.196683 0.0372807 0.00768618 0.0156061
 0.772052 0.18764 0.0312192 0.00562119 0.00346839
 0.78939 0.184588 0.0216222 0.00341732 0.000983368
 0.954821 0.038845 0.00558695 0.000621671 0.000125105
 0.419366 0.563005 0.015267 0.00208585 0.000275712
 0.478116 0.293055 0.222229 0.00572441 0.000875774
 0.763709 0.13185 0.0599716 0.0432001 0.00126893
 0.898072 0.0874906 0.00825469 0.00356659 0.00261629
 0.925563 0.0712445 0.00276134 0.000247484 0.000183188
 0.893496 0.100775 0.00549537 0.000202327 3.11845e-05
 0.755089 0.229356 0.014758 0.000764469 3.21269e-05
 0.810804 0.158759 0.0285959 0.00174788 9.3331e-05
 0.949898 0.0464812 0.00306317 0.000524115 3.33825e-05
 0.968897 0.0303331 0.000716824 4.4874e-05 8.07884e-06
 0.416384 0.573569 0.00981133 0.000220248 1.60903e-05
 0.964937 0.0187974 0.015999 0.00025997 6.19444e-06
 0.715214 0.278632 0.00337811 0.00273122 4.4951e-05
 0.807244 0.156833 0.035189 0.000405265 0.000329492
 0.813668 0.163577 0.0186897 0.00398347 8.21918e-05
 0.851265 0.130092 0.0164707 0.00178764 0.000384714
 0.327736 0.609411 0.0553313 0.00665458 0.000867933
 0.852587 0.0623831 0.077452 0.00668008 0.000898239
 0.73249 0.240716 0.0116825 0.0137781 0.00133335
 0.481509 0.416192 0.0925711 0.00426772 0.00546031
 0.835367 0.0943826 0.0569647 0.0120358 0.00124947
 0.785312 0.19042 0.0142289 0.00815781 0.00188184
 0.440205 0.470659 0.079549 0.00564654 0.00393971
 0.644315 0.186263 0.143618 0.0230583 0.00274609
 0.830969 0.123772 0.0242991 0.0177977 0.00316282
 0.488545 0.45397 0.0427217 0.00796721 0.00679663
 0.813292 0.106718 0.0714245 0.00638495 0.00218034
pobs_PELACES
 0 0 0 0 0
 0 0 0 0 0
 0 0 0 0 0
 0 0 0 0 0
 0 0 0 0 0
 0 0 0 0 0
 0 0 0 0 0
 0 0 0 0 0
 0 0 0 0 0
 0 0 0 0 0
 0 0 0 0 0
 0 0 0 0 0
 0 0 0 0 0
 0 0 0 0 0
 0 0 0 0 0
 0 0 0 0 0
 0.505614 0.472636 0.0217494 0 0
 0 0 0 0 0
 0.443492 0.261883 0.143347 0.151278 0
 0.227955 0.32914 0.350689 0.0885471 0.00366901
 0.970185 0.0296113 0.000203453 0 0
 0.997202 0.00247181 0.000326279 0 0
 0.445219 0.490057 0.0546422 0.010081 0
 0.90214 0.0892962 0.00764917 0.000914606 0
 0 0 0 0 0
 0.581667 0.319106 0.0959925 0.00289975 0.000334073
 0.762889 0.0836404 0.116647 0.0363945 0.000428098
 0.88444 0.0763242 0.0277011 0.0115352 0
 0.521256 0.241999 0.230069 0.00667565 0
 0.616807 0.101726 0.260614 0.0208532 0
 0.833518 0.0704572 0.0857862 0.0102388 0
 0.697417 0.212968 0.0787535 0.0105354 0.000325836
 0 0 0 0 0
ppred_PELACES
 0.451378 0.163079 0.34168 0.043862 1.20359e-06
 0.635952 0.210163 0.0497303 0.0925782 0.0115764
 0.720232 0.208989 0.0431885 0.00908026 0.0185106
 0.78359 0.175183 0.0317772 0.0058348 0.00361463
 0.774216 0.195613 0.0249817 0.00402635 0.00116327
 0.948216 0.043952 0.00689201 0.000782053 0.000158011
 0.413527 0.567062 0.0167648 0.00233578 0.000309986
 0.418732 0.313892 0.259512 0.00681699 0.00104711
 0.755966 0.130435 0.0646823 0.0475149 0.00140127
 0.914667 0.0722203 0.00742891 0.00327327 0.00241075
 0.912598 0.0833207 0.00352085 0.000321795 0.000239148
 0.890347 0.103248 0.00613836 0.000230469 3.56644e-05
 0.743998 0.238359 0.0167216 0.000883309 3.72699e-05
 0.853353 0.121269 0.0238146 0.00148441 7.95804e-05
 0.95337 0.0429699 0.00308734 0.000538697 3.44488e-05
 0.968851 0.0303096 0.000780913 4.98527e-05 9.01115e-06
 0.396607 0.592079 0.011042 0.000252777 1.85407e-05
 0.960401 0.0203729 0.0189049 0.000313263 7.49421e-06
 0.707785 0.285283 0.00377092 0.00310909 5.13752e-05
 0.796994 0.162426 0.0397331 0.000466647 0.000380918
 0.797312 0.175913 0.0219132 0.00476287 9.86674e-05
 0.842698 0.136002 0.0187731 0.00207782 0.000448955
 0.297612 0.631235 0.0624854 0.0076636 0.00100354
 0.828633 0.0688569 0.0932052 0.00819772 0.00110673
 0.701928 0.265487 0.0140476 0.0168951 0.00164155
 0.437025 0.443796 0.10762 0.00505962 0.00649944
 0.811432 0.103918 0.0683806 0.0147336 0.00153566
 0.755048 0.214846 0.017503 0.0102334 0.00237009
 0.392353 0.503456 0.0927719 0.00671534 0.00470422
 0.600543 0.200256 0.168343 0.0275624 0.00329566
 0.81318 0.133211 0.0285126 0.0212968 0.00379982
 0.440728 0.491096 0.0503865 0.00958244 0.00820732
 0.803907 0.107802 0.0786616 0.00717095 0.00245857
pobs_pel_tallas
 0 0 0 0 0 0 0 0 0 0 0 0 0 0 0 0 0 0 0 0 0 0 0 0 0 0
 0 0 0 0 0 0 0 0 0 0 0 0 0 0 0 0 0 0 0 0 0 0 0 0 0 0
 0 0 0 0 0 0 0 0 0 0 0 0 0 0 0 0 0 0 0 0 0 0 0 0 0 0
 0 0 0 0 0 0 0 0 0 0 0 0 0 0 0 0 0 0 0 0 0 0 0 0 0 0
 0 0 0 0 0 0 0 0 0 0 0 0 0 0 0 0 0 0 0 0 0 0 0 0 0 0
 0 0 0 0 0 0 0 0 0 0 0 0 0 0 0 0 0 0 0 0 0 0 0 0 0 0
 0 0 0 0 0 0 0 0 0 0 0 0 0 0 0 0 0 0 0 0 0 0 0 0 0 0
 0 0 0 0 0 0 0 0 0 0 0 0 0 0 0 0 0 0 0 0 0 0 0 0 0 0
 0 0 0 0 0 0 0 0 0 0 0 0 0 0 0 0 0 0 0 0 0 0 0 0 0 0
 0 0 0 0 0 0 0 0 0 0 0 0 0 0 0 0 0 0 0 0 0 0 0 0 0 0
 0 0 0 0 0 0 0 0 0 0 0 0 0 0 0 0 0 0 0 0 0 0 0 0 0 0
 0 0 0 0 0 0 0 0 0 0 0 0 0 0 0 0 0 0 0 0 0 0 0 0 0 0
 0.00862536 0 0 0.000197151 0.00414017 0.0128641 0.00837892 0.0270097 0.101434 0.158115 0.152841 0.127902 0.109271 0.109419 0.0830992 0.0579132 0.0238553 0.00714673 0.00463305 0.00128148 0.00103504 0.000492878 0.000147863 0.000147863 4.92878e-05 0
 0 0 0 0 0 0 0 0 0 0 0 0 0 0 0 0 0 0 0 0 0 0 0 0 0 0
 0 0 0 0 0 0 0 0.0054083 0.00873648 0.0413646 0.0450493 0.0745869 0.0622846 0.0627006 0.0613931 0.0827291 0.12552 0.122667 0.0946155 0.0697135 0.0546179 0.0294188 0.0215738 0.0213955 0.0102223 0.00600262
 0 0 0 0 0.00359764 0.0251062 0.0480494 0.140153 0.205849 0.193036 0.1447 0.116669 0.0760912 0.0342217 0.00950174 0.001854 0.000860785 0 0 0 0.000165536 0 0.000143464 0 0 0
 0 0 0 0 0 0 0 0.000145254 0.000435761 0.0275982 0.070085 0.0708112 0.156366 0.174668 0.174014 0.160142 0.0824315 0.0480064 0.0283245 0.00493863 0.00203355 0 0 0 0 0
 0 0 0 0 0 0 0 0 0 0 0 0 0 0 0 0 0 0 0 0 0 0 0 0 0 0
 0 0 1.00437e-05 0.000401748 0.00122533 0.00171747 0.00176769 0.0269171 0.070346 0.194647 0.189555 0.159765 0.064822 0.0314167 0.0384472 0.0292271 0.0345202 0.0313363 0.0194345 0.0106764 0.0143323 0.0359363 0.0279516 0.0138201 0.00172751 0
 0 0.0021121 0.0136068 0.0755702 0.200478 0.177729 0.0527432 0.0373336 0.0318909 0.0142505 0.0149659 0.0166563 0.0217959 0.0798694 0.0677717 0.0528807 0.04013 0.0224614 0.0357745 0.0225083 0.00881397 0.00855152 0.00135912 0.000746735 0 0
 0 0 0 0 5.4009e-05 0.00500934 0.000945158 0.0243581 0.138947 0.33067 0.221406 0.137944 0.0707744 0.0437923 0.0131692 0.00525238 0.0047753 0.00276346 9.45158e-05 9.00151e-06 2.25038e-05 9.00151e-06 4.50075e-06 0 0 0
 0.000866109 0.00284123 0.00948549 0.0512746 0.133035 0.25785 0.225252 0.132002 0.0553304 0.0519788 0.0540692 0.017754 0.00435017 0.00159236 0.00146478 0.000404838 0.000125132 0.000115318 0.000107957 0.000100596 0 0 0 0 0 0
 0 0 0 0 0.00144013 0.00171154 0.00461396 0.0210425 0.0478622 0.0707936 0.0888783 0.103762 0.0637923 0.0337046 0.0602308 0.124433 0.169614 0.0934646 0.0462172 0.0250306 0.0313229 0.00938855 0.002487 0.000210481 0 0
 0 0.00764035 0.051015 0.0998891 0.058973 0.0496711 0.0374665 0.0718981 0.12319 0.153886 0.159021 0.0857701 0.0377988 0.023471 0.0147837 0.00900784 0.00315554 0.000888139 0.00291439 0.00214683 0.00393193 0.00274676 0.000635225 9.99891e-05 0 0
 0 0 0 0 0 0 0 0 0 0 0 0 0 0 0 0 0 0 0 0 0 0 0 0 0 0
 0 0 0 0 0 0 0 0 0 0 0 0 0 0 0 0 0 0 0 0 0 0 0 0 0 0
 0 0 0 0 0 0 0 0 0 0 0 0 0 0 0 0 0 0 0 0 0 0 0 0 0 0
 0 0 0 0 0 0 0 0 0 0 0 0 0 0 0 0 0 0 0 0 0 0 0 0 0 0
 0 0 0 0 0 0 0 0 0 0 0 0 0 0 0 0 0 0 0 0 0 0 0 0 0 0
 0 0 0 0 0 0 0 0 0 0 0 0 0 0 0 0 0 0 0 0 0 0 0 0 0 0
 0 0 0 0 0 0 0 0 0 0 0 0 0 0 0 0 0 0 0 0 0 0 0 0 0 0
 0 0 0 0 0 0 0 0 0 0 0 0 0 0 0 0 0 0 0 0 0 0 0 0 0 0
 0 0 0 0 0 0 0 0 0 0 0 0 0 0 0 0 0 0 0 0 0 0 0 0 0 0
ppred_pel_tallas
 1.14301e-16 3.71795e-05 0.000361398 0.00240162 0.0109174 0.0339682 0.0723734 0.105634 0.105651 0.0724529 0.0342366 0.0116992 0.00438828 0.00477883 0.00866259 0.0148773 0.0228601 0.0317319 0.0405207 0.0486296 0.0558915 0.062084 0.066413 0.0675907 0.0645597 0.0572786
 1.12733e-16 5.23826e-05 0.000509177 0.00338366 0.0153817 0.0478581 0.101968 0.148829 0.148849 0.102067 0.0481918 0.0163464 0.00580876 0.00581547 0.0101678 0.0168307 0.0244993 0.0313914 0.0357674 0.0369319 0.0356757 0.0337008 0.0324692 0.0323701 0.0327227 0.032413
 1.05343e-16 5.93246e-05 0.000576656 0.00383208 0.0174201 0.0542005 0.115481 0.168552 0.168572 0.115579 0.0545315 0.0183765 0.00623406 0.00582452 0.0100389 0.0165372 0.0239002 0.0302367 0.0336641 0.0333309 0.0299196 0.0251615 0.0207634 0.017585 0.015546 0.0140778
 1.02159e-16 6.45433e-05 0.000627384 0.00416919 0.0189525 0.0589685 0.125639 0.183378 0.183395 0.125722 0.0592457 0.0197535 0.00618024 0.00501931 0.0084109 0.0138165 0.0199291 0.0251285 0.0278059 0.0272166 0.0239103 0.0193385 0.0149664 0.0115867 0.00923407 0.00754255
 1.01372e-16 6.37712e-05 0.000619878 0.00411931 0.0187258 0.058263 0.124136 0.181184 0.181203 0.124228 0.0585722 0.0196189 0.00636076 0.00551208 0.00935228 0.0153531 0.022093 0.0277443 0.0304865 0.0294749 0.0253373 0.0197418 0.0143999 0.0102809 0.00748869 0.00563952
 1.00316e-16 7.81033e-05 0.000759192 0.0050451 0.0229343 0.0713571 0.152034 0.221899 0.221903 0.152055 0.0714266 0.0231351 0.00554916 0.00185967 0.00216837 0.00346172 0.00498028 0.00626444 0.00690276 0.00670489 0.00580838 0.00458141 0.00340043 0.00247675 0.0018319 0.00138378
 1.00916e-16 3.40618e-05 0.000331093 0.00220023 0.010002 0.0311201 0.0663068 0.0967881 0.0968427 0.0665733 0.0320147 0.0125843 0.0086771 0.0144531 0.0268041 0.0441268 0.063253 0.0788884 0.0856604 0.0810906 0.0671062 0.0488166 0.0315751 0.0185776 0.0103615 0.00581219
 1.08431e-16 3.44905e-05 0.00033526 0.00222792 0.0101278 0.0315116 0.0671398 0.097999 0.0980295 0.0672894 0.0320148 0.0115856 0.00590283 0.00840954 0.0155205 0.0259971 0.0383562 0.0501151 0.0586777 0.0627043 0.0626847 0.0601903 0.0565185 0.0519427 0.0460543 0.0386311
 1.06903e-16 6.2268e-05 0.000605267 0.00402221 0.0182844 0.0568896 0.12121 0.176912 0.176925 0.121272 0.0570977 0.0188866 0.00553813 0.00392927 0.0064191 0.0106304 0.0155866 0.0201995 0.023409 0.0247519 0.0246087 0.0238543 0.0231985 0.0227579 0.0221332 0.0208173
 1.0097e-16 7.53399e-05 0.000732331 0.0048666 0.0221228 0.0688324 0.146655 0.214049 0.214056 0.146689 0.0689465 0.0224524 0.00569377 0.00253754 0.00350229 0.00566705 0.0081481 0.0102304 0.0112428 0.0108813 0.00938994 0.00739719 0.00554225 0.00417752 0.00331972 0.00279335
 1.00196e-16 7.51695e-05 0.000730674 0.00485559 0.0220728 0.0686767 0.146323 0.213565 0.213573 0.146362 0.0688082 0.0224523 0.00580764 0.00280678 0.00401148 0.00649545 0.00930876 0.0116195 0.0126359 0.0119941 0.00997503 0.00732462 0.00482248 0.00293156 0.00172692 0.00104512
 1.00233e-16 7.33368e-05 0.000712859 0.0047372 0.0215346 0.0670023 0.142756 0.208358 0.208368 0.142804 0.0671653 0.0220052 0.00591756 0.00328723 0.00495552 0.00805792 0.0115569 0.0144402 0.0157296 0.0149734 0.012515 0.00926895 0.00619016 0.00384364 0.0023207 0.00142548
 1.00639e-16 6.12822e-05 0.000595685 0.00395854 0.0179949 0.0559891 0.119292 0.174114 0.174137 0.119404 0.0563654 0.0190815 0.00668446 0.00654158 0.0113393 0.0186115 0.0267153 0.0334051 0.0364335 0.034759 0.0291685 0.0217608 0.0147224 0.00934119 0.00581879 0.00370541
 1.00881e-16 7.02895e-05 0.000683239 0.00454037 0.0206399 0.0642183 0.136824 0.199702 0.199713 0.136882 0.0644103 0.0211944 0.00593277 0.00372423 0.00584957 0.0095691 0.0137998 0.0173971 0.0192396 0.0188008 0.0164469 0.0131689 0.00997561 0.00742675 0.00557646 0.00421486
 1.00161e-16 7.85278e-05 0.000763318 0.00507252 0.0230589 0.0717449 0.15286 0.223105 0.223109 0.15288 0.0718128 0.0232548 0.00556399 0.00183539 0.00211217 0.00336118 0.00481918 0.00602811 0.00657958 0.0062865 0.00529124 0.00397187 0.00272113 0.00176855 0.00114728 0.000773293
 1.00037e-16 7.98029e-05 0.000775713 0.00515489 0.0234334 0.0729099 0.155342 0.226727 0.22673 0.155357 0.0729577 0.0235714 0.00550103 0.0015304 0.0015103 0.00236319 0.00337924 0.00421283 0.00457177 0.00432315 0.00357011 0.0025863 0.00165881 0.000959575 0.000518237 0.000275634
 1.00499e-16 3.26681e-05 0.000317546 0.00211021 0.00959273 0.0298469 0.063594 0.0928292 0.0928862 0.0638722 0.0307806 0.0122882 0.00887029 0.0150553 0.0279647 0.0460283 0.0659464 0.0821788 0.0891018 0.0841221 0.0692625 0.0498898 0.0316416 0.0179057 0.00927852 0.00460377
 1.00584e-16 7.9107e-05 0.000768948 0.00510993 0.023229 0.0722741 0.153988 0.22475 0.224752 0.153997 0.0723068 0.0233238 0.00534917 0.00129506 0.00108954 0.00170521 0.00251622 0.00330348 0.00389655 0.00420796 0.00426428 0.00415703 0.00395714 0.00367121 0.00326863 0.00274014
 1.00503e-16 5.82994e-05 0.000566691 0.00376586 0.0171191 0.053264 0.113485 0.165641 0.165669 0.11362 0.0537138 0.0184177 0.00702282 0.0076671 0.0135152 0.0221775 0.0317694 0.0395885 0.0429262 0.0405388 0.0334098 0.0241331 0.0154276 0.00891832 0.00487378 0.00271168
 1.013e-16 6.56473e-05 0.000638116 0.0042405 0.0192767 0.0599771 0.127788 0.186514 0.18653 0.127865 0.0602345 0.0200203 0.00610814 0.00471879 0.00782601 0.0128607 0.0185805 0.0234873 0.0260903 0.0256822 0.0227333 0.0185318 0.0143812 0.0109929 0.00842838 0.0064293
 1.01172e-16 6.56736e-05 0.000638371 0.0042422 0.0192844 0.0600011 0.127839 0.186589 0.186606 0.127922 0.0602792 0.0200875 0.00625777 0.00503749 0.00841773 0.0138051 0.0198633 0.0249413 0.0274012 0.0264838 0.0227542 0.0177137 0.0129023 0.00919153 0.00667365 0.00500266
 1.00861e-16 6.94119e-05 0.000674709 0.00448368 0.0203822 0.0634165 0.135116 0.197209 0.197222 0.13518 0.0636315 0.0210032 0.00604248 0.00407724 0.00653033 0.010683 0.0153745 0.0193153 0.0212381 0.0205536 0.0176927 0.0138074 0.0100803 0.00718222 0.00518932 0.0038459
 1.02903e-16 2.4514e-05 0.000238285 0.00158349 0.00719837 0.0223971 0.0477217 0.0696639 0.0697247 0.0480187 0.0233943 0.010078 0.00880945 0.0160047 0.0299445 0.0494036 0.0710181 0.0889917 0.0974196 0.0935583 0.0794601 0.0605936 0.0426157 0.0287981 0.0195811 0.0137583
 1.03717e-16 6.82535e-05 0.000663448 0.00440884 0.020042 0.0623581 0.132861 0.193915 0.193922 0.132894 0.0624697 0.020366 0.00522859 0.00247375 0.00356722 0.00594779 0.00892982 0.0119954 0.0146387 0.0165844 0.0178679 0.0186533 0.0189688 0.0186227 0.0173735 0.0151796
 1.02446e-16 5.7817e-05 0.000562002 0.0037347 0.0169774 0.0528232 0.112546 0.16427 0.164296 0.112671 0.0532423 0.0181876 0.0067708 0.00718472 0.0126208 0.0207352 0.0297772 0.0372685 0.0407322 0.039045 0.0331243 0.0253349 0.0181017 0.0127931 0.00951541 0.00762811
 1.04827e-16 3.59973e-05 0.000349906 0.00232525 0.0105703 0.0328883 0.0700736 0.102283 0.102326 0.0702829 0.0335915 0.0126021 0.0074285 0.0115006 0.0212429 0.0351383 0.0507902 0.0642293 0.0714055 0.0704071 0.0625411 0.0513427 0.040369 0.031532 0.0249386 0.0198048
 1.03738e-16 6.68366e-05 0.000649675 0.00431732 0.0196259 0.0610636 0.130103 0.189891 0.189901 0.130152 0.0612297 0.0201069 0.00552893 0.00330863 0.00515777 0.00852856 0.0125305 0.0162834 0.0189239 0.0200362 0.019847 0.0189677 0.0179118 0.0167998 0.0154408 0.0136277
 1.01988e-16 6.21923e-05 0.000604532 0.00401733 0.0182622 0.0568206 0.121063 0.176699 0.17672 0.121164 0.0571599 0.0192421 0.00647621 0.00596943 0.0102428 0.0168135 0.0241652 0.0302875 0.0331794 0.0319275 0.0272567 0.0210514 0.0152424 0.0109168 0.00816375 0.00649194
 1.04276e-16 3.23177e-05 0.000314139 0.00208757 0.00948981 0.0295266 0.0629113 0.0918311 0.0918796 0.0631486 0.0303233 0.0117915 0.00786636 0.0129337 0.0240118 0.0396774 0.057226 0.072107 0.0796806 0.0777721 0.0679281 0.0543015 0.0411189 0.0307234 0.0233234 0.0179939
 1.08232e-16 4.94659e-05 0.000480827 0.00319526 0.0145252 0.0451934 0.0962901 0.140542 0.140562 0.0963856 0.0455148 0.0154562 0.00554306 0.00564192 0.00995635 0.0166558 0.024628 0.0323055 0.0380822 0.0411585 0.0418849 0.0412564 0.0400231 0.0382069 0.0353478 0.0311146
 1.03636e-16 6.69806e-05 0.000651075 0.00432662 0.0196682 0.0611951 0.130383 0.190301 0.190314 0.130446 0.0614062 0.0202782 0.00585902 0.00400016 0.00643911 0.0105705 0.0152969 0.0194032 0.0217047 0.0216732 0.0197469 0.0170106 0.0145067 0.0127165 0.0115208 0.0105154
 1.0393e-16 3.63023e-05 0.000352871 0.00234496 0.0106599 0.033167 0.0706676 0.103151 0.103199 0.0708987 0.033943 0.0129006 0.00796806 0.0126231 0.023325 0.0384649 0.0553161 0.0693714 0.0760575 0.0732647 0.0626098 0.0483525 0.0348724 0.0246618 0.017983 0.0138086
 1.03433e-16 6.62168e-05 0.00064365 0.00427728 0.0194439 0.0604973 0.128896 0.18813 0.188141 0.128948 0.0606698 0.0199436 0.00553622 0.00340771 0.00536185 0.00887967 0.0130646 0.0170102 0.0198188 0.0210442 0.0208925 0.0199601 0.0187493 0.0173821 0.0156956 0.0135409
pSPR Fmed_Fpbrs
1   0.983516 0.6 0.325 0.983516 0.983516 0.983516
Fs Fmed_Fpbrs
0   0.01 0.351042 0.909942 0.01 0.01 0.01
SSBpbr Bo_Bmed_Bpbrs
314372  298653  293471 172904 86452.2 293471 293471 293471
Ro
88817.4
SPR SPRFo_SPRFmed_SPRFpbrs
639871 639871 629323
Fref
0
Nvult_r0
 58024.7 9345.48 5862.55 517.112 176.112
CTP_r0
 22387.3 5368.71 3367.87 297.066 101.171
YTP_r0
356419
Np
 72195.4 26559.2 9770.59 3594.4 1808.75
Nvult_p0
 45636.2 16788.6 6176.19 2272.09 1143.35
CTP_p0
 0 0 0 0 0
 0 0 0 0 0
 0 0 0 0 0
 0 0 0 0 0
 0 0 0 0 0
 0 0 0 0 0
YTP_p0
 0 0 0 0 0 0
CBA_c0
0
log_Ro
11.2143
likeval ReclasPelacesDesembMPH_pf_preclas_ppelaces_ptallas_desvR_qrecl_qpela
 16.5399 16.3756 0.0573868 27.9477 246.925 136.361 117.823 0 29.1442 8.39424e-05 0.000171302 0.0137757 2067.02 0 0
q_reclas_q_pelaces
3.65357 6.3659
M
1
N
 93067.6 23980.7 43195 5365.21 0.146243
 94344.8 27872 5669.99 10213 1268.58
 85814.1 22295.3 3961.02 805.789 1631.7
 65130 20245.9 3157.26 560.924 345.176
 41328.6 9685.65 1063.42 165.835 47.593
 249725 9396 1266.66 139.07 27.9114
 44567.7 65298.5 1659.67 223.737 29.4949
 17157.5 8736.1 6209.34 157.821 24.0802
 27770 5408.03 2305.58 1638.73 48.0062
 34046.6 5139.28 454.484 193.758 141.751
 54135.8 3626 131.726 11.649 8.59953
 129150 15739.7 804.479 29.2253 4.49242
 81576.6 25758.4 1553.51 79.4024 3.32796
 48527 17403.2 2938.14 177.201 9.43665
 61842.7 3862.69 238.594 40.2813 2.55877
 261293 9229.11 204.424 12.6271 2.26721
 35174.1 48340.3 775.047 17.1672 1.2508
 417736 8060.29 6430.16 103.096 2.44994
 232480 96939.4 1101.59 878.802 14.4248
 231473 47139 9913.5 112.654 91.3458
 247344 48672.8 5212.47 1096.2 22.5576
 369525 58593.6 6953.26 744.638 159.823
 46071.3 79092.2 6730.86 798.746 103.899
 177687 12083 14061.1 1196.62 160.473
 153914 46067.7 2095.58 2438.64 235.363
 54167.1 41332.8 8616.95 391.979 500.172
 145836 15357.8 8688.01 1811.25 187.527
 175431 37619.6 2634.81 1490.53 342.914
 54256.4 49586.9 7855.45 550.183 382.846
 62007.4 16271.4 11759.4 1862.91 221.266
 115254 16749.6 3082.13 2227.47 394.783
 34522.8 27456.1 2421.79 445.638 379.145
 72195.4 10330.7 6480.59 571.627 194.678
pred_Ctot
 11122.9 5613.11 10110.6 1255.82 0.0342308
 22104.7 11656 2371.17 4271.06 530.518
 20168.2 9347.1 1660.62 337.82 684.078
 26351 12672.1 1976.16 351.089 216.05
 10375 4280.4 469.958 73.2879 21.0329
 46937.9 3273.92 441.351 48.4572 9.72538
 13842.9 33976 863.555 116.414 15.3467
 1572.8 1603.28 1139.56 28.9638 4.4193
 9216.3 2953.31 1259.07 894.907 26.216
 16837.6 3640.84 321.972 137.265 100.421
 7313.97 947.618 34.4253 3.04435 2.2474
 39261.4 8059.99 411.959 14.9658 2.30048
 22634.3 12308.8 742.353 37.9428 1.59028
 27015.7 13163.2 2222.31 134.029 7.13757
 24954.7 2413.5 149.079 25.1687 1.59878
 86749.2 5041.31 111.665 6.8974 1.23844
 8711.11 21134.4 338.852 7.50554 0.546851
 101188 3462.21 2762 44.2836 1.05234
 69191.1 48859.8 555.228 442.937 7.27045
 65571.3 22886.7 4813.16 54.6954 44.3498
 57688.1 20279.9 2171.82 456.742 9.39883
 102036 27895.8 3310.37 354.514 76.0898
 8593.31 27380.1 2330.08 276.509 35.9676
 34117 4286.75 4988.5 424.529 56.9316
 26951 15110.5 687.365 799.889 77.2005
 8019.23 11714.8 2442.27 111.097 141.762
 28349.3 5505.56 3114.53 649.308 67.2257
 26246.3 10761.5 753.718 426.383 98.0944
 6444.12 11541.4 1828.36 128.055 89.1078
 10680.3 5262.05 3802.91 602.449 71.5557
 26595.7 6918.93 1273.17 920.122 163.077
 4140.63 6447.26 568.687 104.645 89.0313
 22387.3 5368.71 3367.87 297.066 101.171
F
 0.205703 0.442061 0.442061 0.442061 0.442061
 0.442581 0.951121 0.951121 0.951121 0.951121
 0.444233 0.954671 0.954671 0.954671 0.954671
 0.90574 1.94646 1.94646 1.94646 1.94646
 0.48127 1.03426 1.03426 1.03426 1.03426
 0.341394 0.733665 0.733665 0.733665 0.733665
 0.629546 1.35291 1.35291 1.35291 1.35291
 0.15455 0.332132 0.332132 0.332132 0.332132
 0.687044 1.47648 1.47648 1.47648 1.47648
 1.2396 2.66394 2.66394 2.66394 2.66394
 0.235311 0.505691 0.505691 0.505691 0.505691
 0.612214 1.31567 1.31567 1.31567 1.31567
 0.54489 1.17099 1.17099 1.17099 1.17099
 1.53076 3.28964 3.28964 3.28964 3.28964
 0.902231 1.93892 1.93892 1.93892 1.93892
 0.687377 1.47719 1.47719 1.47719 1.47719
 0.47336 1.01727 1.01727 1.01727 1.01727
 0.460763 0.990194 0.990194 0.990194 0.990194
 0.595705 1.28019 1.28019 1.28019 1.28019
 0.559343 1.20205 1.20205 1.20205 1.20205
 0.440156 0.945909 0.945909 0.945909 0.945909
 0.541603 1.16392 1.16392 1.16392 1.16392
 0.338387 0.727205 0.727205 0.727205 0.727205
 0.349911 0.75197 0.75197 0.75197 0.75197
 0.314737 0.67638 0.67638 0.67638 0.67638
 0.260449 0.559713 0.559713 0.559713 0.559713
 0.354956 0.762813 0.762813 0.762813 0.762813
 0.263522 0.566317 0.566317 0.566317 0.566317
 0.20431 0.439069 0.439069 0.439069 0.439069
 0.308879 0.663792 0.663792 0.663792 0.663792
 0.434553 0.933868 0.933868 0.933868 0.933868
 0.2065 0.443775 0.443775 0.443775 0.443775
 0.628197 1.35002 1.35002 1.35002 1.35002
YTP_r0W_actual
 168800 93683.9 81064.5 9304.1 3566.28
YTP_p0W_proyectada
 0 0 0 0 0
 0 0 0 0 0
 0 0 0 0 0
 0 0 0 0 0
 0 0 0 0 0
 0 0 0 0 0
CTP_r0_actual
 22387.3 5368.71 3367.87 297.066 101.171
CTP_p0_proyectada
 0 0 0 0 0
 0 0 0 0 0
 0 0 0 0 0
 0 0 0 0 0
 0 0 0 0 0
 0 0 0 0 0
Wmedp
 7.54 17.45 24.07 31.32 35.25
Frms_r0
 0.628197 1.35002 1.35002 1.35002 1.35002
Zrms_r0
 1.6282 2.35002 2.35002 2.35002 2.35002
nmprior
 7.29 8.9 8.7 0
nm_flota  nm_reclas  nm_pelaces    nm_pelaL
inf 16.0095 10.376 26.451
cv_recla  cv_pelaces  cv_mph
0.352206 0.443291 0.706446
 ------------------------------------------------
Talla a la edad & desviaci?n 
 8 13.2811 15.8009 17.003 17.5766
 0.8 1.32811 1.58009 1.7003 1.75766
