years
 1991 1992 1993 1994 1995 1996 1997 1998 1999 2000 2001 2002 2003 2004 2005 2006 2007 2008 2009 2010 2011 2012 2013 2014 2015 2016 2017 2018 2019 2020 2021 2022 2023
reclasobs
 0 0 0 0 0 0 0 0 0 252601 567819 844713 477998 351125 339783 2.1784e+06 2.13404e+06 4.81314e+06 1.55562e+06 2.62356e+06 3.21686e+06 3.843e+06 1.13348e+06 3.07943e+06 1.97215e+06 2.03268e+06 2.025e+06 2.42433e+06 2.27542e+06 1.05018e+06 2.36338e+06 3.18982e+06 1.53035e+06
reclaspred
 2.94189e+06 1.64456e+06 868986 906758 934971 1.3736e+06 900619 856643 641535 493655 554140 693127 618630 414685 561567 1.2687e+06 1.3033e+06 2.49491e+06 2.08832e+06 1.71745e+06 3.11643e+06 2.51402e+06 2.06775e+06 3.04241e+06 2.32679e+06 2.10414e+06 2.43703e+06 2.6324e+06 2.28169e+06 1.68361e+06 1.84804e+06 1.94938e+06 1.70607e+06
pelacesobs
 0 0 0 0 0 0 0 0 0 0 0 0 0 0 0 552880 188675 0 991730 2.46772e+06 1.41603e+06 1.21717e+06 2.29649e+06 1.80582e+06 0 1.4828e+06 1.56532e+06 1.57751e+06 1.42118e+06 867257 1.10002e+06 1.06204e+06 0
pelacespred
 1.61999e+06 1.01173e+06 530463 454089 486457 740552 459879 526669 388743 286610 326573 347757 335292 235754 333906 622124 635170 1.37719e+06 1.20759e+06 905477 1.61145e+06 1.42493e+06 1.16162e+06 1.85735e+06 1.37362e+06 1.23343e+06 1.63003e+06 1.58897e+06 1.23689e+06 1.05226e+06 1.01313e+06 1.06686e+06 963830
mphobs
 0 0 0 0 0 0 0 0 0 0 0 0 498337 0 5186 125008 0 168611 109162 213762 579715 649985 157893 87575 83554 210694 70296 0 107559 103333 445601 22526 28222
mphpred
 465844 312169 155624 90656.9 104386 118730 146703 98026.1 90108.5 66250.9 46365.8 69091.3 78295 56245.1 33266.1 58184.7 156909 157427 249246 365760 427600 515009 104074 90747.4 127275 101961 89963.9 96900.8 133727 103757 66414.2 86968.9 60969.8
desembarqueobs
 494567 514787 250237 358949 120608 361735 552515 73892 212993 205616 52469 317467 293654 387597 252695 516296 358380 742168 942051 627588 828172 859565 418607 520667 417249 300574 415391 372974 316634 284311 391294 218835 356480
desembarquepred
 494571 513319 250977 358990 120614 361765 552595 73896.4 213042 205662 52471.4 317524 293766 387806 252689 516270 358408 742096 941900 627467 828269 859641 418634 520713 417258 300585 415408 372971 316631 284308 391292 218845 356497
Reclutas
 215571 110549 145677 218513 185688 278561 122781 65467.7 58654.1 76969.7 148928 178668 117017 75647.4 128804 535608 131913 721853 473537 415215 572770 736723 167424 464881 416281 188005 406452 480940 172324 161424 306429 148822 299482
log_desv_Rt
 0.00635022 -0.661479 -0.38555 0.0199057 -0.142871 0.262696 -0.55654 -1.18538 -1.29528 -1.02353 -0.363475 -0.18141 -0.604623 -1.04086 -0.508652 0.916461 -0.484802 1.21488 0.793288 0.661856 0.983544 1.23527 -0.246413 0.774841 0.66442 -0.130474 0.640526 0.808802 -0.217562 -0.282909 0.358046 -0.364187 0.335113
SSB
 3.72138e+06 2.49375e+06 1.2432e+06 724209 833887 948473 1.17193e+06 783078 719828 529243 370391 551933 600030 441417 258011 451605 1.25347e+06 1.2576e+06 2.04666e+06 1.61671e+06 1.93416e+06 2.42756e+06 2.30055e+06 1.93917e+06 2.56498e+06 2.17022e+06 1.81379e+06 1.88694e+06 2.6914e+06 1.97525e+06 1.423e+06 1.9085e+06 1.24511e+06
BT
 4.97022e+06 3.35111e+06 1.74243e+06 1.57505e+06 1.45939e+06 2.38138e+06 1.79733e+06 1.53812e+06 1.30425e+06 1.00149e+06 962360 1.24351e+06 1.20506e+06 1.06278e+06 1.18976e+06 2.1755e+06 2.06257e+06 4.50654e+06 4.30291e+06 3.11583e+06 5.1627e+06 4.82763e+06 3.62027e+06 5.68231e+06 4.24599e+06 3.72095e+06 4.98759e+06 4.81222e+06 3.72631e+06 3.22267e+06 3.19367e+06 3.16374e+06 3.01853e+06
Ftot
 0.122471 0.221103 0.214714 0.348614 0.108646 0.241418 0.465869 0.0712802 0.274819 0.342453 0.0945194 0.407621 0.396221 0.793677 0.491856 0.460756 0.222683 0.30097 0.392535 0.322763 0.240505 0.303946 0.157624 0.164045 0.149736 0.11534 0.161482 0.14138 0.103931 0.133051 0.198679 0.0896386 0.193848
BD_Bspro_t
 0.980739 0.866598 0.727972 0.664272 0.670177 0.735997 0.712185 0.579672 0.646057 0.617277 0.598102 0.756631 0.656544 0.534521 0.399979 0.530791 0.665439 0.650611 0.699738 0.620195 0.618527 0.666436 0.68491 0.684856 0.765241 0.777139 0.783329 0.805451 0.845356 0.80494 0.770833 0.800781 0.801454
BD_Bspro
 2.41144 1.61594 0.805588 0.469285 0.540356 0.614608 0.759407 0.507432 0.466447 0.342948 0.240012 0.357651 0.388818 0.286037 0.16719 0.292638 0.812242 0.81492 1.32623 1.04762 1.25333 1.57305 1.49075 1.25657 1.6621 1.4063 1.17533 1.22273 1.74402 1.27996 0.922103 1.2367 0.80683
BD_Bo
 2.41556 1.6187 0.806963 0.470086 0.541278 0.615657 0.760703 0.508298 0.467243 0.343533 0.240422 0.358262 0.389481 0.286525 0.167475 0.293138 0.813628 0.816311 1.32849 1.04941 1.25547 1.57574 1.49329 1.25872 1.66493 1.4087 1.17734 1.22481 1.747 1.28214 0.923676 1.23881 0.808207
BD_Brms
 2.58681 1.73346 0.864173 0.503414 0.579653 0.659304 0.814634 0.544334 0.500368 0.367888 0.257467 0.383661 0.417094 0.306838 0.179349 0.31392 0.871311 0.874184 1.42268 1.12381 1.34448 1.68745 1.59916 1.34796 1.78297 1.50857 1.26081 1.31165 1.87085 1.37304 0.989161 1.32664 0.865505
Sel_flota
 0.473293 0.944669 0.996927 0.999838 0.999991
 0.473293 0.944669 0.996927 0.999838 0.999991
 0.473293 0.944669 0.996927 0.999838 0.999991
 0.473293 0.944669 0.996927 0.999838 0.999991
 0.473293 0.944669 0.996927 0.999838 0.999991
 0.473293 0.944669 0.996927 0.999838 0.999991
 0.473293 0.944669 0.996927 0.999838 0.999991
 0.473293 0.944669 0.996927 0.999838 0.999991
 0.473293 0.944669 0.996927 0.999838 0.999991
 0.473293 0.944669 0.996927 0.999838 0.999991
 0.473293 0.944669 0.996927 0.999838 0.999991
 0.473293 0.944669 0.996927 0.999838 0.999991
 0.473293 0.944669 0.996927 0.999838 0.999991
 0.473293 0.944669 0.996927 0.999838 0.999991
 0.473293 0.944669 0.996927 0.999838 0.999991
 0.473293 0.944669 0.996927 0.999838 0.999991
 0.473293 0.944669 0.996927 0.999838 0.999991
 0.473293 0.944669 0.996927 0.999838 0.999991
 0.473293 0.944669 0.996927 0.999838 0.999991
 0.473293 0.944669 0.996927 0.999838 0.999991
 0.473293 0.944669 0.996927 0.999838 0.999991
 0.473293 0.944669 0.996927 0.999838 0.999991
 0.473293 0.944669 0.996927 0.999838 0.999991
 0.473293 0.944669 0.996927 0.999838 0.999991
 0.473293 0.944669 0.996927 0.999838 0.999991
 0.473293 0.944669 0.996927 0.999838 0.999991
 0.473293 0.944669 0.996927 0.999838 0.999991
 0.473293 0.944669 0.996927 0.999838 0.999991
 0.473293 0.944669 0.996927 0.999838 0.999991
 0.473293 0.944669 0.996927 0.999838 0.999991
 0.473293 0.944669 0.996927 0.999838 0.999991
 0.473293 0.944669 0.996927 0.999838 0.999991
 0.473293 0.944669 0.996927 0.999838 0.999991
Sel_reclas
 1 1 1 1 1
 1 1 1 1 1
 1 1 1 1 1
 1 1 1 1 1
 1 1 1 1 1
 1 1 1 1 1
 1 1 1 1 1
 1 1 1 1 1
 1 1 1 1 1
 1 1 1 1 1
 1 1 1 1 1
 1 1 1 1 1
 1 1 1 1 1
 1 1 1 1 1
 1 1 1 1 1
 1 1 1 1 1
 1 1 1 1 1
 1 1 1 1 1
 1 1 1 1 1
 1 1 1 1 1
 1 1 1 1 1
 1 1 1 1 1
 1 1 1 1 1
 1 1 1 1 1
 1 1 1 1 1
 1 1 1 1 1
 1 1 1 1 1
 1 1 1 1 1
 1 1 1 1 1
 1 1 1 1 1
 1 1 1 1 1
 1 1 1 1 1
 1 1 1 1 1
Sel_pelaces
 1 1 1 1 1
 1 1 1 1 1
 1 1 1 1 1
 1 1 1 1 1
 1 1 1 1 1
 1 1 1 1 1
 1 1 1 1 1
 1 1 1 1 1
 1 1 1 1 1
 1 1 1 1 1
 1 1 1 1 1
 1 1 1 1 1
 1 1 1 1 1
 1 1 1 1 1
 1 1 1 1 1
 1 1 1 1 1
 1 1 1 1 1
 1 1 1 1 1
 1 1 1 1 1
 1 1 1 1 1
 1 1 1 1 1
 1 1 1 1 1
 1 1 1 1 1
 1 1 1 1 1
 1 1 1 1 1
 1 1 1 1 1
 1 1 1 1 1
 1 1 1 1 1
 1 1 1 1 1
 1 1 1 1 1
 1 1 1 1 1
 1 1 1 1 1
 1 1 1 1 1
pf_obs 
 0.8446 0.082 0.0669 0.0065 0
 0.8095 0.147 0.0364 0.0071 0
 0.9664 0.0169 0.016 0.0007 0
 0.9276 0.0648 0.0075 0.0001 0
 0.7033 0.2144 0.0806 0.0017 0
 0.9318 0.0425 0.0243 0.0014 0
 0.5671 0.3108 0.0964 0.0239 0.0018
 0.0768 0.2599 0.5324 0.112 0.0189
 0.490249 0.384438 0.106611 0.0170017 0.00170017
 0.7925 0.1577 0.0466 0.003 0.0002
 0.840416 0.127587 0.0312969 0.00059994 9.999e-05
 0.8084 0.0986 0.0794 0.0134 0.0002
 0.7335 0.1905 0.0724 0.0035 0.0001
 0.4001 0.4547 0.1325 0.0127 0
 0.49795 0.308269 0.164784 0.0264974 0.00249975
 0.9179 0.0499 0.0305 0.0017 0
 0.2467 0.6533 0.0926 0.0074 0
 0.9418 0.0223 0.034 0.0019 0
 0.707729 0.231977 0.0356964 0.0245975 0
 0.517169 0.277429 0.184464 0.0207286 0.00020938
 0.811772 0.124168 0.05621 0.00726502 0.000585176
 0.764997 0.148141 0.077277 0.00933861 0.000247198
 0.163321 0.427699 0.378323 0.0303852 0.000271297
 0.753843 0.0900009 0.118128 0.0371064 0.000921714
 0.721811 0.176058 0.0630433 0.0369309 0.00215725
 0.143369 0.312575 0.442814 0.0836902 0.0175525
 0.692698 0.0596174 0.167031 0.0765114 0.00414204
 0.394062 0.376323 0.152708 0.0712218 0.00568511
 0.125707 0.32114 0.495352 0.0537591 0.00404204
 0.23352 0.215282 0.420074 0.123614 0.00750983
 0.796117 0.104755 0.0508955 0.0450114 0.00322123
 0.162477 0.292055 0.404252 0.121198 0.0200186
 0 0 0 0 0
pf_pred 
 0.318077 0.120695 0.532838 0.0283885 1.05356e-06
 0.274312 0.355302 0.0685824 0.28658 0.0152234
 0.477763 0.230111 0.147458 0.0268566 0.117811
 0.613225 0.253981 0.0604719 0.036566 0.035756
 0.518416 0.371884 0.0736034 0.0164689 0.0196277
 0.605339 0.268777 0.0984204 0.0184451 0.00901829
 0.358371 0.488585 0.106192 0.0366566 0.0101953
 0.335981 0.365993 0.23051 0.0468988 0.0206165
 0.399968 0.300816 0.168914 0.10085 0.0294516
 0.559756 0.257852 0.0942386 0.0498364 0.0383174
 0.697785 0.221076 0.0487678 0.0167534 0.0156176
 0.602147 0.326633 0.0528649 0.0110453 0.00730948
 0.471612 0.40488 0.10256 0.0155635 0.00538433
 0.44667 0.365551 0.146036 0.0346845 0.00705908
 0.711323 0.192437 0.0652614 0.0241146 0.00686336
 0.868309 0.111553 0.0137277 0.00435227 0.00205824
 0.289318 0.664651 0.0393833 0.00453681 0.00211083
 0.798786 0.0911225 0.103343 0.00577704 0.000971987
 0.498006 0.449238 0.024692 0.0263494 0.00171506
 0.509656 0.333496 0.141309 0.00728658 0.00825292
 0.611939 0.267049 0.083911 0.0334362 0.00366428
 0.614219 0.295434 0.0633197 0.0187595 0.00826769
 0.220883 0.599549 0.13947 0.0281311 0.0119671
 0.604091 0.143649 0.196619 0.0432467 0.0123952
 0.507156 0.373831 0.0447586 0.0579149 0.016339
 0.312562 0.462928 0.172629 0.0195488 0.0323321
 0.604058 0.188306 0.142329 0.0502514 0.0150559
 0.575113 0.32171 0.0505405 0.0361162 0.0165207
 0.2799 0.525741 0.149168 0.0221707 0.0230196
 0.374269 0.27219 0.261901 0.0703825 0.0212577
 0.610847 0.213562 0.078809 0.0717521 0.0250301
 0.360833 0.487985 0.0851676 0.0296804 0.0363344
 0.609886 0.205503 0.14276 0.023608 0.0182438
pobs_RECLAS
 0 0 0 0 0
 0 0 0 0 0
 0 0 0 0 0
 0 0 0 0 0
 0 0 0 0 0
 0 0 0 0 0
 0 0 0 0 0
 0 0 0 0 0
 0 0 0 0 0
 0 0 0 0 0
 0.991045 0.00858322 0.000360255 1.14367e-05 0
 0.934742 0.0480273 0.0164251 0.00080598 0
 0.827803 0.169806 0.00239088 0 0
 0.941827 0.0461693 0.0120037 0 0
 0.791401 0.0380133 0.147996 0.0225897 0
 0.846168 0.0940531 0.0597789 0 0
 0.134021 0.677848 0.182769 0.00536245 0
 0.80878 0.0450904 0.141981 0.00414843 0
 0.846168 0.0940531 0.0597789 0 0
 0.905697 0.0802665 0.012482 0.00150086 5.37128e-05
 0.989698 0.0102097 9.19794e-05 0 0
 0.975433 0.0193895 0.00387452 0.00125025 5.28907e-05
 0.303575 0.632131 0.0575291 0.00676475 0
 0.966965 0.00978017 0.0227588 0.000495775 0
 0.843318 0.132988 0.00938335 0.0141283 0.000182051
 0.564624 0.303363 0.111486 0.0197234 0.00080311
 0.826376 0.0876187 0.0782897 0.00655872 0.00115652
 0.89761 0.0855135 0.0140674 0.00269457 0.000114338
 0.34875 0.467042 0.161289 0.0227151 0.000203297
 0.318654 0.224769 0.449479 0.00709798 0
 0.937255 0.0296025 0.0250945 0.00804832 0
 0.456809 0.399803 0.12412 0.0192676 0
 0.883104 0.0372192 0.0704036 0.00927362 0
ppred_RECLAS
 0.494581 0.0935444 0.391098 0.0207756 7.70909e-07
 0.439545 0.282447 0.0516028 0.214987 0.0114185
 0.655392 0.156656 0.0950197 0.0172546 0.0756781
 0.766389 0.156405 0.0352178 0.0212311 0.0207574
 0.68604 0.245454 0.0460102 0.0102646 0.0122315
 0.758998 0.16702 0.0578799 0.010815 0.00528691
 0.536381 0.357816 0.0734834 0.025288 0.00703224
 0.509248 0.27713 0.165339 0.0335408 0.0147421
 0.580778 0.216104 0.114816 0.0683459 0.0199561
 0.725303 0.164688 0.0569245 0.0300126 0.0230719
 0.82439 0.130351 0.0272353 0.00932875 0.00869495
 0.756871 0.201607 0.0308452 0.00642502 0.0042512
 0.647899 0.273319 0.0654537 0.0099024 0.00342526
 0.632718 0.247564 0.0931724 0.0220574 0.00448842
 0.837149 0.110634 0.0354443 0.0130566 0.00371548
 0.931448 0.058571 0.00681077 0.00215268 0.00101786
 0.451609 0.514669 0.0288644 0.00331518 0.0015422
 0.892249 0.0502863 0.0539518 0.00300694 0.000505837
 0.670014 0.297058 0.0154363 0.0164224 0.00106875
 0.681897 0.220182 0.0882466 0.00453672 0.00513756
 0.763965 0.165238 0.0491368 0.0195213 0.00213901
 0.765541 0.181888 0.0368786 0.010893 0.00480003
 0.365821 0.494141 0.108839 0.0218881 0.00930983
 0.760531 0.0899719 0.116599 0.0255703 0.00732773
 0.676879 0.248385 0.0281595 0.0363292 0.0102476
 0.481364 0.355478 0.125543 0.0141749 0.0234404
 0.759366 0.117782 0.0842908 0.0296721 0.00888873
 0.733642 0.204383 0.0304046 0.021663 0.00990778
 0.441524 0.413719 0.111177 0.0164755 0.0171038
 0.553204 0.200442 0.182638 0.0489371 0.0147782
 0.764194 0.132697 0.0463544 0.0420784 0.0146764
 0.533927 0.360442 0.0595853 0.0207042 0.0253419
 0.763564 0.127815 0.0840544 0.0138588 0.0107081
pobs_PELACES
 0 0 0 0 0
 0 0 0 0 0
 0 0 0 0 0
 0 0 0 0 0
 0 0 0 0 0
 0 0 0 0 0
 0 0 0 0 0
 0 0 0 0 0
 0 0 0 0 0
 0 0 0 0 0
 0 0 0 0 0
 0 0 0 0 0
 0 0 0 0 0
 0 0 0 0 0
 0 0 0 0 0
 0 0 0 0 0
 0.505614 0.472636 0.0217494 0 0
 0 0 0 0 0
 0.443492 0.261883 0.143347 0.151278 0
 0.227955 0.32914 0.350689 0.0885471 0.00366901
 0.970185 0.0296113 0.000203453 0 0
 0.997202 0.00247181 0.000326279 0 0
 0.445219 0.490057 0.0546422 0.010081 0
 0.90214 0.0892962 0.00764917 0.000914606 0
 0 0 0 0 0
 0.581667 0.319106 0.0959925 0.00289975 0.000334073
 0.762889 0.0836404 0.116647 0.0363945 0.000428098
 0.88444 0.0763242 0.0277011 0.0115352 0
 0.521256 0.241999 0.230069 0.00667565 0
 0.616807 0.101726 0.260614 0.0208532 0
 0.833518 0.0704572 0.0857862 0.0102388 0
 0.697417 0.212968 0.0787535 0.0105354 0.000325836
 0 0 0 0 0
ppred_PELACES
 0.499775 0.092743 0.38693 0.0205517 7.62598e-07
 0.448523 0.278472 0.0506829 0.21111 0.0112125
 0.663359 0.153352 0.0926719 0.0168248 0.0737922
 0.776313 0.150067 0.0335883 0.0202419 0.01979
 0.689758 0.242648 0.0453992 0.0101272 0.0120678
 0.766032 0.162355 0.0560295 0.0104668 0.00511663
 0.554806 0.344235 0.0701286 0.0241228 0.00670804
 0.512154 0.275638 0.164247 0.033317 0.0146437
 0.591717 0.210961 0.111553 0.0663861 0.0193836
 0.73626 0.158503 0.0544641 0.028706 0.0220671
 0.82657 0.128788 0.0268649 0.00920105 0.00857589
 0.768565 0.192144 0.0291915 0.00607817 0.00402162
 0.662173 0.262643 0.0624689 0.00944723 0.00326775
 0.661917 0.228909 0.0849804 0.0201027 0.0040905
 0.84767 0.103773 0.0329655 0.0121377 0.00345391
 0.935955 0.0547838 0.00631997 0.00199667 0.000944075
 0.460261 0.50667 0.0283069 0.00325045 0.00151208
 0.896925 0.0482378 0.0514861 0.00286868 0.000482572
 0.683522 0.285096 0.0147148 0.0156489 0.00101839
 0.693053 0.212826 0.0848249 0.00435947 0.00493675
 0.770867 0.160609 0.0475625 0.0188915 0.00206997
 0.774129 0.175434 0.0353842 0.0104486 0.0046041
 0.37167 0.489882 0.107608 0.0216372 0.00920306
 0.765469 0.0882745 0.114076 0.0250131 0.00716798
 0.682086 0.244533 0.0276513 0.0356685 0.0100612
 0.486003 0.352522 0.124252 0.0140275 0.0231965
 0.764187 0.115589 0.0824916 0.0290343 0.00869758
 0.73803 0.201133 0.0298482 0.0212637 0.0097251
 0.445631 0.410871 0.110214 0.0163312 0.0169538
 0.55863 0.198262 0.180238 0.0482877 0.014582
 0.769991 0.129635 0.0451298 0.0409589 0.0142858
 0.537484 0.357819 0.0590604 0.02052 0.0251164
 0.76924 0.12494 0.0818898 0.0134994 0.0104303
pobs_pel_tallas
 0 0 0 0 0 0 0 0 0 0 0 0 0 0 0 0 0 0 0 0 0 0 0 0 0 0
 0 0 0 0 0 0 0 0 0 0 0 0 0 0 0 0 0 0 0 0 0 0 0 0 0 0
 0 0 0 0 0 0 0 0 0 0 0 0 0 0 0 0 0 0 0 0 0 0 0 0 0 0
 0 0 0 0 0 0 0 0 0 0 0 0 0 0 0 0 0 0 0 0 0 0 0 0 0 0
 0 0 0 0 0 0 0 0 0 0 0 0 0 0 0 0 0 0 0 0 0 0 0 0 0 0
 0 0 0 0 0 0 0 0 0 0 0 0 0 0 0 0 0 0 0 0 0 0 0 0 0 0
 0 0 0 0 0 0 0 0 0 0 0 0 0 0 0 0 0 0 0 0 0 0 0 0 0 0
 0 0 0 0 0 0 0 0 0 0 0 0 0 0 0 0 0 0 0 0 0 0 0 0 0 0
 0 0 0 0 0 0 0 0 0 0 0 0 0 0 0 0 0 0 0 0 0 0 0 0 0 0
 0 0 0 0 0 0 0 0 0 0 0 0 0 0 0 0 0 0 0 0 0 0 0 0 0 0
 0 0 0 0 0 0 0 0 0 0 0 0 0 0 0 0 0 0 0 0 0 0 0 0 0 0
 0 0 0 0 0 0 0 0 0 0 0 0 0 0 0 0 0 0 0 0 0 0 0 0 0 0
 0.00862536 0 0 0.000197151 0.00414017 0.0128641 0.00837892 0.0270097 0.101434 0.158115 0.152841 0.127902 0.109271 0.109419 0.0830992 0.0579132 0.0238553 0.00714673 0.00463305 0.00128148 0.00103504 0.000492878 0.000147863 0.000147863 4.92878e-05 0
 0 0 0 0 0 0 0 0 0 0 0 0 0 0 0 0 0 0 0 0 0 0 0 0 0 0
 0 0 0 0 0 0 0 0.0054083 0.00873648 0.0413646 0.0450493 0.0745869 0.0622846 0.0627006 0.0613931 0.0827291 0.12552 0.122667 0.0946155 0.0697135 0.0546179 0.0294188 0.0215738 0.0213955 0.0102223 0.00600262
 0 0 0 0 0.00359764 0.0251062 0.0480494 0.140153 0.205849 0.193036 0.1447 0.116669 0.0760912 0.0342217 0.00950174 0.001854 0.000860785 0 0 0 0.000165536 0 0.000143464 0 0 0
 0 0 0 0 0 0 0 0.000145254 0.000435761 0.0275982 0.070085 0.0708112 0.156366 0.174668 0.174014 0.160142 0.0824315 0.0480064 0.0283245 0.00493863 0.00203355 0 0 0 0 0
 0 0 0 0 0 0 0 0 0 0 0 0 0 0 0 0 0 0 0 0 0 0 0 0 0 0
 0 0 1.00437e-05 0.000401748 0.00122533 0.00171747 0.00176769 0.0269171 0.070346 0.194647 0.189555 0.159765 0.064822 0.0314167 0.0384472 0.0292271 0.0345202 0.0313363 0.0194345 0.0106764 0.0143323 0.0359363 0.0279516 0.0138201 0.00172751 0
 0 0.0021121 0.0136068 0.0755702 0.200478 0.177729 0.0527432 0.0373336 0.0318909 0.0142505 0.0149659 0.0166563 0.0217959 0.0798694 0.0677717 0.0528807 0.04013 0.0224614 0.0357745 0.0225083 0.00881397 0.00855152 0.00135912 0.000746735 0 0
 0 0 0 0 5.4009e-05 0.00500934 0.000945158 0.0243581 0.138947 0.33067 0.221406 0.137944 0.0707744 0.0437923 0.0131692 0.00525238 0.0047753 0.00276346 9.45158e-05 9.00151e-06 2.25038e-05 9.00151e-06 4.50075e-06 0 0 0
 0.000866109 0.00284123 0.00948549 0.0512746 0.133035 0.25785 0.225252 0.132002 0.0553304 0.0519788 0.0540692 0.017754 0.00435017 0.00159236 0.00146478 0.000404838 0.000125132 0.000115318 0.000107957 0.000100596 0 0 0 0 0 0
 0 0 0 0 0.00144013 0.00171154 0.00461396 0.0210425 0.0478622 0.0707936 0.0888783 0.103762 0.0637923 0.0337046 0.0602308 0.124433 0.169614 0.0934646 0.0462172 0.0250306 0.0313229 0.00938855 0.002487 0.000210481 0 0
 0 0.00764035 0.051015 0.0998891 0.058973 0.0496711 0.0374665 0.0718981 0.12319 0.153886 0.159021 0.0857701 0.0377988 0.023471 0.0147837 0.00900784 0.00315554 0.000888139 0.00291439 0.00214683 0.00393193 0.00274676 0.000635225 9.99891e-05 0 0
 0 0 0 0 0 0 0 0 0 0 0 0 0 0 0 0 0 0 0 0 0 0 0 0 0 0
 0 0 0 0 0 0 0 0 0 0 0 0 0 0 0 0 0 0 0 0 0 0 0 0 0 0
 0 0 0 0 0 0 0 0 0 0 0 0 0 0 0 0 0 0 0 0 0 0 0 0 0 0
 0 0 0 0 0 0 0 0 0 0 0 0 0 0 0 0 0 0 0 0 0 0 0 0 0 0
 0 0 0 0 0 0 0 0 0 0 0 0 0 0 0 0 0 0 0 0 0 0 0 0 0 0
 0 0 0 0 0 0 0 0 0 0 0 0 0 0 0 0 0 0 0 0 0 0 0 0 0 0
 0 0 0 0 0 0 0 0 0 0 0 0 0 0 0 0 0 0 0 0 0 0 0 0 0 0
 0 0 0 0 0 0 0 0 0 0 0 0 0 0 0 0 0 0 0 0 0 0 0 0 0 0
 0 0 0 0 0 0 0 0 0 0 0 0 0 0 0 0 0 0 0 0 0 0 0 0 0 0
ppred_pel_tallas
 1.13251e-16 4.11658e-05 0.000400147 0.00265911 0.012088 0.0376102 0.0801328 0.116958 0.116968 0.0801796 0.037769 0.0125541 0.00385714 0.00310774 0.00545321 0.00965203 0.01553 0.0229132 0.0315221 0.0410222 0.0508585 0.0599351 0.0665404 0.0688404 0.0657597 0.0576484
 1.24603e-16 3.69443e-05 0.000359112 0.00238642 0.0108484 0.0337534 0.0719162 0.104969 0.104996 0.0720478 0.0341957 0.0121273 0.00560233 0.00739901 0.0134683 0.02238 0.0326755 0.0421041 0.048498 0.0511125 0.0511659 0.0509885 0.0523921 0.0555064 0.0588291 0.0602413
 1.16889e-16 5.46401e-05 0.000531121 0.00352948 0.0160445 0.0499206 0.106362 0.155241 0.155256 0.106435 0.0501658 0.0167544 0.00531795 0.00445727 0.00757654 0.012614 0.0185858 0.0242824 0.0285312 0.0308704 0.0318238 0.0324665 0.0336199 0.0353171 0.0368728 0.0373706
 1.06387e-16 6.39439e-05 0.000621557 0.00413047 0.0187765 0.0584208 0.124472 0.181674 0.181688 0.124543 0.0586587 0.019464 0.00585779 0.00439749 0.00725086 0.0119288 0.0172831 0.0219682 0.0246712 0.0248247 0.0229513 0.0202942 0.0180265 0.016655 0.0159696 0.0154081
 1.04431e-16 5.68145e-05 0.000552257 0.00366994 0.016683 0.0519072 0.110595 0.161421 0.161445 0.110709 0.0522914 0.0177928 0.00645654 0.00663877 0.0116262 0.0191572 0.0276547 0.0349133 0.0387247 0.0380773 0.0337508 0.0277616 0.0221244 0.0178962 0.0150604 0.0130349
 1.03575e-16 6.30971e-05 0.000613326 0.00407577 0.0185279 0.0576472 0.122824 0.179268 0.179284 0.122901 0.057905 0.0192733 0.00594959 0.00471252 0.00787357 0.0129831 0.0188518 0.0240321 0.0270843 0.0273346 0.025243 0.0220245 0.0188485 0.0162609 0.0141745 0.0122441
 1.05667e-16 4.56987e-05 0.000444207 0.00295192 0.013419 0.0417517 0.0889576 0.129843 0.129876 0.0891199 0.0422968 0.0149941 0.00690752 0.00908574 0.0164766 0.0272171 0.0393223 0.0497034 0.0552387 0.0544908 0.0485422 0.0402064 0.0322792 0.0262051 0.0219391 0.0186856
 1.1063e-16 4.21855e-05 0.000410058 0.00272498 0.0123874 0.0385419 0.0821186 0.11986 0.119887 0.0822495 0.0389821 0.0136613 0.00593265 0.00744546 0.0135008 0.0225074 0.033015 0.0427696 0.0494713 0.052028 0.0510982 0.0484092 0.0454499 0.0426395 0.0394918 0.035376
 1.13212e-16 4.8739e-05 0.00047376 0.0031483 0.0143117 0.0445292 0.094875 0.138477 0.138498 0.0949752 0.044866 0.0152864 0.00560251 0.00585689 0.0103484 0.0172336 0.0253046 0.0328603 0.0382085 0.0406173 0.0407115 0.0399019 0.0393168 0.0391091 0.0385829 0.0368564
 1.08226e-16 6.06448e-05 0.000589489 0.00391736 0.0178078 0.0554066 0.11805 0.172301 0.172316 0.118125 0.0556586 0.0185363 0.00574929 0.00459935 0.00770828 0.0127336 0.0185453 0.0237726 0.0270731 0.0278667 0.0266759 0.0247208 0.0230964 0.0221828 0.0216458 0.0208604
 1.03183e-16 6.80835e-05 0.000661796 0.00439787 0.0199921 0.0622028 0.13253 0.193434 0.193447 0.132591 0.0624068 0.0205815 0.00587834 0.00389656 0.00622011 0.0101984 0.0147402 0.018657 0.0207891 0.0206129 0.0185471 0.0156526 0.0129704 0.0110176 0.00973516 0.00877168
 1.02182e-16 6.33057e-05 0.000615354 0.00408924 0.0185891 0.0578378 0.12323 0.179862 0.17988 0.123321 0.0581417 0.019467 0.00629295 0.00542664 0.00920252 0.0151179 0.0217823 0.027414 0.0302403 0.0294432 0.0256388 0.0204475 0.0155146 0.0117443 0.00919163 0.0074469
 1.03371e-16 5.45423e-05 0.000530171 0.00352317 0.0160159 0.0498314 0.106172 0.154966 0.154992 0.106296 0.0502476 0.0172183 0.00654347 0.00712975 0.0126066 0.0208024 0.0300715 0.0380439 0.04233 0.0418106 0.0372712 0.0308093 0.0245219 0.0195138 0.0158066 0.0128915
 1.0522e-16 5.45213e-05 0.000529966 0.00352181 0.0160097 0.0498121 0.106131 0.154906 0.154928 0.106239 0.0501759 0.0170615 0.00616623 0.00631664 0.0110853 0.018347 0.0266749 0.0340698 0.0385177 0.0390734 0.0363721 0.0320916 0.0278274 0.0242949 0.0213347 0.0184593
 1.0278e-16 6.98214e-05 0.000678689 0.00451013 0.0205024 0.0637906 0.135913 0.198371 0.198381 0.135962 0.0639554 0.0209787 0.00570733 0.00329747 0.00505898 0.00829426 0.012039 0.0153466 0.0173013 0.0174842 0.0162052 0.0142561 0.0123891 0.0109393 0.00981604 0.00875198
 1.00557e-16 7.70934e-05 0.000749376 0.00497986 0.0226377 0.0704344 0.150068 0.21903 0.219035 0.150094 0.070521 0.0228878 0.00560748 0.00211916 0.00267766 0.00430235 0.00618484 0.00776645 0.00853542 0.00825824 0.00711522 0.00557814 0.00412858 0.00303527 0.00231848 0.00185771
 1.01529e-16 3.79112e-05 0.00036851 0.00244888 0.0111323 0.0346369 0.0737995 0.107723 0.107771 0.0740377 0.0354366 0.0134412 0.00824088 0.0130007 0.0239938 0.0395148 0.0567026 0.0708478 0.0771733 0.0734709 0.0614361 0.0455695 0.0305633 0.019185 0.0118628 0.00760488
 1.01868e-16 7.38785e-05 0.000718126 0.0047722 0.0216937 0.0674972 0.14381 0.209896 0.209901 0.143833 0.067575 0.0219191 0.00534127 0.00197137 0.00248607 0.00407635 0.00605819 0.00801895 0.0095765 0.0105302 0.0109317 0.010965 0.0107481 0.0102443 0.00934421 0.00801813
 1.0224e-16 5.63008e-05 0.000547264 0.00363676 0.0165322 0.051438 0.109595 0.159963 0.15999 0.109729 0.0518881 0.0178316 0.00689671 0.00765793 0.0135438 0.0222579 0.0319572 0.0399803 0.043661 0.0417865 0.0353365 0.026851 0.0189428 0.0130995 0.00946001 0.00736072
 1.03775e-16 5.70859e-05 0.000554895 0.00368747 0.0167627 0.0521552 0.111123 0.162191 0.162212 0.111224 0.0524935 0.0177409 0.00614689 0.00593706 0.0103174 0.0170667 0.024812 0.0316823 0.0357885 0.0362243 0.0335461 0.0292855 0.0249244 0.0211691 0.0179571 0.0149409
 1.03659e-16 6.34953e-05 0.000617197 0.00410149 0.0186448 0.058011 0.123599 0.1804 0.180415 0.123675 0.0582659 0.0193816 0.00595299 0.0046662 0.00777448 0.0128082 0.0185768 0.023641 0.0265762 0.0267264 0.0245716 0.0213484 0.0182439 0.0158063 0.0139249 0.0122078
 1.02894e-16 6.3764e-05 0.000619809 0.00411885 0.0187237 0.0582565 0.124122 0.181163 0.18118 0.124205 0.0585343 0.0195263 0.00613453 0.00502315 0.00843568 0.0138692 0.0200303 0.0253107 0.0281151 0.0277095 0.0246464 0.0203636 0.0162927 0.0131786 0.0110056 0.00937077
 1.06958e-16 3.0614e-05 0.00029758 0.00197752 0.00898956 0.0279701 0.059595 0.0869906 0.0870379 0.0598261 0.0287461 0.0112316 0.00760833 0.0125997 0.0234238 0.0387524 0.0560004 0.0707967 0.0786879 0.0776018 0.0690387 0.0569618 0.0453307 0.0362264 0.0296622 0.0246165
 1.07037e-16 6.30507e-05 0.000612875 0.00407277 0.0185142 0.0576047 0.122733 0.179134 0.179143 0.122776 0.0577477 0.0189296 0.00512341 0.00293325 0.00454874 0.00762684 0.0114647 0.0154335 0.0189147 0.021599 0.0235823 0.0251142 0.026229 0.0266149 0.0258302 0.023654
 1.06141e-16 5.61825e-05 0.000546114 0.00362912 0.0164975 0.0513299 0.109365 0.159626 0.159649 0.10948 0.0517166 0.0176145 0.00643317 0.00666831 0.0116868 0.0192427 0.0277464 0.0349747 0.0387195 0.0380093 0.0337087 0.0279389 0.0227846 0.0192831 0.0172866 0.0160074
 1.09009e-16 4.00315e-05 0.00038912 0.00258584 0.0117549 0.036574 0.077926 0.113742 0.113776 0.0780927 0.0371339 0.0133738 0.00665524 0.00929195 0.0170048 0.0281975 0.0409635 0.052243 0.0589239 0.0595528 0.0551381 0.0483265 0.0416616 0.0363248 0.0321068 0.0282205
 1.06794e-16 6.29451e-05 0.000611849 0.00406595 0.0184832 0.0575082 0.122528 0.178835 0.178847 0.122583 0.0576934 0.0190194 0.00541748 0.00358077 0.00575618 0.00956063 0.0141064 0.0184591 0.021704 0.0234216 0.0238872 0.0237622 0.0235426 0.0232338 0.0224658 0.0208647
 1.04692e-16 6.07906e-05 0.000590906 0.00392678 0.0178506 0.0555399 0.118334 0.172717 0.172736 0.118429 0.0558582 0.0187699 0.00623502 0.00563172 0.00964024 0.015858 0.0228815 0.0288743 0.032017 0.0314972 0.0279999 0.023236 0.018894 0.0158255 0.0139419 0.0126546
 1.07793e-16 3.67061e-05 0.000356796 0.00237104 0.0107784 0.0335359 0.0714532 0.104296 0.104336 0.0716472 0.0341874 0.0126612 0.00710112 0.0106962 0.0197129 0.0326355 0.0472533 0.0599347 0.0669856 0.0666863 0.0602683 0.0509721 0.041991 0.0349356 0.0297182 0.0254492
 1.12563e-16 4.60137e-05 0.000447269 0.00297226 0.0135115 0.0420394 0.08957 0.130734 0.130753 0.0896647 0.0423581 0.0144355 0.00530409 0.00557872 0.00991247 0.0166319 0.0247001 0.0326316 0.0389146 0.0428285 0.0447512 0.0456217 0.0460387 0.0457943 0.0441657 0.040594
 1.07861e-16 6.34232e-05 0.000616496 0.00409683 0.0186236 0.057945 0.123458 0.180194 0.180206 0.12352 0.0581512 0.01922 0.00559674 0.00390095 0.00633181 0.01045 0.015248 0.019614 0.0224762 0.0233887 0.0227966 0.0216892 0.0209138 0.0206929 0.0206442 0.0201619
 1.08105e-16 4.42719e-05 0.000430339 0.00285975 0.0130001 0.0404482 0.0861804 0.12579 0.125825 0.086349 0.0410144 0.0146359 0.00696709 0.00940054 0.0170921 0.028219 0.0407265 0.0513947 0.0569805 0.0560205 0.04971 0.0410764 0.0331279 0.027416 0.0238476 0.0214443
 1.05515e-16 6.33613e-05 0.000615895 0.00409284 0.0186054 0.0578885 0.123338 0.180018 0.18003 0.123397 0.0580883 0.0191837 0.00554951 0.00381267 0.00618415 0.0102531 0.0150679 0.0195868 0.0227788 0.0241546 0.0240021 0.0230735 0.0219986 0.0209211 0.0195886 0.0177067
pSPR Fmed_Fpbrs
1   0.983797 0.6 0.325 0.983797 0.983797 0.983797
Fs Fmed_Fpbrs
0   0.01 0.357119 0.92299 0.01 0.01 0.01
SSBpbr Bo_Bmed_Bpbrs
1.54059e+06  1.46356e+06  1.4386e+06 847323 423662 1.4386e+06 1.4386e+06 1.4386e+06
Ro
214207
SPR SPRFo_SPRFmed_SPRFpbrs
1.54322e+06 1.54322e+06 1.51821e+06
Fref
0
Nvult_r0
 198967 36400.5 24166.6 3986.65 3080.41
CTP_r0
 16720.6 5634.04 3913.88 647.235 500.171
YTP_r0
356497
Np
 299482 110173 40530.5 14910.3 7503.1
Nvult_p0
 189309 69642.8 25620.1 9425.12 4742.86
CTP_p0
 0 0 0 0 0
 0 0 0 0 0
 0 0 0 0 0
 0 0 0 0 0
 0 0 0 0 0
 0 0 0 0 0
YTP_p0
 0 0 0 0 0 0
CBA_c0
0
log_Ro
12.0947
likeval ReclasPelacesDesembMPH_pf_preclas_ppelaces_ptallas_desvR_qrecl_qpela
 17.8809 17.4294 0.08805 31.23 236.849 137.121 109.327 0 21.9236 6.68331e-06 1.91645e-06 0.434662 2065.86 0 0
q_reclas_q_pelaces
0.693778 0.822195
M
1
N
 215571 41966.9 176021 9352.1 0.347027
 110549 74838 13752 57311.9 3044.04
 145677 36628.1 22341.7 4058.29 17799.9
 218513 48413 11000.9 6635.29 6487.44
 185688 68159.5 12812.8 2858.9 3406.76
 278561 64887.1 22628.6 4229.7 2067.72
 122781 91411.9 19002.8 6543.94 1819.84
 65467.7 36230.7 21656 4393.61 1931.12
 58654.1 23285.3 12460.6 7420.32 2166.68
 76969.7 18945.9 6607.51 3485.45 2679.48
 148928 24078.8 5043.41 1727.73 1610.36
 178668 52390.8 8101.44 1688.52 1117.27
 117017 54196 13113.8 1985.11 686.674
 75647.4 35687.1 13712.5 3250.02 661.38
 128804 19114.4 6202.96 2286.61 650.721
 535608 37543.4 4418.5 1397.5 660.808
 131913 158433 8937.3 1026.81 477.676
 721853 43673.6 47227.1 2633.29 442.992
 473537 230298 12090.6 12870.3 837.607
 415215 144669 58472.6 3007.47 3405.86
 572770 131110 39233.9 15592.5 1708.54
 736723 188040 38430 11356.3 5004.29
 167424 234711 51910.8 10441.9 4441.38
 464881 57164.1 74399.8 16319.9 4676.88
 416281 158244 18010.5 23240.9 6555.77
 188005 142664 50536.2 5706.93 9437.38
 406452 65488.7 47065.2 16571.8 4964.4
 480940 138523 20683.4 14739.7 6741.45
 172324 165476 44588.7 6608.69 6860.73
 161424 60351.7 55182.6 14788.8 4466.03
 306429 55760.2 19579.8 17778.8 6201.1
 148822 102612 17002.7 5908.73 7232.33
 299482 52474.6 34683.9 5720.24 4419.87
pred_Ctot
 7710.63 2925.81 12916.7 688.176 0.0255398
 7002.78 9070.34 1750.81 7315.95 388.631
 8972.41 4321.5 2769.26 504.368 2212.49
 21294.4 8819.54 2099.9 1269.76 1241.64
 5907.99 4238.08 838.801 187.683 223.682
 19191.1 8521.06 3120.23 584.767 285.908
 15636 21317.4 4633.23 1599.36 444.83
 1376.64 1499.61 944.488 192.162 84.4737
 4570.38 3437.38 1930.15 1152.4 336.539
 7376.94 3398.19 1241.96 656.786 504.98
 4133.73 1309.67 288.904 99.2481 92.5196
 20130.2 10919.5 1767.31 369.252 244.36
 12843.2 11025.9 2792.98 423.835 146.629
 15437.3 12633.8 5047.13 1198.73 243.968
 17233 4662.11 1581.07 584.216 166.276
 67526.1 8675.17 1067.56 338.464 160.064
 8413.2 19327.6 1145.24 131.928 61.3817
 61290.1 6991.74 7929.41 443.267 74.5797
 51525.8 46480.1 2554.74 2726.23 177.448
 37649.1 24635.9 10438.7 538.272 609.657
 39318 17158.3 5391.4 2148.32 235.435
 63134.9 30367.3 6508.56 1928.27 849.827
 7654.61 20777.1 4833.25 974.87 414.713
 22092.4 5253.44 7190.61 1581.59 453.31
 18107.7 13347.4 1598.08 2067.82 583.373
 6341.91 9392.84 3502.66 396.647 656.02
 19023.5 5930.29 4482.35 1582.56 474.154
 19785.1 11067.5 1738.7 1242.47 568.346
 5249.7 9860.61 2797.75 415.825 431.748
 6259.67 4552.4 4380.31 1177.15 355.537
 17518.4 6124.71 2260.15 2057.76 717.833
 3921.24 5303.01 925.531 322.542 394.852
 16720.6 5634.04 3913.88 647.235 500.171
F
 0.0579649 0.115695 0.122095 0.122451 0.12247
 0.104647 0.208869 0.220423 0.221067 0.221101
 0.101623 0.202834 0.214054 0.214679 0.214712
 0.164997 0.329325 0.347543 0.348557 0.348611
 0.0514216 0.102635 0.108312 0.108629 0.108645
 0.114262 0.22806 0.240676 0.241379 0.241416
 0.220493 0.440092 0.464437 0.465793 0.465865
 0.0337364 0.0673362 0.0710611 0.0712686 0.0712796
 0.13007 0.259614 0.273975 0.274775 0.274817
 0.162081 0.323505 0.341401 0.342397 0.34245
 0.0447354 0.0892896 0.0942289 0.094504 0.0945186
 0.192924 0.385067 0.406368 0.407555 0.407618
 0.187529 0.374298 0.395003 0.396157 0.396218
 0.375642 0.749763 0.791238 0.793548 0.79367
 0.232792 0.464641 0.490344 0.491776 0.491852
 0.218073 0.435263 0.45934 0.460682 0.460752
 0.105395 0.210362 0.221999 0.222647 0.222681
 0.142447 0.284318 0.300045 0.300922 0.300968
 0.185784 0.370816 0.391329 0.392472 0.392532
 0.152762 0.304905 0.321771 0.322711 0.32276
 0.113829 0.227197 0.239766 0.240466 0.240503
 0.143856 0.287129 0.303012 0.303897 0.303944
 0.0746026 0.148903 0.15714 0.157599 0.157623
 0.0776414 0.154968 0.163541 0.164018 0.164044
 0.070869 0.141451 0.149276 0.149712 0.149735
 0.0545897 0.108958 0.114986 0.115321 0.115339
 0.0764286 0.152548 0.160986 0.161456 0.161481
 0.0669141 0.133557 0.140945 0.141357 0.141379
 0.04919 0.0981807 0.103612 0.103914 0.10393
 0.0629721 0.125689 0.132642 0.133029 0.13305
 0.0940335 0.187686 0.198069 0.198647 0.198677
 0.0424254 0.0846789 0.0893632 0.0896241 0.0896379
 0.0917471 0.183123 0.193253 0.193817 0.193847
YTP_r0W_actual
 126073 98314 94207.1 20271.4 17631
YTP_p0W_proyectada
 0 0 0 0 0
 0 0 0 0 0
 0 0 0 0 0
 0 0 0 0 0
 0 0 0 0 0
 0 0 0 0 0
CTP_r0_actual
 16720.6 5634.04 3913.88 647.235 500.171
CTP_p0_proyectada
 0 0 0 0 0
 0 0 0 0 0
 0 0 0 0 0
 0 0 0 0 0
 0 0 0 0 0
 0 0 0 0 0
Wmedp
 7.54 17.45 24.07 31.32 35.25
Frms_r0
 0.0917471 0.183123 0.193253 0.193817 0.193847
Zrms_r0
 1.09175 1.18312 1.19325 1.19382 1.19385
nmprior
 7.29 8.9 8.7 0
nm_flota  nm_reclas  nm_pelaces    nm_pelaL
inf 11.3202 18.533 59.5833
cv_recla  cv_pelaces  cv_mph
0.366206 0.457332 0.746779
 ------------------------------------------------
Talla a la edad & desviaci?n 
 8 13.2811 15.8009 17.003 17.5766
 0.8 1.32811 1.58009 1.7003 1.75766
