years
 1991 1992 1993 1994 1995 1996 1997 1998 1999 2000 2001 2002 2003 2004 2005 2006 2007 2008 2009 2010 2011 2012 2013 2014 2015 2016 2017 2018 2019 2020 2021 2022 2023
reclasobs
 0 0 0 0 0 0 0 0 0 252601 567819 844713 477998 351125 339783 2.1784e+06 2.13404e+06 4.81314e+06 1.55562e+06 2.62356e+06 3.21686e+06 3.843e+06 1.13348e+06 3.07943e+06 1.97215e+06 2.03268e+06 2.025e+06 2.42433e+06 2.27542e+06 1.05018e+06 2.36338e+06 3.18982e+06 1.53035e+06
reclaspred
 3.45874e+06 1.87347e+06 947665 986536 1.00987e+06 1.79667e+06 969232 828006 572840 371599 614654 993180 759390 252509 689745 1.98032e+06 1.83928e+06 2.63075e+06 1.79138e+06 1.49404e+06 3.10322e+06 2.58436e+06 1.78333e+06 2.88784e+06 2.27659e+06 1.98853e+06 2.50431e+06 2.91085e+06 2.43978e+06 1.85982e+06 1.58036e+06 1.39265e+06 1.41041e+06
pelacesobs
 0 0 0 0 0 0 0 0 0 0 0 0 0 0 0 552880 188675 0 991730 2.46772e+06 1.41603e+06 1.21717e+06 2.29649e+06 1.80582e+06 0 1.4828e+06 1.56532e+06 1.57751e+06 1.42118e+06 867257 1.10002e+06 1.06204e+06 0
pelacespred
 1.86989e+06 1.09806e+06 535697 451131 511613 935855 440096 511272 316494 184093 333963 466826 382791 98213.2 367740 914146 890227 1.36369e+06 909298 654385 1.55276e+06 1.30256e+06 954463 1.69486e+06 1.26315e+06 1.12523e+06 1.62144e+06 1.68258e+06 1.32108e+06 1.13995e+06 833850 758139 735338
mphobs
 0 0 0 0 0 0 0 0 0 0 0 0 498337 0 5186 125008 0 168611 109162 213762 579715 649985 157893 87575 83554 210694 70296 0 107559 103333 445601 22526 28222
mphpred
 592648 397014 187991 104749 115536 142366 197505 100280 91131.5 54017.1 31896.3 86665.1 118748 57337.9 12337.5 71330.4 264556 234181 242980 318493 408145 619633 105808 79425.7 127731 108613 91040.9 107804 162487 122757 77393.7 72879.2 45116.1
desembarqueobs
 494567 514787 250237 358949 120608 361735 552515 73892 212993 205616 52469 317467 293654 387597 252695 516296 358380 742168 942051 627588 828172 859565 418607 520667 417249 300574 415391 372974 316634 284311 391294 218835 356480
desembarquepred
 494567 514018 250590 358979 120613 361737 552525 73897.4 213058 205673 52470.3 317449 293797 387925 252616 516168 358374 742097 941578 627297 828141 859534 418659 520685 417195 300582 415374 372929 316579 284228 391317 218866 356505
Reclutas
 164361 91050.1 91170.9 135042 109488 202301 78270.2 32734.1 31734.1 43152.3 94030.6 156183 69625.3 38078.1 96753.6 419460 82289.7 337422 263904 260798 367856 438629 70963.2 239431 240193 85473.8 219604 263096 102777 101525 112478 54323.6 149471
log_desv_Rt
 0.278704 -0.311954 -0.310628 0.0822205 -0.127544 0.486393 -0.463197 -1.33495 -1.36597 -1.05863 -0.279743 0.227664 -0.580235 -1.18373 -0.251196 1.21561 -0.413118 0.99797 0.75222 0.740382 1.08433 1.26029 -0.561203 0.654902 0.65808 -0.375154 0.568462 0.749154 -0.190804 -0.203058 -0.100605 -0.828405 0.183738
SSB
 1.75686e+06 1.17692e+06 557285 310522 342499 422034 585491 297274 270153 160130 94554.4 256913 335097 164708 35312.3 205085 784258 694215 748145 446446 586441 937276 881256 632719 950742 859072 677462 771215 1.20543e+06 856318 621143 599092 342365
BT
 2.53528e+06 1.7447e+06 846262 822423 689473 1.416e+06 994987 662113 579418 412150 443181 815117 707339 512430 695009 1.52032e+06 1.30659e+06 2.26824e+06 1.98985e+06 1.29609e+06 2.54799e+06 2.30563e+06 1.46132e+06 2.50846e+06 1.84726e+06 1.56298e+06 2.3511e+06 2.33583e+06 1.77152e+06 1.58585e+06 1.32166e+06 1.05923e+06 1.18829e+06
Ftot
 0.235349 0.43487 0.428488 0.64156 0.21138 0.374919 0.88412 0.156235 0.635026 0.927175 0.172916 0.58269 0.642279 2.14754 0.754925 0.529199 0.323359 0.516181 0.896728 0.763032 0.499814 0.591355 0.382384 0.344343 0.322118 0.255118 0.312951 0.24642 0.211178 0.26108 0.437494 0.263238 0.474545
BD_Bspro_t
 0.963044 0.752614 0.531408 0.430115 0.426465 0.528099 0.532509 0.329885 0.385629 0.313674 0.265634 0.582814 0.497964 0.281652 0.0860883 0.34747 0.549118 0.493586 0.456661 0.314354 0.328501 0.424375 0.43181 0.391971 0.527423 0.559601 0.557161 0.618603 0.69936 0.631424 0.58162 0.547195 0.522503
BD_Bspro
 1.96058 1.31339 0.621903 0.346527 0.382212 0.47097 0.65338 0.331744 0.301478 0.178697 0.105518 0.286702 0.373952 0.183806 0.0394069 0.228865 0.875195 0.774711 0.834894 0.498212 0.65444 1.04596 0.983439 0.706084 1.06098 0.958683 0.756016 0.860639 1.3452 0.95561 0.693165 0.668558 0.382063
BD_Bo
 1.51858 1.0173 0.4817 0.268406 0.296046 0.364793 0.506081 0.256955 0.233512 0.138412 0.08173 0.222068 0.289648 0.142368 0.0305229 0.177269 0.677889 0.600058 0.646674 0.385894 0.506902 0.810153 0.761731 0.546903 0.821792 0.742556 0.585578 0.666615 1.04193 0.740176 0.536897 0.517837 0.29593
BD_Brms
 2.76106 1.84963 0.875819 0.48801 0.538265 0.663261 0.920147 0.467191 0.424568 0.251657 0.1486 0.403759 0.526632 0.258851 0.0554962 0.322308 1.23253 1.09102 1.17577 0.701626 0.921639 1.47301 1.38497 0.994369 1.49417 1.3501 1.06469 1.21203 1.89442 1.34577 0.976176 0.941522 0.538054
Sel_flota
 0.697054 1 1 1 1
 0.697054 1 1 1 1
 0.697054 1 1 1 1
 0.697054 1 1 1 1
 0.697054 1 1 1 1
 0.697054 1 1 1 1
 0.697054 1 1 1 1
 0.697054 1 1 1 1
 0.697054 1 1 1 1
 0.697054 1 1 1 1
 0.697054 1 1 1 1
 0.697054 1 1 1 1
 0.697054 1 1 1 1
 0.697054 1 1 1 1
 0.697054 1 1 1 1
 0.697054 1 1 1 1
 0.697054 1 1 1 1
 0.697054 1 1 1 1
 0.697054 1 1 1 1
 0.697054 1 1 1 1
 0.697054 1 1 1 1
 0.697054 1 1 1 1
 0.697054 1 1 1 1
 0.697054 1 1 1 1
 0.697054 1 1 1 1
 0.697054 1 1 1 1
 0.697054 1 1 1 1
 0.697054 1 1 1 1
 0.697054 1 1 1 1
 0.697054 1 1 1 1
 0.697054 1 1 1 1
 0.697054 1 1 1 1
 0.697054 1 1 1 1
Sel_reclas
 1 1 1 1 1
 1 1 1 1 1
 1 1 1 1 1
 1 1 1 1 1
 1 1 1 1 1
 1 1 1 1 1
 1 1 1 1 1
 1 1 1 1 1
 1 1 1 1 1
 1 1 1 1 1
 1 1 1 1 1
 1 1 1 1 1
 1 1 1 1 1
 1 1 1 1 1
 1 1 1 1 1
 1 1 1 1 1
 1 1 1 1 1
 1 1 1 1 1
 1 1 1 1 1
 1 1 1 1 1
 1 1 1 1 1
 1 1 1 1 1
 1 1 1 1 1
 1 1 1 1 1
 1 1 1 1 1
 1 1 1 1 1
 1 1 1 1 1
 1 1 1 1 1
 1 1 1 1 1
 1 1 1 1 1
 1 1 1 1 1
 1 1 1 1 1
 1 1 1 1 1
Sel_pelaces
 0.910214 0.980776 0.99612 0.999227 0.999846
 0.910214 0.980776 0.99612 0.999227 0.999846
 0.910214 0.980776 0.99612 0.999227 0.999846
 0.910214 0.980776 0.99612 0.999227 0.999846
 0.910214 0.980776 0.99612 0.999227 0.999846
 0.910214 0.980776 0.99612 0.999227 0.999846
 0.910214 0.980776 0.99612 0.999227 0.999846
 0.910214 0.980776 0.99612 0.999227 0.999846
 0.910214 0.980776 0.99612 0.999227 0.999846
 0.910214 0.980776 0.99612 0.999227 0.999846
 0.910214 0.980776 0.99612 0.999227 0.999846
 0.910214 0.980776 0.99612 0.999227 0.999846
 0.910214 0.980776 0.99612 0.999227 0.999846
 0.910214 0.980776 0.99612 0.999227 0.999846
 0.910214 0.980776 0.99612 0.999227 0.999846
 0.910214 0.980776 0.99612 0.999227 0.999846
 0.910214 0.980776 0.99612 0.999227 0.999846
 0.910214 0.980776 0.99612 0.999227 0.999846
 0.910214 0.980776 0.99612 0.999227 0.999846
 0.910214 0.980776 0.99612 0.999227 0.999846
 0.910214 0.980776 0.99612 0.999227 0.999846
 0.910214 0.980776 0.99612 0.999227 0.999846
 0.910214 0.980776 0.99612 0.999227 0.999846
 0.910214 0.980776 0.99612 0.999227 0.999846
 0.910214 0.980776 0.99612 0.999227 0.999846
 0.910214 0.980776 0.99612 0.999227 0.999846
 0.910214 0.980776 0.99612 0.999227 0.999846
 0.910214 0.980776 0.99612 0.999227 0.999846
 0.910214 0.980776 0.99612 0.999227 0.999846
 0.910214 0.980776 0.99612 0.999227 0.999846
 0.910214 0.980776 0.99612 0.999227 0.999846
 0.910214 0.980776 0.99612 0.999227 0.999846
 0.910214 0.980776 0.99612 0.999227 0.999846
pf_obs 
 0.8446 0.082 0.0669 0.0065 0
 0.8095 0.147 0.0364 0.0071 0
 0.9664 0.0169 0.016 0.0007 0
 0.9276 0.0648 0.0075 0.0001 0
 0.7033 0.2144 0.0806 0.0017 0
 0.9318 0.0425 0.0243 0.0014 0
 0.5671 0.3108 0.0964 0.0239 0.0018
 0.0768 0.2599 0.5324 0.112 0.0189
 0.490249 0.384438 0.106611 0.0170017 0.00170017
 0.7925 0.1577 0.0466 0.003 0.0002
 0.840416 0.127587 0.0312969 0.00059994 9.999e-05
 0.8084 0.0986 0.0794 0.0134 0.0002
 0.7335 0.1905 0.0724 0.0035 0.0001
 0.4001 0.4547 0.1325 0.0127 0
 0.49795 0.308269 0.164784 0.0264974 0.00249975
 0.9179 0.0499 0.0305 0.0017 0
 0.2467 0.6533 0.0926 0.0074 0
 0.9418 0.0223 0.034 0.0019 0
 0.707729 0.231977 0.0356964 0.0245975 0
 0.517169 0.277429 0.184464 0.0207286 0.00020938
 0.811772 0.124168 0.05621 0.00726502 0.000585176
 0.764997 0.148141 0.077277 0.00933861 0.000247198
 0.163321 0.427699 0.378323 0.0303852 0.000271297
 0.753843 0.0900009 0.118128 0.0371064 0.000921714
 0.721811 0.176058 0.0630433 0.0369309 0.00215725
 0.143369 0.312575 0.442814 0.0836902 0.0175525
 0.692698 0.0596174 0.167031 0.0765114 0.00414204
 0.394062 0.376323 0.152708 0.0712218 0.00568511
 0.125707 0.32114 0.495352 0.0537591 0.00404204
 0.23352 0.215282 0.420074 0.123614 0.00750983
 0.796117 0.104755 0.0508955 0.0450114 0.00322123
 0.162477 0.292055 0.404252 0.121198 0.0200186
 0 0 0 0 0
pf_pred 
 0.503524 0.143385 0.329452 0.0236379 8.61123e-07
 0.439745 0.337783 0.064251 0.147628 0.0105926
 0.597637 0.221148 0.109256 0.020782 0.0511768
 0.739542 0.181687 0.0432944 0.0213893 0.0140875
 0.669437 0.271518 0.0411878 0.00981468 0.00804244
 0.76113 0.179425 0.0488269 0.00740678 0.00321124
 0.465498 0.443868 0.0680789 0.0185263 0.00402878
 0.471883 0.315388 0.176657 0.0270951 0.00897683
 0.555999 0.252481 0.114374 0.0640642 0.0130813
 0.748103 0.168636 0.0473462 0.0214479 0.0144666
 0.870635 0.108164 0.0141933 0.00398491 0.00302276
 0.77529 0.204207 0.0171427 0.00224948 0.00111063
 0.535969 0.392885 0.0646544 0.00542759 0.00106385
 0.560858 0.286178 0.129511 0.0213128 0.00213985
 0.94569 0.0404035 0.00906222 0.00410116 0.000742661
 0.934595 0.0632145 0.00162962 0.000365513 0.000195369
 0.348616 0.623818 0.0266427 0.000686829 0.000236392
 0.822693 0.0795928 0.0935789 0.00399667 0.000138492
 0.673303 0.287475 0.0176066 0.0207005 0.000914735
 0.747881 0.196313 0.0491066 0.00300757 0.00369231
 0.800332 0.165965 0.0262428 0.00656449 0.00089563
 0.747316 0.218124 0.0287267 0.00454233 0.00129126
 0.285766 0.589844 0.107377 0.0141415 0.00287174
 0.768229 0.0883324 0.118457 0.0215644 0.00341673
 0.677178 0.269594 0.0202864 0.0272049 0.00573717
 0.398639 0.457902 0.119805 0.00901511 0.0146392
 0.750839 0.124334 0.0950486 0.0248684 0.00491002
 0.704815 0.24226 0.0264104 0.0201897 0.00632537
 0.413513 0.458486 0.105051 0.0114523 0.0114977
 0.534215 0.238663 0.177553 0.0406818 0.00888756
 0.626665 0.236344 0.0701928 0.0522197 0.0145787
 0.481001 0.375278 0.0909845 0.0270219 0.0257152
 0.794091 0.119923 0.0621747 0.015074 0.0087373
pobs_RECLAS
 0 0 0 0 0
 0 0 0 0 0
 0 0 0 0 0
 0 0 0 0 0
 0 0 0 0 0
 0 0 0 0 0
 0 0 0 0 0
 0 0 0 0 0
 0 0 0 0 0
 0 0 0 0 0
 0.991045 0.00858322 0.000360255 1.14367e-05 0
 0.934742 0.0480273 0.0164251 0.00080598 0
 0.827803 0.169806 0.00239088 0 0
 0.941827 0.0461693 0.0120037 0 0
 0.791401 0.0380133 0.147996 0.0225897 0
 0.846168 0.0940531 0.0597789 0 0
 0.134021 0.677848 0.182769 0.00536245 0
 0.80878 0.0450904 0.141981 0.00414843 0
 0.846168 0.0940531 0.0597789 0 0
 0.905697 0.0802665 0.012482 0.00150086 5.37128e-05
 0.989698 0.0102097 9.19794e-05 0 0
 0.975433 0.0193895 0.00387452 0.00125025 5.28907e-05
 0.303575 0.632131 0.0575291 0.00676475 0
 0.966965 0.00978017 0.0227588 0.000495775 0
 0.843318 0.132988 0.00938335 0.0141283 0.000182051
 0.564624 0.303363 0.111486 0.0197234 0.00080311
 0.826376 0.0876187 0.0782897 0.00655872 0.00115652
 0.89761 0.0855135 0.0140674 0.00269457 0.000114338
 0.34875 0.467042 0.161289 0.0227151 0.000203297
 0.318654 0.224769 0.449479 0.00709798 0
 0.937255 0.0296025 0.0250945 0.00804832 0
 0.456809 0.399803 0.12412 0.0192676 0
 0.883104 0.0372192 0.0704036 0.00927362 0
ppred_RECLAS
 0.594344 0.117155 0.269186 0.0193138 7.03599e-07
 0.53327 0.281396 0.0535254 0.122985 0.00882433
 0.683701 0.173845 0.0858866 0.0163368 0.0402302
 0.806675 0.134857 0.0321352 0.0158761 0.0104564
 0.745108 0.209364 0.0317594 0.00756797 0.00620142
 0.822285 0.133489 0.0363264 0.00551051 0.00238911
 0.564602 0.361569 0.0554561 0.0150913 0.00328179
 0.562836 0.261071 0.146233 0.0224287 0.00743083
 0.647844 0.200253 0.0907149 0.0508119 0.0103754
 0.815952 0.123214 0.0345935 0.0156709 0.01057
 0.906563 0.0781237 0.0102514 0.00287819 0.00218325
 0.834867 0.150066 0.0125977 0.00165308 0.000816173
 0.629278 0.313882 0.0516534 0.00433619 0.000849928
 0.67728 0.210309 0.0951765 0.0156625 0.00157255
 0.962603 0.0278214 0.00624015 0.00282402 0.000511388
 0.95431 0.0441594 0.0011384 0.000255334 0.000136478
 0.436814 0.539353 0.0230353 0.000593832 0.000204384
 0.871436 0.0577122 0.0678534 0.00289796 0.00010042
 0.754358 0.216152 0.0132384 0.0155646 0.000687786
 0.814363 0.144546 0.0361574 0.00221449 0.00271867
 0.854041 0.121322 0.0191837 0.00479871 0.000654714
 0.812579 0.161787 0.0213071 0.00336913 0.000957753
 0.367555 0.522299 0.0950812 0.0125221 0.00254289
 0.827807 0.0656262 0.0880074 0.0160212 0.00253845
 0.752467 0.206719 0.0155552 0.0208602 0.00439915
 0.489352 0.388829 0.101733 0.00765521 0.0124309
 0.813623 0.0930044 0.0710981 0.018602 0.00367279
 0.775315 0.1844 0.0201027 0.0153677 0.00481466
 0.504394 0.38744 0.0887722 0.00967765 0.009716
 0.623827 0.192747 0.143393 0.032855 0.00717769
 0.709616 0.183831 0.0545967 0.0406171 0.0113395
 0.57268 0.308986 0.0749125 0.0222486 0.0211727
 0.849019 0.0879323 0.0455889 0.0110528 0.00640652
pobs_PELACES
 0 0 0 0 0
 0 0 0 0 0
 0 0 0 0 0
 0 0 0 0 0
 0 0 0 0 0
 0 0 0 0 0
 0 0 0 0 0
 0 0 0 0 0
 0 0 0 0 0
 0 0 0 0 0
 0 0 0 0 0
 0 0 0 0 0
 0 0 0 0 0
 0 0 0 0 0
 0 0 0 0 0
 0 0 0 0 0
 0.505614 0.472636 0.0217494 0 0
 0 0 0 0 0
 0.443492 0.261883 0.143347 0.151278 0
 0.227955 0.32914 0.350689 0.0885471 0.00366901
 0.970185 0.0296113 0.000203453 0 0
 0.997202 0.00247181 0.000326279 0 0
 0.445219 0.490057 0.0546422 0.010081 0
 0.90214 0.0892962 0.00764917 0.000914606 0
 0 0 0 0 0
 0.581667 0.319106 0.0959925 0.00289975 0.000334073
 0.762889 0.0836404 0.116647 0.0363945 0.000428098
 0.88444 0.0763242 0.0277011 0.0115352 0
 0.521256 0.241999 0.230069 0.00667565 0
 0.616807 0.101726 0.260614 0.0208532 0
 0.833518 0.0704572 0.0857862 0.0102388 0
 0.697417 0.212968 0.0787535 0.0105354 0.000325836
 0 0 0 0 0
ppred_PELACES
 0.579227 0.120166 0.280423 0.0201828 7.35712e-07
 0.52373 0.285118 0.0550818 0.126955 0.00911489
 0.6751 0.177209 0.0889185 0.0169663 0.0418061
 0.804213 0.135868 0.0328827 0.0162961 0.0107397
 0.734227 0.217652 0.0335331 0.00801557 0.00657227
 0.816182 0.137517 0.0380082 0.00578361 0.00250906
 0.567289 0.358338 0.0558204 0.0152378 0.0033157
 0.546646 0.268984 0.153022 0.0235432 0.00780491
 0.643619 0.201184 0.0925623 0.0520084 0.0106262
 0.817804 0.121287 0.0345854 0.015716 0.0106071
 0.901345 0.0822611 0.0109632 0.00308763 0.00234357
 0.832386 0.152095 0.0129678 0.00170695 0.000843297
 0.626265 0.315662 0.052759 0.00444281 0.000871368
 0.705935 0.190563 0.0875899 0.014459 0.00145262
 0.962477 0.0277954 0.00633184 0.00287445 0.000520843
 0.953328 0.0450843 0.00118042 0.000265586 0.000142046
 0.426265 0.549089 0.023818 0.000615925 0.00021212
 0.86784 0.0588149 0.0702317 0.00300889 0.000104328
 0.756739 0.21361 0.0132873 0.0156709 0.000692913
 0.814071 0.144261 0.0366506 0.00225169 0.00276606
 0.850585 0.123853 0.0198902 0.00499095 0.000681365
 0.80986 0.163771 0.021906 0.00347462 0.000988354
 0.358483 0.528311 0.0976802 0.0129045 0.00262217
 0.82053 0.0677202 0.0922364 0.0168434 0.00267038
 0.743919 0.213236 0.0162966 0.0219226 0.00462606
 0.476112 0.397371 0.105595 0.00797057 0.012951
 0.805675 0.0961788 0.0746751 0.0195989 0.003872
 0.765925 0.191512 0.0212047 0.0162607 0.00509759
 0.490121 0.397187 0.0924294 0.0101078 0.0101541
 0.610476 0.198008 0.149612 0.0343868 0.00751698
 0.701883 0.187539 0.0565694 0.0422158 0.0117932
 0.559657 0.316918 0.0780375 0.023249 0.0221384
 0.844593 0.0898879 0.0473319 0.0115112 0.00667634
pobs_pel_tallas
 0 0 0 0 0 0 0 0 0 0 0 0 0 0 0 0 0 0 0 0 0 0 0 0 0 0
 0 0 0 0 0 0 0 0 0 0 0 0 0 0 0 0 0 0 0 0 0 0 0 0 0 0
 0 0 0 0 0 0 0 0 0 0 0 0 0 0 0 0 0 0 0 0 0 0 0 0 0 0
 0 0 0 0 0 0 0 0 0 0 0 0 0 0 0 0 0 0 0 0 0 0 0 0 0 0
 0 0 0 0 0 0 0 0 0 0 0 0 0 0 0 0 0 0 0 0 0 0 0 0 0 0
 0 0 0 0 0 0 0 0 0 0 0 0 0 0 0 0 0 0 0 0 0 0 0 0 0 0
 0 0 0 0 0 0 0 0 0 0 0 0 0 0 0 0 0 0 0 0 0 0 0 0 0 0
 0 0 0 0 0 0 0 0 0 0 0 0 0 0 0 0 0 0 0 0 0 0 0 0 0 0
 0 0 0 0 0 0 0 0 0 0 0 0 0 0 0 0 0 0 0 0 0 0 0 0 0 0
 0 0 0 0 0 0 0 0 0 0 0 0 0 0 0 0 0 0 0 0 0 0 0 0 0 0
 0 0 0 0 0 0 0 0 0 0 0 0 0 0 0 0 0 0 0 0 0 0 0 0 0 0
 0 0 0 0 0 0 0 0 0 0 0 0 0 0 0 0 0 0 0 0 0 0 0 0 0 0
 0.00862536 0 0 0.000197151 0.00414017 0.0128641 0.00837892 0.0270097 0.101434 0.158115 0.152841 0.127902 0.109271 0.109419 0.0830992 0.0579132 0.0238553 0.00714673 0.00463305 0.00128148 0.00103504 0.000492878 0.000147863 0.000147863 4.92878e-05 0
 0 0 0 0 0 0 0 0 0 0 0 0 0 0 0 0 0 0 0 0 0 0 0 0 0 0
 0 0 0 0 0 0 0 0.0054083 0.00873648 0.0413646 0.0450493 0.0745869 0.0622846 0.0627006 0.0613931 0.0827291 0.12552 0.122667 0.0946155 0.0697135 0.0546179 0.0294188 0.0215738 0.0213955 0.0102223 0.00600262
 0 0 0 0 0.00359764 0.0251062 0.0480494 0.140153 0.205849 0.193036 0.1447 0.116669 0.0760912 0.0342217 0.00950174 0.001854 0.000860785 0 0 0 0.000165536 0 0.000143464 0 0 0
 0 0 0 0 0 0 0 0.000145254 0.000435761 0.0275982 0.070085 0.0708112 0.156366 0.174668 0.174014 0.160142 0.0824315 0.0480064 0.0283245 0.00493863 0.00203355 0 0 0 0 0
 0 0 0 0 0 0 0 0 0 0 0 0 0 0 0 0 0 0 0 0 0 0 0 0 0 0
 0 0 1.00437e-05 0.000401748 0.00122533 0.00171747 0.00176769 0.0269171 0.070346 0.194647 0.189555 0.159765 0.064822 0.0314167 0.0384472 0.0292271 0.0345202 0.0313363 0.0194345 0.0106764 0.0143323 0.0359363 0.0279516 0.0138201 0.00172751 0
 0 0.0021121 0.0136068 0.0755702 0.200478 0.177729 0.0527432 0.0373336 0.0318909 0.0142505 0.0149659 0.0166563 0.0217959 0.0798694 0.0677717 0.0528807 0.04013 0.0224614 0.0357745 0.0225083 0.00881397 0.00855152 0.00135912 0.000746735 0 0
 0 0 0 0 5.4009e-05 0.00500934 0.000945158 0.0243581 0.138947 0.33067 0.221406 0.137944 0.0707744 0.0437923 0.0131692 0.00525238 0.0047753 0.00276346 9.45158e-05 9.00151e-06 2.25038e-05 9.00151e-06 4.50075e-06 0 0 0
 0.000866109 0.00284123 0.00948549 0.0512746 0.133035 0.25785 0.225252 0.132002 0.0553304 0.0519788 0.0540692 0.017754 0.00435017 0.00159236 0.00146478 0.000404838 0.000125132 0.000115318 0.000107957 0.000100596 0 0 0 0 0 0
 0 0 0 0 0.00144013 0.00171154 0.00461396 0.0210425 0.0478622 0.0707936 0.0888783 0.103762 0.0637923 0.0337046 0.0602308 0.124433 0.169614 0.0934646 0.0462172 0.0250306 0.0313229 0.00938855 0.002487 0.000210481 0 0
 0 0.00764035 0.051015 0.0998891 0.058973 0.0496711 0.0374665 0.0718981 0.12319 0.153886 0.159021 0.0857701 0.0377988 0.023471 0.0147837 0.00900784 0.00315554 0.000888139 0.00291439 0.00214683 0.00393193 0.00274676 0.000635225 9.99891e-05 0 0
 0 0 0 0 0 0 0 0 0 0 0 0 0 0 0 0 0 0 0 0 0 0 0 0 0 0
 0 0 0 0 0 0 0 0 0 0 0 0 0 0 0 0 0 0 0 0 0 0 0 0 0 0
 0 0 0 0 0 0 0 0 0 0 0 0 0 0 0 0 0 0 0 0 0 0 0 0 0 0
 0 0 0 0 0 0 0 0 0 0 0 0 0 0 0 0 0 0 0 0 0 0 0 0 0 0
 0 0 0 0 0 0 0 0 0 0 0 0 0 0 0 0 0 0 0 0 0 0 0 0 0 0
 0 0 0 0 0 0 0 0 0 0 0 0 0 0 0 0 0 0 0 0 0 0 0 0 0 0
 0 0 0 0 0 0 0 0 0 0 0 0 0 0 0 0 0 0 0 0 0 0 0 0 0 0
 0 0 0 0 0 0 0 0 0 0 0 0 0 0 0 0 0 0 0 0 0 0 0 0 0 0
 0 0 0 0 0 0 0 0 0 0 0 0 0 0 0 0 0 0 0 0 0 0 0 0 0 0
ppred_pel_tallas
 1.10148e-16 4.77102e-05 0.00046376 0.00308185 0.0140097 0.0435893 0.092872 0.135552 0.135564 0.0929308 0.0437879 0.0145886 0.00455482 0.00374459 0.00646966 0.0111174 0.0171654 0.0239856 0.0308798 0.0373846 0.0432897 0.0482862 0.0516308 0.052274 0.0494528 0.043277
 1.15937e-16 4.3139e-05 0.000419327 0.00278657 0.0126674 0.0394131 0.0839747 0.122569 0.122597 0.0841094 0.0398653 0.0139747 0.00607194 0.00760474 0.0137312 0.0227485 0.0330584 0.0422381 0.0479023 0.0490946 0.0469029 0.0436866 0.0415075 0.040979 0.0412422 0.0408122
 1.11388e-16 5.56071e-05 0.000540521 0.00359195 0.0163285 0.0508041 0.108244 0.157989 0.158006 0.108328 0.0510867 0.017146 0.00564959 0.00505083 0.00867635 0.0144012 0.0210863 0.0272578 0.0314571 0.0330448 0.032557 0.0312472 0.0301928 0.0296856 0.0292811 0.0282907
 1.04436e-16 6.6242e-05 0.000643896 0.00427892 0.0194513 0.0605204 0.128946 0.188203 0.188216 0.12901 0.0607358 0.0200739 0.0058431 0.00406328 0.00657457 0.0108026 0.0156479 0.0198797 0.0222967 0.0223647 0.0205298 0.0178917 0.015502 0.013838 0.012765 0.0118565
 1.0294e-16 6.04774e-05 0.000587862 0.00390655 0.0177586 0.0552538 0.117725 0.171827 0.171848 0.117827 0.055598 0.0187531 0.00640319 0.006039 0.0104161 0.0171319 0.024692 0.0310915 0.0343294 0.033486 0.0292649 0.0235034 0.0180588 0.0139402 0.0111874 0.0093107
 1.02137e-16 6.72278e-05 0.000653479 0.0043426 0.0197408 0.0614211 0.130865 0.191003 0.191017 0.13093 0.0616391 0.0203711 0.005926 0.00411473 0.00665446 0.0109304 0.015822 0.0200691 0.0224288 0.0223189 0.0201417 0.0169702 0.0138652 0.0113672 0.00946199 0.00787941
 1.03792e-16 4.67269e-05 0.000454202 0.00301833 0.0137209 0.0426911 0.0909591 0.132765 0.132799 0.0911279 0.0432579 0.0153583 0.00712875 0.00942879 0.0170955 0.0282001 0.0406463 0.0511715 0.0564764 0.0550343 0.047987 0.0383425 0.0291497 0.0220784 0.0172253 0.013837
 1.08167e-16 4.50266e-05 0.000437674 0.0029085 0.0132216 0.0411375 0.0876489 0.127932 0.127958 0.0877765 0.0415667 0.0144636 0.00603496 0.00729217 0.0131492 0.0218923 0.0320578 0.0414112 0.0476696 0.049733 0.0482304 0.0448711 0.0411794 0.037676 0.0340152 0.0296922
 1.09737e-16 5.30141e-05 0.000515316 0.00342446 0.0155671 0.0484351 0.103197 0.150623 0.150642 0.103292 0.0487557 0.0164946 0.00575853 0.00563032 0.00982593 0.016316 0.0238693 0.0308099 0.0354693 0.0371066 0.0363121 0.0344856 0.0328233 0.0316386 0.03044 0.0285151
 1.04401e-16 6.73615e-05 0.000654777 0.00435123 0.0197801 0.0615431 0.131125 0.191383 0.191394 0.131182 0.0617356 0.0203365 0.00574958 0.00371306 0.00589253 0.00968021 0.0140469 0.0178994 0.0201764 0.0204062 0.0189792 0.0168527 0.0149278 0.0135906 0.0126916 0.0118417
 1.01044e-16 7.42426e-05 0.000721664 0.00479571 0.0218006 0.0678299 0.144519 0.210931 0.210939 0.144558 0.0679599 0.0221763 0.0057387 0.00278016 0.00398356 0.00646786 0.00930963 0.011707 0.0128977 0.0125339 0.0108852 0.00865439 0.0065545 0.00497712 0.00394215 0.00326242
 1.00728e-16 6.85626e-05 0.000666453 0.00442881 0.0201328 0.0626406 0.133463 0.194796 0.194811 0.133534 0.0628808 0.0208264 0.00616918 0.00446329 0.00727241 0.0118957 0.0170855 0.0213921 0.0233864 0.0224082 0.0189581 0.0143654 0.0100072 0.00668298 0.00450146 0.003164
 1.02197e-16 5.15847e-05 0.000501421 0.00333212 0.0151474 0.0471292 0.100415 0.146565 0.146595 0.100564 0.0476286 0.0165898 0.00695335 0.00840796 0.0150714 0.0248437 0.0358032 0.0450599 0.049692 0.0483311 0.0419549 0.0331906 0.0247233 0.0180591 0.0133543 0.0100362
 1.04273e-16 5.8147e-05 0.000565209 0.00375602 0.0170743 0.0531246 0.113188 0.165205 0.165224 0.113279 0.053428 0.0179517 0.00596313 0.00539875 0.009283 0.0153722 0.0224123 0.0287544 0.0327381 0.0335685 0.0317263 0.0285197 0.0251717 0.0221978 0.0194509 0.016589
 1.00567e-16 7.9278e-05 0.00077061 0.00512098 0.0232792 0.0724303 0.154321 0.225236 0.225239 0.154334 0.0724744 0.0234065 0.0054407 0.00146932 0.00140849 0.00220901 0.00318863 0.00403997 0.00450905 0.00448156 0.00404477 0.00342254 0.00283382 0.00238628 0.00206769 0.00180833
 1.00097e-16 7.85243e-05 0.000763285 0.00507229 0.0230579 0.0717418 0.152854 0.223095 0.223099 0.152875 0.0718129 0.0232632 0.0055872 0.00188594 0.0022066 0.003513 0.00502793 0.00626983 0.00680708 0.00644284 0.00533109 0.00387906 0.00251313 0.00148752 0.00084397 0.000491974
 1.00926e-16 3.5111e-05 0.000341291 0.002268 0.01031 0.0320787 0.0683489 0.0997683 0.0998212 0.068607 0.0329451 0.0128113 0.00854213 0.014023 0.0259754 0.0427721 0.0613404 0.0765636 0.0832472 0.0789882 0.065632 0.0480875 0.0314926 0.0189069 0.0108437 0.00625022
 1.02362e-16 7.14829e-05 0.000694839 0.00461745 0.0209903 0.0653085 0.139147 0.20309 0.203096 0.139175 0.0654035 0.0212659 0.00531388 0.00223028 0.00303172 0.00501363 0.00748134 0.00995884 0.0119906 0.0133304 0.0140219 0.0142507 0.0141129 0.0135242 0.0123387 0.010541
 1.02127e-16 6.23317e-05 0.000605886 0.00402633 0.0183031 0.0569479 0.121334 0.177095 0.177116 0.121435 0.0572852 0.0192771 0.00647002 0.005937 0.010177 0.0167003 0.023993 0.0300539 0.0328951 0.0316157 0.0269511 0.020793 0.0150741 0.0108741 0.00826206 0.00671608
 1.01789e-16 6.7054e-05 0.000651789 0.00433136 0.0196898 0.0612622 0.130526 0.19051 0.190524 0.130594 0.0614909 0.0203504 0.00599092 0.00427842 0.00696579 0.0114384 0.0165372 0.020932 0.0233078 0.0230458 0.0205695 0.0170209 0.0135439 0.0107447 0.00864495 0.00698245
 1.01222e-16 7.00616e-05 0.000681023 0.00452564 0.0205729 0.06401 0.136381 0.199054 0.199066 0.136439 0.064206 0.0211389 0.00594649 0.00378337 0.0059638 0.00975318 0.0140539 0.0176955 0.0195338 0.0190396 0.0166043 0.0132638 0.0100687 0.0075956 0.00588132 0.00467274
 1.0119e-16 6.67071e-05 0.000648417 0.00430896 0.0195879 0.0609453 0.129851 0.189525 0.18954 0.129928 0.0612043 0.0203357 0.00618591 0.00474532 0.00784596 0.0128613 0.0185105 0.0232546 0.0255704 0.024751 0.0213199 0.0166685 0.0122231 0.00878895 0.00644921 0.00488367
 1.04692e-16 2.95278e-05 0.000287021 0.00190736 0.00867061 0.0269778 0.0574809 0.0839057 0.0839566 0.0577298 0.0278139 0.011086 0.00797197 0.0135312 0.0251973 0.041647 0.0600764 0.0757199 0.0837162 0.0817906 0.0715689 0.0574035 0.0437128 0.0329285 0.025239 0.0196516
 1.04821e-16 6.75859e-05 0.000656959 0.00436573 0.019846 0.0617482 0.131561 0.192019 0.192026 0.131594 0.0618581 0.020165 0.00517304 0.00244073 0.00351807 0.00587324 0.00883748 0.0119154 0.0146293 0.0167305 0.018271 0.0194128 0.0201573 0.0202593 0.0194035 0.0174712
 1.03507e-16 6.12757e-05 0.000595621 0.00395811 0.017993 0.0559831 0.119279 0.174095 0.174116 0.119379 0.05632 0.0189659 0.00639941 0.00592295 0.0101732 0.0167079 0.024034 0.0301728 0.0331624 0.0321261 0.027811 0.0220977 0.0168793 0.0131695 0.0109561 0.00964253
 1.0614e-16 3.92168e-05 0.000381202 0.00253322 0.0115157 0.0358297 0.0763405 0.111429 0.111468 0.076528 0.0364597 0.0133362 0.00710663 0.010377 0.0190583 0.0315368 0.0456388 0.0578333 0.0645255 0.0640278 0.0575122 0.0481109 0.038939 0.0316135 0.0261339 0.021726
 1.04801e-16 6.63624e-05 0.000645066 0.00428669 0.0194867 0.0606304 0.12918 0.188544 0.188553 0.129226 0.0607846 0.0199334 0.00541281 0.00311972 0.00481426 0.00797998 0.0117847 0.0154413 0.0181823 0.0196418 0.0200188 0.019827 0.0194508 0.0188949 0.0178919 0.0162046
 1.03155e-16 6.30882e-05 0.00061324 0.0040752 0.0185253 0.0576391 0.122807 0.179244 0.179262 0.122897 0.0579418 0.0193997 0.00626986 0.00540374 0.00916001 0.0150414 0.021659 0.0272374 0.0300189 0.0292116 0.0254677 0.0204447 0.0158082 0.0124462 0.0103503 0.00901323
 1.05501e-16 4.03707e-05 0.000392418 0.00260776 0.0118545 0.036884 0.0785866 0.114708 0.114746 0.078774 0.0375132 0.0136727 0.00717442 0.0103704 0.0190163 0.0314414 0.0454454 0.0574743 0.0639148 0.0630773 0.0561607 0.0463567 0.0368602 0.0293609 0.0238947 0.0196735
 1.09089e-16 5.02841e-05 0.00048878 0.00324811 0.0147655 0.0459409 0.0978828 0.142867 0.142886 0.0979771 0.0462582 0.0156844 0.00556446 0.0055775 0.00980912 0.0163842 0.0241766 0.0316187 0.0371181 0.0399077 0.040396 0.0396599 0.0385336 0.037085 0.0348223 0.0312977
 1.0791e-16 5.78132e-05 0.000561965 0.00373445 0.0169763 0.0528197 0.112539 0.164257 0.164275 0.112627 0.0531175 0.0178374 0.00589915 0.00529825 0.0090851 0.0150146 0.0218326 0.0279101 0.0316393 0.0323183 0.0305615 0.0278265 0.0254404 0.0238975 0.0228532 0.0216202
 1.08412e-16 4.60983e-05 0.000448092 0.00297773 0.0135363 0.0421167 0.0897353 0.130978 0.131008 0.0898849 0.0426191 0.0149882 0.0066252 0.00842063 0.0152174 0.0251643 0.0364361 0.0462286 0.051716 0.0516146 0.0469307 0.0402161 0.0339525 0.0293361 0.0261791 0.023624
 1.03674e-16 6.9568e-05 0.000676226 0.00449376 0.020428 0.0635591 0.13542 0.197651 0.197659 0.135462 0.0637024 0.0208428 0.00553775 0.00296468 0.00444349 0.00730878 0.0106933 0.0138091 0.0158978 0.0166086 0.0161764 0.0151996 0.014203 0.0133504 0.0124824 0.0113607
pSPR Fmed_Fpbrs
0.562452   0.6 0.325
Fs Fmed_Fpbrs
0.34   0.297961 0.737737
SSBpbr Bo_Bmed_Bpbrs
1.15691e+06  592862  636302 318151
Ro
124383
SPR SPRFo_SPRFmed_SPRFpbrs
896096 504011 291231
Fref
0.297961
Nvult_r0
 104796 12091.7 6268.98 1519.89 880.969
CTP_r0
 18022.4 2775.77 1439.11 348.907 202.236
YTP_r0
237022
Np
 130821 39100.4 10787.2 1039.73 686.261
Nvult_p0
 91720.3 28422.6 7841.32 755.792 498.852
CTP_p0
 15773.7 6591.49 635.327 329.388 98.137
 15773.7 6524.7 1800.06 173.5 114.517
YTP_p0
 263023 285588
CBA_c0
244823
log_Ro
11.5511
likeval ReclasPelacesDesembMPH_pf_preclas_ppelaces_ptallas_desvR_qrecl_qpela
 18.8537 0.000278462 0.0309351 54.8575 237.077 134.829 111.947 0 23.58 1.17096e-05 2.67356e-05 0.117028 1.61854e-16 0 0
q_reclas_q_pelaces
1.62244 2.07766
M
1
N
 164361 33574.2 77143 5534.93 0.201636
 91050.1 51316.7 9761.15 22428 1609.25
 91170.9 24736.6 12220.9 2324.58 5724.39
 135042 24879.8 5928.64 2928.99 1929.11
 109488 31765.6 4818.66 1148.24 940.906
 202301 34760.3 9459.34 1434.93 622.12
 78270.2 57306.7 8789.49 2391.89 520.146
 32734.1 15547.3 8708.48 1335.68 442.521
 31734.1 10799.7 4892.25 2740.29 559.543
 43152.3 7498.81 2105.36 953.731 643.293
 94030.6 8318.19 1091.52 306.454 232.461
 156183 30664 2574.17 337.785 166.774
 69625.3 38277.5 6299.05 528.791 103.647
 38078.1 16369.6 7408.16 1219.11 122.401
 96753.6 3135.17 703.197 318.236 57.6279
 419460 21029.9 542.135 121.597 64.9945
 82289.7 106707 4557.37 117.486 40.4361
 337422 24163.6 28409.7 1213.35 42.045
 263904 86619.8 5305.09 6237.3 275.621
 260798 51962.2 12998.1 796.075 977.322
 367856 56366.3 8912.76 2229.48 304.18
 438629 95516.1 12579.4 1989.08 565.441
 70963.2 106852 19451.8 2561.78 520.226
 239431 19997.7 26817.8 4882 773.52
 240193 69285.8 5213.63 6991.69 1474.46
 85473.8 70591.6 18469.5 1389.8 2256.82
 219604 26321.3 20121.6 5264.59 1039.44
 263096 64954.2 7081.09 5413.21 1695.94
 102777 81512 18676.4 2036.04 2044.11
 101525 32634.1 24278 5562.7 1215.26
 112478 31134.6 9246.8 6879.12 1920.52
 54323.6 30502.3 7395.15 2196.32 2090.11
 149471 16634.3 8624.13 2090.88 1211.93
pred_Ctot
 15931.5 4536.68 10423.9 747.901 0.0272459
 15425.6 11848.9 2253.82 5178.57 371.57
 15246.1 5641.61 2787.19 530.162 1305.55
 31913.5 7840.36 1868.29 923.013 607.919
 9596.66 3892.32 590.444 140.698 115.292
 30041.6 7081.85 1927.19 292.344 126.747
 23915.9 22804.6 3497.69 951.828 206.987
 2154.16 1439.75 806.444 123.69 40.9794
 7436.12 3376.77 1529.68 856.815 174.954
 13675 3082.59 865.466 392.057 264.443
 6816.13 846.806 111.118 31.1976 23.6649
 34056.6 8970.3 753.037 98.814 48.7874
 16469.4 12072.7 1986.71 166.78 32.6903
 20948.7 10689.1 4837.4 796.056 79.9259
 26108.6 1115.46 250.19 113.225 20.5034
 84279.5 5700.53 146.955 32.961 17.6179
 10691.7 19131.8 817.101 21.0643 7.24988
 66362.5 6420.35 7548.54 322.391 11.1715
 81521.3 34806.6 2131.75 2506.35 110.753
 70979.7 18631.6 4660.59 285.441 350.429
 70366.9 14592 2307.32 577.165 78.7458
 96841.7 28265.8 3722.58 588.622 167.33
 10725.6 22138.5 4030.18 530.77 107.785
 32934.1 3786.83 5078.29 924.471 146.476
 31098.6 12380.8 931.63 1249.35 263.473
 8930.95 10258.6 2684.06 201.971 327.97
 27694.4 4586.03 3505.84 917.265 181.105
 26618.1 9149.2 997.416 762.484 238.884
 9000.33 9979.18 2286.48 249.265 250.252
 10837.8 4841.85 3602.08 825.327 180.305
 19157 7224.96 2145.78 1596.34 445.668
 5843.43 4559.05 1105.32 328.275 312.4
 27334.5 4128.05 2140.2 518.883 300.759
F
 0.164051 0.235349 0.235349 0.235349 0.235349
 0.303128 0.43487 0.43487 0.43487 0.43487
 0.298679 0.428488 0.428488 0.428488 0.428488
 0.447202 0.64156 0.64156 0.64156 0.64156
 0.147343 0.21138 0.21138 0.21138 0.21138
 0.261339 0.374919 0.374919 0.374919 0.374919
 0.616279 0.88412 0.88412 0.88412 0.88412
 0.108904 0.156235 0.156235 0.156235 0.156235
 0.442647 0.635026 0.635026 0.635026 0.635026
 0.646291 0.927175 0.927175 0.927175 0.927175
 0.120532 0.172916 0.172916 0.172916 0.172916
 0.406166 0.58269 0.58269 0.58269 0.58269
 0.447703 0.642279 0.642279 0.642279 0.642279
 1.49695 2.14754 2.14754 2.14754 2.14754
 0.526223 0.754925 0.754925 0.754925 0.754925
 0.36888 0.529199 0.529199 0.529199 0.529199
 0.225399 0.323359 0.323359 0.323359 0.323359
 0.359806 0.516181 0.516181 0.516181 0.516181
 0.625067 0.896728 0.896728 0.896728 0.896728
 0.531875 0.763032 0.763032 0.763032 0.763032
 0.348397 0.499814 0.499814 0.499814 0.499814
 0.412206 0.591355 0.591355 0.591355 0.591355
 0.266542 0.382384 0.382384 0.382384 0.382384
 0.240025 0.344343 0.344343 0.344343 0.344343
 0.224533 0.322118 0.322118 0.322118 0.322118
 0.177831 0.255118 0.255118 0.255118 0.255118
 0.218143 0.312951 0.312951 0.312951 0.312951
 0.171768 0.24642 0.24642 0.24642 0.24642
 0.147203 0.211178 0.211178 0.211178 0.211178
 0.181987 0.26108 0.26108 0.26108 0.26108
 0.304957 0.437494 0.437494 0.437494 0.437494
 0.183491 0.263238 0.263238 0.263238 0.263238
 0.330784 0.474545 0.474545 0.474545 0.474545
YTP_r0W_actual
 135889 48437.2 34639.4 10927.8 7128.81
YTP_p0W_proyectada
 118934 115022 15292.3 10316.4 3459.33
 118934 113856 43327.4 5434.02 4036.71
CTP_r0_actual
 18022.4 2775.77 1439.11 348.907 202.236
CTP_p0_proyectada
 15773.7 6591.49 635.327 329.388 98.137
 15773.7 6524.7 1800.06 173.5 114.517
Wmedp
 7.54 17.45 24.07 31.32 35.25
Frms_r0
 0.207695 0.297961 0.297961 0.297961 0.297961
Zrms_r0
 1.20769 1.29796 1.29796 1.29796 1.29796
nmprior
 7.29 8.9 8.7 0
nm_flota  nm_reclas  nm_pelaces    nm_pelaL
inf 13.9633 14.5314 42.3866
cv_recla  cv_pelaces  cv_mph
0.376036 0.60933 0.593848
 ------------------------------------------------
Talla a la edad & desviaci?n 
 8 13.2811 15.8009 17.003 17.5766
 0.8 1.32811 1.58009 1.7003 1.75766
