years
 1991 1992 1993 1994 1995 1996 1997 1998 1999 2000 2001 2002 2003 2004 2005 2006 2007 2008 2009 2010 2011 2012 2013 2014 2015 2016 2017 2018 2019 2020 2021 2022
reclasobs
 0 0 0 0 0 0 0 0 0 252601 567819 844713 477998 351125 339783 2.1784e+06 2.13404e+06 4.81314e+06 1.55562e+06 2.62356e+06 3.21686e+06 3.843e+06 1.13348e+06 3.07943e+06 1.97215e+06 2.03268e+06 2.025e+06 2.42433e+06 2.27542e+06 1.05018e+06 2.36338e+06 3.18982e+06
reclaspred
 5.46104e+06 2.88597e+06 1.37655e+06 1.44967e+06 1.78395e+06 3.5123e+06 2.20864e+06 1.6571e+06 939745 327135 544801 1.24739e+06 1.17603e+06 281815 670039 2.03999e+06 2.35991e+06 2.91023e+06 2.51896e+06 2.20674e+06 4.35335e+06 2.83438e+06 1.41844e+06 1.9434e+06 1.73148e+06 1.52113e+06 2.03784e+06 2.2716e+06 2.04634e+06 1.71091e+06 1.30126e+06 1.32879e+06
pelacesobs
 0 0 0 0 0 0 0 0 0 0 0 0 0 0 0 552880 188675 0 991730 2.46772e+06 1.41603e+06 1.21717e+06 2.29649e+06 1.80582e+06 0 1.4828e+06 1.56532e+06 1.57751e+06 1.42118e+06 867257 1.10002e+06 1.06204e+06
pelacespred
 3.21713e+06 1.64742e+06 737317 620930 961640 1.90095e+06 1.06711e+06 1.10688e+06 533899 120684 284486 542518 558421 77414.2 312449 870742 1.11619e+06 1.37919e+06 1.14887e+06 936944 2.04971e+06 1.32375e+06 638752 991482 820329 742654 1.20033e+06 1.26093e+06 1.04314e+06 966276 579488 666382
mphobs
 0 0 0 0 0 0 0 0 0 0 0 0 498337 0 5186 125008 0 168611 109162 213762 579715 649985 157893 87575 83554 210694 70296 0 107559 103333 445601 22526
mphpred
 739550 509066 222257 131168 190372 276695 453657 191243 161883 61955.9 20048.6 103819 168568 72766.6 10102.8 87334.1 343565 250904 268753 223948 306533 397031 197058 90103.1 211561 182023 130205 237690 316077 188987 148685 121767
desembarqueobs
 494567 514787 250237 358949 120608 361735 552515 73892 212993 205616 52469 317467 293654 387597 252695 516296 358380 742168 942051 627588 828172 859565 418607 520667 417249 300574 415391 372974 316634 284311 391294 218835
desembarquepred
 494552 514433 250383 358941 120609 361712 552469 73897.9 213075 205689 52470.8 317437 293711 387600 252578 516099 358361 741933 941129 627168 828122 859666 418673 520663 417088 300590 415312 372911 316486 284115 391318 218845
Reclutas
 145196 93049.6 84913.7 124314 91814.2 193148 66651.7 23853.7 23187.6 31540.5 52993.7 129620 73049.9 44806.4 66092.4 276270 56770.8 241455 289423 227423 270201 255605 44689.9 129213 146013 44144.8 132601 119365 54652.8 82805.8 66868.9 46425.7
log_desv_Rt
 0.459672 0.0147235 -0.0767733 0.304405 0.00135756 0.745046 -0.318928 -1.34647 -1.37479 -1.06714 -0.548236 0.346195 -0.227266 -0.716058 -0.327356 1.10297 -0.479387 0.968274 1.14948 0.908403 1.08076 1.02522 -0.718662 0.34305 0.465288 -0.730933 0.368932 0.263775 -0.517409 -0.101911 -0.315676 -0.680555
SSB
 739550 509066 222257 131168 190372 276695 453657 191243 161883 61955.9 20048.6 103819 158423 69490 9645.58 83999.8 343565 250904 282087 233689 329424 465091 253894 106087 224626 211823 137523 237690 333123 182511 177890 147428
BT
 1.28662e+06 959931 436867 567126 464709 1.1993e+06 814820 454826 392467 246163 210492 545073 505485 427518 456791 943500 684317 1.33848e+06 1.48641e+06 942563 1.7634e+06 1.30674e+06 594977 1.07739e+06 718054 551728 1.09903e+06 943848 604781 680093 575609 473261
Ftot
 0.486659 0.901508 0.895575 1.03854 0.32091 0.458947 1.16567 0.233969 1.07198 2.25114 0.382969 1.01221 1.06901 3.60744 1.31587 0.946309 0.70827 1.05388 1.42117 1.12882 0.800574 1.26026 1.30379 1.04128 0.997536 0.895244 0.822727 0.68446 0.75082 0.743172 1.24174 0.738479
BD_Bspro_t
 0.925089 0.566845 0.297689 0.217475 0.263992 0.391005 0.448633 0.234127 0.265681 0.147546 0.0720117 0.364583 0.318492 0.141693 0.0246583 0.177374 0.346568 0.261994 0.246712 0.190793 0.207065 0.257642 0.176913 0.0992331 0.210603 0.232644 0.196777 0.323472 0.382268 0.265565 0.276719 0.219402
BD_Bspro
 1.12055 0.771322 0.336757 0.198741 0.288446 0.419241 0.687368 0.289766 0.245281 0.0938739 0.0303771 0.157304 0.240038 0.105289 0.0146147 0.127274 0.52056 0.380163 0.42741 0.354079 0.499135 0.704693 0.384692 0.16074 0.340347 0.320949 0.208372 0.360142 0.504739 0.276536 0.269534 0.223379
BD_Bo
 1.64968 1.13555 0.495778 0.292589 0.424653 0.617211 1.01195 0.426597 0.361105 0.138202 0.0447215 0.231584 0.353386 0.155008 0.0215159 0.187374 0.766375 0.55968 0.629238 0.521278 0.734832 1.03746 0.566349 0.236643 0.501063 0.472504 0.306767 0.530205 0.743082 0.40712 0.396811 0.32886
BD_Brms
 9.1001 6.26401 2.73485 1.614 2.34251 3.40471 5.58221 2.35323 1.99196 0.762362 0.246697 1.27749 1.94938 0.855068 0.118688 1.03361 4.22754 3.08735 3.47105 2.87552 4.05354 5.7229 3.12414 1.30539 2.76401 2.60647 1.69221 2.92476 4.09905 2.24579 2.18892 1.81409
Sel_flota
 0.713257 1 1 1 1
 0.713257 1 1 1 1
 0.713257 1 1 1 1
 0.713257 1 1 1 1
 0.713257 1 1 1 1
 0.713257 1 1 1 1
 0.713257 1 1 1 1
 0.713257 1 1 1 1
 0.713257 1 1 1 1
 0.713257 1 1 1 1
 0.713257 1 1 1 1
 0.713257 1 1 1 1
 0.713257 1 1 1 1
 0.713257 1 1 1 1
 0.713257 1 1 1 1
 0.713257 1 1 1 1
 0.713257 1 1 1 1
 0.713257 1 1 1 1
 0.713257 1 1 1 1
 0.713257 1 1 1 1
 0.713257 1 1 1 1
 0.713257 1 1 1 1
 0.713257 1 1 1 1
 0.713257 1 1 1 1
 0.713257 1 1 1 1
 0.713257 1 1 1 1
 0.713257 1 1 1 1
 0.713257 1 1 1 1
 0.713257 1 1 1 1
 0.713257 1 1 1 1
 0.713257 1 1 1 1
 0.713257 1 1 1 1
Sel_reclas
 0.379153 0.754507 0.939274 0.987316 0.997454
 0.379153 0.754507 0.939274 0.987316 0.997454
 0.379153 0.754507 0.939274 0.987316 0.997454
 0.379153 0.754507 0.939274 0.987316 0.997454
 0.379153 0.754507 0.939274 0.987316 0.997454
 0.379153 0.754507 0.939274 0.987316 0.997454
 0.379153 0.754507 0.939274 0.987316 0.997454
 0.379153 0.754507 0.939274 0.987316 0.997454
 0.379153 0.754507 0.939274 0.987316 0.997454
 0.379153 0.754507 0.939274 0.987316 0.997454
 0.379153 0.754507 0.939274 0.987316 0.997454
 0.379153 0.754507 0.939274 0.987316 0.997454
 0.379153 0.754507 0.939274 0.987316 0.997454
 0.379153 0.754507 0.939274 0.987316 0.997454
 0.379153 0.754507 0.939274 0.987316 0.997454
 0.379153 0.754507 0.939274 0.987316 0.997454
 0.379153 0.754507 0.939274 0.987316 0.997454
 0.379153 0.754507 0.939274 0.987316 0.997454
 0.379153 0.754507 0.939274 0.987316 0.997454
 0.379153 0.754507 0.939274 0.987316 0.997454
 0.379153 0.754507 0.939274 0.987316 0.997454
 0.379153 0.754507 0.939274 0.987316 0.997454
 0.379153 0.754507 0.939274 0.987316 0.997454
 0.379153 0.754507 0.939274 0.987316 0.997454
 0.379153 0.754507 0.939274 0.987316 0.997454
 0.379153 0.754507 0.939274 0.987316 0.997454
 0.379153 0.754507 0.939274 0.987316 0.997454
 0.379153 0.754507 0.939274 0.987316 0.997454
 0.379153 0.754507 0.939274 0.987316 0.997454
 0.379153 0.754507 0.939274 0.987316 0.997454
 0.379153 0.754507 0.939274 0.987316 0.997454
 0.379153 0.754507 0.939274 0.987316 0.997454
Sel_pelaces
 0.272162 0.653003 0.904496 0.97945 0.995848
 0.272162 0.653003 0.904496 0.97945 0.995848
 0.272162 0.653003 0.904496 0.97945 0.995848
 0.272162 0.653003 0.904496 0.97945 0.995848
 0.272162 0.653003 0.904496 0.97945 0.995848
 0.272162 0.653003 0.904496 0.97945 0.995848
 0.272162 0.653003 0.904496 0.97945 0.995848
 0.272162 0.653003 0.904496 0.97945 0.995848
 0.272162 0.653003 0.904496 0.97945 0.995848
 0.272162 0.653003 0.904496 0.97945 0.995848
 0.272162 0.653003 0.904496 0.97945 0.995848
 0.272162 0.653003 0.904496 0.97945 0.995848
 0.272162 0.653003 0.904496 0.97945 0.995848
 0.272162 0.653003 0.904496 0.97945 0.995848
 0.272162 0.653003 0.904496 0.97945 0.995848
 0.272162 0.653003 0.904496 0.97945 0.995848
 0.272162 0.653003 0.904496 0.97945 0.995848
 0.272162 0.653003 0.904496 0.97945 0.995848
 0.272162 0.653003 0.904496 0.97945 0.995848
 0.272162 0.653003 0.904496 0.97945 0.995848
 0.272162 0.653003 0.904496 0.97945 0.995848
 0.272162 0.653003 0.904496 0.97945 0.995848
 0.272162 0.653003 0.904496 0.97945 0.995848
 0.272162 0.653003 0.904496 0.97945 0.995848
 0.272162 0.653003 0.904496 0.97945 0.995848
 0.272162 0.653003 0.904496 0.97945 0.995848
 0.272162 0.653003 0.904496 0.97945 0.995848
 0.272162 0.653003 0.904496 0.97945 0.995848
 0.272162 0.653003 0.904496 0.97945 0.995848
 0.272162 0.653003 0.904496 0.97945 0.995848
 0.272162 0.653003 0.904496 0.97945 0.995848
 0.272162 0.653003 0.904496 0.97945 0.995848
pf_obs 
 0.8446 0.082 0.0669 0.0065 0
 0.8095 0.147 0.0364 0.0071 0
 0.9664 0.0169 0.016 0.0007 0
 0.9276 0.0648 0.0075 0.0001 0
 0.7033 0.2144 0.0806 0.0017 0
 0.9318 0.0425 0.0243 0.0014 0
 0.5671 0.3108 0.0964 0.0239 0.0018
 0.0768 0.2599 0.5324 0.112 0.0189
 0.490249 0.384438 0.106611 0.0170017 0.00170017
 0.7925 0.1577 0.0466 0.003 0.0002
 0.840416 0.127587 0.0312969 0.00059994 9.999e-05
 0.8084 0.0986 0.0794 0.0134 0.0002
 0.7335 0.1905 0.0724 0.0035 0.0001
 0.4001 0.4547 0.1325 0.0127 0
 0.49795 0.308269 0.164784 0.0264974 0.00249975
 0.9179 0.0499 0.0305 0.0017 0
 0.2467 0.6533 0.0926 0.0074 0
 0.9418 0.0223 0.034 0.0019 0
 0.707729 0.231977 0.0356964 0.0245975 0
 0.517169 0.277429 0.184464 0.0207286 0.00020938
 0.811772 0.124168 0.05621 0.00726502 0.000585176
 0.764997 0.148141 0.077277 0.00933861 0.000247198
 0.163321 0.427699 0.378323 0.0303852 0.000271297
 0.753843 0.0900009 0.118128 0.0371064 0.000921714
 0.721811 0.176058 0.0630433 0.0369309 0.00215725
 0.143369 0.312575 0.442814 0.0836902 0.0175525
 0.692698 0.0596174 0.167031 0.0765114 0.00414204
 0.394062 0.376323 0.152708 0.0712218 0.00568511
 0.125707 0.32114 0.495352 0.0537591 0.00404204
 0.23352 0.215282 0.420074 0.123614 0.00750983
 0.796117 0.104755 0.0508955 0.0450114 0.00322123
 0.162477 0.292055 0.404252 0.121198 0.0200186
pf_pred 
 0.658945 0.149974 0.175367 0.0157121 8.87327e-07
 0.590345 0.305978 0.0455907 0.0533099 0.00477659
 0.722273 0.195661 0.0612962 0.00913311 0.0116364
 0.828841 0.138851 0.0227619 0.0071308 0.00241619
 0.7353 0.236041 0.023249 0.00381123 0.00159853
 0.812786 0.150627 0.0326255 0.00321345 0.000747732
 0.474821 0.456057 0.0556142 0.0120459 0.00146254
 0.500558 0.30575 0.168199 0.0205111 0.00498206
 0.595559 0.24021 0.100539 0.0553085 0.00838288
 0.829831 0.121849 0.0286985 0.0120116 0.00760936
 0.939433 0.0554536 0.00366122 0.000862308 0.000589555
 0.86875 0.125837 0.00495613 0.000327219 0.000129759
 0.696809 0.278335 0.0238312 0.000938601 8.65436e-05
 0.720121 0.223147 0.0520809 0.0044592 0.000191821
 0.974235 0.0229077 0.00227819 0.000531712 4.74839e-05
 0.957435 0.0419497 0.000547398 5.4439e-05 1.38403e-05
 0.451123 0.534639 0.0140323 0.000183106 2.28396e-05
 0.895976 0.058976 0.043879 0.00115166 1.69024e-05
 0.840662 0.149186 0.00575555 0.00428221 0.000114042
 0.809801 0.172463 0.0166063 0.000640665 0.000489358
 0.831518 0.14837 0.0182368 0.00175601 0.000119492
 0.765311 0.208624 0.0229538 0.00282136 0.000290153
 0.446128 0.472508 0.0723273 0.00795778 0.00107872
 0.903208 0.0572484 0.0337351 0.00516387 0.000645168
 0.827374 0.1624 0.00604862 0.00356431 0.000613758
 0.538209 0.410957 0.0478232 0.00178119 0.00123035
 0.887777 0.0738668 0.0341336 0.00397213 0.000250134
 0.758087 0.224491 0.0114675 0.00529909 0.00065549
 0.565901 0.361371 0.0674901 0.00344756 0.00179017
 0.786069 0.144781 0.0575652 0.010751 0.000834352
 0.719586 0.23973 0.0275331 0.0109472 0.00220319
 0.743183 0.210562 0.039544 0.00454164 0.00216919
pobs_RECLAS
 0 0 0 0 0
 0 0 0 0 0
 0 0 0 0 0
 0 0 0 0 0
 0 0 0 0 0
 0 0 0 0 0
 0 0 0 0 0
 0 0 0 0 0
 0 0 0 0 0
 0 0 0 0 0
 0.991045 0.00858322 0.000360255 1.14367e-05 0
 0.934742 0.0480273 0.0164251 0.00080598 0
 0.827803 0.169806 0.00239088 0 0
 0.941827 0.0461693 0.0120037 0 0
 0.791401 0.0380133 0.147996 0.0225897 0
 0.846168 0.0940531 0.0597789 0 0
 0.134021 0.677848 0.182769 0.00536245 0
 0.80878 0.0450904 0.141981 0.00414843 0
 0.846168 0.0940531 0.0597789 0 0
 0.905697 0.0802665 0.012482 0.00150086 5.37128e-05
 0.989698 0.0102097 9.19794e-05 0 0
 0.975433 0.0193895 0.00387452 0.00125025 5.28907e-05
 0.303575 0.632131 0.0575291 0.00676475 0
 0.966965 0.00978017 0.0227588 0.000495775 0
 0.843318 0.132988 0.00938335 0.0141283 0.000182051
 0.564624 0.303363 0.111486 0.0197234 0.00080311
 0.826376 0.0876187 0.0782897 0.00655872 0.00115652
 0.89761 0.0855135 0.0140674 0.00269457 0.000114338
 0.34875 0.467042 0.161289 0.0227151 0.000203297
 0.318654 0.224769 0.449479 0.00709798 0
 0.937255 0.0296025 0.0250945 0.00804832 0
 0.456809 0.399803 0.12412 0.0192676 0
ppred_RECLAS
 0.548148 0.174275 0.253685 0.0238916 1.36311e-06
 0.495686 0.351656 0.0652277 0.080173 0.00725729
 0.638005 0.236645 0.0922903 0.0144546 0.0186055
 0.77255 0.175734 0.035863 0.0118097 0.00404267
 0.657793 0.296875 0.0364014 0.00627253 0.00265789
 0.747387 0.193704 0.0522301 0.00540754 0.00127119
 0.393626 0.509296 0.0773155 0.0176029 0.00215918
 0.392876 0.338389 0.231741 0.0297052 0.00728934
 0.494751 0.270408 0.140894 0.0814727 0.0124753
 0.785539 0.142522 0.0417876 0.0183846 0.0117662
 0.91537 0.0757926 0.00622949 0.00154224 0.00106525
 0.828095 0.16313 0.00799829 0.000555083 0.000222379
 0.62434 0.338003 0.0360269 0.00149151 0.000138937
 0.695673 0.23093 0.0670959 0.00603863 0.00026243
 0.964991 0.0302608 0.00374641 0.000919108 8.29226e-05
 0.942579 0.0563843 0.000915928 9.57485e-05 2.45926e-05
 0.371306 0.608504 0.0198821 0.000272709 3.43654e-05
 0.851559 0.0760399 0.0704291 0.00194305 2.88101e-05
 0.796647 0.187147 0.00898811 0.00702933 0.000189124
 0.754994 0.217112 0.0260249 0.00105539 0.00081441
 0.776869 0.190781 0.0291923 0.00295467 0.000203123
 0.703212 0.256625 0.0351494 0.00454137 0.000471836
 0.367853 0.520024 0.0990936 0.0114604 0.00156947
 0.861612 0.0741426 0.0543896 0.0087513 0.00110461
 0.77605 0.207345 0.00961376 0.00595492 0.00103594
 0.453098 0.473714 0.0686259 0.00268672 0.0018749
 0.841229 0.0962192 0.0553507 0.00677063 0.00043074
 0.689518 0.282683 0.0179763 0.00873164 0.00109118
 0.475561 0.419039 0.097425 0.00523125 0.00274425
 0.710867 0.180736 0.0894585 0.017562 0.00137693
 0.648298 0.289495 0.0413907 0.0172988 0.00351722
 0.667102 0.260967 0.0610119 0.00736564 0.00355411
pobs_PELACES
 0 0 0 0 0
 0 0 0 0 0
 0 0 0 0 0
 0 0 0 0 0
 0 0 0 0 0
 0 0 0 0 0
 0 0 0 0 0
 0 0 0 0 0
 0 0 0 0 0
 0 0 0 0 0
 0 0 0 0 0
 0 0 0 0 0
 0 0 0 0 0
 0 0 0 0 0
 0 0 0 0 0
 0 0 0 0 0
 0.505614 0.472636 0.0217494 0 0
 0 0 0 0 0
 0.443492 0.261883 0.143347 0.151278 0
 0.227955 0.32914 0.350689 0.0885471 0.00366901
 0.970185 0.0296113 0.000203453 0 0
 0.997202 0.00247181 0.000326279 0 0
 0.445219 0.490057 0.0546422 0.010081 0
 0.90214 0.0892962 0.00764917 0.000914606 0
 0 0 0 0 0
 0.581667 0.319106 0.0959925 0.00289975 0.000334073
 0.762889 0.0836404 0.116647 0.0363945 0.000428098
 0.88444 0.0763242 0.0277011 0.0115352 0
 0.521256 0.241999 0.230069 0.00667565 0
 0.616807 0.101726 0.260614 0.0208532 0
 0.833518 0.0704572 0.0857862 0.0102388 0
 0.697417 0.212968 0.0787535 0.0105354 0.000325836
ppred_PELACES
 0.495901 0.181539 0.294031 0.0285269 1.638e-06
 0.460518 0.3617 0.0746492 0.0945219 0.008611
 0.604159 0.248232 0.107716 0.0173796 0.0225139
 0.751436 0.186801 0.0424163 0.0143892 0.00495725
 0.617996 0.326227 0.0445068 0.00790066 0.00336924
 0.713872 0.213594 0.0640818 0.0068348 0.001617
 0.371024 0.51835 0.0875551 0.0205358 0.00253507
 0.342798 0.348194 0.26532 0.0350358 0.00865252
 0.459155 0.273386 0.158493 0.0944156 0.0145498
 0.782821 0.13839 0.0451472 0.0204621 0.0131797
 0.901803 0.0868242 0.00794016 0.00202508 0.00140771
 0.813818 0.175639 0.00958181 0.000685047 0.000276204
 0.601264 0.354707 0.0420668 0.00179412 0.000168196
 0.721836 0.205353 0.0663866 0.0061551 0.000269206
 0.962234 0.0321217 0.00442483 0.0011183 0.000101541
 0.936944 0.0617878 0.00111678 0.000120268 3.10884e-05
 0.342926 0.63367 0.0230369 0.000325517 4.12829e-05
 0.832804 0.0811518 0.0836317 0.00237692 3.54691e-05
 0.7863 0.194688 0.0104037 0.00838194 0.000226961
 0.737335 0.229749 0.0306423 0.00128013 0.000994173
 0.753903 0.206938 0.0352319 0.00367357 0.000254164
 0.685494 0.267709 0.0407986 0.00543032 0.000567811
 0.348508 0.525072 0.111328 0.0132639 0.00182809
 0.843818 0.0793324 0.0647531 0.0107332 0.00136345
 0.757816 0.222132 0.0114597 0.00731253 0.00128027
 0.424148 0.491234 0.0791813 0.00319352 0.00224284
 0.819548 0.104556 0.0669226 0.00843318 0.000539948
 0.660262 0.305901 0.0216443 0.0108306 0.00136215
 0.441082 0.436466 0.112909 0.00624562 0.00329737
 0.676855 0.193396 0.106509 0.0215403 0.00169967
 0.627209 0.300253 0.0477651 0.0205653 0.00420818
 0.634768 0.279188 0.0726255 0.00903228 0.00438624
pobs_pel_tallas
 0 0 0 0 0 0 0 0 0 0 0 0 0 0 0 0 0 0 0 0 0 0 0 0 0 0
 0 0 0 0 0 0 0 0 0 0 0 0 0 0 0 0 0 0 0 0 0 0 0 0 0 0
 0 0 0 0 0 0 0 0 0 0 0 0 0 0 0 0 0 0 0 0 0 0 0 0 0 0
 0 0 0 0 0 0 0 0 0 0 0 0 0 0 0 0 0 0 0 0 0 0 0 0 0 0
 0 0 0 0 0 0 0 0 0 0 0 0 0 0 0 0 0 0 0 0 0 0 0 0 0 0
 0 0 0 0 0 0 0 0 0 0 0 0 0 0 0 0 0 0 0 0 0 0 0 0 0 0
 0 0 0 0 0 0 0 0 0 0 0 0 0 0 0 0 0 0 0 0 0 0 0 0 0 0
 0 0 0 0 0 0 0 0 0 0 0 0 0 0 0 0 0 0 0 0 0 0 0 0 0 0
 0 0 0 0 0 0 0 0 0 0 0 0 0 0 0 0 0 0 0 0 0 0 0 0 0 0
 0 0 0 0 0 0 0 0 0 0 0 0 0 0 0 0 0 0 0 0 0 0 0 0 0 0
 0 0 0 0 0 0 0 0 0 0 0 0 0 0 0 0 0 0 0 0 0 0 0 0 0 0
 0 0 0 0 0 0 0 0 0 0 0 0 0 0 0 0 0 0 0 0 0 0 0 0 0 0
 0.00862536 0 0 0.000197151 0.00414017 0.0128641 0.00837892 0.0270097 0.101434 0.158115 0.152841 0.127902 0.109271 0.109419 0.0830992 0.0579132 0.0238553 0.00714673 0.00463305 0.00128148 0.00103504 0.000492878 0.000147863 0.000147863 4.92878e-05 0
 0 0 0 0 0 0 0 0 0 0 0 0 0 0 0 0 0 0 0 0 0 0 0 0 0 0
 0 0 0 0 0 0 0 0.0054083 0.00873648 0.0413646 0.0450493 0.0745869 0.0622846 0.0627006 0.0613931 0.0827291 0.12552 0.122667 0.0946155 0.0697135 0.0546179 0.0294188 0.0215738 0.0213955 0.0102223 0.00600262
 0 0 0 0 0.00359764 0.0251062 0.0480494 0.140153 0.205849 0.193036 0.1447 0.116669 0.0760912 0.0342217 0.00950174 0.001854 0.000860785 0 0 0 0.000165536 0 0.000143464 0 0 0
 0 0 0 0 0 0 0 0.000145254 0.000435761 0.0275982 0.070085 0.0708112 0.156366 0.174668 0.174014 0.160142 0.0824315 0.0480064 0.0283245 0.00493863 0.00203355 0 0 0 0 0
 0 0 0 0 0 0 0 0 0 0 0 0 0 0 0 0 0 0 0 0 0 0 0 0 0 0
 0 0 1.00437e-05 0.000401748 0.00122533 0.00171747 0.00176769 0.0269171 0.070346 0.194647 0.189555 0.159765 0.064822 0.0314167 0.0384472 0.0292271 0.0345202 0.0313363 0.0194345 0.0106764 0.0143323 0.0359363 0.0279516 0.0138201 0.00172751 0
 0 0.0021121 0.0136068 0.0755702 0.200478 0.177729 0.0527432 0.0373336 0.0318909 0.0142505 0.0149659 0.0166563 0.0217959 0.0798694 0.0677717 0.0528807 0.04013 0.0224614 0.0357745 0.0225083 0.00881397 0.00855152 0.00135912 0.000746735 0 0
 0 0 0 0 5.4009e-05 0.00500934 0.000945158 0.0243581 0.138947 0.33067 0.221406 0.137944 0.0707744 0.0437923 0.0131692 0.00525238 0.0047753 0.00276346 9.45158e-05 9.00151e-06 2.25038e-05 9.00151e-06 4.50075e-06 0 0 0
 0.000866109 0.00284123 0.00948549 0.0512746 0.133035 0.25785 0.225252 0.132002 0.0553304 0.0519788 0.0540692 0.017754 0.00435017 0.00159236 0.00146478 0.000404838 0.000125132 0.000115318 0.000107957 0.000100596 0 0 0 0 0 0
 0 0 0 0 0.00144013 0.00171154 0.00461396 0.0210425 0.0478622 0.0707936 0.0888783 0.103762 0.0637923 0.0337046 0.0602308 0.124433 0.169614 0.0934646 0.0462172 0.0250306 0.0313229 0.00938855 0.002487 0.000210481 0 0
 0 0.00764035 0.051015 0.0998891 0.058973 0.0496711 0.0374665 0.0718981 0.12319 0.153886 0.159021 0.0857701 0.0377988 0.023471 0.0147837 0.00900784 0.00315554 0.000888139 0.00291439 0.00214683 0.00393193 0.00274676 0.000635225 9.99891e-05 0 0
 0 0 0 0 0 0 0 0 0 0 0 0 0 0 0 0 0 0 0 0 0 0 0 0 0 0
 0 0 0 0 0 0 0 0 0 0 0 0 0 0 0 0 0 0 0 0 0 0 0 0 0 0
 0 0 0 0 0 0 0 0 0 0 0 0 0 0 0 0 0 0 0 0 0 0 0 0 0 0
 0 0 0 0 0 0 0 0 0 0 0 0 0 0 0 0 0 0 0 0 0 0 0 0 0 0
 0 0 0 0 0 0 0 0 0 0 0 0 0 0 0 0 0 0 0 0 0 0 0 0 0 0
 0 0 0 0 0 0 0 0 0 0 0 0 0 0 0 0 0 0 0 0 0 0 0 0 0 0
 0 0 0 0 0 0 0 0 0 0 0 0 0 0 0 0 0 0 0 0 0 0 0 0 0 0
 0 0 0 0 0 0 0 0 0 0 0 0 0 0 0 0 0 0 0 0 0 0 0 0 0 0
ppred_pel_tallas
 1.11393e-16 4.08468e-05 0.000397045 0.00263851 0.0119943 0.0373187 0.0795122 0.116054 0.116072 0.0795999 0.0376146 0.0128542 0.00481742 0.00522063 0.00939779 0.0159824 0.0242065 0.0329091 0.0408437 0.0472966 0.0522514 0.0558935 0.0579603 0.057635 0.0541208 0.0473683
 1.13184e-16 3.79324e-05 0.000368716 0.00245025 0.0111385 0.0346562 0.07384 0.107779 0.107814 0.0740107 0.0352296 0.0127956 0.0066134 0.00946957 0.0173608 0.028747 0.0416697 0.0529861 0.0595496 0.06 0.0555895 0.0492773 0.0438178 0.040337 0.0382534 0.0362087
 1.08725e-16 4.97638e-05 0.000483722 0.0032145 0.0146127 0.0454656 0.0968701 0.14139 0.141414 0.0969877 0.0458606 0.0157552 0.00608826 0.00677657 0.0120583 0.0200064 0.0291687 0.0374265 0.0426409 0.0438198 0.0416536 0.037916 0.0342453 0.0312947 0.0287672 0.0260343
 1.03554e-16 6.18948e-05 0.00060164 0.00399811 0.0181748 0.0565487 0.120484 0.175853 0.175871 0.120572 0.0568447 0.0190301 0.00614639 0.00529607 0.00899143 0.0148037 0.0214068 0.0271062 0.0302165 0.0299637 0.0269303 0.0226238 0.018529 0.0153932 0.0131621 0.0113906
 1.02731e-16 5.09036e-05 0.000494801 0.00328813 0.0149474 0.046507 0.0990893 0.14463 0.144662 0.0992429 0.0470228 0.0164371 0.00702743 0.00865709 0.0155507 0.0256226 0.0368926 0.0463649 0.0510155 0.0494421 0.0426903 0.0335303 0.0247948 0.0180728 0.0135115 0.010455
 1.02864e-16 5.88007e-05 0.000571564 0.00379825 0.0172663 0.0537219 0.114461 0.167064 0.167084 0.114562 0.0540608 0.0182457 0.00625909 0.0059518 0.0103007 0.0169981 0.0246241 0.0312615 0.0349823 0.0348731 0.0315374 0.0266124 0.0217179 0.0176827 0.0145024 0.0118025
 1.05148e-16 3.05609e-05 0.000297063 0.00197409 0.00897395 0.0279216 0.0594917 0.0868403 0.0868903 0.0597359 0.0287417 0.0113431 0.00792214 0.0132853 0.0247081 0.0408264 0.0588721 0.0741632 0.0819329 0.079965 0.069887 0.0560116 0.0427081 0.0323677 0.0251379 0.0199722
 1.12724e-16 2.82359e-05 0.000274463 0.0018239 0.00829122 0.0257972 0.054965 0.0802301 0.080264 0.0551308 0.026355 0.00990663 0.00589534 0.00921717 0.0171724 0.028763 0.0424059 0.0553584 0.064772 0.0692341 0.0694046 0.0671559 0.0640055 0.0602139 0.0551317 0.0482035
 1.16575e-16 3.78201e-05 0.000367625 0.002443 0.0111055 0.0345535 0.0736209 0.107457 0.107484 0.0737509 0.0349904 0.0123703 0.0056286 0.00735848 0.0134237 0.0224215 0.0329839 0.0429512 0.0501507 0.0536285 0.0541491 0.0534518 0.0528858 0.0525542 0.0515236 0.0487075
 1.05621e-16 6.448e-05 0.000626768 0.0041651 0.0189339 0.0589106 0.125516 0.183197 0.18321 0.125581 0.0591304 0.0195695 0.00576294 0.00412299 0.00672863 0.0110863 0.0161185 0.0206026 0.0233432 0.0238104 0.0224431 0.0203072 0.0183867 0.0170717 0.0161505 0.0151612
 1.00693e-16 7.42803e-05 0.000722031 0.00479815 0.0218117 0.0678644 0.144592 0.211039 0.211047 0.144633 0.0680015 0.0222078 0.00579198 0.00289048 0.00418933 0.00679985 0.0097686 0.0122431 0.0134099 0.0128963 0.0109908 0.0084514 0.00605788 0.00425484 0.00308904 0.002375
 1.00437e-16 6.70331e-05 0.000651586 0.00433002 0.0196836 0.0612432 0.130486 0.190451 0.190468 0.130568 0.0615204 0.020484 0.0063377 0.00503017 0.00837034 0.0136991 0.0196504 0.0245474 0.0267292 0.0254288 0.021233 0.0157027 0.010467 0.00649001 0.00392561 0.00243504
 1.01514e-16 4.95254e-05 0.000481404 0.0031991 0.0145427 0.0452478 0.0964066 0.140715 0.14075 0.0965735 0.0458084 0.0161615 0.00726177 0.0093473 0.0168786 0.0278013 0.0399856 0.0501549 0.0549936 0.0529544 0.045169 0.0346745 0.0246101 0.0167888 0.0114611 0.00798349
 1.02632e-16 5.94567e-05 0.00057794 0.00384062 0.0174589 0.0543212 0.115738 0.168927 0.168947 0.115835 0.0546471 0.018401 0.00620811 0.00575514 0.00991794 0.0163697 0.0237312 0.0301636 0.0338172 0.0338103 0.030708 0.026058 0.0213872 0.0174707 0.0143031 0.0115472
 1.00266e-16 7.92579e-05 0.000770415 0.00511968 0.0232733 0.072412 0.154281 0.225179 0.225182 0.154297 0.0724627 0.02342 0.0054879 0.00157421 0.0016057 0.0025288 0.00363434 0.0045683 0.00502873 0.00487756 0.00421759 0.00332099 0.00246554 0.00180627 0.00135649 0.0010512
 1.00066e-16 7.71749e-05 0.000750167 0.00498512 0.0226617 0.0705088 0.150227 0.219262 0.219268 0.150256 0.0706063 0.0229429 0.00569059 0.00228815 0.00299208 0.00480858 0.00688231 0.00857625 0.00929924 0.00878067 0.00723196 0.00521339 0.00331329 0.00188481 0.000989383 0.000505319
 1.00867e-16 2.82465e-05 0.000274566 0.00182459 0.00829437 0.0258072 0.0549872 0.0802682 0.0803292 0.055285 0.0268069 0.0111804 0.00906354 0.0160591 0.0299522 0.049331 0.0707277 0.0882384 0.0958614 0.0908222 0.0752597 0.054861 0.0355857 0.0209936 0.011693 0.00646546
 1.02679e-16 6.8597e-05 0.000666787 0.00443104 0.0201429 0.0626719 0.133529 0.194892 0.1949 0.133568 0.0628026 0.0205216 0.00538706 0.00277128 0.00411646 0.00682923 0.0101378 0.0133831 0.0159153 0.0173899 0.0178949 0.0177532 0.0171894 0.0161748 0.0145571 0.0123059
 1.0123e-16 6.47665e-05 0.000629554 0.00418361 0.0190181 0.0591724 0.126074 0.184012 0.184031 0.126165 0.0594797 0.0199054 0.00640965 0.00548494 0.00927406 0.0151983 0.0218152 0.0272834 0.0297761 0.028459 0.0239955 0.0181172 0.0126118 0.00850748 0.0059184 0.00441319
 1.0124e-16 6.07333e-05 0.00059035 0.00392308 0.0178338 0.0554876 0.118223 0.172555 0.172577 0.118331 0.0558508 0.0188827 0.0065558 0.00633656 0.0109707 0.0180318 0.0259477 0.0325802 0.0357869 0.0345679 0.0296507 0.022987 0.0165874 0.0116028 0.00818009 0.00589976
 1.01482e-16 6.2098e-05 0.000603615 0.00401123 0.0182345 0.0567344 0.120879 0.176431 0.176451 0.120977 0.0570618 0.0191802 0.00638547 0.0057877 0.00991073 0.0162939 0.0234827 0.029562 0.0326162 0.0317494 0.0276012 0.0218903 0.0163708 0.0120229 0.0089439 0.00675648
 1.01887e-16 5.64633e-05 0.000548843 0.00364726 0.0165799 0.0515864 0.109911 0.160424 0.16045 0.110037 0.0520098 0.0178029 0.00671712 0.0072507 0.0127853 0.0210492 0.0303195 0.0381303 0.0419997 0.0407701 0.0352822 0.0277836 0.0205736 0.0149436 0.0110254 0.00831538
 1.04987e-16 2.87062e-05 0.000279035 0.00185429 0.00842935 0.0262271 0.0558815 0.0815713 0.0816219 0.0561291 0.0270586 0.0108316 0.0078868 0.0134566 0.0250799 0.0414802 0.0598965 0.0756182 0.0838344 0.0822844 0.0725495 0.0588824 0.0455791 0.0349732 0.0272161 0.0213502
 1.03197e-16 6.95042e-05 0.000675605 0.00448964 0.0204092 0.0635007 0.135295 0.197469 0.197477 0.135333 0.063628 0.0207778 0.00541902 0.00271818 0.00398891 0.00658941 0.00973031 0.012747 0.0149973 0.0161636 0.0163894 0.0160786 0.0155416 0.0147993 0.0136756 0.0120366
 1.01338e-16 6.24203e-05 0.000606748 0.00403205 0.0183291 0.0570289 0.121507 0.177347 0.177369 0.121611 0.0573795 0.0193414 0.0065716 0.00614569 0.0105675 0.0173341 0.0248773 0.0311027 0.0339237 0.0323858 0.0272459 0.0204833 0.0141464 0.00941969 0.00644505 0.0047371
 1.03111e-16 3.49366e-05 0.000339596 0.00225674 0.0102588 0.0319193 0.0680092 0.0992714 0.0993187 0.0682406 0.0326963 0.0125032 0.00789077 0.0126399 0.0233985 0.038634 0.0556629 0.0700152 0.0771366 0.0748918 0.0648053 0.0509815 0.037628 0.0271232 0.0197405 0.014603
 1.02896e-16 6.75051e-05 0.000656174 0.00436051 0.0198222 0.0616744 0.131404 0.19179 0.1918 0.131454 0.0618414 0.0203058 0.00557823 0.00332754 0.00517913 0.00855484 0.0125484 0.0162612 0.0188082 0.019755 0.0193213 0.0181293 0.0167245 0.0152773 0.0136553 0.0117029
 1.0202e-16 5.4385e-05 0.000528642 0.00351301 0.0159697 0.0496877 0.105866 0.154521 0.15455 0.10601 0.0501707 0.0173644 0.00701239 0.00816252 0.014537 0.0239063 0.0343388 0.0429866 0.0469874 0.0450282 0.0381376 0.0290112 0.0204293 0.0139858 0.00985755 0.00738439
 1.04555e-16 3.63315e-05 0.000353155 0.00234684 0.0106684 0.0331936 0.0707241 0.103233 0.103275 0.0709301 0.0338854 0.0126675 0.00736826 0.0113267 0.0209111 0.0346005 0.0500412 0.0633397 0.0705204 0.0696995 0.06214 0.0512774 0.0405606 0.0318312 0.025186 0.0198845
 1.05571e-16 5.57517e-05 0.000541926 0.00360129 0.016371 0.0509362 0.108526 0.1584 0.158419 0.108617 0.0512447 0.0172636 0.00584814 0.00546729 0.00946997 0.0157245 0.0230127 0.0297048 0.0341551 0.0355731 0.0344171 0.0319269 0.0292101 0.026648 0.0239921 0.0208735
 1.0423e-16 5.16624e-05 0.000502177 0.00333715 0.0151702 0.0472003 0.100566 0.146785 0.146814 0.100708 0.0476753 0.0165425 0.00678244 0.00802549 0.0143465 0.0236539 0.0341132 0.0429942 0.04755 0.0465212 0.0408786 0.0331406 0.0258355 0.0203092 0.016572 0.0139243
 1.03816e-16 5.2285e-05 0.000508229 0.00337736 0.015353 0.0477691 0.101778 0.148554 0.148581 0.10191 0.0482116 0.0166319 0.00659009 0.00752976 0.0134112 0.0221503 0.0320462 0.0405952 0.045266 0.0448695 0.0402267 0.0335375 0.0269925 0.0217324 0.0177655 0.0145615
pSPR Fmed_Fpbrs
0.558911   0.231282 0.231282
Fs Fmed_Fpbrs
0.34   1.005 1.005
SSBpbr Bo_Bmed_Bpbrs
448299  228145  81268.4 81268.4
Ro
91689.6
SPR SPRFo_SPRFmed_SPRFpbrs
659991 368877 152644
Fref
1.005
Nvult_r0
 38086 8779.52 1648.81 189.367 90.4456
CTP_r0
 15902 4400.71 826.461 94.9194 45.3356
YTP_r0
274302
Np
 86831.2 15598 1358.16 240.166 51.1774
Nvult_p0
 71233.2 13497.6 1175.27 207.825 44.2858
CTP_p0
 29741.9 4374.7 773.59 145.282 19.6188
 29741.9 6765.61 589.099 104.172 22.1981
YTP_p0
 324455 360539
CBA_c0
289348
log_Ro
11.2462
likeval ReclasPelacesDesembMPH_pf_preclas_ppelaces_ptallas_desvR_qrecl_qpela
 22.1909 0.000390036 0.019929 57.0115 264.054 136.508 117.367 0 22.3357 0.000204087 0.000313501 0.0262525 0 0 0
q_reclas_q_pelaces
7.54083 12.2313
M
1
N
 145196 24873.8 29085.3 2605.91 0.147166
 93049.6 37749.4 5624.64 6576.98 589.3
 84913.7 17995.6 5637.61 840.002 1070.23
 124314 16491.8 2703.51 846.949 286.979
 91814.2 21803.5 2147.54 352.049 147.659
 193148 26866.4 5819.19 573.163 133.368
 66651.7 51218.8 6245.92 1352.85 164.255
 23853.7 10676.7 5873.43 716.24 173.971
 23187.6 7426.53 3108.35 1709.96 259.171
 31540.5 3971.02 935.272 391.455 247.986
 52993.7 2329.44 153.797 36.2229 24.7654
 129620 14835.4 584.299 38.5773 15.2979
 73049.9 23165 1983.4 78.1169 7.20276
 44806.4 12536.7 2925.98 250.524 10.7768
 66092.4 1257.74 125.083 29.1935 2.60709
 276270 9511.46 124.114 12.3432 3.13808
 56770.8 51749.7 1358.24 17.7235 2.21073
 241455 12601.8 9375.95 246.084 3.61167
 289423 41888 1616.02 1202.34 32.0202
 227423 38637.7 3720.39 143.531 109.633
 270201 37400.1 4597.03 442.644 30.1209
 255605 56157 6178.64 759.447 78.1026
 44689.9 38272.8 5858.46 644.574 87.3756
 129213 6487.05 3822.66 585.139 73.1067
 146013 22618.2 842.422 496.419 85.4812
 44144.8 26369.2 3068.6 114.291 78.9459
 132601 8575.73 3962.81 461.154 29.0399
 119365 27126.9 1385.71 640.329 79.2077
 54652.8 26950.2 5033.25 257.11 133.506
 82805.8 11769 4679.4 873.931 67.8233
 66868.9 17929.1 2059.17 818.729 164.774
 46425.7 10145.8 1905.39 218.835 104.52
pred_Ctot
 27685.9 6301.24 7368.13 660.151 0.0372814
 29373.1 15224.2 2268.4 2652.48 237.663
 26670.1 7224.82 2263.37 337.242 429.675
 43621.8 7307.69 1197.96 375.293 127.164
 12097.1 3883.33 382.489 62.7018 26.2989
 35002.1 6486.66 1404.99 138.385 32.2006
 25411.3 24407.1 2976.34 644.669 78.2718
 2349.31 1435 789.422 96.2666 23.3827
 8326.49 3358.37 1405.64 773.267 117.201
 18000.4 2643.11 622.516 260.552 165.059
 8186.85 483.26 31.9064 7.51473 5.13778
 44633 6465 254.626 16.8113 6.66653
 26179.1 10457 895.337 35.2632 3.25144
 31360.5 9717.82 2268.07 194.193 8.3536
 27393.7 644.125 64.0585 14.9508 1.33516
 90475.4 3964.15 51.7279 5.14436 1.30788
 14824.3 17568.7 461.113 6.01702 0.750529
 85638.4 5636.99 4194 110.077 1.61555
 126243 22403.5 864.317 643.064 17.1258
 84755.1 18050.3 1738.05 67.0531 51.2171
 77798.4 13881.7 1706.27 164.295 11.1799
 102880 28045.1 3085.65 379.273 39.0049
 18408 19496.5 2984.34 328.351 44.5098
 45428.2 2879.39 1696.76 259.725 32.4497
 49738.1 9762.76 363.616 214.27 36.8964
 13861.3 10584 1231.66 45.8735 31.687
 39004.9 3245.37 1499.67 174.518 10.9898
 30316.2 8977.48 458.591 211.913 26.2133
 14956 9550.57 1783.68 91.1145 47.3118
 22475.6 4139.64 1645.93 307.396 23.8562
 26642.1 8875.82 1019.39 405.312 81.5713
 12537.4 3552.16 667.102 76.6169 36.5939
F
 0.347113 0.486659 0.486659 0.486659 0.486659
 0.643007 0.901508 0.901508 0.901508 0.901508
 0.638775 0.895575 0.895575 0.895575 0.895575
 0.740744 1.03854 1.03854 1.03854 1.03854
 0.228891 0.32091 0.32091 0.32091 0.32091
 0.327347 0.458947 0.458947 0.458947 0.458947
 0.831422 1.16567 1.16567 1.16567 1.16567
 0.16688 0.233969 0.233969 0.233969 0.233969
 0.764595 1.07198 1.07198 1.07198 1.07198
 1.60564 2.25114 2.25114 2.25114 2.25114
 0.273155 0.382969 0.382969 0.382969 0.382969
 0.721963 1.01221 1.01221 1.01221 1.01221
 0.76248 1.06901 1.06901 1.06901 1.06901
 2.57303 3.60744 3.60744 3.60744 3.60744
 0.938555 1.31587 1.31587 1.31587 1.31587
 0.674962 0.946309 0.946309 0.946309 0.946309
 0.505179 0.70827 0.70827 0.70827 0.70827
 0.751684 1.05388 1.05388 1.05388 1.05388
 1.01366 1.42117 1.42117 1.42117 1.42117
 0.805138 1.12882 1.12882 1.12882 1.12882
 0.571015 0.800574 0.800574 0.800574 0.800574
 0.898892 1.26026 1.26026 1.26026 1.26026
 0.929939 1.30379 1.30379 1.30379 1.30379
 0.742702 1.04128 1.04128 1.04128 1.04128
 0.7115 0.997536 0.997536 0.997536 0.997536
 0.638539 0.895244 0.895244 0.895244 0.895244
 0.586816 0.822727 0.822727 0.822727 0.822727
 0.488196 0.68446 0.68446 0.68446 0.68446
 0.535528 0.75082 0.75082 0.75082 0.75082
 0.530072 0.743172 0.743172 0.743172 0.743172
 0.885678 1.24174 1.24174 1.24174 1.24174
 0.526725 0.738479 0.738479 0.738479 0.738479
YTP_r0W_actual
 136757 109138 23058.3 3540.49 1808.89
YTP_p0W_proyectada
 224254 76338.6 18620.3 4550.22 691.562
 224254 118060 14179.6 3262.66 782.484
CTP_r0_actual
 15902 4400.71 826.461 94.9194 45.3356
CTP_p0_proyectada
 29741.9 4374.7 773.59 145.282 19.6188
 29741.9 6765.61 589.099 104.172 22.1981
Wmedp
 7.54 17.45 24.07 31.32 35.25
Frms_r0
 0.716823 1.005 1.005 1.005 1.005
Zrms_r0
 1.71682 2.005 2.005 2.005 2.005
nmprior
 7.29 8.9 8.7 0
nm_flota  nm_reclas  nm_pelaces    nm_pelaL
inf 10.1608 9.48723 23.3343
cv_recla  cv_pelaces  cv_mph
0.416735 0.721143 0.616504
 ------------------------------------------------
Talla a la edad & desviaci?n 
 8 13.2811 15.8009 17.003 17.5766
 0.8 1.32811 1.58009 1.7003 1.75766
