years
 1991 1992 1993 1994 1995 1996 1997 1998 1999 2000 2001 2002 2003 2004 2005 2006 2007 2008 2009 2010 2011 2012 2013 2014 2015 2016 2017 2018 2019 2020 2021 2022
reclasobs
 0 0 0 0 0 0 0 0 0 252601 567819 844713 477998 351125 339783 2.1784e+06 2.13404e+06 4.81314e+06 1.55562e+06 2.62356e+06 3.21686e+06 3.843e+06 1.13348e+06 3.07943e+06 1.97215e+06 2.03268e+06 2.025e+06 2.42433e+06 2.27542e+06 1.05018e+06 2.36338e+06 3.18982e+06
reclaspred
 2.57417e+06 1.57758e+06 1.09908e+06 1.16851e+06 1.2486e+06 1.47057e+06 1.15889e+06 1.72094e+06 1.86746e+06 2.00801e+06 1.48687e+06 1.48224e+06 1.32679e+06 1.21489e+06 1.26705e+06 1.23136e+06 1.2734e+06 1.43346e+06 664586 424074 637508 294675 536753 992834 915543 1.22816e+06 1.37776e+06 1.16939e+06 1.39564e+06 1.49149e+06 1.51401e+06 2.03798e+06
pelacesobs
 0 0 0 0 0 0 0 0 0 0 0 0 0 0 0 552880 188675 0 991730 2.46772e+06 1.41603e+06 1.21717e+06 2.29649e+06 1.80582e+06 0 1.4828e+06 1.56532e+06 1.57751e+06 1.42118e+06 867257 1.10002e+06 1.06204e+06
pelacespred
 1.3071e+06 794043 525247 480920 569619 656123 509003 886339 1.00717e+06 1.01147e+06 842779 691352 652481 648311 685693 555229 552416 579257 272616 144079 225871 84734.9 225359 465250 417195 572703 720333 605863 612346 717749 709461 939365
mphobs
 0 0 0 0 0 0 0 0 0 0 0 0 498337 0 5186 125008 0 168611 109162 213762 579715 649985 157893 87575 83554 210694 70296 0 107559 103333 445601 22526
mphpred
 2.65906e+06 1.61596e+06 1.03969e+06 839541 953639 1.07744e+06 1.07408e+06 934777 1.45069e+06 1.69497e+06 1.36701e+06 1.25343e+06 1.13712e+06 949019 909477 1.14104e+06 894072 1.13961e+06 703224 305223 319780 255221 132665 466924 767863 665032 995308 932287 1.05688e+06 1.10941e+06 1.06153e+06 1.25051e+06
desembarqueobs
 494567 514787 250237 358949 120608 361735 552515 73892 212993 205616 52469 317467 293654 387597 252695 516296 358380 742168 942051 627588 828172 859565 418607 520667 417249 300574 415391 372974 316634 284311 391294 218835
desembarquepred
 495146 506657 260536 358746 120543 361481 552068 73855.7 212942 205582 52448.6 317583 293783 388108 252659 515608 357888 739674 933404 621448 820811 850849 418534 520790 417194 300567 415310 372977 316651 284300 391376 218744
Reclutas
 211194 211194 211194 211194 211194 211194 211194 211194 211194 211194 211194 211194 211194 211194 211194 211194 211194 211194 211194 211194 211194 211194 211194 211194 211194 211194 211194 211194 211194 211194 211194 211194
log_desv_Rt
 0 0 0 0 0 0 0 0 0 0 0 0 0 0 0 0 0 0 0 0 0 0 0 0 0 0 0 0 0 0 0 0
SSB
 2.65906e+06 1.61596e+06 1.03969e+06 839541 953639 1.07744e+06 1.07408e+06 934777 1.45069e+06 1.69497e+06 1.36701e+06 1.25343e+06 1.09661e+06 936764 888107 1.10978e+06 894072 1.13961e+06 734781 319325 348078 318703 160200 525871 801337 733856 1.03437e+06 932287 1.09608e+06 1.08352e+06 1.17256e+06 1.4117e+06
BT
 3.7194e+06 2.60217e+06 1.60238e+06 1.68635e+06 1.66368e+06 2.24138e+06 1.9015e+06 3.06831e+06 3.25283e+06 2.97071e+06 2.35206e+06 2.17399e+06 2.1543e+06 2.48382e+06 2.48917e+06 2.0195e+06 1.96043e+06 2.30881e+06 1.82535e+06 1.02853e+06 1.52348e+06 1.05751e+06 1.28786e+06 2.18763e+06 1.59746e+06 2.16077e+06 2.72733e+06 2.26707e+06 1.96465e+06 2.4281e+06 2.44441e+06 2.95112e+06
Ftot
 0.181801 0.300374 0.223293 0.287836 0.0919906 0.231607 0.440075 0.0410659 0.108575 0.0974968 0.0337628 0.202264 0.208999 0.299687 0.18884 0.388733 0.264346 0.474852 1.19484 1.25828 1.11983 2.17327 0.71456 0.486123 0.422322 0.23097 0.283123 0.299438 0.214017 0.180431 0.243508 0.102208
BD_Bspro_t
 0.971331 0.816396 0.687333 0.66575 0.671906 0.742984 0.695509 0.619142 0.781796 0.829545 0.834635 0.868471 0.783673 0.722607 0.697283 0.71665 0.60659 0.649183 0.474478 0.267928 0.242325 0.209901 0.135014 0.358362 0.484994 0.521657 0.649207 0.657237 0.686056 0.688528 0.719699 0.736926
BD_Bspro
 1.74916 1.06299 0.683921 0.552258 0.627313 0.708753 0.706541 0.614906 0.954277 1.11497 0.89923 0.824518 0.721363 0.616213 0.584206 0.730027 0.588129 0.749648 0.483346 0.210055 0.228969 0.209646 0.105381 0.345923 0.527127 0.482738 0.680418 0.613268 0.721013 0.712751 0.771323 0.928628
BD_Bo
 1.43372 0.871295 0.560585 0.452666 0.514186 0.580939 0.579126 0.504016 0.782186 0.913896 0.737066 0.675827 0.591275 0.505087 0.478852 0.598377 0.482068 0.61446 0.396181 0.172175 0.187678 0.171839 0.0863773 0.283541 0.432067 0.395683 0.557713 0.502673 0.590988 0.584216 0.632225 0.761163
BD_Brms
 6.06062 3.68314 2.3697 1.91351 2.17357 2.45574 2.44808 2.13058 3.30646 3.86322 3.11573 2.85686 2.49944 2.1351 2.0242 2.52946 2.0378 2.59744 1.67474 0.727816 0.793351 0.726398 0.365134 1.19858 1.82643 1.67263 2.35757 2.1249 2.49823 2.4696 2.67254 3.21759
Sel_flota
 0.5 1 1 1 1
 0.5 1 1 1 1
 0.5 1 1 1 1
 0.5 1 1 1 1
 0.5 1 1 1 1
 0.5 1 1 1 1
 0.5 1 1 1 1
 0.5 1 1 1 1
 0.5 1 1 1 1
 0.5 1 1 1 1
 0.5 1 1 1 1
 0.5 1 1 1 1
 0.5 1 1 1 1
 0.5 1 1 1 1
 0.5 1 1 1 1
 0.5 1 1 1 1
 0.5 1 1 1 1
 0.5 1 1 1 1
 0.5 1 1 1 1
 0.5 1 1 1 1
 0.5 1 1 1 1
 0.5 1 1 1 1
 0.5 1 1 1 1
 0.5 1 1 1 1
 0.5 1 1 1 1
 0.5 1 1 1 1
 0.5 1 1 1 1
 0.5 1 1 1 1
 0.5 1 1 1 1
 0.5 1 1 1 1
 0.5 1 1 1 1
 0.5 1 1 1 1
Sel_reclas
 0.5 1 1 1 1
 0.5 1 1 1 1
 0.5 1 1 1 1
 0.5 1 1 1 1
 0.5 1 1 1 1
 0.5 1 1 1 1
 0.5 1 1 1 1
 0.5 1 1 1 1
 0.5 1 1 1 1
 0.5 1 1 1 1
 0.5 1 1 1 1
 0.5 1 1 1 1
 0.5 1 1 1 1
 0.5 1 1 1 1
 0.5 1 1 1 1
 0.5 1 1 1 1
 0.5 1 1 1 1
 0.5 1 1 1 1
 0.5 1 1 1 1
 0.5 1 1 1 1
 0.5 1 1 1 1
 0.5 1 1 1 1
 0.5 1 1 1 1
 0.5 1 1 1 1
 0.5 1 1 1 1
 0.5 1 1 1 1
 0.5 1 1 1 1
 0.5 1 1 1 1
 0.5 1 1 1 1
 0.5 1 1 1 1
 0.5 1 1 1 1
 0.5 1 1 1 1
Sel_pelaces
 0.5 1 1 1 1
 0.5 1 1 1 1
 0.5 1 1 1 1
 0.5 1 1 1 1
 0.5 1 1 1 1
 0.5 1 1 1 1
 0.5 1 1 1 1
 0.5 1 1 1 1
 0.5 1 1 1 1
 0.5 1 1 1 1
 0.5 1 1 1 1
 0.5 1 1 1 1
 0.5 1 1 1 1
 0.5 1 1 1 1
 0.5 1 1 1 1
 0.5 1 1 1 1
 0.5 1 1 1 1
 0.5 1 1 1 1
 0.5 1 1 1 1
 0.5 1 1 1 1
 0.5 1 1 1 1
 0.5 1 1 1 1
 0.5 1 1 1 1
 0.5 1 1 1 1
 0.5 1 1 1 1
 0.5 1 1 1 1
 0.5 1 1 1 1
 0.5 1 1 1 1
 0.5 1 1 1 1
 0.5 1 1 1 1
 0.5 1 1 1 1
 0.5 1 1 1 1
pf_obs 
 0.8446 0.082 0.0669 0.0065 0
 0.8095 0.147 0.0364 0.0071 0
 0.9664 0.0169 0.016 0.0007 0
 0.9276 0.0648 0.0075 0.0001 0
 0.7033 0.2144 0.0806 0.0017 0
 0.9318 0.0425 0.0243 0.0014 0
 0.5671 0.3108 0.0964 0.0239 0.0018
 0.0768 0.2599 0.5324 0.112 0.0189
 0.490249 0.384438 0.106611 0.0170017 0.00170017
 0.7925 0.1577 0.0466 0.003 0.0002
 0.840416 0.127587 0.0312969 0.00059994 9.999e-05
 0.8084 0.0986 0.0794 0.0134 0.0002
 0.7335 0.1905 0.0724 0.0035 0.0001
 0.4001 0.4547 0.1325 0.0127 0
 0.49795 0.308269 0.164784 0.0264974 0.00249975
 0.9179 0.0499 0.0305 0.0017 0
 0.2467 0.6533 0.0926 0.0074 0
 0.9418 0.0223 0.034 0.0019 0
 0.707729 0.231977 0.0356964 0.0245975 0
 0.517169 0.277429 0.184464 0.0207286 0.00020938
 0.811772 0.124168 0.05621 0.00726502 0.000585176
 0.764997 0.148141 0.077277 0.00933861 0.000247198
 0.163321 0.427699 0.378323 0.0303852 0.000271297
 0.753843 0.0900009 0.118128 0.0371064 0.000921714
 0.721811 0.176058 0.0630433 0.0369309 0.00215725
 0.143369 0.312575 0.442814 0.0836902 0.0175525
 0.692698 0.0596174 0.167031 0.0765114 0.00414204
 0.394062 0.376323 0.152708 0.0712218 0.00568511
 0.125707 0.32114 0.495352 0.0537591 0.00404204
 0.23352 0.215282 0.420074 0.123614 0.00750983
 0.796117 0.104755 0.0508955 0.0450114 0.00322123
 0.162477 0.292055 0.404252 0.121198 0.0200186
pf_pred 
 0.463385 0.019765 0.361362 0.0670378 0.0884501
 0.505125 0.319553 0.00645757 0.118063 0.0508006
 0.533024 0.322572 0.0932457 0.00188432 0.0492746
 0.533131 0.33114 0.0937572 0.0271024 0.0148696
 0.532968 0.33319 0.0949309 0.0268782 0.0120325
 0.511118 0.342724 0.104273 0.0297089 0.0121772
 0.534923 0.321547 0.100619 0.0306132 0.0122972
 0.553079 0.323784 0.0851349 0.0266406 0.0113613
 0.503455 0.354875 0.102637 0.026987 0.0120462
 0.497699 0.339936 0.11604 0.0335611 0.0127634
 0.490901 0.341592 0.113362 0.038697 0.0154482
 0.487605 0.338561 0.116638 0.0387077 0.0184881
 0.512096 0.326403 0.106711 0.0367629 0.0180274
 0.525323 0.327885 0.0982024 0.0321052 0.0164844
 0.537285 0.327476 0.0934169 0.0279786 0.0138435
 0.53408 0.331109 0.0954099 0.0272169 0.0121849
 0.556429 0.319618 0.0880882 0.0253829 0.0104825
 0.554314 0.325718 0.0864436 0.0238243 0.00970012
 0.611924 0.287925 0.073193 0.019425 0.00753337
 0.716684 0.23315 0.0372197 0.00946158 0.00348488
 0.733307 0.235779 0.0254403 0.00406125 0.00141266
 0.745914 0.225511 0.0252623 0.00272579 0.000586499
 0.810194 0.175766 0.012461 0.00139591 0.000183026
 0.661332 0.309638 0.0268829 0.00190588 0.000241494
 0.606711 0.32217 0.0650228 0.00564531 0.00045094
 0.577824 0.328505 0.0767328 0.0154868 0.00145197
 0.546296 0.338324 0.0897796 0.0209709 0.00462932
 0.546164 0.328506 0.0934576 0.0248005 0.00707173
 0.544386 0.330202 0.0907787 0.0258259 0.0088075
 0.529812 0.337616 0.0960801 0.0264142 0.0100774
 0.523761 0.335231 0.10125 0.0288142 0.0109437
 0.52424 0.334384 0.0995162 0.030057 0.0118025
pobs_RECLAS
 0 0 0 0 0
 0 0 0 0 0
 0 0 0 0 0
 0 0 0 0 0
 0 0 0 0 0
 0 0 0 0 0
 0 0 0 0 0
 0 0 0 0 0
 0 0 0 0 0
 0 0 0 0 0
 0.991045 0.00858322 0.000360255 1.14367e-05 0
 0.934742 0.0480273 0.0164251 0.00080598 0
 0.827803 0.169806 0.00239088 0 0
 0.941827 0.0461693 0.0120037 0 0
 0.791401 0.0380133 0.147996 0.0225897 0
 0.846168 0.0940531 0.0597789 0 0
 0.134021 0.677848 0.182769 0.00536245 0
 0.80878 0.0450904 0.141981 0.00414843 0
 0.846168 0.0940531 0.0597789 0 0
 0.905697 0.0802665 0.012482 0.00150086 5.37128e-05
 0.989698 0.0102097 9.19794e-05 0 0
 0.975433 0.0193895 0.00387452 0.00125025 5.28907e-05
 0.303575 0.632131 0.0575291 0.00676475 0
 0.966965 0.00978017 0.0227588 0.000495775 0
 0.843318 0.132988 0.00938335 0.0141283 0.000182051
 0.564624 0.303363 0.111486 0.0197234 0.00080311
 0.826376 0.0876187 0.0782897 0.00655872 0.00115652
 0.89761 0.0855135 0.0140674 0.00269457 0.000114338
 0.34875 0.467042 0.161289 0.0227151 0.000203297
 0.318654 0.224769 0.449479 0.00709798 0
 0.937255 0.0296025 0.0250945 0.00804832 0
 0.456809 0.399803 0.12412 0.0192676 0
ppred_RECLAS
 0.465481 0.0196878 0.359951 0.066776 0.0881046
 0.508865 0.317138 0.00640877 0.117171 0.0504167
 0.535667 0.320746 0.092718 0.00187366 0.0489957
 0.536672 0.328629 0.0930461 0.0268968 0.0147568
 0.533969 0.332476 0.0947275 0.0268206 0.0120067
 0.513884 0.340784 0.103683 0.0295407 0.0121083
 0.540813 0.317475 0.0993451 0.0302255 0.0121415
 0.553507 0.323474 0.0850533 0.0266151 0.0113504
 0.504655 0.354017 0.102389 0.0269218 0.0120171
 0.498768 0.339213 0.115793 0.0334896 0.0127363
 0.491255 0.341355 0.113283 0.03867 0.0154375
 0.489979 0.336993 0.116098 0.0385284 0.0184024
 0.514558 0.324756 0.106172 0.0365774 0.0179365
 0.529043 0.325315 0.0974329 0.0318536 0.0163552
 0.53947 0.32593 0.0929757 0.0278465 0.0137782
 0.539142 0.327511 0.0943734 0.0269212 0.0120525
 0.559608 0.317327 0.0874568 0.0252009 0.0104073
 0.560738 0.321023 0.0851977 0.0234809 0.00956032
 0.632855 0.272395 0.0692452 0.0183773 0.00712705
 0.735743 0.217465 0.0347158 0.00882507 0.00325044
 0.748898 0.221995 0.0239531 0.00382382 0.00133007
 0.78428 0.19146 0.0214478 0.00231421 0.00049794
 0.816869 0.169585 0.0120228 0.00134682 0.000176589
 0.667311 0.304172 0.0264083 0.00187223 0.000237231
 0.612072 0.317779 0.0641365 0.00556836 0.000444792
 0.580514 0.326411 0.0762437 0.0153881 0.00144272
 0.549754 0.335745 0.0890953 0.020811 0.00459404
 0.549857 0.325833 0.0926972 0.0245987 0.00701419
 0.546895 0.328383 0.0902787 0.0256837 0.00875899
 0.531893 0.336122 0.0956548 0.0262973 0.0100328
 0.526686 0.333172 0.100628 0.0286372 0.0108765
 0.525362 0.333595 0.0992816 0.0299862 0.0117747
pobs_PELACES
 0 0 0 0 0
 0 0 0 0 0
 0 0 0 0 0
 0 0 0 0 0
 0 0 0 0 0
 0 0 0 0 0
 0 0 0 0 0
 0 0 0 0 0
 0 0 0 0 0
 0 0 0 0 0
 0 0 0 0 0
 0 0 0 0 0
 0 0 0 0 0
 0 0 0 0 0
 0 0 0 0 0
 0 0 0 0 0
 0.505614 0.472636 0.0217494 0 0
 0 0 0 0 0
 0.443492 0.261883 0.143347 0.151278 0
 0.227955 0.32914 0.350689 0.0885471 0.00366901
 0.970185 0.0296113 0.000203453 0 0
 0.997202 0.00247181 0.000326279 0 0
 0.445219 0.490057 0.0546422 0.010081 0
 0.90214 0.0892962 0.00764917 0.000914606 0
 0 0 0 0 0
 0.581667 0.319106 0.0959925 0.00289975 0.000334073
 0.762889 0.0836404 0.116647 0.0363945 0.000428098
 0.88444 0.0763242 0.0277011 0.0115352 0
 0.521256 0.241999 0.230069 0.00667565 0
 0.616807 0.101726 0.260614 0.0208532 0
 0.833518 0.0704572 0.0857862 0.0102388 0
 0.697417 0.212968 0.0787535 0.0105354 0.000325836
ppred_PELACES
 0.472952 0.0194126 0.35492 0.0658427 0.0868732
 0.521244 0.309145 0.00624724 0.114218 0.049146
 0.544818 0.314425 0.0908907 0.00183673 0.0480301
 0.548458 0.320269 0.0906791 0.0262126 0.0143814
 0.537744 0.329783 0.0939602 0.0266034 0.0119094
 0.523425 0.334096 0.101648 0.028961 0.0118707
 0.558784 0.30505 0.0954571 0.0290426 0.0116663
 0.555181 0.322261 0.0847344 0.0265153 0.0113078
 0.509133 0.350817 0.101463 0.0266784 0.0119085
 0.50279 0.336491 0.114864 0.0332209 0.0126341
 0.492648 0.34042 0.112973 0.0385642 0.0153952
 0.498321 0.331481 0.114199 0.0378982 0.0181014
 0.523167 0.318997 0.104289 0.0359288 0.0176184
 0.541343 0.316819 0.0948882 0.0310217 0.015928
 0.547201 0.320458 0.0914149 0.027379 0.0135469
 0.555033 0.316218 0.0911191 0.0259929 0.0116369
 0.570328 0.309602 0.085328 0.0245875 0.010154
 0.579935 0.306993 0.0814743 0.0224547 0.0091425
 0.677353 0.239381 0.0608527 0.01615 0.00626325
 0.774094 0.185905 0.0296776 0.0075443 0.00277871
 0.782027 0.192706 0.0207929 0.00331933 0.00115459
 0.838806 0.143066 0.0160266 0.00172926 0.000372078
 0.833852 0.153858 0.0109078 0.00122192 0.000160213
 0.684873 0.288115 0.0250143 0.0017734 0.000224708
 0.628483 0.304335 0.0614233 0.0053328 0.000425976
 0.589765 0.319213 0.0745623 0.0150487 0.0014109
 0.561289 0.327144 0.0868129 0.0202779 0.00447635
 0.562054 0.317005 0.0901856 0.0239322 0.00682414
 0.555631 0.322053 0.0885383 0.0251885 0.00859013
 0.539298 0.330805 0.0941417 0.0258813 0.0098741
 0.53669 0.32613 0.0985015 0.0280319 0.0106466
 0.529565 0.330641 0.0984023 0.0297206 0.0116704
pobs_pel_tallas
 0 0 0 0 0 0 0 0 0 0 0 0 0 0 0 0 0 0 0 0 0 0 0 0 0 0
 0 0 0 0 0 0 0 0 0 0 0 0 0 0 0 0 0 0 0 0 0 0 0 0 0 0
 0 0 0 0 0 0 0 0 0 0 0 0 0 0 0 0 0 0 0 0 0 0 0 0 0 0
 0 0 0 0 0 0 0 0 0 0 0 0 0 0 0 0 0 0 0 0 0 0 0 0 0 0
 0 0 0 0 0 0 0 0 0 0 0 0 0 0 0 0 0 0 0 0 0 0 0 0 0 0
 0 0 0 0 0 0 0 0 0 0 0 0 0 0 0 0 0 0 0 0 0 0 0 0 0 0
 0 0 0 0 0 0 0 0 0 0 0 0 0 0 0 0 0 0 0 0 0 0 0 0 0 0
 0 0 0 0 0 0 0 0 0 0 0 0 0 0 0 0 0 0 0 0 0 0 0 0 0 0
 0 0 0 0 0 0 0 0 0 0 0 0 0 0 0 0 0 0 0 0 0 0 0 0 0 0
 0 0 0 0 0 0 0 0 0 0 0 0 0 0 0 0 0 0 0 0 0 0 0 0 0 0
 0 0 0 0 0 0 0 0 0 0 0 0 0 0 0 0 0 0 0 0 0 0 0 0 0 0
 0 0 0 0 0 0 0 0 0 0 0 0 0 0 0 0 0 0 0 0 0 0 0 0 0 0
 0.00862536 0 0 0.000197151 0.00414017 0.0128641 0.00837892 0.0270097 0.101434 0.158115 0.152841 0.127902 0.109271 0.109419 0.0830992 0.0579132 0.0238553 0.00714673 0.00463305 0.00128148 0.00103504 0.000492878 0.000147863 0.000147863 4.92878e-05 0
 0 0 0 0 0 0 0 0 0 0 0 0 0 0 0 0 0 0 0 0 0 0 0 0 0 0
 0 0 0 0 0 0 0 0.0054083 0.00873648 0.0413646 0.0450493 0.0745869 0.0622846 0.0627006 0.0613931 0.0827291 0.12552 0.122667 0.0946155 0.0697135 0.0546179 0.0294188 0.0215738 0.0213955 0.0102223 0.00600262
 0 0 0 0 0.00359764 0.0251062 0.0480494 0.140153 0.205849 0.193036 0.1447 0.116669 0.0760912 0.0342217 0.00950174 0.001854 0.000860785 0 0 0 0.000165536 0 0.000143464 0 0 0
 0 0 0 0 0 0 0 0.000145254 0.000435761 0.0275982 0.070085 0.0708112 0.156366 0.174668 0.174014 0.160142 0.0824315 0.0480064 0.0283245 0.00493863 0.00203355 0 0 0 0 0
 0 0 0 0 0 0 0 0 0 0 0 0 0 0 0 0 0 0 0 0 0 0 0 0 0 0
 0 0 1.00437e-05 0.000401748 0.00122533 0.00171747 0.00176769 0.0269171 0.070346 0.194647 0.189555 0.159765 0.064822 0.0314167 0.0384472 0.0292271 0.0345202 0.0313363 0.0194345 0.0106764 0.0143323 0.0359363 0.0279516 0.0138201 0.00172751 0
 0 0.0021121 0.0136068 0.0755702 0.200478 0.177729 0.0527432 0.0373336 0.0318909 0.0142505 0.0149659 0.0166563 0.0217959 0.0798694 0.0677717 0.0528807 0.04013 0.0224614 0.0357745 0.0225083 0.00881397 0.00855152 0.00135912 0.000746735 0 0
 0 0 0 0 5.4009e-05 0.00500934 0.000945158 0.0243581 0.138947 0.33067 0.221406 0.137944 0.0707744 0.0437923 0.0131692 0.00525238 0.0047753 0.00276346 9.45158e-05 9.00151e-06 2.25038e-05 9.00151e-06 4.50075e-06 0 0 0
 0.000866109 0.00284123 0.00948549 0.0512746 0.133035 0.25785 0.225252 0.132002 0.0553304 0.0519788 0.0540692 0.017754 0.00435017 0.00159236 0.00146478 0.000404838 0.000125132 0.000115318 0.000107957 0.000100596 0 0 0 0 0 0
 0 0 0 0 0.00144013 0.00171154 0.00461396 0.0210425 0.0478622 0.0707936 0.0888783 0.103762 0.0637923 0.0337046 0.0602308 0.124433 0.169614 0.0934646 0.0462172 0.0250306 0.0313229 0.00938855 0.002487 0.000210481 0 0
 0 0.00764035 0.051015 0.0998891 0.058973 0.0496711 0.0374665 0.0718981 0.12319 0.153886 0.159021 0.0857701 0.0377988 0.023471 0.0147837 0.00900784 0.00315554 0.000888139 0.00291439 0.00214683 0.00393193 0.00274676 0.000635225 9.99891e-05 0 0
 0 0 0 0 0 0 0 0 0 0 0 0 0 0 0 0 0 0 0 0 0 0 0 0 0 0
 0 0 0 0 0 0 0 0 0 0 0 0 0 0 0 0 0 0 0 0 0 0 0 0 0 0
 0 0 0 0 0 0 0 0 0 0 0 0 0 0 0 0 0 0 0 0 0 0 0 0 0 0
 0 0 0 0 0 0 0 0 0 0 0 0 0 0 0 0 0 0 0 0 0 0 0 0 0 0
 0 0 0 0 0 0 0 0 0 0 0 0 0 0 0 0 0 0 0 0 0 0 0 0 0 0
 0 0 0 0 0 0 0 0 0 0 0 0 0 0 0 0 0 0 0 0 0 0 0 0 0 0
 0 0 0 0 0 0 0 0 0 0 0 0 0 0 0 0 0 0 0 0 0 0 0 0 0 0
 0 0 0 0 0 0 0 0 0 0 0 0 0 0 0 0 0 0 0 0 0 0 0 0 0 0
ppred_pel_tallas
 1.31552e-16 3.89564e-05 0.00037867 0.0025164 0.0114392 0.0355915 0.0758316 0.110679 0.110681 0.0758439 0.0356344 0.0115707 0.0028752 0.0012573 0.00198894 0.00396638 0.00745231 0.0130538 0.021373 0.0326876 0.0465547 0.0615309 0.0752888 0.085237 0.0894035 0.0871248
 1.20031e-16 4.29342e-05 0.000417336 0.00277335 0.0126072 0.039226 0.0835762 0.121988 0.122018 0.0837218 0.0397147 0.0140187 0.00631648 0.00815368 0.0147434 0.0243353 0.0351477 0.0444703 0.0496609 0.0497185 0.0460075 0.0414257 0.03862 0.0385763 0.040427 0.0422931
 1.11016e-16 4.4876e-05 0.00043621 0.00289877 0.0131774 0.041 0.087356 0.127505 0.127535 0.0875045 0.0414988 0.0146192 0.00652179 0.00835817 0.0151283 0.0250404 0.036308 0.0461735 0.0518573 0.0521011 0.0479018 0.0417699 0.0361318 0.0321324 0.0295414 0.0274581
 1.07762e-16 4.51759e-05 0.000439125 0.00291814 0.0132655 0.041274 0.0879397 0.128357 0.128388 0.088091 0.0417821 0.014734 0.0066082 0.00850743 0.0154064 0.025499 0.0369655 0.0469898 0.0527252 0.0528629 0.0483765 0.0417711 0.0354699 0.0306223 0.0270385 0.0239235
 1.0748e-16 4.42933e-05 0.000430547 0.00286114 0.0130063 0.0404677 0.0862219 0.12585 0.125882 0.0863776 0.0409909 0.0145185 0.00666084 0.00873854 0.0158617 0.0262554 0.0380603 0.0483758 0.054266 0.0543759 0.0496989 0.0428061 0.0361898 0.0310414 0.0271854 0.0238329
 1.07933e-16 4.31139e-05 0.000419082 0.00278495 0.01266 0.0393901 0.083926 0.122499 0.122532 0.0840838 0.0399204 0.0141927 0.00663682 0.00884286 0.016086 0.0266427 0.0386527 0.0491929 0.055302 0.0556117 0.0511159 0.0443865 0.037901 0.0328178 0.0289284 0.0254318
 1.0772e-16 4.60264e-05 0.000447393 0.00297308 0.0135152 0.042051 0.0895952 0.130773 0.130803 0.0897394 0.0425353 0.0149151 0.0064913 0.00814239 0.0147037 0.0243498 0.0353426 0.0450168 0.0506785 0.0510857 0.047146 0.0411962 0.0354742 0.0310053 0.0275673 0.024407
 1.07101e-16 4.57296e-05 0.000444508 0.00295391 0.0134281 0.0417799 0.0890177 0.12993 0.129962 0.0891698 0.0422909 0.014905 0.00666445 0.00855587 0.0154839 0.0256133 0.0370999 0.0470948 0.052719 0.0526482 0.0478698 0.0409313 0.0343136 0.0292206 0.0254975 0.02236
 1.07709e-16 4.19367e-05 0.00040764 0.00270891 0.0123143 0.0383146 0.0816346 0.119155 0.119189 0.0818003 0.0388712 0.0139231 0.0067513 0.00924648 0.0168706 0.0279348 0.0404976 0.0514773 0.0577491 0.0578665 0.0528781 0.0455098 0.0384073 0.0328403 0.0286353 0.0249745
 1.08871e-16 4.14142e-05 0.000402561 0.00267516 0.0121609 0.0378373 0.0806175 0.11767 0.117703 0.0807766 0.0383718 0.0137061 0.0065595 0.00890073 0.016236 0.0269205 0.0391169 0.0499114 0.0563487 0.0570616 0.05303 0.0467833 0.0407235 0.0359203 0.0320956 0.0284291
 1.0982e-16 4.05788e-05 0.00039444 0.0026212 0.0119156 0.037074 0.0789914 0.115297 0.11533 0.0791523 0.0376147 0.0134787 0.00655035 0.00899041 0.0164209 0.0272282 0.0395632 0.0504826 0.0570055 0.0577649 0.0537746 0.0476146 0.0417238 0.0371678 0.0336195 0.0301837
 1.10245e-16 4.10461e-05 0.000398983 0.00265138 0.0120528 0.0375009 0.0799009 0.116624 0.116657 0.0800577 0.0380276 0.0135754 0.00647905 0.00877413 0.0160041 0.0265441 0.0385914 0.0492899 0.055749 0.0566457 0.0529657 0.0472058 0.0417123 0.0374866 0.0341766 0.030888
 1.09676e-16 4.30926e-05 0.000418876 0.00278358 0.0126538 0.0393707 0.0838846 0.122438 0.122469 0.0840354 0.0398773 0.0141184 0.00646505 0.00847275 0.0153898 0.0255089 0.0370617 0.0472862 0.0533916 0.0541034 0.050383 0.044662 0.0392363 0.0351051 0.031947 0.0288936
 1.08626e-16 4.45898e-05 0.000433429 0.00288029 0.0130934 0.0407385 0.0867989 0.126692 0.126723 0.0869486 0.0412414 0.0145468 0.00653301 0.00842186 0.015259 0.0252692 0.0366661 0.0466816 0.0525197 0.0529008 0.0487883 0.0426378 0.036799 0.0323454 0.0290262 0.0260115
 1.07759e-16 4.50723e-05 0.000438119 0.00291146 0.0132351 0.0411794 0.0877382 0.128063 0.128094 0.0878895 0.0416878 0.0147046 0.006604 0.00851208 0.0154177 0.0255196 0.0369993 0.047041 0.0527981 0.0529615 0.0485037 0.0419262 0.0356463 0.0308065 0.0272116 0.0240666
 1.07287e-16 4.57174e-05 0.00044439 0.00295313 0.0134245 0.0417688 0.0889939 0.129896 0.129926 0.0891433 0.0422705 0.0148746 0.00659695 0.00841186 0.0152157 0.0251833 0.0365114 0.0464187 0.0520928 0.0522359 0.0477995 0.0412442 0.0349519 0.0300555 0.0263792 0.0231626
 1.06726e-16 4.69772e-05 0.000456635 0.0030345 0.0137944 0.0429198 0.0914462 0.133475 0.133505 0.0915924 0.0434108 0.0152137 0.00660057 0.008253 0.014888 0.0246291 0.035688 0.0453305 0.0507935 0.0508015 0.0462906 0.0396871 0.033351 0.0284229 0.0247552 0.0216141
 1.06229e-16 4.77685e-05 0.000464327 0.00308562 0.0140268 0.0436427 0.0929865 0.135723 0.135752 0.0931315 0.0441295 0.0154337 0.00662029 0.00819109 0.0147535 0.024397 0.0353335 0.0448417 0.050172 0.0500531 0.0454152 0.0386782 0.0322078 0.0271667 0.0234373 0.0203089
 1.04497e-16 5.57927e-05 0.000542325 0.00360394 0.016383 0.0509738 0.108606 0.158518 0.158541 0.108719 0.0513533 0.0174797 0.006359 0.00656407 0.0115141 0.0190045 0.0275069 0.034877 0.0389616 0.0387645 0.0350128 0.0296053 0.0244078 0.0203527 0.0173714 0.0149224
 1.02131e-16 6.37612e-05 0.000619781 0.00411866 0.0187229 0.0582539 0.124117 0.181156 0.181174 0.124204 0.058548 0.0195724 0.00625143 0.0052766 0.0089108 0.0146381 0.0210985 0.0265699 0.0293402 0.0286191 0.0249992 0.0200393 0.0153175 0.0116945 0.00921443 0.00748106
 1.01178e-16 6.44146e-05 0.000626133 0.00416087 0.0189147 0.0588508 0.125389 0.183012 0.183031 0.125479 0.0591553 0.0197941 0.00636759 0.00544156 0.00920427 0.0150999 0.0217111 0.0272279 0.0298502 0.0287443 0.0245365 0.0188891 0.0135153 0.00939587 0.00664777 0.00489107
 1.00736e-16 6.90914e-05 0.000671593 0.00446297 0.020288 0.0631237 0.134492 0.196298 0.196312 0.134559 0.0633497 0.0209409 0.00610136 0.00424689 0.00685529 0.0112133 0.0161212 0.020218 0.0221645 0.0213393 0.0182035 0.0139872 0.00996039 0.00685322 0.0047597 0.0034085
 1.00504e-16 6.86833e-05 0.000667627 0.00443661 0.0201682 0.0627509 0.133698 0.195139 0.195154 0.13377 0.0629938 0.0208696 0.00619627 0.00450594 0.0073494 0.0120177 0.0172496 0.0215733 0.0235381 0.0224732 0.0188879 0.0141364 0.00962793 0.00618889 0.00394341 0.00259533
 1.01012e-16 5.64121e-05 0.000548346 0.00364395 0.0165649 0.0515397 0.109812 0.160279 0.160307 0.109947 0.0519947 0.0178788 0.00694068 0.00774052 0.013702 0.0225268 0.0323594 0.0405093 0.0442698 0.0423841 0.0357938 0.0270121 0.0186484 0.0122268 0.00797191 0.0053418
 1.02458e-16 5.17673e-05 0.000503197 0.00334392 0.015201 0.0472961 0.10077 0.147084 0.147113 0.100914 0.0477779 0.0165929 0.00683905 0.00813703 0.0145612 0.0240197 0.034662 0.0437204 0.0483943 0.0473666 0.0415558 0.0334409 0.0255386 0.0192343 0.0146461 0.0112362
 1.03982e-16 4.85783e-05 0.000472198 0.00313792 0.0142646 0.0443825 0.0945628 0.138024 0.138054 0.0947133 0.0448883 0.0157259 0.00680845 0.00849241 0.0153022 0.0252772 0.0365395 0.0462223 0.0514226 0.050782 0.0452577 0.0374015 0.029762 0.0236781 0.0191692 0.015611
 1.05381e-16 4.62327e-05 0.000449398 0.00298641 0.0135758 0.0422395 0.0899969 0.13136 0.131391 0.0901514 0.0427582 0.0150749 0.00675246 0.0086814 0.0157117 0.0259836 0.0376182 0.0477087 0.0533096 0.0530467 0.047892 0.0404144 0.0331445 0.0273577 0.0229904 0.0193585
 1.06239e-16 4.62957e-05 0.00045001 0.00299048 0.0135943 0.0422971 0.0901195 0.131539 0.131569 0.0902692 0.0428 0.0150477 0.00664249 0.0084347 0.0152469 0.0252281 0.0365612 0.0464474 0.0520537 0.0520634 0.0474175 0.0405796 0.0339508 0.0287001 0.0247017 0.0212499
 1.06618e-16 4.57666e-05 0.000444868 0.0029563 0.013439 0.0418137 0.0890897 0.130036 0.130067 0.0892418 0.0423245 0.0149152 0.00666555 0.00855408 0.0154818 0.0256145 0.037112 0.0471295 0.0527886 0.0527571 0.0480038 0.0410501 0.0343534 0.0291096 0.0251814 0.0218255
 1.07068e-16 4.44213e-05 0.000431791 0.00286941 0.0130439 0.0405847 0.0864711 0.126214 0.126246 0.0866273 0.0411094 0.0145607 0.00668065 0.00876483 0.0159089 0.0263317 0.0381663 0.0484995 0.0543814 0.0544461 0.0496841 0.042671 0.0359098 0.0306069 0.0266062 0.0231403
 1.07539e-16 4.42065e-05 0.000429703 0.00285553 0.0129808 0.0403884 0.0860529 0.125603 0.125635 0.0862069 0.0409059 0.0144769 0.00661523 0.00865166 0.015702 0.0260014 0.0377174 0.0479923 0.0539322 0.0541987 0.0497609 0.0431315 0.0367341 0.0317081 0.0278596 0.0244156
 1.0788e-16 4.36197e-05 0.000423999 0.00281762 0.0128085 0.0398522 0.0849106 0.123936 0.123968 0.0850668 0.0403769 0.0143252 0.00662897 0.00875872 0.0159156 0.0263557 0.0382288 0.0486388 0.0546535 0.0549205 0.0504303 0.0437392 0.0373108 0.0322987 0.0284949 0.0250957
pSPR Fmed_Fpbrs
0.600942   0.286563 0.286563
Fs Fmed_Fpbrs
0.34   1.005 1.005
SSBpbr Bo_Bmed_Bpbrs
1.85466e+06  1.02181e+06  438744 438744
Ro
211194
SPR SPRFo_SPRFmed_SPRFpbrs
1.5202e+06 913550 435632
Fref
1.005
Nvult_r0
 164188 59524.6 17715.2 5350.54 2100.99
CTP_r0
 54911.4 29836.5 8879.67 2681.94 1053.12
YTP_r0
1.60198e+06
Np
 211194 47006.1 9941.06 3076.57 1038.92
Nvult_p0
 164188 40676.2 8602.39 2662.28 899.017
CTP_p0
 54911.4 32020.7 9909.82 2949.27 1186.63
 54911.4 20388.8 4311.92 1334.46 450.629
YTP_p0
 1.34552e+06 931285
CBA_c0
1.52504e+06
log_Ro
12.0805
likeval ReclasPelacesDesembMPH_pf_preclas_ppelaces_ptallas_desvR_qrecl_qpela
 162.767 0.00159827 11.3322 469.905 266.794 162.253 119.363 0 0 0 0 46.8882 0 0 0
q_reclas_q_pelaces
1 1
M
1
N
 211194 4673.96 85453.8 15852.9 20916.4
 211194 70943 1433.63 26210.9 11278.1
 211194 66859.3 19327 390.563 10213.1
 211194 69486.4 19674 5687.16 3120.24
 211194 67279.7 19169 5427.41 2429.67
 211194 74201.3 22575.6 6432.12 2636.42
 211194 69198.1 21653.7 6588.08 2646.41
 211194 62348.5 16393.7 5129.97 2187.74
 211194 76114.9 22013.9 5788.27 2583.73
 211194 73588.5 25120.1 7265.22 2763
 211194 73997.3 24556.9 8382.72 3346.47
 211194 76393.4 26318.3 8734.06 4171.67
 211194 70220.9 22957.2 7909.01 3878.34
 211194 69984.8 20960.6 6852.63 3518.47
 211194 66882.3 19079 5714.23 2827.34
 211194 70693.7 20370.6 5810.99 2601.54
 211194 63969.8 17630.4 5080.25 2098.01
 211194 68074.6 18066.6 4979.25 2027.31
 211194 61273.7 15576.3 4133.86 1603.19
 211194 42749.5 6824.46 1734.84 638.974
 211194 41414.8 4468.63 713.364 248.136
 211194 44383.2 4971.91 536.465 115.429
 211194 26210.1 1858.17 208.157 27.2927
 211194 54352.8 4718.94 334.551 42.3911
 211194 60929.4 12297.2 1067.65 85.2824
 211194 62904.4 14693.3 2965.52 278.034
 211194 69220.2 18368.7 4290.58 947.147
 211194 67438.5 19185.8 5091.25 1451.74
 211194 66890.6 18389.5 5231.68 1784.18
 211194 69809.4 19866.6 5461.7 2083.72
 211194 70991.6 21441.7 6101.96 2317.55
 211194 68787.6 20471.9 6183.16 2427.94
pred_Ctot
 11686.6 498.473 9113.56 1690.69 2230.71
 18846.7 11922.8 240.937 4405.05 1895.42
 14232.2 8612.93 2489.74 50.313 1315.67
 18106.1 11246.1 3184.16 920.446 504.999
 6023.95 3765.93 1072.97 303.795 135.999
 14737 9881.71 3006.49 856.593 351.104
 26844.7 16136.6 5049.51 1536.3 617.127
 2717.77 1591.04 418.344 130.909 55.828
 7085.62 4994.5 1444.51 379.814 169.539
 6377.24 4355.75 1486.88 430.033 163.544
 2237.85 1557.2 516.775 176.406 70.4231
 12947.5 8989.86 3097.11 1027.81 490.917
 13360.2 8515.6 2784 959.117 470.322
 18806.2 11738 3515.57 1149.34 590.128
 12121.5 7388.1 2107.55 631.218 312.32
 23958.7 14853.4 4280.06 1220.94 546.609
 16708.2 9597.31 2645.07 762.184 314.762
 28765.3 16902.7 4485.87 1236.33 503.374
 62996.6 29641.4 7535.1 1999.77 775.548
 65565.1 21329.5 3405.01 865.583 318.811
 59875.1 19251.5 2077.22 331.604 115.345
 96332 29124 3262.54 352.025 75.7441
 41285.7 8956.65 634.985 71.1326 9.3266
 29381.9 13756.7 1194.37 84.6751 10.7292
 25853.7 13728.6 2770.81 240.563 19.2159
 14698.4 8356.36 1951.89 393.946 36.9346
 17826.7 11040.2 2929.68 684.32 151.064
 18791.5 11302.7 3215.53 853.292 243.312
 13666.9 8289.79 2279.02 648.364 221.114
 11601.8 7393.09 2103.95 578.416 220.674
 15456.6 9892.92 2987.97 850.329 322.958
 6678.87 4260.08 1267.85 382.929 150.365
F
 0.0909004 0.181801 0.181801 0.181801 0.181801
 0.150187 0.300374 0.300374 0.300374 0.300374
 0.111646 0.223293 0.223293 0.223293 0.223293
 0.143918 0.287836 0.287836 0.287836 0.287836
 0.0459953 0.0919906 0.0919906 0.0919906 0.0919906
 0.115803 0.231607 0.231607 0.231607 0.231607
 0.220037 0.440075 0.440075 0.440075 0.440075
 0.020533 0.0410659 0.0410659 0.0410659 0.0410659
 0.0542877 0.108575 0.108575 0.108575 0.108575
 0.0487484 0.0974968 0.0974968 0.0974968 0.0974968
 0.0168814 0.0337628 0.0337628 0.0337628 0.0337628
 0.101132 0.202264 0.202264 0.202264 0.202264
 0.1045 0.208999 0.208999 0.208999 0.208999
 0.149843 0.299687 0.299687 0.299687 0.299687
 0.0944201 0.18884 0.18884 0.18884 0.18884
 0.194366 0.388733 0.388733 0.388733 0.388733
 0.132173 0.264346 0.264346 0.264346 0.264346
 0.237426 0.474852 0.474852 0.474852 0.474852
 0.597419 1.19484 1.19484 1.19484 1.19484
 0.629138 1.25828 1.25828 1.25828 1.25828
 0.559917 1.11983 1.11983 1.11983 1.11983
 1.08663 2.17327 2.17327 2.17327 2.17327
 0.35728 0.71456 0.71456 0.71456 0.71456
 0.243062 0.486123 0.486123 0.486123 0.486123
 0.211161 0.422322 0.422322 0.422322 0.422322
 0.115485 0.23097 0.23097 0.23097 0.23097
 0.141561 0.283123 0.283123 0.283123 0.283123
 0.149719 0.299438 0.299438 0.299438 0.299438
 0.107009 0.214017 0.214017 0.214017 0.214017
 0.0902155 0.180431 0.180431 0.180431 0.180431
 0.121754 0.243508 0.243508 0.243508 0.243508
 0.0511039 0.102208 0.102208 0.102208 0.102208
YTP_r0W_actual
 472238 739946 247743 100036 42019.4
YTP_p0W_proyectada
 414032 558762 238529 92371 41828.7
 414032 355785 103788 41795.3 15884.7
CTP_r0_actual
 54911.4 29836.5 8879.67 2681.94 1053.12
CTP_p0_proyectada
 54911.4 32020.7 9909.82 2949.27 1186.63
 54911.4 20388.8 4311.92 1334.46 450.629
Wmedp
 7.54 17.45 24.07 31.32 35.25
Frms_r0
 0.5025 1.005 1.005 1.005 1.005
Zrms_r0
 1.5025 2.005 2.005 2.005 2.005
nmprior
 7.29 8.9 8.7 0
nm_flota  nm_reclas  nm_pelaces    nm_pelaL
inf 4.71973 7.51586 16.8411
cv_recla  cv_pelaces  cv_mph
1.12864 1.4598 1.76994
 ------------------------------------------------
Talla a la edad & desviaci?n 
 8 13.2811 15.8009 17.003 17.5766
 0.8 1.32811 1.58009 1.7003 1.75766
