years
 1991 1992 1993 1994 1995 1996 1997 1998 1999 2000 2001 2002 2003 2004 2005 2006 2007 2008 2009 2010 2011 2012 2013 2014 2015 2016 2017 2018 2019 2020 2021 2022 2023
reclasobs
 0 0 0 0 0 0 0 0 0 252601 567819 844713 477998 351125 339783 2.1784e+06 2.13404e+06 4.81314e+06 1.55562e+06 2.62356e+06 3.21686e+06 3.843e+06 1.13348e+06 3.07943e+06 1.97215e+06 2.03268e+06 2.025e+06 2.42433e+06 2.27542e+06 1.05018e+06 2.36338e+06 3.18982e+06 1.53035e+06
reclaspred
 2.47033e+06 1.56044e+06 1.08365e+06 1.15134e+06 1.23037e+06 1.44974e+06 1.13975e+06 1.69579e+06 1.84258e+06 1.98211e+06 1.46827e+06 1.46326e+06 1.30843e+06 1.19713e+06 1.24901e+06 1.21157e+06 1.25259e+06 1.40836e+06 646881 410367 614876 277735 519219 968961 894898 1.20601e+06 1.3553e+06 1.15111e+06 1.37369e+06 1.46934e+06 1.49167e+06 2.00947e+06 1.6139e+06
pelacesobs
 0 0 0 0 0 0 0 0 0 0 0 0 0 0 0 552880 188675 0 991730 2.46772e+06 1.41603e+06 1.21717e+06 2.29649e+06 1.80582e+06 0 1.4828e+06 1.56532e+06 1.57751e+06 1.42118e+06 867257 1.10002e+06 1.06204e+06 0
pelacespred
 1.20538e+06 776299 517299 473181 560830 646049 499317 873316 993232 997865 831934 681837 642835 638099 675372 545249 542393 567674 263371 137987 216867 78064.3 217350 453273 406206 561461 707681 595271 601885 706304 697971 925605 749734
mphobs
 0 0 0 0 0 0 0 0 0 0 0 0 498337 0 5186 125008 0 168611 109162 213762 579715 649985 157893 87575 83554 210694 70296 0 107559 103333 445601 22526 28222
mphpred
 2.44973e+06 1.58023e+06 1.02552e+06 827278 938838 1.06187e+06 1.05727e+06 918320 1.43038e+06 1.67269e+06 1.34919e+06 1.23776e+06 1.1215e+06 934859 895409 1.12384e+06 878164 1.1203e+06 686487 293719 306098 240307 122603 451368 749017 649889 977564 916397 1.03973e+06 1.09169e+06 1.04498e+06 1.23161e+06 1.15362e+06
desembarqueobs
 494567 514787 250237 358949 120608 361735 552515 73892 212993 205616 52469 317467 293654 387597 252695 516296 358380 742168 942051 627588 828172 859565 418607 520667 417249 300574 415391 372974 316634 284311 391294 218835 356480
desembarquepred
 494774 506493 260366 358764 120552 361505 552102 73861.4 212952 205590 52452.8 317600 293804 388128 252679 515623 357886 739481 932728 620723 819854 849922 418608 520890 417269 300606 415346 373025 316706 284363 391550 218833 356384
Reclutas
 208918 208918 208918 208918 208918 208918 208918 208918 208918 208918 208918 208918 208918 208918 208918 208918 208918 208918 208918 208918 208918 208918 208918 208918 208918 208918 208918 208918 208918 208918 208918 208918 208918
log_desv_Rt
 0 0 0 0 0 0 0 0 0 0 0 0 0 0 0 0 0 0 0 0 0 0 0 0 0 0 0 0 0 0 0 0 0
SSB
 2.44973e+06 1.58023e+06 1.02552e+06 827278 938838 1.06187e+06 1.05727e+06 918320 1.43038e+06 1.67269e+06 1.34919e+06 1.23776e+06 1.08146e+06 922747 874323 1.09292e+06 878164 1.1203e+06 717689 307510 333664 302177 148431 508827 781890 717387 1.01607e+06 916397 1.07841e+06 1.06616e+06 1.15462e+06 1.39059e+06 1.21076e+06
BT
 3.46454e+06 2.55255e+06 1.5821e+06 1.6649e+06 1.64061e+06 2.21308e+06 1.87593e+06 3.0278e+06 3.21258e+06 2.93432e+06 2.32319e+06 2.14857e+06 2.12764e+06 2.45301e+06 2.45771e+06 1.99296e+06 1.93236e+06 2.27683e+06 1.79716e+06 1.00797e+06 1.49479e+06 1.03242e+06 1.26149e+06 2.15082e+06 1.56816e+06 2.12765e+06 2.69007e+06 2.23629e+06 1.93707e+06 2.39563e+06 2.41243e+06 2.91268e+06 2.52407e+06
Ftot
 0.189182 0.303484 0.226265 0.292036 0.0933508 0.234884 0.447182 0.0416766 0.110035 0.0987643 0.0341923 0.204853 0.211896 0.30404 0.191547 0.394866 0.268647 0.482808 1.22249 1.29426 1.15576 2.2728 0.737912 0.49779 0.431783 0.235173 0.287734 0.304122 0.217413 0.183153 0.247192 0.103689 0.208508
BD_Bspro_t
 0.970184 0.811019 0.682501 0.661482 0.668109 0.739988 0.692007 0.614843 0.77924 0.82756 0.832735 0.866958 0.781262 0.71955 0.69394 0.713452 0.602289 0.645135 0.468491 0.260827 0.234822 0.201185 0.126458 0.350524 0.478381 0.515506 0.64467 0.653074 0.682348 0.684881 0.716411 0.733818 0.782743
BD_Bspro
 1.62761 1.04991 0.68136 0.549645 0.623766 0.70551 0.702452 0.610133 0.950346 1.11134 0.896407 0.82237 0.718521 0.613075 0.580902 0.726141 0.583454 0.744329 0.476834 0.20431 0.221687 0.200767 0.0986177 0.338065 0.519489 0.476633 0.675077 0.608856 0.716495 0.708362 0.767134 0.92391 0.804431
BD_Bo
 1.34394 0.866927 0.56261 0.45385 0.515053 0.58255 0.580025 0.503796 0.784715 0.91765 0.740177 0.679043 0.593294 0.506225 0.47966 0.599585 0.481766 0.614604 0.393729 0.168702 0.18305 0.165776 0.0814301 0.279146 0.42895 0.393563 0.557422 0.502741 0.591621 0.584905 0.633434 0.762887 0.664231
BD_Brms
 5.66936 3.6571 2.37335 1.91455 2.17273 2.45746 2.44681 2.12524 3.31029 3.87107 3.12241 2.86452 2.50279 2.13549 2.02342 2.52933 2.03231 2.59268 1.66093 0.711663 0.77219 0.699321 0.34351 1.17756 1.80951 1.66023 2.35146 2.12079 2.49573 2.4674 2.67211 3.2182 2.80203
Sel_flota
 0.5 1 1 1 1
 0.5 1 1 1 1
 0.5 1 1 1 1
 0.5 1 1 1 1
 0.5 1 1 1 1
 0.5 1 1 1 1
 0.5 1 1 1 1
 0.5 1 1 1 1
 0.5 1 1 1 1
 0.5 1 1 1 1
 0.5 1 1 1 1
 0.5 1 1 1 1
 0.5 1 1 1 1
 0.5 1 1 1 1
 0.5 1 1 1 1
 0.5 1 1 1 1
 0.5 1 1 1 1
 0.5 1 1 1 1
 0.5 1 1 1 1
 0.5 1 1 1 1
 0.5 1 1 1 1
 0.5 1 1 1 1
 0.5 1 1 1 1
 0.5 1 1 1 1
 0.5 1 1 1 1
 0.5 1 1 1 1
 0.5 1 1 1 1
 0.5 1 1 1 1
 0.5 1 1 1 1
 0.5 1 1 1 1
 0.5 1 1 1 1
 0.5 1 1 1 1
 0.5 1 1 1 1
Sel_reclas
 0.5 1 1 1 1
 0.5 1 1 1 1
 0.5 1 1 1 1
 0.5 1 1 1 1
 0.5 1 1 1 1
 0.5 1 1 1 1
 0.5 1 1 1 1
 0.5 1 1 1 1
 0.5 1 1 1 1
 0.5 1 1 1 1
 0.5 1 1 1 1
 0.5 1 1 1 1
 0.5 1 1 1 1
 0.5 1 1 1 1
 0.5 1 1 1 1
 0.5 1 1 1 1
 0.5 1 1 1 1
 0.5 1 1 1 1
 0.5 1 1 1 1
 0.5 1 1 1 1
 0.5 1 1 1 1
 0.5 1 1 1 1
 0.5 1 1 1 1
 0.5 1 1 1 1
 0.5 1 1 1 1
 0.5 1 1 1 1
 0.5 1 1 1 1
 0.5 1 1 1 1
 0.5 1 1 1 1
 0.5 1 1 1 1
 0.5 1 1 1 1
 0.5 1 1 1 1
 0.5 1 1 1 1
Sel_pelaces
 0.5 1 1 1 1
 0.5 1 1 1 1
 0.5 1 1 1 1
 0.5 1 1 1 1
 0.5 1 1 1 1
 0.5 1 1 1 1
 0.5 1 1 1 1
 0.5 1 1 1 1
 0.5 1 1 1 1
 0.5 1 1 1 1
 0.5 1 1 1 1
 0.5 1 1 1 1
 0.5 1 1 1 1
 0.5 1 1 1 1
 0.5 1 1 1 1
 0.5 1 1 1 1
 0.5 1 1 1 1
 0.5 1 1 1 1
 0.5 1 1 1 1
 0.5 1 1 1 1
 0.5 1 1 1 1
 0.5 1 1 1 1
 0.5 1 1 1 1
 0.5 1 1 1 1
 0.5 1 1 1 1
 0.5 1 1 1 1
 0.5 1 1 1 1
 0.5 1 1 1 1
 0.5 1 1 1 1
 0.5 1 1 1 1
 0.5 1 1 1 1
 0.5 1 1 1 1
 0.5 1 1 1 1
pf_obs 
 0.8446 0.082 0.0669 0.0065 0
 0.8095 0.147 0.0364 0.0071 0
 0.9664 0.0169 0.016 0.0007 0
 0.9276 0.0648 0.0075 0.0001 0
 0.7033 0.2144 0.0806 0.0017 0
 0.9318 0.0425 0.0243 0.0014 0
 0.5671 0.3108 0.0964 0.0239 0.0018
 0.0768 0.2599 0.5324 0.112 0.0189
 0.490249 0.384438 0.106611 0.0170017 0.00170017
 0.7925 0.1577 0.0466 0.003 0.0002
 0.840416 0.127587 0.0312969 0.00059994 9.999e-05
 0.8084 0.0986 0.0794 0.0134 0.0002
 0.7335 0.1905 0.0724 0.0035 0.0001
 0.4001 0.4547 0.1325 0.0127 0
 0.49795 0.308269 0.164784 0.0264974 0.00249975
 0.9179 0.0499 0.0305 0.0017 0
 0.2467 0.6533 0.0926 0.0074 0
 0.9418 0.0223 0.034 0.0019 0
 0.707729 0.231977 0.0356964 0.0245975 0
 0.517169 0.277429 0.184464 0.0207286 0.00020938
 0.811772 0.124168 0.05621 0.00726502 0.000585176
 0.764997 0.148141 0.077277 0.00933861 0.000247198
 0.163321 0.427699 0.378323 0.0303852 0.000271297
 0.753843 0.0900009 0.118128 0.0371064 0.000921714
 0.721811 0.176058 0.0630433 0.0369309 0.00215725
 0.143369 0.312575 0.442814 0.0836902 0.0175525
 0.692698 0.0596174 0.167031 0.0765114 0.00414204
 0.394062 0.376323 0.152708 0.0712218 0.00568511
 0.125707 0.32114 0.495352 0.0537591 0.00404204
 0.23352 0.215282 0.420074 0.123614 0.00750983
 0.796117 0.104755 0.0508955 0.0450114 0.00322123
 0.162477 0.292055 0.404252 0.121198 0.0200186
 0 0 0 0 0
pf_pred 
 0.459482 0.0312053 0.419241 0.0357124 0.054359
 0.504998 0.318106 0.0102126 0.137205 0.0294777
 0.53359 0.322225 0.0926583 0.00297473 0.0485516
 0.533931 0.330878 0.0933985 0.0268574 0.0149351
 0.533881 0.332969 0.0945281 0.0266829 0.0119397
 0.511751 0.342696 0.103975 0.0295179 0.0120605
 0.535926 0.321203 0.100279 0.0304249 0.0121666
 0.554415 0.323374 0.0845867 0.0264078 0.0112162
 0.504003 0.355048 0.102291 0.0267568 0.0119014
 0.498158 0.339914 0.115913 0.033395 0.0126208
 0.491263 0.341598 0.113209 0.0386048 0.0153256
 0.48792 0.338534 0.11653 0.0386191 0.0183974
 0.512731 0.326199 0.106483 0.0366534 0.017934
 0.526155 0.327656 0.097865 0.0319466 0.0163771
 0.538299 0.327205 0.0930019 0.027778 0.0137162
 0.535053 0.330885 0.0950095 0.0270046 0.0120485
 0.557792 0.319154 0.0875726 0.0251454 0.0103359
 0.555656 0.325335 0.0858927 0.0235681 0.00954893
 0.614295 0.286753 0.0724498 0.0191277 0.00737492
 0.721202 0.230234 0.0361055 0.00912227 0.00333699
 0.738612 0.232022 0.024251 0.00380307 0.00131236
 0.752009 0.221076 0.0238909 0.00249709 0.000526728
 0.819079 0.168405 0.0111573 0.00120573 0.000152606
 0.665646 0.307392 0.0250975 0.00166277 0.000202433
 0.6095 0.321209 0.0637035 0.00520117 0.000386543
 0.579967 0.327898 0.0757862 0.0150302 0.00131837
 0.547669 0.338162 0.0891257 0.0205994 0.0044437
 0.547433 0.328216 0.0929646 0.0245017 0.00688463
 0.545579 0.329932 0.0902838 0.0255722 0.00863355
 0.530779 0.337476 0.0956531 0.0261749 0.00991685
 0.524626 0.335087 0.100898 0.0285981 0.0107906
 0.525114 0.334225 0.0991507 0.0298552 0.0116549
 0.509331 0.341075 0.105284 0.0312335 0.0130761
pobs_RECLAS
 0 0 0 0 0
 0 0 0 0 0
 0 0 0 0 0
 0 0 0 0 0
 0 0 0 0 0
 0 0 0 0 0
 0 0 0 0 0
 0 0 0 0 0
 0 0 0 0 0
 0 0 0 0 0
 0.991045 0.00858322 0.000360255 1.14367e-05 0
 0.934742 0.0480273 0.0164251 0.00080598 0
 0.827803 0.169806 0.00239088 0 0
 0.941827 0.0461693 0.0120037 0 0
 0.791401 0.0380133 0.147996 0.0225897 0
 0.846168 0.0940531 0.0597789 0 0
 0.134021 0.677848 0.182769 0.00536245 0
 0.80878 0.0450904 0.141981 0.00414843 0
 0.846168 0.0940531 0.0597789 0 0
 0.905697 0.0802665 0.012482 0.00150086 5.37128e-05
 0.989698 0.0102097 9.19794e-05 0 0
 0.975433 0.0193895 0.00387452 0.00125025 5.28907e-05
 0.303575 0.632131 0.0575291 0.00676475 0
 0.966965 0.00978017 0.0227588 0.000495775 0
 0.843318 0.132988 0.00938335 0.0141283 0.000182051
 0.564624 0.303363 0.111486 0.0197234 0.00080311
 0.826376 0.0876187 0.0782897 0.00655872 0.00115652
 0.89761 0.0855135 0.0140674 0.00269457 0.000114338
 0.34875 0.467042 0.161289 0.0227151 0.000203297
 0.318654 0.224769 0.449479 0.00709798 0
 0.937255 0.0296025 0.0250945 0.00804832 0
 0.456809 0.399803 0.12412 0.0192676 0
 0.883104 0.0372192 0.0704036 0.00927362 0
ppred_RECLAS
 0.461671 0.0310789 0.417543 0.0355678 0.0541388
 0.508784 0.315673 0.0101345 0.136156 0.0292523
 0.536273 0.320372 0.0921253 0.00295762 0.0482723
 0.537532 0.328322 0.0926769 0.0266499 0.0148198
 0.534897 0.332243 0.094322 0.0266247 0.0119136
 0.514563 0.340722 0.103376 0.029348 0.0119911
 0.541932 0.317047 0.0989814 0.0300312 0.0120092
 0.55485 0.323059 0.0845042 0.026382 0.0112053
 0.50522 0.354176 0.10204 0.0266912 0.0118722
 0.499242 0.339179 0.115662 0.0333229 0.0125935
 0.491622 0.341357 0.113129 0.0385776 0.0153148
 0.490328 0.336942 0.115982 0.0384375 0.0183109
 0.515231 0.324525 0.105937 0.0364653 0.017842
 0.529938 0.32504 0.0970838 0.0316916 0.0162464
 0.540518 0.325632 0.0925548 0.0276445 0.0136503
 0.54021 0.327214 0.0939555 0.0267051 0.0119149
 0.56103 0.316818 0.0869314 0.0249613 0.0102602
 0.562209 0.320536 0.0846259 0.0232205 0.00940809
 0.635857 0.270723 0.0683996 0.0180584 0.00696264
 0.740826 0.214027 0.0335641 0.00848015 0.0031021
 0.754683 0.217756 0.0227599 0.00356924 0.00123167
 0.792169 0.185275 0.020022 0.00209271 0.000441429
 0.825785 0.162163 0.0107437 0.00116104 0.00014695
 0.671765 0.301766 0.0246382 0.00163234 0.000198728
 0.614995 0.316689 0.0628071 0.00512799 0.000381104
 0.58271 0.325757 0.0752913 0.0149321 0.00130976
 0.551191 0.335529 0.0884317 0.020439 0.0044091
 0.551192 0.32549 0.0921925 0.0242982 0.00682745
 0.548133 0.328078 0.0897764 0.0254284 0.00858504
 0.532895 0.335955 0.0952218 0.0260568 0.00987213
 0.527601 0.33299 0.100266 0.0284191 0.0107231
 0.526254 0.333423 0.0989129 0.0297835 0.011627
 0.511787 0.339368 0.104757 0.0310771 0.0130106
pobs_PELACES
 0 0 0 0 0
 0 0 0 0 0
 0 0 0 0 0
 0 0 0 0 0
 0 0 0 0 0
 0 0 0 0 0
 0 0 0 0 0
 0 0 0 0 0
 0 0 0 0 0
 0 0 0 0 0
 0 0 0 0 0
 0 0 0 0 0
 0 0 0 0 0
 0 0 0 0 0
 0 0 0 0 0
 0 0 0 0 0
 0.505614 0.472636 0.0217494 0 0
 0 0 0 0 0
 0.443492 0.261883 0.143347 0.151278 0
 0.227955 0.32914 0.350689 0.0885471 0.00366901
 0.970185 0.0296113 0.000203453 0 0
 0.997202 0.00247181 0.000326279 0 0
 0.445219 0.490057 0.0546422 0.010081 0
 0.90214 0.0892962 0.00764917 0.000914606 0
 0 0 0 0 0
 0.581667 0.319106 0.0959925 0.00289975 0.000334073
 0.762889 0.0836404 0.116647 0.0363945 0.000428098
 0.88444 0.0763242 0.0277011 0.0115352 0
 0.521256 0.241999 0.230069 0.00667565 0
 0.616807 0.101726 0.260614 0.0208532 0
 0.833518 0.0704572 0.0857862 0.0102388 0
 0.697417 0.212968 0.0787535 0.0105354 0.000325836
 0 0 0 0 0
ppred_PELACES
 0.469438 0.0306305 0.41152 0.0350546 0.0533578
 0.52129 0.307636 0.00987644 0.132689 0.0285075
 0.545544 0.313967 0.0902836 0.00289849 0.0473073
 0.549487 0.319835 0.0902812 0.025961 0.0144367
 0.538727 0.329507 0.0935454 0.0264055 0.0118155
 0.524237 0.333932 0.101316 0.0287631 0.0117521
 0.560183 0.304414 0.0950374 0.0288346 0.0115307
 0.556548 0.321827 0.0841819 0.0262814 0.0111625
 0.509758 0.350928 0.101104 0.0264464 0.0117633
 0.503316 0.33642 0.114721 0.0330518 0.012491
 0.493032 0.34041 0.112815 0.0384706 0.0152723
 0.498777 0.331357 0.114059 0.0378003 0.0180073
 0.523958 0.318683 0.104029 0.0358089 0.0175208
 0.542413 0.316414 0.0945072 0.0308505 0.0158152
 0.548357 0.320077 0.0909758 0.0271729 0.0134174
 0.556345 0.315732 0.0906585 0.0257679 0.0114968
 0.571915 0.308961 0.0847758 0.0243423 0.0100058
 0.58171 0.306259 0.0808564 0.0221861 0.00898903
 0.681166 0.237037 0.0598888 0.0158114 0.00609629
 0.779683 0.181939 0.0285319 0.00720876 0.00263701
 0.788256 0.187955 0.0196451 0.00308077 0.00106311
 0.847233 0.136187 0.0147173 0.00153825 0.000324475
 0.842613 0.146499 0.00970598 0.00104889 0.000132755
 0.689614 0.285357 0.0232984 0.00154358 0.000187922
 0.63172 0.302932 0.0600788 0.00490522 0.000364549
 0.592114 0.318416 0.0735945 0.0145956 0.00128024
 0.562905 0.326772 0.0861236 0.0199055 0.00429402
 0.563571 0.316512 0.0896496 0.023628 0.00663913
 0.557001 0.321638 0.0880143 0.0249294 0.00841653
 0.540409 0.33055 0.0936899 0.0256377 0.00971332
 0.537754 0.325834 0.0981114 0.0278083 0.0104926
 0.530517 0.330422 0.0980227 0.0295155 0.0115223
 0.520379 0.333396 0.102914 0.0305302 0.0127817
pobs_pel_tallas
 0 0 0 0 0 0 0 0 0 0 0 0 0 0 0 0 0 0 0 0 0 0 0 0 0 0
 0 0 0 0 0 0 0 0 0 0 0 0 0 0 0 0 0 0 0 0 0 0 0 0 0 0
 0 0 0 0 0 0 0 0 0 0 0 0 0 0 0 0 0 0 0 0 0 0 0 0 0 0
 0 0 0 0 0 0 0 0 0 0 0 0 0 0 0 0 0 0 0 0 0 0 0 0 0 0
 0 0 0 0 0 0 0 0 0 0 0 0 0 0 0 0 0 0 0 0 0 0 0 0 0 0
 0 0 0 0 0 0 0 0 0 0 0 0 0 0 0 0 0 0 0 0 0 0 0 0 0 0
 0 0 0 0 0 0 0 0 0 0 0 0 0 0 0 0 0 0 0 0 0 0 0 0 0 0
 0 0 0 0 0 0 0 0 0 0 0 0 0 0 0 0 0 0 0 0 0 0 0 0 0 0
 0 0 0 0 0 0 0 0 0 0 0 0 0 0 0 0 0 0 0 0 0 0 0 0 0 0
 0 0 0 0 0 0 0 0 0 0 0 0 0 0 0 0 0 0 0 0 0 0 0 0 0 0
 0 0 0 0 0 0 0 0 0 0 0 0 0 0 0 0 0 0 0 0 0 0 0 0 0 0
 0 0 0 0 0 0 0 0 0 0 0 0 0 0 0 0 0 0 0 0 0 0 0 0 0 0
 0.00862536 0 0 0.000197151 0.00414017 0.0128641 0.00837892 0.0270097 0.101434 0.158115 0.152841 0.127902 0.109271 0.109419 0.0830992 0.0579132 0.0238553 0.00714673 0.00463305 0.00128148 0.00103504 0.000492878 0.000147863 0.000147863 4.92878e-05 0
 0 0 0 0 0 0 0 0 0 0 0 0 0 0 0 0 0 0 0 0 0 0 0 0 0 0
 0 0 0 0 0 0 0 0.0054083 0.00873648 0.0413646 0.0450493 0.0745869 0.0622846 0.0627006 0.0613931 0.0827291 0.12552 0.122667 0.0946155 0.0697135 0.0546179 0.0294188 0.0215738 0.0213955 0.0102223 0.00600262
 0 0 0 0 0.00359764 0.0251062 0.0480494 0.140153 0.205849 0.193036 0.1447 0.116669 0.0760912 0.0342217 0.00950174 0.001854 0.000860785 0 0 0 0.000165536 0 0.000143464 0 0 0
 0 0 0 0 0 0 0 0.000145254 0.000435761 0.0275982 0.070085 0.0708112 0.156366 0.174668 0.174014 0.160142 0.0824315 0.0480064 0.0283245 0.00493863 0.00203355 0 0 0 0 0
 0 0 0 0 0 0 0 0 0 0 0 0 0 0 0 0 0 0 0 0 0 0 0 0 0 0
 0 0 1.00437e-05 0.000401748 0.00122533 0.00171747 0.00176769 0.0269171 0.070346 0.194647 0.189555 0.159765 0.064822 0.0314167 0.0384472 0.0292271 0.0345202 0.0313363 0.0194345 0.0106764 0.0143323 0.0359363 0.0279516 0.0138201 0.00172751 0
 0 0.0021121 0.0136068 0.0755702 0.200478 0.177729 0.0527432 0.0373336 0.0318909 0.0142505 0.0149659 0.0166563 0.0217959 0.0798694 0.0677717 0.0528807 0.04013 0.0224614 0.0357745 0.0225083 0.00881397 0.00855152 0.00135912 0.000746735 0 0
 0 0 0 0 5.4009e-05 0.00500934 0.000945158 0.0243581 0.138947 0.33067 0.221406 0.137944 0.0707744 0.0437923 0.0131692 0.00525238 0.0047753 0.00276346 9.45158e-05 9.00151e-06 2.25038e-05 9.00151e-06 4.50075e-06 0 0 0
 0.000866109 0.00284123 0.00948549 0.0512746 0.133035 0.25785 0.225252 0.132002 0.0553304 0.0519788 0.0540692 0.017754 0.00435017 0.00159236 0.00146478 0.000404838 0.000125132 0.000115318 0.000107957 0.000100596 0 0 0 0 0 0
 0 0 0 0 0.00144013 0.00171154 0.00461396 0.0210425 0.0478622 0.0707936 0.0888783 0.103762 0.0637923 0.0337046 0.0602308 0.124433 0.169614 0.0934646 0.0462172 0.0250306 0.0313229 0.00938855 0.002487 0.000210481 0 0
 0 0.00764035 0.051015 0.0998891 0.058973 0.0496711 0.0374665 0.0718981 0.12319 0.153886 0.159021 0.0857701 0.0377988 0.023471 0.0147837 0.00900784 0.00315554 0.000888139 0.00291439 0.00214683 0.00393193 0.00274676 0.000635225 9.99891e-05 0 0
 0 0 0 0 0 0 0 0 0 0 0 0 0 0 0 0 0 0 0 0 0 0 0 0 0 0
 0 0 0 0 0 0 0 0 0 0 0 0 0 0 0 0 0 0 0 0 0 0 0 0 0 0
 0 0 0 0 0 0 0 0 0 0 0 0 0 0 0 0 0 0 0 0 0 0 0 0 0 0
 0 0 0 0 0 0 0 0 0 0 0 0 0 0 0 0 0 0 0 0 0 0 0 0 0 0
 0 0 0 0 0 0 0 0 0 0 0 0 0 0 0 0 0 0 0 0 0 0 0 0 0 0
 0 0 0 0 0 0 0 0 0 0 0 0 0 0 0 0 0 0 0 0 0 0 0 0 0 0
 0 0 0 0 0 0 0 0 0 0 0 0 0 0 0 0 0 0 0 0 0 0 0 0 0 0
 0 0 0 0 0 0 0 0 0 0 0 0 0 0 0 0 0 0 0 0 0 0 0 0 0 0
 0 0 0 0 0 0 0 0 0 0 0 0 0 0 0 0 0 0 0 0 0 0 0 0 0 0
ppred_pel_tallas
 1.24429e-16 3.8667e-05 0.000375857 0.0024977 0.0113542 0.0353271 0.0752682 0.109857 0.109861 0.0752861 0.0353891 0.0115417 0.00299998 0.00157685 0.00262634 0.00508278 0.00919286 0.0154852 0.0244247 0.0361026 0.049848 0.0639716 0.0759609 0.0832319 0.0841241 0.0785759
 1.18495e-16 4.29381e-05 0.000417373 0.00277359 0.0126084 0.0392295 0.0835837 0.121999 0.122029 0.0837285 0.0397159 0.0140135 0.0063014 0.00812164 0.0146865 0.0242519 0.0350518 0.0443994 0.0496717 0.0498669 0.0463145 0.0418436 0.0390162 0.0387499 0.0401601 0.0414233
 1.10983e-16 4.49358e-05 0.000436792 0.00290264 0.013195 0.0410546 0.0874724 0.127675 0.127705 0.0876207 0.0415527 0.0146347 0.00652027 0.00834692 0.0151057 0.0250023 0.0362519 0.0461006 0.051773 0.0520135 0.0478186 0.0416965 0.0360705 0.0320828 0.0295007 0.0274222
 1.07734e-16 4.52605e-05 0.000439949 0.00292361 0.0132903 0.0413514 0.0881046 0.128598 0.128629 0.0882557 0.0418588 0.0147568 0.00660856 0.00849699 0.0153848 0.0254624 0.036911 0.0469174 0.0526381 0.0527658 0.0482734 0.0416639 0.0353596 0.0305109 0.0269303 0.0238242
 1.07432e-16 4.43743e-05 0.000431334 0.00286637 0.0130301 0.0405417 0.0863795 0.12608 0.126112 0.0865351 0.0410644 0.014541 0.00666274 0.00873196 0.0158475 0.0262309 0.0380229 0.0483243 0.0542007 0.0542977 0.049608 0.0427022 0.0360733 0.0309146 0.0270538 0.0237039
 1.07883e-16 4.31807e-05 0.000419732 0.00278927 0.0126796 0.0394512 0.0840562 0.122689 0.122722 0.084214 0.0399812 0.0142116 0.00663913 0.00883902 0.0160773 0.0266274 0.0386288 0.0491588 0.0552569 0.0555544 0.051045 0.0443006 0.0377996 0.0327031 0.0288054 0.0253079
 1.07664e-16 4.61416e-05 0.000448513 0.00298053 0.0135491 0.0421563 0.0898196 0.131101 0.13113 0.0899634 0.0426396 0.014946 0.00649131 0.00812718 0.0146725 0.0242972 0.0352649 0.044915 0.0505583 0.0509548 0.0470104 0.0410578 0.035332 0.0308587 0.0274186 0.0242617
 1.07037e-16 4.58422e-05 0.000445602 0.00296118 0.0134611 0.0418827 0.0892368 0.13025 0.130281 0.0893887 0.0423931 0.014936 0.00666654 0.0085455 0.0154618 0.0255755 0.0370427 0.0470171 0.0526224 0.0525352 0.0477419 0.0407887 0.0341566 0.0290516 0.025323 0.0221892
 1.07651e-16 4.19882e-05 0.00040814 0.00271224 0.0123295 0.0383617 0.0817349 0.119302 0.119335 0.0819006 0.0389184 0.0139386 0.00675574 0.00924928 0.0168746 0.0279405 0.0405036 0.05148 0.0577427 0.0578439 0.0528325 0.0454372 0.0383076 0.0327179 0.0284983 0.0248331
 1.08826e-16 4.14575e-05 0.000402982 0.00267796 0.0121736 0.0378769 0.0807019 0.117794 0.117826 0.0808609 0.0384112 0.0137185 0.00656142 0.00889918 0.0162321 0.0269136 0.0391059 0.0498952 0.0563261 0.057031 0.0529894 0.0467303 0.0406565 0.0358395 0.0320037 0.0283312
 1.09786e-16 4.06105e-05 0.000394748 0.00262324 0.0119249 0.037103 0.079053 0.115387 0.11542 0.079214 0.0376436 0.0134879 0.0065522 0.00899024 0.0164199 0.027226 0.0395591 0.0504752 0.0569931 0.0577452 0.0537452 0.0475737 0.0416707 0.0371034 0.0335468 0.0301071
 1.10215e-16 4.10836e-05 0.000399348 0.00265381 0.0120638 0.0375353 0.079974 0.116731 0.116763 0.0801307 0.0380617 0.0135858 0.00647999 0.00877121 0.0159978 0.0265333 0.0385749 0.0492674 0.0557207 0.056612 0.0529263 0.04716 0.0416592 0.0374263 0.034111 0.0308201
 1.0964e-16 4.31578e-05 0.000419509 0.00278779 0.0126729 0.0394303 0.0840115 0.122624 0.122654 0.0841621 0.0399364 0.014136 0.00646557 0.00846526 0.0153742 0.0254826 0.0370225 0.0472342 0.053329 0.0540336 0.0503081 0.0445825 0.0391518 0.0350157 0.0318548 0.0288024
 1.08579e-16 4.46779e-05 0.000434285 0.00288598 0.0131193 0.0408191 0.0869705 0.126942 0.126973 0.08712 0.0413212 0.0145708 0.00653393 0.00841218 0.0152388 0.0252349 0.0366148 0.0466132 0.0524368 0.0528072 0.0486867 0.0425288 0.0366824 0.0322221 0.0288995 0.0258874
 1.07703e-16 4.51675e-05 0.000439044 0.00291761 0.013263 0.0412664 0.0879235 0.128333 0.128364 0.0880747 0.0417742 0.0147307 0.00660562 0.00850299 0.0153985 0.0254867 0.0369497 0.046974 0.0527153 0.0528654 0.0483959 0.0418068 0.0355151 0.0306651 0.0270649 0.0239221
 1.07227e-16 4.58255e-05 0.00044544 0.00296011 0.0134562 0.0418675 0.0892043 0.130203 0.130233 0.0893534 0.0423684 0.0149041 0.00659819 0.00840026 0.0151915 0.0251421 0.0364497 0.0463363 0.0519927 0.0521225 0.0476757 0.0411106 0.0348081 0.0299026 0.0262214 0.0230074
 1.0666e-16 4.71079e-05 0.000457906 0.00304295 0.0138328 0.0430392 0.0917006 0.133846 0.133876 0.0918465 0.0435292 0.0152491 0.00660147 0.00823767 0.0148562 0.0245752 0.0356078 0.0452241 0.0506657 0.0506588 0.0461381 0.0395263 0.0331816 0.0282459 0.0245751 0.0214388
 1.06158e-16 4.79147e-05 0.000465748 0.00309506 0.0140697 0.0437763 0.0932711 0.136138 0.136168 0.0934157 0.0442619 0.0154732 0.00662109 0.00817351 0.0147171 0.0243353 0.0352419 0.0447204 0.0500267 0.0498916 0.0452436 0.0384985 0.0320198 0.0269713 0.0232396 0.0201173
 1.04407e-16 5.61068e-05 0.000545378 0.00362423 0.0164752 0.0512607 0.109217 0.159411 0.159433 0.109329 0.0516365 0.0175611 0.00635216 0.00650772 0.0114011 0.0188157 0.0272315 0.0345234 0.0385584 0.0383491 0.0346161 0.029241 0.0240743 0.0200428 0.0170814 0.0146558
 1.0204e-16 6.42215e-05 0.000624256 0.0041484 0.018858 0.0586744 0.125013 0.182463 0.182481 0.125098 0.0589623 0.0196894 0.00623546 0.00518114 0.00872099 0.0143223 0.0206405 0.0259876 0.0286866 0.0279635 0.024399 0.0195211 0.0148779 0.0113161 0.0088821 0.00718912
 1.01104e-16 6.49277e-05 0.00063112 0.00419402 0.0190654 0.0593196 0.126387 0.18447 0.184488 0.126476 0.0596166 0.019923 0.00634608 0.00532711 0.00897758 0.0147234 0.0211664 0.0265383 0.0290817 0.0279832 0.0238544 0.0183201 0.0130555 0.00902212 0.00633726 0.00463096
 1.00669e-16 6.97855e-05 0.00067834 0.00450781 0.0204918 0.0637578 0.135843 0.19827 0.198283 0.135907 0.063973 0.0211133 0.00606722 0.00408116 0.00652818 0.0106708 0.0153383 0.0192308 0.0210722 0.0202705 0.0172657 0.0132315 0.00938064 0.00641191 0.00441727 0.00313856
 1.00446e-16 6.94049e-05 0.000674641 0.00448323 0.0203801 0.0634101 0.135103 0.197189 0.197203 0.135171 0.0636414 0.0210479 0.00615847 0.00432866 0.00700002 0.0114388 0.016415 0.0205228 0.0223794 0.0213457 0.0179079 0.013359 0.00904538 0.00575876 0.00362008 0.00234714
 1.00932e-16 5.68026e-05 0.000552142 0.00366918 0.0166796 0.0518965 0.110572 0.161389 0.161416 0.110706 0.0523471 0.0179807 0.00693379 0.00767389 0.0135677 0.0223016 0.0320289 0.0400814 0.0437753 0.0418655 0.0352875 0.0265377 0.0182109 0.0118265 0.00761266 0.00503193
 1.02365e-16 5.2034e-05 0.000505789 0.00336115 0.0152793 0.0475397 0.101289 0.147841 0.14787 0.101432 0.0480193 0.0166647 0.00683973 0.00810321 0.0144914 0.0239015 0.034486 0.043487 0.0481146 0.0470566 0.0412288 0.0331041 0.0251957 0.0188912 0.0143142 0.0109311
 1.03886e-16 4.87717e-05 0.000474078 0.00315042 0.0143214 0.0445592 0.0949393 0.138573 0.138604 0.0950895 0.0450637 0.015779 0.00681146 0.00847333 0.0152618 0.0252082 0.0364355 0.0460816 0.0512489 0.0505807 0.0450331 0.037155 0.0294949 0.0233954 0.0188822 0.0153353
 1.05292e-16 4.63658e-05 0.000450692 0.00299501 0.0136149 0.0423612 0.0902561 0.131738 0.13177 0.0904104 0.0428793 0.0151122 0.00675652 0.00867259 0.0156921 0.0259494 0.0375653 0.0476344 0.0532127 0.0529264 0.0477468 0.0402425 0.0329459 0.027137 0.0227575 0.0191272
 1.06162e-16 4.64207e-05 0.000451225 0.00299855 0.013631 0.0424113 0.0903628 0.131894 0.131924 0.0905123 0.0429133 0.0150821 0.00664472 0.008423 0.0152221 0.0251858 0.0364973 0.0463612 0.0519471 0.0519396 0.0472782 0.0404242 0.0337785 0.0285127 0.024505 0.0210539
 1.06547e-16 4.58795e-05 0.000445966 0.0029636 0.0134721 0.0419169 0.0893095 0.130356 0.130387 0.0894614 0.042427 0.0149464 0.00666789 0.00854424 0.0154607 0.0255784 0.0370573 0.0470549 0.0526953 0.0526471 0.047878 0.040908 0.0341946 0.0289362 0.0249997 0.021645
 1.07004e-16 4.45128e-05 0.000432681 0.00287532 0.0130708 0.0406683 0.0866492 0.126474 0.126506 0.0868053 0.0411926 0.0145864 0.00668346 0.00875883 0.0158955 0.0263085 0.0381303 0.0484491 0.0543157 0.0543646 0.0495856 0.0425539 0.0357738 0.0304546 0.026444 0.0229775
 1.0748e-16 4.42942e-05 0.000430555 0.00286119 0.0130066 0.0404685 0.0862235 0.125852 0.125884 0.0863774 0.0409855 0.0145012 0.00661734 0.00864465 0.0156869 0.0259753 0.0376777 0.0479378 0.0538635 0.0541166 0.0496655 0.0430216 0.0366091 0.0315694 0.0277122 0.0242674
 1.07824e-16 4.36981e-05 0.000424761 0.00282269 0.0128315 0.0399238 0.0850632 0.124159 0.124191 0.0852192 0.0404482 0.0143471 0.00663138 0.00875356 0.0159042 0.0263358 0.038198 0.0485956 0.0545974 0.054851 0.0503463 0.0436394 0.0371946 0.0321682 0.0283555 0.0249553
 1.0828e-16 4.2863e-05 0.000416644 0.00276875 0.0125863 0.0391609 0.0834377 0.121787 0.121819 0.0835952 0.0396901 0.0141161 0.00661327 0.00882489 0.0160578 0.0266006 0.0386021 0.0491513 0.0552999 0.0556881 0.0513092 0.0447243 0.0383916 0.0334465 0.0296588 0.0262116
pSPR Fmed_Fpbrs
0.601426   0.287053 0.287053
Fs Fmed_Fpbrs
0.34   1.005 1.005
SSBpbr Bo_Bmed_Bpbrs
1.8228e+06  1.00514e+06  432101 432101
Ro
208918
SPR SPRFo_SPRFmed_SPRFpbrs
1.50511e+06 905214 432048
Fref
1.005
Nvult_r0
 162418 63146.8 19492.3 5782.57 2420.91
CTP_r0
 54319.6 31652.1 9770.48 2898.5 1213.47
YTP_r0
1.33063e+06
Np
 208918 46499.4 9324.88 2934.65 1027.86
Nvult_p0
 162418 40237.8 8069.19 2539.47 889.449
CTP_p0
 54319.6 30036 9452.68 2917.88 1124.12
 54319.6 20169.1 4044.65 1272.9 445.834
YTP_p0
 1.29224e+06 914457
CBA_c0
1.31911e+06
log_Ro
12.0697
likeval ReclasPelacesDesembMPH_pf_preclas_ppelaces_ptallas_desvR_qrecl_qpela
 166.71 0.00166268 11.5465 541.419 267.108 169.536 119.631 0 0 0 0 45.807 0 0 0
q_reclas_q_pelaces
1 1
M
1
N
 208918 7372.56 99050 8437.41 12842.9
 208918 69919.8 2244.72 30157.8 6479.21
 208918 66035.9 18989.1 609.631 9950.02
 208918 68635.3 19374 5571.14 3098.06
 208918 66414.9 18854.9 5322.25 2381.52
 208918 73351.6 22255.1 6318.11 2581.47
 208918 68340.2 21335.7 6473.3 2588.61
 208918 61457.7 16075.8 5018.84 2131.65
 208918 75271.5 21686.1 5672.55 2523.14
 208918 72742.2 24805.5 7146.6 2700.87
 208918 73153.3 24243.7 8267.25 3281.99
 208918 75553.7 26007 8618.97 4105.91
 208918 69374.1 22646.2 7795.24 3814.11
 208918 69130.2 20648 6740.23 3455.32
 208918 66017.5 18764.2 5604.54 2767.41
 208918 69837.2 20052.9 5699.65 2542.99
 208918 63086.5 17310.3 4970.43 2043.07
 208918 67196.2 17740.7 4867.86 1972.28
 208918 60372.6 15253.5 4027.12 1552.71
 208918 41708.1 6540.72 1652.55 604.514
 208918 40238 4205.68 659.541 227.594
 208918 43123.1 4660.16 487.082 102.744
 208918 24668.8 1634.37 176.621 22.3545
 208918 53142.9 4338.93 287.466 34.9973
 208918 59922.1 11884 970.288 72.1104
 208918 61932.7 14314.3 2838.88 249.011
 208918 68330.3 18009.1 4162.39 897.911
 208918 66557.9 18852 4968.61 1396.11
 208918 66014.8 18064.5 5116.64 1727.46
 208918 68939.8 19540 5347.01 2025.82
 208918 70130.9 21117 5985.34 2258.38
 208918 67920.9 20149.3 6067.14 2368.5
 208918 72973.4 22525.7 6682.43 2797.64
pred_Ctot
 12011.7 815.764 10959.8 933.589 1421.05
 18824.6 11857.9 380.69 5114.56 1098.83
 14257.5 8609.85 2475.83 79.4846 1297.3
 18156.8 11251.8 3176.09 913.309 507.882
 6045.42 3770.39 1070.39 302.145 135.199
 14774.6 9893.83 3001.82 852.201 348.195
 26945.9 16149.8 5041.93 1529.74 611.726
 2728.11 1591.23 416.226 129.945 55.1915
 7101.34 5002.57 1441.27 377 167.689
 6388.83 4359.37 1486.57 428.289 161.86
 2241.69 1558.75 516.583 176.158 69.9324
 12965 8995.49 3096.42 1026.18 488.854
 13391.4 8519.61 2781.11 957.308 468.398
 18857 11743 3507.41 1144.95 586.945
 12156 7389.04 2100.19 627.291 309.744
 24044.6 14869.6 4269.61 1213.56 541.447
 16782.2 9602.36 2634.79 756.546 310.975
 28886.1 16912.7 4465.19 1225.2 496.407
 63432.9 29610.5 7481.26 1975.15 761.544
 66271.4 21156.2 3317.74 838.247 306.636
 60720.3 19074.2 1993.64 312.646 107.887
 98006.1 28811.9 3113.6 325.435 68.6462
 41983.8 8632.01 571.893 61.8025 7.82219
 29693.7 13712.4 1119.57 74.1744 9.03029
 26098.4 13753.9 2727.74 222.711 16.5515
 14791.8 8362.92 1932.9 383.341 33.6245
 17904.9 11055.5 2913.79 673.456 145.278
 18861.8 11308.7 3203.09 844.204 237.21
 13724.6 8299.75 2271.17 643.292 217.185
 11643.4 7403 2098.28 574.181 217.539
 15509.7 9906.3 2982.88 845.456 319.006
 6700.56 4264.77 1265.18 380.958 148.719
 13186.4 8830.34 2725.77 808.625 338.536
F
 0.0945908 0.189182 0.189182 0.189182 0.189182
 0.151742 0.303484 0.303484 0.303484 0.303484
 0.113133 0.226265 0.226265 0.226265 0.226265
 0.146018 0.292036 0.292036 0.292036 0.292036
 0.0466754 0.0933508 0.0933508 0.0933508 0.0933508
 0.117442 0.234884 0.234884 0.234884 0.234884
 0.223591 0.447182 0.447182 0.447182 0.447182
 0.0208383 0.0416766 0.0416766 0.0416766 0.0416766
 0.0550176 0.110035 0.110035 0.110035 0.110035
 0.0493821 0.0987643 0.0987643 0.0987643 0.0987643
 0.0170962 0.0341923 0.0341923 0.0341923 0.0341923
 0.102426 0.204853 0.204853 0.204853 0.204853
 0.105948 0.211896 0.211896 0.211896 0.211896
 0.15202 0.30404 0.30404 0.30404 0.30404
 0.0957736 0.191547 0.191547 0.191547 0.191547
 0.197433 0.394866 0.394866 0.394866 0.394866
 0.134323 0.268647 0.268647 0.268647 0.268647
 0.241404 0.482808 0.482808 0.482808 0.482808
 0.611245 1.22249 1.22249 1.22249 1.22249
 0.647129 1.29426 1.29426 1.29426 1.29426
 0.57788 1.15576 1.15576 1.15576 1.15576
 1.1364 2.2728 2.2728 2.2728 2.2728
 0.368956 0.737912 0.737912 0.737912 0.737912
 0.248895 0.49779 0.49779 0.49779 0.49779
 0.215892 0.431783 0.431783 0.431783 0.431783
 0.117586 0.235173 0.235173 0.235173 0.235173
 0.143867 0.287734 0.287734 0.287734 0.287734
 0.152061 0.304122 0.304122 0.304122 0.304122
 0.108707 0.217413 0.217413 0.217413 0.217413
 0.0915766 0.183153 0.183153 0.183153 0.183153
 0.123596 0.247192 0.247192 0.247192 0.247192
 0.0518444 0.103689 0.103689 0.103689 0.103689
 0.104254 0.208508 0.208508 0.208508 0.208508
YTP_r0W_actual
 409569 552330 235175 90780.9 42775
YTP_p0W_proyectada
 409569 524128 227526 91388 39625.4
 409569 351950 97354.8 39867.2 15715.6
CTP_r0_actual
 54319.6 31652.1 9770.48 2898.5 1213.47
CTP_p0_proyectada
 54319.6 30036 9452.68 2917.88 1124.12
 54319.6 20169.1 4044.65 1272.9 445.834
Wmedp
 7.54 17.45 24.07 31.32 35.25
Frms_r0
 0.5025 1.005 1.005 1.005 1.005
Zrms_r0
 1.5025 2.005 2.005 2.005 2.005
nmprior
 7.29 8.9 8.7 0
nm_flota  nm_reclas  nm_pelaces    nm_pelaL
inf 4.60742 7.44025 16.6044
cv_recla  cv_pelaces  cv_mph
1.11818 1.48893 1.86562
 ------------------------------------------------
Talla a la edad & desviaci?n 
 8 13.2811 15.8009 17.003 17.5766
 0.8 1.32811 1.58009 1.7003 1.75766
