years
 1991 1992 1993 1994 1995 1996 1997 1998 1999 2000 2001 2002 2003 2004 2005 2006 2007 2008 2009 2010 2011 2012 2013 2014 2015 2016 2017 2018 2019 2020
reclasobs
 0 0 0 0 0 0 0 0 0 252601 567819 844713 477998 351125 339783 2.1784e+06 2.13404e+06 4.81314e+06 1.55562e+06 2.62356e+06 3.21686e+06 3.843e+06 1.13348e+06 3.07943e+06 1.97215e+06 2.03268e+06 2.025e+06 2.42433e+06 2.27542e+06 1.05018e+06
reclaspred
 2.32394e+06 1.53669e+06 1.09055e+06 1.17745e+06 1.26463e+06 1.4932e+06 1.18114e+06 1.75134e+06 1.89794e+06 2.03999e+06 1.50991e+06 1.50578e+06 1.34957e+06 1.23693e+06 1.28946e+06 1.25592e+06 1.29923e+06 1.46465e+06 686737 441450 666410 316218 558899 1.02256e+06 941082 1.25553e+06 1.40554e+06 1.19205e+06 1.42288e+06 1.51902e+06
pelacesobs
 0 0 0 0 0 0 0 0 0 0 0 0 0 0 0 552880 188675 0 991730 2.46772e+06 1.41603e+06 1.21717e+06 2.29649e+06 1.80582e+06 0 1.4828e+06 1.56532e+06 1.57751e+06 1.42118e+06 867257
pelacespred
 1.08424e+06 753867 517365 483972 576779 666781 520170 902042 1.02422e+06 1.02826e+06 856198 703153 664455 660997 698509 567618 564862 593672 284264 151891 237427 93413.2 235505 480169 430807 586604 735995 619005 625338 731980
mphobs
 0 0 0 0 0 0 0 0 0 0 0 0 498337 0 5186 125008 0 168611 109162 213762 579715 649985 157893 87575 83554 210694 70296 0 107559 103333
mphpred
 2.1941e+06 1.52485e+06 1.02142e+06 841273 964575 1.093e+06 1.09316e+06 954295 1.47542e+06 1.7224e+06 1.38903e+06 1.27285e+06 1.1565e+06 966599 926948 1.16238e+06 913815 1.16358e+06 724097 319780 337283 274278 145586 486379 791220 683735 1.01724e+06 951967 1.07816e+06 1.1314e+06
desembarqueobs
 494567 514787 250237 358949 120608 361735 552515 73892 212993 205616 52469 317467 293654 387597 252695 516296 358380 742168 942051 627588 828172 859565 418607 520667 417249 300574 415391 372974 316634 284311
desembarquepred
 495250 506378 261115 358712 120536 361463 552052 73851.6 212921 205561 52445.2 317550 293756 388068 252646 515598 357900 739802 933945 621942 821493 851857 418611 520825 417205 300554 415264 372895 316559 284170
Reclutas
 214020 214020 214020 214020 214020 214020 214020 214020 214020 214020 214020 214020 214020 214020 214020 214020 214020 214020 214020 214020 214020 214020 214020 214020 214020 214020 214020 214020 214020 214020
log_desv_Rt
 0 0 0 0 0 0 0 0 0 0 0 0 0 0 0 0 0 0 0 0 0 0 0 0 0 0 0 0 0 0
SSB
 2.1941e+06 1.52485e+06 1.02142e+06 841273 964575 1.093e+06 1.09316e+06 954295 1.47542e+06 1.7224e+06 1.38903e+06 1.27285e+06 1.11542e+06 954167 905227 1.13071e+06 913815 1.16358e+06 756089 334264 366495 339763 175279 547185 825438 754195 1.05698e+06 951967 1.11801e+06 1.10508e+06
BT
 3.17265e+06 2.50047e+06 1.58511e+06 1.69688e+06 1.68356e+06 2.27203e+06 1.93111e+06 3.11752e+06 3.30221e+06 3.01562e+06 2.38781e+06 2.20552e+06 2.1874e+06 2.52207e+06 2.52825e+06 2.05245e+06 1.99526e+06 2.34849e+06 1.86039e+06 1.05428e+06 1.55963e+06 1.08931e+06 1.32111e+06 2.2335e+06 1.6338e+06 2.20177e+06 2.77346e+06 2.30522e+06 1.99888e+06 2.46841e+06
Ftot
 0.201098 0.308004 0.225501 0.285686 0.090828 0.228151 0.432107 0.0403526 0.106835 0.09597 0.0332468 0.199135 0.205511 0.29444 0.185592 0.381387 0.259204 0.465264 1.16166 1.21482 1.07656 2.05867 0.687369 0.472471 0.41127 0.226005 0.277616 0.293807 0.209931 0.177126
BD_Bspro_t
 0.968336 0.803544 0.678436 0.661301 0.67166 0.744184 0.698649 0.623769 0.784639 0.831844 0.836885 0.870281 0.786589 0.726311 0.701338 0.72052 0.611798 0.654083 0.48179 0.276759 0.251777 0.220816 0.145772 0.367962 0.492984 0.529035 0.65464 0.662248 0.690543 0.692954
BD_Bspro
 1.44017 1.00088 0.670442 0.552198 0.633132 0.71743 0.71753 0.626384 0.968439 1.13055 0.911737 0.835478 0.732147 0.6263 0.594176 0.74218 0.599814 0.763756 0.496285 0.219405 0.240561 0.223015 0.115051 0.359163 0.541805 0.495042 0.693786 0.624856 0.733846 0.725357
BD_Bo
 1.20407 0.836798 0.560529 0.46167 0.529335 0.599813 0.599897 0.523693 0.809672 0.945208 0.762265 0.698508 0.612117 0.523623 0.496766 0.620505 0.501479 0.638544 0.414923 0.183436 0.201123 0.186454 0.096189 0.300281 0.45298 0.413884 0.580046 0.522416 0.613538 0.60644
BD_Brms
 5.115 3.5548 2.38118 1.96122 2.24867 2.54806 2.54842 2.2247 3.43956 4.01533 3.23817 2.96733 2.60033 2.2244 2.11031 2.63597 2.13033 2.7126 1.76263 0.779253 0.854391 0.792073 0.40862 1.27562 1.9243 1.75822 2.46409 2.21927 2.60637 2.57622
Sel_flota
 0.5 1 1 1 1
 0.5 1 1 1 1
 0.5 1 1 1 1
 0.5 1 1 1 1
 0.5 1 1 1 1
 0.5 1 1 1 1
 0.5 1 1 1 1
 0.5 1 1 1 1
 0.5 1 1 1 1
 0.5 1 1 1 1
 0.5 1 1 1 1
 0.5 1 1 1 1
 0.5 1 1 1 1
 0.5 1 1 1 1
 0.5 1 1 1 1
 0.5 1 1 1 1
 0.5 1 1 1 1
 0.5 1 1 1 1
 0.5 1 1 1 1
 0.5 1 1 1 1
 0.5 1 1 1 1
 0.5 1 1 1 1
 0.5 1 1 1 1
 0.5 1 1 1 1
 0.5 1 1 1 1
 0.5 1 1 1 1
 0.5 1 1 1 1
 0.5 1 1 1 1
 0.5 1 1 1 1
 0.5 1 1 1 1
Sel_reclas
 0.5 1 1 1 1
 0.5 1 1 1 1
 0.5 1 1 1 1
 0.5 1 1 1 1
 0.5 1 1 1 1
 0.5 1 1 1 1
 0.5 1 1 1 1
 0.5 1 1 1 1
 0.5 1 1 1 1
 0.5 1 1 1 1
 0.5 1 1 1 1
 0.5 1 1 1 1
 0.5 1 1 1 1
 0.5 1 1 1 1
 0.5 1 1 1 1
 0.5 1 1 1 1
 0.5 1 1 1 1
 0.5 1 1 1 1
 0.5 1 1 1 1
 0.5 1 1 1 1
 0.5 1 1 1 1
 0.5 1 1 1 1
 0.5 1 1 1 1
 0.5 1 1 1 1
 0.5 1 1 1 1
 0.5 1 1 1 1
 0.5 1 1 1 1
 0.5 1 1 1 1
 0.5 1 1 1 1
 0.5 1 1 1 1
Sel_pelaces
 0.5 1 1 1 1
 0.5 1 1 1 1
 0.5 1 1 1 1
 0.5 1 1 1 1
 0.5 1 1 1 1
 0.5 1 1 1 1
 0.5 1 1 1 1
 0.5 1 1 1 1
 0.5 1 1 1 1
 0.5 1 1 1 1
 0.5 1 1 1 1
 0.5 1 1 1 1
 0.5 1 1 1 1
 0.5 1 1 1 1
 0.5 1 1 1 1
 0.5 1 1 1 1
 0.5 1 1 1 1
 0.5 1 1 1 1
 0.5 1 1 1 1
 0.5 1 1 1 1
 0.5 1 1 1 1
 0.5 1 1 1 1
 0.5 1 1 1 1
 0.5 1 1 1 1
 0.5 1 1 1 1
 0.5 1 1 1 1
 0.5 1 1 1 1
 0.5 1 1 1 1
 0.5 1 1 1 1
 0.5 1 1 1 1
pf_obs 
 0.8446 0.082 0.0669 0.0065 0
 0.8095 0.147 0.0364 0.0071 0
 0.9664 0.0169 0.016 0.0007 0
 0.9276 0.0648 0.0075 0.0001 0
 0.7033 0.2144 0.0806 0.0017 0
 0.9318 0.0425 0.0243 0.0014 0
 0.5671 0.3108 0.0964 0.0239 0.0018
 0.0768 0.2599 0.5324 0.112 0.0189
 0.490249 0.384438 0.106611 0.0170017 0.00170017
 0.7925 0.1577 0.0466 0.003 0.0002
 0.840416 0.127587 0.0312969 0.00059994 9.999e-05
 0.8084 0.0986 0.0794 0.0134 0.0002
 0.7335 0.1905 0.0724 0.0035 0.0001
 0.4001 0.4547 0.1325 0.0127 0
 0.49795 0.308269 0.164784 0.0264974 0.00249975
 0.9179 0.0499 0.0305 0.0017 0
 0.2467 0.6533 0.0926 0.0074 0
 0.9418 0.0223 0.034 0.0019 0
 0.707729 0.231977 0.0356964 0.0245975 0
 0.517169 0.277429 0.184464 0.0207286 0.00020938
 0.811772 0.124168 0.05621 0.00726502 0.000585176
 0.764997 0.148141 0.077277 0.00933861 0.000247198
 0.163321 0.427699 0.378323 0.0303852 0.000271297
 0.753843 0.0900009 0.118128 0.0371064 0.000921714
 0.721811 0.176058 0.0630433 0.0369309 0.00215725
 0.143369 0.312575 0.442814 0.0836902 0.0175525
 0.692698 0.0596174 0.167031 0.0765114 0.00414204
 0.394062 0.376323 0.152708 0.0712218 0.00568511
 0.125707 0.32114 0.495352 0.0537591 0.00404204
 0.23352 0.215282 0.420074 0.123614 0.00750983
pf_pred 
 0.472067 0.046853 0.436486 0.0385542 0.00603952
 0.511459 0.319986 0.014959 0.139359 0.0142376
 0.536191 0.323113 0.0921531 0.00430806 0.0442345
 0.534268 0.331617 0.0934315 0.026647 0.0140366
 0.53292 0.333598 0.0950442 0.0267782 0.0116603
 0.510763 0.342917 0.104505 0.029774 0.0120414
 0.533939 0.321981 0.100988 0.0307764 0.0123146
 0.551615 0.324264 0.0857495 0.026895 0.0114759
 0.50284 0.354693 0.10303 0.0272456 0.0121918
 0.497163 0.339971 0.116195 0.0337519 0.0129194
 0.49047 0.341589 0.113546 0.0388075 0.0155876
 0.487228 0.338595 0.116769 0.0388145 0.0185944
 0.51133 0.326649 0.106986 0.0368954 0.0181395
 0.524319 0.328159 0.0986103 0.0322973 0.0166142
 0.536061 0.3278 0.0939185 0.0282221 0.0139984
 0.532908 0.331373 0.0958927 0.0274744 0.0123509
 0.554791 0.320168 0.0887087 0.0256705 0.0106612
 0.5527 0.326174 0.0871068 0.0241346 0.00988461
 0.60905 0.289338 0.074096 0.0197878 0.00772804
 0.711163 0.236682 0.0386 0.009885 0.00367083
 0.726764 0.240351 0.0269466 0.00439467 0.00154335
 0.738412 0.230882 0.0270103 0.00302822 0.000667307
 0.799451 0.184511 0.0141554 0.001656 0.000226572
 0.656174 0.312201 0.0290968 0.00223226 0.000296875
 0.603398 0.323266 0.0665901 0.00620613 0.000539446
 0.575291 0.329197 0.0778502 0.0160365 0.0016245
 0.544665 0.338511 0.0905516 0.0214141 0.00485797
 0.544646 0.328851 0.0940468 0.0251575 0.00729903
 0.54295 0.330525 0.0913749 0.026132 0.00901842
 0.528644 0.337783 0.0965957 0.0267043 0.0102727
pobs_RECLAS
 0 0 0 0 0
 0 0 0 0 0
 0 0 0 0 0
 0 0 0 0 0
 0 0 0 0 0
 0 0 0 0 0
 0 0 0 0 0
 0 0 0 0 0
 0 0 0 0 0
 0 0 0 0 0
 0.991045 0.00858322 0.000360255 1.14367e-05 0
 0.934742 0.0480273 0.0164251 0.00080598 0
 0.827803 0.169806 0.00239088 0 0
 0.941827 0.0461693 0.0120037 0 0
 0.791401 0.0380133 0.147996 0.0225897 0
 0.846168 0.0940531 0.0597789 0 0
 0.134021 0.677848 0.182769 0.00536245 0
 0.80878 0.0450904 0.141981 0.00414843 0
 0.846168 0.0940531 0.0597789 0 0
 0.905697 0.0802665 0.012482 0.00150086 5.37128e-05
 0.989698 0.0102097 9.19794e-05 0 0
 0.975433 0.0193895 0.00387452 0.00125025 5.28907e-05
 0.303575 0.632131 0.0575291 0.00676475 0
 0.966965 0.00978017 0.0227588 0.000495775 0
 0.843318 0.132988 0.00938335 0.0141283 0.000182051
 0.564624 0.303363 0.111486 0.0197234 0.00080311
 0.826376 0.0876187 0.0782897 0.00655872 0.00115652
 0.89761 0.0855135 0.0140674 0.00269457 0.000114338
 0.34875 0.467042 0.161289 0.0227151 0.000203297
 0.318654 0.224769 0.449479 0.00709798 0
ppred_RECLAS
 0.47442 0.0466443 0.434541 0.0383824 0.00601261
 0.515309 0.317464 0.0148411 0.138261 0.0141254
 0.538862 0.321253 0.0916226 0.00428325 0.0439798
 0.537777 0.329119 0.0927276 0.0264463 0.0139308
 0.533907 0.332892 0.0948433 0.0267216 0.0116356
 0.513483 0.34101 0.103924 0.0296085 0.0119745
 0.5397 0.318002 0.0997401 0.030396 0.0121624
 0.552036 0.32396 0.0856689 0.0268697 0.0114651
 0.504019 0.353851 0.102786 0.027181 0.0121629
 0.498214 0.33926 0.115952 0.0336814 0.0128924
 0.490818 0.341356 0.113468 0.0387809 0.0155769
 0.489559 0.337055 0.116238 0.038638 0.0185098
 0.513746 0.325034 0.106457 0.036713 0.0180498
 0.527963 0.325645 0.0978549 0.0320499 0.0164869
 0.538206 0.326285 0.0934844 0.0280916 0.0139337
 0.537856 0.327863 0.0948769 0.0271834 0.0122201
 0.557902 0.317931 0.0880889 0.0254911 0.0105868
 0.558967 0.321604 0.0858864 0.0237964 0.00974612
 0.62923 0.274403 0.0702713 0.0187664 0.00732913
 0.729531 0.22163 0.0361453 0.00925639 0.0034374
 0.741766 0.227154 0.0254671 0.00415339 0.00145862
 0.774681 0.19887 0.0232653 0.00260835 0.000574784
 0.806071 0.17842 0.0136881 0.00160134 0.000219094
 0.661988 0.306921 0.0286048 0.00219451 0.000291855
 0.608604 0.319023 0.065716 0.00612467 0.000532365
 0.577921 0.327159 0.0773683 0.0159372 0.00161444
 0.548047 0.335997 0.089879 0.021255 0.00482189
 0.54826 0.326241 0.0933005 0.0249578 0.00724111
 0.545407 0.328748 0.0908837 0.0259915 0.00896994
 0.530684 0.336321 0.0961778 0.0265887 0.0102282
pobs_PELACES
 0 0 0 0 0
 0 0 0 0 0
 0 0 0 0 0
 0 0 0 0 0
 0 0 0 0 0
 0 0 0 0 0
 0 0 0 0 0
 0 0 0 0 0
 0 0 0 0 0
 0 0 0 0 0
 0 0 0 0 0
 0 0 0 0 0
 0 0 0 0 0
 0 0 0 0 0
 0 0 0 0 0
 0 0 0 0 0
 0.505614 0.472636 0.0217494 0 0
 0 0 0 0 0
 0.443492 0.261883 0.143347 0.151278 0
 0.227955 0.32914 0.350689 0.0885471 0.00366901
 0.970185 0.0296113 0.000203453 0 0
 0.997202 0.00247181 0.000326279 0 0
 0.445219 0.490057 0.0546422 0.010081 0
 0.90214 0.0892962 0.00764917 0.000914606 0
 0 0 0 0 0
 0.581667 0.319106 0.0959925 0.00289975 0.000334073
 0.762889 0.0836404 0.116647 0.0363945 0.000428098
 0.88444 0.0763242 0.0277011 0.0115352 0
 0.521256 0.241999 0.230069 0.00667565 0
 0.616807 0.101726 0.260614 0.0208532 0
ppred_PELACES
 0.4827 0.0459094 0.427695 0.0377778 0.00591789
 0.52799 0.309158 0.0144528 0.134643 0.0137559
 0.548093 0.314822 0.0897884 0.00419751 0.0430994
 0.549471 0.320792 0.0903816 0.0257772 0.0135784
 0.537635 0.33023 0.0940848 0.0265079 0.0115425
 0.522882 0.334423 0.101916 0.0290365 0.0117432
 0.557354 0.305805 0.0959146 0.0292302 0.0116959
 0.553682 0.322769 0.0853542 0.026771 0.011423
 0.508425 0.350708 0.101873 0.0269395 0.0120548
 0.502173 0.336584 0.115037 0.0334156 0.0127907
 0.492189 0.340436 0.113163 0.0386765 0.015535
 0.497772 0.331632 0.114368 0.0380163 0.018212
 0.522212 0.319375 0.104603 0.0360738 0.0177355
 0.540052 0.317305 0.0953488 0.0312291 0.0160647
 0.545807 0.320914 0.0919456 0.0276292 0.0137043
 0.553456 0.316796 0.0916743 0.0262658 0.0118076
 0.568423 0.310365 0.0859925 0.0248845 0.0103348
 0.577798 0.307872 0.0822193 0.0227804 0.00932999
 0.672737 0.242204 0.0620255 0.0165643 0.00646912
 0.767221 0.190745 0.0311083 0.00796647 0.00295838
 0.774309 0.198529 0.0222578 0.00362998 0.0012748
 0.828441 0.151421 0.0177143 0.00198602 0.000437645
 0.823188 0.162673 0.01248 0.00146 0.000199756
 0.679205 0.291287 0.0271477 0.00208273 0.000276989
 0.624644 0.305949 0.0630228 0.00587367 0.000510548
 0.58699 0.32013 0.075706 0.0155948 0.00157975
 0.559366 0.327582 0.087628 0.0207227 0.00470112
 0.560236 0.317592 0.090827 0.0242962 0.00704914
 0.55398 0.322548 0.0891696 0.0255013 0.00880076
 0.537956 0.33111 0.0946875 0.0261767 0.0100698
pobs_pel_tallas
 0 0 0 0 0 0 0 0 0 0 0 0 0 0 0 0 0 0 0 0 0 0 0 0 0 0
 0 0 0 0 0 0 0 0 0 0 0 0 0 0 0 0 0 0 0 0 0 0 0 0 0 0
 0 0 0 0 0 0 0 0 0 0 0 0 0 0 0 0 0 0 0 0 0 0 0 0 0 0
 0 0 0 0 0 0 0 0 0 0 0 0 0 0 0 0 0 0 0 0 0 0 0 0 0 0
 0 0 0 0 0 0 0 0 0 0 0 0 0 0 0 0 0 0 0 0 0 0 0 0 0 0
 0 0 0 0 0 0 0 0 0 0 0 0 0 0 0 0 0 0 0 0 0 0 0 0 0 0
 0 0 0 0 0 0 0 0 0 0 0 0 0 0 0 0 0 0 0 0 0 0 0 0 0 0
 0 0 0 0 0 0 0 0 0 0 0 0 0 0 0 0 0 0 0 0 0 0 0 0 0 0
 0 0 0 0 0 0 0 0 0 0 0 0 0 0 0 0 0 0 0 0 0 0 0 0 0 0
 0 0 0 0 0 0 0 0 0 0 0 0 0 0 0 0 0 0 0 0 0 0 0 0 0 0
 0 0 0 0 0 0 0 0 0 0 0 0 0 0 0 0 0 0 0 0 0 0 0 0 0 0
 0 0 0 0 0 0 0 0 0 0 0 0 0 0 0 0 0 0 0 0 0 0 0 0 0 0
 0.00862536 0 0 0.000197151 0.00414017 0.0128641 0.00837892 0.0270097 0.101434 0.158115 0.152841 0.127902 0.109271 0.109419 0.0830992 0.0579132 0.0238553 0.00714673 0.00463305 0.00128148 0.00103504 0.000492878 0.000147863 0.000147863 4.92878e-05 0
 0 0 0 0 0 0 0 0 0 0 0 0 0 0 0 0 0 0 0 0 0 0 0 0 0 0
 0 0 0 0 0 0 0 0.0054083 0.00873648 0.0413646 0.0450493 0.0745869 0.0622846 0.0627006 0.0613931 0.0827291 0.12552 0.122667 0.0946155 0.0697135 0.0546179 0.0294188 0.0215738 0.0213955 0.0102223 0.00600262
 0 0 0 0 0.00359764 0.0251062 0.0480494 0.140153 0.205849 0.193036 0.1447 0.116669 0.0760912 0.0342217 0.00950174 0.001854 0.000860785 0 0 0 0.000165536 0 0.000143464 0 0 0
 0 0 0 0 0 0 0 0.000145254 0.000435761 0.0275982 0.070085 0.0708112 0.156366 0.174668 0.174014 0.160142 0.0824315 0.0480064 0.0283245 0.00493863 0.00203355 0 0 0 0 0
 0 0 0 0 0 0 0 0 0 0 0 0 0 0 0 0 0 0 0 0 0 0 0 0 0 0
 0 0 1.00437e-05 0.000401748 0.00122533 0.00171747 0.00176769 0.0269171 0.070346 0.194647 0.189555 0.159765 0.064822 0.0314167 0.0384472 0.0292271 0.0345202 0.0313363 0.0194345 0.0106764 0.0143323 0.0359363 0.0279516 0.0138201 0.00172751 0
 0 0.0021121 0.0136068 0.0755702 0.200478 0.177729 0.0527432 0.0373336 0.0318909 0.0142505 0.0149659 0.0166563 0.0217959 0.0798694 0.0677717 0.0528807 0.04013 0.0224614 0.0357745 0.0225083 0.00881397 0.00855152 0.00135912 0.000746735 0 0
 0 0 0 0 5.4009e-05 0.00500934 0.000945158 0.0243581 0.138947 0.33067 0.221406 0.137944 0.0707744 0.0437923 0.0131692 0.00525238 0.0047753 0.00276346 9.45158e-05 9.00151e-06 2.25038e-05 9.00151e-06 4.50075e-06 0 0 0
 0.000866109 0.00284123 0.00948549 0.0512746 0.133035 0.25785 0.225252 0.132002 0.0553304 0.0519788 0.0540692 0.017754 0.00435017 0.00159236 0.00146478 0.000404838 0.000125132 0.000115318 0.000107957 0.000100596 0 0 0 0 0 0
 0 0 0 0 0.00144013 0.00171154 0.00461396 0.0210425 0.0478622 0.0707936 0.0888783 0.103762 0.0637923 0.0337046 0.0602308 0.124433 0.169614 0.0934646 0.0462172 0.0250306 0.0313229 0.00938855 0.002487 0.000210481 0 0
 0 0.00764035 0.051015 0.0998891 0.058973 0.0496711 0.0374665 0.0718981 0.12319 0.153886 0.159021 0.0857701 0.0377988 0.023471 0.0147837 0.00900784 0.00315554 0.000888139 0.00291439 0.00214683 0.00393193 0.00274676 0.000635225 9.99891e-05 0 0
 0 0 0 0 0 0 0 0 0 0 0 0 0 0 0 0 0 0 0 0 0 0 0 0 0 0
 0 0 0 0 0 0 0 0 0 0 0 0 0 0 0 0 0 0 0 0 0 0 0 0 0 0
 0 0 0 0 0 0 0 0 0 0 0 0 0 0 0 0 0 0 0 0 0 0 0 0 0 0
 0 0 0 0 0 0 0 0 0 0 0 0 0 0 0 0 0 0 0 0 0 0 0 0 0 0
 0 0 0 0 0 0 0 0 0 0 0 0 0 0 0 0 0 0 0 0 0 0 0 0 0 0
 0 0 0 0 0 0 0 0 0 0 0 0 0 0 0 0 0 0 0 0 0 0 0 0 0 0
ppred_pel_tallas
 1.17145e-16 3.97593e-05 0.000386475 0.00256826 0.0116749 0.0363251 0.0773947 0.112961 0.112966 0.0774199 0.0364116 0.0119331 0.00324832 0.00197672 0.00336932 0.00631348 0.0109673 0.0176983 0.0267752 0.0381212 0.0509665 0.0635935 0.0735254 0.0783036 0.0765274 0.0685329
 1.16327e-16 4.34899e-05 0.000422737 0.00280924 0.0127704 0.0397336 0.0846578 0.123567 0.123597 0.0848034 0.0402226 0.0141828 0.00635542 0.00816758 0.0147653 0.0243834 0.035244 0.0446409 0.0499223 0.0500503 0.0463157 0.0415114 0.0381795 0.0372543 0.0379215 0.0384788
 1.10387e-16 4.51458e-05 0.000438833 0.0029162 0.0132566 0.0412465 0.0878811 0.128271 0.128302 0.0880298 0.0417459 0.0147001 0.0065433 0.00836937 0.0151439 0.0250628 0.0363333 0.0461895 0.0518428 0.0520267 0.0477337 0.0414745 0.0356809 0.0315086 0.0287448 0.0265122
 1.07574e-16 4.52593e-05 0.000439936 0.00292353 0.01329 0.0413502 0.0881021 0.128594 0.128625 0.0882536 0.0418591 0.0147608 0.00661937 0.00852069 0.0154297 0.0255358 0.0370151 0.0470442 0.0527691 0.0528758 0.0483378 0.0416649 0.0352884 0.0303674 0.026722 0.023566
 1.07412e-16 4.42843e-05 0.000430459 0.00286056 0.0130037 0.0404595 0.0862044 0.125824 0.125856 0.0863603 0.0409834 0.0145179 0.00666537 0.00874961 0.0158829 0.0262902 0.03811 0.0484372 0.054331 0.0544334 0.0497379 0.0428186 0.0361714 0.0309913 0.027106 0.0237299
 1.07926e-16 4.30691e-05 0.000418647 0.00278206 0.0126469 0.0393493 0.083839 0.122372 0.122405 0.083997 0.03988 0.0141811 0.00663775 0.00885082 0.0161021 0.0266697 0.0386925 0.0492448 0.0553625 0.0556757 0.0511787 0.0444448 0.0379525 0.0328609 0.028961 0.0254525
 1.07757e-16 4.59086e-05 0.000446248 0.00296548 0.0134806 0.0419434 0.089366 0.130438 0.130468 0.0895105 0.0424289 0.014884 0.00649249 0.00816056 0.0147405 0.0244117 0.0354335 0.0451351 0.0508162 0.0512321 0.0472923 0.0413384 0.0356118 0.0311387 0.0276947 0.0245244
 1.07164e-16 4.56061e-05 0.000443308 0.00294594 0.0133918 0.0416671 0.0887774 0.12958 0.129611 0.0889297 0.042179 0.0148711 0.00666253 0.00856803 0.0155096 0.0256573 0.0371662 0.0471844 0.0528298 0.0527764 0.0480128 0.0410882 0.0344839 0.0294009 0.0256811 0.0225372
 1.07772e-16 4.18784e-05 0.000407073 0.00270514 0.0122972 0.0382614 0.0815212 0.11899 0.119024 0.0816868 0.0388178 0.0139055 0.00674647 0.00924371 0.0168667 0.0279295 0.0404926 0.0514764 0.0577586 0.057894 0.0529308 0.045592 0.038519 0.0329764 0.0287867 0.0251298
 1.08922e-16 4.13634e-05 0.000402067 0.00267188 0.012146 0.0377909 0.0805186 0.117526 0.117559 0.0806777 0.0383255 0.0136917 0.00655737 0.00890281 0.016241 0.0269294 0.039131 0.0499318 0.0563767 0.0570987 0.0530785 0.0468456 0.0408015 0.0360135 0.032201 0.0285408
 1.09861e-16 4.05411e-05 0.000394074 0.00261876 0.0119045 0.0370396 0.0789179 0.11519 0.115223 0.0790788 0.0375803 0.0134677 0.00654818 0.00899069 0.0164223 0.027231 0.0395685 0.0504918 0.0570208 0.0577888 0.0538098 0.0476634 0.041787 0.0372439 0.0337052 0.0302737
 1.1028e-16 4.10009e-05 0.000398544 0.00264846 0.0120395 0.0374597 0.079813 0.116496 0.116528 0.0799698 0.0379865 0.0135628 0.00647793 0.00877767 0.0160118 0.0265573 0.0386113 0.0493171 0.0557832 0.0566865 0.0530132 0.047261 0.0417761 0.0375588 0.0342553 0.0309691
 1.0972e-16 4.3014e-05 0.000418111 0.0027785 0.0126307 0.0392989 0.0837315 0.122215 0.122246 0.0838825 0.0398061 0.014097 0.00646442 0.00848178 0.0154085 0.0255407 0.037109 0.0473489 0.0534669 0.0541876 0.0504734 0.0447579 0.0393384 0.035213 0.0320584 0.0290037
 1.08684e-16 4.44834e-05 0.000432395 0.00287342 0.0130622 0.0406414 0.0865919 0.12639 0.126421 0.0867418 0.041145 0.0145179 0.00653189 0.00843347 0.0152833 0.0253104 0.0367277 0.0467637 0.0526194 0.0530134 0.0489108 0.0427694 0.03694 0.0324947 0.0291794 0.0261617
 1.07826e-16 4.49575e-05 0.000437003 0.00290404 0.0132014 0.0410745 0.0875147 0.127737 0.127768 0.0876662 0.0415836 0.014673 0.00660201 0.00852293 0.0154408 0.0255589 0.0370587 0.0471213 0.0528974 0.053077 0.0486334 0.0420703 0.035805 0.0309776 0.0273893 0.0242417
 1.07359e-16 4.55875e-05 0.000443127 0.00294474 0.0133864 0.0416501 0.0887411 0.129527 0.129557 0.0888907 0.0421527 0.0148392 0.00659539 0.00842565 0.0152446 0.0252324 0.0365848 0.0465169 0.0522123 0.0523716 0.047948 0.0414048 0.0351252 0.0302403 0.02657 0.0233506
 1.06806e-16 4.68203e-05 0.00045511 0.00302437 0.0137484 0.0427764 0.0911408 0.133029 0.133059 0.0912873 0.0432687 0.0151712 0.00659941 0.00827124 0.0149259 0.0246932 0.0357836 0.0454574 0.0509462 0.0509721 0.0464733 0.0398802 0.033555 0.0286365 0.0249729 0.0218262
 1.06315e-16 4.75925e-05 0.000462616 0.00307425 0.0139751 0.0434819 0.0926439 0.135223 0.135252 0.0927893 0.0439701 0.0153861 0.00661925 0.00821212 0.014797 0.0244707 0.0354432 0.044987 0.0503463 0.050247 0.0456216 0.0388947 0.0324348 0.0274028 0.0236766 0.0205409
 1.04608e-16 5.54125e-05 0.000538629 0.00357938 0.0162714 0.0506264 0.107866 0.157438 0.157462 0.10798 0.0510104 0.017381 0.00636712 0.00663194 0.0116503 0.019232 0.0278388 0.0353032 0.039448 0.0392659 0.0354925 0.0300467 0.0248128 0.02073 0.0177249 0.0152479
 1.02247e-16 6.31951e-05 0.000614278 0.0040821 0.0185566 0.0577367 0.123015 0.179547 0.179566 0.123105 0.0580384 0.0194284 0.00627065 0.00539309 0.00914255 0.0150237 0.021658 0.0272816 0.0301397 0.0294221 0.0257361 0.0206778 0.0158615 0.012165 0.00962933 0.00784653
 1.01273e-16 6.37788e-05 0.000619953 0.00411981 0.018728 0.05827 0.124151 0.181206 0.181225 0.124245 0.0585837 0.0196341 0.00639352 0.00558181 0.00948222 0.0155618 0.0223794 0.0280748 0.030795 0.0296821 0.0253797 0.0195965 0.0140912 0.00986804 0.0070431 0.00522418
 1.00824e-16 6.82376e-05 0.000663294 0.00440782 0.0200373 0.0623436 0.13283 0.193873 0.193887 0.132901 0.0625829 0.0207284 0.00614218 0.00444822 0.00725291 0.0118729 0.0170735 0.0214199 0.0234964 0.0226456 0.0193543 0.0149208 0.0106839 0.00741085 0.00519782 0.00375743
 1.00583e-16 6.78049e-05 0.000659088 0.00437987 0.0199103 0.0619483 0.131988 0.192644 0.192659 0.132065 0.0622052 0.0206519 0.0062407 0.00471833 0.00776831 0.0127122 0.0182513 0.0228354 0.0249327 0.0238346 0.0200774 0.0150886 0.0103511 0.00673229 0.00435942 0.00291954
 1.01114e-16 5.59453e-05 0.000543808 0.0036138 0.0164278 0.0511132 0.108903 0.158953 0.158981 0.10904 0.0515733 0.0177564 0.00694751 0.00781717 0.013857 0.022787 0.0327419 0.0410062 0.0448467 0.0429939 0.0363957 0.0275838 0.0191835 0.0127229 0.00842184 0.00573299
 1.02573e-16 5.14512e-05 0.000500124 0.0033235 0.0151082 0.0470073 0.100155 0.146185 0.146215 0.100299 0.0474917 0.0165076 0.00683766 0.00817589 0.0146416 0.0241561 0.0348654 0.0439906 0.0487194 0.0477291 0.041941 0.033841 0.0259495 0.0196489 0.0150498 0.0116095
 1.04098e-16 4.83496e-05 0.000469976 0.00312315 0.0141974 0.0441736 0.0941177 0.137374 0.137405 0.0942687 0.0446809 0.0156631 0.00680461 0.00851435 0.0153487 0.0253569 0.0366597 0.0463852 0.0516247 0.0510171 0.0455216 0.037693 0.0300797 0.0240158 0.0195135 0.0159432
 1.05487e-16 4.60743e-05 0.000447859 0.00297618 0.0135293 0.0420949 0.0896887 0.13091 0.130942 0.0898434 0.0426143 0.0150305 0.00674757 0.00869174 0.0157348 0.0260239 0.0376805 0.0477963 0.0534241 0.053189 0.0480642 0.0406188 0.0333811 0.0276212 0.0232688 0.0196355
 1.06332e-16 4.61459e-05 0.000448555 0.00298081 0.0135503 0.0421603 0.0898281 0.131113 0.131144 0.0899781 0.0426641 0.0150065 0.0066398 0.00844864 0.0152765 0.0252787 0.0366374 0.0465505 0.0521811 0.0522115 0.0475843 0.0407657 0.0341572 0.0289251 0.0249379 0.0214855
 1.06703e-16 4.56307e-05 0.000443547 0.00294752 0.013399 0.0416896 0.0888252 0.129649 0.129681 0.0889775 0.0422011 0.0148777 0.00666269 0.00856585 0.015507 0.0256578 0.0371776 0.0472189 0.0529005 0.0528891 0.048155 0.0412211 0.0345448 0.0293187 0.0254007 0.0220435
 1.07147e-16 4.43108e-05 0.000430717 0.00286226 0.0130115 0.0404837 0.0862559 0.1259 0.125932 0.0864123 0.0410089 0.0145297 0.00667723 0.00877202 0.015925 0.0263597 0.0382095 0.0485602 0.0544605 0.0545444 0.049803 0.0428124 0.0360742 0.0307912 0.0268026 0.0233376
pSPR Fmed_Fpbrs
0.599873   0.2854 0.2854
Fs Fmed_Fpbrs
0.34   1.005 1.005
SSBpbr Bo_Bmed_Bpbrs
1.82224e+06  1.002e+06  428954 428954
Ro
214020
SPR SPRFo_SPRFmed_SPRFpbrs
1.5235e+06 913906 434806
Fref
1.005
Nvult_r0
 166385 61342.5 17542.1 4849.58 1865.55
CTP_r0
 55646.3 30747.7 8792.92 2430.84 935.103
YTP_r0
1.23893e+06
Np
 214020 47635.1 9703.71 2941.68 954.511
Nvult_p0
 166385 41220.6 8397 2545.55 825.976
CTP_p0
 55646.3 31256.2 9475.31 2709.65 979.938
 55646.3 20661.7 4208.97 1275.95 414.018
YTP_p0
 1.31247e+06 935986
CBA_c0
1.261e+06
log_Ro
12.0938
likeval ReclasPelacesDesembMPH_pf_preclas_ppelaces_ptallas_desvR_qrecl_qpela
 156.17 0.00151325 12.0284 381.404 244.563 146.236 103.971 0 0 0 0 51.9783 0 0 0
q_reclas_q_pelaces
1 1
M
1
N
 214020 11063.5 103069 9103.93 1426.13
 214020 71202.1 3328.62 31009.6 3168.11
 214020 67496 19250.1 899.923 9240.26
 214020 70338.6 19817.5 5652.04 2977.26
 214020 68253.5 19445.9 5478.78 2385.67
 214020 75238 22928.9 6532.61 2641.97
 214020 70245.4 22032.2 6714.36 2686.62
 214020 63435.1 16775 5261.41 2245
 214020 77161 22413.5 5927.1 2652.24
 214020 74638.3 25509.7 7410 2836.36
 214020 75044.8 24945.3 8525.74 3424.49
 214020 77435.7 26704.7 8876.76 4252.49
 214020 71272 23343.4 8050.26 3957.88
 214020 71045.1 21348.7 6992.24 3596.9
 214020 67955.4 19470 5850.65 2901.97
 214020 71756.2 20764.8 5949.36 2674.5
 214020 65064.4 18027.3 5216.74 2166.57
 214020 69163.2 18470.5 5117.59 2095.97
 214020 62392.1 15977.9 4266.99 1666.46
 214020 44046.2 7183.42 1839.59 683.139
 214020 42890.9 4808.65 784.235 275.413
 214020 45960.9 5376.84 602.816 132.838
 214020 28127.2 2157.87 252.444 34.5391
 214020 55834.2 5203.69 399.219 53.0934
 214020 62167.7 12806 1193.51 103.741
 214020 64099.5 15158.6 3122.54 316.313
 214020 70320.8 18810.8 4448.47 1009.17
 214020 68529.4 19598.5 5242.58 1521.05
 214020 67976.9 18792.5 5374.39 1854.76
 214020 70888.3 20271.9 5604.25 2155.86
pred_Ctot
 13048.3 1295.05 12064.8 1065.66 166.936
 19553.7 12233.4 571.9 5327.86 544.323
 14558.7 8773.2 2502.15 116.973 1201.06
 18219.3 11308.6 3186.14 908.7 478.666
 6028.86 3773.95 1075.23 302.939 131.911
 14721.8 9883.94 3012.15 858.182 347.072
 26754.1 16133.5 5060.22 1542.11 617.047
 2706.7 1591.12 420.761 131.97 56.3107
 7067.86 4985.52 1448.18 382.961 171.366
 6363.39 4351.43 1487.22 432.005 165.361
 2233.38 1555.44 517.037 176.712 70.9789
 12926.1 8982.86 3097.85 1029.74 493.306
 13322.5 8510.74 2787.48 961.298 472.618
 18744.1 11731.5 3525.27 1154.61 593.949
 12080.5 7387.18 2116.52 636.003 315.463
 23855.8 14834 4292.66 1229.9 552.893
 16619.8 9591.22 2657.43 769.006 319.377
 28616.5 16887.9 4510.02 1249.59 511.784
 62452.1 29668.8 7597.82 2029.05 792.435
 64666.7 21521.7 3509.93 898.852 333.792
 58807.9 19448.6 2180.45 355.606 124.884
 94290.1 29482.1 3449.03 386.683 85.2105
 40460.5 9338.16 716.409 83.8106 11.4669
 29017.9 13806.4 1286.74 98.7169 13.1287
 25570.7 13699.3 2821.94 263.002 22.8606
 14589.8 8348.65 1974.33 406.695 41.1982
 17733.7 11021.6 2948.26 697.22 158.17
 18706.3 11294.6 3230.11 864.052 250.691
 13596.7 8277.11 2288.24 654.406 225.842
 11549.5 7379.68 2110.37 583.419 224.432
F
 0.100549 0.201098 0.201098 0.201098 0.201098
 0.154002 0.308004 0.308004 0.308004 0.308004
 0.112751 0.225501 0.225501 0.225501 0.225501
 0.142843 0.285686 0.285686 0.285686 0.285686
 0.045414 0.090828 0.090828 0.090828 0.090828
 0.114076 0.228151 0.228151 0.228151 0.228151
 0.216053 0.432107 0.432107 0.432107 0.432107
 0.0201763 0.0403526 0.0403526 0.0403526 0.0403526
 0.0534173 0.106835 0.106835 0.106835 0.106835
 0.047985 0.09597 0.09597 0.09597 0.09597
 0.0166234 0.0332468 0.0332468 0.0332468 0.0332468
 0.0995673 0.199135 0.199135 0.199135 0.199135
 0.102756 0.205511 0.205511 0.205511 0.205511
 0.14722 0.29444 0.29444 0.29444 0.29444
 0.0927959 0.185592 0.185592 0.185592 0.185592
 0.190694 0.381387 0.381387 0.381387 0.381387
 0.129602 0.259204 0.259204 0.259204 0.259204
 0.232632 0.465264 0.465264 0.465264 0.465264
 0.580831 1.16166 1.16166 1.16166 1.16166
 0.607411 1.21482 1.21482 1.21482 1.21482
 0.53828 1.07656 1.07656 1.07656 1.07656
 1.02933 2.05867 2.05867 2.05867 2.05867
 0.343685 0.687369 0.687369 0.687369 0.687369
 0.236235 0.472471 0.472471 0.472471 0.472471
 0.205635 0.41127 0.41127 0.41127 0.41127
 0.113003 0.226005 0.226005 0.226005 0.226005
 0.138808 0.277616 0.277616 0.277616 0.277616
 0.146903 0.293807 0.293807 0.293807 0.293807
 0.104965 0.209931 0.209931 0.209931 0.209931
 0.088563 0.177126 0.177126 0.177126 0.177126
YTP_r0W_actual
 406218 488889 233012 77057.5 33757.2
YTP_p0W_proyectada
 419573 545421 228071 84866.4 34542.8
 419573 360546 101310 39962.7 14594.1
CTP_r0_actual
 55646.3 30747.7 8792.92 2430.84 935.103
CTP_p0_proyectada
 55646.3 31256.2 9475.31 2709.65 979.938
 55646.3 20661.7 4208.97 1275.95 414.018
Wmedp
 7.54 17.45 24.07 31.32 35.25
Frms_r0
 0.5025 1.005 1.005 1.005 1.005
Zrms_r0
 1.5025 2.005 2.005 2.005 2.005
nmprior
 7.29 8.9 8.7 0
nm_flota  nm_reclas  nm_pelaces    nm_pelaL
inf 4.30068 7.65183 11.4952
cv_recla  cv_pelaces  cv_mph
1.15698 1.5258 1.65714
 ------------------------------------------------
Talla a la edad & desviaci?n 
 8 13.2811 15.8009 17.003 17.5766
 0.8 1.32811 1.58009 1.7003 1.75766
