years
 1991 1992 1993 1994 1995 1996 1997 1998 1999 2000 2001 2002 2003 2004 2005 2006 2007 2008 2009 2010 2011 2012 2013 2014 2015 2016 2017 2018 2019 2020
reclasobs
 0 0 0 0 0 0 0 0 0 252601 567819 844713 477998 351125 339783 2.1784e+06 2.13404e+06 4.81314e+06 1.55562e+06 2.62356e+06 3.21686e+06 3.843e+06 1.13348e+06 3.07943e+06 1.97215e+06 2.03268e+06 2.025e+06 2.42433e+06 2.27542e+06 1.05018e+06
reclaspred
 3.24991e+06 1.75231e+06 885073 940352 972516 1.79219e+06 957993 816448 564186 362900 611331 1.00483e+06 768009 251962 690488 1.98861e+06 1.8373e+06 2.63052e+06 1.78512e+06 1.49073e+06 3.07211e+06 2.50936e+06 1.694e+06 2.76269e+06 2.1727e+06 1.88763e+06 2.32671e+06 2.47951e+06 1.8627e+06 1.05702e+06
pelacesobs
 0 0 0 0 0 0 0 0 0 0 0 0 0 0 0 552880 188675 0 991730 2.46772e+06 1.41603e+06 1.21717e+06 2.29649e+06 1.80582e+06 0 1.4828e+06 1.56532e+06 1.57751e+06 1.42118e+06 867257
pelacespred
 1.86064e+06 1.0803e+06 522193 441911 514927 968341 457403 530432 326402 186062 342591 490593 407003 101102 375289 942113 941298 1.41801e+06 941373 676413 1.58705e+06 1.31497e+06 955872 1.67544e+06 1.25998e+06 1.12326e+06 1.55737e+06 1.48933e+06 1.06851e+06 671557
mphobs
 0 0 0 0 0 0 0 0 0 0 0 0 498337 0 5186 125008 0 168611 109162 213762 579715 649985 157893 87575 83554 210694 70296 0 107559 103333
mphpred
 554432 371229 174338 97450.3 109347 137840 197116 98668.3 89901 52759 30857.3 86696.1 120625 57779.9 12154.3 71368.8 266126 234278 242575 318759 410156 616080 111766 82233.7 134140 113924 94765.9 109112 148548 96188.8
desembarqueobs
 494567 514787 250237 358949 120608 361735 552515 73892 212993 205616 52469 317467 293654 387597 252695 516296 358380 742168 942051 627588 828172 859565 418607 520667 417249 300574 415391 372974 316634 284311
desembarquepred
 494567 514073 250562 358978 120613 361734 552516 73897.4 213057 205672 52470.3 317446 293791 387908 252614 516165 358373 742091 941559 627289 828141 859542 418665 520688 417192 300584 415377 372937 316605 284315
Reclutas
 159319 90214.9 88694.9 131388 106185 201377 77394.5 31857.8 31212.3 42507.9 91900.5 156198 69332.7 38111.4 94955.2 412218 80843.5 331953 261140 257925 357774 419771 67506.4 228123 229165 80760 200654 216050 61795.4 45803.2
log_desv_Rt
 0.295512 -0.273201 -0.290194 0.102761 -0.110214 0.529785 -0.426481 -1.31411 -1.33458 -1.02571 -0.25469 0.27573 -0.53648 -1.13488 -0.221992 1.24616 -0.382881 1.0296 0.78966 0.777273 1.1045 1.26431 -0.563174 0.654488 0.659045 -0.383915 0.526184 0.600115 -0.651567 -0.951043
SSB
 1.58534e+06 1.06149e+06 498502 278649 312665 394138 563633 282132 257063 150859 88233.4 247899 328236 160016 33545 197899 760961 669893 720799 426631 562839 891346 816462 573844 873386 788988 617001 682299 965233 584279
BT
 2.32137e+06 1.60651e+06 772877 772683 645901 1.37817e+06 967134 636130 560141 398156 428195 803937 697946 507025 680727 1.48968e+06 1.2732e+06 2.21688e+06 1.94653e+06 1.26399e+06 2.47049e+06 2.20493e+06 1.36793e+06 2.3571e+06 1.72502e+06 1.45233e+06 2.14972e+06 1.98421e+06 1.36978e+06 979777
Ftot
 0.259769 0.482518 0.475961 0.700255 0.22971 0.39254 0.931501 0.164974 0.669106 0.985996 0.181078 0.601743 0.662815 2.22204 0.781494 0.54769 0.339238 0.536119 0.937244 0.795831 0.525119 0.633316 0.419852 0.373855 0.352485 0.280368 0.348653 0.298009 0.283568 0.454201
BD_Bspro_t
 0.959471 0.732726 0.502204 0.400629 0.401109 0.507824 0.520879 0.317197 0.372304 0.300011 0.251803 0.573742 0.492112 0.275316 0.082064 0.339487 0.541533 0.484489 0.447408 0.304691 0.319233 0.411689 0.412888 0.368983 0.506235 0.538004 0.532887 0.588005 0.650057 0.537876
BD_Bspro
 1.87849 1.25777 0.590679 0.330174 0.37048 0.467018 0.667853 0.334301 0.304596 0.178754 0.104549 0.293737 0.38893 0.189604 0.0397478 0.234492 0.901669 0.793762 0.854081 0.505518 0.666912 1.05616 0.967432 0.679952 1.03488 0.934879 0.731089 0.808461 1.14371 0.692317
BD_Bo
 1.49408 1.00038 0.469804 0.262608 0.294666 0.371448 0.531185 0.26589 0.242264 0.142174 0.083154 0.233628 0.30934 0.150804 0.0316139 0.186506 0.717154 0.631328 0.679304 0.40207 0.530437 0.840032 0.769459 0.540809 0.823106 0.743567 0.581481 0.64302 0.909666 0.550643
BD_Brms
 2.7165 1.81888 0.854189 0.477469 0.535756 0.67536 0.965791 0.483436 0.44048 0.258498 0.151189 0.424777 0.562437 0.274189 0.0574798 0.339102 1.30392 1.14787 1.2351 0.731037 0.964431 1.52733 1.39902 0.983288 1.49656 1.35194 1.05724 1.16913 1.65394 1.00117
Sel_flota
 0.691803 0.97709 0.998767 0.999935 0.999997
 0.691803 0.97709 0.998767 0.999935 0.999997
 0.691803 0.97709 0.998767 0.999935 0.999997
 0.691803 0.97709 0.998767 0.999935 0.999997
 0.691803 0.97709 0.998767 0.999935 0.999997
 0.691803 0.97709 0.998767 0.999935 0.999997
 0.691803 0.97709 0.998767 0.999935 0.999997
 0.691803 0.97709 0.998767 0.999935 0.999997
 0.691803 0.97709 0.998767 0.999935 0.999997
 0.691803 0.97709 0.998767 0.999935 0.999997
 0.691803 0.97709 0.998767 0.999935 0.999997
 0.691803 0.97709 0.998767 0.999935 0.999997
 0.691803 0.97709 0.998767 0.999935 0.999997
 0.691803 0.97709 0.998767 0.999935 0.999997
 0.691803 0.97709 0.998767 0.999935 0.999997
 0.691803 0.97709 0.998767 0.999935 0.999997
 0.691803 0.97709 0.998767 0.999935 0.999997
 0.691803 0.97709 0.998767 0.999935 0.999997
 0.691803 0.97709 0.998767 0.999935 0.999997
 0.691803 0.97709 0.998767 0.999935 0.999997
 0.691803 0.97709 0.998767 0.999935 0.999997
 0.691803 0.97709 0.998767 0.999935 0.999997
 0.691803 0.97709 0.998767 0.999935 0.999997
 0.691803 0.97709 0.998767 0.999935 0.999997
 0.691803 0.97709 0.998767 0.999935 0.999997
 0.691803 0.97709 0.998767 0.999935 0.999997
 0.691803 0.97709 0.998767 0.999935 0.999997
 0.691803 0.97709 0.998767 0.999935 0.999997
 0.691803 0.97709 0.998767 0.999935 0.999997
 0.691803 0.97709 0.998767 0.999935 0.999997
Sel_reclas
 1 1 1 1 1
 1 1 1 1 1
 1 1 1 1 1
 1 1 1 1 1
 1 1 1 1 1
 1 1 1 1 1
 1 1 1 1 1
 1 1 1 1 1
 1 1 1 1 1
 1 1 1 1 1
 1 1 1 1 1
 1 1 1 1 1
 1 1 1 1 1
 1 1 1 1 1
 1 1 1 1 1
 1 1 1 1 1
 1 1 1 1 1
 1 1 1 1 1
 1 1 1 1 1
 1 1 1 1 1
 1 1 1 1 1
 1 1 1 1 1
 1 1 1 1 1
 1 1 1 1 1
 1 1 1 1 1
 1 1 1 1 1
 1 1 1 1 1
 1 1 1 1 1
 1 1 1 1 1
 1 1 1 1 1
Sel_pelaces
 0.851354 0.96647 0.993154 0.998632 0.999728
 0.851354 0.96647 0.993154 0.998632 0.999728
 0.851354 0.96647 0.993154 0.998632 0.999728
 0.851354 0.96647 0.993154 0.998632 0.999728
 0.851354 0.96647 0.993154 0.998632 0.999728
 0.851354 0.96647 0.993154 0.998632 0.999728
 0.851354 0.96647 0.993154 0.998632 0.999728
 0.851354 0.96647 0.993154 0.998632 0.999728
 0.851354 0.96647 0.993154 0.998632 0.999728
 0.851354 0.96647 0.993154 0.998632 0.999728
 0.851354 0.96647 0.993154 0.998632 0.999728
 0.851354 0.96647 0.993154 0.998632 0.999728
 0.851354 0.96647 0.993154 0.998632 0.999728
 0.851354 0.96647 0.993154 0.998632 0.999728
 0.851354 0.96647 0.993154 0.998632 0.999728
 0.851354 0.96647 0.993154 0.998632 0.999728
 0.851354 0.96647 0.993154 0.998632 0.999728
 0.851354 0.96647 0.993154 0.998632 0.999728
 0.851354 0.96647 0.993154 0.998632 0.999728
 0.851354 0.96647 0.993154 0.998632 0.999728
 0.851354 0.96647 0.993154 0.998632 0.999728
 0.851354 0.96647 0.993154 0.998632 0.999728
 0.851354 0.96647 0.993154 0.998632 0.999728
 0.851354 0.96647 0.993154 0.998632 0.999728
 0.851354 0.96647 0.993154 0.998632 0.999728
 0.851354 0.96647 0.993154 0.998632 0.999728
 0.851354 0.96647 0.993154 0.998632 0.999728
 0.851354 0.96647 0.993154 0.998632 0.999728
 0.851354 0.96647 0.993154 0.998632 0.999728
 0.851354 0.96647 0.993154 0.998632 0.999728
pf_obs 
 0.8446 0.082 0.0669 0.0065 0
 0.8095 0.147 0.0364 0.0071 0
 0.9664 0.0169 0.016 0.0007 0
 0.9276 0.0648 0.0075 0.0001 0
 0.7033 0.2144 0.0806 0.0017 0
 0.9318 0.0425 0.0243 0.0014 0
 0.5671 0.3108 0.0964 0.0239 0.0018
 0.0768 0.2599 0.5324 0.112 0.0189
 0.490249 0.384438 0.106611 0.0170017 0.00170017
 0.7925 0.1577 0.0466 0.003 0.0002
 0.840416 0.127587 0.0312969 0.00059994 9.999e-05
 0.8084 0.0986 0.0794 0.0134 0.0002
 0.7335 0.1905 0.0724 0.0035 0.0001
 0.4001 0.4547 0.1325 0.0127 0
 0.49795 0.308269 0.164784 0.0264974 0.00249975
 0.9179 0.0499 0.0305 0.0017 0
 0.2467 0.6533 0.0926 0.0074 0
 0.9418 0.0223 0.034 0.0019 0
 0.707729 0.231977 0.0356964 0.0245975 0
 0.517169 0.277429 0.184464 0.0207286 0.00020938
 0.811772 0.124168 0.05621 0.00726502 0.000585176
 0.764997 0.148141 0.077277 0.00933861 0.000247198
 0.163321 0.427699 0.378323 0.0303852 0.000271297
 0.753843 0.0900009 0.118128 0.0371064 0.000921714
 0.721811 0.176058 0.0630433 0.0369309 0.00215725
 0.143369 0.312575 0.442814 0.0836902 0.0175525
 0.692698 0.0596174 0.167031 0.0765114 0.00414204
 0.394062 0.376323 0.152708 0.0712218 0.00568511
 0.125707 0.32114 0.495352 0.0537591 0.00404204
 0.23352 0.215282 0.420074 0.123614 0.00750983
pf_pred 
 0.51778 0.147067 0.312303 0.0228491 8.73191e-07
 0.457482 0.332546 0.0651312 0.134978 0.00986294
 0.610426 0.219213 0.105573 0.020117 0.044671
 0.750743 0.175837 0.0418192 0.0195947 0.0120066
 0.681841 0.263013 0.0392579 0.00905606 0.00683195
 0.771746 0.172615 0.0461876 0.00673099 0.00272053
 0.471381 0.441509 0.0663004 0.0172788 0.00353076
 0.478024 0.310751 0.177407 0.0257503 0.00806735
 0.563705 0.248277 0.112991 0.0630277 0.0119994
 0.755809 0.164215 0.0461176 0.0203608 0.0134977
 0.875746 0.104193 0.0136473 0.00370138 0.00271229
 0.782684 0.197789 0.0164364 0.00210311 0.000987118
 0.541146 0.389118 0.063636 0.00513576 0.000964049
 0.566922 0.28199 0.128718 0.020417 0.00195385
 0.947432 0.0391278 0.00892302 0.00385024 0.000667134
 0.936401 0.0614817 0.00158909 0.000351024 0.000177404
 0.354204 0.618303 0.0266025 0.000668374 0.000221915
 0.825638 0.0779159 0.0924394 0.00387713 0.000129575
 0.680081 0.281629 0.0173803 0.0200428 0.000867418
 0.754777 0.191004 0.0479288 0.00285801 0.00343213
 0.803227 0.16379 0.0258725 0.00628729 0.000823683
 0.749788 0.215682 0.0288776 0.00443504 0.00121711
 0.292783 0.582461 0.107978 0.0140354 0.00274272
 0.776351 0.0856077 0.114222 0.0206203 0.00319949
 0.686158 0.263346 0.0196416 0.0255371 0.0053181
 0.405641 0.453904 0.118353 0.00860458 0.0134984
 0.751009 0.124377 0.0957201 0.0243519 0.00454168
 0.690583 0.253104 0.0284932 0.0213759 0.00644356
 0.348553 0.498831 0.125415 0.0137726 0.0134289
 0.445032 0.243807 0.239647 0.0587821 0.0127321
pobs_RECLAS
 0 0 0 0 0
 0 0 0 0 0
 0 0 0 0 0
 0 0 0 0 0
 0 0 0 0 0
 0 0 0 0 0
 0 0 0 0 0
 0 0 0 0 0
 0 0 0 0 0
 0 0 0 0 0
 0.991045 0.00858322 0.000360255 1.14367e-05 0
 0.934742 0.0480273 0.0164251 0.00080598 0
 0.827803 0.169806 0.00239088 0 0
 0.941827 0.0461693 0.0120037 0 0
 0.791401 0.0380133 0.147996 0.0225897 0
 0.846168 0.0940531 0.0597789 0 0
 0.134021 0.677848 0.182769 0.00536245 0
 0.80878 0.0450904 0.141981 0.00414843 0
 0.846168 0.0940531 0.0597789 0 0
 0.905697 0.0802665 0.012482 0.00150086 5.37128e-05
 0.989698 0.0102097 9.19794e-05 0 0
 0.975433 0.0193895 0.00387452 0.00125025 5.28907e-05
 0.303575 0.632131 0.0575291 0.00676475 0
 0.966965 0.00978017 0.0227588 0.000495775 0
 0.843318 0.132988 0.00938335 0.0141283 0.000182051
 0.564624 0.303363 0.111486 0.0197234 0.00080311
 0.826376 0.0876187 0.0782897 0.00655872 0.00115652
 0.89761 0.0855135 0.0140674 0.00269457 0.000114338
 0.34875 0.467042 0.161289 0.0227151 0.000203297
 0.318654 0.224769 0.449479 0.00709798 0
ppred_RECLAS
 0.60812 0.121401 0.252059 0.0184194 7.03862e-07
 0.549739 0.278556 0.0533066 0.110336 0.00806183
 0.69423 0.173833 0.0818008 0.015568 0.0345674
 0.814626 0.131712 0.0305824 0.0143113 0.00876863
 0.75358 0.204507 0.0298479 0.00687713 0.00518782
 0.829359 0.129768 0.0339367 0.00493961 0.00199636
 0.567639 0.362607 0.0531078 0.0138222 0.00282424
 0.56727 0.259958 0.145139 0.0210417 0.00659176
 0.653794 0.199077 0.0884636 0.0492833 0.00938207
 0.821131 0.1213 0.0332162 0.0146451 0.00970792
 0.909415 0.0762365 0.00976513 0.00264532 0.00193832
 0.838822 0.147006 0.0119313 0.00152474 0.000715606
 0.631203 0.313877 0.0501219 0.00403997 0.000758304
 0.681251 0.209943 0.0927199 0.0146811 0.0014048
 0.963476 0.0273569 0.00608878 0.00262388 0.00045461
 0.954948 0.0435864 0.00110049 0.000242791 0.000122696
 0.439227 0.537415 0.0226024 0.000567187 0.000188307
 0.873362 0.0573237 0.0664379 0.0027831 9.30058e-05
 0.757719 0.213934 0.0128764 0.0148291 0.000641735
 0.818322 0.142271 0.0348402 0.00207483 0.00249146
 0.854848 0.121295 0.0187182 0.00454306 0.000595137
 0.812782 0.16191 0.0211698 0.00324716 0.000891063
 0.372969 0.518512 0.0939394 0.0121956 0.00238305
 0.834147 0.0643904 0.0839726 0.015141 0.00234916
 0.758009 0.203817 0.0148594 0.019296 0.00401814
 0.494155 0.388373 0.0990056 0.00718934 0.0112775
 0.813234 0.0943703 0.0709924 0.0180391 0.00336411
 0.761503 0.19591 0.0215613 0.016156 0.00486977
 0.433717 0.435921 0.107151 0.0117528 0.0114587
 0.537925 0.205662 0.197538 0.0483938 0.0104813
pobs_PELACES
 0 0 0 0 0
 0 0 0 0 0
 0 0 0 0 0
 0 0 0 0 0
 0 0 0 0 0
 0 0 0 0 0
 0 0 0 0 0
 0 0 0 0 0
 0 0 0 0 0
 0 0 0 0 0
 0 0 0 0 0
 0 0 0 0 0
 0 0 0 0 0
 0 0 0 0 0
 0 0 0 0 0
 0 0 0 0 0
 0.505614 0.472636 0.0217494 0 0
 0 0 0 0 0
 0.443492 0.261883 0.143347 0.151278 0
 0.227955 0.32914 0.350689 0.0885471 0.00366901
 0.970185 0.0296113 0.000203453 0 0
 0.997202 0.00247181 0.000326279 0 0
 0.445219 0.490057 0.0546422 0.010081 0
 0.90214 0.0892962 0.00764917 0.000914606 0
 0 0 0 0 0
 0.581667 0.319106 0.0959925 0.00289975 0.000334073
 0.762889 0.0836404 0.116647 0.0363945 0.000428098
 0.88444 0.0763242 0.0277011 0.0115352 0
 0.521256 0.241999 0.230069 0.00667565 0
 0.616807 0.101726 0.260614 0.0208532 0
ppred_PELACES
 0.579132 0.128076 0.272753 0.0200395 7.66608e-07
 0.526885 0.289616 0.0567569 0.118104 0.00863877
 0.674058 0.183208 0.0882913 0.0168929 0.03755
 0.804122 0.138177 0.0328046 0.0154317 0.00946535
 0.73261 0.220871 0.0330718 0.00766129 0.00578567
 0.81534 0.13957 0.0374026 0.0054733 0.00221447
 0.557135 0.370098 0.0553315 0.0144752 0.00296085
 0.537076 0.275094 0.157644 0.0229792 0.00720663
 0.636775 0.206675 0.0939247 0.0526008 0.0100245
 0.814983 0.124555 0.0348029 0.0154235 0.0102349
 0.899554 0.0841593 0.0110633 0.0030133 0.00221036
 0.828808 0.15581 0.0129391 0.00166227 0.000781
 0.615266 0.326311 0.0532929 0.00431814 0.000811396
 0.697995 0.198095 0.0884851 0.0140758 0.0013483
 0.961335 0.028789 0.00654772 0.00283636 0.000491956
 0.951559 0.0468265 0.00121019 0.000268409 0.00013579
 0.415752 0.559323 0.0241147 0.000608395 0.000202208
 0.863146 0.061148 0.0725482 0.00305519 0.00010221
 0.750047 0.220099 0.0135223 0.0156532 0.000678126
 0.809731 0.148277 0.0371016 0.00222101 0.00266987
 0.844443 0.129459 0.0204527 0.00499041 0.000654449
 0.80183 0.17083 0.0228491 0.00352321 0.000967864
 0.351794 0.533687 0.0990602 0.0129293 0.00252916
 0.818764 0.0692676 0.0925791 0.0167825 0.00260668
 0.739558 0.218376 0.0163191 0.0213057 0.00444145
 0.467558 0.40629 0.106219 0.00775489 0.012178
 0.796442 0.101531 0.0782921 0.020001 0.00373405
 0.742142 0.210749 0.0237841 0.0179178 0.0054067
 0.407832 0.453071 0.11421 0.0125947 0.012293
 0.513456 0.213522 0.210066 0.0517379 0.0112178
pobs_pel_tallas
 0 0 0 0 0 0 0 0 0 0 0 0 0 0 0 0 0 0 0 0 0 0 0 0 0 0
 0 0 0 0 0 0 0 0 0 0 0 0 0 0 0 0 0 0 0 0 0 0 0 0 0 0
 0 0 0 0 0 0 0 0 0 0 0 0 0 0 0 0 0 0 0 0 0 0 0 0 0 0
 0 0 0 0 0 0 0 0 0 0 0 0 0 0 0 0 0 0 0 0 0 0 0 0 0 0
 0 0 0 0 0 0 0 0 0 0 0 0 0 0 0 0 0 0 0 0 0 0 0 0 0 0
 0 0 0 0 0 0 0 0 0 0 0 0 0 0 0 0 0 0 0 0 0 0 0 0 0 0
 0 0 0 0 0 0 0 0 0 0 0 0 0 0 0 0 0 0 0 0 0 0 0 0 0 0
 0 0 0 0 0 0 0 0 0 0 0 0 0 0 0 0 0 0 0 0 0 0 0 0 0 0
 0 0 0 0 0 0 0 0 0 0 0 0 0 0 0 0 0 0 0 0 0 0 0 0 0 0
 0 0 0 0 0 0 0 0 0 0 0 0 0 0 0 0 0 0 0 0 0 0 0 0 0 0
 0 0 0 0 0 0 0 0 0 0 0 0 0 0 0 0 0 0 0 0 0 0 0 0 0 0
 0 0 0 0 0 0 0 0 0 0 0 0 0 0 0 0 0 0 0 0 0 0 0 0 0 0
 0.00862536 0 0 0.000197151 0.00414017 0.0128641 0.00837892 0.0270097 0.101434 0.158115 0.152841 0.127902 0.109271 0.109419 0.0830992 0.0579132 0.0238553 0.00714673 0.00463305 0.00128148 0.00103504 0.000492878 0.000147863 0.000147863 4.92878e-05 0
 0 0 0 0 0 0 0 0 0 0 0 0 0 0 0 0 0 0 0 0 0 0 0 0 0 0
 0 0 0 0 0 0 0 0.0054083 0.00873648 0.0413646 0.0450493 0.0745869 0.0622846 0.0627006 0.0613931 0.0827291 0.12552 0.122667 0.0946155 0.0697135 0.0546179 0.0294188 0.0215738 0.0213955 0.0102223 0.00600262
 0 0 0 0 0.00359764 0.0251062 0.0480494 0.140153 0.205849 0.193036 0.1447 0.116669 0.0760912 0.0342217 0.00950174 0.001854 0.000860785 0 0 0 0.000165536 0 0.000143464 0 0 0
 0 0 0 0 0 0 0 0.000145254 0.000435761 0.0275982 0.070085 0.0708112 0.156366 0.174668 0.174014 0.160142 0.0824315 0.0480064 0.0283245 0.00493863 0.00203355 0 0 0 0 0
 0 0 0 0 0 0 0 0 0 0 0 0 0 0 0 0 0 0 0 0 0 0 0 0 0 0
 0 0 1.00437e-05 0.000401748 0.00122533 0.00171747 0.00176769 0.0269171 0.070346 0.194647 0.189555 0.159765 0.064822 0.0314167 0.0384472 0.0292271 0.0345202 0.0313363 0.0194345 0.0106764 0.0143323 0.0359363 0.0279516 0.0138201 0.00172751 0
 0 0.0021121 0.0136068 0.0755702 0.200478 0.177729 0.0527432 0.0373336 0.0318909 0.0142505 0.0149659 0.0166563 0.0217959 0.0798694 0.0677717 0.0528807 0.04013 0.0224614 0.0357745 0.0225083 0.00881397 0.00855152 0.00135912 0.000746735 0 0
 0 0 0 0 5.4009e-05 0.00500934 0.000945158 0.0243581 0.138947 0.33067 0.221406 0.137944 0.0707744 0.0437923 0.0131692 0.00525238 0.0047753 0.00276346 9.45158e-05 9.00151e-06 2.25038e-05 9.00151e-06 4.50075e-06 0 0 0
 0.000866109 0.00284123 0.00948549 0.0512746 0.133035 0.25785 0.225252 0.132002 0.0553304 0.0519788 0.0540692 0.017754 0.00435017 0.00159236 0.00146478 0.000404838 0.000125132 0.000115318 0.000107957 0.000100596 0 0 0 0 0 0
 0 0 0 0 0.00144013 0.00171154 0.00461396 0.0210425 0.0478622 0.0707936 0.0888783 0.103762 0.0637923 0.0337046 0.0602308 0.124433 0.169614 0.0934646 0.0462172 0.0250306 0.0313229 0.00938855 0.002487 0.000210481 0 0
 0 0.00764035 0.051015 0.0998891 0.058973 0.0496711 0.0374665 0.0718981 0.12319 0.153886 0.159021 0.0857701 0.0377988 0.023471 0.0147837 0.00900784 0.00315554 0.000888139 0.00291439 0.00214683 0.00393193 0.00274676 0.000635225 9.99891e-05 0 0
 0 0 0 0 0 0 0 0 0 0 0 0 0 0 0 0 0 0 0 0 0 0 0 0 0 0
 0 0 0 0 0 0 0 0 0 0 0 0 0 0 0 0 0 0 0 0 0 0 0 0 0 0
 0 0 0 0 0 0 0 0 0 0 0 0 0 0 0 0 0 0 0 0 0 0 0 0 0 0
 0 0 0 0 0 0 0 0 0 0 0 0 0 0 0 0 0 0 0 0 0 0 0 0 0 0
 0 0 0 0 0 0 0 0 0 0 0 0 0 0 0 0 0 0 0 0 0 0 0 0 0 0
 0 0 0 0 0 0 0 0 0 0 0 0 0 0 0 0 0 0 0 0 0 0 0 0 0 0
ppred_pel_tallas
 1.09914e-16 4.77023e-05 0.000463684 0.00308134 0.0140073 0.0435821 0.0928568 0.13553 0.135543 0.0929192 0.0437929 0.0146214 0.00464182 0.00393337 0.00682197 0.0116832 0.0179422 0.0248824 0.0317192 0.0379535 0.0434201 0.0479212 0.0508408 0.0512211 0.0483288 0.0422454
 1.15019e-16 4.33989e-05 0.000421853 0.00280336 0.0127437 0.0396505 0.0844806 0.123308 0.123336 0.0846173 0.0401098 0.0140714 0.00613979 0.00771825 0.0139406 0.0230893 0.0335361 0.0428067 0.0484582 0.0494948 0.0470004 0.0433654 0.040707 0.0397049 0.0395705 0.0388826
 1.10644e-16 5.55213e-05 0.000539687 0.00358641 0.0163033 0.0507257 0.108077 0.157746 0.157763 0.108164 0.0510177 0.017148 0.00571203 0.00519781 0.00895517 0.0148573 0.0217308 0.0280401 0.0322614 0.0337192 0.0329609 0.0312903 0.0298473 0.0289757 0.0282672 0.0270584
 1.04132e-16 6.62345e-05 0.000643823 0.00427843 0.0194491 0.0605135 0.128931 0.188181 0.188195 0.128996 0.0607325 0.0200822 0.00586878 0.00412009 0.00668184 0.0109779 0.0158952 0.0201788 0.0226016 0.0226144 0.020667 0.0178784 0.0153248 0.0135065 0.012306 0.01131
 1.02759e-16 6.03442e-05 0.000586567 0.00389794 0.0177195 0.0551321 0.117465 0.171449 0.17147 0.11757 0.0554814 0.0187286 0.00643108 0.00611708 0.0105658 0.0173771 0.0250394 0.0315157 0.0347715 0.0338705 0.0295261 0.0236057 0.0180018 0.0137495 0.0109006 0.00896812
 1.02039e-16 6.71585e-05 0.000652804 0.00433812 0.0197204 0.0613577 0.13073 0.190806 0.19082 0.130795 0.061579 0.0203599 0.00594468 0.00416435 0.00674912 0.0110849 0.0160397 0.0203322 0.0226981 0.022545 0.0202821 0.0170041 0.0137962 0.0112169 0.00926024 0.00765571
 1.03645e-16 4.58905e-05 0.000446072 0.00296431 0.0134753 0.041927 0.0893312 0.130389 0.130425 0.0895055 0.0425123 0.0151661 0.00720865 0.00971238 0.0176468 0.0291078 0.0419419 0.0527751 0.0581933 0.0566159 0.0492244 0.0391361 0.0295188 0.0221189 0.0170548 0.0135578
 1.08144e-16 4.42383e-05 0.000430012 0.00285758 0.0129902 0.0404174 0.0861144 0.125692 0.125719 0.086245 0.0408563 0.0142605 0.00605533 0.00744095 0.0134479 0.0223934 0.0327935 0.042364 0.048769 0.0508791 0.0493313 0.0458665 0.0420389 0.0383828 0.0345549 0.0300559
 1.09735e-16 5.24504e-05 0.000509837 0.00338804 0.0154016 0.0479201 0.1021 0.149022 0.149042 0.102198 0.0482494 0.0163542 0.00578527 0.00576286 0.0100879 0.016751 0.0244984 0.0316059 0.0363549 0.0379803 0.0370877 0.0351192 0.0333137 0.0320069 0.0307093 0.0287008
 1.04316e-16 6.71291e-05 0.000652519 0.00433622 0.0197118 0.0613309 0.130672 0.190723 0.190735 0.130731 0.0615285 0.0202831 0.00577189 0.00379216 0.00604647 0.00993412 0.0144103 0.0183512 0.0206634 0.0208595 0.0193393 0.0170883 0.0150383 0.013596 0.0126193 0.0117187
 1.01018e-16 7.40951e-05 0.00072023 0.00478618 0.0217573 0.0676951 0.144232 0.210512 0.21052 0.144271 0.0678282 0.0221416 0.00575086 0.002826 0.00407302 0.00661549 0.00952113 0.0119703 0.0131827 0.0128015 0.0111022 0.00880416 0.00663843 0.00500783 0.00393542 0.00323217
 1.00713e-16 6.82678e-05 0.000663588 0.00440977 0.0200462 0.0623713 0.132889 0.193959 0.193974 0.132962 0.0626173 0.0207567 0.0061925 0.00455276 0.00744701 0.0121836 0.0174975 0.0219042 0.0239391 0.0229254 0.0193766 0.0146558 0.0101764 0.00676005 0.00452026 0.00315186
 1.02192e-16 5.06787e-05 0.000492615 0.0032736 0.0148813 0.0463016 0.0986515 0.143991 0.144023 0.0988053 0.0468177 0.0163723 0.00701652 0.00866452 0.0155736 0.0256732 0.0369929 0.0465448 0.0513059 0.0498611 0.043223 0.0341138 0.025318 0.0184016 0.0135321 0.0101181
 1.04244e-16 5.7493e-05 0.000558852 0.00371377 0.0168823 0.0525271 0.111915 0.163348 0.163367 0.112009 0.0528424 0.0177941 0.00600711 0.00558052 0.00963931 0.0159614 0.023259 0.0298142 0.0338955 0.0346739 0.0326532 0.0292059 0.0256226 0.02246 0.0195804 0.0166318
 1.00565e-16 7.91839e-05 0.000769696 0.0051149 0.0232516 0.0723443 0.154137 0.224969 0.224971 0.154151 0.0723899 0.0233834 0.00544603 0.00149332 0.00145575 0.00228735 0.00330163 0.0041823 0.00466612 0.0046343 0.0041769 0.00352573 0.00290801 0.00243625 0.00209916 0.00182598
 1.00097e-16 7.83787e-05 0.000761869 0.00506288 0.0230151 0.0716087 0.15257 0.222681 0.222686 0.152592 0.0716825 0.0232284 0.00559768 0.00192789 0.00228863 0.0036484 0.00522193 0.00651155 0.00706909 0.00669007 0.00553443 0.00402517 0.00260531 0.00153901 0.000869842 0.000503911
 1.00935e-16 3.4245e-05 0.000332874 0.00221207 0.0100558 0.0312875 0.0666634 0.0973084 0.0973622 0.0669263 0.0321701 0.0126037 0.00860307 0.0142694 0.0264576 0.0435682 0.0624816 0.0779866 0.0847916 0.0804489 0.0668385 0.0489616 0.0320527 0.0192296 0.0110157 0.00633858
 1.02433e-16 7.10962e-05 0.000691081 0.00459248 0.0208767 0.0649553 0.138394 0.201992 0.201998 0.138424 0.065054 0.0211632 0.00531636 0.00228693 0.00314746 0.00520922 0.00777151 0.0103411 0.0124438 0.0138233 0.014526 0.0147472 0.0145902 0.0139705 0.0127381 0.0108769
 1.02132e-16 6.17805e-05 0.000600528 0.00399072 0.0181413 0.0564443 0.120261 0.175529 0.17555 0.120365 0.0567918 0.0191448 0.00650855 0.00609328 0.0104829 0.0172054 0.0247171 0.0309572 0.0338761 0.0325445 0.0277197 0.0213514 0.0154335 0.0110825 0.00837369 0.00677313
 1.01784e-16 6.66965e-05 0.000648314 0.00430827 0.0195848 0.0609356 0.12983 0.189494 0.189508 0.1299 0.0611706 0.0202638 0.0060138 0.00437527 0.00715581 0.0117528 0.016989 0.021498 0.0239267 0.0236387 0.02107 0.017397 0.0137991 0.0109041 0.00873743 0.00703084
 1.01235e-16 6.95557e-05 0.000676106 0.00449296 0.0204244 0.0635478 0.135396 0.197617 0.197629 0.135457 0.0637526 0.0210159 0.00597799 0.00391848 0.00622899 0.0101918 0.0146843 0.0184851 0.0203975 0.0198674 0.0173046 0.0137933 0.0104343 0.00783394 0.0060336 0.00477028
 1.01221e-16 6.60457e-05 0.000641988 0.00426623 0.0193937 0.0603411 0.128564 0.187646 0.187662 0.128644 0.0606111 0.0201737 0.00622407 0.00491543 0.00818048 0.013415 0.0193076 0.0242554 0.0266694 0.0258121 0.022229 0.0173716 0.0127278 0.00913827 0.00669105 0.00505338
 1.0472e-16 2.89769e-05 0.000281666 0.00187177 0.00850884 0.0264744 0.0564085 0.0823407 0.0823921 0.05666 0.0273191 0.0109489 0.00799822 0.013661 0.0254537 0.0420728 0.060692 0.0764983 0.0845813 0.0826425 0.072323 0.0580174 0.0441866 0.0332857 0.0255058 0.0198466
 1.04814e-16 6.74405e-05 0.000655546 0.00435633 0.0198033 0.0616153 0.131278 0.191606 0.191613 0.131312 0.0617277 0.0201294 0.00518142 0.00247812 0.00359167 0.00599525 0.00901348 0.0121371 0.0148738 0.0169682 0.0184763 0.0195726 0.0202712 0.0203345 0.0194489 0.0174941
 1.03416e-16 6.09164e-05 0.000592129 0.00393491 0.0178875 0.0556549 0.118579 0.173074 0.173096 0.118682 0.0559999 0.0188837 0.0064348 0.00604713 0.0104146 0.0171055 0.024602 0.0308766 0.033917 0.0328224 0.028356 0.0224451 0.0170338 0.0131695 0.0108513 0.00947879
 1.06008e-16 3.85122e-05 0.000374352 0.0024877 0.0113088 0.035186 0.0749689 0.109428 0.109467 0.0751607 0.03583 0.0131699 0.00716304 0.0105925 0.019479 0.0322314 0.0466347 0.059075 0.0658718 0.0652964 0.0585479 0.0488354 0.0393566 0.0317805 0.0261209 0.0215956
 1.04924e-16 6.56019e-05 0.000637674 0.00423757 0.0192634 0.0599356 0.127699 0.186383 0.186393 0.127748 0.0600983 0.0197348 0.00542607 0.00324923 0.00507554 0.00841849 0.0124289 0.016277 0.0191504 0.0206605 0.0210167 0.020763 0.0203109 0.0196732 0.0185764 0.0167775
 1.03453e-16 6.11293e-05 0.000594199 0.00394866 0.0179501 0.0558494 0.118994 0.173679 0.173699 0.119093 0.0561825 0.0189123 0.00636392 0.00586632 0.0100729 0.0165543 0.02384 0.0299835 0.0330516 0.0321725 0.0280621 0.022542 0.0174421 0.0137373 0.0114184 0.0099296
 1.06756e-16 3.35926e-05 0.000326532 0.00216993 0.00986419 0.0306914 0.0653929 0.095452 0.0954957 0.0656067 0.0314095 0.0119393 0.00738238 0.0117178 0.0217038 0.035922 0.0519631 0.065801 0.0733308 0.0726298 0.0650485 0.0541848 0.0436225 0.0352297 0.0290116 0.0240706
 1.13204e-16 4.22927e-05 0.000411101 0.00273191 0.0124189 0.0386398 0.082327 0.120163 0.120184 0.0824292 0.0389837 0.0134158 0.00524863 0.00595296 0.010708 0.0180045 0.0267969 0.0355151 0.0425467 0.0471061 0.0495512 0.0508046 0.0514068 0.0510557 0.0489622 0.044594
pSPR Fmed_Fpbrs
0.564387   0.6 0.325
Fs Fmed_Fpbrs
0.34   0.299943 0.742845
SSBpbr Bo_Bmed_Bpbrs
1.06109e+06  545809  583597 291798
Ro
118557
SPR SPRFo_SPRFmed_SPRFpbrs
843947 476313 274283
Fref
0.299943
Nvult_r0
 32110.6 13556.5 13117.3 3214.81 696.292
CTP_r0
 5518 3072.53 3023.75 741.733 160.659
YTP_r0
198577
Np
 156244 46708 3377.26 1202.36 1461.89
Nvult_p0
 109536 33890.1 2456.46 874.655 1063.46
CTP_p0
 18823 2023.81 739.399 707.433 213.748
 18823 7681.09 566.254 201.804 245.377
YTP_p0
 224730 304560
CBA_c0
206423
log_Ro
11.5032
likeval ReclasPelacesDesembMPH_pf_preclas_ppelaces_ptallas_desvR_qrecl_qpela
 12.0591 0.000278256 0.0269625 27.8006 215.128 114.919 98.5041 0 23.8284 1.31374e-05 3.5916e-05 0.101501 7.34522e-16 0 0
q_reclas_q_pelaces
1.66961 2.33389
M
1
N
 159319 33005.9 68722.1 5022.67 0.191933
 90214.9 48969.6 9420.32 19504 1425.11
 88694.9 23769.1 11242.9 2140.3 4752.42
 131388 23474.9 5492.21 2571.17 1575.41
 106185 29776.5 4356.71 1003.95 757.341
 201377 33323.7 8751.91 1274.17 514.965
 77394.5 56465 8353.85 2175.41 444.506
 31857.8 14946.8 8360.02 1212.12 379.725
 31212.3 10455.8 4680.04 2608.28 496.549
 42507.9 7227.71 2000.46 882.519 585.019
 91900.5 7905.63 1014.62 274.885 201.419
 156198 29827.7 2436.7 311.505 146.201
 69332.7 37895.7 6095.06 491.469 92.2509
 38111.4 16125.1 7295.14 1156.6 110.68
 94955.2 3014.1 676.55 291.683 50.5378
 412218 20343.6 516.703 114.032 57.6279
 80843.5 103820 4382.52 109.997 36.5195
 331953 23519.5 27417.8 1148.9 38.3946
 261140 84276.5 5124.3 5904.62 255.532
 257925 50232.8 12407.9 739.267 887.734
 357774 54713.5 8491.53 2061.6 270.072
 419771 91525.9 12049.5 1848.91 507.376
 67506.4 99641.5 18134.5 2354.87 460.153
 228123 18574.1 24321.1 4386.28 680.548
 229165 64796.4 4742.09 6159.23 1282.59
 80760 66061.8 16892 1226.82 1924.47
 200654 24471.8 18479.2 4696.5 875.86
 216050 57996.4 6403.57 4799.07 1446.56
 61795.4 64673.2 15945.9 1749.3 1705.55
 45803.2 18683.8 18034.3 4419.3 957.165
pred_Ctot
 16809.9 4774.58 10139 741.804 0.0283485
 16629.2 12087.8 2367.47 4906.34 358.511
 16155.5 5801.69 2794.08 532.416 1182.26
 33160.5 7766.77 1847.17 865.501 530.335
 9990.97 3853.91 575.243 132.698 100.108
 30948.2 6922.13 1852.19 269.923 109.097
 24472 22921.2 3442.03 897.039 183.302
 2192.39 1425.21 813.651 118.1 36.9997
 7589.23 3342.58 1521.21 848.55 161.55
 14031.6 3048.65 856.172 377.999 250.584
 6910.23 822.151 107.686 29.2064 21.4018
 34772.5 8787.24 730.223 93.4355 43.855
 16727.5 12028.1 1967.06 158.752 29.7999
 21264.3 10577 4828 765.807 73.2854
 26182.6 1081.31 246.591 106.403 18.4365
 84741.9 5563.94 143.809 31.7667 16.0546
 10896 19020.2 818.343 20.5605 6.82654
 67007.8 6323.56 7502.27 314.663 10.5161
 82959.6 34354.4 2120.14 2444.92 105.812
 72154.5 18259.4 4581.86 273.217 328.102
 70948.2 14467.4 2285.29 555.35 72.7551
 97528.2 28054.7 3756.24 576.885 158.315
 11013.6 21910.5 4061.83 527.97 103.173
 33561.6 3700.82 4937.8 891.414 138.314
 31975.5 12272.1 915.314 1190.05 247.827
 9144.06 10232 2667.94 193.967 304.285
 27722.2 4591.17 3533.35 898.909 167.648
 25874.1 9483.06 1067.56 800.892 241.421
 7070.33 10118.7 2544.02 279.375 272.403
 8008.73 4387.51 4312.64 1057.83 229.125
F
 0.179709 0.253818 0.259449 0.259753 0.259769
 0.333807 0.471463 0.481923 0.482486 0.482516
 0.329271 0.465057 0.475374 0.47593 0.475959
 0.484439 0.684213 0.699392 0.70021 0.700253
 0.158914 0.224447 0.229427 0.229695 0.229709
 0.27156 0.383546 0.392056 0.392514 0.392538
 0.644415 0.91016 0.930353 0.93144 0.931498
 0.114129 0.161194 0.16477 0.164963 0.164973
 0.462889 0.653777 0.668281 0.669062 0.669104
 0.682115 0.963407 0.984781 0.985932 0.985993
 0.12527 0.176929 0.180855 0.181066 0.181077
 0.416288 0.587957 0.601001 0.601704 0.601741
 0.458537 0.64763 0.661998 0.662772 0.662813
 1.53721 2.17113 2.2193 2.22189 2.22203
 0.54064 0.763589 0.78053 0.781443 0.781491
 0.378893 0.535142 0.547015 0.547654 0.547688
 0.234686 0.331466 0.33882 0.339216 0.339237
 0.370889 0.523836 0.535458 0.536084 0.536117
 0.648388 0.915772 0.936089 0.937183 0.937241
 0.550558 0.777598 0.79485 0.795779 0.795828
 0.363279 0.513088 0.524472 0.525085 0.525117
 0.43813 0.618807 0.632535 0.633275 0.633314
 0.290455 0.410233 0.419334 0.419825 0.41985
 0.258634 0.36529 0.373394 0.37383 0.373853
 0.24385 0.344409 0.35205 0.352462 0.352484
 0.19396 0.273945 0.280023 0.28035 0.280367
 0.241199 0.340665 0.348223 0.34863 0.348652
 0.206164 0.291182 0.297642 0.29799 0.298008
 0.196173 0.277071 0.283218 0.283549 0.283567
 0.314218 0.443795 0.453641 0.454171 0.454199
YTP_r0W_actual
 40281.4 48853.3 80129.4 23512.9 5799.78
YTP_p0W_proyectada
 141925 35315.5 17797.3 22156.8 7534.62
 141925 134035 13629.7 6320.49 8649.53
CTP_r0_actual
 5518 3072.53 3023.75 741.733 160.659
CTP_p0_proyectada
 18823 2023.81 739.399 707.433 213.748
 18823 7681.09 566.254 201.804 245.377
Wmedp
 7.54 17.45 24.07 31.32 35.25
Frms_r0
 0.207501 0.293071 0.299573 0.299923 0.299942
Zrms_r0
 1.2075 1.29307 1.29957 1.29992 1.29994
nmprior
 7.29 8.9 8.7 0
nm_flota  nm_reclas  nm_pelaces    nm_pelaL
inf 14.4619 12.9582 21.6298
cv_recla  cv_pelaces  cv_mph
0.321502 0.654283 0.447397
 ------------------------------------------------
Talla a la edad & desviaci?n 
 8 13.2811 15.8009 17.003 17.5766
 0.8 1.32811 1.58009 1.7003 1.75766
