    unsorted:	 2.284081345e-06 6.361500834e-06 5.391217097e-05 8.807599787e-05 0.001599851763 2.596329518 1.250097569 8.179372458 12.28204299 22.62885687 36.00678020 72.04576499 162.0854364 194.7460976 203.3638117 231.7676266 710.2652096 466.1982608 739.8463166 785.9248629 836.9087606 901.9076627 954.4007922 1012.941113 1086.022759 1093.404659 1232.984647 1358.529997 1406.150277 1570.994612 1708.972017 1879.964564 1930.021555 1999.616413 2086.210776 2315.799256 2323.537498 2302.404399 2506.038278 2620.392141 3230.755814 3378.595076 3840.177044 3995.385369 4224.546847 4344.755160 10550.91042 16546.43660 42672.18326 153424.3534 368689.2774 364219.5769 381221.4789 384622.1008 390408.9502 348956.5369 339334.5692 316086.7966 442233.8656 462546.2074 533732.0767 587622.5639 621443.2544 628314.2947 701077.9151 763489.7680 982815.6242 1051260.920 1179477.714 1224536.517 1551825.126 1586453.333 1672435.787 1966272.661 2168396.655 2235582.373 2581892.491 2778483.243 2951700.621 3394492.032 18669009.88 114654251.8
      sorted:	 2.284081345e-06 6.361500834e-06 5.391217097e-05 8.807599787e-05 0.001599851763 1.250097569 2.596329518 8.179372458 12.28204299 22.62885687 36.00678020 72.04576499 162.0854364 194.7460976 203.3638117 231.7676266 466.1982608 710.2652096 739.8463166 785.9248629 836.9087606 901.9076627 954.4007922 1012.941113 1086.022759 1093.404659 1232.984647 1358.529997 1406.150277 1570.994612 1708.972017 1879.964564 1930.021555 1999.616413 2086.210776 2302.404399 2315.799256 2323.537498 2506.038278 2620.392141 3230.755814 3378.595076 3840.177044 3995.385369 4224.546847 4344.755160 10550.91042 16546.43660 42672.18326 153424.3534 316086.7966 339334.5692 348956.5369 364219.5769 368689.2774 381221.4789 384622.1008 390408.9502 442233.8656 462546.2074 533732.0767 587622.5639 621443.2544 628314.2947 701077.9151 763489.7680 982815.6242 1051260.920 1179477.714 1224536.517 1551825.126 1586453.333 1672435.787 1966272.661 2168396.655 2235582.373 2581892.491 2778483.243 2951700.621 3394492.032 18669009.88 114654251.8
