years
 1991 1992 1993 1994 1995 1996 1997 1998 1999 2000 2001 2002 2003 2004 2005 2006 2007 2008 2009 2010 2011 2012 2013 2014 2015 2016 2017 2018 2019
reclasobs
 0 0 0 0 0 0 0 0 0 252601 567819 844713 477998 351125 339783 2.1784e+06 2.13404e+06 4.81314e+06 1.55562e+06 2.62356e+06 3.21686e+06 3.843e+06 1.13348e+06 3.07943e+06 1.97215e+06 2.03268e+06 2.025e+06 2.42433e+06 2.27542e+06
reclaspred
 2.26934e+06 1.53183e+06 1.09522e+06 1.18899e+06 1.27929e+06 1.5115e+06 1.19846e+06 1.77452e+06 1.921e+06 2.06409e+06 1.52724e+06 1.52347e+06 1.3667e+06 1.25349e+06 1.30629e+06 1.27436e+06 1.31863e+06 1.48803e+06 703271 454489 688179 332466 575671 1.04499e+06 960326 1.27612e+06 1.42644e+06 1.20911e+06 1.4434e+06
pelacesobs
 0 0 0 0 0 0 0 0 0 0 0 0 0 0 0 552880 188675 0 991730 2.46772e+06 1.41603e+06 1.21717e+06 2.29649e+06 1.80582e+06 0 1.4828e+06 1.56532e+06 1.57751e+06 1.42118e+06
pelacespred
 1.04103e+06 746817 518629 488796 583643 675531 528915 914033 1.03714e+06 1.04091e+06 866298 712025 673453 670529 708138 576922 574210 604484 292988 157798 246162 100094 243228 491444 441086 597077 747788 628908 635134
mphobs
 0 0 0 0 0 0 0 0 0 0 0 0 498337 0 5186 125008 0 168611 109162 213762 579715 649985 157893 87575 83554 210694 70296 0 107559
mphpred
 2.10188e+06 1.50586e+06 1.02216e+06 847763 975734 1.1062e+06 1.10821e+06 969333 1.49419e+06 1.74309e+06 1.40561e+06 1.28745e+06 1.17107e+06 979806 940072 1.17841e+06 928640 1.18156e+06 739700 330688 350472 288661 155450 501085 808832 697826 1.03373e+06 966781 1.09419e+06
desembarqueobs
 494567 514787 250237 358949 120608 361735 552515 73892 212993 205616 52469 317467 293654 387597 252695 516296 358380 742168 942051 627588 828172 859565 418607 520667 417249 300574 415391 372974 316634
desembarquepred
 494480 505934 261277 358664 120530 361443 552023 73849.5 212911 205551 52443.5 317532 293741 388045 252639 515609 357917 739950 934481 622262 821925 852500 418605 520800 417179 300528 415195 372800 316443
Reclutas
 216144 216144 216144 216144 216144 216144 216144 216144 216144 216144 216144 216144 216144 216144 216144 216144 216144 216144 216144 216144 216144 216144 216144 216144 216144 216144 216144 216144 216144
log_desv_Rt
 0 0 0 0 0 0 0 0 0 0 0 0 0 0 0 0 0 0 0 0 0 0 0 0 0 0 0 0 0
SSB
 2.10188e+06 1.50586e+06 1.02216e+06 847763 975734 1.1062e+06 1.10821e+06 969333 1.49419e+06 1.74309e+06 1.40561e+06 1.28745e+06 1.12956e+06 967242 918086 1.14642e+06 928640 1.18156e+06 772019 345453 380361 355615 186757 563285 843609 769516 1.074e+06 966781 1.13453e+06
BT
 3.06779e+06 2.48343e+06 1.58925e+06 1.71098e+06 1.70196e+06 2.29685e+06 1.95422e+06 3.15494e+06 3.33955e+06 3.04947e+06 2.4147e+06 2.22923e+06 2.21227e+06 2.5508e+06 2.5576e+06 2.07721e+06 2.02143e+06 2.37828e+06 1.88668e+06 1.07354e+06 1.58679e+06 1.11322e+06 1.34622e+06 2.26805e+06 1.66117e+06 2.23261e+06 2.80814e+06 2.33391e+06 2.02463e+06
Ftot
 0.205544 0.3087 0.2247 0.282946 0.0897893 0.225429 0.426086 0.0398258 0.105557 0.0948533 0.0328693 0.196849 0.202969 0.290621 0.183226 0.376064 0.255478 0.458359 1.13823 1.1841 1.04606 1.97994 0.668036 0.462625 0.403285 0.222396 0.27359 0.289679 0.206922
BD_Bspro_t
 0.967648 0.800965 0.677538 0.661949 0.67347 0.746063 0.701404 0.627405 0.786827 0.833572 0.838556 0.871616 0.78873 0.729028 0.704312 0.723354 0.615613 0.657664 0.487107 0.283213 0.258736 0.228847 0.153791 0.375066 0.498885 0.534477 0.65864 0.665945 0.693859
BD_Bspro
 1.36829 0.980288 0.665407 0.55188 0.635186 0.720117 0.721426 0.63102 0.972692 1.13472 0.915029 0.83811 0.735325 0.629658 0.597659 0.746303 0.604529 0.769178 0.502572 0.224884 0.247609 0.231499 0.121576 0.366689 0.549176 0.500942 0.699153 0.629359 0.738561
BD_Bo
 1.14679 0.821599 0.557691 0.462541 0.532363 0.603545 0.604641 0.528871 0.815233 0.951035 0.766904 0.702437 0.616291 0.527729 0.50091 0.625492 0.506668 0.644663 0.421215 0.18848 0.207526 0.194024 0.101895 0.30733 0.460275 0.41985 0.585974 0.527478 0.619003
BD_Brms
 4.86577 3.486 2.36625 1.96254 2.25879 2.56081 2.56546 2.24397 3.45899 4.03519 3.25394 2.9804 2.61489 2.23913 2.12534 2.65393 2.14977 2.73527 1.7872 0.799711 0.880523 0.823234 0.432335 1.30398 1.95292 1.7814 2.48626 2.23806 2.6264
Sel_flota
 0.5 1 1 1 1
 0.5 1 1 1 1
 0.5 1 1 1 1
 0.5 1 1 1 1
 0.5 1 1 1 1
 0.5 1 1 1 1
 0.5 1 1 1 1
 0.5 1 1 1 1
 0.5 1 1 1 1
 0.5 1 1 1 1
 0.5 1 1 1 1
 0.5 1 1 1 1
 0.5 1 1 1 1
 0.5 1 1 1 1
 0.5 1 1 1 1
 0.5 1 1 1 1
 0.5 1 1 1 1
 0.5 1 1 1 1
 0.5 1 1 1 1
 0.5 1 1 1 1
 0.5 1 1 1 1
 0.5 1 1 1 1
 0.5 1 1 1 1
 0.5 1 1 1 1
 0.5 1 1 1 1
 0.5 1 1 1 1
 0.5 1 1 1 1
 0.5 1 1 1 1
 0.5 1 1 1 1
Sel_reclas
 0.5 1 1 1 1
 0.5 1 1 1 1
 0.5 1 1 1 1
 0.5 1 1 1 1
 0.5 1 1 1 1
 0.5 1 1 1 1
 0.5 1 1 1 1
 0.5 1 1 1 1
 0.5 1 1 1 1
 0.5 1 1 1 1
 0.5 1 1 1 1
 0.5 1 1 1 1
 0.5 1 1 1 1
 0.5 1 1 1 1
 0.5 1 1 1 1
 0.5 1 1 1 1
 0.5 1 1 1 1
 0.5 1 1 1 1
 0.5 1 1 1 1
 0.5 1 1 1 1
 0.5 1 1 1 1
 0.5 1 1 1 1
 0.5 1 1 1 1
 0.5 1 1 1 1
 0.5 1 1 1 1
 0.5 1 1 1 1
 0.5 1 1 1 1
 0.5 1 1 1 1
 0.5 1 1 1 1
Sel_pelaces
 0.5 1 1 1 1
 0.5 1 1 1 1
 0.5 1 1 1 1
 0.5 1 1 1 1
 0.5 1 1 1 1
 0.5 1 1 1 1
 0.5 1 1 1 1
 0.5 1 1 1 1
 0.5 1 1 1 1
 0.5 1 1 1 1
 0.5 1 1 1 1
 0.5 1 1 1 1
 0.5 1 1 1 1
 0.5 1 1 1 1
 0.5 1 1 1 1
 0.5 1 1 1 1
 0.5 1 1 1 1
 0.5 1 1 1 1
 0.5 1 1 1 1
 0.5 1 1 1 1
 0.5 1 1 1 1
 0.5 1 1 1 1
 0.5 1 1 1 1
 0.5 1 1 1 1
 0.5 1 1 1 1
 0.5 1 1 1 1
 0.5 1 1 1 1
 0.5 1 1 1 1
 0.5 1 1 1 1
pf_obs 
 0.8446 0.082 0.0669 0.0065 0
 0.8095 0.147 0.0364 0.0071 0
 0.9664 0.0169 0.016 0.0007 0
 0.9276 0.0648 0.0075 0.0001 0
 0.7033 0.2144 0.0806 0.0017 0
 0.9318 0.0425 0.0243 0.0014 0
 0.5671 0.3108 0.0964 0.0239 0.0018
 0.0768 0.2599 0.5324 0.112 0.0189
 0.490249 0.384438 0.106611 0.0170017 0.00170017
 0.7925 0.1577 0.0466 0.003 0.0002
 0.840416 0.127587 0.0312969 0.00059994 9.999e-05
 0.8084 0.0986 0.0794 0.0134 0.0002
 0.7335 0.1905 0.0724 0.0035 0.0001
 0.4001 0.4547 0.1325 0.0127 0
 0.49795 0.308269 0.164784 0.0264974 0.00249975
 0.9179 0.0499 0.0305 0.0017 0
 0.2467 0.6533 0.0926 0.0074 0
 0.9418 0.0223 0.034 0.0019 0
 0.707729 0.231977 0.0356964 0.0245975 0
 0.517169 0.277429 0.184464 0.0207286 0.00020938
 0.811772 0.124168 0.05621 0.00726502 0.000585176
 0.764997 0.148141 0.077277 0.00933861 0.000247198
 0.163321 0.427699 0.378323 0.0303852 0.000271297
 0.753843 0.0900009 0.118128 0.0371064 0.000921714
 0.721811 0.176058 0.0630433 0.0369309 0.00215725
 0.143369 0.312575 0.442814 0.0836902 0.0175525
 0.692698 0.0596174 0.167031 0.0765114 0.00414204
 0.394062 0.376323 0.152708 0.0712218 0.00568511
 0.125707 0.32114 0.495352 0.0537591 0.00404204
pf_pred 
 0.477834 0.0441538 0.462847 0.00933743 0.00582811
 0.51414 0.320906 0.0139483 0.146215 0.00479085
 0.537061 0.323576 0.0920481 0.00400091 0.0433142
 0.53427 0.331926 0.0935236 0.0266048 0.0136756
 0.532467 0.333842 0.0952823 0.0268467 0.0115628
 0.510341 0.342994 0.104726 0.02989 0.012049
 0.533131 0.322289 0.101275 0.0309221 0.0123832
 0.55049 0.324614 0.086218 0.0270929 0.0115849
 0.502372 0.354548 0.103326 0.0274435 0.0123113
 0.496764 0.339993 0.116307 0.0338953 0.0130413
 0.490152 0.341585 0.113681 0.0388886 0.0156938
 0.48695 0.338619 0.116864 0.0388928 0.0186739
 0.51077 0.326828 0.107187 0.0369925 0.0182223
 0.523586 0.328358 0.0989084 0.0324382 0.0167097
 0.535169 0.328033 0.0942847 0.0284006 0.0141123
 0.532054 0.331564 0.096245 0.0276632 0.0124733
 0.553601 0.320564 0.0891605 0.0258812 0.0107931
 0.551528 0.3265 0.0875893 0.0243618 0.0100207
 0.606979 0.290345 0.0747503 0.0200531 0.00787166
 0.707198 0.239191 0.0396055 0.0101966 0.00380916
 0.722046 0.243604 0.0280609 0.00464634 0.00164309
 0.732992 0.234705 0.0283109 0.00326115 0.000730939
 0.79173 0.190693 0.0154508 0.00186373 0.000262802
 0.652433 0.313999 0.0307349 0.00249029 0.000342744
 0.600986 0.324042 0.0677309 0.00662966 0.000611097
 0.573448 0.329688 0.0786644 0.0164424 0.00175777
 0.543473 0.338643 0.0911136 0.02174 0.00502985
 0.543533 0.329101 0.0944783 0.0254198 0.00746852
 0.541894 0.33076 0.0918134 0.0263578 0.00917528
pobs_RECLAS
 0 0 0 0 0
 0 0 0 0 0
 0 0 0 0 0
 0 0 0 0 0
 0 0 0 0 0
 0 0 0 0 0
 0 0 0 0 0
 0 0 0 0 0
 0 0 0 0 0
 0 0 0 0 0
 0.991045 0.00858322 0.000360255 1.14367e-05 0
 0.934742 0.0480273 0.0164251 0.00080598 0
 0.827803 0.169806 0.00239088 0 0
 0.941827 0.0461693 0.0120037 0 0
 0.791401 0.0380133 0.147996 0.0225897 0
 0.846168 0.0940531 0.0597789 0 0
 0.134021 0.677848 0.182769 0.00536245 0
 0.80878 0.0450904 0.141981 0.00414843 0
 0.846168 0.0940531 0.0597789 0 0
 0.905697 0.0802665 0.012482 0.00150086 5.37128e-05
 0.989698 0.0102097 9.19794e-05 0 0
 0.975433 0.0193895 0.00387452 0.00125025 5.28907e-05
 0.303575 0.632131 0.0575291 0.00676475 0
 0.966965 0.00978017 0.0227588 0.000495775 0
 0.843318 0.132988 0.00938335 0.0141283 0.000182051
 0.564624 0.303363 0.111486 0.0197234 0.00080311
 0.826376 0.0876187 0.0782897 0.00655872 0.00115652
 0.89761 0.0855135 0.0140674 0.00269457 0.000114338
 0.34875 0.467042 0.161289 0.0227151 0.000203297
ppred_RECLAS
 0.480247 0.0439497 0.460707 0.00929427 0.00580117
 0.517999 0.318357 0.0138375 0.145053 0.00475279
 0.53972 0.321717 0.0915194 0.00397793 0.0430654
 0.53774 0.329453 0.0928268 0.0264066 0.0135737
 0.533442 0.333145 0.0950835 0.0267907 0.0115387
 0.513024 0.341115 0.104152 0.0297262 0.011983
 0.538794 0.31838 0.100047 0.030547 0.012233
 0.550906 0.324314 0.0861383 0.0270678 0.0115742
 0.503536 0.353718 0.103084 0.0273793 0.0122825
 0.497802 0.339291 0.116067 0.0338254 0.0130144
 0.490496 0.341354 0.113604 0.0388623 0.0156832
 0.489252 0.337099 0.11634 0.0387183 0.0185901
 0.513152 0.325237 0.106665 0.0368123 0.0181335
 0.527175 0.325884 0.0981632 0.0321938 0.0165838
 0.537283 0.326541 0.0938559 0.0282714 0.0140481
 0.53692 0.328116 0.0952443 0.0273755 0.0123436
 0.556662 0.318366 0.0885492 0.0257037 0.0107191
 0.557683 0.322019 0.0863872 0.0240274 0.00988314
 0.626633 0.275826 0.0710123 0.0190503 0.00747803
 0.725072 0.22459 0.0371878 0.00957412 0.00357664
 0.736626 0.230825 0.0265889 0.00440262 0.0015569
 0.767798 0.20411 0.0246204 0.00283604 0.000635657
 0.798293 0.184683 0.0149639 0.001805 0.000254521
 0.658127 0.308855 0.0302314 0.00244949 0.000337129
 0.60608 0.319905 0.0668663 0.00654503 0.000603296
 0.576032 0.32769 0.0781878 0.0163427 0.00174712
 0.5468 0.336176 0.0904497 0.0215815 0.00499319
 0.547089 0.326537 0.0937423 0.0252218 0.00741034
 0.544312 0.329014 0.0913287 0.0262187 0.00912685
pobs_PELACES
 0 0 0 0 0
 0 0 0 0 0
 0 0 0 0 0
 0 0 0 0 0
 0 0 0 0 0
 0 0 0 0 0
 0 0 0 0 0
 0 0 0 0 0
 0 0 0 0 0
 0 0 0 0 0
 0 0 0 0 0
 0 0 0 0 0
 0 0 0 0 0
 0 0 0 0 0
 0 0 0 0 0
 0 0 0 0 0
 0.505614 0.472636 0.0217494 0 0
 0 0 0 0 0
 0.443492 0.261883 0.143347 0.151278 0
 0.227955 0.32914 0.350689 0.0885471 0.00366901
 0.970185 0.0296113 0.000203453 0 0
 0.997202 0.00247181 0.000326279 0 0
 0.445219 0.490057 0.0546422 0.010081 0
 0.90214 0.0892962 0.00764917 0.000914606 0
 0 0 0 0 0
 0.581667 0.319106 0.0959925 0.00289975 0.000334073
 0.762889 0.0836404 0.116647 0.0363945 0.000428098
 0.88444 0.0763242 0.0277011 0.0115352 0
 0.521256 0.241999 0.230069 0.00667565 0
ppred_PELACES
 0.488718 0.0432335 0.453199 0.00914281 0.00570663
 0.530702 0.309967 0.0134729 0.141231 0.00462753
 0.548916 0.31529 0.089691 0.00389846 0.042205
 0.549322 0.321199 0.0905009 0.0257449 0.0132336
 0.537128 0.330513 0.0943324 0.0265791 0.0114475
 0.522311 0.334609 0.102166 0.0291593 0.0117545
 0.556209 0.306357 0.0962687 0.0293936 0.0117711
 0.552531 0.32314 0.0858266 0.0269699 0.0115324
 0.50789 0.350616 0.10218 0.0271392 0.0121748
 0.501715 0.336648 0.115163 0.0335618 0.012913
 0.491852 0.340446 0.113301 0.0387589 0.0156415
 0.497371 0.331741 0.114491 0.0381029 0.0182946
 0.521515 0.31965 0.104833 0.03618 0.0178221
 0.53911 0.317658 0.0956854 0.0313811 0.0161652
 0.54479 0.321243 0.0923332 0.0278128 0.0138202
 0.552308 0.317213 0.0920793 0.0264659 0.0119334
 0.567038 0.310915 0.0864766 0.0251021 0.0104682
 0.576249 0.308502 0.0827612 0.0230189 0.0094683
 0.66943 0.24421 0.0628726 0.0168667 0.00662086
 0.762265 0.194207 0.0321569 0.0082789 0.00309278
 0.768722 0.202696 0.0233487 0.0038661 0.00136717
 0.820923 0.157412 0.0189876 0.00218719 0.000490228
 0.81546 0.168965 0.0136904 0.00165138 0.000232859
 0.675089 0.293531 0.0287315 0.00232796 0.000320403
 0.62185 0.307099 0.0641895 0.00628302 0.000579145
 0.584968 0.320784 0.0765399 0.0159983 0.00171029
 0.557961 0.327897 0.0882221 0.02105 0.00487022
 0.558903 0.318019 0.091297 0.0245639 0.00721704
 0.552767 0.322909 0.0896342 0.0257322 0.00895751
pobs_pel_tallas
 0 0 0 0 0 0 0 0 0 0 0 0 0 0 0 0 0 0 0 0 0 0 0 0 0 0
 0 0 0 0 0 0 0 0 0 0 0 0 0 0 0 0 0 0 0 0 0 0 0 0 0 0
 0 0 0 0 0 0 0 0 0 0 0 0 0 0 0 0 0 0 0 0 0 0 0 0 0 0
 0 0 0 0 0 0 0 0 0 0 0 0 0 0 0 0 0 0 0 0 0 0 0 0 0 0
 0 0 0 0 0 0 0 0 0 0 0 0 0 0 0 0 0 0 0 0 0 0 0 0 0 0
 0 0 0 0 0 0 0 0 0 0 0 0 0 0 0 0 0 0 0 0 0 0 0 0 0 0
 0 0 0 0 0 0 0 0 0 0 0 0 0 0 0 0 0 0 0 0 0 0 0 0 0 0
 0 0 0 0 0 0 0 0 0 0 0 0 0 0 0 0 0 0 0 0 0 0 0 0 0 0
 0 0 0 0 0 0 0 0 0 0 0 0 0 0 0 0 0 0 0 0 0 0 0 0 0 0
 0 0 0 0 0 0 0 0 0 0 0 0 0 0 0 0 0 0 0 0 0 0 0 0 0 0
 0 0 0 0 0 0 0 0 0 0 0 0 0 0 0 0 0 0 0 0 0 0 0 0 0 0
 0 0 0 0 0 0 0 0 0 0 0 0 0 0 0 0 0 0 0 0 0 0 0 0 0 0
 0.00862536 0 0 0.000197151 0.00414017 0.0128641 0.00837892 0.0270097 0.101434 0.158115 0.152841 0.127902 0.109271 0.109419 0.0830992 0.0579132 0.0238553 0.00714673 0.00463305 0.00128148 0.00103504 0.000492878 0.000147863 0.000147863 4.92878e-05 0
 0 0 0 0 0 0 0 0 0 0 0 0 0 0 0 0 0 0 0 0 0 0 0 0 0 0
 0 0 0 0 0 0 0 0.0054083 0.00873648 0.0413646 0.0450493 0.0745869 0.0622846 0.0627006 0.0613931 0.0827291 0.12552 0.122667 0.0946155 0.0697135 0.0546179 0.0294188 0.0215738 0.0213955 0.0102223 0.00600262
 0 0 0 0 0.00359764 0.0251062 0.0480494 0.140153 0.205849 0.193036 0.1447 0.116669 0.0760912 0.0342217 0.00950174 0.001854 0.000860785 0 0 0 0.000165536 0 0.000143464 0 0 0
 0 0 0 0 0 0 0 0.000145254 0.000435761 0.0275982 0.070085 0.0708112 0.156366 0.174668 0.174014 0.160142 0.0824315 0.0480064 0.0283245 0.00493863 0.00203355 0 0 0 0 0
 0 0 0 0 0 0 0 0 0 0 0 0 0 0 0 0 0 0 0 0 0 0 0 0 0 0
 0 0 1.00437e-05 0.000401748 0.00122533 0.00171747 0.00176769 0.0269171 0.070346 0.194647 0.189555 0.159765 0.064822 0.0314167 0.0384472 0.0292271 0.0345202 0.0313363 0.0194345 0.0106764 0.0143323 0.0359363 0.0279516 0.0138201 0.00172751 0
 0 0.0021121 0.0136068 0.0755702 0.200478 0.177729 0.0527432 0.0373336 0.0318909 0.0142505 0.0149659 0.0166563 0.0217959 0.0798694 0.0677717 0.0528807 0.04013 0.0224614 0.0357745 0.0225083 0.00881397 0.00855152 0.00135912 0.000746735 0 0
 0 0 0 0 5.4009e-05 0.00500934 0.000945158 0.0243581 0.138947 0.33067 0.221406 0.137944 0.0707744 0.0437923 0.0131692 0.00525238 0.0047753 0.00276346 9.45158e-05 9.00151e-06 2.25038e-05 9.00151e-06 4.50075e-06 0 0 0
 0.000866109 0.00284123 0.00948549 0.0512746 0.133035 0.25785 0.225252 0.132002 0.0553304 0.0519788 0.0540692 0.017754 0.00435017 0.00159236 0.00146478 0.000404838 0.000125132 0.000115318 0.000107957 0.000100596 0 0 0 0 0 0
 0 0 0 0 0.00144013 0.00171154 0.00461396 0.0210425 0.0478622 0.0707936 0.0888783 0.103762 0.0637923 0.0337046 0.0602308 0.124433 0.169614 0.0934646 0.0462172 0.0250306 0.0313229 0.00938855 0.002487 0.000210481 0 0
 0 0.00764035 0.051015 0.0998891 0.058973 0.0496711 0.0374665 0.0718981 0.12319 0.153886 0.159021 0.0857701 0.0377988 0.023471 0.0147837 0.00900784 0.00315554 0.000888139 0.00291439 0.00214683 0.00393193 0.00274676 0.000635225 9.99891e-05 0 0
 0 0 0 0 0 0 0 0 0 0 0 0 0 0 0 0 0 0 0 0 0 0 0 0 0 0
 0 0 0 0 0 0 0 0 0 0 0 0 0 0 0 0 0 0 0 0 0 0 0 0 0 0
 0 0 0 0 0 0 0 0 0 0 0 0 0 0 0 0 0 0 0 0 0 0 0 0 0 0
 0 0 0 0 0 0 0 0 0 0 0 0 0 0 0 0 0 0 0 0 0 0 0 0 0 0
 0 0 0 0 0 0 0 0 0 0 0 0 0 0 0 0 0 0 0 0 0 0 0 0 0 0
ppred_pel_tallas
 1.14973e-16 4.0255e-05 0.000391293 0.00260028 0.0118205 0.036778 0.0783596 0.114369 0.114374 0.0783837 0.0368609 0.0120686 0.00325622 0.00193285 0.00328835 0.0062056 0.0108684 0.017677 0.0269092 0.038441 0.0513857 0.0638707 0.073298 0.0772029 0.0743323 0.0652855
 1.15415e-16 4.37133e-05 0.000424909 0.00282367 0.012836 0.0399378 0.0850927 0.124202 0.124231 0.0852387 0.0404279 0.014252 0.00637884 0.00818919 0.0148018 0.0244417 0.0353238 0.0447312 0.05 0.0500819 0.0462608 0.0413257 0.0378164 0.0366696 0.0370837 0.037385
 1.10203e-16 4.52135e-05 0.000439492 0.00292058 0.0132765 0.0413084 0.0880131 0.128464 0.128495 0.088162 0.0418086 0.0147221 0.00655291 0.00838133 0.015165 0.0250968 0.0363797 0.0462422 0.0518888 0.0520485 0.0477127 0.0413955 0.0355343 0.0312928 0.0284668 0.0261882
 1.07516e-16 4.5247e-05 0.000439817 0.00292274 0.0132864 0.041339 0.0880782 0.128559 0.12859 0.0882299 0.0418485 0.0147591 0.00662324 0.00853074 0.0154489 0.0255676 0.0370606 0.0471007 0.0528294 0.0529302 0.0483768 0.0416814 0.0352787 0.0303306 0.0266598 0.0234827
 1.0741e-16 4.42426e-05 0.000430053 0.00285786 0.0129914 0.0404213 0.0861231 0.125706 0.125738 0.0862792 0.0409457 0.0145069 0.006666 0.00875651 0.0158968 0.0263138 0.0381448 0.0484827 0.0543845 0.0544906 0.0497951 0.0428729 0.0362212 0.0310349 0.0271414 0.0237555
 1.07948e-16 4.30222e-05 0.000418191 0.00277903 0.0126331 0.0393063 0.0837475 0.122239 0.122271 0.0839056 0.0398374 0.0141682 0.00663695 0.0088553 0.0161116 0.026686 0.0387172 0.0492783 0.0554043 0.0557245 0.0512336 0.0445055 0.0380185 0.0329303 0.0290309 0.0255188
 1.07797e-16 4.58143e-05 0.000445331 0.00295938 0.013453 0.0418573 0.0891825 0.130171 0.1302 0.0893272 0.0423436 0.0148589 0.00649285 0.00817379 0.0147675 0.0244571 0.0355006 0.0452228 0.0509191 0.0513431 0.0474057 0.0414519 0.0357258 0.0312536 0.0278087 0.0246335
 1.07216e-16 4.55113e-05 0.000442386 0.00293981 0.013364 0.0415805 0.0885928 0.12931 0.129341 0.0887453 0.0420929 0.014845 0.00666083 0.00857689 0.0155285 0.0256895 0.037215 0.0472506 0.052912 0.0528725 0.0481212 0.0412087 0.0346161 0.0295425 0.0258267 0.022679
 1.07821e-16 4.18343e-05 0.000406644 0.00270229 0.0122843 0.0382211 0.0814353 0.118864 0.118898 0.0816009 0.0387774 0.0138922 0.00674271 0.0092414 0.0168634 0.0279249 0.0404878 0.0514746 0.0577646 0.0579139 0.05297 0.0456542 0.0386041 0.0330808 0.0289034 0.02525
 1.08961e-16 4.13257e-05 0.0004017 0.00266944 0.0121349 0.0377564 0.0804452 0.117419 0.117451 0.0806043 0.0382911 0.0136809 0.00655572 0.00890422 0.0162445 0.0269356 0.0391408 0.0499463 0.0563968 0.0571256 0.0531141 0.0468918 0.0408596 0.0360835 0.0322805 0.0286254
 1.09891e-16 4.05133e-05 0.000393803 0.00261696 0.0118964 0.0370141 0.0788638 0.115111 0.115144 0.0790247 0.0375549 0.0134596 0.00654656 0.00899085 0.0164232 0.027233 0.0395721 0.0504983 0.0570318 0.0578062 0.0538356 0.0476993 0.0418336 0.0373004 0.0337689 0.0303407
 1.10306e-16 4.09678e-05 0.000398222 0.00264633 0.0120298 0.0374294 0.0797486 0.116402 0.116434 0.0799054 0.0379565 0.0135536 0.0064771 0.00878023 0.0160174 0.0265668 0.0386258 0.0493368 0.0558081 0.0567163 0.0530479 0.0473014 0.0418229 0.0376119 0.0343132 0.031029
 1.09752e-16 4.29565e-05 0.000417553 0.00277479 0.0126138 0.0392464 0.0836197 0.122052 0.122083 0.0837708 0.039754 0.0140814 0.00646395 0.00848834 0.0154222 0.0255638 0.0371434 0.0473946 0.0535218 0.054249 0.0505394 0.0448279 0.039413 0.0352921 0.0321401 0.0290844
 1.08726e-16 4.44059e-05 0.000431641 0.00286841 0.0130394 0.0405705 0.0864409 0.126169 0.1262 0.086591 0.0410747 0.0144968 0.00653104 0.00844189 0.0153009 0.0253403 0.0367724 0.0468234 0.0526918 0.0530954 0.0490001 0.0428653 0.0370429 0.0326038 0.0292917 0.0262717
 1.07875e-16 4.48737e-05 0.000436189 0.00289863 0.0131768 0.040998 0.0873517 0.127499 0.12753 0.0875034 0.0415077 0.0146499 0.00660052 0.00853079 0.0154575 0.0255875 0.0371017 0.0471795 0.0529696 0.0531609 0.048728 0.0421754 0.0359209 0.0311027 0.0275193 0.02437
 1.07412e-16 4.5493e-05 0.000442208 0.00293863 0.0133586 0.0415637 0.088557 0.129258 0.129289 0.0887068 0.042067 0.0148133 0.00659421 0.0084356 0.0152655 0.0252679 0.0366379 0.0465879 0.0522988 0.05247 0.0480559 0.0415218 0.0352518 0.0303754 0.0267097 0.0234882
 1.06864e-16 4.67063e-05 0.000454002 0.003017 0.0137149 0.0426722 0.0909188 0.132705 0.132735 0.0910656 0.0431654 0.0151403 0.00659851 0.00828438 0.0149532 0.0247395 0.0358525 0.045549 0.0510565 0.0510956 0.0466059 0.0400207 0.0337037 0.0287925 0.025132 0.0219813
 1.06378e-16 4.74649e-05 0.000461376 0.00306601 0.0139376 0.0433654 0.0923956 0.13486 0.13489 0.0925412 0.0438546 0.0153516 0.00661842 0.0082272 0.0148283 0.0245236 0.035522 0.0450915 0.0504717 0.0503868 0.0457709 0.0390518 0.0325998 0.0275749 0.0238513 0.0207105
 1.04689e-16 5.51401e-05 0.000535981 0.00356179 0.0161914 0.0503775 0.107335 0.156664 0.156688 0.107451 0.0507647 0.0173103 0.00637276 0.00668017 0.0117471 0.0193938 0.0280749 0.0356065 0.0397945 0.0396237 0.0358355 0.0303634 0.0251045 0.0210027 0.0179812 0.0154843
 1.02332e-16 6.27868e-05 0.00061031 0.00405572 0.0184367 0.0573637 0.12222 0.178388 0.178406 0.122312 0.0576709 0.0193244 0.00628418 0.0054764 0.00930836 0.0152997 0.0220585 0.0277913 0.0307129 0.0299987 0.0262665 0.0211393 0.0162567 0.0125085 0.00993358 0.00811538
 1.01345e-16 6.33186e-05 0.00061548 0.00409008 0.0185929 0.0578496 0.123255 0.179899 0.179918 0.123351 0.0581699 0.019518 0.00641177 0.00568219 0.00968128 0.0158926 0.0228584 0.0286822 0.0314735 0.030357 0.0259887 0.0201102 0.0145126 0.0102165 0.00733704 0.00547326
 1.00891e-16 6.76183e-05 0.000657274 0.00436782 0.0198555 0.0617779 0.131625 0.192113 0.192129 0.131699 0.0620267 0.020574 0.00617102 0.00459258 0.00753819 0.0123463 0.0177573 0.0222835 0.0244546 0.0235875 0.0201872 0.0156006 0.0112153 0.00782494 0.00552669 0.00402164
 1.00644e-16 6.71684e-05 0.000652901 0.00433876 0.0197234 0.0613668 0.130749 0.190835 0.190852 0.130829 0.0616336 0.0204938 0.00627184 0.00486996 0.00806761 0.0132086 0.0189677 0.0237389 0.0259328 0.0248136 0.0209371 0.0157823 0.0108844 0.00713917 0.00467578 0.0031692
 1.01192e-16 5.56062e-05 0.000540512 0.0035919 0.0163283 0.0508034 0.108243 0.15799 0.158018 0.108381 0.0512671 0.0176673 0.00695181 0.00787138 0.0139668 0.0229716 0.0330136 0.0413598 0.0452587 0.0434316 0.0368309 0.0280011 0.0195779 0.0130919 0.00875882 0.0060277
 1.0266e-16 5.1221e-05 0.000497886 0.00330863 0.0150406 0.046797 0.099707 0.145531 0.145561 0.0998518 0.0472832 0.0164454 0.00683637 0.00820358 0.014699 0.0242535 0.0350108 0.0441842 0.048953 0.0479905 0.0422201 0.0341327 0.0262509 0.0199544 0.0153486 0.0118869
 1.04185e-16 4.81831e-05 0.000468357 0.0031124 0.0141485 0.0440215 0.0937936 0.136901 0.136932 0.0939449 0.0445298 0.0156173 0.00680166 0.00852998 0.0153819 0.0254138 0.0367458 0.0465021 0.05177 0.0511868 0.045713 0.0379055 0.0303123 0.024264 0.0197672 0.0161886
 1.05565e-16 4.59586e-05 0.000446734 0.0029687 0.0134953 0.0419891 0.0894634 0.130581 0.130613 0.0896182 0.0425091 0.014998 0.00674393 0.00869917 0.0157514 0.0260529 0.0377254 0.0478596 0.0535069 0.0532924 0.0481896 0.0407681 0.0335544 0.0278145 0.0234736 0.0198395
 1.06401e-16 4.60362e-05 0.000447488 0.00297372 0.0135181 0.04206 0.0896144 0.130801 0.130832 0.0897646 0.0425645 0.0149763 0.00663778 0.00845879 0.0152981 0.0253156 0.0366929 0.0466256 0.0522741 0.0523197 0.0477064 0.0409021 0.0343089 0.0290905 0.0251119 0.0216592
 1.06766e-16 4.55307e-05 0.000442575 0.00294107 0.0133697 0.0415982 0.0886306 0.129365 0.129397 0.088783 0.0421104 0.01485 0.00666055 0.00857443 0.0155254 0.0256894 0.0372256 0.0472843 0.0529824 0.052986 0.048266 0.0413469 0.0346858 0.0294729 0.0255626 0.0222045
pSPR Fmed_Fpbrs
0.599947   0.285685 0.285685
Fs Fmed_Fpbrs
0.34   1.005 1.005
SSBpbr Bo_Bmed_Bpbrs
1.83284e+06  1.00796e+06  431972 431972
Ro
216144
SPR SPRFo_SPRFmed_SPRFpbrs
1.53614e+06 921600 438852
Fref
1.005
Nvult_r0
 168036 59529.6 16524.4 4743.84 1651.35
CTP_r0
 56198.5 29839 8282.82 2377.83 827.735
YTP_r0
1.18027e+06
Np
 216144 48107.9 9655.09 2770.94 872.741
Nvult_p0
 168036 41629.7 8354.93 2397.8 755.218
CTP_p0
 56198.5 31099.6 8925.35 2477.53 923.996
 56198.5 20866.7 4187.88 1201.89 378.551
YTP_p0
 1.29143e+06 939651
CBA_c0
1.21362e+06
log_Ro
12.1037
likeval ReclasPelacesDesembMPH_pf_preclas_ppelaces_ptallas_desvR_qrecl_qpela
 152.336 0.00145961 12.2311 353.31 230.533 132.743 93.4598 0 0 0 0 54.0795 0 0 0
q_reclas_q_pelaces
1 1
M
1
N
 216144 10411.7 109142 2201.82 1374.3
 216144 71749.1 3118.6 32691.1 1071.15
 216144 68142.2 19384.5 842.557 9121.59
 216144 71065.1 20023.3 5696.06 2927.92
 216144 69025.3 19700.6 5550.85 2390.74
 216144 76024.2 23212.3 6625.07 2670.66
 216144 71039.2 22323.1 6815.88 2729.52
 216144 64257.8 17067 5363.07 2293.26
 216144 77947.3 22716.2 6033.46 2706.64
 216144 75427.2 25802.6 7519.66 2893.2
 216144 75832 25237.1 8633.27 3484.03
 216144 78218.9 26995 8984 4313.57
 216144 72061.6 23633.4 8156.39 4017.79
 216144 71841.5 21640.2 7097.15 3655.92
 216144 68760.9 19763.6 5953.22 2958.17
 216144 72554.2 21060.7 6053.37 2729.46
 216144 65885.2 18325.1 5319.32 2218.29
 216144 69979.9 18773.3 5221.54 2147.76
 216144 63229.3 16278.6 4367.01 1714.23
 216144 45007.6 7452.4 1918.64 716.754
 216144 43987.1 5066.9 838.982 296.69
 216144 47130.3 5685.01 654.86 146.777
 216144 29546.8 2394.02 288.774 40.7198
 216144 56936 5573.03 451.553 62.1483
 216144 63094.5 13187.9 1290.87 118.987
 216144 64994.6 15507.9 3241.44 346.526
 216144 71147 19142.4 4567.44 1056.74
 216144 69349 19908.7 5356.54 1573.79
 216144 68793.4 19095.9 5482.05 1908.33
pred_Ctot
 13456.8 1243.46 13034.7 262.962 164.132
 19789.6 12351.9 536.88 5627.91 184.403
 14653.3 8828.54 2511.47 109.162 1181.8
 18233.8 11328.1 3191.81 907.979 466.725
 6020.36 3774.6 1077.31 303.544 130.736
 14698.7 9878.81 3016.28 860.882 347.033
 26675.4 16125.8 5067.32 1547.2 619.598
 2698.18 1591.07 422.59 132.793 56.7826
 7054.49 4978.69 1450.94 385.372 172.88
 6353.23 4348.25 1487.48 433.496 166.788
 2230.11 1554.15 517.227 176.936 71.4041
 12910.6 8977.83 3098.43 1031.17 495.103
 13295.3 8507.29 2790.06 962.908 474.323
 18699.2 11726.9 3532.38 1158.49 596.765
 12050.7 7386.5 2123.06 639.512 317.775
 23781.8 14820.3 4301.96 1236.49 557.532
 16556 9586.82 2666.44 774.003 322.778
 28510.9 16878.2 4527.87 1259.36 518.012
 62071 29691.3 7644.13 2050.67 804.973
 64021.8 21653.7 3585.44 923.082 344.839
 58041.9 19582.2 2255.68 373.498 132.08
 92828.6 29723.8 3585.38 413.002 92.5685
 39863.3 9601.31 777.942 93.838 13.232
 28751.7 13837.4 1354.44 109.743 15.1042
 25363.8 13675.7 2858.49 279.796 25.7905
 14510 8342.1 1990.45 416.042 44.4768
 17664.5 11006.9 2961.46 706.612 163.485
 18642.1 11287.5 3240.42 871.85 256.156
 13543.2 8266.47 2294.63 658.744 229.312
F
 0.102772 0.205544 0.205544 0.205544 0.205544
 0.15435 0.3087 0.3087 0.3087 0.3087
 0.11235 0.2247 0.2247 0.2247 0.2247
 0.141473 0.282946 0.282946 0.282946 0.282946
 0.0448947 0.0897893 0.0897893 0.0897893 0.0897893
 0.112714 0.225429 0.225429 0.225429 0.225429
 0.213043 0.426086 0.426086 0.426086 0.426086
 0.0199129 0.0398258 0.0398258 0.0398258 0.0398258
 0.0527783 0.105557 0.105557 0.105557 0.105557
 0.0474266 0.0948533 0.0948533 0.0948533 0.0948533
 0.0164347 0.0328693 0.0328693 0.0328693 0.0328693
 0.0984246 0.196849 0.196849 0.196849 0.196849
 0.101485 0.202969 0.202969 0.202969 0.202969
 0.145311 0.290621 0.290621 0.290621 0.290621
 0.0916128 0.183226 0.183226 0.183226 0.183226
 0.188032 0.376064 0.376064 0.376064 0.376064
 0.127739 0.255478 0.255478 0.255478 0.255478
 0.229179 0.458359 0.458359 0.458359 0.458359
 0.569116 1.13823 1.13823 1.13823 1.13823
 0.592051 1.1841 1.1841 1.1841 1.1841
 0.523031 1.04606 1.04606 1.04606 1.04606
 0.989971 1.97994 1.97994 1.97994 1.97994
 0.334018 0.668036 0.668036 0.668036 0.668036
 0.231313 0.462625 0.462625 0.462625 0.462625
 0.201642 0.403285 0.403285 0.403285 0.403285
 0.111198 0.222396 0.222396 0.222396 0.222396
 0.136795 0.27359 0.27359 0.27359 0.27359
 0.144839 0.289679 0.289679 0.289679 0.289679
 0.103461 0.206922 0.206922 0.206922 0.206922
YTP_r0W_actual
 292232 611700 179737 68957.2 27646.4
YTP_p0W_proyectada
 423737 542688 214833 77596.2 32570.9
 423737 364125 100802 37643.2 13343.9
CTP_r0_actual
 56198.5 29839 8282.82 2377.83 827.735
CTP_p0_proyectada
 56198.5 31099.6 8925.35 2477.53 923.996
 56198.5 20866.7 4187.88 1201.89 378.551
Wmedp
 7.54 17.45 24.07 31.32 35.25
Frms_r0
 0.5025 1.005 1.005 1.005 1.005
Zrms_r0
 1.5025 2.005 2.005 2.005 2.005
nmprior
 7.29 8.9 8.7 0
nm_flota  nm_reclas  nm_pelaces    nm_pelaL
inf 4.35471 7.80856 9.59021
cv_recla  cv_pelaces  cv_mph
1.17091 1.55971 1.62783
 ------------------------------------------------
Talla a la edad & desviaci?n 
 8 13.2811 15.8009 17.003 17.5766
 0.8 1.32811 1.58009 1.7003 1.75766
