years
 1991 1992 1993 1994 1995 1996 1997 1998 1999 2000 2001 2002 2003 2004 2005 2006 2007 2008 2009 2010 2011 2012 2013 2014 2015 2016 2017 2018 2019 2020 2021 2022
reclasobs
 0 0 0 0 0 0 0 0 0 252601 567819 844713 477998 351125 339783 2.1784e+06 2.13404e+06 4.81314e+06 1.55562e+06 2.62356e+06 3.21686e+06 3.843e+06 1.13348e+06 3.07943e+06 1.97215e+06 2.03268e+06 2.025e+06 2.42433e+06 2.27542e+06 1.05018e+06 2.36338e+06 3.18982e+06
reclaspred
 5.05662e+06 2.74288e+06 1.31506e+06 1.4498e+06 1.79132e+06 3.47294e+06 2.20074e+06 1.58225e+06 888097 331333 555056 1.26138e+06 1.15334e+06 278408 670039 2.06529e+06 2.36759e+06 2.83079e+06 2.54193e+06 2.22022e+06 4.38578e+06 2.88006e+06 1.3971e+06 1.90756e+06 1.75915e+06 1.52473e+06 2.05371e+06 2.34209e+06 2.0686e+06 1.64821e+06 1.29396e+06 1.29208e+06
pelacesobs
 0 0 0 0 0 0 0 0 0 0 0 0 0 0 0 552880 188675 0 991730 2.46772e+06 1.41603e+06 1.21717e+06 2.29649e+06 1.80582e+06 0 1.4828e+06 1.56532e+06 1.57751e+06 1.42118e+06 867257 1.10002e+06 1.06204e+06
pelacespred
 347193 187047 84524.6 82506.8 123581 250275 131412 130242 62680.3 16374.9 41188.3 75962.8 72028.5 10546.5 46063.3 127087 143229 181202 159498 127577 285014 175792 79298.9 137134 111323 95645.7 169253 176516 131943 120286 75573.3 84332.6
mphobs
 0 0 0 0 0 0 0 0 0 0 0 0 498337 0 5186 125008 0 168611 109162 213762 579715 649985 157893 87575 83554 210694 70296 0 107559 103333 445601 22526
mphpred
 774422 528592 232672 135796 196986 282489 463849 199070 168115 65246.8 21142.6 106462 168783 72820.6 10075.1 87297.3 345761 250387 273859 227797 311789 410802 203442 91899.7 213188 186881 133231 248034 328409 195231 150714 124681
desembarqueobs
 494567 514787 250237 358949 120608 361735 552515 73892 212993 205616 52469 317467 293654 387597 252695 516296 358380 742168 942051 627588 828172 859565 418607 520667 417249 300574 415391 372974 316634 284311 391294 218835
desembarquepred
 494553 514429 250387 358939 120609 361712 552469 73897.6 213073 205687 52470.6 317431 293709 387612 252579 516102 358357 741942 941139 627158 828091 859616 418657 520659 417089 300581 415301 372902 316475 284107 391310 218842
Reclutas
 144115 94379.1 84505.4 126551 92174.3 195097 68431.3 24109.3 23171.8 31688.2 53586.1 128966 72201.3 45430.1 65885.3 277380 55894.6 244068 290454 228332 274159 256995 43974.2 129072 148689 43950.3 135605 121217 54253.5 81970.1 68121.7 44565.6
log_desv_Rt
 0.44905 0.0257544 -0.0847497 0.319077 0.00211634 0.751931 -0.295735 -1.33897 -1.37863 -1.06562 -0.540276 0.337985 -0.242107 -0.70539 -0.33365 1.10382 -0.498097 0.975882 1.14988 0.909237 1.09214 1.02749 -0.737963 0.338806 0.480294 -0.738506 0.388179 0.276019 -0.527897 -0.11521 -0.300269 -0.724603
SSB
 774422 528592 232672 135796 196986 282489 463849 199070 168115 65246.8 21142.6 106462 158738 69647.6 9633.43 84059.6 345761 250387 287025 237431 334458 479058 260943 107723 226000 216896 140459 248034 345775 188658 179395 150729
BT
 1.32433e+06 985166 448089 578476 473171 1.21379e+06 828813 466288 398953 249813 213814 545558 501779 428271 455220 945876 682674 1.34564e+06 1.49256e+06 947210 1.78624e+06 1.32321e+06 599060 1.07733e+06 724851 555866 1.12185e+06 964733 617902 682558 581152 466024
Ftot
 0.461576 0.856956 0.851184 0.971899 0.305243 0.434366 1.1174 0.222352 1.0162 2.10421 0.355464 0.963738 1.04533 3.45509 1.24123 0.889689 0.695372 1.00269 1.34769 1.07109 0.754584 1.19586 1.26293 0.985785 0.94534 0.861855 0.761141 0.636624 0.717618 0.712252 1.17754 0.724762
BD_Bspro_t
 0.928809 0.57663 0.307348 0.223688 0.270378 0.395571 0.454391 0.240457 0.271966 0.153715 0.0753047 0.370412 0.319065 0.142689 0.0246164 0.177722 0.347891 0.261819 0.249838 0.192923 0.209263 0.262996 0.180321 0.100309 0.211572 0.236263 0.199532 0.332232 0.390452 0.271515 0.278834 0.222668
BD_Bspro
 1.16968 0.798384 0.351428 0.205105 0.297527 0.426671 0.700596 0.300674 0.25392 0.0985487 0.0319338 0.160799 0.239757 0.105196 0.0145503 0.126963 0.522237 0.378185 0.433521 0.358616 0.505164 0.723569 0.394128 0.162704 0.34135 0.3276 0.212149 0.37463 0.522258 0.284949 0.270958 0.227661
BD_Bo
 1.65242 1.12788 0.496465 0.289754 0.420319 0.602763 0.989739 0.424766 0.358716 0.139221 0.0451131 0.227163 0.338708 0.148611 0.0205554 0.179362 0.73777 0.534265 0.61244 0.50662 0.71365 1.02219 0.556788 0.229854 0.482228 0.462803 0.299705 0.529244 0.7378 0.40255 0.382785 0.321619
BD_Brms
 9.70168 6.62201 2.91484 1.7012 2.46777 3.53893 5.81093 2.49387 2.10608 0.817389 0.264867 1.33371 1.98861 0.87252 0.120684 1.05307 4.33157 3.13676 3.59574 2.97445 4.18997 6.00147 3.269 1.34951 2.83125 2.7172 1.75962 3.10728 4.33175 2.36344 2.2474 1.88828
Sel_flota
 0.761554 1 1 1 1
 0.761554 1 1 1 1
 0.761554 1 1 1 1
 0.761554 1 1 1 1
 0.761554 1 1 1 1
 0.761554 1 1 1 1
 0.761554 1 1 1 1
 0.761554 1 1 1 1
 0.761554 1 1 1 1
 0.761554 1 1 1 1
 0.761554 1 1 1 1
 0.761554 1 1 1 1
 0.761554 1 1 1 1
 0.761554 1 1 1 1
 0.761554 1 1 1 1
 0.761554 1 1 1 1
 0.761554 1 1 1 1
 0.761554 1 1 1 1
 0.761554 1 1 1 1
 0.761554 1 1 1 1
 0.761554 1 1 1 1
 0.761554 1 1 1 1
 0.761554 1 1 1 1
 0.761554 1 1 1 1
 0.761554 1 1 1 1
 0.761554 1 1 1 1
 0.761554 1 1 1 1
 0.761554 1 1 1 1
 0.761554 1 1 1 1
 0.761554 1 1 1 1
 0.761554 1 1 1 1
 0.761554 1 1 1 1
Sel_reclas
 0.5 1 1 1 1
 0.5 1 1 1 1
 0.5 1 1 1 1
 0.5 1 1 1 1
 0.5 1 1 1 1
 0.5 1 1 1 1
 0.5 1 1 1 1
 0.5 1 1 1 1
 0.5 1 1 1 1
 0.5 1 1 1 1
 0.5 1 1 1 1
 0.5 1 1 1 1
 0.5 1 1 1 1
 0.5 1 1 1 1
 0.5 1 1 1 1
 0.5 1 1 1 1
 0.5 1 1 1 1
 0.5 1 1 1 1
 0.5 1 1 1 1
 0.5 1 1 1 1
 0.5 1 1 1 1
 0.5 1 1 1 1
 0.5 1 1 1 1
 0.5 1 1 1 1
 0.5 1 1 1 1
 0.5 1 1 1 1
 0.5 1 1 1 1
 0.5 1 1 1 1
 0.5 1 1 1 1
 0.5 1 1 1 1
 0.5 1 1 1 1
 0.5 1 1 1 1
Sel_pelaces
 0.5 1 1 1 1
 0.5 1 1 1 1
 0.5 1 1 1 1
 0.5 1 1 1 1
 0.5 1 1 1 1
 0.5 1 1 1 1
 0.5 1 1 1 1
 0.5 1 1 1 1
 0.5 1 1 1 1
 0.5 1 1 1 1
 0.5 1 1 1 1
 0.5 1 1 1 1
 0.5 1 1 1 1
 0.5 1 1 1 1
 0.5 1 1 1 1
 0.5 1 1 1 1
 0.5 1 1 1 1
 0.5 1 1 1 1
 0.5 1 1 1 1
 0.5 1 1 1 1
 0.5 1 1 1 1
 0.5 1 1 1 1
 0.5 1 1 1 1
 0.5 1 1 1 1
 0.5 1 1 1 1
 0.5 1 1 1 1
 0.5 1 1 1 1
 0.5 1 1 1 1
 0.5 1 1 1 1
 0.5 1 1 1 1
 0.5 1 1 1 1
 0.5 1 1 1 1
pf_obs 
 0.8446 0.082 0.0669 0.0065 0
 0.8095 0.147 0.0364 0.0071 0
 0.9664 0.0169 0.016 0.0007 0
 0.9276 0.0648 0.0075 0.0001 0
 0.7033 0.2144 0.0806 0.0017 0
 0.9318 0.0425 0.0243 0.0014 0
 0.5671 0.3108 0.0964 0.0239 0.0018
 0.0768 0.2599 0.5324 0.112 0.0189
 0.490249 0.384438 0.106611 0.0170017 0.00170017
 0.7925 0.1577 0.0466 0.003 0.0002
 0.840416 0.127587 0.0312969 0.00059994 9.999e-05
 0.8084 0.0986 0.0794 0.0134 0.0002
 0.7335 0.1905 0.0724 0.0035 0.0001
 0.4001 0.4547 0.1325 0.0127 0
 0.49795 0.308269 0.164784 0.0264974 0.00249975
 0.9179 0.0499 0.0305 0.0017 0
 0.2467 0.6533 0.0926 0.0074 0
 0.9418 0.0223 0.034 0.0019 0
 0.707729 0.231977 0.0356964 0.0245975 0
 0.517169 0.277429 0.184464 0.0207286 0.00020938
 0.811772 0.124168 0.05621 0.00726502 0.000585176
 0.764997 0.148141 0.077277 0.00933861 0.000247198
 0.163321 0.427699 0.378323 0.0303852 0.000271297
 0.753843 0.0900009 0.118128 0.0371064 0.000921714
 0.721811 0.176058 0.0630433 0.0369309 0.00215725
 0.143369 0.312575 0.442814 0.0836902 0.0175525
 0.692698 0.0596174 0.167031 0.0765114 0.00414204
 0.394062 0.376323 0.152708 0.0712218 0.00568511
 0.125707 0.32114 0.495352 0.0537591 0.00404204
 0.23352 0.215282 0.420074 0.123614 0.00750983
 0.796117 0.104755 0.0508955 0.0450114 0.00322123
 0.162477 0.292055 0.404252 0.121198 0.0200186
pf_pred 
 0.66035 0.148591 0.175445 0.0156127 8.5391e-07
 0.602901 0.290675 0.0465589 0.054973 0.00489228
 0.726761 0.189726 0.0611312 0.00979169 0.0125901
 0.83716 0.130116 0.0227223 0.00732132 0.00268053
 0.742627 0.228264 0.0232593 0.00406182 0.00178792
 0.821255 0.142699 0.0319688 0.00325752 0.000819269
 0.48949 0.44178 0.05487 0.0122925 0.00156759
 0.511412 0.293095 0.169174 0.0210118 0.00530755
 0.600796 0.234153 0.0990108 0.057149 0.00889097
 0.832073 0.117237 0.0297319 0.012572 0.00838552
 0.941946 0.0524138 0.00393744 0.000998553 0.000703865
 0.871504 0.123012 0.0049516 0.000371975 0.00016083
 0.706004 0.26805 0.0248388 0.000999837 0.000107585
 0.733215 0.210128 0.0516566 0.00478675 0.000213414
 0.975715 0.0211747 0.00245017 0.000602335 5.83038e-05
 0.959728 0.0396547 0.000538627 6.23259e-05 1.68049e-05
 0.459404 0.525927 0.0144441 0.000196193 2.88231e-05
 0.902325 0.0540414 0.0424496 0.00116584 1.81619e-05
 0.845966 0.143876 0.00561994 0.00441447 0.000123128
 0.816981 0.16461 0.0171951 0.000671659 0.000542304
 0.839889 0.139907 0.018172 0.00189824 0.000134014
 0.770776 0.202933 0.0229736 0.00298397 0.000333711
 0.450674 0.462543 0.0768294 0.0086977 0.00125606
 0.907523 0.052544 0.0336244 0.00558508 0.000723585
 0.836904 0.152905 0.0057904 0.00370544 0.000695222
 0.545392 0.402902 0.0484757 0.00183574 0.00139515
 0.894232 0.0679478 0.0335188 0.00403286 0.000268789
 0.764007 0.218452 0.0112688 0.00555894 0.00071341
 0.569031 0.355016 0.0703071 0.00362679 0.00201871
 0.791233 0.137545 0.0586701 0.011619 0.000932977
 0.733943 0.225367 0.0268081 0.011435 0.00244643
 0.742172 0.209714 0.040756 0.00484805 0.00251037
pobs_RECLAS
 0 0 0 0 0
 0 0 0 0 0
 0 0 0 0 0
 0 0 0 0 0
 0 0 0 0 0
 0 0 0 0 0
 0 0 0 0 0
 0 0 0 0 0
 0 0 0 0 0
 0 0 0 0 0
 0.991045 0.00858322 0.000360255 1.14367e-05 0
 0.934742 0.0480273 0.0164251 0.00080598 0
 0.827803 0.169806 0.00239088 0 0
 0.941827 0.0461693 0.0120037 0 0
 0.791401 0.0380133 0.147996 0.0225897 0
 0.846168 0.0940531 0.0597789 0 0
 0.134021 0.677848 0.182769 0.00536245 0
 0.80878 0.0450904 0.141981 0.00414843 0
 0.846168 0.0940531 0.0597789 0 0
 0.905697 0.0802665 0.012482 0.00150086 5.37128e-05
 0.989698 0.0102097 9.19794e-05 0 0
 0.975433 0.0193895 0.00387452 0.00125025 5.28907e-05
 0.303575 0.632131 0.0575291 0.00676475 0
 0.966965 0.00978017 0.0227588 0.000495775 0
 0.843318 0.132988 0.00938335 0.0141283 0.000182051
 0.564624 0.303363 0.111486 0.0197234 0.00080311
 0.826376 0.0876187 0.0782897 0.00655872 0.00115652
 0.89761 0.0855135 0.0140674 0.00269457 0.000114338
 0.34875 0.467042 0.161289 0.0227151 0.000203297
 0.318654 0.224769 0.449479 0.00709798 0
 0.937255 0.0296025 0.0250945 0.00804832 0
 0.456809 0.399803 0.12412 0.0192676 0
ppred_RECLAS
 0.563799 0.190831 0.225318 0.0200509 1.09665e-06
 0.506315 0.361375 0.0578833 0.0683439 0.00608222
 0.642374 0.248321 0.0800111 0.0128158 0.0164785
 0.777375 0.177887 0.0310647 0.0100093 0.00366468
 0.656202 0.304914 0.0310698 0.00542577 0.0023883
 0.753189 0.197039 0.0441426 0.00449799 0.00113125
 0.396182 0.522526 0.0648987 0.0145392 0.0018541
 0.408557 0.354795 0.204788 0.0254351 0.00642487
 0.506044 0.28973 0.122511 0.0707135 0.0110013
 0.78335 0.151253 0.0383586 0.0162198 0.0108186
 0.914889 0.0768425 0.00577258 0.00146395 0.00103192
 0.821582 0.170803 0.00687534 0.000516491 0.000223314
 0.620797 0.345737 0.0320377 0.00128961 0.000138766
 0.692716 0.242026 0.0594982 0.00551339 0.000245811
 0.965133 0.0304004 0.00351771 0.00086477 8.37066e-05
 0.941597 0.0575076 0.000781122 9.03856e-05 2.43706e-05
 0.363055 0.619661 0.0170184 0.00023116 3.39601e-05
 0.862717 0.0759555 0.0596631 0.00163859 2.55267e-05
 0.791982 0.194301 0.00758959 0.00596163 0.000166281
 0.752918 0.222229 0.023214 0.000906762 0.000732129
 0.779117 0.19301 0.0250694 0.00261875 0.000184882
 0.697961 0.267396 0.0302714 0.00393185 0.000439716
 0.361405 0.537709 0.0893146 0.0101111 0.00146017
 0.869623 0.0740782 0.0474048 0.00787403 0.00102013
 0.776824 0.209231 0.00792343 0.00507043 0.000951323
 0.44769 0.489491 0.0588939 0.00223027 0.00169499
 0.850448 0.0960753 0.0473941 0.0057023 0.000380057
 0.684171 0.292354 0.0150811 0.00743952 0.000954756
 0.469898 0.436679 0.0864795 0.00446104 0.00248306
 0.717824 0.18591 0.0793003 0.0157046 0.00126104
 0.654442 0.29271 0.0348187 0.014852 0.00317745
 0.659066 0.277311 0.0538929 0.00641073 0.00331954
pobs_PELACES
 0 0 0 0 0
 0 0 0 0 0
 0 0 0 0 0
 0 0 0 0 0
 0 0 0 0 0
 0 0 0 0 0
 0 0 0 0 0
 0 0 0 0 0
 0 0 0 0 0
 0 0 0 0 0
 0 0 0 0 0
 0 0 0 0 0
 0 0 0 0 0
 0 0 0 0 0
 0 0 0 0 0
 0 0 0 0 0
 0.505614 0.472636 0.0217494 0 0
 0 0 0 0 0
 0.443492 0.261883 0.143347 0.151278 0
 0.227955 0.32914 0.350689 0.0885471 0.00366901
 0.970185 0.0296113 0.000203453 0 0
 0.997202 0.00247181 0.000326279 0 0
 0.445219 0.490057 0.0546422 0.010081 0
 0.90214 0.0892962 0.00764917 0.000914606 0
 0 0 0 0 0
 0.581667 0.319106 0.0959925 0.00289975 0.000334073
 0.762889 0.0836404 0.116647 0.0363945 0.000428098
 0.88444 0.0763242 0.0277011 0.0115352 0
 0.521256 0.241999 0.230069 0.00667565 0
 0.616807 0.101726 0.260614 0.0208532 0
 0.833518 0.0704572 0.0857862 0.0102388 0
 0.697417 0.212968 0.0787535 0.0105354 0.000325836
ppred_PELACES
 0.57271 0.186933 0.220715 0.0196413 1.07424e-06
 0.523157 0.349047 0.0559087 0.0660124 0.00587473
 0.657609 0.237742 0.0766024 0.0122698 0.0157765
 0.790329 0.167536 0.0292571 0.00942688 0.00345144
 0.6616 0.300127 0.030582 0.00534058 0.0023508
 0.759487 0.192011 0.0430161 0.00438321 0.00110238
 0.417396 0.504168 0.0626187 0.0140284 0.00178896
 0.412791 0.352255 0.203322 0.025253 0.00637887
 0.526012 0.278018 0.117559 0.067855 0.0105566
 0.810132 0.132555 0.0336167 0.0142147 0.00948118
 0.917042 0.0748988 0.00562656 0.00142692 0.00100582
 0.832428 0.16042 0.00645738 0.000485092 0.000209738
 0.639959 0.328266 0.0304187 0.00122444 0.000131753
 0.747386 0.198967 0.0489127 0.00453249 0.000202078
 0.968275 0.0276614 0.00320077 0.000786856 7.61647e-05
 0.945329 0.0538319 0.000731196 8.46085e-05 2.28129e-05
 0.375801 0.607262 0.0166778 0.000226534 3.32806e-05
 0.871797 0.0709318 0.055717 0.00153021 2.38383e-05
 0.808912 0.178487 0.00697187 0.00547641 0.000152747
 0.768261 0.208429 0.0217725 0.000850456 0.000686666
 0.789165 0.184229 0.0239289 0.00249961 0.000176471
 0.717421 0.250168 0.028321 0.00367852 0.000411386
 0.384641 0.518144 0.0860648 0.00974322 0.00140704
 0.878168 0.0692229 0.0442977 0.00735794 0.00095327
 0.789454 0.19739 0.00747502 0.00478348 0.000897484
 0.464511 0.474583 0.0571001 0.00216234 0.00164337
 0.857907 0.0912837 0.0450304 0.00541791 0.000361102
 0.694894 0.282428 0.014569 0.00718693 0.000922339
 0.483983 0.425075 0.0841816 0.00434251 0.00241708
 0.729036 0.178523 0.0761493 0.0150805 0.00121093
 0.675086 0.275223 0.0327386 0.0139647 0.00298763
 0.671762 0.266984 0.0518861 0.00617201 0.00319592
pobs_pel_tallas
 0 0 0 0 0 0 0 0 0 0 0 0 0 0 0 0 0 0 0 0 0 0 0 0 0 0
 0 0 0 0 0 0 0 0 0 0 0 0 0 0 0 0 0 0 0 0 0 0 0 0 0 0
 0 0 0 0 0 0 0 0 0 0 0 0 0 0 0 0 0 0 0 0 0 0 0 0 0 0
 0 0 0 0 0 0 0 0 0 0 0 0 0 0 0 0 0 0 0 0 0 0 0 0 0 0
 0 0 0 0 0 0 0 0 0 0 0 0 0 0 0 0 0 0 0 0 0 0 0 0 0 0
 0 0 0 0 0 0 0 0 0 0 0 0 0 0 0 0 0 0 0 0 0 0 0 0 0 0
 0 0 0 0 0 0 0 0 0 0 0 0 0 0 0 0 0 0 0 0 0 0 0 0 0 0
 0 0 0 0 0 0 0 0 0 0 0 0 0 0 0 0 0 0 0 0 0 0 0 0 0 0
 0 0 0 0 0 0 0 0 0 0 0 0 0 0 0 0 0 0 0 0 0 0 0 0 0 0
 0 0 0 0 0 0 0 0 0 0 0 0 0 0 0 0 0 0 0 0 0 0 0 0 0 0
 0 0 0 0 0 0 0 0 0 0 0 0 0 0 0 0 0 0 0 0 0 0 0 0 0 0
 0 0 0 0 0 0 0 0 0 0 0 0 0 0 0 0 0 0 0 0 0 0 0 0 0 0
 0.00862536 0 0 0.000197151 0.00414017 0.0128641 0.00837892 0.0270097 0.101434 0.158115 0.152841 0.127902 0.109271 0.109419 0.0830992 0.0579132 0.0238553 0.00714673 0.00463305 0.00128148 0.00103504 0.000492878 0.000147863 0.000147863 4.92878e-05 0
 0 0 0 0 0 0 0 0 0 0 0 0 0 0 0 0 0 0 0 0 0 0 0 0 0 0
 0 0 0 0 0 0 0 0.0054083 0.00873648 0.0413646 0.0450493 0.0745869 0.0622846 0.0627006 0.0613931 0.0827291 0.12552 0.122667 0.0946155 0.0697135 0.0546179 0.0294188 0.0215738 0.0213955 0.0102223 0.00600262
 0 0 0 0 0.00359764 0.0251062 0.0480494 0.140153 0.205849 0.193036 0.1447 0.116669 0.0760912 0.0342217 0.00950174 0.001854 0.000860785 0 0 0 0.000165536 0 0.000143464 0 0 0
 0 0 0 0 0 0 0 0.000145254 0.000435761 0.0275982 0.070085 0.0708112 0.156366 0.174668 0.174014 0.160142 0.0824315 0.0480064 0.0283245 0.00493863 0.00203355 0 0 0 0 0
 0 0 0 0 0 0 0 0 0 0 0 0 0 0 0 0 0 0 0 0 0 0 0 0 0 0
 0 0 1.00437e-05 0.000401748 0.00122533 0.00171747 0.00176769 0.0269171 0.070346 0.194647 0.189555 0.159765 0.064822 0.0314167 0.0384472 0.0292271 0.0345202 0.0313363 0.0194345 0.0106764 0.0143323 0.0359363 0.0279516 0.0138201 0.00172751 0
 0 0.0021121 0.0136068 0.0755702 0.200478 0.177729 0.0527432 0.0373336 0.0318909 0.0142505 0.0149659 0.0166563 0.0217959 0.0798694 0.0677717 0.0528807 0.04013 0.0224614 0.0357745 0.0225083 0.00881397 0.00855152 0.00135912 0.000746735 0 0
 0 0 0 0 5.4009e-05 0.00500934 0.000945158 0.0243581 0.138947 0.33067 0.221406 0.137944 0.0707744 0.0437923 0.0131692 0.00525238 0.0047753 0.00276346 9.45158e-05 9.00151e-06 2.25038e-05 9.00151e-06 4.50075e-06 0 0 0
 0.000866109 0.00284123 0.00948549 0.0512746 0.133035 0.25785 0.225252 0.132002 0.0553304 0.0519788 0.0540692 0.017754 0.00435017 0.00159236 0.00146478 0.000404838 0.000125132 0.000115318 0.000107957 0.000100596 0 0 0 0 0 0
 0 0 0 0 0.00144013 0.00171154 0.00461396 0.0210425 0.0478622 0.0707936 0.0888783 0.103762 0.0637923 0.0337046 0.0602308 0.124433 0.169614 0.0934646 0.0462172 0.0250306 0.0313229 0.00938855 0.002487 0.000210481 0 0
 0 0.00764035 0.051015 0.0998891 0.058973 0.0496711 0.0374665 0.0718981 0.12319 0.153886 0.159021 0.0857701 0.0377988 0.023471 0.0147837 0.00900784 0.00315554 0.000888139 0.00291439 0.00214683 0.00393193 0.00274676 0.000635225 9.99891e-05 0 0
 0 0 0 0 0 0 0 0 0 0 0 0 0 0 0 0 0 0 0 0 0 0 0 0 0 0
 0 0 0 0 0 0 0 0 0 0 0 0 0 0 0 0 0 0 0 0 0 0 0 0 0 0
 0 0 0 0 0 0 0 0 0 0 0 0 0 0 0 0 0 0 0 0 0 0 0 0 0 0
 0 0 0 0 0 0 0 0 0 0 0 0 0 0 0 0 0 0 0 0 0 0 0 0 0 0
 0 0 0 0 0 0 0 0 0 0 0 0 0 0 0 0 0 0 0 0 0 0 0 0 0 0
 0 0 0 0 0 0 0 0 0 0 0 0 0 0 0 0 0 0 0 0 0 0 0 0 0 0
 0 0 0 0 0 0 0 0 0 0 0 0 0 0 0 0 0 0 0 0 0 0 0 0 0 0
 0 0 0 0 0 0 0 0 0 0 0 0 0 0 0 0 0 0 0 0 0 0 0 0 0 0
ppred_pel_tallas
 1.08388e-16 4.71734e-05 0.000458542 0.00304718 0.013852 0.0430989 0.0918274 0.134029 0.134047 0.0919171 0.0434008 0.014728 0.00526069 0.00533891 0.009457 0.0159269 0.0237921 0.0316918 0.0382038 0.0425663 0.0449396 0.0459265 0.0458233 0.0443219 0.0408913 0.0354071
 1.09317e-16 4.30918e-05 0.000418868 0.00278352 0.0126535 0.03937 0.0838831 0.122437 0.122471 0.0840477 0.0399226 0.0142501 0.00679283 0.00917734 0.016696 0.0275867 0.0398688 0.0504395 0.056187 0.0557386 0.0502934 0.042782 0.0360333 0.0313746 0.0284931 0.0262568
 1.06172e-16 5.41665e-05 0.000526517 0.00349889 0.0159055 0.049488 0.10544 0.153898 0.153921 0.105553 0.0498654 0.0169965 0.00624102 0.00652409 0.0114785 0.0189796 0.0275448 0.0350798 0.039479 0.039768 0.0366484 0.0319421 0.0274046 0.0238588 0.0211606 0.0187444
 1.02417e-16 6.50984e-05 0.000632779 0.00420504 0.0191155 0.0594756 0.12672 0.184954 0.18497 0.126799 0.0597407 0.0198815 0.00612826 0.00483293 0.00804718 0.0132145 0.0190628 0.024043 0.0266219 0.0260951 0.0229975 0.0187232 0.0146709 0.0115843 0.00947047 0.00794912
 1.01893e-16 5.44952e-05 0.000529713 0.00352013 0.016002 0.0497883 0.10608 0.154833 0.154862 0.106222 0.0502625 0.0173713 0.00695635 0.00802771 0.0142848 0.0235038 0.0337921 0.0423655 0.0464214 0.0446632 0.0380721 0.0292474 0.0208685 0.0144707 0.0102362 0.00756384
 1.01917e-16 6.2558e-05 0.000608086 0.00404095 0.0183696 0.0571547 0.121775 0.177738 0.177756 0.121865 0.0574588 0.0192483 0.00624775 0.0054292 0.00922934 0.0151863 0.021933 0.0277094 0.0307563 0.0302469 0.0267544 0.0218231 0.01701 0.0131561 0.0103116 0.00812991
 1.03646e-16 3.43804e-05 0.00033419 0.00222081 0.0100955 0.0314112 0.0669266 0.0976916 0.0977401 0.067164 0.0322081 0.0123972 0.00799751 0.0129423 0.023972 0.0395564 0.056932 0.071492 0.0785543 0.0759477 0.0652966 0.0509074 0.0371942 0.0266489 0.0195239 0.0148111
 1.0957e-16 3.40011e-05 0.000330503 0.00219631 0.00998413 0.0310645 0.0661875 0.0966098 0.0966439 0.0663547 0.0316266 0.0116107 0.00629097 0.00930776 0.0171964 0.0286697 0.0419817 0.0542197 0.0623833 0.0650116 0.0629026 0.0582729 0.0531134 0.0481318 0.0429345 0.0369407
 1.12055e-16 4.33269e-05 0.000421153 0.00279871 0.0127226 0.0395848 0.0843405 0.123103 0.12313 0.0844722 0.0400274 0.014003 0.0060199 0.0074772 0.013516 0.022467 0.0328154 0.0422405 0.0484089 0.0502783 0.0486717 0.0455677 0.0426985 0.040592 0.0386537 0.0359466
 1.04035e-16 6.67295e-05 0.000648635 0.00431041 0.0195945 0.0609658 0.129895 0.189588 0.1896 0.129957 0.061176 0.020202 0.00583679 0.00398557 0.00641861 0.0105442 0.0152754 0.0194094 0.0217713 0.0218344 0.020025 0.0174064 0.0149985 0.0132707 0.0121063 0.0111136
 1.00495e-16 7.55355e-05 0.000734232 0.00487923 0.0221803 0.0690111 0.147036 0.214605 0.214612 0.147071 0.0691294 0.0225218 0.00573608 0.00260346 0.00362179 0.00585815 0.0084085 0.0105255 0.0115038 0.0110208 0.00932724 0.00708257 0.00496849 0.00337806 0.00235859 0.00175213
 1.00312e-16 6.8566e-05 0.000666486 0.00442904 0.0201338 0.0626437 0.13347 0.194806 0.194821 0.133545 0.0628968 0.0208645 0.00626192 0.00466327 0.00764618 0.0124979 0.0179165 0.02236 0.0243075 0.0230576 0.0191515 0.0140262 0.0091853 0.00552348 0.00318878 0.00186912
 1.01107e-16 5.27127e-05 0.000512386 0.00340499 0.0154786 0.0481598 0.102611 0.14977 0.149802 0.102765 0.0486783 0.0169758 0.00716173 0.00870856 0.0156043 0.0256755 0.0368901 0.0461943 0.050506 0.0483916 0.0409177 0.0309376 0.021414 0.0140768 0.00918384 0.00612785
 1.01952e-16 6.15612e-05 0.000598397 0.00397656 0.0180769 0.056244 0.119834 0.174906 0.174925 0.119928 0.0565593 0.0189879 0.0062648 0.00559843 0.00957144 0.015762 0.022782 0.028817 0.0320491 0.0316199 0.0281105 0.0230979 0.0181666 0.014166 0.0111426 0.00875334
 1.00192e-16 7.97555e-05 0.000775252 0.00515182 0.0234194 0.0728666 0.15525 0.226593 0.226595 0.155263 0.0729103 0.0235457 0.00546868 0.00146676 0.00139248 0.00217429 0.00312076 0.00391648 0.00429949 0.00415041 0.00355889 0.00276233 0.00200442 0.00142324 0.00103324 0.000778787
 1.00048e-16 7.78655e-05 0.000756881 0.00502974 0.0228645 0.0711399 0.151571 0.221224 0.221229 0.151597 0.0712248 0.0231095 0.00564428 0.00209658 0.00261679 0.00418862 0.00599286 0.00746555 0.00809061 0.00763218 0.00627496 0.00450832 0.00284646 0.0015986 0.000819093 0.000401664
 1.00665e-16 3.09543e-05 0.000300887 0.0019995 0.00908949 0.0282811 0.060258 0.0879606 0.088019 0.0605434 0.029239 0.0118547 0.00893484 0.015422 0.0286934 0.0472416 0.0677082 0.0844223 0.0916243 0.0866544 0.071575 0.0518634 0.0332666 0.0192281 0.0103458 0.00544319
 1.01784e-16 7.18088e-05 0.000698007 0.0046385 0.021086 0.0656063 0.139781 0.204016 0.204023 0.139815 0.0657199 0.021415 0.00546789 0.00251957 0.00356341 0.00586069 0.0086283 0.0112485 0.0131261 0.0139575 0.0138596 0.0132019 0.0122969 0.0112242 0.00990067 0.00827283
 1.00822e-16 6.66291e-05 0.000647658 0.00430392 0.019565 0.0608741 0.129699 0.189303 0.189321 0.129783 0.0611557 0.0203781 0.0063436 0.00509574 0.00850098 0.0139135 0.0199551 0.024924 0.0271373 0.0258249 0.0215974 0.0160548 0.0108589 0.00697941 0.00454485 0.00317197
 1.00884e-16 6.32807e-05 0.000615111 0.00408763 0.0185818 0.0578149 0.123182 0.179791 0.179811 0.12328 0.0581442 0.0195327 0.00647386 0.00582183 0.00994452 0.0163207 0.0234579 0.0293985 0.0321883 0.0309188 0.0262629 0.0200214 0.0140586 0.00945646 0.00636769 0.00440526
 1.01019e-16 6.50026e-05 0.000631848 0.00419885 0.0190874 0.059388 0.126533 0.184683 0.1847 0.12662 0.0596793 0.0199285 0.00630983 0.00523924 0.00881256 0.0144586 0.0208035 0.0261198 0.0286894 0.0277121 0.0237736 0.018441 0.0133273 0.00935281 0.00662988 0.00481561
 1.0132e-16 5.90931e-05 0.000574406 0.00381713 0.0173521 0.053989 0.11503 0.167895 0.167919 0.115148 0.0543844 0.0184938 0.00668221 0.00682671 0.0119268 0.0196063 0.0281959 0.0353663 0.0387807 0.0373533 0.0318902 0.0245409 0.0175221 0.0121062 0.00845323 0.00608669
 1.03832e-16 3.16825e-05 0.000307965 0.00204654 0.0093033 0.0289463 0.061675 0.0900269 0.0900768 0.0619191 0.029766 0.011671 0.00799064 0.0132863 0.0246864 0.0407776 0.0587736 0.0739755 0.0815938 0.079388 0.068968 0.0546489 0.0408358 0.0299903 0.0223522 0.0169624
 1.02196e-16 7.23336e-05 0.000703108 0.0046724 0.0212401 0.0660857 0.140803 0.205507 0.205514 0.140836 0.0661964 0.0215603 0.00547881 0.00247232 0.00345824 0.00567015 0.00831832 0.0107886 0.0124978 0.0131632 0.0129347 0.0122256 0.0113923 0.0105364 0.00955289 0.00832028
 1.00898e-16 6.50263e-05 0.000632079 0.00420039 0.0190944 0.0594098 0.12658 0.184751 0.184769 0.126672 0.0597212 0.0199936 0.00645593 0.00555077 0.00939136 0.0153833 0.0220615 0.0275495 0.0299853 0.0285161 0.0238174 0.0176613 0.0118902 0.00758265 0.00488639 0.00338005
 1.02265e-16 3.82613e-05 0.000371913 0.0024715 0.0112351 0.0349568 0.0744809 0.108717 0.108762 0.0747042 0.0357068 0.0134012 0.00790752 0.0122351 0.0225575 0.0372014 0.0535131 0.0671336 0.0736317 0.07094 0.0605739 0.0465954 0.0331998 0.0228049 0.0157364 0.011124
 1.01928e-16 7.06647e-05 0.000686886 0.0045646 0.02075 0.064561 0.137554 0.200767 0.200775 0.137598 0.0647064 0.0211706 0.00562279 0.0030049 0.00449633 0.00738219 0.0107684 0.0138341 0.0157824 0.0162288 0.015393 0.0138854 0.0122754 0.0108015 0.0093985 0.00792217
 1.0137e-16 5.72376e-05 0.00055637 0.00369727 0.0168073 0.0522938 0.111419 0.162624 0.162652 0.111551 0.0527396 0.0180943 0.00692592 0.00759808 0.0134118 0.0220324 0.0316175 0.039518 0.0430773 0.0410759 0.0344707 0.025777 0.0176046 0.0114734 0.00758415 0.00534158
 1.03383e-16 3.98652e-05 0.000387504 0.0025751 0.0117061 0.0364221 0.0776027 0.113272 0.113313 0.077803 0.037095 0.01365 0.00745609 0.0110477 0.0202998 0.0335328 0.0483829 0.0610052 0.0674849 0.0659799 0.0577763 0.0463479 0.0352283 0.0263737 0.0199645 0.0152537
 1.03961e-16 6.00498e-05 0.000583705 0.00387893 0.0176331 0.0548631 0.116892 0.170611 0.170629 0.116977 0.0551471 0.0184544 0.00594462 0.00510622 0.00868753 0.0143675 0.0209249 0.0268019 0.0304365 0.0310866 0.0292184 0.026087 0.0228733 0.0200867 0.0175944 0.0150554
 1.02922e-16 5.5606e-05 0.00054051 0.00359188 0.0163282 0.0508032 0.108243 0.157989 0.158015 0.108372 0.0512383 0.0175847 0.00674553 0.00742385 0.0131252 0.0216028 0.0310968 0.0390709 0.0429798 0.041656 0.0360051 0.0283893 0.0212114 0.0157994 0.0122342 0.00989869
 1.02726e-16 5.53322e-05 0.000537849 0.0035742 0.0162478 0.050553 0.10771 0.157211 0.157236 0.107835 0.0509757 0.0174687 0.00663994 0.00723364 0.0127813 0.0210667 0.0303977 0.0383395 0.0424394 0.0415513 0.036495 0.0294608 0.0226656 0.0173198 0.0135024 0.0107023
pSPR Fmed_Fpbrs
0.549809   0.220324 0.220324
Fs Fmed_Fpbrs
0.34   1.005 1.005
SSBpbr Bo_Bmed_Bpbrs
468658  234239  79823.5 79823.5
Ro
91979.4
SPR SPRFo_SPRFmed_SPRFpbrs
662077 364016 145871
Fref
1.005
Nvult_r0
 36939.3 8845.46 1719.04 204.485 105.884
CTP_r0
 16014.8 4433.76 861.663 102.497 53.0741
YTP_r0
277666
Np
 86830.7 14858.9 1271.27 245.312 54.0941
Nvult_p0
 71971.8 12858 1100.08 212.278 46.8098
CTP_p0
 31202.9 4094.84 790.165 153.562 21.522
 31202.9 6445.03 551.412 106.404 23.4633
YTP_p0
 331312 365168
CBA_c0
293760
log_Ro
11.2493
likeval ReclasPelacesDesembMPH_pf_preclas_ppelaces_ptallas_desvR_qrecl_qpela
 22.3963 0.003952 0.0203161 58.1361 263.537 137.834 119.45 0 22.5731 0.000153228 0 0.0270093 0 0 0
q_reclas_q_pelaces
5.758 1
M
1
N
 144115 25769.4 30426.4 2707.63 0.148089
 94379.1 37304 5975.16 7054.99 627.854
 84505.4 18078.1 5824.91 933.005 1199.65
 126551 16258.1 2839.19 914.809 334.937
 92174.3 22208.8 2263.01 395.193 173.955
 195097 26875.7 6020.95 613.516 154.3
 68431.3 51557.8 6403.58 1434.59 182.945
 24109.3 10749.6 6204.69 770.634 194.661
 23171.8 7487.73 3166.16 1827.51 284.315
 31688.2 3931.59 997.07 421.608 281.212
 53586.1 2347.8 176.372 44.7287 31.5286
 128966 15038.1 605.327 45.4735 19.6612
 72201.3 22773.8 2110.33 84.9473 9.14054
 45430.1 11981.7 2945.5 272.945 12.169
 65885.3 1203.15 139.219 34.2247 3.31283
 277380 9418.28 127.928 14.8029 3.99129
 55894.6 51823.4 1423.28 19.3323 2.84015
 244068 12108.5 9511.21 261.216 4.06934
 290454 41839.6 1634.3 1283.74 35.8059
 228332 38286.8 3999.43 156.222 126.135
 274159 37155.4 4825.99 504.121 35.5906
 256995 56772.6 6427.11 834.795 93.359
 43974.2 38028.8 6316.67 715.097 103.269
 129072 6183.06 3956.72 657.219 85.1471
 148689 22413 848.766 543.15 101.907
 43950.3 26627.2 3203.69 121.321 92.2035
 135605 8387.23 4137.44 497.802 33.1784
 121217 27941 1441.33 711.014 91.2484
 54253.5 27460.8 5438.32 280.536 156.149
 81970.1 11555.5 4929.03 976.141 78.3819
 68121.7 17530.4 2085.3 889.487 190.298
 44565.6 10222 1986.55 236.306 122.361
pred_Ctot
 27780.5 6251.16 7380.86 656.819 0.0359235
 30131.2 14527.1 2326.88 2747.39 244.502
 26840.7 7006.93 2257.69 361.625 464.977
 44380.5 6897.84 1204.58 388.126 142.104
 12316.2 3785.67 385.748 67.3639 29.6521
 35679.2 6199.52 1388.88 141.522 35.5929
 26518.5 23933.8 2972.63 665.957 84.9254
 2406.99 1379.47 796.23 98.8933 24.9803
 8393.86 3271.4 1383.3 798.442 124.218
 18066.3 2545.5 645.551 272.969 182.07
 8212.08 456.954 34.3274 8.70559 6.13644
 44948.9 6344.5 255.385 19.1851 8.295
 26691.2 10133.9 939.057 37.7999 4.06736
 32047.3 9184.28 2257.8 209.219 9.32789
 27439 595.474 68.9038 16.9389 1.63962
 91100.3 3764.15 51.1282 5.91617 1.59517
 15159.6 17354.7 476.631 6.47405 0.951115
 87560.7 5244.12 4119.26 113.131 1.76241
 127722 21722.1 848.488 666.488 18.5896
 85885.4 17304.7 1807.64 70.6084 57.0099
 79333.3 13215.1 1716.47 179.302 12.6586
 104367 27478.2 3110.75 404.045 45.1862
 18527.5 19015.5 3158.51 357.568 51.6373
 45736.4 2648.06 1694.57 281.471 36.4665
 51092.8 9334.8 353.503 226.217 42.4431
 14092.3 10410.5 1252.56 47.4335 36.0491
 39507 3001.92 1480.85 178.171 11.8751
 30613.3 8753.22 451.535 222.743 28.5859
 15088.6 9413.75 1864.29 96.1694 53.5289
 22661.4 3939.36 1680.34 332.774 26.721
 27374.1 8405.58 999.87 426.497 91.2452
 12492.1 3529.87 685.999 81.6017 42.2541
F
 0.351515 0.461576 0.461576 0.461576 0.461576
 0.652618 0.856956 0.856956 0.856956 0.856956
 0.648222 0.851184 0.851184 0.851184 0.851184
 0.740154 0.971899 0.971899 0.971899 0.971899
 0.232459 0.305243 0.305243 0.305243 0.305243
 0.330793 0.434366 0.434366 0.434366 0.434366
 0.850959 1.1174 1.1174 1.1174 1.1174
 0.169333 0.222352 0.222352 0.222352 0.222352
 0.773891 1.0162 1.0162 1.0162 1.0162
 1.60247 2.10421 2.10421 2.10421 2.10421
 0.270705 0.355464 0.355464 0.355464 0.355464
 0.733938 0.963738 0.963738 0.963738 0.963738
 0.796077 1.04533 1.04533 1.04533 1.04533
 2.63123 3.45509 3.45509 3.45509 3.45509
 0.945262 1.24123 1.24123 1.24123 1.24123
 0.677546 0.889689 0.889689 0.889689 0.889689
 0.529563 0.695372 0.695372 0.695372 0.695372
 0.763604 1.00269 1.00269 1.00269 1.00269
 1.02634 1.34769 1.34769 1.34769 1.34769
 0.815693 1.07109 1.07109 1.07109 1.07109
 0.574656 0.754584 0.754584 0.754584 0.754584
 0.910713 1.19586 1.19586 1.19586 1.19586
 0.961788 1.26293 1.26293 1.26293 1.26293
 0.750728 0.985785 0.985785 0.985785 0.985785
 0.719927 0.94534 0.94534 0.94534 0.94534
 0.656349 0.861855 0.861855 0.861855 0.861855
 0.579649 0.761141 0.761141 0.761141 0.761141
 0.484824 0.636624 0.636624 0.636624 0.636624
 0.546505 0.717618 0.717618 0.717618 0.717618
 0.542418 0.712252 0.712252 0.712252 0.712252
 0.896758 1.17754 1.17754 1.17754 1.17754
 0.551945 0.724762 0.724762 0.724762 0.724762
YTP_r0W_actual
 137727 109957 24040.4 3823.16 2117.66
YTP_p0W_proyectada
 235270 71454.9 19019.3 4809.55 758.652
 235270 112466 13272.5 3332.57 827.08
CTP_r0_actual
 16014.8 4433.76 861.663 102.497 53.0741
CTP_p0_proyectada
 31202.9 4094.84 790.165 153.562 21.522
 31202.9 6445.03 551.412 106.404 23.4633
Wmedp
 7.54 17.45 24.07 31.32 35.25
Frms_r0
 0.765362 1.005 1.005 1.005 1.005
Zrms_r0
 1.76536 2.005 2.005 2.005 2.005
nmprior
 7.29 8.9 8.7 0
nm_flota  nm_reclas  nm_pelaces    nm_pelaL
inf 9.58859 10.8299 28.0849
cv_recla  cv_pelaces  cv_mph
0.418659 2.2955 0.622555
 ------------------------------------------------
Talla a la edad & desviaci?n 
 8 13.2811 15.8009 17.003 17.5766
 0.8 1.32811 1.58009 1.7003 1.75766
