years
 1991 1992 1993 1994 1995 1996 1997 1998 1999 2000 2001 2002 2003 2004 2005 2006 2007 2008 2009 2010 2011 2012 2013 2014 2015 2016 2017 2018 2019
reclasobs
 0 0 0 0 0 0 0 0 0 252601 567819 844713 477998 351125 339783 2.1784e+06 2.13404e+06 4.81314e+06 1.55562e+06 2.62356e+06 3.21686e+06 3.843e+06 1.13348e+06 3.07943e+06 1.97215e+06 2.03268e+06 2.025e+06 2.42433e+06 2.27542e+06
reclaspred
 3.34661e+06 1.80969e+06 910233 980545 1.01622e+06 1.88223e+06 1.01021e+06 852426 583491 367325 617444 1.02621e+06 782627 254918 697946 2.01824e+06 1.84873e+06 2.66043e+06 1.80427e+06 1.50991e+06 3.11206e+06 2.54471e+06 1.69883e+06 2.78334e+06 2.1972e+06 1.91049e+06 2.37363e+06 2.25486e+06 1.65355e+06
pelacesobs
 0 0 0 0 0 0 0 0 0 0 0 0 0 0 0 552880 188675 0 991730 2.46772e+06 1.41603e+06 1.21717e+06 2.29649e+06 1.80582e+06 0 1.4828e+06 1.56532e+06 1.57751e+06 1.42118e+06
pelacespred
 1.86746e+06 1.08926e+06 525127 455151 532863 1.00859e+06 479667 547293 333057 185239 342702 495987 409139 99481.5 374924 947524 938657 1.41196e+06 935767 673884 1.59047e+06 1.31583e+06 943615 1.66378e+06 1.25606e+06 1.1197e+06 1.56762e+06 1.34979e+06 923827
mphobs
 0 0 0 0 0 0 0 0 0 0 0 0 498337 0 5186 125008 0 168611 109162 213762 579715 649985 157893 87575 83554 210694 70296 0 107559
mphpred
 567641 381472 179495 99834.8 113836 144188 207436 103873 93875.1 54109 30732.1 87285.8 122343 58379.6 11946.4 71461.3 267902 234153 243145 317391 410345 618449 112873 82365 135222 115503 96276.8 111188 131658
desembarqueobs
 494567 514787 250237 358949 120608 361735 552515 73892 212993 205616 52469 317467 293654 387597 252695 516296 358380 742168 942051 627588 828172 859565 418607 520667 417249 300574 415391 372974 316634
desembarquepred
 494568 514084 250565 358974 120613 361734 552518 73897.5 213059 205674 52470.3 317444 293788 387897 252612 516165 358372 742091 941554 627290 828137 859537 418665 520686 417188 300582 415370 372936 316626
Reclutas
 160117 91500.4 87659.5 133502 106533 202622 78066.6 31555.8 30724.8 41639.1 89338 155214 69140.8 38661.6 92805 403522 78815.8 327027 259599 255517 351769 415165 66007.9 222770 226324 79487.6 197989 180905 61812.2
log_desv_Rt
 0.282213 -0.277346 -0.32023 0.100425 -0.125232 0.517654 -0.436128 -1.34193 -1.36862 -1.06465 -0.301263 0.251112 -0.557545 -1.13884 -0.263189 1.20654 -0.426576 0.996353 0.765449 0.7496 1.06928 1.23499 -0.603916 0.612452 0.628278 -0.418089 0.494522 0.40428 -0.669588
SSB
 1.55279e+06 1.04352e+06 491012 273100 311400 394430 567446 284148 256797 148016 84068.2 238772 318433 154669 31551.2 189588 732853 640530 691299 406880 539358 857253 783899 545690 836019 759752 595080 660111 813381
BT
 2.28375e+06 1.58776e+06 761840 771009 644969 1.38296e+06 971862 635574 555811 390490 414183 789046 684810 501644 663588 1.45278e+06 1.23141e+06 2.15928e+06 1.90188e+06 1.23123e+06 2.41121e+06 2.1499e+06 1.3214e+06 2.28352e+06 1.67157e+06 1.40956e+06 2.10383e+06 1.77446e+06 1.19121e+06
Ftot
 0.259491 0.480318 0.473784 0.677051 0.221846 0.374111 0.898759 0.160158 0.653917 0.97778 0.177668 0.588829 0.657846 2.19978 0.757176 0.531192 0.341216 0.532124 0.929697 0.784432 0.517191 0.626064 0.425748 0.371318 0.351645 0.281416 0.342778 0.322491 0.326964
BD_Bspro_t
 0.959332 0.729382 0.496709 0.393438 0.3972 0.505016 0.521118 0.317297 0.370447 0.295026 0.242147 0.564742 0.484123 0.268709 0.0773463 0.329761 0.531793 0.473362 0.437021 0.294329 0.309123 0.401289 0.401479 0.355767 0.493848 0.526779 0.522178 0.577174 0.610146
BD_Bspro
 1.80948 1.21603 0.57218 0.318246 0.362878 0.459632 0.661249 0.33112 0.299248 0.172485 0.0979654 0.278243 0.371073 0.180237 0.0367668 0.220929 0.853999 0.746415 0.805576 0.474141 0.628518 0.998964 0.913484 0.635897 0.97422 0.885345 0.693451 0.769233 0.94784
BD_Bo
 1.48942 1.00093 0.470971 0.261953 0.298691 0.378331 0.544285 0.27255 0.246316 0.141975 0.0806369 0.229026 0.305436 0.148356 0.0302634 0.18185 0.702941 0.614387 0.663083 0.390273 0.517344 0.822264 0.751904 0.523417 0.801897 0.728742 0.570791 0.633168 0.780183
BD_Brms
 8.54494 5.74246 2.70201 1.50286 1.71362 2.17053 3.12262 1.56365 1.41314 0.814525 0.462623 1.31395 1.75232 0.851137 0.173624 1.04329 4.03285 3.5248 3.80418 2.23904 2.96806 4.71742 4.31375 3.0029 4.60057 4.18087 3.27469 3.63255 4.47599
Sel_flota
 0.740685 1 1 1 1
 0.740685 1 1 1 1
 0.740685 1 1 1 1
 0.740685 1 1 1 1
 0.740685 1 1 1 1
 0.740685 1 1 1 1
 0.740685 1 1 1 1
 0.740685 1 1 1 1
 0.740685 1 1 1 1
 0.740685 1 1 1 1
 0.740685 1 1 1 1
 0.740685 1 1 1 1
 0.740685 1 1 1 1
 0.740685 1 1 1 1
 0.740685 1 1 1 1
 0.740685 1 1 1 1
 0.740685 1 1 1 1
 0.740685 1 1 1 1
 0.740685 1 1 1 1
 0.740685 1 1 1 1
 0.740685 1 1 1 1
 0.740685 1 1 1 1
 0.740685 1 1 1 1
 0.740685 1 1 1 1
 0.740685 1 1 1 1
 0.740685 1 1 1 1
 0.740685 1 1 1 1
 0.740685 1 1 1 1
 0.740685 1 1 1 1
Sel_reclas
 1 1 1 1 1
 1 1 1 1 1
 1 1 1 1 1
 1 1 1 1 1
 1 1 1 1 1
 1 1 1 1 1
 1 1 1 1 1
 1 1 1 1 1
 1 1 1 1 1
 1 1 1 1 1
 1 1 1 1 1
 1 1 1 1 1
 1 1 1 1 1
 1 1 1 1 1
 1 1 1 1 1
 1 1 1 1 1
 1 1 1 1 1
 1 1 1 1 1
 1 1 1 1 1
 1 1 1 1 1
 1 1 1 1 1
 1 1 1 1 1
 1 1 1 1 1
 1 1 1 1 1
 1 1 1 1 1
 1 1 1 1 1
 1 1 1 1 1
 1 1 1 1 1
 1 1 1 1 1
Sel_pelaces
 0.8785 1 1 1 1
 0.8785 1 1 1 1
 0.8785 1 1 1 1
 0.8785 1 1 1 1
 0.8785 1 1 1 1
 0.8785 1 1 1 1
 0.8785 1 1 1 1
 0.8785 1 1 1 1
 0.8785 1 1 1 1
 0.8785 1 1 1 1
 0.8785 1 1 1 1
 0.8785 1 1 1 1
 0.8785 1 1 1 1
 0.8785 1 1 1 1
 0.8785 1 1 1 1
 0.8785 1 1 1 1
 0.8785 1 1 1 1
 0.8785 1 1 1 1
 0.8785 1 1 1 1
 0.8785 1 1 1 1
 0.8785 1 1 1 1
 0.8785 1 1 1 1
 0.8785 1 1 1 1
 0.8785 1 1 1 1
 0.8785 1 1 1 1
 0.8785 1 1 1 1
 0.8785 1 1 1 1
 0.8785 1 1 1 1
 0.8785 1 1 1 1
pf_obs 
 0.8446 0.082 0.0669 0.0065 0
 0.8095 0.147 0.0364 0.0071 0
 0.9664 0.0169 0.016 0.0007 0
 0.9276 0.0648 0.0075 0.0001 0
 0.7033 0.2144 0.0806 0.0017 0
 0.9318 0.0425 0.0243 0.0014 0
 0.5671 0.3108 0.0964 0.0239 0.0018
 0.0768 0.2599 0.5324 0.112 0.0189
 0.490249 0.384438 0.106611 0.0170017 0.00170017
 0.7925 0.1577 0.0466 0.003 0.0002
 0.840416 0.127587 0.0312969 0.00059994 9.999e-05
 0.8084 0.0986 0.0794 0.0134 0.0002
 0.7335 0.1905 0.0724 0.0035 0.0001
 0.4001 0.4547 0.1325 0.0127 0
 0.49795 0.308269 0.164784 0.0264974 0.00249975
 0.9179 0.0499 0.0305 0.0017 0
 0.2467 0.6533 0.0926 0.0074 0
 0.9418 0.0223 0.034 0.0019 0
 0.707729 0.231977 0.0356964 0.0245975 0
 0.517169 0.277429 0.184464 0.0207286 0.00020938
 0.811772 0.124168 0.05621 0.00726502 0.000585176
 0.764997 0.148141 0.077277 0.00933861 0.000247198
 0.163321 0.427699 0.378323 0.0303852 0.000271297
 0.753843 0.0900009 0.118128 0.0371064 0.000921714
 0.721811 0.176058 0.0630433 0.0369309 0.00215725
 0.143369 0.312575 0.442814 0.0836902 0.0175525
 0.692698 0.0596174 0.167031 0.0765114 0.00414204
 0.394062 0.376323 0.152708 0.0712218 0.00568511
 0.125707 0.32114 0.495352 0.0537591 0.00404204
pf_pred 
 0.537543 0.144621 0.296055 0.0217805 8.63336e-07
 0.47577 0.3252 0.0622412 0.127414 0.00937416
 0.621775 0.21539 0.101013 0.0193333 0.0424891
 0.766336 0.164805 0.0392136 0.0183904 0.0112553
 0.693087 0.255273 0.0364224 0.00866633 0.00655179
 0.780712 0.166516 0.0438923 0.00626256 0.00261664
 0.481924 0.433123 0.0645091 0.0170041 0.00343984
 0.488607 0.303367 0.173914 0.0259027 0.00820896
 0.572482 0.24341 0.109216 0.0626113 0.0122806
 0.763888 0.157676 0.044658 0.0200376 0.0137403
 0.883761 0.0973246 0.0126314 0.00357753 0.00270593
 0.794297 0.187892 0.0149122 0.0019354 0.000962761
 0.557324 0.376921 0.0600617 0.00476685 0.000926426
 0.585272 0.271288 0.122133 0.0194617 0.00184479
 0.951546 0.0359118 0.0082044 0.0036936 0.00064436
 0.939928 0.0581349 0.00143537 0.000327923 0.000173385
 0.366451 0.607152 0.0255458 0.000630733 0.000220286
 0.836651 0.073787 0.0858301 0.00361129 0.000120305
 0.695171 0.269095 0.0161418 0.0187764 0.000816332
 0.768814 0.180877 0.0444116 0.00266405 0.0032336
 0.813531 0.15594 0.023886 0.00586484 0.000778824
 0.762139 0.20571 0.0268872 0.00411843 0.0011455
 0.305317 0.574641 0.103816 0.0135692 0.00265656
 0.789741 0.0816422 0.106392 0.019221 0.00300412
 0.701831 0.251408 0.0181573 0.0236617 0.00494289
 0.421255 0.445956 0.111964 0.00808634 0.012739
 0.764216 0.119449 0.0896421 0.022506 0.00418613
 0.668314 0.272644 0.029911 0.0224471 0.00668392
 0.400986 0.443879 0.12752 0.0139899 0.0136251
pobs_RECLAS
 0 0 0 0 0
 0 0 0 0 0
 0 0 0 0 0
 0 0 0 0 0
 0 0 0 0 0
 0 0 0 0 0
 0 0 0 0 0
 0 0 0 0 0
 0 0 0 0 0
 0 0 0 0 0
 0.991045 0.00858322 0.000360255 1.14367e-05 0
 0.934742 0.0480273 0.0164251 0.00080598 0
 0.827803 0.169806 0.00239088 0 0
 0.941827 0.0461693 0.0120037 0 0
 0.791401 0.0380133 0.147996 0.0225897 0
 0.846168 0.0940531 0.0597789 0 0
 0.134021 0.677848 0.182769 0.00536245 0
 0.80878 0.0450904 0.141981 0.00414843 0
 0.846168 0.0940531 0.0597789 0 0
 0.905697 0.0802665 0.012482 0.00150086 5.37128e-05
 0.989698 0.0102097 9.19794e-05 0 0
 0.975433 0.0193895 0.00387452 0.00125025 5.28907e-05
 0.303575 0.632131 0.0575291 0.00676475 0
 0.966965 0.00978017 0.0227588 0.000495775 0
 0.843318 0.132988 0.00938335 0.0141283 0.000182051
 0.564624 0.303363 0.111486 0.0197234 0.00080311
 0.826376 0.0876187 0.0782897 0.00655872 0.00115652
 0.89761 0.0855135 0.0140674 0.00269457 0.000114338
 0.34875 0.467042 0.161289 0.0227151 0.000203297
ppred_RECLAS
 0.612383 0.121217 0.248144 0.0182557 7.23621e-07
 0.554144 0.276582 0.0529359 0.108365 0.00797269
 0.69238 0.175182 0.0821567 0.0157243 0.0345575
 0.819097 0.127592 0.0303592 0.0142378 0.00871388
 0.754055 0.204563 0.0291871 0.00694476 0.00525028
 0.829264 0.129649 0.0341743 0.00487601 0.00203731
 0.56482 0.36382 0.0541871 0.0142833 0.00288944
 0.564258 0.258489 0.148187 0.0220709 0.0069946
 0.648733 0.199996 0.0897362 0.0514441 0.0100903
 0.819258 0.1207 0.0341853 0.0153386 0.0105181
 0.911578 0.0740341 0.00960858 0.0027214 0.00205838
 0.841543 0.144737 0.0114872 0.00149088 0.000741635
 0.634593 0.31113 0.049578 0.0039348 0.000764719
 0.682815 0.207482 0.093408 0.0148844 0.0014109
 0.964553 0.0262717 0.00600202 0.00270209 0.000471388
 0.955496 0.0430688 0.00106338 0.000242939 0.000128451
 0.440782 0.535918 0.0225487 0.000556732 0.000194441
 0.875441 0.0562649 0.0654482 0.00275372 9.17361e-05
 0.761167 0.210835 0.0126471 0.0147113 0.000639596
 0.821869 0.139367 0.0342194 0.00205267 0.00249151
 0.8568 0.119755 0.0183434 0.00450393 0.000598102
 0.815286 0.159746 0.0208796 0.00319821 0.000889553
 0.375265 0.51678 0.0933626 0.0122029 0.00238907
 0.836698 0.063409 0.0826314 0.0149284 0.00233321
 0.762396 0.20034 0.0144691 0.0188554 0.00393887
 0.497484 0.387217 0.0972167 0.00702125 0.0110611
 0.815398 0.0935205 0.0701835 0.0176206 0.00327745
 0.73291 0.219546 0.0240858 0.0180755 0.00538222
 0.47693 0.387603 0.111353 0.0122162 0.0118977
pobs_PELACES
 0 0 0 0 0
 0 0 0 0 0
 0 0 0 0 0
 0 0 0 0 0
 0 0 0 0 0
 0 0 0 0 0
 0 0 0 0 0
 0 0 0 0 0
 0 0 0 0 0
 0 0 0 0 0
 0 0 0 0 0
 0 0 0 0 0
 0 0 0 0 0
 0 0 0 0 0
 0 0 0 0 0
 0 0 0 0 0
 0.505614 0.472636 0.0217494 0 0
 0 0 0 0 0
 0.443492 0.261883 0.143347 0.151278 0
 0.227955 0.32914 0.350689 0.0885471 0.00366901
 0.970185 0.0296113 0.000203453 0 0
 0.997202 0.00247181 0.000326279 0 0
 0.445219 0.490057 0.0546422 0.010081 0
 0.90214 0.0892962 0.00764917 0.000914606 0
 0 0 0 0 0
 0.581667 0.319106 0.0959925 0.00289975 0.000334073
 0.762889 0.0836404 0.116647 0.0363945 0.000428098
 0.88444 0.0763242 0.0277011 0.0115352 0
 0.521256 0.241999 0.230069 0.00667565 0
ppred_PELACES
 0.58662 0.129274 0.264637 0.0194691 7.71717e-07
 0.532204 0.290192 0.0555409 0.113698 0.00836502
 0.673107 0.186157 0.0873038 0.0167094 0.0367225
 0.808244 0.135247 0.0321805 0.015092 0.00923665
 0.732981 0.222091 0.031688 0.00753982 0.00570014
 0.815009 0.140473 0.0370275 0.0052831 0.0022074
 0.551843 0.374669 0.055803 0.0147092 0.00297561
 0.535597 0.275492 0.157934 0.0235226 0.00745468
 0.631788 0.209644 0.0940651 0.0539258 0.010577
 0.812367 0.125302 0.0354887 0.0159234 0.0109191
 0.901918 0.0821221 0.0106583 0.0030187 0.00228325
 0.830701 0.154641 0.0122732 0.00159289 0.000792379
 0.617447 0.325728 0.0519043 0.00411943 0.000800601
 0.69539 0.199256 0.0897046 0.0142943 0.00135496
 0.962271 0.0279626 0.00638832 0.00287601 0.000501728
 0.951781 0.0466646 0.00115216 0.000263222 0.000139175
 0.416216 0.559461 0.0235392 0.00058119 0.000202983
 0.865989 0.0605348 0.070415 0.0029627 9.86978e-05
 0.751962 0.218961 0.0131345 0.0152783 0.000664245
 0.812548 0.14666 0.0360101 0.00216009 0.00262189
 0.846015 0.128774 0.0197249 0.00484314 0.000643147
 0.803572 0.169877 0.0222038 0.00340105 0.000945969
 0.353703 0.534616 0.0965849 0.0126241 0.00247152
 0.822897 0.0687679 0.0896149 0.01619 0.0025304
 0.743915 0.215924 0.0155946 0.0203221 0.00424525
 0.471152 0.407507 0.102311 0.00738916 0.0116407
 0.799836 0.101404 0.0761001 0.0191061 0.00355374
 0.712488 0.236333 0.0259275 0.0194576 0.00579376
 0.451675 0.406317 0.116729 0.0128061 0.0124721
pobs_pel_tallas
 0 0 0 0 0 0 0 0 0 0 0 0 0 0 0 0 0 0 0 0 0 0 0 0 0 0
 0 0 0 0 0 0 0 0 0 0 0 0 0 0 0 0 0 0 0 0 0 0 0 0 0 0
 0 0 0 0 0 0 0 0 0 0 0 0 0 0 0 0 0 0 0 0 0 0 0 0 0 0
 0 0 0 0 0 0 0 0 0 0 0 0 0 0 0 0 0 0 0 0 0 0 0 0 0 0
 0 0 0 0 0 0 0 0 0 0 0 0 0 0 0 0 0 0 0 0 0 0 0 0 0 0
 0 0 0 0 0 0 0 0 0 0 0 0 0 0 0 0 0 0 0 0 0 0 0 0 0 0
 0 0 0 0 0 0 0 0 0 0 0 0 0 0 0 0 0 0 0 0 0 0 0 0 0 0
 0 0 0 0 0 0 0 0 0 0 0 0 0 0 0 0 0 0 0 0 0 0 0 0 0 0
 0 0 0 0 0 0 0 0 0 0 0 0 0 0 0 0 0 0 0 0 0 0 0 0 0 0
 0 0 0 0 0 0 0 0 0 0 0 0 0 0 0 0 0 0 0 0 0 0 0 0 0 0
 0 0 0 0 0 0 0 0 0 0 0 0 0 0 0 0 0 0 0 0 0 0 0 0 0 0
 0 0 0 0 0 0 0 0 0 0 0 0 0 0 0 0 0 0 0 0 0 0 0 0 0 0
 0.00862536 0 0 0.000197151 0.00414017 0.0128641 0.00837892 0.0270097 0.101434 0.158115 0.152841 0.127902 0.109271 0.109419 0.0830992 0.0579132 0.0238553 0.00714673 0.00463305 0.00128148 0.00103504 0.000492878 0.000147863 0.000147863 4.92878e-05 0
 0 0 0 0 0 0 0 0 0 0 0 0 0 0 0 0 0 0 0 0 0 0 0 0 0 0
 0 0 0 0 0 0 0 0.0054083 0.00873648 0.0413646 0.0450493 0.0745869 0.0622846 0.0627006 0.0613931 0.0827291 0.12552 0.122667 0.0946155 0.0697135 0.0546179 0.0294188 0.0215738 0.0213955 0.0102223 0.00600262
 0 0 0 0 0.00359764 0.0251062 0.0480494 0.140153 0.205849 0.193036 0.1447 0.116669 0.0760912 0.0342217 0.00950174 0.001854 0.000860785 0 0 0 0.000165536 0 0.000143464 0 0 0
 0 0 0 0 0 0 0 0.000145254 0.000435761 0.0275982 0.070085 0.0708112 0.156366 0.174668 0.174014 0.160142 0.0824315 0.0480064 0.0283245 0.00493863 0.00203355 0 0 0 0 0
 0 0 0 0 0 0 0 0 0 0 0 0 0 0 0 0 0 0 0 0 0 0 0 0 0 0
 0 0 1.00437e-05 0.000401748 0.00122533 0.00171747 0.00176769 0.0269171 0.070346 0.194647 0.189555 0.159765 0.064822 0.0314167 0.0384472 0.0292271 0.0345202 0.0313363 0.0194345 0.0106764 0.0143323 0.0359363 0.0279516 0.0138201 0.00172751 0
 0 0.0021121 0.0136068 0.0755702 0.200478 0.177729 0.0527432 0.0373336 0.0318909 0.0142505 0.0149659 0.0166563 0.0217959 0.0798694 0.0677717 0.0528807 0.04013 0.0224614 0.0357745 0.0225083 0.00881397 0.00855152 0.00135912 0.000746735 0 0
 0 0 0 0 5.4009e-05 0.00500934 0.000945158 0.0243581 0.138947 0.33067 0.221406 0.137944 0.0707744 0.0437923 0.0131692 0.00525238 0.0047753 0.00276346 9.45158e-05 9.00151e-06 2.25038e-05 9.00151e-06 4.50075e-06 0 0 0
 0.000866109 0.00284123 0.00948549 0.0512746 0.133035 0.25785 0.225252 0.132002 0.0553304 0.0519788 0.0540692 0.017754 0.00435017 0.00159236 0.00146478 0.000404838 0.000125132 0.000115318 0.000107957 0.000100596 0 0 0 0 0 0
 0 0 0 0 0.00144013 0.00171154 0.00461396 0.0210425 0.0478622 0.0707936 0.0888783 0.103762 0.0637923 0.0337046 0.0602308 0.124433 0.169614 0.0934646 0.0462172 0.0250306 0.0313229 0.00938855 0.002487 0.000210481 0 0
 0 0.00764035 0.051015 0.0998891 0.058973 0.0496711 0.0374665 0.0718981 0.12319 0.153886 0.159021 0.0857701 0.0377988 0.023471 0.0147837 0.00900784 0.00315554 0.000888139 0.00291439 0.00214683 0.00393193 0.00274676 0.000635225 9.99891e-05 0 0
 0 0 0 0 0 0 0 0 0 0 0 0 0 0 0 0 0 0 0 0 0 0 0 0 0 0
 0 0 0 0 0 0 0 0 0 0 0 0 0 0 0 0 0 0 0 0 0 0 0 0 0 0
 0 0 0 0 0 0 0 0 0 0 0 0 0 0 0 0 0 0 0 0 0 0 0 0 0 0
 0 0 0 0 0 0 0 0 0 0 0 0 0 0 0 0 0 0 0 0 0 0 0 0 0 0
 0 0 0 0 0 0 0 0 0 0 0 0 0 0 0 0 0 0 0 0 0 0 0 0 0 0
ppred_pel_tallas
 1.09623e-16 4.83191e-05 0.000469679 0.00312118 0.0141884 0.0441456 0.0940573 0.137282 0.137295 0.0941203 0.0443581 0.014807 0.00469239 0.00396072 0.0068571 0.0117246 0.0179651 0.0248352 0.0315256 0.0375302 0.0427063 0.0469076 0.0495847 0.0498376 0.0469598 0.0410202
 1.14495e-16 4.3837e-05 0.000426111 0.00283166 0.0128723 0.0400507 0.0853334 0.124552 0.12458 0.0854704 0.0405109 0.0142024 0.00617381 0.00773431 0.0139614 0.0231171 0.0335619 0.0428073 0.0483944 0.049315 0.0466498 0.0427999 0.0399072 0.0386872 0.03839 0.037626
 1.10458e-16 5.5443e-05 0.000538926 0.00358135 0.0162803 0.0506542 0.107925 0.157523 0.157541 0.108013 0.0509508 0.0171383 0.00574021 0.0052692 0.0090909 0.0150786 0.0220419 0.028415 0.0326426 0.034034 0.0331468 0.0313154 0.0297148 0.0287157 0.0279221 0.0266715
 1.0404e-16 6.6574e-05 0.000647123 0.00430036 0.0195488 0.0608237 0.129592 0.189146 0.189159 0.129656 0.0610381 0.0201684 0.00585701 0.00404974 0.00654206 0.0107456 0.015559 0.0197524 0.0221248 0.0221386 0.0202338 0.017505 0.0150055 0.0132245 0.0120472 0.0110693
 1.02693e-16 6.03748e-05 0.000586864 0.00389992 0.0177285 0.05516 0.117525 0.171536 0.171557 0.11763 0.0555112 0.018743 0.00644646 0.00614625 0.0106195 0.0174628 0.0251558 0.0316472 0.0348886 0.0339378 0.0295152 0.0235063 0.0178247 0.0135216 0.0106552 0.00873547
 1.02008e-16 6.71313e-05 0.00065254 0.00433636 0.0197125 0.0613328 0.130677 0.190729 0.190743 0.130743 0.0615555 0.020356 0.00595307 0.00418611 0.0067905 0.0111523 0.0161341 0.0204455 0.0228125 0.0226383 0.0203359 0.0170099 0.0137574 0.0111454 0.00917128 0.00756356
 1.03685e-16 4.54546e-05 0.000441835 0.00293615 0.0133473 0.0415287 0.0884827 0.129151 0.129187 0.0886592 0.0421213 0.015059 0.00723286 0.0098224 0.0178633 0.0294661 0.0424574 0.053422 0.0589035 0.0573018 0.0498135 0.0395956 0.0298559 0.0223638 0.0172392 0.0137034
 1.08249e-16 4.41164e-05 0.000428828 0.00284971 0.0129544 0.0403061 0.0858773 0.125346 0.125373 0.0860081 0.0407457 0.0142265 0.00605216 0.00745015 0.0134678 0.0224275 0.0328449 0.0424339 0.0488564 0.0509833 0.0494535 0.0460109 0.0422099 0.0385819 0.0347774 0.0302907
 1.09967e-16 5.20396e-05 0.000505844 0.00336151 0.0152809 0.0475448 0.1013 0.147855 0.147875 0.101399 0.0478788 0.0162472 0.00579282 0.00583333 0.0102291 0.0169858 0.0248384 0.0320381 0.0368414 0.0384745 0.0375563 0.0355566 0.0337386 0.0324455 0.031177 0.0291927
 1.04501e-16 6.69136e-05 0.000650424 0.0043223 0.0196485 0.061134 0.130253 0.19011 0.190122 0.130312 0.0613328 0.0202233 0.00576682 0.00380959 0.00608398 0.00999823 0.014507 0.0184821 0.0208264 0.0210516 0.0195612 0.0173452 0.0153369 0.0139385 0.0129987 0.0121179
 1.01018e-16 7.42898e-05 0.000722123 0.00479876 0.0218145 0.067873 0.144611 0.211065 0.211073 0.14465 0.0680028 0.0221895 0.00574005 0.00277682 0.00397617 0.00645496 0.00928963 0.0116788 0.012861 0.0124886 0.0108311 0.00859152 0.00648376 0.00490091 0.00386445 0.00318798
 1.00688e-16 6.84238e-05 0.000665103 0.00441985 0.020092 0.0625137 0.133193 0.194402 0.194417 0.133265 0.0627579 0.0207971 0.00618899 0.0045245 0.00739026 0.0120886 0.0173585 0.0217248 0.0237332 0.0227118 0.0191713 0.0144677 0.0100076 0.00661012 0.00438968 0.00304269
 1.0213e-16 5.08584e-05 0.000494362 0.00328521 0.0149341 0.0464657 0.0990012 0.144502 0.144533 0.0991547 0.0469809 0.0164223 0.00702096 0.0086503 0.0155425 0.0256189 0.0369087 0.0464266 0.0511526 0.0496736 0.0430032 0.0338651 0.025048 0.0181235 0.0132639 0.00987802
 1.04303e-16 5.72784e-05 0.000556767 0.00369991 0.0168193 0.0523311 0.111498 0.162738 0.162757 0.111592 0.0526482 0.0177365 0.00600695 0.00560861 0.0096972 0.0160595 0.0234052 0.0300082 0.0341281 0.0349315 0.0329236 0.0294814 0.0258983 0.0227292 0.0198328 0.0168554
 1.00565e-16 7.9261e-05 0.000770445 0.00511988 0.0232742 0.0724148 0.154287 0.225188 0.22519 0.154301 0.0724591 0.0234023 0.00544153 0.00147337 0.0014165 0.00222231 0.0032079 0.00406441 0.00453633 0.00450857 0.00406881 0.00344211 0.00284866 0.00239684 0.00207454 0.00181199
 1.00096e-16 7.83969e-05 0.000762046 0.00506406 0.0230205 0.0716254 0.152606 0.222733 0.222738 0.152628 0.071699 0.023233 0.00559699 0.00192398 0.00228086 0.00363547 0.00520315 0.00648764 0.00704222 0.00666311 0.00550981 0.00400416 0.00258799 0.0015249 0.000858434 0.00049494
 1.00915e-16 3.42833e-05 0.000333246 0.00221454 0.010067 0.0313225 0.0667378 0.0974171 0.0974709 0.0670008 0.0322052 0.0126154 0.00860691 0.0142726 0.0264626 0.0435753 0.0624891 0.0779906 0.084786 0.0804268 0.0667948 0.0488954 0.0319682 0.0191354 0.0109223 0.00625525
 1.02362e-16 7.13304e-05 0.000693357 0.0046076 0.0209455 0.0651692 0.13885 0.202657 0.202663 0.138879 0.0652669 0.0212289 0.00532372 0.00227175 0.00311307 0.00514816 0.00767466 0.0102009 0.0122551 0.0135835 0.014235 0.0144102 0.0142207 0.0135913 0.0123779 0.0105625
 1.0208e-16 6.19382e-05 0.000602061 0.00400091 0.0181876 0.0565884 0.120568 0.175977 0.175998 0.120671 0.0569341 0.0191858 0.00650557 0.006066 0.0104281 0.0171138 0.0245837 0.0307859 0.0336805 0.0323424 0.0275251 0.02117 0.0152633 0.0109193 0.00821609 0.00662414
 1.01738e-16 6.69285e-05 0.000650569 0.00432326 0.0196529 0.0611476 0.130282 0.190153 0.190168 0.130351 0.06138 0.0203244 0.00600995 0.00433617 0.00707689 0.0116203 0.0167944 0.0212455 0.0236342 0.0233308 0.020768 0.0171127 0.0135364 0.0106641 0.00852312 0.00684748
 1.01197e-16 6.96851e-05 0.000677364 0.00450133 0.0204624 0.0636661 0.135648 0.197985 0.197997 0.135709 0.0638698 0.0210507 0.00597826 0.0039019 0.00619478 0.0101338 0.0145978 0.0183701 0.0202593 0.0197139 0.0171427 0.0136272 0.0102669 0.00766916 0.00587778 0.00463099
 1.01186e-16 6.61892e-05 0.000643382 0.0042755 0.0194358 0.0604722 0.128843 0.188053 0.18807 0.128923 0.0607407 0.0202114 0.00622223 0.00489243 0.00813391 0.0133368 0.0191925 0.0241057 0.0264952 0.0256274 0.0220456 0.0171959 0.0125616 0.00898218 0.00654758 0.00492681
 1.04609e-16 2.91342e-05 0.000283195 0.00188193 0.00855501 0.0266181 0.0567146 0.0827874 0.0828389 0.0569665 0.0274641 0.010999 0.00801807 0.013683 0.0254908 0.0421288 0.0607609 0.0765601 0.0846031 0.0825861 0.0721589 0.0577366 0.0438065 0.0328453 0.0250543 0.0194297
 1.04656e-16 6.77809e-05 0.000658855 0.00437832 0.0199032 0.0619263 0.131941 0.192573 0.19258 0.131974 0.0620378 0.0202267 0.00519659 0.00246579 0.0035601 0.00593673 0.00891559 0.0119856 0.0146537 0.0166649 0.0180793 0.0190816 0.0197023 0.0197215 0.0188378 0.0169319
 1.03262e-16 6.12753e-05 0.000595618 0.00395809 0.0179929 0.0559828 0.119278 0.174094 0.174115 0.11938 0.0563238 0.0189779 0.00642964 0.00598856 0.0102966 0.0169083 0.0243145 0.0305072 0.0334943 0.0323832 0.0279282 0.0220373 0.0166384 0.0127748 0.0104535 0.00908673
 1.05768e-16 3.88083e-05 0.00037723 0.00250683 0.0113957 0.0354565 0.0755452 0.110269 0.110308 0.0757375 0.0361023 0.0132619 0.0071946 0.0106214 0.0195258 0.0323002 0.0467147 0.059136 0.0658644 0.0651637 0.0582443 0.0483454 0.0387029 0.0310197 0.0253271 0.0208412
 1.0474e-16 6.58814e-05 0.000640391 0.00425562 0.0193455 0.0601909 0.128244 0.187177 0.187187 0.128292 0.0603534 0.019816 0.00544181 0.00324628 0.00506327 0.008393 0.0123809 0.016193 0.0190126 0.0204495 0.0207156 0.0203647 0.0198235 0.0191227 0.0180022 0.0162235
 1.03741e-16 5.86867e-05 0.000570456 0.00379088 0.0172328 0.0536178 0.114239 0.16674 0.166763 0.11435 0.0539914 0.0183118 0.00649901 0.00648161 0.0112833 0.0185569 0.0267202 0.0335959 0.0370136 0.0359938 0.0313396 0.0250968 0.0193239 0.015123 0.012492 0.0108137
 1.06868e-16 3.7204e-05 0.000361636 0.0024032 0.0109246 0.0339908 0.0724224 0.105711 0.10575 0.0726142 0.0346352 0.0127872 0.00708307 0.0105926 0.019511 0.0323096 0.0468022 0.0594019 0.0664532 0.0662394 0.0599439 0.0507243 0.0416962 0.0344385 0.0288974 0.0242693
pSPR Fmed_Fpbrs
0.552806   0.224304 0.224304
Fs Fmed_Fpbrs
0.34   1.005 1.005
SSBpbr Bo_Bmed_Bpbrs
1.04255e+06  524202  181721 181721
Ro
120746
SPR SPRFo_SPRFmed_SPRFpbrs
858142 474386 192485
Fref
1.005
Nvult_r0
 51010.4 45352.8 13029.3 1429.4 1392.13
CTP_r0
 21767.9 22733 6530.87 716.485 697.8
YTP_r0
765023
Np
 177971 31100.8 2403.5 1872.25 610.303
Nvult_p0
 146871 26912.8 2079.84 1620.13 528.119
CTP_p0
 62674.5 7741.8 6030.63 1732.52 240.492
 62674.5 13489.9 1042.51 812.087 264.718
YTP_p0
 815558 767825
CBA_c0
780183
log_Ro
11.5214
likeval ReclasPelacesDesembMPH_pf_preclas_ppelaces_ptallas_desvR_qrecl_qpela
 12.4831 0.00028293 0.0266415 26.9896 204.608 103.533 89.5453 0 22.2137 1.55493e-05 3.66507e-05 0.101103 0 0 0
q_reclas_q_pelaces
1.74658 2.35411
M
1
N
 160117 32778.4 67100.8 4936.56 0.195675
 91500.4 48603.8 9302.45 19043.1 1401.04
 87659.5 23584.3 11060.5 2116.92 4652.38
 133502 22703.9 5402.14 2533.49 1550.56
 106533 29744.2 4243.9 1009.79 763.409
 202622 33252.8 8765.18 1250.62 522.537
 78066.6 56500.2 8415.11 2218.15 448.722
 31555.8 14759.2 8461.15 1260.2 399.376
 30724.8 10310.2 4626.06 2652.04 520.172
 41639.1 6963.78 1972.32 884.962 606.84
 89338 7424.69 963.62 272.922 206.43
 155214 28813.1 2286.78 296.791 147.639
 69140.8 36916.7 5882.62 466.879 90.7369
 38661.6 15625.2 7034.44 1120.93 106.253
 92805 2788.49 637.058 286.802 50.0334
 403522 19485.5 481.102 109.912 58.1147
 78815.8 100162 4214.28 104.052 36.3405
 327027 22519.5 26195 1102.15 36.7164
 259599 81118.2 4865.92 5660.12 246.082
 255517 47967.6 11777.7 706.494 857.534
 351769 52576.7 8053.4 1977.39 262.588
 415165 88225.6 11531.5 1766.33 491.288
 66007.9 96058.9 17354.2 2268.27 444.078
 222770 17715.3 23085.7 4170.71 651.855
 226324 62247.1 4495.65 5858.51 1223.83
 79487.6 64168.3 16110.4 1163.54 1833.01
 197989 23740 17815.9 4472.96 831.973
 180905 56504.5 6198.96 4652.08 1385.22
 61812.2 52410.4 15056.8 1651.84 1608.76
pred_Ctot
 17977.6 4836.71 9901.26 728.429 0.0288734
 17821.8 12181.6 2331.49 4772.8 351.145
 16873.3 5845.09 2741.23 524.653 1153.04
 34654.1 7452.56 1773.26 831.622 508.971
 10341.9 3809.08 543.48 129.315 97.7631
 31704.8 6762.24 1782.47 254.323 106.262
 25300.9 22738.8 3386.71 892.709 180.591
 2253.02 1398.86 801.938 119.44 37.8524
 7753.28 3296.57 1479.14 847.962 166.32
 14371.1 2966.37 840.154 376.969 258.497
 7038.58 775.127 100.601 28.4927 21.551
 35925.3 8498.17 674.464 87.536 43.5447
 17532.8 11857.5 1889.48 149.96 29.1444
 22229.8 10304.1 4638.86 739.195 70.0685
 26344.8 994.266 227.15 102.262 17.8399
 85655.2 5297.8 130.804 29.8835 15.8005
 11357.6 18817.7 791.751 19.5485 6.82742
 69520.9 6131.27 7131.99 300.077 9.99661
 86303 33407.1 2003.95 2331.02 101.345
 74579.8 17546.2 4308.2 258.43 313.679
 72994.5 13991.8 2143.18 526.226 69.8804
 101095 27286.8 3566.51 546.297 151.947
 11577.8 21790.8 3936.77 514.554 100.739
 34625.6 3579.55 4664.69 842.732 131.714
 33507.5 12003 866.886 1129.68 235.989
 9615.75 10179.6 2555.74 184.582 290.787
 28648.1 4477.78 3360.41 843.681 156.925
 24774.8 10107.1 1108.82 832.126 247.777
 8571.24 9488.1 2725.8 299.041 291.242
F
 0.192201 0.259491 0.259491 0.259491 0.259491
 0.355764 0.480318 0.480318 0.480318 0.480318
 0.350925 0.473784 0.473784 0.473784 0.473784
 0.501482 0.677051 0.677051 0.677051 0.677051
 0.164318 0.221846 0.221846 0.221846 0.221846
 0.277099 0.374111 0.374111 0.374111 0.374111
 0.665698 0.898759 0.898759 0.898759 0.898759
 0.118627 0.160158 0.160158 0.160158 0.160158
 0.484347 0.653917 0.653917 0.653917 0.653917
 0.724227 0.97778 0.97778 0.97778 0.97778
 0.131596 0.177668 0.177668 0.177668 0.177668
 0.436137 0.588829 0.588829 0.588829 0.588829
 0.487257 0.657846 0.657846 0.657846 0.657846
 1.62935 2.19978 2.19978 2.19978 2.19978
 0.560829 0.757176 0.757176 0.757176 0.757176
 0.393446 0.531192 0.531192 0.531192 0.531192
 0.252734 0.341216 0.341216 0.341216 0.341216
 0.394136 0.532124 0.532124 0.532124 0.532124
 0.688613 0.929697 0.929697 0.929697 0.929697
 0.581017 0.784432 0.784432 0.784432 0.784432
 0.383076 0.517191 0.517191 0.517191 0.517191
 0.463716 0.626064 0.626064 0.626064 0.626064
 0.315345 0.425748 0.425748 0.425748 0.425748
 0.27503 0.371318 0.371318 0.371318 0.371318
 0.260459 0.351645 0.351645 0.351645 0.351645
 0.208441 0.281416 0.281416 0.281416 0.281416
 0.253891 0.342778 0.342778 0.342778 0.342778
 0.238864 0.322491 0.322491 0.322491 0.322491
 0.242177 0.326964 0.326964 0.326964 0.326964
YTP_r0W_actual
 113193 466026 141720 20778.1 23306.5
YTP_p0W_proyectada
 472566 135094 145157 54262.5 8477.35
 472566 235399 25093.3 25434.6 9331.31
CTP_r0_actual
 21767.9 22733 6530.87 716.485 697.8
CTP_p0_proyectada
 62674.5 7741.8 6030.63 1732.52 240.492
 62674.5 13489.9 1042.51 812.087 264.718
Wmedp
 7.54 17.45 24.07 31.32 35.25
Frms_r0
 0.744389 1.005 1.005 1.005 1.005
Zrms_r0
 1.74439 2.005 2.005 2.005 2.005
nmprior
 7.29 8.9 8.7 0
nm_flota  nm_reclas  nm_pelaces    nm_pelaL
inf 14.6749 12.4085 15.9621
cv_recla  cv_pelaces  cv_mph
0.335183 0.686695 0.449914
 ------------------------------------------------
Talla a la edad & desviaci?n 
 8 13.2811 15.8009 17.003 17.5766
 0.8 1.32811 1.58009 1.7003 1.75766
