years
 1991 1992 1993 1994 1995 1996 1997 1998 1999 2000 2001 2002 2003 2004 2005 2006 2007 2008 2009 2010 2011 2012 2013 2014 2015 2016 2017 2018 2019 2020
reclasobs
 0 0 0 0 0 0 0 0 0 252601 567819 844713 477998 351125 339783 2.1784e+06 2.13404e+06 4.81314e+06 1.55562e+06 2.62356e+06 3.21686e+06 3.843e+06 1.13348e+06 3.07943e+06 1.97215e+06 2.03268e+06 2.025e+06 2.42433e+06 2.27542e+06 1.05018e+06
reclaspred
 4.98628e+06 2.64322e+06 1.26523e+06 1.37477e+06 1.67182e+06 3.328e+06 2.06059e+06 1.54751e+06 889336 329433 550599 1.22518e+06 1.12777e+06 272931 655631 2.01795e+06 2.24825e+06 2.80686e+06 2.43422e+06 2.13704e+06 4.19568e+06 2.71694e+06 1.34218e+06 1.89133e+06 1.67085e+06 1.44872e+06 2.00778e+06 2.21461e+06 1.81939e+06 760559
pelacesobs
 0 0 0 0 0 0 0 0 0 0 0 0 0 0 0 552880 188675 0 991730 2.46772e+06 1.41603e+06 1.21717e+06 2.29649e+06 1.80582e+06 0 1.4828e+06 1.56532e+06 1.57751e+06 1.42118e+06 867257
pelacespred
 3.04218e+06 1.56983e+06 703579 607690 930279 1.85473e+06 1.04001e+06 1.07547e+06 528418 129964 295765 552228 558266 78039.5 311379 882347 1.10999e+06 1.3787e+06 1.14831e+06 937741 2.04299e+06 1.32238e+06 633987 992556 820057 738331 1.22037e+06 1.27003e+06 964140 371685
mphobs
 0 0 0 0 0 0 0 0 0 0 0 0 498337 0 5186 125008 0 168611 109162 213762 579715 649985 157893 87575 83554 210694 70296 0 107559 103333
mphpred
 745102 511361 224026 131542 192177 278383 458938 195734 166032 65577.7 22092.9 109424 174348 75484.8 10263.7 88307.2 354810 258713 276340 228706 315047 407691 203694 93073.7 216494 187438 134835 247903 322183 153436
desembarqueobs
 494567 514787 250237 358949 120608 361735 552515 73892 212993 205616 52469 317467 293654 387597 252695 516296 358380 742168 942051 627588 828172 859565 418607 520667 417249 300574 415391 372974 316634 284311
desembarquepred
 494553 514435 250384 358940 120609 361712 552469 73897.8 213073 205687 52470.7 317436 293710 387619 252581 516105 358365 741953 941151 627177 828118 859670 418681 520670 417095 300592 415314 372914 316498 284216
Reclutas
 144558 94032.1 84693.3 125490 91917.5 194442 67787.7 24078.2 23475.2 31986.1 54562 130244 72700.1 44493.7 66199.5 280788 56400 242979 289844 229540 271818 257508 44242 129978 147566 44442 135320 120279 44117.7 36289.1
log_desv_Rt
 0.45076 0.0207149 -0.0838844 0.309305 -0.00202961 0.747213 -0.30654 -1.34161 -1.36698 -1.05762 -0.523583 0.346486 -0.236578 -0.727573 -0.330248 1.11468 -0.490452 0.970056 1.14642 0.913155 1.08221 1.02813 -0.733246 0.344442 0.471352 -0.728736 0.384724 0.26689 -0.736059 -0.931402
SSB
 745102 511361 224026 131542 192177 278383 458938 195734 166032 65577.7 22092.9 109424 164039 72168.3 9808.81 85017.6 354810 258713 289758 238441 338161 476087 261355 109206 229596 217588 142220 247903 339818 146031
BT
 1.29098e+06 964376 438250 570419 466933 1.20638e+06 822430 462118 398774 251671 218413 553561 510580 428410 457633 957552 695785 1.35318e+06 1.49585e+06 952580 1.78078e+06 1.32241e+06 601203 1.08618e+06 727284 559871 1.12271e+06 960452 583879 409258
Ftot
 0.479055 0.887824 0.881967 1.00861 0.313934 0.445728 1.13855 0.226966 1.03015 2.10264 0.355935 0.963158 1.03166 3.49304 1.26672 0.898209 0.684235 1.01194 1.37078 1.08431 0.770066 1.2156 1.26602 0.998079 0.9587 0.864462 0.777372 0.65335 0.776378 1.47336
BD_Bspro_t
 0.926215 0.568259 0.299023 0.217593 0.265107 0.391637 0.451334 0.237634 0.269915 0.154519 0.0784205 0.376247 0.325993 0.146435 0.0250837 0.179515 0.353788 0.267858 0.251668 0.193885 0.211316 0.262158 0.180913 0.101691 0.214198 0.237239 0.201918 0.332356 0.385569 0.220195
BD_Bspro
 1.13645 0.779939 0.34169 0.200631 0.293113 0.424596 0.699982 0.298538 0.253236 0.100021 0.0336966 0.166897 0.250195 0.110073 0.0149606 0.129671 0.541164 0.394595 0.441946 0.363676 0.515772 0.72614 0.398624 0.166564 0.350185 0.331871 0.216918 0.378108 0.518299 0.22273
BD_Bo
 1.5876 1.08957 0.477336 0.280279 0.409475 0.593156 0.977866 0.417054 0.353767 0.139728 0.0470737 0.233153 0.34952 0.15377 0.0208998 0.181148 0.755999 0.551244 0.617393 0.50805 0.720526 1.01441 0.556873 0.232688 0.489204 0.463619 0.303031 0.528212 0.724057 0.31115
BD_Brms
 9.10809 6.25085 2.73848 1.60796 2.34916 3.40294 5.61003 2.39264 2.02957 0.801619 0.270062 1.3376 2.0052 0.882182 0.119903 1.03925 4.33718 3.1625 3.54199 2.91469 4.13367 5.81967 3.19479 1.33493 2.80657 2.65979 1.73849 3.03036 4.15392 1.78507
Sel_flota
 0.739678 1 1 1 1
 0.739678 1 1 1 1
 0.739678 1 1 1 1
 0.739678 1 1 1 1
 0.739678 1 1 1 1
 0.739678 1 1 1 1
 0.739678 1 1 1 1
 0.739678 1 1 1 1
 0.739678 1 1 1 1
 0.739678 1 1 1 1
 0.739678 1 1 1 1
 0.739678 1 1 1 1
 0.739678 1 1 1 1
 0.739678 1 1 1 1
 0.739678 1 1 1 1
 0.739678 1 1 1 1
 0.739678 1 1 1 1
 0.739678 1 1 1 1
 0.739678 1 1 1 1
 0.739678 1 1 1 1
 0.739678 1 1 1 1
 0.739678 1 1 1 1
 0.739678 1 1 1 1
 0.739678 1 1 1 1
 0.739678 1 1 1 1
 0.739678 1 1 1 1
 0.739678 1 1 1 1
 0.739678 1 1 1 1
 0.739678 1 1 1 1
 0.739678 1 1 1 1
Sel_reclas
 0.425185 0.788252 0.949327 0.989505 0.997897
 0.425185 0.788252 0.949327 0.989505 0.997897
 0.425185 0.788252 0.949327 0.989505 0.997897
 0.425185 0.788252 0.949327 0.989505 0.997897
 0.425185 0.788252 0.949327 0.989505 0.997897
 0.425185 0.788252 0.949327 0.989505 0.997897
 0.425185 0.788252 0.949327 0.989505 0.997897
 0.425185 0.788252 0.949327 0.989505 0.997897
 0.425185 0.788252 0.949327 0.989505 0.997897
 0.425185 0.788252 0.949327 0.989505 0.997897
 0.425185 0.788252 0.949327 0.989505 0.997897
 0.425185 0.788252 0.949327 0.989505 0.997897
 0.425185 0.788252 0.949327 0.989505 0.997897
 0.425185 0.788252 0.949327 0.989505 0.997897
 0.425185 0.788252 0.949327 0.989505 0.997897
 0.425185 0.788252 0.949327 0.989505 0.997897
 0.425185 0.788252 0.949327 0.989505 0.997897
 0.425185 0.788252 0.949327 0.989505 0.997897
 0.425185 0.788252 0.949327 0.989505 0.997897
 0.425185 0.788252 0.949327 0.989505 0.997897
 0.425185 0.788252 0.949327 0.989505 0.997897
 0.425185 0.788252 0.949327 0.989505 0.997897
 0.425185 0.788252 0.949327 0.989505 0.997897
 0.425185 0.788252 0.949327 0.989505 0.997897
 0.425185 0.788252 0.949327 0.989505 0.997897
 0.425185 0.788252 0.949327 0.989505 0.997897
 0.425185 0.788252 0.949327 0.989505 0.997897
 0.425185 0.788252 0.949327 0.989505 0.997897
 0.425185 0.788252 0.949327 0.989505 0.997897
 0.425185 0.788252 0.949327 0.989505 0.997897
Sel_pelaces
 0.295262 0.678303 0.913877 0.981619 0.996293
 0.295262 0.678303 0.913877 0.981619 0.996293
 0.295262 0.678303 0.913877 0.981619 0.996293
 0.295262 0.678303 0.913877 0.981619 0.996293
 0.295262 0.678303 0.913877 0.981619 0.996293
 0.295262 0.678303 0.913877 0.981619 0.996293
 0.295262 0.678303 0.913877 0.981619 0.996293
 0.295262 0.678303 0.913877 0.981619 0.996293
 0.295262 0.678303 0.913877 0.981619 0.996293
 0.295262 0.678303 0.913877 0.981619 0.996293
 0.295262 0.678303 0.913877 0.981619 0.996293
 0.295262 0.678303 0.913877 0.981619 0.996293
 0.295262 0.678303 0.913877 0.981619 0.996293
 0.295262 0.678303 0.913877 0.981619 0.996293
 0.295262 0.678303 0.913877 0.981619 0.996293
 0.295262 0.678303 0.913877 0.981619 0.996293
 0.295262 0.678303 0.913877 0.981619 0.996293
 0.295262 0.678303 0.913877 0.981619 0.996293
 0.295262 0.678303 0.913877 0.981619 0.996293
 0.295262 0.678303 0.913877 0.981619 0.996293
 0.295262 0.678303 0.913877 0.981619 0.996293
 0.295262 0.678303 0.913877 0.981619 0.996293
 0.295262 0.678303 0.913877 0.981619 0.996293
 0.295262 0.678303 0.913877 0.981619 0.996293
 0.295262 0.678303 0.913877 0.981619 0.996293
 0.295262 0.678303 0.913877 0.981619 0.996293
 0.295262 0.678303 0.913877 0.981619 0.996293
 0.295262 0.678303 0.913877 0.981619 0.996293
 0.295262 0.678303 0.913877 0.981619 0.996293
 0.295262 0.678303 0.913877 0.981619 0.996293
pf_obs 
 0.8446 0.082 0.0669 0.0065 0
 0.8095 0.147 0.0364 0.0071 0
 0.9664 0.0169 0.016 0.0007 0
 0.9276 0.0648 0.0075 0.0001 0
 0.7033 0.2144 0.0806 0.0017 0
 0.9318 0.0425 0.0243 0.0014 0
 0.5671 0.3108 0.0964 0.0239 0.0018
 0.0768 0.2599 0.5324 0.112 0.0189
 0.490249 0.384438 0.106611 0.0170017 0.00170017
 0.7925 0.1577 0.0466 0.003 0.0002
 0.840416 0.127587 0.0312969 0.00059994 9.999e-05
 0.8084 0.0986 0.0794 0.0134 0.0002
 0.7335 0.1905 0.0724 0.0035 0.0001
 0.4001 0.4547 0.1325 0.0127 0
 0.49795 0.308269 0.164784 0.0264974 0.00249975
 0.9179 0.0499 0.0305 0.0017 0
 0.2467 0.6533 0.0926 0.0074 0
 0.9418 0.0223 0.034 0.0019 0
 0.707729 0.231977 0.0356964 0.0245975 0
 0.517169 0.277429 0.184464 0.0207286 0.00020938
 0.811772 0.124168 0.05621 0.00726502 0.000585176
 0.764997 0.148141 0.077277 0.00933861 0.000247198
 0.163321 0.427699 0.378323 0.0303852 0.000271297
 0.753843 0.0900009 0.118128 0.0371064 0.000921714
 0.721811 0.176058 0.0630433 0.0369309 0.00215725
 0.143369 0.312575 0.442814 0.0836902 0.0175525
 0.692698 0.0596174 0.167031 0.0765114 0.00414204
 0.394062 0.376323 0.152708 0.0712218 0.00568511
 0.125707 0.32114 0.495352 0.0537591 0.00404204
 0.23352 0.215282 0.420074 0.123614 0.00750983
pf_pred 
 0.66303 0.14887 0.1727 0.0153992 8.73515e-07
 0.600388 0.296404 0.0455964 0.052895 0.00471679
 0.726972 0.191655 0.0603568 0.00928482 0.0117315
 0.835 0.133083 0.0224047 0.0070558 0.00245684
 0.740644 0.230888 0.0229613 0.00386557 0.00164125
 0.81825 0.145802 0.0320024 0.00318257 0.000763278
 0.483511 0.447939 0.0549912 0.0120702 0.00148823
 0.507054 0.298655 0.168504 0.0206864 0.00510035
 0.600574 0.235767 0.0991542 0.0559437 0.00856124
 0.829637 0.12054 0.0294087 0.0123681 0.00804609
 0.938555 0.0557055 0.00406079 0.000990731 0.000687721
 0.867153 0.127032 0.00527231 0.000384338 0.000158859
 0.696349 0.276954 0.025528 0.00105951 0.00010916
 0.719104 0.221016 0.0546151 0.00503409 0.000230461
 0.974826 0.0220159 0.00248519 0.000614112 5.91966e-05
 0.958871 0.0405077 0.000543726 6.13768e-05 1.66287e-05
 0.449449 0.535915 0.0144149 0.000193488 2.77587e-05
 0.896999 0.0568993 0.0448761 0.00120707 1.85266e-05
 0.841858 0.147575 0.00583741 0.00460393 0.000125736
 0.813569 0.168043 0.0171587 0.00067872 0.000549922
 0.833581 0.145856 0.0185353 0.00189261 0.00013552
 0.768375 0.204965 0.0233659 0.00296933 0.000324904
 0.445438 0.469601 0.0751825 0.00857076 0.00120835
 0.904679 0.0547809 0.0343291 0.00549605 0.00071488
 0.8304 0.159119 0.00602364 0.00377479 0.000682946
 0.541839 0.405951 0.0489841 0.00185435 0.0013723
 0.890185 0.0712308 0.034187 0.00412518 0.000271731
 0.758064 0.223959 0.0116606 0.00559645 0.000719779
 0.515092 0.40001 0.0785895 0.00409181 0.00221643
 0.673491 0.202467 0.102325 0.0201036 0.00161368
pobs_RECLAS
 0 0 0 0 0
 0 0 0 0 0
 0 0 0 0 0
 0 0 0 0 0
 0 0 0 0 0
 0 0 0 0 0
 0 0 0 0 0
 0 0 0 0 0
 0 0 0 0 0
 0 0 0 0 0
 0.991045 0.00858322 0.000360255 1.14367e-05 0
 0.934742 0.0480273 0.0164251 0.00080598 0
 0.827803 0.169806 0.00239088 0 0
 0.941827 0.0461693 0.0120037 0 0
 0.791401 0.0380133 0.147996 0.0225897 0
 0.846168 0.0940531 0.0597789 0 0
 0.134021 0.677848 0.182769 0.00536245 0
 0.80878 0.0450904 0.141981 0.00414843 0
 0.846168 0.0940531 0.0597789 0 0
 0.905697 0.0802665 0.012482 0.00150086 5.37128e-05
 0.989698 0.0102097 9.19794e-05 0 0
 0.975433 0.0193895 0.00387452 0.00125025 5.28907e-05
 0.303575 0.632131 0.0575291 0.00676475 0
 0.966965 0.00978017 0.0227588 0.000495775 0
 0.843318 0.132988 0.00938335 0.0141283 0.000182051
 0.564624 0.303363 0.111486 0.0197234 0.00080311
 0.826376 0.0876187 0.0782897 0.00655872 0.00115652
 0.89761 0.0855135 0.0140674 0.00269457 0.000114338
 0.34875 0.467042 0.161289 0.0227151 0.000203297
 0.318654 0.224769 0.449479 0.00709798 0
ppred_RECLAS
 0.565919 0.171778 0.239996 0.0223056 1.276e-06
 0.516317 0.338374 0.0626896 0.0758022 0.00681682
 0.653054 0.228618 0.0867097 0.0139033 0.017716
 0.786311 0.165307 0.0335166 0.0110019 0.00386338
 0.672322 0.284991 0.0341332 0.00598958 0.00256464
 0.761526 0.183671 0.0485527 0.0050328 0.00121726
 0.410078 0.497454 0.0735492 0.0168268 0.00209231
 0.410523 0.329672 0.224013 0.0286648 0.00712742
 0.510984 0.264285 0.13386 0.0787214 0.0121492
 0.788768 0.140154 0.0411816 0.0180523 0.0118436
 0.916819 0.0738892 0.006487 0.00164965 0.00115482
 0.830268 0.160827 0.00803897 0.000610822 0.000254613
 0.630957 0.330592 0.0366988 0.00158761 0.000164956
 0.695541 0.229345 0.068254 0.0065575 0.000302749
 0.966686 0.0283674 0.00385651 0.000993311 9.6561e-05
 0.945991 0.053023 0.000857152 0.000100852 2.75554e-05
 0.377221 0.602935 0.0195316 0.000273264 3.95361e-05
 0.858089 0.0717843 0.0681851 0.00191165 2.95897e-05
 0.802465 0.181578 0.00865009 0.00711102 0.000195853
 0.765013 0.207552 0.0255234 0.00105232 0.000859857
 0.785261 0.183457 0.0280777 0.00298831 0.000215792
 0.71304 0.247916 0.0340376 0.00450855 0.000497509
 0.374549 0.513092 0.0989314 0.0117555 0.0016714
 0.868343 0.0693962 0.0523745 0.00873997 0.00114646
 0.784984 0.19894 0.0090701 0.00592444 0.00108096
 0.465026 0.463046 0.067291 0.0026552 0.00198162
 0.84975 0.0907554 0.0524586 0.00659782 0.000438294
 0.696629 0.276258 0.0173227 0.00866587 0.001124
 0.434325 0.450209 0.106527 0.00578112 0.00315804
 0.598104 0.230525 0.140312 0.0287336 0.00232595
pobs_PELACES
 0 0 0 0 0
 0 0 0 0 0
 0 0 0 0 0
 0 0 0 0 0
 0 0 0 0 0
 0 0 0 0 0
 0 0 0 0 0
 0 0 0 0 0
 0 0 0 0 0
 0 0 0 0 0
 0 0 0 0 0
 0 0 0 0 0
 0 0 0 0 0
 0 0 0 0 0
 0 0 0 0 0
 0 0 0 0 0
 0.505614 0.472636 0.0217494 0 0
 0 0 0 0 0
 0.443492 0.261883 0.143347 0.151278 0
 0.227955 0.32914 0.350689 0.0885471 0.00366901
 0.970185 0.0296113 0.000203453 0 0
 0.997202 0.00247181 0.000326279 0 0
 0.445219 0.490057 0.0546422 0.010081 0
 0.90214 0.0892962 0.00764917 0.000914606 0
 0 0 0 0 0
 0.581667 0.319106 0.0959925 0.00289975 0.000334073
 0.762889 0.0836404 0.116647 0.0363945 0.000428098
 0.88444 0.0763242 0.0277011 0.0115352 0
 0.521256 0.241999 0.230069 0.00667565 0
 0.616807 0.101726 0.260614 0.0208532 0
ppred_PELACES
 0.505258 0.182382 0.285056 0.0273019 1.57184e-06
 0.471624 0.35488 0.0735518 0.0916499 0.00829485
 0.610826 0.245641 0.104225 0.0172217 0.0220851
 0.758795 0.181267 0.0411151 0.013908 0.00491516
 0.625968 0.320053 0.0428826 0.00775449 0.00334164
 0.72254 0.207835 0.0614615 0.00656527 0.00159809
 0.377586 0.514699 0.0851318 0.0200709 0.00251171
 0.352108 0.343622 0.261207 0.034444 0.00861934
 0.464739 0.272627 0.154476 0.0936171 0.0145407
 0.775479 0.142531 0.046851 0.0211642 0.0139742
 0.900396 0.0872126 0.00856556 0.00224469 0.00158145
 0.809913 0.178967 0.0100075 0.000783601 0.000328728
 0.598221 0.355462 0.0441434 0.00196793 0.000205784
 0.707272 0.214072 0.0712711 0.00705629 0.000327866
 0.962446 0.0313892 0.00477384 0.0012671 0.000123966
 0.938403 0.060337 0.00109117 0.000132303 3.63805e-05
 0.340558 0.636013 0.0230487 0.00033231 4.83874e-05
 0.834044 0.0792611 0.0842235 0.00243335 3.79065e-05
 0.784873 0.195624 0.0104254 0.00883197 0.000244812
 0.739816 0.226597 0.0311732 0.00132447 0.00108918
 0.755961 0.204841 0.0350718 0.00384659 0.000279551
 0.686449 0.266425 0.0409206 0.00558564 0.000620317
 0.345188 0.525577 0.113367 0.0138818 0.00198638
 0.845612 0.0768612 0.0648941 0.0111596 0.00147324
 0.76004 0.219816 0.0112114 0.00754657 0.00138576
 0.426426 0.488502 0.0794169 0.00322928 0.00242552
 0.823102 0.101897 0.0658899 0.00853994 0.000570948
 0.659557 0.306421 0.0214948 0.0110811 0.00144648
 0.392581 0.471729 0.124868 0.00698322 0.00383918
 0.564091 0.237383 0.161636 0.0341105 0.00277892
pobs_pel_tallas
 0 0 0 0 0 0 0 0 0 0 0 0 0 0 0 0 0 0 0 0 0 0 0 0 0 0
 0 0 0 0 0 0 0 0 0 0 0 0 0 0 0 0 0 0 0 0 0 0 0 0 0 0
 0 0 0 0 0 0 0 0 0 0 0 0 0 0 0 0 0 0 0 0 0 0 0 0 0 0
 0 0 0 0 0 0 0 0 0 0 0 0 0 0 0 0 0 0 0 0 0 0 0 0 0 0
 0 0 0 0 0 0 0 0 0 0 0 0 0 0 0 0 0 0 0 0 0 0 0 0 0 0
 0 0 0 0 0 0 0 0 0 0 0 0 0 0 0 0 0 0 0 0 0 0 0 0 0 0
 0 0 0 0 0 0 0 0 0 0 0 0 0 0 0 0 0 0 0 0 0 0 0 0 0 0
 0 0 0 0 0 0 0 0 0 0 0 0 0 0 0 0 0 0 0 0 0 0 0 0 0 0
 0 0 0 0 0 0 0 0 0 0 0 0 0 0 0 0 0 0 0 0 0 0 0 0 0 0
 0 0 0 0 0 0 0 0 0 0 0 0 0 0 0 0 0 0 0 0 0 0 0 0 0 0
 0 0 0 0 0 0 0 0 0 0 0 0 0 0 0 0 0 0 0 0 0 0 0 0 0 0
 0 0 0 0 0 0 0 0 0 0 0 0 0 0 0 0 0 0 0 0 0 0 0 0 0 0
 0.00862536 0 0 0.000197151 0.00414017 0.0128641 0.00837892 0.0270097 0.101434 0.158115 0.152841 0.127902 0.109271 0.109419 0.0830992 0.0579132 0.0238553 0.00714673 0.00463305 0.00128148 0.00103504 0.000492878 0.000147863 0.000147863 4.92878e-05 0
 0 0 0 0 0 0 0 0 0 0 0 0 0 0 0 0 0 0 0 0 0 0 0 0 0 0
 0 0 0 0 0 0 0 0.0054083 0.00873648 0.0413646 0.0450493 0.0745869 0.0622846 0.0627006 0.0613931 0.0827291 0.12552 0.122667 0.0946155 0.0697135 0.0546179 0.0294188 0.0215738 0.0213955 0.0102223 0.00600262
 0 0 0 0 0.00359764 0.0251062 0.0480494 0.140153 0.205849 0.193036 0.1447 0.116669 0.0760912 0.0342217 0.00950174 0.001854 0.000860785 0 0 0 0.000165536 0 0.000143464 0 0 0
 0 0 0 0 0 0 0 0.000145254 0.000435761 0.0275982 0.070085 0.0708112 0.156366 0.174668 0.174014 0.160142 0.0824315 0.0480064 0.0283245 0.00493863 0.00203355 0 0 0 0 0
 0 0 0 0 0 0 0 0 0 0 0 0 0 0 0 0 0 0 0 0 0 0 0 0 0 0
 0 0 1.00437e-05 0.000401748 0.00122533 0.00171747 0.00176769 0.0269171 0.070346 0.194647 0.189555 0.159765 0.064822 0.0314167 0.0384472 0.0292271 0.0345202 0.0313363 0.0194345 0.0106764 0.0143323 0.0359363 0.0279516 0.0138201 0.00172751 0
 0 0.0021121 0.0136068 0.0755702 0.200478 0.177729 0.0527432 0.0373336 0.0318909 0.0142505 0.0149659 0.0166563 0.0217959 0.0798694 0.0677717 0.0528807 0.04013 0.0224614 0.0357745 0.0225083 0.00881397 0.00855152 0.00135912 0.000746735 0 0
 0 0 0 0 5.4009e-05 0.00500934 0.000945158 0.0243581 0.138947 0.33067 0.221406 0.137944 0.0707744 0.0437923 0.0131692 0.00525238 0.0047753 0.00276346 9.45158e-05 9.00151e-06 2.25038e-05 9.00151e-06 4.50075e-06 0 0 0
 0.000866109 0.00284123 0.00948549 0.0512746 0.133035 0.25785 0.225252 0.132002 0.0553304 0.0519788 0.0540692 0.017754 0.00435017 0.00159236 0.00146478 0.000404838 0.000125132 0.000115318 0.000107957 0.000100596 0 0 0 0 0 0
 0 0 0 0 0.00144013 0.00171154 0.00461396 0.0210425 0.0478622 0.0707936 0.0888783 0.103762 0.0637923 0.0337046 0.0602308 0.124433 0.169614 0.0934646 0.0462172 0.0250306 0.0313229 0.00938855 0.002487 0.000210481 0 0
 0 0.00764035 0.051015 0.0998891 0.058973 0.0496711 0.0374665 0.0718981 0.12319 0.153886 0.159021 0.0857701 0.0377988 0.023471 0.0147837 0.00900784 0.00315554 0.000888139 0.00291439 0.00214683 0.00393193 0.00274676 0.000635225 9.99891e-05 0 0
 0 0 0 0 0 0 0 0 0 0 0 0 0 0 0 0 0 0 0 0 0 0 0 0 0 0
 0 0 0 0 0 0 0 0 0 0 0 0 0 0 0 0 0 0 0 0 0 0 0 0 0 0
 0 0 0 0 0 0 0 0 0 0 0 0 0 0 0 0 0 0 0 0 0 0 0 0 0 0
 0 0 0 0 0 0 0 0 0 0 0 0 0 0 0 0 0 0 0 0 0 0 0 0 0 0
 0 0 0 0 0 0 0 0 0 0 0 0 0 0 0 0 0 0 0 0 0 0 0 0 0 0
 0 0 0 0 0 0 0 0 0 0 0 0 0 0 0 0 0 0 0 0 0 0 0 0 0 0
ppred_pel_tallas
 1.11012e-16 4.16175e-05 0.000404536 0.00268829 0.0122206 0.0380228 0.0810124 0.118244 0.118262 0.0811004 0.0383198 0.0130833 0.00487351 0.00523959 0.00941355 0.0159895 0.0241754 0.032784 0.0405451 0.0467381 0.0513687 0.0546749 0.0564649 0.0559858 0.0524746 0.0458732
 1.12809e-16 3.88471e-05 0.000377608 0.00250934 0.0114071 0.0354919 0.0756205 0.110378 0.110412 0.075788 0.0360545 0.0130329 0.006594 0.00930685 0.017035 0.0282046 0.0408824 0.0519825 0.0584156 0.0588446 0.0544952 0.0482689 0.0428688 0.0394044 0.0373136 0.0352736
 1.08536e-16 5.0313e-05 0.00048906 0.00324998 0.0147739 0.0459674 0.0979392 0.14295 0.142974 0.0980555 0.0463582 0.0159043 0.00609289 0.00671379 0.0119271 0.0197827 0.0288325 0.0369743 0.0420881 0.0431915 0.0409726 0.0371984 0.0335055 0.0305546 0.0280592 0.0253946
 1.0346e-16 6.2501e-05 0.000607532 0.00403726 0.0183528 0.0571025 0.121664 0.177575 0.177593 0.121749 0.0573897 0.0191828 0.00612188 0.00516283 0.00872738 0.014365 0.0207721 0.0263022 0.0293197 0.0290738 0.0261299 0.0219512 0.017979 0.0149388 0.0127776 0.011063
 1.02663e-16 5.15602e-05 0.000501184 0.00333054 0.0151402 0.0471069 0.100367 0.146496 0.146526 0.100518 0.0476129 0.0166017 0.0069988 0.00850821 0.0152559 0.025133 0.0361842 0.0454678 0.0500158 0.0484527 0.0418059 0.0327974 0.0242114 0.0176112 0.0131431 0.0101618
 1.02756e-16 5.95147e-05 0.000578505 0.00384437 0.0174759 0.0543743 0.115851 0.169092 0.169112 0.115949 0.0547039 0.0184288 0.00623853 0.00581273 0.0100229 0.0165342 0.0239479 0.0303951 0.0339979 0.0338675 0.0305932 0.0257724 0.0209876 0.0170506 0.0139601 0.0113504
 1.05027e-16 3.11014e-05 0.000302317 0.002009 0.00913266 0.0284154 0.0605438 0.0883758 0.0884255 0.0607863 0.0292297 0.0114849 0.00791449 0.0131971 0.0245298 0.040527 0.0584319 0.0735915 0.0812687 0.0792625 0.0691926 0.0553502 0.0420869 0.031789 0.0246104 0.0195112
 1.12539e-16 2.90027e-05 0.000281917 0.00187344 0.0085164 0.0264979 0.0564577 0.0824087 0.0824422 0.0566214 0.0270483 0.0101105 0.00589118 0.00910652 0.0169463 0.0283813 0.0418404 0.0546146 0.0638919 0.0682781 0.0684258 0.0661861 0.0630611 0.0593122 0.0543003 0.0474768
 1.16377e-16 3.828e-05 0.000372095 0.00247271 0.0112406 0.0349738 0.0745163 0.108764 0.108791 0.0746458 0.0354093 0.0125014 0.00564814 0.00733975 0.0133771 0.022336 0.0328424 0.0427353 0.0498416 0.0532087 0.0536067 0.0527881 0.0521233 0.0517387 0.050717 0.0479721
 1.05876e-16 6.38752e-05 0.00062089 0.00412603 0.0187564 0.0583581 0.124339 0.181479 0.181492 0.124406 0.0585845 0.019411 0.00577185 0.00422219 0.00692866 0.0114208 0.0166072 0.0212319 0.0240654 0.0245627 0.0231764 0.0210033 0.0190541 0.0177269 0.0167995 0.0157927
 1.00763e-16 7.41644e-05 0.000720905 0.00479066 0.0217777 0.0677585 0.144367 0.210709 0.210718 0.144408 0.0678962 0.0221756 0.00578918 0.00289974 0.00420944 0.00683455 0.00982165 0.0123164 0.0135031 0.0130083 0.0111213 0.00860068 0.00622539 0.00443685 0.00327781 0.00255997
 1.00469e-16 6.67115e-05 0.000648459 0.00430924 0.0195892 0.0609494 0.12986 0.189538 0.189555 0.129944 0.0612318 0.0204047 0.00635506 0.00511029 0.0085281 0.0139603 0.0200265 0.02502 0.0272491 0.0259324 0.0216677 0.0160443 0.0107205 0.00667625 0.00406702 0.00254698
 1.01597e-16 4.92747e-05 0.000478968 0.00318291 0.0144691 0.0450189 0.0959187 0.140003 0.140038 0.0960861 0.0455807 0.0160916 0.00725495 0.00936581 0.0169195 0.0278732 0.040098 0.0503144 0.0552031 0.0532142 0.0454775 0.0350265 0.0249938 0.0171833 0.0118394 0.00831916
 1.02875e-16 5.82571e-05 0.00056628 0.00376313 0.0171067 0.0532253 0.113403 0.165519 0.16554 0.113504 0.0535651 0.018089 0.00623194 0.00596559 0.0103413 0.0170787 0.0247694 0.0315041 0.035359 0.0354166 0.0322626 0.0274998 0.0227047 0.0186697 0.0153786 0.0124783
 1.00294e-16 7.92754e-05 0.000770585 0.00512081 0.0232785 0.0724279 0.154315 0.225229 0.225232 0.15433 0.0724776 0.0234219 0.00548081 0.00155656 0.00157225 0.00247445 0.00355834 0.0044776 0.00493807 0.00480529 0.00417899 0.00332294 0.00250516 0.00187349 0.00143827 0.00113529
 1.00067e-16 7.7295e-05 0.000751335 0.00499289 0.0226969 0.0706186 0.150461 0.219603 0.219609 0.150489 0.0707138 0.0229716 0.00568179 0.00225322 0.00292378 0.00469585 0.00672082 0.0083751 0.00908132 0.00857528 0.00706347 0.00509302 0.00323841 0.00184438 0.000970785 0.00049862
 1.0087e-16 2.80514e-05 0.00027267 0.00181199 0.00823709 0.025629 0.0546075 0.079714 0.0797752 0.0549064 0.0266324 0.0111338 0.00907768 0.0161154 0.0300624 0.049513 0.0709883 0.0885628 0.0962128 0.0911533 0.0755313 0.0550555 0.0357078 0.0210616 0.0117276 0.00648262
 1.02702e-16 6.86991e-05 0.00066778 0.00443763 0.0201728 0.0627652 0.133728 0.195182 0.19519 0.133766 0.0628929 0.0205431 0.0053723 0.00272587 0.00402907 0.00668628 0.00993583 0.0131373 0.0156599 0.0171675 0.0177405 0.0176813 0.0171922 0.0162298 0.0146378 0.01239
 1.01279e-16 6.4649e-05 0.000628412 0.00417602 0.0189836 0.0590651 0.125845 0.183678 0.183697 0.125937 0.0593739 0.0198752 0.0064128 0.00550725 0.00931851 0.0152721 0.0219218 0.0274184 0.0299269 0.02861 0.0241351 0.0182422 0.0127269 0.00862006 0.00603334 0.00453004
 1.01275e-16 6.09377e-05 0.000592336 0.00393628 0.0178938 0.0556743 0.118621 0.173135 0.173157 0.118728 0.0560326 0.0189285 0.00653324 0.00626074 0.0108238 0.0177908 0.025605 0.0321591 0.0353413 0.0341661 0.0293491 0.0228107 0.0165273 0.0116281 0.008254 0.00599165
 1.01498e-16 6.22675e-05 0.000605262 0.00402218 0.0182843 0.0568893 0.121209 0.176913 0.176932 0.121306 0.0572133 0.0192204 0.00637246 0.0057371 0.00981183 0.0161305 0.0232485 0.0292699 0.0322994 0.0314504 0.0273562 0.0217171 0.0162676 0.0119756 0.00893501 0.00677101
 1.01915e-16 5.65419e-05 0.000549608 0.00365234 0.016603 0.0516583 0.110064 0.160648 0.160673 0.11019 0.0520797 0.0178201 0.0067076 0.00721969 0.0127254 0.0209506 0.0301793 0.0379578 0.0418169 0.0406053 0.0351592 0.027714 0.0205554 0.0149656 0.0110731 0.0083756
 1.05135e-16 2.84328e-05 0.000276377 0.00183662 0.00834905 0.0259773 0.0553492 0.0807943 0.0808451 0.055597 0.0268096 0.0107538 0.00787568 0.0134687 0.0251094 0.0415335 0.059983 0.0757476 0.0840159 0.0825268 0.07286 0.0592628 0.0460212 0.0354558 0.0277075 0.0218154
 1.03261e-16 6.9652e-05 0.000677042 0.00449918 0.0204526 0.0636358 0.135583 0.197889 0.197896 0.13562 0.0637591 0.02081 0.00540047 0.00265843 0.00387337 0.0063995 0.00945996 0.0124141 0.0146443 0.0158451 0.016152 0.0159459 0.0155111 0.0148509 0.0137819 0.0121717
 1.01372e-16 6.26036e-05 0.000608529 0.00404389 0.0183829 0.0571963 0.121864 0.177868 0.177889 0.121967 0.0575432 0.0193847 0.00655695 0.0060897 0.0104581 0.0171534 0.0246181 0.0307792 0.0335725 0.0320544 0.0269748 0.0202934 0.0140373 0.00937727 0.00645099 0.00477454
 1.03152e-16 3.51242e-05 0.00034142 0.00226886 0.0103139 0.0320907 0.0683744 0.0998043 0.0998514 0.0686045 0.0328634 0.0125459 0.00787181 0.012574 0.0232707 0.0384237 0.0553632 0.069645 0.0767417 0.0745305 0.0645262 0.0508076 0.0375542 0.0271261 0.0197921 0.014679
 1.02881e-16 6.77979e-05 0.00065902 0.00437942 0.0199082 0.0619418 0.131974 0.192622 0.192632 0.132022 0.0621047 0.0203795 0.00556644 0.00326323 0.00505147 0.00834228 0.0122398 0.0158684 0.018367 0.0193131 0.0189199 0.0177905 0.0164513 0.0150625 0.0134907 0.0115825
 1.02055e-16 5.43269e-05 0.000528077 0.00350926 0.0159526 0.0496346 0.105753 0.154356 0.154385 0.105897 0.0501184 0.0173497 0.00701454 0.00817483 0.0145613 0.0239463 0.0343961 0.0430579 0.0470651 0.0451029 0.0382027 0.029066 0.0204781 0.0140355 0.00991343 0.00744783
 1.05075e-16 3.23365e-05 0.000314322 0.00208879 0.00949534 0.0295438 0.0629478 0.0918837 0.0919293 0.0631704 0.0302915 0.0116562 0.00751695 0.0121774 0.0226015 0.037414 0.0541236 0.0685338 0.0763531 0.0755467 0.0674743 0.0558352 0.0443375 0.0349529 0.027775 0.0220043
 1.08617e-16 4.64635e-05 0.000451642 0.00300132 0.0136436 0.0424504 0.0904458 0.132013 0.132036 0.0905587 0.0428301 0.014743 0.00577096 0.00653109 0.0116902 0.0195083 0.0286952 0.0373346 0.0434686 0.0461471 0.0458742 0.0440182 0.0417148 0.0392073 0.0360466 0.0317723
pSPR Fmed_Fpbrs
0.552928   0.224307 0.224307
Fs Fmed_Fpbrs
0.34   1.005 1.005
SSBpbr Bo_Bmed_Bpbrs
469326  236037  81806.6 81806.6
Ro
92104.2
SPR SPRFo_SPRFmed_SPRFpbrs
655642 362523 147065
Fref
1.005
Nvult_r0
 29941.1 7908.67 3996.95 785.276 63.0327
CTP_r0
 12766.9 3964.19 2003.46 393.617 31.5949
YTP_r0
222939
Np
 104239 18234.5 604.539 103.751 59.4953
Nvult_p0
 86004.9 15779 523.132 89.7797 51.4837
CTP_p0
 36672.5 1947.26 334.188 168.895 35.9799
 36672.5 7909.18 262.218 45.0018 25.806
YTP_p0
 325092 423157
CBA_c0
253585
log_Ro
11.2507
likeval ReclasPelacesDesembMPH_pf_preclas_ppelaces_ptallas_desvR_qrecl_qpela
 15.2533 0.000396808 0.01728 33.9031 235.149 118.79 103.07 0 23.1567 0.000177392 0.000291832 0.0261848 0 0 0
q_reclas_q_pelaces
6.57696 11.2
M
1
N
 144558 25191.3 29223.6 2605.8 0.147813
 94032.1 37312.8 5739.9 6658.68 593.773
 84693.3 17938.2 5649.19 869.027 1098.03
 125490 16226.8 2731.81 860.317 299.564
 91917.5 21893.3 2177.24 366.542 155.627
 194442 26807.5 5884.06 585.156 140.339
 67787.7 51441.2 6315.17 1386.14 170.908
 24078.2 10742.7 6061.1 744.09 183.46
 23475.2 7488.93 3149.54 1777 271.94
 31986.1 4030.8 983.413 413.584 269.057
 54562 2484.4 181.106 44.1854 30.6715
 130244 15426.1 640.245 46.6722 19.2911
 72700.1 23499.5 2166.04 89.8994 9.26218
 44493.7 12469 3081.21 284.007 13.0019
 66199.5 1235.68 139.486 34.4683 3.32253
 280788 9542.07 128.081 14.458 3.91709
 56400 53155.1 1429.75 19.1913 2.75327
 242979 12507.8 9864.87 265.343 4.07261
 289844 42286.5 1672.66 1319.22 36.0287
 229540 38683.2 3949.88 156.239 126.591
 271818 37865.4 4811.93 491.339 35.1822
 257508 56573.1 6449.3 819.576 89.6779
 44242 38547.9 6171.47 703.544 99.189
 129978 6380.38 3998.34 640.129 83.2627
 147566 22853.6 865.151 542.157 98.0887
 44442 26712.8 3223.31 122.022 90.3014
 135320 8625.83 4139.94 499.547 32.9059
 120279 28012.2 1458.47 699.99 90.0281
 44117.7 27290.6 5361.75 279.163 151.215
 36289.1 9139.38 4618.94 907.477 72.8416
pred_Ctot
 28059.3 6300.15 7308.6 651.691 0.0369669
 30163 14891 2290.72 2657.4 236.967
 27031.2 7126.34 2244.26 345.24 436.216
 44264.5 7054.9 1187.71 374.038 130.241
 12270 3825.03 380.39 64.0394 27.19
 35456.7 6317.92 1386.74 137.908 33.0746
 26078.6 24160 2966 651.017 80.2692
 2384.7 1404.59 792.481 97.2888 23.9872
 8408.86 3301.07 1388.3 783.288 119.869
 17956.3 2608.91 636.508 267.69 174.146
 8156.24 484.093 35.2891 8.60966 5.97644
 44409.1 6505.61 270.009 19.6829 8.13557
 26068.9 10368.2 955.681 39.6646 4.08657
 31187.3 9585.41 2368.64 218.327 9.99502
 27406.8 618.966 69.87 17.2655 1.66428
 90865.8 3838.65 51.5253 5.81627 1.57579
 14749.5 17587 473.052 6.34967 0.910953
 85913.4 5449.73 4298.18 115.611 1.77446
 126449 22166.2 876.795 691.523 18.8859
 85308.9 17620.6 1799.22 71.1689 57.6635
 78111.5 13667.6 1736.87 177.349 12.699
 103666 27653.1 3152.43 400.611 43.8348
 18309.5 19302.8 3090.35 352.298 49.6687
 45496.8 2754.96 1726.43 276.399 35.9517
 50142.6 9608.17 363.73 227.936 41.2388
 13969.3 10466 1262.88 47.8078 35.3797
 39176.2 3134.8 1504.54 181.545 11.9586
 30296.7 8950.73 466.025 223.667 28.7666
 12759.6 9908.8 1946.77 101.36 54.904
 16583.2 4985.29 2519.51 495.005 39.7331
F
 0.354346 0.479055 0.479055 0.479055 0.479055
 0.656703 0.887824 0.887824 0.887824 0.887824
 0.652371 0.881967 0.881967 0.881967 0.881967
 0.746045 1.00861 1.00861 1.00861 1.00861
 0.23221 0.313934 0.313934 0.313934 0.313934
 0.329695 0.445728 0.445728 0.445728 0.445728
 0.842158 1.13855 1.13855 1.13855 1.13855
 0.167882 0.226966 0.226966 0.226966 0.226966
 0.76198 1.03015 1.03015 1.03015 1.03015
 1.55527 2.10264 2.10264 2.10264 2.10264
 0.263277 0.355935 0.355935 0.355935 0.355935
 0.712427 0.963158 0.963158 0.963158 0.963158
 0.763094 1.03166 1.03166 1.03166 1.03166
 2.58372 3.49304 3.49304 3.49304 3.49304
 0.936962 1.26672 1.26672 1.26672 1.26672
 0.664385 0.898209 0.898209 0.898209 0.898209
 0.506113 0.684235 0.684235 0.684235 0.684235
 0.748508 1.01194 1.01194 1.01194 1.01194
 1.01394 1.37078 1.37078 1.37078 1.37078
 0.802038 1.08431 1.08431 1.08431 1.08431
 0.569601 0.770066 0.770066 0.770066 0.770066
 0.899149 1.2156 1.2156 1.2156 1.2156
 0.936448 1.26602 1.26602 1.26602 1.26602
 0.738256 0.998079 0.998079 0.998079 0.998079
 0.709129 0.9587 0.9587 0.9587 0.9587
 0.639423 0.864462 0.864462 0.864462 0.864462
 0.575004 0.777372 0.777372 0.777372 0.777372
 0.483269 0.65335 0.65335 0.65335 0.65335
 0.574269 0.776378 0.776378 0.776378 0.776378
 1.08981 1.47336 1.47336 1.47336 1.47336
YTP_r0W_actual
 93198.4 63030.7 53091.7 12477.7 1140.58
YTP_p0W_proyectada
 276511 33979.6 8043.9 5289.78 1268.29
 276511 138015 6311.59 1409.46 909.663
CTP_r0_actual
 12766.9 3964.19 2003.46 393.617 31.5949
CTP_p0_proyectada
 36672.5 1947.26 334.188 168.895 35.9799
 36672.5 7909.18 262.218 45.0018 25.806
Wmedp
 7.54 17.45 24.07 31.32 35.25
Frms_r0
 0.743376 1.005 1.005 1.005 1.005
Zrms_r0
 1.74338 2.005 2.005 2.005 2.005
nmprior
 7.29 8.9 8.7 0
nm_flota  nm_reclas  nm_pelaces    nm_pelaL
inf 11.8126 8.45487 12.9577
cv_recla  cv_pelaces  cv_mph
0.361584 0.781328 0.494067
 ------------------------------------------------
Talla a la edad & desviaci?n 
 8 13.2811 15.8009 17.003 17.5766
 0.8 1.32811 1.58009 1.7003 1.75766
