    unsorted:	 2.287079538e-06 5.413149645e-05 9.184743461e-05 0.001399874127 2.723863456 1.550199773 8.012427368 8.178810987 12.30811198 22.32230263 32.80618228 52.06232040 130.8433224 148.4403319 198.5363487 209.5630218 449.5604240 666.4381079 725.4426454 783.1621616 854.8512633 910.6969323 1040.338447 1046.937233 1004.833528 1129.827258 1275.287334 1342.202361 1461.302720 1654.756375 1626.486313 1785.885681 1996.289020 2057.249214 2257.254213 2224.685722 2316.995557 2432.691235 2560.769877 2742.613425 3191.955940 3628.361702 3802.131621 4178.264997 4295.231167 11155.85735 42112.51303 163548.3307 378519.2573 369180.2186 355237.1005 348069.0307 337734.2586 387373.5023 390268.9085 307062.1751 456270.6228 460642.2026 476711.9489 567924.6994 637264.7622 710727.2809 722354.0832 789692.7707 1056169.238 1129187.024 1213406.386 1364219.979 1573254.115 1707945.246 2183354.019 2135420.888 2244775.096 2680503.183 2785172.701 2969511.804 3461173.087 41658930.54
      sorted:	 2.287079538e-06 5.413149645e-05 9.184743461e-05 0.001399874127 1.550199773 2.723863456 8.012427368 8.178810987 12.30811198 22.32230263 32.80618228 52.06232040 130.8433224 148.4403319 198.5363487 209.5630218 449.5604240 666.4381079 725.4426454 783.1621616 854.8512633 910.6969323 1004.833528 1040.338447 1046.937233 1129.827258 1275.287334 1342.202361 1461.302720 1626.486313 1654.756375 1785.885681 1996.289020 2057.249214 2224.685722 2257.254213 2316.995557 2432.691235 2560.769877 2742.613425 3191.955940 3628.361702 3802.131621 4178.264997 4295.231167 11155.85735 42112.51303 163548.3307 307062.1751 337734.2586 348069.0307 355237.1005 369180.2186 378519.2573 387373.5023 390268.9085 456270.6228 460642.2026 476711.9489 567924.6994 637264.7622 710727.2809 722354.0832 789692.7707 1056169.238 1129187.024 1213406.386 1364219.979 1573254.115 1707945.246 2135420.888 2183354.019 2244775.096 2680503.183 2785172.701 2969511.804 3461173.087 41658930.54
