    unsorted:	 2.286423028e-06 2.286138971e-05 5.405299329e-05 8.766135341e-05 0.001599853727 0.1318951375 1.660525642 8.000343885 12.29301930 22.50853392 36.31230588 72.71757825 167.2708058 192.6299150 202.2668790 230.9151708 462.2737222 543.9306503 1028.298900 998.0402915 942.8738266 905.8414567 838.3856673 792.4320650 735.6378590 1084.128319 1116.289270 1265.465549 1345.643620 1424.774913 1546.697990 1758.241537 1853.043632 1942.882144 2049.490878 2203.135300 2283.274936 2305.171858 2380.124452 2527.506345 2664.405512 3183.650969 3516.632087 3795.034743 4076.171072 4169.567399 4317.994842 10657.71672 15927.98834 42847.97216 148766.0528 384013.9867 384196.8875 372406.8804 369746.1522 359528.4051 352543.1811 341734.0448 316200.5648 445193.1398 468794.5040 537908.9824 581909.4638 611446.4237 629956.2523 702898.3736 772011.4688 917870.2662 1043265.258 1086963.324 1187283.392 1248503.219 1555365.088 1673426.716 1769921.651 1990944.530 2172310.486 2230554.403 2591440.453 2793926.723 2975431.850 3407619.801 18713727.09 111888128.8
      sorted:	 2.286423028e-06 2.286138971e-05 5.405299329e-05 8.766135341e-05 0.001599853727 0.1318951375 1.660525642 8.000343885 12.29301930 22.50853392 36.31230588 72.71757825 167.2708058 192.6299150 202.2668790 230.9151708 462.2737222 543.9306503 735.6378590 792.4320650 838.3856673 905.8414567 942.8738266 998.0402915 1028.298900 1084.128319 1116.289270 1265.465549 1345.643620 1424.774913 1546.697990 1758.241537 1853.043632 1942.882144 2049.490878 2203.135300 2283.274936 2305.171858 2380.124452 2527.506345 2664.405512 3183.650969 3516.632087 3795.034743 4076.171072 4169.567399 4317.994842 10657.71672 15927.98834 42847.97216 148766.0528 316200.5648 341734.0448 352543.1811 359528.4051 369746.1522 372406.8804 384013.9867 384196.8875 445193.1398 468794.5040 537908.9824 581909.4638 611446.4237 629956.2523 702898.3736 772011.4688 917870.2662 1043265.258 1086963.324 1187283.392 1248503.219 1555365.088 1673426.716 1769921.651 1990944.530 2172310.486 2230554.403 2591440.453 2793926.723 2975431.850 3407619.801 18713727.09 111888128.8
