years
 1991 1992 1993 1994 1995 1996 1997 1998 1999 2000 2001 2002 2003 2004 2005 2006 2007 2008 2009 2010 2011 2012 2013 2014 2015 2016 2017 2018 2019 2020 2021 2022 2023
reclasobs
 0 0 0 0 0 0 0 0 0 252601 567819 844713 477998 351125 339783 2.1784e+06 2.13404e+06 4.81314e+06 1.55562e+06 2.62356e+06 3.21686e+06 3.843e+06 1.13348e+06 3.07943e+06 1.97215e+06 2.03268e+06 2.025e+06 2.42433e+06 2.27542e+06 1.05018e+06 2.36338e+06 3.18982e+06 1.53035e+06
reclaspred
 5.02793e+06 2.71067e+06 1.30238e+06 1.49959e+06 1.83302e+06 3.62555e+06 2.24292e+06 1.61601e+06 909479 333720 571242 1.30883e+06 1.16726e+06 288733 705366 2.18002e+06 2.36065e+06 2.93022e+06 2.6315e+06 2.30164e+06 4.53159e+06 2.96122e+06 1.41061e+06 1.99386e+06 1.81251e+06 1.543e+06 2.13521e+06 2.43422e+06 2.08581e+06 1.68587e+06 1.27545e+06 859342 1.28956e+06
pelacesobs
 0 0 0 0 0 0 0 0 0 0 0 0 0 0 0 552880 188675 0 991730 2.46772e+06 1.41603e+06 1.21717e+06 2.29649e+06 1.80582e+06 0 1.4828e+06 1.56532e+06 1.57751e+06 1.42118e+06 867257 1.10002e+06 1.06204e+06 0
pelacespred
 2.75156e+06 1.47382e+06 663390 664994 1.00076e+06 2.0411e+06 1.08042e+06 1.06236e+06 510176 127988 321932 610795 572166 84627 363588 1.01935e+06 1.13862e+06 1.45471e+06 1.27647e+06 1.0251e+06 2.29006e+06 1.42624e+06 637935 1.09451e+06 895799 768141 1.34933e+06 1.42337e+06 1.06836e+06 962150 575979 390588 626457
mphobs
 0 0 0 0 0 0 0 0 0 0 0 0 498337 0 5186 125008 0 168611 109162 213762 579715 649985 157893 87575 83554 210694 70296 0 107559 103333 445601 22526 28222
mphpred
 756289 513531 225287 131720 195837 281062 465616 200132 168187 64572.6 19925.6 102498 167211 70915.8 9856.23 84442.6 340188 243545 270514 222980 307631 405684 202591 90330.4 208625 184969 131084 242392 326272 193923 145817 103839 47047.2
desembarqueobs
 494567 514787 250237 358949 120608 361735 552515 73892 212993 205616 52469 317467 293654 387597 252695 516296 358380 742168 942051 627588 828172 859565 418607 520667 417249 300574 415391 372974 316634 284311 391294 218835 356480
desembarquepred
 494552 514446 250378 358936 120608 361710 552466 73897.4 213072 205686 52470.3 317420 293702 387596 252572 516093 358349 741936 941119 627147 828072 859589 418649 520652 417082 300576 415295 372894 316466 284100 391315 218913 356504
Reclutas
 142460 95381.8 84747.2 127789 91801.7 196063 68821.2 23960.4 23076.5 31287.7 52165.7 130015 70900.1 46114.2 64964.1 276033 55005.2 244632 288747 228428 272671 259802 43535.5 127864 149440 43717.8 133922 121609 54518.5 80622.8 65756.3 24722.6 111870
log_desv_Rt
 0.453526 0.0523551 -0.06586 0.344849 0.0140977 0.772906 -0.274021 -1.32913 -1.36672 -1.06231 -0.551108 0.36212 -0.244261 -0.674413 -0.331698 1.11499 -0.498105 0.994223 1.16002 0.925687 1.10273 1.05439 -0.731955 0.345432 0.50136 -0.727776 0.391725 0.295281 -0.506992 -0.115751 -0.319577 -1.29782 0.211802
SSB
 756289 513531 225287 131720 195837 281062 465616 200132 168187 64572.6 19925.6 102498 157238 67852.9 9425.63 81331.4 340188 243545 283463 232360 329919 472643 259849 105813 221105 214671 138179 242392 343506 187396 174072 130762 50993.6
BT
 1.29836e+06 969202 439167 576394 470730 1.21578e+06 830972 466109 398021 247166 207345 543127 494787 428040 448734 937922 672248 1.33803e+06 1.48041e+06 939854 1.77252e+06 1.31967e+06 595248 1.06581e+06 719852 551456 1.1071e+06 959060 615572 673738 563700 331193 635321
Ftot
 0.467551 0.869593 0.864025 0.960332 0.30281 0.426078 1.10461 0.220141 1.0069 2.11969 0.358904 0.952284 1.05002 3.41518 1.23355 0.877008 0.702799 0.993444 1.33783 1.06045 0.748641 1.18237 1.26286 0.977457 0.936669 0.861465 0.757015 0.62829 0.715716 0.711761 1.214 1.0958 1.0137
BD_Bspro_t
 0.927922 0.569891 0.29996 0.217372 0.26753 0.392395 0.454418 0.240728 0.271324 0.151997 0.0712315 0.362616 0.316704 0.139848 0.0240738 0.173119 0.34415 0.256679 0.247381 0.189515 0.206841 0.260376 0.179261 0.0983418 0.207625 0.233848 0.196379 0.327052 0.388584 0.269742 0.272273 0.197112 0.136342
BD_Bspro
 1.15975 0.787488 0.345473 0.201989 0.300312 0.431003 0.714013 0.306899 0.257911 0.0990206 0.0305555 0.157178 0.241121 0.104051 0.014454 0.12472 0.521672 0.373472 0.434684 0.356319 0.505923 0.724789 0.398473 0.162262 0.33906 0.329193 0.211895 0.371703 0.526759 0.287368 0.266936 0.200521 0.0781976
BD_Bo
 1.67072 1.13444 0.497683 0.290983 0.432625 0.620896 1.0286 0.442114 0.371543 0.142648 0.0440177 0.226428 0.347355 0.149894 0.0208222 0.17967 0.751513 0.538018 0.6262 0.513309 0.728826 1.04412 0.574035 0.233752 0.488445 0.474231 0.305252 0.535469 0.758841 0.413978 0.384544 0.288867 0.11265
BD_Brms
 10.0733 6.83988 3.00067 1.75442 2.60842 3.74356 6.2017 2.66563 2.24013 0.860063 0.265395 1.3652 2.0943 0.903755 0.125543 1.08328 4.53108 3.24386 3.77553 3.09488 4.39429 6.29529 3.46102 1.40935 2.94497 2.85927 1.84045 3.22849 4.57526 2.49599 2.31853 1.74166 0.6792
Sel_flota
 0.783633 1 1 1 1
 0.783633 1 1 1 1
 0.783633 1 1 1 1
 0.783633 1 1 1 1
 0.783633 1 1 1 1
 0.783633 1 1 1 1
 0.783633 1 1 1 1
 0.783633 1 1 1 1
 0.783633 1 1 1 1
 0.783633 1 1 1 1
 0.783633 1 1 1 1
 0.783633 1 1 1 1
 0.783633 1 1 1 1
 0.783633 1 1 1 1
 0.783633 1 1 1 1
 0.783633 1 1 1 1
 0.783633 1 1 1 1
 0.783633 1 1 1 1
 0.783633 1 1 1 1
 0.783633 1 1 1 1
 0.783633 1 1 1 1
 0.783633 1 1 1 1
 0.783633 1 1 1 1
 0.783633 1 1 1 1
 0.783633 1 1 1 1
 0.783633 1 1 1 1
 0.783633 1 1 1 1
 0.783633 1 1 1 1
 0.783633 1 1 1 1
 0.783633 1 1 1 1
 0.783633 1 1 1 1
 0.783633 1 1 1 1
 0.783633 1 1 1 1
Sel_reclas
 0.54254 1 1 1 1
 0.54254 1 1 1 1
 0.54254 1 1 1 1
 0.54254 1 1 1 1
 0.54254 1 1 1 1
 0.54254 1 1 1 1
 0.54254 1 1 1 1
 0.54254 1 1 1 1
 0.54254 1 1 1 1
 0.54254 1 1 1 1
 0.54254 1 1 1 1
 0.54254 1 1 1 1
 0.54254 1 1 1 1
 0.54254 1 1 1 1
 0.54254 1 1 1 1
 0.54254 1 1 1 1
 0.54254 1 1 1 1
 0.54254 1 1 1 1
 0.54254 1 1 1 1
 0.54254 1 1 1 1
 0.54254 1 1 1 1
 0.54254 1 1 1 1
 0.54254 1 1 1 1
 0.54254 1 1 1 1
 0.54254 1 1 1 1
 0.54254 1 1 1 1
 0.54254 1 1 1 1
 0.54254 1 1 1 1
 0.54254 1 1 1 1
 0.54254 1 1 1 1
 0.54254 1 1 1 1
 0.54254 1 1 1 1
 0.54254 1 1 1 1
Sel_pelaces
 0.5 1 1 1 1
 0.5 1 1 1 1
 0.5 1 1 1 1
 0.5 1 1 1 1
 0.5 1 1 1 1
 0.5 1 1 1 1
 0.5 1 1 1 1
 0.5 1 1 1 1
 0.5 1 1 1 1
 0.5 1 1 1 1
 0.5 1 1 1 1
 0.5 1 1 1 1
 0.5 1 1 1 1
 0.5 1 1 1 1
 0.5 1 1 1 1
 0.5 1 1 1 1
 0.5 1 1 1 1
 0.5 1 1 1 1
 0.5 1 1 1 1
 0.5 1 1 1 1
 0.5 1 1 1 1
 0.5 1 1 1 1
 0.5 1 1 1 1
 0.5 1 1 1 1
 0.5 1 1 1 1
 0.5 1 1 1 1
 0.5 1 1 1 1
 0.5 1 1 1 1
 0.5 1 1 1 1
 0.5 1 1 1 1
 0.5 1 1 1 1
 0.5 1 1 1 1
 0.5 1 1 1 1
pf_obs 
 0.8446 0.082 0.0669 0.0065 0
 0.8095 0.147 0.0364 0.0071 0
 0.9664 0.0169 0.016 0.0007 0
 0.9276 0.0648 0.0075 0.0001 0
 0.7033 0.2144 0.0806 0.0017 0
 0.9318 0.0425 0.0243 0.0014 0
 0.5671 0.3108 0.0964 0.0239 0.0018
 0.0768 0.2599 0.5324 0.112 0.0189
 0.490249 0.384438 0.106611 0.0170017 0.00170017
 0.7925 0.1577 0.0466 0.003 0.0002
 0.840416 0.127587 0.0312969 0.00059994 9.999e-05
 0.8084 0.0986 0.0794 0.0134 0.0002
 0.7335 0.1905 0.0724 0.0035 0.0001
 0.4001 0.4547 0.1325 0.0127 0
 0.49795 0.308269 0.164784 0.0264974 0.00249975
 0.9179 0.0499 0.0305 0.0017 0
 0.2467 0.6533 0.0926 0.0074 0
 0.9418 0.0223 0.034 0.0019 0
 0.707729 0.231977 0.0356964 0.0245975 0
 0.517169 0.277429 0.184464 0.0207286 0.00020938
 0.811772 0.124168 0.05621 0.00726502 0.000585176
 0.764997 0.148141 0.077277 0.00933861 0.000247198
 0.163321 0.427699 0.378323 0.0303852 0.000271297
 0.753843 0.0900009 0.118128 0.0371064 0.000921714
 0.721811 0.176058 0.0630433 0.0369309 0.00215725
 0.143369 0.312575 0.442814 0.0836902 0.0175525
 0.692698 0.0596174 0.167031 0.0765114 0.00414204
 0.394062 0.376323 0.152708 0.0712218 0.00568511
 0.125707 0.32114 0.495352 0.0537591 0.00404204
 0.23352 0.215282 0.420074 0.123614 0.00750983
 0.796117 0.104755 0.0508955 0.0450114 0.00322123
 0.162477 0.292055 0.404252 0.121198 0.0200186
 0 0 0 0 0
pf_pred 
 0.667417 0.147538 0.169816 0.0152279 8.36119e-07
 0.6169 0.280256 0.0456232 0.0525121 0.00470918
 0.73653 0.184068 0.0580866 0.00945599 0.0118598
 0.844924 0.12419 0.0215773 0.0068092 0.00249874
 0.74754 0.224259 0.0225838 0.00392379 0.00169263
 0.826561 0.138265 0.031245 0.00314649 0.000782509
 0.495258 0.436848 0.054125 0.0122311 0.00153804
 0.51634 0.287408 0.169854 0.0210447 0.00535367
 0.605632 0.230161 0.0975777 0.0576669 0.00896249
 0.834062 0.114999 0.0297294 0.0126039 0.00860636
 0.945443 0.0490425 0.00382135 0.000987893 0.000704806
 0.878828 0.116161 0.00450445 0.000350983 0.000155471
 0.707799 0.266953 0.0242048 0.000938603 0.000105531
 0.74507 0.199326 0.0507997 0.00460605 0.000198693
 0.976425 0.0204686 0.00242852 0.000618927 5.85394e-05
 0.961649 0.0377522 0.000519536 6.1641e-05 1.71955e-05
 0.464888 0.520703 0.0141837 0.000195192 2.96192e-05
 0.906884 0.0511735 0.040813 0.00111172 1.76208e-05
 0.849217 0.14092 0.00542043 0.00432302 0.000119623
 0.823665 0.158201 0.0169474 0.000651878 0.000534286
 0.844065 0.136256 0.0176557 0.00189137 0.000132379
 0.778787 0.195648 0.0223379 0.00289449 0.000331777
 0.454038 0.459565 0.0764124 0.00872431 0.00126005
 0.91035 0.0502042 0.0332035 0.00552078 0.000721367
 0.843553 0.146583 0.00552396 0.00365338 0.000686823
 0.551836 0.397475 0.0474925 0.00178975 0.00140622
 0.896879 0.0658992 0.0330118 0.00394443 0.000265437
 0.773091 0.209864 0.0108927 0.00545664 0.000695864
 0.577317 0.348959 0.0681857 0.00353909 0.00199897
 0.793516 0.135814 0.0583439 0.0114003 0.000925931
 0.736738 0.222154 0.0270387 0.0116154 0.00245397
 0.645602 0.286888 0.056968 0.00693367 0.00360789
 0.947237 0.0385609 0.0114966 0.00228291 0.000422438
pobs_RECLAS
 0 0 0 0 0
 0 0 0 0 0
 0 0 0 0 0
 0 0 0 0 0
 0 0 0 0 0
 0 0 0 0 0
 0 0 0 0 0
 0 0 0 0 0
 0 0 0 0 0
 0 0 0 0 0
 0.991045 0.00858322 0.000360255 1.14367e-05 0
 0.934742 0.0480273 0.0164251 0.00080598 0
 0.827803 0.169806 0.00239088 0 0
 0.941827 0.0461693 0.0120037 0 0
 0.791401 0.0380133 0.147996 0.0225897 0
 0.846168 0.0940531 0.0597789 0 0
 0.134021 0.677848 0.182769 0.00536245 0
 0.80878 0.0450904 0.141981 0.00414843 0
 0.846168 0.0940531 0.0597789 0 0
 0.905697 0.0802665 0.012482 0.00150086 5.37128e-05
 0.989698 0.0102097 9.19794e-05 0 0
 0.975433 0.0193895 0.00387452 0.00125025 5.28907e-05
 0.303575 0.632131 0.0575291 0.00676475 0
 0.966965 0.00978017 0.0227588 0.000495775 0
 0.843318 0.132988 0.00938335 0.0141283 0.000182051
 0.564624 0.303363 0.111486 0.0197234 0.00080311
 0.826376 0.0876187 0.0782897 0.00655872 0.00115652
 0.89761 0.0855135 0.0140674 0.00269457 0.000114338
 0.34875 0.467042 0.161289 0.0227151 0.000203297
 0.318654 0.224769 0.449479 0.00709798 0
 0.937255 0.0296025 0.0250945 0.00804832 0
 0.456809 0.399803 0.12412 0.0192676 0
 0.883104 0.0372192 0.0704036 0.00927362 0
ppred_RECLAS
 0.58429 0.184414 0.21226 0.019034 1.0451e-06
 0.53375 0.341084 0.0555254 0.0639095 0.00573128
 0.665204 0.233898 0.0738117 0.0120159 0.0150705
 0.795449 0.163812 0.0284613 0.0089816 0.00329594
 0.673622 0.289921 0.0291961 0.00507264 0.00218822
 0.769244 0.183958 0.0415706 0.00418631 0.00104111
 0.413506 0.507603 0.0628915 0.0142121 0.00178715
 0.42613 0.341014 0.201534 0.0249698 0.00635221
 0.523447 0.278126 0.117913 0.0696845 0.0108302
 0.793242 0.143287 0.0370426 0.0157043 0.0107235
 0.923653 0.068631 0.00534766 0.00138247 0.000986318
 0.838048 0.155255 0.00602042 0.000469105 0.000207794
 0.634504 0.333914 0.0302762 0.00117404 0.000132002
 0.711894 0.225266 0.0574107 0.00520547 0.000224551
 0.967693 0.0280502 0.00332805 0.000848179 8.02225e-05
 0.946899 0.0522727 0.000719362 8.53497e-05 2.38094e-05
 0.380224 0.603088 0.0164278 0.000226075 3.43055e-05
 0.874399 0.0690265 0.0550515 0.00149957 2.37682e-05
 0.803747 0.183416 0.00705504 0.00562669 0.000155697
 0.770077 0.206279 0.0220978 0.000849984 0.000696656
 0.792924 0.180942 0.0234461 0.00251167 0.000175794
 0.717466 0.249884 0.0285302 0.00369687 0.000423747
 0.375912 0.525328 0.0873469 0.00997274 0.00144036
 0.878835 0.0678528 0.0448757 0.00746153 0.000974954
 0.793575 0.19341 0.00728864 0.00482048 0.000906234
 0.466686 0.472995 0.056516 0.0021298 0.00167339
 0.86023 0.0893198 0.0447442 0.00534628 0.000359773
 0.705819 0.272082 0.0141221 0.00707436 0.000902166
 0.491087 0.420149 0.0820961 0.00426109 0.00240678
 0.730797 0.177067 0.0760656 0.014863 0.00120718
 0.669073 0.279253 0.0339883 0.0146009 0.0030847
 0.566802 0.350677 0.0696348 0.00847536 0.0044101
 0.92777 0.0527884 0.0157385 0.00312522 0.000578302
pobs_PELACES
 0 0 0 0 0
 0 0 0 0 0
 0 0 0 0 0
 0 0 0 0 0
 0 0 0 0 0
 0 0 0 0 0
 0 0 0 0 0
 0 0 0 0 0
 0 0 0 0 0
 0 0 0 0 0
 0 0 0 0 0
 0 0 0 0 0
 0 0 0 0 0
 0 0 0 0 0
 0 0 0 0 0
 0 0 0 0 0
 0.505614 0.472636 0.0217494 0 0
 0 0 0 0 0
 0.443492 0.261883 0.143347 0.151278 0
 0.227955 0.32914 0.350689 0.0885471 0.00366901
 0.970185 0.0296113 0.000203453 0 0
 0.997202 0.00247181 0.000326279 0 0
 0.445219 0.490057 0.0546422 0.010081 0
 0.90214 0.0892962 0.00764917 0.000914606 0
 0 0 0 0 0
 0.581667 0.319106 0.0959925 0.00289975 0.000334073
 0.762889 0.0836404 0.116647 0.0363945 0.000428098
 0.88444 0.0763242 0.0277011 0.0115352 0
 0.521256 0.241999 0.230069 0.00667565 0
 0.616807 0.101726 0.260614 0.0208532 0
 0.833518 0.0704572 0.0857862 0.0102388 0
 0.697417 0.212968 0.0787535 0.0105354 0.000325836
 0 0 0 0 0
ppred_PELACES
 0.57252 0.189636 0.21827 0.0195729 1.07469e-06
 0.528878 0.344648 0.0561056 0.0645773 0.00579116
 0.660743 0.237014 0.0747951 0.012176 0.0152713
 0.793312 0.165524 0.0287587 0.00907545 0.00333038
 0.660289 0.301765 0.0303889 0.00527988 0.00227761
 0.760025 0.191307 0.0432314 0.00435357 0.0010827
 0.412831 0.508188 0.0629639 0.0142285 0.00178921
 0.41009 0.350545 0.207167 0.0256678 0.00652976
 0.521012 0.279547 0.118515 0.0700406 0.0108856
 0.804439 0.135528 0.0350365 0.0148539 0.0101427
 0.919607 0.072268 0.00563106 0.00145574 0.00103859
 0.836185 0.157041 0.00608966 0.0004745 0.000210184
 0.632953 0.33533 0.0304047 0.00117902 0.000132562
 0.743987 0.200173 0.0510156 0.00462562 0.000199538
 0.967894 0.0278764 0.00330743 0.000842923 7.97254e-05
 0.945934 0.0532229 0.000732439 8.69012e-05 2.42422e-05
 0.372835 0.610278 0.0166236 0.00022877 3.47145e-05
 0.873216 0.0696762 0.0555697 0.00151369 2.39919e-05
 0.805925 0.18138 0.00697673 0.00556423 0.000153969
 0.769024 0.207224 0.0221989 0.000853877 0.000699847
 0.788255 0.185022 0.0239747 0.0025683 0.000179757
 0.718027 0.249387 0.0284736 0.00368953 0.000422906
 0.377911 0.523645 0.087067 0.00994078 0.00143575
 0.877566 0.0685633 0.0453456 0.00753967 0.000985164
 0.791144 0.195688 0.00737447 0.00487725 0.000916906
 0.461676 0.477439 0.057047 0.00214981 0.00168911
 0.856878 0.0914618 0.0458172 0.00547449 0.000368401
 0.698122 0.279201 0.0144916 0.00725946 0.000925771
 0.483454 0.42645 0.0833274 0.004325 0.00244288
 0.724688 0.181085 0.0777917 0.0152003 0.00123457
 0.670185 0.278315 0.0338741 0.0145519 0.00307434
 0.565964 0.351356 0.0697695 0.00849176 0.00441863
 0.927146 0.0532444 0.0158744 0.00315222 0.000583298
pobs_pel_tallas
 0 0 0 0 0 0 0 0 0 0 0 0 0 0 0 0 0 0 0 0 0 0 0 0 0 0
 0 0 0 0 0 0 0 0 0 0 0 0 0 0 0 0 0 0 0 0 0 0 0 0 0 0
 0 0 0 0 0 0 0 0 0 0 0 0 0 0 0 0 0 0 0 0 0 0 0 0 0 0
 0 0 0 0 0 0 0 0 0 0 0 0 0 0 0 0 0 0 0 0 0 0 0 0 0 0
 0 0 0 0 0 0 0 0 0 0 0 0 0 0 0 0 0 0 0 0 0 0 0 0 0 0
 0 0 0 0 0 0 0 0 0 0 0 0 0 0 0 0 0 0 0 0 0 0 0 0 0 0
 0 0 0 0 0 0 0 0 0 0 0 0 0 0 0 0 0 0 0 0 0 0 0 0 0 0
 0 0 0 0 0 0 0 0 0 0 0 0 0 0 0 0 0 0 0 0 0 0 0 0 0 0
 0 0 0 0 0 0 0 0 0 0 0 0 0 0 0 0 0 0 0 0 0 0 0 0 0 0
 0 0 0 0 0 0 0 0 0 0 0 0 0 0 0 0 0 0 0 0 0 0 0 0 0 0
 0 0 0 0 0 0 0 0 0 0 0 0 0 0 0 0 0 0 0 0 0 0 0 0 0 0
 0 0 0 0 0 0 0 0 0 0 0 0 0 0 0 0 0 0 0 0 0 0 0 0 0 0
 0.00862536 0 0 0.000197151 0.00414017 0.0128641 0.00837892 0.0270097 0.101434 0.158115 0.152841 0.127902 0.109271 0.109419 0.0830992 0.0579132 0.0238553 0.00714673 0.00463305 0.00128148 0.00103504 0.000492878 0.000147863 0.000147863 4.92878e-05 0
 0 0 0 0 0 0 0 0 0 0 0 0 0 0 0 0 0 0 0 0 0 0 0 0 0 0
 0 0 0 0 0 0 0 0.0054083 0.00873648 0.0413646 0.0450493 0.0745869 0.0622846 0.0627006 0.0613931 0.0827291 0.12552 0.122667 0.0946155 0.0697135 0.0546179 0.0294188 0.0215738 0.0213955 0.0102223 0.00600262
 0 0 0 0 0.00359764 0.0251062 0.0480494 0.140153 0.205849 0.193036 0.1447 0.116669 0.0760912 0.0342217 0.00950174 0.001854 0.000860785 0 0 0 0.000165536 0 0.000143464 0 0 0
 0 0 0 0 0 0 0 0.000145254 0.000435761 0.0275982 0.070085 0.0708112 0.156366 0.174668 0.174014 0.160142 0.0824315 0.0480064 0.0283245 0.00493863 0.00203355 0 0 0 0 0
 0 0 0 0 0 0 0 0 0 0 0 0 0 0 0 0 0 0 0 0 0 0 0 0 0 0
 0 0 1.00437e-05 0.000401748 0.00122533 0.00171747 0.00176769 0.0269171 0.070346 0.194647 0.189555 0.159765 0.064822 0.0314167 0.0384472 0.0292271 0.0345202 0.0313363 0.0194345 0.0106764 0.0143323 0.0359363 0.0279516 0.0138201 0.00172751 0
 0 0.0021121 0.0136068 0.0755702 0.200478 0.177729 0.0527432 0.0373336 0.0318909 0.0142505 0.0149659 0.0166563 0.0217959 0.0798694 0.0677717 0.0528807 0.04013 0.0224614 0.0357745 0.0225083 0.00881397 0.00855152 0.00135912 0.000746735 0 0
 0 0 0 0 5.4009e-05 0.00500934 0.000945158 0.0243581 0.138947 0.33067 0.221406 0.137944 0.0707744 0.0437923 0.0131692 0.00525238 0.0047753 0.00276346 9.45158e-05 9.00151e-06 2.25038e-05 9.00151e-06 4.50075e-06 0 0 0
 0.000866109 0.00284123 0.00948549 0.0512746 0.133035 0.25785 0.225252 0.132002 0.0553304 0.0519788 0.0540692 0.017754 0.00435017 0.00159236 0.00146478 0.000404838 0.000125132 0.000115318 0.000107957 0.000100596 0 0 0 0 0 0
 0 0 0 0 0.00144013 0.00171154 0.00461396 0.0210425 0.0478622 0.0707936 0.0888783 0.103762 0.0637923 0.0337046 0.0602308 0.124433 0.169614 0.0934646 0.0462172 0.0250306 0.0313229 0.00938855 0.002487 0.000210481 0 0
 0 0.00764035 0.051015 0.0998891 0.058973 0.0496711 0.0374665 0.0718981 0.12319 0.153886 0.159021 0.0857701 0.0377988 0.023471 0.0147837 0.00900784 0.00315554 0.000888139 0.00291439 0.00214683 0.00393193 0.00274676 0.000635225 9.99891e-05 0 0
 0 0 0 0 0 0 0 0 0 0 0 0 0 0 0 0 0 0 0 0 0 0 0 0 0 0
 0 0 0 0 0 0 0 0 0 0 0 0 0 0 0 0 0 0 0 0 0 0 0 0 0 0
 0 0 0 0 0 0 0 0 0 0 0 0 0 0 0 0 0 0 0 0 0 0 0 0 0 0
 0 0 0 0 0 0 0 0 0 0 0 0 0 0 0 0 0 0 0 0 0 0 0 0 0 0
 0 0 0 0 0 0 0 0 0 0 0 0 0 0 0 0 0 0 0 0 0 0 0 0 0 0
 0 0 0 0 0 0 0 0 0 0 0 0 0 0 0 0 0 0 0 0 0 0 0 0 0 0
 0 0 0 0 0 0 0 0 0 0 0 0 0 0 0 0 0 0 0 0 0 0 0 0 0 0
 0 0 0 0 0 0 0 0 0 0 0 0 0 0 0 0 0 0 0 0 0 0 0 0 0 0
 0 0 0 0 0 0 0 0 0 0 0 0 0 0 0 0 0 0 0 0 0 0 0 0 0 0
ppred_pel_tallas
 1.08311e-16 4.71578e-05 0.00045839 0.00304617 0.0138474 0.0430846 0.091797 0.133984 0.134003 0.0918879 0.0433908 0.0147355 0.00528965 0.00540348 0.00957784 0.0161214 0.0240598 0.0320026 0.0384981 0.0427724 0.0450007 0.0458228 0.0455775 0.0439871 0.0405305 0.035074
 1.09164e-16 4.35631e-05 0.000423449 0.00281397 0.0127919 0.0398005 0.0848005 0.123776 0.123809 0.084963 0.0403462 0.0143684 0.006773 0.00907226 0.0164885 0.0272434 0.0393753 0.0498203 0.0555061 0.0550761 0.0497112 0.0423002 0.0356321 0.0310156 0.028144 0.0259057
 1.06025e-16 5.44246e-05 0.000529027 0.00351557 0.0159813 0.0497238 0.105943 0.154631 0.154654 0.106055 0.0501 0.0170688 0.00624871 0.00650654 0.0114394 0.018911 0.0274379 0.0349284 0.0392802 0.0395204 0.0363511 0.0315957 0.0270147 0.0234397 0.0207343 0.0183363
 1.02347e-16 6.53441e-05 0.000635168 0.00422091 0.0191877 0.0597 0.127198 0.185652 0.185668 0.127276 0.059962 0.0199444 0.00612095 0.00478464 0.00795094 0.0130543 0.0188305 0.0237474 0.0262894 0.02576 0.0226873 0.0184492 0.0144292 0.0113646 0.00926499 0.00775686
 1.0187e-16 5.43872e-05 0.000528663 0.00351315 0.0159703 0.0496897 0.10587 0.154527 0.154556 0.106012 0.0501664 0.0173471 0.00696798 0.00806718 0.0143613 0.0236295 0.033971 0.042586 0.0466556 0.0448758 0.0382336 0.0293442 0.0209041 0.01446 0.0101972 0.00751208
 1.01917e-16 6.26023e-05 0.000608517 0.00404381 0.0183826 0.0571951 0.121861 0.177863 0.177882 0.121951 0.0574981 0.0192581 0.00624265 0.00541234 0.00919677 0.0151329 0.0218575 0.0276172 0.0306597 0.0301613 0.0266922 0.021789 0.0170007 0.0131631 0.0103254 0.00814322
 1.03677e-16 3.40044e-05 0.000330535 0.00219653 0.00998512 0.0310677 0.0661948 0.0966234 0.0966724 0.066434 0.031871 0.0123051 0.00801923 0.013039 0.0241621 0.0398709 0.0573842 0.0720589 0.0791753 0.0765452 0.0658066 0.0513007 0.0374776 0.0268497 0.0196711 0.0149249
 1.09748e-16 3.37786e-05 0.00032834 0.00218194 0.0099188 0.0308613 0.0657544 0.0959776 0.0960117 0.0659208 0.0314208 0.0115381 0.0062585 0.00926714 0.0171262 0.028562 0.0418451 0.0540867 0.0623094 0.0650613 0.0631264 0.0586866 0.05369 0.0488091 0.043634 0.03759
 1.12358e-16 4.29151e-05 0.00041715 0.00277211 0.0126016 0.0392085 0.0835388 0.121933 0.12196 0.0836712 0.0396536 0.0138892 0.00601131 0.00751289 0.0135921 0.0225966 0.0330096 0.0425017 0.0487308 0.0506534 0.0490999 0.046059 0.0432655 0.0412377 0.0393616 0.0366798
 1.04252e-16 6.62606e-05 0.000644077 0.00428012 0.0194568 0.0605374 0.128982 0.188255 0.188269 0.129046 0.0607523 0.020078 0.00584102 0.00405668 0.00656281 0.0107859 0.0156297 0.0198681 0.0223026 0.022396 0.0205844 0.0179525 0.0155379 0.0138133 0.0126525 0.0116497
 1.00503e-16 7.57468e-05 0.000736286 0.00489288 0.0222423 0.0692041 0.147447 0.215205 0.215212 0.147481 0.0693183 0.0225719 0.00571972 0.0025401 0.00349807 0.00565409 0.00811644 0.0101622 0.0111114 0.0106529 0.00902846 0.00687357 0.00484439 0.00331838 0.0023396 0.00175482
 1.003e-16 6.88755e-05 0.000669494 0.00444903 0.0202246 0.0629264 0.134072 0.195685 0.1957 0.134146 0.0631742 0.0209399 0.00624322 0.00458185 0.00748626 0.0122334 0.017536 0.0218831 0.0237852 0.0225557 0.018725 0.013701 0.00895704 0.00537042 0.00308659 0.00179961
 1.01104e-16 5.21356e-05 0.000506777 0.00336771 0.0153091 0.0476326 0.101487 0.148131 0.148163 0.101645 0.0481622 0.0168385 0.00720506 0.00887864 0.0159366 0.0262236 0.0376748 0.0471706 0.0515617 0.0493833 0.0417264 0.0315092 0.0217627 0.0142583 0.00926171 0.00615197
 1.02022e-16 6.12812e-05 0.000595675 0.00395847 0.0179947 0.0559882 0.119289 0.17411 0.17413 0.119384 0.0563054 0.0189114 0.00626123 0.00562787 0.00963364 0.0158688 0.0229443 0.0290384 0.0323251 0.0319408 0.0284664 0.023479 0.0185608 0.0145554 0.0115043 0.00906526
 1.00201e-16 7.97241e-05 0.000774947 0.00514979 0.0234102 0.0728379 0.155189 0.226503 0.226506 0.155202 0.0728819 0.0235375 0.00546915 0.00147193 0.00140291 0.00219176 0.00314635 0.00394955 0.00433763 0.0041904 0.0035981 0.00279958 0.00203975 0.001457 0.00106529 0.000808294
 1.00048e-16 7.79153e-05 0.000757365 0.00503295 0.0228791 0.0711853 0.151668 0.221365 0.22137 0.151693 0.0712693 0.0231214 0.00564054 0.00208192 0.00258814 0.00414136 0.00592521 0.00738138 0.0079996 0.00754667 0.00620522 0.00445901 0.00281637 0.00158294 0.000812385 0.000399622
 1.00665e-16 3.07101e-05 0.000298513 0.00198373 0.00901777 0.0280579 0.0597826 0.0872667 0.0873254 0.0600694 0.0290206 0.0117967 0.00895345 0.0154946 0.0288352 0.0474754 0.0680426 0.0848381 0.0920733 0.0870752 0.0719169 0.0521034 0.0334113 0.0193019 0.0103764 0.00545226
 1.01778e-16 7.19257e-05 0.000699143 0.00464605 0.0211203 0.0657131 0.140009 0.204349 0.204355 0.140042 0.0658247 0.0214436 0.00546106 0.00248932 0.00350395 0.00576228 0.00848673 0.0110709 0.0129313 0.0137698 0.0136992 0.0130784 0.0122087 0.0111634 0.00985837 0.00824264
 1.00832e-16 6.6383e-05 0.000645267 0.00428803 0.0194928 0.0606493 0.12922 0.188605 0.188622 0.129306 0.0609355 0.020319 0.00636073 0.00516534 0.00863716 0.0141382 0.0202771 0.0253252 0.0275723 0.0262358 0.0219365 0.0163008 0.0110181 0.00707463 0.0046012 0.00320817
 1.00898e-16 6.33435e-05 0.000615722 0.00409169 0.0186002 0.0578723 0.123304 0.17997 0.17999 0.123401 0.0581997 0.0195457 0.00646431 0.00579289 0.00988889 0.0162298 0.0233296 0.0292427 0.0320271 0.0307795 0.0261679 0.0199796 0.0140649 0.00949574 0.00642253 0.00446121
 1.01028e-16 6.49276e-05 0.000631119 0.00419401 0.0190654 0.0593196 0.126387 0.18447 0.184487 0.126474 0.059612 0.0199101 0.00631406 0.00525829 0.00885 0.0145205 0.0208925 0.0262314 0.0288115 0.0278295 0.0238739 0.0185188 0.0133842 0.00939459 0.00666238 0.00484268
 1.01328e-16 5.91429e-05 0.000574891 0.00382035 0.0173668 0.0540346 0.115127 0.168037 0.168061 0.115245 0.0544287 0.0185049 0.00667658 0.00680794 0.0118905 0.0195468 0.0281113 0.0352624 0.0386711 0.0372549 0.031817 0.0244989 0.0175089 0.0121137 0.00847206 0.00610903
 1.03887e-16 3.11282e-05 0.000302577 0.00201073 0.00914053 0.0284398 0.060596 0.0884522 0.0885027 0.0608427 0.0292683 0.0115334 0.00801799 0.0134188 0.0249479 0.0412113 0.0593993 0.0747642 0.0824662 0.0802411 0.0697158 0.055251 0.0412976 0.0303423 0.0226264 0.01718
 1.0225e-16 7.2284e-05 0.000702626 0.0046692 0.0212255 0.0660404 0.140706 0.205366 0.205373 0.140739 0.06615 0.0215428 0.00546847 0.00245656 0.00343005 0.00562589 0.00825989 0.0107263 0.01245 0.0131518 0.0129773 0.0123284 0.011548 0.0107264 0.00975355 0.00850963
 1.00908e-16 6.51655e-05 0.000633432 0.00420938 0.0191352 0.0595369 0.12685 0.185146 0.185165 0.126942 0.0598457 0.0200267 0.00644547 0.00550972 0.0093111 0.0152508 0.0218715 0.0273127 0.0297283 0.0282736 0.0236184 0.0175198 0.0118043 0.0075404 0.00487355 0.00338469
 1.0227e-16 3.80277e-05 0.000369643 0.00245641 0.0111665 0.0347434 0.0740262 0.108053 0.108099 0.0742509 0.0354979 0.0133456 0.007925 0.0123038 0.0226917 0.0374227 0.0538299 0.0675275 0.0740572 0.0713391 0.0608988 0.0468247 0.0333401 0.0228797 0.0157721 0.0111411
 1.01958e-16 7.05799e-05 0.000686062 0.00455912 0.0207251 0.0644836 0.137389 0.200526 0.200535 0.137433 0.0646293 0.0211466 0.00561963 0.00300933 0.00450677 0.00740103 0.0107989 0.0138794 0.0158454 0.0163115 0.0154965 0.0140085 0.0124132 0.0109451 0.00953691 0.00804476
 1.01375e-16 5.75034e-05 0.000558954 0.00371445 0.0168854 0.0525367 0.111936 0.16338 0.163406 0.112067 0.0529774 0.0181577 0.00690626 0.00752036 0.0132599 0.0217817 0.0312583 0.0390706 0.0425926 0.0406192 0.0340964 0.0255104 0.0174402 0.0113868 0.0075474 0.00533222
 1.03361e-16 3.98216e-05 0.00038708 0.00257228 0.0116933 0.0363823 0.0775178 0.113148 0.113189 0.0777188 0.0370573 0.0136433 0.00746866 0.0110806 0.0203623 0.0336342 0.0485244 0.0611736 0.0676527 0.0661135 0.0578489 0.0463498 0.0351684 0.0262742 0.0198512 0.0151481
 1.04025e-16 5.96916e-05 0.000580224 0.00385579 0.0175279 0.0545359 0.116195 0.169594 0.169611 0.116281 0.054824 0.0183611 0.00595132 0.00516819 0.00881239 0.0145768 0.0212321 0.0271996 0.0308959 0.0315679 0.0296871 0.026524 0.0232729 0.0204478 0.0179133 0.0153252
 1.03029e-16 5.52023e-05 0.000536586 0.0035658 0.0162096 0.0504344 0.107457 0.156842 0.156869 0.107588 0.0508743 0.0174804 0.0067552 0.00749817 0.013274 0.0218511 0.0314585 0.0395343 0.0435066 0.0421958 0.0365169 0.0288547 0.021633 0.0161876 0.0125947 0.010228
 1.03703e-16 4.66178e-05 0.000453142 0.00301129 0.0136889 0.0425914 0.0907468 0.132455 0.132489 0.0909124 0.0431476 0.0152959 0.00704644 0.00926659 0.0167985 0.0277326 0.040026 0.0504988 0.0559281 0.0548069 0.0482119 0.0390185 0.0301333 0.0231377 0.018128 0.0144294
 1.00887e-16 7.63678e-05 0.000742322 0.00493299 0.0224247 0.0697715 0.148656 0.216968 0.216974 0.148681 0.0698559 0.0226688 0.00554653 0.00208384 0.00263044 0.00424418 0.00614472 0.00780676 0.0087488 0.00874641 0.00795312 0.00677795 0.00562164 0.00468283 0.00394862 0.00331316
pSPR Fmed_Fpbrs
0.546136   0.215857 0.215857
Fs Fmed_Fpbrs
0.34   1.005 1.005
SSBpbr Bo_Bmed_Bpbrs
452672  224587  75078.9 75078.9
Ro
90516.6
SPR SPRFo_SPRFmed_SPRFpbrs
652112 356142 140763
Fref
1.005
Nvult_r0
 93146.1 3334.7 994.215 197.423 36.5319
CTP_r0
 41037.9 1671.51 498.347 98.9579 18.3115
YTP_r0
354333
Np
 75782.8 12683.7 2504.19 69.2742 23.4348
Nvult_p0
 63099.1 10975.7 2166.98 59.9457 20.279
CTP_p0
 27799.9 8066.16 223.136 66.5263 14.9738
 27799.9 5501.56 1086.19 30.0476 10.1648
YTP_p0
 358348 333058
CBA_c0
355538
log_Ro
11.2333
likeval ReclasPelacesDesembMPH_pf_preclas_ppelaces_ptallas_desvR_qrecl_qpela
 28.0986 0.00042826 0.021523 56.2258 262.445 141.137 119.677 0 24.4657 0.000152875 0.000219896 0.0243712 0 0 0
q_reclas_q_pelaces
5.74639 8.14271
M
1
N
 142460 25660 29534.6 2648.46 0.145419
 95381.8 36331 5914.36 6807.4 610.474
 84747.2 17751.1 5601.74 911.914 1143.74
 127789 15840.9 2752.26 868.535 318.723
 91801.7 22149.9 2230.58 387.55 167.18
 196063 26638 6019.62 606.199 150.757
 68821.2 51653.1 6399.76 1446.21 181.858
 23960.4 10653.6 6296.14 780.085 198.45
 23076.5 7417.86 3144.83 1858.55 288.852
 31287.7 3856.55 996.992 422.679 288.62
 52165.7 2186.2 170.347 44.038 31.4187
 130015 14485.9 561.728 43.7694 19.388
 70900.1 22678.4 2056.27 79.737 8.96516
 46114.2 11455.2 2919.45 264.709 11.4189
 64964.1 1167.51 138.52 35.303 3.33903
 276033 9090.12 125.096 14.8422 4.14041
 55005.2 51073.7 1391.22 19.1456 2.90523
 244632 11666.2 9304.25 253.442 4.01706
 288747 41316.5 1589.23 1267.48 35.0725
 228428 37232.8 3988.58 153.42 125.745
 272671 36606.2 4743.33 508.132 35.5646
 259802 55790.7 6369.85 825.389 94.6088
 43535.5 37840.3 6291.75 718.354 103.752
 127864 5953.38 3937.38 654.672 85.5421
 149440 21867.4 824.072 545.015 102.461
 43717.8 26387.4 3152.92 118.817 93.3553
 133922 8188.12 4101.79 490.104 32.9812
 121609 27222.3 1412.94 707.802 90.2632
 54518.5 27343.1 5342.78 277.31 156.632
 80622.8 11446.5 4917.25 960.819 78.0379
 65756.3 16979.8 2066.64 887.798 187.563
 24722.6 9343 1855.26 225.807 117.497
 111870 3853.63 1148.93 228.146 42.2168
pred_Ctot
 28457.7 6290.82 7240.7 649.296 0.0356509
 31461.6 14292.9 2326.76 2678.09 240.166
 27819.2 6952.35 2193.97 357.159 447.953
 45361.7 6667.45 1158.43 365.567 134.151
 12497.3 3749.14 377.553 65.5975 28.2972
 36147.7 6046.71 1366.43 137.604 34.2212
 26988.7 23805.7 2949.5 666.525 83.8143
 2433.88 1354.76 800.642 99.1987 25.2357
 8476.8 3221.48 1365.76 807.142 125.445
 18165.4 2504.61 647.49 274.506 187.442
 8271.14 429.045 33.4308 8.6425 6.16594
 45869.5 6062.92 235.105 18.3192 8.11465
 26833.5 10120.5 917.633 35.5836 4.00081
 32720.4 8753.57 2230.92 202.279 8.72581
 27463.2 575.704 68.3052 17.4081 1.64649
 91630.7 3597.21 49.5039 5.87345 1.63848
 15391.6 17239.6 469.596 6.46246 0.98064
 88996.8 5021.9 4005.17 109.099 1.72921
 128727 21360.9 821.644 655.295 18.1328
 87058.4 16721.3 1791.28 68.9011 56.4721
 80190.6 12945 1677.38 179.69 12.5767
 106749 26817.7 3061.88 396.75 45.4769
 18693 18920.6 3145.95 359.185 51.8771
 45974.6 2535.42 1676.85 278.811 36.4306
 52088 9051.25 341.096 225.59 42.4102
 14318.9 10313.5 1232.32 46.4399 36.488
 39728.7 2919.11 1462.31 174.725 11.758
 31099.9 8442.41 438.192 219.509 27.9932
 15476.9 9355.01 1827.95 94.8771 53.5892
 22787.5 3900.2 1675.47 327.383 26.5901
 27503.1 8293.2 1009.38 433.615 91.6089
 9641.25 4284.31 850.744 103.545 53.8792
 41292.1 1680.95 501.164 99.5172 18.415
F
 0.366388 0.467551 0.467551 0.467551 0.467551
 0.681441 0.869593 0.869593 0.869593 0.869593
 0.677078 0.864025 0.864025 0.864025 0.864025
 0.752547 0.960332 0.960332 0.960332 0.960332
 0.237292 0.30281 0.30281 0.30281 0.30281
 0.333889 0.426078 0.426078 0.426078 0.426078
 0.865611 1.10461 1.10461 1.10461 1.10461
 0.17251 0.220141 0.220141 0.220141 0.220141
 0.789042 1.0069 1.0069 1.0069 1.0069
 1.66106 2.11969 2.11969 2.11969 2.11969
 0.281249 0.358904 0.358904 0.358904 0.358904
 0.746241 0.952284 0.952284 0.952284 0.952284
 0.822827 1.05002 1.05002 1.05002 1.05002
 2.67625 3.41518 3.41518 3.41518 3.41518
 0.966647 1.23355 1.23355 1.23355 1.23355
 0.687252 0.877008 0.877008 0.877008 0.877008
 0.550736 0.702799 0.702799 0.702799 0.702799
 0.778495 0.993444 0.993444 0.993444 0.993444
 1.04836 1.33783 1.33783 1.33783 1.33783
 0.831002 1.06045 1.06045 1.06045 1.06045
 0.58666 0.748641 0.748641 0.748641 0.748641
 0.926543 1.18237 1.18237 1.18237 1.18237
 0.989618 1.26286 1.26286 1.26286 1.26286
 0.765967 0.977457 0.977457 0.977457 0.977457
 0.734004 0.936669 0.936669 0.936669 0.936669
 0.675072 0.861465 0.861465 0.861465 0.861465
 0.593221 0.757015 0.757015 0.757015 0.757015
 0.492349 0.62829 0.62829 0.62829 0.62829
 0.560858 0.715716 0.715716 0.715716 0.715716
 0.557759 0.711761 0.711761 0.711761 0.711761
 0.951328 1.214 1.214 1.214 1.214
 0.858702 1.0958 1.0958 1.0958 1.0958
 0.794367 1.0137 1.0137 1.0137 1.0137
YTP_r0W_actual
 309426 29167.8 11995.2 3099.36 645.481
YTP_p0W_proyectada
 209611 140755 5370.89 2083.6 527.826
 209611 96002.2 26144.6 941.09 358.309
CTP_r0_actual
 41037.9 1671.51 498.347 98.9579 18.3115
CTP_p0_proyectada
 27799.9 8066.16 223.136 66.5263 14.9738
 27799.9 5501.56 1086.19 30.0476 10.1648
Wmedp
 7.54 17.45 24.07 31.32 35.25
Frms_r0
 0.787551 1.005 1.005 1.005 1.005
Zrms_r0
 1.78755 2.005 2.005 2.005 2.005
nmprior
 7.29 8.9 8.7 0
nm_flota  nm_reclas  nm_pelaces    nm_pelaL
inf 10.8616 9.21032 22.3864
cv_recla  cv_pelaces  cv_mph
0.459064 0.755654 0.601208
 ------------------------------------------------
Talla a la edad & desviaci?n 
 8 13.2811 15.8009 17.003 17.5766
 0.8 1.32811 1.58009 1.7003 1.75766
