years
 1991 1992 1993 1994 1995 1996 1997 1998 1999 2000 2001 2002 2003 2004 2005 2006 2007 2008 2009 2010 2011 2012 2013 2014 2015 2016 2017 2018 2019 2020 2021 2022
reclasobs
 0 0 0 0 0 0 0 0 0 252601 567819 844713 477998 351125 339783 2.1784e+06 2.13404e+06 4.81314e+06 1.55562e+06 2.62356e+06 3.21686e+06 3.843e+06 1.13348e+06 3.07943e+06 1.97215e+06 2.03268e+06 2.025e+06 2.42433e+06 2.27542e+06 1.05018e+06 2.36338e+06 3.18982e+06
reclaspred
 3.4294e+06 1.85856e+06 941267 975466 997730 1.76427e+06 953570 818072 568255 372279 612976 981951 751048 251420 685887 1.96027e+06 1.83244e+06 2.60724e+06 1.77401e+06 1.47804e+06 3.05547e+06 2.50932e+06 1.72544e+06 2.79549e+06 2.20031e+06 1.92621e+06 2.44174e+06 2.82199e+06 2.36889e+06 1.85213e+06 1.67701e+06 1.70437e+06
pelacesobs
 0 0 0 0 0 0 0 0 0 0 0 0 0 0 0 552880 188675 0 991730 2.46772e+06 1.41603e+06 1.21717e+06 2.29649e+06 1.80582e+06 0 1.4828e+06 1.56532e+06 1.57751e+06 1.42118e+06 867257 1.10002e+06 1.06204e+06
pelacespred
 1.88715e+06 1.10941e+06 541850 446653 507578 913463 437555 506027 315696 185206 330026 459462 380264 98227.3 359643 892342 893783 1.34616e+06 901149 646636 1.51352e+06 1.26334e+06 930577 1.62559e+06 1.22267e+06 1.09481e+06 1.56936e+06 1.6217e+06 1.29531e+06 1.14069e+06 886663 941290
mphobs
 0 0 0 0 0 0 0 0 0 0 0 0 498337 0 5186 125008 0 168611 109162 213762 579715 649985 157893 87575 83554 210694 70296 0 107559 103333 445601 22526
mphpred
 589219 394947 187232 104392 114662 140877 194372 99089.8 90311.3 54016.9 32285.6 86663.7 117861 57111 12467.9 71354.3 263012 234519 241820 319981 408966 615512 109398 81858.1 131950 112036 94184.5 112334 168205 127582 83338.2 85608.7
desembarqueobs
 494567 514787 250237 358949 120608 361735 552515 73892 212993 205616 52469 317467 293654 387597 252695 516296 358380 742168 942051 627588 828172 859565 418607 520667 417249 300574 415391 372974 316634 284311 391294 218835
desembarquepred
 494568 514004 250596 358981 120613 361738 552528 73897.5 213058 205673 52470.4 317451 293800 387934 252618 516171 358375 742102 941594 627304 828149 859553 418666 520690 417197 300584 415376 372932 316581 284230 391301 218844
Reclutas
 165363 90961.3 91736 135268 110115 202262 78482.6 33083.9 32069.5 43700.2 95455.6 156357 69759.9 37970.3 97896.7 423032 84035.6 338485 264701 261796 368233 431643 70794.4 237961 237988 85466.7 219998 260451 103471 107157 125738 80272.1
log_desv_Rt
 0.270432 -0.327276 -0.318795 0.0695501 -0.136185 0.471854 -0.474834 -1.33866 -1.36981 -1.06036 -0.279049 0.214429 -0.592651 -1.20091 -0.253797 1.20974 -0.40647 0.98677 0.740891 0.729856 1.07101 1.22989 -0.57793 0.634399 0.63451 -0.389584 0.55591 0.724705 -0.19842 -0.163417 -0.00351171 -0.452288
SSB
 1.78472e+06 1.19628e+06 567118 316200 347307 426711 588745 300139 273550 163615 97791.8 262501 339885 167661 36464.8 209624 796655 710348 760687 454577 595576 944063 872524 624418 940144 848343 670844 769135 1.19436e+06 851828 638714 670065
BT
 2.57063e+06 1.76741e+06 858868 830246 696782 1.42171e+06 999582 668755 585917 418787 452036 822674 713733 515753 704166 1.53678e+06 1.3283e+06 2.29255e+06 2.00875e+06 1.30921e+06 2.5614e+06 2.2981e+06 1.45043e+06 2.48835e+06 1.82894e+06 1.55037e+06 2.3461e+06 2.31984e+06 1.76063e+06 1.60977e+06 1.40383e+06 1.29565e+06
Ftot
 0.23248 0.429145 0.422737 0.637563 0.20999 0.375475 0.881329 0.155226 0.629272 0.911089 0.170907 0.579356 0.637214 2.12758 0.751406 0.528056 0.318459 0.511943 0.890416 0.759293 0.499476 0.597436 0.387311 0.350519 0.327254 0.258428 0.316286 0.25015 0.213144 0.258491 0.409488 0.216329
BD_Bspro_t
 0.963487 0.755647 0.536164 0.435333 0.430835 0.531793 0.534479 0.332466 0.389154 0.318666 0.27241 0.587901 0.501768 0.285429 0.0887299 0.352467 0.553193 0.499279 0.460873 0.318452 0.332262 0.42639 0.430121 0.389847 0.525423 0.557113 0.555152 0.617968 0.697567 0.630562 0.58918 0.574189
BD_Bspro
 1.965 1.31712 0.624402 0.348139 0.382388 0.469813 0.648214 0.330456 0.301181 0.180142 0.10767 0.289016 0.374216 0.184596 0.0401481 0.230798 0.877125 0.7821 0.837524 0.500493 0.655735 1.03942 0.960657 0.68749 1.03511 0.934034 0.738605 0.846826 1.315 0.937871 0.703231 0.737748
BD_Bo
 1.51074 1.01263 0.480057 0.267659 0.29399 0.361205 0.498364 0.254063 0.231556 0.138498 0.0827793 0.222203 0.287707 0.141922 0.0308669 0.177444 0.674357 0.601299 0.64391 0.384793 0.504146 0.799136 0.738579 0.528561 0.795818 0.71811 0.567859 0.651062 1.01101 0.72106 0.540662 0.5672
BD_Brms
 8.0693 5.40876 2.56412 1.42964 1.57028 1.9293 2.6619 1.35703 1.2368 0.739756 0.442148 1.18685 1.53673 0.758047 0.164869 0.947778 3.60193 3.21171 3.43931 2.05529 2.69279 4.26841 3.94496 2.82319 4.25069 3.83563 3.0331 3.47751 5.40009 3.85139 2.88783 3.02958
Sel_flota
 0.688027 1 1 1 1
 0.688027 1 1 1 1
 0.688027 1 1 1 1
 0.688027 1 1 1 1
 0.688027 1 1 1 1
 0.688027 1 1 1 1
 0.688027 1 1 1 1
 0.688027 1 1 1 1
 0.688027 1 1 1 1
 0.688027 1 1 1 1
 0.688027 1 1 1 1
 0.688027 1 1 1 1
 0.688027 1 1 1 1
 0.688027 1 1 1 1
 0.688027 1 1 1 1
 0.688027 1 1 1 1
 0.688027 1 1 1 1
 0.688027 1 1 1 1
 0.688027 1 1 1 1
 0.688027 1 1 1 1
 0.688027 1 1 1 1
 0.688027 1 1 1 1
 0.688027 1 1 1 1
 0.688027 1 1 1 1
 0.688027 1 1 1 1
 0.688027 1 1 1 1
 0.688027 1 1 1 1
 0.688027 1 1 1 1
 0.688027 1 1 1 1
 0.688027 1 1 1 1
 0.688027 1 1 1 1
 0.688027 1 1 1 1
Sel_reclas
 1 1 1 1 1
 1 1 1 1 1
 1 1 1 1 1
 1 1 1 1 1
 1 1 1 1 1
 1 1 1 1 1
 1 1 1 1 1
 1 1 1 1 1
 1 1 1 1 1
 1 1 1 1 1
 1 1 1 1 1
 1 1 1 1 1
 1 1 1 1 1
 1 1 1 1 1
 1 1 1 1 1
 1 1 1 1 1
 1 1 1 1 1
 1 1 1 1 1
 1 1 1 1 1
 1 1 1 1 1
 1 1 1 1 1
 1 1 1 1 1
 1 1 1 1 1
 1 1 1 1 1
 1 1 1 1 1
 1 1 1 1 1
 1 1 1 1 1
 1 1 1 1 1
 1 1 1 1 1
 1 1 1 1 1
 1 1 1 1 1
 1 1 1 1 1
Sel_pelaces
 0.867883 0.97064 0.994025 0.998807 0.999763
 0.867883 0.97064 0.994025 0.998807 0.999763
 0.867883 0.97064 0.994025 0.998807 0.999763
 0.867883 0.97064 0.994025 0.998807 0.999763
 0.867883 0.97064 0.994025 0.998807 0.999763
 0.867883 0.97064 0.994025 0.998807 0.999763
 0.867883 0.97064 0.994025 0.998807 0.999763
 0.867883 0.97064 0.994025 0.998807 0.999763
 0.867883 0.97064 0.994025 0.998807 0.999763
 0.867883 0.97064 0.994025 0.998807 0.999763
 0.867883 0.97064 0.994025 0.998807 0.999763
 0.867883 0.97064 0.994025 0.998807 0.999763
 0.867883 0.97064 0.994025 0.998807 0.999763
 0.867883 0.97064 0.994025 0.998807 0.999763
 0.867883 0.97064 0.994025 0.998807 0.999763
 0.867883 0.97064 0.994025 0.998807 0.999763
 0.867883 0.97064 0.994025 0.998807 0.999763
 0.867883 0.97064 0.994025 0.998807 0.999763
 0.867883 0.97064 0.994025 0.998807 0.999763
 0.867883 0.97064 0.994025 0.998807 0.999763
 0.867883 0.97064 0.994025 0.998807 0.999763
 0.867883 0.97064 0.994025 0.998807 0.999763
 0.867883 0.97064 0.994025 0.998807 0.999763
 0.867883 0.97064 0.994025 0.998807 0.999763
 0.867883 0.97064 0.994025 0.998807 0.999763
 0.867883 0.97064 0.994025 0.998807 0.999763
 0.867883 0.97064 0.994025 0.998807 0.999763
 0.867883 0.97064 0.994025 0.998807 0.999763
 0.867883 0.97064 0.994025 0.998807 0.999763
 0.867883 0.97064 0.994025 0.998807 0.999763
 0.867883 0.97064 0.994025 0.998807 0.999763
 0.867883 0.97064 0.994025 0.998807 0.999763
pf_obs 
 0.8446 0.082 0.0669 0.0065 0
 0.8095 0.147 0.0364 0.0071 0
 0.9664 0.0169 0.016 0.0007 0
 0.9276 0.0648 0.0075 0.0001 0
 0.7033 0.2144 0.0806 0.0017 0
 0.9318 0.0425 0.0243 0.0014 0
 0.5671 0.3108 0.0964 0.0239 0.0018
 0.0768 0.2599 0.5324 0.112 0.0189
 0.490249 0.384438 0.106611 0.0170017 0.00170017
 0.7925 0.1577 0.0466 0.003 0.0002
 0.840416 0.127587 0.0312969 0.00059994 9.999e-05
 0.8084 0.0986 0.0794 0.0134 0.0002
 0.7335 0.1905 0.0724 0.0035 0.0001
 0.4001 0.4547 0.1325 0.0127 0
 0.49795 0.308269 0.164784 0.0264974 0.00249975
 0.9179 0.0499 0.0305 0.0017 0
 0.2467 0.6533 0.0926 0.0074 0
 0.9418 0.0223 0.034 0.0019 0
 0.707729 0.231977 0.0356964 0.0245975 0
 0.517169 0.277429 0.184464 0.0207286 0.00020938
 0.811772 0.124168 0.05621 0.00726502 0.000585176
 0.764997 0.148141 0.077277 0.00933861 0.000247198
 0.163321 0.427699 0.378323 0.0303852 0.000271297
 0.753843 0.0900009 0.118128 0.0371064 0.000921714
 0.721811 0.176058 0.0630433 0.0369309 0.00215725
 0.143369 0.312575 0.442814 0.0836902 0.0175525
 0.692698 0.0596174 0.167031 0.0765114 0.00414204
 0.394062 0.376323 0.152708 0.0712218 0.00568511
 0.125707 0.32114 0.495352 0.0537591 0.00404204
 0.23352 0.215282 0.420074 0.123614 0.00750983
 0.796117 0.104755 0.0508955 0.0450114 0.00322123
 0.162477 0.292055 0.404252 0.121198 0.0200186
pf_pred 
 0.498616 0.143116 0.334476 0.0237917 8.70522e-07
 0.433443 0.340784 0.0644451 0.150614 0.0107138
 0.593303 0.222387 0.110863 0.0209651 0.0524828
 0.734756 0.184815 0.0439797 0.0219244 0.0145252
 0.665322 0.274459 0.0419592 0.00998488 0.0082753
 0.757192 0.182172 0.0497255 0.00760203 0.00330832
 0.462633 0.445765 0.0687266 0.0187595 0.00411605
 0.468849 0.317957 0.176852 0.0272665 0.00907561
 0.552784 0.254474 0.115379 0.0641755 0.0131877
 0.744643 0.171086 0.0479516 0.0217414 0.0145779
 0.867193 0.110979 0.0146246 0.00409895 0.0031046
 0.770063 0.208637 0.0177986 0.00234545 0.00115529
 0.530925 0.396288 0.0660446 0.00563417 0.00110817
 0.554975 0.289536 0.131362 0.0218925 0.00223495
 0.944129 0.0415384 0.00932505 0.00423075 0.00077707
 0.933097 0.0646333 0.0016877 0.000378877 0.000203467
 0.347289 0.624862 0.0269039 0.000702513 0.000242403
 0.818062 0.082031 0.0956443 0.00411803 0.000144633
 0.668816 0.290846 0.0181875 0.0212057 0.000945095
 0.743475 0.199586 0.0500042 0.00312691 0.00380832
 0.796356 0.169078 0.0268936 0.00673791 0.000934501
 0.74096 0.223335 0.0296447 0.00471529 0.00134521
 0.28549 0.588437 0.108696 0.0144279 0.00294961
 0.767191 0.0895384 0.117991 0.0217951 0.00348445
 0.674658 0.272158 0.0204548 0.0269546 0.00577505
 0.398418 0.458537 0.119662 0.00899353 0.0143905
 0.750351 0.125459 0.0946601 0.0247029 0.00482739
 0.700252 0.246566 0.0267265 0.0201654 0.00629082
 0.414405 0.457112 0.105687 0.0114559 0.0113401
 0.544934 0.235241 0.171594 0.0396735 0.00855733
 0.640417 0.232369 0.0657615 0.047969 0.0134829
 0.545054 0.335159 0.0774089 0.0219071 0.0204714
pobs_RECLAS
 0 0 0 0 0
 0 0 0 0 0
 0 0 0 0 0
 0 0 0 0 0
 0 0 0 0 0
 0 0 0 0 0
 0 0 0 0 0
 0 0 0 0 0
 0 0 0 0 0
 0 0 0 0 0
 0.991045 0.00858322 0.000360255 1.14367e-05 0
 0.934742 0.0480273 0.0164251 0.00080598 0
 0.827803 0.169806 0.00239088 0 0
 0.941827 0.0461693 0.0120037 0 0
 0.791401 0.0380133 0.147996 0.0225897 0
 0.846168 0.0940531 0.0597789 0 0
 0.134021 0.677848 0.182769 0.00536245 0
 0.80878 0.0450904 0.141981 0.00414843 0
 0.846168 0.0940531 0.0597789 0 0
 0.905697 0.0802665 0.012482 0.00150086 5.37128e-05
 0.989698 0.0102097 9.19794e-05 0 0
 0.975433 0.0193895 0.00387452 0.00125025 5.28907e-05
 0.303575 0.632131 0.0575291 0.00676475 0
 0.966965 0.00978017 0.0227588 0.000495775 0
 0.843318 0.132988 0.00938335 0.0141283 0.000182051
 0.564624 0.303363 0.111486 0.0197234 0.00080311
 0.826376 0.0876187 0.0782897 0.00655872 0.00115652
 0.89761 0.0855135 0.0140674 0.00269457 0.000114338
 0.34875 0.467042 0.161289 0.0227151 0.000203297
 0.318654 0.224769 0.449479 0.00709798 0
 0.937255 0.0296025 0.0250945 0.00804832 0
 0.456809 0.399803 0.12412 0.0192676 0
ppred_RECLAS
 0.592776 0.116239 0.271661 0.0193236 7.07037e-07
 0.530177 0.282598 0.0534417 0.124898 0.0088845
 0.682662 0.173524 0.0865039 0.0163586 0.0409512
 0.804923 0.135924 0.0323453 0.0161246 0.0106827
 0.744085 0.209867 0.0320845 0.00763503 0.00632779
 0.821093 0.134229 0.036639 0.00560137 0.00243765
 0.565186 0.360694 0.0556106 0.0151794 0.00333053
 0.56307 0.261554 0.14548 0.0224297 0.00746569
 0.647934 0.200332 0.0908308 0.0505215 0.0103819
 0.81518 0.123827 0.0347061 0.0157358 0.0105511
 0.905104 0.0792992 0.0104499 0.00292887 0.00221837
 0.832609 0.151885 0.0129571 0.00170746 0.000841034
 0.627687 0.31454 0.0524208 0.00447194 0.000879571
 0.675285 0.211261 0.0958486 0.015974 0.00163074
 0.962011 0.0282438 0.00634051 0.00287667 0.000528364
 0.95384 0.0445942 0.00116444 0.000261408 0.000140384
 0.438607 0.537441 0.0231399 0.000604228 0.000208489
 0.869397 0.0588855 0.0686577 0.00295611 0.000103824
 0.753128 0.216803 0.0135574 0.0158072 0.000704495
 0.812913 0.14556 0.0364686 0.00228049 0.00277745
 0.852641 0.122347 0.0194605 0.00487564 0.000676216
 0.809601 0.164155 0.0217895 0.00346583 0.000988759
 0.370405 0.518505 0.0957777 0.0127132 0.00259906
 0.828912 0.0658006 0.0867096 0.0160169 0.00256068
 0.752842 0.206754 0.0155392 0.0204771 0.00438722
 0.492464 0.386853 0.100955 0.00758756 0.0121408
 0.81526 0.0928394 0.0700482 0.0182801 0.00357226
 0.773838 0.186035 0.0201653 0.0152149 0.00474646
 0.508632 0.383559 0.0886809 0.00961258 0.00951537
 0.636948 0.187676 0.136898 0.0316516 0.00682705
 0.724124 0.178276 0.0504529 0.0368023 0.0103442
 0.636715 0.267632 0.0618129 0.0174933 0.0163469
pobs_PELACES
 0 0 0 0 0
 0 0 0 0 0
 0 0 0 0 0
 0 0 0 0 0
 0 0 0 0 0
 0 0 0 0 0
 0 0 0 0 0
 0 0 0 0 0
 0 0 0 0 0
 0 0 0 0 0
 0 0 0 0 0
 0 0 0 0 0
 0 0 0 0 0
 0 0 0 0 0
 0 0 0 0 0
 0 0 0 0 0
 0.505614 0.472636 0.0217494 0 0
 0 0 0 0 0
 0.443492 0.261883 0.143347 0.151278 0
 0.227955 0.32914 0.350689 0.0885471 0.00366901
 0.970185 0.0296113 0.000203453 0 0
 0.997202 0.00247181 0.000326279 0 0
 0.445219 0.490057 0.0546422 0.010081 0
 0.90214 0.0892962 0.00764917 0.000914606 0
 0 0 0 0 0
 0.581667 0.319106 0.0959925 0.00289975 0.000334073
 0.762889 0.0836404 0.116647 0.0363945 0.000428098
 0.88444 0.0763242 0.0277011 0.0115352 0
 0.521256 0.241999 0.230069 0.00667565 0
 0.616807 0.101726 0.260614 0.0208532 0
 0.833518 0.0704572 0.0857862 0.0102388 0
 0.697417 0.212968 0.0787535 0.0105354 0.000325836
ppred_PELACES
 0.567139 0.121437 0.290649 0.0207736 7.60822e-07
 0.510543 0.291199 0.0563949 0.132434 0.00942957
 0.66503 0.181005 0.0924072 0.0175591 0.0439984
 0.796261 0.140828 0.0343197 0.0171911 0.0114002
 0.725601 0.223989 0.0350685 0.00838527 0.00695622
 0.809119 0.142323 0.0397843 0.00611148 0.00266219
 0.558914 0.364321 0.0575231 0.0157769 0.00346496
 0.536868 0.274488 0.156353 0.0242219 0.00806993
 0.634519 0.205648 0.0954878 0.0533673 0.0109772
 0.811113 0.12546 0.0360108 0.0164059 0.0110109
 0.896295 0.0862933 0.0116455 0.00327968 0.00248645
 0.824866 0.158545 0.0138511 0.00183404 0.000904249
 0.615906 0.323261 0.0551722 0.0047293 0.00093108
 0.696498 0.195759 0.0909552 0.0152314 0.00155642
 0.960478 0.0291898 0.00671076 0.0030593 0.000562445
 0.951199 0.0471044 0.00125962 0.000284136 0.000152735
 0.418979 0.555655 0.0245005 0.000642834 0.000222023
 0.860948 0.0618692 0.0738746 0.00319602 0.000112358
 0.748734 0.219943 0.0140851 0.0165015 0.000736142
 0.806877 0.149435 0.0383416 0.00240914 0.00293695
 0.844318 0.128706 0.0209652 0.00527788 0.000732705
 0.801165 0.170841 0.0232232 0.00371164 0.0010599
 0.352774 0.530703 0.100393 0.0133899 0.00274003
 0.815607 0.0698436 0.0942549 0.0174944 0.00279957
 0.737145 0.218911 0.0168493 0.0223103 0.00478456
 0.469696 0.401819 0.107387 0.0081098 0.0129889
 0.801025 0.0987501 0.076303 0.0200081 0.00391369
 0.757542 0.198501 0.022035 0.0167056 0.00521647
 0.484779 0.39998 0.0947057 0.010315 0.0102205
 0.61414 0.197066 0.147211 0.0341997 0.00738372
 0.708046 0.186909 0.0541704 0.0397041 0.0111705
 0.614124 0.282341 0.0667812 0.0189903 0.0177627
pobs_pel_tallas
 0 0 0 0 0 0 0 0 0 0 0 0 0 0 0 0 0 0 0 0 0 0 0 0 0 0
 0 0 0 0 0 0 0 0 0 0 0 0 0 0 0 0 0 0 0 0 0 0 0 0 0 0
 0 0 0 0 0 0 0 0 0 0 0 0 0 0 0 0 0 0 0 0 0 0 0 0 0 0
 0 0 0 0 0 0 0 0 0 0 0 0 0 0 0 0 0 0 0 0 0 0 0 0 0 0
 0 0 0 0 0 0 0 0 0 0 0 0 0 0 0 0 0 0 0 0 0 0 0 0 0 0
 0 0 0 0 0 0 0 0 0 0 0 0 0 0 0 0 0 0 0 0 0 0 0 0 0 0
 0 0 0 0 0 0 0 0 0 0 0 0 0 0 0 0 0 0 0 0 0 0 0 0 0 0
 0 0 0 0 0 0 0 0 0 0 0 0 0 0 0 0 0 0 0 0 0 0 0 0 0 0
 0 0 0 0 0 0 0 0 0 0 0 0 0 0 0 0 0 0 0 0 0 0 0 0 0 0
 0 0 0 0 0 0 0 0 0 0 0 0 0 0 0 0 0 0 0 0 0 0 0 0 0 0
 0 0 0 0 0 0 0 0 0 0 0 0 0 0 0 0 0 0 0 0 0 0 0 0 0 0
 0 0 0 0 0 0 0 0 0 0 0 0 0 0 0 0 0 0 0 0 0 0 0 0 0 0
 0.00862536 0 0 0.000197151 0.00414017 0.0128641 0.00837892 0.0270097 0.101434 0.158115 0.152841 0.127902 0.109271 0.109419 0.0830992 0.0579132 0.0238553 0.00714673 0.00463305 0.00128148 0.00103504 0.000492878 0.000147863 0.000147863 4.92878e-05 0
 0 0 0 0 0 0 0 0 0 0 0 0 0 0 0 0 0 0 0 0 0 0 0 0 0 0
 0 0 0 0 0 0 0 0.0054083 0.00873648 0.0413646 0.0450493 0.0745869 0.0622846 0.0627006 0.0613931 0.0827291 0.12552 0.122667 0.0946155 0.0697135 0.0546179 0.0294188 0.0215738 0.0213955 0.0102223 0.00600262
 0 0 0 0 0.00359764 0.0251062 0.0480494 0.140153 0.205849 0.193036 0.1447 0.116669 0.0760912 0.0342217 0.00950174 0.001854 0.000860785 0 0 0 0.000165536 0 0.000143464 0 0 0
 0 0 0 0 0 0 0 0.000145254 0.000435761 0.0275982 0.070085 0.0708112 0.156366 0.174668 0.174014 0.160142 0.0824315 0.0480064 0.0283245 0.00493863 0.00203355 0 0 0 0 0
 0 0 0 0 0 0 0 0 0 0 0 0 0 0 0 0 0 0 0 0 0 0 0 0 0 0
 0 0 1.00437e-05 0.000401748 0.00122533 0.00171747 0.00176769 0.0269171 0.070346 0.194647 0.189555 0.159765 0.064822 0.0314167 0.0384472 0.0292271 0.0345202 0.0313363 0.0194345 0.0106764 0.0143323 0.0359363 0.0279516 0.0138201 0.00172751 0
 0 0.0021121 0.0136068 0.0755702 0.200478 0.177729 0.0527432 0.0373336 0.0318909 0.0142505 0.0149659 0.0166563 0.0217959 0.0798694 0.0677717 0.0528807 0.04013 0.0224614 0.0357745 0.0225083 0.00881397 0.00855152 0.00135912 0.000746735 0 0
 0 0 0 0 5.4009e-05 0.00500934 0.000945158 0.0243581 0.138947 0.33067 0.221406 0.137944 0.0707744 0.0437923 0.0131692 0.00525238 0.0047753 0.00276346 9.45158e-05 9.00151e-06 2.25038e-05 9.00151e-06 4.50075e-06 0 0 0
 0.000866109 0.00284123 0.00948549 0.0512746 0.133035 0.25785 0.225252 0.132002 0.0553304 0.0519788 0.0540692 0.017754 0.00435017 0.00159236 0.00146478 0.000404838 0.000125132 0.000115318 0.000107957 0.000100596 0 0 0 0 0 0
 0 0 0 0 0.00144013 0.00171154 0.00461396 0.0210425 0.0478622 0.0707936 0.0888783 0.103762 0.0637923 0.0337046 0.0602308 0.124433 0.169614 0.0934646 0.0462172 0.0250306 0.0313229 0.00938855 0.002487 0.000210481 0 0
 0 0.00764035 0.051015 0.0998891 0.058973 0.0496711 0.0374665 0.0718981 0.12319 0.153886 0.159021 0.0857701 0.0377988 0.023471 0.0147837 0.00900784 0.00315554 0.000888139 0.00291439 0.00214683 0.00393193 0.00274676 0.000635225 9.99891e-05 0 0
 0 0 0 0 0 0 0 0 0 0 0 0 0 0 0 0 0 0 0 0 0 0 0 0 0 0
 0 0 0 0 0 0 0 0 0 0 0 0 0 0 0 0 0 0 0 0 0 0 0 0 0 0
 0 0 0 0 0 0 0 0 0 0 0 0 0 0 0 0 0 0 0 0 0 0 0 0 0 0
 0 0 0 0 0 0 0 0 0 0 0 0 0 0 0 0 0 0 0 0 0 0 0 0 0 0
 0 0 0 0 0 0 0 0 0 0 0 0 0 0 0 0 0 0 0 0 0 0 0 0 0 0
 0 0 0 0 0 0 0 0 0 0 0 0 0 0 0 0 0 0 0 0 0 0 0 0 0 0
 0 0 0 0 0 0 0 0 0 0 0 0 0 0 0 0 0 0 0 0 0 0 0 0 0 0
 0 0 0 0 0 0 0 0 0 0 0 0 0 0 0 0 0 0 0 0 0 0 0 0 0 0
ppred_pel_tallas
 1.10503e-16 4.67145e-05 0.000454082 0.00301754 0.0137173 0.0426796 0.0909339 0.132723 0.132735 0.0909934 0.0428806 0.0143032 0.00450871 0.00377714 0.00655615 0.0112808 0.017445 0.0244285 0.0315373 0.0383046 0.0445011 0.0497783 0.0533363 0.0540698 0.0511859 0.0448055
 1.16579e-16 4.20528e-05 0.000408768 0.00271641 0.0123484 0.0384207 0.0818603 0.119483 0.119512 0.0819978 0.0388826 0.0136837 0.00607215 0.00774837 0.0140247 0.0232402 0.0337791 0.0431724 0.0489896 0.0502603 0.0480999 0.0449178 0.042812 0.0423923 0.0427596 0.0423759
 1.1192e-16 5.47777e-05 0.000532459 0.00353838 0.016085 0.0500464 0.10663 0.155633 0.15565 0.106716 0.050335 0.0169202 0.00564074 0.00514128 0.00886519 0.0147216 0.0215642 0.0278938 0.0322256 0.0339101 0.0334948 0.0322544 0.0312782 0.0308499 0.0305011 0.0295182
 1.0468e-16 6.5587e-05 0.000637529 0.00423661 0.019259 0.059922 0.127671 0.186342 0.186355 0.127737 0.0601453 0.0199044 0.00585801 0.0041821 0.00681248 0.0111992 0.0162246 0.0206165 0.0231314 0.0232169 0.0213359 0.0186277 0.0161797 0.0144829 0.0133931 0.0124641
 1.03088e-16 5.97668e-05 0.000580955 0.00386065 0.01755 0.0546046 0.116342 0.169809 0.16983 0.116447 0.0549589 0.0185735 0.00643021 0.00619147 0.0107186 0.0176346 0.0254196 0.0320139 0.0353596 0.0345111 0.0301918 0.0242901 0.0187132 0.0144953 0.0116732 0.00974163
 1.02248e-16 6.66461e-05 0.000647824 0.00430502 0.01957 0.0608896 0.129732 0.189351 0.189364 0.129799 0.0611153 0.0202223 0.00594393 0.00423055 0.0068854 0.0113153 0.0163817 0.0207837 0.0232362 0.0231371 0.020902 0.0176394 0.0144438 0.0118711 0.00990409 0.00826241
 1.03922e-16 4.60371e-05 0.000447497 0.00297378 0.0135184 0.0420609 0.0896164 0.130805 0.13084 0.0897881 0.0426372 0.0151832 0.00715313 0.00957282 0.0173818 0.0286764 0.0413369 0.0520493 0.057461 0.0560209 0.0488887 0.0391187 0.0298052 0.0226395 0.0177149 0.0142639
 1.08377e-16 4.42211e-05 0.000429845 0.00285647 0.0129851 0.0404017 0.0860811 0.125643 0.12567 0.0862114 0.0408397 0.0142526 0.006047 0.00742488 0.0134173 0.0223419 0.0327177 0.0422664 0.0486596 0.0507752 0.0492553 0.0458434 0.042093 0.0385331 0.0348082 0.0304011
 1.10018e-16 5.22646e-05 0.00050803 0.00337604 0.015347 0.0477503 0.101738 0.148494 0.148513 0.101835 0.0480781 0.0162952 0.00576224 0.0057375 0.0100446 0.0166839 0.0244118 0.0315188 0.0363011 0.0380024 0.0372244 0.0353939 0.0337276 0.0325389 0.031321 0.0293447
 1.0458e-16 6.68103e-05 0.00064942 0.00431562 0.0196182 0.0610396 0.130052 0.189817 0.189829 0.130111 0.0612387 0.0201938 0.00576218 0.0038132 0.00609313 0.0100148 0.014534 0.018523 0.0208847 0.0211315 0.0196672 0.017481 0.0155029 0.01413 0.0132055 0.0123262
 1.01108e-16 7.38267e-05 0.000717621 0.00476885 0.0216785 0.0674499 0.143709 0.20975 0.209758 0.14375 0.0675863 0.0220726 0.00575812 0.00287718 0.0041752 0.00678564 0.00976816 0.0122851 0.0135377 0.0131608 0.0114374 0.0091038 0.00690708 0.00525681 0.004173 0.00345902
 1.00778e-16 6.79432e-05 0.000660432 0.0043888 0.0199509 0.0620746 0.132257 0.193036 0.193052 0.132332 0.062325 0.0206739 0.00620308 0.00461863 0.00757818 0.012402 0.0178147 0.0223084 0.0243943 0.0233845 0.0198002 0.0150253 0.0104931 0.00703459 0.00476161 0.00336286
 1.02307e-16 5.07314e-05 0.000493128 0.00327701 0.0148968 0.0463497 0.0987541 0.144141 0.144172 0.0989064 0.0468611 0.0163742 0.00698584 0.00859123 0.0154353 0.0254492 0.0366812 0.046176 0.0509435 0.0495829 0.0430932 0.0341591 0.0255226 0.0187179 0.0139008 0.0104848
 1.04466e-16 5.73696e-05 0.000557653 0.0037058 0.0168461 0.0524144 0.111675 0.162997 0.163016 0.111768 0.0527261 0.0177475 0.00597349 0.0055241 0.00953666 0.0157981 0.0230383 0.0295677 0.033683 0.0345687 0.0327169 0.0294668 0.0260674 0.0230403 0.0202284 0.0172788
 1.00604e-16 7.91133e-05 0.000769009 0.00511034 0.0232309 0.0722798 0.154 0.224768 0.224771 0.154014 0.0723261 0.0233645 0.00544612 0.00150284 0.00147521 0.00232002 0.00334963 0.00424474 0.00473906 0.00471268 0.00425723 0.00360749 0.00299291 0.00252594 0.00219314 0.00192098
 1.00103e-16 7.8349e-05 0.00076158 0.00506097 0.0230064 0.0715816 0.152512 0.222597 0.222602 0.152534 0.0716559 0.0232209 0.00559895 0.00193457 0.00230185 0.00367033 0.0052536 0.00655153 0.00711346 0.00673375 0.00557325 0.0040573 0.00263122 0.00156039 0.000888285 0.000520301
 1.00952e-16 3.45109e-05 0.000335458 0.00222924 0.0101338 0.0315304 0.0671808 0.0980636 0.0981171 0.067442 0.0324072 0.0126651 0.00857854 0.0141812 0.0262861 0.0432861 0.0620793 0.0774896 0.0842609 0.0799617 0.0664584 0.0487169 0.0319335 0.0192022 0.0110411 0.00638537
 1.02488e-16 7.09152e-05 0.000689321 0.00458078 0.0208236 0.0647898 0.138042 0.201477 0.201483 0.138071 0.0648898 0.0211135 0.00531338 0.0023045 0.00318489 0.00527374 0.00786993 0.0104762 0.0126138 0.0140236 0.0147517 0.0149934 0.0148497 0.0142318 0.0129859 0.0110957
 1.02243e-16 6.16723e-05 0.000599477 0.00398373 0.0181095 0.0563455 0.120051 0.175222 0.175243 0.120154 0.0566928 0.0191124 0.00650006 0.00608917 0.0104776 0.0171986 0.0247116 0.0309593 0.0338963 0.0325961 0.0278153 0.0214998 0.015636 0.0113314 0.0086528 0.00706083
 1.01884e-16 6.64614e-05 0.000646029 0.00429309 0.0195158 0.0607209 0.129373 0.188826 0.188841 0.129443 0.0609577 0.0202002 0.00601232 0.00440317 0.00721375 0.0118511 0.017136 0.0216938 0.0241633 0.0239038 0.0213537 0.017694 0.0141068 0.0112175 0.00904634 0.00732119
 1.01292e-16 6.95454e-05 0.000676006 0.0044923 0.0204213 0.0635385 0.135376 0.197588 0.1976 0.135436 0.0637421 0.0210095 0.00596894 0.00390026 0.0061951 0.0101372 0.014609 0.0183975 0.0203147 0.0198106 0.0172918 0.0138331 0.0105241 0.00796181 0.00618284 0.00492375
 1.01266e-16 6.59909e-05 0.000641455 0.0042627 0.0193776 0.060291 0.128457 0.18749 0.187507 0.128537 0.0605611 0.0201577 0.00622081 0.00491561 0.0081821 0.0134187 0.0193149 0.024269 0.0266929 0.0258497 0.0222845 0.0174473 0.0128231 0.0092492 0.00681055 0.00517285
 1.0484e-16 2.90576e-05 0.00028245 0.00187699 0.00853253 0.0265482 0.0565655 0.0825698 0.082621 0.0568157 0.0273881 0.0109592 0.00796992 0.0135891 0.0253172 0.0418507 0.060381 0.076126 0.0842069 0.0823398 0.0721538 0.0580096 0.0443296 0.0335404 0.0258217 0.020176
 1.04967e-16 6.71805e-05 0.000653019 0.00433954 0.0197269 0.0613778 0.130772 0.190867 0.190874 0.130806 0.0614911 0.0200559 0.00517187 0.00249187 0.00362366 0.00605209 0.00910375 0.0122684 0.0150523 0.0171997 0.0187663 0.0199237 0.0206788 0.0207831 0.0199124 0.0179415
 1.0359e-16 6.07177e-05 0.000590197 0.00392207 0.0178292 0.0554733 0.118193 0.17251 0.172531 0.118296 0.0558191 0.0188279 0.00642837 0.00605939 0.010442 0.0171528 0.0246745 0.0309772 0.0340468 0.0329831 0.0285525 0.0226851 0.0173242 0.0135106 0.0112327 0.0098796
 1.06214e-16 3.86883e-05 0.000376064 0.00249908 0.0113605 0.0353469 0.0753117 0.109928 0.109967 0.0755013 0.0359839 0.0132014 0.00712389 0.0104844 0.0192723 0.0318935 0.0461575 0.0584959 0.0652742 0.0647861 0.0582149 0.0487246 0.0394611 0.0320561 0.0265074 0.0220342
 1.04897e-16 6.59794e-05 0.000641343 0.00426195 0.0193742 0.0602804 0.128434 0.187455 0.187465 0.128481 0.0604387 0.0198328 0.00541803 0.00318174 0.00493971 0.00819056 0.0120942 0.015843 0.0186487 0.0201349 0.0205065 0.0202926 0.0198909 0.0193089 0.0182744 0.0165445
 1.03245e-16 6.23977e-05 0.000606528 0.0040306 0.0183225 0.0570082 0.121463 0.177282 0.177302 0.121556 0.057322 0.0192288 0.00630535 0.00557185 0.00949129 0.0155901 0.0224492 0.0282308 0.0311128 0.030274 0.0263898 0.0211779 0.0163647 0.0128711 0.0106898 0.00929708
 1.056e-16 3.99307e-05 0.00038814 0.00257933 0.0117253 0.0364819 0.07773 0.113457 0.113496 0.0779187 0.0371157 0.0135565 0.0071787 0.0104379 0.0191537 0.0316728 0.0457871 0.0579213 0.0644393 0.0636401 0.0567274 0.0469071 0.0373856 0.0298542 0.0243437 0.0200623
 1.08978e-16 5.0586e-05 0.000491714 0.00326761 0.0148541 0.0462167 0.0984703 0.143724 0.143743 0.0985641 0.0465324 0.0157685 0.00557232 0.00555446 0.00975843 0.0162956 0.0240388 0.0314242 0.0368643 0.0395954 0.0400275 0.0392408 0.0380769 0.0366134 0.0343663 0.0308879
 1.07484e-16 5.83209e-05 0.000566899 0.00376725 0.0171254 0.0532835 0.113527 0.165699 0.165717 0.113615 0.0535802 0.0179833 0.00592363 0.00528425 0.00904727 0.0149449 0.0217167 0.027731 0.0313766 0.0319475 0.030056 0.0271644 0.0246163 0.022932 0.0217955 0.0205405
 1.0691e-16 5.05847e-05 0.000491701 0.00326753 0.0148537 0.0462156 0.0984682 0.143723 0.14375 0.0986014 0.0466631 0.0161468 0.00651581 0.00759079 0.0135571 0.0223963 0.03241 0.0410829 0.0458864 0.0456685 0.0413244 0.0351378 0.029342 0.0250344 0.0220805 0.0197415
pSPR Fmed_Fpbrs
0.563727   0.237221 0.237221
Fs Fmed_Fpbrs
0.34   1.005 1.005
SSBpbr Bo_Bmed_Bpbrs
1.18136e+06  606894  221174 221174
Ro
126180
SPR SPRFo_SPRFmed_SPRFpbrs
908257 512009 215458
Fref
1.005
Nvult_r0
 65482 30199.5 6974.94 1973.94 1844.58
CTP_r0
 26768.9 15137.4 3496.17 989.43 924.588
YTP_r0
776960
Np
 151261 27869.7 3426.65 1392.54 364.934
Nvult_p0
 123391 24116.7 2965.21 1205.02 315.792
CTP_p0
 50442 11037.4 4485.46 1035.97 380.059
 50442 12088.4 1486.3 604.013 158.29
YTP_p0
 726745 651549
CBA_c0
761896
log_Ro
11.5655
likeval ReclasPelacesDesembMPH_pf_preclas_ppelaces_ptallas_desvR_qrecl_qpela
 16.7893 0.00027609 0.031644 54.7865 237.951 130.902 111.531 0 22.5933 1.06269e-05 2.6916e-05 0.121071 0 0 0
q_reclas_q_pelaces
1.58569 2.08278
M
1
N
 165363 33623.8 78582.2 5589.64 0.204521
 90961.3 51841.4 9803.66 22912.1 1629.82
 91736 24907.6 12416.7 2348.11 5878.13
 135268 25230.7 6004.05 2993.09 1982.96
 110115 32091.8 4906.19 1167.51 967.611
 202262 35059.5 9569.77 1463.03 636.693
 78482.6 57467.9 8860.21 2418.47 530.64
 33083.9 15744.6 8757.39 1350.19 449.407
 32069.5 10938.1 4959.34 2758.46 566.847
 43700.2 7651.86 2144.65 972.388 652
 95455.6 8589.14 1131.86 317.235 240.278
 156357 31220.4 2663.37 350.972 172.877
 69759.9 38610.6 6434.77 548.941 107.969
 37970.3 16554.2 7510.58 1251.7 127.783
 97896.7 3231.57 725.464 329.141 60.4539
 423032 21475.8 560.775 125.89 67.6063
 84035.6 108216 4659.32 121.664 41.9803
 338485 24832 28952.9 1246.59 43.7826
 264701 87553.5 5474.98 6383.57 284.502
 261796 52771.5 13221.4 826.771 1006.94
 368233 57119.9 9085.48 2276.28 315.703
 431643 96068.7 12751.9 2028.31 578.652
 70794.4 105272 19445.7 2581.17 527.688
 237961 19951.4 26291.2 4856.49 776.423
 237988 68782 5169.52 6812.21 1459.52
 85466.7 69899.7 18241.3 1370.98 2193.7
 219998 26319.8 19858.5 5182.36 1012.73
 260451 65105.4 7057.11 5324.65 1661.08
 103471 80665.1 18650.2 2021.59 2001.15
 107157 32872.7 23978.6 5543.99 1195.8
 125738 32997.9 9338.55 6811.9 1914.66
 80272.1 34899 8060.34 2281.11 2131.62
pred_Ctot
 15654.1 4493.14 10500.9 746.942 0.0273301
 15057.4 11838.5 2238.76 5232.19 372.186
 14984.9 5616.79 2800.04 529.512 1325.55
 31459.4 7913.06 1883.04 938.72 621.913
 9475.01 3908.63 597.551 142.197 117.851
 29726.3 7151.84 1952.15 298.445 129.88
 23682.4 22819 3518.15 960.309 210.703
 2136.95 1449.21 806.07 124.277 41.3655
 7377.59 3396.27 1539.87 856.502 176.006
 13528.9 3108.33 871.198 395.003 264.855
 6758.58 864.931 113.978 31.9457 24.1961
 33558.3 9092.13 775.637 102.212 50.3458
 16216.7 12104.3 2017.28 172.092 33.8481
 20639.3 10767.7 4885.28 814.172 83.1168
 26044.2 1145.85 257.235 116.707 21.4358
 83896.8 5811.33 151.745 34.0656 18.2942
 10640.6 19145.1 824.307 21.5243 7.42697
 65363 6554.27 7641.97 329.03 11.5562
 80511 35011.6 2189.38 2552.72 113.769
 70234.4 18854.4 4723.79 295.392 359.764
 69608.8 14779 2350.75 588.956 81.684
 95074.8 28656.7 3803.8 605.033 172.609
 10697.9 22049.9 4073.05 540.643 110.528
 32872.7 3836.55 5055.67 933.878 149.302
 30891.2 12461.5 936.585 1234.2 264.428
 8929.02 10276.4 2681.76 201.556 322.509
 27682.7 4628.56 3492.29 911.363 178.097
 26399.4 9295.48 1007.58 760.232 237.163
 9029.03 9959.54 2302.7 249.602 247.077
 11197.6 4833.85 3526 815.23 175.84
 19967.3 7244.93 2050.35 1495.6 420.377
 7103.02 4367.72 1008.78 285.488 266.779
F
 0.159952 0.23248 0.23248 0.23248 0.23248
 0.295263 0.429145 0.429145 0.429145 0.429145
 0.290855 0.422737 0.422737 0.422737 0.422737
 0.43866 0.637563 0.637563 0.637563 0.637563
 0.144479 0.20999 0.20999 0.20999 0.20999
 0.258337 0.375475 0.375475 0.375475 0.375475
 0.606378 0.881329 0.881329 0.881329 0.881329
 0.1068 0.155226 0.155226 0.155226 0.155226
 0.432956 0.629272 0.629272 0.629272 0.629272
 0.626854 0.911089 0.911089 0.911089 0.911089
 0.117588 0.170907 0.170907 0.170907 0.170907
 0.398613 0.579356 0.579356 0.579356 0.579356
 0.43842 0.637214 0.637214 0.637214 0.637214
 1.46383 2.12758 2.12758 2.12758 2.12758
 0.516988 0.751406 0.751406 0.751406 0.751406
 0.363317 0.528056 0.528056 0.528056 0.528056
 0.219108 0.318459 0.318459 0.318459 0.318459
 0.352231 0.511943 0.511943 0.511943 0.511943
 0.612631 0.890416 0.890416 0.890416 0.890416
 0.522414 0.759293 0.759293 0.759293 0.759293
 0.343653 0.499476 0.499476 0.499476 0.499476
 0.411052 0.597436 0.597436 0.597436 0.597436
 0.266481 0.387311 0.387311 0.387311 0.387311
 0.241167 0.350519 0.350519 0.350519 0.350519
 0.225159 0.327254 0.327254 0.327254 0.327254
 0.177806 0.258428 0.258428 0.258428 0.258428
 0.217613 0.316286 0.316286 0.316286 0.316286
 0.17211 0.25015 0.25015 0.25015 0.25015
 0.146649 0.213144 0.213144 0.213144 0.213144
 0.177849 0.258491 0.258491 0.258491 0.258491
 0.281739 0.409488 0.409488 0.409488 0.409488
 0.14884 0.216329 0.216329 0.216329 0.216329
YTP_r0W_actual
 230212 375408 97543 36905.7 36891.1
YTP_p0W_proyectada
 380333 192603 107965 32446.6 13397.1
 380333 210943 35775.3 18917.7 5579.71
CTP_r0_actual
 26768.9 15137.4 3496.17 989.43 924.588
CTP_p0_proyectada
 50442 11037.4 4485.46 1035.97 380.059
 50442 12088.4 1486.3 604.013 158.29
Wmedp
 7.54 17.45 24.07 31.32 35.25
Frms_r0
 0.691467 1.005 1.005 1.005 1.005
Zrms_r0
 1.69147 2.005 2.005 2.005 2.005
nmprior
 7.29 8.9 8.7 0
nm_flota  nm_reclas  nm_pelaces    nm_pelaL
inf 12.5058 14.9785 44.2237
cv_recla  cv_pelaces  cv_mph
0.362484 0.606729 0.604353
 ------------------------------------------------
Talla a la edad & desviaci?n 
 8 13.2811 15.8009 17.003 17.5766
 0.8 1.32811 1.58009 1.7003 1.75766
