years
 1991 1992 1993 1994 1995 1996 1997 1998 1999 2000 2001 2002 2003 2004 2005 2006 2007 2008 2009 2010 2011 2012 2013 2014 2015 2016 2017 2018 2019 2020 2021 2022
reclasobs
 0 0 0 0 0 0 0 0 0 252601 567819 844713 477998 351125 339783 2.1784e+06 2.13404e+06 4.81314e+06 1.55562e+06 2.62356e+06 3.21686e+06 3.843e+06 1.13348e+06 3.07943e+06 1.97215e+06 2.03268e+06 2.025e+06 2.42433e+06 2.27542e+06 1.05018e+06 2.36338e+06 3.18982e+06
reclaspred
 4.88555e+06 2.64038e+06 1.27399e+06 1.45095e+06 1.74972e+06 3.4602e+06 2.10558e+06 1.53372e+06 873343 333869 573924 1.28117e+06 1.13706e+06 279422 689735 2.13992e+06 2.27593e+06 2.85797e+06 2.55098e+06 2.23288e+06 4.38455e+06 2.84057e+06 1.35078e+06 1.94807e+06 1.75094e+06 1.48436e+06 2.09706e+06 2.36844e+06 2.002e+06 1.63162e+06 1.27911e+06 1.28026e+06
pelacesobs
 0 0 0 0 0 0 0 0 0 0 0 0 0 0 0 552880 188675 0 991730 2.46772e+06 1.41603e+06 1.21717e+06 2.29649e+06 1.80582e+06 0 1.4828e+06 1.56532e+06 1.57751e+06 1.42118e+06 867257 1.10002e+06 1.06204e+06
pelacespred
 2.70074e+06 1.45784e+06 659345 639827 954530 1.92838e+06 1.02047e+06 1.00982e+06 491371 130082 318274 593108 559376 81420 346899 981433 1.10693e+06 1.40746e+06 1.22645e+06 985818 2.19544e+06 1.36724e+06 615880 1.05217e+06 861124 742453 1.30729e+06 1.37324e+06 1.03652e+06 927508 581639 659695
mphobs
 0 0 0 0 0 0 0 0 0 0 0 0 498337 0 5186 125008 0 168611 109162 213762 579715 649985 157893 87575 83554 210694 70296 0 107559 103333 445601 22526
mphpred
 785447 535355 236198 137489 198866 284281 467043 201662 170547 67163.4 21788.4 107324 172516 73742.1 10094.4 85823.1 350012 251607 278372 227933 315091 413930 207087 92833.9 213683 189292 135047 250260 334564 199957 150759 125610
desembarqueobs
 494567 514787 250237 358949 120608 361735 552515 73892 212993 205616 52469 317467 293654 387597 252695 516296 358380 742168 942051 627588 828172 859565 418607 520667 417249 300574 415391 372974 316634 284311 391294 218835
desembarquepred
 494553 514426 250389 358939 120609 361712 552469 73897.5 213072 205686 52470.4 317423 293702 387609 252575 516097 358355 741948 941129 627153 828080 859606 418660 520659 417086 300580 415299 372898 316473 284104 391309 218841
Reclutas
 144045 94581.5 84398.4 126970 92348.9 195712 68904.3 24256.6 23362.3 31581.3 53665.3 130484 71454.5 45309.8 65348.2 279721 55103.9 246347 288770 229845 274130 259174 43301.6 128931 149875 43986.3 135961 122535 54674.7 80881 68445.6 45581.1
log_desv_Rt
 0.446739 0.026073 -0.08784 0.32056 0.00218525 0.753254 -0.29067 -1.3347 -1.37226 -1.07082 -0.540622 0.347861 -0.254328 -0.709865 -0.34366 1.1104 -0.514169 0.98335 1.14224 0.914015 1.09021 1.03411 -0.7552 0.33589 0.486411 -0.739511 0.388981 0.285011 -0.521989 -0.13041 -0.297349 -0.703896
SSB
 785447 535355 236198 137489 198866 284281 467043 201662 170547 67163.4 21788.4 107324 162318 70553.8 9651.87 82666 350012 251607 291682 237503 337879 482106 265219 108727 226435 219489 142324 250260 352097 193249 179292 151584
BT
 1.33705e+06 993477 452051 581667 475787 1.21845e+06 833229 470683 402933 251631 214870 550955 503320 428553 451648 950732 684574 1.3557e+06 1.49228e+06 950614 1.78999e+06 1.33105e+06 600939 1.07745e+06 728117 559021 1.12643e+06 973948 626371 682572 582119 472730
Ftot
 0.455023 0.844975 0.839223 0.957608 0.301733 0.429138 1.10503 0.219105 0.996228 2.05586 0.349881 0.942886 1.03111 3.41986 1.24128 0.874012 0.68948 0.985293 1.33539 1.05634 0.745659 1.17808 1.24926 0.975379 0.932238 0.850148 0.749584 0.623865 0.702564 0.706069 1.16664 0.708683
BD_Bspro_t
 0.929783 0.57983 0.310636 0.226047 0.272395 0.397241 0.456284 0.24267 0.274658 0.157334 0.0773491 0.372758 0.323699 0.144221 0.0246718 0.17562 0.350561 0.262805 0.252582 0.192986 0.21093 0.264334 0.182575 0.101023 0.211854 0.238245 0.201437 0.334161 0.394656 0.275988 0.278874 0.223793
BD_Bspro
 1.18418 0.807125 0.356102 0.207285 0.299819 0.428595 0.704135 0.304035 0.257125 0.101259 0.0328492 0.161807 0.244717 0.10637 0.0145516 0.124631 0.527693 0.379334 0.439754 0.35807 0.509402 0.726844 0.399856 0.163922 0.341384 0.330911 0.214574 0.377303 0.530837 0.291351 0.270309 0.228535
BD_Bo
 1.65206 1.12603 0.496802 0.289186 0.418281 0.597938 0.982346 0.424163 0.358718 0.141267 0.0458283 0.225738 0.341408 0.148398 0.0203011 0.173874 0.736191 0.529214 0.613505 0.499548 0.710673 1.01403 0.557843 0.22869 0.476269 0.461657 0.299355 0.52638 0.740577 0.406467 0.377111 0.318831
BD_Brms
 9.81692 6.69114 2.95212 1.71841 2.48553 3.5531 5.83734 2.52048 2.13159 0.839443 0.272323 1.34139 2.02873 0.881818 0.120634 1.0332 4.37462 3.14472 3.6456 2.96843 4.22299 6.02561 3.31484 1.35893 2.83011 2.74328 1.77884 3.12788 4.40069 2.41532 2.24089 1.89457
Sel_flota
 0.770796 1 1 1 1
 0.770796 1 1 1 1
 0.770796 1 1 1 1
 0.770796 1 1 1 1
 0.770796 1 1 1 1
 0.770796 1 1 1 1
 0.770796 1 1 1 1
 0.770796 1 1 1 1
 0.770796 1 1 1 1
 0.770796 1 1 1 1
 0.770796 1 1 1 1
 0.770796 1 1 1 1
 0.770796 1 1 1 1
 0.770796 1 1 1 1
 0.770796 1 1 1 1
 0.770796 1 1 1 1
 0.770796 1 1 1 1
 0.770796 1 1 1 1
 0.770796 1 1 1 1
 0.770796 1 1 1 1
 0.770796 1 1 1 1
 0.770796 1 1 1 1
 0.770796 1 1 1 1
 0.770796 1 1 1 1
 0.770796 1 1 1 1
 0.770796 1 1 1 1
 0.770796 1 1 1 1
 0.770796 1 1 1 1
 0.770796 1 1 1 1
 0.770796 1 1 1 1
 0.770796 1 1 1 1
 0.770796 1 1 1 1
Sel_reclas
 0.566509 1 1 1 1
 0.566509 1 1 1 1
 0.566509 1 1 1 1
 0.566509 1 1 1 1
 0.566509 1 1 1 1
 0.566509 1 1 1 1
 0.566509 1 1 1 1
 0.566509 1 1 1 1
 0.566509 1 1 1 1
 0.566509 1 1 1 1
 0.566509 1 1 1 1
 0.566509 1 1 1 1
 0.566509 1 1 1 1
 0.566509 1 1 1 1
 0.566509 1 1 1 1
 0.566509 1 1 1 1
 0.566509 1 1 1 1
 0.566509 1 1 1 1
 0.566509 1 1 1 1
 0.566509 1 1 1 1
 0.566509 1 1 1 1
 0.566509 1 1 1 1
 0.566509 1 1 1 1
 0.566509 1 1 1 1
 0.566509 1 1 1 1
 0.566509 1 1 1 1
 0.566509 1 1 1 1
 0.566509 1 1 1 1
 0.566509 1 1 1 1
 0.566509 1 1 1 1
 0.566509 1 1 1 1
 0.566509 1 1 1 1
Sel_pelaces
 0.5 1 1 1 1
 0.5 1 1 1 1
 0.5 1 1 1 1
 0.5 1 1 1 1
 0.5 1 1 1 1
 0.5 1 1 1 1
 0.5 1 1 1 1
 0.5 1 1 1 1
 0.5 1 1 1 1
 0.5 1 1 1 1
 0.5 1 1 1 1
 0.5 1 1 1 1
 0.5 1 1 1 1
 0.5 1 1 1 1
 0.5 1 1 1 1
 0.5 1 1 1 1
 0.5 1 1 1 1
 0.5 1 1 1 1
 0.5 1 1 1 1
 0.5 1 1 1 1
 0.5 1 1 1 1
 0.5 1 1 1 1
 0.5 1 1 1 1
 0.5 1 1 1 1
 0.5 1 1 1 1
 0.5 1 1 1 1
 0.5 1 1 1 1
 0.5 1 1 1 1
 0.5 1 1 1 1
 0.5 1 1 1 1
 0.5 1 1 1 1
 0.5 1 1 1 1
pf_obs 
 0.8446 0.082 0.0669 0.0065 0
 0.8095 0.147 0.0364 0.0071 0
 0.9664 0.0169 0.016 0.0007 0
 0.9276 0.0648 0.0075 0.0001 0
 0.7033 0.2144 0.0806 0.0017 0
 0.9318 0.0425 0.0243 0.0014 0
 0.5671 0.3108 0.0964 0.0239 0.0018
 0.0768 0.2599 0.5324 0.112 0.0189
 0.490249 0.384438 0.106611 0.0170017 0.00170017
 0.7925 0.1577 0.0466 0.003 0.0002
 0.840416 0.127587 0.0312969 0.00059994 9.999e-05
 0.8084 0.0986 0.0794 0.0134 0.0002
 0.7335 0.1905 0.0724 0.0035 0.0001
 0.4001 0.4547 0.1325 0.0127 0
 0.49795 0.308269 0.164784 0.0264974 0.00249975
 0.9179 0.0499 0.0305 0.0017 0
 0.2467 0.6533 0.0926 0.0074 0
 0.9418 0.0223 0.034 0.0019 0
 0.707729 0.231977 0.0356964 0.0245975 0
 0.517169 0.277429 0.184464 0.0207286 0.00020938
 0.811772 0.124168 0.05621 0.00726502 0.000585176
 0.764997 0.148141 0.077277 0.00933861 0.000247198
 0.163321 0.427699 0.378323 0.0303852 0.000271297
 0.753843 0.0900009 0.118128 0.0371064 0.000921714
 0.721811 0.176058 0.0630433 0.0369309 0.00215725
 0.143369 0.312575 0.442814 0.0836902 0.0175525
 0.692698 0.0596174 0.167031 0.0765114 0.00414204
 0.394062 0.376323 0.152708 0.0712218 0.00568511
 0.125707 0.32114 0.495352 0.0537591 0.00404204
 0.23352 0.215282 0.420074 0.123614 0.00750983
 0.796117 0.104755 0.0508955 0.0450114 0.00322123
 0.162477 0.292055 0.404252 0.121198 0.0200186
pf_pred 
 0.659738 0.1484 0.176214 0.0156462 8.44193e-07
 0.604145 0.288333 0.0468944 0.0556835 0.00494447
 0.726636 0.189011 0.0614407 0.00999269 0.0129192
 0.838128 0.128831 0.0228456 0.00742626 0.00276933
 0.743717 0.226962 0.0233366 0.00413828 0.00184684
 0.822675 0.141321 0.0318849 0.00327846 0.000840824
 0.492139 0.439157 0.0547542 0.0123536 0.00159599
 0.513124 0.290876 0.169485 0.0211315 0.00538362
 0.602274 0.232621 0.0986391 0.0574742 0.00899154
 0.829536 0.118462 0.0304148 0.0128969 0.00869029
 0.941512 0.0525299 0.00414061 0.00106309 0.00075454
 0.873246 0.121225 0.00496593 0.000391433 0.00017183
 0.701403 0.272113 0.0253286 0.00103758 0.000117688
 0.73333 0.208111 0.053365 0.00496729 0.000226563
 0.975756 0.0210209 0.0025154 0.000645014 6.27772e-05
 0.961088 0.0383044 0.000526681 6.30239e-05 1.77338e-05
 0.455214 0.530231 0.0143271 0.000196996 3.0206e-05
 0.903877 0.0523772 0.0425775 0.00115046 1.82443e-05
 0.84435 0.145356 0.00560908 0.00455963 0.000125157
 0.819868 0.161439 0.0174563 0.000673613 0.000562612
 0.839949 0.139829 0.0181236 0.00195969 0.000138782
 0.773195 0.200388 0.0230791 0.00299135 0.000346358
 0.445569 0.466213 0.0779428 0.00897683 0.00129823
 0.907933 0.051345 0.034243 0.00572483 0.000754694
 0.839238 0.150577 0.00567973 0.00378792 0.000716758
 0.545278 0.402886 0.0485523 0.00183138 0.00145249
 0.894454 0.0673326 0.0338569 0.00408014 0.000275964
 0.766517 0.215871 0.0112356 0.00564962 0.000726892
 0.56922 0.35463 0.0704059 0.00366448 0.00207969
 0.7874 0.139219 0.0604093 0.0119933 0.000978488
 0.738075 0.220485 0.0271366 0.011775 0.00252846
 0.747623 0.205291 0.0396359 0.00487826 0.00257129
pobs_RECLAS
 0 0 0 0 0
 0 0 0 0 0
 0 0 0 0 0
 0 0 0 0 0
 0 0 0 0 0
 0 0 0 0 0
 0 0 0 0 0
 0 0 0 0 0
 0 0 0 0 0
 0 0 0 0 0
 0.991045 0.00858322 0.000360255 1.14367e-05 0
 0.934742 0.0480273 0.0164251 0.00080598 0
 0.827803 0.169806 0.00239088 0 0
 0.941827 0.0461693 0.0120037 0 0
 0.791401 0.0380133 0.147996 0.0225897 0
 0.846168 0.0940531 0.0597789 0 0
 0.134021 0.677848 0.182769 0.00536245 0
 0.80878 0.0450904 0.141981 0.00414843 0
 0.846168 0.0940531 0.0597789 0 0
 0.905697 0.0802665 0.012482 0.00150086 5.37128e-05
 0.989698 0.0102097 9.19794e-05 0 0
 0.975433 0.0193895 0.00387452 0.00125025 5.28907e-05
 0.303575 0.632131 0.0575291 0.00676475 0
 0.966965 0.00978017 0.0227588 0.000495775 0
 0.843318 0.132988 0.00938335 0.0141283 0.000182051
 0.564624 0.303363 0.111486 0.0197234 0.00080311
 0.826376 0.0876187 0.0782897 0.00655872 0.00115652
 0.89761 0.0855135 0.0140674 0.00269457 0.000114338
 0.34875 0.467042 0.161289 0.0227151 0.000203297
 0.318654 0.224769 0.449479 0.00709798 0
 0.937255 0.0296025 0.0250945 0.00804832 0
 0.456809 0.399803 0.12412 0.0192676 0
ppred_RECLAS
 0.590494 0.1786 0.212074 0.0188303 1.01599e-06
 0.535367 0.338429 0.055042 0.0653582 0.00580354
 0.667369 0.22999 0.0747614 0.0121592 0.0157201
 0.797129 0.161461 0.0286319 0.00930717 0.00347074
 0.682343 0.281313 0.0289252 0.00512929 0.00228912
 0.775148 0.179198 0.0404307 0.00415715 0.00106618
 0.425528 0.496757 0.0619357 0.0139739 0.00180533
 0.43769 0.335943 0.195744 0.0244054 0.00621773
 0.535161 0.271874 0.115284 0.0671726 0.0105088
 0.797822 0.140501 0.0360733 0.0152963 0.0103071
 0.922674 0.0694488 0.00547422 0.00140549 0.000997563
 0.839345 0.153647 0.0062941 0.000496125 0.000217788
 0.641438 0.326759 0.0304152 0.00124595 0.000141323
 0.714014 0.223186 0.0572305 0.00532709 0.000242975
 0.968737 0.0271067 0.00324365 0.000831756 8.09521e-05
 0.949165 0.0500413 0.000688062 8.2335e-05 2.31677e-05
 0.385277 0.598301 0.0161664 0.000222286 3.40838e-05
 0.87723 0.0668965 0.0543803 0.00146938 2.33018e-05
 0.807633 0.179645 0.00693222 0.00563521 0.000154681
 0.776316 0.200472 0.0216769 0.000836479 0.000698639
 0.79779 0.176661 0.0228975 0.00247589 0.000175338
 0.723434 0.244353 0.0281426 0.00364764 0.000422348
 0.382337 0.519384 0.086832 0.0100006 0.00144629
 0.882215 0.0656874 0.0438082 0.00732396 0.000965505
 0.798262 0.188958 0.00712743 0.00475342 0.000899452
 0.475215 0.464962 0.0560332 0.00211356 0.00167629
 0.864353 0.0865356 0.0435128 0.00524378 0.000354668
 0.710664 0.267511 0.0139234 0.0070011 0.000900777
 0.497901 0.413342 0.0820621 0.00427116 0.002424
 0.73544 0.173244 0.0751735 0.0149244 0.00121763
 0.68363 0.266316 0.0327773 0.0142226 0.00305404
 0.689794 0.252331 0.0487179 0.00599605 0.00316047
pobs_PELACES
 0 0 0 0 0
 0 0 0 0 0
 0 0 0 0 0
 0 0 0 0 0
 0 0 0 0 0
 0 0 0 0 0
 0 0 0 0 0
 0 0 0 0 0
 0 0 0 0 0
 0 0 0 0 0
 0 0 0 0 0
 0 0 0 0 0
 0 0 0 0 0
 0 0 0 0 0
 0 0 0 0 0
 0 0 0 0 0
 0.505614 0.472636 0.0217494 0 0
 0 0 0 0 0
 0.443492 0.261883 0.143347 0.151278 0
 0.227955 0.32914 0.350689 0.0885471 0.00366901
 0.970185 0.0296113 0.000203453 0 0
 0.997202 0.00247181 0.000326279 0 0
 0.445219 0.490057 0.0546422 0.010081 0
 0.90214 0.0892962 0.00764917 0.000914606 0
 0 0 0 0 0
 0.581667 0.319106 0.0959925 0.00289975 0.000334073
 0.762889 0.0836404 0.116647 0.0363945 0.000428098
 0.88444 0.0763242 0.0277011 0.0115352 0
 0.521256 0.241999 0.230069 0.00667565 0
 0.616807 0.101726 0.260614 0.0208532 0
 0.833518 0.0704572 0.0857862 0.0102388 0
 0.697417 0.212968 0.0787535 0.0105354 0.000325836
ppred_PELACES
 0.568452 0.188213 0.223489 0.0198438 1.07067e-06
 0.520172 0.349497 0.0568421 0.0674957 0.00599334
 0.6536 0.239511 0.0778562 0.0126625 0.0163709
 0.788514 0.168318 0.0298477 0.0097024 0.00361813
 0.659821 0.301259 0.030976 0.00549296 0.00245141
 0.75863 0.192362 0.0434007 0.00446254 0.0011445
 0.415464 0.50546 0.0630208 0.0142187 0.00183695
 0.411237 0.351747 0.204953 0.0255536 0.00651024
 0.52282 0.279092 0.118344 0.0689559 0.0107878
 0.802716 0.1371 0.0352003 0.0149261 0.0100576
 0.915353 0.0760237 0.00599248 0.00153856 0.001092
 0.83199 0.160682 0.00658227 0.000518839 0.000227759
 0.630582 0.336652 0.031336 0.00128367 0.000145601
 0.740533 0.20249 0.0519236 0.00483311 0.000220444
 0.967784 0.0279327 0.00334249 0.000857099 8.34188e-05
 0.946253 0.0529079 0.000727478 8.70517e-05 2.44948e-05
 0.3682 0.614921 0.0166155 0.000228461 3.50306e-05
 0.871703 0.0699085 0.0568287 0.00153554 2.43509e-05
 0.803896 0.183135 0.0070669 0.00574469 0.000157686
 0.768407 0.20756 0.0224433 0.000866055 0.000723342
 0.786516 0.18651 0.0241741 0.00261393 0.000185114
 0.716219 0.250728 0.0288769 0.0037428 0.000433367
 0.375185 0.525398 0.0878375 0.0101164 0.00146304
 0.876799 0.0687076 0.0458224 0.00766071 0.0010099
 0.789364 0.197292 0.00744182 0.00496309 0.000939126
 0.460134 0.478324 0.0576434 0.0021743 0.00172447
 0.856158 0.0917639 0.0461417 0.00556059 0.000376096
 0.69443 0.28252 0.0147046 0.00739392 0.000951317
 0.479975 0.428099 0.0849918 0.00442365 0.00251054
 0.7213 0.182503 0.0791913 0.0157221 0.00128271
 0.675652 0.273032 0.0336039 0.0145813 0.00313105
 0.674339 0.264903 0.0511452 0.0062948 0.00331794
pobs_pel_tallas
 0 0 0 0 0 0 0 0 0 0 0 0 0 0 0 0 0 0 0 0 0 0 0 0 0 0
 0 0 0 0 0 0 0 0 0 0 0 0 0 0 0 0 0 0 0 0 0 0 0 0 0 0
 0 0 0 0 0 0 0 0 0 0 0 0 0 0 0 0 0 0 0 0 0 0 0 0 0 0
 0 0 0 0 0 0 0 0 0 0 0 0 0 0 0 0 0 0 0 0 0 0 0 0 0 0
 0 0 0 0 0 0 0 0 0 0 0 0 0 0 0 0 0 0 0 0 0 0 0 0 0 0
 0 0 0 0 0 0 0 0 0 0 0 0 0 0 0 0 0 0 0 0 0 0 0 0 0 0
 0 0 0 0 0 0 0 0 0 0 0 0 0 0 0 0 0 0 0 0 0 0 0 0 0 0
 0 0 0 0 0 0 0 0 0 0 0 0 0 0 0 0 0 0 0 0 0 0 0 0 0 0
 0 0 0 0 0 0 0 0 0 0 0 0 0 0 0 0 0 0 0 0 0 0 0 0 0 0
 0 0 0 0 0 0 0 0 0 0 0 0 0 0 0 0 0 0 0 0 0 0 0 0 0 0
 0 0 0 0 0 0 0 0 0 0 0 0 0 0 0 0 0 0 0 0 0 0 0 0 0 0
 0 0 0 0 0 0 0 0 0 0 0 0 0 0 0 0 0 0 0 0 0 0 0 0 0 0
 0.00862536 0 0 0.000197151 0.00414017 0.0128641 0.00837892 0.0270097 0.101434 0.158115 0.152841 0.127902 0.109271 0.109419 0.0830992 0.0579132 0.0238553 0.00714673 0.00463305 0.00128148 0.00103504 0.000492878 0.000147863 0.000147863 4.92878e-05 0
 0 0 0 0 0 0 0 0 0 0 0 0 0 0 0 0 0 0 0 0 0 0 0 0 0 0
 0 0 0 0 0 0 0 0.0054083 0.00873648 0.0413646 0.0450493 0.0745869 0.0622846 0.0627006 0.0613931 0.0827291 0.12552 0.122667 0.0946155 0.0697135 0.0546179 0.0294188 0.0215738 0.0213955 0.0102223 0.00600262
 0 0 0 0 0.00359764 0.0251062 0.0480494 0.140153 0.205849 0.193036 0.1447 0.116669 0.0760912 0.0342217 0.00950174 0.001854 0.000860785 0 0 0 0.000165536 0 0.000143464 0 0 0
 0 0 0 0 0 0 0 0.000145254 0.000435761 0.0275982 0.070085 0.0708112 0.156366 0.174668 0.174014 0.160142 0.0824315 0.0480064 0.0283245 0.00493863 0.00203355 0 0 0 0 0
 0 0 0 0 0 0 0 0 0 0 0 0 0 0 0 0 0 0 0 0 0 0 0 0 0 0
 0 0 1.00437e-05 0.000401748 0.00122533 0.00171747 0.00176769 0.0269171 0.070346 0.194647 0.189555 0.159765 0.064822 0.0314167 0.0384472 0.0292271 0.0345202 0.0313363 0.0194345 0.0106764 0.0143323 0.0359363 0.0279516 0.0138201 0.00172751 0
 0 0.0021121 0.0136068 0.0755702 0.200478 0.177729 0.0527432 0.0373336 0.0318909 0.0142505 0.0149659 0.0166563 0.0217959 0.0798694 0.0677717 0.0528807 0.04013 0.0224614 0.0357745 0.0225083 0.00881397 0.00855152 0.00135912 0.000746735 0 0
 0 0 0 0 5.4009e-05 0.00500934 0.000945158 0.0243581 0.138947 0.33067 0.221406 0.137944 0.0707744 0.0437923 0.0131692 0.00525238 0.0047753 0.00276346 9.45158e-05 9.00151e-06 2.25038e-05 9.00151e-06 4.50075e-06 0 0 0
 0.000866109 0.00284123 0.00948549 0.0512746 0.133035 0.25785 0.225252 0.132002 0.0553304 0.0519788 0.0540692 0.017754 0.00435017 0.00159236 0.00146478 0.000404838 0.000125132 0.000115318 0.000107957 0.000100596 0 0 0 0 0 0
 0 0 0 0 0.00144013 0.00171154 0.00461396 0.0210425 0.0478622 0.0707936 0.0888783 0.103762 0.0637923 0.0337046 0.0602308 0.124433 0.169614 0.0934646 0.0462172 0.0250306 0.0313229 0.00938855 0.002487 0.000210481 0 0
 0 0.00764035 0.051015 0.0998891 0.058973 0.0496711 0.0374665 0.0718981 0.12319 0.153886 0.159021 0.0857701 0.0377988 0.023471 0.0147837 0.00900784 0.00315554 0.000888139 0.00291439 0.00214683 0.00393193 0.00274676 0.000635225 9.99891e-05 0 0
 0 0 0 0 0 0 0 0 0 0 0 0 0 0 0 0 0 0 0 0 0 0 0 0 0 0
 0 0 0 0 0 0 0 0 0 0 0 0 0 0 0 0 0 0 0 0 0 0 0 0 0 0
 0 0 0 0 0 0 0 0 0 0 0 0 0 0 0 0 0 0 0 0 0 0 0 0 0 0
 0 0 0 0 0 0 0 0 0 0 0 0 0 0 0 0 0 0 0 0 0 0 0 0 0 0
 0 0 0 0 0 0 0 0 0 0 0 0 0 0 0 0 0 0 0 0 0 0 0 0 0 0
 0 0 0 0 0 0 0 0 0 0 0 0 0 0 0 0 0 0 0 0 0 0 0 0 0 0
 0 0 0 0 0 0 0 0 0 0 0 0 0 0 0 0 0 0 0 0 0 0 0 0 0 0
 0 0 0 0 0 0 0 0 0 0 0 0 0 0 0 0 0 0 0 0 0 0 0 0 0 0
ppred_pel_tallas
 1.08488e-16 4.68227e-05 0.000455133 0.00302452 0.0137491 0.0427785 0.0911448 0.133032 0.133051 0.0912351 0.0430826 0.0146312 0.00525366 0.00537024 0.00952451 0.016044 0.0239721 0.0319418 0.0385231 0.0429492 0.0453786 0.046412 0.0463391 0.044842 0.0413823 0.0358364
 1.09513e-16 4.28459e-05 0.000416478 0.00276764 0.0125813 0.0391454 0.0834046 0.121738 0.121772 0.0835693 0.0396987 0.0141801 0.00678255 0.00918752 0.0167207 0.0276306 0.0399387 0.0505419 0.0563285 0.0559273 0.0505396 0.0430954 0.0364184 0.0318243 0.0289863 0.0267614
 1.06349e-16 5.38362e-05 0.000523307 0.00347756 0.0158085 0.0491862 0.104797 0.15296 0.152983 0.10491 0.0495665 0.0169077 0.00624038 0.00656637 0.0115655 0.0191262 0.0277618 0.0353648 0.0398166 0.0401371 0.0370335 0.0323384 0.0278152 0.0242859 0.021598 0.0191764
 1.0249e-16 6.49489e-05 0.000631326 0.00419539 0.0190716 0.059339 0.126429 0.18453 0.184546 0.126508 0.0596054 0.0198412 0.00612777 0.00485163 0.00808573 0.0132796 0.0191593 0.0241702 0.0267734 0.0262619 0.0231729 0.018905 0.0148598 0.0117801 0.00966907 0.00814243
 1.01937e-16 5.43487e-05 0.000528288 0.00351066 0.015959 0.0496545 0.105795 0.154417 0.154446 0.105937 0.0501304 0.0173335 0.00695996 0.0080549 0.0143392 0.0235945 0.0339241 0.0425344 0.046613 0.0448589 0.0382569 0.0294147 0.0210197 0.0146104 0.0103673 0.00768577
 1.01943e-16 6.24874e-05 0.0006074 0.00403639 0.0183488 0.0570901 0.121637 0.177537 0.177556 0.121728 0.0573948 0.0192292 0.00624734 0.00543767 0.00924692 0.0152162 0.0219777 0.0277689 0.0308282 0.0303276 0.0268407 0.0219132 0.0171027 0.0132496 0.0104024 0.00821367
 1.03685e-16 3.42213e-05 0.000332643 0.00221053 0.0100488 0.0312658 0.0666169 0.0972395 0.0972882 0.0668549 0.0320648 0.0123564 0.00800213 0.0129733 0.0240339 0.0396596 0.0570819 0.0716833 0.0787702 0.0761663 0.0655002 0.0510881 0.0373532 0.0267917 0.0196543 0.0149294
 1.09669e-16 3.38731e-05 0.000329259 0.00218804 0.00994654 0.0309476 0.0659383 0.096246 0.0962802 0.0661053 0.0315089 0.011571 0.00627751 0.00929563 0.0171769 0.0286412 0.0419487 0.0541951 0.062388 0.0650698 0.0630339 0.058484 0.0533948 0.0484593 0.0432759 0.0372644
 1.12228e-16 4.3064e-05 0.000418598 0.00278173 0.0126454 0.0393446 0.0838287 0.122356 0.122383 0.0839609 0.0397889 0.0139308 0.00601557 0.00750252 0.0135694 0.0225579 0.0329512 0.0424223 0.0486311 0.0505333 0.0489563 0.0458851 0.0430542 0.0409864 0.0390764 0.0363765
 1.0425e-16 6.61186e-05 0.000642697 0.00427095 0.0194151 0.0604077 0.128705 0.187852 0.187865 0.12877 0.0606251 0.0200435 0.00584985 0.00409459 0.00663723 0.010909 0.0158068 0.02009 0.0225455 0.0226291 0.0207821 0.0181024 0.0156415 0.0138803 0.0126938 0.0116735
 1.00532e-16 7.53965e-05 0.00073288 0.00487025 0.0221394 0.0688841 0.146765 0.214209 0.214217 0.146801 0.0690041 0.0224861 0.00574008 0.00263051 0.00367576 0.00594806 0.00853917 0.0106922 0.0116921 0.0112116 0.00950499 0.00724038 0.00510756 0.00350314 0.00247328 0.00185684
 1.00322e-16 6.85299e-05 0.000666135 0.0044267 0.0201232 0.0626107 0.133399 0.194703 0.194719 0.133475 0.0628642 0.0208551 0.00626262 0.00466957 0.00765884 0.0125191 0.0179474 0.0223999 0.0243532 0.023105 0.0191972 0.0140687 0.00922453 0.00556005 0.00322284 0.00190012
 1.01144e-16 5.19403e-05 0.000504878 0.0033551 0.0152518 0.0474542 0.101107 0.147576 0.147608 0.101266 0.0479859 0.0167873 0.00720787 0.0089106 0.0160013 0.0263322 0.0378345 0.0473784 0.0518033 0.0496391 0.0419794 0.0317498 0.0219877 0.014466 0.00944863 0.00631272
 1.02073e-16 6.09968e-05 0.00059291 0.0039401 0.0179111 0.0557283 0.118736 0.173302 0.173322 0.118831 0.0560492 0.0188385 0.00626964 0.00568373 0.00974514 0.0160548 0.0232149 0.0293844 0.0327169 0.0323393 0.0288386 0.0238087 0.0188478 0.0148061 0.0117239 0.00925392
 1.00204e-16 7.97151e-05 0.000774859 0.00514921 0.0234076 0.0728297 0.155171 0.226478 0.22648 0.155185 0.0728738 0.0235351 0.00546922 0.00147328 0.00140566 0.00219638 0.00315315 0.0039584 0.00434797 0.00420144 0.0036092 0.00281045 0.00205038 0.0014674 0.00107532 0.000817624
 1.00048e-16 7.79416e-05 0.00075762 0.00503465 0.0228868 0.0712094 0.151719 0.22144 0.221445 0.151744 0.0712928 0.0231276 0.00563865 0.00207434 0.00257331 0.00411689 0.00589015 0.0073377 0.00795225 0.00750201 0.0061685 0.00443264 0.00279975 0.00157366 0.000807712 0.000397434
 1.00666e-16 3.03283e-05 0.000294802 0.00195906 0.00890566 0.0277091 0.0590394 0.0861821 0.0862413 0.0593284 0.0286791 0.0117057 0.00898177 0.0156064 0.0290536 0.0478357 0.0685586 0.0854802 0.0927678 0.0877282 0.0724504 0.0524821 0.0336447 0.0194266 0.010434 0.00547505
 1.01817e-16 7.1801e-05 0.000697932 0.004638 0.0210837 0.0655992 0.139766 0.203994 0.204001 0.1398 0.0657113 0.0214082 0.0054561 0.00249518 0.00351812 0.00578819 0.00852932 0.0111354 0.0130226 0.0138918 0.0138539 0.0132634 0.0124155 0.0113775 0.010062 0.00841954
 1.00854e-16 6.62159e-05 0.000643642 0.00427723 0.0194437 0.0604966 0.128895 0.18813 0.188147 0.128981 0.0607855 0.020278 0.00637001 0.00520751 0.00872008 0.0142754 0.0204742 0.0255722 0.0278428 0.0264962 0.0221592 0.0164741 0.011146 0.00716979 0.00467665 0.00327221
 1.00911e-16 6.32927e-05 0.000615228 0.00408841 0.0185853 0.0578259 0.123205 0.179825 0.179845 0.123303 0.0581539 0.0195324 0.00646496 0.00580102 0.00990537 0.0162575 0.0233704 0.0292958 0.0320889 0.0308452 0.0262332 0.0200421 0.0141238 0.0095508 0.00647281 0.00450527
 1.01039e-16 6.47844e-05 0.000629727 0.00418476 0.0190233 0.0591887 0.126108 0.184063 0.184081 0.126196 0.0594835 0.0198748 0.00632187 0.00529414 0.00892058 0.0146374 0.0210608 0.0264429 0.0290442 0.028055 0.0240684 0.0186714 0.0134968 0.00947639 0.0067232 0.00488938
 1.01347e-16 5.89941e-05 0.000573443 0.00381073 0.0173231 0.0538986 0.114838 0.167614 0.167638 0.114956 0.0542948 0.0184673 0.00668241 0.00684026 0.0119546 0.0196534 0.0282659 0.0354588 0.0388909 0.0374742 0.0320157 0.0246671 0.0176469 0.0122268 0.00856553 0.00618574
 1.03932e-16 3.09036e-05 0.000300394 0.00199623 0.00907458 0.0282347 0.0601588 0.0878142 0.0878648 0.0604064 0.0290659 0.0114756 0.00802378 0.0134611 0.0250325 0.0413525 0.0596053 0.0750284 0.0827669 0.0805495 0.0700075 0.0555141 0.0415315 0.0305509 0.0228121 0.0173415
 1.0228e-16 7.22208e-05 0.000702012 0.00466512 0.021207 0.0659827 0.140583 0.205187 0.205194 0.140616 0.0660926 0.021525 0.00546622 0.00246006 0.00343815 0.00564033 0.00828289 0.0107598 0.0124957 0.0132109 0.0130508 0.0124162 0.0116479 0.0108335 0.00986096 0.00860972
 1.00922e-16 6.50189e-05 0.000632007 0.00419991 0.0190922 0.059403 0.126565 0.184729 0.184748 0.126658 0.0597143 0.0199909 0.00645434 0.0055483 0.00938683 0.0153759 0.0220512 0.0275374 0.0299736 0.0285081 0.0238164 0.0176701 0.0119103 0.00761416 0.0049277 0.00342801
 1.02296e-16 3.79007e-05 0.000368408 0.00244821 0.0111292 0.0346274 0.073779 0.107692 0.107738 0.0740041 0.0353833 0.0133124 0.00792712 0.0123252 0.0227349 0.0374953 0.0539364 0.0676657 0.0742173 0.0715076 0.061064 0.0469801 0.0334838 0.023011 0.0158895 0.0112417
 1.01977e-16 7.05206e-05 0.000685485 0.00455529 0.0207077 0.0644294 0.137274 0.200357 0.200366 0.137317 0.0645756 0.0211306 0.00561937 0.00301662 0.00452188 0.00742668 0.0108372 0.0139305 0.015907 0.0163804 0.0155698 0.0140845 0.0124908 0.0110226 0.00961129 0.0081123
 1.014e-16 5.71994e-05 0.000555998 0.0036948 0.0167961 0.0522589 0.111344 0.162516 0.162543 0.111477 0.0527048 0.0180835 0.00692457 0.00760021 0.0134167 0.0220409 0.0316306 0.0395366 0.0431019 0.0411071 0.0345096 0.0258249 0.0176622 0.01154 0.00765703 0.00541625
 1.03431e-16 3.9535e-05 0.000384295 0.00255377 0.0116091 0.0361205 0.07696 0.112334 0.112375 0.0771618 0.0367981 0.0135669 0.00746957 0.0111206 0.0204442 0.0337728 0.0487303 0.0614455 0.0679765 0.0664682 0.0582156 0.0467165 0.0355278 0.0266181 0.0201676 0.0154233
 1.04126e-16 5.94126e-05 0.000577512 0.00383777 0.017446 0.0542809 0.115652 0.168801 0.168819 0.115738 0.0545713 0.0182858 0.00595003 0.00520234 0.0088831 0.0146967 0.0214109 0.0274373 0.031182 0.0318871 0.0300267 0.0268772 0.0236362 0.0208148 0.018271 0.0156561
 1.03032e-16 5.56526e-05 0.000540963 0.00359489 0.0163419 0.0508458 0.108333 0.158121 0.158147 0.108462 0.0512774 0.0175885 0.00672391 0.00737089 0.0130248 0.0214395 0.0308682 0.0387974 0.0427054 0.041436 0.0358866 0.0283951 0.0213361 0.0160158 0.012505 0.0101865
 1.02737e-16 5.55445e-05 0.000539912 0.00358791 0.0163101 0.050747 0.108123 0.157814 0.157839 0.108248 0.0511663 0.0175215 0.00662966 0.00718325 0.0126816 0.020901 0.0301576 0.038035 0.0420994 0.0412146 0.0361952 0.0292165 0.02248 0.017187 0.0134148 0.010653
pSPR Fmed_Fpbrs
0.548084   0.218287 0.218287
Fs Fmed_Fpbrs
0.34   1.005 1.005
SSBpbr Bo_Bmed_Bpbrs
475436  236807  80009.5 80009.5
Ro
92147.4
SPR SPRFo_SPRFmed_SPRFpbrs
663286 363536 144786
Fref
1.005
Nvult_r0
 37853.1 8865.46 1711.67 210.667 111.041
CTP_r0
 16523.2 4443.79 857.968 105.596 55.6588
YTP_r0
282402
Np
 87113.5 14769.5 1307.66 249.852 54.7352
Nvult_p0
 72344 12780.6 1131.57 216.207 47.3645
CTP_p0
 31578.8 4212.06 804.788 155.382 22.5873
 31578.8 6406.24 567.198 108.373 23.7413
YTP_p0
 336639 367776
CBA_c0
298673
log_Ro
11.2511
likeval ReclasPelacesDesembMPH_pf_preclas_ppelaces_ptallas_desvR_qrecl_qpela
 22.5884 0.000392182 0.0207438 58.7447 263.314 137.084 119.27 0 22.651 0.000140035 0.000207231 0.0274781 0 0 0
q_reclas_q_pelaces
5.33096 7.65862
M
1
N
 144045 26002.8 30876.3 2741.54 0.14792
 94581.5 37315.1 6068.91 7206.38 639.897
 84398.4 18140.7 5896.88 959.066 1239.94
 126970 16259.5 2883.3 937.255 349.512
 92348.9 22327.7 2295.78 407.11 181.686
 195712 26923.5 6074.48 624.589 160.188
 68904.3 51721.1 6448.59 1454.93 187.966
 24256.6 10815.4 6301.8 785.71 200.174
 23362.3 7536.85 3195.88 1862.15 291.323
 31581.3 3987.79 1023.86 434.149 292.542
 53665.3 2381.94 187.754 48.2054 34.2142
 130484 15075.7 617.569 48.6792 21.369
 71454.5 23207.5 2160.19 88.4914 10.0372
 45309.8 11873.2 3044.6 283.396 12.926
 65348.2 1194.24 142.905 36.6446 3.5665
 279721 9234.62 126.975 15.1941 4.27536
 55103.9 52462.9 1417.57 19.4915 2.98869
 246347 11914.7 9685.46 261.706 4.15019
 288770 42405.5 1636.37 1330.21 36.5128
 229845 37951.7 4103.69 158.355 132.261
 274130 37456.6 4854.85 524.951 37.1761
 259174 56761.1 6537.3 847.316 98.1079
 43301.6 38453 6428.68 740.404 107.077
 128931 6081.6 4055.94 678.082 89.3904
 149875 22364.2 843.571 562.594 106.455
 43986.3 26876 3238.86 122.169 96.8941
 135961 8402.99 4225.28 509.194 34.4398
 122535 28067 1460.83 734.549 94.5087
 54674.7 27869.3 5532.99 287.981 163.437
 80881 11703.3 5078.23 1008.2 82.2554
 68445.6 17266.1 2125.06 922.097 198.003
 45581.1 10245.1 1978.03 243.45 128.32
pred_Ctot
 27713.5 6233.83 7402.21 657.25 0.0354619
 30149.6 14389.1 2340.24 2778.87 246.752
 26764.1 6961.84 2263.04 368.06 475.851
 44437.9 6830.68 1211.28 393.744 146.831
 12345.1 3767.39 387.37 68.6923 30.6562
 35790.3 6148.15 1387.14 142.629 36.5799
 26719.3 23842.7 2972.71 670.704 86.6498
 2415.75 1369.42 797.923 99.4852 25.3457
 8415.4 3250.34 1378.25 803.07 125.636
 17902.1 2556.51 656.379 278.327 187.544
 8196.61 457.314 36.0473 9.25507 6.56887
 45151 6267.9 256.762 20.239 8.88446
 26384.1 10235.9 952.768 39.0298 4.42698
 31982.6 9076.33 2327.4 216.638 9.88109
 27436.9 591.078 70.7298 18.1369 1.76521
 91474.9 3645.75 50.1287 5.99851 1.68788
 14987.7 17457.6 471.712 6.48598 0.994516
 88029.9 5101.09 4146.68 112.045 1.77684
 127221 21901.2 845.137 687.013 18.8578
 86343.6 17001.8 1838.39 70.9409 59.2509
 79335.1 13207.2 1711.82 185.098 13.1083
 105043 27223.8 3135.43 406.391 47.0547
 18258.5 19104.4 3193.93 367.851 53.1987
 45734.8 2586.37 1724.9 288.374 38.0158
 51428.2 9227.31 348.052 232.122 43.9227
 14086.6 10408.1 1254.29 47.3115 37.5235
 39510.5 2974.27 1495.55 180.231 12.1901
 30740.2 8657.22 450.59 226.571 29.1511
 15095.7 9404.76 1867.16 97.1817 55.1532
 22419.8 3964.01 1720.05 341.487 27.8607
 27556.5 8231.95 1013.16 439.628 94.4018
 12672 3479.64 671.819 82.6854 43.5828
F
 0.35073 0.455023 0.455023 0.455023 0.455023
 0.651303 0.844975 0.844975 0.844975 0.844975
 0.64687 0.839223 0.839223 0.839223 0.839223
 0.73812 0.957608 0.957608 0.957608 0.957608
 0.232575 0.301733 0.301733 0.301733 0.301733
 0.330778 0.429138 0.429138 0.429138 0.429138
 0.851752 1.10503 1.10503 1.10503 1.10503
 0.168886 0.219105 0.219105 0.219105 0.219105
 0.767888 0.996228 0.996228 0.996228 0.996228
 1.58465 2.05586 2.05586 2.05586 2.05586
 0.269687 0.349881 0.349881 0.349881 0.349881
 0.726773 0.942886 0.942886 0.942886 0.942886
 0.794773 1.03111 1.03111 1.03111 1.03111
 2.63601 3.41986 3.41986 3.41986 3.41986
 0.956771 1.24128 1.24128 1.24128 1.24128
 0.673685 0.874012 0.874012 0.874012 0.874012
 0.531449 0.68948 0.68948 0.68948 0.68948
 0.75946 0.985293 0.985293 0.985293 0.985293
 1.02932 1.33539 1.33539 1.33539 1.33539
 0.814221 1.05634 1.05634 1.05634 1.05634
 0.574751 0.745659 0.745659 0.745659 0.745659
 0.908062 1.17808 1.17808 1.17808 1.17808
 0.962921 1.24926 1.24926 1.24926 1.24926
 0.751819 0.975379 0.975379 0.975379 0.975379
 0.718566 0.932238 0.932238 0.932238 0.932238
 0.655291 0.850148 0.850148 0.850148 0.850148
 0.577776 0.749584 0.749584 0.749584 0.749584
 0.480873 0.623865 0.623865 0.623865 0.623865
 0.541533 0.702564 0.702564 0.702564 0.702564
 0.544235 0.706069 0.706069 0.706069 0.706069
 0.899244 1.16664 1.16664 1.16664 1.16664
 0.54625 0.708683 0.708683 0.708683 0.708683
YTP_r0W_actual
 142100 110206 23937.3 3938.73 2220.79
YTP_p0W_proyectada
 238104 73500.5 19371.2 4866.55 796.202
 238104 111789 13652.5 3394.24 836.881
CTP_r0_actual
 16523.2 4443.79 857.968 105.596 55.6588
CTP_p0_proyectada
 31578.8 4212.06 804.788 155.382 22.5873
 31578.8 6406.24 567.198 108.373 23.7413
Wmedp
 7.54 17.45 24.07 31.32 35.25
Frms_r0
 0.77465 1.005 1.005 1.005 1.005
Zrms_r0
 1.77465 2.005 2.005 2.005 2.005
nmprior
 7.29 8.9 8.7 0
nm_flota  nm_reclas  nm_pelaces    nm_pelaL
inf 9.70161 10.5712 27.1501
cv_recla  cv_pelaces  cv_mph
0.420451 0.723125 0.625805
 ------------------------------------------------
Talla a la edad & desviaci?n 
 8 13.2811 15.8009 17.003 17.5766
 0.8 1.32811 1.58009 1.7003 1.75766
