years
 1991 1992 1993 1994 1995 1996 1997 1998 1999 2000 2001 2002 2003 2004 2005 2006 2007 2008 2009 2010 2011 2012 2013 2014 2015 2016 2017 2018 2019 2020 2021 2022 2023
reclasobs
 0 0 0 0 0 0 0 0 0 252601 567819 844713 477998 351125 339783 2.1784e+06 2.13404e+06 4.81314e+06 1.55562e+06 2.62356e+06 3.21686e+06 3.843e+06 1.13348e+06 3.07943e+06 1.97215e+06 2.03268e+06 2.025e+06 2.42433e+06 2.27542e+06 1.05018e+06 2.36338e+06 3.18982e+06 1.53035e+06
reclaspred
 3.46069e+06 1.87599e+06 948561 985278 1.00691e+06 1.78568e+06 966154 825711 572158 372677 614185 987942 754783 252216 687871 1.97972e+06 1.83696e+06 2.62997e+06 1.79347e+06 1.49349e+06 3.10569e+06 2.5881e+06 1.78681e+06 2.88602e+06 2.28208e+06 1.99244e+06 2.50909e+06 2.91773e+06 2.44676e+06 1.86052e+06 1.58183e+06 1.39047e+06 1.40955e+06
pelacesobs
 0 0 0 0 0 0 0 0 0 0 0 0 0 0 0 552880 188675 0 991730 2.46772e+06 1.41603e+06 1.21717e+06 2.29649e+06 1.80582e+06 0 1.4828e+06 1.56532e+06 1.57751e+06 1.42118e+06 867257 1.10002e+06 1.06204e+06 0
pelacespred
 1.82653e+06 1.075e+06 525402 452909 508665 940946 433558 508887 315138 185759 340158 470187 379875 99178.7 378905 938798 882097 1.3786e+06 917974 661583 1.58298e+06 1.31285e+06 945895 1.71812e+06 1.2617e+06 1.11828e+06 1.64395e+06 1.70446e+06 1.30379e+06 1.12927e+06 832356 749929 744277
mphobs
 0 0 0 0 0 0 0 0 0 0 0 0 498337 0 5186 125008 0 168611 109162 213762 579715 649985 157893 87575 83554 210694 70296 0 107559 103333 445601 22526 28222
mphpred
 593459 397310 188371 104849 115439 141821 196365 100071 90924.7 54116.5 32091 86586.3 118117 57157.5 12391 71284.6 264798 233937 243634 319027 407628 619380 105991 79554.9 127475 108795 91101.5 107877 162605 122833 77337.5 72861.3 44933
desembarqueobs
 494567 514787 250237 358949 120608 361735 552515 73892 212993 205616 52469 317467 293654 387597 252695 516296 358380 742168 942051 627588 828172 859565 418607 520667 417249 300574 415391 372974 316634 284311 391294 218835 356480
desembarquepred
 494567 514011 250593 358979 120613 361737 552526 73897.3 213058 205673 52470.3 317450 293798 387929 252617 516170 358374 742098 941581 627297 828139 859532 418658 520684 417195 300581 415373 372929 316578 284228 391314 218865 356504
Reclutas
 164688 91387.5 91406.5 135690 109924 202828 78652.7 32922.5 31914.5 43433.6 94789.7 156328 69628.1 38110.2 97337.7 423183 82136.3 340357 264973 261743 370905 441723 71083 241067 243303 85856.9 221919 266158 103387 101952 113436 54245.9 150870
log_desv_Rt
 0.2755 -0.313443 -0.313235 0.0818213 -0.128767 0.483805 -0.46351 -1.33439 -1.36549 -1.05732 -0.276891 0.223402 -0.585383 -1.18807 -0.250365 1.21925 -0.420172 1.00144 0.751075 0.738809 1.08739 1.26213 -0.564703 0.656522 0.665755 -0.37587 0.573761 0.755538 -0.19007 -0.204047 -0.0973165 -0.835024 0.187863
SSB
 1.78202e+06 1.19303e+06 565634 314836 346635 425855 589638 300491 273025 162499 96361.6 259998 337675 166351 35931.6 207638 795127 702458 759654 454517 595237 951835 895415 642959 962878 873105 687940 783281 1.22422e+06 869721 629646 607686 345981
BT
 2.56561e+06 1.76452e+06 856465 829496 695422 1.4228e+06 1.00058e+06 667636 584003 416116 447967 819227 710364 514337 699662 1.53439e+06 1.31877e+06 2.28974e+06 2.00717e+06 1.30825e+06 2.57315e+06 2.33032e+06 1.47858e+06 2.53228e+06 1.87e+06 1.58176e+06 2.37929e+06 2.36614e+06 1.79539e+06 1.60389e+06 1.33614e+06 1.0689e+06 1.19947e+06
Ftot
 0.232151 0.428979 0.422624 0.633216 0.209006 0.37156 0.876232 0.15453 0.627193 0.912309 0.170215 0.576839 0.637446 2.12447 0.744343 0.520846 0.319379 0.508959 0.883211 0.75168 0.491944 0.582083 0.376693 0.339222 0.31708 0.251179 0.307711 0.242126 0.207926 0.257408 0.431031 0.260046 0.467927
BD_Bspro_t
 0.963537 0.755174 0.535265 0.433881 0.429694 0.530617 0.534488 0.332253 0.388143 0.316842 0.269263 0.585656 0.499925 0.283815 0.0874673 0.350348 0.552459 0.496578 0.460416 0.318108 0.331797 0.428182 0.43574 0.395858 0.530705 0.563573 0.560904 0.622228 0.702562 0.634999 0.585009 0.550755 0.525348
BD_Bspro
 1.97836 1.32447 0.627954 0.349523 0.384827 0.472774 0.654602 0.333598 0.303106 0.180403 0.106978 0.288644 0.374879 0.184679 0.0398904 0.230515 0.882732 0.779853 0.843351 0.504594 0.660818 1.0567 0.994069 0.713798 1.06897 0.969301 0.763735 0.869581 1.3591 0.965544 0.699018 0.674639 0.384101
BD_Bo
 1.51659 1.01533 0.481383 0.267941 0.295004 0.362424 0.501811 0.255733 0.232358 0.138295 0.0820086 0.221272 0.287379 0.141573 0.0305796 0.176711 0.676693 0.597827 0.646504 0.386817 0.506576 0.810059 0.762043 0.547191 0.819458 0.743057 0.585472 0.666612 1.04187 0.740177 0.53586 0.517172 0.294448
BD_Brms
 8.22081 5.50367 2.60938 1.4524 1.5991 1.96455 2.72012 1.38622 1.25952 0.749642 0.444536 1.19942 1.55776 0.76741 0.16576 0.957877 3.66808 3.24058 3.50444 2.09678 2.74595 4.39101 4.13073 2.9661 4.44195 4.02781 3.17361 3.61343 5.64757 4.0122 2.90468 2.80338 1.59608
Sel_flota
 0.701285 1 1 1 1
 0.701285 1 1 1 1
 0.701285 1 1 1 1
 0.701285 1 1 1 1
 0.701285 1 1 1 1
 0.701285 1 1 1 1
 0.701285 1 1 1 1
 0.701285 1 1 1 1
 0.701285 1 1 1 1
 0.701285 1 1 1 1
 0.701285 1 1 1 1
 0.701285 1 1 1 1
 0.701285 1 1 1 1
 0.701285 1 1 1 1
 0.701285 1 1 1 1
 0.701285 1 1 1 1
 0.701285 1 1 1 1
 0.701285 1 1 1 1
 0.701285 1 1 1 1
 0.701285 1 1 1 1
 0.701285 1 1 1 1
 0.701285 1 1 1 1
 0.701285 1 1 1 1
 0.701285 1 1 1 1
 0.701285 1 1 1 1
 0.701285 1 1 1 1
 0.701285 1 1 1 1
 0.701285 1 1 1 1
 0.701285 1 1 1 1
 0.701285 1 1 1 1
 0.701285 1 1 1 1
 0.701285 1 1 1 1
 0.701285 1 1 1 1
Sel_reclas
 1 1 1 1 1
 1 1 1 1 1
 1 1 1 1 1
 1 1 1 1 1
 1 1 1 1 1
 1 1 1 1 1
 1 1 1 1 1
 1 1 1 1 1
 1 1 1 1 1
 1 1 1 1 1
 1 1 1 1 1
 1 1 1 1 1
 1 1 1 1 1
 1 1 1 1 1
 1 1 1 1 1
 1 1 1 1 1
 1 1 1 1 1
 1 1 1 1 1
 1 1 1 1 1
 1 1 1 1 1
 1 1 1 1 1
 1 1 1 1 1
 1 1 1 1 1
 1 1 1 1 1
 1 1 1 1 1
 1 1 1 1 1
 1 1 1 1 1
 1 1 1 1 1
 1 1 1 1 1
 1 1 1 1 1
 1 1 1 1 1
 1 1 1 1 1
 1 1 1 1 1
Sel_pelaces
 0.984302 1 1 1 1
 0.984302 1 1 1 1
 0.984302 1 1 1 1
 0.984302 1 1 1 1
 0.984302 1 1 1 1
 0.984302 1 1 1 1
 0.984302 1 1 1 1
 0.984302 1 1 1 1
 0.984302 1 1 1 1
 0.984302 1 1 1 1
 0.984302 1 1 1 1
 0.984302 1 1 1 1
 0.984302 1 1 1 1
 0.984302 1 1 1 1
 0.984302 1 1 1 1
 0.984302 1 1 1 1
 0.984302 1 1 1 1
 0.984302 1 1 1 1
 0.984302 1 1 1 1
 0.984302 1 1 1 1
 0.984302 1 1 1 1
 0.984302 1 1 1 1
 0.984302 1 1 1 1
 0.984302 1 1 1 1
 0.984302 1 1 1 1
 0.984302 1 1 1 1
 0.984302 1 1 1 1
 0.984302 1 1 1 1
 0.984302 1 1 1 1
 0.984302 1 1 1 1
 0.984302 1 1 1 1
 0.984302 1 1 1 1
 0.984302 1 1 1 1
pf_obs 
 0.8446 0.082 0.0669 0.0065 0
 0.8095 0.147 0.0364 0.0071 0
 0.9664 0.0169 0.016 0.0007 0
 0.9276 0.0648 0.0075 0.0001 0
 0.7033 0.2144 0.0806 0.0017 0
 0.9318 0.0425 0.0243 0.0014 0
 0.5671 0.3108 0.0964 0.0239 0.0018
 0.0768 0.2599 0.5324 0.112 0.0189
 0.490249 0.384438 0.106611 0.0170017 0.00170017
 0.7925 0.1577 0.0466 0.003 0.0002
 0.840416 0.127587 0.0312969 0.00059994 9.999e-05
 0.8084 0.0986 0.0794 0.0134 0.0002
 0.7335 0.1905 0.0724 0.0035 0.0001
 0.4001 0.4547 0.1325 0.0127 0
 0.49795 0.308269 0.164784 0.0264974 0.00249975
 0.9179 0.0499 0.0305 0.0017 0
 0.2467 0.6533 0.0926 0.0074 0
 0.9418 0.0223 0.034 0.0019 0
 0.707729 0.231977 0.0356964 0.0245975 0
 0.517169 0.277429 0.184464 0.0207286 0.00020938
 0.811772 0.124168 0.05621 0.00726502 0.000585176
 0.764997 0.148141 0.077277 0.00933861 0.000247198
 0.163321 0.427699 0.378323 0.0303852 0.000271297
 0.753843 0.0900009 0.118128 0.0371064 0.000921714
 0.721811 0.176058 0.0630433 0.0369309 0.00215725
 0.143369 0.312575 0.442814 0.0836902 0.0175525
 0.692698 0.0596174 0.167031 0.0765114 0.00414204
 0.394062 0.376323 0.152708 0.0712218 0.00568511
 0.125707 0.32114 0.495352 0.0537591 0.00404204
 0.23352 0.215282 0.420074 0.123614 0.00750983
 0.796117 0.104755 0.0508955 0.0450114 0.00322123
 0.162477 0.292055 0.404252 0.121198 0.0200186
 0 0 0 0 0
pf_pred 
 0.502182 0.142924 0.331221 0.0236717 8.57165e-07
 0.439779 0.33607 0.0643541 0.149138 0.010659
 0.597063 0.22065 0.109352 0.0209398 0.0519954
 0.739705 0.180987 0.0434293 0.0215232 0.0143555
 0.66942 0.271117 0.0413454 0.00992119 0.00819629
 0.761339 0.178951 0.0489698 0.00746791 0.00327242
 0.466579 0.442482 0.0681877 0.0186595 0.00409251
 0.47247 0.314314 0.176866 0.0272556 0.0090943
 0.556426 0.25176 0.114287 0.06431 0.0132171
 0.747875 0.168368 0.0475379 0.0215799 0.0146388
 0.87045 0.10809 0.014331 0.00404629 0.00308283
 0.774494 0.204769 0.017302 0.00229397 0.00114116
 0.535957 0.392092 0.0653346 0.00552046 0.00109603
 0.560619 0.285461 0.130054 0.021671 0.00219464
 0.945538 0.0403199 0.00918791 0.00418594 0.000768144
 0.934745 0.0630417 0.00163867 0.000373411 0.000201342
 0.346452 0.625715 0.0268884 0.000698921 0.000245143
 0.823284 0.0785782 0.0939586 0.00403762 0.000141762
 0.672278 0.288213 0.017568 0.0210066 0.000934396
 0.746765 0.196485 0.0499089 0.00304218 0.00379944
 0.800577 0.165304 0.0264731 0.00672441 0.000921798
 0.747033 0.218149 0.0288612 0.00462207 0.00133499
 0.284448 0.589806 0.108439 0.0143465 0.00296118
 0.767981 0.0876312 0.119014 0.0218813 0.00349244
 0.678777 0.267846 0.0201598 0.0273795 0.0058373
 0.397318 0.458854 0.119928 0.00902652 0.0148728
 0.751355 0.123273 0.0954525 0.0249479 0.00497162
 0.705431 0.241535 0.0262934 0.0203595 0.00638166
 0.412715 0.458659 0.105468 0.0114812 0.0116767
 0.533458 0.237831 0.17862 0.0410734 0.00901861
 0.627506 0.234908 0.0701379 0.0526761 0.0147725
 0.478833 0.376342 0.0913316 0.0272694 0.0262238
 0.79531 0.118416 0.0622998 0.0151191 0.00885529
pobs_RECLAS
 0 0 0 0 0
 0 0 0 0 0
 0 0 0 0 0
 0 0 0 0 0
 0 0 0 0 0
 0 0 0 0 0
 0 0 0 0 0
 0 0 0 0 0
 0 0 0 0 0
 0 0 0 0 0
 0.991045 0.00858322 0.000360255 1.14367e-05 0
 0.934742 0.0480273 0.0164251 0.00080598 0
 0.827803 0.169806 0.00239088 0 0
 0.941827 0.0461693 0.0120037 0 0
 0.791401 0.0380133 0.147996 0.0225897 0
 0.846168 0.0940531 0.0597789 0 0
 0.134021 0.677848 0.182769 0.00536245 0
 0.80878 0.0450904 0.141981 0.00414843 0
 0.846168 0.0940531 0.0597789 0 0
 0.905697 0.0802665 0.012482 0.00150086 5.37128e-05
 0.989698 0.0102097 9.19794e-05 0 0
 0.975433 0.0193895 0.00387452 0.00125025 5.28907e-05
 0.303575 0.632131 0.0575291 0.00676475 0
 0.966965 0.00978017 0.0227588 0.000495775 0
 0.843318 0.132988 0.00938335 0.0141283 0.000182051
 0.564624 0.303363 0.111486 0.0197234 0.00080311
 0.826376 0.0876187 0.0782897 0.00655872 0.00115652
 0.89761 0.0855135 0.0140674 0.00269457 0.000114338
 0.34875 0.467042 0.161289 0.0227151 0.000203297
 0.318654 0.224769 0.449479 0.00709798 0
 0.937255 0.0296025 0.0250945 0.00804832 0
 0.456809 0.399803 0.12412 0.0192676 0
 0.883104 0.0372192 0.0704036 0.00927362 0
ppred_RECLAS
 0.591538 0.11727 0.271769 0.0194227 7.03307e-07
 0.531688 0.280935 0.0537963 0.124671 0.00891027
 0.68178 0.174259 0.086361 0.0165373 0.0410635
 0.805749 0.135066 0.0324101 0.0160622 0.0107131
 0.743911 0.210025 0.0320289 0.00768562 0.00634939
 0.821524 0.133823 0.0366206 0.00558466 0.00244719
 0.563951 0.36171 0.0557405 0.0152533 0.00334545
 0.561898 0.26103 0.146883 0.0226352 0.0075526
 0.646699 0.200524 0.0910281 0.0512221 0.0105273
 0.814649 0.123777 0.0349479 0.0158646 0.0107618
 0.905897 0.0785148 0.0104098 0.00293917 0.00223933
 0.833322 0.151351 0.0127884 0.00169554 0.000843469
 0.627725 0.314553 0.0524142 0.00442875 0.000879284
 0.674891 0.21122 0.0962301 0.0160349 0.00162387
 0.962243 0.0279531 0.00636981 0.00290204 0.00053254
 0.954126 0.0443179 0.00115197 0.000262506 0.000141542
 0.432912 0.542938 0.0233313 0.000606459 0.000212712
 0.871149 0.0572946 0.068509 0.00294399 0.000103365
 0.75213 0.217988 0.0132874 0.0158882 0.000706722
 0.812396 0.145562 0.036974 0.00225374 0.00281475
 0.853405 0.121514 0.0194603 0.00494309 0.000677611
 0.811317 0.162713 0.0215271 0.00344752 0.000995746
 0.36456 0.523772 0.0962982 0.0127403 0.00262965
 0.826694 0.0654558 0.0888972 0.0163442 0.00260867
 0.752643 0.206254 0.015524 0.0210835 0.00449499
 0.486403 0.391029 0.102201 0.00769228 0.0126744
 0.813074 0.0926737 0.0717591 0.0187553 0.00373756
 0.774733 0.18471 0.0201074 0.0155696 0.00488026
 0.502011 0.388921 0.0894319 0.00973552 0.00990132
 0.621635 0.19288 0.14486 0.0333104 0.00731407
 0.709013 0.183506 0.0547906 0.0411497 0.01154
 0.569016 0.31122 0.0755275 0.0225507 0.0216861
 0.849137 0.0872763 0.0459168 0.0111432 0.00652661
pobs_PELACES
 0 0 0 0 0
 0 0 0 0 0
 0 0 0 0 0
 0 0 0 0 0
 0 0 0 0 0
 0 0 0 0 0
 0 0 0 0 0
 0 0 0 0 0
 0 0 0 0 0
 0 0 0 0 0
 0 0 0 0 0
 0 0 0 0 0
 0 0 0 0 0
 0 0 0 0 0
 0 0 0 0 0
 0 0 0 0 0
 0.505614 0.472636 0.0217494 0 0
 0 0 0 0 0
 0.443492 0.261883 0.143347 0.151278 0
 0.227955 0.32914 0.350689 0.0885471 0.00366901
 0.970185 0.0296113 0.000203453 0 0
 0.997202 0.00247181 0.000326279 0 0
 0.445219 0.490057 0.0546422 0.010081 0
 0.90214 0.0892962 0.00764917 0.000914606 0
 0 0 0 0 0
 0.581667 0.319106 0.0959925 0.00289975 0.000334073
 0.762889 0.0836404 0.116647 0.0363945 0.000428098
 0.88444 0.0763242 0.0277011 0.0115352 0
 0.521256 0.241999 0.230069 0.00667565 0
 0.616807 0.101726 0.260614 0.0208532 0
 0.833518 0.0704572 0.0857862 0.0102388 0
 0.697417 0.212968 0.0787535 0.0105354 0.000325836
 0 0 0 0 0
ppred_PELACES
 0.593243 0.116781 0.270634 0.0193416 7.00371e-07
 0.538271 0.276986 0.05304 0.122918 0.00878501
 0.687359 0.171203 0.0848469 0.0162473 0.0403436
 0.812939 0.130067 0.0312106 0.0154677 0.0103166
 0.74482 0.209279 0.0319152 0.00765832 0.00632684
 0.824554 0.131552 0.0359989 0.00548985 0.00240564
 0.581216 0.347388 0.0535336 0.0146494 0.00321299
 0.561753 0.261117 0.146932 0.0226427 0.00755511
 0.657137 0.194599 0.0883386 0.0497087 0.0102162
 0.825579 0.116478 0.032887 0.0149291 0.0101272
 0.905978 0.0784468 0.0104008 0.00293662 0.00223739
 0.838944 0.146245 0.012357 0.00163835 0.000815016
 0.638644 0.305327 0.0508769 0.00429885 0.000853494
 0.715854 0.184607 0.0841053 0.0140145 0.00141926
 0.964279 0.0264456 0.0060263 0.00274553 0.000503821
 0.955656 0.0428399 0.00111355 0.000253751 0.000136822
 0.43676 0.539253 0.0231729 0.000602343 0.000211269
 0.874956 0.0556019 0.0664851 0.00285702 0.000100311
 0.765172 0.206518 0.0125883 0.0150522 0.000669538
 0.821116 0.138796 0.0352554 0.00214898 0.00268391
 0.857445 0.118165 0.018924 0.00480686 0.000658935
 0.817596 0.157298 0.0208106 0.00333279 0.000962607
 0.36951 0.519692 0.0955479 0.0126411 0.00260916
 0.829203 0.0645081 0.08761 0.0161075 0.00257089
 0.755506 0.203868 0.0153443 0.0208395 0.00444298
 0.488636 0.389329 0.101757 0.00765884 0.0126193
 0.81527 0.0915854 0.0709164 0.018535 0.00369366
 0.776134 0.183561 0.0199824 0.0154727 0.00484991
 0.503179 0.388008 0.0892221 0.00971268 0.00987809
 0.623879 0.191736 0.144001 0.0331129 0.0072707
 0.714484 0.180056 0.0537605 0.0403761 0.0113231
 0.57142 0.309484 0.0751062 0.0224249 0.0215651
 0.852978 0.0850542 0.0447477 0.0108595 0.00636044
pobs_pel_tallas
 0 0 0 0 0 0 0 0 0 0 0 0 0 0 0 0 0 0 0 0 0 0 0 0 0 0
 0 0 0 0 0 0 0 0 0 0 0 0 0 0 0 0 0 0 0 0 0 0 0 0 0 0
 0 0 0 0 0 0 0 0 0 0 0 0 0 0 0 0 0 0 0 0 0 0 0 0 0 0
 0 0 0 0 0 0 0 0 0 0 0 0 0 0 0 0 0 0 0 0 0 0 0 0 0 0
 0 0 0 0 0 0 0 0 0 0 0 0 0 0 0 0 0 0 0 0 0 0 0 0 0 0
 0 0 0 0 0 0 0 0 0 0 0 0 0 0 0 0 0 0 0 0 0 0 0 0 0 0
 0 0 0 0 0 0 0 0 0 0 0 0 0 0 0 0 0 0 0 0 0 0 0 0 0 0
 0 0 0 0 0 0 0 0 0 0 0 0 0 0 0 0 0 0 0 0 0 0 0 0 0 0
 0 0 0 0 0 0 0 0 0 0 0 0 0 0 0 0 0 0 0 0 0 0 0 0 0 0
 0 0 0 0 0 0 0 0 0 0 0 0 0 0 0 0 0 0 0 0 0 0 0 0 0 0
 0 0 0 0 0 0 0 0 0 0 0 0 0 0 0 0 0 0 0 0 0 0 0 0 0 0
 0 0 0 0 0 0 0 0 0 0 0 0 0 0 0 0 0 0 0 0 0 0 0 0 0 0
 0.00862536 0 0 0.000197151 0.00414017 0.0128641 0.00837892 0.0270097 0.101434 0.158115 0.152841 0.127902 0.109271 0.109419 0.0830992 0.0579132 0.0238553 0.00714673 0.00463305 0.00128148 0.00103504 0.000492878 0.000147863 0.000147863 4.92878e-05 0
 0 0 0 0 0 0 0 0 0 0 0 0 0 0 0 0 0 0 0 0 0 0 0 0 0 0
 0 0 0 0 0 0 0 0.0054083 0.00873648 0.0413646 0.0450493 0.0745869 0.0622846 0.0627006 0.0613931 0.0827291 0.12552 0.122667 0.0946155 0.0697135 0.0546179 0.0294188 0.0215738 0.0213955 0.0102223 0.00600262
 0 0 0 0 0.00359764 0.0251062 0.0480494 0.140153 0.205849 0.193036 0.1447 0.116669 0.0760912 0.0342217 0.00950174 0.001854 0.000860785 0 0 0 0.000165536 0 0.000143464 0 0 0
 0 0 0 0 0 0 0 0.000145254 0.000435761 0.0275982 0.070085 0.0708112 0.156366 0.174668 0.174014 0.160142 0.0824315 0.0480064 0.0283245 0.00493863 0.00203355 0 0 0 0 0
 0 0 0 0 0 0 0 0 0 0 0 0 0 0 0 0 0 0 0 0 0 0 0 0 0 0
 0 0 1.00437e-05 0.000401748 0.00122533 0.00171747 0.00176769 0.0269171 0.070346 0.194647 0.189555 0.159765 0.064822 0.0314167 0.0384472 0.0292271 0.0345202 0.0313363 0.0194345 0.0106764 0.0143323 0.0359363 0.0279516 0.0138201 0.00172751 0
 0 0.0021121 0.0136068 0.0755702 0.200478 0.177729 0.0527432 0.0373336 0.0318909 0.0142505 0.0149659 0.0166563 0.0217959 0.0798694 0.0677717 0.0528807 0.04013 0.0224614 0.0357745 0.0225083 0.00881397 0.00855152 0.00135912 0.000746735 0 0
 0 0 0 0 5.4009e-05 0.00500934 0.000945158 0.0243581 0.138947 0.33067 0.221406 0.137944 0.0707744 0.0437923 0.0131692 0.00525238 0.0047753 0.00276346 9.45158e-05 9.00151e-06 2.25038e-05 9.00151e-06 4.50075e-06 0 0 0
 0.000866109 0.00284123 0.00948549 0.0512746 0.133035 0.25785 0.225252 0.132002 0.0553304 0.0519788 0.0540692 0.017754 0.00435017 0.00159236 0.00146478 0.000404838 0.000125132 0.000115318 0.000107957 0.000100596 0 0 0 0 0 0
 0 0 0 0 0.00144013 0.00171154 0.00461396 0.0210425 0.0478622 0.0707936 0.0888783 0.103762 0.0637923 0.0337046 0.0602308 0.124433 0.169614 0.0934646 0.0462172 0.0250306 0.0313229 0.00938855 0.002487 0.000210481 0 0
 0 0.00764035 0.051015 0.0998891 0.058973 0.0496711 0.0374665 0.0718981 0.12319 0.153886 0.159021 0.0857701 0.0377988 0.023471 0.0147837 0.00900784 0.00315554 0.000888139 0.00291439 0.00214683 0.00393193 0.00274676 0.000635225 9.99891e-05 0 0
 0 0 0 0 0 0 0 0 0 0 0 0 0 0 0 0 0 0 0 0 0 0 0 0 0 0
 0 0 0 0 0 0 0 0 0 0 0 0 0 0 0 0 0 0 0 0 0 0 0 0 0 0
 0 0 0 0 0 0 0 0 0 0 0 0 0 0 0 0 0 0 0 0 0 0 0 0 0 0
 0 0 0 0 0 0 0 0 0 0 0 0 0 0 0 0 0 0 0 0 0 0 0 0 0 0
 0 0 0 0 0 0 0 0 0 0 0 0 0 0 0 0 0 0 0 0 0 0 0 0 0 0
 0 0 0 0 0 0 0 0 0 0 0 0 0 0 0 0 0 0 0 0 0 0 0 0 0 0
 0 0 0 0 0 0 0 0 0 0 0 0 0 0 0 0 0 0 0 0 0 0 0 0 0 0
 0 0 0 0 0 0 0 0 0 0 0 0 0 0 0 0 0 0 0 0 0 0 0 0 0 0
 0 0 0 0 0 0 0 0 0 0 0 0 0 0 0 0 0 0 0 0 0 0 0 0 0 0
ppred_pel_tallas
 1.0978e-16 4.88647e-05 0.000474982 0.00315642 0.0143486 0.044644 0.0951192 0.138832 0.138843 0.0951764 0.044837 0.014911 0.0045872 0.00366138 0.00628467 0.010792 0.0166555 0.0232588 0.0299201 0.0361883 0.041863 0.0466534 0.0498505 0.0504468 0.0477078 0.0417388
 1.15416e-16 4.43367e-05 0.000430969 0.00286394 0.0130191 0.0405073 0.0863061 0.125972 0.125999 0.0864369 0.0409467 0.014289 0.00605539 0.00741083 0.0133404 0.022096 0.0321071 0.0410165 0.0465053 0.0476434 0.0454877 0.0423327 0.0401854 0.0396471 0.0398882 0.0394689
 1.10949e-16 5.66169e-05 0.000550336 0.00365718 0.016625 0.0517267 0.11021 0.160858 0.160874 0.110291 0.0519996 0.0174147 0.00564469 0.00490666 0.00838226 0.0139064 0.0203568 0.0263052 0.0303402 0.0318437 0.0313358 0.0300326 0.0289825 0.0284743 0.028083 0.0271428
 1.04232e-16 6.69607e-05 0.000650882 0.00432534 0.0196624 0.061177 0.130345 0.190244 0.190257 0.130406 0.0613832 0.0202583 0.00582263 0.00392396 0.00629658 0.0103397 0.0149757 0.0190229 0.0213305 0.0213869 0.0196196 0.0170829 0.0147854 0.0131864 0.0121582 0.0112929
 1.02814e-16 6.13499e-05 0.000596343 0.00396291 0.0180148 0.0560509 0.119423 0.174306 0.174326 0.119522 0.056382 0.018971 0.00636339 0.00583745 0.0100177 0.016471 0.0237376 0.0298867 0.0329934 0.0321732 0.0281035 0.0225524 0.0173082 0.0133435 0.0106973 0.0088988
 1.02031e-16 6.79174e-05 0.000660182 0.00438714 0.0199433 0.0620511 0.132207 0.192963 0.192975 0.132269 0.0622597 0.0205462 0.00590172 0.0039709 0.00636839 0.0104541 0.0151307 0.0191889 0.021439 0.0213239 0.0192292 0.0161834 0.0132035 0.010809 0.00898757 0.00748033
 1.03647e-16 4.7874e-05 0.000465353 0.00309243 0.0140578 0.0437391 0.0931921 0.136024 0.136057 0.0933558 0.0442886 0.015645 0.00707704 0.00916509 0.0165741 0.0273348 0.039396 0.0495918 0.0547223 0.0533071 0.0464544 0.0370831 0.0281532 0.0212875 0.0165821 0.0133066
 1.07857e-16 4.62709e-05 0.00044977 0.00298888 0.013587 0.0422744 0.0900711 0.131467 0.131492 0.090195 0.042691 0.0147925 0.0060233 0.00710209 0.0127628 0.0212417 0.0310978 0.0401565 0.0461989 0.0481564 0.046643 0.0433261 0.0396967 0.0362709 0.0327191 0.0285501
 1.09314e-16 5.41276e-05 0.000526139 0.00349638 0.0158941 0.0494524 0.105364 0.153786 0.153805 0.105457 0.0497625 0.0167911 0.00575357 0.00547233 0.00950351 0.0157734 0.0230691 0.0297643 0.0342418 0.0357837 0.0349624 0.0331377 0.0314764 0.0302918 0.0291166 0.0272647
 1.0419e-16 6.80019e-05 0.000661002 0.00439259 0.0199681 0.0621282 0.132371 0.193202 0.193213 0.132426 0.0623131 0.0205024 0.00573536 0.00359762 0.00566115 0.00929413 0.0134845 0.0171791 0.0193574 0.019566 0.0181802 0.0161208 0.0142558 0.0129589 0.012089 0.0112738
 1.00994e-16 7.46243e-05 0.000725374 0.00482037 0.0219127 0.0681786 0.145262 0.212016 0.212023 0.145299 0.0683026 0.022271 0.00571961 0.00268836 0.00380253 0.00616788 0.00887723 0.0111627 0.0122972 0.0119487 0.0103747 0.00824552 0.00624157 0.00473663 0.00374985 0.00310268
 1.00697e-16 6.91027e-05 0.000671703 0.00446371 0.0202914 0.063134 0.134514 0.19633 0.196345 0.134583 0.063365 0.0209583 0.00613709 0.00432239 0.00699557 0.0114376 0.0164269 0.0205664 0.0224819 0.0215384 0.0182177 0.0137983 0.00960533 0.00640801 0.00431121 0.00302758
 1.02122e-16 5.26043e-05 0.000511333 0.00339799 0.0154468 0.0480608 0.1024 0.149462 0.149491 0.102544 0.0485438 0.016842 0.0069006 0.00815884 0.0145802 0.0240295 0.0346289 0.0435807 0.0480583 0.0467382 0.0405663 0.0320848 0.0238918 0.0174449 0.0128958 0.00968994
 1.0412e-16 5.8964e-05 0.000573151 0.00380879 0.0173142 0.0538711 0.114779 0.167527 0.167544 0.114866 0.0541649 0.0181641 0.00594665 0.00525484 0.00899348 0.0148872 0.0217019 0.0278366 0.0316818 0.0324673 0.0306606 0.0275328 0.0242735 0.0213865 0.0187311 0.0159744
 1.00542e-16 7.94264e-05 0.000772053 0.00513056 0.0233228 0.0725659 0.154609 0.225657 0.22566 0.154622 0.0726078 0.0234439 0.00543476 0.00143683 0.00134411 0.00210206 0.0030339 0.003844 0.00429051 0.00426471 0.00384965 0.00325833 0.00269903 0.00227409 0.00197174 0.00172551
 1.00092e-16 7.87161e-05 0.000765149 0.00508468 0.0231142 0.071917 0.153227 0.22364 0.223644 0.153247 0.0719845 0.0233093 0.00557395 0.00183191 0.00210083 0.00333836 0.00477755 0.00595752 0.0064679 0.00612164 0.00506507 0.00368518 0.00238721 0.00141273 0.000801412 0.000467209
 1.00903e-16 3.59755e-05 0.000349694 0.00232384 0.0105639 0.0328685 0.0700317 0.102224 0.102276 0.0702851 0.0337193 0.0130203 0.0084855 0.0137861 0.0255111 0.0420047 0.0602387 0.0751866 0.0817463 0.077558 0.0644344 0.0471977 0.0308951 0.0185329 0.0106156 0.00610889
 1.02237e-16 7.2069e-05 0.000700536 0.00465531 0.0211624 0.065844 0.140288 0.204755 0.204761 0.140314 0.0659338 0.0214229 0.00531373 0.00215219 0.00287084 0.00474065 0.00707392 0.00941725 0.0113399 0.0126091 0.0132658 0.0134853 0.0133576 0.0128025 0.0116817 0.00998073
 1.02039e-16 6.30262e-05 0.000612637 0.00407119 0.0185071 0.0575824 0.122686 0.179068 0.179088 0.122783 0.0579085 0.0194486 0.00643366 0.00576648 0.00984117 0.0161443 0.0231926 0.0290486 0.0317895 0.0305443 0.0260242 0.0200595 0.0145207 0.0104537 0.00792663 0.00643527
 1.01723e-16 6.76343e-05 0.000657429 0.00436885 0.0198602 0.0617924 0.131656 0.192158 0.192172 0.131721 0.0620124 0.0204958 0.00596553 0.00414667 0.00670501 0.0110053 0.0159106 0.0201389 0.0224245 0.0221722 0.0197896 0.0163755 0.0130303 0.0103375 0.00831789 0.00671916
 1.0117e-16 7.06266e-05 0.000686516 0.00456214 0.0207388 0.0645263 0.13748 0.200659 0.200671 0.137536 0.0647132 0.0212788 0.00591773 0.00364636 0.00569362 0.00930535 0.0134081 0.0168821 0.0186355 0.0181635 0.0158399 0.012653 0.00960566 0.00724788 0.00561463 0.00446385
 1.01138e-16 6.73443e-05 0.000654611 0.00435012 0.019775 0.0615275 0.131091 0.191335 0.19135 0.131165 0.0617762 0.0204932 0.0061528 0.00458934 0.0075385 0.0123517 0.0177758 0.0223296 0.0245496 0.0237568 0.0204545 0.0159805 0.0117061 0.00840597 0.00616069 0.00466215
 1.046e-16 3.04362e-05 0.000295851 0.00196603 0.00893733 0.0278076 0.0592489 0.0864861 0.0865362 0.0594939 0.0286301 0.0113133 0.00793151 0.0133234 0.0247861 0.0409642 0.059089 0.0744705 0.0823258 0.0804172 0.0703453 0.0563943 0.042914 0.0322999 0.024739 0.0192539
 1.04596e-16 6.83004e-05 0.000663904 0.00441188 0.0200558 0.0624009 0.132952 0.194049 0.194055 0.132983 0.0625056 0.0203596 0.00518082 0.00236283 0.00335452 0.00559353 0.00841537 0.0113447 0.0139259 0.0159225 0.0173845 0.0184677 0.019175 0.0192737 0.0184636 0.0166304
 1.03337e-16 6.223e-05 0.000604898 0.00401976 0.0182733 0.056855 0.121136 0.176806 0.176826 0.121232 0.0571771 0.0192033 0.00635371 0.00569791 0.00972921 0.0159724 0.0229745 0.0288401 0.0316928 0.0306942 0.0265588 0.0210861 0.0160877 0.0125348 0.0104171 0.00916462
 1.0594e-16 4.02484e-05 0.000391228 0.00259985 0.0118186 0.0367722 0.0783484 0.11436 0.114397 0.0785321 0.0373893 0.0136021 0.00708008 0.010183 0.0186698 0.0308877 0.0446916 0.0566174 0.0631398 0.0626048 0.0561642 0.0468954 0.0378619 0.0306591 0.0252924 0.0210021
 1.04554e-16 6.71527e-05 0.000652748 0.00433774 0.0197187 0.0613524 0.130718 0.190789 0.190798 0.130762 0.0614992 0.0201441 0.00541 0.00300899 0.00458768 0.00759769 0.0112188 0.0146976 0.0173028 0.0186855 0.0190356 0.0188431 0.0184757 0.0179397 0.0169819 0.0153768
 1.02997e-16 6.39292e-05 0.000621414 0.00412952 0.0187722 0.0584074 0.124444 0.181633 0.181651 0.12453 0.0586975 0.0196102 0.00623292 0.00521263 0.00878214 0.0144147 0.0207546 0.0260963 0.0287544 0.0279694 0.0243669 0.0195373 0.0150796 0.0118475 0.00983512 0.00855674
 1.0532e-16 4.14463e-05 0.000402873 0.00267723 0.0121703 0.0378666 0.0806802 0.117763 0.1178 0.0808632 0.0384813 0.0139464 0.00713796 0.0101491 0.0185758 0.0307079 0.0443801 0.0561167 0.062386 0.0615369 0.0547427 0.0451267 0.0358174 0.0284727 0.023132 0.0190251
 1.08756e-16 5.13881e-05 0.000499511 0.00331943 0.0150896 0.0469496 0.100032 0.146003 0.146022 0.100123 0.0472568 0.0159794 0.00556208 0.0054261 0.00949865 0.0158596 0.0233984 0.030593 0.0358996 0.0385751 0.0390167 0.0382714 0.0371535 0.0357347 0.0335424 0.0301432
 1.07563e-16 5.88511e-05 0.000572054 0.0038015 0.0172811 0.053768 0.114559 0.167206 0.167223 0.114644 0.0540539 0.0181078 0.00587962 0.00511876 0.00872438 0.014412 0.0209534 0.0267809 0.0303491 0.0309842 0.0292768 0.0266293 0.0243198 0.022827 0.0218226 0.020647
 1.08145e-16 4.70672e-05 0.00045751 0.00304032 0.0138208 0.043002 0.0916213 0.13373 0.13376 0.0917674 0.0434925 0.0152386 0.0066018 0.00824181 0.0148593 0.0245666 0.0355653 0.0451128 0.0504473 0.0503144 0.0456986 0.0390977 0.0329428 0.0284103 0.0253221 0.0228415
 1.03479e-16 7.02587e-05 0.00068294 0.00453837 0.0206308 0.0641901 0.136764 0.199613 0.199621 0.136804 0.0643257 0.0210233 0.00552621 0.00284829 0.00420886 0.00691581 0.0101178 0.0130655 0.0150412 0.0157127 0.0153028 0.0143776 0.0134343 0.012628 0.0118081 0.0107487
pSPR Fmed_Fpbrs
0.561643   0.234481 0.234481
Fs Fmed_Fpbrs
0.34   1.005 1.005
SSBpbr Bo_Bmed_Bpbrs
1.17502e+06  601190  216769 216769
Ro
125030
SPR SPRFo_SPRFmed_SPRFpbrs
900757 505904 211211
Fref
1.005
Nvult_r0
 123440 14389.9 7570.67 1837.27 1076.09
CTP_r0
 51032.3 7212.91 3794.77 920.923 539.389
YTP_r0
649846
Np
 131708 23945.9 5383.1 515.94 307.993
Nvult_p0
 107762 20721.3 4658.21 446.463 266.518
CTP_p0
 44550.9 17339.3 1661.87 874.325 261.071
 44550.9 10386.5 2334.91 223.788 133.591
YTP_p0
 715072 585078
CBA_c0
669414
log_Ro
11.5563
likeval ReclasPelacesDesembMPH_pf_preclas_ppelaces_ptallas_desvR_qrecl_qpela
 18.8484 0.000278461 0.0314105 54.9861 236.94 134.799 111.934 0 23.6897 1.11569e-05 2.28735e-05 0.119067 0 0 0
q_reclas_q_pelaces
1.6038 1.96672
M
1
N
 164688 33800.6 78331.5 5598.19 0.202713
 91387.5 51482.8 9858.45 22846.5 1632.85
 91406.5 24885.2 12332.9 2361.62 5864.12
 135690 25001.5 5999.33 2973.22 1983.07
 109924 32018.3 4882.81 1171.67 967.964
 202828 34925.3 9557.27 1457.49 638.668
 78652.7 57500.2 8860.94 2424.78 531.818
 32922.5 15651.3 8807.07 1357.2 452.851
 31914.5 10867.6 4933.37 2776.04 570.537
 43433.6 7562.62 2135.27 969.31 657.536
 94789.7 8427.04 1117.29 315.463 240.348
 156328 30947.5 2614.91 346.696 172.468
 69628.1 38375.8 6394.59 540.312 107.273
 38110.2 16381.2 7463.16 1243.59 125.94
 97337.7 3160.15 720.121 328.081 60.2048
 423183 21246.4 552.267 125.848 67.8567
 82136.3 108045 4642.92 120.685 42.3297
 340357 24152.9 28880.5 1241.06 43.5741
 264973 87625.3 5341.18 6386.63 284.084
 261743 52470.1 13327.9 812.398 1014.62
 370905 56838.8 9102.64 2312.15 316.955
 441723 96636.1 12785 2047.5 591.378
 71083 108037 19863.2 2627.92 542.412
 241067 20079.1 27269.9 5013.71 800.229
 243303 69908.2 5261.72 7146.07 1523.54
 85856.9 71660.8 18729.6 1409.7 2322.73
 221919 26483.8 20507 5359.78 1068.1
 266158 65793.4 7162.25 5545.87 1738.35
 103387 82623.2 18999.1 2068.24 2103.46
 101952 32873.5 24689.2 5677.25 1246.57
 113436 31311.6 9348.9 7021.36 1969.07
 54245.9 30844.5 7485.42 2234.97 2149.27
 150870 16629.2 8748.78 2123.17 1243.55
pred_Ctot
 15849.8 4510.97 10454 747.124 0.0270538
 15379.6 11752.8 2250.55 5215.54 372.757
 15181.6 5610.49 2780.51 532.44 1322.09
 31880.2 7800.25 1871.74 927.617 618.699
 9587.44 3882.94 592.15 142.091 117.387
 30040.3 7060.92 1932.21 294.663 129.121
 23978.9 22740.5 3504.38 958.968 210.326
 2156.4 1434.56 807.236 124.397 41.5073
 7438.98 3365.84 1527.93 859.774 176.702
 13658.4 3074.89 868.18 394.112 267.348
 6808.14 845.412 112.088 31.6476 24.1121
 33972.2 8981.93 758.929 100.622 50.0557
 16449.6 12034.1 2005.25 169.434 33.6393
 20913.1 10648.7 4851.47 808.406 81.8679
 26096.9 1112.83 253.587 115.532 21.2008
 84312.2 5686.23 147.804 33.681 18.1606
 10610.4 19163.1 823.48 21.405 7.5077
 66478.5 6345.04 7586.97 326.03 11.447
 81278.2 34844.9 2123.96 2539.69 112.968
 70729.1 18609.8 4727.07 288.137 359.861
 70350.5 14526 2326.32 590.906 81.0028
 96727.8 28246.4 3737.02 598.478 172.858
 10658.1 22099.7 4063.14 537.557 110.954
 32892.3 3753.21 5097.33 937.169 149.58
 31223.9 12321 927.353 1259.46 268.517
 8892.13 10269.3 2684.03 202.017 332.859
 27711 4546.46 3520.42 920.111 183.36
 26640.6 9121.55 992.969 768.876 241.003
 8973.52 9972.46 2293.16 249.632 253.884
 10801.9 4815.8 3616.84 831.689 182.616
 19170.5 7176.51 2142.74 1609.27 451.304
 5801.94 4560.08 1106.65 330.419 317.75
 27399 4079.53 2146.27 520.862 305.071
F
 0.162804 0.232151 0.232151 0.232151 0.232151
 0.300837 0.428979 0.428979 0.428979 0.428979
 0.29638 0.422624 0.422624 0.422624 0.422624
 0.444065 0.633216 0.633216 0.633216 0.633216
 0.146573 0.209006 0.209006 0.209006 0.209006
 0.260569 0.37156 0.37156 0.37156 0.37156
 0.614489 0.876232 0.876232 0.876232 0.876232
 0.10837 0.15453 0.15453 0.15453 0.15453
 0.439841 0.627193 0.627193 0.627193 0.627193
 0.639789 0.912309 0.912309 0.912309 0.912309
 0.11937 0.170215 0.170215 0.170215 0.170215
 0.404529 0.576839 0.576839 0.576839 0.576839
 0.447032 0.637446 0.637446 0.637446 0.637446
 1.48986 2.12447 2.12447 2.12447 2.12447
 0.521997 0.744343 0.744343 0.744343 0.744343
 0.365262 0.520846 0.520846 0.520846 0.520846
 0.223976 0.319379 0.319379 0.319379 0.319379
 0.356925 0.508959 0.508959 0.508959 0.508959
 0.619383 0.883211 0.883211 0.883211 0.883211
 0.527142 0.75168 0.75168 0.75168 0.75168
 0.344993 0.491944 0.491944 0.491944 0.491944
 0.408206 0.582083 0.582083 0.582083 0.582083
 0.264169 0.376693 0.376693 0.376693 0.376693
 0.237891 0.339222 0.339222 0.339222 0.339222
 0.222363 0.31708 0.31708 0.31708 0.31708
 0.176148 0.251179 0.251179 0.251179 0.251179
 0.215793 0.307711 0.307711 0.307711 0.307711
 0.1698 0.242126 0.242126 0.242126 0.242126
 0.145815 0.207926 0.207926 0.207926 0.207926
 0.180517 0.257408 0.257408 0.257408 0.257408
 0.302276 0.431031 0.431031 0.431031 0.431031
 0.182366 0.260046 0.260046 0.260046 0.260046
 0.328151 0.467927 0.467927 0.467927 0.467927
YTP_r0W_actual
 384783 125865 91340.2 28843.3 19013.4
YTP_p0W_proyectada
 335914 302571 40001.3 27383.9 9202.74
 335914 181245 56201.4 7009.05 4709.1
CTP_r0_actual
 51032.3 7212.91 3794.77 920.923 539.389
CTP_p0_proyectada
 44550.9 17339.3 1661.87 874.325 261.071
 44550.9 10386.5 2334.91 223.788 133.591
Wmedp
 7.54 17.45 24.07 31.32 35.25
Frms_r0
 0.704792 1.005 1.005 1.005 1.005
Zrms_r0
 1.70479 2.005 2.005 2.005 2.005
nmprior
 7.29 8.9 8.7 0
nm_flota  nm_reclas  nm_pelaces    nm_pelaL
inf 13.9763 15.6296 46.9381
cv_recla  cv_pelaces  cv_mph
0.375983 0.609328 0.594543
 ------------------------------------------------
Talla a la edad & desviaci?n 
 8 13.2811 15.8009 17.003 17.5766
 0.8 1.32811 1.58009 1.7003 1.75766
