years
 1991 1992 1993 1994 1995 1996 1997 1998 1999 2000 2001 2002 2003 2004 2005 2006 2007 2008 2009 2010 2011 2012 2013 2014 2015 2016 2017 2018 2019 2020 2021 2022 2023
reclasobs
 0 0 0 0 0 0 0 0 0 252601 567819 844713 477998 351125 339783 2.1784e+06 2.13404e+06 4.81314e+06 1.55562e+06 2.62356e+06 3.21686e+06 3.843e+06 1.13348e+06 3.07943e+06 1.97215e+06 2.03268e+06 2.025e+06 2.42433e+06 2.27542e+06 1.05018e+06 2.36338e+06 3.18982e+06 1.53035e+06
reclaspred
 5.14369e+06 2.77915e+06 1.32974e+06 1.49823e+06 1.86163e+06 3.63315e+06 2.30806e+06 1.64918e+06 919575 332135 558705 1.29454e+06 1.17741e+06 287819 691710 2.12895e+06 2.42086e+06 2.9104e+06 2.62362e+06 2.29197e+06 4.52979e+06 2.98607e+06 1.4413e+06 1.9655e+06 1.81693e+06 1.56973e+06 2.10545e+06 2.41499e+06 2.12956e+06 1.69623e+06 1.28547e+06 874110 1.28948e+06
pelacesobs
 0 0 0 0 0 0 0 0 0 0 0 0 0 0 0 552880 188675 0 991730 2.46772e+06 1.41603e+06 1.21717e+06 2.29649e+06 1.80582e+06 0 1.4828e+06 1.56532e+06 1.57751e+06 1.42118e+06 867257 1.10002e+06 1.06204e+06 0
pelacespred
 334896 179176 80613.4 81077.2 122304 249734 131517 129459 61731.3 15362.8 39343.8 74087 69629.6 10341.8 45153.1 124507 139026 177037 156356 125157 280186 173378 77647 134260 109293 93526.6 164825 173038 129044 117675 70519.8 47414.9 78686.5
mphobs
 0 0 0 0 0 0 0 0 0 0 0 0 498337 0 5186 125008 0 168611 109162 213762 579715 649985 157893 87575 83554 210694 70296 0 107559 103333 445601 22526 28222
mphpred
 750152 509849 223357 130807 194762 280059 463596 198493 166669 63395.4 19562.1 102037 164845 70331.2 9847.25 85402 337475 242836 267667 222888 305522 403661 200243 89762.6 208303 183433 129967 241020 322361 190924 145833 103327 46556
desembarqueobs
 494567 514787 250237 358949 120608 361735 552515 73892 212993 205616 52469 317467 293654 387597 252695 516296 358380 742168 942051 627588 828172 859565 418607 520667 417249 300574 415391 372974 316634 284311 391294 218835 356480
desembarquepred
 494552 514447 250377 358936 120608 361710 552466 73897.4 213073 205686 52470.5 317425 293707 387598 252575 516097 358350 741933 941127 627150 828079 859596 418647 520652 417084 300577 415297 372896 316467 284102 391316 218913 356503
Reclutas
 142541 95237.5 84809.5 127520 91714.7 195642 68517.5 23872.6 22958.2 31368.3 52141 129018 71375.7 46193.3 65313.8 274528 55533.9 243172 289811 227462 272688 258375 43989.2 127946 148680 43708.1 133703 120765 54246.9 81341.3 65547.6 24472 113666
log_desv_Rt
 0.454544 0.0512907 -0.0646749 0.34319 0.0136001 0.771202 -0.277993 -1.33235 -1.37141 -1.05928 -0.551132 0.35487 -0.237125 -0.672247 -0.32588 1.10997 -0.488089 0.988685 1.16414 0.9219 1.10324 1.04933 -0.72114 0.346528 0.496714 -0.72755 0.390542 0.288765 -0.511538 -0.10643 -0.322306 -1.30755 0.228185
SSB
 750152 509849 223357 130807 194762 280059 463596 198493 166669 63395.4 19562.1 102037 154968 67277.9 9417.01 82238.3 337475 242836 280525 232311 327735 470678 257087 105206 220822 213018 137032 241020 339490 184484 174194 130284 50440.3
BT
 1.2914e+06 964624 437019 574569 469272 1.21285e+06 828183 463380 395553 246110 206820 539714 493818 427880 451065 934815 671125 1.33169e+06 1.48061e+06 937689 1.77012e+06 1.31459e+06 594117 1.06574e+06 717761 549522 1.10429e+06 953229 610187 673869 563166 329359 643516
Ftot
 0.471547 0.876924 0.871337 0.969354 0.304985 0.429482 1.1126 0.222227 1.01982 2.15072 0.36245 0.9661 1.05951 3.43837 1.2337 0.887474 0.706646 1.00498 1.34605 1.07031 0.754604 1.19427 1.2717 0.984447 0.945444 0.869114 0.764652 0.636737 0.725704 0.71571 1.22138 1.1074 1.00337
BD_Bspro_t
 0.927328 0.568056 0.298126 0.2161 0.266405 0.391487 0.453242 0.239343 0.269654 0.149764 0.0700694 0.361269 0.313718 0.138868 0.0240471 0.174502 0.342417 0.25609 0.245623 0.189473 0.20577 0.259507 0.177801 0.0979139 0.207441 0.232576 0.1952 0.325839 0.385868 0.266868 0.272309 0.196458 0.135165
BD_Bspro
 1.15086 0.782194 0.342668 0.20068 0.298798 0.429657 0.711234 0.304522 0.255699 0.0972593 0.0300115 0.156542 0.237747 0.103216 0.0144473 0.126167 0.517743 0.372551 0.430373 0.356404 0.5028 0.7221 0.394416 0.161404 0.338778 0.326806 0.210231 0.369765 0.520835 0.283029 0.267244 0.199877 0.077384
BD_Bo
 1.6724 1.13667 0.497957 0.291624 0.434206 0.624369 1.03355 0.442525 0.371576 0.141335 0.0436121 0.227484 0.345489 0.149991 0.0209945 0.183344 0.752373 0.541383 0.625409 0.517919 0.730658 1.04934 0.573156 0.234549 0.492305 0.474907 0.305503 0.537335 0.756865 0.411292 0.388353 0.290457 0.112453
BD_Brms
 10.0002 6.79674 2.97755 1.74378 2.59635 3.73344 6.18015 2.64609 2.22185 0.845118 0.26078 1.36025 2.06587 0.896875 0.125537 1.09631 4.49884 3.23722 3.73966 3.09692 4.369 6.27457 3.42721 1.4025 2.94375 2.83972 1.82677 3.21302 4.52571 2.45934 2.32217 1.7368 0.672415
Sel_flota
 0.777293 1 1 1 1
 0.777293 1 1 1 1
 0.777293 1 1 1 1
 0.777293 1 1 1 1
 0.777293 1 1 1 1
 0.777293 1 1 1 1
 0.777293 1 1 1 1
 0.777293 1 1 1 1
 0.777293 1 1 1 1
 0.777293 1 1 1 1
 0.777293 1 1 1 1
 0.777293 1 1 1 1
 0.777293 1 1 1 1
 0.777293 1 1 1 1
 0.777293 1 1 1 1
 0.777293 1 1 1 1
 0.777293 1 1 1 1
 0.777293 1 1 1 1
 0.777293 1 1 1 1
 0.777293 1 1 1 1
 0.777293 1 1 1 1
 0.777293 1 1 1 1
 0.777293 1 1 1 1
 0.777293 1 1 1 1
 0.777293 1 1 1 1
 0.777293 1 1 1 1
 0.777293 1 1 1 1
 0.777293 1 1 1 1
 0.777293 1 1 1 1
 0.777293 1 1 1 1
 0.777293 1 1 1 1
 0.777293 1 1 1 1
 0.777293 1 1 1 1
Sel_reclas
 0.5 1 1 1 1
 0.5 1 1 1 1
 0.5 1 1 1 1
 0.5 1 1 1 1
 0.5 1 1 1 1
 0.5 1 1 1 1
 0.5 1 1 1 1
 0.5 1 1 1 1
 0.5 1 1 1 1
 0.5 1 1 1 1
 0.5 1 1 1 1
 0.5 1 1 1 1
 0.5 1 1 1 1
 0.5 1 1 1 1
 0.5 1 1 1 1
 0.5 1 1 1 1
 0.5 1 1 1 1
 0.5 1 1 1 1
 0.5 1 1 1 1
 0.5 1 1 1 1
 0.5 1 1 1 1
 0.5 1 1 1 1
 0.5 1 1 1 1
 0.5 1 1 1 1
 0.5 1 1 1 1
 0.5 1 1 1 1
 0.5 1 1 1 1
 0.5 1 1 1 1
 0.5 1 1 1 1
 0.5 1 1 1 1
 0.5 1 1 1 1
 0.5 1 1 1 1
 0.5 1 1 1 1
Sel_pelaces
 0.5 1 1 1 1
 0.5 1 1 1 1
 0.5 1 1 1 1
 0.5 1 1 1 1
 0.5 1 1 1 1
 0.5 1 1 1 1
 0.5 1 1 1 1
 0.5 1 1 1 1
 0.5 1 1 1 1
 0.5 1 1 1 1
 0.5 1 1 1 1
 0.5 1 1 1 1
 0.5 1 1 1 1
 0.5 1 1 1 1
 0.5 1 1 1 1
 0.5 1 1 1 1
 0.5 1 1 1 1
 0.5 1 1 1 1
 0.5 1 1 1 1
 0.5 1 1 1 1
 0.5 1 1 1 1
 0.5 1 1 1 1
 0.5 1 1 1 1
 0.5 1 1 1 1
 0.5 1 1 1 1
 0.5 1 1 1 1
 0.5 1 1 1 1
 0.5 1 1 1 1
 0.5 1 1 1 1
 0.5 1 1 1 1
 0.5 1 1 1 1
 0.5 1 1 1 1
 0.5 1 1 1 1
pf_obs 
 0.8446 0.082 0.0669 0.0065 0
 0.8095 0.147 0.0364 0.0071 0
 0.9664 0.0169 0.016 0.0007 0
 0.9276 0.0648 0.0075 0.0001 0
 0.7033 0.2144 0.0806 0.0017 0
 0.9318 0.0425 0.0243 0.0014 0
 0.5671 0.3108 0.0964 0.0239 0.0018
 0.0768 0.2599 0.5324 0.112 0.0189
 0.490249 0.384438 0.106611 0.0170017 0.00170017
 0.7925 0.1577 0.0466 0.003 0.0002
 0.840416 0.127587 0.0312969 0.00059994 9.999e-05
 0.8084 0.0986 0.0794 0.0134 0.0002
 0.7335 0.1905 0.0724 0.0035 0.0001
 0.4001 0.4547 0.1325 0.0127 0
 0.49795 0.308269 0.164784 0.0264974 0.00249975
 0.9179 0.0499 0.0305 0.0017 0
 0.2467 0.6533 0.0926 0.0074 0
 0.9418 0.0223 0.034 0.0019 0
 0.707729 0.231977 0.0356964 0.0245975 0
 0.517169 0.277429 0.184464 0.0207286 0.00020938
 0.811772 0.124168 0.05621 0.00726502 0.000585176
 0.764997 0.148141 0.077277 0.00933861 0.000247198
 0.163321 0.427699 0.378323 0.0303852 0.000271297
 0.753843 0.0900009 0.118128 0.0371064 0.000921714
 0.721811 0.176058 0.0630433 0.0369309 0.00215725
 0.143369 0.312575 0.442814 0.0836902 0.0175525
 0.692698 0.0596174 0.167031 0.0765114 0.00414204
 0.394062 0.376323 0.152708 0.0712218 0.00568511
 0.125707 0.32114 0.495352 0.0537591 0.00404204
 0.23352 0.215282 0.420074 0.123614 0.00750983
 0.796117 0.104755 0.0508955 0.0450114 0.00322123
 0.162477 0.292055 0.404252 0.121198 0.0200186
 0 0 0 0 0
pf_pred 
 0.667625 0.147665 0.169493 0.0152157 8.4114e-07
 0.615838 0.281893 0.0454351 0.0521512 0.00468196
 0.736394 0.184621 0.0579586 0.00934166 0.0116852
 0.84419 0.125076 0.0215248 0.00675736 0.00245151
 0.746744 0.225163 0.0225513 0.00388095 0.00166037
 0.825535 0.139234 0.031323 0.00313717 0.000770868
 0.493492 0.43856 0.0542272 0.0121993 0.00152206
 0.515181 0.2889 0.169636 0.0209753 0.00530747
 0.604595 0.231208 0.0978436 0.0574519 0.00890135
 0.835656 0.11424 0.0292975 0.0123982 0.00840794
 0.945658 0.0490193 0.00370029 0.000948959 0.000673921
 0.87763 0.117378 0.0045032 0.00033993 0.000149087
 0.710724 0.264347 0.0239118 0.000917379 9.96212e-05
 0.744984 0.200606 0.0497213 0.0044976 0.000191289
 0.976387 0.0205782 0.00238704 0.000591641 5.57938e-05
 0.960764 0.0386306 0.000527451 6.11834e-05 1.65947e-05
 0.467665 0.517855 0.0142571 0.000194662 2.87049e-05
 0.905866 0.0522602 0.0407351 0.00112148 1.75703e-05
 0.850199 0.14002 0.00542993 0.00423245 0.000118349
 0.821799 0.160247 0.0167821 0.000650805 0.000521466
 0.843995 0.136338 0.0176855 0.00185214 0.000129376
 0.777206 0.197307 0.0222739 0.00288931 0.000323725
 0.457432 0.457126 0.0756678 0.00854211 0.00123221
 0.910035 0.0510114 0.032819 0.00543251 0.000701738
 0.842054 0.148074 0.00559751 0.00360124 0.000673114
 0.55193 0.397481 0.0474275 0.00179286 0.00136906
 0.896694 0.0663298 0.032801 0.00391381 0.000260928
 0.771436 0.211557 0.0109195 0.00539985 0.000687266
 0.57714 0.349254 0.0681295 0.00351651 0.00196029
 0.795955 0.134748 0.0572347 0.0111649 0.000897521
 0.733932 0.225442 0.0268288 0.0113956 0.00240166
 0.64241 0.289469 0.0577197 0.00686895 0.0035325
 0.948319 0.0377759 0.0112562 0.00224447 0.000404468
pobs_RECLAS
 0 0 0 0 0
 0 0 0 0 0
 0 0 0 0 0
 0 0 0 0 0
 0 0 0 0 0
 0 0 0 0 0
 0 0 0 0 0
 0 0 0 0 0
 0 0 0 0 0
 0 0 0 0 0
 0.991045 0.00858322 0.000360255 1.14367e-05 0
 0.934742 0.0480273 0.0164251 0.00080598 0
 0.827803 0.169806 0.00239088 0 0
 0.941827 0.0461693 0.0120037 0 0
 0.791401 0.0380133 0.147996 0.0225897 0
 0.846168 0.0940531 0.0597789 0 0
 0.134021 0.677848 0.182769 0.00536245 0
 0.80878 0.0450904 0.141981 0.00414843 0
 0.846168 0.0940531 0.0597789 0 0
 0.905697 0.0802665 0.012482 0.00150086 5.37128e-05
 0.989698 0.0102097 9.19794e-05 0 0
 0.975433 0.0193895 0.00387452 0.00125025 5.28907e-05
 0.303575 0.632131 0.0575291 0.00676475 0
 0.966965 0.00978017 0.0227588 0.000495775 0
 0.843318 0.132988 0.00938335 0.0141283 0.000182051
 0.564624 0.303363 0.111486 0.0197234 0.00080311
 0.826376 0.0876187 0.0782897 0.00655872 0.00115652
 0.89761 0.0855135 0.0140674 0.00269457 0.000114338
 0.34875 0.467042 0.161289 0.0227151 0.000203297
 0.318654 0.224769 0.449479 0.00709798 0
 0.937255 0.0296025 0.0250945 0.00804832 0
 0.456809 0.399803 0.12412 0.0192676 0
 0.883104 0.0372192 0.0704036 0.00927362 0
ppred_RECLAS
 0.566669 0.192517 0.220975 0.0198373 1.09663e-06
 0.514557 0.356213 0.0574137 0.0659004 0.00591632
 0.648713 0.246029 0.0772368 0.0124489 0.0155719
 0.782489 0.174607 0.0300488 0.00943333 0.00342232
 0.656361 0.30552 0.0305995 0.005266 0.00225293
 0.754688 0.195774 0.0440427 0.00441112 0.0010839
 0.394446 0.524318 0.0648311 0.0145848 0.00181969
 0.407179 0.353257 0.207426 0.0256479 0.0064898
 0.504375 0.289811 0.122643 0.0720138 0.0111575
 0.783725 0.150339 0.0385552 0.016316 0.0110648
 0.91864 0.0733904 0.00553997 0.00142076 0.00100898
 0.826427 0.166492 0.00638748 0.000482168 0.00021147
 0.620969 0.346367 0.0313311 0.00120202 0.000130531
 0.69808 0.237502 0.0588663 0.00532482 0.000226471
 0.965299 0.0302416 0.00350797 0.000869471 8.19941e-05
 0.941856 0.0572473 0.000781638 9.06687e-05 2.4592e-05
 0.365802 0.616947 0.0169852 0.000231911 3.41977e-05
 0.864867 0.0750211 0.0584766 0.00160992 2.52228e-05
 0.793449 0.193065 0.00748697 0.00583585 0.000163184
 0.754706 0.22058 0.0231007 0.000895835 0.0007178
 0.780643 0.191703 0.0248672 0.00260427 0.000181914
 0.700774 0.264995 0.0299152 0.00388052 0.000434783
 0.362376 0.537213 0.0889246 0.0100387 0.00144809
 0.870485 0.0734371 0.0472469 0.00782075 0.00101024
 0.779539 0.206682 0.00781302 0.00502663 0.000939535
 0.448793 0.488973 0.0583443 0.00220554 0.00168419
 0.851017 0.0956584 0.0473044 0.00564436 0.000376301
 0.688479 0.288342 0.0148828 0.00735973 0.00093671
 0.472789 0.435441 0.0849422 0.00438429 0.00244404
 0.719263 0.185394 0.0787467 0.0153613 0.00123486
 0.649675 0.296834 0.0353249 0.0150043 0.00316221
 0.545611 0.367828 0.0733443 0.00872836 0.00448874
 0.924259 0.0553623 0.0164965 0.00328938 0.000592766
pobs_PELACES
 0 0 0 0 0
 0 0 0 0 0
 0 0 0 0 0
 0 0 0 0 0
 0 0 0 0 0
 0 0 0 0 0
 0 0 0 0 0
 0 0 0 0 0
 0 0 0 0 0
 0 0 0 0 0
 0 0 0 0 0
 0 0 0 0 0
 0 0 0 0 0
 0 0 0 0 0
 0 0 0 0 0
 0 0 0 0 0
 0.505614 0.472636 0.0217494 0 0
 0 0 0 0 0
 0.443492 0.261883 0.143347 0.151278 0
 0.227955 0.32914 0.350689 0.0885471 0.00366901
 0.970185 0.0296113 0.000203453 0 0
 0.997202 0.00247181 0.000326279 0 0
 0.445219 0.490057 0.0546422 0.010081 0
 0.90214 0.0892962 0.00764917 0.000914606 0
 0 0 0 0 0
 0.581667 0.319106 0.0959925 0.00289975 0.000334073
 0.762889 0.0836404 0.116647 0.0363945 0.000428098
 0.88444 0.0763242 0.0277011 0.0115352 0
 0.521256 0.241999 0.230069 0.00667565 0
 0.616807 0.101726 0.260614 0.0208532 0
 0.833518 0.0704572 0.0857862 0.0102388 0
 0.697417 0.212968 0.0787535 0.0105354 0.000325836
 0 0 0 0 0
ppred_PELACES
 0.575159 0.188746 0.216646 0.0194486 1.07514e-06
 0.530635 0.344415 0.0555122 0.0637178 0.00572037
 0.663164 0.235909 0.0740596 0.0119368 0.0149313
 0.79437 0.165069 0.0284075 0.00891805 0.00323538
 0.661399 0.301041 0.030151 0.0051888 0.0022199
 0.760485 0.191148 0.043002 0.00430688 0.00105829
 0.414136 0.50727 0.0627231 0.0141106 0.00176052
 0.411127 0.350905 0.206045 0.0254771 0.00644658
 0.523096 0.278864 0.118011 0.0692936 0.0107361
 0.809316 0.13255 0.0339932 0.0143854 0.00975553
 0.920609 0.0716144 0.00540591 0.00138638 0.000984561
 0.836377 0.156948 0.00602132 0.000454527 0.000199348
 0.639116 0.329784 0.029831 0.00114447 0.000124282
 0.748546 0.197804 0.0490269 0.00443479 0.000188617
 0.968211 0.0277036 0.00321357 0.000796501 7.51128e-05
 0.945326 0.0538302 0.000734983 8.52568e-05 2.31241e-05
 0.377932 0.605147 0.0166603 0.000227475 3.35436e-05
 0.873269 0.0703567 0.0548408 0.00150982 2.36546e-05
 0.809192 0.17835 0.00691633 0.00539106 0.000150747
 0.768974 0.207749 0.0217569 0.000843724 0.000676045
 0.789992 0.183533 0.0238074 0.00249328 0.000174161
 0.718849 0.248989 0.0281082 0.00364612 0.00040852
 0.384236 0.518795 0.0858759 0.00969449 0.00139844
 0.878426 0.0689347 0.0443502 0.00734126 0.0009483
 0.791248 0.195705 0.00739805 0.00475965 0.000889634
 0.464641 0.474915 0.0566668 0.00214213 0.00163577
 0.858002 0.0911732 0.0450864 0.00537971 0.000358657
 0.698426 0.279135 0.0144076 0.00712473 0.0009068
 0.486099 0.424447 0.0827977 0.00427361 0.00238233
 0.729761 0.178462 0.0758021 0.0147869 0.00118869
 0.66982 0.279764 0.0332935 0.0141415 0.00298037
 0.565702 0.351564 0.0701012 0.00834242 0.00429027
 0.929262 0.0517051 0.0154068 0.00307208 0.000553609
pobs_pel_tallas
 0 0 0 0 0 0 0 0 0 0 0 0 0 0 0 0 0 0 0 0 0 0 0 0 0 0
 0 0 0 0 0 0 0 0 0 0 0 0 0 0 0 0 0 0 0 0 0 0 0 0 0 0
 0 0 0 0 0 0 0 0 0 0 0 0 0 0 0 0 0 0 0 0 0 0 0 0 0 0
 0 0 0 0 0 0 0 0 0 0 0 0 0 0 0 0 0 0 0 0 0 0 0 0 0 0
 0 0 0 0 0 0 0 0 0 0 0 0 0 0 0 0 0 0 0 0 0 0 0 0 0 0
 0 0 0 0 0 0 0 0 0 0 0 0 0 0 0 0 0 0 0 0 0 0 0 0 0 0
 0 0 0 0 0 0 0 0 0 0 0 0 0 0 0 0 0 0 0 0 0 0 0 0 0 0
 0 0 0 0 0 0 0 0 0 0 0 0 0 0 0 0 0 0 0 0 0 0 0 0 0 0
 0 0 0 0 0 0 0 0 0 0 0 0 0 0 0 0 0 0 0 0 0 0 0 0 0 0
 0 0 0 0 0 0 0 0 0 0 0 0 0 0 0 0 0 0 0 0 0 0 0 0 0 0
 0 0 0 0 0 0 0 0 0 0 0 0 0 0 0 0 0 0 0 0 0 0 0 0 0 0
 0 0 0 0 0 0 0 0 0 0 0 0 0 0 0 0 0 0 0 0 0 0 0 0 0 0
 0.00862536 0 0 0.000197151 0.00414017 0.0128641 0.00837892 0.0270097 0.101434 0.158115 0.152841 0.127902 0.109271 0.109419 0.0830992 0.0579132 0.0238553 0.00714673 0.00463305 0.00128148 0.00103504 0.000492878 0.000147863 0.000147863 4.92878e-05 0
 0 0 0 0 0 0 0 0 0 0 0 0 0 0 0 0 0 0 0 0 0 0 0 0 0 0
 0 0 0 0 0 0 0 0.0054083 0.00873648 0.0413646 0.0450493 0.0745869 0.0622846 0.0627006 0.0613931 0.0827291 0.12552 0.122667 0.0946155 0.0697135 0.0546179 0.0294188 0.0215738 0.0213955 0.0102223 0.00600262
 0 0 0 0 0.00359764 0.0251062 0.0480494 0.140153 0.205849 0.193036 0.1447 0.116669 0.0760912 0.0342217 0.00950174 0.001854 0.000860785 0 0 0 0.000165536 0 0.000143464 0 0 0
 0 0 0 0 0 0 0 0.000145254 0.000435761 0.0275982 0.070085 0.0708112 0.156366 0.174668 0.174014 0.160142 0.0824315 0.0480064 0.0283245 0.00493863 0.00203355 0 0 0 0 0
 0 0 0 0 0 0 0 0 0 0 0 0 0 0 0 0 0 0 0 0 0 0 0 0 0 0
 0 0 1.00437e-05 0.000401748 0.00122533 0.00171747 0.00176769 0.0269171 0.070346 0.194647 0.189555 0.159765 0.064822 0.0314167 0.0384472 0.0292271 0.0345202 0.0313363 0.0194345 0.0106764 0.0143323 0.0359363 0.0279516 0.0138201 0.00172751 0
 0 0.0021121 0.0136068 0.0755702 0.200478 0.177729 0.0527432 0.0373336 0.0318909 0.0142505 0.0149659 0.0166563 0.0217959 0.0798694 0.0677717 0.0528807 0.04013 0.0224614 0.0357745 0.0225083 0.00881397 0.00855152 0.00135912 0.000746735 0 0
 0 0 0 0 5.4009e-05 0.00500934 0.000945158 0.0243581 0.138947 0.33067 0.221406 0.137944 0.0707744 0.0437923 0.0131692 0.00525238 0.0047753 0.00276346 9.45158e-05 9.00151e-06 2.25038e-05 9.00151e-06 4.50075e-06 0 0 0
 0.000866109 0.00284123 0.00948549 0.0512746 0.133035 0.25785 0.225252 0.132002 0.0553304 0.0519788 0.0540692 0.017754 0.00435017 0.00159236 0.00146478 0.000404838 0.000125132 0.000115318 0.000107957 0.000100596 0 0 0 0 0 0
 0 0 0 0 0.00144013 0.00171154 0.00461396 0.0210425 0.0478622 0.0707936 0.0888783 0.103762 0.0637923 0.0337046 0.0602308 0.124433 0.169614 0.0934646 0.0462172 0.0250306 0.0313229 0.00938855 0.002487 0.000210481 0 0
 0 0.00764035 0.051015 0.0998891 0.058973 0.0496711 0.0374665 0.0718981 0.12319 0.153886 0.159021 0.0857701 0.0377988 0.023471 0.0147837 0.00900784 0.00315554 0.000888139 0.00291439 0.00214683 0.00393193 0.00274676 0.000635225 9.99891e-05 0 0
 0 0 0 0 0 0 0 0 0 0 0 0 0 0 0 0 0 0 0 0 0 0 0 0 0 0
 0 0 0 0 0 0 0 0 0 0 0 0 0 0 0 0 0 0 0 0 0 0 0 0 0 0
 0 0 0 0 0 0 0 0 0 0 0 0 0 0 0 0 0 0 0 0 0 0 0 0 0 0
 0 0 0 0 0 0 0 0 0 0 0 0 0 0 0 0 0 0 0 0 0 0 0 0 0 0
 0 0 0 0 0 0 0 0 0 0 0 0 0 0 0 0 0 0 0 0 0 0 0 0 0 0
 0 0 0 0 0 0 0 0 0 0 0 0 0 0 0 0 0 0 0 0 0 0 0 0 0 0
 0 0 0 0 0 0 0 0 0 0 0 0 0 0 0 0 0 0 0 0 0 0 0 0 0 0
 0 0 0 0 0 0 0 0 0 0 0 0 0 0 0 0 0 0 0 0 0 0 0 0 0 0
 0 0 0 0 0 0 0 0 0 0 0 0 0 0 0 0 0 0 0 0 0 0 0 0 0 0
ppred_pel_tallas
 1.08251e-16 4.73751e-05 0.000460503 0.0030602 0.0139113 0.0432832 0.0922201 0.134602 0.13462 0.0923106 0.0435879 0.0147951 0.00529294 0.00538176 0.00953171 0.016042 0.0239387 0.0318368 0.03829 0.0425283 0.0447271 0.0455266 0.0452676 0.0436778 0.04024 0.0348206
 1.09049e-16 4.37077e-05 0.000424855 0.00282331 0.0128344 0.0399327 0.0850821 0.124187 0.12422 0.0852445 0.040478 0.0144097 0.00677939 0.00906702 0.0164754 0.0272198 0.0393372 0.0497635 0.0554259 0.0549669 0.0495664 0.0421138 0.0354021 0.0307469 0.0278499 0.0256058
 1.05922e-16 5.4624e-05 0.000530964 0.00352845 0.0160398 0.049906 0.106331 0.155198 0.15522 0.106442 0.0502804 0.0171222 0.00624867 0.0064801 0.0113852 0.0188197 0.0273031 0.0347518 0.0390719 0.0392941 0.0361173 0.0313575 0.0267703 0.0231873 0.020477 0.0180828
 1.02304e-16 6.54312e-05 0.000636015 0.00422654 0.0192133 0.0597797 0.127367 0.1859 0.185916 0.127445 0.0600409 0.0199679 0.00612125 0.00477376 0.0079285 0.0130164 0.0187743 0.0236732 0.0262011 0.0256626 0.0225848 0.0183429 0.0143188 0.0112503 0.00914933 0.00764458
 1.01844e-16 5.44786e-05 0.000529552 0.00351906 0.0159971 0.0497732 0.106048 0.154786 0.154815 0.10619 0.0502488 0.0173706 0.00696554 0.00804979 0.0143266 0.0235716 0.0338868 0.0424784 0.0465339 0.0447521 0.0381177 0.0292403 0.0208113 0.0143753 0.0101184 0.0074393
 1.01901e-16 6.26401e-05 0.000608885 0.00404625 0.0183937 0.0572297 0.121935 0.177971 0.177989 0.122025 0.0575325 0.0192685 0.00624319 0.0054085 0.00918865 0.015119 0.0218365 0.0275886 0.0306243 0.0301203 0.0266466 0.0217395 0.0169481 0.0131089 0.0102722 0.00809385
 1.03653e-16 3.41119e-05 0.00033158 0.00220347 0.0100167 0.0311659 0.066404 0.0969289 0.0969777 0.0666428 0.0319677 0.0123325 0.0080156 0.0130169 0.0241182 0.0397979 0.0572783 0.0719243 0.0790244 0.0763938 0.0656678 0.0511804 0.0373745 0.0267596 0.0195904 0.0148525
 1.09682e-16 3.38641e-05 0.000329171 0.00218746 0.00994388 0.0309393 0.0659207 0.0962203 0.0962544 0.0660873 0.0314993 0.0115647 0.0062677 0.00927569 0.01714 0.0285824 0.041869 0.0541052 0.062308 0.0650233 0.0630385 0.0585443 0.0535001 0.0485882 0.0434043 0.0373729
 1.12243e-16 4.30868e-05 0.000418819 0.0027832 0.012652 0.0393653 0.083873 0.122421 0.122448 0.0840051 0.0398094 0.0139364 0.00601434 0.00749681 0.013558 0.0225387 0.0329229 0.0423854 0.0485883 0.050489 0.0489153 0.0458517 0.0430317 0.0409773 0.0390814 0.0363942
 1.04109e-16 6.66623e-05 0.000647981 0.00430606 0.0195748 0.0609044 0.129764 0.189397 0.189409 0.129826 0.0611146 0.0201823 0.00583255 0.00398526 0.00641955 0.0105468 0.0152815 0.019422 0.021795 0.0218745 0.0200872 0.0174948 0.0151142 0.0134109 0.0122641 0.0112789
 1.00481e-16 7.58293e-05 0.000737088 0.00489821 0.0222666 0.0692796 0.147608 0.215439 0.215446 0.147641 0.0693926 0.0225931 0.0057175 0.00252439 0.00346667 0.00560175 0.00804031 0.010065 0.0110013 0.0105409 0.00892342 0.00677947 0.00476055 0.00324216 0.00226914 0.00169016
 1.00294e-16 6.88913e-05 0.000669648 0.00445005 0.0202293 0.0629409 0.134103 0.19573 0.195745 0.134176 0.0631885 0.0209441 0.00624315 0.00457963 0.00748171 0.0122257 0.0175247 0.0218683 0.0237677 0.0225368 0.0187056 0.0136816 0.0089378 0.00535134 0.00306805 0.00178229
 1.01082e-16 5.26432e-05 0.000511711 0.0034005 0.0154582 0.0480964 0.102476 0.149573 0.149604 0.102631 0.0486172 0.0169622 0.00717436 0.00874502 0.0156742 0.0257895 0.0370506 0.0463884 0.0507053 0.0485607 0.0410278 0.0309769 0.0213891 0.0140073 0.00909291 0.00603549
 1.01943e-16 6.16568e-05 0.000599326 0.00398273 0.0181049 0.0563312 0.12002 0.175177 0.175196 0.120114 0.0566447 0.0190107 0.00625773 0.00557053 0.00951697 0.0156722 0.0226538 0.028658 0.031878 0.0314602 0.0279813 0.0230069 0.0181101 0.0141331 0.0111218 0.00873653
 1.00193e-16 7.97503e-05 0.000775201 0.00515148 0.0234179 0.0728618 0.15524 0.226578 0.22658 0.155253 0.0729056 0.0235443 0.00546883 0.00146777 0.00139451 0.00217767 0.00312566 0.00392273 0.00430656 0.00415759 0.0035656 0.00276831 0.00200971 0.00142799 0.00103758 0.000782684
 1.00048e-16 7.78653e-05 0.000756878 0.00502972 0.0228644 0.0711396 0.151571 0.221223 0.221228 0.151596 0.0712245 0.0231094 0.00564424 0.00209654 0.00261672 0.00418851 0.00599273 0.00746543 0.00809055 0.00763224 0.00627521 0.00450877 0.00284708 0.00159934 0.00081987 0.000402404
 1.00664e-16 3.11299e-05 0.000302593 0.00201084 0.00914104 0.0284415 0.0605997 0.0884592 0.0885175 0.0608841 0.029396 0.0118966 0.00892204 0.0153711 0.0285939 0.0470774 0.0674729 0.0841294 0.091307 0.0863556 0.07133 0.0516883 0.0331572 0.0191681 0.0103166 0.00543023
 1.01757e-16 7.193e-05 0.000699185 0.00464633 0.0211216 0.0657171 0.140017 0.204361 0.204368 0.140051 0.0658297 0.0214479 0.00546884 0.00250554 0.00353409 0.00581056 0.00855269 0.0111464 0.0130006 0.0138142 0.0137041 0.0130388 0.0121314 0.0110631 0.00975266 0.00814642
 1.00812e-16 6.66521e-05 0.000647882 0.00430541 0.0195718 0.0608951 0.129744 0.189369 0.189386 0.129828 0.0611766 0.0203843 0.0063435 0.00509248 0.00849433 0.0139023 0.0199387 0.0249027 0.0271125 0.0257984 0.0215705 0.0160279 0.0108315 0.00695108 0.00451588 0.00314343
 1.00881e-16 6.33394e-05 0.000615682 0.00409142 0.018599 0.0578686 0.123296 0.179958 0.179978 0.123394 0.0581968 0.0195469 0.00646988 0.00580546 0.00991245 0.0162678 0.023382 0.0293038 0.0320855 0.0308213 0.0261821 0.0199621 0.0140195 0.00943237 0.00635277 0.00439519
 1.01014e-16 6.50707e-05 0.00063251 0.00420325 0.0191074 0.0594503 0.126666 0.184876 0.184894 0.126752 0.0597404 0.0199453 0.00630624 0.00522245 0.00877947 0.0144038 0.0207244 0.0260203 0.0285796 0.0276052 0.0236807 0.0183674 0.0132724 0.00931269 0.00660027 0.00479347
 1.0131e-16 5.92107e-05 0.000575549 0.00382472 0.0173867 0.0540965 0.115259 0.168229 0.168253 0.115376 0.0544899 0.0185229 0.00667627 0.00679829 0.0118707 0.0195134 0.0280619 0.0351974 0.038594 0.037171 0.0317309 0.0244133 0.0174252 0.0120334 0.00839763 0.00604351
 1.0382e-16 3.16491e-05 0.000307641 0.00204438 0.0092935 0.0289158 0.06161 0.0899321 0.0899822 0.0618545 0.0297365 0.0116642 0.00799584 0.013302 0.0247165 0.0408269 0.0588432 0.0740601 0.0816817 0.0794643 0.0690204 0.0546721 0.0408321 0.0299671 0.0223187 0.0169265
 1.02195e-16 7.23548e-05 0.000703314 0.00467377 0.0212463 0.0661051 0.140844 0.205568 0.205574 0.140877 0.0662153 0.0215652 0.00547691 0.00246541 0.0034448 0.00564806 0.00828689 0.0107499 0.0124566 0.0131255 0.0129055 0.0122068 0.0113829 0.0105332 0.00955272 0.00832069
 1.00892e-16 6.51741e-05 0.000633515 0.00420993 0.0191378 0.0595448 0.126867 0.18517 0.185189 0.126959 0.0598536 0.0200293 0.00644622 0.00551021 0.00931187 0.015252 0.021873 0.0273142 0.0297291 0.0282724 0.0236139 0.0175105 0.011789 0.0075188 0.0048462 0.0033533
 1.02249e-16 3.82719e-05 0.000372017 0.00247219 0.0112382 0.0349665 0.0745016 0.108747 0.108793 0.0747251 0.0357171 0.0134057 0.00791184 0.012243 0.0225719 0.0372244 0.0535442 0.0671682 0.0736616 0.0709553 0.0605669 0.0465636 0.0331468 0.0227388 0.0156671 0.0110603
 1.01925e-16 7.06725e-05 0.000686962 0.0045651 0.0207523 0.0645682 0.13757 0.200789 0.200798 0.137613 0.0647134 0.0211724 0.00562205 0.00300227 0.00449125 0.00737389 0.0107567 0.0138198 0.0157676 0.0162157 0.0153833 0.0138797 0.0122728 0.0108003 0.00939714 0.00791967
 1.01356e-16 5.75285e-05 0.000559197 0.00371606 0.0168927 0.0525596 0.111985 0.163451 0.163478 0.112116 0.0530002 0.0181647 0.00690707 0.00751883 0.0132565 0.0217757 0.0312491 0.0390577 0.0425759 0.0405983 0.0340708 0.0254793 0.017403 0.011344 0.00750052 0.00528413
 1.0333e-16 4.00394e-05 0.000389198 0.00258636 0.0117572 0.0365813 0.0779419 0.113767 0.113808 0.078142 0.0372532 0.0136981 0.00745968 0.0110324 0.0202666 0.0334753 0.0482943 0.060882 0.0673273 0.0657906 0.0575588 0.0461069 0.0349716 0.026114 0.0197185 0.0150376
 1.03918e-16 6.01095e-05 0.000584285 0.00388278 0.0176506 0.0549176 0.117008 0.170781 0.170798 0.117093 0.0552015 0.0184716 0.00594762 0.00510484 0.00868355 0.0143599 0.0209121 0.0267813 0.0304055 0.0310417 0.0291566 0.0260062 0.0227739 0.0199723 0.0174721 0.014934
 1.02955e-16 5.51723e-05 0.000536294 0.00356386 0.0162008 0.0504069 0.107398 0.156757 0.156784 0.10753 0.0508492 0.0174781 0.00676955 0.00753321 0.0133404 0.021959 0.0316097 0.039715 0.0436877 0.0423408 0.0365944 0.0288496 0.021549 0.0160428 0.012414 0.0100362
 1.03676e-16 4.65962e-05 0.000452932 0.00300989 0.0136826 0.0425717 0.0907048 0.132393 0.132427 0.0908705 0.0431283 0.0152905 0.00704751 0.00927182 0.016809 0.0277504 0.0400523 0.0505335 0.0559689 0.0548501 0.0482531 0.0390532 0.0301574 0.0231475 0.0181211 0.0144058
 1.0086e-16 7.65421e-05 0.000744017 0.00494425 0.0224759 0.0699308 0.148995 0.217464 0.217469 0.149019 0.0700128 0.022713 0.00554006 0.00204674 0.00255675 0.0041216 0.00596698 0.00758087 0.00849551 0.00849298 0.00772235 0.00658085 0.00545767 0.00454571 0.0038325 0.00321524
pSPR Fmed_Fpbrs
0.547315   0.217237 0.217237
Fs Fmed_Fpbrs
0.34   1.005 1.005
SSBpbr Bo_Bmed_Bpbrs
448547  223069  75013.7 75013.7
Ro
90475.8
SPR SPRFo_SPRFmed_SPRFpbrs
651819 356750 141599
Fref
1.005
Nvult_r0
 94520.5 3294.07 981.544 195.718 35.2697
CTP_r0
 41454.3 1651.14 491.996 98.1032 17.6788
YTP_r0
356916
Np
 75807.2 12768.9 2581.46 69.1406 23.3764
Nvult_p0
 63038.3 11049.5 2233.84 59.8301 20.2285
CTP_p0
 27647 8315.05 222.706 66.3605 15.0169
 27647 5538.51 1119.71 29.9897 10.1395
YTP_p0
 361524 333353
CBA_c0
358298
log_Ro
11.2328
likeval ReclasPelacesDesembMPH_pf_preclas_ppelaces_ptallas_desvR_qrecl_qpela
 27.7847 0.00419064 0.0212111 55.8064 262.623 141.734 119.797 0 24.4268 0.000161675 0 0.0241826 0 0 0
q_reclas_q_pelaces
6.03873 1
M
1
N
 142541 25518.4 29290.4 2629.45 0.145359
 95237.5 36346.4 5858.25 6724.21 603.676
 84809.5 17720.9 5563.2 896.665 1121.61
 127520 15849.3 2727.57 856.275 310.648
 91714.7 22082.9 2211.72 380.624 162.841
 195642 26618.9 5988.35 599.767 147.375
 68517.5 51544.8 6373.43 1433.81 178.89
 23872.6 10615 6232.95 770.695 195.012
 22958.2 7389.01 3126.91 1836.06 284.472
 31368.3 3822.77 980.371 414.877 281.352
 52141 2168.56 163.697 41.9809 29.8135
 129018 14472.1 555.222 41.9117 18.3817
 71375.7 22398.9 2026.12 77.7321 8.44119
 46193.3 11523.7 2856.22 258.363 10.9885
 65313.8 1173.76 136.154 33.7466 3.18242
 274528 9209.7 125.747 14.5864 3.95626
 55533.9 50664.5 1394.85 19.0448 2.80836
 243172 11795.6 9194.26 253.127 3.96577
 289811 40960.3 1588.42 1238.13 34.6209
 227462 37448 3921.81 152.086 121.861
 272688 36417.1 4723.93 494.722 34.5575
 258375 55800.3 6299.26 817.125 91.5525
 43989.2 37566.6 6218.39 701.991 101.263
 127946 6022.27 3874.52 641.347 82.8454
 148680 21898.3 827.801 532.578 99.5451
 43708.1 26230.1 3129.78 118.312 90.3454
 133703 8182.32 4046.27 482.801 32.1876
 120765 27147 1401.19 692.908 88.1899
 54246.9 27083.3 5283.18 272.692 152.013
 81341.3 11352.8 4822.11 940.658 75.6176
 65547.6 17155.8 2041.63 867.189 182.763
 24472 9331.6 1860.71 221.434 113.877
 113666 3806.67 1134.29 226.175 40.7582
pred_Ctot
 28483.3 6299.95 7231.19 649.156 0.0358861
 31420.4 14382.3 2318.12 2660.78 238.876
 27846 6981.25 2191.65 353.246 441.863
 45306.6 6712.67 1155.21 362.659 131.569
 12474.6 3761.41 376.726 64.8323 27.7369
 36064.7 6082.66 1368.39 137.052 33.6765
 26852.5 23863.5 2950.68 663.804 82.8201
 2427.9 1361.5 799.448 98.8504 25.0126
 8461.32 3235.76 1369.32 804.04 124.575
 18270.6 2497.73 640.556 271.073 183.83
 8279.78 429.192 32.3982 8.30869 5.90057
 45726.8 6115.68 234.628 17.7112 7.76784
 27030.4 10053.7 909.419 34.8899 3.78881
 32761.4 8821.85 2186.54 197.787 8.41211
 27464.1 578.831 67.1434 16.6419 1.56939
 91386.2 3674.48 50.1702 5.81966 1.57846
 15506.8 17171 472.735 6.45458 0.951796
 88683.7 5116.24 3987.95 109.792 1.72013
 129035 21250.9 824.101 642.36 17.9619
 86759.7 16917.7 1771.74 68.7073 55.0527
 80183.5 12952.8 1680.2 175.962 12.2914
 106299 26985.8 3046.41 395.173 44.2761
 18873.5 18860.9 3122.03 352.444 50.8405
 45971.1 2576.88 1657.87 274.427 35.4488
 51869 9121.08 344.796 221.83 41.4626
 14323.4 10315.2 1230.81 46.5273 35.5291
 39723.1 2938.37 1453.06 173.38 11.559
 31015.5 8505.63 439.019 217.101 27.6315
 15469.7 9361.41 1826.15 94.2567 52.5436
 22943.6 3884.14 1649.8 321.83 25.8712
 27378 8409.7 1000.8 425.092 89.5896
 9559.58 4307.54 858.916 102.216 52.5665
 41405.8 1649.38 491.472 97.9988 17.66
F
 0.36653 0.471547 0.471547 0.471547 0.471547
 0.681627 0.876924 0.876924 0.876924 0.876924
 0.677284 0.871337 0.871337 0.871337 0.871337
 0.753472 0.969354 0.969354 0.969354 0.969354
 0.237063 0.304985 0.304985 0.304985 0.304985
 0.333833 0.429482 0.429482 0.429482 0.429482
 0.864817 1.1126 1.1126 1.1126 1.1126
 0.172735 0.222227 0.222227 0.222227 0.222227
 0.792698 1.01982 1.01982 1.01982 1.01982
 1.67174 2.15072 2.15072 2.15072 2.15072
 0.28173 0.36245 0.36245 0.36245 0.36245
 0.750942 0.9661 0.9661 0.9661 0.9661
 0.823552 1.05951 1.05951 1.05951 1.05951
 2.67262 3.43837 3.43837 3.43837 3.43837
 0.958946 1.2337 1.2337 1.2337 1.2337
 0.689827 0.887474 0.887474 0.887474 0.887474
 0.549271 0.706646 0.706646 0.706646 0.706646
 0.781164 1.00498 1.00498 1.00498 1.00498
 1.04628 1.34605 1.34605 1.34605 1.34605
 0.831946 1.07031 1.07031 1.07031 1.07031
 0.586549 0.754604 0.754604 0.754604 0.754604
 0.928296 1.19427 1.19427 1.19427 1.19427
 0.98848 1.2717 1.2717 1.2717 1.2717
 0.765204 0.984447 0.984447 0.984447 0.984447
 0.734887 0.945444 0.945444 0.945444 0.945444
 0.675557 0.869114 0.869114 0.869114 0.869114
 0.594359 0.764652 0.764652 0.764652 0.764652
 0.494931 0.636737 0.636737 0.636737 0.636737
 0.564085 0.725704 0.725704 0.725704 0.725704
 0.556317 0.71571 0.71571 0.71571 0.71571
 0.949371 1.22138 1.22138 1.22138 1.22138
 0.860775 1.1074 1.1074 1.1074 1.1074
 0.779911 1.00337 1.00337 1.00337 1.00337
YTP_r0W_actual
 312565 28812.4 11842.3 3072.59 623.179
YTP_p0W_proyectada
 208458 145098 5360.54 2078.41 529.347
 208458 96646.9 26951.3 939.277 357.416
CTP_r0_actual
 41454.3 1651.14 491.996 98.1032 17.6788
CTP_p0_proyectada
 27647 8315.05 222.706 66.3605 15.0169
 27647 5538.51 1119.71 29.9897 10.1395
Wmedp
 7.54 17.45 24.07 31.32 35.25
Frms_r0
 0.781179 1.005 1.005 1.005 1.005
Zrms_r0
 1.78118 2.005 2.005 2.005 2.005
nmprior
 7.29 8.9 8.7 0
nm_flota  nm_reclas  nm_pelaces    nm_pelaL
inf 10.9376 9.39352 23.0123
cv_recla  cv_pelaces  cv_mph
0.456492 2.36379 0.598962
 ------------------------------------------------
Talla a la edad & desviaci?n 
 8 13.2811 15.8009 17.003 17.5766
 0.8 1.32811 1.58009 1.7003 1.75766
