years
 1991 1992 1993 1994 1995 1996 1997 1998 1999 2000 2001 2002 2003 2004 2005 2006 2007 2008 2009 2010 2011 2012 2013 2014 2015 2016 2017 2018 2019
reclasobs
 0 0 0 0 0 0 0 0 0 252601 567819 844713 477998 351125 339783 2.1784e+06 2.13404e+06 4.81314e+06 1.55562e+06 2.62356e+06 3.21686e+06 3.843e+06 1.13348e+06 3.07943e+06 1.97215e+06 2.03268e+06 2.025e+06 2.42433e+06 2.27542e+06
reclaspred
 4.81295e+06 2.62244e+06 1.2574e+06 1.39567e+06 1.73086e+06 3.34655e+06 2.1295e+06 1.53231e+06 865422 332713 550716 1.23268e+06 1.12241e+06 271189 649502 2.00747e+06 2.31513e+06 2.74643e+06 2.46218e+06 2.15387e+06 4.24954e+06 2.79208e+06 1.35789e+06 1.85173e+06 1.71009e+06 1.48724e+06 2.00072e+06 1.95487e+06 1.3592e+06
pelacesobs
 0 0 0 0 0 0 0 0 0 0 0 0 0 0 0 552880 188675 0 991730 2.46772e+06 1.41603e+06 1.21717e+06 2.29649e+06 1.80582e+06 0 1.4828e+06 1.56532e+06 1.57751e+06 1.42118e+06
pelacespred
 343881 186333 84272.2 83034.9 124624 251544 133080 131666 64018.8 17475.2 42813.9 77667.8 73367.1 10734.2 46683.6 129240 146681 183635 161703 129724 288097 178631 80800.2 139119 113435 97766 172334 151038 82828.8
mphobs
 0 0 0 0 0 0 0 0 0 0 0 0 498337 0 5186 125008 0 168611 109162 213762 579715 649985 157893 87575 83554 210694 70296 0 107559
mphpred
 766005 525005 232135 135031 198357 284790 466079 201209 170328 67275.4 22536.5 110586 171541 74539.2 10203.1 88879.5 351865 256400 277095 230913 316358 416074 206278 93830.2 216759 189797 136496 248353 249494
desembarqueobs
 494567 514787 250237 358949 120608 361735 552515 73892 212993 205616 52469 317467 293654 387597 252695 516296 358380 742168 942051 627588 828172 859565 418607 520667 417249 300574 415391 372974 316634
desembarquepred
 494555 514428 250392 358940 120609 361714 552475 73897.8 213074 205688 52470.8 317436 293714 387632 252584 516112 358363 741960 941171 627174 828101 859639 418669 520669 417099 300585 415306 372922 316586
Reclutas
 144567 95366.5 84173.4 127751 92682.7 195147 69201.3 24275.2 23315.7 32109.5 54816.2 128686 72323.6 45230.2 66269.7 279436 56320.5 243707 291464 229271 274899 257559 44174.3 129724 149187 44476.2 136559 100979 40101.2
log_desv_Rt
 0.424632 0.00861739 -0.11623 0.300976 -0.0199276 0.724642 -0.31209 -1.35965 -1.39998 -1.07996 -0.545124 0.308264 -0.267959 -0.737346 -0.355376 1.08366 -0.518051 0.946857 1.12581 0.885793 1.06729 1.00214 -0.760967 0.316301 0.456091 -0.754156 0.367649 0.0658005 -0.857703
SSB
 766005 525005 232135 135031 198357 284790 466079 201209 170328 67275.4 22536.5 110586 161441 71341.3 9763.27 85630.4 351865 256400 290241 240556 339129 484450 263953 109743 229632 219932 143802 248353 264963
BT
 1.31474e+06 982839 446670 580627 475927 1.21646e+06 832488 470284 402213 253483 219772 549679 505198 428844 457897 953658 691226 1.35115e+06 1.49894e+06 952727 1.79483e+06 1.32984e+06 603097 1.08414e+06 730088 562170 1.13216e+06 862557 485493
Ftot
 0.461326 0.853745 0.847879 0.954202 0.300012 0.426701 1.10346 0.218571 0.994042 2.0154 0.337843 0.936577 1.02275 3.385 1.20311 0.862047 0.679103 0.979796 1.31748 1.0455 0.737679 1.17359 1.24134 0.958151 0.923067 0.841994 0.737967 0.726504 1.00518
BD_Bspro_t
 0.928846 0.575107 0.306182 0.22199 0.270866 0.396485 0.455293 0.241971 0.274094 0.157584 0.07962 0.378569 0.32277 0.14573 0.0249499 0.180558 0.351893 0.266275 0.252033 0.194966 0.211529 0.265169 0.181909 0.101899 0.214144 0.238677 0.203151 0.330506 0.328851
BD_Bspro
 1.13997 0.781311 0.345463 0.200953 0.295194 0.423824 0.693618 0.299439 0.253482 0.100119 0.0335388 0.164573 0.240257 0.10617 0.0145297 0.127435 0.523645 0.381573 0.431936 0.357994 0.504691 0.720957 0.392815 0.163319 0.341738 0.327302 0.214005 0.369598 0.394317
BD_Bo
 1.58389 1.08557 0.479993 0.279209 0.410149 0.58887 0.963727 0.416047 0.352194 0.139108 0.0465995 0.228662 0.333818 0.147515 0.0201878 0.177061 0.727563 0.530166 0.600141 0.497405 0.701228 1.00171 0.545785 0.226919 0.474818 0.45476 0.297343 0.513527 0.547872
BD_Brms
 9.55603 6.54952 2.89592 1.68454 2.47453 3.5528 5.81441 2.51012 2.12487 0.839271 0.281147 1.37957 2.01401 0.889993 0.121798 1.06825 4.38957 3.19862 3.6208 3.00097 4.23068 6.04359 3.29286 1.36906 2.8647 2.74368 1.79395 3.09824 3.30545
Sel_flota
 0.779382 1 1 1 1
 0.779382 1 1 1 1
 0.779382 1 1 1 1
 0.779382 1 1 1 1
 0.779382 1 1 1 1
 0.779382 1 1 1 1
 0.779382 1 1 1 1
 0.779382 1 1 1 1
 0.779382 1 1 1 1
 0.779382 1 1 1 1
 0.779382 1 1 1 1
 0.779382 1 1 1 1
 0.779382 1 1 1 1
 0.779382 1 1 1 1
 0.779382 1 1 1 1
 0.779382 1 1 1 1
 0.779382 1 1 1 1
 0.779382 1 1 1 1
 0.779382 1 1 1 1
 0.779382 1 1 1 1
 0.779382 1 1 1 1
 0.779382 1 1 1 1
 0.779382 1 1 1 1
 0.779382 1 1 1 1
 0.779382 1 1 1 1
 0.779382 1 1 1 1
 0.779382 1 1 1 1
 0.779382 1 1 1 1
 0.779382 1 1 1 1
Sel_reclas
 0.5 1 1 1 1
 0.5 1 1 1 1
 0.5 1 1 1 1
 0.5 1 1 1 1
 0.5 1 1 1 1
 0.5 1 1 1 1
 0.5 1 1 1 1
 0.5 1 1 1 1
 0.5 1 1 1 1
 0.5 1 1 1 1
 0.5 1 1 1 1
 0.5 1 1 1 1
 0.5 1 1 1 1
 0.5 1 1 1 1
 0.5 1 1 1 1
 0.5 1 1 1 1
 0.5 1 1 1 1
 0.5 1 1 1 1
 0.5 1 1 1 1
 0.5 1 1 1 1
 0.5 1 1 1 1
 0.5 1 1 1 1
 0.5 1 1 1 1
 0.5 1 1 1 1
 0.5 1 1 1 1
 0.5 1 1 1 1
 0.5 1 1 1 1
 0.5 1 1 1 1
 0.5 1 1 1 1
Sel_pelaces
 0.5 1 1 1 1
 0.5 1 1 1 1
 0.5 1 1 1 1
 0.5 1 1 1 1
 0.5 1 1 1 1
 0.5 1 1 1 1
 0.5 1 1 1 1
 0.5 1 1 1 1
 0.5 1 1 1 1
 0.5 1 1 1 1
 0.5 1 1 1 1
 0.5 1 1 1 1
 0.5 1 1 1 1
 0.5 1 1 1 1
 0.5 1 1 1 1
 0.5 1 1 1 1
 0.5 1 1 1 1
 0.5 1 1 1 1
 0.5 1 1 1 1
 0.5 1 1 1 1
 0.5 1 1 1 1
 0.5 1 1 1 1
 0.5 1 1 1 1
 0.5 1 1 1 1
 0.5 1 1 1 1
 0.5 1 1 1 1
 0.5 1 1 1 1
 0.5 1 1 1 1
 0.5 1 1 1 1
pf_obs 
 0.8446 0.082 0.0669 0.0065 0
 0.8095 0.147 0.0364 0.0071 0
 0.9664 0.0169 0.016 0.0007 0
 0.9276 0.0648 0.0075 0.0001 0
 0.7033 0.2144 0.0806 0.0017 0
 0.9318 0.0425 0.0243 0.0014 0
 0.5671 0.3108 0.0964 0.0239 0.0018
 0.0768 0.2599 0.5324 0.112 0.0189
 0.490249 0.384438 0.106611 0.0170017 0.00170017
 0.7925 0.1577 0.0466 0.003 0.0002
 0.840416 0.127587 0.0312969 0.00059994 9.999e-05
 0.8084 0.0986 0.0794 0.0134 0.0002
 0.7335 0.1905 0.0724 0.0035 0.0001
 0.4001 0.4547 0.1325 0.0127 0
 0.49795 0.308269 0.164784 0.0264974 0.00249975
 0.9179 0.0499 0.0305 0.0017 0
 0.2467 0.6533 0.0926 0.0074 0
 0.9418 0.0223 0.034 0.0019 0
 0.707729 0.231977 0.0356964 0.0245975 0
 0.517169 0.277429 0.184464 0.0207286 0.00020938
 0.811772 0.124168 0.05621 0.00726502 0.000585176
 0.764997 0.148141 0.077277 0.00933861 0.000247198
 0.163321 0.427699 0.378323 0.0303852 0.000271297
 0.753843 0.0900009 0.118128 0.0371064 0.000921714
 0.721811 0.176058 0.0630433 0.0369309 0.00215725
 0.143369 0.312575 0.442814 0.0836902 0.0175525
 0.692698 0.0596174 0.167031 0.0765114 0.00414204
 0.394062 0.376323 0.152708 0.0712218 0.00568511
 0.125707 0.32114 0.495352 0.0537591 0.00404204
pf_pred 
 0.667093 0.147143 0.170698 0.0150647 8.63989e-07
 0.610813 0.285038 0.0460335 0.0534028 0.00471324
 0.729873 0.187558 0.0604732 0.00976641 0.0123298
 0.842297 0.125565 0.0223142 0.00719463 0.00262884
 0.74648 0.224877 0.0228057 0.0040528 0.00178418
 0.823335 0.140843 0.0317749 0.00322243 0.00082476
 0.49598 0.435296 0.0547892 0.0123607 0.00157439
 0.51666 0.288519 0.168256 0.0211778 0.00538637
 0.604032 0.231774 0.0980117 0.0571576 0.00902401
 0.833257 0.115537 0.0299723 0.0126745 0.00855838
 0.94147 0.0525461 0.00414662 0.0010757 0.000762046
 0.869388 0.124831 0.00519048 0.000409601 0.000181532
 0.708029 0.26483 0.0259395 0.00107857 0.000122836
 0.732261 0.209575 0.052758 0.00516752 0.000239337
 0.976154 0.0205488 0.00258129 0.000649809 6.65952e-05
 0.960077 0.039295 0.000540909 6.79477e-05 1.8858e-05
 0.462147 0.52285 0.0147669 0.000203272 3.26213e-05
 0.901963 0.0537021 0.0430982 0.00121723 1.94445e-05
 0.847964 0.141607 0.00571279 0.00458476 0.000131556
 0.818911 0.162401 0.0174062 0.000702208 0.000579722
 0.8414 0.138117 0.0183685 0.00196874 0.000144994
 0.772804 0.200606 0.023156 0.00307956 0.000354377
 0.454582 0.457119 0.0779641 0.00899944 0.00133458
 0.908365 0.0514887 0.0336474 0.00573874 0.00076066
 0.838006 0.151596 0.00584209 0.00381775 0.000737445
 0.550552 0.396988 0.0490925 0.00189189 0.00147514
 0.894802 0.0672166 0.0335483 0.00414866 0.000284537
 0.731788 0.247733 0.0130855 0.00653104 0.000863036
 0.560113 0.349626 0.0833688 0.00440361 0.00248831
pobs_RECLAS
 0 0 0 0 0
 0 0 0 0 0
 0 0 0 0 0
 0 0 0 0 0
 0 0 0 0 0
 0 0 0 0 0
 0 0 0 0 0
 0 0 0 0 0
 0 0 0 0 0
 0 0 0 0 0
 0.991045 0.00858322 0.000360255 1.14367e-05 0
 0.934742 0.0480273 0.0164251 0.00080598 0
 0.827803 0.169806 0.00239088 0 0
 0.941827 0.0461693 0.0120037 0 0
 0.791401 0.0380133 0.147996 0.0225897 0
 0.846168 0.0940531 0.0597789 0 0
 0.134021 0.677848 0.182769 0.00536245 0
 0.80878 0.0450904 0.141981 0.00414843 0
 0.846168 0.0940531 0.0597789 0 0
 0.905697 0.0802665 0.012482 0.00150086 5.37128e-05
 0.989698 0.0102097 9.19794e-05 0 0
 0.975433 0.0193895 0.00387452 0.00125025 5.28907e-05
 0.303575 0.632131 0.0575291 0.00676475 0
 0.966965 0.00978017 0.0227588 0.000495775 0
 0.843318 0.132988 0.00938335 0.0141283 0.000182051
 0.564624 0.303363 0.111486 0.0197234 0.00080311
 0.826376 0.0876187 0.0782897 0.00655872 0.00115652
 0.89761 0.0855135 0.0140674 0.00269457 0.000114338
 0.34875 0.467042 0.161289 0.0227151 0.000203297
ppred_RECLAS
 0.565314 0.192129 0.222886 0.0196704 1.12814e-06
 0.50828 0.360132 0.0581612 0.0674719 0.00595496
 0.640174 0.249838 0.0805539 0.0130094 0.0164241
 0.779413 0.175634 0.0312119 0.0100635 0.00367709
 0.655396 0.305671 0.0309994 0.00550889 0.00242521
 0.751328 0.198249 0.044726 0.00453585 0.00116092
 0.395994 0.521648 0.0656581 0.0148128 0.00188671
 0.407928 0.353425 0.206107 0.025942 0.00659809
 0.502739 0.291065 0.123084 0.0717792 0.0113325
 0.778522 0.153464 0.0398109 0.0168351 0.0113677
 0.912285 0.0787466 0.0062142 0.00161206 0.00114202
 0.814812 0.17699 0.00735929 0.000580751 0.000257384
 0.616763 0.347612 0.0340478 0.00141571 0.000161232
 0.682013 0.248906 0.0626594 0.00613734 0.000284255
 0.964801 0.0303313 0.00381015 0.000959161 9.82988e-05
 0.940633 0.0584333 0.000804355 0.000101041 2.80427e-05
 0.359766 0.622375 0.0175778 0.000241965 3.88307e-05
 0.859027 0.0772215 0.0619735 0.00175033 2.79604e-05
 0.789797 0.195784 0.0078984 0.0063388 0.000181887
 0.750274 0.223955 0.0240035 0.000968363 0.000799453
 0.776657 0.1945 0.0258669 0.00277242 0.000204183
 0.69458 0.269675 0.0311287 0.00413986 0.00047639
 0.358643 0.537527 0.0916781 0.0105824 0.00156933
 0.867707 0.0743336 0.0485763 0.00828494 0.00109816
 0.773625 0.211845 0.00816392 0.00533505 0.00103053
 0.446405 0.488979 0.0604683 0.00233028 0.00181696
 0.847919 0.0971725 0.0484995 0.00599756 0.000411345
 0.641268 0.33134 0.0175017 0.00873522 0.0011543
 0.457801 0.430945 0.102759 0.00542784 0.00306706
pobs_PELACES
 0 0 0 0 0
 0 0 0 0 0
 0 0 0 0 0
 0 0 0 0 0
 0 0 0 0 0
 0 0 0 0 0
 0 0 0 0 0
 0 0 0 0 0
 0 0 0 0 0
 0 0 0 0 0
 0 0 0 0 0
 0 0 0 0 0
 0 0 0 0 0
 0 0 0 0 0
 0 0 0 0 0
 0 0 0 0 0
 0.505614 0.472636 0.0217494 0 0
 0 0 0 0 0
 0.443492 0.261883 0.143347 0.151278 0
 0.227955 0.32914 0.350689 0.0885471 0.00366901
 0.970185 0.0296113 0.000203453 0 0
 0.997202 0.00247181 0.000326279 0 0
 0.445219 0.490057 0.0546422 0.010081 0
 0.90214 0.0892962 0.00764917 0.000914606 0
 0 0 0 0 0
 0.581667 0.319106 0.0959925 0.00289975 0.000334073
 0.762889 0.0836404 0.116647 0.0363945 0.000428098
 0.88444 0.0763242 0.0277011 0.0115352 0
 0.521256 0.241999 0.230069 0.00667565 0
ppred_PELACES
 0.573549 0.188489 0.218663 0.0192978 1.10676e-06
 0.523802 0.348764 0.0563253 0.065342 0.00576698
 0.654267 0.240053 0.077399 0.0124999 0.0157808
 0.791125 0.166309 0.0295548 0.00952919 0.00348186
 0.660312 0.30131 0.0305571 0.0054303 0.00239061
 0.757087 0.193658 0.0436902 0.00443081 0.00113404
 0.415361 0.504922 0.0635529 0.0143378 0.00182622
 0.411777 0.351127 0.204767 0.0257734 0.0065552
 0.520819 0.280482 0.118609 0.0691693 0.0109204
 0.802787 0.136651 0.0354493 0.0149907 0.0101223
 0.914234 0.0769974 0.00607617 0.00157626 0.00111665
 0.824881 0.167367 0.00695916 0.000549175 0.000243389
 0.634204 0.331793 0.0324983 0.00135129 0.000153895
 0.732918 0.20906 0.0526285 0.00515483 0.000238749
 0.967658 0.0278699 0.00350094 0.000881323 9.03216e-05
 0.944043 0.0550776 0.000758163 9.52385e-05 2.64323e-05
 0.371232 0.61123 0.017263 0.000237632 3.81354e-05
 0.867446 0.0726097 0.0582724 0.00164579 2.62906e-05
 0.805279 0.181364 0.00731667 0.00587194 0.000168491
 0.764262 0.21141 0.022659 0.000914121 0.000754672
 0.785834 0.186508 0.024804 0.0026585 0.000195793
 0.712399 0.253942 0.0293126 0.00389834 0.000448597
 0.379685 0.519891 0.0886702 0.0102352 0.00151784
 0.875511 0.0699485 0.0457107 0.0077962 0.00103337
 0.785178 0.201034 0.0077473 0.00506279 0.000977938
 0.4616 0.475558 0.0588086 0.00226632 0.00176709
 0.854719 0.092828 0.0463311 0.00572941 0.000392954
 0.653343 0.320188 0.0169126 0.0084412 0.00111545
 0.476014 0.416469 0.0993077 0.00524552 0.00296404
pobs_pel_tallas
 0 0 0 0 0 0 0 0 0 0 0 0 0 0 0 0 0 0 0 0 0 0 0 0 0 0
 0 0 0 0 0 0 0 0 0 0 0 0 0 0 0 0 0 0 0 0 0 0 0 0 0 0
 0 0 0 0 0 0 0 0 0 0 0 0 0 0 0 0 0 0 0 0 0 0 0 0 0 0
 0 0 0 0 0 0 0 0 0 0 0 0 0 0 0 0 0 0 0 0 0 0 0 0 0 0
 0 0 0 0 0 0 0 0 0 0 0 0 0 0 0 0 0 0 0 0 0 0 0 0 0 0
 0 0 0 0 0 0 0 0 0 0 0 0 0 0 0 0 0 0 0 0 0 0 0 0 0 0
 0 0 0 0 0 0 0 0 0 0 0 0 0 0 0 0 0 0 0 0 0 0 0 0 0 0
 0 0 0 0 0 0 0 0 0 0 0 0 0 0 0 0 0 0 0 0 0 0 0 0 0 0
 0 0 0 0 0 0 0 0 0 0 0 0 0 0 0 0 0 0 0 0 0 0 0 0 0 0
 0 0 0 0 0 0 0 0 0 0 0 0 0 0 0 0 0 0 0 0 0 0 0 0 0 0
 0 0 0 0 0 0 0 0 0 0 0 0 0 0 0 0 0 0 0 0 0 0 0 0 0 0
 0 0 0 0 0 0 0 0 0 0 0 0 0 0 0 0 0 0 0 0 0 0 0 0 0 0
 0.00862536 0 0 0.000197151 0.00414017 0.0128641 0.00837892 0.0270097 0.101434 0.158115 0.152841 0.127902 0.109271 0.109419 0.0830992 0.0579132 0.0238553 0.00714673 0.00463305 0.00128148 0.00103504 0.000492878 0.000147863 0.000147863 4.92878e-05 0
 0 0 0 0 0 0 0 0 0 0 0 0 0 0 0 0 0 0 0 0 0 0 0 0 0 0
 0 0 0 0 0 0 0 0.0054083 0.00873648 0.0413646 0.0450493 0.0745869 0.0622846 0.0627006 0.0613931 0.0827291 0.12552 0.122667 0.0946155 0.0697135 0.0546179 0.0294188 0.0215738 0.0213955 0.0102223 0.00600262
 0 0 0 0 0.00359764 0.0251062 0.0480494 0.140153 0.205849 0.193036 0.1447 0.116669 0.0760912 0.0342217 0.00950174 0.001854 0.000860785 0 0 0 0.000165536 0 0.000143464 0 0 0
 0 0 0 0 0 0 0 0.000145254 0.000435761 0.0275982 0.070085 0.0708112 0.156366 0.174668 0.174014 0.160142 0.0824315 0.0480064 0.0283245 0.00493863 0.00203355 0 0 0 0 0
 0 0 0 0 0 0 0 0 0 0 0 0 0 0 0 0 0 0 0 0 0 0 0 0 0 0
 0 0 1.00437e-05 0.000401748 0.00122533 0.00171747 0.00176769 0.0269171 0.070346 0.194647 0.189555 0.159765 0.064822 0.0314167 0.0384472 0.0292271 0.0345202 0.0313363 0.0194345 0.0106764 0.0143323 0.0359363 0.0279516 0.0138201 0.00172751 0
 0 0.0021121 0.0136068 0.0755702 0.200478 0.177729 0.0527432 0.0373336 0.0318909 0.0142505 0.0149659 0.0166563 0.0217959 0.0798694 0.0677717 0.0528807 0.04013 0.0224614 0.0357745 0.0225083 0.00881397 0.00855152 0.00135912 0.000746735 0 0
 0 0 0 0 5.4009e-05 0.00500934 0.000945158 0.0243581 0.138947 0.33067 0.221406 0.137944 0.0707744 0.0437923 0.0131692 0.00525238 0.0047753 0.00276346 9.45158e-05 9.00151e-06 2.25038e-05 9.00151e-06 4.50075e-06 0 0 0
 0.000866109 0.00284123 0.00948549 0.0512746 0.133035 0.25785 0.225252 0.132002 0.0553304 0.0519788 0.0540692 0.017754 0.00435017 0.00159236 0.00146478 0.000404838 0.000125132 0.000115318 0.000107957 0.000100596 0 0 0 0 0 0
 0 0 0 0 0.00144013 0.00171154 0.00461396 0.0210425 0.0478622 0.0707936 0.0888783 0.103762 0.0637923 0.0337046 0.0602308 0.124433 0.169614 0.0934646 0.0462172 0.0250306 0.0313229 0.00938855 0.002487 0.000210481 0 0
 0 0.00764035 0.051015 0.0998891 0.058973 0.0496711 0.0374665 0.0718981 0.12319 0.153886 0.159021 0.0857701 0.0377988 0.023471 0.0147837 0.00900784 0.00315554 0.000888139 0.00291439 0.00214683 0.00393193 0.00274676 0.000635225 9.99891e-05 0 0
 0 0 0 0 0 0 0 0 0 0 0 0 0 0 0 0 0 0 0 0 0 0 0 0 0 0
 0 0 0 0 0 0 0 0 0 0 0 0 0 0 0 0 0 0 0 0 0 0 0 0 0 0
 0 0 0 0 0 0 0 0 0 0 0 0 0 0 0 0 0 0 0 0 0 0 0 0 0 0
 0 0 0 0 0 0 0 0 0 0 0 0 0 0 0 0 0 0 0 0 0 0 0 0 0 0
 0 0 0 0 0 0 0 0 0 0 0 0 0 0 0 0 0 0 0 0 0 0 0 0 0 0
ppred_pel_tallas
 1.08294e-16 4.72425e-05 0.000459214 0.00305164 0.0138723 0.043162 0.0919619 0.134225 0.134243 0.0920523 0.0434664 0.0147552 0.00528215 0.0053761 0.00952471 0.0160343 0.0239362 0.0318512 0.0383383 0.0426282 0.0448907 0.0457533 0.0455415 0.0439705 0.0405187 0.0350576
 1.09244e-16 4.3145e-05 0.000419384 0.00278696 0.0126691 0.0394185 0.0839866 0.122588 0.122622 0.084151 0.0399707 0.0142644 0.0067931 0.00917101 0.0166832 0.0275658 0.0398392 0.0504031 0.0561475 0.0556993 0.0502544 0.0427382 0.0359761 0.0312953 0.0283872 0.0261271
 1.0622e-16 5.38912e-05 0.000523842 0.00348111 0.0158246 0.0492365 0.104904 0.153116 0.153139 0.105018 0.0496176 0.0169263 0.00624991 0.00657978 0.0115895 0.0191644 0.0278133 0.0354222 0.0398652 0.0401581 0.0370093 0.0322576 0.0276752 0.0240924 0.0213638 0.0189186
 1.02441e-16 6.51639e-05 0.000633417 0.00420928 0.0191348 0.0595355 0.126847 0.185141 0.185157 0.126926 0.0597987 0.0198952 0.00611861 0.00480339 0.00799032 0.0131214 0.018931 0.0238822 0.0264541 0.0259481 0.0228943 0.0186742 0.0146723 0.0116229 0.00952997 0.00801513
 1.01909e-16 5.43891e-05 0.000528681 0.00351327 0.0159709 0.0496914 0.105874 0.154532 0.154561 0.106016 0.0501675 0.0173456 0.006963 0.00805612 0.0143405 0.0235957 0.0339238 0.0425297 0.0465998 0.0448326 0.0382136 0.0293531 0.020942 0.0145219 0.0102755 0.0075982
 1.01947e-16 6.23603e-05 0.000606164 0.00402817 0.0183115 0.056974 0.12139 0.177176 0.177195 0.121481 0.0572807 0.0191978 0.00625402 0.00546896 0.00930862 0.0153185 0.0221254 0.0279552 0.0310343 0.0305289 0.0270164 0.0220529 0.0172067 0.0133241 0.0104548 0.00824935
 1.03711e-16 3.42128e-05 0.000332561 0.00220999 0.0100463 0.031258 0.0666004 0.0972154 0.097264 0.0668381 0.0320562 0.0123515 0.00799565 0.0129604 0.0240101 0.0396214 0.0570298 0.0716237 0.0787158 0.0761323 0.0654989 0.0511241 0.0374223 0.0268826 0.0197531 0.0150233
 1.09693e-16 3.39176e-05 0.000329691 0.00219091 0.0099596 0.0309882 0.0660249 0.0963724 0.0964065 0.0661915 0.0315486 0.0115812 0.00627327 0.00928055 0.0171475 0.0285925 0.0418786 0.0541073 0.0622924 0.0649793 0.0629603 0.0584345 0.0533713 0.0484597 0.0432962 0.0372993
 1.1228e-16 4.28993e-05 0.000416996 0.00277109 0.012597 0.039194 0.083508 0.121888 0.121915 0.0836408 0.0396406 0.0138887 0.0060209 0.00753584 0.0136357 0.022668 0.0331106 0.0426245 0.0488573 0.0507594 0.0491632 0.0460653 0.0432111 0.0411287 0.039211 0.0365051
 1.04275e-16 6.61245e-05 0.000642754 0.00427133 0.0194168 0.0604131 0.128717 0.187869 0.187882 0.128781 0.0606298 0.0200432 0.0058452 0.00408375 0.00661678 0.0108759 0.0157606 0.0200353 0.0224915 0.0225876 0.0207628 0.0181098 0.0156739 0.0139315 0.0127554 0.0117375
 1.00543e-16 7.53042e-05 0.000731984 0.00486429 0.0221124 0.0687998 0.146586 0.213947 0.213955 0.146622 0.0689214 0.0224635 0.00574527 0.00265393 0.00372182 0.00602427 0.00864875 0.0108296 0.0118427 0.0113567 0.00962913 0.00733668 0.00517788 0.00355425 0.00251231 0.00188864
 1.0034e-16 6.79444e-05 0.000660444 0.00438888 0.0199512 0.0620758 0.13226 0.19304 0.193056 0.132338 0.0623398 0.0207136 0.00630123 0.00483057 0.00797436 0.0130404 0.0186956 0.0233347 0.0253713 0.0240741 0.0200072 0.0146688 0.00962606 0.00581074 0.00337624 0.00199684
 1.01185e-16 5.22386e-05 0.000507778 0.00337436 0.0153394 0.0477267 0.101688 0.148423 0.148455 0.101844 0.0482508 0.0168529 0.00717211 0.00879384 0.0157757 0.0259624 0.0373103 0.0467367 0.0511294 0.0490396 0.0415417 0.0315109 0.0219298 0.0145359 0.00958421 0.0064631
 1.0213e-16 6.03695e-05 0.000586813 0.00389958 0.0177269 0.0551552 0.117515 0.17152 0.171541 0.117613 0.0554865 0.0186843 0.00630437 0.00584186 0.0100563 0.0165698 0.023956 0.0303147 0.0337385 0.0333263 0.029687 0.0244708 0.0193341 0.0151594 0.0119894 0.00946268
 1.00212e-16 7.97047e-05 0.000774758 0.00514854 0.0234045 0.0728201 0.155151 0.226448 0.226451 0.155164 0.0728642 0.0235317 0.00546789 0.00147179 0.00140313 0.00219255 0.00314841 0.00395407 0.00434623 0.00420486 0.00361979 0.00282889 0.0020756 0.00149691 0.00110592 0.000846258
 1.00051e-16 7.77595e-05 0.00075585 0.00502289 0.0228333 0.071043 0.151365 0.220923 0.220928 0.151391 0.0711299 0.0230841 0.00565166 0.00212657 0.00267547 0.0042855 0.00613172 0.00763868 0.00827851 0.00780992 0.00642189 0.00461506 0.00291546 0.00163933 0.000842163 0.000415172
 1.00685e-16 3.0578e-05 0.000297229 0.00197519 0.00897898 0.0279373 0.0595254 0.0868914 0.0869502 0.0598127 0.0289014 0.0117623 0.00895601 0.0155177 0.0288816 0.0475533 0.068157 0.0849863 0.0922444 0.0872546 0.0720914 0.0522656 0.0335586 0.0194334 0.0104906 0.00554676
 1.0187e-16 7.14504e-05 0.000694523 0.00461535 0.0209807 0.0652788 0.139084 0.202998 0.203005 0.139118 0.0653952 0.0213177 0.0054648 0.00256046 0.00364898 0.00600704 0.00884917 0.011547 0.0134933 0.0143777 0.0143169 0.0136831 0.0127877 0.0117046 0.0103447 0.00865504
 1.00875e-16 6.63298e-05 0.000644749 0.00428459 0.0194771 0.0606007 0.129117 0.188453 0.188471 0.129202 0.0608869 0.0203034 0.00635726 0.00516486 0.00863751 0.0141398 0.0202813 0.025335 0.0275917 0.0262696 0.0219891 0.0163751 0.0111135 0.00718684 0.00472259 0.00332935
 1.00928e-16 6.29513e-05 0.000611909 0.00406635 0.018485 0.057514 0.12254 0.178855 0.178876 0.12264 0.057848 0.0194496 0.00648692 0.00589371 0.0100871 0.0165578 0.0238015 0.0298346 0.0326762 0.031405 0.0267026 0.0203925 0.0143619 0.0097044 0.00657256 0.00457397
 1.01064e-16 6.47281e-05 0.000629181 0.00418113 0.0190068 0.0591373 0.125999 0.183903 0.183921 0.126087 0.0594322 0.0198584 0.00631843 0.00529418 0.0089221 0.0146412 0.0210691 0.0264591 0.0290729 0.0281008 0.0241348 0.0187584 0.0136003 0.00958818 0.00683312 0.00498792
 1.01378e-16 5.86794e-05 0.000570385 0.00379041 0.0172307 0.0536111 0.114225 0.16672 0.166744 0.114345 0.0540124 0.0183896 0.00669893 0.00691762 0.012107 0.0199059 0.0286296 0.0359161 0.0393946 0.0379635 0.03244 0.0250032 0.0178992 0.0124151 0.0087106 0.00630146
 1.03976e-16 3.12743e-05 0.000303997 0.00202017 0.00918344 0.0285733 0.0608804 0.0888672 0.0889173 0.0611253 0.0293959 0.0115594 0.00798519 0.0133286 0.0247757 0.0409306 0.059005 0.0742896 0.0819832 0.079839 0.0694679 0.0551883 0.0414036 0.0305672 0.0229097 0.0174685
 1.02294e-16 7.21147e-05 0.000700981 0.00465826 0.0211758 0.0658858 0.140377 0.204886 0.204892 0.14041 0.0659976 0.0214995 0.0054735 0.00248982 0.00349635 0.00573625 0.00842005 0.0109302 0.0126796 0.0133836 0.0131922 0.0125184 0.0117153 0.0108775 0.00989346 0.00863875
 1.00949e-16 6.46741e-05 0.000628655 0.00417764 0.0189909 0.059088 0.125894 0.18375 0.183769 0.125988 0.0594052 0.0199068 0.00647489 0.00563837 0.00956375 0.0156685 0.0224717 0.0280641 0.0305498 0.0290611 0.0242861 0.018029 0.0121647 0.00778992 0.00505274 0.0035223
 1.02346e-16 3.80214e-05 0.000369582 0.00245601 0.0111647 0.0347377 0.074014 0.108035 0.108081 0.0742379 0.0354893 0.0133354 0.00790378 0.0122588 0.0226079 0.0372881 0.0536451 0.0673141 0.0738578 0.0712049 0.0608708 0.0469181 0.0335399 0.0231486 0.0160651 0.0114183
 1.02002e-16 7.04021e-05 0.000684333 0.00454763 0.0206729 0.0643211 0.137043 0.20002 0.200029 0.137087 0.064469 0.0211007 0.00562394 0.00304218 0.00457255 0.00751081 0.0109589 0.0140844 0.0160784 0.0165504 0.0157229 0.0142141 0.0125989 0.0111153 0.00969397 0.00818712
 1.01606e-16 5.38151e-05 0.000523102 0.0034762 0.0158023 0.049167 0.104757 0.152902 0.152933 0.104907 0.0496724 0.0172614 0.00713668 0.00850679 0.0151952 0.0249805 0.0358515 0.0448152 0.0488615 0.0466087 0.0391414 0.0293095 0.0200681 0.0131363 0.00873805 0.00619632
 1.04e-16 3.92087e-05 0.000381123 0.0025327 0.0115133 0.0358223 0.0763248 0.111407 0.111447 0.0765212 0.0364821 0.0134198 0.00732099 0.0108431 0.0199346 0.0329615 0.0476329 0.060214 0.0668969 0.0658816 0.0583913 0.0477464 0.037295 0.0288481 0.0225269 0.0176168
pSPR Fmed_Fpbrs
0.545581   0.215748 0.215748
Fs Fmed_Fpbrs
0.34   1.005 1.005
SSBpbr Bo_Bmed_Bpbrs
483621  239673  80159.3 80159.3
Ro
94548.2
SPR SPRFo_SPRFmed_SPRFpbrs
671954 366605 144973
Fref
1.005
Nvult_r0
 33360.8 18247.9 4351.25 229.837 129.872
CTP_r0
 14653.2 9146.73 2181.05 115.205 65.0979
YTP_r0
316549
Np
 123226 20712.6 907.548 382.323 103.442
Nvult_p0
 102514 17923.5 785.337 330.839 89.5123
CTP_p0
 45027.6 2923.27 1231.48 293.649 17.5991
 45027.6 8984.08 393.648 165.832 44.8678
YTP_p0
 429979 512531
CBA_c0
350578
log_Ro
11.2769
likeval ReclasPelacesDesembMPH_pf_preclas_ppelaces_ptallas_desvR_qrecl_qpela
 16.1861 0.00319901 0.0158651 30.3945 220.928 108.17 95.5302 0 22.0584 0.000146041 0 0.0278942 0 0 0
q_reclas_q_pelaces
5.52365 1
M
1
N
 144567 25848.9 29986.9 2646.44 0.151779
 95366.5 37121.4 5995.09 6954.81 613.821
 84173.4 18035.4 5815.04 939.128 1185.62
 127751 15991.5 2841.85 916.282 334.799
 92682.7 22340.4 2265.64 402.626 177.25
 195147 26987.1 6088.4 617.451 158.033
 69201.3 51479.8 6479.59 1461.82 186.193
 24275.2 10772.5 6282.23 790.723 201.112
 23315.7 7531.59 3184.93 1857.36 293.239
 32109.5 3952.65 1025.38 433.609 292.791
 54816.2 2455.64 193.784 50.2707 35.6128
 128686 15497.5 644.388 50.8512 22.5368
 72323.6 22815.1 2234.69 92.9186 10.5823
 45230.2 11989.6 3018.25 295.63 13.6923
 66269.7 1189.53 149.426 37.6163 3.85507
 279436 9545.33 131.395 16.5055 4.58089
 56320.5 52505.1 1482.91 20.4127 3.27586
 243707 12204.2 9794.37 276.623 4.4189
 291464 41776.4 1685.37 1352.58 38.8112
 229271 38401.3 4115.86 166.044 137.081
 274899 37339.9 4965.9 532.246 39.1989
 257559 56909.9 6569.13 873.641 100.533
 44174.3 37961.7 6474.56 747.362 110.831
 129724 6175.96 4035.93 688.35 91.2396
 149187 22615.7 871.546 569.547 110.015
 44476.2 26729.8 3305.47 127.383 99.3234
 136559 8488.56 4236.7 523.92 35.9333
 100979 28264.3 1492.95 745.141 98.4656
 40101.2 21087.6 5028.37 265.603 150.082
pred_Ctot
 28415.2 6267.64 7270.99 641.689 0.0368021
 30897 14418.2 2328.53 2701.29 238.412
 27128.8 6971.37 2247.74 363.01 458.289
 44958 6702.1 1191.03 384.017 140.315
 12450.1 3750.59 380.363 67.5943 29.7574
 35854.5 6133.42 1383.73 140.33 35.9165
 27015.8 23710.4 2984.34 673.281 85.7562
 2437.12 1360.97 793.676 99.8973 25.4079
 8452.66 3243.38 1371.55 799.847 126.279
 18118.8 2512.31 651.733 275.602 186.098
 8195.11 457.392 36.0946 9.36352 6.63329
 44672 6414.22 266.704 21.0467 9.3277
 26761.2 10009.7 980.43 40.7664 4.64281
 31935.6 9140.03 2300.9 225.368 10.438
 27450 577.845 72.5874 18.273 1.8727
 91195.7 3732.55 51.3798 6.4542 1.79129
 15268.6 17274.1 487.875 6.71576 1.07775
 87433.8 5205.73 4177.82 117.995 1.8849
 128206 21409.9 863.73 693.18 19.8903
 86174.6 17089.6 1831.66 73.8938 61.0046
 79577.4 13062.8 1737.24 186.198 13.7131
 104906 27231.6 3143.36 418.041 48.1055
 18685.1 18789.4 3204.63 369.912 54.8563
 45790.3 2595.53 1696.15 289.288 38.3446
 51237.2 9268.87 357.196 233.424 45.0887
 14259.1 10281.8 1271.47 48.999 38.2055
 39543.2 2970.44 1482.57 183.338 12.5743
 28882.4 9777.58 516.46 257.769 34.0625
 14655.1 9147.77 2181.3 115.218 65.1053
F
 0.359549 0.461326 0.461326 0.461326 0.461326
 0.665393 0.853745 0.853745 0.853745 0.853745
 0.660821 0.847879 0.847879 0.847879 0.847879
 0.743687 0.954202 0.954202 0.954202 0.954202
 0.233824 0.300012 0.300012 0.300012 0.300012
 0.332563 0.426701 0.426701 0.426701 0.426701
 0.86002 1.10346 1.10346 1.10346 1.10346
 0.17035 0.218571 0.218571 0.218571 0.218571
 0.774738 0.994042 0.994042 0.994042 0.994042
 1.57076 2.0154 2.0154 2.0154 2.0154
 0.263308 0.337843 0.337843 0.337843 0.337843
 0.729951 0.936577 0.936577 0.936577 0.936577
 0.797109 1.02275 1.02275 1.02275 1.02275
 2.6382 3.385 3.385 3.385 3.385
 0.937682 1.20311 1.20311 1.20311 1.20311
 0.671863 0.862047 0.862047 0.862047 0.862047
 0.529281 0.679103 0.679103 0.679103 0.679103
 0.763635 0.979796 0.979796 0.979796 0.979796
 1.02682 1.31748 1.31748 1.31748 1.31748
 0.814842 1.0455 1.0455 1.0455 1.0455
 0.574934 0.737679 0.737679 0.737679 0.737679
 0.914673 1.17359 1.17359 1.17359 1.17359
 0.967478 1.24134 1.24134 1.24134 1.24134
 0.746766 0.958151 0.958151 0.958151 0.958151
 0.719422 0.923067 0.923067 0.923067 0.923067
 0.656235 0.841994 0.841994 0.841994 0.841994
 0.575158 0.737967 0.737967 0.737967 0.737967
 0.566224 0.726504 0.726504 0.726504 0.726504
 0.783416 1.00518 1.00518 1.00518 1.00518
YTP_r0W_actual
 76196.7 187508 47328.8 3340.95 2174.27
YTP_p0W_proyectada
 339508 51011 29641.8 9197.1 620.37
 339508 156772 9475.1 5193.86 1581.59
CTP_r0_actual
 14653.2 9146.73 2181.05 115.205 65.0979
CTP_p0_proyectada
 45027.6 2923.27 1231.48 293.649 17.5991
 45027.6 8984.08 393.648 165.832 44.8678
Wmedp
 7.54 17.45 24.07 31.32 35.25
Frms_r0
 0.783279 1.005 1.005 1.005 1.005
Zrms_r0
 1.78328 2.005 2.005 2.005 2.005
nmprior
 7.29 8.9 8.7 0
nm_flota  nm_reclas  nm_pelaces    nm_pelaL
inf 11.262 9.10178 11.3511
cv_recla  cv_pelaces  cv_mph
0.381674 2.30904 0.47745
 ------------------------------------------------
Talla a la edad & desviaci?n 
 8 13.2811 15.8009 17.003 17.5766
 0.8 1.32811 1.58009 1.7003 1.75766
