years
 1991 1992 1993 1994 1995 1996 1997 1998 1999 2000 2001 2002 2003 2004 2005 2006 2007 2008 2009 2010 2011 2012 2013 2014 2015 2016 2017 2018 2019 2020
reclasobs
 0 0 0 0 0 0 0 0 0 252601 567819 844713 477998 351125 339783 2.1784e+06 2.13404e+06 4.81314e+06 1.55562e+06 2.62356e+06 3.21686e+06 3.843e+06 1.13348e+06 3.07943e+06 1.97215e+06 2.03268e+06 2.025e+06 2.42433e+06 2.27542e+06 1.05018e+06
reclaspred
 4.77084e+06 2.59008e+06 1.24105e+06 1.37561e+06 1.70191e+06 3.30837e+06 2.10988e+06 1.51803e+06 858204 331769 548920 1.22584e+06 1.11747e+06 269288 644873 1.99568e+06 2.3036e+06 2.72897e+06 2.44594e+06 2.13931e+06 4.22139e+06 2.77273e+06 1.34859e+06 1.84021e+06 1.69785e+06 1.47294e+06 1.99752e+06 2.25677e+06 1.87356e+06 733793
pelacesobs
 0 0 0 0 0 0 0 0 0 0 0 0 0 0 0 552880 188675 0 991730 2.46772e+06 1.41603e+06 1.21717e+06 2.29649e+06 1.80582e+06 0 1.4828e+06 1.56532e+06 1.57751e+06 1.42118e+06 867257
pelacespred
 344470 185767 83897.6 82490.7 123645 251167 133106 131684 64115.5 17645.8 43123.6 78050.3 73852.9 10774.1 46837.3 129834 147496 184390 162334 130192 289115 179242 81085 139716 113787 97749.4 174079 179908 124579 45251.3
mphobs
 0 0 0 0 0 0 0 0 0 0 0 0 498337 0 5186 125008 0 168611 109162 213762 579715 649985 157893 87575 83554 210694 70296 0 107559 103333
mphpred
 768480 524413 231148 134681 196973 282620 466334 201383 170356 67548.8 22815 111327 172412 75033.7 10246.7 89205 353791 257634 278263 231915 317553 417671 207046 94149.9 217793 190184 136471 255643 329142 156491
desembarqueobs
 494567 514787 250237 358949 120608 361735 552515 73892 212993 205616 52469 317467 293654 387597 252695 516296 358380 742168 942051 627588 828172 859565 418607 520667 417249 300574 415391 372974 316634 284311
desembarquepred
 494554 514433 250386 358939 120609 361712 552470 73897.6 213072 205686 52470.7 317435 293712 387631 252584 516111 358363 741957 941167 627172 828099 859635 418667 520667 417097 300585 415306 372909 316490 284205
Reclutas
 143786 95085 84411 127185 92190.6 195851 69068 24241.7 23370 32174.9 55050.8 128776 72450.4 45078 66364.9 280153 56237.9 243950 291626 229404 275270 257363 44061.5 130000 149070 44307.3 137721 121047 43833.1 35692.8
log_desv_Rt
 0.442637 0.0290792 -0.0899938 0.319947 -0.0018341 0.75166 -0.2906 -1.33762 -1.37424 -1.05451 -0.517436 0.332379 -0.242789 -0.717297 -0.330524 1.10964 -0.4961 0.971271 1.14978 0.909791 1.09206 1.02479 -0.740106 0.341841 0.478721 -0.734542 0.399535 0.270491 -0.745303 -0.950744
SSB
 768480 524413 231148 134681 196973 282620 466334 201383 170356 67548.8 22815 111327 162274 71812 9804.56 85943.9 353791 257634 291466 241601 340410 486303 264905 110118 230731 220407 143759 255643 346948 149026
BT
 1.31606e+06 981565 445880 578588 473093 1.21691e+06 832564 470194 402649 254113 220935 550954 506749 428916 458597 956231 693273 1.35384e+06 1.50134e+06 954555 1.79834e+06 1.33195e+06 603821 1.08664e+06 731277 561870 1.14e+06 972952 591014 409507
Ftot
 0.461789 0.856746 0.851011 0.960869 0.30261 0.428018 1.1041 0.21885 0.994201 2.00929 0.337068 0.936025 1.0201 3.38849 1.20518 0.862119 0.677281 0.979722 1.31784 1.04585 0.737612 1.17339 1.24029 0.958346 0.923537 0.843581 0.734244 0.622158 0.756227 1.44395
BD_Bspro_t
 0.928777 0.574857 0.305557 0.22172 0.269617 0.394853 0.455428 0.242129 0.274132 0.158124 0.080521 0.380025 0.323896 0.146464 0.0250584 0.181116 0.353117 0.267205 0.252826 0.195657 0.212186 0.265926 0.182499 0.102273 0.215004 0.239155 0.203273 0.338716 0.390051 0.223317
BD_Bspro
 1.16886 0.797633 0.351577 0.204851 0.299596 0.429866 0.709296 0.306304 0.259113 0.102742 0.0347018 0.169328 0.246819 0.109226 0.0149128 0.130721 0.538118 0.391862 0.44332 0.367476 0.517764 0.739668 0.402921 0.16749 0.350942 0.33524 0.218658 0.388834 0.527709 0.226669
BD_Bo
 1.5884 1.08393 0.47777 0.278378 0.407131 0.584159 0.963886 0.416246 0.352117 0.139619 0.0471574 0.230105 0.335411 0.148431 0.0202655 0.177641 0.731266 0.532515 0.602442 0.499376 0.703607 1.00516 0.547543 0.227608 0.476907 0.455568 0.297141 0.528399 0.717122 0.308028
BD_Brms
 9.55543 6.52065 2.87415 1.67465 2.4492 3.51415 5.79849 2.50403 2.11825 0.839915 0.283687 1.38426 2.01775 0.892925 0.121912 1.06864 4.39911 3.20348 3.62414 3.00412 4.23273 6.04679 3.29388 1.36923 2.86895 2.74059 1.78753 3.17871 4.31402 1.85302
Sel_flota
 0.776165 1 1 1 1
 0.776165 1 1 1 1
 0.776165 1 1 1 1
 0.776165 1 1 1 1
 0.776165 1 1 1 1
 0.776165 1 1 1 1
 0.776165 1 1 1 1
 0.776165 1 1 1 1
 0.776165 1 1 1 1
 0.776165 1 1 1 1
 0.776165 1 1 1 1
 0.776165 1 1 1 1
 0.776165 1 1 1 1
 0.776165 1 1 1 1
 0.776165 1 1 1 1
 0.776165 1 1 1 1
 0.776165 1 1 1 1
 0.776165 1 1 1 1
 0.776165 1 1 1 1
 0.776165 1 1 1 1
 0.776165 1 1 1 1
 0.776165 1 1 1 1
 0.776165 1 1 1 1
 0.776165 1 1 1 1
 0.776165 1 1 1 1
 0.776165 1 1 1 1
 0.776165 1 1 1 1
 0.776165 1 1 1 1
 0.776165 1 1 1 1
 0.776165 1 1 1 1
Sel_reclas
 0.5 1 1 1 1
 0.5 1 1 1 1
 0.5 1 1 1 1
 0.5 1 1 1 1
 0.5 1 1 1 1
 0.5 1 1 1 1
 0.5 1 1 1 1
 0.5 1 1 1 1
 0.5 1 1 1 1
 0.5 1 1 1 1
 0.5 1 1 1 1
 0.5 1 1 1 1
 0.5 1 1 1 1
 0.5 1 1 1 1
 0.5 1 1 1 1
 0.5 1 1 1 1
 0.5 1 1 1 1
 0.5 1 1 1 1
 0.5 1 1 1 1
 0.5 1 1 1 1
 0.5 1 1 1 1
 0.5 1 1 1 1
 0.5 1 1 1 1
 0.5 1 1 1 1
 0.5 1 1 1 1
 0.5 1 1 1 1
 0.5 1 1 1 1
 0.5 1 1 1 1
 0.5 1 1 1 1
 0.5 1 1 1 1
Sel_pelaces
 0.5 1 1 1 1
 0.5 1 1 1 1
 0.5 1 1 1 1
 0.5 1 1 1 1
 0.5 1 1 1 1
 0.5 1 1 1 1
 0.5 1 1 1 1
 0.5 1 1 1 1
 0.5 1 1 1 1
 0.5 1 1 1 1
 0.5 1 1 1 1
 0.5 1 1 1 1
 0.5 1 1 1 1
 0.5 1 1 1 1
 0.5 1 1 1 1
 0.5 1 1 1 1
 0.5 1 1 1 1
 0.5 1 1 1 1
 0.5 1 1 1 1
 0.5 1 1 1 1
 0.5 1 1 1 1
 0.5 1 1 1 1
 0.5 1 1 1 1
 0.5 1 1 1 1
 0.5 1 1 1 1
 0.5 1 1 1 1
 0.5 1 1 1 1
 0.5 1 1 1 1
 0.5 1 1 1 1
 0.5 1 1 1 1
pf_obs 
 0.8446 0.082 0.0669 0.0065 0
 0.8095 0.147 0.0364 0.0071 0
 0.9664 0.0169 0.016 0.0007 0
 0.9276 0.0648 0.0075 0.0001 0
 0.7033 0.2144 0.0806 0.0017 0
 0.9318 0.0425 0.0243 0.0014 0
 0.5671 0.3108 0.0964 0.0239 0.0018
 0.0768 0.2599 0.5324 0.112 0.0189
 0.490249 0.384438 0.106611 0.0170017 0.00170017
 0.7925 0.1577 0.0466 0.003 0.0002
 0.840416 0.127587 0.0312969 0.00059994 9.999e-05
 0.8084 0.0986 0.0794 0.0134 0.0002
 0.7335 0.1905 0.0724 0.0035 0.0001
 0.4001 0.4547 0.1325 0.0127 0
 0.49795 0.308269 0.164784 0.0264974 0.00249975
 0.9179 0.0499 0.0305 0.0017 0
 0.2467 0.6533 0.0926 0.0074 0
 0.9418 0.0223 0.034 0.0019 0
 0.707729 0.231977 0.0356964 0.0245975 0
 0.517169 0.277429 0.184464 0.0207286 0.00020938
 0.811772 0.124168 0.05621 0.00726502 0.000585176
 0.764997 0.148141 0.077277 0.00933861 0.000247198
 0.163321 0.427699 0.378323 0.0303852 0.000271297
 0.753843 0.0900009 0.118128 0.0371064 0.000921714
 0.721811 0.176058 0.0630433 0.0369309 0.00215725
 0.143369 0.312575 0.442814 0.0836902 0.0175525
 0.692698 0.0596174 0.167031 0.0765114 0.00414204
 0.394062 0.376323 0.152708 0.0712218 0.00568511
 0.125707 0.32114 0.495352 0.0537591 0.00404204
 0.23352 0.215282 0.420074 0.123614 0.00750983
pf_pred 
 0.66464 0.147789 0.172277 0.0152931 8.48501e-07
 0.610057 0.285138 0.0461861 0.0538391 0.00477957
 0.730544 0.187273 0.0600951 0.00973409 0.0123544
 0.841209 0.126682 0.0223157 0.00716103 0.00263209
 0.746022 0.225257 0.0229129 0.00403623 0.00177128
 0.824354 0.140106 0.031521 0.00320629 0.000812665
 0.494213 0.437544 0.0544347 0.0122467 0.00156146
 0.515023 0.289434 0.169159 0.0210451 0.00533838
 0.603897 0.231665 0.0981368 0.0573558 0.00894568
 0.832695 0.116128 0.0299316 0.0126795 0.00856629
 0.940782 0.0531818 0.00418945 0.00107982 0.000766466
 0.868398 0.125733 0.00527039 0.00041518 0.000182969
 0.706835 0.265846 0.0261008 0.00109408 0.000124169
 0.72994 0.211394 0.0531995 0.00522314 0.000243788
 0.976017 0.0206703 0.00259342 0.000652661 6.70693e-05
 0.959915 0.0394556 0.000542598 6.80775e-05 1.8893e-05
 0.459627 0.525325 0.0148123 0.0002037 3.26501e-05
 0.901398 0.0538912 0.0434653 0.00122557 1.95556e-05
 0.847146 0.142367 0.00573196 0.00462305 0.000132433
 0.817903 0.163316 0.0174925 0.000704281 0.000584302
 0.840648 0.138765 0.0184638 0.00197762 0.000145681
 0.771508 0.20175 0.0232872 0.00309855 0.000356328
 0.452434 0.45886 0.0783244 0.00904067 0.00134127
 0.908027 0.0516312 0.0338068 0.00577059 0.000764895
 0.836818 0.152729 0.00586813 0.0038423 0.000742789
 0.548334 0.398825 0.0494562 0.00190019 0.00148473
 0.895388 0.0667728 0.0334121 0.00414326 0.000283576
 0.761549 0.220433 0.0115007 0.00575479 0.000762465
 0.518659 0.393643 0.0810717 0.00422978 0.00239694
 0.675683 0.196901 0.104201 0.0214605 0.00175416
pobs_RECLAS
 0 0 0 0 0
 0 0 0 0 0
 0 0 0 0 0
 0 0 0 0 0
 0 0 0 0 0
 0 0 0 0 0
 0 0 0 0 0
 0 0 0 0 0
 0 0 0 0 0
 0 0 0 0 0
 0.991045 0.00858322 0.000360255 1.14367e-05 0
 0.934742 0.0480273 0.0164251 0.00080598 0
 0.827803 0.169806 0.00239088 0 0
 0.941827 0.0461693 0.0120037 0 0
 0.791401 0.0380133 0.147996 0.0225897 0
 0.846168 0.0940531 0.0597789 0 0
 0.134021 0.677848 0.182769 0.00536245 0
 0.80878 0.0450904 0.141981 0.00414843 0
 0.846168 0.0940531 0.0597789 0 0
 0.905697 0.0802665 0.012482 0.00150086 5.37128e-05
 0.989698 0.0102097 9.19794e-05 0 0
 0.975433 0.0193895 0.00387452 0.00125025 5.28907e-05
 0.303575 0.632131 0.0575291 0.00676475 0
 0.966965 0.00978017 0.0227588 0.000495775 0
 0.843318 0.132988 0.00938335 0.0141283 0.000182051
 0.564624 0.303363 0.111486 0.0197234 0.00080311
 0.826376 0.0876187 0.0782897 0.00655872 0.00115652
 0.89761 0.0855135 0.0140674 0.00269457 0.000114338
 0.34875 0.467042 0.161289 0.0227151 0.000203297
 0.318654 0.224769 0.449479 0.00709798 0
ppred_RECLAS
 0.563664 0.192288 0.22415 0.0198978 1.10398e-06
 0.508644 0.359295 0.0581978 0.0678412 0.00602261
 0.642024 0.248794 0.0798372 0.0129319 0.0164129
 0.778845 0.176435 0.0310801 0.00997348 0.00366583
 0.655822 0.305258 0.0310505 0.00546971 0.00240035
 0.753442 0.19667 0.0442467 0.00450073 0.00114075
 0.395425 0.523003 0.0650667 0.0146387 0.00186644
 0.407362 0.353687 0.206711 0.0257169 0.00652347
 0.503745 0.29024 0.12295 0.0718578 0.0112075
 0.778681 0.153619 0.0395948 0.016773 0.0113319
 0.911629 0.0793641 0.00625199 0.00161143 0.00114381
 0.814184 0.17753 0.00744158 0.000586218 0.000258345
 0.616458 0.347801 0.0341472 0.00143136 0.000162448
 0.681011 0.249694 0.062838 0.00616945 0.000287956
 0.964766 0.0303668 0.00381 0.000958826 9.85316e-05
 0.940649 0.0584191 0.000803385 0.000100797 2.79735e-05
 0.358429 0.623704 0.0175862 0.000241847 3.87646e-05
 0.858809 0.0771686 0.0622395 0.00175493 2.80023e-05
 0.789548 0.196013 0.00789187 0.0063651 0.000182337
 0.749871 0.224331 0.0240277 0.000967403 0.0008026
 0.776449 0.19467 0.0259023 0.00277435 0.000204372
 0.694012 0.270176 0.0311853 0.00414945 0.000477179
 0.35773 0.538222 0.0918709 0.0106043 0.00157324
 0.867767 0.0742319 0.0486052 0.00829658 0.00109972
 0.772894 0.212558 0.00816685 0.00534745 0.00103376
 0.445319 0.489788 0.0607361 0.00233359 0.00182336
 0.849272 0.0962084 0.0481413 0.00596975 0.000408586
 0.676725 0.298847 0.0155918 0.00780193 0.00103369
 0.415192 0.478258 0.0984983 0.00513898 0.00291217
 0.586848 0.250835 0.132744 0.0273389 0.00223465
pobs_PELACES
 0 0 0 0 0
 0 0 0 0 0
 0 0 0 0 0
 0 0 0 0 0
 0 0 0 0 0
 0 0 0 0 0
 0 0 0 0 0
 0 0 0 0 0
 0 0 0 0 0
 0 0 0 0 0
 0 0 0 0 0
 0 0 0 0 0
 0 0 0 0 0
 0 0 0 0 0
 0 0 0 0 0
 0 0 0 0 0
 0.505614 0.472636 0.0217494 0 0
 0 0 0 0 0
 0.443492 0.261883 0.143347 0.151278 0
 0.227955 0.32914 0.350689 0.0885471 0.00366901
 0.970185 0.0296113 0.000203453 0 0
 0.997202 0.00247181 0.000326279 0 0
 0.445219 0.490057 0.0546422 0.010081 0
 0.90214 0.0892962 0.00764917 0.000914606 0
 0 0 0 0 0
 0.581667 0.319106 0.0959925 0.00289975 0.000334073
 0.762889 0.0836404 0.116647 0.0363945 0.000428098
 0.88444 0.0763242 0.0277011 0.0115352 0
 0.521256 0.241999 0.230069 0.00667565 0
 0.616807 0.101726 0.260614 0.0208532 0
ppred_PELACES
 0.572034 0.188599 0.21985 0.0195161 1.0828e-06
 0.524446 0.34774 0.0563262 0.0656593 0.00582892
 0.656338 0.238846 0.0766447 0.0124148 0.0157566
 0.790828 0.166876 0.029396 0.00943308 0.0034672
 0.660849 0.300799 0.0305969 0.00538981 0.00236529
 0.759268 0.192023 0.0432012 0.00439438 0.0011138
 0.415078 0.506002 0.0629515 0.0141628 0.00180577
 0.41127 0.351354 0.205348 0.0255473 0.00648045
 0.52209 0.27951 0.118405 0.0692015 0.0107932
 0.8032 0.136601 0.0352083 0.0149148 0.0100765
 0.913614 0.0775811 0.00611154 0.00157523 0.00111811
 0.824417 0.167753 0.00703174 0.000553933 0.000244117
 0.634111 0.331793 0.0325755 0.00136548 0.000154971
 0.732768 0.20918 0.0526422 0.00516843 0.000241234
 0.96767 0.027864 0.00349598 0.000879799 9.04106e-05
 0.944106 0.0550163 0.00075659 9.49263e-05 2.63441e-05
 0.370013 0.612442 0.0172687 0.000237481 3.80647e-05
 0.867358 0.0724959 0.0584708 0.00164867 2.63067e-05
 0.805267 0.181372 0.0073024 0.00588967 0.000168717
 0.764079 0.211588 0.0226629 0.00091245 0.000757008
 0.785764 0.186559 0.0248231 0.00265875 0.000195857
 0.712103 0.254203 0.0293416 0.00390413 0.000448968
 0.379042 0.520362 0.0888224 0.0102524 0.00152104
 0.87568 0.0697895 0.0456964 0.00780007 0.0010339
 0.784645 0.20156 0.00774428 0.00507076 0.000980273
 0.460758 0.476155 0.0590455 0.00226863 0.00177261
 0.856084 0.0918604 0.0459656 0.00569996 0.000390121
 0.686696 0.28963 0.0151109 0.00756129 0.00100181
 0.428816 0.467116 0.0962037 0.00501926 0.00284433
 0.612447 0.235293 0.124519 0.025645 0.00209619
pobs_pel_tallas
 0 0 0 0 0 0 0 0 0 0 0 0 0 0 0 0 0 0 0 0 0 0 0 0 0 0
 0 0 0 0 0 0 0 0 0 0 0 0 0 0 0 0 0 0 0 0 0 0 0 0 0 0
 0 0 0 0 0 0 0 0 0 0 0 0 0 0 0 0 0 0 0 0 0 0 0 0 0 0
 0 0 0 0 0 0 0 0 0 0 0 0 0 0 0 0 0 0 0 0 0 0 0 0 0 0
 0 0 0 0 0 0 0 0 0 0 0 0 0 0 0 0 0 0 0 0 0 0 0 0 0 0
 0 0 0 0 0 0 0 0 0 0 0 0 0 0 0 0 0 0 0 0 0 0 0 0 0 0
 0 0 0 0 0 0 0 0 0 0 0 0 0 0 0 0 0 0 0 0 0 0 0 0 0 0
 0 0 0 0 0 0 0 0 0 0 0 0 0 0 0 0 0 0 0 0 0 0 0 0 0 0
 0 0 0 0 0 0 0 0 0 0 0 0 0 0 0 0 0 0 0 0 0 0 0 0 0 0
 0 0 0 0 0 0 0 0 0 0 0 0 0 0 0 0 0 0 0 0 0 0 0 0 0 0
 0 0 0 0 0 0 0 0 0 0 0 0 0 0 0 0 0 0 0 0 0 0 0 0 0 0
 0 0 0 0 0 0 0 0 0 0 0 0 0 0 0 0 0 0 0 0 0 0 0 0 0 0
 0.00862536 0 0 0.000197151 0.00414017 0.0128641 0.00837892 0.0270097 0.101434 0.158115 0.152841 0.127902 0.109271 0.109419 0.0830992 0.0579132 0.0238553 0.00714673 0.00463305 0.00128148 0.00103504 0.000492878 0.000147863 0.000147863 4.92878e-05 0
 0 0 0 0 0 0 0 0 0 0 0 0 0 0 0 0 0 0 0 0 0 0 0 0 0 0
 0 0 0 0 0 0 0 0.0054083 0.00873648 0.0413646 0.0450493 0.0745869 0.0622846 0.0627006 0.0613931 0.0827291 0.12552 0.122667 0.0946155 0.0697135 0.0546179 0.0294188 0.0215738 0.0213955 0.0102223 0.00600262
 0 0 0 0 0.00359764 0.0251062 0.0480494 0.140153 0.205849 0.193036 0.1447 0.116669 0.0760912 0.0342217 0.00950174 0.001854 0.000860785 0 0 0 0.000165536 0 0.000143464 0 0 0
 0 0 0 0 0 0 0 0.000145254 0.000435761 0.0275982 0.070085 0.0708112 0.156366 0.174668 0.174014 0.160142 0.0824315 0.0480064 0.0283245 0.00493863 0.00203355 0 0 0 0 0
 0 0 0 0 0 0 0 0 0 0 0 0 0 0 0 0 0 0 0 0 0 0 0 0 0 0
 0 0 1.00437e-05 0.000401748 0.00122533 0.00171747 0.00176769 0.0269171 0.070346 0.194647 0.189555 0.159765 0.064822 0.0314167 0.0384472 0.0292271 0.0345202 0.0313363 0.0194345 0.0106764 0.0143323 0.0359363 0.0279516 0.0138201 0.00172751 0
 0 0.0021121 0.0136068 0.0755702 0.200478 0.177729 0.0527432 0.0373336 0.0318909 0.0142505 0.0149659 0.0166563 0.0217959 0.0798694 0.0677717 0.0528807 0.04013 0.0224614 0.0357745 0.0225083 0.00881397 0.00855152 0.00135912 0.000746735 0 0
 0 0 0 0 5.4009e-05 0.00500934 0.000945158 0.0243581 0.138947 0.33067 0.221406 0.137944 0.0707744 0.0437923 0.0131692 0.00525238 0.0047753 0.00276346 9.45158e-05 9.00151e-06 2.25038e-05 9.00151e-06 4.50075e-06 0 0 0
 0.000866109 0.00284123 0.00948549 0.0512746 0.133035 0.25785 0.225252 0.132002 0.0553304 0.0519788 0.0540692 0.017754 0.00435017 0.00159236 0.00146478 0.000404838 0.000125132 0.000115318 0.000107957 0.000100596 0 0 0 0 0 0
 0 0 0 0 0.00144013 0.00171154 0.00461396 0.0210425 0.0478622 0.0707936 0.0888783 0.103762 0.0637923 0.0337046 0.0602308 0.124433 0.169614 0.0934646 0.0462172 0.0250306 0.0313229 0.00938855 0.002487 0.000210481 0 0
 0 0.00764035 0.051015 0.0998891 0.058973 0.0496711 0.0374665 0.0718981 0.12319 0.153886 0.159021 0.0857701 0.0377988 0.023471 0.0147837 0.00900784 0.00315554 0.000888139 0.00291439 0.00214683 0.00393193 0.00274676 0.000635225 9.99891e-05 0 0
 0 0 0 0 0 0 0 0 0 0 0 0 0 0 0 0 0 0 0 0 0 0 0 0 0 0
 0 0 0 0 0 0 0 0 0 0 0 0 0 0 0 0 0 0 0 0 0 0 0 0 0 0
 0 0 0 0 0 0 0 0 0 0 0 0 0 0 0 0 0 0 0 0 0 0 0 0 0 0
 0 0 0 0 0 0 0 0 0 0 0 0 0 0 0 0 0 0 0 0 0 0 0 0 0 0
 0 0 0 0 0 0 0 0 0 0 0 0 0 0 0 0 0 0 0 0 0 0 0 0 0 0
 0 0 0 0 0 0 0 0 0 0 0 0 0 0 0 0 0 0 0 0 0 0 0 0 0 0
ppred_pel_tallas
 1.08351e-16 4.71177e-05 0.000458001 0.00304358 0.0138357 0.043048 0.0917191 0.133871 0.133889 0.0918095 0.0433526 0.0147192 0.00527579 0.0053789 0.00953308 0.0160506 0.0239652 0.0318989 0.038412 0.0427353 0.0450365 0.045938 0.0457582 0.0442046 0.0407511 0.0352695
 1.09286e-16 4.3198e-05 0.0004199 0.00279038 0.0126847 0.039467 0.0840899 0.122739 0.122772 0.0842538 0.0400175 0.0142753 0.00678488 0.00914616 0.0166353 0.027487 0.0397271 0.0502652 0.0560018 0.0555691 0.05016 0.0426909 0.0359762 0.0313354 0.028456 0.0262124
 1.06185e-16 5.40618e-05 0.0005255 0.00349213 0.0158747 0.0493923 0.105236 0.1536 0.153624 0.105349 0.0497715 0.0169708 0.00624688 0.0065506 0.0115306 0.0190658 0.0276686 0.0352349 0.0396488 0.0399312 0.0367879 0.0320503 0.0274843 0.023918 0.0212074 0.0187839
 1.02424e-16 6.51395e-05 0.000633179 0.0042077 0.0191276 0.0595131 0.1268 0.185071 0.185087 0.126878 0.0597772 0.0198906 0.00612343 0.00481705 0.00801648 0.0131641 0.0189913 0.0239553 0.0265296 0.0260126 0.0229367 0.0186892 0.0146616 0.0115928 0.00948866 0.00797028
 1.01901e-16 5.44333e-05 0.000529111 0.00351613 0.0159838 0.0497318 0.10596 0.154658 0.154687 0.106102 0.0502071 0.0173562 0.00696003 0.00804386 0.0143165 0.0235561 0.0338672 0.0424594 0.0465239 0.0447612 0.0381549 0.0293104 0.0209134 0.0145028 0.0102608 0.00758468
 1.01926e-16 6.25399e-05 0.00060791 0.00403978 0.0183643 0.0571381 0.12174 0.177686 0.177705 0.12183 0.0574423 0.019243 0.00624678 0.00542951 0.00923038 0.0151884 0.0219369 0.027716 0.0307667 0.0302623 0.0267757 0.0218502 0.0170418 0.0131904 0.0103456 0.00816074
 1.03672e-16 3.41896e-05 0.000332335 0.00220848 0.0100395 0.0312368 0.0665551 0.0971493 0.0971981 0.0667933 0.0320366 0.0123495 0.00800623 0.0129864 0.0240592 0.039701 0.0571408 0.0717556 0.0788465 0.0762347 0.0655505 0.0511153 0.0373583 0.0267796 0.0196313 0.0149013
 1.09675e-16 3.38758e-05 0.000329285 0.00218822 0.00994734 0.0309501 0.0659436 0.0962538 0.0962879 0.0661104 0.0315108 0.0115701 0.00627335 0.00928629 0.0171595 0.0286131 0.0419101 0.0541506 0.0623463 0.0650413 0.0630265 0.0585002 0.0534306 0.0485062 0.0433243 0.0373064
 1.12255e-16 4.30039e-05 0.000418013 0.00277785 0.0126277 0.0392896 0.0837117 0.122185 0.122212 0.0838441 0.0397347 0.013915 0.0060165 0.00751248 0.0135894 0.0225912 0.0329997 0.0424844 0.0487016 0.0506059 0.0490264 0.0459517 0.0431191 0.0410524 0.0391445 0.0364452
 1.04253e-16 6.61585e-05 0.000643084 0.00427352 0.0194268 0.0604441 0.128783 0.187965 0.187979 0.128848 0.0606608 0.020053 0.00584673 0.00408256 0.00661374 0.0108703 0.0157513 0.0200211 0.0224711 0.0225595 0.0207257 0.018063 0.0156183 0.0138694 0.0126906 0.0116745
 1.00544e-16 7.52532e-05 0.000731488 0.00486099 0.0220974 0.0687532 0.146486 0.213802 0.21381 0.146523 0.0688757 0.0224512 0.00574864 0.00266799 0.00374937 0.00606979 0.00871409 0.0109112 0.0119316 0.0114413 0.00969986 0.00738904 0.00521282 0.0035759 0.00252532 0.00189659
 1.00343e-16 6.79062e-05 0.000660073 0.00438641 0.01994 0.0620409 0.132185 0.192932 0.192948 0.132264 0.0623056 0.0207042 0.00630319 0.00483986 0.00799269 0.0130708 0.0187395 0.0233899 0.0254324 0.0241337 0.0200592 0.0147103 0.00965736 0.00583393 0.0033936 0.00200995
 1.01189e-16 5.22309e-05 0.000507703 0.00337387 0.0153371 0.0477197 0.101673 0.148401 0.148433 0.101829 0.0482438 0.0168506 0.00717165 0.00879386 0.0157759 0.025963 0.0373114 0.0467389 0.0511331 0.0490457 0.0415505 0.0315225 0.0219437 0.0145511 0.00959949 0.00647713
 1.02132e-16 6.03572e-05 0.000586693 0.00389879 0.0177233 0.0551439 0.117491 0.171485 0.171506 0.117589 0.0554754 0.0186813 0.00630495 0.00584474 0.010062 0.0165792 0.0239696 0.0303318 0.0337573 0.0333448 0.0297031 0.024484 0.0193444 0.0151677 0.0119965 0.00946899
 1.00212e-16 7.97057e-05 0.000774768 0.0051486 0.0234048 0.0728211 0.155153 0.226451 0.226454 0.155166 0.0728651 0.023532 0.00546789 0.00147165 0.00140284 0.00219206 0.00314768 0.00395311 0.0043451 0.00420362 0.00361852 0.00282761 0.00207434 0.00149569 0.00110476 0.000845226
 1.0005e-16 7.77648e-05 0.000755901 0.00502323 0.0228349 0.0710478 0.151375 0.220937 0.220943 0.151401 0.0711345 0.0230853 0.00565129 0.00212509 0.00267258 0.00428073 0.00612488 0.00763016 0.00826926 0.00780116 0.00641466 0.00460981 0.00291206 0.00163733 0.000841054 0.000414547
 1.00686e-16 3.04776e-05 0.000296254 0.00196871 0.00894951 0.0278456 0.0593301 0.0866064 0.0866653 0.0596179 0.0288116 0.0117383 0.00896337 0.0155469 0.0289387 0.0476475 0.0682918 0.0851542 0.0924262 0.0874257 0.0722316 0.0523655 0.0336207 0.0194672 0.0105068 0.0055537
 1.01876e-16 7.14432e-05 0.000694453 0.00461488 0.0209786 0.0652722 0.13907 0.202978 0.202985 0.139104 0.0653884 0.0213151 0.00546311 0.00255776 0.00364414 0.00599945 0.00883917 0.0115363 0.0134852 0.0143757 0.0143239 0.0136999 0.0128126 0.0117342 0.0103748 0.00868201
 1.00877e-16 6.63288e-05 0.00064474 0.00428452 0.0194768 0.0605997 0.129115 0.18845 0.188468 0.1292 0.0608859 0.0203031 0.00635729 0.00516506 0.00863788 0.0141404 0.0202822 0.025336 0.0275927 0.0262705 0.0219898 0.0163757 0.0111143 0.00718797 0.0047243 0.00333163
 1.00928e-16 6.29362e-05 0.000611763 0.00406538 0.0184806 0.0575002 0.122511 0.178813 0.178833 0.122611 0.0578345 0.019446 0.00648798 0.00589799 0.0100955 0.0165717 0.0238213 0.0298593 0.032703 0.0314303 0.0267235 0.0204076 0.0143716 0.00970997 0.00657559 0.00457565
 1.01064e-16 6.47224e-05 0.000629124 0.00418075 0.0190051 0.059132 0.125988 0.183887 0.183905 0.126076 0.059427 0.0198569 0.00631865 0.00529541 0.00892454 0.0146453 0.021075 0.0264666 0.0290814 0.0281094 0.0241426 0.0187651 0.0136058 0.0095927 0.0068368 0.00499084
 1.0138e-16 5.8655e-05 0.000570147 0.00378883 0.0172235 0.0535888 0.114178 0.166651 0.166675 0.114297 0.0539905 0.0183836 0.00670034 0.00692391 0.0121194 0.0199263 0.028659 0.035953 0.0394351 0.0380026 0.0324733 0.0250289 0.0179176 0.012428 0.00871973 0.00630817
 1.03982e-16 3.12213e-05 0.000303482 0.00201675 0.00916787 0.0285249 0.0607772 0.0887166 0.0887668 0.0610224 0.0293482 0.011546 0.0079872 0.01334 0.0247983 0.0409681 0.0590595 0.0743588 0.0820609 0.0799167 0.0695386 0.0552486 0.0414534 0.0306083 0.0229438 0.0174964
 1.02294e-16 7.21286e-05 0.000701116 0.00465916 0.0211799 0.0658985 0.140404 0.204925 0.204932 0.140437 0.0660101 0.0215028 0.00547258 0.00248599 0.00348884 0.00572383 0.00840221 0.0109079 0.0126552 0.0133604 0.0131727 0.012504 0.0117057 0.0108717 0.00989017 0.00863704
 1.0095e-16 6.46302e-05 0.000628229 0.0041748 0.0189781 0.0590479 0.125808 0.183625 0.183645 0.125903 0.0593659 0.0198963 0.00647805 0.00565101 0.00958846 0.0157093 0.0225301 0.0281368 0.0306285 0.0291352 0.0243469 0.0180725 0.0121922 0.00780553 0.00506115 0.00352708
 1.02354e-16 3.79521e-05 0.000368908 0.00245153 0.0111443 0.0346744 0.0738791 0.107838 0.107884 0.0741032 0.0354269 0.0133178 0.0079062 0.0122732 0.0226366 0.0373359 0.0537146 0.0674028 0.0739578 0.0713058 0.0609637 0.0469984 0.0336072 0.0232046 0.0161113 0.0114555
 1.01988e-16 7.05145e-05 0.000685426 0.0045549 0.0207059 0.0644238 0.137262 0.20034 0.200349 0.137306 0.0645702 0.0211293 0.00562003 0.00301882 0.00452607 0.00743338 0.0108463 0.0139409 0.0159167 0.0163873 0.0155728 0.0140843 0.0124899 0.0110241 0.00961792 0.00812504
 1.01438e-16 5.65623e-05 0.000549806 0.00365366 0.016609 0.0516769 0.110104 0.160706 0.160734 0.11024 0.0521341 0.0179289 0.00696471 0.00777132 0.0137523 0.0225956 0.0324271 0.0405325 0.0441882 0.0421442 0.0353819 0.0264799 0.0181131 0.0118377 0.00785749 0.00556038
 1.03881e-16 3.53211e-05 0.000343334 0.00228158 0.0103717 0.0322706 0.0687576 0.100363 0.100408 0.0689778 0.0330101 0.0125083 0.00764666 0.0120618 0.0223091 0.0368725 0.0532188 0.067137 0.0743317 0.0727801 0.0638873 0.0514528 0.0393344 0.0296583 0.02261 0.0173717
 1.06581e-16 5.04465e-05 0.000490358 0.0032586 0.0148131 0.0460893 0.098199 0.143329 0.143352 0.0983106 0.0464645 0.0158986 0.00599035 0.00647742 0.0114903 0.0190971 0.0279283 0.0360051 0.0413177 0.0429031 0.0413299 0.038132 0.0346917 0.0315056 0.0282887 0.0245872
pSPR Fmed_Fpbrs
0.546111   0.21623 0.21623
Fs Fmed_Fpbrs
0.34   1.005 1.005
SSBpbr Bo_Bmed_Bpbrs
483807  240022  80423.4 80423.4
Ro
92359.8
SPR SPRFo_SPRFmed_SPRFpbrs
657461 359047 142163
Fref
1.005
Nvult_r0
 29673.9 7758.58 4105.9 845.62 69.1201
CTP_r0
 13003.6 3888.96 2058.07 423.864 34.6462
YTP_r0
225987
Np
 104387 17602.8 576.489 104.819 62.9407
Nvult_p0
 86784.1 15232.4 498.859 90.7038 54.4651
CTP_p0
 38030.3 1856.9 337.627 178.675 39.9933
 38030.3 7635.2 250.051 45.465 27.3005
YTP_p0
 334284 428387
CBA_c0
258476
log_Ro
11.2534
likeval ReclasPelacesDesembMPH_pf_preclas_ppelaces_ptallas_desvR_qrecl_qpela
 15.3981 0.00347963 0.0173709 34.4129 235.052 120.392 104.868 0 23.2586 0.000144377 0 0.026622 0 0 0
q_reclas_q_pelaces
5.46999 1
M
1
N
 143786 25826.4 30105.8 2672.5 0.148277
 95085 36962.5 5987.11 6979.17 619.577
 84411 17989.6 5772.8 935.067 1186.77
 127185 16041.4 2825.78 906.782 333.295
 92190.6 22194.5 2257.6 397.689 174.524
 195851 26815.6 6032.95 613.665 155.54
 69068 51683.5 6429.93 1446.6 184.443
 24241.7 10784.7 6303.1 784.168 198.915
 23370 7524.84 3187.64 1863.01 290.57
 32174.9 3974.06 1024.3 433.909 293.15
 55050.8 2488.42 196.028 50.5254 35.8635
 128776 15590.1 653.495 51.4797 22.687
 72450.4 22909.7 2249.28 94.2837 10.7005
 45078 12075 3038.79 298.349 13.9253
 66364.9 1195.26 149.965 37.7402 3.87829
 280153 9580.65 131.754 16.5307 4.58761
 56237.9 52782.9 1488.29 20.4671 3.28058
 243950 12230.2 9864.15 278.134 4.438
 291626 41952.4 1689.09 1362.31 39.0253
 229404 38575.1 4131.71 166.351 138.012
 275270 37477.2 4986.62 534.109 39.3451
 257363 57125.2 6593.73 877.347 100.893
 44061.5 38082 6500.35 750.31 111.315
 130000 6189.86 4052.96 691.814 91.7003
 149070 22730.3 873.337 571.839 110.547
 44307.3 26778.4 3320.65 127.585 99.6894
 137721 8468.83 4237.68 525.492 35.9662
 121047 28655.1 1495.03 748.092 99.1163
 43833.1 27475.3 5658.59 295.227 167.3
 35692.8 8965.93 4744.85 977.212 79.8763
pred_Ctot
 28185.8 6267.38 7305.88 648.545 0.035983
 30791.2 14391.7 2331.13 2717.4 241.238
 27196.1 6971.64 2237.18 362.373 459.918
 44851.1 6754.36 1189.82 381.808 140.337
 12434.4 3754.5 381.904 67.2744 29.523
 35950.8 6110.16 1374.66 139.829 35.4411
 26896.9 23812.8 2962.54 666.511 84.9805
 2427.28 1364.09 797.239 99.1843 25.1595
 8448.06 3240.82 1372.86 802.365 125.143
 18088.1 2522.57 650.185 275.428 186.08
 8182.9 462.574 36.4398 9.39222 6.6667
 44548 6449.99 270.366 21.2984 9.38614
 26679.4 10034.3 985.172 41.2957 4.68676
 31793.9 9207.68 2317.21 227.504 10.6186
 27444.8 581.233 72.925 18.3523 1.88593
 91150.5 3746.58 51.5234 6.46443 1.79402
 15163.1 17330.5 488.657 6.72006 1.07713
 87254 5216.58 4207.38 118.633 1.89295
 127956 21503.5 865.774 698.28 20.0032
 85992.2 17170.6 1839.11 74.0463 61.432
 79420.9 13109.9 1744.38 186.837 13.7634
 104519 27331.8 3154.8 419.77 48.2729
 18575.7 18839.5 3215.78 371.185 55.0687
 45755.9 2601.72 1703.54 290.783 38.5434
 51059.8 9319.03 358.054 234.444 45.3225
 14180.6 10314.1 1279 49.1415 38.3969
 39592.4 2952.56 1477.42 183.207 12.5392
 30471.3 8820.03 460.17 230.262 30.5079
 12896.1 9787.65 2015.79 105.17 59.5982
 16600.1 4837.42 2560 527.238 43.0959
F
 0.358425 0.461789 0.461789 0.461789 0.461789
 0.664976 0.856746 0.856746 0.856746 0.856746
 0.660525 0.851011 0.851011 0.851011 0.851011
 0.745793 0.960869 0.960869 0.960869 0.960869
 0.234875 0.30261 0.30261 0.30261 0.30261
 0.332213 0.428018 0.428018 0.428018 0.428018
 0.856961 1.1041 1.1041 1.1041 1.1041
 0.169864 0.21885 0.21885 0.21885 0.21885
 0.771664 0.994201 0.994201 0.994201 0.994201
 1.55954 2.00929 2.00929 2.00929 2.00929
 0.26162 0.337068 0.337068 0.337068 0.337068
 0.72651 0.936025 0.936025 0.936025 0.936025
 0.791767 1.0201 1.0201 1.0201 1.0201
 2.63003 3.38849 3.38849 3.38849 3.38849
 0.935422 1.20518 1.20518 1.20518 1.20518
 0.669147 0.862119 0.862119 0.862119 0.862119
 0.525682 0.677281 0.677281 0.677281 0.677281
 0.760426 0.979722 0.979722 0.979722 0.979722
 1.02286 1.31784 1.31784 1.31784 1.31784
 0.811751 1.04585 1.04585 1.04585 1.04585
 0.572509 0.737612 0.737612 0.737612 0.737612
 0.910743 1.17339 1.17339 1.17339 1.17339
 0.962673 1.24029 1.24029 1.24029 1.24029
 0.743835 0.958346 0.958346 0.958346 0.958346
 0.716817 0.923537 0.923537 0.923537 0.923537
 0.654758 0.843581 0.843581 0.843581 0.843581
 0.569895 0.734244 0.734244 0.734244 0.734244
 0.482897 0.622158 0.622158 0.622158 0.622158
 0.586957 0.756227 0.756227 0.756227 0.756227
 1.12075 1.44395 1.44395 1.44395 1.44395
YTP_r0W_actual
 94926.2 61834.5 54538.9 13436.5 1250.73
YTP_p0W_proyectada
 286748 32403 8126.69 5596.11 1409.76
 286748 133234 6018.74 1423.96 962.341
CTP_r0_actual
 13003.6 3888.96 2058.07 423.864 34.6462
CTP_p0_proyectada
 38030.3 1856.9 337.627 178.675 39.9933
 38030.3 7635.2 250.051 45.465 27.3005
Wmedp
 7.54 17.45 24.07 31.32 35.25
Frms_r0
 0.780046 1.005 1.005 1.005 1.005
Zrms_r0
 1.78005 2.005 2.005 2.005 2.005
nmprior
 7.29 8.9 8.7 0
nm_flota  nm_reclas  nm_pelaces    nm_pelaL
inf 11.0262 9.27281 14.4762
cv_recla  cv_pelaces  cv_mph
0.363296 2.31371 0.497768
 ------------------------------------------------
Talla a la edad & desviaci?n 
 8 13.2811 15.8009 17.003 17.5766
 0.8 1.32811 1.58009 1.7003 1.75766
