years
 1991 1992 1993 1994 1995 1996 1997 1998 1999 2000 2001 2002 2003 2004 2005 2006 2007 2008 2009 2010 2011 2012 2013 2014 2015 2016 2017 2018 2019
reclasobs
 0 0 0 0 0 0 0 0 0 252601 567819 844713 477998 351125 339783 2.1784e+06 2.13404e+06 4.81314e+06 1.55562e+06 2.62356e+06 3.21686e+06 3.843e+06 1.13348e+06 3.07943e+06 1.97215e+06 2.03268e+06 2.025e+06 2.42433e+06 2.27542e+06
reclaspred
 3.34372e+06 1.80626e+06 909040 982449 1.02051e+06 1.89759e+06 1.01478e+06 856053 584808 366142 618079 1.03304e+06 788694 255379 700255 2.01912e+06 1.85158e+06 2.66032e+06 1.80026e+06 1.50946e+06 3.10507e+06 2.53755e+06 1.69245e+06 2.78271e+06 2.18744e+06 1.90297e+06 2.36679e+06 2.25636e+06 1.65852e+06
pelacesobs
 0 0 0 0 0 0 0 0 0 0 0 0 0 0 0 552880 188675 0 991730 2.46772e+06 1.41603e+06 1.21717e+06 2.29649e+06 1.80582e+06 0 1.4828e+06 1.56532e+06 1.57751e+06 1.42118e+06
pelacespred
 1.94686e+06 1.13027e+06 543906 454077 537323 1.00204e+06 490233 554273 337548 183715 334197 489867 413265 98522 359326 912130 946185 1.39545e+06 922830 663320 1.54664e+06 1.29956e+06 954177 1.63526e+06 1.25554e+06 1.1292e+06 1.54342e+06 1.33816e+06 948861
mphobs
 0 0 0 0 0 0 0 0 0 0 0 0 498337 0 5186 125008 0 168611 109162 213762 579715 649985 157893 87575 83554 210694 70296 0 107559
mphpred
 566443 381074 178989 99707.7 114016 145000 209105 104247 94240.8 54034.5 30510.7 87401.4 123185 58623.7 11889 71512.8 267640 234458 242158 316769 411091 618540 112641 82176.7 135603 115243 96179.7 111205 132291
desembarqueobs
 494567 514787 250237 358949 120608 361735 552515 73892 212993 205616 52469 317467 293654 387597 252695 516296 358380 742168 942051 627588 828172 859565 418607 520667 417249 300574 415391 372974 316634
desembarquepred
 494568 514092 250561 358974 120613 361734 552518 73897.5 213059 205674 52470.3 317444 293787 387891 252611 516164 358373 742090 941551 627290 828141 859541 418667 520688 417189 300584 415372 372937 316626
Reclutas
 159852 91117.5 87470.8 132788 106078 202020 77616.9 31358 30529.3 41324.2 88453.4 155020 69158.3 38632.7 92122.8 399247 79003.4 323483 258288 254341 347973 411763 65881.8 220825 222630 79024.6 195582 179552 62492.7
log_desv_Rt
 0.285921 -0.276181 -0.317025 0.100423 -0.124154 0.520035 -0.436546 -1.34286 -1.36964 -1.06688 -0.305855 0.255225 -0.551932 -1.13423 -0.265208 1.20125 -0.41884 0.990815 0.765746 0.750346 1.06379 1.23212 -0.600469 0.609042 0.617179 -0.418571 0.48765 0.402137 -0.653281
SSB
 1.52468e+06 1.02572e+06 481779 268380 306893 390293 562841 280598 253665 145443 82124.7 235256 315426 152780 30887.3 186642 720398 631084 677711 397326 528761 839416 767333 533855 821756 743202 582697 646976 801010
BT
 2.25009e+06 1.56584e+06 750668 763262 638537 1.37549e+06 965652 629576 550849 386175 408798 784290 681377 499539 658231 1.43662e+06 1.21751e+06 2.13397e+06 1.88131e+06 1.21668e+06 2.38033e+06 2.1206e+06 1.30128e+06 2.25559e+06 1.64477e+06 1.38735e+06 2.07276e+06 1.75186e+06 1.17865e+06
Ftot
 0.264068 0.488717 0.482149 0.68841 0.224975 0.378414 0.90857 0.162291 0.663862 0.997575 0.181326 0.59662 0.664215 2.22983 0.771453 0.542331 0.346571 0.542122 0.948529 0.800282 0.528519 0.6395 0.434389 0.378993 0.359336 0.287427 0.350522 0.328693 0.331324
BD_Bspro_t
 0.958629 0.725912 0.491757 0.388811 0.393356 0.502035 0.518811 0.314623 0.367623 0.29142 0.238002 0.561189 0.481723 0.266137 0.0758444 0.326237 0.527611 0.469604 0.432196 0.289584 0.30492 0.396233 0.396356 0.35069 0.489379 0.521311 0.517 0.572362 0.60655
BD_Bspro
 1.78627 1.20171 0.564438 0.314426 0.359547 0.457255 0.659408 0.32874 0.297186 0.170397 0.0962149 0.275619 0.369543 0.178993 0.0361867 0.218664 0.843997 0.73936 0.793986 0.465496 0.619481 0.983435 0.898984 0.625449 0.962745 0.870713 0.68267 0.757978 0.93844
BD_Bo
 1.49221 1.00388 0.47152 0.262665 0.300358 0.381982 0.550856 0.274623 0.248263 0.142346 0.080376 0.230246 0.308709 0.149527 0.0302296 0.182667 0.705057 0.617646 0.66328 0.388866 0.517502 0.821541 0.750993 0.522487 0.804257 0.727376 0.570289 0.633199 0.783953
BD_Brms
 2.71311 1.82524 0.857309 0.477573 0.546105 0.694512 1.00156 0.499314 0.451388 0.258811 0.146138 0.418629 0.561289 0.271867 0.0549629 0.332123 1.28192 1.12299 1.20596 0.707028 0.940912 1.49371 1.36544 0.949976 1.46229 1.3225 1.03689 1.15127 1.42537
Sel_flota
 0.734175 1 1 1 1
 0.734175 1 1 1 1
 0.734175 1 1 1 1
 0.734175 1 1 1 1
 0.734175 1 1 1 1
 0.734175 1 1 1 1
 0.734175 1 1 1 1
 0.734175 1 1 1 1
 0.734175 1 1 1 1
 0.734175 1 1 1 1
 0.734175 1 1 1 1
 0.734175 1 1 1 1
 0.734175 1 1 1 1
 0.734175 1 1 1 1
 0.734175 1 1 1 1
 0.734175 1 1 1 1
 0.734175 1 1 1 1
 0.734175 1 1 1 1
 0.734175 1 1 1 1
 0.734175 1 1 1 1
 0.734175 1 1 1 1
 0.734175 1 1 1 1
 0.734175 1 1 1 1
 0.734175 1 1 1 1
 0.734175 1 1 1 1
 0.734175 1 1 1 1
 0.734175 1 1 1 1
 0.734175 1 1 1 1
 0.734175 1 1 1 1
Sel_reclas
 1 1 1 1 1
 1 1 1 1 1
 1 1 1 1 1
 1 1 1 1 1
 1 1 1 1 1
 1 1 1 1 1
 1 1 1 1 1
 1 1 1 1 1
 1 1 1 1 1
 1 1 1 1 1
 1 1 1 1 1
 1 1 1 1 1
 1 1 1 1 1
 1 1 1 1 1
 1 1 1 1 1
 1 1 1 1 1
 1 1 1 1 1
 1 1 1 1 1
 1 1 1 1 1
 1 1 1 1 1
 1 1 1 1 1
 1 1 1 1 1
 1 1 1 1 1
 1 1 1 1 1
 1 1 1 1 1
 1 1 1 1 1
 1 1 1 1 1
 1 1 1 1 1
 1 1 1 1 1
Sel_pelaces
 0.77098 0.944265 0.988408 0.997675 0.999537
 0.77098 0.944265 0.988408 0.997675 0.999537
 0.77098 0.944265 0.988408 0.997675 0.999537
 0.77098 0.944265 0.988408 0.997675 0.999537
 0.77098 0.944265 0.988408 0.997675 0.999537
 0.77098 0.944265 0.988408 0.997675 0.999537
 0.77098 0.944265 0.988408 0.997675 0.999537
 0.77098 0.944265 0.988408 0.997675 0.999537
 0.77098 0.944265 0.988408 0.997675 0.999537
 0.77098 0.944265 0.988408 0.997675 0.999537
 0.77098 0.944265 0.988408 0.997675 0.999537
 0.77098 0.944265 0.988408 0.997675 0.999537
 0.77098 0.944265 0.988408 0.997675 0.999537
 0.77098 0.944265 0.988408 0.997675 0.999537
 0.77098 0.944265 0.988408 0.997675 0.999537
 0.77098 0.944265 0.988408 0.997675 0.999537
 0.77098 0.944265 0.988408 0.997675 0.999537
 0.77098 0.944265 0.988408 0.997675 0.999537
 0.77098 0.944265 0.988408 0.997675 0.999537
 0.77098 0.944265 0.988408 0.997675 0.999537
 0.77098 0.944265 0.988408 0.997675 0.999537
 0.77098 0.944265 0.988408 0.997675 0.999537
 0.77098 0.944265 0.988408 0.997675 0.999537
 0.77098 0.944265 0.988408 0.997675 0.999537
 0.77098 0.944265 0.988408 0.997675 0.999537
 0.77098 0.944265 0.988408 0.997675 0.999537
 0.77098 0.944265 0.988408 0.997675 0.999537
 0.77098 0.944265 0.988408 0.997675 0.999537
 0.77098 0.944265 0.988408 0.997675 0.999537
pf_obs 
 0.8446 0.082 0.0669 0.0065 0
 0.8095 0.147 0.0364 0.0071 0
 0.9664 0.0169 0.016 0.0007 0
 0.9276 0.0648 0.0075 0.0001 0
 0.7033 0.2144 0.0806 0.0017 0
 0.9318 0.0425 0.0243 0.0014 0
 0.5671 0.3108 0.0964 0.0239 0.0018
 0.0768 0.2599 0.5324 0.112 0.0189
 0.490249 0.384438 0.106611 0.0170017 0.00170017
 0.7925 0.1577 0.0466 0.003 0.0002
 0.840416 0.127587 0.0312969 0.00059994 9.999e-05
 0.8084 0.0986 0.0794 0.0134 0.0002
 0.7335 0.1905 0.0724 0.0035 0.0001
 0.4001 0.4547 0.1325 0.0127 0
 0.49795 0.308269 0.164784 0.0264974 0.00249975
 0.9179 0.0499 0.0305 0.0017 0
 0.2467 0.6533 0.0926 0.0074 0
 0.9418 0.0223 0.034 0.0019 0
 0.707729 0.231977 0.0356964 0.0245975 0
 0.517169 0.277429 0.184464 0.0207286 0.00020938
 0.811772 0.124168 0.05621 0.00726502 0.000585176
 0.764997 0.148141 0.077277 0.00933861 0.000247198
 0.163321 0.427699 0.378323 0.0303852 0.000271297
 0.753843 0.0900009 0.118128 0.0371064 0.000921714
 0.721811 0.176058 0.0630433 0.0369309 0.00215725
 0.143369 0.312575 0.442814 0.0836902 0.0175525
 0.692698 0.0596174 0.167031 0.0765114 0.00414204
 0.394062 0.376323 0.152708 0.0712218 0.00568511
 0.125707 0.32114 0.495352 0.0537591 0.00404204
pf_pred 
 0.539212 0.14516 0.293903 0.0217242 8.67527e-07
 0.475482 0.327512 0.062062 0.125656 0.00928838
 0.622475 0.21601 0.100851 0.0191108 0.0415534
 0.765999 0.165775 0.0390369 0.0182255 0.0109631
 0.692885 0.255942 0.0362531 0.0085369 0.0063832
 0.780187 0.167286 0.043775 0.00620054 0.00255186
 0.48026 0.435079 0.0644298 0.0168599 0.00337097
 0.487554 0.304941 0.173705 0.0257235 0.00807713
 0.571624 0.244484 0.109429 0.0623343 0.0121294
 0.763902 0.158175 0.0444722 0.0199053 0.0135451
 0.883815 0.0975416 0.0124902 0.00351173 0.0026414
 0.795032 0.187393 0.014755 0.00188939 0.000930779
 0.557143 0.378025 0.0592733 0.00466708 0.000892031
 0.58537 0.272336 0.121463 0.019045 0.00178619
 0.951636 0.036083 0.00806656 0.00359771 0.000617018
 0.939722 0.0583655 0.00142696 0.000319006 0.000166678
 0.368943 0.604996 0.0252346 0.000616954 0.000209988
 0.835796 0.0750599 0.0854629 0.00356469 0.000116815
 0.696302 0.268298 0.0161818 0.0184246 0.000793679
 0.770105 0.180704 0.0434571 0.00262103 0.00311285
 0.813139 0.15683 0.0236046 0.00567663 0.000748993
 0.762661 0.205543 0.0266867 0.00401664 0.0010934
 0.307026 0.574863 0.102287 0.0132805 0.00254299
 0.790039 0.0825272 0.105714 0.0188101 0.00290986
 0.699829 0.253623 0.0182959 0.0234363 0.00481521
 0.422947 0.444851 0.111702 0.00805796 0.0124427
 0.763817 0.120705 0.0890218 0.0223533 0.0041025
 0.668857 0.272644 0.0298967 0.0220492 0.00655267
 0.405041 0.442418 0.125593 0.0137719 0.0131754
pobs_RECLAS
 0 0 0 0 0
 0 0 0 0 0
 0 0 0 0 0
 0 0 0 0 0
 0 0 0 0 0
 0 0 0 0 0
 0 0 0 0 0
 0 0 0 0 0
 0 0 0 0 0
 0 0 0 0 0
 0.991045 0.00858322 0.000360255 1.14367e-05 0
 0.934742 0.0480273 0.0164251 0.00080598 0
 0.827803 0.169806 0.00239088 0 0
 0.941827 0.0461693 0.0120037 0 0
 0.791401 0.0380133 0.147996 0.0225897 0
 0.846168 0.0940531 0.0597789 0 0
 0.134021 0.677848 0.182769 0.00536245 0
 0.80878 0.0450904 0.141981 0.00414843 0
 0.846168 0.0940531 0.0597789 0 0
 0.905697 0.0802665 0.012482 0.00150086 5.37128e-05
 0.989698 0.0102097 9.19794e-05 0 0
 0.975433 0.0193895 0.00387452 0.00125025 5.28907e-05
 0.303575 0.632131 0.0575291 0.00676475 0
 0.966965 0.00978017 0.0227588 0.000495775 0
 0.843318 0.132988 0.00938335 0.0141283 0.000182051
 0.564624 0.303363 0.111486 0.0197234 0.00080311
 0.826376 0.0876187 0.0782897 0.00655872 0.00115652
 0.89761 0.0855135 0.0140674 0.00269457 0.000114338
 0.34875 0.467042 0.161289 0.0227151 0.000203297
ppred_RECLAS
 0.616139 0.120926 0.244837 0.0180974 7.22696e-07
 0.556204 0.277108 0.0525108 0.106318 0.00785891
 0.695028 0.174497 0.0814692 0.015438 0.0335676
 0.820279 0.127322 0.0299817 0.0139979 0.00842005
 0.755556 0.203714 0.0288552 0.00679483 0.00508062
 0.830135 0.129274 0.0338281 0.00479161 0.001972
 0.565669 0.363583 0.0538421 0.0140893 0.00281702
 0.565429 0.2586 0.147307 0.0218143 0.00684966
 0.650162 0.19966 0.0893662 0.050906 0.00990563
 0.820862 0.120015 0.033743 0.0151031 0.0102773
 0.912346 0.073589 0.0094231 0.00264938 0.00199277
 0.843414 0.143159 0.0112721 0.0014434 0.000711069
 0.636652 0.310156 0.0486316 0.00382917 0.000731879
 0.685976 0.206256 0.0919908 0.0144239 0.00135279
 0.964964 0.0261395 0.00584364 0.00260628 0.000446984
 0.955752 0.0428444 0.00104749 0.000234173 0.000122354
 0.445706 0.531403 0.022165 0.000541906 0.000184444
 0.875809 0.0567692 0.0646373 0.00269605 8.83497e-05
 0.764062 0.208436 0.0125714 0.0143138 0.000616598
 0.824421 0.13801 0.0331898 0.00200177 0.00237739
 0.857667 0.119459 0.0179799 0.00432394 0.000570515
 0.817203 0.158308 0.0205539 0.00309359 0.000842131
 0.379374 0.514846 0.0916084 0.011894 0.0022775
 0.838215 0.0635911 0.0814577 0.0144941 0.00224218
 0.762357 0.200792 0.0144847 0.0185544 0.00381217
 0.501518 0.38428 0.0964926 0.00696079 0.0107485
 0.816465 0.0937988 0.0691779 0.0173705 0.00318801
 0.735194 0.218026 0.0239076 0.0176322 0.00524
 0.483431 0.384126 0.109046 0.0119573 0.0114395
pobs_PELACES
 0 0 0 0 0
 0 0 0 0 0
 0 0 0 0 0
 0 0 0 0 0
 0 0 0 0 0
 0 0 0 0 0
 0 0 0 0 0
 0 0 0 0 0
 0 0 0 0 0
 0 0 0 0 0
 0 0 0 0 0
 0 0 0 0 0
 0 0 0 0 0
 0 0 0 0 0
 0 0 0 0 0
 0 0 0 0 0
 0.505614 0.472636 0.0217494 0 0
 0 0 0 0 0
 0.443492 0.261883 0.143347 0.151278 0
 0.227955 0.32914 0.350689 0.0885471 0.00366901
 0.970185 0.0296113 0.000203453 0 0
 0.997202 0.00247181 0.000326279 0 0
 0.445219 0.490057 0.0546422 0.010081 0
 0.90214 0.0892962 0.00764917 0.000914606 0
 0 0 0 0 0
 0.581667 0.319106 0.0959925 0.00289975 0.000334073
 0.762889 0.0836404 0.116647 0.0363945 0.000428098
 0.88444 0.0763242 0.0277011 0.0115352 0
 0.521256 0.241999 0.230069 0.00667565 0
ppred_PELACES
 0.56504 0.132712 0.281262 0.0209847 8.39561e-07
 0.511493 0.299011 0.05931 0.12121 0.00897645
 0.655143 0.19311 0.0943738 0.0180511 0.0393225
 0.79593 0.142442 0.0351105 0.0165461 0.00997142
 0.718531 0.232637 0.0344925 0.00819846 0.00614158
 0.803057 0.148164 0.0405837 0.00580241 0.00239246
 0.533246 0.387619 0.060085 0.0158704 0.00317905
 0.513822 0.283746 0.169187 0.0252894 0.00795565
 0.611506 0.216985 0.101661 0.0584524 0.0113953
 0.80062 0.131352 0.038657 0.0174648 0.0119066
 0.895458 0.0870646 0.0116698 0.00331183 0.00249569
 0.821905 0.162151 0.0133644 0.00172736 0.000852547
 0.600953 0.33827 0.0555194 0.0044125 0.000844946
 0.680881 0.206191 0.0962608 0.015235 0.00143152
 0.959611 0.0297538 0.00696258 0.00313444 0.00053857
 0.948629 0.0496632 0.00127096 0.000286795 0.000150128
 0.403159 0.571082 0.0249336 0.00061531 0.000209819
 0.854813 0.0647101 0.077123 0.00324699 0.000106603
 0.740676 0.227713 0.0143761 0.016522 0.000713052
 0.802791 0.153436 0.0386244 0.00235139 0.00279783
 0.836421 0.13622 0.021461 0.00520951 0.000688642
 0.793213 0.17793 0.0241816 0.00367371 0.00100192
 0.339615 0.543373 0.101204 0.0132631 0.00254439
 0.809462 0.0727527 0.09755 0.0175202 0.00271537
 0.728347 0.22766 0.0171907 0.0222271 0.00457529
 0.454502 0.415908 0.109316 0.00795981 0.0123141
 0.785309 0.107151 0.0827197 0.0209656 0.003855
 0.69807 0.24634 0.028275 0.0210487 0.00626702
 0.437239 0.41332 0.122818 0.0135938 0.0130294
pobs_pel_tallas
 0 0 0 0 0 0 0 0 0 0 0 0 0 0 0 0 0 0 0 0 0 0 0 0 0 0
 0 0 0 0 0 0 0 0 0 0 0 0 0 0 0 0 0 0 0 0 0 0 0 0 0 0
 0 0 0 0 0 0 0 0 0 0 0 0 0 0 0 0 0 0 0 0 0 0 0 0 0 0
 0 0 0 0 0 0 0 0 0 0 0 0 0 0 0 0 0 0 0 0 0 0 0 0 0 0
 0 0 0 0 0 0 0 0 0 0 0 0 0 0 0 0 0 0 0 0 0 0 0 0 0 0
 0 0 0 0 0 0 0 0 0 0 0 0 0 0 0 0 0 0 0 0 0 0 0 0 0 0
 0 0 0 0 0 0 0 0 0 0 0 0 0 0 0 0 0 0 0 0 0 0 0 0 0 0
 0 0 0 0 0 0 0 0 0 0 0 0 0 0 0 0 0 0 0 0 0 0 0 0 0 0
 0 0 0 0 0 0 0 0 0 0 0 0 0 0 0 0 0 0 0 0 0 0 0 0 0 0
 0 0 0 0 0 0 0 0 0 0 0 0 0 0 0 0 0 0 0 0 0 0 0 0 0 0
 0 0 0 0 0 0 0 0 0 0 0 0 0 0 0 0 0 0 0 0 0 0 0 0 0 0
 0 0 0 0 0 0 0 0 0 0 0 0 0 0 0 0 0 0 0 0 0 0 0 0 0 0
 0.00862536 0 0 0.000197151 0.00414017 0.0128641 0.00837892 0.0270097 0.101434 0.158115 0.152841 0.127902 0.109271 0.109419 0.0830992 0.0579132 0.0238553 0.00714673 0.00463305 0.00128148 0.00103504 0.000492878 0.000147863 0.000147863 4.92878e-05 0
 0 0 0 0 0 0 0 0 0 0 0 0 0 0 0 0 0 0 0 0 0 0 0 0 0 0
 0 0 0 0 0 0 0 0.0054083 0.00873648 0.0413646 0.0450493 0.0745869 0.0622846 0.0627006 0.0613931 0.0827291 0.12552 0.122667 0.0946155 0.0697135 0.0546179 0.0294188 0.0215738 0.0213955 0.0102223 0.00600262
 0 0 0 0 0.00359764 0.0251062 0.0480494 0.140153 0.205849 0.193036 0.1447 0.116669 0.0760912 0.0342217 0.00950174 0.001854 0.000860785 0 0 0 0.000165536 0 0.000143464 0 0 0
 0 0 0 0 0 0 0 0.000145254 0.000435761 0.0275982 0.070085 0.0708112 0.156366 0.174668 0.174014 0.160142 0.0824315 0.0480064 0.0283245 0.00493863 0.00203355 0 0 0 0 0
 0 0 0 0 0 0 0 0 0 0 0 0 0 0 0 0 0 0 0 0 0 0 0 0 0 0
 0 0 1.00437e-05 0.000401748 0.00122533 0.00171747 0.00176769 0.0269171 0.070346 0.194647 0.189555 0.159765 0.064822 0.0314167 0.0384472 0.0292271 0.0345202 0.0313363 0.0194345 0.0106764 0.0143323 0.0359363 0.0279516 0.0138201 0.00172751 0
 0 0.0021121 0.0136068 0.0755702 0.200478 0.177729 0.0527432 0.0373336 0.0318909 0.0142505 0.0149659 0.0166563 0.0217959 0.0798694 0.0677717 0.0528807 0.04013 0.0224614 0.0357745 0.0225083 0.00881397 0.00855152 0.00135912 0.000746735 0 0
 0 0 0 0 5.4009e-05 0.00500934 0.000945158 0.0243581 0.138947 0.33067 0.221406 0.137944 0.0707744 0.0437923 0.0131692 0.00525238 0.0047753 0.00276346 9.45158e-05 9.00151e-06 2.25038e-05 9.00151e-06 4.50075e-06 0 0 0
 0.000866109 0.00284123 0.00948549 0.0512746 0.133035 0.25785 0.225252 0.132002 0.0553304 0.0519788 0.0540692 0.017754 0.00435017 0.00159236 0.00146478 0.000404838 0.000125132 0.000115318 0.000107957 0.000100596 0 0 0 0 0 0
 0 0 0 0 0.00144013 0.00171154 0.00461396 0.0210425 0.0478622 0.0707936 0.0888783 0.103762 0.0637923 0.0337046 0.0602308 0.124433 0.169614 0.0934646 0.0462172 0.0250306 0.0313229 0.00938855 0.002487 0.000210481 0 0
 0 0.00764035 0.051015 0.0998891 0.058973 0.0496711 0.0374665 0.0718981 0.12319 0.153886 0.159021 0.0857701 0.0377988 0.023471 0.0147837 0.00900784 0.00315554 0.000888139 0.00291439 0.00214683 0.00393193 0.00274676 0.000635225 9.99891e-05 0 0
 0 0 0 0 0 0 0 0 0 0 0 0 0 0 0 0 0 0 0 0 0 0 0 0 0 0
 0 0 0 0 0 0 0 0 0 0 0 0 0 0 0 0 0 0 0 0 0 0 0 0 0 0
 0 0 0 0 0 0 0 0 0 0 0 0 0 0 0 0 0 0 0 0 0 0 0 0 0 0
 0 0 0 0 0 0 0 0 0 0 0 0 0 0 0 0 0 0 0 0 0 0 0 0 0 0
 0 0 0 0 0 0 0 0 0 0 0 0 0 0 0 0 0 0 0 0 0 0 0 0 0 0
ppred_pel_tallas
 1.10256e-16 4.65417e-05 0.000452402 0.00300637 0.0136665 0.0425217 0.0905974 0.132232 0.132246 0.0906621 0.0427401 0.0143027 0.00462287 0.00404638 0.00706262 0.012098 0.0185747 0.0257508 0.0328114 0.03924 0.0448689 0.0495 0.0525035 0.0528937 0.0499127 0.0436408
 1.15463e-16 4.21311e-05 0.000409529 0.00272147 0.0123714 0.0384922 0.0820127 0.119706 0.119735 0.0821539 0.0389665 0.0137422 0.00616632 0.00794315 0.0143915 0.0238411 0.0346301 0.0442064 0.0500476 0.0511245 0.0485533 0.0447986 0.0420432 0.0409887 0.0408241 0.0400881
 1.11238e-16 5.39633e-05 0.000524542 0.00348577 0.0158458 0.0493023 0.105044 0.153319 0.153338 0.105136 0.0496101 0.0167363 0.00572675 0.00543579 0.00943815 0.0156683 0.0229229 0.0295898 0.0340646 0.0356356 0.0348764 0.0331543 0.0316614 0.030752 0.0299921 0.028685
 1.04397e-16 6.55597e-05 0.000637264 0.00423484 0.019251 0.059897 0.127617 0.186264 0.186278 0.127685 0.0601229 0.0199037 0.00587482 0.00422238 0.00688943 0.0113263 0.0164068 0.020843 0.0233734 0.0234339 0.0214866 0.018679 0.0161105 0.014285 0.0130718 0.0120404
 1.02917e-16 5.91845e-05 0.000575294 0.00382303 0.017379 0.0540725 0.115208 0.168154 0.168177 0.115318 0.0544405 0.0184418 0.006491 0.00640011 0.0111234 0.0183007 0.0263695 0.0331875 0.036612 0.0356571 0.0310753 0.0248355 0.0189327 0.0144583 0.0114665 0.00944255
 1.02196e-16 6.61468e-05 0.000642971 0.00427277 0.0194234 0.0604334 0.12876 0.187932 0.187947 0.12883 0.0606684 0.0201024 0.00597857 0.00437165 0.00716189 0.0117726 0.017039 0.0216068 0.0241353 0.0239958 0.0216209 0.0181681 0.0147838 0.0120558 0.00997497 0.00825557
 1.03963e-16 4.39229e-05 0.000426946 0.00283721 0.0128976 0.0401293 0.0855011 0.124799 0.124837 0.0856837 0.0407424 0.0146686 0.00728333 0.0101343 0.0184844 0.0305004 0.0439595 0.0553361 0.0610593 0.0594755 0.0518185 0.0413427 0.0313498 0.0236524 0.018363 0.0146744
 1.08838e-16 4.23229e-05 0.000411394 0.00273386 0.0124277 0.0386674 0.0823861 0.120251 0.120278 0.0825208 0.0391204 0.0137388 0.00603469 0.00765009 0.0138865 0.0231423 0.0339214 0.0438848 0.0506367 0.0530174 0.0516724 0.0483652 0.0446513 0.041033 0.0371235 0.0324033
 1.1078e-16 5.0369e-05 0.000489604 0.00325359 0.0147904 0.0460185 0.098048 0.143108 0.143129 0.0981509 0.0463643 0.015791 0.00577185 0.00600888 0.0105976 0.0176131 0.0257794 0.0333007 0.0383847 0.0402374 0.0394948 0.0376575 0.0359978 0.0348297 0.0336014 0.0315308
 1.04916e-16 6.5946e-05 0.000641019 0.0042598 0.0193644 0.06025 0.128369 0.187362 0.187374 0.128431 0.0604585 0.0199672 0.00577467 0.0039545 0.00637823 0.0104919 0.0152319 0.019423 0.0219197 0.0222129 0.0207247 0.0184864 0.0164647 0.0150671 0.0141224 0.0132045
 1.01114e-16 7.37577e-05 0.000716951 0.00476439 0.0216582 0.0673869 0.143575 0.209554 0.209562 0.143616 0.0675246 0.0220559 0.00576247 0.00289573 0.00421158 0.00684573 0.00985438 0.0123928 0.013655 0.0132726 0.0115311 0.00917398 0.00695538 0.00528908 0.00419551 0.00347625
 1.00745e-16 6.76992e-05 0.000658061 0.00437304 0.0198792 0.0618518 0.131782 0.192343 0.192359 0.131859 0.0621078 0.0206187 0.00622829 0.00470542 0.00774651 0.0126786 0.0182084 0.0227933 0.0249094 0.0238524 0.0201569 0.0152422 0.0105798 0.0070254 0.00469705 0.00327667
 1.02275e-16 4.94998e-05 0.000481155 0.00319745 0.0145352 0.0452244 0.0963566 0.140642 0.140675 0.096516 0.0457595 0.0160808 0.00707763 0.00895282 0.016142 0.0266155 0.038352 0.0482569 0.0531971 0.0517053 0.0448307 0.0353936 0.0262793 0.0191095 0.0140579 0.0105122
 1.04601e-16 5.60833e-05 0.00054515 0.00362271 0.0164683 0.0512392 0.109171 0.159343 0.159363 0.109269 0.0515675 0.0174179 0.00601132 0.00577646 0.010041 0.0166406 0.0242675 0.0311451 0.0354784 0.0364063 0.0344443 0.0310001 0.0273884 0.0241608 0.0211584 0.0180179
 1.00615e-16 7.90419e-05 0.000768315 0.00510572 0.0232099 0.0722146 0.153861 0.224565 0.224568 0.153875 0.0722617 0.0233462 0.00544804 0.00151645 0.00150244 0.00236548 0.00341593 0.00432978 0.00483587 0.00481192 0.00435099 0.00369173 0.00306716 0.0025912 0.00224996 0.00196888
 1.00104e-16 7.81373e-05 0.000759523 0.00504729 0.0229443 0.0713882 0.1521 0.221996 0.222 0.152124 0.0714665 0.0231704 0.00561448 0.00199617 0.00242226 0.00386901 0.00553812 0.00690576 0.00749691 0.00709473 0.0058689 0.00426811 0.00276229 0.00163168 0.000922439 0.000534899
 1.00963e-16 3.32078e-05 0.000322792 0.00214507 0.00975119 0.0303399 0.0646444 0.0943618 0.0944168 0.0649128 0.031241 0.0123527 0.00867055 0.0145526 0.0270129 0.044486 0.0637993 0.0796341 0.0865881 0.0821621 0.0682749 0.0500313 0.0327737 0.0196839 0.0112954 0.00651365
 1.02586e-16 7.04098e-05 0.000684409 0.00454814 0.0206752 0.0643282 0.137058 0.200042 0.200048 0.137089 0.0644327 0.0209784 0.00531432 0.00237358 0.00332692 0.00551453 0.0082289 0.0109525 0.0131844 0.0146535 0.015408 0.0156529 0.015495 0.014843 0.013537 0.0115606
 1.02251e-16 6.10086e-05 0.000593025 0.00394086 0.0179146 0.0557391 0.118759 0.173336 0.173358 0.118866 0.0560986 0.0189529 0.00654595 0.00627627 0.0108439 0.0178034 0.0255789 0.0320415 0.0350721 0.0337102 0.0287388 0.0221732 0.0160729 0.011589 0.00879559 0.00713865
 1.01864e-16 6.61248e-05 0.000642757 0.00427135 0.0194169 0.0604134 0.128718 0.18787 0.187885 0.12879 0.0606565 0.0201196 0.00603631 0.00449964 0.00740257 0.0121631 0.0175835 0.0222527 0.0247712 0.0244806 0.0218316 0.0180406 0.0143264 0.0113368 0.00909686 0.00732875
 1.01294e-16 6.88949e-05 0.000669683 0.00445028 0.0202303 0.0629441 0.13411 0.19574 0.195753 0.134174 0.0631596 0.0208528 0.00601283 0.00408131 0.0065498 0.0107233 0.0154502 0.0194485 0.0214592 0.0208992 0.0181997 0.0145018 0.0109644 0.00822596 0.00633059 0.0050017
 1.01282e-16 6.53359e-05 0.000635088 0.00422039 0.0191853 0.0596926 0.127182 0.18563 0.185647 0.127266 0.0599739 0.0199978 0.00625973 0.00508653 0.00851802 0.0139747 0.0201151 0.0252732 0.0277948 0.0269117 0.0231912 0.0181432 0.0133149 0.00957968 0.00702817 0.00531452
 1.04821e-16 2.79737e-05 0.000271915 0.00180697 0.00821426 0.0255579 0.0544558 0.0794908 0.0795432 0.0547119 0.0264179 0.0106986 0.00804475 0.0138944 0.0259152 0.0428386 0.0617985 0.0778964 0.0861335 0.0841697 0.0736752 0.0591225 0.0450511 0.0339581 0.0260367 0.0202683
 1.05051e-16 6.66743e-05 0.000648098 0.00430684 0.0195783 0.0609153 0.129787 0.189429 0.189436 0.129822 0.0610333 0.0199208 0.00517354 0.00256266 0.00376896 0.00629831 0.00947053 0.0127544 0.0156336 0.0178393 0.0194294 0.0205857 0.0213212 0.0213852 0.0204483 0.0183858
 1.03558e-16 5.9993e-05 0.000583153 0.00387526 0.0176164 0.0548112 0.116782 0.170451 0.170473 0.116889 0.0551709 0.018655 0.0064815 0.00627025 0.0108543 0.0178335 0.0256502 0.0321936 0.0353664 0.0342294 0.0295776 0.0234193 0.0177802 0.0137511 0.011331 0.00989447
 1.06144e-16 3.74368e-05 0.000363899 0.00241824 0.010993 0.0342035 0.0728756 0.106373 0.106413 0.0730719 0.0348628 0.0128983 0.00720445 0.0108245 0.0199397 0.0329978 0.0477459 0.0604874 0.0674553 0.0668795 0.0599859 0.0500565 0.0403607 0.0326039 0.0267996 0.0221492
 1.0517e-16 6.46848e-05 0.00062876 0.00417833 0.0189941 0.0590977 0.125914 0.183778 0.183788 0.125965 0.0592695 0.0194916 0.00543264 0.00338492 0.00535206 0.00888438 0.0131172 0.0171783 0.0202104 0.0218029 0.022176 0.0219034 0.0214189 0.0207366 0.0195694 0.0176626
 1.04051e-16 5.74991e-05 0.000558912 0.00371417 0.0168841 0.0525328 0.111927 0.163366 0.16339 0.112043 0.0529222 0.0180089 0.00653748 0.00672187 0.0117613 0.019352 0.0278725 0.0350599 0.0386558 0.0376414 0.0328527 0.0264163 0.0204678 0.0161434 0.0134307 0.0116807
 1.07219e-16 3.60149e-05 0.000350077 0.00232639 0.0105755 0.0329044 0.0701077 0.102333 0.102373 0.0703029 0.0335601 0.0124706 0.00708844 0.0107618 0.0198569 0.0328933 0.0476667 0.0605381 0.0677969 0.0676989 0.0614404 0.0522133 0.0431586 0.0358545 0.0302289 0.0254645
pSPR Fmed_Fpbrs
0.554031   0.6 0.325
Fs Fmed_Fpbrs
0.34   0.289673 0.713669
SSBpbr Bo_Bmed_Bpbrs
1.02176e+06  514998  561967 280983
Ro
120101
SPR SPRFo_SPRFmed_SPRFpbrs
853555 472896 277405
Fref
0.289673
Nvult_r0
 43907.2 37602.4 10674.5 1170.51 1119.82
CTP_r0
 7700.19 8445.87 2397.61 262.909 251.522
YTP_r0
281235
Np
 176834 52590.7 4963.57 3774.06 1366.39
Nvult_p0
 124243 38109.3 3596.8 2734.83 990.143
CTP_p0
 21789 2933.89 2230.79 633.274 87.7828
 21789 8559.73 807.877 614.271 222.396
YTP_p0
 292109 360181
CBA_c0
284497
log_Ro
11.5161
likeval ReclasPelacesDesembMPH_pf_preclas_ppelaces_ptallas_desvR_qrecl_qpela
 12.5222 0.000281987 0.0261214 26.8336 204.798 103.524 89.433 0 22.0775 1.63559e-05 4.52727e-05 0.0989304 9.93027e-16 0 0
q_reclas_q_pelaces
1.7717 2.58973
M
1
N
 159852 32494 65790.1 4862.96 0.194196
 91117.5 48442.6 9179.64 18585.9 1373.85
 87470.8 23414.3 10931.6 2071.5 4504.15
 132788 22585.9 5318.53 2483.11 1493.65
 106078 29469 4174.16 982.933 734.958
 202020 33082.5 8656.97 1226.22 504.657
 77616.9 56291.5 8336.07 2181.37 436.143
 31358 14654.3 8347.59 1236.17 388.156
 30529.3 10240.2 4583.41 2610.87 508.04
 41324.2 6898.44 1939.55 868.126 590.739
 88453.4 7308.61 935.869 263.127 197.915
 155020 28484.2 2242.8 287.192 141.481
 69158.3 36801.2 5770.34 454.347 86.8405
 38632.7 15623.1 6967.92 1092.55 102.468
 92122.8 2764.93 618.116 275.681 47.2802
 399247 19235.2 470.275 105.133 54.9311
 79003.4 98633.8 4114.05 100.583 34.2348
 323483 22534.5 25657.7 1070.19 35.0703
 258288 79928.5 4820.72 5488.86 236.445
 254341 47355.9 11388.5 686.874 815.762
 347973 51994 7825.66 1881.98 248.314
 411763 86842.7 11275.3 1697.05 461.968
 65881.8 94721.7 16854.2 2188.27 419.015
 220825 17618.4 22568.5 4015.69 621.214
 222630 61505.4 4436.88 5683.46 1167.72
 79024.6 62909.3 15796.5 1139.53 1759.6
 195582 23540.9 17361.7 4359.52 800.101
 179552 55625.2 6099.56 4498.5 1336.88
 62492.7 51891.2 14730.8 1615.3 1545.35
pred_Ctot
 18091.8 4870.45 9861.11 728.896 0.0291075
 17877.6 12314.1 2333.47 4724.53 349.234
 16963.4 5886.61 2748.34 520.798 1132.39
 34687.3 7506.94 1767.74 825.321 496.45
 10347.6 3822.27 541.408 127.491 95.3275
 31684 6793.61 1777.74 251.809 103.633
 25193.7 22823.6 3379.89 884.442 176.836
 2248.31 1406.2 801.021 118.621 37.2469
 7743.41 3311.86 1482.36 844.4 164.309
 14380.6 2977.67 837.195 374.721 254.989
 7045.48 777.57 99.568 27.9943 21.0564
 36009.6 8487.65 668.304 85.5766 42.1581
 17548.8 11907 1866.98 147.003 28.0971
 22266.5 10359.2 4620.23 724.439 67.9437
 26355.2 999.303 223.4 99.637 17.088
 85607.8 5317.05 129.995 29.0611 15.1842
 11453.8 18782.1 783.408 19.1533 6.51906
 69339.6 6227.15 7090.21 295.735 9.69128
 86590.3 33364.8 2012.33 2291.23 98.6998
 74888.2 17572.4 4225.95 254.879 302.706
 72999.4 14079.4 2119.1 509.618 67.2407
 101294 27299.6 3544.45 533.478 145.223
 11670.2 21850.8 3887.99 504.799 96.6602
 34680.6 3622.72 4640.57 825.713 127.735
 33340.9 12083 871.643 1116.54 229.404
 9668.11 10168.8 2553.39 184.196 284.426
 28645.4 4526.81 3338.58 838.317 153.856
 24818 10116.5 1109.32 818.137 243.137
 8700.23 9503.09 2697.73 295.819 283.007
F
 0.193872 0.264068 0.264068 0.264068 0.264068
 0.358804 0.488717 0.488717 0.488717 0.488717
 0.353982 0.482149 0.482149 0.482149 0.482149
 0.505414 0.68841 0.68841 0.68841 0.68841
 0.165171 0.224975 0.224975 0.224975 0.224975
 0.277822 0.378414 0.378414 0.378414 0.378414
 0.66705 0.90857 0.90857 0.90857 0.90857
 0.11915 0.162291 0.162291 0.162291 0.162291
 0.487391 0.663862 0.663862 0.663862 0.663862
 0.732395 0.997575 0.997575 0.997575 0.997575
 0.133125 0.181326 0.181326 0.181326 0.181326
 0.438023 0.59662 0.59662 0.59662 0.59662
 0.48765 0.664215 0.664215 0.664215 0.664215
 1.63708 2.22983 2.22983 2.22983 2.22983
 0.566382 0.771453 0.771453 0.771453 0.771453
 0.398166 0.542331 0.542331 0.542331 0.542331
 0.254444 0.346571 0.346571 0.346571 0.346571
 0.398013 0.542122 0.542122 0.542122 0.542122
 0.696386 0.948529 0.948529 0.948529 0.948529
 0.587547 0.800282 0.800282 0.800282 0.800282
 0.388025 0.528519 0.528519 0.528519 0.528519
 0.469505 0.6395 0.6395 0.6395 0.6395
 0.318918 0.434389 0.434389 0.434389 0.434389
 0.278248 0.378993 0.378993 0.378993 0.378993
 0.263816 0.359336 0.359336 0.359336 0.359336
 0.211022 0.287427 0.287427 0.287427 0.287427
 0.257344 0.350522 0.350522 0.350522 0.350522
 0.241318 0.328693 0.328693 0.328693 0.328693
 0.24325 0.331324 0.331324 0.331324 0.331324
YTP_r0W_actual
 40041 173140 52028.1 7624.35 8400.84
YTP_p0W_proyectada
 164289 51196.3 53695 19834.2 3094.34
 164289 149367 19445.6 19239 7839.46
CTP_r0_actual
 7700.19 8445.87 2397.61 262.909 251.522
CTP_p0_proyectada
 21789 2933.89 2230.79 633.274 87.7828
 21789 8559.73 807.877 614.271 222.396
Wmedp
 7.54 17.45 24.07 31.32 35.25
Frms_r0
 0.212671 0.289673 0.289673 0.289673 0.289673
Zrms_r0
 1.21267 1.28967 1.28967 1.28967 1.28967
nmprior
 7.29 8.9 8.7 0
nm_flota  nm_reclas  nm_pelaces    nm_pelaL
inf 14.7324 11.6791 14.9331
cv_recla  cv_pelaces  cv_mph
0.335708 0.68555 0.448612
 ------------------------------------------------
Talla a la edad & desviaci?n 
 8 13.2811 15.8009 17.003 17.5766
 0.8 1.32811 1.58009 1.7003 1.75766
