years
 1991 1992 1993 1994 1995 1996 1997 1998 1999 2000 2001 2002 2003 2004 2005 2006 2007 2008 2009 2010 2011 2012 2013 2014 2015 2016 2017 2018 2019 2020 2021
reclasobs
 0 0 0 0 0 0 0 0 0 252601 567819 844713 477998 351125 339783 2.1784e+06 2.13404e+06 4.81314e+06 1.55562e+06 2.62356e+06 3.21686e+06 3.843e+06 1.13348e+06 3.07943e+06 1.97215e+06 2.03268e+06 2.025e+06 2.42433e+06 2.27542e+06 1.05018e+06 2.36338e+06
reclaspred
 2.35308e+06 1.53757e+06 1.0896e+06 1.17462e+06 1.2608e+06 1.48829e+06 1.17644e+06 1.74503e+06 1.89165e+06 2.03343e+06 1.50519e+06 1.50096e+06 1.34491e+06 1.23241e+06 1.28486e+06 1.25088e+06 1.29393e+06 1.45823e+06 682181 437852 660409 311746 554291 1.01638e+06 935760 1.24985e+06 1.3998e+06 1.18737e+06 1.41726e+06 1.51334e+06 1.5361e+06
pelacesobs
 0 0 0 0 0 0 0 0 0 0 0 0 0 0 0 552880 188675 0 991730 2.46772e+06 1.41603e+06 1.21717e+06 2.29649e+06 1.80582e+06 0 1.4828e+06 1.56532e+06 1.57751e+06 1.42118e+06 867257 1.10002e+06
pelacespred
 1.11404e+06 756992 517149 482828 575003 664440 517798 898777 1.02071e+06 1.02481e+06 853446 700735 662001 658395 695879 565072 562301 590699 281863 150263 235024 91593.2 233385 477057 427960 583713 732751 616285 622652 729040 720839
mphobs
 0 0 0 0 0 0 0 0 0 0 0 0 498337 0 5186 125008 0 168611 109162 213762 579715 649985 157893 87575 83554 210694 70296 0 107559 103333 445601
mphpred
 2.25715e+06 1.53279e+06 1.02142e+06 839849 961722 1.0895e+06 1.08909e+06 950201 1.4703e+06 1.71676e+06 1.38451e+06 1.26887e+06 1.15253e+06 962995 923365 1.158e+06 909758 1.15865e+06 719798 316774 333640 270318 142885 482320 786350 679834 1.01269e+06 947895 1.07376e+06 1.12686e+06 1.07788e+06
desembarqueobs
 494567 514787 250237 358949 120608 361735 552515 73892 212993 205616 52469 317467 293654 387597 252695 516296 358380 742168 942051 627588 828172 859565 418607 520667 417249 300574 415391 372974 316634 284311 391294
desembarquepred
 494836 506181 261010 358715 120541 361481 552085 73855.1 212925 205564 52447.2 317558 293768 388083 252659 515613 357918 739814 933834 621903 821382 851691 418657 520887 417257 300581 415302 372940 316600 284225 391105
Reclutas
 213442 213442 213442 213442 213442 213442 213442 213442 213442 213442 213442 213442 213442 213442 213442 213442 213442 213442 213442 213442 213442 213442 213442 213442 213442 213442 213442 213442 213442 213442 213442
log_desv_Rt
 0 0 0 0 0 0 0 0 0 0 0 0 0 0 0 0 0 0 0 0 0 0 0 0 0 0 0 0 0 0 0
SSB
 2.25715e+06 1.53279e+06 1.02142e+06 839849 961722 1.0895e+06 1.08909e+06 950201 1.4703e+06 1.71676e+06 1.38451e+06 1.26887e+06 1.11157e+06 950600 901716 1.12642e+06 909758 1.15865e+06 751700 331180 362664 335393 172133 542741 820414 749954 1.05229e+06 947895 1.11348e+06 1.10063e+06 1.19028e+06
BT
 3.24652e+06 2.5085e+06 1.58422e+06 1.69345e+06 1.67877e+06 2.26538e+06 1.92486e+06 3.10733e+06 3.29204e+06 3.00639e+06 2.38048e+06 2.19907e+06 2.18062e+06 2.51423e+06 2.52024e+06 2.0457e+06 1.98812e+06 2.34034e+06 1.85318e+06 1.04899e+06 1.55216e+06 1.08274e+06 1.31424e+06 2.22402e+06 1.62627e+06 2.19329e+06 2.76395e+06 2.29737e+06 1.99183e+06 2.46012e+06 2.47598e+06
Ftot
 0.198485 0.307713 0.225607 0.286359 0.0911057 0.228901 0.433788 0.0405002 0.107189 0.0962789 0.0333521 0.199768 0.206221 0.295505 0.186256 0.382882 0.260258 0.46723 1.16833 1.22368 1.0853 2.0815 0.69295 0.475309 0.413576 0.227037 0.278756 0.294974 0.210776 0.177815 0.239908
BD_Bspro_t
 0.968741 0.805198 0.679257 0.661381 0.671287 0.743725 0.697909 0.622767 0.784034 0.831366 0.836423 0.869912 0.785996 0.725557 0.700511 0.719728 0.610732 0.653076 0.480291 0.274948 0.24982 0.218567 0.143543 0.365963 0.491311 0.527485 0.653503 0.661203 0.689609 0.692033 0.722878
BD_Bspro
 1.48157 1.00611 0.670452 0.551269 0.631265 0.715137 0.714867 0.623702 0.96509 1.12686 0.90878 0.832874 0.729624 0.623964 0.591878 0.739368 0.597156 0.760526 0.493408 0.217383 0.238049 0.220149 0.112986 0.35625 0.538512 0.492262 0.690716 0.622189 0.73088 0.722442 0.781286
BD_Bo
 1.23279 0.837167 0.557872 0.458701 0.525265 0.595053 0.594829 0.518972 0.803035 0.937643 0.756181 0.69302 0.607108 0.51919 0.492492 0.615216 0.496884 0.632821 0.410557 0.180881 0.198077 0.183182 0.0940141 0.29643 0.448087 0.409603 0.574733 0.517713 0.608153 0.601132 0.650095
BD_Brms
 5.23804 3.55706 2.37035 1.94899 2.23181 2.52833 2.52738 2.20507 3.41203 3.98397 3.21295 2.94459 2.57956 2.206 2.09256 2.614 2.11122 2.68881 1.74442 0.768548 0.841612 0.778327 0.399458 1.25951 1.90388 1.74037 2.442 2.19972 2.58399 2.55416 2.7622
Sel_flota
 0.5 1 1 1 1
 0.5 1 1 1 1
 0.5 1 1 1 1
 0.5 1 1 1 1
 0.5 1 1 1 1
 0.5 1 1 1 1
 0.5 1 1 1 1
 0.5 1 1 1 1
 0.5 1 1 1 1
 0.5 1 1 1 1
 0.5 1 1 1 1
 0.5 1 1 1 1
 0.5 1 1 1 1
 0.5 1 1 1 1
 0.5 1 1 1 1
 0.5 1 1 1 1
 0.5 1 1 1 1
 0.5 1 1 1 1
 0.5 1 1 1 1
 0.5 1 1 1 1
 0.5 1 1 1 1
 0.5 1 1 1 1
 0.5 1 1 1 1
 0.5 1 1 1 1
 0.5 1 1 1 1
 0.5 1 1 1 1
 0.5 1 1 1 1
 0.5 1 1 1 1
 0.5 1 1 1 1
 0.5 1 1 1 1
 0.5 1 1 1 1
Sel_reclas
 0.5 1 1 1 1
 0.5 1 1 1 1
 0.5 1 1 1 1
 0.5 1 1 1 1
 0.5 1 1 1 1
 0.5 1 1 1 1
 0.5 1 1 1 1
 0.5 1 1 1 1
 0.5 1 1 1 1
 0.5 1 1 1 1
 0.5 1 1 1 1
 0.5 1 1 1 1
 0.5 1 1 1 1
 0.5 1 1 1 1
 0.5 1 1 1 1
 0.5 1 1 1 1
 0.5 1 1 1 1
 0.5 1 1 1 1
 0.5 1 1 1 1
 0.5 1 1 1 1
 0.5 1 1 1 1
 0.5 1 1 1 1
 0.5 1 1 1 1
 0.5 1 1 1 1
 0.5 1 1 1 1
 0.5 1 1 1 1
 0.5 1 1 1 1
 0.5 1 1 1 1
 0.5 1 1 1 1
 0.5 1 1 1 1
 0.5 1 1 1 1
Sel_pelaces
 0.5 1 1 1 1
 0.5 1 1 1 1
 0.5 1 1 1 1
 0.5 1 1 1 1
 0.5 1 1 1 1
 0.5 1 1 1 1
 0.5 1 1 1 1
 0.5 1 1 1 1
 0.5 1 1 1 1
 0.5 1 1 1 1
 0.5 1 1 1 1
 0.5 1 1 1 1
 0.5 1 1 1 1
 0.5 1 1 1 1
 0.5 1 1 1 1
 0.5 1 1 1 1
 0.5 1 1 1 1
 0.5 1 1 1 1
 0.5 1 1 1 1
 0.5 1 1 1 1
 0.5 1 1 1 1
 0.5 1 1 1 1
 0.5 1 1 1 1
 0.5 1 1 1 1
 0.5 1 1 1 1
 0.5 1 1 1 1
 0.5 1 1 1 1
 0.5 1 1 1 1
 0.5 1 1 1 1
 0.5 1 1 1 1
 0.5 1 1 1 1
pf_obs 
 0.8446 0.082 0.0669 0.0065 0
 0.8095 0.147 0.0364 0.0071 0
 0.9664 0.0169 0.016 0.0007 0
 0.9276 0.0648 0.0075 0.0001 0
 0.7033 0.2144 0.0806 0.0017 0
 0.9318 0.0425 0.0243 0.0014 0
 0.5671 0.3108 0.0964 0.0239 0.0018
 0.0768 0.2599 0.5324 0.112 0.0189
 0.490249 0.384438 0.106611 0.0170017 0.00170017
 0.7925 0.1577 0.0466 0.003 0.0002
 0.840416 0.127587 0.0312969 0.00059994 9.999e-05
 0.8084 0.0986 0.0794 0.0134 0.0002
 0.7335 0.1905 0.0724 0.0035 0.0001
 0.4001 0.4547 0.1325 0.0127 0
 0.49795 0.308269 0.164784 0.0264974 0.00249975
 0.9179 0.0499 0.0305 0.0017 0
 0.2467 0.6533 0.0926 0.0074 0
 0.9418 0.0223 0.034 0.0019 0
 0.707729 0.231977 0.0356964 0.0245975 0
 0.517169 0.277429 0.184464 0.0207286 0.00020938
 0.811772 0.124168 0.05621 0.00726502 0.000585176
 0.764997 0.148141 0.077277 0.00933861 0.000247198
 0.163321 0.427699 0.378323 0.0303852 0.000271297
 0.753843 0.0900009 0.118128 0.0371064 0.000921714
 0.721811 0.176058 0.0630433 0.0369309 0.00215725
 0.143369 0.312575 0.442814 0.0836902 0.0175525
 0.692698 0.0596174 0.167031 0.0765114 0.00414204
 0.394062 0.376323 0.152708 0.0712218 0.00568511
 0.125707 0.32114 0.495352 0.0537591 0.00404204
 0.23352 0.215282 0.420074 0.123614 0.00750983
 0.796117 0.104755 0.0508955 0.0450114 0.00322123
pf_pred 
 0.470399 0.0507258 0.412949 0.0481554 0.0177715
 0.510471 0.319803 0.0162565 0.132341 0.0211281
 0.535855 0.322951 0.0922407 0.00468886 0.044265
 0.534218 0.331526 0.0934146 0.0266809 0.0141601
 0.533018 0.333528 0.0949874 0.0267647 0.0117016
 0.51087 0.342891 0.104447 0.029746 0.012046
 0.53416 0.321894 0.100909 0.0307376 0.012299
 0.551928 0.324165 0.0856192 0.0268404 0.0114471
 0.50297 0.354733 0.102948 0.0271907 0.0121592
 0.497273 0.339965 0.116164 0.033712 0.0128858
 0.490558 0.34159 0.113509 0.038785 0.0155582
 0.487304 0.338588 0.116742 0.0387928 0.0185724
 0.511485 0.326599 0.10693 0.0368685 0.0181166
 0.524523 0.328103 0.0985274 0.0322583 0.0165877
 0.53631 0.327734 0.0938164 0.0281725 0.0139668
 0.533147 0.331319 0.0957942 0.0274218 0.012317
 0.555125 0.320056 0.088582 0.0256117 0.0106246
 0.553031 0.32608 0.0869709 0.0240709 0.00984671
 0.609637 0.289051 0.0739109 0.0197132 0.00768793
 0.712285 0.235967 0.0383176 0.00979788 0.00363239
 0.728107 0.239418 0.0266344 0.00432504 0.00151592
 0.739945 0.229793 0.0266474 0.00296444 0.000650106
 0.80164 0.182742 0.0138001 0.0016003 0.00021707
 0.657239 0.311675 0.0286381 0.00216266 0.000284805
 0.604088 0.323039 0.0662638 0.0060886 0.000520343
 0.575821 0.329054 0.0776164 0.0159212 0.00158793
 0.545005 0.338474 0.0903905 0.0213211 0.00480972
 0.544961 0.32878 0.0939246 0.0250829 0.00725116
 0.543248 0.330459 0.0912513 0.0260683 0.00897415
 0.528887 0.337749 0.0964888 0.026644 0.0102319
 0.522927 0.33537 0.101589 0.0290223 0.0110916
pobs_RECLAS
 0 0 0 0 0
 0 0 0 0 0
 0 0 0 0 0
 0 0 0 0 0
 0 0 0 0 0
 0 0 0 0 0
 0 0 0 0 0
 0 0 0 0 0
 0 0 0 0 0
 0 0 0 0 0
 0.991045 0.00858322 0.000360255 1.14367e-05 0
 0.934742 0.0480273 0.0164251 0.00080598 0
 0.827803 0.169806 0.00239088 0 0
 0.941827 0.0461693 0.0120037 0 0
 0.791401 0.0380133 0.147996 0.0225897 0
 0.846168 0.0940531 0.0597789 0 0
 0.134021 0.677848 0.182769 0.00536245 0
 0.80878 0.0450904 0.141981 0.00414843 0
 0.846168 0.0940531 0.0597789 0 0
 0.905697 0.0802665 0.012482 0.00150086 5.37128e-05
 0.989698 0.0102097 9.19794e-05 0 0
 0.975433 0.0193895 0.00387452 0.00125025 5.28907e-05
 0.303575 0.632131 0.0575291 0.00676475 0
 0.966965 0.00978017 0.0227588 0.000495775 0
 0.843318 0.132988 0.00938335 0.0141283 0.000182051
 0.564624 0.303363 0.111486 0.0197234 0.00080311
 0.826376 0.0876187 0.0782897 0.00655872 0.00115652
 0.89761 0.0855135 0.0140674 0.00269457 0.000114338
 0.34875 0.467042 0.161289 0.0227151 0.000203297
 0.318654 0.224769 0.449479 0.00709798 0
 0.937255 0.0296025 0.0250945 0.00804832 0
ppred_RECLAS
 0.472716 0.0505039 0.411142 0.0479447 0.0176937
 0.514318 0.31729 0.0161288 0.131301 0.0209621
 0.538527 0.321092 0.0917097 0.00466187 0.0440102
 0.537737 0.329022 0.0927089 0.0264794 0.0140531
 0.534009 0.332821 0.0947859 0.0267079 0.0116768
 0.5136 0.340977 0.103864 0.02958 0.0119788
 0.539947 0.317895 0.0996554 0.0303558 0.0121462
 0.55235 0.32386 0.0855385 0.026815 0.0114363
 0.504153 0.353888 0.102702 0.027126 0.0121303
 0.498328 0.339252 0.11592 0.0336413 0.0128588
 0.490908 0.341356 0.113431 0.0387584 0.0155476
 0.489645 0.337043 0.116209 0.0386157 0.0184876
 0.513911 0.324978 0.106399 0.0366855 0.0180266
 0.528183 0.325578 0.0977691 0.03201 0.0164601
 0.538463 0.326213 0.0933809 0.0280417 0.013902
 0.538119 0.327791 0.0947742 0.0271298 0.0121858
 0.55825 0.317808 0.0879598 0.0254318 0.01055
 0.55933 0.321485 0.0857453 0.0237317 0.00970794
 0.629967 0.273997 0.0700615 0.0186865 0.00728753
 0.730795 0.220786 0.0358525 0.00916754 0.0033987
 0.743229 0.226102 0.0251531 0.0040845 0.00143161
 0.776635 0.197373 0.0228878 0.00254619 0.000558384
 0.808274 0.176631 0.0133386 0.00154678 0.00020981
 0.663088 0.306357 0.0281494 0.00212576 0.000279945
 0.609327 0.318765 0.065387 0.00600804 0.000513458
 0.578463 0.327004 0.077133 0.015822 0.00157804
 0.548403 0.335946 0.0897155 0.0211619 0.0047738
 0.548591 0.326157 0.0931753 0.0248828 0.00719332
 0.545715 0.328673 0.0907582 0.0259275 0.00892567
 0.530935 0.33628 0.0960693 0.0265281 0.0101874
 0.525802 0.333348 0.100977 0.0288473 0.0110248
pobs_PELACES
 0 0 0 0 0
 0 0 0 0 0
 0 0 0 0 0
 0 0 0 0 0
 0 0 0 0 0
 0 0 0 0 0
 0 0 0 0 0
 0 0 0 0 0
 0 0 0 0 0
 0 0 0 0 0
 0 0 0 0 0
 0 0 0 0 0
 0 0 0 0 0
 0 0 0 0 0
 0 0 0 0 0
 0 0 0 0 0
 0.505614 0.472636 0.0217494 0 0
 0 0 0 0 0
 0.443492 0.261883 0.143347 0.151278 0
 0.227955 0.32914 0.350689 0.0885471 0.00366901
 0.970185 0.0296113 0.000203453 0 0
 0.997202 0.00247181 0.000326279 0 0
 0.445219 0.490057 0.0546422 0.010081 0
 0.90214 0.0892962 0.00764917 0.000914606 0
 0 0 0 0 0
 0.581667 0.319106 0.0959925 0.00289975 0.000334073
 0.762889 0.0836404 0.116647 0.0363945 0.000428098
 0.88444 0.0763242 0.0277011 0.0115352 0
 0.521256 0.241999 0.230069 0.00667565 0
 0.616807 0.101726 0.260614 0.0208532 0
 0.833518 0.0704572 0.0857862 0.0102388 0
ppred_PELACES
 0.480885 0.0497214 0.404772 0.0472019 0.0174196
 0.526988 0.309013 0.015708 0.127876 0.0204152
 0.547763 0.314665 0.089874 0.00456855 0.0431293
 0.549459 0.320678 0.090358 0.0258079 0.0136967
 0.537748 0.33015 0.0940254 0.0264937 0.0115831
 0.52303 0.334367 0.101851 0.0290066 0.0117466
 0.557669 0.30565 0.0958167 0.0291864 0.0116783
 0.554002 0.322665 0.0852229 0.0267161 0.0113941
 0.508574 0.350733 0.101787 0.0268841 0.0120221
 0.5023 0.336566 0.115002 0.033375 0.012757
 0.492283 0.340434 0.113124 0.0386537 0.0155055
 0.497884 0.331601 0.114333 0.0379923 0.0181892
 0.522406 0.319298 0.10454 0.0360444 0.0177116
 0.540314 0.317207 0.0952551 0.0311869 0.0160368
 0.546091 0.320821 0.0918375 0.0275782 0.0136722
 0.553778 0.316678 0.0915611 0.0262101 0.0117727
 0.568812 0.31021 0.0858567 0.0248237 0.0102978
 0.578236 0.307692 0.0820665 0.0227135 0.00929144
 0.673675 0.241633 0.061786 0.0164793 0.00642675
 0.768626 0.18976 0.0308142 0.00787925 0.00292109
 0.775893 0.197339 0.0219533 0.0035649 0.00124949
 0.830561 0.149722 0.0173621 0.00193147 0.000423575
 0.825371 0.16088 0.0121491 0.00140884 0.0001911
 0.680378 0.290635 0.0267048 0.00201666 0.000265578
 0.625445 0.305614 0.0626894 0.00576017 0.000492275
 0.587569 0.31994 0.0754666 0.0154802 0.00154395
 0.559767 0.327492 0.087458 0.0206294 0.00465368
 0.560613 0.317471 0.0906939 0.0242201 0.00700174
 0.554323 0.322446 0.0890387 0.0254362 0.00875655
 0.538235 0.331047 0.0945743 0.0261153 0.0100288
 0.535661 0.326418 0.0988777 0.0282476 0.0107956
pobs_pel_tallas
 0 0 0 0 0 0 0 0 0 0 0 0 0 0 0 0 0 0 0 0 0 0 0 0 0 0
 0 0 0 0 0 0 0 0 0 0 0 0 0 0 0 0 0 0 0 0 0 0 0 0 0 0
 0 0 0 0 0 0 0 0 0 0 0 0 0 0 0 0 0 0 0 0 0 0 0 0 0 0
 0 0 0 0 0 0 0 0 0 0 0 0 0 0 0 0 0 0 0 0 0 0 0 0 0 0
 0 0 0 0 0 0 0 0 0 0 0 0 0 0 0 0 0 0 0 0 0 0 0 0 0 0
 0 0 0 0 0 0 0 0 0 0 0 0 0 0 0 0 0 0 0 0 0 0 0 0 0 0
 0 0 0 0 0 0 0 0 0 0 0 0 0 0 0 0 0 0 0 0 0 0 0 0 0 0
 0 0 0 0 0 0 0 0 0 0 0 0 0 0 0 0 0 0 0 0 0 0 0 0 0 0
 0 0 0 0 0 0 0 0 0 0 0 0 0 0 0 0 0 0 0 0 0 0 0 0 0 0
 0 0 0 0 0 0 0 0 0 0 0 0 0 0 0 0 0 0 0 0 0 0 0 0 0 0
 0 0 0 0 0 0 0 0 0 0 0 0 0 0 0 0 0 0 0 0 0 0 0 0 0 0
 0 0 0 0 0 0 0 0 0 0 0 0 0 0 0 0 0 0 0 0 0 0 0 0 0 0
 0.00862536 0 0 0.000197151 0.00414017 0.0128641 0.00837892 0.0270097 0.101434 0.158115 0.152841 0.127902 0.109271 0.109419 0.0830992 0.0579132 0.0238553 0.00714673 0.00463305 0.00128148 0.00103504 0.000492878 0.000147863 0.000147863 4.92878e-05 0
 0 0 0 0 0 0 0 0 0 0 0 0 0 0 0 0 0 0 0 0 0 0 0 0 0 0
 0 0 0 0 0 0 0 0.0054083 0.00873648 0.0413646 0.0450493 0.0745869 0.0622846 0.0627006 0.0613931 0.0827291 0.12552 0.122667 0.0946155 0.0697135 0.0546179 0.0294188 0.0215738 0.0213955 0.0102223 0.00600262
 0 0 0 0 0.00359764 0.0251062 0.0480494 0.140153 0.205849 0.193036 0.1447 0.116669 0.0760912 0.0342217 0.00950174 0.001854 0.000860785 0 0 0 0.000165536 0 0.000143464 0 0 0
 0 0 0 0 0 0 0 0.000145254 0.000435761 0.0275982 0.070085 0.0708112 0.156366 0.174668 0.174014 0.160142 0.0824315 0.0480064 0.0283245 0.00493863 0.00203355 0 0 0 0 0
 0 0 0 0 0 0 0 0 0 0 0 0 0 0 0 0 0 0 0 0 0 0 0 0 0 0
 0 0 1.00437e-05 0.000401748 0.00122533 0.00171747 0.00176769 0.0269171 0.070346 0.194647 0.189555 0.159765 0.064822 0.0314167 0.0384472 0.0292271 0.0345202 0.0313363 0.0194345 0.0106764 0.0143323 0.0359363 0.0279516 0.0138201 0.00172751 0
 0 0.0021121 0.0136068 0.0755702 0.200478 0.177729 0.0527432 0.0373336 0.0318909 0.0142505 0.0149659 0.0166563 0.0217959 0.0798694 0.0677717 0.0528807 0.04013 0.0224614 0.0357745 0.0225083 0.00881397 0.00855152 0.00135912 0.000746735 0 0
 0 0 0 0 5.4009e-05 0.00500934 0.000945158 0.0243581 0.138947 0.33067 0.221406 0.137944 0.0707744 0.0437923 0.0131692 0.00525238 0.0047753 0.00276346 9.45158e-05 9.00151e-06 2.25038e-05 9.00151e-06 4.50075e-06 0 0 0
 0.000866109 0.00284123 0.00948549 0.0512746 0.133035 0.25785 0.225252 0.132002 0.0553304 0.0519788 0.0540692 0.017754 0.00435017 0.00159236 0.00146478 0.000404838 0.000125132 0.000115318 0.000107957 0.000100596 0 0 0 0 0 0
 0 0 0 0 0.00144013 0.00171154 0.00461396 0.0210425 0.0478622 0.0707936 0.0888783 0.103762 0.0637923 0.0337046 0.0602308 0.124433 0.169614 0.0934646 0.0462172 0.0250306 0.0313229 0.00938855 0.002487 0.000210481 0 0
 0 0.00764035 0.051015 0.0998891 0.058973 0.0496711 0.0374665 0.0718981 0.12319 0.153886 0.159021 0.0857701 0.0377988 0.023471 0.0147837 0.00900784 0.00315554 0.000888139 0.00291439 0.00214683 0.00393193 0.00274676 0.000635225 9.99891e-05 0 0
 0 0 0 0 0 0 0 0 0 0 0 0 0 0 0 0 0 0 0 0 0 0 0 0 0 0
 0 0 0 0 0 0 0 0 0 0 0 0 0 0 0 0 0 0 0 0 0 0 0 0 0 0
 0 0 0 0 0 0 0 0 0 0 0 0 0 0 0 0 0 0 0 0 0 0 0 0 0 0
 0 0 0 0 0 0 0 0 0 0 0 0 0 0 0 0 0 0 0 0 0 0 0 0 0 0
 0 0 0 0 0 0 0 0 0 0 0 0 0 0 0 0 0 0 0 0 0 0 0 0 0 0
 0 0 0 0 0 0 0 0 0 0 0 0 0 0 0 0 0 0 0 0 0 0 0 0 0 0
 0 0 0 0 0 0 0 0 0 0 0 0 0 0 0 0 0 0 0 0 0 0 0 0 0 0
ppred_pel_tallas
 1.19376e-16 3.96099e-05 0.000385022 0.00255861 0.0116311 0.0361886 0.0771038 0.112536 0.112542 0.0771306 0.0362805 0.0119045 0.0032755 0.00205131 0.00350121 0.00650091 0.0111695 0.0178224 0.026695 0.0377383 0.0502937 0.0628155 0.0729905 0.0784288 0.0776491 0.0707677
 1.16812e-16 4.34074e-05 0.000421935 0.00280391 0.0127462 0.0396583 0.0844973 0.123332 0.123362 0.0846428 0.040147 0.014158 0.00634861 0.00816365 0.0147595 0.0243747 0.0352329 0.0446298 0.0499153 0.0500532 0.0463362 0.0415614 0.0382782 0.0374295 0.0382057 0.0388978
 1.10431e-16 4.51186e-05 0.000438569 0.00291445 0.0132487 0.0412217 0.0878283 0.128194 0.128225 0.0879769 0.0417209 0.0146915 0.00653983 0.0083654 0.015137 0.0250519 0.0363188 0.0461741 0.0518313 0.0520256 0.0477494 0.0415117 0.0357411 0.0315899 0.0288418 0.0266171
 1.07596e-16 4.52583e-05 0.000439927 0.00292347 0.0132897 0.0413493 0.0881002 0.128591 0.128622 0.0882516 0.041858 0.01476 0.00661801 0.00851786 0.0154243 0.0255271 0.0370027 0.0470291 0.0527535 0.0528628 0.0483304 0.0416655 0.0352984 0.0303871 0.0267506 0.0236016
 1.07415e-16 4.42936e-05 0.00043055 0.00286116 0.0130064 0.040468 0.0862225 0.125851 0.125883 0.0863784 0.0409917 0.0145203 0.00666504 0.00874766 0.015879 0.0262837 0.0381004 0.0484248 0.0543167 0.0544186 0.049724 0.0428063 0.0361615 0.0309842 0.027102 0.0237292
 1.07922e-16 4.30813e-05 0.000418766 0.00278285 0.0126504 0.0393604 0.0838627 0.122407 0.122439 0.0840206 0.0398911 0.0141844 0.00663788 0.00884948 0.0160993 0.0266649 0.0386853 0.0492351 0.0553507 0.0556622 0.0511639 0.044429 0.037936 0.032844 0.0289446 0.0254374
 1.07747e-16 4.59345e-05 0.0004465 0.00296715 0.0134882 0.0419671 0.0894164 0.130512 0.130542 0.0895609 0.0424523 0.0148909 0.00649236 0.00815683 0.0147329 0.0243989 0.0354147 0.0451105 0.0507875 0.0512012 0.0472609 0.0413071 0.0355807 0.0311076 0.0276642 0.0244954
 1.0715e-16 4.56325e-05 0.000443564 0.00294764 0.0133996 0.0416912 0.0888286 0.129655 0.129686 0.088981 0.0422029 0.0148783 0.00666298 0.00856553 0.0155043 0.0256482 0.0371525 0.0471658 0.0528067 0.0527495 0.0479826 0.0410548 0.0344473 0.0293619 0.0256411 0.0224983
 1.07758e-16 4.18907e-05 0.000407192 0.00270594 0.0123008 0.0382726 0.081545 0.119024 0.119058 0.0817107 0.038829 0.0139092 0.00674751 0.00924434 0.0168676 0.0279308 0.0404939 0.0514769 0.0577569 0.0578885 0.0529198 0.0455747 0.0384953 0.0329475 0.0287544 0.0250966
 1.08911e-16 4.13739e-05 0.000402169 0.00267255 0.0121491 0.0378004 0.080539 0.117556 0.117588 0.0806981 0.038335 0.0136947 0.00655782 0.00890242 0.01624 0.0269277 0.0391282 0.0499278 0.0563712 0.0570912 0.0530687 0.0468328 0.0407853 0.0359941 0.0321789 0.0285174
 1.09852e-16 4.05488e-05 0.000394148 0.00261926 0.0119068 0.0370466 0.0789329 0.115212 0.115245 0.0790938 0.0375873 0.01347 0.00654863 0.00899064 0.016422 0.0272305 0.0395675 0.05049 0.0570177 0.057784 0.0538027 0.0476534 0.041774 0.0372283 0.0336876 0.0302551
 1.10273e-16 4.10101e-05 0.000398633 0.00264906 0.0120422 0.0374681 0.0798309 0.116522 0.116554 0.0799877 0.0379949 0.0135654 0.00647816 0.00877695 0.0160103 0.0265546 0.0386073 0.0493116 0.0557763 0.0566783 0.0530036 0.0472498 0.0417631 0.0375441 0.0342392 0.0309525
 1.09711e-16 4.303e-05 0.000418267 0.00277953 0.0126354 0.0393134 0.0837626 0.12226 0.122291 0.0839135 0.0398205 0.0141014 0.00646455 0.00847995 0.0154047 0.0255343 0.0370994 0.0473362 0.0534517 0.0541706 0.0504551 0.0447384 0.0393176 0.0351911 0.0320358 0.0289813
 1.08672e-16 4.45051e-05 0.000432605 0.00287481 0.0130685 0.0406611 0.086634 0.126451 0.126482 0.0867838 0.0411646 0.0145238 0.00653212 0.00843112 0.0152784 0.0253021 0.0367152 0.0467471 0.0525991 0.0529905 0.0488859 0.0427426 0.0369113 0.0324643 0.0291483 0.0261311
 1.07812e-16 4.49809e-05 0.00043723 0.00290555 0.0132082 0.0410958 0.0875602 0.127803 0.127834 0.0877117 0.0416048 0.0146794 0.00660241 0.00852073 0.0154361 0.0255509 0.0370466 0.047105 0.0528772 0.0530535 0.048607 0.0420409 0.0357726 0.0309427 0.0273531 0.024206
 1.07345e-16 4.5614e-05 0.000443384 0.00294645 0.0133941 0.0416743 0.0887926 0.129602 0.129632 0.0889422 0.0421767 0.0148464 0.00659571 0.00842285 0.0152387 0.0252224 0.0365699 0.0464969 0.0521879 0.0523439 0.0479177 0.041372 0.0350899 0.0302026 0.0265311 0.0233122
 1.0679e-16 4.68524e-05 0.000455422 0.00302644 0.0137578 0.0428057 0.0912031 0.13312 0.13315 0.0913496 0.0432977 0.0151799 0.00659965 0.00826753 0.0149182 0.0246802 0.0357641 0.0454315 0.0509151 0.0509373 0.046436 0.0398408 0.0335133 0.0285929 0.0249284 0.0217828
 1.06298e-16 4.76286e-05 0.000462967 0.00307658 0.0139857 0.0435149 0.0927142 0.135325 0.135355 0.0928594 0.0440028 0.0153959 0.00661946 0.00820782 0.0147881 0.0244556 0.0354207 0.0449573 0.0503106 0.0502072 0.0455793 0.0388503 0.0323882 0.0273543 0.0236275 0.0204933
 1.04586e-16 5.54897e-05 0.00053938 0.00358437 0.016294 0.0506969 0.108016 0.157657 0.157681 0.10813 0.05108 0.0174011 0.0063655 0.00661822 0.0116228 0.019186 0.0277717 0.0352169 0.0393495 0.0391643 0.0353952 0.029957 0.0247303 0.020653 0.0176526 0.0151813
 1.02223e-16 6.33107e-05 0.000615403 0.00408957 0.0185906 0.0578424 0.12324 0.179876 0.179894 0.123329 0.0581426 0.0194578 0.00626676 0.00536937 0.00909535 0.0149452 0.021544 0.0271365 0.0299767 0.0292583 0.0255856 0.0205472 0.01575 0.0120684 0.00954398 0.00777125
 1.01254e-16 6.39093e-05 0.000621221 0.00412824 0.0187664 0.0583892 0.124405 0.181577 0.181596 0.124498 0.0587011 0.0196669 0.00638826 0.00555315 0.00942542 0.0154674 0.0222428 0.0279016 0.0306017 0.0294901 0.0252067 0.0194511 0.0139725 0.00977031 0.00696101 0.00515485
 1.00805e-16 6.84123e-05 0.000664992 0.0044191 0.0200886 0.0625032 0.13317 0.194369 0.194383 0.133241 0.0627398 0.0207719 0.00613394 0.00440727 0.007172 0.0117387 0.0168796 0.0211751 0.023225 0.0223792 0.0191191 0.0147295 0.0105349 0.00729543 0.00510665 0.00368451
 1.00566e-16 6.79848e-05 0.000660836 0.00439149 0.0199631 0.0621127 0.132338 0.193155 0.19317 0.132414 0.0623667 0.0206966 0.00623173 0.00467513 0.00768307 0.0125709 0.0180474 0.0225784 0.0246485 0.0235568 0.0198342 0.0148932 0.0102019 0.00661937 0.00427236 0.0028513
 1.01093e-16 5.60419e-05 0.000544747 0.00362004 0.0164562 0.0512015 0.109091 0.159228 0.159256 0.109228 0.0516605 0.0177818 0.00694614 0.00780141 0.0138251 0.0227335 0.0326632 0.0409038 0.0447278 0.0428681 0.0362713 0.0274654 0.0190724 0.0126197 0.00832799 0.00565123
 1.02549e-16 5.15171e-05 0.000500765 0.00332776 0.0151275 0.0470675 0.100283 0.146373 0.146402 0.100427 0.0475514 0.0165254 0.00683796 0.00816782 0.0146249 0.0241277 0.0348231 0.0439344 0.0486518 0.0476537 0.0418607 0.0337576 0.0258637 0.0195622 0.0149653 0.0115313
 1.04074e-16 4.83974e-05 0.00047044 0.00312624 0.0142114 0.0442173 0.0942107 0.13751 0.137541 0.0943616 0.0447242 0.0156763 0.00680543 0.00850981 0.015339 0.0253403 0.0366348 0.0463514 0.0515826 0.0509681 0.0454665 0.0376321 0.0300132 0.023945 0.0194413 0.0158735
 1.05464e-16 4.61073e-05 0.000448179 0.00297831 0.013539 0.042125 0.0897529 0.131004 0.131035 0.0899075 0.0426443 0.0150397 0.0067486 0.00868963 0.0157301 0.0260156 0.0376677 0.0477783 0.0534004 0.0531595 0.0480284 0.0405762 0.0333317 0.0275661 0.0232105 0.0195774
 1.06313e-16 4.6177e-05 0.000448857 0.00298282 0.0135595 0.0421887 0.0898886 0.131201 0.131232 0.0900385 0.0426923 0.0150151 0.00664037 0.00844577 0.0152704 0.0252683 0.0366217 0.0465292 0.0521548 0.0521809 0.0475498 0.040727 0.0341143 0.0288782 0.0248887 0.0214363
 1.06685e-16 4.56589e-05 0.000443821 0.00294935 0.0134073 0.0417153 0.08888 0.12973 0.129761 0.0890323 0.0422267 0.0148855 0.00666329 0.00856343 0.0155018 0.0256489 0.0371641 0.0472005 0.0528774 0.0528618 0.0481236 0.0411856 0.034505 0.0292752 0.0253551 0.0219981
 1.07131e-16 4.43337e-05 0.00043094 0.00286375 0.0130182 0.0405046 0.0863006 0.125965 0.125997 0.0864569 0.0410298 0.0145361 0.00667794 0.00877054 0.0159217 0.0263539 0.0382006 0.0485476 0.0544441 0.054524 0.0497783 0.042783 0.03604 0.0307529 0.0267618 0.0232965
 1.07597e-16 4.41218e-05 0.000428879 0.00285005 0.012956 0.0403109 0.0858879 0.125363 0.125394 0.0860421 0.040829 0.0144534 0.0066132 0.00865848 0.0157168 0.0260268 0.0377559 0.048045 0.0539988 0.0542782 0.0498533 0.0432377 0.0368548 0.0318419 0.0280017 0.0245586
pSPR Fmed_Fpbrs
0.5999   0.285354 0.285354
Fs Fmed_Fpbrs
0.34   1.005 1.005
SSBpbr Bo_Bmed_Bpbrs
1.83093e+06  1.00683e+06  430916 430916
Ro
213442
SPR SPRFo_SPRFmed_SPRFpbrs
1.52348e+06 913938 434732
Fref
1.005
Nvult_r0
 165935 62167 18831.5 5379.81 2056.04
CTP_r0
 55495.9 31161 9439.21 2696.61 1030.58
YTP_r0
1.29117e+06
Np
 213442 47506.4 9378.41 2799.8 962.315
Nvult_p0
 165935 41109.2 8115.51 2422.78 832.73
CTP_p0
 55495.9 30208.4 9018.33 2731.81 1006.29
 55495.9 20605.8 4067.88 1214.41 417.403
YTP_p0
 1.28368e+06 928674
CBA_c0
1.28893e+06
log_Ro
12.0911
likeval ReclasPelacesDesembMPH_pf_preclas_ppelaces_ptallas_desvR_qrecl_qpela
 158.077 0.0015372 11.9583 384.626 251.426 152.638 111.289 0 0 0 0 51.4496 0 0 0
q_reclas_q_pelaces
1 1
M
1
N
 213442 11981.9 97542 11374.7 4197.77
 213442 71102.5 3614.34 29423.6 4697.46
 213442 67323.4 19228.8 977.456 9227.64
 213442 70144.8 19764.8 5645.19 2996.01
 213442 68046.1 19379.2 5460.51 2387.34
 213442 75024.3 22852.9 6508.42 2635.66
 213442 70029.3 21953.2 6687.09 2675.69
 213442 63210.5 16695.3 5233.72 2232.12
 213442 76946.8 22330.9 5898.08 2637.52
 213442 74423.4 25429.9 7380.06 2820.9
 213442 74830.5 24865.7 8496.44 3408.26
 213442 77222.3 26625.6 8847.54 4235.84
 213442 71056.9 23264.3 8021.33 3941.55
 213442 70828 21269.2 6963.62 3580.81
 213442 67735.6 19389.8 5822.64 2886.64
 213442 71538.6 20683.9 5920.93 2659.49
 213442 64840.1 17945.8 5188.65 2152.44
 213442 68939.9 18387.4 5089.08 2081.79
 213442 62162.4 15895 4239.46 1653.34
 213442 43780.9 7109.39 1817.88 673.948
 213442 42586 4737.55 769.309 269.642
 213442 45636.9 5292.17 588.736 129.111
 213442 27732.8 2094.29 242.859 32.9422
 213442 55528.1 5102.16 385.299 50.7409
 213442 61911.8 12699.7 1166.91 99.7259
 213442 63852.5 15061.4 3089.49 308.136
 213442 70094.6 18719 4415.39 996.047
 213442 68305.2 19513.2 5211.06 1506.45
 213442 67753.6 18709.2 5344.76 1839.96
 213442 70666.9 20188.3 5574.69 2140.8
 213442 71841.1 21761.9 6217 2375.99
pred_Ctot
 12850.8 1385.77 11281.3 1315.55 485.496
 19483.6 12206.2 620.475 5051.17 806.414
 14525.8 8754.48 2500.44 127.105 1199.93
 18210.4 11301 3184.3 909.496 482.687
 6030.61 3773.56 1074.69 302.818 132.393
 14728 9885.27 3011.12 857.556 347.278
 26776.6 16136 5058.41 1540.83 616.527
 2709.18 1591.19 420.268 131.748 56.189
 7071.62 4987.45 1447.42 382.294 170.956
 6366.21 4352.32 1487.15 431.59 164.968
 2234.35 1555.84 516.998 176.654 70.8632
 12930.5 8984.32 3097.72 1029.35 492.813
 13330.5 8511.92 2786.84 960.878 472.159
 18757.1 11733.1 3523.36 1153.56 593.181
 12089.3 7387.67 2114.78 635.054 314.835
 23877.4 14838.4 4290.21 1228.11 551.625
 16638.7 9593.02 2655.06 767.656 318.451
 28648.4 16891.8 4505.32 1246.94 510.085
 62563 29663.4 7584.99 2023.04 788.962
 64855.3 21485.4 3488.91 892.121 330.738
 59027.8 19409.6 2159.26 350.632 122.896
 94708.7 29412.3 3410.72 379.431 83.2098
 40634.4 9263.04 699.516 81.1177 11.0031
 29096.8 13798.3 1267.84 95.7436 12.6087
 25632.8 13707.2 2811.71 258.352 22.0793
 14613.6 8350.99 1969.81 404.06 40.2997
 17754.3 11026.3 2944.6 694.565 156.683
 18725.4 11297.2 3227.33 861.87 249.156
 13612.2 8280.33 2286.49 653.196 224.866
 11561.5 7383.2 2109.25 582.438 223.669
 15401.5 9877.5 2992.06 854.78 326.677
F
 0.0992423 0.198485 0.198485 0.198485 0.198485
 0.153856 0.307713 0.307713 0.307713 0.307713
 0.112803 0.225607 0.225607 0.225607 0.225607
 0.14318 0.286359 0.286359 0.286359 0.286359
 0.0455529 0.0911057 0.0911057 0.0911057 0.0911057
 0.11445 0.228901 0.228901 0.228901 0.228901
 0.216894 0.433788 0.433788 0.433788 0.433788
 0.0202501 0.0405002 0.0405002 0.0405002 0.0405002
 0.0535945 0.107189 0.107189 0.107189 0.107189
 0.0481394 0.0962789 0.0962789 0.0962789 0.0962789
 0.0166761 0.0333521 0.0333521 0.0333521 0.0333521
 0.0998842 0.199768 0.199768 0.199768 0.199768
 0.10311 0.206221 0.206221 0.206221 0.206221
 0.147753 0.295505 0.295505 0.295505 0.295505
 0.093128 0.186256 0.186256 0.186256 0.186256
 0.191441 0.382882 0.382882 0.382882 0.382882
 0.130129 0.260258 0.260258 0.260258 0.260258
 0.233615 0.46723 0.46723 0.46723 0.46723
 0.584167 1.16833 1.16833 1.16833 1.16833
 0.611839 1.22368 1.22368 1.22368 1.22368
 0.542649 1.0853 1.0853 1.0853 1.0853
 1.04075 2.0815 2.0815 2.0815 2.0815
 0.346475 0.69295 0.69295 0.69295 0.69295
 0.237654 0.475309 0.475309 0.475309 0.475309
 0.206788 0.413576 0.413576 0.413576 0.413576
 0.113518 0.227037 0.227037 0.227037 0.227037
 0.139378 0.278756 0.278756 0.278756 0.278756
 0.147487 0.294974 0.294974 0.294974 0.294974
 0.105388 0.210776 0.210776 0.210776 0.210776
 0.0889076 0.177815 0.177815 0.177815 0.177815
 0.119954 0.239908 0.239908 0.239908 0.239908
YTP_r0W_actual
 460616 439370 260522 92224.2 38440.8
YTP_p0W_proyectada
 418439 527137 217071 85560.2 35471.9
 418439 359572 97913.8 38035.4 14713.5
CTP_r0_actual
 55495.9 31161 9439.21 2696.61 1030.58
CTP_p0_proyectada
 55495.9 30208.4 9018.33 2731.81 1006.29
 55495.9 20605.8 4067.88 1214.41 417.403
Wmedp
 7.54 17.45 24.07 31.32 35.25
Frms_r0
 0.5025 1.005 1.005 1.005 1.005
Zrms_r0
 1.5025 2.005 2.005 2.005 2.005
nmprior
 7.29 8.9 8.7 0
nm_flota  nm_reclas  nm_pelaces    nm_pelaL
inf 4.17156 7.23901 13.1094
cv_recla  cv_pelaces  cv_mph
1.13726 1.48189 1.63181
 ------------------------------------------------
Talla a la edad & desviaci?n 
 8 13.2811 15.8009 17.003 17.5766
 0.8 1.32811 1.58009 1.7003 1.75766
