years
 1991 1992 1993 1994 1995 1996 1997 1998 1999 2000 2001 2002 2003 2004 2005 2006 2007 2008 2009 2010 2011 2012 2013 2014 2015 2016 2017 2018 2019 2020 2021
reclasobs
 0 0 0 0 0 0 0 0 0 252601 567819 844713 477998 351125 339783 2.1784e+06 2.13404e+06 4.81314e+06 1.55562e+06 2.62356e+06 3.21686e+06 3.843e+06 1.13348e+06 3.07943e+06 1.97215e+06 2.03268e+06 2.025e+06 2.42433e+06 2.27542e+06 1.05018e+06 2.36338e+06
reclaspred
 3.28707e+06 1.77723e+06 899255 956146 990922 1.78769e+06 965308 827208 572861 372065 614885 992474 758984 251901 688475 1.9601e+06 1.83531e+06 2.59725e+06 1.75271e+06 1.46018e+06 2.95315e+06 2.28849e+06 1.50101e+06 2.46464e+06 1.93264e+06 1.69287e+06 2.25373e+06 2.58937e+06 2.14993e+06 1.69695e+06 2.43132e+06
pelacesobs
 0 0 0 0 0 0 0 0 0 0 0 0 0 0 0 552880 188675 0 991730 2.46772e+06 1.41603e+06 1.21717e+06 2.29649e+06 1.80582e+06 0 1.4828e+06 1.56532e+06 1.57751e+06 1.42118e+06 867257 1.10002e+06
pelacespred
 1.95935e+06 1.14331e+06 554310 446217 524841 937936 472657 534949 334115 190514 330619 470348 401056 99864.5 348922 874687 945495 1.36292e+06 908086 646608 1.4551e+06 1.17219e+06 846898 1.4219e+06 1.09656e+06 997696 1.44864e+06 1.49972e+06 1.2515e+06 1.09272e+06 1.26448e+06
mphobs
 0 0 0 0 0 0 0 0 0 0 0 0 498337 0 5186 125008 0 168611 109162 213762 579715 649985 157893 87575 83554 210694 70296 0 107559 103333 445601
mphpred
 561130 377381 177985 99496.7 112250 140791 197646 100453 91603.7 54363.8 32145.3 87226.5 119344 57586 12355.2 71531.9 262846 235359 239536 323288 413675 602281 128331 91990.2 152659 129729 109398 138040 205231 154378 104581
desembarqueobs
 494567 514787 250237 358949 120608 361735 552515 73892 212993 205616 52469 317467 293654 387597 252695 516296 358380 742168 942051 627588 828172 859565 418607 520667 417249 300574 415391 372974 316634 284311 391294
desembarquepred
 494568 514034 250589 358979 120613 361738 552527 73897.5 213059 205674 52470.4 317450 293798 387927 252617 516170 358376 742103 941600 627308 828162 859606 418689 520705 417197 300591 415376 372936 316577 284217 391258
Reclutas
 163316 90304.2 89849.3 134815 109380 202480 78443.7 32792.5 31755.2 43188.8 93907.4 155867 69665.2 38070.5 96538 415122 84330.5 330805 260999 258202 350992 388865 64675.7 215760 217154 78503.8 209017 237126 96509.8 101317 225973
log_desv_Rt
 0.255665 -0.336839 -0.341889 0.063884 -0.145196 0.47062 -0.477642 -1.34982 -1.38197 -1.07444 -0.297714 0.208977 -0.596322 -1.20058 -0.270086 1.18855 -0.405279 0.961506 0.724493 0.713721 1.02074 1.12321 -0.670637 0.534142 0.540585 -0.476876 0.502395 0.628567 -0.270378 -0.221767 0.58039
SSB
 1.65043e+06 1.10998e+06 523502 292646 330157 414103 581331 295458 269431 159899 94548.1 256557 334130 164115 35084.2 204031 773102 692253 732081 431658 566514 871705 745805 509834 788041 712974 564222 683657 1.05496e+06 745117 575146
BT
 2.40735e+06 1.66373e+06 804212 799909 674540 1.40718e+06 990462 660501 578709 412031 442748 813763 706353 511745 693288 1.50622e+06 1.3015e+06 2.23953e+06 1.96061e+06 1.27127e+06 2.44288e+06 2.10928e+06 1.27099e+06 2.19193e+06 1.59092e+06 1.34899e+06 2.14263e+06 2.09544e+06 1.57606e+06 1.45276e+06 1.79385e+06
Ftot
 0.248603 0.459081 0.452408 0.665031 0.216374 0.378131 0.889272 0.15677 0.636405 0.928078 0.17327 0.584311 0.643946 2.15547 0.758362 0.535673 0.325473 0.522733 0.917279 0.782593 0.524609 0.661261 0.453951 0.406113 0.38093 0.301039 0.351363 0.277261 0.240283 0.288979 0.309273
BD_Bspro_t
 0.961004 0.741386 0.514666 0.41356 0.415299 0.520991 0.529438 0.327848 0.384276 0.312926 0.265364 0.582241 0.49724 0.280914 0.0855915 0.34623 0.545779 0.492606 0.451351 0.307518 0.321016 0.406264 0.392464 0.344141 0.482204 0.513374 0.511101 0.58821 0.669437 0.597706 0.569835
BD_Bspro
 1.82829 1.22959 0.579916 0.324183 0.365735 0.458728 0.643976 0.327297 0.298465 0.177129 0.104737 0.284204 0.370136 0.1818 0.0388649 0.226018 0.856413 0.766852 0.810972 0.478174 0.627563 0.965642 0.826175 0.564775 0.872962 0.789805 0.625024 0.757329 1.16864 0.825412 0.637124
BD_Bo
 1.52401 1.02496 0.483403 0.27023 0.304867 0.382384 0.536802 0.272827 0.248793 0.147651 0.0873058 0.236905 0.308536 0.151544 0.0323968 0.188402 0.713883 0.639228 0.676005 0.398594 0.52312 0.804934 0.688678 0.470782 0.727678 0.658361 0.521003 0.63129 0.974151 0.688042 0.53109
BD_Brms
 2.77093 1.86356 0.878914 0.491328 0.554304 0.695243 0.976004 0.496048 0.452351 0.268456 0.158738 0.430736 0.560974 0.275534 0.0589033 0.34255 1.29797 1.16223 1.2291 0.724716 0.951128 1.46352 1.25214 0.855967 1.32305 1.19702 0.947279 1.1478 1.77118 1.25099 0.965619
Sel_flota
 0.696024 1 1 1 1
 0.696024 1 1 1 1
 0.696024 1 1 1 1
 0.696024 1 1 1 1
 0.696024 1 1 1 1
 0.696024 1 1 1 1
 0.696024 1 1 1 1
 0.696024 1 1 1 1
 0.696024 1 1 1 1
 0.696024 1 1 1 1
 0.696024 1 1 1 1
 0.696024 1 1 1 1
 0.696024 1 1 1 1
 0.696024 1 1 1 1
 0.696024 1 1 1 1
 0.696024 1 1 1 1
 0.696024 1 1 1 1
 0.696024 1 1 1 1
 0.696024 1 1 1 1
 0.696024 1 1 1 1
 0.696024 1 1 1 1
 0.696024 1 1 1 1
 0.696024 1 1 1 1
 0.696024 1 1 1 1
 0.696024 1 1 1 1
 0.696024 1 1 1 1
 0.696024 1 1 1 1
 0.696024 1 1 1 1
 0.696024 1 1 1 1
 0.696024 1 1 1 1
 0.696024 1 1 1 1
Sel_reclas
 1 1 1 1 1
 1 1 1 1 1
 1 1 1 1 1
 1 1 1 1 1
 1 1 1 1 1
 1 1 1 1 1
 1 1 1 1 1
 1 1 1 1 1
 1 1 1 1 1
 1 1 1 1 1
 1 1 1 1 1
 1 1 1 1 1
 1 1 1 1 1
 1 1 1 1 1
 1 1 1 1 1
 1 1 1 1 1
 1 1 1 1 1
 1 1 1 1 1
 1 1 1 1 1
 1 1 1 1 1
 1 1 1 1 1
 1 1 1 1 1
 1 1 1 1 1
 1 1 1 1 1
 1 1 1 1 1
 1 1 1 1 1
 1 1 1 1 1
 1 1 1 1 1
 1 1 1 1 1
 1 1 1 1 1
 1 1 1 1 1
Sel_pelaces
 0.734582 0.933014 0.985935 0.997173 0.999437
 0.734582 0.933014 0.985935 0.997173 0.999437
 0.734582 0.933014 0.985935 0.997173 0.999437
 0.734582 0.933014 0.985935 0.997173 0.999437
 0.734582 0.933014 0.985935 0.997173 0.999437
 0.734582 0.933014 0.985935 0.997173 0.999437
 0.734582 0.933014 0.985935 0.997173 0.999437
 0.734582 0.933014 0.985935 0.997173 0.999437
 0.734582 0.933014 0.985935 0.997173 0.999437
 0.734582 0.933014 0.985935 0.997173 0.999437
 0.734582 0.933014 0.985935 0.997173 0.999437
 0.734582 0.933014 0.985935 0.997173 0.999437
 0.734582 0.933014 0.985935 0.997173 0.999437
 0.734582 0.933014 0.985935 0.997173 0.999437
 0.734582 0.933014 0.985935 0.997173 0.999437
 0.734582 0.933014 0.985935 0.997173 0.999437
 0.734582 0.933014 0.985935 0.997173 0.999437
 0.734582 0.933014 0.985935 0.997173 0.999437
 0.734582 0.933014 0.985935 0.997173 0.999437
 0.734582 0.933014 0.985935 0.997173 0.999437
 0.734582 0.933014 0.985935 0.997173 0.999437
 0.734582 0.933014 0.985935 0.997173 0.999437
 0.734582 0.933014 0.985935 0.997173 0.999437
 0.734582 0.933014 0.985935 0.997173 0.999437
 0.734582 0.933014 0.985935 0.997173 0.999437
 0.734582 0.933014 0.985935 0.997173 0.999437
 0.734582 0.933014 0.985935 0.997173 0.999437
 0.734582 0.933014 0.985935 0.997173 0.999437
 0.734582 0.933014 0.985935 0.997173 0.999437
 0.734582 0.933014 0.985935 0.997173 0.999437
 0.734582 0.933014 0.985935 0.997173 0.999437
pf_obs 
 0.8446 0.082 0.0669 0.0065 0
 0.8095 0.147 0.0364 0.0071 0
 0.9664 0.0169 0.016 0.0007 0
 0.9276 0.0648 0.0075 0.0001 0
 0.7033 0.2144 0.0806 0.0017 0
 0.9318 0.0425 0.0243 0.0014 0
 0.5671 0.3108 0.0964 0.0239 0.0018
 0.0768 0.2599 0.5324 0.112 0.0189
 0.490249 0.384438 0.106611 0.0170017 0.00170017
 0.7925 0.1577 0.0466 0.003 0.0002
 0.840416 0.127587 0.0312969 0.00059994 9.999e-05
 0.8084 0.0986 0.0794 0.0134 0.0002
 0.7335 0.1905 0.0724 0.0035 0.0001
 0.4001 0.4547 0.1325 0.0127 0
 0.49795 0.308269 0.164784 0.0264974 0.00249975
 0.9179 0.0499 0.0305 0.0017 0
 0.2467 0.6533 0.0926 0.0074 0
 0.9418 0.0223 0.034 0.0019 0
 0.707729 0.231977 0.0356964 0.0245975 0
 0.517169 0.277429 0.184464 0.0207286 0.00020938
 0.811772 0.124168 0.05621 0.00726502 0.000585176
 0.764997 0.148141 0.077277 0.00933861 0.000247198
 0.163321 0.427699 0.378323 0.0303852 0.000271297
 0.753843 0.0900009 0.118128 0.0371064 0.000921714
 0.721811 0.176058 0.0630433 0.0369309 0.00215725
 0.143369 0.312575 0.442814 0.0836902 0.0175525
 0.692698 0.0596174 0.167031 0.0765114 0.00414204
 0.394062 0.376323 0.152708 0.0712218 0.00568511
 0.125707 0.32114 0.495352 0.0537591 0.00404204
 0.23352 0.215282 0.420074 0.123614 0.00750983
 0.796117 0.104755 0.0508955 0.0450114 0.00322123
pf_pred 
 0.515592 0.1441 0.317395 0.0229121 9.00175e-07
 0.446891 0.340373 0.0632839 0.139389 0.0100626
 0.604146 0.221034 0.10758 0.0200019 0.0472367
 0.747232 0.178099 0.0416932 0.0202926 0.0126831
 0.67468 0.269419 0.0393877 0.00922071 0.00729278
 0.763063 0.179131 0.0478729 0.00699879 0.00293428
 0.466669 0.443866 0.0676375 0.0180762 0.00375059
 0.472891 0.315779 0.17588 0.026801 0.00864872
 0.556115 0.253038 0.114333 0.0636798 0.0128351
 0.748162 0.168743 0.0473684 0.0214029 0.0143235
 0.870249 0.108533 0.0142173 0.00399097 0.00301009
 0.774961 0.204473 0.0172028 0.00225349 0.00110969
 0.536495 0.392457 0.0645552 0.00543118 0.00106181
 0.561078 0.286467 0.129087 0.0212334 0.00213567
 0.945789 0.0403907 0.00902004 0.00406458 0.000735827
 0.934167 0.0636378 0.00163547 0.000365232 0.000194374
 0.357199 0.615497 0.0263937 0.000678308 0.000232096
 0.819451 0.0828235 0.0935749 0.00401267 0.00013841
 0.675769 0.28465 0.0181567 0.0205137 0.000910008
 0.751455 0.194282 0.0476392 0.00303872 0.00358548
 0.797353 0.169148 0.0261856 0.00642089 0.000892819
 0.737283 0.226415 0.0303009 0.00469084 0.00131016
 0.301489 0.573146 0.108042 0.0144592 0.00286361
 0.785428 0.0864501 0.105127 0.0198173 0.00317737
 0.692063 0.261767 0.0186019 0.0226208 0.00494788
 0.417782 0.451796 0.110867 0.00787854 0.0116762
 0.771591 0.119088 0.0848324 0.0208172 0.00367174
 0.703797 0.248254 0.0249993 0.0178083 0.00514078
 0.429316 0.446378 0.104184 0.0104913 0.00963091
 0.563218 0.231632 0.160465 0.0374521 0.00723358
 0.77986 0.145594 0.0395326 0.0273865 0.00762651
pobs_RECLAS
 0 0 0 0 0
 0 0 0 0 0
 0 0 0 0 0
 0 0 0 0 0
 0 0 0 0 0
 0 0 0 0 0
 0 0 0 0 0
 0 0 0 0 0
 0 0 0 0 0
 0 0 0 0 0
 0.991045 0.00858322 0.000360255 1.14367e-05 0
 0.934742 0.0480273 0.0164251 0.00080598 0
 0.827803 0.169806 0.00239088 0 0
 0.941827 0.0461693 0.0120037 0 0
 0.791401 0.0380133 0.147996 0.0225897 0
 0.846168 0.0940531 0.0597789 0 0
 0.134021 0.677848 0.182769 0.00536245 0
 0.80878 0.0450904 0.141981 0.00414843 0
 0.846168 0.0940531 0.0597789 0 0
 0.905697 0.0802665 0.012482 0.00150086 5.37128e-05
 0.989698 0.0102097 9.19794e-05 0 0
 0.975433 0.0193895 0.00387452 0.00125025 5.28907e-05
 0.303575 0.632131 0.0575291 0.00676475 0
 0.966965 0.00978017 0.0227588 0.000495775 0
 0.843318 0.132988 0.00938335 0.0141283 0.000182051
 0.564624 0.303363 0.111486 0.0197234 0.00080311
 0.826376 0.0876187 0.0782897 0.00655872 0.00115652
 0.89761 0.0855135 0.0140674 0.00269457 0.000114338
 0.34875 0.467042 0.161289 0.0227151 0.000203297
 0.318654 0.224769 0.449479 0.00709798 0
 0.937255 0.0296025 0.0250945 0.00804832 0
ppred_RECLAS
 0.6064 0.117087 0.257895 0.018617 7.31426e-07
 0.541105 0.282396 0.0525045 0.115646 0.00834862
 0.690085 0.173049 0.0842251 0.0156596 0.0369818
 0.813301 0.131547 0.0307953 0.0149885 0.00936793
 0.749912 0.207115 0.0302792 0.00708838 0.0056063
 0.824076 0.133003 0.0355452 0.00519653 0.00217867
 0.566225 0.36101 0.0550117 0.0147019 0.00305047
 0.564203 0.261077 0.145412 0.0221582 0.0071505
 0.648322 0.200475 0.0905827 0.0504518 0.0101689
 0.816247 0.123123 0.0345621 0.0156166 0.0104511
 0.906401 0.0782926 0.010256 0.00287898 0.0021714
 0.834831 0.150074 0.0126261 0.00165396 0.000814467
 0.630154 0.313155 0.0515107 0.00433372 0.000847251
 0.678054 0.210121 0.0946839 0.0155745 0.00156649
 0.962735 0.0277646 0.00620039 0.002794 0.000505809
 0.954086 0.0443834 0.00114064 0.000254727 0.000135564
 0.446475 0.530013 0.022728 0.000584101 0.000199861
 0.869152 0.0600241 0.0678159 0.00290808 0.000100309
 0.756952 0.213378 0.0136105 0.0153773 0.000682154
 0.81762 0.142562 0.0349572 0.00222978 0.00263099
 0.852049 0.123493 0.0191178 0.00468783 0.000651838
 0.805245 0.167844 0.0224624 0.00347737 0.00097124
 0.386415 0.503462 0.0949065 0.0127012 0.00251545
 0.842027 0.0636468 0.0773972 0.01459 0.00233926
 0.765767 0.199113 0.0141496 0.0172065 0.00376362
 0.509953 0.380273 0.0933156 0.00663129 0.00982778
 0.830747 0.0882453 0.0628617 0.0154257 0.0027208
 0.774916 0.188648 0.0189969 0.0135325 0.00390647
 0.521209 0.374501 0.0874079 0.00880199 0.00808013
 0.651466 0.184833 0.128044 0.0298852 0.00577209
 0.837107 0.107733 0.0292522 0.0202647 0.00564325
pobs_PELACES
 0 0 0 0 0
 0 0 0 0 0
 0 0 0 0 0
 0 0 0 0 0
 0 0 0 0 0
 0 0 0 0 0
 0 0 0 0 0
 0 0 0 0 0
 0 0 0 0 0
 0 0 0 0 0
 0 0 0 0 0
 0 0 0 0 0
 0 0 0 0 0
 0 0 0 0 0
 0 0 0 0 0
 0 0 0 0 0
 0.505614 0.472636 0.0217494 0 0
 0 0 0 0 0
 0.443492 0.261883 0.143347 0.151278 0
 0.227955 0.32914 0.350689 0.0885471 0.00366901
 0.970185 0.0296113 0.000203453 0 0
 0.997202 0.00247181 0.000326279 0 0
 0.445219 0.490057 0.0546422 0.010081 0
 0.90214 0.0892962 0.00764917 0.000914606 0
 0 0 0 0 0
 0.581667 0.319106 0.0959925 0.00289975 0.000334073
 0.762889 0.0836404 0.116647 0.0363945 0.000428098
 0.88444 0.0763242 0.0277011 0.0115352 0
 0.521256 0.241999 0.230069 0.00667565 0
 0.616807 0.101726 0.260614 0.0208532 0
 0.833518 0.0704572 0.0857862 0.0102388 0
ppred_PELACES
 0.544483 0.130242 0.303142 0.0221327 8.71526e-07
 0.486733 0.308117 0.060536 0.134857 0.00975752
 0.641013 0.195106 0.100347 0.0188697 0.0446641
 0.782606 0.1504 0.0372059 0.0183151 0.011473
 0.704822 0.241937 0.0373762 0.00884954 0.00701511
 0.790634 0.156043 0.044068 0.00651597 0.00273805
 0.526619 0.390062 0.0628101 0.0169774 0.0035306
 0.502882 0.290949 0.171241 0.0263917 0.00853597
 0.601137 0.221496 0.105757 0.0595751 0.012035
 0.789971 0.137894 0.0409041 0.0186928 0.0125382
 0.88481 0.0954004 0.0132059 0.00374931 0.00283424
 0.807585 0.173896 0.0154601 0.00204829 0.00101093
 0.586502 0.347037 0.0603219 0.00513288 0.00100577
 0.668586 0.211986 0.100942 0.0167932 0.00169291
 0.955775 0.0324452 0.00765663 0.00348953 0.000633158
 0.945142 0.0529226 0.00143724 0.000324622 0.000173154
 0.395603 0.577323 0.0261609 0.00067999 0.0002332
 0.842412 0.070118 0.0837136 0.00363072 0.00012552
 0.727355 0.237527 0.0160103 0.0182948 0.000813418
 0.790349 0.161818 0.0419294 0.002705 0.00319896
 0.825562 0.144186 0.0235872 0.00584968 0.00081524
 0.775307 0.192084 0.0271645 0.00425324 0.00119064
 0.339298 0.536496 0.10687 0.0144653 0.00287132
 0.808519 0.074524 0.0957647 0.0182582 0.00293404
 0.725932 0.230756 0.0173283 0.0213122 0.00467223
 0.454581 0.417743 0.108325 0.00778566 0.0115648
 0.795593 0.103623 0.0780026 0.0193594 0.00342237
 0.733972 0.220723 0.0234875 0.0169221 0.00489605
 0.464343 0.413677 0.102028 0.0103913 0.00956078
 0.59576 0.208553 0.152671 0.0360394 0.00697651
 0.803415 0.127315 0.0365303 0.0255951 0.00714382
pobs_pel_tallas
 0 0 0 0 0 0 0 0 0 0 0 0 0 0 0 0 0 0 0 0 0 0 0 0 0 0
 0 0 0 0 0 0 0 0 0 0 0 0 0 0 0 0 0 0 0 0 0 0 0 0 0 0
 0 0 0 0 0 0 0 0 0 0 0 0 0 0 0 0 0 0 0 0 0 0 0 0 0 0
 0 0 0 0 0 0 0 0 0 0 0 0 0 0 0 0 0 0 0 0 0 0 0 0 0 0
 0 0 0 0 0 0 0 0 0 0 0 0 0 0 0 0 0 0 0 0 0 0 0 0 0 0
 0 0 0 0 0 0 0 0 0 0 0 0 0 0 0 0 0 0 0 0 0 0 0 0 0 0
 0 0 0 0 0 0 0 0 0 0 0 0 0 0 0 0 0 0 0 0 0 0 0 0 0 0
 0 0 0 0 0 0 0 0 0 0 0 0 0 0 0 0 0 0 0 0 0 0 0 0 0 0
 0 0 0 0 0 0 0 0 0 0 0 0 0 0 0 0 0 0 0 0 0 0 0 0 0 0
 0 0 0 0 0 0 0 0 0 0 0 0 0 0 0 0 0 0 0 0 0 0 0 0 0 0
 0 0 0 0 0 0 0 0 0 0 0 0 0 0 0 0 0 0 0 0 0 0 0 0 0 0
 0 0 0 0 0 0 0 0 0 0 0 0 0 0 0 0 0 0 0 0 0 0 0 0 0 0
 0.00862536 0 0 0.000197151 0.00414017 0.0128641 0.00837892 0.0270097 0.101434 0.158115 0.152841 0.127902 0.109271 0.109419 0.0830992 0.0579132 0.0238553 0.00714673 0.00463305 0.00128148 0.00103504 0.000492878 0.000147863 0.000147863 4.92878e-05 0
 0 0 0 0 0 0 0 0 0 0 0 0 0 0 0 0 0 0 0 0 0 0 0 0 0 0
 0 0 0 0 0 0 0 0.0054083 0.00873648 0.0413646 0.0450493 0.0745869 0.0622846 0.0627006 0.0613931 0.0827291 0.12552 0.122667 0.0946155 0.0697135 0.0546179 0.0294188 0.0215738 0.0213955 0.0102223 0.00600262
 0 0 0 0 0.00359764 0.0251062 0.0480494 0.140153 0.205849 0.193036 0.1447 0.116669 0.0760912 0.0342217 0.00950174 0.001854 0.000860785 0 0 0 0.000165536 0 0.000143464 0 0 0
 0 0 0 0 0 0 0 0.000145254 0.000435761 0.0275982 0.070085 0.0708112 0.156366 0.174668 0.174014 0.160142 0.0824315 0.0480064 0.0283245 0.00493863 0.00203355 0 0 0 0 0
 0 0 0 0 0 0 0 0 0 0 0 0 0 0 0 0 0 0 0 0 0 0 0 0 0 0
 0 0 1.00437e-05 0.000401748 0.00122533 0.00171747 0.00176769 0.0269171 0.070346 0.194647 0.189555 0.159765 0.064822 0.0314167 0.0384472 0.0292271 0.0345202 0.0313363 0.0194345 0.0106764 0.0143323 0.0359363 0.0279516 0.0138201 0.00172751 0
 0 0.0021121 0.0136068 0.0755702 0.200478 0.177729 0.0527432 0.0373336 0.0318909 0.0142505 0.0149659 0.0166563 0.0217959 0.0798694 0.0677717 0.0528807 0.04013 0.0224614 0.0357745 0.0225083 0.00881397 0.00855152 0.00135912 0.000746735 0 0
 0 0 0 0 5.4009e-05 0.00500934 0.000945158 0.0243581 0.138947 0.33067 0.221406 0.137944 0.0707744 0.0437923 0.0131692 0.00525238 0.0047753 0.00276346 9.45158e-05 9.00151e-06 2.25038e-05 9.00151e-06 4.50075e-06 0 0 0
 0.000866109 0.00284123 0.00948549 0.0512746 0.133035 0.25785 0.225252 0.132002 0.0553304 0.0519788 0.0540692 0.017754 0.00435017 0.00159236 0.00146478 0.000404838 0.000125132 0.000115318 0.000107957 0.000100596 0 0 0 0 0 0
 0 0 0 0 0.00144013 0.00171154 0.00461396 0.0210425 0.0478622 0.0707936 0.0888783 0.103762 0.0637923 0.0337046 0.0602308 0.124433 0.169614 0.0934646 0.0462172 0.0250306 0.0313229 0.00938855 0.002487 0.000210481 0 0
 0 0.00764035 0.051015 0.0998891 0.058973 0.0496711 0.0374665 0.0718981 0.12319 0.153886 0.159021 0.0857701 0.0377988 0.023471 0.0147837 0.00900784 0.00315554 0.000888139 0.00291439 0.00214683 0.00393193 0.00274676 0.000635225 9.99891e-05 0 0
 0 0 0 0 0 0 0 0 0 0 0 0 0 0 0 0 0 0 0 0 0 0 0 0 0 0
 0 0 0 0 0 0 0 0 0 0 0 0 0 0 0 0 0 0 0 0 0 0 0 0 0 0
 0 0 0 0 0 0 0 0 0 0 0 0 0 0 0 0 0 0 0 0 0 0 0 0 0 0
 0 0 0 0 0 0 0 0 0 0 0 0 0 0 0 0 0 0 0 0 0 0 0 0 0 0
 0 0 0 0 0 0 0 0 0 0 0 0 0 0 0 0 0 0 0 0 0 0 0 0 0 0
 0 0 0 0 0 0 0 0 0 0 0 0 0 0 0 0 0 0 0 0 0 0 0 0 0 0
 0 0 0 0 0 0 0 0 0 0 0 0 0 0 0 0 0 0 0 0 0 0 0 0 0 0
ppred_pel_tallas
 1.11002e-16 4.48484e-05 0.000435942 0.00289699 0.0131693 0.0409747 0.0873013 0.127422 0.127435 0.087365 0.0411899 0.0137967 0.00449321 0.00399113 0.00700337 0.0120446 0.0185954 0.0259792 0.0334391 0.0404733 0.0468561 0.0522568 0.0558743 0.0565746 0.0535305 0.0468577
 1.17002e-16 4.00916e-05 0.000389705 0.00258973 0.0117725 0.0366289 0.0780429 0.113912 0.113942 0.0781884 0.0371177 0.0131853 0.00614024 0.00815508 0.0148331 0.0245844 0.0357268 0.0456459 0.0517611 0.0530342 0.0506341 0.0471052 0.044675 0.0440135 0.0442081 0.0436742
 1.12397e-16 5.27994e-05 0.000513229 0.00341059 0.0155041 0.048239 0.102779 0.150013 0.150032 0.102871 0.0485501 0.0164044 0.00567685 0.00548137 0.00955016 0.0158689 0.0232449 0.0300653 0.0347264 0.0365219 0.036033 0.0346251 0.0334678 0.0328711 0.0323467 0.0311513
 1.04891e-16 6.44622e-05 0.000626596 0.00416395 0.0189287 0.0588943 0.125481 0.183146 0.183161 0.125552 0.0591328 0.019618 0.00589573 0.00441255 0.00727106 0.0119625 0.0173323 0.0220265 0.0247169 0.0248119 0.0228029 0.0199023 0.0172682 0.015424 0.0142191 0.0131845
 1.03216e-16 5.80553e-05 0.000564319 0.0037501 0.0170474 0.0530409 0.11301 0.164947 0.16497 0.113124 0.0534236 0.0181529 0.00652532 0.00662372 0.0115692 0.0190429 0.0274471 0.0345605 0.0381587 0.0372187 0.0325217 0.0261087 0.0200438 0.0154496 0.0123719 0.0102701
 1.02429e-16 6.51235e-05 0.000633024 0.00420667 0.0191229 0.0594986 0.126769 0.185026 0.185041 0.126842 0.059746 0.0198382 0.00600371 0.0045615 0.00754217 0.0124077 0.0179654 0.0227955 0.0254896 0.0253868 0.0229409 0.0193648 0.0158561 0.0130229 0.010848 0.00902759
 1.04213e-16 4.3377e-05 0.00042164 0.00280195 0.0127373 0.0396306 0.0844386 0.123248 0.123286 0.0846223 0.0402477 0.0145198 0.00727704 0.010193 0.0186073 0.0307097 0.0442736 0.0557576 0.0615745 0.0600631 0.052462 0.0420351 0.0320866 0.0244205 0.0191339 0.0154083
 1.09108e-16 4.14218e-05 0.000402634 0.00267565 0.0121631 0.0378442 0.080632 0.117691 0.117719 0.0807701 0.0383086 0.0135072 0.00605955 0.007823 0.0142317 0.0237172 0.0347563 0.0449492 0.0518377 0.0542343 0.0528078 0.0493784 0.0455549 0.0418615 0.0379018 0.0331321
 1.1112e-16 4.95149e-05 0.000481302 0.00319842 0.0145396 0.0452381 0.0963854 0.140682 0.140703 0.0964905 0.0455912 0.0155612 0.00576975 0.00611737 0.0108213 0.0179918 0.0263424 0.0340454 0.0392749 0.0412213 0.0405299 0.0387232 0.0370872 0.0359301 0.0346814 0.0325434
 1.05213e-16 6.50689e-05 0.000632493 0.00420314 0.0191069 0.0594486 0.126662 0.18487 0.184883 0.126727 0.0596675 0.0197397 0.00579362 0.00411143 0.00669289 0.0110169 0.0159966 0.0204026 0.0230337 0.0233566 0.021814 0.0194872 0.0173882 0.0159406 0.0149608 0.0139992
 1.01262e-16 7.28807e-05 0.000708426 0.00470774 0.0214007 0.0665856 0.141868 0.207062 0.207072 0.141913 0.0667365 0.0218365 0.00580155 0.00309629 0.00460812 0.00750358 0.0108043 0.013592 0.014985 0.0145802 0.01269 0.010127 0.00771451 0.00590253 0.0047108 0.00392085
 1.00868e-16 6.65198e-05 0.000646596 0.00429686 0.0195329 0.0607742 0.129486 0.188993 0.189009 0.129568 0.0610488 0.020326 0.0062869 0.00498833 0.00830468 0.013604 0.0195434 0.0244757 0.0267693 0.0256695 0.0217476 0.0165202 0.0115575 0.00776905 0.00527653 0.00373847
 1.02515e-16 4.83095e-05 0.000469585 0.00312056 0.0141856 0.044137 0.0940397 0.137261 0.137294 0.0942032 0.044686 0.0157717 0.00710257 0.00916444 0.0165673 0.0273275 0.0393939 0.0496008 0.0547402 0.0533088 0.0463763 0.0368196 0.0275748 0.0202825 0.0151063 0.0114185
 1.04938e-16 5.50706e-05 0.000535306 0.00355729 0.016171 0.050314 0.1072 0.156466 0.156486 0.1073 0.0506515 0.0171474 0.00601384 0.005916 0.0103268 0.0171229 0.0249818 0.0320842 0.0365903 0.0376176 0.0356942 0.0322577 0.0286438 0.0254013 0.0223514 0.0191139
 1.00687e-16 7.8726e-05 0.000765244 0.00508532 0.0231171 0.071926 0.153246 0.223668 0.223671 0.153261 0.0719774 0.0232657 0.00545863 0.00158115 0.00163113 0.00257954 0.00372625 0.00472416 0.00527835 0.00525576 0.00475794 0.0040449 0.00337013 0.00285696 0.0024892 0.00218477
 1.00117e-16 7.78501e-05 0.000756731 0.00502874 0.0228599 0.0711258 0.151541 0.22118 0.221185 0.151566 0.0712093 0.0231009 0.00563319 0.00207463 0.00257606 0.00412312 0.0059028 0.00736139 0.00799321 0.00756728 0.00626428 0.00456198 0.00296053 0.00175793 0.00100293 0.000589223
 1.01011e-16 3.25854e-05 0.000316742 0.00210487 0.00956845 0.0297713 0.0634329 0.0925939 0.0926494 0.0637043 0.0306823 0.0121985 0.008702 0.0147031 0.0273097 0.0449781 0.0645094 0.0805294 0.0875782 0.0831298 0.0691216 0.0507096 0.0332882 0.0200677 0.0115845 0.00673334
 1.0282e-16 6.93884e-05 0.00067448 0.00448216 0.0203752 0.063395 0.13507 0.19714 0.197147 0.135104 0.0635082 0.0207038 0.00531243 0.002505 0.00359853 0.00597605 0.00891907 0.0118728 0.0142952 0.0158929 0.0167179 0.0169917 0.0168289 0.0161288 0.0147171 0.0125751
 1.02496e-16 5.99113e-05 0.000582359 0.00386998 0.0175924 0.0547366 0.116623 0.170219 0.170242 0.116735 0.0551117 0.0186756 0.00658781 0.0065119 0.0113111 0.0185791 0.0267001 0.03346 0.036652 0.0352768 0.0301505 0.0233706 0.0170758 0.0124547 0.00957385 0.00784836
 1.02065e-16 6.51e-05 0.000632796 0.00420515 0.019116 0.0594771 0.126723 0.184959 0.184975 0.126799 0.0597336 0.0198572 0.00606699 0.0047017 0.00780579 0.0128354 0.0185618 0.023503 0.026186 0.0259176 0.0231714 0.0192246 0.0153541 0.0122341 0.00988458 0.00801085
 1.01443e-16 6.80005e-05 0.000660989 0.00439251 0.0199677 0.062127 0.132369 0.193199 0.193213 0.132437 0.0623551 0.0206266 0.00604678 0.00427311 0.0069305 0.0113562 0.0163671 0.0206121 0.0227611 0.0221978 0.0193773 0.0155032 0.0117958 0.00892342 0.00692745 0.00551345
 1.01462e-16 6.38611e-05 0.000620753 0.00412512 0.0187522 0.0583452 0.124311 0.18144 0.181458 0.124402 0.0586489 0.0196295 0.0063271 0.00542748 0.00919204 0.0150933 0.0217309 0.0273145 0.0300606 0.029141 0.0251664 0.0197616 0.0145893 0.010584 0.00783816 0.00597705
 1.05158e-16 2.79476e-05 0.000271661 0.00180529 0.0082066 0.025534 0.0544049 0.0794164 0.0794681 0.0546578 0.0263834 0.0106604 0.00796673 0.0137293 0.0256071 0.0423429 0.0611161 0.0771046 0.0853862 0.0836549 0.0735464 0.0594423 0.0457754 0.034962 0.0271616 0.0213679
 1.05111e-16 6.65967e-05 0.000647343 0.00430182 0.0195555 0.0608444 0.129636 0.189209 0.189216 0.129671 0.0609651 0.0199059 0.00518818 0.00260438 0.00384832 0.00642647 0.009648 0.0129632 0.0158379 0.0179975 0.0195121 0.020589 0.0212683 0.0213151 0.0203998 0.0183836
 1.03488e-16 5.97941e-05 0.00058122 0.00386241 0.017558 0.0546295 0.116395 0.169886 0.169908 0.116503 0.054994 0.0186106 0.00650394 0.0063452 0.0109997 0.0180729 0.0259919 0.0326164 0.0358181 0.0346427 0.0298943 0.023609 0.0178436 0.0137111 0.0112196 0.00974361
 1.05971e-16 3.74433e-05 0.000363962 0.00241866 0.0109949 0.0342094 0.0728883 0.106391 0.106431 0.0730855 0.0348716 0.0129084 0.00722541 0.010869 0.020023 0.0331328 0.0479336 0.0607088 0.067671 0.0670399 0.0600479 0.0499974 0.0401826 0.0323286 0.0264596 0.0217796
 1.04799e-16 6.5532e-05 0.000636994 0.00423305 0.0192428 0.0598717 0.127563 0.186184 0.186195 0.127613 0.0600377 0.0197237 0.00544525 0.00330005 0.00517264 0.00857735 0.0126535 0.01655 0.0194326 0.0209012 0.0211714 0.0208073 0.020244 0.0195128 0.0183501 0.0165155
 1.0326e-16 6.04563e-05 0.000587657 0.00390519 0.0177524 0.0552345 0.117684 0.171767 0.171789 0.117788 0.0555834 0.01876 0.00643403 0.00610717 0.0105404 0.0173238 0.024938 0.0313414 0.0345026 0.0335028 0.0290903 0.0231786 0.0176982 0.013691 0.0111699 0.00957082
 1.05711e-16 3.82474e-05 0.000371779 0.0024706 0.011231 0.0349441 0.0744536 0.108676 0.108715 0.0746488 0.0355997 0.0131254 0.00722884 0.0107696 0.0198166 0.0327807 0.0474045 0.0599986 0.0668064 0.0660662 0.0590102 0.0489318 0.0391209 0.0313076 0.0255216 0.0209622
 1.09254e-16 4.9072e-05 0.000476997 0.00316981 0.0144095 0.0448335 0.0955233 0.139423 0.139444 0.0956226 0.0451675 0.0153768 0.0056077 0.00583149 0.010314 0.0172244 0.0253953 0.0331687 0.0388586 0.0416541 0.0419944 0.0410366 0.0396924 0.0380658 0.035659 0.0320016
 1.04863e-16 6.61763e-05 0.000643257 0.00427467 0.019432 0.0604603 0.128818 0.188016 0.188028 0.128878 0.0606625 0.0200163 0.00574323 0.00385567 0.00618675 0.0101759 0.0147793 0.0188614 0.021319 0.0216669 0.0203197 0.0182742 0.0164519 0.0152187 0.0143742 0.0134789
pSPR Fmed_Fpbrs
0.561221   0.6 0.325
Fs Fmed_Fpbrs
0.34   0.296712 0.734554
SSBpbr Bo_Bmed_Bpbrs
1.08295e+06  553628  595624 297812
Ro
126472
SPR SPRFo_SPRFmed_SPRFpbrs
902721 506626 293384
Fref
0.296712
Nvult_r0
 158353 22147 6013.48 4165.88 1160.1
CTP_r0
 27105.1 5067.63 1376 953.231 265.453
YTP_r0
376905
Np
 170570 51041 18328.2 2250.46 778.141
Nvult_p0
 119529 37084.9 13316.7 1635.12 565.374
CTP_p0
 20459.7 11144.1 1368.34 371.541 326.887
 20459.7 8485.71 3047.11 374.145 129.368
YTP_p0
 404825 391964
CBA_c0
385281
log_Ro
11.5678
likeval ReclasPelacesDesembMPH_pf_preclas_ppelaces_ptallas_desvR_qrecl_qpela
 13.6975 0.000295921 0.0304719 42.4816 223.648 119.911 103.554 0 22.0272 1.17797e-05 3.91626e-05 0.114945 6.07104e-16 0 0
q_reclas_q_pelaces
1.62479 2.42302
M
1
N
 163316 32748.2 72131.2 5207.01 0.204574
 90304.2 50534.4 9395.62 20694.8 1493.98
 89849.3 24134.8 11746.7 2184.01 5157.78
 134815 24125 5647.68 2748.8 1718.02
 109380 31219.1 4564.08 1068.46 845.057
 202480 34612.9 9250.3 1352.35 566.979
 78443.7 57251.6 8724.14 2331.53 483.765
 32792.5 15540.2 8655.4 1318.93 425.622
 31755.2 10816.6 4887.39 2722.13 548.663
 43188.8 7501.49 2105.77 951.469 636.753
 93907.4 8327.94 1090.92 306.236 230.971
 155867 30621.7 2576.28 337.481 166.187
 69665.2 38179.8 6280.18 528.367 103.297
 38070.5 16370.8 7376.95 1213.43 122.048
 96538 3124.22 697.699 314.395 56.9161
 415122 20949.2 538.386 120.232 63.9868
 84330.5 105186 4510.58 115.92 39.6643
 330805 24734.7 27945.5 1198.36 41.3353
 260999 84579.7 5395.01 6095.34 270.396
 258202 50707.2 12433.8 793.101 935.804
 350992 55094 8529.03 2091.38 290.804
 388865 89624 11994.3 1856.82 518.616
 64675.7 90285.7 17019.6 2277.71 451.094
 215760 17347.1 21094.8 3976.54 637.573
 217154 59829.6 4251.68 5170.22 1130.89
 78503.8 61281.1 15037.9 1068.64 1583.75
 209017 23420.6 16683.7 4094.04 722.109
 237126 60211.3 6063.3 4319.2 1246.84
 96509.8 71924 16786.9 1690.45 1551.81
 101317 30036.2 20807.8 4856.49 937.992
 225973 30481.5 8276.53 5733.63 1596.68
pred_Ctot
 16636.4 4649.62 10241.2 739.296 0.0290456
 16023.3 12204 2269.04 4997.79 360.795
 15739.5 5758.5 2802.74 521.101 1230.64
 32779.5 7812.83 1828.99 890.195 556.379
 9786.19 3907.9 571.317 133.746 105.781
 30258.8 7103.34 1898.37 277.533 116.357
 24049.1 22874 3485.6 931.528 193.281
 2162 1443.7 804.099 122.531 39.5408
 7445.32 3387.69 1530.7 852.551 171.837
 13681.3 3085.72 866.201 391.385 261.927
 6810.87 849.413 111.269 31.2347 23.558
 34024.8 8977.42 755.292 98.9398 48.7213
 16494 12065.7 1984.68 166.976 32.6442
 20969.2 10706.1 4824.36 793.557 79.8163
 26114.5 1115.24 249.055 112.228 20.3171
 84173.4 5734.1 147.364 32.9094 17.5142
 11007.1 18966.6 813.324 20.9021 7.15206
 65686.3 6639.05 7500.87 321.652 11.0948
 81943.6 34516.6 2201.68 2487.48 110.347
 71621.4 18517 4540.51 289.621 341.733
 69909.4 14830.4 2295.87 562.963 78.2796
 94108.3 28900 3867.66 598.748 167.232
 11363.5 21602.7 4072.27 544.988 107.933
 34362.7 3782.22 4599.34 867.011 139.011
 32666.5 12355.8 878.042 1067.74 233.548
 9542.21 10319.1 2532.22 179.947 266.687
 29240.6 4513.01 3214.85 788.897 139.146
 26723.5 9426.34 949.235 676.188 195.198
 9524.35 9902.86 2311.31 232.749 213.661
 11861.8 4878.34 3379.51 788.77 152.345
 28153.6 5256.07 1427.16 988.677 275.324
F
 0.173034 0.248603 0.248603 0.248603 0.248603
 0.319531 0.459081 0.459081 0.459081 0.459081
 0.314886 0.452408 0.452408 0.452408 0.452408
 0.462877 0.665031 0.665031 0.665031 0.665031
 0.150601 0.216374 0.216374 0.216374 0.216374
 0.263188 0.378131 0.378131 0.378131 0.378131
 0.618954 0.889272 0.889272 0.889272 0.889272
 0.109115 0.15677 0.15677 0.15677 0.15677
 0.442953 0.636405 0.636405 0.636405 0.636405
 0.645964 0.928078 0.928078 0.928078 0.928078
 0.1206 0.17327 0.17327 0.17327 0.17327
 0.406694 0.584311 0.584311 0.584311 0.584311
 0.448202 0.643946 0.643946 0.643946 0.643946
 1.50026 2.15547 2.15547 2.15547 2.15547
 0.527838 0.758362 0.758362 0.758362 0.758362
 0.372841 0.535673 0.535673 0.535673 0.535673
 0.226537 0.325473 0.325473 0.325473 0.325473
 0.363835 0.522733 0.522733 0.522733 0.522733
 0.638448 0.917279 0.917279 0.917279 0.917279
 0.544703 0.782593 0.782593 0.782593 0.782593
 0.36514 0.524609 0.524609 0.524609 0.524609
 0.460253 0.661261 0.661261 0.661261 0.661261
 0.31596 0.453951 0.453951 0.453951 0.453951
 0.282664 0.406113 0.406113 0.406113 0.406113
 0.265136 0.38093 0.38093 0.38093 0.38093
 0.20953 0.301039 0.301039 0.301039 0.301039
 0.244557 0.351363 0.351363 0.351363 0.351363
 0.19298 0.277261 0.277261 0.277261 0.277261
 0.167243 0.240283 0.240283 0.240283 0.240283
 0.201136 0.288979 0.288979 0.288979 0.288979
 0.215261 0.309273 0.309273 0.309273 0.309273
YTP_r0W_actual
 224972 71453.6 37977.5 32600.5 9901.39
YTP_p0W_proyectada
 154266 194464 32936 11636.7 11522.8
 154266 148076 73344 11718.2 4560.23
CTP_r0_actual
 27105.1 5067.63 1376 953.231 265.453
CTP_p0_proyectada
 20459.7 11144.1 1368.34 371.541 326.887
 20459.7 8485.71 3047.11 374.145 129.368
Wmedp
 7.54 17.45 24.07 31.32 35.25
Frms_r0
 0.206518 0.296712 0.296712 0.296712 0.296712
Zrms_r0
 1.20652 1.29671 1.29671 1.29671 1.29671
nmprior
 7.29 8.9 8.7 0
nm_flota  nm_reclas  nm_pelaces    nm_pelaL
inf 13.3828 13.5861 29.7183
cv_recla  cv_pelaces  cv_mph
0.33477 0.650188 0.542313
 ------------------------------------------------
Talla a la edad & desviaci?n 
 8 13.2811 15.8009 17.003 17.5766
 0.8 1.32811 1.58009 1.7003 1.75766
