years
 1991 1992 1993 1994 1995 1996 1997 1998 1999 2000 2001 2002 2003 2004 2005 2006 2007 2008 2009 2010 2011 2012 2013 2014 2015 2016 2017 2018 2019 2020 2021
reclasobs
 0 0 0 0 0 0 0 0 0 252601 567819 844713 477998 351125 339783 2.1784e+06 2.13404e+06 4.81314e+06 1.55562e+06 2.62356e+06 3.21686e+06 3.843e+06 1.13348e+06 3.07943e+06 1.97215e+06 2.03268e+06 2.025e+06 2.42433e+06 2.27542e+06 1.05018e+06 2.36338e+06
reclaspred
 4.71469e+06 2.58171e+06 1.24156e+06 1.33463e+06 1.64266e+06 3.12051e+06 1.97807e+06 1.43889e+06 821767 332834 545429 1.18111e+06 1.08278e+06 256429 615870 1.90848e+06 2.23255e+06 2.6234e+06 2.33497e+06 2.04211e+06 4.02423e+06 2.627e+06 1.28938e+06 1.76159e+06 1.61901e+06 1.41268e+06 1.92196e+06 2.17143e+06 1.91237e+06 1.43947e+06 2.45426e+06
pelacesobs
 0 0 0 0 0 0 0 0 0 0 0 0 0 0 0 552880 188675 0 991730 2.46772e+06 1.41603e+06 1.21717e+06 2.29649e+06 1.80582e+06 0 1.4828e+06 1.56532e+06 1.57751e+06 1.42118e+06 867257 1.10002e+06
pelacespred
 369468 202210 92113.6 86772.3 128713 254331 134213 134114 66323.3 19566.4 46356.1 81170.4 77611.4 11108.7 48350.2 133988 154552 191315 167427 134155 296719 183022 83877.1 144373 117082 101309 180763 186833 139229 118538 187258
mphobs
 0 0 0 0 0 0 0 0 0 0 0 0 498337 0 5186 125008 0 168611 109162 213762 579715 649985 157893 87575 83554 210694 70296 0 107559 103333 445601
mphpred
 817017 562647 250400 145048 205361 292736 469464 204055 174292 71229.5 25762.4 118927 178687 78946.9 10621 92377.7 367126 270625 288386 239835 327765 428845 212109 97838 225688 195730 141963 266311 345656 202370 169049
desembarqueobs
 494567 514787 250237 358949 120608 361735 552515 73892 212993 205616 52469 317467 293654 387597 252695 516296 358380 742168 942051 627588 828172 859565 418607 520667 417249 300574 415391 372974 316634 284311 391294
desembarquepred
 494556 514393 250412 358946 120609 361716 552481 73897.9 213075 205689 52470.9 317445 293718 387657 252591 516121 358374 741975 941192 627186 828120 859672 418685 520680 417107 300593 415315 372920 316495 284124 391243
Reclutas
 147212 93614.8 83842.1 127007 94039.4 194255 69096 24765.7 23688.7 32673.2 57461.6 128513 73684.4 43909.3 67314.3 284658 57072.9 245188 292628 230860 277425 255208 44210.3 131748 149071 44814.1 140407 123016 52707.9 78150 161557
log_desv_Rt
 0.409937 -0.0427455 -0.152999 0.26231 -0.0382206 0.687238 -0.346437 -1.37248 -1.41694 -1.09538 -0.530818 0.274092 -0.282144 -0.799808 -0.372561 1.06935 -0.537605 0.92009 1.09697 0.859878 1.04361 0.960144 -0.792976 0.298959 0.422491 -0.779411 0.362613 0.230381 -0.617169 -0.223304 0.502921
SSB
 817017 562647 250400 145048 205361 292736 469464 204055 174292 71229.5 25762.4 118927 168280 75541 10160.7 88995.3 367126 270625 302079 249853 351353 499388 270936 114445 239089 226617 149527 266311 363678 195486 191421
BT
 1.38228e+06 1.02385e+06 468647 591844 487816 1.22288e+06 837128 478254 409899 260920 232969 560374 519119 429604 465489 973915 712778 1.37646e+06 1.52054e+06 969950 1.82333e+06 1.34533e+06 612282 1.10518e+06 742609 572666 1.16604e+06 996930 635040 672047 1.02091e+06
Ftot
 0.441592 0.81606 0.809859 0.948851 0.296901 0.432687 1.10511 0.217299 0.982223 1.93333 0.326436 0.931239 1.00018 3.41001 1.21509 0.865135 0.659594 0.974823 1.31946 1.0461 0.737401 1.17555 1.22531 0.959761 0.922712 0.83155 0.730511 0.61701 0.694207 0.73062 0.553606
BD_Bspro_t
 0.931784 0.591525 0.323837 0.237066 0.281046 0.406681 0.458964 0.245688 0.27995 0.165863 0.0900624 0.394793 0.332274 0.152391 0.0260038 0.18644 0.361657 0.276678 0.259563 0.201152 0.217798 0.271312 0.186441 0.106333 0.221545 0.244983 0.210382 0.348187 0.402633 0.27875 0.302553
BD_Bspro
 1.17156 0.806806 0.35906 0.207991 0.294476 0.419768 0.673187 0.292604 0.249925 0.102139 0.036942 0.170535 0.241305 0.108322 0.0145699 0.127614 0.526439 0.388061 0.433165 0.358276 0.503822 0.716096 0.388508 0.164108 0.342841 0.324956 0.214414 0.381876 0.521495 0.280316 0.274487
BD_Bo
 1.63854 1.1284 0.502179 0.290895 0.411853 0.587085 0.941516 0.409235 0.349544 0.142852 0.0516669 0.238509 0.337488 0.151498 0.0203775 0.178481 0.736275 0.542741 0.605822 0.501083 0.704643 1.00153 0.543365 0.229521 0.479496 0.454483 0.299879 0.534089 0.72936 0.392049 0.383897
BD_Brms
 9.55682 6.58141 2.92898 1.69665 2.40215 3.4242 5.49143 2.38688 2.03873 0.833187 0.301349 1.39111 1.96841 0.88362 0.118852 1.041 4.29435 3.16555 3.53348 2.92259 4.10986 5.84145 3.1692 1.33869 2.79668 2.65079 1.74906 3.1151 4.25402 2.28664 2.23909
Sel_flota
 0.752263 1 1 1 1
 0.752263 1 1 1 1
 0.752263 1 1 1 1
 0.752263 1 1 1 1
 0.752263 1 1 1 1
 0.752263 1 1 1 1
 0.752263 1 1 1 1
 0.752263 1 1 1 1
 0.752263 1 1 1 1
 0.752263 1 1 1 1
 0.752263 1 1 1 1
 0.752263 1 1 1 1
 0.752263 1 1 1 1
 0.752263 1 1 1 1
 0.752263 1 1 1 1
 0.752263 1 1 1 1
 0.752263 1 1 1 1
 0.752263 1 1 1 1
 0.752263 1 1 1 1
 0.752263 1 1 1 1
 0.752263 1 1 1 1
 0.752263 1 1 1 1
 0.752263 1 1 1 1
 0.752263 1 1 1 1
 0.752263 1 1 1 1
 0.752263 1 1 1 1
 0.752263 1 1 1 1
 0.752263 1 1 1 1
 0.752263 1 1 1 1
 0.752263 1 1 1 1
 0.752263 1 1 1 1
Sel_reclas
 0.5 1 1 1 1
 0.5 1 1 1 1
 0.5 1 1 1 1
 0.5 1 1 1 1
 0.5 1 1 1 1
 0.5 1 1 1 1
 0.5 1 1 1 1
 0.5 1 1 1 1
 0.5 1 1 1 1
 0.5 1 1 1 1
 0.5 1 1 1 1
 0.5 1 1 1 1
 0.5 1 1 1 1
 0.5 1 1 1 1
 0.5 1 1 1 1
 0.5 1 1 1 1
 0.5 1 1 1 1
 0.5 1 1 1 1
 0.5 1 1 1 1
 0.5 1 1 1 1
 0.5 1 1 1 1
 0.5 1 1 1 1
 0.5 1 1 1 1
 0.5 1 1 1 1
 0.5 1 1 1 1
 0.5 1 1 1 1
 0.5 1 1 1 1
 0.5 1 1 1 1
 0.5 1 1 1 1
 0.5 1 1 1 1
 0.5 1 1 1 1
Sel_pelaces
 0.5 1 1 1 1
 0.5 1 1 1 1
 0.5 1 1 1 1
 0.5 1 1 1 1
 0.5 1 1 1 1
 0.5 1 1 1 1
 0.5 1 1 1 1
 0.5 1 1 1 1
 0.5 1 1 1 1
 0.5 1 1 1 1
 0.5 1 1 1 1
 0.5 1 1 1 1
 0.5 1 1 1 1
 0.5 1 1 1 1
 0.5 1 1 1 1
 0.5 1 1 1 1
 0.5 1 1 1 1
 0.5 1 1 1 1
 0.5 1 1 1 1
 0.5 1 1 1 1
 0.5 1 1 1 1
 0.5 1 1 1 1
 0.5 1 1 1 1
 0.5 1 1 1 1
 0.5 1 1 1 1
 0.5 1 1 1 1
 0.5 1 1 1 1
 0.5 1 1 1 1
 0.5 1 1 1 1
 0.5 1 1 1 1
 0.5 1 1 1 1
pf_obs 
 0.8446 0.082 0.0669 0.0065 0
 0.8095 0.147 0.0364 0.0071 0
 0.9664 0.0169 0.016 0.0007 0
 0.9276 0.0648 0.0075 0.0001 0
 0.7033 0.2144 0.0806 0.0017 0
 0.9318 0.0425 0.0243 0.0014 0
 0.5671 0.3108 0.0964 0.0239 0.0018
 0.0768 0.2599 0.5324 0.112 0.0189
 0.490249 0.384438 0.106611 0.0170017 0.00170017
 0.7925 0.1577 0.0466 0.003 0.0002
 0.840416 0.127587 0.0312969 0.00059994 9.999e-05
 0.8084 0.0986 0.0794 0.0134 0.0002
 0.7335 0.1905 0.0724 0.0035 0.0001
 0.4001 0.4547 0.1325 0.0127 0
 0.49795 0.308269 0.164784 0.0264974 0.00249975
 0.9179 0.0499 0.0305 0.0017 0
 0.2467 0.6533 0.0926 0.0074 0
 0.9418 0.0223 0.034 0.0019 0
 0.707729 0.231977 0.0356964 0.0245975 0
 0.517169 0.277429 0.184464 0.0207286 0.00020938
 0.811772 0.124168 0.05621 0.00726502 0.000585176
 0.764997 0.148141 0.077277 0.00933861 0.000247198
 0.163321 0.427699 0.378323 0.0303852 0.000271297
 0.753843 0.0900009 0.118128 0.0371064 0.000921714
 0.721811 0.176058 0.0630433 0.0369309 0.00215725
 0.143369 0.312575 0.442814 0.0836902 0.0175525
 0.692698 0.0596174 0.167031 0.0765114 0.00414204
 0.394062 0.376323 0.152708 0.0712218 0.00568511
 0.125707 0.32114 0.495352 0.0537591 0.00404204
 0.23352 0.215282 0.420074 0.123614 0.00750983
 0.796117 0.104755 0.0508955 0.0450114 0.00322123
pf_pred 
 0.652546 0.148657 0.182864 0.0159315 8.85846e-07
 0.586664 0.300694 0.0481938 0.0592832 0.00516517
 0.712888 0.195844 0.066396 0.0106416 0.0142308
 0.830193 0.134057 0.0243857 0.00826739 0.00309703
 0.737622 0.231735 0.0241913 0.00440053 0.00205077
 0.81425 0.147892 0.0334373 0.00349058 0.000930862
 0.488192 0.440939 0.0564248 0.0127573 0.00168691
 0.50898 0.295918 0.168087 0.0215093 0.00550616
 0.59581 0.237372 0.100534 0.0571055 0.00917815
 0.825926 0.12122 0.0310397 0.0131463 0.00866752
 0.934559 0.0587803 0.00463856 0.00118775 0.000834717
 0.858038 0.135181 0.00609098 0.00048066 0.000209574
 0.699511 0.271374 0.0277246 0.00124921 0.000141561
 0.71159 0.226164 0.0562147 0.00574311 0.000288096
 0.974961 0.0215963 0.00269934 0.00067094 7.19843e-05
 0.958229 0.0411201 0.000561583 7.01927e-05 1.93188e-05
 0.448199 0.536462 0.0150999 0.000206221 3.28699e-05
 0.89539 0.0569757 0.0463105 0.00130351 2.06397e-05
 0.840488 0.148357 0.00607536 0.00493812 0.000141195
 0.810411 0.170066 0.0181579 0.000743582 0.000621673
 0.83407 0.144453 0.0192653 0.00205695 0.000154657
 0.761486 0.21045 0.0244318 0.00325839 0.000374055
 0.443134 0.466189 0.0800073 0.00928829 0.00138095
 0.903825 0.0542332 0.0351119 0.0060259 0.000803574
 0.828643 0.160347 0.00620828 0.00401939 0.000781794
 0.538984 0.406434 0.0510756 0.00197753 0.00152933
 0.891124 0.0696015 0.0346245 0.00435118 0.000298752
 0.752385 0.228851 0.0119955 0.00596735 0.000801392
 0.548056 0.368914 0.0767384 0.00402232 0.0022697
 0.77827 0.142429 0.0647322 0.0134651 0.00110404
 0.866275 0.112262 0.0137872 0.0062661 0.00141029
pobs_RECLAS
 0 0 0 0 0
 0 0 0 0 0
 0 0 0 0 0
 0 0 0 0 0
 0 0 0 0 0
 0 0 0 0 0
 0 0 0 0 0
 0 0 0 0 0
 0 0 0 0 0
 0 0 0 0 0
 0.991045 0.00858322 0.000360255 1.14367e-05 0
 0.934742 0.0480273 0.0164251 0.00080598 0
 0.827803 0.169806 0.00239088 0 0
 0.941827 0.0461693 0.0120037 0 0
 0.791401 0.0380133 0.147996 0.0225897 0
 0.846168 0.0940531 0.0597789 0 0
 0.134021 0.677848 0.182769 0.00536245 0
 0.80878 0.0450904 0.141981 0.00414843 0
 0.846168 0.0940531 0.0597789 0 0
 0.905697 0.0802665 0.012482 0.00150086 5.37128e-05
 0.989698 0.0102097 9.19794e-05 0 0
 0.975433 0.0193895 0.00387452 0.00125025 5.28907e-05
 0.303575 0.632131 0.0575291 0.00676475 0
 0.966965 0.00978017 0.0227588 0.000495775 0
 0.843318 0.132988 0.00938335 0.0141283 0.000182051
 0.564624 0.303363 0.111486 0.0197234 0.00080311
 0.826376 0.0876187 0.0782897 0.00655872 0.00115652
 0.89761 0.0855135 0.0140674 0.00269457 0.000114338
 0.34875 0.467042 0.161289 0.0227151 0.000203297
 0.318654 0.224769 0.449479 0.00709798 0
 0.937255 0.0296025 0.0250945 0.00804832 0
ppred_RECLAS
 0.558242 0.189006 0.232496 0.0202556 1.12628e-06
 0.492321 0.369327 0.059194 0.0728146 0.00634412
 0.629075 0.253014 0.0857782 0.0137481 0.018385
 0.770745 0.180989 0.0329228 0.0111617 0.00418125
 0.6531 0.306386 0.0319843 0.0058181 0.0027114
 0.746746 0.201637 0.0455888 0.00475911 0.00126915
 0.398078 0.518575 0.0663595 0.0150034 0.00198392
 0.409184 0.35606 0.202249 0.0258809 0.00662523
 0.503817 0.291397 0.123416 0.0701026 0.0112671
 0.776417 0.155697 0.0398679 0.0168853 0.0111327
 0.905414 0.0849588 0.00670439 0.00171673 0.00120647
 0.805923 0.184806 0.00832698 0.000657111 0.000286509
 0.616124 0.346681 0.0354182 0.00159587 0.000180845
 0.672795 0.256586 0.0637764 0.00651564 0.00032685
 0.964495 0.0306236 0.00382767 0.000951395 0.000102074
 0.940155 0.0589121 0.000804571 0.000100564 2.76777e-05
 0.355309 0.62677 0.0176418 0.000240937 3.84032e-05
 0.854938 0.0790076 0.0642182 0.00180756 2.86209e-05
 0.787178 0.197939 0.00810578 0.00658847 0.000188383
 0.747109 0.226849 0.0242206 0.000991855 0.000829242
 0.773865 0.196866 0.0262554 0.00280327 0.000210772
 0.689661 0.273824 0.0317891 0.00423961 0.000486696
 0.357116 0.538201 0.0923659 0.010723 0.00159427
 0.866059 0.0755298 0.0488998 0.00839217 0.00111912
 0.768572 0.216559 0.00838467 0.00542844 0.00105586
 0.444249 0.489953 0.0615712 0.0023839 0.00184359
 0.847805 0.0972944 0.0484008 0.00608242 0.00041762
 0.672999 0.302221 0.0158412 0.00788049 0.00105832
 0.451763 0.447515 0.0930885 0.00487933 0.00275328
 0.704918 0.189547 0.0861467 0.0179195 0.00146928
 0.814015 0.156133 0.0191752 0.00871487 0.00196143
pobs_PELACES
 0 0 0 0 0
 0 0 0 0 0
 0 0 0 0 0
 0 0 0 0 0
 0 0 0 0 0
 0 0 0 0 0
 0 0 0 0 0
 0 0 0 0 0
 0 0 0 0 0
 0 0 0 0 0
 0 0 0 0 0
 0 0 0 0 0
 0 0 0 0 0
 0 0 0 0 0
 0 0 0 0 0
 0 0 0 0 0
 0.505614 0.472636 0.0217494 0 0
 0 0 0 0 0
 0.443492 0.261883 0.143347 0.151278 0
 0.227955 0.32914 0.350689 0.0885471 0.00366901
 0.970185 0.0296113 0.000203453 0 0
 0.997202 0.00247181 0.000326279 0 0
 0.445219 0.490057 0.0546422 0.010081 0
 0.90214 0.0892962 0.00764917 0.000914606 0
 0 0 0 0 0
 0.581667 0.319106 0.0959925 0.00289975 0.000334073
 0.762889 0.0836404 0.116647 0.0363945 0.000428098
 0.88444 0.0763242 0.0277011 0.0115352 0
 0.521256 0.241999 0.230069 0.00667565 0
 0.616807 0.101726 0.260614 0.0208532 0
 0.833518 0.0704572 0.0857862 0.0102388 0
ppred_PELACES
 0.567125 0.185205 0.227821 0.0198482 1.10363e-06
 0.508998 0.357194 0.0572494 0.0704226 0.00613571
 0.644388 0.242569 0.082237 0.0131806 0.0176261
 0.784163 0.170396 0.0309959 0.0105084 0.00393653
 0.658579 0.301547 0.0314791 0.00572622 0.00266857
 0.753377 0.196358 0.0443951 0.00463449 0.00123592
 0.419912 0.499764 0.0639524 0.0144592 0.00191196
 0.413486 0.353468 0.200777 0.0256924 0.006577
 0.523874 0.279618 0.118427 0.0672689 0.0108116
 0.802654 0.137427 0.0351896 0.0149038 0.00982632
 0.907675 0.082928 0.00654413 0.0016757 0.00117763
 0.817554 0.173731 0.00782793 0.000617729 0.000269338
 0.635271 0.329389 0.0336517 0.00151627 0.000171825
 0.730986 0.210954 0.0524341 0.00535687 0.000268721
 0.967744 0.0278212 0.00347739 0.00086433 9.27329e-05
 0.944013 0.0551145 0.000752707 9.40814e-05 2.58935e-05
 0.367755 0.61467 0.0173012 0.000236285 3.76618e-05
 0.864545 0.0737752 0.0599653 0.00168785 2.67254e-05
 0.80469 0.181652 0.0074388 0.00604634 0.000172882
 0.762924 0.212663 0.022706 0.000929829 0.000777385
 0.78424 0.187833 0.0250507 0.00267466 0.000201102
 0.709846 0.256013 0.0297214 0.00396385 0.000455039
 0.380428 0.518684 0.0890165 0.0103342 0.00153646
 0.874902 0.070543 0.0456712 0.00783809 0.00104524
 0.781717 0.204258 0.00790843 0.00512011 0.00099589
 0.46109 0.475105 0.0597054 0.00231166 0.00178772
 0.855352 0.0924698 0.0460007 0.0057808 0.000396911
 0.684002 0.292052 0.0153082 0.00761533 0.00102271
 0.465855 0.436013 0.0906959 0.00475392 0.00268252
 0.717188 0.181665 0.0825644 0.0171744 0.00140818
 0.82077 0.150462 0.0184787 0.00839835 0.00189019
pobs_pel_tallas
 0 0 0 0 0 0 0 0 0 0 0 0 0 0 0 0 0 0 0 0 0 0 0 0 0 0
 0 0 0 0 0 0 0 0 0 0 0 0 0 0 0 0 0 0 0 0 0 0 0 0 0 0
 0 0 0 0 0 0 0 0 0 0 0 0 0 0 0 0 0 0 0 0 0 0 0 0 0 0
 0 0 0 0 0 0 0 0 0 0 0 0 0 0 0 0 0 0 0 0 0 0 0 0 0 0
 0 0 0 0 0 0 0 0 0 0 0 0 0 0 0 0 0 0 0 0 0 0 0 0 0 0
 0 0 0 0 0 0 0 0 0 0 0 0 0 0 0 0 0 0 0 0 0 0 0 0 0 0
 0 0 0 0 0 0 0 0 0 0 0 0 0 0 0 0 0 0 0 0 0 0 0 0 0 0
 0 0 0 0 0 0 0 0 0 0 0 0 0 0 0 0 0 0 0 0 0 0 0 0 0 0
 0 0 0 0 0 0 0 0 0 0 0 0 0 0 0 0 0 0 0 0 0 0 0 0 0 0
 0 0 0 0 0 0 0 0 0 0 0 0 0 0 0 0 0 0 0 0 0 0 0 0 0 0
 0 0 0 0 0 0 0 0 0 0 0 0 0 0 0 0 0 0 0 0 0 0 0 0 0 0
 0 0 0 0 0 0 0 0 0 0 0 0 0 0 0 0 0 0 0 0 0 0 0 0 0 0
 0.00862536 0 0 0.000197151 0.00414017 0.0128641 0.00837892 0.0270097 0.101434 0.158115 0.152841 0.127902 0.109271 0.109419 0.0830992 0.0579132 0.0238553 0.00714673 0.00463305 0.00128148 0.00103504 0.000492878 0.000147863 0.000147863 4.92878e-05 0
 0 0 0 0 0 0 0 0 0 0 0 0 0 0 0 0 0 0 0 0 0 0 0 0 0 0
 0 0 0 0 0 0 0 0.0054083 0.00873648 0.0413646 0.0450493 0.0745869 0.0622846 0.0627006 0.0613931 0.0827291 0.12552 0.122667 0.0946155 0.0697135 0.0546179 0.0294188 0.0215738 0.0213955 0.0102223 0.00600262
 0 0 0 0 0.00359764 0.0251062 0.0480494 0.140153 0.205849 0.193036 0.1447 0.116669 0.0760912 0.0342217 0.00950174 0.001854 0.000860785 0 0 0 0.000165536 0 0.000143464 0 0 0
 0 0 0 0 0 0 0 0.000145254 0.000435761 0.0275982 0.070085 0.0708112 0.156366 0.174668 0.174014 0.160142 0.0824315 0.0480064 0.0283245 0.00493863 0.00203355 0 0 0 0 0
 0 0 0 0 0 0 0 0 0 0 0 0 0 0 0 0 0 0 0 0 0 0 0 0 0 0
 0 0 1.00437e-05 0.000401748 0.00122533 0.00171747 0.00176769 0.0269171 0.070346 0.194647 0.189555 0.159765 0.064822 0.0314167 0.0384472 0.0292271 0.0345202 0.0313363 0.0194345 0.0106764 0.0143323 0.0359363 0.0279516 0.0138201 0.00172751 0
 0 0.0021121 0.0136068 0.0755702 0.200478 0.177729 0.0527432 0.0373336 0.0318909 0.0142505 0.0149659 0.0166563 0.0217959 0.0798694 0.0677717 0.0528807 0.04013 0.0224614 0.0357745 0.0225083 0.00881397 0.00855152 0.00135912 0.000746735 0 0
 0 0 0 0 5.4009e-05 0.00500934 0.000945158 0.0243581 0.138947 0.33067 0.221406 0.137944 0.0707744 0.0437923 0.0131692 0.00525238 0.0047753 0.00276346 9.45158e-05 9.00151e-06 2.25038e-05 9.00151e-06 4.50075e-06 0 0 0
 0.000866109 0.00284123 0.00948549 0.0512746 0.133035 0.25785 0.225252 0.132002 0.0553304 0.0519788 0.0540692 0.017754 0.00435017 0.00159236 0.00146478 0.000404838 0.000125132 0.000115318 0.000107957 0.000100596 0 0 0 0 0 0
 0 0 0 0 0.00144013 0.00171154 0.00461396 0.0210425 0.0478622 0.0707936 0.0888783 0.103762 0.0637923 0.0337046 0.0602308 0.124433 0.169614 0.0934646 0.0462172 0.0250306 0.0313229 0.00938855 0.002487 0.000210481 0 0
 0 0.00764035 0.051015 0.0998891 0.058973 0.0496711 0.0374665 0.0718981 0.12319 0.153886 0.159021 0.0857701 0.0377988 0.023471 0.0147837 0.00900784 0.00315554 0.000888139 0.00291439 0.00214683 0.00393193 0.00274676 0.000635225 9.99891e-05 0 0
 0 0 0 0 0 0 0 0 0 0 0 0 0 0 0 0 0 0 0 0 0 0 0 0 0 0
 0 0 0 0 0 0 0 0 0 0 0 0 0 0 0 0 0 0 0 0 0 0 0 0 0 0
 0 0 0 0 0 0 0 0 0 0 0 0 0 0 0 0 0 0 0 0 0 0 0 0 0 0
 0 0 0 0 0 0 0 0 0 0 0 0 0 0 0 0 0 0 0 0 0 0 0 0 0 0
 0 0 0 0 0 0 0 0 0 0 0 0 0 0 0 0 0 0 0 0 0 0 0 0 0 0
 0 0 0 0 0 0 0 0 0 0 0 0 0 0 0 0 0 0 0 0 0 0 0 0 0 0
 0 0 0 0 0 0 0 0 0 0 0 0 0 0 0 0 0 0 0 0 0 0 0 0 0 0
ppred_pel_tallas
 1.08613e-16 4.67134e-05 0.000454071 0.00301746 0.0137169 0.0426786 0.090932 0.132722 0.13274 0.0910209 0.0429781 0.0145859 0.00521381 0.00529878 0.0093941 0.0158374 0.0236951 0.0316362 0.0382657 0.0428303 0.0454679 0.0467299 0.0468483 0.0454625 0.0420193 0.0364087
 1.09845e-16 4.19256e-05 0.000407531 0.00270819 0.0123111 0.0383045 0.081613 0.119124 0.119158 0.0817814 0.03887 0.013945 0.00681136 0.0093713 0.017086 0.0282367 0.0408141 0.0516487 0.0575617 0.0571548 0.0516601 0.0440766 0.0372919 0.0326478 0.0298016 0.0275728
 1.0674e-16 5.30774e-05 0.000515931 0.00342855 0.0155857 0.048493 0.10332 0.150804 0.150827 0.103435 0.0488782 0.0166994 0.00622794 0.00663988 0.0117215 0.0193935 0.0281661 0.035914 0.0404988 0.0409314 0.0379231 0.033315 0.0288696 0.0253944 0.0227166 0.020248
 1.02659e-16 6.45905e-05 0.000627843 0.00417224 0.0189664 0.0590116 0.125731 0.183512 0.183528 0.125811 0.0592813 0.0197456 0.00612883 0.00490129 0.00818715 0.0134501 0.0194104 0.0244977 0.027157 0.026675 0.0235952 0.0193301 0.0152919 0.0122232 0.0101183 0.00858215
 1.02012e-16 5.42463e-05 0.000527294 0.00350405 0.0159289 0.049561 0.105596 0.154127 0.154156 0.105738 0.0500374 0.0173048 0.00695685 0.00806171 0.0143544 0.0236208 0.0339647 0.0425912 0.0466867 0.0449501 0.0383667 0.0295449 0.0211709 0.0147801 0.0105486 0.00786867
 1.02006e-16 6.20547e-05 0.000603194 0.00400844 0.0182218 0.0566948 0.120795 0.176308 0.176327 0.120888 0.0570058 0.0191204 0.00626536 0.00553392 0.0094376 0.0155329 0.022436 0.0283494 0.0314754 0.030969 0.027416 0.0223939 0.0174917 0.0135661 0.0106653 0.00843367
 1.03747e-16 3.45877e-05 0.000336205 0.0022342 0.0101564 0.0316005 0.0673301 0.0982803 0.0983285 0.0675654 0.0323906 0.0124382 0.00796117 0.0128363 0.0237686 0.0392239 0.0564627 0.0709223 0.0779655 0.0754415 0.0649576 0.0507733 0.0372502 0.0268443 0.0197954 0.0151024
 1.09574e-16 3.40584e-05 0.00033106 0.00220001 0.0100009 0.0311168 0.0662989 0.0967724 0.0968067 0.0664667 0.0316807 0.0116328 0.00630764 0.00933603 0.0172473 0.0287492 0.0420855 0.0543285 0.0624637 0.0650259 0.0628246 0.0581007 0.0528725 0.0478666 0.0426926 0.036758
 1.12065e-16 4.31509e-05 0.000419442 0.00278734 0.0126709 0.0394239 0.0839978 0.122603 0.12263 0.0841303 0.0398691 0.0139586 0.00602706 0.00751606 0.0135932 0.0225958 0.0330027 0.0424797 0.0486787 0.0505496 0.0489188 0.0457756 0.0428633 0.0407166 0.0387431 0.0360062
 1.04209e-16 6.61136e-05 0.000642647 0.00427062 0.0194136 0.060403 0.128696 0.187838 0.187851 0.12876 0.060621 0.0200435 0.00585323 0.0041026 0.00665244 0.0109339 0.015842 0.0201329 0.0225898 0.0226667 0.0208053 0.018106 0.0156238 0.0138422 0.0126384 0.0116054
 1.00578e-16 7.4764e-05 0.000726732 0.00482939 0.0219537 0.0683062 0.145534 0.212413 0.212421 0.145573 0.0684372 0.0223319 0.00577822 0.00279671 0.00400212 0.00648776 0.0093147 0.0116633 0.012754 0.0122299 0.0103681 0.00789751 0.00557046 0.00381962 0.0026954 0.00202219
 1.00378e-16 6.73409e-05 0.000654578 0.0043499 0.019774 0.0615244 0.131085 0.191326 0.191342 0.131167 0.0617985 0.0205655 0.00633517 0.00498389 0.00827602 0.0135399 0.0194147 0.0242379 0.0263641 0.0250342 0.0208325 0.0153112 0.0100929 0.00614099 0.00361259 0.00217019
 1.01237e-16 5.23265e-05 0.000508632 0.00338004 0.0153652 0.047807 0.101859 0.148673 0.148705 0.102014 0.0483274 0.0168679 0.00715079 0.00873614 0.0156657 0.0257834 0.0370593 0.0464355 0.0508247 0.0487891 0.0413924 0.031482 0.0220093 0.0146901 0.00977241 0.00665006
 1.0215e-16 6.02104e-05 0.000585267 0.0038893 0.0176802 0.0550099 0.117205 0.171068 0.171089 0.117305 0.0553442 0.0186462 0.00631566 0.00588729 0.010145 0.016716 0.024165 0.030574 0.0340179 0.0335878 0.0298998 0.0246228 0.0194319 0.0152208 0.0120329 0.00950106
 1.0021e-16 7.97118e-05 0.000774827 0.005149 0.0234066 0.0728267 0.155165 0.226468 0.226471 0.155178 0.0728706 0.0235336 0.00546779 0.00147062 0.00140077 0.0021886 0.00314261 0.00394657 0.00433758 0.00419577 0.00361086 0.00282037 0.0020675 0.00148917 0.00109858 0.000839539
 1.0005e-16 7.77571e-05 0.000755827 0.00502273 0.0228326 0.0710408 0.15136 0.220916 0.220921 0.151386 0.0711277 0.0230835 0.00565192 0.00212745 0.00267719 0.00428832 0.00613574 0.00764363 0.00828376 0.00781467 0.00642549 0.00461721 0.00291626 0.00163914 0.000841411 0.000414207
 1.00687e-16 3.02916e-05 0.000294445 0.00195669 0.00889489 0.0276756 0.058968 0.0860779 0.086137 0.0592569 0.0286452 0.0116938 0.00897679 0.0156005 0.0290436 0.0478205 0.0685398 0.0854631 0.092761 0.0877415 0.0724911 0.0525518 0.033738 0.0195327 0.0105398 0.00556918
 1.01924e-16 7.12114e-05 0.0006922 0.00459992 0.0209106 0.0650605 0.138619 0.202319 0.202327 0.138654 0.0651788 0.0212531 0.00546327 0.00258887 0.00370819 0.00610812 0.00900132 0.0117518 0.013744 0.0146623 0.0146238 0.0140028 0.0131107 0.012018 0.010632 0.00890021
 1.00897e-16 6.62813e-05 0.000644278 0.00428145 0.0194629 0.0605563 0.129022 0.188315 0.188333 0.129108 0.060843 0.0202905 0.00635748 0.00517173 0.0086515 0.0141632 0.0203158 0.0253798 0.0276439 0.0263255 0.0220459 0.016432 0.0111714 0.0072464 0.0047833 0.00338896
 1.00935e-16 6.2841e-05 0.000610837 0.00405923 0.0184527 0.0574133 0.122326 0.178542 0.178563 0.122426 0.0577493 0.019423 0.00649412 0.00592385 0.0101462 0.0166554 0.0239415 0.0300094 0.0328664 0.0315859 0.0268537 0.0205045 0.0144375 0.00975286 0.00660429 0.0045966
 1.01074e-16 6.45969e-05 0.000627905 0.00417265 0.0189683 0.0590174 0.125743 0.18353 0.183548 0.125832 0.0593143 0.0198259 0.00632517 0.00532613 0.00898511 0.0147457 0.0212198 0.0266489 0.0292827 0.0283055 0.0243134 0.0189009 0.0137078 0.00966794 0.00689296 0.00503335
 1.01398e-16 5.84692e-05 0.000568341 0.00377683 0.0171689 0.053419 0.113816 0.166123 0.166147 0.113936 0.0538236 0.0183374 0.00670914 0.00696755 0.0122056 0.0200694 0.0288656 0.0362139 0.0397244 0.0382866 0.032724 0.0252328 0.0180761 0.0125503 0.00881586 0.00638441
 1.03998e-16 3.13355e-05 0.000304592 0.00202412 0.00920141 0.0286293 0.0609995 0.0890411 0.0890911 0.0612439 0.0294499 0.011572 0.00797551 0.0132996 0.0247199 0.0408393 0.058876 0.0741327 0.0818203 0.0796978 0.069371 0.0551459 0.0414115 0.0306116 0.0229736 0.0175372
 1.023e-16 7.20646e-05 0.000700493 0.00465502 0.0211611 0.06584 0.140279 0.204743 0.20475 0.140313 0.0659527 0.0214874 0.00547704 0.0025041 0.00352425 0.00578225 0.00848584 0.0110119 0.0127678 0.0134664 0.0132599 0.012567 0.0117466 0.0108969 0.00990647 0.0086494
 1.00963e-16 6.4389e-05 0.000625884 0.00415922 0.0189072 0.0588275 0.125339 0.18294 0.18296 0.125435 0.0591498 0.0198377 0.00649333 0.00571597 0.00971589 0.0159199 0.0228325 0.0285149 0.0310409 0.029529 0.0246779 0.0183208 0.0123624 0.00791696 0.00513496 0.00357888
 1.02379e-16 3.79795e-05 0.000369174 0.00245329 0.0111523 0.0346993 0.0739323 0.107916 0.107962 0.074156 0.0354503 0.0133211 0.00789623 0.0122481 0.0225889 0.0372586 0.0536069 0.0672749 0.0738311 0.0712065 0.0609127 0.0470038 0.0336626 0.0232933 0.0162133 0.0115535
 1.01999e-16 7.04542e-05 0.00068484 0.004551 0.0206882 0.0643687 0.137145 0.200169 0.200178 0.137189 0.064516 0.0211143 0.00562311 0.00303346 0.00455489 0.00748107 0.0109149 0.014027 0.0160112 0.0164788 0.0156519 0.0141472 0.0125381 0.011062 0.00964984 0.00815351
 1.01454e-16 5.63404e-05 0.000547648 0.00363932 0.0165438 0.0514741 0.109672 0.160076 0.160104 0.109809 0.0519351 0.0178747 0.0069781 0.00782964 0.0138668 0.022785 0.0326993 0.0408733 0.044561 0.0425017 0.035685 0.0267108 0.0182757 0.0119488 0.00793516 0.00561778
 1.0366e-16 3.83719e-05 0.000372989 0.00247864 0.0112676 0.0350578 0.074696 0.10903 0.109072 0.0749016 0.0357482 0.013262 0.00748682 0.0113121 0.0208315 0.0344234 0.0496875 0.0626904 0.0694241 0.0680005 0.0597294 0.0481527 0.0368653 0.0278461 0.0212652 0.0163601
 1.0439e-16 5.90739e-05 0.000574219 0.00381589 0.0173465 0.0539715 0.114993 0.167839 0.167856 0.115079 0.0542607 0.0181829 0.00591992 0.00518206 0.00885338 0.0146558 0.0213698 0.0274235 0.0312387 0.0320649 0.030368 0.0274002 0.0243249 0.0216201 0.0191226 0.0164792
 1.01734e-16 6.76058e-05 0.000657152 0.00436701 0.0198518 0.0617664 0.1316 0.192078 0.192092 0.131671 0.0620043 0.0205388 0.00609138 0.00442108 0.00721493 0.0118182 0.0170127 0.0213844 0.0235424 0.0228504 0.019804 0.0156922 0.011823 0.00891378 0.00699994 0.0057372
pSPR Fmed_Fpbrs
0.550592   0.221452 0.221452
Fs Fmed_Fpbrs
0.34   1.005 1.005
SSBpbr Bo_Bmed_Bpbrs
498626  249608  85490.4 85490.4
Ro
97703.2
SPR SPRFo_SPRFmed_SPRFpbrs
697376 383970 154435
Fref
1.005
Nvult_r0
 133651 14359 1763.47 801.477 180.386
CTP_r0
 57541 7197.42 883.936 401.738 90.4181
YTP_r0
620582
Np
 111048 19181.3 5277.21 472.558 65.8514
Nvult_p0
 91866.3 16598.3 4566.58 408.923 56.9839
CTP_p0
 39551.3 16998.2 1522.14 186.938 102.929
 39551.3 8319.85 2288.98 204.972 28.563
YTP_p0
 640957 505921
CBA_c0
626695
log_Ro
11.3097
likeval ReclasPelacesDesembMPH_pf_preclas_ppelaces_ptallas_desvR_qrecl_qpela
 15.3744 0.00329838 0.0195356 42.6474 242.545 126.032 111.111 0 21.8991 0.000132522 0 0.0338471 0 0 0
q_reclas_q_pelaces
5.09376 1
M
1
N
 147212 26322.1 32378.8 2820.91 0.156853
 93614.8 38848.8 6226.51 7659.24 667.326
 83842.1 18639.8 6319.36 1012.84 1354.44
 127007 16772 3050.91 1034.34 387.47
 94039.4 22884.5 2388.96 434.564 202.519
 194255 27670.5 6256.11 653.088 174.164
 69096 51608.1 6604.03 1493.13 197.438
 24765.7 11069.1 6287.5 804.58 205.964
 23688.7 7736.83 3276.78 1861.28 299.15
 32673.2 4162.47 1065.85 451.418 297.627
 57461.6 2807.18 221.524 56.7236 39.8636
 128513 16536.2 745.085 58.7972 25.6363
 73684.4 23464.5 2397.23 108.014 12.2402
 43909.3 12773.8 3175.02 324.372 16.2718
 67314.3 1242.23 155.267 38.5927 4.14056
 284658 9927.46 135.581 16.9463 4.66405
 57072.9 54624.3 1537.52 20.9981 3.34692
 245188 12783.3 10390.4 292.461 4.63082
 292628 43323.8 1774.15 1442.04 41.2321
 230860 39897.7 4259.86 174.445 145.845
 277425 38662.4 5156.28 550.534 41.3935
 255208 58605.6 6803.7 907.388 104.166
 44210.3 38774.3 6654.44 772.534 114.858
 131748 6470.18 4188.95 718.907 95.8687
 149071 23544.7 911.597 590.19 114.795
 44814.1 27393.4 3442.47 133.285 103.076
 140407 8819.62 4387.47 551.364 37.8567
 123016 29815 1562.78 777.433 104.406
 52707.9 28450.4 5918.01 310.199 175.037
 78150 11502.2 5227.61 1087.4 89.1596
 161557 16593.5 2037.9 926.199 208.457
pred_Ctot
 27021.2 6155.72 7572.17 659.703 0.0366818
 28519 14617.4 2342.8 2881.88 251.09
 25391.6 6975.56 2364.89 379.034 506.873
 43366.8 7002.75 1273.84 431.864 161.779
 12117 3806.75 397.394 72.288 33.6882
 35029 6362.3 1438.47 150.165 40.0457
 26341.4 23791.8 3044.52 688.344 91.0205
 2392.53 1391.01 790.12 101.108 25.8825
 8297.1 3305.58 1400.01 795.236 127.813
 17697.5 2597.44 665.104 281.692 185.723
 8068.52 507.481 40.047 10.2545 7.20654
 43274.5 6817.77 307.194 24.2418 10.5697
 26152.1 10145.6 1036.52 46.7033 5.29245
 30699.5 9757.19 2425.22 247.77 12.4291
 27405.3 607.052 75.8758 18.8595 2.02341
 90687.6 3891.64 53.1487 6.64309 1.82834
 14688 17580.5 494.84 6.7581 1.07718
 85403.3 5434.41 4417.15 124.33 1.96864
 125895 22222.1 910.015 739.67 21.1493
 84641.1 17762.1 1896.45 77.6614 64.9289
 78074 13521.7 1803.35 192.543 14.4769
 101573 28071.6 3258.91 434.631 49.8945
 18101.8 19043.5 3268.25 379.421 56.4112
 45367.3 2722.23 1762.43 302.469 40.3352
 49854.3 9647.09 373.513 241.822 47.0357
 13851.4 10445 1312.6 50.821 39.3025
 39221.1 3063.37 1523.93 191.509 13.149
 29978.4 9118.47 477.954 237.766 31.9311
 14136.3 9515.61 1979.36 103.75 58.5436
 21832.8 3995.57 1815.94 377.736 30.9718
 35977.7 4662.39 572.602 260.241 58.5717
F
 0.332193 0.441592 0.441592 0.441592 0.441592
 0.613892 0.81606 0.81606 0.81606 0.81606
 0.609227 0.809859 0.809859 0.809859 0.809859
 0.713786 0.948851 0.948851 0.948851 0.948851
 0.223347 0.296901 0.296901 0.296901 0.296901
 0.325494 0.432687 0.432687 0.432687 0.432687
 0.831337 1.10511 1.10511 1.10511 1.10511
 0.163466 0.217299 0.217299 0.217299 0.217299
 0.73889 0.982223 0.982223 0.982223 0.982223
 1.45438 1.93333 1.93333 1.93333 1.93333
 0.245566 0.326436 0.326436 0.326436 0.326436
 0.700536 0.931239 0.931239 0.931239 0.931239
 0.752395 1.00018 1.00018 1.00018 1.00018
 2.56522 3.41001 3.41001 3.41001 3.41001
 0.914068 1.21509 1.21509 1.21509 1.21509
 0.650809 0.865135 0.865135 0.865135 0.865135
 0.496188 0.659594 0.659594 0.659594 0.659594
 0.733323 0.974823 0.974823 0.974823 0.974823
 0.992584 1.31946 1.31946 1.31946 1.31946
 0.786945 1.0461 1.0461 1.0461 1.0461
 0.554719 0.737401 0.737401 0.737401 0.737401
 0.884319 1.17555 1.17555 1.17555 1.17555
 0.921754 1.22531 1.22531 1.22531 1.22531
 0.721993 0.959761 0.959761 0.959761 0.959761
 0.694122 0.922712 0.922712 0.922712 0.922712
 0.625544 0.83155 0.83155 0.83155 0.83155
 0.549537 0.730511 0.730511 0.730511 0.730511
 0.464154 0.61701 0.61701 0.61701 0.61701
 0.522226 0.694207 0.694207 0.694207 0.694207
 0.549618 0.73062 0.73062 0.73062 0.73062
 0.416457 0.553606 0.553606 0.553606 0.553606
YTP_r0W_actual
 477590 101484 24396.6 13739.4 3372.59
YTP_p0W_proyectada
 298217 296619 36637.9 5854.91 3628.25
 298217 145181 55095.9 6419.71 1006.85
CTP_r0_actual
 57541 7197.42 883.936 401.738 90.4181
CTP_p0_proyectada
 39551.3 16998.2 1522.14 186.938 102.929
 39551.3 8319.85 2288.98 204.972 28.563
Wmedp
 7.54 17.45 24.07 31.32 35.25
Frms_r0
 0.756024 1.005 1.005 1.005 1.005
Zrms_r0
 1.75602 2.005 2.005 2.005 2.005
nmprior
 7.29 8.9 8.7 0
nm_flota  nm_reclas  nm_pelaces    nm_pelaL
inf 10.1757 9.88743 19.6611
cv_recla  cv_pelaces  cv_mph
0.354669 2.17071 0.54337
 ------------------------------------------------
Talla a la edad & desviaci?n 
 8 13.2811 15.8009 17.003 17.5766
 0.8 1.32811 1.58009 1.7003 1.75766
