years
 1991 1992 1993 1994 1995 1996 1997 1998 1999 2000 2001 2002 2003 2004 2005 2006 2007 2008 2009 2010 2011 2012 2013 2014 2015 2016 2017 2018 2019 2020
reclasobs
 0 0 0 0 0 0 0 0 0 252601 567819 844713 477998 351125 339783 2.1784e+06 2.13404e+06 4.81314e+06 1.55562e+06 2.62356e+06 3.21686e+06 3.843e+06 1.13348e+06 3.07943e+06 1.97215e+06 2.03268e+06 2.025e+06 2.42433e+06 2.27542e+06 1.05018e+06
reclaspred
 4.52672e+06 2.44402e+06 1.18235e+06 1.37921e+06 1.64282e+06 3.29547e+06 1.97332e+06 1.44909e+06 837631 335646 577684 1.25391e+06 1.0919e+06 270356 674251 2.10792e+06 2.16535e+06 2.76861e+06 2.4584e+06 2.15825e+06 4.21855e+06 2.71413e+06 1.27962e+06 1.90028e+06 1.6855e+06 1.41362e+06 2.06158e+06 2.2882e+06 1.75848e+06 717097
pelacesobs
 0 0 0 0 0 0 0 0 0 0 0 0 0 0 0 552880 188675 0 991730 2.46772e+06 1.41603e+06 1.21717e+06 2.29649e+06 1.80582e+06 0 1.4828e+06 1.56532e+06 1.57751e+06 1.42118e+06 867257
pelacespred
 2.62646e+06 1.4205e+06 642409 625959 932516 1.88823e+06 1.01325e+06 1.00011e+06 495394 139137 325705 598271 561357 81282.8 339714 978211 1.11259e+06 1.40242e+06 1.2156e+06 981877 2.17045e+06 1.36549e+06 616762 1.04258e+06 859620 742871 1.31127e+06 1.3671e+06 956655 350633
mphobs
 0 0 0 0 0 0 0 0 0 0 0 0 498337 0 5186 125008 0 168611 109162 213762 579715 649985 157893 87575 83554 210694 70296 0 107559 103333
mphpred
 785198 534596 236473 137243 199807 285303 471504 205604 174300 70687.3 23920.3 112686 178147 76418.3 10284.2 86836.4 360099 259375 285187 231922 322416 422182 212622 95613.9 218349 193845 139290 258623 336955 161404
desembarqueobs
 494567 514787 250237 358949 120608 361735 552515 73892 212993 205616 52469 317467 293654 387597 252695 516296 358380 742168 942051 627588 828172 859565 418607 520667 417249 300574 415391 372974 316634 284311
desembarquepred
 494554 514428 250389 358939 120609 361712 552469 73897.4 213070 205684 52470.3 317423 293701 387627 252578 516103 358361 741966 941151 627165 828083 859621 418671 520668 417093 300584 415303 372903 316488 284205
Reclutas
 143646 95410.7 84257.2 127816 92444.2 196905 69818.8 24479.9 23683 32014.5 55163.6 131099 71272.9 44914.9 65512.9 283672 55032.4 247486 288936 231706 275161 260793 43053.5 129714 150924 44387.8 138122 122741 43802.6 35591.5
log_desv_Rt
 0.439981 0.0308174 -0.0935001 0.323216 -0.000768093 0.755349 -0.281471 -1.32952 -1.36262 -1.06118 -0.517071 0.348577 -0.260857 -0.722605 -0.345127 1.12044 -0.519452 0.983981 1.13883 0.918094 1.08998 1.03635 -0.76493 0.337959 0.489402 -0.734409 0.400767 0.282703 -0.74768 -0.955266
SSB
 785198 534596 236473 137243 199807 285303 471504 205604 174300 70687.3 23920.3 112686 167774 73175.9 9840.41 83700.1 360099 259375 298612 241504 345444 490650 271433 111696 231186 224337 146657 258623 354985 153827
BT
 1.33527e+06 994127 451873 583405 477011 1.22446e+06 839708 477337 409149 257161 222660 559259 508998 429398 452941 963355 695956 1.36926e+06 1.50051e+06 959479 1.80351e+06 1.34376e+06 606764 1.08637e+06 736120 566791 1.1461e+06 984869 600170 414626
Ftot
 0.451859 0.838572 0.832877 0.939328 0.297335 0.419955 1.08469 0.21379 0.963389 1.93731 0.328943 0.905452 0.999655 3.3357 1.20564 0.839278 0.669006 0.953898 1.30007 1.02423 0.724657 1.14705 1.22002 0.943329 0.904252 0.82613 0.718004 0.604963 0.737618 1.40417
BD_Bspro_t
 0.930254 0.579706 0.310528 0.225282 0.272641 0.397346 0.458451 0.2457 0.278446 0.163961 0.0839631 0.383613 0.330892 0.148761 0.0251626 0.177731 0.35701 0.268602 0.25698 0.195618 0.214619 0.267835 0.185904 0.103377 0.215265 0.242112 0.206173 0.341213 0.3953 0.2287
BD_Bspro
 1.19228 0.811756 0.359072 0.208397 0.303396 0.433217 0.715953 0.312198 0.264666 0.107335 0.0363217 0.171107 0.254756 0.111114 0.0149421 0.127094 0.546791 0.393847 0.453427 0.366711 0.524538 0.745026 0.412157 0.169605 0.351044 0.340644 0.222691 0.392705 0.539026 0.233578
BD_Bo
 1.58774 1.081 0.478171 0.277519 0.404028 0.576909 0.953425 0.41575 0.352451 0.142936 0.0483691 0.227861 0.339254 0.147968 0.0198982 0.169249 0.728153 0.52448 0.603822 0.488344 0.69852 0.99214 0.548863 0.225861 0.46748 0.45363 0.296555 0.522959 0.717814 0.311053
BD_Brms
 9.73593 6.62864 2.93211 1.70173 2.47747 3.53756 5.84633 2.54935 2.16121 0.876476 0.296596 1.39723 2.08028 0.907332 0.122015 1.03783 4.46499 3.21607 3.70259 2.99449 4.28327 6.08373 3.36559 1.38496 2.86656 2.78163 1.81845 3.20675 4.40158 1.90735
Sel_flota
 0.790765 1 1 1 1
 0.790765 1 1 1 1
 0.790765 1 1 1 1
 0.790765 1 1 1 1
 0.790765 1 1 1 1
 0.790765 1 1 1 1
 0.790765 1 1 1 1
 0.790765 1 1 1 1
 0.790765 1 1 1 1
 0.790765 1 1 1 1
 0.790765 1 1 1 1
 0.790765 1 1 1 1
 0.790765 1 1 1 1
 0.790765 1 1 1 1
 0.790765 1 1 1 1
 0.790765 1 1 1 1
 0.790765 1 1 1 1
 0.790765 1 1 1 1
 0.790765 1 1 1 1
 0.790765 1 1 1 1
 0.790765 1 1 1 1
 0.790765 1 1 1 1
 0.790765 1 1 1 1
 0.790765 1 1 1 1
 0.790765 1 1 1 1
 0.790765 1 1 1 1
 0.790765 1 1 1 1
 0.790765 1 1 1 1
 0.790765 1 1 1 1
 0.790765 1 1 1 1
Sel_reclas
 0.606421 1 1 1 1
 0.606421 1 1 1 1
 0.606421 1 1 1 1
 0.606421 1 1 1 1
 0.606421 1 1 1 1
 0.606421 1 1 1 1
 0.606421 1 1 1 1
 0.606421 1 1 1 1
 0.606421 1 1 1 1
 0.606421 1 1 1 1
 0.606421 1 1 1 1
 0.606421 1 1 1 1
 0.606421 1 1 1 1
 0.606421 1 1 1 1
 0.606421 1 1 1 1
 0.606421 1 1 1 1
 0.606421 1 1 1 1
 0.606421 1 1 1 1
 0.606421 1 1 1 1
 0.606421 1 1 1 1
 0.606421 1 1 1 1
 0.606421 1 1 1 1
 0.606421 1 1 1 1
 0.606421 1 1 1 1
 0.606421 1 1 1 1
 0.606421 1 1 1 1
 0.606421 1 1 1 1
 0.606421 1 1 1 1
 0.606421 1 1 1 1
 0.606421 1 1 1 1
Sel_pelaces
 0.5 1 1 1 1
 0.5 1 1 1 1
 0.5 1 1 1 1
 0.5 1 1 1 1
 0.5 1 1 1 1
 0.5 1 1 1 1
 0.5 1 1 1 1
 0.5 1 1 1 1
 0.5 1 1 1 1
 0.5 1 1 1 1
 0.5 1 1 1 1
 0.5 1 1 1 1
 0.5 1 1 1 1
 0.5 1 1 1 1
 0.5 1 1 1 1
 0.5 1 1 1 1
 0.5 1 1 1 1
 0.5 1 1 1 1
 0.5 1 1 1 1
 0.5 1 1 1 1
 0.5 1 1 1 1
 0.5 1 1 1 1
 0.5 1 1 1 1
 0.5 1 1 1 1
 0.5 1 1 1 1
 0.5 1 1 1 1
 0.5 1 1 1 1
 0.5 1 1 1 1
 0.5 1 1 1 1
 0.5 1 1 1 1
pf_obs 
 0.8446 0.082 0.0669 0.0065 0
 0.8095 0.147 0.0364 0.0071 0
 0.9664 0.0169 0.016 0.0007 0
 0.9276 0.0648 0.0075 0.0001 0
 0.7033 0.2144 0.0806 0.0017 0
 0.9318 0.0425 0.0243 0.0014 0
 0.5671 0.3108 0.0964 0.0239 0.0018
 0.0768 0.2599 0.5324 0.112 0.0189
 0.490249 0.384438 0.106611 0.0170017 0.00170017
 0.7925 0.1577 0.0466 0.003 0.0002
 0.840416 0.127587 0.0312969 0.00059994 9.999e-05
 0.8084 0.0986 0.0794 0.0134 0.0002
 0.7335 0.1905 0.0724 0.0035 0.0001
 0.4001 0.4547 0.1325 0.0127 0
 0.49795 0.308269 0.164784 0.0264974 0.00249975
 0.9179 0.0499 0.0305 0.0017 0
 0.2467 0.6533 0.0926 0.0074 0
 0.9418 0.0223 0.034 0.0019 0
 0.707729 0.231977 0.0356964 0.0245975 0
 0.517169 0.277429 0.184464 0.0207286 0.00020938
 0.811772 0.124168 0.05621 0.00726502 0.000585176
 0.764997 0.148141 0.077277 0.00933861 0.000247198
 0.163321 0.427699 0.378323 0.0303852 0.000271297
 0.753843 0.0900009 0.118128 0.0371064 0.000921714
 0.721811 0.176058 0.0630433 0.0369309 0.00215725
 0.143369 0.312575 0.442814 0.0836902 0.0175525
 0.692698 0.0596174 0.167031 0.0765114 0.00414204
 0.394062 0.376323 0.152708 0.0712218 0.00568511
 0.125707 0.32114 0.495352 0.0537591 0.00404204
 0.23352 0.215282 0.420074 0.123614 0.00750983
pf_pred 
 0.663715 0.147516 0.173421 0.015347 8.36731e-07
 0.612077 0.281494 0.0466864 0.0548848 0.00485733
 0.730435 0.186161 0.0605218 0.0100377 0.0128447
 0.842678 0.12475 0.0224941 0.00731292 0.0027649
 0.747723 0.223246 0.023021 0.00415097 0.00185972
 0.826631 0.137925 0.0313651 0.00323435 0.000844478
 0.498236 0.433611 0.0542195 0.0123299 0.00160342
 0.517578 0.28606 0.169691 0.0212185 0.00545271
 0.606217 0.229259 0.097557 0.0578709 0.00909585
 0.828702 0.118066 0.0309913 0.0131878 0.00905256
 0.94006 0.0533802 0.00452149 0.00118685 0.000851721
 0.871173 0.122884 0.00529278 0.000448316 0.000202129
 0.699871 0.271975 0.0268561 0.00115673 0.000142154
 0.730409 0.208009 0.0558045 0.0055104 0.000266508
 0.976063 0.0204455 0.00269412 0.000722777 7.48222e-05
 0.961996 0.0373907 0.000524099 6.9061e-05 2.04456e-05
 0.453526 0.531628 0.0146054 0.000204722 3.49627e-05
 0.903866 0.0513355 0.0435813 0.00119731 1.96486e-05
 0.844683 0.144625 0.00570931 0.00484692 0.000135344
 0.822439 0.158359 0.0178801 0.000705844 0.000615959
 0.840837 0.138584 0.0183542 0.00207234 0.0001532
 0.775411 0.197699 0.0234134 0.0031009 0.000376001
 0.444843 0.464348 0.0799359 0.0094668 0.00140582
 0.908606 0.0498533 0.0347454 0.0059813 0.000813557
 0.84057 0.148997 0.00569112 0.00396645 0.000775684
 0.548433 0.398629 0.0494734 0.0018897 0.0015746
 0.895644 0.0659191 0.0339311 0.00421116 0.00029488
 0.765328 0.216526 0.0114619 0.0058999 0.000783503
 0.516944 0.394632 0.0815866 0.00431882 0.00251829
 0.673449 0.195514 0.10705 0.0221317 0.00185468
pobs_RECLAS
 0 0 0 0 0
 0 0 0 0 0
 0 0 0 0 0
 0 0 0 0 0
 0 0 0 0 0
 0 0 0 0 0
 0 0 0 0 0
 0 0 0 0 0
 0 0 0 0 0
 0 0 0 0 0
 0.991045 0.00858322 0.000360255 1.14367e-05 0
 0.934742 0.0480273 0.0164251 0.00080598 0
 0.827803 0.169806 0.00239088 0 0
 0.941827 0.0461693 0.0120037 0 0
 0.791401 0.0380133 0.147996 0.0225897 0
 0.846168 0.0940531 0.0597789 0 0
 0.134021 0.677848 0.182769 0.00536245 0
 0.80878 0.0450904 0.141981 0.00414843 0
 0.846168 0.0940531 0.0597789 0 0
 0.905697 0.0802665 0.012482 0.00150086 5.37128e-05
 0.989698 0.0102097 9.19794e-05 0 0
 0.975433 0.0193895 0.00387452 0.00125025 5.28907e-05
 0.303575 0.632131 0.0575291 0.00676475 0
 0.966965 0.00978017 0.0227588 0.000495775 0
 0.843318 0.132988 0.00938335 0.0141283 0.000182051
 0.564624 0.303363 0.111486 0.0197234 0.00080311
 0.826376 0.0876187 0.0782897 0.00655872 0.00115652
 0.89761 0.0855135 0.0140674 0.00269457 0.000114338
 0.34875 0.467042 0.161289 0.0227151 0.000203297
 0.318654 0.224769 0.449479 0.00709798 0
ppred_RECLAS
 0.604723 0.173394 0.203843 0.0180392 9.83512e-07
 0.553545 0.323968 0.0537308 0.0631662 0.00559023
 0.680387 0.220724 0.0717583 0.0119013 0.0152294
 0.808677 0.151712 0.0273556 0.00889341 0.00336246
 0.69582 0.269175 0.0277572 0.00500498 0.00224233
 0.78689 0.169541 0.0385548 0.00397575 0.00103805
 0.440923 0.48314 0.0604126 0.0137382 0.00178657
 0.452457 0.324674 0.192597 0.0240827 0.00618875
 0.548751 0.262716 0.111794 0.0663162 0.0104232
 0.801164 0.137047 0.0359736 0.0153079 0.0105079
 0.923748 0.0679069 0.00575194 0.00150983 0.0010835
 0.841986 0.150724 0.00649191 0.000549887 0.000247924
 0.648502 0.318524 0.0314526 0.00135471 0.000166484
 0.714678 0.220147 0.0590608 0.00583194 0.00028206
 0.970215 0.0254402 0.00335228 0.000899347 9.31008e-05
 0.952134 0.0470936 0.000660103 8.69823e-05 2.57512e-05
 0.393182 0.590334 0.0162182 0.000227328 3.88235e-05
 0.881291 0.0633906 0.0538154 0.00147847 2.42627e-05
 0.813614 0.173556 0.00685138 0.00581648 0.000162418
 0.785807 0.191029 0.0215688 0.000851463 0.000743034
 0.805179 0.169631 0.0224661 0.00253661 0.000187521
 0.733352 0.234721 0.027798 0.00368161 0.000446414
 0.390456 0.509839 0.087767 0.0103942 0.00154355
 0.88696 0.0616611 0.0429749 0.00739798 0.00100625
 0.805986 0.181318 0.00692568 0.00482688 0.00094395
 0.488201 0.4518 0.0560725 0.00214176 0.00178463
 0.870344 0.0819003 0.0421573 0.0052321 0.00036637
 0.71755 0.26061 0.0137955 0.00710109 0.000943021
 0.455818 0.444569 0.0919107 0.00486533 0.00283696
 0.624681 0.224713 0.123037 0.0254369 0.00213166
pobs_PELACES
 0 0 0 0 0
 0 0 0 0 0
 0 0 0 0 0
 0 0 0 0 0
 0 0 0 0 0
 0 0 0 0 0
 0 0 0 0 0
 0 0 0 0 0
 0 0 0 0 0
 0 0 0 0 0
 0 0 0 0 0
 0 0 0 0 0
 0 0 0 0 0
 0 0 0 0 0
 0 0 0 0 0
 0 0 0 0 0
 0.505614 0.472636 0.0217494 0 0
 0 0 0 0 0
 0.443492 0.261883 0.143347 0.151278 0
 0.227955 0.32914 0.350689 0.0885471 0.00366901
 0.970185 0.0296113 0.000203453 0 0
 0.997202 0.00247181 0.000326279 0 0
 0.445219 0.490057 0.0546422 0.010081 0
 0.90214 0.0892962 0.00764917 0.000914606 0
 0 0 0 0 0
 0.581667 0.319106 0.0959925 0.00289975 0.000334073
 0.762889 0.0836404 0.116647 0.0363945 0.000428098
 0.88444 0.0763242 0.0277011 0.0115352 0
 0.521256 0.241999 0.230069 0.00667565 0
 0.616807 0.101726 0.260614 0.0208532 0
ppred_PELACES
 0.565476 0.19061 0.224082 0.0198303 1.08116e-06
 0.519974 0.348328 0.057771 0.0679159 0.00601058
 0.65024 0.241544 0.0785269 0.0130239 0.0166659
 0.788069 0.168053 0.030302 0.00985132 0.00372463
 0.658145 0.302515 0.0311952 0.00562489 0.00252007
 0.758104 0.192442 0.0437627 0.00451279 0.00117827
 0.412052 0.508089 0.0635324 0.0144477 0.00187883
 0.408794 0.350565 0.207955 0.0260031 0.00668226
 0.517287 0.281034 0.119589 0.0709401 0.01115
 0.791565 0.143663 0.0377102 0.0160469 0.0110152
 0.910857 0.0793872 0.00672437 0.00176509 0.00126668
 0.823847 0.168026 0.00723714 0.00061301 0.000276384
 0.619757 0.344573 0.0340247 0.00146549 0.000180099
 0.722234 0.214317 0.0574968 0.0056775 0.00027459
 0.966875 0.0282927 0.00372816 0.00100019 0.00010354
 0.945591 0.0535308 0.000750332 9.88719e-05 2.92712e-05
 0.358765 0.623816 0.0171381 0.000240222 4.10255e-05
 0.867337 0.0708423 0.0601416 0.00165227 2.71148e-05
 0.797456 0.188602 0.00744535 0.00632073 0.000176499
 0.764514 0.21002 0.023713 0.000936108 0.0008169
 0.781777 0.190007 0.0251647 0.00284131 0.000210046
 0.710525 0.254816 0.0301778 0.00399679 0.000484632
 0.364908 0.531208 0.0914456 0.0108299 0.00160824
 0.873495 0.0690056 0.0480937 0.00827917 0.00112611
 0.784756 0.201158 0.00768349 0.00535504 0.00104724
 0.454345 0.481687 0.0597817 0.00228344 0.00190268
 0.853286 0.0926751 0.0477035 0.00592043 0.000414569
 0.685927 0.289788 0.01534 0.00789612 0.0010486
 0.420864 0.473124 0.0978142 0.00517784 0.00301918
 0.601916 0.238343 0.1305 0.0269798 0.00226096
pobs_pel_tallas
 0 0 0 0 0 0 0 0 0 0 0 0 0 0 0 0 0 0 0 0 0 0 0 0 0 0
 0 0 0 0 0 0 0 0 0 0 0 0 0 0 0 0 0 0 0 0 0 0 0 0 0 0
 0 0 0 0 0 0 0 0 0 0 0 0 0 0 0 0 0 0 0 0 0 0 0 0 0 0
 0 0 0 0 0 0 0 0 0 0 0 0 0 0 0 0 0 0 0 0 0 0 0 0 0 0
 0 0 0 0 0 0 0 0 0 0 0 0 0 0 0 0 0 0 0 0 0 0 0 0 0 0
 0 0 0 0 0 0 0 0 0 0 0 0 0 0 0 0 0 0 0 0 0 0 0 0 0 0
 0 0 0 0 0 0 0 0 0 0 0 0 0 0 0 0 0 0 0 0 0 0 0 0 0 0
 0 0 0 0 0 0 0 0 0 0 0 0 0 0 0 0 0 0 0 0 0 0 0 0 0 0
 0 0 0 0 0 0 0 0 0 0 0 0 0 0 0 0 0 0 0 0 0 0 0 0 0 0
 0 0 0 0 0 0 0 0 0 0 0 0 0 0 0 0 0 0 0 0 0 0 0 0 0 0
 0 0 0 0 0 0 0 0 0 0 0 0 0 0 0 0 0 0 0 0 0 0 0 0 0 0
 0 0 0 0 0 0 0 0 0 0 0 0 0 0 0 0 0 0 0 0 0 0 0 0 0 0
 0.00862536 0 0 0.000197151 0.00414017 0.0128641 0.00837892 0.0270097 0.101434 0.158115 0.152841 0.127902 0.109271 0.109419 0.0830992 0.0579132 0.0238553 0.00714673 0.00463305 0.00128148 0.00103504 0.000492878 0.000147863 0.000147863 4.92878e-05 0
 0 0 0 0 0 0 0 0 0 0 0 0 0 0 0 0 0 0 0 0 0 0 0 0 0 0
 0 0 0 0 0 0 0 0.0054083 0.00873648 0.0413646 0.0450493 0.0745869 0.0622846 0.0627006 0.0613931 0.0827291 0.12552 0.122667 0.0946155 0.0697135 0.0546179 0.0294188 0.0215738 0.0213955 0.0102223 0.00600262
 0 0 0 0 0.00359764 0.0251062 0.0480494 0.140153 0.205849 0.193036 0.1447 0.116669 0.0760912 0.0342217 0.00950174 0.001854 0.000860785 0 0 0 0.000165536 0 0.000143464 0 0 0
 0 0 0 0 0 0 0 0.000145254 0.000435761 0.0275982 0.070085 0.0708112 0.156366 0.174668 0.174014 0.160142 0.0824315 0.0480064 0.0283245 0.00493863 0.00203355 0 0 0 0 0
 0 0 0 0 0 0 0 0 0 0 0 0 0 0 0 0 0 0 0 0 0 0 0 0 0 0
 0 0 1.00437e-05 0.000401748 0.00122533 0.00171747 0.00176769 0.0269171 0.070346 0.194647 0.189555 0.159765 0.064822 0.0314167 0.0384472 0.0292271 0.0345202 0.0313363 0.0194345 0.0106764 0.0143323 0.0359363 0.0279516 0.0138201 0.00172751 0
 0 0.0021121 0.0136068 0.0755702 0.200478 0.177729 0.0527432 0.0373336 0.0318909 0.0142505 0.0149659 0.0166563 0.0217959 0.0798694 0.0677717 0.0528807 0.04013 0.0224614 0.0357745 0.0225083 0.00881397 0.00855152 0.00135912 0.000746735 0 0
 0 0 0 0 5.4009e-05 0.00500934 0.000945158 0.0243581 0.138947 0.33067 0.221406 0.137944 0.0707744 0.0437923 0.0131692 0.00525238 0.0047753 0.00276346 9.45158e-05 9.00151e-06 2.25038e-05 9.00151e-06 4.50075e-06 0 0 0
 0.000866109 0.00284123 0.00948549 0.0512746 0.133035 0.25785 0.225252 0.132002 0.0553304 0.0519788 0.0540692 0.017754 0.00435017 0.00159236 0.00146478 0.000404838 0.000125132 0.000115318 0.000107957 0.000100596 0 0 0 0 0 0
 0 0 0 0 0.00144013 0.00171154 0.00461396 0.0210425 0.0478622 0.0707936 0.0888783 0.103762 0.0637923 0.0337046 0.0602308 0.124433 0.169614 0.0934646 0.0462172 0.0250306 0.0313229 0.00938855 0.002487 0.000210481 0 0
 0 0.00764035 0.051015 0.0998891 0.058973 0.0496711 0.0374665 0.0718981 0.12319 0.153886 0.159021 0.0857701 0.0377988 0.023471 0.0147837 0.00900784 0.00315554 0.000888139 0.00291439 0.00214683 0.00393193 0.00274676 0.000635225 9.99891e-05 0 0
 0 0 0 0 0 0 0 0 0 0 0 0 0 0 0 0 0 0 0 0 0 0 0 0 0 0
 0 0 0 0 0 0 0 0 0 0 0 0 0 0 0 0 0 0 0 0 0 0 0 0 0 0
 0 0 0 0 0 0 0 0 0 0 0 0 0 0 0 0 0 0 0 0 0 0 0 0 0 0
 0 0 0 0 0 0 0 0 0 0 0 0 0 0 0 0 0 0 0 0 0 0 0 0 0 0
 0 0 0 0 0 0 0 0 0 0 0 0 0 0 0 0 0 0 0 0 0 0 0 0 0 0
 0 0 0 0 0 0 0 0 0 0 0 0 0 0 0 0 0 0 0 0 0 0 0 0 0 0
ppred_pel_tallas
 1.08505e-16 4.65776e-05 0.000452751 0.00300869 0.0136771 0.0425545 0.0906676 0.132336 0.132355 0.0907591 0.0428624 0.0145702 0.00526538 0.00542808 0.00963878 0.0162337 0.0242462 0.0322883 0.0389079 0.0433277 0.0457132 0.0466839 0.0465488 0.0450007 0.0415021 0.0359259
 1.09585e-16 4.28297e-05 0.00041632 0.00276659 0.0125765 0.0391305 0.0833729 0.121692 0.121726 0.0835371 0.039682 0.0141701 0.00676854 0.00915936 0.0166684 0.0275465 0.0398232 0.0504084 0.0562039 0.0558446 0.050526 0.0431633 0.0365612 0.0320211 0.0292093 0.0269832
 1.06455e-16 5.35594e-05 0.000520617 0.00345968 0.0157272 0.0489334 0.104259 0.152173 0.152197 0.104373 0.0493169 0.0168358 0.00624599 0.00661508 0.0116632 0.0192893 0.0279992 0.035669 0.0401627 0.0404927 0.037373 0.0326522 0.0281078 0.0245668 0.0218726 0.0194419
 1.02536e-16 6.49123e-05 0.00063097 0.00419302 0.0190609 0.0593055 0.126357 0.184426 0.184442 0.126436 0.0595715 0.0198293 0.00612256 0.00484521 0.00807459 0.0132623 0.019137 0.0241475 0.0267587 0.0262653 0.0232031 0.018966 0.0149499 0.011892 0.00979249 0.00826615
 1.01969e-16 5.42106e-05 0.000526946 0.00350174 0.0159184 0.0495283 0.105526 0.154025 0.154054 0.105669 0.0500063 0.0172987 0.00696547 0.00808509 0.014399 0.0236938 0.0340675 0.0427157 0.0468146 0.0450582 0.0384355 0.0295647 0.0211436 0.0147158 0.0104611 0.00777121
 1.01965e-16 6.2444e-05 0.000606978 0.00403359 0.0183361 0.0570505 0.121553 0.177414 0.177432 0.121644 0.0573554 0.0192169 0.00624559 0.00543964 0.00925168 0.0152248 0.0219918 0.0277901 0.0308579 0.0303672 0.0268912 0.0219746 0.0171732 0.0133254 0.0104782 0.00828396
 1.03731e-16 3.39403e-05 0.000329912 0.00219238 0.00996628 0.031009 0.0660699 0.0964412 0.0964901 0.0663091 0.0318122 0.0122859 0.00801419 0.0130366 0.0241591 0.0398674 0.0573821 0.0720627 0.0791918 0.0765823 0.065871 0.0513956 0.037601 0.0269942 0.0198254 0.0150766
 1.0983e-16 3.36719e-05 0.000327303 0.00217505 0.00988746 0.0307637 0.0655467 0.0956744 0.0957084 0.0657131 0.0313233 0.0115069 0.00625215 0.00926751 0.0171294 0.0285693 0.0418598 0.0541142 0.0623567 0.0651366 0.0632371 0.0588365 0.0538771 0.0490244 0.0438632 0.0378161
 1.12525e-16 4.26083e-05 0.000414168 0.00275229 0.0125115 0.0389282 0.0829417 0.121062 0.121089 0.0830748 0.0393757 0.013806 0.00600894 0.00754829 0.0136655 0.0227208 0.0331942 0.0427461 0.0490238 0.05098 0.0494498 0.0464306 0.0436623 0.0416598 0.0397992 0.0371133
 1.04599e-16 6.52002e-05 0.000633769 0.00421162 0.0191454 0.0595686 0.126918 0.185243 0.185257 0.126985 0.0597964 0.019804 0.00586646 0.00425193 0.00695359 0.0114375 0.0165778 0.0210804 0.0236769 0.0237995 0.0219101 0.0191561 0.0166329 0.0148357 0.0136253 0.012568
 1.00606e-16 7.50261e-05 0.00072928 0.00484632 0.0220307 0.0685457 0.146044 0.213157 0.213165 0.146081 0.0686711 0.0223928 0.00575483 0.00271141 0.0038361 0.00621436 0.00892431 0.0111797 0.0122353 0.0117501 0.00998902 0.00764761 0.00544273 0.00378455 0.002718 0.00207339
 1.00361e-16 6.78592e-05 0.000659616 0.00438338 0.0199262 0.0619979 0.132094 0.192798 0.192814 0.132173 0.0622631 0.0206916 0.00630335 0.00484644 0.00800615 0.0130935 0.018773 0.0234339 0.0254842 0.0241898 0.0201168 0.014768 0.00971479 0.00589093 0.00344898 0.00206167
 1.01248e-16 5.10486e-05 0.000496211 0.0032975 0.01499 0.0466395 0.0993717 0.145043 0.145076 0.0995338 0.0471839 0.0165618 0.00724163 0.00910173 0.0163809 0.026964 0.0387513 0.0485446 0.0531125 0.0509507 0.0431744 0.0327681 0.0228275 0.015155 0.010014 0.00676916
 1.0233e-16 5.94895e-05 0.000578259 0.00384274 0.0174685 0.0543512 0.115802 0.16902 0.169041 0.115903 0.054691 0.0184504 0.0063093 0.00596919 0.0103165 0.0170092 0.0246073 0.0311717 0.0347532 0.0344293 0.0308162 0.0255884 0.020419 0.0161901 0.0129329 0.01028
 1.00233e-16 7.96403e-05 0.000774132 0.00514438 0.0233856 0.0727613 0.155026 0.226265 0.226268 0.155039 0.072806 0.0235148 0.00546865 0.00148195 0.0014237 0.00222704 0.00319902 0.00401969 0.00442229 0.00428524 0.00369953 0.00290578 0.00214972 0.00156878 0.00117491 0.00091034
 1.00051e-16 7.78871e-05 0.00075709 0.00503113 0.0228708 0.0711595 0.151613 0.221285 0.22129 0.151638 0.0712439 0.0231145 0.00564224 0.00208933 0.00260269 0.0041654 0.00595974 0.00742459 0.0080468 0.00759187 0.00624348 0.00448812 0.00283696 0.00159723 0.000822768 0.000407773
 1.00686e-16 2.95511e-05 0.000287247 0.00190886 0.00867745 0.0269991 0.0575266 0.0839744 0.0840344 0.0578198 0.0279831 0.011518 0.00903326 0.0158206 0.0294734 0.0485294 0.0695541 0.086724 0.0941225 0.0890175 0.0735276 0.0532793 0.0341763 0.0197558 0.0106319 0.00559594
 1.01925e-16 7.14414e-05 0.000694436 0.00461477 0.0209781 0.0652706 0.139066 0.202973 0.20298 0.1391 0.0653843 0.0213073 0.00544472 0.00251832 0.00357064 0.00588151 0.00867754 0.0113503 0.0133122 0.0142605 0.0143018 0.0137824 0.0129845 0.0119606 0.0106148 0.00890088
 1.00927e-16 6.56854e-05 0.000638486 0.00424296 0.0192879 0.0600119 0.127862 0.186623 0.186641 0.127951 0.0603095 0.0201471 0.00639832 0.00533889 0.00897867 0.0147033 0.0210896 0.0263442 0.02869 0.0273147 0.022864 0.0170284 0.0115619 0.00748579 0.00493149 0.00349011
 1.00971e-16 6.29721e-05 0.000612111 0.00406769 0.0184912 0.0575329 0.122581 0.178914 0.178935 0.12268 0.0578648 0.0194495 0.00647278 0.00586042 0.0100244 0.0164566 0.0236612 0.0296698 0.0325164 0.031286 0.0266531 0.0204233 0.0144634 0.00985233 0.00673793 0.00473166
 1.01096e-16 6.4394e-05 0.000625933 0.00415954 0.0189087 0.0588321 0.125349 0.182954 0.182972 0.125438 0.0591324 0.0197762 0.00633692 0.00537838 0.00908777 0.0149154 0.0214636 0.0269543 0.0296166 0.028626 0.024586 0.0191106 0.0138592 0.00977677 0.00697569 0.00510099
 1.01419e-16 5.8525e-05 0.000568884 0.00378044 0.0171853 0.0534701 0.113925 0.166281 0.166306 0.114044 0.0538728 0.0183484 0.00669925 0.00693879 0.0121505 0.0199794 0.0287388 0.0360604 0.0395666 0.0381522 0.0326357 0.0251999 0.0180935 0.0126029 0.00888551 0.00645579
 1.04133e-16 3.00571e-05 0.000292166 0.00194155 0.00882603 0.0274613 0.0585112 0.0854095 0.0854607 0.0587614 0.0283018 0.0112539 0.00803675 0.0136013 0.0253157 0.0418275 0.0603026 0.0759325 0.083814 0.0816521 0.0710916 0.0565408 0.0424925 0.0314462 0.0236321 0.018065
 1.02427e-16 7.19487e-05 0.000699367 0.00464754 0.021127 0.0657341 0.140054 0.204414 0.204421 0.140087 0.0658445 0.0214467 0.00545291 0.00246734 0.00345849 0.005679 0.00834945 0.0108663 0.012656 0.0134394 0.0133587 0.0128064 0.0121096 0.0113406 0.0103763 0.00909384
 1.00988e-16 6.46394e-05 0.000628318 0.00417539 0.0189807 0.0590563 0.125826 0.183651 0.183671 0.125921 0.0593737 0.0198971 0.00647407 0.00564113 0.00956963 0.0156784 0.0224862 0.0280831 0.0305726 0.0290871 0.0243161 0.0180652 0.0122104 0.00784753 0.00512234 0.00360087
 1.024e-16 3.74239e-05 0.000363774 0.00241741 0.0109892 0.0341918 0.0728509 0.106338 0.106384 0.0730776 0.0349531 0.0131879 0.00793548 0.0124065 0.0228987 0.03777 0.0543396 0.0681878 0.0748206 0.0721405 0.0616819 0.047559 0.0340176 0.0234997 0.016329 0.0116225
 1.02065e-16 7.02841e-05 0.000683186 0.00454001 0.0206383 0.0642133 0.136814 0.199685 0.199694 0.136858 0.064361 0.0210655 0.00561508 0.00303869 0.00456903 0.0075079 0.010961 0.0141004 0.0161209 0.0166332 0.0158565 0.0144006 0.0128297 0.0113714 0.00995116 0.00842236
 1.01487e-16 5.6499e-05 0.00054919 0.00364956 0.0165904 0.0516191 0.109981 0.160526 0.160554 0.110117 0.0520765 0.017911 0.00696254 0.00777498 0.0137606 0.0226101 0.0324495 0.0405641 0.0442298 0.0421966 0.0354468 0.0265594 0.0182082 0.0119473 0.00797701 0.00568253
 1.03974e-16 3.46661e-05 0.000336967 0.00223927 0.0101794 0.0316722 0.0674826 0.0985024 0.0985481 0.0677057 0.0324213 0.0123435 0.00767351 0.0122065 0.0225961 0.0373493 0.0539092 0.068012 0.0753084 0.07375 0.0647597 0.052184 0.0399279 0.0301416 0.0230106 0.0177051
 1.06916e-16 4.9579e-05 0.000481926 0.00320257 0.0145584 0.0452968 0.0965104 0.140865 0.140888 0.0966235 0.0456769 0.0156585 0.00597139 0.00655137 0.0116502 0.019374 0.0283535 0.0365948 0.0420707 0.0438083 0.0423755 0.0393043 0.0359635 0.0328249 0.0295796 0.0257671
pSPR Fmed_Fpbrs
0.543407   0.213081 0.213081
Fs Fmed_Fpbrs
0.34   1.005 1.005
SSBpbr Bo_Bmed_Bpbrs
494537  244008  80649.5 80649.5
Ro
92515.3
SPR SPRFo_SPRFmed_SPRFpbrs
658568 357870 140328
Fref
1.005
Nvult_r0
 29677.1 7781.72 4260.74 880.868 73.8185
CTP_r0
 13141.3 3900.56 2135.68 441.533 37.0013
YTP_r0
229878
Np
 104624 17385.8 580.85 109.398 67.9649
Nvult_p0
 87238.1 15044.6 502.632 94.6665 58.8127
CTP_p0
 38629.9 1870.95 352.378 192.938 43.4916
 38629.9 7541.06 251.943 47.4513 29.4797
YTP_p0
 339975 431450
CBA_c0
262907
log_Ro
11.2551
likeval ReclasPelacesDesembMPH_pf_preclas_ppelaces_ptallas_desvR_qrecl_qpela
 15.703 0.000404843 0.0178481 35.0047 234.704 119.166 104.727 0 23.4609 0.000124857 0.00020155 0.0272566 0 0 0
q_reclas_q_pelaces
4.8561 7.44644
M
1
N
 143646 26186.4 30784.9 2724.33 0.148533
 95410.7 36967.5 6131.15 7207.81 637.894
 84257.2 18084.9 5879.48 975.124 1247.81
 127816 16042.9 2892.73 940.438 355.565
 92444.2 22371.8 2306.97 415.976 186.366
 196905 26882.7 6113.3 630.401 164.595
 69818.8 51968.4 6498.22 1477.74 192.17
 24479.9 10893.5 6462.04 808.024 207.645
 23683 7604.91 3236.12 1919.67 301.724
 32014.5 4067.15 1067.59 454.293 311.844
 55163.6 2545.26 215.592 56.5911 40.6115
 131099 15645.5 673.876 57.0796 25.7351
 71272.9 23569.4 2327.36 100.243 12.3191
 44914.9 11893.9 3190.88 315.082 15.2388
 65512.9 1181.77 155.723 41.7771 4.32478
 283672 9289.38 130.208 17.1576 5.07952
 55032.4 53739.4 1476.38 20.6942 3.53419
 247486 11928.1 10126.3 278.201 4.56546
 288936 42821.7 1690.45 1435.11 40.0738
 231706 38021.6 4292.96 169.471 147.89
 275161 37922.5 5022.51 567.083 41.9222
 260793 57072.5 6759.09 895.182 108.545
 43053.5 38732.5 6667.66 789.65 117.263
 129714 6035.71 4206.61 724.154 98.4971
 150924 22632.4 864.473 602.498 117.825
 44387.8 27159.4 3370.73 128.75 107.281
 138122 8496.8 4373.64 542.807 38.0092
 122741 28799.8 1524.53 784.735 104.212
 43802.6 27985.7 5785.79 306.273 178.587
 35591.5 8992.68 4923.77 1017.95 85.3058
pred_Ctot
 28083.3 6241.77 7337.85 649.368 0.0354041
 30831.2 14179.3 2351.66 2764.63 244.67
 27086.9 6903.47 2244.35 372.23 476.323
 44940.9 6653.08 1199.63 390.006 147.455
 12480.5 3726.27 384.251 69.2854 31.0413
 36132.4 6028.76 1370.98 141.375 36.9125
 27206.4 23677.6 2960.68 673.278 87.5556
 2440.3 1348.73 800.067 100.042 25.7087
 8481.95 3207.71 1364.98 809.707 127.266
 17830.3 2540.3 666.807 283.747 194.775
 8157.42 463.21 39.2354 10.299 7.39085
 44866.5 6328.67 272.585 23.0889 10.4099
 26215.5 10187.5 1005.96 43.3283 5.32475
 31711.1 9030.83 2422.78 239.237 11.5706
 27440.8 574.8 75.7418 20.3199 2.10353
 91724.6 3565.14 49.9719 6.58484 1.94945
 14913.6 17481.9 480.28 6.732 1.1497
 88000.6 4998.03 4243.08 116.57 1.91299
 127192 21777.6 859.706 729.848 20.3801
 86716 16697 1885.23 74.4226 64.9453
 79446.5 13094.1 1734.2 195.805 14.4751
 105619 26928.5 3189.14 422.374 51.2151
 18176.8 18973.8 3266.28 386.825 57.4436
 45750.3 2510.22 1749.51 301.171 40.9644
 51600.7 9146.57 349.365 243.492 47.6175
 14182 10308.2 1279.34 48.8659 40.7176
 39591.4 2913.92 1499.91 186.152 13.035
 30661.5 8674.73 459.201 236.369 31.3896
 12824 9789.77 2023.95 107.139 62.472
 16456.9 4777.75 2615.96 540.827 45.3223
F
 0.357315 0.451859 0.451859 0.451859 0.451859
 0.663114 0.838572 0.838572 0.838572 0.838572
 0.65861 0.832877 0.832877 0.832877 0.832877
 0.742788 0.939328 0.939328 0.939328 0.939328
 0.235122 0.297335 0.297335 0.297335 0.297335
 0.332086 0.419955 0.419955 0.419955 0.419955
 0.857736 1.08469 1.08469 1.08469 1.08469
 0.169058 0.21379 0.21379 0.21379 0.21379
 0.761814 0.963389 0.963389 0.963389 0.963389
 1.53196 1.93731 1.93731 1.93731 1.93731
 0.260117 0.328943 0.328943 0.328943 0.328943
 0.716 0.905452 0.905452 0.905452 0.905452
 0.790492 0.999655 0.999655 0.999655 0.999655
 2.63776 3.3357 3.3357 3.3357 3.3357
 0.953375 1.20564 1.20564 1.20564 1.20564
 0.663672 0.839278 0.839278 0.839278 0.839278
 0.529027 0.669006 0.669006 0.669006 0.669006
 0.754309 0.953898 0.953898 0.953898 0.953898
 1.02805 1.30007 1.30007 1.30007 1.30007
 0.809922 1.02423 1.02423 1.02423 1.02423
 0.573034 0.724657 0.724657 0.724657 0.724657
 0.907049 1.14705 1.14705 1.14705 1.14705
 0.96475 1.22002 1.22002 1.22002 1.22002
 0.745951 0.943329 0.943329 0.943329 0.943329
 0.715051 0.904252 0.904252 0.904252 0.904252
 0.653275 0.82613 0.82613 0.82613 0.82613
 0.567772 0.718004 0.718004 0.718004 0.718004
 0.478384 0.604963 0.604963 0.604963 0.604963
 0.583283 0.737618 0.737618 0.737618 0.737618
 1.11037 1.40417 1.40417 1.40417 1.40417
YTP_r0W_actual
 95931.6 62019 56595.5 13996.6 1335.75
YTP_p0W_proyectada
 291269 32648.1 8481.73 6042.81 1533.08
 291269 131592 6064.26 1486.17 1039.16
CTP_r0_actual
 13141.3 3900.56 2135.68 441.533 37.0013
CTP_p0_proyectada
 38629.9 1870.95 352.378 192.938 43.4916
 38629.9 7541.06 251.943 47.4513 29.4797
Wmedp
 7.54 17.45 24.07 31.32 35.25
Frms_r0
 0.794719 1.005 1.005 1.005 1.005
Zrms_r0
 1.79472 2.005 2.005 2.005 2.005
nmprior
 7.29 8.9 8.7 0
nm_flota  nm_reclas  nm_pelaces    nm_pelaL
inf 11.4158 8.78071 13.5592
cv_recla  cv_pelaces  cv_mph
0.366875 0.789199 0.50203
 ------------------------------------------------
Talla a la edad & desviaci?n 
 8 13.2811 15.8009 17.003 17.5766
 0.8 1.32811 1.58009 1.7003 1.75766
