years
 1991 1992 1993 1994 1995 1996 1997 1998 1999 2000 2001 2002 2003 2004 2005 2006 2007 2008 2009 2010 2011 2012 2013 2014 2015 2016 2017 2018 2019
reclasobs
 0 0 0 0 0 0 0 0 0 252601 567819 844713 477998 351125 339783 2.1784e+06 2.13404e+06 4.81314e+06 1.55562e+06 2.62356e+06 3.21686e+06 3.843e+06 1.13348e+06 3.07943e+06 1.97215e+06 2.03268e+06 2.025e+06 2.42433e+06 2.27542e+06
reclaspred
 4.47057e+06 2.4177e+06 1.17433e+06 1.4025e+06 1.64283e+06 3.31539e+06 1.93115e+06 1.42969e+06 834364 339260 591262 1.26885e+06 1.07712e+06 271483 687647 2.17239e+06 2.109e+06 2.79843e+06 2.47614e+06 2.17793e+06 4.23635e+06 2.71034e+06 1.25561e+06 1.92312e+06 1.69245e+06 1.39972e+06 2.09545e+06 1.98441e+06 1.26152e+06
pelacesobs
 0 0 0 0 0 0 0 0 0 0 0 0 0 0 0 552880 188675 0 991730 2.46772e+06 1.41603e+06 1.21717e+06 2.29649e+06 1.80582e+06 0 1.4828e+06 1.56532e+06 1.57751e+06 1.42118e+06
pelacespred
 2.50378e+06 1.3681e+06 621293 626185 905863 1.86116e+06 961861 964181 480406 138686 326910 593444 540574 80310.6 340832 989987 1.05092e+06 1.3938e+06 1.19981e+06 964002 2.14388e+06 1.32746e+06 590301 1.03679e+06 837145 718752 1.31021e+06 1.13916e+06 618275
mphobs
 0 0 0 0 0 0 0 0 0 0 0 0 498337 0 5186 125008 0 168611 109162 213762 579715 649985 157893 87575 83554 210694 70296 0 107559
mphpred
 798975 544871 242723 140070 204171 290098 475541 208718 177019 72484.4 24440.7 113236 180062 76719.1 10265.8 85789.5 364248 259235 289321 232727 325201 425590 216459 96514.5 217363 196978 141451 255766 262876
desembarqueobs
 494567 514787 250237 358949 120608 361735 552515 73892 212993 205616 52469 317467 293654 387597 252695 516296 358380 742168 942051 627588 828172 859565 418607 520667 417249 300574 415391 372974 316634
desembarquepred
 494556 514421 250396 358939 120609 361714 552475 73897.5 213071 205685 52470.3 317420 293699 387631 252577 516103 358360 741976 941150 627162 828072 859609 418671 520669 417095 300583 415300 372912 316576
Reclutas
 144172 96218.4 83863.4 129171 93127.5 196994 70613.2 24636 23795.1 31962.7 55139.2 131937 70517.4 45076.5 65089.9 285881 53843.4 249868 288009 232759 275320 263457 42422 129033 153069 44374.3 138007 103605 39651.1
log_desv_Rt
 0.418614 0.0142262 -0.123205 0.308741 -0.0184249 0.73078 -0.295178 -1.34819 -1.38291 -1.08783 -0.542533 0.329929 -0.296535 -0.744032 -0.376626 1.10318 -0.566315 0.968537 1.1106 0.89761 1.06554 1.0215 -0.804726 0.30767 0.478492 -0.759735 0.374914 0.0881866 -0.872275
SSB
 798975 544871 242723 140070 204171 290098 475541 208718 177019 72484.4 24440.7 113236 169641 73507.4 9826.7 82733.9 364248 259235 302781 242229 348217 493707 275795 112598 229993 227651 148857 255766 278738
BT
 1.35225e+06 1.00779e+06 458520 590537 483759 1.23029e+06 845478 482391 412774 258818 223178 562037 508153 429692 450042 968225 696023 1.37748e+06 1.50127e+06 962072 1.80683e+06 1.35183e+06 608654 1.08229e+06 739432 570317 1.14767e+06 884004 499935
Ftot
 0.441514 0.817443 0.811678 0.909075 0.289107 0.410112 1.06648 0.209351 0.940003 1.88398 0.32055 0.882393 0.987092 3.27645 1.18555 0.813373 0.662747 0.930063 1.27372 1.0008 0.709561 1.12096 1.20233 0.926619 0.882689 0.809042 0.700978 0.68482 0.953001
BD_Bspro_t
 0.931795 0.584516 0.315902 0.228855 0.276851 0.401189 0.460758 0.248196 0.28122 0.167204 0.0854849 0.385114 0.333201 0.149507 0.0251261 0.176292 0.359466 0.268638 0.259438 0.195997 0.215852 0.269089 0.188012 0.103876 0.214307 0.244388 0.208087 0.336757 0.339647
BD_Bspro
 1.18513 0.808217 0.360035 0.207768 0.30285 0.430307 0.705378 0.309595 0.262576 0.107517 0.0362533 0.167964 0.251632 0.109035 0.0145761 0.122721 0.540295 0.384528 0.449121 0.359302 0.516517 0.732324 0.409092 0.167018 0.341152 0.337679 0.220802 0.379382 0.413456
BD_Bo
 1.58217 1.07898 0.48065 0.277372 0.404308 0.574464 0.941686 0.413312 0.350541 0.143537 0.0483985 0.224234 0.335931 0.145563 0.0194593 0.163833 0.721299 0.513349 0.59958 0.479672 0.689555 0.97766 0.546142 0.222971 0.455442 0.450805 0.294773 0.506478 0.551968
BD_Brms
 9.97184 6.80042 3.02937 1.74818 2.54821 3.62065 5.93512 2.60497 2.20934 0.904663 0.305039 1.41327 2.11726 0.91743 0.122645 1.03258 4.5461 3.23546 3.77895 3.0232 4.34603 6.16185 3.44214 1.40531 2.87049 2.84127 1.85785 3.19216 3.47886
Sel_flota
 0.812605 1 1 1 1
 0.812605 1 1 1 1
 0.812605 1 1 1 1
 0.812605 1 1 1 1
 0.812605 1 1 1 1
 0.812605 1 1 1 1
 0.812605 1 1 1 1
 0.812605 1 1 1 1
 0.812605 1 1 1 1
 0.812605 1 1 1 1
 0.812605 1 1 1 1
 0.812605 1 1 1 1
 0.812605 1 1 1 1
 0.812605 1 1 1 1
 0.812605 1 1 1 1
 0.812605 1 1 1 1
 0.812605 1 1 1 1
 0.812605 1 1 1 1
 0.812605 1 1 1 1
 0.812605 1 1 1 1
 0.812605 1 1 1 1
 0.812605 1 1 1 1
 0.812605 1 1 1 1
 0.812605 1 1 1 1
 0.812605 1 1 1 1
 0.812605 1 1 1 1
 0.812605 1 1 1 1
 0.812605 1 1 1 1
 0.812605 1 1 1 1
Sel_reclas
 0.660766 1 1 1 1
 0.660766 1 1 1 1
 0.660766 1 1 1 1
 0.660766 1 1 1 1
 0.660766 1 1 1 1
 0.660766 1 1 1 1
 0.660766 1 1 1 1
 0.660766 1 1 1 1
 0.660766 1 1 1 1
 0.660766 1 1 1 1
 0.660766 1 1 1 1
 0.660766 1 1 1 1
 0.660766 1 1 1 1
 0.660766 1 1 1 1
 0.660766 1 1 1 1
 0.660766 1 1 1 1
 0.660766 1 1 1 1
 0.660766 1 1 1 1
 0.660766 1 1 1 1
 0.660766 1 1 1 1
 0.660766 1 1 1 1
 0.660766 1 1 1 1
 0.660766 1 1 1 1
 0.660766 1 1 1 1
 0.660766 1 1 1 1
 0.660766 1 1 1 1
 0.660766 1 1 1 1
 0.660766 1 1 1 1
 0.660766 1 1 1 1
Sel_pelaces
 0.557181 1 1 1 1
 0.557181 1 1 1 1
 0.557181 1 1 1 1
 0.557181 1 1 1 1
 0.557181 1 1 1 1
 0.557181 1 1 1 1
 0.557181 1 1 1 1
 0.557181 1 1 1 1
 0.557181 1 1 1 1
 0.557181 1 1 1 1
 0.557181 1 1 1 1
 0.557181 1 1 1 1
 0.557181 1 1 1 1
 0.557181 1 1 1 1
 0.557181 1 1 1 1
 0.557181 1 1 1 1
 0.557181 1 1 1 1
 0.557181 1 1 1 1
 0.557181 1 1 1 1
 0.557181 1 1 1 1
 0.557181 1 1 1 1
 0.557181 1 1 1 1
 0.557181 1 1 1 1
 0.557181 1 1 1 1
 0.557181 1 1 1 1
 0.557181 1 1 1 1
 0.557181 1 1 1 1
 0.557181 1 1 1 1
 0.557181 1 1 1 1
pf_obs 
 0.8446 0.082 0.0669 0.0065 0
 0.8095 0.147 0.0364 0.0071 0
 0.9664 0.0169 0.016 0.0007 0
 0.9276 0.0648 0.0075 0.0001 0
 0.7033 0.2144 0.0806 0.0017 0
 0.9318 0.0425 0.0243 0.0014 0
 0.5671 0.3108 0.0964 0.0239 0.0018
 0.0768 0.2599 0.5324 0.112 0.0189
 0.490249 0.384438 0.106611 0.0170017 0.00170017
 0.7925 0.1577 0.0466 0.003 0.0002
 0.840416 0.127587 0.0312969 0.00059994 9.999e-05
 0.8084 0.0986 0.0794 0.0134 0.0002
 0.7335 0.1905 0.0724 0.0035 0.0001
 0.4001 0.4547 0.1325 0.0127 0
 0.49795 0.308269 0.164784 0.0264974 0.00249975
 0.9179 0.0499 0.0305 0.0017 0
 0.2467 0.6533 0.0926 0.0074 0
 0.9418 0.0223 0.034 0.0019 0
 0.707729 0.231977 0.0356964 0.0245975 0
 0.517169 0.277429 0.184464 0.0207286 0.00020938
 0.811772 0.124168 0.05621 0.00726502 0.000585176
 0.764997 0.148141 0.077277 0.00933861 0.000247198
 0.163321 0.427699 0.378323 0.0303852 0.000271297
 0.753843 0.0900009 0.118128 0.0371064 0.000921714
 0.721811 0.176058 0.0630433 0.0369309 0.00215725
 0.143369 0.312575 0.442814 0.0836902 0.0175525
 0.692698 0.0596174 0.167031 0.0765114 0.00414204
 0.394062 0.376323 0.152708 0.0712218 0.00568511
 0.125707 0.32114 0.495352 0.0537591 0.00404204
pf_pred 
 0.666056 0.146425 0.172395 0.0151237 8.38465e-07
 0.616557 0.276401 0.0469348 0.0552594 0.00484801
 0.730494 0.184808 0.0610532 0.0103673 0.0132769
 0.846053 0.12102 0.022579 0.0074592 0.00288874
 0.750477 0.220331 0.0229485 0.00428158 0.00196224
 0.828385 0.13604 0.0314129 0.00327181 0.000890191
 0.504986 0.426506 0.0543063 0.0125398 0.00166144
 0.522964 0.280785 0.169091 0.02153 0.00563016
 0.609573 0.226455 0.0965146 0.0581217 0.0093358
 0.828512 0.117098 0.0315467 0.0134452 0.0093973
 0.940984 0.0521678 0.00467617 0.00125978 0.000912184
 0.873976 0.120121 0.00521847 0.000467768 0.000217266
 0.700102 0.271311 0.0272477 0.00118374 0.00015539
 0.735176 0.202356 0.0565135 0.00567563 0.000278937
 0.976562 0.0198161 0.00276734 0.000772858 8.14324e-05
 0.963532 0.0358642 0.000510535 7.12968e-05 2.20096e-05
 0.450815 0.534276 0.0146626 0.000208725 3.8147e-05
 0.907007 0.0485442 0.0432425 0.00118674 1.9981e-05
 0.845274 0.144005 0.00559658 0.00498536 0.000139121
 0.826459 0.154004 0.0181824 0.000706638 0.000647029
 0.843176 0.136245 0.0182628 0.00215618 0.000160526
 0.780201 0.19298 0.0232995 0.00312316 0.000396185
 0.443088 0.464329 0.0812865 0.00981418 0.00148241
 0.909898 0.0479343 0.0351578 0.00615481 0.00085535
 0.846311 0.143375 0.00548709 0.00402455 0.000802461
 0.550299 0.397021 0.0491453 0.00188084 0.00165458
 0.896721 0.0644342 0.0342944 0.00424514 0.000305388
 0.738906 0.240385 0.0129203 0.0068767 0.00091247
 0.553941 0.352657 0.0859937 0.00462203 0.00278645
pobs_RECLAS
 0 0 0 0 0
 0 0 0 0 0
 0 0 0 0 0
 0 0 0 0 0
 0 0 0 0 0
 0 0 0 0 0
 0 0 0 0 0
 0 0 0 0 0
 0 0 0 0 0
 0 0 0 0 0
 0.991045 0.00858322 0.000360255 1.14367e-05 0
 0.934742 0.0480273 0.0164251 0.00080598 0
 0.827803 0.169806 0.00239088 0 0
 0.941827 0.0461693 0.0120037 0 0
 0.791401 0.0380133 0.147996 0.0225897 0
 0.846168 0.0940531 0.0597789 0 0
 0.134021 0.677848 0.182769 0.00536245 0
 0.80878 0.0450904 0.141981 0.00414843 0
 0.846168 0.0940531 0.0597789 0 0
 0.905697 0.0802665 0.012482 0.00150086 5.37128e-05
 0.989698 0.0102097 9.19794e-05 0 0
 0.975433 0.0193895 0.00387452 0.00125025 5.28907e-05
 0.303575 0.632131 0.0575291 0.00676475 0
 0.966965 0.00978017 0.0227588 0.000495775 0
 0.843318 0.132988 0.00938335 0.0141283 0.000182051
 0.564624 0.303363 0.111486 0.0197234 0.00080311
 0.826376 0.0876187 0.0782897 0.00655872 0.00115652
 0.89761 0.0855135 0.0140674 0.00269457 0.000114338
 0.34875 0.467042 0.161289 0.0227151 0.000203297
ppred_RECLAS
 0.62079 0.166272 0.195763 0.0171737 9.52116e-07
 0.571821 0.308648 0.0524106 0.0617064 0.00541361
 0.692376 0.210947 0.0696883 0.0118336 0.0151548
 0.820787 0.140882 0.0262848 0.00868343 0.00336285
 0.710922 0.255258 0.0265864 0.00496031 0.0022733
 0.798332 0.159863 0.0369139 0.00384477 0.00104608
 0.461057 0.464355 0.0591256 0.0136526 0.00180888
 0.472248 0.310637 0.187068 0.023819 0.00622874
 0.565722 0.251889 0.107355 0.0646497 0.0103844
 0.808394 0.130836 0.0352476 0.0150225 0.0104997
 0.928811 0.0629287 0.00564075 0.00151964 0.00110034
 0.852367 0.140717 0.00611326 0.000547975 0.00025452
 0.661174 0.306529 0.0307846 0.00133739 0.000175561
 0.726755 0.208791 0.0583106 0.00585611 0.000287807
 0.972314 0.0234081 0.00326897 0.00091295 9.61932e-05
 0.95641 0.0428686 0.000610244 8.52212e-05 2.63081e-05
 0.40412 0.579703 0.0159093 0.000226472 4.13904e-05
 0.890527 0.0571467 0.0509055 0.00139704 2.35218e-05
 0.822155 0.165522 0.00643281 0.00573026 0.000159908
 0.799317 0.178091 0.0210262 0.000817159 0.000748227
 0.816474 0.159443 0.0213723 0.0025233 0.000187858
 0.748965 0.220405 0.0266107 0.003567 0.000452489
 0.401591 0.498928 0.0873435 0.0105455 0.00159287
 0.893858 0.0564673 0.0414164 0.00725047 0.00100762
 0.820932 0.16705 0.00639318 0.00468913 0.000934973
 0.503976 0.437917 0.0542076 0.00207458 0.00182502
 0.877784 0.0762484 0.0405825 0.00502351 0.000361382
 0.70058 0.275671 0.0148169 0.00788614 0.00104641
 0.509001 0.388187 0.0946573 0.00508769 0.00306718
pobs_PELACES
 0 0 0 0 0
 0 0 0 0 0
 0 0 0 0 0
 0 0 0 0 0
 0 0 0 0 0
 0 0 0 0 0
 0 0 0 0 0
 0 0 0 0 0
 0 0 0 0 0
 0 0 0 0 0
 0 0 0 0 0
 0 0 0 0 0
 0 0 0 0 0
 0 0 0 0 0
 0 0 0 0 0
 0 0 0 0 0
 0.505614 0.472636 0.0217494 0 0
 0 0 0 0 0
 0.443492 0.261883 0.143347 0.151278 0
 0.227955 0.32914 0.350689 0.0885471 0.00366901
 0.970185 0.0296113 0.000203453 0 0
 0.997202 0.00247181 0.000326279 0 0
 0.445219 0.490057 0.0546422 0.010081 0
 0.90214 0.0892962 0.00764917 0.000914606 0
 0 0 0 0 0
 0.581667 0.319106 0.0959925 0.00289975 0.000334073
 0.762889 0.0836404 0.116647 0.0363945 0.000428098
 0.88444 0.0763242 0.0277011 0.0115352 0
 0.521256 0.241999 0.230069 0.00667565 0
ppred_PELACES
 0.586545 0.181288 0.213442 0.0187246 1.0381e-06
 0.542231 0.329978 0.0560325 0.0659708 0.00578773
 0.666176 0.228914 0.0756238 0.0128414 0.0164455
 0.803355 0.154585 0.0288415 0.00952806 0.00368995
 0.678576 0.28382 0.0295612 0.00551534 0.00252767
 0.77395 0.179191 0.0413768 0.00430959 0.00117255
 0.435206 0.48663 0.0619617 0.0143075 0.00189565
 0.43323 0.333603 0.200898 0.02558 0.00668925
 0.537937 0.268005 0.114223 0.068786 0.0110488
 0.79989 0.136643 0.036812 0.0156892 0.0109658
 0.91818 0.0723255 0.00648305 0.00174656 0.00126465
 0.837174 0.155199 0.00674239 0.000604369 0.000280713
 0.636236 0.32909 0.0330503 0.00143583 0.000188482
 0.733084 0.203954 0.0569598 0.00572045 0.00028114
 0.969574 0.0257248 0.00359249 0.0010033 0.000105713
 0.951114 0.0480766 0.000684382 9.55746e-05 2.95043e-05
 0.373355 0.609633 0.0167306 0.000238165 4.35274e-05
 0.879016 0.0631558 0.0562583 0.00154394 2.59952e-05
 0.808343 0.178377 0.00693242 0.00617531 0.000172327
 0.781326 0.194057 0.0229112 0.000890415 0.000815303
 0.796735 0.176591 0.023671 0.0027947 0.000208063
 0.729465 0.237525 0.0286778 0.00384408 0.000487637
 0.378717 0.517999 0.0906821 0.0109486 0.00165376
 0.882629 0.0624412 0.0457981 0.00801752 0.00111422
 0.803254 0.183543 0.00702436 0.00515208 0.00102728
 0.473881 0.464486 0.0574965 0.00220045 0.00193575
 0.863474 0.085176 0.0453341 0.00561169 0.000403694
 0.673026 0.301039 0.0161804 0.00861186 0.00114271
 0.481118 0.410232 0.100033 0.00537662 0.00324136
pobs_pel_tallas
 0 0 0 0 0 0 0 0 0 0 0 0 0 0 0 0 0 0 0 0 0 0 0 0 0 0
 0 0 0 0 0 0 0 0 0 0 0 0 0 0 0 0 0 0 0 0 0 0 0 0 0 0
 0 0 0 0 0 0 0 0 0 0 0 0 0 0 0 0 0 0 0 0 0 0 0 0 0 0
 0 0 0 0 0 0 0 0 0 0 0 0 0 0 0 0 0 0 0 0 0 0 0 0 0 0
 0 0 0 0 0 0 0 0 0 0 0 0 0 0 0 0 0 0 0 0 0 0 0 0 0 0
 0 0 0 0 0 0 0 0 0 0 0 0 0 0 0 0 0 0 0 0 0 0 0 0 0 0
 0 0 0 0 0 0 0 0 0 0 0 0 0 0 0 0 0 0 0 0 0 0 0 0 0 0
 0 0 0 0 0 0 0 0 0 0 0 0 0 0 0 0 0 0 0 0 0 0 0 0 0 0
 0 0 0 0 0 0 0 0 0 0 0 0 0 0 0 0 0 0 0 0 0 0 0 0 0 0
 0 0 0 0 0 0 0 0 0 0 0 0 0 0 0 0 0 0 0 0 0 0 0 0 0 0
 0 0 0 0 0 0 0 0 0 0 0 0 0 0 0 0 0 0 0 0 0 0 0 0 0 0
 0 0 0 0 0 0 0 0 0 0 0 0 0 0 0 0 0 0 0 0 0 0 0 0 0 0
 0.00862536 0 0 0.000197151 0.00414017 0.0128641 0.00837892 0.0270097 0.101434 0.158115 0.152841 0.127902 0.109271 0.109419 0.0830992 0.0579132 0.0238553 0.00714673 0.00463305 0.00128148 0.00103504 0.000492878 0.000147863 0.000147863 4.92878e-05 0
 0 0 0 0 0 0 0 0 0 0 0 0 0 0 0 0 0 0 0 0 0 0 0 0 0 0
 0 0 0 0 0 0 0 0.0054083 0.00873648 0.0413646 0.0450493 0.0745869 0.0622846 0.0627006 0.0613931 0.0827291 0.12552 0.122667 0.0946155 0.0697135 0.0546179 0.0294188 0.0215738 0.0213955 0.0102223 0.00600262
 0 0 0 0 0.00359764 0.0251062 0.0480494 0.140153 0.205849 0.193036 0.1447 0.116669 0.0760912 0.0342217 0.00950174 0.001854 0.000860785 0 0 0 0.000165536 0 0.000143464 0 0 0
 0 0 0 0 0 0 0 0.000145254 0.000435761 0.0275982 0.070085 0.0708112 0.156366 0.174668 0.174014 0.160142 0.0824315 0.0480064 0.0283245 0.00493863 0.00203355 0 0 0 0 0
 0 0 0 0 0 0 0 0 0 0 0 0 0 0 0 0 0 0 0 0 0 0 0 0 0 0
 0 0 1.00437e-05 0.000401748 0.00122533 0.00171747 0.00176769 0.0269171 0.070346 0.194647 0.189555 0.159765 0.064822 0.0314167 0.0384472 0.0292271 0.0345202 0.0313363 0.0194345 0.0106764 0.0143323 0.0359363 0.0279516 0.0138201 0.00172751 0
 0 0.0021121 0.0136068 0.0755702 0.200478 0.177729 0.0527432 0.0373336 0.0318909 0.0142505 0.0149659 0.0166563 0.0217959 0.0798694 0.0677717 0.0528807 0.04013 0.0224614 0.0357745 0.0225083 0.00881397 0.00855152 0.00135912 0.000746735 0 0
 0 0 0 0 5.4009e-05 0.00500934 0.000945158 0.0243581 0.138947 0.33067 0.221406 0.137944 0.0707744 0.0437923 0.0131692 0.00525238 0.0047753 0.00276346 9.45158e-05 9.00151e-06 2.25038e-05 9.00151e-06 4.50075e-06 0 0 0
 0.000866109 0.00284123 0.00948549 0.0512746 0.133035 0.25785 0.225252 0.132002 0.0553304 0.0519788 0.0540692 0.017754 0.00435017 0.00159236 0.00146478 0.000404838 0.000125132 0.000115318 0.000107957 0.000100596 0 0 0 0 0 0
 0 0 0 0 0.00144013 0.00171154 0.00461396 0.0210425 0.0478622 0.0707936 0.0888783 0.103762 0.0637923 0.0337046 0.0602308 0.124433 0.169614 0.0934646 0.0462172 0.0250306 0.0313229 0.00938855 0.002487 0.000210481 0 0
 0 0.00764035 0.051015 0.0998891 0.058973 0.0496711 0.0374665 0.0718981 0.12319 0.153886 0.159021 0.0857701 0.0377988 0.023471 0.0147837 0.00900784 0.00315554 0.000888139 0.00291439 0.00214683 0.00393193 0.00274676 0.000635225 9.99891e-05 0 0
 0 0 0 0 0 0 0 0 0 0 0 0 0 0 0 0 0 0 0 0 0 0 0 0 0 0
 0 0 0 0 0 0 0 0 0 0 0 0 0 0 0 0 0 0 0 0 0 0 0 0 0 0
 0 0 0 0 0 0 0 0 0 0 0 0 0 0 0 0 0 0 0 0 0 0 0 0 0 0
 0 0 0 0 0 0 0 0 0 0 0 0 0 0 0 0 0 0 0 0 0 0 0 0 0 0
 0 0 0 0 0 0 0 0 0 0 0 0 0 0 0 0 0 0 0 0 0 0 0 0 0 0
ppred_pel_tallas
 1.08084e-16 4.83129e-05 0.000469619 0.00312078 0.0141866 0.04414 0.0940456 0.137266 0.137284 0.0941326 0.0444328 0.0150361 0.00526721 0.0052019 0.00917212 0.0154417 0.023064 0.0307159 0.0370163 0.0412259 0.0435008 0.0444289 0.0443021 0.0428272 0.0394931 0.0341806
 1.09297e-16 4.4663e-05 0.00043414 0.00288501 0.0131149 0.0408054 0.0869414 0.1269 0.126932 0.087097 0.0413279 0.0146246 0.00667675 0.0087184 0.0157992 0.0261072 0.0377507 0.0478039 0.0533365 0.0530591 0.0481042 0.0412269 0.0350716 0.0308541 0.0282419 0.0261421
 1.06312e-16 5.48721e-05 0.000533376 0.00354447 0.0161127 0.0501326 0.106814 0.155902 0.155924 0.106922 0.0504961 0.0171635 0.0061856 0.00631064 0.0110614 0.0182903 0.0265556 0.0338445 0.0381363 0.0384977 0.0356049 0.031205 0.0269735 0.0236821 0.0211714 0.0188813
 1.02452e-16 6.61713e-05 0.000643209 0.00427435 0.0194306 0.0604558 0.128808 0.188002 0.188017 0.128881 0.0607006 0.0201376 0.00604966 0.00452089 0.00743703 0.0122073 0.0176193 0.0222438 0.024671 0.0242538 0.0214841 0.0176399 0.0139975 0.011226 0.00931791 0.00791473
 1.01907e-16 5.58934e-05 0.000543304 0.00361045 0.0164126 0.0510658 0.108802 0.158806 0.158833 0.108936 0.0515143 0.0177076 0.00686026 0.00763476 0.0135153 0.0222324 0.0319678 0.0400871 0.043942 0.0423081 0.0361132 0.0278129 0.0199355 0.0139256 0.00994841 0.00743045
 1.01871e-16 6.37493e-05 0.000619666 0.0041179 0.0187194 0.058243 0.124094 0.181122 0.181139 0.124178 0.0585269 0.0195396 0.00617782 0.00512023 0.00862199 0.014181 0.0204865 0.0258941 0.0287643 0.0283265 0.0251133 0.02056 0.0161109 0.0125421 0.00989451 0.00784402
 1.03669e-16 3.58474e-05 0.00034845 0.00231557 0.0105263 0.0327514 0.0697821 0.101859 0.101906 0.0700112 0.0335207 0.0127481 0.00789193 0.0125197 0.0231454 0.0381918 0.0549759 0.0690531 0.0759078 0.0734466 0.0632355 0.0494238 0.0362598 0.0261354 0.0192832 0.0147257
 1.09581e-16 3.56846e-05 0.000346867 0.00230506 0.0104785 0.0326026 0.0694645 0.101392 0.101425 0.0696229 0.0331352 0.0120199 0.00618606 0.00885787 0.0163131 0.0272081 0.0398793 0.0515836 0.0594957 0.0622374 0.0605494 0.0564901 0.0518859 0.0473469 0.0424616 0.0366768
 1.12133e-16 4.43092e-05 0.000430701 0.00286216 0.013011 0.0404822 0.0862525 0.125893 0.125919 0.0863795 0.0409089 0.0142455 0.00596802 0.00723465 0.0130372 0.0216717 0.0316645 0.0407838 0.0467889 0.0486843 0.0472689 0.0444475 0.0418751 0.0400343 0.0383184 0.0357931
 1.04527e-16 6.58859e-05 0.000640435 0.00425591 0.0193468 0.0601951 0.128252 0.187191 0.187204 0.128317 0.0604118 0.0199733 0.00583029 0.00408297 0.00662076 0.0108863 0.0157838 0.0200824 0.0225782 0.0227333 0.0209867 0.0184259 0.0160855 0.014427 0.0133093 0.0123139
 1.00595e-16 7.56293e-05 0.000735144 0.00488529 0.0222078 0.0690968 0.147218 0.214871 0.214878 0.147252 0.069211 0.0225377 0.00571313 0.00254138 0.00350326 0.00566474 0.00813624 0.0101966 0.0111674 0.0107385 0.00915083 0.00703664 0.00504625 0.00355014 0.00258657 0.00199955
 1.00343e-16 6.89569e-05 0.000670286 0.00445429 0.0202485 0.0630008 0.13423 0.195916 0.195931 0.134303 0.0632457 0.0209555 0.00622771 0.00453755 0.00740141 0.0120948 0.0173409 0.0216469 0.0235424 0.0223493 0.0185905 0.0136539 0.00899046 0.0054619 0.00320861 0.00192787
 1.01214e-16 5.24059e-05 0.000509404 0.00338517 0.0153885 0.0478796 0.102014 0.148899 0.14893 0.102169 0.0483995 0.0168898 0.00715228 0.00872883 0.01565 0.0257563 0.0370177 0.046378 0.0507517 0.0487022 0.0412933 0.0313728 0.0218935 0.0145732 0.00966177 0.00655298
 1.02318e-16 6.03832e-05 0.000586947 0.00390047 0.017731 0.0551677 0.117541 0.171559 0.171579 0.117638 0.0554911 0.0186656 0.00624859 0.00571959 0.00982761 0.0162016 0.0234488 0.0297252 0.0331795 0.0329348 0.0295728 0.0246757 0.0198202 0.0158308 0.0127286 0.0101657
 1.00229e-16 7.98625e-05 0.000776292 0.00515873 0.0234509 0.0729643 0.155458 0.226896 0.226899 0.15547 0.073005 0.0235683 0.00545365 0.0014201 0.00130255 0.0020269 0.00291187 0.00366108 0.00403206 0.00391444 0.00339069 0.00267858 0.00199997 0.00147806 0.00112242 0.000880073
 1.00047e-16 7.8342e-05 0.000761512 0.00506052 0.0230044 0.0715752 0.152499 0.222577 0.222582 0.152521 0.071651 0.0232232 0.00560937 0.00195802 0.00234593 0.00374167 0.00535272 0.00666847 0.00722758 0.00681943 0.00560899 0.00403313 0.00255085 0.00143797 0.000742748 0.000370094
 1.0067e-16 3.07529e-05 0.000298929 0.00198649 0.00903034 0.0280971 0.0598659 0.0873883 0.087447 0.0601524 0.0290587 0.0118063 0.0089489 0.0154791 0.0288051 0.047426 0.0679725 0.0847518 0.0919818 0.0869926 0.0718545 0.0520662 0.0333974 0.019305 0.0103889 0.00546803
 1.01799e-16 7.24034e-05 0.000703787 0.00467691 0.0212606 0.0661495 0.140939 0.205706 0.205712 0.140969 0.0662509 0.0215543 0.00541776 0.0023325 0.00319899 0.00526056 0.00777138 0.0101869 0.0119868 0.0129016 0.0130201 0.0126378 0.0119887 0.0111037 0.0098898 0.00830994
 1.00895e-16 6.65821e-05 0.000647202 0.00430089 0.0195512 0.0608312 0.129608 0.18917 0.189187 0.129692 0.0611127 0.0203639 0.00633938 0.00509273 0.00849625 0.0139062 0.0199458 0.0249154 0.027134 0.0258339 0.0216264 0.0161109 0.0109464 0.0070985 0.00469027 0.00333324
 1.00939e-16 6.43569e-05 0.000625572 0.00415714 0.0188978 0.0587981 0.125276 0.182848 0.182867 0.125368 0.0591048 0.0197834 0.00637978 0.005476 0.00927137 0.0152125 0.0218764 0.0274409 0.0300908 0.028981 0.0247325 0.0190087 0.0135279 0.0092808 0.0064008 0.00452994
 1.01044e-16 6.5626e-05 0.000637908 0.00423913 0.0192705 0.0599576 0.127747 0.186454 0.186471 0.12783 0.0602368 0.0200768 0.00626289 0.00505515 0.00845279 0.0138648 0.0199528 0.0250601 0.0275415 0.026631 0.0228891 0.0178143 0.0129468 0.00916213 0.00656288 0.00481834
 1.01357e-16 6.00851e-05 0.000584049 0.00388121 0.0176434 0.0548954 0.116961 0.170713 0.170736 0.117073 0.0552708 0.0187276 0.00660218 0.00652232 0.0113331 0.0186278 0.0267967 0.033629 0.0369092 0.0356074 0.0304856 0.0235759 0.0169702 0.011864 0.00840122 0.00612914
 1.04128e-16 3.11945e-05 0.000303222 0.00201502 0.00916001 0.0285005 0.0607251 0.0886405 0.0886905 0.0609692 0.0293201 0.0115277 0.00795923 0.013283 0.0246924 0.0407978 0.0588252 0.0740876 0.0818064 0.079745 0.0695046 0.0553765 0.0417307 0.0309934 0.0233816 0.0179335
 1.02331e-16 7.2701e-05 0.00070668 0.00469613 0.0213479 0.0664214 0.141518 0.206551 0.206557 0.141548 0.0665214 0.0216375 0.00542576 0.00230896 0.00314359 0.00515469 0.00758824 0.00989695 0.0115658 0.0123438 0.0123553 0.0119442 0.0113901 0.0107419 0.0098775 0.00868529
 1.00941e-16 6.6163e-05 0.000643128 0.00427381 0.0194281 0.0604482 0.128792 0.187979 0.187997 0.128878 0.0607378 0.0202643 0.00637122 0.00521708 0.00873909 0.0143067 0.0205188 0.0256276 0.0279026 0.0265532 0.0222088 0.0165171 0.0111892 0.00722289 0.00474888 0.00336857
 1.02327e-16 3.9033e-05 0.000379415 0.00252135 0.0114617 0.0356619 0.075983 0.110909 0.110954 0.0762017 0.036396 0.0135819 0.00784232 0.0119919 0.0220837 0.0364207 0.0523975 0.0657498 0.0721437 0.0695567 0.0594693 0.0458496 0.0327926 0.022654 0.0157453 0.0112144
 1.01962e-16 7.11233e-05 0.000691343 0.00459422 0.0208847 0.06498 0.138447 0.202069 0.202078 0.138487 0.0651158 0.0212775 0.00558285 0.00285782 0.00420993 0.00691049 0.0100948 0.0129994 0.0148866 0.0153991 0.0147352 0.0134479 0.0120453 0.0107271 0.0094193 0.00798839
 1.01601e-16 5.54363e-05 0.000538861 0.00358092 0.0162784 0.0506482 0.107912 0.157507 0.157536 0.108054 0.0511233 0.0176503 0.00702266 0.00804558 0.0142926 0.0234902 0.0337148 0.04215 0.0459673 0.0438693 0.0368765 0.027667 0.0190158 0.0125334 0.00842398 0.00604564
 1.0408e-16 3.96291e-05 0.000385209 0.00255985 0.0116367 0.0362064 0.0771431 0.112601 0.11264 0.0773366 0.0368564 0.0135149 0.00727725 0.0106928 0.0196433 0.0324825 0.0469508 0.0593731 0.0660027 0.0650676 0.057769 0.0473668 0.0371439 0.028869 0.0226522 0.0177889
pSPR Fmed_Fpbrs
0.539453   0.208663 0.208663
Fs Fmed_Fpbrs
0.34   1.005 1.005
SSBpbr Bo_Bmed_Bpbrs
504988  247168  80123.1 80123.1
Ro
94859.3
SPR SPRFo_SPRFmed_SPRFpbrs
674164 363680 140673
Fref
1.005
Nvult_r0
 33205.2 18905.6 4610.04 247.783 149.379
CTP_r0
 14927.1 9476.38 2310.77 124.2 74.8757
YTP_r0
328133
Np
 123561 20086.9 905.476 417.317 115.464
Nvult_p0
 103474 17382 783.544 361.121 99.9154
CTP_p0
 46516 2916.59 1344.2 327.777 20.1165
 46516 8712.68 392.749 181.011 50.0823
YTP_p0
 444956 519655
CBA_c0
363180
log_Ro
11.2801
likeval ReclasPelacesDesembMPH_pf_preclas_ppelaces_ptallas_desvR_qrecl_qpela
 16.6886 0.000394819 0.0165919 31.1957 220.453 106.082 95.2225 0 22.4427 0.000116787 0.000184586 0.0290675 0 0 0
q_reclas_q_pelaces
4.61038 6.83039
M
1
N
 144172 26593.1 31309.8 2746.71 0.152279
 96218.4 37048.6 6291.12 7406.94 649.824
 83863.4 18217.1 6018.2 1021.93 1308.75
 129171 15952.5 2976.31 983.252 380.786
 93127.5 22701.2 2364.44 441.141 202.174
 196994 27086.6 6254.55 651.442 177.244
 70613.2 51930.9 6612.28 1526.84 202.296
 24636 10919.9 6576.05 837.316 218.961
 23795.1 7645.27 3258.4 1962.23 315.183
 31962.7 4078.09 1098.65 468.244 327.272
 55139.2 2543.75 228.014 61.4277 44.4788
 131937 15632.9 679.151 60.8771 28.2758
 70517.4 23695.5 2379.73 103.384 13.5713
 45076.5 11631.8 3248.51 326.246 16.0338
 65089.9 1157.08 161.587 45.1278 4.7549
 285881 9137.46 130.074 18.1649 5.60759
 53843.4 54305.4 1490.35 21.2154 3.87737
 249868 11559.7 10297.2 282.596 4.75803
 288009 43170.5 1677.77 1494.53 41.7063
 232759 37635.9 4443.46 172.69 158.122
 275320 37968.2 5089.4 600.877 44.7348
 263457 56902.5 6870.17 920.903 116.82
 42422 38977.9 6823.57 823.848 124.44
 129033 5874.64 4308.81 754.311 104.828
 153069 22355.9 855.582 627.534 125.125
 44374.3 27484.1 3402.13 130.203 114.54
 138007 8458.97 4502.2 557.306 40.0916
 103605 28722.8 1543.81 821.674 109.028
 39651.1 21847.6 5327.43 286.342 172.625
pred_Ctot
 28285.3 6218.2 7321.09 642.256 0.035607
 31132.8 13956.8 2369.95 2790.3 244.798
 26990.2 6828.27 2255.78 383.048 490.553
 45235.1 6470.45 1207.21 398.814 154.449
 12563.4 3688.46 384.172 71.6761 32.8491
 36259.7 5954.68 1374.99 143.212 38.9651
 27714.1 23407 2980.37 688.196 91.1814
 2470.22 1326.29 798.7 101.697 26.5941
 8538.64 3172.08 1351.93 814.144 130.772
 17795.2 2515.09 677.573 288.781 201.839
 8164.04 452.611 40.5708 10.9299 7.91416
 45201.7 6212.59 269.897 24.1928 11.2369
 26209.8 10157.1 1020.07 44.3156 5.81736
 31927.7 8788.04 2454.3 246.485 12.1138
 27454.5 557.099 77.7995 21.7277 2.28934
 92152 3430.05 48.8275 6.81881 2.10499
 14800.9 17541 481.392 6.85273 1.25242
 88972.9 4761.94 4241.87 116.413 1.96004
 127342 21694.6 843.134 751.052 20.9588
 87364.8 16279.8 1922.06 74.6985 68.3973
 79879.7 12907.4 1730.15 204.269 15.2077
 107006 26467.5 3195.57 428.346 54.3374
 18061.3 18927.1 3313.43 400.049 60.4265
 45822 2413.95 1770.53 309.954 43.075
 52454.5 8886.37 340.09 249.442 49.7366
 14246 10278 1272.26 48.6908 42.8335
 39659.7 2849.76 1516.76 187.752 13.5065
 29230.4 9509.38 511.115 272.036 36.0964
 14370.4 9148.7 2230.86 119.906 72.2866
F
 0.358777 0.441514 0.441514 0.441514 0.441514
 0.664259 0.817443 0.817443 0.817443 0.817443
 0.659574 0.811678 0.811678 0.811678 0.811678
 0.738719 0.909075 0.909075 0.909075 0.909075
 0.23493 0.289107 0.289107 0.289107 0.289107
 0.333259 0.410112 0.410112 0.410112 0.410112
 0.866628 1.06648 1.06648 1.06648 1.06648
 0.17012 0.209351 0.209351 0.209351 0.209351
 0.763852 0.940003 0.940003 0.940003 0.940003
 1.53093 1.88398 1.88398 1.88398 1.88398
 0.26048 0.32055 0.32055 0.32055 0.32055
 0.717037 0.882393 0.882393 0.882393 0.882393
 0.802116 0.987092 0.987092 0.987092 0.987092
 2.66246 3.27645 3.27645 3.27645 3.27645
 0.963387 1.18555 1.18555 1.18555 1.18555
 0.660951 0.813373 0.813373 0.813373 0.813373
 0.538551 0.662747 0.662747 0.662747 0.662747
 0.755774 0.930063 0.930063 0.930063 0.930063
 1.03503 1.27372 1.27372 1.27372 1.27372
 0.813255 1.0008 1.0008 1.0008 1.0008
 0.576593 0.709561 0.709561 0.709561 0.709561
 0.910896 1.12096 1.12096 1.12096 1.12096
 0.977023 1.20233 1.20233 1.20233 1.20233
 0.752975 0.926619 0.926619 0.926619 0.926619
 0.717277 0.882689 0.882689 0.882689 0.882689
 0.657432 0.809042 0.809042 0.809042 0.809042
 0.569618 0.700978 0.700978 0.700978 0.700978
 0.556488 0.68482 0.68482 0.68482 0.68482
 0.774413 0.953001 0.953001 0.953001 0.953001
YTP_r0W_actual
 77621 194266 50143.7 3601.81 2500.85
YTP_p0W_proyectada
 350731 50894.5 32355 10266 709.108
 350731 152036 9453.47 5669.26 1765.4
CTP_r0_actual
 14927.1 9476.38 2310.77 124.2 74.8757
CTP_p0_proyectada
 46516 2916.59 1344.2 327.777 20.1165
 46516 8712.68 392.749 181.011 50.0823
Wmedp
 7.54 17.45 24.07 31.32 35.25
Frms_r0
 0.816668 1.005 1.005 1.005 1.005
Zrms_r0
 1.81667 2.005 2.005 2.005 2.005
nmprior
 7.29 8.9 8.7 0
nm_flota  nm_reclas  nm_pelaces    nm_pelaL
inf 12.3991 9.24537 11.5483
cv_recla  cv_pelaces  cv_mph
0.387553 0.811191 0.483703
 ------------------------------------------------
Talla a la edad & desviaci?n 
 8 13.2811 15.8009 17.003 17.5766
 0.8 1.32811 1.58009 1.7003 1.75766
