    unsorted:	 2.283907606e-06 -9.031005838e-06 5.393358647e-05 9.454528682e-05 0.001499850645 6.359727974 5.948776879 12.29922435 12.15306789 22.63773112 34.32024418 68.46435038 153.5184629 200.9620661 190.2467304 223.3715785 461.5518674 658.9750698 736.6781213 791.8897923 835.2602238 902.5957488 948.4860494 1015.891982 1075.045608 1089.407797 1217.863399 1301.432042 1405.551929 1519.651786 1689.435030 1856.734074 2051.079703 2052.374162 1937.583926 2332.435548 2309.660415 2288.154409 2468.647217 2588.549318 3237.835874 3440.072080 3933.378129 4172.733652 4322.568411 10952.59418 15283.50189 42928.54811 158368.5421 369356.1539 382136.5866 384170.8100 365326.5229 352340.6215 335372.6274 316401.9226 447790.5608 470880.6561 533005.2663 571375.2619 602236.8507 636461.1124 705979.9418 767751.5453 980146.5121 1078844.973 1178229.024 1247537.537 1328864.643 1567616.160 1657985.086 1956139.710 2175750.111 2205475.407 2577536.144 2726631.742 2912703.985 3361771.807 7762296.295 51095272.17
      sorted:	 -9.031005838e-06 2.283907606e-06 5.393358647e-05 9.454528682e-05 0.001499850645 5.948776879 6.359727974 12.15306789 12.29922435 22.63773112 34.32024418 68.46435038 153.5184629 190.2467304 200.9620661 223.3715785 461.5518674 658.9750698 736.6781213 791.8897923 835.2602238 902.5957488 948.4860494 1015.891982 1075.045608 1089.407797 1217.863399 1301.432042 1405.551929 1519.651786 1689.435030 1856.734074 1937.583926 2051.079703 2052.374162 2288.154409 2309.660415 2332.435548 2468.647217 2588.549318 3237.835874 3440.072080 3933.378129 4172.733652 4322.568411 10952.59418 15283.50189 42928.54811 158368.5421 316401.9226 335372.6274 352340.6215 365326.5229 369356.1539 382136.5866 384170.8100 447790.5608 470880.6561 533005.2663 571375.2619 602236.8507 636461.1124 705979.9418 767751.5453 980146.5121 1078844.973 1178229.024 1247537.537 1328864.643 1567616.160 1657985.086 1956139.710 2175750.111 2205475.407 2577536.144 2726631.742 2912703.985 3361771.807 7762296.295 51095272.17
