years
 1991 1992 1993 1994 1995 1996 1997 1998 1999 2000 2001 2002 2003 2004 2005 2006 2007 2008 2009 2010 2011 2012 2013 2014 2015 2016 2017 2018 2019 2020 2021
reclasobs
 0 0 0 0 0 0 0 0 0 252601 567819 844713 477998 351125 339783 2.1784e+06 2.13404e+06 4.81314e+06 1.55562e+06 2.62356e+06 3.21686e+06 3.843e+06 1.13348e+06 3.07943e+06 1.97215e+06 2.03268e+06 2.025e+06 2.42433e+06 2.27542e+06 1.05018e+06 2.36338e+06
reclaspred
 4.40936e+06 2.39322e+06 1.16415e+06 1.33442e+06 1.57179e+06 3.10128e+06 1.82383e+06 1.36121e+06 798890 337952 580155 1.21104e+06 1.05069e+06 257197 649765 2.03942e+06 2.06608e+06 2.66619e+06 2.34614e+06 2.06247e+06 4.01628e+06 2.55541e+06 1.20802e+06 1.8303e+06 1.60221e+06 1.3426e+06 1.9991e+06 2.21732e+06 1.79601e+06 1.41444e+06 2.42903e+06
pelacesobs
 0 0 0 0 0 0 0 0 0 0 0 0 0 0 0 552880 188675 0 991730 2.46772e+06 1.41603e+06 1.21717e+06 2.29649e+06 1.80582e+06 0 1.4828e+06 1.56532e+06 1.57751e+06 1.42118e+06 867257 1.10002e+06
pelacespred
 2.52935e+06 1.388e+06 633172 591047 870505 1.71437e+06 919220 915964 462786 140089 314854 560038 529311 75192.8 311596 904418 1.0448e+06 1.30701e+06 1.1219e+06 906621 1.99458e+06 1.25214e+06 573148 963283 792891 691478 1.22237e+06 1.28162e+06 973904 804978 1.20864e+06
mphobs
 0 0 0 0 0 0 0 0 0 0 0 0 498337 0 5186 125008 0 168611 109162 213762 579715 649985 157893 87575 83554 210694 70296 0 107559 103333 445601
mphpred
 838119 575227 256974 148212 208940 296183 476190 209563 179475 75429.1 27370.5 120906 185874 80613.8 10673.6 89327.8 374816 272762 297101 239634 333691 434228 218972 99706 226200 200244 145578 270628 358223 212304 169136
desembarqueobs
 494567 514787 250237 358949 120608 361735 552515 73892 212993 205616 52469 317467 293654 387597 252695 516296 358380 742168 942051 627588 828172 859565 418607 520667 417249 300574 415391 372974 316634 284311 391294
desembarquepred
 494556 514388 250415 358945 120609 361716 552481 73897.7 213072 205687 52470.4 317431 293705 387653 252585 516112 358372 741987 941175 627179 828102 859657 418691 520681 417103 300592 415312 372912 316491 284120 391240
Reclutas
 146948 94048.4 83685.8 127842 94383.1 195646 70048.5 25086.2 24103.1 32512.8 57663.3 131327 72153.7 43744 66224.2 288990 55602.6 249656 289128 233748 277239 259453 43014.8 131328 151403 44948.5 141069 125735 53649.4 76375.9 156161
log_desv_Rt
 0.40686 -0.0394103 -0.15615 0.267573 -0.0358586 0.693087 -0.334033 -1.3609 -1.40088 -1.10159 -0.5286 0.294467 -0.304422 -0.804866 -0.390175 1.08317 -0.564991 0.936865 1.08365 0.871024 1.04166 0.975355 -0.821677 0.294475 0.436724 -0.777703 0.366027 0.250954 -0.600749 -0.247553 0.467666
SSB
 838119 575227 256974 148212 208940 296183 476190 209563 179475 75429.1 27370.5 120906 175173 77185.7 10210.7 86103.9 374816 272762 311077 249516 357486 504550 278943 116465 239468 231456 153242 270628 376583 205144 191639
BT
 1.40633e+06 1.03947e+06 476084 597931 492822 1.23274e+06 846416 487668 418495 265212 235609 570831 521724 430289 458259 982509 716025 1.39587e+06 1.51911e+06 975865 1.82936e+06 1.35969e+06 616043 1.10446e+06 748469 578921 1.17484e+06 1.01563e+06 652576 674726 995597
Ftot
 0.430396 0.79603 0.789886 0.923436 0.290632 0.422721 1.08064 0.21095 0.943951 1.84453 0.316351 0.894624 0.976332 3.34553 1.21656 0.837929 0.649947 0.943984 1.29837 1.02051 0.722013 1.14426 1.20059 0.942034 0.899958 0.810617 0.710132 0.593766 0.666142 0.715405 0.561391
BD_Bspro_t
 0.933454 0.597049 0.329698 0.241359 0.284761 0.409741 0.462822 0.250322 0.285559 0.173556 0.0949656 0.399637 0.340828 0.155146 0.02615 0.182133 0.366276 0.278348 0.264656 0.200966 0.220724 0.273562 0.190582 0.107731 0.221725 0.24856 0.214029 0.351732 0.410814 0.28792 0.302573
BD_Bspro
 1.20027 0.823785 0.368013 0.212254 0.299224 0.424164 0.681954 0.300115 0.257026 0.108022 0.0391974 0.17315 0.250867 0.110538 0.0146228 0.12331 0.536776 0.390623 0.445494 0.357333 0.511957 0.722569 0.399475 0.16679 0.342943 0.331469 0.219458 0.387567 0.539307 0.293788 0.274447
BD_Bo
 1.63685 1.12342 0.50187 0.289457 0.40806 0.578445 0.929999 0.409276 0.350514 0.147313 0.0534546 0.236129 0.342114 0.150744 0.0199416 0.168161 0.732016 0.532703 0.607533 0.487305 0.69817 0.985387 0.544775 0.227456 0.46768 0.452033 0.299281 0.528536 0.735467 0.400646 0.374271
BD_Brms
 9.76268 6.70043 2.99331 1.72642 2.4338 3.45003 5.54681 2.44105 2.09058 0.878622 0.31882 1.40835 2.04048 0.899084 0.118938 1.00297 4.36598 3.17722 3.62352 2.90644 4.16411 5.87716 3.24921 1.35662 2.7894 2.69607 1.78501 3.15236 4.38656 2.38958 2.23227
Sel_flota
 0.769432 1 1 1 1
 0.769432 1 1 1 1
 0.769432 1 1 1 1
 0.769432 1 1 1 1
 0.769432 1 1 1 1
 0.769432 1 1 1 1
 0.769432 1 1 1 1
 0.769432 1 1 1 1
 0.769432 1 1 1 1
 0.769432 1 1 1 1
 0.769432 1 1 1 1
 0.769432 1 1 1 1
 0.769432 1 1 1 1
 0.769432 1 1 1 1
 0.769432 1 1 1 1
 0.769432 1 1 1 1
 0.769432 1 1 1 1
 0.769432 1 1 1 1
 0.769432 1 1 1 1
 0.769432 1 1 1 1
 0.769432 1 1 1 1
 0.769432 1 1 1 1
 0.769432 1 1 1 1
 0.769432 1 1 1 1
 0.769432 1 1 1 1
 0.769432 1 1 1 1
 0.769432 1 1 1 1
 0.769432 1 1 1 1
 0.769432 1 1 1 1
 0.769432 1 1 1 1
 0.769432 1 1 1 1
Sel_reclas
 0.633804 1 1 1 1
 0.633804 1 1 1 1
 0.633804 1 1 1 1
 0.633804 1 1 1 1
 0.633804 1 1 1 1
 0.633804 1 1 1 1
 0.633804 1 1 1 1
 0.633804 1 1 1 1
 0.633804 1 1 1 1
 0.633804 1 1 1 1
 0.633804 1 1 1 1
 0.633804 1 1 1 1
 0.633804 1 1 1 1
 0.633804 1 1 1 1
 0.633804 1 1 1 1
 0.633804 1 1 1 1
 0.633804 1 1 1 1
 0.633804 1 1 1 1
 0.633804 1 1 1 1
 0.633804 1 1 1 1
 0.633804 1 1 1 1
 0.633804 1 1 1 1
 0.633804 1 1 1 1
 0.633804 1 1 1 1
 0.633804 1 1 1 1
 0.633804 1 1 1 1
 0.633804 1 1 1 1
 0.633804 1 1 1 1
 0.633804 1 1 1 1
 0.633804 1 1 1 1
 0.633804 1 1 1 1
Sel_pelaces
 0.5 1 1 1 1
 0.5 1 1 1 1
 0.5 1 1 1 1
 0.5 1 1 1 1
 0.5 1 1 1 1
 0.5 1 1 1 1
 0.5 1 1 1 1
 0.5 1 1 1 1
 0.5 1 1 1 1
 0.5 1 1 1 1
 0.5 1 1 1 1
 0.5 1 1 1 1
 0.5 1 1 1 1
 0.5 1 1 1 1
 0.5 1 1 1 1
 0.5 1 1 1 1
 0.5 1 1 1 1
 0.5 1 1 1 1
 0.5 1 1 1 1
 0.5 1 1 1 1
 0.5 1 1 1 1
 0.5 1 1 1 1
 0.5 1 1 1 1
 0.5 1 1 1 1
 0.5 1 1 1 1
 0.5 1 1 1 1
 0.5 1 1 1 1
 0.5 1 1 1 1
 0.5 1 1 1 1
 0.5 1 1 1 1
 0.5 1 1 1 1
pf_obs 
 0.8446 0.082 0.0669 0.0065 0
 0.8095 0.147 0.0364 0.0071 0
 0.9664 0.0169 0.016 0.0007 0
 0.9276 0.0648 0.0075 0.0001 0
 0.7033 0.2144 0.0806 0.0017 0
 0.9318 0.0425 0.0243 0.0014 0
 0.5671 0.3108 0.0964 0.0239 0.0018
 0.0768 0.2599 0.5324 0.112 0.0189
 0.490249 0.384438 0.106611 0.0170017 0.00170017
 0.7925 0.1577 0.0466 0.003 0.0002
 0.840416 0.127587 0.0312969 0.00059994 9.999e-05
 0.8084 0.0986 0.0794 0.0134 0.0002
 0.7335 0.1905 0.0724 0.0035 0.0001
 0.4001 0.4547 0.1325 0.0127 0
 0.49795 0.308269 0.164784 0.0264974 0.00249975
 0.9179 0.0499 0.0305 0.0017 0
 0.2467 0.6533 0.0926 0.0074 0
 0.9418 0.0223 0.034 0.0019 0
 0.707729 0.231977 0.0356964 0.0245975 0
 0.517169 0.277429 0.184464 0.0207286 0.00020938
 0.811772 0.124168 0.05621 0.00726502 0.000585176
 0.764997 0.148141 0.077277 0.00933861 0.000247198
 0.163321 0.427699 0.378323 0.0303852 0.000271297
 0.753843 0.0900009 0.118128 0.0371064 0.000921714
 0.721811 0.176058 0.0630433 0.0369309 0.00215725
 0.143369 0.312575 0.442814 0.0836902 0.0175525
 0.692698 0.0596174 0.167031 0.0765114 0.00414204
 0.394062 0.376323 0.152708 0.0712218 0.00568511
 0.125707 0.32114 0.495352 0.0537591 0.00404204
 0.23352 0.215282 0.420074 0.123614 0.00750983
 0.796117 0.104755 0.0508955 0.0450114 0.00322123
pf_pred 
 0.651411 0.148269 0.184323 0.0159966 8.70657e-07
 0.589566 0.295808 0.0487549 0.0606106 0.00526041
 0.713061 0.194314 0.0667563 0.0110027 0.0148654
 0.832253 0.131484 0.0245573 0.00843662 0.00326919
 0.739779 0.229224 0.0242957 0.00453773 0.00216301
 0.817172 0.145108 0.0332274 0.00352181 0.000971312
 0.493018 0.436228 0.0561559 0.0128589 0.00173881
 0.511972 0.291823 0.168823 0.0217327 0.00564939
 0.598584 0.234408 0.0998647 0.0577729 0.00937043
 0.820788 0.12373 0.0323989 0.0138029 0.00928028
 0.933475 0.0591394 0.00509882 0.00133513 0.000951239
 0.861417 0.131674 0.00614208 0.000529551 0.000237457
 0.690804 0.278949 0.0287397 0.0013406 0.00016741
 0.712611 0.221458 0.0594811 0.00612825 0.000321557
 0.974989 0.0213444 0.00282538 0.000758865 8.22872e-05
 0.960869 0.0384996 0.000538645 7.13009e-05 2.12272e-05
 0.441068 0.543867 0.0148218 0.000207371 3.56221e-05
 0.898599 0.0537164 0.0463997 0.00126452 2.07308e-05
 0.837273 0.15131 0.00604802 0.00522422 0.000144708
 0.816251 0.163698 0.0186444 0.000745239 0.000661561
 0.834328 0.144232 0.019101 0.00217551 0.000164151
 0.766501 0.205264 0.0245811 0.00325534 0.000398743
 0.434216 0.47264 0.0818812 0.00980554 0.00145764
 0.904471 0.0520596 0.0363129 0.00629093 0.00086535
 0.833545 0.155472 0.00598549 0.00417504 0.000822785
 0.53934 0.406053 0.0510038 0.00196359 0.00163958
 0.891514 0.0685116 0.0352361 0.00442597 0.000312673
 0.75765 0.223477 0.0119189 0.00613002 0.000824381
 0.54898 0.367875 0.0766703 0.00408914 0.00238591
 0.770465 0.145821 0.068281 0.0142307 0.00120183
 0.86587 0.111165 0.0145897 0.00683166 0.00154406
pobs_RECLAS
 0 0 0 0 0
 0 0 0 0 0
 0 0 0 0 0
 0 0 0 0 0
 0 0 0 0 0
 0 0 0 0 0
 0 0 0 0 0
 0 0 0 0 0
 0 0 0 0 0
 0 0 0 0 0
 0.991045 0.00858322 0.000360255 1.14367e-05 0
 0.934742 0.0480273 0.0164251 0.00080598 0
 0.827803 0.169806 0.00239088 0 0
 0.941827 0.0461693 0.0120037 0 0
 0.791401 0.0380133 0.147996 0.0225897 0
 0.846168 0.0940531 0.0597789 0 0
 0.134021 0.677848 0.182769 0.00536245 0
 0.80878 0.0450904 0.141981 0.00414843 0
 0.846168 0.0940531 0.0597789 0 0
 0.905697 0.0802665 0.012482 0.00150086 5.37128e-05
 0.989698 0.0102097 9.19794e-05 0 0
 0.975433 0.0193895 0.00387452 0.00125025 5.28907e-05
 0.303575 0.632131 0.0575291 0.00676475 0
 0.966965 0.00978017 0.0227588 0.000495775 0
 0.843318 0.132988 0.00938335 0.0141283 0.000182051
 0.564624 0.303363 0.111486 0.0197234 0.00080311
 0.826376 0.0876187 0.0782897 0.00655872 0.00115652
 0.89761 0.0855135 0.0140674 0.00269457 0.000114338
 0.34875 0.467042 0.161289 0.0227151 0.000203297
 0.318654 0.224769 0.449479 0.00709798 0
 0.937255 0.0296025 0.0250945 0.00804832 0
ppred_RECLAS
 0.608832 0.166379 0.206838 0.0179505 9.77005e-07
 0.548136 0.325668 0.0536763 0.0667288 0.00579141
 0.677216 0.218589 0.0750958 0.0123772 0.0167224
 0.8082 0.150337 0.0280786 0.00964634 0.00373796
 0.70219 0.262336 0.0278052 0.0051932 0.00247546
 0.788217 0.168088 0.0384897 0.00407956 0.00112514
 0.454226 0.469606 0.0604528 0.0138428 0.00187186
 0.46473 0.320072 0.185165 0.0238365 0.00619626
 0.559025 0.257509 0.109706 0.0634664 0.0102939
 0.804044 0.13529 0.035426 0.0150925 0.0101474
 0.920927 0.0702951 0.00606062 0.00158698 0.00113067
 0.840568 0.151484 0.00706615 0.000609221 0.000273182
 0.655444 0.31085 0.0320264 0.00149391 0.000186556
 0.71501 0.219609 0.0589845 0.00607709 0.000318872
 0.971099 0.0246641 0.0032648 0.00087689 9.50851e-05
 0.954075 0.0451845 0.000632173 8.36812e-05 2.4913e-05
 0.398471 0.585316 0.0159514 0.000223176 3.83369e-05
 0.882818 0.0620762 0.0536208 0.00146131 2.39572e-05
 0.816684 0.170455 0.00681328 0.00588524 0.000163018
 0.791248 0.185972 0.0211813 0.000846641 0.000751578
 0.809147 0.166153 0.0220042 0.00250617 0.000189101
 0.738126 0.230207 0.0275681 0.00365092 0.000447198
 0.397932 0.50295 0.0871321 0.0104344 0.00155111
 0.889483 0.0602277 0.0420104 0.00727797 0.00100112
 0.809468 0.17796 0.00685129 0.00477895 0.0009418
 0.497322 0.44309 0.0556561 0.0021427 0.00178913
 0.873656 0.0797893 0.0410363 0.00515453 0.000364143
 0.723659 0.25482 0.0135906 0.00698978 0.000940003
 0.505542 0.403305 0.0840544 0.00448297 0.0026157
 0.738567 0.166086 0.07777 0.0162084 0.00136885
 0.843774 0.129477 0.0169931 0.00795707 0.00179842
pobs_PELACES
 0 0 0 0 0
 0 0 0 0 0
 0 0 0 0 0
 0 0 0 0 0
 0 0 0 0 0
 0 0 0 0 0
 0 0 0 0 0
 0 0 0 0 0
 0 0 0 0 0
 0 0 0 0 0
 0 0 0 0 0
 0 0 0 0 0
 0 0 0 0 0
 0 0 0 0 0
 0 0 0 0 0
 0 0 0 0 0
 0.505614 0.472636 0.0217494 0 0
 0 0 0 0 0
 0.443492 0.261883 0.143347 0.151278 0
 0.227955 0.32914 0.350689 0.0885471 0.00366901
 0.970185 0.0296113 0.000203453 0 0
 0.997202 0.00247181 0.000326279 0 0
 0.445219 0.490057 0.0546422 0.010081 0
 0.90214 0.0892962 0.00764917 0.000914606 0
 0 0 0 0 0
 0.581667 0.319106 0.0959925 0.00289975 0.000334073
 0.762889 0.0836404 0.116647 0.0363945 0.000428098
 0.88444 0.0763242 0.0277011 0.0115352 0
 0.521256 0.241999 0.230069 0.00667565 0
 0.616807 0.101726 0.260614 0.0208532 0
 0.833518 0.0704572 0.0857862 0.0102388 0
ppred_PELACES
 0.559226 0.187478 0.233068 0.0202269 1.1009e-06
 0.504144 0.357374 0.058902 0.0732252 0.00635523
 0.637372 0.245571 0.0843655 0.013905 0.0187866
 0.780997 0.171659 0.032061 0.0110145 0.00426811
 0.655371 0.303578 0.0321766 0.00600964 0.00286463
 0.751988 0.196843 0.045074 0.00477743 0.00131761
 0.416169 0.502352 0.0646681 0.014808 0.00200239
 0.41038 0.352571 0.203967 0.0262568 0.00682542
 0.517966 0.281485 0.119921 0.0693757 0.0112523
 0.788344 0.146129 0.0382642 0.0163017 0.0109603
 0.903953 0.0853841 0.00736155 0.00192763 0.00137338
 0.816587 0.174269 0.00812897 0.000700854 0.000314272
 0.617797 0.344813 0.0355256 0.00165713 0.000206939
 0.718547 0.216884 0.0582526 0.00600168 0.000314916
 0.966753 0.0283728 0.00375573 0.00100875 0.000109383
 0.945851 0.0532753 0.000745371 9.86654e-05 2.9374e-05
 0.354453 0.628147 0.0171187 0.000239507 4.11423e-05
 0.864606 0.0717239 0.0619544 0.00168842 2.76805e-05
 0.795059 0.190562 0.00761698 0.00657948 0.000182248
 0.763684 0.210529 0.0239782 0.000958436 0.00085082
 0.779419 0.192034 0.0254317 0.00289654 0.000218556
 0.708102 0.256601 0.0307288 0.0040695 0.000498469
 0.363578 0.531649 0.092104 0.0110298 0.00163962
 0.87214 0.0696789 0.0486028 0.00842006 0.00115822
 0.782092 0.20353 0.00783568 0.00546559 0.00107712
 0.453593 0.481636 0.0604978 0.0023291 0.00194477
 0.852025 0.0934493 0.0480618 0.00603699 0.000426484
 0.683679 0.291687 0.0155569 0.00800103 0.001076
 0.459023 0.441248 0.0919623 0.00490473 0.00286178
 0.70179 0.18945 0.0887103 0.0184885 0.00156141
 0.816403 0.152162 0.0199704 0.00935116 0.0021135
pobs_pel_tallas
 0 0 0 0 0 0 0 0 0 0 0 0 0 0 0 0 0 0 0 0 0 0 0 0 0 0
 0 0 0 0 0 0 0 0 0 0 0 0 0 0 0 0 0 0 0 0 0 0 0 0 0 0
 0 0 0 0 0 0 0 0 0 0 0 0 0 0 0 0 0 0 0 0 0 0 0 0 0 0
 0 0 0 0 0 0 0 0 0 0 0 0 0 0 0 0 0 0 0 0 0 0 0 0 0 0
 0 0 0 0 0 0 0 0 0 0 0 0 0 0 0 0 0 0 0 0 0 0 0 0 0 0
 0 0 0 0 0 0 0 0 0 0 0 0 0 0 0 0 0 0 0 0 0 0 0 0 0 0
 0 0 0 0 0 0 0 0 0 0 0 0 0 0 0 0 0 0 0 0 0 0 0 0 0 0
 0 0 0 0 0 0 0 0 0 0 0 0 0 0 0 0 0 0 0 0 0 0 0 0 0 0
 0 0 0 0 0 0 0 0 0 0 0 0 0 0 0 0 0 0 0 0 0 0 0 0 0 0
 0 0 0 0 0 0 0 0 0 0 0 0 0 0 0 0 0 0 0 0 0 0 0 0 0 0
 0 0 0 0 0 0 0 0 0 0 0 0 0 0 0 0 0 0 0 0 0 0 0 0 0 0
 0 0 0 0 0 0 0 0 0 0 0 0 0 0 0 0 0 0 0 0 0 0 0 0 0 0
 0.00862536 0 0 0.000197151 0.00414017 0.0128641 0.00837892 0.0270097 0.101434 0.158115 0.152841 0.127902 0.109271 0.109419 0.0830992 0.0579132 0.0238553 0.00714673 0.00463305 0.00128148 0.00103504 0.000492878 0.000147863 0.000147863 4.92878e-05 0
 0 0 0 0 0 0 0 0 0 0 0 0 0 0 0 0 0 0 0 0 0 0 0 0 0 0
 0 0 0 0 0 0 0 0.0054083 0.00873648 0.0413646 0.0450493 0.0745869 0.0622846 0.0627006 0.0613931 0.0827291 0.12552 0.122667 0.0946155 0.0697135 0.0546179 0.0294188 0.0215738 0.0213955 0.0102223 0.00600262
 0 0 0 0 0.00359764 0.0251062 0.0480494 0.140153 0.205849 0.193036 0.1447 0.116669 0.0760912 0.0342217 0.00950174 0.001854 0.000860785 0 0 0 0.000165536 0 0.000143464 0 0 0
 0 0 0 0 0 0 0 0.000145254 0.000435761 0.0275982 0.070085 0.0708112 0.156366 0.174668 0.174014 0.160142 0.0824315 0.0480064 0.0283245 0.00493863 0.00203355 0 0 0 0 0
 0 0 0 0 0 0 0 0 0 0 0 0 0 0 0 0 0 0 0 0 0 0 0 0 0 0
 0 0 1.00437e-05 0.000401748 0.00122533 0.00171747 0.00176769 0.0269171 0.070346 0.194647 0.189555 0.159765 0.064822 0.0314167 0.0384472 0.0292271 0.0345202 0.0313363 0.0194345 0.0106764 0.0143323 0.0359363 0.0279516 0.0138201 0.00172751 0
 0 0.0021121 0.0136068 0.0755702 0.200478 0.177729 0.0527432 0.0373336 0.0318909 0.0142505 0.0149659 0.0166563 0.0217959 0.0798694 0.0677717 0.0528807 0.04013 0.0224614 0.0357745 0.0225083 0.00881397 0.00855152 0.00135912 0.000746735 0 0
 0 0 0 0 5.4009e-05 0.00500934 0.000945158 0.0243581 0.138947 0.33067 0.221406 0.137944 0.0707744 0.0437923 0.0131692 0.00525238 0.0047753 0.00276346 9.45158e-05 9.00151e-06 2.25038e-05 9.00151e-06 4.50075e-06 0 0 0
 0.000866109 0.00284123 0.00948549 0.0512746 0.133035 0.25785 0.225252 0.132002 0.0553304 0.0519788 0.0540692 0.017754 0.00435017 0.00159236 0.00146478 0.000404838 0.000125132 0.000115318 0.000107957 0.000100596 0 0 0 0 0 0
 0 0 0 0 0.00144013 0.00171154 0.00461396 0.0210425 0.0478622 0.0707936 0.0888783 0.103762 0.0637923 0.0337046 0.0602308 0.124433 0.169614 0.0934646 0.0462172 0.0250306 0.0313229 0.00938855 0.002487 0.000210481 0 0
 0 0.00764035 0.051015 0.0998891 0.058973 0.0496711 0.0374665 0.0718981 0.12319 0.153886 0.159021 0.0857701 0.0377988 0.023471 0.0147837 0.00900784 0.00315554 0.000888139 0.00291439 0.00214683 0.00393193 0.00274676 0.000635225 9.99891e-05 0 0
 0 0 0 0 0 0 0 0 0 0 0 0 0 0 0 0 0 0 0 0 0 0 0 0 0 0
 0 0 0 0 0 0 0 0 0 0 0 0 0 0 0 0 0 0 0 0 0 0 0 0 0 0
 0 0 0 0 0 0 0 0 0 0 0 0 0 0 0 0 0 0 0 0 0 0 0 0 0 0
 0 0 0 0 0 0 0 0 0 0 0 0 0 0 0 0 0 0 0 0 0 0 0 0 0 0
 0 0 0 0 0 0 0 0 0 0 0 0 0 0 0 0 0 0 0 0 0 0 0 0 0 0
 0 0 0 0 0 0 0 0 0 0 0 0 0 0 0 0 0 0 0 0 0 0 0 0 0 0
 0 0 0 0 0 0 0 0 0 0 0 0 0 0 0 0 0 0 0 0 0 0 0 0 0 0
ppred_pel_tallas
 1.08803e-16 4.60627e-05 0.000447746 0.00297543 0.0135259 0.0420842 0.0896655 0.130873 0.130892 0.0897555 0.0423874 0.0144058 0.00519963 0.00535447 0.0095148 0.0160473 0.0240191 0.0320885 0.0388472 0.0435333 0.0462808 0.0476355 0.0478158 0.0464414 0.0429451 0.0372188
 1.10211e-16 4.15258e-05 0.000403645 0.00268237 0.0121937 0.0379392 0.0808348 0.117988 0.118022 0.0810032 0.0385051 0.0138286 0.00678844 0.00937439 0.0171008 0.0282669 0.0408702 0.0517466 0.0577238 0.0574091 0.0520366 0.0445992 0.0379681 0.0334604 0.0307067 0.0285064
 1.07072e-16 5.24995e-05 0.000510314 0.00339122 0.015416 0.047965 0.102195 0.149162 0.149186 0.102311 0.048355 0.0165436 0.00622576 0.00671152 0.0118692 0.0196427 0.0285352 0.0363995 0.0410754 0.0415647 0.0385883 0.0340062 0.0295941 0.0261567 0.0235061 0.0210361
 1.02797e-16 6.43297e-05 0.000625308 0.00415539 0.0188898 0.0587733 0.125223 0.182771 0.182787 0.125304 0.0590451 0.0196749 0.00612685 0.00493147 0.00824982 0.0135563 0.0195684 0.0247073 0.0274091 0.0269565 0.0238969 0.0196496 0.0156304 0.0125795 0.0104837 0.00894057
 1.02094e-16 5.39821e-05 0.000524725 0.00348698 0.0158513 0.0493196 0.105082 0.153376 0.153405 0.105224 0.0497992 0.0172366 0.00696325 0.00811049 0.014452 0.0237836 0.0342017 0.0428943 0.0470306 0.0453014 0.0386986 0.029846 0.0214441 0.0150337 0.0107881 0.00809271
 1.02054e-16 6.19403e-05 0.000602082 0.00400105 0.0181882 0.0565903 0.120572 0.175983 0.176002 0.120665 0.0569021 0.0190891 0.00626376 0.00554562 0.00946229 0.0155752 0.0224998 0.0284359 0.0315824 0.0310928 0.0275534 0.0225428 0.0176499 0.0137293 0.0108262 0.00858351
 1.03819e-16 3.42794e-05 0.000333208 0.00221429 0.0100659 0.0313189 0.06673 0.0974046 0.097453 0.0669665 0.0321131 0.0123595 0.00797107 0.0128985 0.0238924 0.03943 0.0567617 0.0713028 0.0783932 0.0758718 0.0653542 0.0511198 0.0375499 0.0271089 0.0200344 0.0153181
 1.09765e-16 3.38025e-05 0.000328573 0.00218348 0.00992582 0.0308831 0.0658009 0.0960455 0.0960798 0.0659683 0.0314457 0.011554 0.00628209 0.0093147 0.0172138 0.0287009 0.0420316 0.0542936 0.0624869 0.0651525 0.0630907 0.0585185 0.0534234 0.0485038 0.0433546 0.0373839
 1.12395e-16 4.26642e-05 0.000414712 0.00275591 0.012528 0.0389793 0.0830505 0.12122 0.121248 0.0831839 0.0394275 0.0138245 0.00601767 0.00755996 0.0136865 0.0227548 0.0332415 0.0428013 0.049075 0.0510102 0.0494406 0.0463662 0.0435328 0.0414644 0.0395479 0.0368263
 1.04632e-16 6.49349e-05 0.000631191 0.00419448 0.0190675 0.0593262 0.126401 0.184489 0.184503 0.12647 0.059558 0.0197374 0.00587769 0.00431133 0.0070712 0.0116328 0.0168603 0.0214379 0.0240752 0.0241937 0.022263 0.0194503 0.0168702 0.0150281 0.0137843 0.0126997
 1.00661e-16 7.44575e-05 0.000723753 0.00480959 0.0218637 0.0680262 0.144937 0.211542 0.21155 0.144977 0.068161 0.0222532 0.00578678 0.00285576 0.00412002 0.00668424 0.00960032 0.0120279 0.0131661 0.0126483 0.010759 0.00824591 0.00587902 0.00409854 0.00295217 0.00225729
 1.00403e-16 6.72613e-05 0.000653803 0.00434475 0.0197506 0.0614516 0.13093 0.191099 0.191116 0.131012 0.0617266 0.0205446 0.00633628 0.00499683 0.00830217 0.0135838 0.019479 0.0243212 0.0264604 0.0251355 0.0209323 0.0154063 0.0101832 0.00622719 0.00369423 0.00224525
 1.01315e-16 5.08872e-05 0.000494642 0.00328707 0.0149426 0.0464921 0.0990575 0.144584 0.144617 0.0992197 0.0470368 0.0165157 0.0072345 0.00910773 0.0163962 0.0269925 0.0387989 0.0486184 0.0532197 0.0510981 0.0433664 0.0330041 0.0230985 0.0154436 0.0102975 0.0070254
 1.02392e-16 5.91858e-05 0.000575307 0.00382312 0.0173794 0.0540737 0.115211 0.168158 0.168179 0.115313 0.0544176 0.018373 0.00631927 0.00603095 0.0104394 0.0172138 0.0249043 0.0315497 0.0351783 0.0348572 0.0312103 0.0259318 0.0207139 0.0164473 0.0131612 0.0104816
 1.00236e-16 7.96302e-05 0.000774034 0.00514373 0.0233826 0.0727521 0.155006 0.226237 0.226239 0.155019 0.0727969 0.0235122 0.00546892 0.00148387 0.00142755 0.00223346 0.00320835 0.0040316 0.00443577 0.00429894 0.00371236 0.00291725 0.0021599 0.00157799 0.00118338 0.000918062
 1.00051e-16 7.79085e-05 0.000757299 0.00503252 0.0228771 0.0711791 0.151655 0.221346 0.221351 0.15168 0.0712632 0.0231196 0.00564071 0.00208318 0.00259065 0.00414554 0.00593128 0.00738912 0.00800834 0.00755555 0.00621357 0.00446657 0.00282327 0.00158947 0.000818738 0.000405767
 1.00686e-16 2.9196e-05 0.000283795 0.00188592 0.00857317 0.0266746 0.0568354 0.0829656 0.083026 0.0571306 0.0276655 0.0114334 0.00905974 0.0159249 0.0296771 0.0488654 0.0700352 0.0873226 0.0947698 0.0896258 0.0740241 0.053631 0.0343921 0.0198701 0.0106836 0.00561545
 1.01981e-16 7.12164e-05 0.000692249 0.00460024 0.020912 0.0650651 0.138628 0.202334 0.202341 0.138663 0.0651802 0.0212454 0.0054409 0.00253993 0.00361679 0.00596128 0.0087997 0.0115188 0.0135255 0.0145134 0.0145877 0.0140939 0.0133106 0.0122846 0.010916 0.0091595
 1.0096e-16 6.5488e-05 0.000636567 0.00423021 0.0192299 0.0598316 0.127478 0.186062 0.18608 0.127568 0.0601323 0.0200981 0.00640802 0.00538597 0.00907151 0.014857 0.021311 0.0266225 0.0289965 0.0276127 0.0231236 0.0172369 0.0117236 0.00761407 0.00503932 0.00358492
 1.00986e-16 6.29037e-05 0.000611446 0.00406328 0.0184711 0.0574705 0.122448 0.17872 0.17874 0.122547 0.0578031 0.0194318 0.00647426 0.00587269 0.0100491 0.0164978 0.0237215 0.0297474 0.0326053 0.0313781 0.0267415 0.0205044 0.0145369 0.00991911 0.00679817 0.00478462
 1.01111e-16 6.41997e-05 0.000624044 0.00414699 0.0188516 0.0586546 0.12497 0.182402 0.18242 0.125061 0.0589581 0.0197284 0.00634761 0.00542722 0.00918389 0.0150746 0.0216928 0.0272422 0.0299332 0.0289326 0.0248502 0.0193173 0.0140111 0.00988642 0.00705661 0.0051627
 1.01445e-16 5.83255e-05 0.000566945 0.00376755 0.0171267 0.0532878 0.113536 0.165715 0.165739 0.113657 0.0536933 0.018298 0.00670693 0.00698183 0.0122359 0.0201215 0.0289449 0.0363222 0.0398599 0.0384453 0.0329018 0.0254259 0.0182795 0.012756 0.0090125 0.00656021
 1.04178e-16 2.99475e-05 0.000291101 0.00193447 0.00879384 0.0273612 0.0582978 0.0850981 0.0851493 0.0585483 0.0282024 0.0112238 0.00803496 0.0136119 0.0253383 0.0418663 0.0603614 0.0760127 0.0839139 0.0817689 0.0712228 0.0566847 0.0426468 0.0316061 0.0237898 0.0182113
 1.02461e-16 7.1837e-05 0.000698282 0.00464033 0.0210943 0.0656321 0.139836 0.204097 0.204103 0.13987 0.0657436 0.021417 0.00545358 0.00248357 0.00349158 0.00573475 0.0084318 0.0109741 0.0127828 0.0135762 0.0134979 0.0129442 0.0122449 0.0114723 0.0105013 0.00920765
 1.01009e-16 6.44199e-05 0.000626184 0.00416122 0.0189163 0.0588557 0.125399 0.183028 0.183047 0.125495 0.0591769 0.0198435 0.00648702 0.00569819 0.0096817 0.0158637 0.0227525 0.0284165 0.0309371 0.0294368 0.0246129 0.0182924 0.0123726 0.00796165 0.00520643 0.00366744
 1.02432e-16 3.73619e-05 0.000363171 0.0024134 0.010971 0.0341351 0.0727302 0.106162 0.106208 0.0729569 0.0348964 0.0131696 0.00793115 0.0124054 0.0228982 0.0377707 0.0543437 0.0681998 0.0748464 0.0721866 0.0617531 0.047656 0.0341359 0.0236299 0.0164591 0.0117413
 1.02089e-16 7.01802e-05 0.000682177 0.0045333 0.0206078 0.0641184 0.136611 0.19939 0.199399 0.136656 0.0642673 0.0210386 0.00561735 0.00305734 0.00460646 0.00757047 0.0110524 0.0142179 0.0162553 0.0167721 0.0159896 0.014523 0.0129411 0.0114734 0.0100442 0.00850512
 1.01509e-16 5.63138e-05 0.00054739 0.0036376 0.016536 0.0514499 0.10962 0.16 0.160028 0.109758 0.0519103 0.0178653 0.00697234 0.00782067 0.0138506 0.0227591 0.032664 0.0408336 0.0445262 0.042484 0.0356953 0.0267555 0.0183552 0.0120575 0.00806339 0.00575344
 1.03743e-16 3.78092e-05 0.000367519 0.00244229 0.0111023 0.0345437 0.0736006 0.107431 0.107474 0.0738087 0.0352424 0.0131207 0.00751068 0.0114382 0.0210812 0.0348382 0.0502874 0.0634497 0.0702697 0.0688373 0.0604779 0.0487755 0.0373667 0.0282521 0.0216018 0.0166424
 1.04727e-16 5.78055e-05 0.00056189 0.00373396 0.0169741 0.0528127 0.112524 0.164235 0.164254 0.112613 0.0531143 0.0178467 0.00592915 0.00537005 0.00923642 0.0153011 0.0223232 0.028672 0.032707 0.0336469 0.0319731 0.0289781 0.0258567 0.0230888 0.020492 0.0176978
 1.01911e-16 6.7246e-05 0.000653656 0.00434377 0.0197462 0.0614377 0.1309 0.191056 0.19107 0.130972 0.0616783 0.0204411 0.00608817 0.00446169 0.0072995 0.0119616 0.0172267 0.0216692 0.0238863 0.0232371 0.0202217 0.0161374 0.0122965 0.00941156 0.00750725 0.00622955
pSPR Fmed_Fpbrs
0.547387   0.217664 0.217664
Fs Fmed_Fpbrs
0.34   1.005 1.005
SSBpbr Bo_Bmed_Bpbrs
512033  254679  85849.3 85849.3
Ro
97828.9
SPR SPRFo_SPRFmed_SPRFpbrs
698273 382226 151989
Fref
1.005
Nvult_r0
 129648 14021.3 1840.21 861.683 194.754
CTP_r0
 56536.2 7028.14 922.402 431.916 97.6196
YTP_r0
612218
Np
 110957 18837.8 5022.53 457.866 68.1842
Nvult_p0
 92119.5 16301.1 4346.19 396.21 59.0025
CTP_p0
 40170.8 16177.9 1474.81 193.56 109.654
 40170.8 8170.88 2178.52 198.599 29.5748
YTP_p0
 630618 505169
CBA_c0
617738
log_Ro
11.311
likeval ReclasPelacesDesembMPH_pf_preclas_ppelaces_ptallas_desvR_qrecl_qpela
 15.5152 0.00037363 0.0201775 43.7436 242.014 124.524 110.831 0 22.0527 0.000109647 0.000179731 0.0347081 0 0 0
q_reclas_q_pelaces
4.3967 6.65886
M
1
N
 146948 26746.6 33250.6 2885.67 0.157061
 94048.4 38819.4 6398.17 7954.02 690.331
 83685.8 18752.3 6442.33 1061.82 1434.59
 127842 16765.2 3131.25 1075.74 416.848
 94383.1 23110.2 2449.47 457.489 218.072
 195646 27764 6357.53 673.841 185.845
 70048.5 51990 6692.71 1532.53 207.233
 25086.2 11220.1 6490.99 835.589 217.21
 24103.1 7846.03 3342.64 1933.76 313.644
 32512.8 4288.92 1123.06 478.456 321.687
 57663.3 2893.3 249.451 65.3191 46.5378
 131327 16630 775.727 66.8808 29.9902
 72153.7 24272.3 2500.74 116.65 14.567
 43744 12523.1 3363.57 346.544 18.1836
 66224.2 1226.54 162.358 43.6076 4.72858
 288990 9554.25 133.673 17.6944 5.26785
 55602.6 55793.7 1520.53 21.2736 3.65436
 249656 12405.5 10715.8 292.033 4.78767
 289128 44422.8 1775.63 1533.77 42.4847
 233748 39168 4461.05 178.313 158.292
 277239 39213.9 5193.21 591.481 44.6297
 259453 58518.3 7007.76 928.058 113.677
 43014.8 39572.9 6855.7 820.993 122.044
 131328 6282.53 4382.23 759.187 104.43
 151403 23403 900.99 628.464 123.853
 44948.5 27868.2 3500.5 134.766 112.528
 141069 8862.26 4557.94 572.518 40.4456
 125735 30049.6 1602.67 824.267 110.85
 53649.4 29291.9 6104.85 325.597 189.977
 76375.9 11821.5 5535.44 1153.66 97.4305
 156161 16203.2 2126.58 995.774 225.06
pred_Ctot
 26899.8 6122.71 7611.57 660.574 0.0359535
 28600.6 14350 2365.16 2940.3 255.189
 25297.2 6893.67 2368.3 390.342 527.377
 43503.7 6872.95 1283.67 441.001 170.888
 12174.9 3772.45 399.846 74.6795 35.5977
 35257.3 6260.73 1433.61 151.95 41.9077
 26707.6 23631.2 3042.06 696.586 94.1945
 2407.52 1372.28 793.878 102.196 26.5659
 8336.39 3264.56 1390.8 804.595 130.501
 17376.2 2619.38 685.889 292.209 196.465
 8032.69 508.903 43.8761 11.489 8.18555
 43646.7 6671.72 311.21 26.8316 12.0316
 25579.7 10329.2 1064.2 49.6408 6.19902
 30621.7 9516.29 2555.97 263.338 13.8176
 27399.2 599.822 79.3989 21.3256 2.31244
 91412.1 3662.65 51.2439 6.78319 2.01944
 14400.7 17757.1 483.929 6.77062 1.16305
 86349.3 5161.78 4458.7 121.511 1.99209
 124918 22574.8 902.339 779.432 21.5898
 85564.4 17159.9 1954.42 78.1205 69.3489
 78113 13503.5 1788.31 203.68 15.3685
 102949 27569.2 3301.5 437.227 53.5555
 17638.4 19199.2 3326.11 398.313 59.2109
 45353.5 2610.46 1820.86 315.45 43.3918
 50543.3 9427.26 362.94 253.16 49.8908
 13861.7 10436.1 1310.86 50.4668 42.1393
 39227.1 3014.54 1550.41 194.745 13.7578
 30243.8 8920.75 475.78 244.698 32.9076
 14174 9498.1 1979.54 105.577 61.6014
 21363 4043.24 1893.25 394.581 33.3236
 35855.3 4603.29 604.155 282.896 63.9389
F
 0.33116 0.430396 0.430396 0.430396 0.430396
 0.612491 0.79603 0.79603 0.79603 0.79603
 0.607763 0.789886 0.789886 0.789886 0.789886
 0.710521 0.923436 0.923436 0.923436 0.923436
 0.223621 0.290632 0.290632 0.290632 0.290632
 0.325255 0.422721 0.422721 0.422721 0.422721
 0.831477 1.08064 1.08064 1.08064 1.08064
 0.162312 0.21095 0.21095 0.21095 0.21095
 0.726306 0.943951 0.943951 0.943951 0.943951
 1.41924 1.84453 1.84453 1.84453 1.84453
 0.243411 0.316351 0.316351 0.316351 0.316351
 0.688352 0.894624 0.894624 0.894624 0.894624
 0.751221 0.976332 0.976332 0.976332 0.976332
 2.57415 3.34553 3.34553 3.34553 3.34553
 0.936059 1.21656 1.21656 1.21656 1.21656
 0.644729 0.837929 0.837929 0.837929 0.837929
 0.50009 0.649947 0.649947 0.649947 0.649947
 0.726332 0.943984 0.943984 0.943984 0.943984
 0.999007 1.29837 1.29837 1.29837 1.29837
 0.785213 1.02051 1.02051 1.02051 1.02051
 0.55554 0.722013 0.722013 0.722013 0.722013
 0.88043 1.14426 1.14426 1.14426 1.14426
 0.92377 1.20059 1.20059 1.20059 1.20059
 0.724831 0.942034 0.942034 0.942034 0.942034
 0.692456 0.899958 0.899958 0.899958 0.899958
 0.623715 0.810617 0.810617 0.810617 0.810617
 0.546398 0.710132 0.710132 0.710132 0.710132
 0.456863 0.593766 0.593766 0.593766 0.593766
 0.512551 0.666142 0.666142 0.666142 0.666142
 0.550455 0.715405 0.715405 0.715405 0.715405
 0.431952 0.561391 0.561391 0.561391 0.561391
YTP_r0W_actual
 469250 99096.8 25458.3 14771.5 3641.21
YTP_p0W_proyectada
 302888 282304 35498.8 6062.31 3865.31
 302888 142582 52436.9 6220.11 1042.51
CTP_r0_actual
 56536.2 7028.14 922.402 431.916 97.6196
CTP_p0_proyectada
 40170.8 16177.9 1474.81 193.56 109.654
 40170.8 8170.88 2178.52 198.599 29.5748
Wmedp
 7.54 17.45 24.07 31.32 35.25
Frms_r0
 0.773279 1.005 1.005 1.005 1.005
Zrms_r0
 1.77328 2.005 2.005 2.005 2.005
nmprior
 7.29 8.9 8.7 0
nm_flota  nm_reclas  nm_pelaces    nm_pelaL
inf 10.8458 9.3914 18.3886
cv_recla  cv_pelaces  cv_mph
0.35629 0.730587 0.550309
 ------------------------------------------------
Talla a la edad & desviaci?n 
 8 13.2811 15.8009 17.003 17.5766
 0.8 1.32811 1.58009 1.7003 1.75766
