years
 1991 1992 1993 1994 1995 1996 1997 1998 1999 2000 2001 2002 2003 2004 2005 2006 2007 2008 2009 2010 2011 2012 2013 2014 2015 2016 2017 2018 2019 2020 2021 2022 2023
reclasobs
 0 0 0 0 0 0 0 0 0 252601 567819 844713 477998 351125 339783 2.1784e+06 2.13404e+06 4.81314e+06 1.55562e+06 2.62356e+06 3.21686e+06 3.843e+06 1.13348e+06 3.07943e+06 1.97215e+06 2.03268e+06 2.025e+06 2.42433e+06 2.27542e+06 1.05018e+06 2.36338e+06 3.18982e+06 1.53035e+06
reclaspred
 5.67532e+06 2.99574e+06 1.42045e+06 1.51699e+06 1.86402e+06 3.65959e+06 2.32896e+06 1.72543e+06 972522 330471 543468 1.2674e+06 1.17762e+06 290054 680995 2.1012e+06 2.40255e+06 2.9706e+06 2.60198e+06 2.28074e+06 4.516e+06 2.97806e+06 1.47396e+06 1.97672e+06 1.79533e+06 1.57425e+06 2.11474e+06 2.37114e+06 2.14041e+06 1.76944e+06 1.30922e+06 882302 1.29033e+06
pelacesobs
 0 0 0 0 0 0 0 0 0 0 0 0 0 0 0 552880 188675 0 991730 2.46772e+06 1.41603e+06 1.21717e+06 2.29649e+06 1.80582e+06 0 1.4828e+06 1.56532e+06 1.57751e+06 1.42118e+06 867257 1.10002e+06 1.06204e+06 0
pelacespred
 2.67006e+06 1.42917e+06 643491 664559 987853 2.04667e+06 1.03148e+06 1.02678e+06 483981 120233 325196 612388 570614 85579.8 385896 1.05869e+06 1.1312e+06 1.46823e+06 1.29954e+06 1.03432e+06 2.31764e+06 1.4086e+06 627161 1.1221e+06 894874 759629 1.37219e+06 1.41432e+06 1.02661e+06 975372 580228 381726 669745
mphobs
 0 0 0 0 0 0 0 0 0 0 0 0 498337 0 5186 125008 0 168611 109162 213762 579715 649985 157893 87575 83554 210694 70296 0 107559 103333 445601 22526 28222
mphpred
 743804 505883 221277 129786 193159 277962 457827 193433 161884 60925.2 18672 100693 164448 70160.3 9797 86098.7 341688 242835 266739 223387 305764 400770 199808 89302.5 207166 183533 129276 239426 318866 189410 147496 103026 45956.2
desembarqueobs
 494567 514787 250237 358949 120608 361735 552515 73892 212993 205616 52469 317467 293654 387597 252695 516296 358380 742168 942051 627588 828172 859565 418607 520667 417249 300574 415391 372974 316634 284311 391294 218835 356480
desembarquepred
 494552 514449 250376 358936 120608 361710 552467 73897.6 213074 205687 52470.7 317433 293712 387600 252576 516100 358353 741934 941122 627152 828082 859604 418646 520648 417084 300578 415298 372898 316470 284102 391303 218910 356502
Reclutas
 142559 95110.5 84882.3 127064 91367.3 194283 67748.8 23515.1 22940.6 31495 51826.3 129318 71496.7 46110 65541.2 276204 54561.6 242791 290401 227442 271255 259217 43812.7 127664 149084 43382.7 133321 120038 54483.7 82445.4 65036.1 24170.2 114676
log_desv_Rt
 0.456639 0.0519211 -0.0618524 0.341572 0.0117699 0.766198 -0.287311 -1.34548 -1.37021 -1.05329 -0.555221 0.359154 -0.233466 -0.672089 -0.32044 1.11802 -0.503788 0.989082 1.16815 0.923778 1.09994 1.05455 -0.723194 0.346281 0.50139 -0.733057 0.389639 0.284688 -0.505216 -0.090981 -0.328175 -1.318 0.238995
SSB
 743804 505883 221277 129786 193159 277962 457827 193433 161884 60925.2 18672 100693 154576 67097.7 9368.33 82911.4 341688 242835 279586 232851 328083 467539 256690 104747 219648 213212 136336 239426 335882 183027 176235 130069 49787.1
BT
 1.28404e+06 959748 434700 572054 466545 1.20455e+06 820089 454119 389753 243576 204637 538976 493884 427531 452526 940729 672616 1.33052e+06 1.48181e+06 938617 1.76403e+06 1.31298e+06 592982 1.06329e+06 717517 548040 1.10095e+06 947708 606657 677739 563776 327586 647697
Ftot
 0.475728 0.884676 0.879085 0.979844 0.308071 0.43503 1.13198 0.227982 1.04597 2.21151 0.369238 0.973973 1.06355 3.46319 1.23707 0.88611 0.705828 1.01238 1.35194 1.07473 0.76126 1.20136 1.27738 0.994043 0.950204 0.873637 0.772541 0.644889 0.732964 0.714026 1.22519 1.11898 1.00171
BD_Bspro_t
 0.926708 0.566078 0.296139 0.214661 0.264733 0.389628 0.44995 0.234879 0.264247 0.144953 0.0671361 0.357997 0.312909 0.138359 0.0239175 0.175601 0.345 0.256131 0.245163 0.189854 0.20592 0.25833 0.177613 0.0975198 0.206567 0.232677 0.194383 0.324357 0.383445 0.265457 0.274259 0.196129 0.133773
BD_Bspro
 1.14337 0.777636 0.340144 0.199505 0.296921 0.427279 0.703766 0.297343 0.248846 0.0936534 0.0287023 0.154784 0.237613 0.103142 0.0144009 0.12745 0.525238 0.373283 0.429775 0.357936 0.504324 0.718695 0.39458 0.161016 0.33764 0.327747 0.209574 0.368042 0.516314 0.281346 0.270906 0.19994 0.0765321
BD_Bo
 1.67207 1.13722 0.49743 0.291758 0.43422 0.624857 1.02919 0.434837 0.363914 0.13696 0.0419745 0.226358 0.347487 0.150835 0.02106 0.186385 0.768113 0.545892 0.628507 0.523448 0.737528 1.05103 0.577038 0.235472 0.493768 0.4793 0.306483 0.538229 0.755062 0.411443 0.396176 0.292395 0.111921
BD_Brms
 9.92005 6.74691 2.95116 1.73094 2.57614 3.70716 6.106 2.5798 2.15903 0.812555 0.249026 1.34294 2.06157 0.894877 0.124945 1.10578 4.55706 3.23867 3.72881 3.10552 4.37561 6.23553 3.42345 1.39701 2.92943 2.84359 1.81831 3.1932 4.47963 2.44101 2.35043 1.73472 0.664007
Sel_flota
 0.771277 1 1 1 1
 0.771277 1 1 1 1
 0.771277 1 1 1 1
 0.771277 1 1 1 1
 0.771277 1 1 1 1
 0.771277 1 1 1 1
 0.771277 1 1 1 1
 0.771277 1 1 1 1
 0.771277 1 1 1 1
 0.771277 1 1 1 1
 0.771277 1 1 1 1
 0.771277 1 1 1 1
 0.771277 1 1 1 1
 0.771277 1 1 1 1
 0.771277 1 1 1 1
 0.771277 1 1 1 1
 0.771277 1 1 1 1
 0.771277 1 1 1 1
 0.771277 1 1 1 1
 0.771277 1 1 1 1
 0.771277 1 1 1 1
 0.771277 1 1 1 1
 0.771277 1 1 1 1
 0.771277 1 1 1 1
 0.771277 1 1 1 1
 0.771277 1 1 1 1
 0.771277 1 1 1 1
 0.771277 1 1 1 1
 0.771277 1 1 1 1
 0.771277 1 1 1 1
 0.771277 1 1 1 1
 0.771277 1 1 1 1
 0.771277 1 1 1 1
Sel_reclas
 0.375684 0.751763 0.938427 0.98713 0.997416
 0.375684 0.751763 0.938427 0.98713 0.997416
 0.375684 0.751763 0.938427 0.98713 0.997416
 0.375684 0.751763 0.938427 0.98713 0.997416
 0.375684 0.751763 0.938427 0.98713 0.997416
 0.375684 0.751763 0.938427 0.98713 0.997416
 0.375684 0.751763 0.938427 0.98713 0.997416
 0.375684 0.751763 0.938427 0.98713 0.997416
 0.375684 0.751763 0.938427 0.98713 0.997416
 0.375684 0.751763 0.938427 0.98713 0.997416
 0.375684 0.751763 0.938427 0.98713 0.997416
 0.375684 0.751763 0.938427 0.98713 0.997416
 0.375684 0.751763 0.938427 0.98713 0.997416
 0.375684 0.751763 0.938427 0.98713 0.997416
 0.375684 0.751763 0.938427 0.98713 0.997416
 0.375684 0.751763 0.938427 0.98713 0.997416
 0.375684 0.751763 0.938427 0.98713 0.997416
 0.375684 0.751763 0.938427 0.98713 0.997416
 0.375684 0.751763 0.938427 0.98713 0.997416
 0.375684 0.751763 0.938427 0.98713 0.997416
 0.375684 0.751763 0.938427 0.98713 0.997416
 0.375684 0.751763 0.938427 0.98713 0.997416
 0.375684 0.751763 0.938427 0.98713 0.997416
 0.375684 0.751763 0.938427 0.98713 0.997416
 0.375684 0.751763 0.938427 0.98713 0.997416
 0.375684 0.751763 0.938427 0.98713 0.997416
 0.375684 0.751763 0.938427 0.98713 0.997416
 0.375684 0.751763 0.938427 0.98713 0.997416
 0.375684 0.751763 0.938427 0.98713 0.997416
 0.375684 0.751763 0.938427 0.98713 0.997416
 0.375684 0.751763 0.938427 0.98713 0.997416
 0.375684 0.751763 0.938427 0.98713 0.997416
 0.375684 0.751763 0.938427 0.98713 0.997416
Sel_pelaces
 0.535083 1 1 1 1
 0.535083 1 1 1 1
 0.535083 1 1 1 1
 0.535083 1 1 1 1
 0.535083 1 1 1 1
 0.535083 1 1 1 1
 0.535083 1 1 1 1
 0.535083 1 1 1 1
 0.535083 1 1 1 1
 0.535083 1 1 1 1
 0.535083 1 1 1 1
 0.535083 1 1 1 1
 0.535083 1 1 1 1
 0.535083 1 1 1 1
 0.535083 1 1 1 1
 0.535083 1 1 1 1
 0.535083 1 1 1 1
 0.535083 1 1 1 1
 0.535083 1 1 1 1
 0.535083 1 1 1 1
 0.535083 1 1 1 1
 0.535083 1 1 1 1
 0.535083 1 1 1 1
 0.535083 1 1 1 1
 0.535083 1 1 1 1
 0.535083 1 1 1 1
 0.535083 1 1 1 1
 0.535083 1 1 1 1
 0.535083 1 1 1 1
 0.535083 1 1 1 1
 0.535083 1 1 1 1
 0.535083 1 1 1 1
 0.535083 1 1 1 1
pf_obs 
 0.8446 0.082 0.0669 0.0065 0
 0.8095 0.147 0.0364 0.0071 0
 0.9664 0.0169 0.016 0.0007 0
 0.9276 0.0648 0.0075 0.0001 0
 0.7033 0.2144 0.0806 0.0017 0
 0.9318 0.0425 0.0243 0.0014 0
 0.5671 0.3108 0.0964 0.0239 0.0018
 0.0768 0.2599 0.5324 0.112 0.0189
 0.490249 0.384438 0.106611 0.0170017 0.00170017
 0.7925 0.1577 0.0466 0.003 0.0002
 0.840416 0.127587 0.0312969 0.00059994 9.999e-05
 0.8084 0.0986 0.0794 0.0134 0.0002
 0.7335 0.1905 0.0724 0.0035 0.0001
 0.4001 0.4547 0.1325 0.0127 0
 0.49795 0.308269 0.164784 0.0264974 0.00249975
 0.9179 0.0499 0.0305 0.0017 0
 0.2467 0.6533 0.0926 0.0074 0
 0.9418 0.0223 0.034 0.0019 0
 0.707729 0.231977 0.0356964 0.0245975 0
 0.517169 0.277429 0.184464 0.0207286 0.00020938
 0.811772 0.124168 0.05621 0.00726502 0.000585176
 0.764997 0.148141 0.077277 0.00933861 0.000247198
 0.163321 0.427699 0.378323 0.0303852 0.000271297
 0.753843 0.0900009 0.118128 0.0371064 0.000921714
 0.721811 0.176058 0.0630433 0.0369309 0.00215725
 0.143369 0.312575 0.442814 0.0836902 0.0175525
 0.692698 0.0596174 0.167031 0.0765114 0.00414204
 0.394062 0.376323 0.152708 0.0712218 0.00568511
 0.125707 0.32114 0.495352 0.0537591 0.00404204
 0.23352 0.215282 0.420074 0.123614 0.00750983
 0.796117 0.104755 0.0508955 0.0450114 0.00322123
 0.162477 0.292055 0.404252 0.121198 0.0200186
 0 0 0 0 0
pf_pred 
 0.667869 0.147802 0.169123 0.0152046 8.44432e-07
 0.615033 0.283326 0.0452315 0.0517564 0.00465328
 0.736444 0.18508 0.0577567 0.00922055 0.0114993
 0.843373 0.126043 0.0214773 0.00670231 0.00240441
 0.745996 0.226003 0.0225333 0.0038396 0.00162805
 0.824401 0.14029 0.0314161 0.00313229 0.000760045
 0.491868 0.440101 0.0543512 0.0121712 0.00150797
 0.515501 0.289737 0.168687 0.0208323 0.00524311
 0.608883 0.229712 0.0965226 0.0561961 0.00868675
 0.839413 0.112776 0.0280802 0.011799 0.00793134
 0.946821 0.0482267 0.00347793 0.000865972 0.000608469
 0.878445 0.116751 0.00435722 0.000314226 0.000133214
 0.709929 0.265535 0.0235663 0.000879511 9.03165e-05
 0.743647 0.20203 0.0497284 0.0044134 0.000181625
 0.976421 0.0206048 0.00234373 0.000576895 5.33066e-05
 0.960465 0.0389334 0.000525279 5.9749e-05 1.60658e-05
 0.458642 0.526676 0.0144591 0.000195078 2.81561e-05
 0.905392 0.051915 0.0415352 0.00114029 1.76049e-05
 0.85008 0.140198 0.00533474 0.00426812 0.000118984
 0.820396 0.161722 0.0167227 0.000636324 0.000523291
 0.842221 0.137942 0.0178618 0.00184698 0.000128077
 0.777912 0.196642 0.0222466 0.00288065 0.000318527
 0.454699 0.460703 0.0749055 0.00847422 0.00121864
 0.909603 0.0513173 0.033017 0.00536822 0.000694655
 0.842254 0.147959 0.00555602 0.00357469 0.000656416
 0.547919 0.401654 0.047298 0.00177609 0.00135256
 0.896305 0.0664749 0.0330685 0.00389408 0.000257584
 0.770233 0.212793 0.010882 0.00541332 0.000679628
 0.579104 0.347908 0.0675957 0.00345677 0.00193549
 0.797691 0.134492 0.0560572 0.0108915 0.000868836
 0.728281 0.23096 0.0270957 0.0112937 0.00236932
 0.638577 0.291702 0.059263 0.00695261 0.00350585
 0.94915 0.0371416 0.0110636 0.00224771 0.000396666
pobs_RECLAS
 0 0 0 0 0
 0 0 0 0 0
 0 0 0 0 0
 0 0 0 0 0
 0 0 0 0 0
 0 0 0 0 0
 0 0 0 0 0
 0 0 0 0 0
 0 0 0 0 0
 0 0 0 0 0
 0.991045 0.00858322 0.000360255 1.14367e-05 0
 0.934742 0.0480273 0.0164251 0.00080598 0
 0.827803 0.169806 0.00239088 0 0
 0.941827 0.0461693 0.0120037 0 0
 0.791401 0.0380133 0.147996 0.0225897 0
 0.846168 0.0940531 0.0597789 0 0
 0.134021 0.677848 0.182769 0.00536245 0
 0.80878 0.0450904 0.141981 0.00414843 0
 0.846168 0.0940531 0.0597789 0 0
 0.905697 0.0802665 0.012482 0.00150086 5.37128e-05
 0.989698 0.0102097 9.19794e-05 0 0
 0.975433 0.0193895 0.00387452 0.00125025 5.28907e-05
 0.303575 0.632131 0.0575291 0.00676475 0
 0.966965 0.00978017 0.0227588 0.000495775 0
 0.843318 0.132988 0.00938335 0.0141283 0.000182051
 0.564624 0.303363 0.111486 0.0197234 0.00080311
 0.826376 0.0876187 0.0782897 0.00655872 0.00115652
 0.89761 0.0855135 0.0140674 0.00269457 0.000114338
 0.34875 0.467042 0.161289 0.0227151 0.000203297
 0.318654 0.224769 0.449479 0.00709798 0
 0.937255 0.0296025 0.0250945 0.00804832 0
 0.456809 0.399803 0.12412 0.0192676 0
 0.883104 0.0372192 0.0704036 0.00927362 0
ppred_RECLAS
 0.536278 0.180896 0.258389 0.0244353 1.37123e-06
 0.497655 0.34385 0.0685241 0.0824785 0.00749268
 0.63305 0.238682 0.0929786 0.0156139 0.0196755
 0.774072 0.172749 0.0367449 0.0120619 0.0043722
 0.650728 0.302053 0.0375935 0.00673828 0.00288691
 0.745259 0.193566 0.0541094 0.00567489 0.00139135
 0.3869 0.513045 0.0790919 0.0186308 0.00233234
 0.385734 0.332901 0.241942 0.0314299 0.00799275
 0.484341 0.271983 0.142661 0.0873691 0.0136462
 0.777323 0.144454 0.0448986 0.0198451 0.0134789
 0.919071 0.0715971 0.00644538 0.00168813 0.00119851
 0.827288 0.164232 0.00765116 0.000580409 0.000248624
 0.617077 0.343248 0.0380274 0.00149287 0.000154899
 0.688586 0.232896 0.0715599 0.00668056 0.000277791
 0.964537 0.0299976 0.00425938 0.00110283 0.000102966
 0.941642 0.0572468 0.000964138 0.00011536 3.1342e-05
 0.357654 0.620727 0.0212725 0.000301898 4.40277e-05
 0.852244 0.0728577 0.0727643 0.00210131 3.27802e-05
 0.791821 0.191236 0.00908365 0.00764465 0.000215333
 0.749856 0.219706 0.0283595 0.00113513 0.000943217
 0.774268 0.191225 0.0309095 0.00336205 0.000235566
 0.697369 0.260304 0.0367609 0.00500712 0.000559429
 0.35291 0.525823 0.106721 0.0127002 0.0018454
 0.858458 0.0722721 0.0580449 0.00992729 0.00129799
 0.778282 0.204446 0.00958342 0.00648588 0.0012034
 0.439941 0.483948 0.0711391 0.00281 0.00216221
 0.840074 0.0939065 0.0583138 0.0072233 0.000482783
 0.684454 0.286475 0.0182876 0.00956947 0.00121394
 0.466096 0.422739 0.102529 0.00551534 0.00312029
 0.705944 0.179827 0.0935645 0.0191223 0.00154132
 0.635901 0.297401 0.0435539 0.0190957 0.00404786
 0.531562 0.360101 0.0913247 0.0112701 0.00574215
 0.921198 0.0537721 0.0199946 0.00427299 0.000761935
pobs_PELACES
 0 0 0 0 0
 0 0 0 0 0
 0 0 0 0 0
 0 0 0 0 0
 0 0 0 0 0
 0 0 0 0 0
 0 0 0 0 0
 0 0 0 0 0
 0 0 0 0 0
 0 0 0 0 0
 0 0 0 0 0
 0 0 0 0 0
 0 0 0 0 0
 0 0 0 0 0
 0 0 0 0 0
 0 0 0 0 0
 0.505614 0.472636 0.0217494 0 0
 0 0 0 0 0
 0.443492 0.261883 0.143347 0.151278 0
 0.227955 0.32914 0.350689 0.0885471 0.00366901
 0.970185 0.0296113 0.000203453 0 0
 0.997202 0.00247181 0.000326279 0 0
 0.445219 0.490057 0.0546422 0.010081 0
 0.90214 0.0892962 0.00764917 0.000914606 0
 0 0 0 0 0
 0.581667 0.319106 0.0959925 0.00289975 0.000334073
 0.762889 0.0836404 0.116647 0.0363945 0.000428098
 0.88444 0.0763242 0.0277011 0.0115352 0
 0.521256 0.241999 0.230069 0.00667565 0
 0.616807 0.101726 0.260614 0.0208532 0
 0.833518 0.0704572 0.0857862 0.0102388 0
 0.697417 0.212968 0.0787535 0.0105354 0.000325836
 0 0 0 0 0
ppred_PELACES
 0.594191 0.18059 0.206641 0.0185775 1.03176e-06
 0.549402 0.331629 0.0529427 0.0605801 0.00544659
 0.680621 0.22428 0.0699899 0.0111735 0.0139349
 0.806102 0.156036 0.0265881 0.00829719 0.00297656
 0.677494 0.286953 0.0286102 0.0048751 0.00206712
 0.772907 0.18143 0.0406288 0.00405083 0.000982927
 0.432378 0.491627 0.0607145 0.0135962 0.00168452
 0.430137 0.340785 0.198408 0.0245028 0.0061669
 0.547892 0.265533 0.111574 0.0649594 0.0100414
 0.82703 0.121473 0.0302455 0.0127089 0.00854294
 0.927625 0.0656351 0.00473336 0.00117856 0.000828108
 0.847922 0.146067 0.00545131 0.000393128 0.000166664
 0.656283 0.314643 0.0279246 0.00104217 0.000107019
 0.764164 0.185861 0.0457484 0.00406018 0.000167089
 0.970614 0.0256793 0.00292095 0.000718972 6.64349e-05
 0.948834 0.0503883 0.000679826 7.73283e-05 2.07926e-05
 0.387649 0.595743 0.0163552 0.000220661 3.18485e-05
 0.881215 0.0651821 0.0521496 0.00143169 2.21039e-05
 0.821151 0.167251 0.00636416 0.00509172 0.000141944
 0.781114 0.197092 0.0203801 0.000775495 0.00063774
 0.800577 0.17435 0.0225762 0.00233447 0.000161881
 0.735516 0.23418 0.0264934 0.00343056 0.000379332
 0.400692 0.506331 0.0823241 0.00931351 0.00133933
 0.886138 0.0646381 0.0415875 0.00676169 0.000874972
 0.804206 0.183646 0.00689612 0.00443689 0.000814741
 0.480179 0.461839 0.0543852 0.00204222 0.00155522
 0.866829 0.0853707 0.0424683 0.00500098 0.000330803
 0.713253 0.265563 0.0135806 0.00675576 0.000848168
 0.507712 0.40692 0.0790613 0.0040431 0.00226378
 0.746773 0.168341 0.0701657 0.0136326 0.0010875
 0.680974 0.271171 0.0318132 0.01326 0.00278183
 0.581252 0.337968 0.0686625 0.00805535 0.00406191
 0.935277 0.0472748 0.014082 0.00286095 0.000504887
pobs_pel_tallas
 0 0 0 0 0 0 0 0 0 0 0 0 0 0 0 0 0 0 0 0 0 0 0 0 0 0
 0 0 0 0 0 0 0 0 0 0 0 0 0 0 0 0 0 0 0 0 0 0 0 0 0 0
 0 0 0 0 0 0 0 0 0 0 0 0 0 0 0 0 0 0 0 0 0 0 0 0 0 0
 0 0 0 0 0 0 0 0 0 0 0 0 0 0 0 0 0 0 0 0 0 0 0 0 0 0
 0 0 0 0 0 0 0 0 0 0 0 0 0 0 0 0 0 0 0 0 0 0 0 0 0 0
 0 0 0 0 0 0 0 0 0 0 0 0 0 0 0 0 0 0 0 0 0 0 0 0 0 0
 0 0 0 0 0 0 0 0 0 0 0 0 0 0 0 0 0 0 0 0 0 0 0 0 0 0
 0 0 0 0 0 0 0 0 0 0 0 0 0 0 0 0 0 0 0 0 0 0 0 0 0 0
 0 0 0 0 0 0 0 0 0 0 0 0 0 0 0 0 0 0 0 0 0 0 0 0 0 0
 0 0 0 0 0 0 0 0 0 0 0 0 0 0 0 0 0 0 0 0 0 0 0 0 0 0
 0 0 0 0 0 0 0 0 0 0 0 0 0 0 0 0 0 0 0 0 0 0 0 0 0 0
 0 0 0 0 0 0 0 0 0 0 0 0 0 0 0 0 0 0 0 0 0 0 0 0 0 0
 0.00862536 0 0 0.000197151 0.00414017 0.0128641 0.00837892 0.0270097 0.101434 0.158115 0.152841 0.127902 0.109271 0.109419 0.0830992 0.0579132 0.0238553 0.00714673 0.00463305 0.00128148 0.00103504 0.000492878 0.000147863 0.000147863 4.92878e-05 0
 0 0 0 0 0 0 0 0 0 0 0 0 0 0 0 0 0 0 0 0 0 0 0 0 0 0
 0 0 0 0 0 0 0 0.0054083 0.00873648 0.0413646 0.0450493 0.0745869 0.0622846 0.0627006 0.0613931 0.0827291 0.12552 0.122667 0.0946155 0.0697135 0.0546179 0.0294188 0.0215738 0.0213955 0.0102223 0.00600262
 0 0 0 0 0.00359764 0.0251062 0.0480494 0.140153 0.205849 0.193036 0.1447 0.116669 0.0760912 0.0342217 0.00950174 0.001854 0.000860785 0 0 0 0.000165536 0 0.000143464 0 0 0
 0 0 0 0 0 0 0 0.000145254 0.000435761 0.0275982 0.070085 0.0708112 0.156366 0.174668 0.174014 0.160142 0.0824315 0.0480064 0.0283245 0.00493863 0.00203355 0 0 0 0 0
 0 0 0 0 0 0 0 0 0 0 0 0 0 0 0 0 0 0 0 0 0 0 0 0 0 0
 0 0 1.00437e-05 0.000401748 0.00122533 0.00171747 0.00176769 0.0269171 0.070346 0.194647 0.189555 0.159765 0.064822 0.0314167 0.0384472 0.0292271 0.0345202 0.0313363 0.0194345 0.0106764 0.0143323 0.0359363 0.0279516 0.0138201 0.00172751 0
 0 0.0021121 0.0136068 0.0755702 0.200478 0.177729 0.0527432 0.0373336 0.0318909 0.0142505 0.0149659 0.0166563 0.0217959 0.0798694 0.0677717 0.0528807 0.04013 0.0224614 0.0357745 0.0225083 0.00881397 0.00855152 0.00135912 0.000746735 0 0
 0 0 0 0 5.4009e-05 0.00500934 0.000945158 0.0243581 0.138947 0.33067 0.221406 0.137944 0.0707744 0.0437923 0.0131692 0.00525238 0.0047753 0.00276346 9.45158e-05 9.00151e-06 2.25038e-05 9.00151e-06 4.50075e-06 0 0 0
 0.000866109 0.00284123 0.00948549 0.0512746 0.133035 0.25785 0.225252 0.132002 0.0553304 0.0519788 0.0540692 0.017754 0.00435017 0.00159236 0.00146478 0.000404838 0.000125132 0.000115318 0.000107957 0.000100596 0 0 0 0 0 0
 0 0 0 0 0.00144013 0.00171154 0.00461396 0.0210425 0.0478622 0.0707936 0.0888783 0.103762 0.0637923 0.0337046 0.0602308 0.124433 0.169614 0.0934646 0.0462172 0.0250306 0.0313229 0.00938855 0.002487 0.000210481 0 0
 0 0.00764035 0.051015 0.0998891 0.058973 0.0496711 0.0374665 0.0718981 0.12319 0.153886 0.159021 0.0857701 0.0377988 0.023471 0.0147837 0.00900784 0.00315554 0.000888139 0.00291439 0.00214683 0.00393193 0.00274676 0.000635225 9.99891e-05 0 0
 0 0 0 0 0 0 0 0 0 0 0 0 0 0 0 0 0 0 0 0 0 0 0 0 0 0
 0 0 0 0 0 0 0 0 0 0 0 0 0 0 0 0 0 0 0 0 0 0 0 0 0 0
 0 0 0 0 0 0 0 0 0 0 0 0 0 0 0 0 0 0 0 0 0 0 0 0 0 0
 0 0 0 0 0 0 0 0 0 0 0 0 0 0 0 0 0 0 0 0 0 0 0 0 0 0
 0 0 0 0 0 0 0 0 0 0 0 0 0 0 0 0 0 0 0 0 0 0 0 0 0 0
 0 0 0 0 0 0 0 0 0 0 0 0 0 0 0 0 0 0 0 0 0 0 0 0 0 0
 0 0 0 0 0 0 0 0 0 0 0 0 0 0 0 0 0 0 0 0 0 0 0 0 0 0
 0 0 0 0 0 0 0 0 0 0 0 0 0 0 0 0 0 0 0 0 0 0 0 0 0 0
 0 0 0 0 0 0 0 0 0 0 0 0 0 0 0 0 0 0 0 0 0 0 0 0 0 0
ppred_pel_tallas
 1.07873e-16 4.89428e-05 0.000475741 0.00316147 0.0143716 0.0447154 0.0952716 0.139055 0.139073 0.0953582 0.0450069 0.0152171 0.00529749 0.00518367 0.00912171 0.0153449 0.0228956 0.0304443 0.0366062 0.0406442 0.0427278 0.0434726 0.0432092 0.0416807 0.0383945 0.0332217
 1.0861e-16 4.52536e-05 0.000439881 0.00292316 0.0132883 0.041345 0.0880911 0.128578 0.12861 0.0882474 0.04187 0.0148051 0.00673212 0.00876046 0.0158649 0.0262047 0.0378661 0.0478945 0.0533286 0.0528594 0.0476228 0.0404034 0.0338957 0.0293741 0.0265587 0.0243908
 1.05556e-16 5.60619e-05 0.000544942 0.00362133 0.0164621 0.0512197 0.10913 0.159283 0.159304 0.109236 0.0515757 0.017491 0.00620729 0.00620032 0.0108267 0.017889 0.02595 0.0330244 0.0371198 0.0373136 0.0342703 0.0297182 0.0253294 0.0218988 0.0193055 0.0170231
 1.02144e-16 6.63976e-05 0.000645408 0.00428897 0.019497 0.0606626 0.129249 0.188645 0.18866 0.129322 0.0609095 0.0202103 0.00607987 0.0045564 0.00749832 0.0123024 0.0177425 0.022369 0.0247515 0.0242322 0.0213096 0.0172848 0.0134661 0.0105534 0.00856045 0.0071373
 1.01738e-16 5.58043e-05 0.000542438 0.00360469 0.0163864 0.0509844 0.108629 0.158553 0.15858 0.108764 0.0514378 0.0176956 0.00688983 0.0077106 0.0136596 0.0224678 0.0322988 0.0404862 0.0443483 0.0426446 0.0363138 0.027844 0.0198016 0.0136602 0.00959844 0.00704384
 1.01792e-16 6.36634e-05 0.000618831 0.00411235 0.0186942 0.0581646 0.123926 0.180878 0.180895 0.124012 0.0584519 0.0195244 0.00619752 0.00517422 0.00872515 0.0143494 0.0207236 0.0261807 0.0290579 0.0285738 0.0252696 0.0206045 0.01605 0.0124017 0.00970801 0.00764257
 1.03527e-16 3.56145e-05 0.000346186 0.00230053 0.0104579 0.0325387 0.0693288 0.101197 0.101245 0.0695603 0.0333158 0.0127022 0.00793339 0.0126402 0.0233767 0.0385701 0.0555105 0.0697034 0.0765821 0.0740291 0.0636291 0.0495828 0.0361969 0.0259043 0.0189529 0.0143601
 1.09314e-16 3.54299e-05 0.000344391 0.0022886 0.0104037 0.0323699 0.0689687 0.100669 0.100702 0.0691304 0.0329137 0.0119775 0.00625055 0.0090311 0.0166436 0.0277472 0.0406377 0.0524985 0.0604294 0.0630173 0.0610303 0.0566041 0.0516536 0.046853 0.0418164 0.0359845
 1.11502e-16 4.51292e-05 0.000438672 0.00291513 0.0132518 0.0412313 0.0878486 0.128223 0.128249 0.0879744 0.041654 0.0144746 0.00599142 0.00717718 0.012911 0.0214543 0.031333 0.040327 0.0462062 0.0479755 0.0464227 0.0434411 0.0406892 0.0386747 0.0368308 0.0342607
 1.03625e-16 6.81214e-05 0.000662164 0.00440032 0.0200032 0.0622374 0.132604 0.193542 0.193553 0.132661 0.0624301 0.0205598 0.00579884 0.00371941 0.00588711 0.00965878 0.0139889 0.0177679 0.0199173 0.0199532 0.0182667 0.0158348 0.0135966 0.0119877 0.0109061 0.00999527
 1.00412e-16 7.64072e-05 0.000742706 0.00493554 0.0224363 0.0698075 0.148733 0.217081 0.217087 0.148763 0.0699112 0.0227355 0.00568633 0.00238051 0.00318344 0.00513286 0.00736541 0.00921748 0.0100699 0.00963961 0.00814647 0.00616938 0.00430715 0.00290596 0.00200867 0.00147751
 1.00263e-16 6.98423e-05 0.000678892 0.00451147 0.0205085 0.0638097 0.135954 0.198431 0.198446 0.136022 0.0640401 0.0211738 0.00618021 0.00431762 0.00696828 0.0113774 0.0163075 0.0203478 0.0221122 0.0209619 0.0173906 0.0127087 0.00828833 0.00494692 0.00282092 0.00162599
 1.01009e-16 5.40572e-05 0.000525456 0.00349184 0.0158734 0.0493882 0.105228 0.15359 0.15362 0.105376 0.0498852 0.0173083 0.00709223 0.0083802 0.0149569 0.0246022 0.0353422 0.0442443 0.0483522 0.0462913 0.0390865 0.029479 0.0203169 0.0132663 0.00857868 0.005671
 1.01804e-16 6.29432e-05 0.00061183 0.00406583 0.0184827 0.0575066 0.122524 0.178832 0.17885 0.122612 0.0578011 0.0193337 0.00620334 0.00528251 0.0089464 0.0147241 0.0212812 0.0269183 0.0299367 0.0295339 0.0262525 0.021565 0.016952 0.0132073 0.0103757 0.00813841
 1.00175e-16 7.99482e-05 0.000777125 0.00516427 0.023476 0.0730426 0.155625 0.22714 0.227142 0.155637 0.0730832 0.0235932 0.0054584 0.00141903 0.00129847 0.00201857 0.00289642 0.0036344 0.00398886 0.00384891 0.00329786 0.00255635 0.00185097 0.00131027 0.000947927 0.000712318
 1.00044e-16 7.81542e-05 0.000759687 0.00504838 0.0229492 0.0714036 0.152133 0.222044 0.222049 0.152157 0.071483 0.0231786 0.00562361 0.00201368 0.00245465 0.00392101 0.00560945 0.00698785 0.00757281 0.00714354 0.00587295 0.0042191 0.00266334 0.00149516 0.000765456 0.000374762
 1.00652e-16 3.19302e-05 0.000310373 0.00206254 0.00937606 0.0291727 0.0621576 0.0907329 0.0907902 0.0624376 0.0301124 0.0120888 0.00886633 0.0151447 0.0281507 0.0463457 0.0664238 0.0828209 0.0898861 0.0850103 0.0702167 0.0508787 0.0326344 0.018862 0.0101481 0.00533852
 1.01669e-16 7.25845e-05 0.000705547 0.00468861 0.0213137 0.066315 0.141291 0.20622 0.206226 0.141322 0.0664194 0.0216163 0.0054511 0.00238043 0.00328369 0.00539204 0.0079416 0.0103612 0.0121049 0.0128937 0.0128331 0.0122577 0.0114484 0.0104727 0.0092513 0.00773676
 1.00762e-16 6.76372e-05 0.000657457 0.00436904 0.019861 0.0617951 0.131662 0.192167 0.192183 0.13174 0.062059 0.0206229 0.00628026 0.00482536 0.00797057 0.0130369 0.0186965 0.0233503 0.0254206 0.0241858 0.0202183 0.0150182 0.0101439 0.00650537 0.00422372 0.00293985
 1.00825e-16 6.43394e-05 0.000625402 0.00415602 0.0188927 0.0587822 0.125242 0.182799 0.182818 0.125335 0.0590935 0.0197918 0.00641237 0.00554869 0.00940752 0.0154319 0.0221791 0.0277937 0.0304274 0.0292209 0.0248111 0.0189015 0.0132567 0.00890121 0.00598019 0.00412765
 1.00958e-16 6.59425e-05 0.000640985 0.00425957 0.0193634 0.0602468 0.128363 0.187353 0.18737 0.128445 0.0605224 0.0201594 0.00625732 0.00500123 0.00834421 0.0136831 0.0196869 0.0247171 0.0271472 0.0262199 0.0224895 0.0174396 0.0125971 0.00883354 0.00625575 0.00453935
 1.01233e-16 6.05836e-05 0.000588894 0.00391341 0.0177898 0.0553508 0.117932 0.172129 0.172152 0.118042 0.0557208 0.0188585 0.00659538 0.0064416 0.0111698 0.0183536 0.0263937 0.0331055 0.0363011 0.0349642 0.0298493 0.0229685 0.0163971 0.0113263 0.00790618 0.00569074
 1.03666e-16 3.30046e-05 0.000320817 0.00213194 0.00969153 0.0301542 0.0642485 0.0937828 0.0938316 0.064487 0.0309551 0.0120051 0.00793987 0.0130014 0.0241207 0.0398365 0.057409 0.0722411 0.0796496 0.0774442 0.0672018 0.0531482 0.0396003 0.0289751 0.0215135 0.016277
 1.02043e-16 7.299e-05 0.000709489 0.0047148 0.0214328 0.0666855 0.142081 0.207372 0.207378 0.142111 0.0667888 0.0217318 0.00546787 0.00236172 0.00323514 0.00529614 0.0077698 0.0100785 0.0116775 0.0123025 0.0120928 0.011433 0.010655 0.00985263 0.00892839 0.00777016
 1.00829e-16 6.62414e-05 0.00064389 0.00427888 0.0194512 0.0605199 0.128945 0.188202 0.18822 0.129031 0.0608097 0.0202878 0.00637735 0.00522004 0.00874303 0.0143122 0.0205245 0.0256296 0.0278943 0.0265254 0.0221513 0.016421 0.0110489 0.00703921 0.00452955 0.00312814
 1.02156e-16 3.95518e-05 0.000384457 0.00255486 0.011614 0.0361358 0.0769928 0.112383 0.112427 0.0772102 0.0368657 0.0137218 0.00784448 0.0119279 0.0219508 0.0361951 0.0520601 0.0652998 0.0716 0.0689484 0.0588224 0.0451807 0.0321139 0.0219823 0.0151066 0.0106388
 1.01805e-16 7.13996e-05 0.000694029 0.00461207 0.0209658 0.0652324 0.138985 0.202854 0.202863 0.139025 0.0653684 0.0213592 0.00560183 0.00286223 0.00421127 0.00690644 0.0100752 0.0129463 0.0147744 0.0151998 0.014427 0.013025 0.0115244 0.0101462 0.00882932 0.0074399
 1.01281e-16 5.87497e-05 0.000571068 0.00379495 0.0172513 0.0536754 0.114362 0.16692 0.166946 0.114487 0.0540945 0.0184615 0.00683076 0.00719217 0.0126156 0.0207164 0.0297279 0.0371551 0.0404994 0.0386141 0.0323993 0.0242205 0.0165326 0.0107653 0.00710802 0.00500089
 1.03175e-16 4.18197e-05 0.000406502 0.00270135 0.01228 0.0382078 0.0814071 0.118824 0.118864 0.0815989 0.0388518 0.0141407 0.00737331 0.0106098 0.0194323 0.032091 0.0462955 0.0583591 0.0645315 0.0630489 0.0551456 0.0441546 0.033469 0.024971 0.0188388 0.0143556
 1.0362e-16 6.15108e-05 0.000597907 0.0039733 0.0180621 0.0561978 0.119736 0.174762 0.174778 0.119816 0.0564656 0.0188364 0.00592053 0.00486063 0.00819209 0.0135369 0.0197068 0.0252249 0.0286145 0.0291743 0.0273468 0.0243236 0.0212304 0.0185607 0.0161983 0.0138236
 1.02788e-16 5.6091e-05 0.000545225 0.00362321 0.0164706 0.0512463 0.109187 0.159367 0.159393 0.109314 0.0516749 0.0177085 0.00673022 0.0073266 0.0129316 0.0212808 0.0306301 0.0384779 0.0423145 0.0409879 0.0353904 0.0278511 0.0207419 0.0153769 0.0118419 0.00953316
 1.03564e-16 4.78771e-05 0.000465382 0.00309263 0.0140587 0.0437419 0.0931979 0.136032 0.136065 0.0933573 0.044277 0.0156046 0.00697456 0.00894452 0.0161654 0.0266853 0.0385202 0.0486117 0.0538608 0.0528178 0.0465139 0.0377066 0.0291821 0.0224536 0.0176115 0.0140122
 1.00791e-16 7.70376e-05 0.000748833 0.00497626 0.0226213 0.0703834 0.149959 0.218871 0.218876 0.149982 0.0704584 0.0228381 0.00552101 0.00193994 0.00234476 0.00376901 0.00545591 0.00693172 0.00776844 0.00776688 0.00706345 0.00602137 0.00499636 0.00416456 0.00351417 0.00295084
pSPR Fmed_Fpbrs
0.548435   0.218554 0.218554
Fs Fmed_Fpbrs
0.34   1.005 1.005
SSBpbr Bo_Bmed_Bpbrs
444841  221724  74979.8 74979.8
Ro
90298.2
SPR SPRFo_SPRFmed_SPRFpbrs
650539 356779 142178
Fref
1.005
Nvult_r0
 95243.1 3246.07 966.929 196.444 34.6676
CTP_r0
 41589.1 1627.08 484.67 98.467 17.377
YTP_r0
357337
Np
 75714.5 12830.6 2623.52 68.2462 23.0664
Nvult_p0
 62883.9 11102.9 2270.23 59.0561 19.9603
CTP_p0
 27459 8450.5 219.825 65.4807 15.1006
 27459 5565.28 1137.95 29.6017 10.005
YTP_p0
 362376 332825
CBA_c0
358849
log_Ro
11.2309
likeval ReclasPelacesDesembMPH_pf_preclas_ppelaces_ptallas_desvR_qrecl_qpela
 27.3986 0.000434323 0.0210279 55.2186 262.737 140.109 119.935 0 24.5788 0.000212311 0.00021506 0.0238697 0 0 0
q_reclas_q_pelaces
7.85094 7.95608
M
1
N
 142559 25375 29035.5 2610.35 0.144974
 95110.5 36337.1 5801.02 6637.86 596.791
 84882.3 17684.9 5518.81 881.049 1098.79
 127064 15851.2 2701 842.887 302.38
 91367.3 21954.2 2188.91 372.984 158.151
 194283 26503.6 5935.13 591.752 143.588
 67748.8 51100.2 6310.72 1413.2 175.091
 23515.1 10409.7 6060.6 748.466 188.375
 22940.6 7255.81 3048.82 1775.04 274.385
 31495 3766.62 937.852 394.076 264.899
 51826.3 2104.64 151.779 37.7914 26.5539
 129318 14340.9 535.211 38.5974 16.3631
 71496.7 22445 1992 74.3429 7.63422
 46110 11581 2850.58 252.99 10.4113
 65541.2 1173.45 133.477 32.8544 3.03583
 276204 9286.4 125.29 14.2513 3.83201
 54561.6 51300.6 1408.38 19.0015 2.74253
 242791 11645.7 9317.31 255.793 3.94919
 290401 40909.9 1556.69 1245.44 34.7197
 227442 37657.8 3893.97 148.172 121.851
 271255 36524.3 4729.44 489.043 33.9121
 259217 55474.1 6275.91 812.651 89.8585
 43812.7 37753.8 6138.37 694.448 99.8654
 127664 6017.72 3871.74 629.504 81.4586
 149084 21817.6 819.276 527.113 96.7932
 43382.7 26354.5 3103.44 116.538 88.7476
 133321 8135.56 4047.1 476.578 31.5245
 120038 27029.1 1382.24 687.605 86.3269
 54483.7 26854.1 5217.53 266.819 149.395
 82445.4 11388.3 4746.71 922.249 73.5698
 65036.1 17486.4 2051.47 855.069 179.386
 24170.2 9299.7 1889.35 221.655 111.77
 114676 3751.21 1117.4 227.014 40.0624
pred_Ctot
 28512.9 6310.02 7220.28 649.119 0.0360508
 31402.8 14466.2 2309.46 2642.62 237.59
 27892.6 7009.84 2187.52 349.226 435.532
 45243.1 6761.62 1152.16 359.548 128.985
 12453.2 3772.74 376.155 64.0957 27.1775
 35972.2 6121.47 1370.82 136.676 33.1641
 26726.8 23913.9 2953.29 661.351 81.9389
 2431.45 1366.59 795.639 98.2591 24.73
 8561.44 3229.95 1357.19 790.168 122.143
 18527.9 2489.25 619.8 260.434 175.065
 8309 423.223 30.5212 7.59949 5.33973
 45844.5 6093.02 227.396 16.3989 6.95219
 27000.2 10098.9 896.281 33.4499 3.43494
 32695.8 8882.63 2186.4 194.044 7.98551
 27467.1 579.619 65.9301 16.2283 1.49953
 91305.5 3701.16 49.9351 5.67997 1.52728
 15127.6 17371.6 476.912 6.43437 0.928688
 88517.3 5075.57 4060.77 111.482 1.72118
 129015 21277.5 809.641 647.763 18.0579
 86529.4 17057.2 1763.79 67.1149 55.1929
 79825.2 13074.1 1692.93 175.056 12.1391
 106512 26924.2 3046 394.418 43.6126
 18756.8 19004.4 3089.92 349.569 50.27
 45933.7 2591.45 1667.31 271.088 35.0791
 51905 9118.15 342.397 220.295 40.4525
 14189.2 10401.4 1224.85 45.9946 35.0265
 39686.3 2943.36 1464.2 172.421 11.4052
 30952.9 8551.36 437.307 217.542 27.3118
 15564 9350.39 1816.71 92.9043 52.0183
 23069.2 3889.51 1621.17 314.981 25.1267
 27079.6 8587.75 1007.5 419.932 88.0981
 9458.98 4320.87 877.839 102.986 51.9308
 41490.8 1623.59 483.63 98.2557 17.3397
F
 0.366918 0.475728 0.475728 0.475728 0.475728
 0.68233 0.884676 0.884676 0.884676 0.884676
 0.678018 0.879085 0.879085 0.879085 0.879085
 0.755731 0.979844 0.979844 0.979844 0.979844
 0.237608 0.308071 0.308071 0.308071 0.308071
 0.335528 0.43503 0.43503 0.43503 0.43503
 0.87307 1.13198 1.13198 1.13198 1.13198
 0.175838 0.227982 0.227982 0.227982 0.227982
 0.80673 1.04597 1.04597 1.04597 1.04597
 1.70569 2.21151 2.21151 2.21151 2.21151
 0.284785 0.369238 0.369238 0.369238 0.369238
 0.751203 0.973973 0.973973 0.973973 0.973973
 0.820288 1.06355 1.06355 1.06355 1.06355
 2.67108 3.46319 3.46319 3.46319 3.46319
 0.954127 1.23707 1.23707 1.23707 1.23707
 0.683436 0.88611 0.88611 0.88611 0.88611
 0.544389 0.705828 0.705828 0.705828 0.705828
 0.780827 1.01238 1.01238 1.01238 1.01238
 1.04272 1.35194 1.35194 1.35194 1.35194
 0.828917 1.07473 1.07473 1.07473 1.07473
 0.587142 0.76126 0.76126 0.76126 0.76126
 0.926579 1.20136 1.20136 1.20136 1.20136
 0.985216 1.27738 1.27738 1.27738 1.27738
 0.766682 0.994043 0.994043 0.994043 0.994043
 0.732871 0.950204 0.950204 0.950204 0.950204
 0.673816 0.873637 0.873637 0.873637 0.873637
 0.595843 0.772541 0.772541 0.772541 0.772541
 0.497388 0.644889 0.644889 0.644889 0.644889
 0.565319 0.732964 0.732964 0.732964 0.732964
 0.550712 0.714026 0.714026 0.714026 0.714026
 0.944961 1.22519 1.22519 1.22519 1.22519
 0.863043 1.11898 1.11898 1.11898 1.11898
 0.772598 1.00171 1.00171 1.00171 1.00171
YTP_r0W_actual
 313582 28392.6 11666 3083.99 612.54
YTP_p0W_proyectada
 207041 147461 5291.19 2050.86 532.295
 207041 97114.1 27390.4 927.125 352.678
CTP_r0_actual
 41589.1 1627.08 484.67 98.467 17.377
CTP_p0_proyectada
 27459 8450.5 219.825 65.4807 15.1006
 27459 5565.28 1137.95 29.6017 10.005
Wmedp
 7.54 17.45 24.07 31.32 35.25
Frms_r0
 0.775133 1.005 1.005 1.005 1.005
Zrms_r0
 1.77513 2.005 2.005 2.005 2.005
nmprior
 7.29 8.9 8.7 0
nm_flota  nm_reclas  nm_pelaces    nm_pelaL
inf 12.073 10.2361 25.9531
cv_recla  cv_pelaces  cv_mph
0.453309 0.760985 0.595799
 ------------------------------------------------
Talla a la edad & desviaci?n 
 8 13.2811 15.8009 17.003 17.5766
 0.8 1.32811 1.58009 1.7003 1.75766
