years
 1991 1992 1993 1994 1995 1996 1997 1998 1999 2000 2001 2002 2003 2004 2005 2006 2007 2008 2009 2010 2011 2012 2013 2014 2015 2016 2017 2018 2019
reclasobs
 0 0 0 0 0 0 0 0 0 252601 567819 844713 477998 351125 339783 2.1784e+06 2.13404e+06 4.81314e+06 1.55562e+06 2.62356e+06 3.21686e+06 3.843e+06 1.13348e+06 3.07943e+06 1.97215e+06 2.03268e+06 2.025e+06 2.42433e+06 2.27542e+06
reclaspred
 4.46381e+06 2.4131e+06 1.17227e+06 1.39811e+06 1.64378e+06 3.31746e+06 1.93417e+06 1.43316e+06 835383 338498 590630 1.27008e+06 1.08339e+06 271869 688644 2.16077e+06 2.11822e+06 2.79605e+06 2.47134e+06 2.17534e+06 4.2319e+06 2.70342e+06 1.25793e+06 1.92983e+06 1.68937e+06 1.40082e+06 2.08235e+06 1.97739e+06 1.27138e+06
pelacesobs
 0 0 0 0 0 0 0 0 0 0 0 0 0 0 0 552880 188675 0 991730 2.46772e+06 1.41603e+06 1.21717e+06 2.29649e+06 1.80582e+06 0 1.4828e+06 1.56532e+06 1.57751e+06 1.42118e+06
pelacespred
 2.57297e+06 1.4004e+06 634785 616997 917653 1.84263e+06 992981 979174 488363 137869 316647 585027 546330 79072.9 325626 950127 1.08105e+06 1.36734e+06 1.17841e+06 954611 2.10514e+06 1.33293e+06 602307 1.00862e+06 836751 727511 1.26556e+06 1.1303e+06 641604
mphobs
 0 0 0 0 0 0 0 0 0 0 0 0 498337 0 5186 125008 0 168611 109162 213762 579715 649985 157893 87575 83554 210694 70296 0 107559
mphpred
 791288 540556 240321 138989 202756 289028 473868 207558 176268 72018.8 24291.5 112879 179823 76665.6 10272 85830 361279 259534 287057 231269 323464 422677 214375 96127.8 217796 195146 140724 252864 261239
desembarqueobs
 494567 514787 250237 358949 120608 361735 552515 73892 212993 205616 52469 317467 293654 387597 252695 516296 358380 742168 942051 627588 828172 859565 418607 520667 417249 300574 415391 372974 316634
desembarquepred
 494555 514421 250396 358940 120609 361714 552475 73897.5 213071 205686 52470.3 317420 293699 387629 252577 516102 358361 741974 941152 627166 828081 859621 418675 520671 417094 300584 415303 372914 316578
Reclutas
 144415 95860.6 83934.7 128717 93109.7 196687 70316.3 24638.9 23780.9 31916.7 55080.8 131901 70724.8 44964.3 65154.8 284515 54717.7 248551 287846 232499 274768 262462 42802.2 129350 151814 44640.4 137119 103491 40600
log_desv_Rt
 0.419907 0.0101108 -0.122744 0.30483 -0.0190059 0.728828 -0.29978 -1.34846 -1.3839 -1.08966 -0.543983 0.329269 -0.293987 -0.746915 -0.376018 1.098 -0.550596 0.962863 1.10964 0.896102 1.06314 1.01732 -0.796193 0.309739 0.469874 -0.754145 0.368067 0.0866976 -0.849016
SSB
 791288 540556 240321 138989 202756 289028 473868 207558 176268 72018.8 24291.5 112879 169390 73433.4 9829.74 82747.9 361279 259534 300515 240775 346485 490830 273405 112228 230536 225667 148151 252864 277014
BT
 1.34395e+06 1.00204e+06 455895 588066 482097 1.22788e+06 843246 481080 411980 258279 222812 561689 508817 429561 450515 964416 695988 1.37319e+06 1.49859e+06 960065 1.80252e+06 1.34691e+06 607743 1.08429e+06 737263 569618 1.14103e+06 880148 500512
Ftot
 0.446528 0.826632 0.820818 0.92242 0.292154 0.414879 1.07471 0.211078 0.948657 1.90621 0.325196 0.892365 0.992472 3.3074 1.20056 0.828498 0.6661 0.942435 1.2908 1.01393 0.718809 1.13554 1.21115 0.935678 0.894903 0.816404 0.714276 0.695141 0.954411
BD_Bspro_t
 0.931048 0.582451 0.313775 0.227473 0.275551 0.400401 0.459851 0.24735 0.280591 0.166407 0.0850898 0.384375 0.332907 0.149262 0.025138 0.176246 0.357733 0.268745 0.25804 0.195145 0.215091 0.267971 0.186845 0.103664 0.214695 0.243002 0.207515 0.334446 0.338527
BD_Bspro
 1.17327 0.801504 0.356334 0.206085 0.300635 0.428554 0.702622 0.307755 0.261359 0.106785 0.0360179 0.167371 0.251161 0.108883 0.0145749 0.122694 0.535683 0.384821 0.445586 0.357006 0.513747 0.727773 0.405389 0.166405 0.341825 0.334605 0.219669 0.374931 0.41074
BD_Bo
 1.58345 1.08171 0.480909 0.278132 0.405738 0.578377 0.948261 0.415346 0.352731 0.144118 0.0486099 0.225884 0.338967 0.146948 0.0196704 0.165587 0.722959 0.519355 0.601364 0.481817 0.693354 0.982203 0.547113 0.22458 0.461327 0.451584 0.296466 0.506008 0.554336
BD_Brms
 9.82606 6.71251 2.98426 1.72594 2.51779 3.5891 5.88439 2.57741 2.18886 0.894316 0.301647 1.40171 2.10345 0.911881 0.122064 1.02755 4.4863 3.22284 3.73174 2.98989 4.30258 6.09503 3.39509 1.39363 2.86275 2.80229 1.83971 3.14001 3.43991
Sel_flota
 0.800825 1 1 1 1
 0.800825 1 1 1 1
 0.800825 1 1 1 1
 0.800825 1 1 1 1
 0.800825 1 1 1 1
 0.800825 1 1 1 1
 0.800825 1 1 1 1
 0.800825 1 1 1 1
 0.800825 1 1 1 1
 0.800825 1 1 1 1
 0.800825 1 1 1 1
 0.800825 1 1 1 1
 0.800825 1 1 1 1
 0.800825 1 1 1 1
 0.800825 1 1 1 1
 0.800825 1 1 1 1
 0.800825 1 1 1 1
 0.800825 1 1 1 1
 0.800825 1 1 1 1
 0.800825 1 1 1 1
 0.800825 1 1 1 1
 0.800825 1 1 1 1
 0.800825 1 1 1 1
 0.800825 1 1 1 1
 0.800825 1 1 1 1
 0.800825 1 1 1 1
 0.800825 1 1 1 1
 0.800825 1 1 1 1
 0.800825 1 1 1 1
Sel_reclas
 0.654718 1 1 1 1
 0.654718 1 1 1 1
 0.654718 1 1 1 1
 0.654718 1 1 1 1
 0.654718 1 1 1 1
 0.654718 1 1 1 1
 0.654718 1 1 1 1
 0.654718 1 1 1 1
 0.654718 1 1 1 1
 0.654718 1 1 1 1
 0.654718 1 1 1 1
 0.654718 1 1 1 1
 0.654718 1 1 1 1
 0.654718 1 1 1 1
 0.654718 1 1 1 1
 0.654718 1 1 1 1
 0.654718 1 1 1 1
 0.654718 1 1 1 1
 0.654718 1 1 1 1
 0.654718 1 1 1 1
 0.654718 1 1 1 1
 0.654718 1 1 1 1
 0.654718 1 1 1 1
 0.654718 1 1 1 1
 0.654718 1 1 1 1
 0.654718 1 1 1 1
 0.654718 1 1 1 1
 0.654718 1 1 1 1
 0.654718 1 1 1 1
Sel_pelaces
 0.5 1 1 1 1
 0.5 1 1 1 1
 0.5 1 1 1 1
 0.5 1 1 1 1
 0.5 1 1 1 1
 0.5 1 1 1 1
 0.5 1 1 1 1
 0.5 1 1 1 1
 0.5 1 1 1 1
 0.5 1 1 1 1
 0.5 1 1 1 1
 0.5 1 1 1 1
 0.5 1 1 1 1
 0.5 1 1 1 1
 0.5 1 1 1 1
 0.5 1 1 1 1
 0.5 1 1 1 1
 0.5 1 1 1 1
 0.5 1 1 1 1
 0.5 1 1 1 1
 0.5 1 1 1 1
 0.5 1 1 1 1
 0.5 1 1 1 1
 0.5 1 1 1 1
 0.5 1 1 1 1
 0.5 1 1 1 1
 0.5 1 1 1 1
 0.5 1 1 1 1
 0.5 1 1 1 1
pf_obs 
 0.8446 0.082 0.0669 0.0065 0
 0.8095 0.147 0.0364 0.0071 0
 0.9664 0.0169 0.016 0.0007 0
 0.9276 0.0648 0.0075 0.0001 0
 0.7033 0.2144 0.0806 0.0017 0
 0.9318 0.0425 0.0243 0.0014 0
 0.5671 0.3108 0.0964 0.0239 0.0018
 0.0768 0.2599 0.5324 0.112 0.0189
 0.490249 0.384438 0.106611 0.0170017 0.00170017
 0.7925 0.1577 0.0466 0.003 0.0002
 0.840416 0.127587 0.0312969 0.00059994 9.999e-05
 0.8084 0.0986 0.0794 0.0134 0.0002
 0.7335 0.1905 0.0724 0.0035 0.0001
 0.4001 0.4547 0.1325 0.0127 0
 0.49795 0.308269 0.164784 0.0264974 0.00249975
 0.9179 0.0499 0.0305 0.0017 0
 0.2467 0.6533 0.0926 0.0074 0
 0.9418 0.0223 0.034 0.0019 0
 0.707729 0.231977 0.0356964 0.0245975 0
 0.517169 0.277429 0.184464 0.0207286 0.00020938
 0.811772 0.124168 0.05621 0.00726502 0.000585176
 0.764997 0.148141 0.077277 0.00933861 0.000247198
 0.163321 0.427699 0.378323 0.0303852 0.000271297
 0.753843 0.0900009 0.118128 0.0371064 0.000921714
 0.721811 0.176058 0.0630433 0.0369309 0.00215725
 0.143369 0.312575 0.442814 0.0836902 0.0175525
 0.692698 0.0596174 0.167031 0.0765114 0.00414204
 0.394062 0.376323 0.152708 0.0712218 0.00568511
 0.125707 0.32114 0.495352 0.0537591 0.00404204
pf_pred 
 0.665627 0.146737 0.172487 0.0151479 8.47117e-07
 0.613593 0.279815 0.0467771 0.0549858 0.00482915
 0.729458 0.186069 0.0611712 0.0102261 0.0130763
 0.844351 0.122791 0.0225981 0.00742929 0.0028301
 0.748881 0.222006 0.0229674 0.00422685 0.00191896
 0.826538 0.137747 0.031575 0.00326656 0.000874093
 0.501823 0.42954 0.0545045 0.0124938 0.0016384
 0.520345 0.283633 0.169015 0.0214464 0.00556072
 0.607314 0.228318 0.097195 0.0579178 0.00925476
 0.827428 0.118339 0.0315325 0.0134234 0.00927705
 0.940213 0.0530064 0.00464964 0.00123893 0.000891915
 0.872946 0.121123 0.00525838 0.000461257 0.000211386
 0.698404 0.273191 0.027079 0.0011756 0.00015038
 0.7325 0.205109 0.0565143 0.00560176 0.000274301
 0.976242 0.0201955 0.00273148 0.000752611 7.82525e-05
 0.962906 0.0364874 0.000515972 6.9786e-05 2.12276e-05
 0.453818 0.531427 0.0145136 0.000205238 3.62025e-05
 0.905199 0.0502452 0.0433523 0.00118398 1.96961e-05
 0.844646 0.144611 0.0056942 0.00491304 0.00013641
 0.825158 0.155544 0.0179632 0.000707322 0.000627233
 0.841703 0.137793 0.0182404 0.00210652 0.000156501
 0.778361 0.194832 0.0233349 0.00308896 0.000383237
 0.444161 0.464553 0.0802448 0.00961087 0.00143008
 0.909076 0.0490391 0.0350065 0.00604686 0.000831993
 0.84322 0.146384 0.00560701 0.00400256 0.000786512
 0.55101 0.396362 0.0491382 0.00188216 0.00160759
 0.895081 0.0660586 0.0343051 0.0042529 0.000302037
 0.738358 0.240965 0.0130186 0.00676073 0.000897672
 0.558444 0.350419 0.0839343 0.00453471 0.00266761
pobs_RECLAS
 0 0 0 0 0
 0 0 0 0 0
 0 0 0 0 0
 0 0 0 0 0
 0 0 0 0 0
 0 0 0 0 0
 0 0 0 0 0
 0 0 0 0 0
 0 0 0 0 0
 0 0 0 0 0
 0.991045 0.00858322 0.000360255 1.14367e-05 0
 0.934742 0.0480273 0.0164251 0.00080598 0
 0.827803 0.169806 0.00239088 0 0
 0.941827 0.0461693 0.0120037 0 0
 0.791401 0.0380133 0.147996 0.0225897 0
 0.846168 0.0940531 0.0597789 0 0
 0.134021 0.677848 0.182769 0.00536245 0
 0.80878 0.0450904 0.141981 0.00414843 0
 0.846168 0.0940531 0.0597789 0 0
 0.905697 0.0802665 0.012482 0.00150086 5.37128e-05
 0.989698 0.0102097 9.19794e-05 0 0
 0.975433 0.0193895 0.00387452 0.00125025 5.28907e-05
 0.303575 0.632131 0.0575291 0.00676475 0
 0.966965 0.00978017 0.0227588 0.000495775 0
 0.843318 0.132988 0.00938335 0.0141283 0.000182051
 0.564624 0.303363 0.111486 0.0197234 0.00080311
 0.826376 0.0876187 0.0782897 0.00655872 0.00115652
 0.89761 0.0855135 0.0140674 0.00269457 0.000114338
 0.34875 0.467042 0.161289 0.0227151 0.000203297
ppred_RECLAS
 0.621777 0.16598 0.195107 0.0171344 9.58208e-07
 0.570478 0.311036 0.0519965 0.061121 0.00536799
 0.692751 0.211314 0.0694708 0.0116136 0.0148505
 0.819964 0.142031 0.0261389 0.00859333 0.00327352
 0.71037 0.256052 0.0264896 0.00487506 0.00221324
 0.797222 0.161026 0.0369113 0.00381862 0.00102182
 0.459806 0.465769 0.0591016 0.0135476 0.00177659
 0.471048 0.312783 0.186386 0.0236505 0.00613223
 0.565188 0.252811 0.107622 0.0641311 0.0102476
 0.808916 0.131034 0.034915 0.0148633 0.0102722
 0.928287 0.0635797 0.00557711 0.00148606 0.00106983
 0.852103 0.140993 0.00612102 0.000536926 0.000246064
 0.660998 0.307074 0.0304375 0.0013214 0.000169031
 0.727528 0.208922 0.0575648 0.00570588 0.0002794
 0.972162 0.0236642 0.00320062 0.000881876 9.16928e-05
 0.955973 0.0433068 0.000612405 8.28287e-05 2.5195e-05
 0.408609 0.575415 0.0157149 0.000222226 3.91991e-05
 0.889173 0.0587388 0.0506808 0.00138412 2.30256e-05
 0.822713 0.165027 0.00649809 0.00560666 0.000155669
 0.799094 0.178732 0.0206411 0.000812766 0.000720739
 0.815828 0.160317 0.0212219 0.00245085 0.000182082
 0.748465 0.221112 0.0264824 0.0035056 0.000434929
 0.404564 0.497647 0.0859614 0.0102955 0.00153196
 0.893602 0.0573845 0.0409639 0.00707592 0.000973581
 0.818528 0.169438 0.00649005 0.00463291 0.000910378
 0.50643 0.435716 0.0540171 0.00206903 0.00176721
 0.876635 0.0776725 0.0403363 0.00500061 0.000355139
 0.701404 0.274999 0.0148573 0.00771559 0.00102446
 0.515319 0.384643 0.0921319 0.00497759 0.00292815
pobs_PELACES
 0 0 0 0 0
 0 0 0 0 0
 0 0 0 0 0
 0 0 0 0 0
 0 0 0 0 0
 0 0 0 0 0
 0 0 0 0 0
 0 0 0 0 0
 0 0 0 0 0
 0 0 0 0 0
 0 0 0 0 0
 0 0 0 0 0
 0 0 0 0 0
 0 0 0 0 0
 0 0 0 0 0
 0 0 0 0 0
 0.505614 0.472636 0.0217494 0 0
 0 0 0 0 0
 0.443492 0.261883 0.143347 0.151278 0
 0.227955 0.32914 0.350689 0.0885471 0.00366901
 0.970185 0.0296113 0.000203453 0 0
 0.997202 0.00247181 0.000326279 0 0
 0.445219 0.490057 0.0546422 0.010081 0
 0.90214 0.0892962 0.00764917 0.000914606 0
 0 0 0 0 0
 0.581667 0.319106 0.0959925 0.00289975 0.000334073
 0.762889 0.0836404 0.116647 0.0363945 0.000428098
 0.88444 0.0763242 0.0277011 0.0115352 0
 0.521256 0.241999 0.230069 0.00667565 0
ppred_PELACES
 0.563862 0.191396 0.224983 0.0197581 1.10493e-06
 0.517128 0.34967 0.0584549 0.0687128 0.00603474
 0.645053 0.244119 0.0802556 0.0134165 0.0171559
 0.787033 0.16801 0.03092 0.0101651 0.00387229
 0.656286 0.303866 0.0314361 0.0057854 0.00262653
 0.755228 0.194374 0.0445554 0.00460943 0.00123343
 0.410939 0.507902 0.0644479 0.0147731 0.0019373
 0.40814 0.349983 0.208552 0.0264633 0.00686154
 0.513747 0.282721 0.120354 0.0717183 0.0114599
 0.785612 0.147014 0.0391731 0.016676 0.011525
 0.909903 0.079879 0.00700686 0.00186703 0.00134409
 0.8235 0.16826 0.00730479 0.000640764 0.000293651
 0.613816 0.349813 0.0346738 0.00150531 0.000192557
 0.717057 0.216951 0.0597771 0.00592517 0.000290137
 0.966509 0.0284691 0.00385049 0.00106094 0.00011031
 0.945976 0.0531404 0.000751464 0.000101637 3.0916e-05
 0.355366 0.627219 0.0171297 0.000242234 4.27282e-05
 0.866998 0.0704918 0.0608215 0.00166107 2.76328e-05
 0.794143 0.191621 0.00754526 0.00651018 0.000180755
 0.764532 0.209479 0.0241921 0.000952588 0.000844728
 0.780055 0.191457 0.0253441 0.0029269 0.00021745
 0.710021 0.254907 0.03053 0.0040414 0.000501403
 0.359744 0.535106 0.0924319 0.0110705 0.00164727
 0.872136 0.068962 0.0492285 0.00850351 0.00117
 0.785099 0.200651 0.0076856 0.00548636 0.00107808
 0.452589 0.483246 0.0599095 0.00229473 0.00195998
 0.850471 0.0941462 0.0488913 0.0060612 0.000430461
 0.652509 0.32003 0.0172902 0.00897902 0.00119221
 0.463672 0.425631 0.101949 0.00550801 0.00324017
pobs_pel_tallas
 0 0 0 0 0 0 0 0 0 0 0 0 0 0 0 0 0 0 0 0 0 0 0 0 0 0
 0 0 0 0 0 0 0 0 0 0 0 0 0 0 0 0 0 0 0 0 0 0 0 0 0 0
 0 0 0 0 0 0 0 0 0 0 0 0 0 0 0 0 0 0 0 0 0 0 0 0 0 0
 0 0 0 0 0 0 0 0 0 0 0 0 0 0 0 0 0 0 0 0 0 0 0 0 0 0
 0 0 0 0 0 0 0 0 0 0 0 0 0 0 0 0 0 0 0 0 0 0 0 0 0 0
 0 0 0 0 0 0 0 0 0 0 0 0 0 0 0 0 0 0 0 0 0 0 0 0 0 0
 0 0 0 0 0 0 0 0 0 0 0 0 0 0 0 0 0 0 0 0 0 0 0 0 0 0
 0 0 0 0 0 0 0 0 0 0 0 0 0 0 0 0 0 0 0 0 0 0 0 0 0 0
 0 0 0 0 0 0 0 0 0 0 0 0 0 0 0 0 0 0 0 0 0 0 0 0 0 0
 0 0 0 0 0 0 0 0 0 0 0 0 0 0 0 0 0 0 0 0 0 0 0 0 0 0
 0 0 0 0 0 0 0 0 0 0 0 0 0 0 0 0 0 0 0 0 0 0 0 0 0 0
 0 0 0 0 0 0 0 0 0 0 0 0 0 0 0 0 0 0 0 0 0 0 0 0 0 0
 0.00862536 0 0 0.000197151 0.00414017 0.0128641 0.00837892 0.0270097 0.101434 0.158115 0.152841 0.127902 0.109271 0.109419 0.0830992 0.0579132 0.0238553 0.00714673 0.00463305 0.00128148 0.00103504 0.000492878 0.000147863 0.000147863 4.92878e-05 0
 0 0 0 0 0 0 0 0 0 0 0 0 0 0 0 0 0 0 0 0 0 0 0 0 0 0
 0 0 0 0 0 0 0 0.0054083 0.00873648 0.0413646 0.0450493 0.0745869 0.0622846 0.0627006 0.0613931 0.0827291 0.12552 0.122667 0.0946155 0.0697135 0.0546179 0.0294188 0.0215738 0.0213955 0.0102223 0.00600262
 0 0 0 0 0.00359764 0.0251062 0.0480494 0.140153 0.205849 0.193036 0.1447 0.116669 0.0760912 0.0342217 0.00950174 0.001854 0.000860785 0 0 0 0.000165536 0 0.000143464 0 0 0
 0 0 0 0 0 0 0 0.000145254 0.000435761 0.0275982 0.070085 0.0708112 0.156366 0.174668 0.174014 0.160142 0.0824315 0.0480064 0.0283245 0.00493863 0.00203355 0 0 0 0 0
 0 0 0 0 0 0 0 0 0 0 0 0 0 0 0 0 0 0 0 0 0 0 0 0 0 0
 0 0 1.00437e-05 0.000401748 0.00122533 0.00171747 0.00176769 0.0269171 0.070346 0.194647 0.189555 0.159765 0.064822 0.0314167 0.0384472 0.0292271 0.0345202 0.0313363 0.0194345 0.0106764 0.0143323 0.0359363 0.0279516 0.0138201 0.00172751 0
 0 0.0021121 0.0136068 0.0755702 0.200478 0.177729 0.0527432 0.0373336 0.0318909 0.0142505 0.0149659 0.0166563 0.0217959 0.0798694 0.0677717 0.0528807 0.04013 0.0224614 0.0357745 0.0225083 0.00881397 0.00855152 0.00135912 0.000746735 0 0
 0 0 0 0 5.4009e-05 0.00500934 0.000945158 0.0243581 0.138947 0.33067 0.221406 0.137944 0.0707744 0.0437923 0.0131692 0.00525238 0.0047753 0.00276346 9.45158e-05 9.00151e-06 2.25038e-05 9.00151e-06 4.50075e-06 0 0 0
 0.000866109 0.00284123 0.00948549 0.0512746 0.133035 0.25785 0.225252 0.132002 0.0553304 0.0519788 0.0540692 0.017754 0.00435017 0.00159236 0.00146478 0.000404838 0.000125132 0.000115318 0.000107957 0.000100596 0 0 0 0 0 0
 0 0 0 0 0.00144013 0.00171154 0.00461396 0.0210425 0.0478622 0.0707936 0.0888783 0.103762 0.0637923 0.0337046 0.0602308 0.124433 0.169614 0.0934646 0.0462172 0.0250306 0.0313229 0.00938855 0.002487 0.000210481 0 0
 0 0.00764035 0.051015 0.0998891 0.058973 0.0496711 0.0374665 0.0718981 0.12319 0.153886 0.159021 0.0857701 0.0377988 0.023471 0.0147837 0.00900784 0.00315554 0.000888139 0.00291439 0.00214683 0.00393193 0.00274676 0.000635225 9.99891e-05 0 0
 0 0 0 0 0 0 0 0 0 0 0 0 0 0 0 0 0 0 0 0 0 0 0 0 0 0
 0 0 0 0 0 0 0 0 0 0 0 0 0 0 0 0 0 0 0 0 0 0 0 0 0 0
 0 0 0 0 0 0 0 0 0 0 0 0 0 0 0 0 0 0 0 0 0 0 0 0 0 0
 0 0 0 0 0 0 0 0 0 0 0 0 0 0 0 0 0 0 0 0 0 0 0 0 0 0
 0 0 0 0 0 0 0 0 0 0 0 0 0 0 0 0 0 0 0 0 0 0 0 0 0 0
ppred_pel_tallas
 1.08524e-16 4.64446e-05 0.000451458 0.0030001 0.013638 0.0424331 0.0904089 0.131958 0.131977 0.0905007 0.0427422 0.0145348 0.00526607 0.00544722 0.009678 0.0163001 0.0243451 0.0324192 0.039064 0.0434988 0.0458894 0.0468582 0.0467158 0.0451549 0.0416369 0.0360352
 1.09689e-16 4.25952e-05 0.000414041 0.00275145 0.0125077 0.0389163 0.0829165 0.121026 0.12106 0.0830814 0.03947 0.0141074 0.00676902 0.00919138 0.0167338 0.0276566 0.0399853 0.05062 0.0564521 0.0561124 0.0508011 0.043442 0.0368465 0.0323151 0.0295075 0.0272739
 1.06628e-16 5.31323e-05 0.000516464 0.00343209 0.0156018 0.0485431 0.103427 0.15096 0.150983 0.103542 0.0489307 0.0167223 0.00624846 0.00667693 0.0117893 0.0195013 0.0283117 0.0360769 0.0406405 0.0410057 0.0378932 0.0331674 0.0286183 0.0250741 0.0223701 0.0199139
 1.02611e-16 6.48269e-05 0.000630141 0.00418751 0.0190358 0.0592275 0.126191 0.184183 0.184199 0.12627 0.0594935 0.0198041 0.00611681 0.00484405 0.00807443 0.0132636 0.0191424 0.0241617 0.0267885 0.0263189 0.0232878 0.0190861 0.0151041 0.0120733 0.00998865 0.00846258
 1.0201e-16 5.40575e-05 0.000525458 0.00349186 0.0158735 0.0493885 0.105228 0.15359 0.153619 0.105371 0.0498686 0.0172599 0.0069711 0.0081175 0.0144633 0.0238005 0.0342219 0.0429111 0.0470323 0.0452744 0.0386308 0.0297312 0.0212843 0.0148391 0.0105742 0.007877
 1.02007e-16 6.22072e-05 0.000604676 0.00401828 0.0182665 0.0568341 0.121092 0.176741 0.17676 0.121183 0.057142 0.0191562 0.00625262 0.00548622 0.00934467 0.0153799 0.0222175 0.0280788 0.0311851 0.0307 0.0272021 0.0222498 0.0174121 0.0135333 0.0106592 0.00843869
 1.038e-16 3.38486e-05 0.000329021 0.00218646 0.00993937 0.0309253 0.0658915 0.0961808 0.0962298 0.0661306 0.0317282 0.0122582 0.00800649 0.0130321 0.0241529 0.0398593 0.0573752 0.072064 0.0792123 0.0766344 0.0659652 0.0515363 0.0377836 0.027206 0.0200481 0.015291
 1.09923e-16 3.3618e-05 0.000326779 0.00217156 0.00987164 0.0307145 0.0654418 0.0955213 0.0955553 0.0656079 0.0312732 0.0114885 0.00624229 0.00925327 0.017104 0.028529 0.0418058 0.054055 0.0623084 0.0651193 0.0632686 0.0589267 0.0540251 0.0492194 0.0440876 0.0380495
 1.12678e-16 4.23167e-05 0.000411333 0.00273346 0.0124259 0.0386618 0.082374 0.120233 0.12026 0.082508 0.039112 0.0137281 0.00600971 0.00758846 0.0137475 0.0228585 0.0333966 0.0430093 0.0493312 0.0513097 0.0497863 0.0467705 0.0440113 0.0420239 0.0401762 0.0374905
 1.04791e-16 6.47098e-05 0.000629003 0.00417994 0.0190014 0.0591206 0.125963 0.18385 0.183864 0.126033 0.0593538 0.0196755 0.00587363 0.00433228 0.00711566 0.0117086 0.0169743 0.0215915 0.0242643 0.0244127 0.0225091 0.0197251 0.0171773 0.0153668 0.0141461 0.0130681
 1.00638e-16 7.49475e-05 0.000728517 0.00484125 0.0220076 0.0684739 0.145891 0.212934 0.212942 0.145929 0.0686001 0.022372 0.00575548 0.00272321 0.00386007 0.0062546 0.00898344 0.0112566 0.0123248 0.0118453 0.0100845 0.00774109 0.00553462 0.00387565 0.00280762 0.00215891
 1.00368e-16 6.78307e-05 0.000659338 0.00438154 0.0199178 0.0619719 0.132038 0.192717 0.192733 0.132117 0.0622374 0.0206843 0.00630421 0.00485206 0.00801735 0.0131122 0.0188001 0.0234684 0.025523 0.024229 0.0201531 0.0148001 0.00974297 0.00591627 0.00347233 0.00208317
 1.01274e-16 5.05592e-05 0.000491454 0.00326589 0.0148463 0.0461924 0.0984191 0.143653 0.143686 0.0985837 0.046745 0.016442 0.00727005 0.00922799 0.0166292 0.0273749 0.0393425 0.0492865 0.0539266 0.0517358 0.0438458 0.0332861 0.0231984 0.0154116 0.0101927 0.00689665
 1.02424e-16 5.90631e-05 0.000574114 0.00381519 0.0173433 0.0539616 0.114972 0.167809 0.16783 0.115074 0.0543056 0.0183374 0.00631264 0.00603295 0.0104464 0.0172283 0.0249315 0.0315969 0.0352542 0.0349701 0.031365 0.026126 0.0209361 0.0166779 0.0133773 0.010664
 1.00244e-16 7.96101e-05 0.000773838 0.00514243 0.0233767 0.0727337 0.154967 0.226179 0.226182 0.15498 0.0727787 0.0235067 0.00546876 0.00148618 0.00143236 0.00224163 0.00322056 0.00404789 0.0044555 0.00432117 0.00373634 0.00294264 0.00218655 0.00160544 0.00121065 0.000943732
 1.00051e-16 7.79188e-05 0.000757398 0.00503318 0.0228801 0.0711885 0.151675 0.221375 0.22138 0.1517 0.0712723 0.023122 0.00563983 0.00207993 0.00258432 0.00413512 0.00591639 0.00737066 0.00798851 0.00753715 0.00619892 0.00445675 0.00281799 0.00158761 0.000818962 0.000407008
 1.00687e-16 2.92712e-05 0.000284526 0.00189078 0.00859525 0.0267433 0.0569817 0.0831791 0.0832395 0.0572765 0.0277327 0.0114513 0.00905401 0.0159025 0.0296335 0.0487935 0.0699322 0.0871946 0.0946315 0.0894961 0.0739186 0.0535569 0.0343475 0.0198475 0.0106745 0.00561324
 1.01945e-16 7.14135e-05 0.000694165 0.00461297 0.0209699 0.0652451 0.139012 0.202893 0.2029 0.139046 0.0653582 0.0212975 0.00543916 0.00251003 0.00355591 0.00585855 0.00864764 0.0113192 0.0132902 0.0142593 0.0143304 0.0138431 0.0130718 0.0120628 0.0107182 0.00899335
 1.00951e-16 6.54126e-05 0.000635833 0.00422534 0.0192078 0.0597626 0.127331 0.185848 0.185866 0.127421 0.060065 0.0200808 0.00641519 0.00541148 0.00912108 0.0149386 0.0214273 0.0267663 0.0291503 0.027754 0.0232337 0.0173073 0.0117564 0.00761853 0.00502651 0.00356419
 1.00991e-16 6.29735e-05 0.000612125 0.00406779 0.0184916 0.0575343 0.122584 0.178919 0.178939 0.122682 0.0578653 0.0194476 0.00646687 0.00584748 0.0100002 0.0164177 0.0236076 0.0296076 0.0324575 0.031245 0.0266415 0.0204453 0.0145149 0.00992312 0.00681552 0.00480518
 1.01111e-16 6.42521e-05 0.000624553 0.00415038 0.018867 0.0587024 0.125072 0.182551 0.182569 0.125163 0.0590051 0.0197412 0.00634438 0.00541328 0.00915652 0.0150293 0.0216276 0.0271604 0.0298435 0.0288462 0.0247768 0.0192616 0.0139726 0.00986179 0.00704186 0.00515459
 1.01437e-16 5.84835e-05 0.000568481 0.00377775 0.0171731 0.0534321 0.113844 0.166163 0.166188 0.113964 0.053835 0.0183366 0.00669773 0.00694101 0.0121557 0.0199887 0.0287538 0.0360825 0.039597 0.0381919 0.0326852 0.0252589 0.0181601 0.0126733 0.00895479 0.00651886
 1.04194e-16 2.96318e-05 0.000288031 0.00191407 0.00870112 0.0270727 0.0576832 0.0842011 0.0842527 0.0579353 0.0279194 0.0111468 0.00805413 0.0136952 0.0255018 0.0421368 0.0607502 0.0764997 0.0844468 0.0822803 0.0716566 0.0570148 0.0428781 0.0317616 0.0238951 0.018285
 1.0249e-16 7.18367e-05 0.000698278 0.00464031 0.0210942 0.0656318 0.139836 0.204096 0.204102 0.139869 0.0657422 0.0214138 0.00544561 0.0024664 0.00345953 0.00568319 0.00836086 0.0108919 0.0127052 0.0135228 0.0134842 0.0129761 0.0123171 0.0115711 0.01061 0.00931125
 1.01006e-16 6.46676e-05 0.000628592 0.00417722 0.018989 0.059082 0.125881 0.183731 0.183751 0.125976 0.0593987 0.0199031 0.00647012 0.00562884 0.00954589 0.0156394 0.0224306 0.0280147 0.0305 0.0290218 0.0242679 0.0180395 0.0122072 0.00786309 0.00515122 0.00363738
 1.02415e-16 3.72793e-05 0.000362368 0.00240806 0.0109467 0.0340596 0.0725694 0.105927 0.105973 0.0727968 0.0348234 0.0131526 0.00794398 0.012444 0.0229725 0.037892 0.0545148 0.0684073 0.0750608 0.0723711 0.0618779 0.0477091 0.0341248 0.023575 0.0163842 0.0116661
 1.02116e-16 7.00522e-05 0.000680932 0.00452503 0.0205702 0.0640014 0.136362 0.199026 0.199036 0.136407 0.0641515 0.0210042 0.00561733 0.00307428 0.00464139 0.00762977 0.011141 0.0143357 0.016397 0.0169295 0.0161549 0.0146906 0.0131066 0.0116317 0.0101882 0.00862776
 1.01684e-16 5.37464e-05 0.000522434 0.00347176 0.0157821 0.0491042 0.104623 0.152707 0.152737 0.104773 0.0496094 0.0172406 0.00713063 0.00850273 0.0151891 0.0249718 0.0358418 0.0448091 0.048867 0.0466356 0.0391994 0.0294048 0.0202018 0.013303 0.00892666 0.00639214
 1.04152e-16 3.81921e-05 0.000371241 0.00246703 0.0112148 0.0348936 0.0743459 0.108519 0.10856 0.0745467 0.0355679 0.0131633 0.00736084 0.0110639 0.0203727 0.0336899 0.0486882 0.0615534 0.0683952 0.0673747 0.059742 0.0488884 0.0382323 0.0296206 0.0231732 0.0181578
pSPR Fmed_Fpbrs
0.541618   0.211148 0.211148
Fs Fmed_Fpbrs
0.34   1.005 1.005
SSBpbr Bo_Bmed_Bpbrs
499723  245673  80529.6 80529.6
Ro
94896.2
SPR SPRFo_SPRFmed_SPRFpbrs
674427 365282 142404
Fref
1.005
Nvult_r0
 33921.2 18881.1 4522.51 244.337 143.735
CTP_r0
 15126.5 9464.1 2266.89 122.473 72.0467
YTP_r0
327822
Np
 123761 20359 936.554 416.189 113.112
Nvult_p0
 103402 17617.4 810.437 360.145 97.8801
CTP_p0
 46110.1 3016.69 1340.57 321.1 19.8054
 46110.1 8830.68 406.229 180.521 49.0621
YTP_p0
 443334 518926
CBA_c0
362475
log_Ro
11.2805
likeval ReclasPelacesDesembMPH_pf_preclas_ppelaces_ptallas_desvR_qrecl_qpela
 16.6882 0.0003932 0.0165255 31.085 220.569 106.212 95.3474 0 22.2713 0.000118102 0.000195395 0.028996 0 0 0
q_reclas_q_pelaces
4.65012 7.2199
M
1
N
 144415 26387.6 31018.2 2724.04 0.152336
 95860.6 37155.1 6211.28 7301.26 641.237
 83934.7 18190.6 5980.29 999.735 1278.38
 128717 16001.9 2944.94 968.169 368.812
 93109.7 22621.9 2340.32 430.705 195.537
 196687 27107.6 6213.74 642.835 172.015
 70316.3 51902.4 6585.92 1509.66 197.972
 24638.9 10939.1 6518.57 827.144 214.466
 23780.9 7654.48 3258.51 1941.73 310.271
 31916.7 4092.57 1090.5 464.225 320.831
 55080.8 2551.26 223.793 59.6314 42.929
 131901 15617.2 678.001 59.4731 27.2555
 70724.8 23746.2 2353.75 102.185 13.0713
 44964.3 11751.7 3237.99 320.953 15.7161
 65154.8 1170.25 158.278 43.6109 4.53442
 284515 9164.37 129.594 17.5278 5.33164
 54717.7 53909.4 1472.3 20.8199 3.67248
 248551 11807.8 10187.9 278.239 4.62864
 287846 42988 1692.7 1460.49 40.5504
 232499 37664.5 4349.75 171.276 151.883
 274768 37974.2 5026.83 580.532 43.1298
 262462 56842.5 6808 901.207 111.81
 42802.2 38890 6717.69 804.574 119.719
 129350 5969.53 4261.34 736.086 101.279
 151814 22493.1 861.561 615.024 120.854
 44640.4 27275.7 3381.45 129.521 110.627
 137119 8540.7 4435.29 549.857 39.0503
 103491 28469.7 1538.13 798.77 106.059
 40600 21819.3 5226.28 282.359 166.102
pred_Ctot
 28252.4 6228.22 7321.18 642.95 0.0359557
 30936.8 14108 2358.46 2772.33 243.481
 26943.5 6872.7 2259.44 377.715 482.993
 45075.1 6555.14 1206.39 396.607 151.083
 12514.2 3709.85 383.799 70.6331 32.0669
 36107.4 6017.48 1379.36 142.7 38.1848
 27465.2 23509.1 2983.08 683.796 89.6709
 2455.86 1338.65 797.693 101.22 26.2447
 8499.91 3195.52 1360.33 810.613 129.529
 17742.6 2537.57 676.154 287.839 198.929
 8153.84 459.689 40.3232 10.7444 7.73498
 45077.2 6254.54 271.532 23.8184 10.9155
 26115.3 10215.4 1012.56 43.9588 5.62313
 31791.2 8901.93 2452.78 243.122 11.9049
 27444.9 567.752 76.7894 21.158 2.1999
 91977.5 3485.3 49.286 6.66601 2.02767
 14927 17479.7 477.38 6.75068 1.19077
 88414.6 4907.66 4234.4 115.644 1.9238
 127164 21771.6 857.279 739.674 20.537
 87169.9 16431.7 1897.64 74.7216 66.261
 79616.2 13033.8 1725.34 199.254 14.8033
 106480 26653.1 3192.23 422.571 52.4269
 18135.2 18967.8 3276.41 392.413 58.3904
 45772 2469.12 1762.58 304.46 41.8909
 51991.6 9025.83 345.719 246.791 48.4951
 14271.3 10265.9 1272.69 48.7484 41.6371
 39534.5 2917.71 1515.21 187.845 13.3405
 29206.5 9531.62 514.964 267.427 35.5083
 14575.3 9145.89 2190.67 118.355 69.6243
F
 0.357591 0.446528 0.446528 0.446528 0.446528
 0.661988 0.826632 0.826632 0.826632 0.826632
 0.657331 0.820818 0.820818 0.820818 0.820818
 0.738697 0.92242 0.92242 0.92242 0.92242
 0.233964 0.292154 0.292154 0.292154 0.292154
 0.332246 0.414879 0.414879 0.414879 0.414879
 0.860656 1.07471 1.07471 1.07471 1.07471
 0.169036 0.211078 0.211078 0.211078 0.211078
 0.759708 0.948657 0.948657 0.948657 0.948657
 1.52654 1.90621 1.90621 1.90621 1.90621
 0.260425 0.325196 0.325196 0.325196 0.325196
 0.714629 0.892365 0.892365 0.892365 0.892365
 0.794796 0.992472 0.992472 0.992472 0.992472
 2.64865 3.3074 3.3074 3.3074 3.3074
 0.961442 1.20056 1.20056 1.20056 1.20056
 0.663482 0.828498 0.828498 0.828498 0.828498
 0.533429 0.6661 0.6661 0.6661 0.6661
 0.754725 0.942435 0.942435 0.942435 0.942435
 1.03371 1.2908 1.2908 1.2908 1.2908
 0.811979 1.01393 1.01393 1.01393 1.01393
 0.575641 0.718809 0.718809 0.718809 0.718809
 0.909369 1.13554 1.13554 1.13554 1.13554
 0.969922 1.21115 1.21115 1.21115 1.21115
 0.749315 0.935678 0.935678 0.935678 0.935678
 0.716661 0.894903 0.894903 0.894903 0.894903
 0.653796 0.816404 0.816404 0.816404 0.816404
 0.57201 0.714276 0.714276 0.714276 0.714276
 0.556686 0.695141 0.695141 0.695141 0.695141
 0.764317 0.954411 0.954411 0.954411 0.954411
YTP_r0W_actual
 78657.9 194014 49191.6 3551.72 2406.36
YTP_p0W_proyectada
 347670 52641.3 32267.5 10056.9 698.139
 347670 154095 9777.93 5653.93 1729.44
CTP_r0_actual
 15126.5 9464.1 2266.89 122.473 72.0467
CTP_p0_proyectada
 46110.1 3016.69 1340.57 321.1 19.8054
 46110.1 8830.68 406.229 180.521 49.0621
Wmedp
 7.54 17.45 24.07 31.32 35.25
Frms_r0
 0.804829 1.005 1.005 1.005 1.005
Zrms_r0
 1.80483 2.005 2.005 2.005 2.005
nmprior
 7.29 8.9 8.7 0
nm_flota  nm_reclas  nm_pelaces    nm_pelaL
inf 12.2707 8.35087 10.3254
cv_recla  cv_pelaces  cv_mph
0.387548 0.809526 0.482843
 ------------------------------------------------
Talla a la edad & desviaci?n 
 8 13.2811 15.8009 17.003 17.5766
 0.8 1.32811 1.58009 1.7003 1.75766
