years
 1991 1992 1993 1994 1995 1996 1997 1998 1999 2000 2001 2002 2003 2004 2005 2006 2007 2008 2009 2010 2011 2012 2013 2014 2015 2016 2017 2018 2019 2020 2021
reclasobs
 0 0 0 0 0 0 0 0 0 252601 567819 844713 477998 351125 339783 2.1784e+06 2.13404e+06 4.81314e+06 1.55562e+06 2.62356e+06 3.21686e+06 3.843e+06 1.13348e+06 3.07943e+06 1.97215e+06 2.03268e+06 2.025e+06 2.42433e+06 2.27542e+06 1.05018e+06 2.36338e+06
reclaspred
 4.4155e+06 2.39693e+06 1.16613e+06 1.33858e+06 1.57503e+06 3.10365e+06 1.82532e+06 1.3618e+06 799552 338783 580671 1.2113e+06 1.04916e+06 257470 649818 2.0443e+06 2.06446e+06 2.6682e+06 2.34973e+06 2.06508e+06 4.02059e+06 2.55998e+06 1.2086e+06 1.82885e+06 1.60426e+06 1.34326e+06 2.00394e+06 2.22221e+06 1.79809e+06 1.41431e+06 2.42252e+06
pelacesobs
 0 0 0 0 0 0 0 0 0 0 0 0 0 0 0 552880 188675 0 991730 2.46772e+06 1.41603e+06 1.21717e+06 2.29649e+06 1.80582e+06 0 1.4828e+06 1.56532e+06 1.57751e+06 1.42118e+06 867257 1.10002e+06
pelacespred
 5.74371e+06 3.11568e+06 1.42523e+06 1.36866e+06 1.91575e+06 3.93687e+06 1.97058e+06 2.07695e+06 1.05114e+06 320714 739982 1.27061e+06 1.17147e+06 174363 750381 2.13047e+06 2.20122e+06 3.04964e+06 2.56795e+06 2.04982e+06 4.5801e+06 2.76358e+06 1.25638e+06 2.28349e+06 1.75535e+06 1.51801e+06 2.88598e+06 2.88458e+06 2.07742e+06 1.85207e+06 2.78439e+06
mphobs
 0 0 0 0 0 0 0 0 0 0 0 0 498337 0 5186 125008 0 168611 109162 213762 579715 649985 157893 87575 83554 210694 70296 0 107559 103333 445601
mphpred
 842034 577434 258209 148856 210119 297256 477409 210370 180013 75743.7 27501.3 121146 186177 80716 10704.6 89455.2 376321 272862 298283 240553 334795 435781 220045 99988.6 226280 201141 145979 271894 359677 213091 169337
desembarqueobs
 494567 514787 250237 358949 120608 361735 552515 73892 212993 205616 52469 317467 293654 387597 252695 516296 358380 742168 942051 627588 828172 859565 418607 520667 417249 300574 415391 372974 316634 284311 391294
desembarquepred
 494355 514327 250427 358808 120601 361495 552555 73902 213054 205688 52422.2 317239 293698 387697 252362 515667 358493 741634 940864 626996 827830 859608 418908 520327 417011 300655 415006 372700 316577 284026 390937
Reclutas
 146812 94180.5 83666.1 128172 94452.8 195759 70168.6 25089.8 24108.8 32527.8 57693.7 131349 72049.8 43794.9 66201.3 289504 55262.7 250166 289207 233852 277455 259848 42869.8 131202 151881 44846.3 141379 125908 53619 76307.4 155770
log_desv_Rt
 0.405819 -0.038124 -0.156503 0.270036 -0.0352372 0.693545 -0.332436 -1.36088 -1.40076 -1.10124 -0.52819 0.294523 -0.305979 -0.803819 -0.390637 1.08483 -0.571239 0.938789 1.08381 0.871353 1.04232 0.97676 -0.82517 0.293403 0.439763 -0.780096 0.368106 0.252213 -0.601434 -0.248567 0.465042
SSB
 842034 577434 258209 148856 210119 297256 477409 210370 180013 75743.7 27501.3 121146 175471 77293.3 10241.7 86237.2 376321 272862 312271 250446 358615 506149 280202 116760 239518 232439 153641 271894 378082 205916 191847
BT
 1.41057e+06 1.04233e+06 477494 599624 494379 1.23445e+06 848010 488648 419116 265595 235866 571118 521645 430515 458135 984119 716489 1.39781e+06 1.52063e+06 977137 1.83162e+06 1.36227e+06 616872 1.10387e+06 749632 579482 1.17735e+06 1.01796e+06 654234 675259 993938
Ftot
 0.428246 0.792298 0.786176 0.917033 0.288996 0.420523 1.0767 0.210132 0.940004 1.8351 0.314455 0.890482 0.974202 3.33302 1.21019 0.831826 0.648644 0.939151 1.29146 1.0152 0.718296 1.13846 1.19708 0.938258 0.895217 0.807793 0.705095 0.589905 0.66351 0.712649 0.560129
BD_Bspro_t
 0.933775 0.598106 0.330834 0.242243 0.285956 0.410661 0.463579 0.251025 0.286148 0.17415 0.0953611 0.400214 0.341304 0.155409 0.026228 0.182444 0.367287 0.278539 0.265462 0.201581 0.221291 0.274246 0.191255 0.107948 0.221817 0.249325 0.214424 0.35282 0.411828 0.288698 0.30285
BD_Bspro
 1.20574 0.826848 0.369739 0.213152 0.300877 0.425651 0.683619 0.301237 0.257767 0.10846 0.0393802 0.173473 0.251263 0.110679 0.0146655 0.123486 0.538867 0.390721 0.447153 0.358622 0.513514 0.724773 0.401232 0.167192 0.342975 0.332838 0.220004 0.389335 0.541389 0.294858 0.274713
BD_Bo
 1.63672 1.1224 0.501899 0.289341 0.408423 0.577796 0.927972 0.408911 0.349903 0.147228 0.0534562 0.235479 0.341075 0.15024 0.0199076 0.167625 0.73148 0.530381 0.606983 0.486809 0.697065 0.983837 0.544649 0.226953 0.465568 0.451808 0.298642 0.528498 0.734904 0.400253 0.372906
BD_Brms
 9.80598 6.72455 3.007 1.73351 2.44696 3.46172 5.5597 2.44988 2.09635 0.882079 0.320269 1.41081 2.04346 0.900125 0.119271 1.00428 4.38247 3.17764 3.63658 2.91659 4.17628 5.8944 3.26312 1.35973 2.78933 2.70689 1.78924 3.16636 4.40298 2.39801 2.23417
Sel_flota
 0.772881 1 1 1 1
 0.772881 1 1 1 1
 0.772881 1 1 1 1
 0.772881 1 1 1 1
 0.772881 1 1 1 1
 0.772881 1 1 1 1
 0.772881 1 1 1 1
 0.772881 1 1 1 1
 0.772881 1 1 1 1
 0.772881 1 1 1 1
 0.772881 1 1 1 1
 0.772881 1 1 1 1
 0.772881 1 1 1 1
 0.772881 1 1 1 1
 0.772881 1 1 1 1
 0.772881 1 1 1 1
 0.772881 1 1 1 1
 0.772881 1 1 1 1
 0.772881 1 1 1 1
 0.772881 1 1 1 1
 0.772881 1 1 1 1
 0.772881 1 1 1 1
 0.772881 1 1 1 1
 0.772881 1 1 1 1
 0.772881 1 1 1 1
 0.772881 1 1 1 1
 0.772881 1 1 1 1
 0.772881 1 1 1 1
 0.772881 1 1 1 1
 0.772881 1 1 1 1
 0.772881 1 1 1 1
Sel_reclas
 0.635739 1 1 1 1
 0.635739 1 1 1 1
 0.635739 1 1 1 1
 0.635739 1 1 1 1
 0.635739 1 1 1 1
 0.635739 1 1 1 1
 0.635739 1 1 1 1
 0.635739 1 1 1 1
 0.635739 1 1 1 1
 0.635739 1 1 1 1
 0.635739 1 1 1 1
 0.635739 1 1 1 1
 0.635739 1 1 1 1
 0.635739 1 1 1 1
 0.635739 1 1 1 1
 0.635739 1 1 1 1
 0.635739 1 1 1 1
 0.635739 1 1 1 1
 0.635739 1 1 1 1
 0.635739 1 1 1 1
 0.635739 1 1 1 1
 0.635739 1 1 1 1
 0.635739 1 1 1 1
 0.635739 1 1 1 1
 0.635739 1 1 1 1
 0.635739 1 1 1 1
 0.635739 1 1 1 1
 0.635739 1 1 1 1
 0.635739 1 1 1 1
 0.635739 1 1 1 1
 0.635739 1 1 1 1
Sel_pelaces
 0.509669 0.840523 0.96393 0.992674 0.998547
 0.509669 0.840523 0.96393 0.992674 0.998547
 0.509669 0.840523 0.96393 0.992674 0.998547
 0.509669 0.840523 0.96393 0.992674 0.998547
 0.509669 0.840523 0.96393 0.992674 0.998547
 0.509669 0.840523 0.96393 0.992674 0.998547
 0.509669 0.840523 0.96393 0.992674 0.998547
 0.509669 0.840523 0.96393 0.992674 0.998547
 0.509669 0.840523 0.96393 0.992674 0.998547
 0.509669 0.840523 0.96393 0.992674 0.998547
 0.509669 0.840523 0.96393 0.992674 0.998547
 0.509669 0.840523 0.96393 0.992674 0.998547
 0.509669 0.840523 0.96393 0.992674 0.998547
 0.509669 0.840523 0.96393 0.992674 0.998547
 0.509669 0.840523 0.96393 0.992674 0.998547
 0.509669 0.840523 0.96393 0.992674 0.998547
 0.509669 0.840523 0.96393 0.992674 0.998547
 0.509669 0.840523 0.96393 0.992674 0.998547
 0.509669 0.840523 0.96393 0.992674 0.998547
 0.509669 0.840523 0.96393 0.992674 0.998547
 0.509669 0.840523 0.96393 0.992674 0.998547
 0.509669 0.840523 0.96393 0.992674 0.998547
 0.509669 0.840523 0.96393 0.992674 0.998547
 0.509669 0.840523 0.96393 0.992674 0.998547
 0.509669 0.840523 0.96393 0.992674 0.998547
 0.509669 0.840523 0.96393 0.992674 0.998547
 0.509669 0.840523 0.96393 0.992674 0.998547
 0.509669 0.840523 0.96393 0.992674 0.998547
 0.509669 0.840523 0.96393 0.992674 0.998547
 0.509669 0.840523 0.96393 0.992674 0.998547
 0.509669 0.840523 0.96393 0.992674 0.998547
pf_obs 
 0.8446 0.082 0.0669 0.0065 0
 0.8095 0.147 0.0364 0.0071 0
 0.9664 0.0169 0.016 0.0007 0
 0.9276 0.0648 0.0075 0.0001 0
 0.7033 0.2144 0.0806 0.0017 0
 0.9318 0.0425 0.0243 0.0014 0
 0.5671 0.3108 0.0964 0.0239 0.0018
 0.0768 0.2599 0.5324 0.112 0.0189
 0.490249 0.384438 0.106611 0.0170017 0.00170017
 0.7925 0.1577 0.0466 0.003 0.0002
 0.840416 0.127587 0.0312969 0.00059994 9.999e-05
 0.8084 0.0986 0.0794 0.0134 0.0002
 0.7335 0.1905 0.0724 0.0035 0.0001
 0.4001 0.4547 0.1325 0.0127 0
 0.49795 0.308269 0.164784 0.0264974 0.00249975
 0.9179 0.0499 0.0305 0.0017 0
 0.2467 0.6533 0.0926 0.0074 0
 0.9418 0.0223 0.034 0.0019 0
 0.707729 0.231977 0.0356964 0.0245975 0
 0.517169 0.277429 0.184464 0.0207286 0.00020938
 0.811772 0.124168 0.05621 0.00726502 0.000585176
 0.764997 0.148141 0.077277 0.00933861 0.000247198
 0.163321 0.427699 0.378323 0.0303852 0.000271297
 0.753843 0.0900009 0.118128 0.0371064 0.000921714
 0.721811 0.176058 0.0630433 0.0369309 0.00215725
 0.143369 0.312575 0.442814 0.0836902 0.0175525
 0.692698 0.0596174 0.167031 0.0765114 0.00414204
 0.394062 0.376323 0.152708 0.0712218 0.00568511
 0.125707 0.32114 0.495352 0.0537591 0.00404204
 0.23352 0.215282 0.420074 0.123614 0.00750983
 0.796117 0.104755 0.0508955 0.0450114 0.00322123
pf_pred 
 0.651152 0.148252 0.184525 0.0160692 8.72133e-07
 0.590395 0.294647 0.0488546 0.0608079 0.00529567
 0.71313 0.194058 0.0667643 0.01107 0.0149785
 0.832833 0.130847 0.0245693 0.00845293 0.00329796
 0.739765 0.229145 0.0243351 0.00456945 0.00218545
 0.817498 0.144688 0.0332967 0.0035361 0.000981543
 0.493845 0.435304 0.0561706 0.0129264 0.00175383
 0.512354 0.2911 0.169033 0.0218117 0.0057005
 0.599007 0.233821 0.0997935 0.0579471 0.00943157
 0.820902 0.123443 0.0324522 0.0138504 0.00935155
 0.933595 0.0589687 0.00512532 0.0013474 0.000963338
 0.861675 0.131406 0.0061442 0.000534029 0.000240766
 0.690997 0.27864 0.0288447 0.0013487 0.000170073
 0.713474 0.220486 0.0595513 0.00616473 0.000324594
 0.975021 0.0212814 0.0028455 0.000768546 8.37487e-05
 0.961029 0.0383379 0.000539223 7.20987e-05 2.15953e-05
 0.439517 0.545332 0.0149046 0.000209634 3.64255e-05
 0.899193 0.0530909 0.0464258 0.00126888 2.09478e-05
 0.837305 0.151272 0.00601603 0.00526077 0.000146157
 0.816439 0.16338 0.0187632 0.000746206 0.000670655
 0.83463 0.14385 0.0191539 0.0021997 0.000166106
 0.766957 0.204754 0.0246081 0.00327662 0.000404714
 0.433352 0.472937 0.0823354 0.00989538 0.00148034
 0.904622 0.0517106 0.0364456 0.00634496 0.000876639
 0.834528 0.154499 0.00594955 0.00419324 0.000830879
 0.538653 0.406654 0.0510661 0.00196649 0.00166061
 0.891975 0.0679827 0.0352953 0.00443226 0.000314813
 0.757828 0.223277 0.0118906 0.00617335 0.000830289
 0.548866 0.367605 0.0770125 0.00410127 0.00241569
 0.770608 0.145371 0.0684644 0.0143432 0.00121375
 0.866031 0.110924 0.0146041 0.00687802 0.00156287
pobs_RECLAS
 0 0 0 0 0
 0 0 0 0 0
 0 0 0 0 0
 0 0 0 0 0
 0 0 0 0 0
 0 0 0 0 0
 0 0 0 0 0
 0 0 0 0 0
 0 0 0 0 0
 0 0 0 0 0
 0.991045 0.00858322 0.000360255 1.14367e-05 0
 0.934742 0.0480273 0.0164251 0.00080598 0
 0.827803 0.169806 0.00239088 0 0
 0.941827 0.0461693 0.0120037 0 0
 0.791401 0.0380133 0.147996 0.0225897 0
 0.846168 0.0940531 0.0597789 0 0
 0.134021 0.677848 0.182769 0.00536245 0
 0.80878 0.0450904 0.141981 0.00414843 0
 0.846168 0.0940531 0.0597789 0 0
 0.905697 0.0802665 0.012482 0.00150086 5.37128e-05
 0.989698 0.0102097 9.19794e-05 0 0
 0.975433 0.0193895 0.00387452 0.00125025 5.28907e-05
 0.303575 0.632131 0.0575291 0.00676475 0
 0.966965 0.00978017 0.0227588 0.000495775 0
 0.843318 0.132988 0.00938335 0.0141283 0.000182051
 0.564624 0.303363 0.111486 0.0197234 0.00080311
 0.826376 0.0876187 0.0782897 0.00655872 0.00115652
 0.89761 0.0855135 0.0140674 0.00269457 0.000114338
 0.34875 0.467042 0.161289 0.0227151 0.000203297
 0.318654 0.224769 0.449479 0.00709798 0
 0.937255 0.0296025 0.0250945 0.00804832 0
ppred_RECLAS
 0.608167 0.16652 0.207263 0.0180492 9.79598e-07
 0.548505 0.324781 0.0538509 0.0670267 0.00583725
 0.676866 0.218588 0.075204 0.0124694 0.0168719
 0.808511 0.149884 0.0281441 0.00968279 0.00377779
 0.701846 0.262533 0.027881 0.00523526 0.00250389
 0.788306 0.167831 0.0386226 0.0041017 0.00113854
 0.454511 0.469133 0.0605358 0.013931 0.00189013
 0.464734 0.319527 0.18554 0.0239417 0.00625717
 0.558953 0.257177 0.109762 0.0637353 0.0103737
 0.803656 0.13533 0.0355771 0.0151841 0.010252
 0.920952 0.0701965 0.0061012 0.00160395 0.00114676
 0.840585 0.151441 0.00708096 0.000615448 0.000277473
 0.655198 0.310921 0.0321865 0.00150495 0.000189777
 0.714763 0.219493 0.0592833 0.00613698 0.000323133
 0.971068 0.0246488 0.00329576 0.000890156 9.70006e-05
 0.954171 0.0450849 0.000634121 8.47874e-05 2.53958e-05
 0.396545 0.587142 0.0160473 0.000225706 3.92182e-05
 0.883277 0.0614734 0.053756 0.00146922 2.42552e-05
 0.816343 0.170763 0.00679117 0.0059386 0.000164989
 0.791096 0.185937 0.0213537 0.00084923 0.000763248
 0.809194 0.165976 0.0221001 0.00253805 0.000191655
 0.738173 0.230043 0.0276475 0.00368132 0.000454701
 0.396555 0.503649 0.0876821 0.010538 0.00157647
 0.889453 0.0599346 0.0422418 0.00735405 0.00101606
 0.810244 0.177172 0.00682268 0.00480862 0.000952814
 0.496154 0.444115 0.0557703 0.00214765 0.00181359
 0.87397 0.0793138 0.0411782 0.00517101 0.000367285
 0.723493 0.254934 0.0135764 0.00704863 0.00094801
 0.504976 0.403368 0.0845049 0.00450028 0.0026507
 0.738367 0.165803 0.078087 0.0163591 0.00138434
 0.843734 0.129385 0.0170348 0.00802276 0.00182298
pobs_PELACES
 0 0 0 0 0
 0 0 0 0 0
 0 0 0 0 0
 0 0 0 0 0
 0 0 0 0 0
 0 0 0 0 0
 0 0 0 0 0
 0 0 0 0 0
 0 0 0 0 0
 0 0 0 0 0
 0 0 0 0 0
 0 0 0 0 0
 0 0 0 0 0
 0 0 0 0 0
 0 0 0 0 0
 0 0 0 0 0
 0.505614 0.472636 0.0217494 0 0
 0 0 0 0 0
 0.443492 0.261883 0.143347 0.151278 0
 0.227955 0.32914 0.350689 0.0885471 0.00366901
 0.970185 0.0296113 0.000203453 0 0
 0.997202 0.00247181 0.000326279 0 0
 0.445219 0.490057 0.0546422 0.010081 0
 0.90214 0.0892962 0.00764917 0.000914606 0
 0 0 0 0 0
 0.581667 0.319106 0.0959925 0.00289975 0.000334073
 0.762889 0.0836404 0.116647 0.0363945 0.000428098
 0.88444 0.0763242 0.0277011 0.0115352 0
 0.521256 0.241999 0.230069 0.00667565 0
 0.616807 0.101726 0.260614 0.0208532 0
 0.833518 0.0704572 0.0857862 0.0102388 0
ppred_PELACES
 0.584654 0.162534 0.232004 0.0208063 1.13591e-06
 0.540154 0.315994 0.0600866 0.0770182 0.00674708
 0.66848 0.213385 0.0841925 0.014376 0.0195667
 0.80658 0.146355 0.0315163 0.0111663 0.00438237
 0.692568 0.26579 0.0323711 0.00625964 0.00301153
 0.780424 0.168795 0.0445477 0.00487203 0.00136037
 0.457503 0.456709 0.0675853 0.016017 0.00218602
 0.442201 0.313779 0.208953 0.0277669 0.00729983
 0.548622 0.246646 0.120723 0.0721904 0.0118193
 0.810054 0.124637 0.0375767 0.0165158 0.0112171
 0.917892 0.0716432 0.00714119 0.00193334 0.00139044
 0.842177 0.148806 0.0079793 0.000714209 0.000323905
 0.657729 0.304197 0.0361139 0.00173894 0.000220581
 0.747836 0.18755 0.058093 0.00619309 0.000328017
 0.971645 0.0236158 0.00362125 0.00100723 0.000110408
 0.954718 0.044437 0.000716773 9.86966e-05 2.97368e-05
 0.39591 0.585428 0.0183497 0.000265786 4.64554e-05
 0.87861 0.0597527 0.0599229 0.00168661 2.80088e-05
 0.821988 0.16364 0.00746341 0.00672106 0.000187832
 0.793154 0.18113 0.0238558 0.000977027 0.000883301
 0.807199 0.164487 0.0251175 0.0029706 0.000225646
 0.741986 0.222603 0.0306812 0.0042071 0.000522716
 0.400809 0.487907 0.097413 0.0120566 0.00181432
 0.885 0.058277 0.0471042 0.00844508 0.0011737
 0.811631 0.173996 0.00768414 0.00557727 0.00111166
 0.495079 0.437321 0.0629803 0.00249761 0.0021216
 0.868486 0.0783799 0.0466681 0.00603516 0.000431199
 0.720386 0.254624 0.0155508 0.00831443 0.00112487
 0.498749 0.397427 0.0954846 0.00523663 0.00310267
 0.72889 0.162677 0.0878635 0.0189561 0.0016136
 0.83941 0.129408 0.0195393 0.00947671 0.0021661
pobs_pel_tallas
 0 0 0 0 0 0 0 0 0 0 0 0 0 0 0 0 0 0 0 0 0 0 0 0 0 0
 0 0 0 0 0 0 0 0 0 0 0 0 0 0 0 0 0 0 0 0 0 0 0 0 0 0
 0 0 0 0 0 0 0 0 0 0 0 0 0 0 0 0 0 0 0 0 0 0 0 0 0 0
 0 0 0 0 0 0 0 0 0 0 0 0 0 0 0 0 0 0 0 0 0 0 0 0 0 0
 0 0 0 0 0 0 0 0 0 0 0 0 0 0 0 0 0 0 0 0 0 0 0 0 0 0
 0 0 0 0 0 0 0 0 0 0 0 0 0 0 0 0 0 0 0 0 0 0 0 0 0 0
 0 0 0 0 0 0 0 0 0 0 0 0 0 0 0 0 0 0 0 0 0 0 0 0 0 0
 0 0 0 0 0 0 0 0 0 0 0 0 0 0 0 0 0 0 0 0 0 0 0 0 0 0
 0 0 0 0 0 0 0 0 0 0 0 0 0 0 0 0 0 0 0 0 0 0 0 0 0 0
 0 0 0 0 0 0 0 0 0 0 0 0 0 0 0 0 0 0 0 0 0 0 0 0 0 0
 0 0 0 0 0 0 0 0 0 0 0 0 0 0 0 0 0 0 0 0 0 0 0 0 0 0
 0 0 0 0 0 0 0 0 0 0 0 0 0 0 0 0 0 0 0 0 0 0 0 0 0 0
 0.00862536 0 0 0.000197151 0.00414017 0.0128641 0.00837892 0.0270097 0.101434 0.158115 0.152841 0.127902 0.109271 0.109419 0.0830992 0.0579132 0.0238553 0.00714673 0.00463305 0.00128148 0.00103504 0.000492878 0.000147863 0.000147863 4.92878e-05 0
 0 0 0 0 0 0 0 0 0 0 0 0 0 0 0 0 0 0 0 0 0 0 0 0 0 0
 0 0 0 0 0 0 0 0.0054083 0.00873648 0.0413646 0.0450493 0.0745869 0.0622846 0.0627006 0.0613931 0.0827291 0.12552 0.122667 0.0946155 0.0697135 0.0546179 0.0294188 0.0215738 0.0213955 0.0102223 0.00600262
 0 0 0 0 0.00359764 0.0251062 0.0480494 0.140153 0.205849 0.193036 0.1447 0.116669 0.0760912 0.0342217 0.00950174 0.001854 0.000860785 0 0 0 0.000165536 0 0.000143464 0 0 0
 0 0 0 0 0 0 0 0.000145254 0.000435761 0.0275982 0.070085 0.0708112 0.156366 0.174668 0.174014 0.160142 0.0824315 0.0480064 0.0283245 0.00493863 0.00203355 0 0 0 0 0
 0 0 0 0 0 0 0 0 0 0 0 0 0 0 0 0 0 0 0 0 0 0 0 0 0 0
 0 0 1.00437e-05 0.000401748 0.00122533 0.00171747 0.00176769 0.0269171 0.070346 0.194647 0.189555 0.159765 0.064822 0.0314167 0.0384472 0.0292271 0.0345202 0.0313363 0.0194345 0.0106764 0.0143323 0.0359363 0.0279516 0.0138201 0.00172751 0
 0 0.0021121 0.0136068 0.0755702 0.200478 0.177729 0.0527432 0.0373336 0.0318909 0.0142505 0.0149659 0.0166563 0.0217959 0.0798694 0.0677717 0.0528807 0.04013 0.0224614 0.0357745 0.0225083 0.00881397 0.00855152 0.00135912 0.000746735 0 0
 0 0 0 0 5.4009e-05 0.00500934 0.000945158 0.0243581 0.138947 0.33067 0.221406 0.137944 0.0707744 0.0437923 0.0131692 0.00525238 0.0047753 0.00276346 9.45158e-05 9.00151e-06 2.25038e-05 9.00151e-06 4.50075e-06 0 0 0
 0.000866109 0.00284123 0.00948549 0.0512746 0.133035 0.25785 0.225252 0.132002 0.0553304 0.0519788 0.0540692 0.017754 0.00435017 0.00159236 0.00146478 0.000404838 0.000125132 0.000115318 0.000107957 0.000100596 0 0 0 0 0 0
 0 0 0 0 0.00144013 0.00171154 0.00461396 0.0210425 0.0478622 0.0707936 0.0888783 0.103762 0.0637923 0.0337046 0.0602308 0.124433 0.169614 0.0934646 0.0462172 0.0250306 0.0313229 0.00938855 0.002487 0.000210481 0 0
 0 0.00764035 0.051015 0.0998891 0.058973 0.0496711 0.0374665 0.0718981 0.12319 0.153886 0.159021 0.0857701 0.0377988 0.023471 0.0147837 0.00900784 0.00315554 0.000888139 0.00291439 0.00214683 0.00393193 0.00274676 0.000635225 9.99891e-05 0 0
 0 0 0 0 0 0 0 0 0 0 0 0 0 0 0 0 0 0 0 0 0 0 0 0 0 0
 0 0 0 0 0 0 0 0 0 0 0 0 0 0 0 0 0 0 0 0 0 0 0 0 0 0
 0 0 0 0 0 0 0 0 0 0 0 0 0 0 0 0 0 0 0 0 0 0 0 0 0 0
 0 0 0 0 0 0 0 0 0 0 0 0 0 0 0 0 0 0 0 0 0 0 0 0 0 0
 0 0 0 0 0 0 0 0 0 0 0 0 0 0 0 0 0 0 0 0 0 0 0 0 0 0
 0 0 0 0 0 0 0 0 0 0 0 0 0 0 0 0 0 0 0 0 0 0 0 0 0 0
 0 0 0 0 0 0 0 0 0 0 0 0 0 0 0 0 0 0 0 0 0 0 0 0 0 0
ppred_pel_tallas
 1.08824e-16 4.81572e-05 0.000468106 0.00311073 0.0141409 0.0439977 0.0937424 0.136823 0.136839 0.0938207 0.0442616 0.0149072 0.00504996 0.00475348 0.008339 0.0141059 0.0212357 0.0286173 0.0350791 0.0399697 0.0433403 0.0455136 0.046473 0.0456958 0.0425866 0.0370806
 1.10681e-16 4.44918e-05 0.000432477 0.00287396 0.0130646 0.0406491 0.0866083 0.126414 0.126444 0.0867573 0.0411498 0.0145116 0.00650866 0.00837637 0.01516 0.0250709 0.0363069 0.0460959 0.0516689 0.0518238 0.0476555 0.0417733 0.0366316 0.0332771 0.0312623 0.0294393
 1.07238e-16 5.50619e-05 0.000535221 0.00355673 0.0161684 0.050306 0.107183 0.156441 0.156462 0.107284 0.0506453 0.0171496 0.00602403 0.00593596 0.0103552 0.0171455 0.0249607 0.0319537 0.0362725 0.0370627 0.034937 0.031463 0.0281057 0.0254783 0.0233504 0.0211691
 1.02809e-16 6.64369e-05 0.000645791 0.00429151 0.0195086 0.0606985 0.129325 0.188757 0.188771 0.129394 0.0609303 0.0201785 0.00597405 0.00432209 0.00705818 0.0115894 0.0167503 0.0211959 0.023603 0.0233657 0.0209458 0.0175336 0.0143041 0.011852 0.0101368 0.00880302
 1.0214e-16 5.70459e-05 0.000554507 0.00368489 0.016751 0.0521188 0.111045 0.162079 0.162105 0.111171 0.0525389 0.0179643 0.00673006 0.00720067 0.012675 0.0208526 0.0300064 0.0376762 0.0413915 0.0400101 0.034393 0.0268174 0.0196174 0.0141105 0.0104264 0.00802272
 1.02048e-16 6.42826e-05 0.000624849 0.00415234 0.018876 0.0587302 0.125132 0.182637 0.182653 0.125211 0.0589978 0.0196492 0.00609484 0.00487029 0.00814158 0.0133953 0.0193765 0.0245444 0.0273643 0.027113 0.0242811 0.0201931 0.0161708 0.0129074 0.0104189 0.00840158
 1.04044e-16 3.7684e-05 0.000366302 0.00243421 0.0110656 0.0344294 0.073357 0.107076 0.10712 0.0735722 0.0351517 0.0131519 0.00767133 0.0117996 0.0217536 0.0359083 0.0517344 0.065078 0.0717204 0.0697037 0.0604811 0.0479 0.0358787 0.0265913 0.020209 0.0158086
 1.10131e-16 3.64236e-05 0.00035405 0.00235279 0.0106954 0.0332777 0.0709027 0.103491 0.103522 0.0710519 0.0337793 0.0121477 0.00601069 0.00838093 0.015403 0.0257248 0.0377955 0.0490745 0.0569422 0.060114 0.0592482 0.0561823 0.0524927 0.0486129 0.0440688 0.0383391
 1.12787e-16 4.51893e-05 0.000439256 0.00291901 0.0132694 0.0412862 0.0879656 0.128393 0.128417 0.0880826 0.0416796 0.0144076 0.00578381 0.00671968 0.0120518 0.0200623 0.0293958 0.0380364 0.0439642 0.0462863 0.0457204 0.0439443 0.0423556 0.0412529 0.0399592 0.0375622
 1.04671e-16 6.67231e-05 0.000648572 0.00430999 0.0195926 0.0609599 0.129882 0.189569 0.189581 0.129941 0.0611578 0.0201646 0.00574773 0.00379354 0.0060586 0.00996119 0.0144645 0.0184517 0.0208365 0.0211358 0.0197475 0.0176455 0.0157416 0.0144175 0.0135094 0.0126157
 1.00654e-16 7.56055e-05 0.000734913 0.00488375 0.0222008 0.0690751 0.147172 0.214803 0.21481 0.147206 0.0691883 0.0225277 0.00570406 0.00252493 0.00347304 0.00561642 0.00807043 0.0101219 0.0111004 0.0106994 0.00915681 0.00709535 0.00515399 0.00369398 0.00274889 0.00216276
 1.00395e-16 6.9369e-05 0.000674292 0.00448091 0.0203696 0.0633773 0.135033 0.197087 0.197101 0.135103 0.0636122 0.0210476 0.00618183 0.00438385 0.00710392 0.0116066 0.0166474 0.0207956 0.0226436 0.0215418 0.0179883 0.0133063 0.00887672 0.00551599 0.00335335 0.00209976
 1.01332e-16 5.41763e-05 0.000526613 0.00349953 0.0159084 0.049497 0.10546 0.153928 0.153957 0.105603 0.0499778 0.0172967 0.00698372 0.00813013 0.0144871 0.023844 0.0342935 0.0430165 0.0471696 0.0454262 0.0387574 0.0297678 0.0211488 0.0144535 0.0098949 0.00691891
 1.02402e-16 6.15983e-05 0.000598758 0.00397896 0.0180878 0.0562779 0.119907 0.175011 0.175029 0.119995 0.0565754 0.0189479 0.00614034 0.00532468 0.00905914 0.0149365 0.0216432 0.0274903 0.0307855 0.0307247 0.0278313 0.0235316 0.0192353 0.0156619 0.0128083 0.0103571
 1.00231e-16 8.00331e-05 0.000777951 0.00516976 0.023501 0.0731202 0.15579 0.227381 0.227383 0.155802 0.0731576 0.0236089 0.00544062 0.00136933 0.00120341 0.00186341 0.00267791 0.00337019 0.00371789 0.00361991 0.00315138 0.00251061 0.00189892 0.00142702 0.00110209 0.000875315
 1.00048e-16 7.86388e-05 0.000764398 0.00507969 0.0230915 0.0718464 0.153076 0.22342 0.223425 0.153097 0.0719165 0.0232938 0.00558702 0.00187042 0.00217479 0.00345939 0.00494869 0.00616591 0.00668442 0.00630956 0.00519361 0.00373998 0.00237233 0.00134504 0.00070239 0.000356554
 1.00714e-16 3.26107e-05 0.000316988 0.0021065 0.00957586 0.0297944 0.0634821 0.0926658 0.0927221 0.0637572 0.0307179 0.0122419 0.00879329 0.0148968 0.0276706 0.0455576 0.0653042 0.0814456 0.0884323 0.0837007 0.0692336 0.0503001 0.0324254 0.0189156 0.0103407 0.00557008
 1.01919e-16 7.23699e-05 0.000703462 0.00467475 0.0212507 0.066119 0.140874 0.20561 0.205616 0.140902 0.0662151 0.0215294 0.00537808 0.00225131 0.00304841 0.00501952 0.00744241 0.00981119 0.0116436 0.0126856 0.0130059 0.0128504 0.0123956 0.0116305 0.0104478 0.00882243
 1.00964e-16 6.77061e-05 0.000658127 0.00437349 0.0198813 0.061858 0.131796 0.192363 0.192379 0.131873 0.0621163 0.0206269 0.00624405 0.0047378 0.00780469 0.0127668 0.0183178 0.0228963 0.0249638 0.0238181 0.0200193 0.0150293 0.01036 0.00688483 0.00470565 0.00345999
 1.00983e-16 6.53311e-05 0.000635041 0.00422007 0.0191838 0.0596882 0.127173 0.185616 0.185633 0.127258 0.0599745 0.0200108 0.00629556 0.00516496 0.00866576 0.0142154 0.020453 0.0256784 0.0282012 0.0272332 0.0233488 0.0180885 0.0130394 0.0091105 0.00641802 0.00463004
 1.01104e-16 6.64879e-05 0.000646286 0.0042948 0.0195236 0.0607451 0.129424 0.188902 0.188918 0.129502 0.0610052 0.020275 0.00618098 0.004764 0.00788721 0.0129348 0.0186277 0.0234248 0.0257984 0.0250362 0.0216536 0.0170312 0.0125823 0.00910242 0.00667604 0.00499758
 1.01453e-16 6.11165e-05 0.000594074 0.00394783 0.0179463 0.0558376 0.118969 0.173643 0.173664 0.119074 0.0561896 0.0189628 0.00649927 0.00616334 0.0106365 0.0174828 0.0251667 0.0316201 0.0347732 0.0336626 0.0289945 0.0226545 0.0165763 0.0118545 0.0086091 0.00641743
 1.04453e-16 3.30142e-05 0.00032091 0.00213256 0.00969434 0.0301629 0.0642671 0.0938095 0.0938566 0.0644971 0.0309354 0.0119259 0.00773592 0.0125595 0.0232949 0.0385067 0.0555761 0.0701099 0.0776282 0.0760293 0.0667969 0.053913 0.0414102 0.0314932 0.02432 0.0189909
 1.0242e-16 7.28963e-05 0.000708578 0.00470875 0.0214053 0.0665998 0.141898 0.207106 0.207111 0.141926 0.0666933 0.021676 0.00539137 0.00220875 0.00295137 0.00484056 0.00714502 0.0093592 0.0110106 0.0118675 0.0120376 0.0118204 0.0114455 0.0109274 0.0101325 0.00895604
 1.01014e-16 6.6853e-05 0.000649835 0.00431838 0.0196308 0.0610786 0.130135 0.18994 0.189956 0.130217 0.0613532 0.0204235 0.00630714 0.00498715 0.00829201 0.0135708 0.019469 0.024329 0.0265134 0.0252744 0.0212079 0.0158709 0.0108769 0.00716166 0.00484027 0.00353033
 1.02539e-16 4.07791e-05 0.000396388 0.00263414 0.0119744 0.0372571 0.0793818 0.115869 0.115911 0.0795877 0.0379486 0.0139716 0.00764713 0.011339 0.0208201 0.0343473 0.0494532 0.0621367 0.0683313 0.0661352 0.0569226 0.0443858 0.032321 0.0228908 0.0163604 0.011937
 1.02046e-16 7.1536e-05 0.000695356 0.00462088 0.0210059 0.0653571 0.13925 0.203242 0.203249 0.139288 0.0654822 0.021368 0.00553247 0.00269428 0.00389395 0.00639222 0.00935929 0.012098 0.0139382 0.0145532 0.0141155 0.0131094 0.0119673 0.0108393 0.00963707 0.00823971
 1.01539e-16 5.93373e-05 0.00057678 0.00383291 0.0174238 0.0542122 0.115506 0.168589 0.168614 0.115625 0.0546142 0.0185845 0.00674475 0.0069283 0.0121072 0.0198831 0.0285467 0.0357106 0.0389867 0.0372802 0.0314519 0.0237581 0.0165309 0.0111154 0.0076706 0.00564794
 1.03908e-16 4.10814e-05 0.000399326 0.00265366 0.0120632 0.0375333 0.07997 0.116727 0.116765 0.0801575 0.0381629 0.0138826 0.00722331 0.0103838 0.019029 0.0314599 0.0454665 0.0574835 0.0638791 0.0629364 0.0558224 0.0457023 0.035766 0.0277353 0.0217205 0.0170367
 1.04752e-16 6.00377e-05 0.000583588 0.00387815 0.0176295 0.054852 0.116869 0.170577 0.170592 0.116946 0.0551115 0.0183802 0.00576758 0.0047251 0.00797507 0.0132189 0.0193391 0.0249525 0.0286732 0.0298384 0.0288394 0.0267283 0.0244459 0.022318 0.0201323 0.017568
 1.01914e-16 6.91411e-05 0.000672076 0.00446618 0.0203026 0.0631691 0.134589 0.196439 0.196451 0.13465 0.0633738 0.020894 0.0059508 0.00391377 0.00622806 0.0101933 0.0146931 0.0185126 0.0204654 0.0200105 0.0175705 0.014237 0.0111049 0.00875602 0.00719058 0.00609758
pSPR Fmed_Fpbrs
0.546745   0.21691 0.21691
Fs Fmed_Fpbrs
0.34   1.005 1.005
SSBpbr Bo_Bmed_Bpbrs
514465  255558  85869.5 85869.5
Ro
97840.4
SPR SPRFo_SPRFmed_SPRFpbrs
698355 381823 151480
Fref
1.005
Nvult_r0
 129415 14004 1843.76 868.343 197.31
CTP_r0
 56577 7019.47 924.179 435.254 98.9012
YTP_r0
612645
Np
 110942 18770 5005.14 457.878 68.4018
Nvult_p0
 92171.7 16242.4 4331.15 396.22 59.1908
CTP_p0
 40295 16121.9 1474.85 194.178 110.665
 40295 8141.46 2170.98 198.604 29.6692
YTP_p0
 630633 505414
CBA_c0
618042
log_Ro
11.3111
likeval ReclasPelacesDesembMPH_pf_preclas_ppelaces_ptallas_desvR_qrecl_qpela
 15.4934 0.000679272 0.0744601 43.8757 241.928 124.469 109.645 0 22.0944 0.000109192 0.000381527 0.034734 0 0 0
q_reclas_q_pelaces
4.38322 15.8369
M
1
N
 146812 26829.1 33393.4 2908.03 0.157829
 94180.5 38790.4 6431.72 8005.38 697.177
 83666.1 18781.3 6461.59 1071.38 1449.65
 128172 16763.7 3147.74 1082.96 422.523
 94452.8 23210.7 2464.97 462.852 221.37
 195759 27791.8 6395.66 679.216 188.536
 70168.6 52032.5 6714.15 1545.11 209.638
 25089.8 11231.7 6521.88 841.569 219.945
 24108.8 7846.4 3348.81 1944.55 316.499
 32527.8 4289.05 1127.55 481.235 324.92
 57693.7 2897.31 251.822 66.2018 47.3316
 131349 16645 778.276 67.6446 30.4974
 72049.8 24279.3 2513.38 117.519 14.8194
 43794.9 12483.6 3371.72 349.039 18.3781
 66201.3 1225.68 163.883 44.2635 4.82341
 289504 9557.92 134.432 17.9748 5.38387
 55262.7 55995.3 1530.42 21.5254 3.74021
 250166 12314.5 10768.5 294.316 4.85885
 289207 44534.9 1771.14 1548.79 43.0292
 233852 39212.6 4503.32 179.095 160.963
 277455 39254.4 5226.82 600.266 45.3278
 259848 58586.3 7041.13 937.542 115.801
 42869.8 39654.5 6903.6 829.701 124.122
 131202 6252.41 4406.7 767.179 105.996
 151881 23372.9 900.063 634.364 125.697
 44846.3 27972 3512.62 135.267 114.226
 141379 8836.7 4587.85 576.125 40.9208
 125908 30159.1 1606.11 833.864 112.151
 53619 29359.7 6150.81 327.559 192.935
 76307.4 11811.7 5562.87 1165.41 98.6195
 155770 16183.3 2130.68 1003.47 228.015
pred_Ctot
 26862.5 6115.96 7612.37 662.913 0.0359787
 28635.7 14291.2 2369.58 2949.35 256.854
 25286.6 6881.02 2367.37 392.527 531.116
 43535.8 6839.93 1284.35 441.871 172.398
 12170.9 3769.98 400.371 75.1783 35.9558
 35254.7 6239.69 1435.93 152.495 42.3292
 26769 23595.8 3044.75 700.68 95.0671
 2409.19 1368.81 794.827 102.563 26.8049
 8340.1 3255.53 1389.44 806.809 131.318
 17377.9 2613.21 686.991 293.204 197.966
 8025.77 506.932 44.0605 11.5831 8.28146
 43648.8 6656.48 311.239 27.0516 12.1962
 25585.5 10317.2 1068.03 49.9382 6.2973
 30665.2 9476.49 2559.52 264.961 13.9511
 27375.3 597.509 79.8921 21.5782 2.35138
 91377 3645.26 51.2707 6.85533 2.05333
 14341.3 17794.1 486.335 6.84031 1.18855
 86483.7 5106.24 4465.2 122.039 2.01474
 124881 22561.7 897.271 784.626 21.7989
 85556.7 17121 1966.24 78.1968 70.2796
 78131.4 13466.1 1793.04 205.919 15.5495
 103063 27514.5 3306.8 440.308 54.3849
 17597.3 19204.8 3343.43 401.826 60.1127
 45325.5 2590.93 1826.08 317.91 43.9234
 50672.4 9381.14 361.256 254.613 50.4509
 13840.7 10449 1312.14 50.529 42.6694
 39230.8 2990.01 1552.36 194.939 13.8461
 30234.2 8907.85 474.384 246.291 33.1251
 14171.9 9491.65 1988.48 105.896 62.3736
 21354.2 4028.36 1897.21 397.462 33.634
 35831.9 4589.45 604.244 284.577 64.6633
F
 0.330983 0.428246 0.428246 0.428246 0.428246
 0.612352 0.792298 0.792298 0.792298 0.792298
 0.60762 0.786176 0.786176 0.786176 0.786176
 0.708758 0.917033 0.917033 0.917033 0.917033
 0.22336 0.288996 0.288996 0.288996 0.288996
 0.325014 0.420523 0.420523 0.420523 0.420523
 0.832165 1.0767 1.0767 1.0767 1.0767
 0.162407 0.210132 0.210132 0.210132 0.210132
 0.726512 0.940004 0.940004 0.940004 0.940004
 1.41831 1.8351 1.8351 1.8351 1.8351
 0.243037 0.314455 0.314455 0.314455 0.314455
 0.688237 0.890482 0.890482 0.890482 0.890482
 0.752943 0.974202 0.974202 0.974202 0.974202
 2.57603 3.33302 3.33302 3.33302 3.33302
 0.93533 1.21019 1.21019 1.21019 1.21019
 0.642903 0.831826 0.831826 0.831826 0.831826
 0.501325 0.648644 0.648644 0.648644 0.648644
 0.725852 0.939151 0.939151 0.939151 0.939151
 0.998145 1.29146 1.29146 1.29146 1.29146
 0.784626 1.0152 1.0152 1.0152 1.0152
 0.555158 0.718296 0.718296 0.718296 0.718296
 0.879893 1.13846 1.13846 1.13846 1.13846
 0.9252 1.19708 1.19708 1.19708 1.19708
 0.725162 0.938258 0.938258 0.938258 0.938258
 0.691896 0.895217 0.895217 0.895217 0.895217
 0.624328 0.807793 0.807793 0.807793 0.807793
 0.544955 0.705095 0.705095 0.705095 0.705095
 0.455926 0.589905 0.589905 0.589905 0.589905
 0.512814 0.66351 0.66351 0.66351 0.66351
 0.550793 0.712649 0.712649 0.712649 0.712649
 0.432913 0.560129 0.560129 0.560129 0.560129
YTP_r0W_actual
 469589 98974.5 25507.3 14885.7 3689.02
YTP_p0W_proyectada
 303824 281327 35499.7 6081.66 3900.96
 303824 142068 52255.4 6220.28 1045.84
CTP_r0_actual
 56577 7019.47 924.179 435.254 98.9012
CTP_p0_proyectada
 40295 16121.9 1474.85 194.178 110.665
 40295 8141.46 2170.98 198.604 29.6692
Wmedp
 7.54 17.45 24.07 31.32 35.25
Frms_r0
 0.776746 1.005 1.005 1.005 1.005
Zrms_r0
 1.77675 2.005 2.005 2.005 2.005
nmprior
 7.29 8.9 8.7 0
nm_flota  nm_reclas  nm_pelaces    nm_pelaL
inf 10.8655 11.6386 24.3037
cv_recla  cv_pelaces  cv_mph
0.35604 0.985083 0.55114
 ------------------------------------------------
Talla a la edad & desviaci?n 
 8 13.2811 15.8009 17.003 17.5766
 0.8 1.32811 1.58009 1.7003 1.75766
