    unsorted:	 2.025301421e-06 4.061053745e-05 1.785503797e-05 9.594175756e-05 0.001299873270 4.336895000 4.314440784 8.893971550 12.31262139 21.94312146 30.68092743 64.92520719 136.6660365 199.5315499 191.0746267 212.1512835 452.9030448 1035.900664 1021.602346 1079.169938 946.2350615 891.4062962 815.3261136 727.7707667 648.6294607 1165.464210 1221.001509 1355.433008 1410.151277 1667.490923 1734.569563 1889.046237 1996.203900 2193.900370 2122.353570 2240.028328 2306.325202 2451.963876 2710.094946 3080.333037 3776.893477 3943.152972 4244.120274 11490.08389 15960.39448 43019.87018 169228.0546 379859.8674 377278.9940 370713.3075 361912.8455 345741.7970 399314.2384 319464.0534 463622.3079 503557.0859 563294.4819 622381.2581 646311.4935 718800.9027 801033.4636 1011524.887 1065069.133 1200766.838 1269807.528 1577589.117 1687398.933 1981258.801 2103264.848 2166430.022 2496029.536 2617937.612 2834856.068 3307818.500 8653767.987 48909999.50
      sorted:	 2.025301421e-06 1.785503797e-05 4.061053745e-05 9.594175756e-05 0.001299873270 4.314440784 4.336895000 8.893971550 12.31262139 21.94312146 30.68092743 64.92520719 136.6660365 191.0746267 199.5315499 212.1512835 452.9030448 648.6294607 727.7707667 815.3261136 891.4062962 946.2350615 1021.602346 1035.900664 1079.169938 1165.464210 1221.001509 1355.433008 1410.151277 1667.490923 1734.569563 1889.046237 1996.203900 2122.353570 2193.900370 2240.028328 2306.325202 2451.963876 2710.094946 3080.333037 3776.893477 3943.152972 4244.120274 11490.08389 15960.39448 43019.87018 169228.0546 319464.0534 345741.7970 361912.8455 370713.3075 377278.9940 379859.8674 399314.2384 463622.3079 503557.0859 563294.4819 622381.2581 646311.4935 718800.9027 801033.4636 1011524.887 1065069.133 1200766.838 1269807.528 1577589.117 1687398.933 1981258.801 2103264.848 2166430.022 2496029.536 2617937.612 2834856.068 3307818.500 8653767.987 48909999.50
