years
 1997 1998 1999 2000 2001 2002 2003 2004 2005 2006 2007 2008 2009 2010 2011 2012 2013 2014 2015 2016 2017 2018 2019 2020 2021 2022
reclasobs
 0 0 0 370054 412103 1.49427e+06 250295 1.28982e+06 931140 785840 897777 1.04006e+06 184774 17550 25797 100020 73551 82996 120727 218422 84188 347160 605670 569463 516374 1.08416e+06
reclaspred
 489741 126367 323055 214835 347050 438133 946278 661277 749418 775978 661743 449571 271771 111273 67575.1 67587.2 79795.8 106974 119247 161036 242998 230198 394460 528489 683731 598480
pelacesobs
 0 0 0 0 0 0 0 0 0 2.06254e+06 1.5e+06 0 1.87456e+06 323000 250000 174000 83755 137374 0 501740 490994 745055 786931 1.00524e+06 1.33801e+06 1.41789e+06
pelacespred
 2.05375e+06 408127 671536 687877 1.00196e+06 910351 2.61648e+06 2.04671e+06 2.18813e+06 2.24069e+06 1.5973e+06 1.13064e+06 707994 227744 150382 152428 186602 263681 282597 389688 680954 592123 833294 1.28728e+06 1.56691e+06 1.50238e+06
mphobs
 0 0 0 0 0 0 112323 0 153150 637223 0 255016 313432 73983 77613 109348 50772 17779 17303 59886 28197 0 207744 136588 643089 65757
mphpred
 163402 89658.2 99322.7 95046.8 109201 186253 264245 332491 289076 312246 325263 224688 137656 71841.1 30895.6 25994.5 29195.1 37477.4 47713.7 55187.5 82795.8 101663 126594 180653 272228 275418
desembarqueobs
 350755 77701 442110 56441 14545 235359 269955 359681 431902 328805 639364 411747 362871 311530 167758 66681 60226 58785 57116 73181 50977 67692 138656 160484 209506 203330
desembarquepred
 350761 77699.3 442089 56444.4 14545.3 235444 270024 359674 431944 328809 639308 411792 362948 311646 167589 66674.7 60250.9 58778.4 57100.3 73176.5 50979 67681.3 138658 160493 209490 203313
Reclutas
 36064.4 43734.2 22217.9 32227.4 58926.3 41238.5 77584.4 75381.4 99204.5 115168 64633.5 44125.4 47241.3 25263.8 15016.6 13397.5 9630.96 11700.9 12818.8 19897.3 26113 33168.7 53902 76038.5 32836.9 34585.6
log_desv_Rt
 0.0284397 0.221264 -0.455967 -0.0840497 0.519422 0.162506 0.7945 0.765694 1.04032 1.18952 0.611866 0.230169 0.298401 -0.327496 -0.847713 -0.961795 -1.29188 -1.0972 -1.00595 -0.566285 -0.294432 -0.0552595 0.430302 0.774373 -0.0653146 -0.0134295
SSB
 440578 241743 267801 256272 294437 502189 712478 896487 779429 841901 876998 605821 371159 193703 83303 70088.4 78718.1 101049 128649 148801 223240 274113 341333 487090 734002 742602
BT
 1.52786e+06 370254 642604 464065 603347 710563 1.74946e+06 1.60889e+06 1.69671e+06 1.63733e+06 1.5051e+06 1.03433e+06 769123 421217 225997 144712 159189 203405 213342 289568 444043 406516 584664 889111 1.066e+06 1.04273e+06
Ftot
 1.00627 0.920414 1.5941 0.344409 0.060396 0.569792 0.361747 0.701165 0.784588 0.573914 1.06889 0.959134 1.58963 3.16381 3.58113 1.43396 1.04626 0.73315 0.580789 0.598617 0.277782 0.339504 0.410283 0.396584 0.322329 0.320971
BD_Bspro_t
 0.908114 0.634275 0.553982 0.370084 0.529567 0.710435 0.655345 0.676921 0.611172 0.584326 0.563148 0.400922 0.29356 0.198082 0.107363 0.110713 0.164938 0.264861 0.369534 0.463598 0.59234 0.700654 0.710289 0.720127 0.743728 0.687436
BD_Bspro
 0.608532 0.333899 0.369891 0.353967 0.40668 0.69363 0.984084 1.23824 1.07656 1.16285 1.21132 0.836769 0.51265 0.267546 0.115059 0.0968071 0.108727 0.139571 0.177692 0.205526 0.308343 0.378608 0.471454 0.672776 1.01381 1.02569
BD_Bo
 0.50233 0.275626 0.305337 0.292192 0.335705 0.572576 0.81234 1.02214 0.888676 0.959904 0.99992 0.690734 0.423181 0.220853 0.0949789 0.0799122 0.0897514 0.115213 0.146681 0.169657 0.25453 0.312533 0.389175 0.555362 0.836881 0.846686
BD_Brms
 0.913328 0.501139 0.555158 0.531258 0.610373 1.04105 1.47698 1.85844 1.61577 1.74528 1.81804 1.25588 0.76942 0.401551 0.172689 0.145295 0.163184 0.209478 0.266693 0.308467 0.462782 0.568241 0.707591 1.00975 1.5216 1.53943
S_f
 0.10051 0.679804 0.97581 0.998697 0.999931
 0.10051 0.679804 0.97581 0.998697 0.999931
 0.10051 0.679804 0.97581 0.998697 0.999931
 0.10051 0.679804 0.97581 0.998697 0.999931
 0.10051 0.679804 0.97581 0.998697 0.999931
 0.10051 0.679804 0.97581 0.998697 0.999931
 0.10051 0.679804 0.97581 0.998697 0.999931
 0.10051 0.679804 0.97581 0.998697 0.999931
 0.10051 0.679804 0.97581 0.998697 0.999931
 0.10051 0.679804 0.97581 0.998697 0.999931
 0.10051 0.679804 0.97581 0.998697 0.999931
 0.10051 0.679804 0.97581 0.998697 0.999931
 0.10051 0.679804 0.97581 0.998697 0.999931
 0.10051 0.679804 0.97581 0.998697 0.999931
 0.10051 0.679804 0.97581 0.998697 0.999931
 0.10051 0.679804 0.97581 0.998697 0.999931
 0.10051 0.679804 0.97581 0.998697 0.999931
 0.10051 0.679804 0.97581 0.998697 0.999931
 0.10051 0.679804 0.97581 0.998697 0.999931
 0.10051 0.679804 0.97581 0.998697 0.999931
 0.10051 0.679804 0.97581 0.998697 0.999931
 0.10051 0.679804 0.97581 0.998697 0.999931
 0.10051 0.679804 0.97581 0.998697 0.999931
 0.10051 0.679804 0.97581 0.998697 0.999931
 0.10051 0.679804 0.97581 0.998697 0.999931
 0.10051 0.679804 0.97581 0.998697 0.999931
Scru_reclas
 0.661575 1 1 1 1
 0.661575 1 1 1 1
 0.661575 1 1 1 1
 0.661575 1 1 1 1
 0.661575 1 1 1 1
 0.661575 1 1 1 1
 0.661575 1 1 1 1
 0.661575 1 1 1 1
 0.661575 1 1 1 1
 0.661575 1 1 1 1
 0.661575 1 1 1 1
 0.661575 1 1 1 1
 0.661575 1 1 1 1
 0.661575 1 1 1 1
 0.661575 1 1 1 1
 0.661575 1 1 1 1
 0.661575 1 1 1 1
 0.661575 1 1 1 1
 0.661575 1 1 1 1
 0.661575 1 1 1 1
 0.661575 1 1 1 1
 0.661575 1 1 1 1
 0.661575 1 1 1 1
 0.661575 1 1 1 1
 0.661575 1 1 1 1
 0.661575 1 1 1 1
Scru_pelaces
 0.910302 1 1 1 1
 0.910302 1 1 1 1
 0.910302 1 1 1 1
 0.910302 1 1 1 1
 0.910302 1 1 1 1
 0.910302 1 1 1 1
 0.910302 1 1 1 1
 0.910302 1 1 1 1
 0.910302 1 1 1 1
 0.910302 1 1 1 1
 0.910302 1 1 1 1
 0.910302 1 1 1 1
 0.910302 1 1 1 1
 0.910302 1 1 1 1
 0.910302 1 1 1 1
 0.910302 1 1 1 1
 0.910302 1 1 1 1
 0.910302 1 1 1 1
 0.910302 1 1 1 1
 0.910302 1 1 1 1
 0.910302 1 1 1 1
 0.910302 1 1 1 1
 0.910302 1 1 1 1
 0.910302 1 1 1 1
 0.910302 1 1 1 1
 0.910302 1 1 1 1
pf_obs 
 0.256992 0.487395 0.22802 0.0275931 0
 0.321318 0.546541 0.124235 0.00734118 0.000564706
 0.182869 0.594174 0.210203 0.0122559 0.00049798
 0.330522 0.361315 0.267642 0.0388342 0.00168674
 0.649043 0.306663 0.0425973 0.00169635 0
 0.582887 0.30429 0.105238 0.00758474 0
 0.465427 0.430635 0.0974691 0.00646863 0
 0.296916 0.608066 0.0921331 0.00288517 0
 0.311714 0.524322 0.152257 0.0117073 0
 0.15457 0.633149 0.183074 0.0267441 0.00246327
 0.131901 0.49318 0.331252 0.0422183 0.00144891
 0.196976 0.569456 0.194076 0.0375587 0.00193317
 0.518974 0.381816 0.0799577 0.0180837 0.00116848
 0.0928022 0.601141 0.25162 0.0475244 0.00691264
 0.122501 0.610282 0.24278 0.0234846 0.000952079
 0.383417 0.481906 0.127806 0.00687128 0
 0.0376549 0.599619 0.316969 0.0457579 0
 0.0361596 0.667082 0.258105 0.0386534 0
 0.158088 0.579412 0.248529 0.0139706 0
 0.0477256 0.309471 0.559284 0.082774 0.000745712
 0.0406174 0.521527 0.379366 0.0568643 0.0016247
 0.151134 0.462217 0.34131 0.0453401 0
 0.294876 0.26143 0.354403 0.0886775 0.000613685
 0.281977 0.475581 0.204845 0.0348837 0.00271318
 0.0841818 0.532909 0.334909 0.0458182 0.00218182
 0.115287 0.27431 0.454777 0.147771 0.00785563
pf_pred 
 0.301443 0.477035 0.197851 0.0236577 1.33473e-05
 0.281199 0.564645 0.121209 0.0295409 0.00340595
 0.154254 0.646588 0.17149 0.0219204 0.00574755
 0.260988 0.472404 0.229942 0.0317763 0.00489
 0.2804 0.489934 0.166709 0.054497 0.00846032
 0.142529 0.591052 0.200751 0.0479679 0.0177
 0.255066 0.392895 0.273419 0.059682 0.0189374
 0.199728 0.561315 0.150011 0.0695026 0.0194428
 0.247741 0.487372 0.209765 0.0350212 0.0201003
 0.235427 0.546687 0.16354 0.0433388 0.0110077
 0.135646 0.59488 0.215124 0.0411033 0.0132465
 0.14122 0.496242 0.28756 0.0603161 0.0146625
 0.233631 0.46331 0.21216 0.0726426 0.0182559
 0.220953 0.62308 0.11712 0.0275822 0.0112643
 0.29905 0.608506 0.0850983 0.00562286 0.00172292
 0.325319 0.613937 0.0579672 0.00257373 0.000203564
 0.205146 0.647399 0.140033 0.00709663 0.000325245
 0.244088 0.508364 0.218548 0.0275909 0.0014083
 0.221967 0.548131 0.17662 0.0472175 0.00606413
 0.273236 0.481561 0.193593 0.0399271 0.0116837
 0.24229 0.544532 0.161054 0.0414164 0.0107069
 0.217 0.512602 0.213976 0.0428961 0.0135251
 0.260227 0.469374 0.200079 0.0559588 0.0143614
 0.25137 0.520326 0.165629 0.0467116 0.015964
 0.0894105 0.616434 0.228202 0.0482112 0.0177425
 0.116275 0.331257 0.418838 0.104287 0.0293431
pobs_RECLAS
 0 0 0 0 0
 0 0 0 0 0
 0 0 0 0 0
 0 0 0 0 0
 0.835266 0.146461 0.0176864 0.000547809 3.91292e-05
 0.385257 0.428462 0.181853 0.0044286 0
 0.867414 0.0963971 0.0333333 0.00285562 0
 0.441836 0.489002 0.0689373 0.000224442 0
 0.779404 0.147425 0.0564933 0.0165055 0.000172143
 0.814271 0.122319 0.05973 0.00367925 0
 0.40263 0.566651 0.0304383 0.000280538 0
 0.475488 0.404961 0.113038 0.00651328 0
 0.955842 0.0263864 0.0167828 0.000988607 0
 0.975058 0.0227948 0.00214734 0 0
 0.738997 0.206755 0.0527124 0.00153531 0
 0.850938 0.134255 0.0134407 0.00136685 0
 0.542534 0.407297 0.0501686 0 0
 0.764087 0.199537 0.0359546 0.000420521 0
 0.470689 0.182191 0.310203 0.0369168 0
 0.84361 0.089868 0.0606195 0.00523954 0.000663233
 0.607945 0.314616 0.071237 0.00620181 0
 0.523733 0.453247 0.0230204 0 0
 0.530135 0.295979 0.169645 0.0042399 0
 0.562478 0.366248 0.0663022 0.0049721 0
 0.250443 0.683176 0.0655157 0.000865301 0
 0.195077 0.31981 0.436473 0.0351445 0.0134964
ppred_RECLAS
 0.694361 0.233132 0.0649385 0.00756344 4.26118e-06
 0.663564 0.284348 0.0411816 0.00978023 0.00112606
 0.495728 0.420798 0.072173 0.00895663 0.00234472
 0.643461 0.256748 0.0863482 0.0116514 0.00179074
 0.65964 0.257043 0.0608645 0.0194389 0.00301403
 0.458403 0.41434 0.0964747 0.0224935 0.00828919
 0.645952 0.219163 0.105324 0.0224472 0.00711355
 0.560889 0.341044 0.0621416 0.0280807 0.00784487
 0.633313 0.268203 0.0784053 0.0127629 0.00731533
 0.608488 0.307911 0.0631344 0.0163254 0.00414109
 0.453372 0.419985 0.101645 0.0189115 0.00608603
 0.473061 0.353827 0.138051 0.0282114 0.00684849
 0.636844 0.25585 0.0757898 0.0251947 0.00632173
 0.647377 0.309759 0.0325262 0.00734444 0.00299262
 0.739686 0.240884 0.017951 0.00113276 0.000346237
 0.707948 0.274322 0.0169415 0.000731007 5.77291e-05
 0.565148 0.377336 0.0546934 0.00269933 0.000123538
 0.625618 0.281371 0.0823547 0.0101392 0.000516832
 0.591136 0.317989 0.070211 0.0183148 0.00234909
 0.659378 0.252901 0.0696176 0.014009 0.00409401
 0.613194 0.304702 0.06239 0.0156684 0.00404548
 0.584876 0.304631 0.0878752 0.0172014 0.00541669
 0.643983 0.25526 0.0750228 0.0204844 0.00525043
 0.628122 0.285913 0.0627797 0.0172858 0.00589996
 0.33106 0.503657 0.128914 0.0265945 0.0097748
 0.425623 0.267584 0.233933 0.0568776 0.0159833
pobs_PELACES
 0 0 0 0 0
 0 0 0 0 0
 0 0 0 0 0
 0 0 0 0 0
 0 0 0 0 0
 0 0 0 0 0
 0 0 0 0 0
 0 0 0 0 0
 0 0 0 0 0
 0 0 0 0 0
 0.450072 0.473896 0.0757376 0.000293798 0
 0 0 0 0 0
 0.463077 0.371075 0.160297 0.00555027 0
 0.529543 0.364841 0.0842815 0.0213345 0
 0.631943 0.363953 0.00410389 0 0
 0.735681 0.248677 0.0153453 0.000297389 0
 0.695825 0.281241 0.0229344 0 0
 0.275771 0.60734 0.115278 0.00161068 0
 0 0 0 0 0
 0.896147 0.0623911 0.0374545 0.00400742 0
 0.803859 0.145111 0.0509908 3.86294e-05 0
 0.739449 0.233085 0.0266225 0.000797448 4.60066e-05
 0.878498 0.100942 0.0204185 0.000141795 0
 0.694673 0.275183 0.0284847 0.00165964 0
 0.469039 0.446079 0.0841089 0.000773354 0
 0.822795 0.102175 0.0682046 0.00682512 0
ppred_PELACES
 0.794904 0.160023 0.0404011 0.00466992 2.62992e-06
 0.766372 0.200163 0.0264967 0.00624912 0.000719233
 0.652762 0.296915 0.043582 0.00534377 0.00139802
 0.728062 0.197676 0.0642819 0.00865137 0.00132946
 0.729849 0.20432 0.0480959 0.0153539 0.00238058
 0.568159 0.334709 0.0737143 0.017113 0.00630494
 0.731676 0.168363 0.0781018 0.0166 0.00525979
 0.671124 0.259369 0.044131 0.0198367 0.00554017
 0.738062 0.195521 0.0529408 0.00856684 0.0049087
 0.707186 0.233052 0.04518 0.0116322 0.00294992
 0.589044 0.323279 0.0704835 0.0130083 0.00418445
 0.604661 0.273621 0.0972099 0.0197218 0.00478573
 0.77366 0.166694 0.0422775 0.0138866 0.00348209
 0.827053 0.157082 0.0121093 0.00266971 0.00108642
 0.888 0.105987 0.00556687 0.000341913 0.000104356
 0.815584 0.17461 0.0093741 0.000400125 3.15802e-05
 0.688738 0.273621 0.0358074 0.00175332 8.02087e-05
 0.729135 0.207159 0.0564431 0.00691066 0.000352158
 0.692406 0.242248 0.0505376 0.0131253 0.00168307
 0.751957 0.186941 0.0485375 0.00972302 0.00284079
 0.698216 0.239111 0.0476491 0.0119413 0.00308283
 0.676062 0.239831 0.0669259 0.0130671 0.00411423
 0.731388 0.194799 0.0550039 0.0149719 0.00383686
 0.716698 0.219783 0.0464254 0.0127445 0.00434925
 0.421942 0.438647 0.108794 0.0223893 0.0082281
 0.524408 0.225346 0.190926 0.0463086 0.0130116
pobs_pel_tallas
 0 0 0 0 0 0 0 0 0 0 0 0 0 0 0 0 0 0 0 0 0 0 0 0 0 0 0 0 0 0 0 0 0 0 0 0
 0 0 0 0 0 0 0 0 0 0 0 0 0 0 0 0 0 0 0 0 0 0 0 0 0 0 0 0 0 0 0 0 0 0 0 0
 0 0 0 0 0 0 0 0 0 0 0 0 0 0 0 0 0 0 0 0 0 0 0 0 0 0 0 0 0 0 0 0 0 0 0 0
 0 0 0 0 0 0 0 0 0 0 0 0 0 0 0 0 0 0 0 0 0 0 0 0 0 0 0 0 0 0 0 0 0 0 0 0
 0 0 0 0 0 0 0 0 0 0 0 0 0 0 0 0 0 0 0 0 0 0 0 0 0 0 0 0 0 0 0 0 0 0 0 0
 0 0 0 0 0 0 0 0 0 0 0 0 0 0 0 0 0 0 0 0 0 0 0 0 0 0 0 0 0 0 0 0 0 0 0 0
 0 0 0 0 0 0 0 0 0 0 0 0 0 0 0 0 0 0 0 0 0 0 0 0 0 0 0 0 0 0 0 0 0 0 0 0
 0 0 0 0 0 0 0 0 0 0 0 0 0 0 0 0 0 0 0 0 0 0 0 0 0 0 0 0 0 0 0 0 0 0 0 0
 0 0 0 0 0 0 0 0 0 0 0 0 0 0 0 0 0 0 0 0 0 0 0 0 0 0 0 0 0 0 0 0 0 0 0 0
 0 0 0 0 0 0 0 0 0 0 0 0 0 0 0 0 0 0 0 0 0 0 0 0 0 0 0 0 0 0 0 0 0 0 0 0
 0 0 0 0 0 0 0 0 1.78061e-05 0.00172719 0.00360574 0.0105946 0.0120993 0.0124554 0.0147524 0.0171206 0.0266825 0.0428682 0.0675386 0.121331 0.153587 0.119568 0.100827 0.0573624 0.0630603 0.0341343 0.0324427 0.0444173 0.0211091 0.0280891 0.0125444 0.00206551 0 0 0 0
 0 0 0 0 0 0 0 0 0 0 0 0 0 0 0 0 0 0 0 0 0 0 0 0 0 0 0 0 0 0 0 0 0 0 0 0
 0 0 0 0 0 0 0.0133647 0.0140871 0.0187388 0.0205184 0.03894 0.0496705 0.03968 0.0493445 0.0407372 0.0367815 0.0215668 0.0243155 0.0234873 0.0199281 0.019796 0.0243948 0.0301388 0.0376714 0.0412746 0.0863199 0.0771752 0.113111 0.0741005 0.0525337 0.0229764 0.00759418 0.00175318 0 0 0
 0 0 0 0 0 0 0 0 0 0 0.00219441 0.00772107 0.0458388 0.0604681 0.0671733 0.0775358 0.0609151 0.0617685 0.073594 0.0568108 0.0755445 0.0548602 0.0670107 0.0636378 0.0643287 0.046367 0.0373049 0.0286899 0.0247887 0.0153202 0.00654259 0.00121912 0.000365735 0 0 0
 0 0 0 0 0 0 0 0 0 0 0 0 0.000112435 0.00938835 0.0111873 0.0202946 0.0414886 0.0713402 0.111592 0.104902 0.108894 0.110636 0.117776 0.105296 0.107544 0.0401394 0.0192827 0.0124803 0.00416011 0.0028671 0.000618394 0 0 0 0 0
 0 0 0 0 0 0 0 0 0 0 0.00291406 0.0102884 0.027416 0.0768956 0.0749926 0.110853 0.0956884 0.0897413 0.0766577 0.0534642 0.0500743 0.0551293 0.0594112 0.0620874 0.0668451 0.0424026 0.0208742 0.0120726 0.0048766 0.00582813 0.00118941 0.000297354 0 0 0 0
 0 0.00264628 0.0354308 0.0461629 0.0458689 0.0383711 0.0214643 0.0164657 0.0346957 0.0420465 0.0363128 0.0245516 0.0311673 0.0291091 0.0169068 0.0133784 0.00837989 0.0085269 0.0148486 0.0160247 0.0276389 0.0546898 0.0760071 0.122758 0.109233 0.0665981 0.0333725 0.0166128 0.00676272 0.00308733 0.000882094 0 0 0 0 0
 0 0 0 0 0 0 0 0.000805153 0.000690131 0.00759144 0.0133425 0.0154129 0.00931677 0.000345066 0.00356568 0.00563607 0.00851162 0.0253048 0.0502646 0.0516448 0.0657925 0.0565908 0.0611916 0.0827007 0.0866115 0.110766 0.145733 0.0935128 0.0569358 0.0249597 0.0138026 0.00621118 0.00161031 0.00115022 0 0
 0 0 0 0 0 0 0 0 0 0 0 0 0 0 0 0 0 0 0 0 0 0 0 0 0 0 0 0 0 0 0 0 0 0 0 0
 0.00147267 0.00158595 0.00478618 0.00569244 0.00954404 0.0108468 0.00647125 0.017049 0.0510054 0.094081 0.124002 0.0959785 0.0687766 0.0820023 0.061753 0.0591476 0.0492212 0.0479892 0.0443925 0.0268479 0.0217502 0.0140895 0.0121071 0.0120363 0.00920419 0.00665534 0.0049561 0.00860946 0.00930331 0.0156896 0.0114698 0.00855282 0.00243557 0.00046729 0 2.83206e-05
 0 0 0 0 0.000772559 0.00158375 0.000888443 0.00281984 0.00712685 0.0440552 0.0773331 0.111326 0.0921469 0.0852325 0.0710754 0.0886704 0.0786465 0.0553345 0.0373146 0.0185414 0.00753245 0.00457741 0.012979 0.0271748 0.0457355 0.0583668 0.034881 0.0177882 0.00938659 0.00492506 0.0015258 0.00185414 0.000309023 5.79419e-05 3.86279e-05 0
 0 0.00173294 0.00326652 0 0.00397197 0.00683976 0.00946217 0.0152591 0.00757587 0.0136028 0.0228656 0.0392903 0.0559909 0.0764795 0.0681675 0.0726916 0.0566044 0.0477403 0.0527397 0.0444891 0.0609904 0.0582453 0.0661739 0.0445044 0.0529084 0.0360697 0.0280645 0.0235558 0.0158879 0.00826598 0.00280645 0.00217768 0.000904811 0.00058276 9.20147e-05 0
 0 0 0 0 0 0 0 0 0 0 0 0 0 0 0 0 0 0 0 0 0 0 0 0 0 0 0 0 0 0 0 0 0 0 0 0
 0 0 0 0 0 0 0 0 0 0 0 0 0 0 0 0 0 0 0 0 0 0 0 0 0 0 0 0 0 0 0 0 0 0 0 0
 0 0 0 0 0 0 0 0 0 0 0 0 0 0 0 0 0 0 0 0 0 0 0 0 0 0 0 0 0 0 0 0 0 0 0 0
 0 0 0 0 0 0 0 0 0 0 0 0 0 0 0 0 0 0 0 0 0 0 0 0 0 0 0 0 0 0 0 0 0 0 0 0
ppred_pel_tallas
 1.00787e-16 3.46807e-05 0.000203553 0.000967608 0.00372536 0.0116172 0.0293441 0.0600418 0.0995251 0.133657 0.14544 0.128274 0.0917911 0.0535061 0.0258479 0.0111816 0.00570966 0.00496434 0.00620594 0.00822929 0.0105402 0.0128412 0.0148619 0.0163533 0.017132 0.0171199 0.0163597 0.0149985 0.0132466 0.0113266 0.00942872 0.0076851 0.00616453 0.00488393 0.00382741 0.00296473
 1.0069e-16 3.34382e-05 0.000196254 0.000932903 0.00359172 0.0112005 0.0282915 0.0578883 0.0959569 0.128869 0.14024 0.123713 0.0885819 0.0517454 0.0252025 0.011252 0.00625066 0.00590149 0.00756007 0.0100413 0.0128228 0.0155531 0.0178976 0.0195494 0.0202885 0.0200315 0.0188508 0.0169512 0.0146156 0.0121383 0.00976589 0.00766375 0.0059093 0.00450797 0.00341976 0.00258565
 1.00965e-16 2.84882e-05 0.000167185 0.000794682 0.00305951 0.00954073 0.0240993 0.0493115 0.0817436 0.109793 0.119511 0.105499 0.0756987 0.0445392 0.0222892 0.0109641 0.00751631 0.00832515 0.0111411 0.0149031 0.0190513 0.0231148 0.026606 0.0290703 0.0301794 0.0298081 0.0280617 0.0252422 0.0217685 0.0180767 0.0145341 0.0113879 0.00875592 0.00664943 0.00501185 0.00375765
 1.01337e-16 3.17677e-05 0.000186447 0.000886278 0.0034122 0.0106406 0.0268774 0.054995 0.0911613 0.12243 0.133236 0.117541 0.0841782 0.0492048 0.0240257 0.0108323 0.00617245 0.00597389 0.00773357 0.0103324 0.0132765 0.0162285 0.0188602 0.0208632 0.0220056 0.0221814 0.0214309 0.0199205 0.0178948 0.0156156 0.0133089 0.0111343 0.00917958 0.00747387 0.00601002 0.00476514
 1.01389e-16 3.18459e-05 0.000186906 0.000888456 0.00342059 0.0106668 0.0269435 0.0551302 0.0913855 0.122732 0.133565 0.117834 0.0843938 0.049342 0.0241132 0.0109057 0.00625951 0.00609205 0.00789152 0.0105308 0.0135069 0.0164723 0.0190889 0.0210418 0.0220982 0.0221587 0.0212765 0.0196361 0.017501 0.0151483 0.012813 0.010656 0.00875836 0.00713728 0.00577107 0.00462288
 1.02039e-16 2.48007e-05 0.000145532 0.000691736 0.00266312 0.00830461 0.020977 0.0429234 0.0711565 0.09558 0.104059 0.0919053 0.0660452 0.0390617 0.0199242 0.0104245 0.00794843 0.00937465 0.0127546 0.0171426 0.0219907 0.0267929 0.0310066 0.0341178 0.0357477 0.0357376 0.0341815 0.0313897 0.0278023 0.0238816 0.0200193 0.0164822 0.0134036 0.0108084 0.00865512 0.00687551
 1.0198e-16 3.19241e-05 0.000187368 0.000890662 0.0034291 0.0106933 0.0270105 0.055267 0.0916113 0.123032 0.133884 0.118097 0.0845425 0.0493492 0.0239689 0.010593 0.00574237 0.00532 0.00681572 0.00912395 0.0117827 0.0144995 0.016996 0.0190072 0.0203268 0.0208487 0.0205838 0.0196465 0.0182156 0.0164876 0.0146349 0.0127835 0.0110092 0.00934901 0.00781759 0.0064216
 1.01652e-16 2.92874e-05 0.00017188 0.000817011 0.00314549 0.00980888 0.0247766 0.050697 0.084039 0.112871 0.122851 0.108423 0.0777418 0.045631 0.0226317 0.0107968 0.00697552 0.00743448 0.00986423 0.0131979 0.0169071 0.020575 0.0237779 0.0261196 0.0273113 0.0272367 0.0259764 0.0237784 0.0209897 0.0179718 0.0150275 0.0123595 0.0100633 0.00814883 0.00657423 0.00527824
 1.0134e-16 3.22037e-05 0.000189007 0.000898448 0.00345906 0.0107868 0.0272465 0.0557502 0.0924129 0.12411 0.135063 0.119149 0.0853225 0.0498582 0.0243154 0.0109126 0.00614667 0.00588599 0.00759093 0.0101268 0.0129956 0.0158607 0.0183976 0.0203035 0.0213533 0.0214484 0.0206363 0.0190895 0.0170571 0.0148026 0.0125508 0.0104574 0.00860328 0.00700907 0.00565836 0.00451973
 1.01255e-16 3.08588e-05 0.000181108 0.000860887 0.00331443 0.0103357 0.0261073 0.0534196 0.088551 0.118928 0.129434 0.114209 0.0818399 0.0479347 0.0235852 0.0109364 0.00665021 0.00677978 0.00889006 0.0118723 0.0152051 0.018502 0.021379 0.0234778 0.0245367 0.0244493 0.0232863 0.0212698 0.0187129 0.0159428 0.0132361 0.0107802 0.00866672 0.00690984 0.00547555 0.00431044
 1.01749e-16 2.5711e-05 0.000150877 0.000717149 0.00276097 0.00860976 0.0217478 0.0445004 0.07377 0.0990883 0.107873 0.0952595 0.0684251 0.0404078 0.0204975 0.0105402 0.00781457 0.0090759 0.012302 0.0165203 0.0211824 0.025794 0.0298293 0.0327912 0.0343137 0.034245 0.0326782 0.0299163 0.0263887 0.0225468 0.0187733 0.0153298 0.0123476 0.00985145 0.00780022 0.00612533
 1.02371e-16 2.639e-05 0.000154868 0.000736132 0.00283408 0.00883775 0.0223236 0.0456782 0.0757208 0.101704 0.110707 0.0977318 0.070134 0.041283 0.0206949 0.0102427 0.00711269 0.00796338 0.0107266 0.0144374 0.0185953 0.0227789 0.026544 0.029465 0.0312178 0.0316495 0.0308052 0.0289027 0.0262661 0.0232435 0.0201359 0.0171568 0.014425 0.011984 0.00983202 0.00794888
 1.01295e-16 3.37547e-05 0.000198115 0.000941756 0.00362582 0.0113068 0.0285601 0.0584376 0.0968664 0.130088 0.141558 0.124857 0.0893613 0.05212 0.0252349 0.0110139 0.00576709 0.00515103 0.00650174 0.00864443 0.0110911 0.0135404 0.0157141 0.0173545 0.0182705 0.0183789 0.01772 0.0164399 0.0147492 0.0128696 0.0109894 0.00923751 0.00767967 0.006331 0.00517643 0.00418959
 1.00366e-16 3.60824e-05 0.000211782 0.00100673 0.003876 0.012087 0.0305307 0.0624696 0.103549 0.13906 0.151316 0.133449 0.0954779 0.055622 0.026807 0.0114865 0.00570114 0.00479393 0.00590764 0.00778505 0.00991387 0.0119928 0.0137544 0.0149585 0.0154355 0.0151259 0.0140939 0.012509 0.0106022 0.00861169 0.00673591 0.00510595 0.00378035 0.0027579 0.00199947 0.00144999
 1.00131e-16 3.87379e-05 0.000227377 0.00108088 0.00416152 0.0129774 0.0327797 0.0670707 0.111174 0.149294 0.162436 0.143221 0.102391 0.0594912 0.0283757 0.0116509 0.005038 0.00351768 0.0040209 0.00522346 0.00663232 0.0080088 0.00916562 0.00993994 0.0102182 0.0099621 0.00921777 0.00810299 0.00677724 0.00540467 0.00412191 0.00301894 0.00213542 0.00146929 0.000991782 0.000662585
 1.00206e-16 3.5583e-05 0.000208849 0.000992783 0.00382229 0.0119195 0.0301076 0.061604 0.102115 0.137136 0.149226 0.131617 0.0941908 0.0549196 0.026557 0.0115308 0.00594397 0.00520881 0.00650632 0.00858662 0.0109246 0.0131947 0.0151007 0.0163763 0.0168343 0.0164116 0.0151843 0.0133461 0.01116 0.00889653 0.00678081 0.00496137 0.00350374 0.00240477 0.0016172 0.00107469
 1.00662e-16 3.0056e-05 0.000176391 0.000838455 0.00322805 0.0100663 0.0254269 0.0520277 0.0862451 0.115835 0.126078 0.111273 0.0797913 0.0468452 0.0232543 0.011126 0.00722664 0.00772234 0.0102371 0.0136658 0.017452 0.0211508 0.0243103 0.0265114 0.0274532 0.0270237 0.0253247 0.0226407 0.0193646 0.0159047 0.0126046 0.00969555 0.00728665 0.00538634 0.00393843 0.00285847
 1.01123e-16 3.18149e-05 0.000186723 0.000887589 0.00341725 0.0106564 0.0269172 0.0550764 0.0912965 0.122612 0.133436 0.117722 0.0843178 0.0493061 0.0241116 0.010932 0.00631244 0.00617545 0.00801195 0.0106946 0.0137179 0.0167291 0.0193841 0.0213612 0.0224213 0.0224606 0.0215308 0.019818 0.0175899 0.015131 0.0126849 0.0104216 0.00843107 0.00673749 0.00532393 0.00415541
 1.01327e-16 3.02147e-05 0.000177326 0.000842905 0.00324519 0.0101198 0.0255619 0.0523037 0.0867017 0.116445 0.126735 0.111837 0.0801582 0.0469866 0.0231875 0.0108681 0.00676653 0.00702387 0.00925719 0.0123763 0.0158588 0.0193082 0.0223257 0.0245388 0.0256739 0.0256179 0.0244416 0.0223726 0.0197333 0.0168616 0.0140439 0.0114751 0.00925221 0.00739262 0.00586431 0.00461517
 1.01217e-16 3.28092e-05 0.000192563 0.000915354 0.00352416 0.0109898 0.0277593 0.0567993 0.0941515 0.126444 0.137599 0.12138 0.0869038 0.05075 0.0246901 0.0109785 0.00603999 0.00566073 0.00725213 0.00966213 0.0123935 0.0151192 0.017528 0.0193303 0.0203115 0.0203786 0.0195782 0.0180773 0.0161157 0.0139469 0.0117871 0.00978539 0.00801909 0.00650711 0.00523249 0.00416368
 1.01309e-16 3.04679e-05 0.000178813 0.000849974 0.00327241 0.0102047 0.0257763 0.0527424 0.0874287 0.117421 0.127796 0.112769 0.0808201 0.0473607 0.0233463 0.0108989 0.00672701 0.00693696 0.00912524 0.012194 0.0156206 0.0190119 0.0219741 0.0241397 0.0252399 0.0251644 0.0239847 0.0219279 0.0193135 0.0164768 0.0137007 0.0111775 0.00900162 0.00718833 0.00570385 0.00449455
 1.0167e-16 2.9502e-05 0.000173141 0.000823013 0.0031686 0.00988096 0.0249586 0.0510693 0.0846557 0.113698 0.123747 0.109202 0.0782771 0.0458981 0.0226774 0.0106755 0.0067119 0.00702312 0.00928682 0.0124417 0.0159793 0.0195111 0.0226436 0.0250058 0.0263204 0.0264654 0.0254964 0.0236231 0.0211483 0.0183932 0.0156324 0.0130565 0.0107654 0.00878625 0.0071012 0.00567432
 1.01539e-16 3.19126e-05 0.000187298 0.000890324 0.00342779 0.0106892 0.0270002 0.0552461 0.0915774 0.122988 0.133842 0.118074 0.0845543 0.0494136 0.0241069 0.0108337 0.00612347 0.00588373 0.00759917 0.0101466 0.0130332 0.0159256 0.0185016 0.0204598 0.0215748 0.0217459 0.0210164 0.0195532 0.0175981 0.0154079 0.0132015 0.0111302 0.00927351 0.00765289 0.00625521 0.00505404
 1.01372e-16 3.1273e-05 0.000183541 0.000872457 0.00335899 0.0104747 0.0264582 0.0541375 0.0897405 0.120524 0.131167 0.115729 0.0829096 0.0485212 0.0237995 0.0109114 0.00646707 0.00646262 0.00843091 0.0112562 0.0144263 0.0175729 0.0203335 0.0223702 0.0234347 0.0234238 0.0224002 0.0205684 0.0182179 0.0156523 0.0131282 0.0108197 0.00881297 0.00712275 0.00572039 0.00456009
 1.02842e-16 1.84293e-05 0.000108117 0.000513836 0.00197813 0.00616845 0.0155814 0.0318844 0.0528624 0.0710243 0.077372 0.0684461 0.0494289 0.0297211 0.0160586 0.00986063 0.00927426 0.0120459 0.0167397 0.0225834 0.029005 0.0353769 0.0409946 0.0451835 0.0474426 0.0475566 0.0456391 0.0420856 0.0374628 0.0323681 0.0273099 0.0226375 0.0185297 0.015027 0.0120853 0.00962582
 1.04983e-16 2.28888e-05 0.000134317 0.000638438 0.00245795 0.00766481 0.0193608 0.0396158 0.0656713 0.0882061 0.0960157 0.0847641 0.0608332 0.0358195 0.0179807 0.00894913 0.00629803 0.00715058 0.00974308 0.0132771 0.0173621 0.0216742 0.025858 0.0295504 0.0324427 0.0343354 0.0351643 0.0349891 0.033954 0.0322385 0.0300151 0.0274285 0.024595 0.0216138 0.0185807 0.0155945
pSPR Fmed_Fpbrs
0.518957   0.6 0.325
Fs Fmed_Fpbrs
0.64   0.452572 1.55607
SSBpbr Bo_Bmed_Bpbrs
877068  411307  482388 241194
Ro
35053.2
SPR SPRFo_SPRFmed_SPRFpbrs
724001 375725 235300
log_Ro
10.2846
likeval ReclasPelacesDesembMPH_pf_preclas_ppelaces_ptallas_desvR_qrecl_qpela
 64.489 15.2228 0.0087187 0.000571141 329.701 197.608 55.5772 0 16.1492 4.884e-06 6.63209e-05 1.05987e-14 0 0 0
q_reclas_q_pelaces
0.731131 3.18551
M
0.7
N
 36064.4 10721.5 3466.06 408.37 0.230215
 43734.2 16186.3 2686.35 644.737 74.2751
 22217.9 19798.8 4299.35 543.37 142.387
 32227.4 9399.68 3326.57 450.645 69.2754
 58926.3 15459.1 3693.39 1180.41 183.031
 41238.5 29084.9 7367.97 1729.12 637.428
 77584.4 19338.6 9804.79 2098.31 665.107
 75381.4 37151.6 7509.62 3420.8 956.08
 99204.5 34886 11454.2 1881.34 1078.85
 115168 45527.9 10162.7 2645.19 671.214
 64633.5 53984.9 15304.9 2882.59 928.275
 44125.4 28826.6 12962.6 2678.2 650.535
 47241.3 19898.3 7457.91 2524.74 634.116
 25263.8 19995.2 3353.48 785.135 320.542
 15016.6 9128.26 1155.72 75.9803 23.2753
 13397.5 5202.88 397.288 17.4262 1.3774
 9630.96 5760.03 974.726 48.686 2.22961
 11700.9 4305.2 1404.52 174.375 8.89258
 12818.8 5397.72 1298.78 341.051 43.7595
 19897.3 6004.69 1806.07 365.929 106.98
 26113 9303.72 1984.96 500.083 129.14
 33168.7 12610.3 3825.07 751.665 236.748
 53902 15918.5 4971.48 1363.81 349.652
 76038.5 25685.6 5980.9 1654.27 564.772
 32836.9 36284.1 9740.88 2016.94 741.473
 34585.6 15786.5 14472.6 3531.77 992.666
pred_Ctot
 2509.53 3971.33 1647.12 196.951 0.111117
 2794.02 5610.37 1204.34 293.522 33.8419
 2387.5 10007.7 2654.27 339.279 88.959
 790.155 1430.23 696.16 96.2044 14.8047
 256.561 448.281 152.536 49.8638 7.74105
 1656.22 6868.16 2332.77 557.397 205.678
 1996.45 3075.26 2140.1 467.142 148.227
 3704.06 10409.9 2782.03 1288.96 360.575
 5434.74 10691.6 4601.65 768.266 440.944
 4657.98 10816.4 3235.68 857.47 217.79
 4764.33 20894.1 7555.85 1443.68 465.259
 2932.64 10305.2 5971.61 1252.55 304.489
 5063.2 10040.7 4597.88 1574.29 395.637
 5040.31 14213.5 2671.72 629.196 256.957
 3332.58 6781.14 948.327 62.6606 19.2001
 1304.04 2460.97 232.361 10.3168 0.815986
 695.583 2195.12 474.806 24.0624 1.1028
 600.339 1250.33 537.523 67.8603 3.46374
 524.513 1295.25 417.357 111.576 14.3297
 838.477 1477.76 594.077 122.524 35.8538
 517.907 1163.96 344.261 88.5294 22.8866
 801.826 1894.09 790.653 158.503 49.9759
 1569.78 2831.43 1206.95 337.563 86.6327
 2141.81 4433.47 1411.25 398.009 136.022
 754.219 5199.91 1924.99 406.684 149.666
 791.085 2253.73 2849.6 709.526 199.638
F
 0.101141 0.684068 0.98193 1.00496 1.0062
 0.092511 0.625701 0.898148 0.919214 0.92035
 0.160224 1.08368 1.55554 1.59203 1.59399
 0.0346167 0.234131 0.336078 0.34396 0.344386
 0.00607041 0.0410574 0.058935 0.0603173 0.0603918
 0.0572699 0.387347 0.556008 0.56905 0.569753
 0.0363593 0.245917 0.352996 0.361275 0.361722
 0.0704742 0.476655 0.684203 0.700251 0.701116
 0.0788592 0.533366 0.765609 0.783566 0.784535
 0.0576842 0.390149 0.560031 0.573166 0.573874
 0.107434 0.726634 1.04303 1.0675 1.06881
 0.0964028 0.652023 0.935932 0.957885 0.959068
 0.159774 1.08064 1.55117 1.58756 1.58952
 0.317996 2.15077 3.08728 3.15969 3.1636
 0.359941 2.43447 3.4945 3.57647 3.58089
 0.144128 0.974811 1.39927 1.43209 1.43386
 0.10516 0.711251 1.02095 1.0449 1.04619
 0.0736891 0.498398 0.715415 0.732194 0.733099
 0.0583753 0.394823 0.56674 0.580032 0.580749
 0.0601672 0.406942 0.584137 0.597837 0.598576
 0.0279199 0.188837 0.271062 0.27742 0.277763
 0.0341237 0.230796 0.331292 0.339062 0.339481
 0.0412376 0.278912 0.400358 0.409748 0.410255
 0.0398607 0.269599 0.38699 0.396067 0.396557
 0.0323974 0.219121 0.314532 0.321909 0.322307
 0.0322609 0.218198 0.313207 0.320553 0.320949
Np
 23277.2 11045.1 6070.95 2012.41 2184.83
YTP_r0W_actual
 9980.79 77732.1 134526 39239 11999.9
YTP_p0W_proyectada
 6120.3 69632.7 52111.3 56544 20697.4
 6120.3 46249.3 50196.3 21656.4 26118.1
CTP_r0_actual
 1108.98 3060.32 3810.94 947.802 266.665
CTP_p0_proyectada
 746.378 3223.74 1659.6 1410.07 465.109
 746.378 2141.17 1598.61 540.06 586.923
Wmedp
 8.2 21.6 31.4 40.1 44.5
nmprior
 10.8 10.6 4.6 0
nm_flota  nm_reclas  nm_pelaces    nm_pelaL
inf 21.9072 16.7033 51.5138
cv_recla  cv_pelaces  cv_mph
0.71042 0.427403 0.650436
 ------------------------------------------------
Talla a la edad & desviaci?n 
 7.2 14.2025 17.0495 18.207 18.6776
 1.08 2.13037 2.55742 2.73105 2.80164
