years
 1997 1998 1999 2000 2001 2002 2003 2004 2005 2006 2007 2008 2009 2010 2011 2012 2013 2014 2015 2016 2017 2018 2019 2020
reclasobs
 0 0 0 370054 412103 1.49427e+06 250295 1.28982e+06 931140 785840 897777 1.04006e+06 184774 17550 25797 100020 73551 82996 120727 218422 84188 347160 605670 569463
reclaspred
 490893 126288 319206 217536 351345 433552 955539 658098 748846 765271 644128 443240 274025 112637 68020.2 65727.1 77720.9 105880 116415 159039 238409 226755 387291 454740
pelacesobs
 0 0 0 0 0 0 0 0 0 2.06254e+06 1.5e+06 0 1.87456e+06 323000 250000 174000 83755 137374 0 501740 490994 745055 786931 1.00524e+06
pelacespred
 2.01645e+06 440212 676043 732735 1.04853e+06 1.00491e+06 2.66072e+06 2.15114e+06 2.23362e+06 2.30248e+06 1.66515e+06 1.18867e+06 726418 233271 146671 153125 189151 270730 297166 401506 699862 635120 873220 1.16904e+06
mphobs
 0 0 0 0 0 0 112323 0 153150 637223 0 255016 313432 73983 77613 109348 50772 17779 17303 59886 28197 0 207744 136588
mphpred
 170674 93768.2 103782 99970.6 115949 196242 280541 348241 302077 324371 335801 233081 144465 76094.5 32457.4 26662.4 29867.3 38659.4 49649 57098.2 85776.4 105249 132758 181211
desembarqueobs
 350755 77701 442110 56441 14545 235359 269955 359681 431902 328805 639364 411747 362871 311530 167758 66681 60226 58785 57116 73181 50977 67692 138656 160484
desembarquepred
 350761 77699.3 442089 56444.1 14545.3 235439 270020 359672 431942 328809 639305 411785 362946 311633 167586 66675.6 60252 58778.8 57100.4 73176.9 50978.9 67680.9 138654 160488
Reclutas
 36341 44149.9 22377.7 33726.4 59861.9 43223.5 77349 76347 99708.4 114894 65296.1 44931.1 47282.6 25005.2 14834.4 13368 9744.71 11933.2 12773.6 20167.1 26250.2 34496.5 52732.6 55221.5
log_desv_Rt
 0.0372436 0.231887 -0.447637 -0.0374237 0.536336 0.210681 0.792624 0.779585 1.04655 1.1883 0.623228 0.249427 0.300439 -0.336621 -0.858755 -0.962839 -1.27898 -1.07638 -1.00832 -0.551652 -0.288029 -0.0148454 0.409531 0.455648
SSB
 449468 246937 273309 263271 305350 516801 738800 917089 795515 854228 884328 613815 380447 200394 85476.3 70215.1 78655.2 101809 130750 150368 225891 277171 349616 477217
BT
 1.54483e+06 376424 650192 479479 619858 731761 1.77589e+06 1.63804e+06 1.71782e+06 1.64929e+06 1.5165e+06 1.04754e+06 778434 425687 226863 144675 159748 205754 215417 292745 447940 413309 589806 791988
Ftot
 0.96026 0.879395 1.52195 0.328031 0.0572784 0.542906 0.341959 0.670713 0.752487 0.553923 1.04076 0.93215 1.51673 2.9622 3.37806 1.39346 1.02453 0.713644 0.561071 0.581477 0.269463 0.330215 0.393752 0.402395
BD_Bspro_t
 0.910641 0.639266 0.559341 0.376067 0.538366 0.716385 0.663263 0.681701 0.616146 0.587909 0.565447 0.404175 0.298877 0.203678 0.109748 0.110858 0.164934 0.266608 0.373452 0.466078 0.594796 0.702655 0.714856 0.714628
BD_Bspro
 0.6239 0.34277 0.379376 0.365443 0.423853 0.717364 1.02552 1.273 1.10424 1.18574 1.22752 0.852029 0.528093 0.278164 0.118649 0.0974646 0.10918 0.14132 0.181492 0.208723 0.313556 0.384738 0.485298 0.662419
BD_Bo
 0.533128 0.2929 0.32418 0.312274 0.362186 0.612993 0.876314 1.08779 0.943585 1.01323 1.04893 0.728066 0.45126 0.237694 0.101386 0.0832843 0.0932954 0.120759 0.155087 0.178356 0.267937 0.328762 0.414691 0.566043
BD_Brms
 0.969323 0.532546 0.589419 0.567772 0.658519 1.11453 1.5933 1.9778 1.71561 1.84223 1.90715 1.32376 0.820473 0.43217 0.184338 0.151426 0.169628 0.219562 0.281976 0.324283 0.487157 0.597749 0.753983 1.02917
S_f
 0.106399 0.693467 0.977264 0.998777 0.999936
 0.106399 0.693467 0.977264 0.998777 0.999936
 0.106399 0.693467 0.977264 0.998777 0.999936
 0.106399 0.693467 0.977264 0.998777 0.999936
 0.106399 0.693467 0.977264 0.998777 0.999936
 0.106399 0.693467 0.977264 0.998777 0.999936
 0.106399 0.693467 0.977264 0.998777 0.999936
 0.106399 0.693467 0.977264 0.998777 0.999936
 0.106399 0.693467 0.977264 0.998777 0.999936
 0.106399 0.693467 0.977264 0.998777 0.999936
 0.106399 0.693467 0.977264 0.998777 0.999936
 0.106399 0.693467 0.977264 0.998777 0.999936
 0.106399 0.693467 0.977264 0.998777 0.999936
 0.106399 0.693467 0.977264 0.998777 0.999936
 0.106399 0.693467 0.977264 0.998777 0.999936
 0.106399 0.693467 0.977264 0.998777 0.999936
 0.106399 0.693467 0.977264 0.998777 0.999936
 0.106399 0.693467 0.977264 0.998777 0.999936
 0.106399 0.693467 0.977264 0.998777 0.999936
 0.106399 0.693467 0.977264 0.998777 0.999936
 0.106399 0.693467 0.977264 0.998777 0.999936
 0.106399 0.693467 0.977264 0.998777 0.999936
 0.106399 0.693467 0.977264 0.998777 0.999936
 0.106399 0.693467 0.977264 0.998777 0.999936
Scru_reclas
 0.69312 0.919139 0.98282 0.996539 0.99931
 0.69312 0.919139 0.98282 0.996539 0.99931
 0.69312 0.919139 0.98282 0.996539 0.99931
 0.69312 0.919139 0.98282 0.996539 0.99931
 0.69312 0.919139 0.98282 0.996539 0.99931
 0.69312 0.919139 0.98282 0.996539 0.99931
 0.69312 0.919139 0.98282 0.996539 0.99931
 0.69312 0.919139 0.98282 0.996539 0.99931
 0.69312 0.919139 0.98282 0.996539 0.99931
 0.69312 0.919139 0.98282 0.996539 0.99931
 0.69312 0.919139 0.98282 0.996539 0.99931
 0.69312 0.919139 0.98282 0.996539 0.99931
 0.69312 0.919139 0.98282 0.996539 0.99931
 0.69312 0.919139 0.98282 0.996539 0.99931
 0.69312 0.919139 0.98282 0.996539 0.99931
 0.69312 0.919139 0.98282 0.996539 0.99931
 0.69312 0.919139 0.98282 0.996539 0.99931
 0.69312 0.919139 0.98282 0.996539 0.99931
 0.69312 0.919139 0.98282 0.996539 0.99931
 0.69312 0.919139 0.98282 0.996539 0.99931
 0.69312 0.919139 0.98282 0.996539 0.99931
 0.69312 0.919139 0.98282 0.996539 0.99931
 0.69312 0.919139 0.98282 0.996539 0.99931
 0.69312 0.919139 0.98282 0.996539 0.99931
Scru_pelaces
 0.784218 1 1 1 1
 0.784218 1 1 1 1
 0.784218 1 1 1 1
 0.784218 1 1 1 1
 0.784218 1 1 1 1
 0.784218 1 1 1 1
 0.784218 1 1 1 1
 0.784218 1 1 1 1
 0.784218 1 1 1 1
 0.784218 1 1 1 1
 0.784218 1 1 1 1
 0.784218 1 1 1 1
 0.784218 1 1 1 1
 0.784218 1 1 1 1
 0.784218 1 1 1 1
 0.784218 1 1 1 1
 0.784218 1 1 1 1
 0.784218 1 1 1 1
 0.784218 1 1 1 1
 0.784218 1 1 1 1
 0.784218 1 1 1 1
 0.784218 1 1 1 1
 0.784218 1 1 1 1
 0.784218 1 1 1 1
pf_obs 
 0.256992 0.487395 0.22802 0.0275931 0
 0.321318 0.546541 0.124235 0.00734118 0.000564706
 0.182869 0.594174 0.210203 0.0122559 0.00049798
 0.330522 0.361315 0.267642 0.0388342 0.00168674
 0.649043 0.306663 0.0425973 0.00169635 0
 0.582887 0.30429 0.105238 0.00758474 0
 0.465427 0.430635 0.0974691 0.00646863 0
 0.296916 0.608066 0.0921331 0.00288517 0
 0.311714 0.524322 0.152257 0.0117073 0
 0.15457 0.633149 0.183074 0.0267441 0.00246327
 0.131901 0.49318 0.331252 0.0422183 0.00144891
 0.196976 0.569456 0.194076 0.0375587 0.00193317
 0.518974 0.381816 0.0799577 0.0180837 0.00116848
 0.0928022 0.601141 0.25162 0.0475244 0.00691264
 0.122501 0.610282 0.24278 0.0234846 0.000952079
 0.383417 0.481906 0.127806 0.00687128 0
 0.0376549 0.599619 0.316969 0.0457579 0
 0.0361596 0.667082 0.258105 0.0386534 0
 0.158088 0.579412 0.248529 0.0139706 0
 0.0477256 0.309471 0.559284 0.082774 0.000745712
 0.0406174 0.521527 0.379366 0.0568643 0.0016247
 0.151134 0.462217 0.34131 0.0453401 0
 0.294876 0.26143 0.354403 0.0886775 0.000613685
 0.281977 0.475581 0.204845 0.0348837 0.00271318
pf_pred 
 0.30565 0.474713 0.196174 0.0234497 1.28935e-05
 0.286781 0.557056 0.121972 0.0306482 0.00354287
 0.157016 0.641977 0.171618 0.0231197 0.00626916
 0.273711 0.460047 0.227635 0.0331678 0.00543958
 0.284217 0.493132 0.15949 0.0541954 0.00896506
 0.14995 0.583486 0.201792 0.0466825 0.0180895
 0.254221 0.398003 0.267648 0.0610706 0.0190572
 0.205189 0.54976 0.153912 0.07055 0.0205882
 0.252366 0.484153 0.205316 0.0369404 0.021225
 0.239741 0.541456 0.162964 0.0438117 0.0120272
 0.140912 0.589274 0.213656 0.042129 0.014029
 0.147174 0.494486 0.281717 0.061122 0.015501
 0.235852 0.462353 0.209839 0.0728166 0.0191394
 0.219027 0.617383 0.121447 0.0296899 0.0124531
 0.297162 0.600357 0.0931086 0.00708207 0.00229023
 0.332463 0.60184 0.0620062 0.00337655 0.00031433
 0.213985 0.640335 0.137348 0.00788231 0.000450307
 0.254165 0.505344 0.211605 0.0272869 0.00159841
 0.225199 0.548845 0.173443 0.0463723 0.00614065
 0.282814 0.472664 0.192768 0.039985 0.011768
 0.248696 0.542768 0.155957 0.0417007 0.0108793
 0.229595 0.505387 0.209629 0.0416771 0.0137124
 0.258186 0.477904 0.194473 0.0552125 0.0142242
 0.203803 0.54581 0.18259 0.0503001 0.0174972
pobs_RECLAS
 0 0 0 0 0
 0 0 0 0 0
 0 0 0 0 0
 0 0 0 0 0
 0.835266 0.146461 0.0176864 0.000547809 3.91292e-05
 0.385257 0.428462 0.181853 0.0044286 0
 0.867414 0.0963971 0.0333333 0.00285562 0
 0.441836 0.489002 0.0689373 0.000224442 0
 0.779404 0.147425 0.0564933 0.0165055 0.000172143
 0.814271 0.122319 0.05973 0.00367925 0
 0.40263 0.566651 0.0304383 0.000280538 0
 0.475488 0.404961 0.113038 0.00651328 0
 0.955842 0.0263864 0.0167828 0.000988607 0
 0.975058 0.0227948 0.00214734 0 0
 0.738997 0.206755 0.0527124 0.00153531 0
 0.850938 0.134255 0.0134407 0.00136685 0
 0.542534 0.407297 0.0501686 0 0
 0.764087 0.199537 0.0359546 0.000420521 0
 0.470689 0.182191 0.310203 0.0369168 0
 0.84361 0.089868 0.0606195 0.00523954 0.000663233
 0.607945 0.314616 0.071237 0.00620181 0
 0.523733 0.453247 0.0230204 0 0
 0.530135 0.295979 0.169645 0.0042399 0
 0.562478 0.366248 0.0663022 0.0049721 0
ppred_RECLAS
 0.712946 0.214328 0.0650301 0.00769119 4.23512e-06
 0.686807 0.259652 0.0419109 0.0104233 0.0012067
 0.519543 0.393231 0.0746153 0.00991718 0.00269269
 0.673663 0.227358 0.0847275 0.0122407 0.00201069
 0.679061 0.239241 0.0586511 0.0197713 0.00327587
 0.491051 0.379548 0.0981643 0.0225038 0.00873385
 0.657705 0.206625 0.104607 0.0236658 0.00739665
 0.587196 0.310248 0.064633 0.0293462 0.00857709
 0.654426 0.246358 0.0774707 0.0138027 0.00794269
 0.631518 0.283141 0.063704 0.0169709 0.00466611
 0.482239 0.38812 0.102885 0.0200652 0.00669146
 0.50049 0.326121 0.13661 0.0293293 0.00744914
 0.653309 0.237195 0.0764378 0.0261703 0.00688776
 0.659017 0.292703 0.0360605 0.00860707 0.00361285
 0.751235 0.225729 0.0209817 0.00155254 0.000502345
 0.73242 0.248197 0.0183071 0.000984268 9.17519e-05
 0.597899 0.344743 0.0541097 0.00307161 0.000175733
 0.653955 0.255746 0.0795446 0.0101589 0.000595993
 0.612702 0.296317 0.0699819 0.0185403 0.00245893
 0.685396 0.227052 0.0691504 0.0142121 0.00418925
 0.638369 0.280497 0.0607995 0.0161214 0.00421263
 0.618738 0.273454 0.08542 0.0168388 0.005549
 0.656179 0.243125 0.0743646 0.0209305 0.00540078
 0.581341 0.311513 0.0783089 0.021386 0.00745099
pobs_PELACES
 0 0 0 0 0
 0 0 0 0 0
 0 0 0 0 0
 0 0 0 0 0
 0 0 0 0 0
 0 0 0 0 0
 0 0 0 0 0
 0 0 0 0 0
 0 0 0 0 0
 0 0 0 0 0
 0.450072 0.473896 0.0757376 0.000293798 0
 0 0 0 0 0
 0.463077 0.371075 0.160297 0.00555027 0
 0.529543 0.364841 0.0842815 0.0213345 0
 0.631943 0.363953 0.00410389 0 0
 0.735681 0.248677 0.0153453 0.000297389 0
 0.695825 0.281241 0.0229344 0 0
 0.275771 0.60734 0.115278 0.00161068 0
 0 0 0 0 0
 0.896147 0.0623911 0.0374545 0.00400742 0
 0.803859 0.145111 0.0509908 3.86294e-05 0
 0.739449 0.233085 0.0266225 0.000797448 4.60066e-05
 0.878498 0.100942 0.0204185 0.000141795 0
 0.694673 0.275183 0.0284847 0.00165964 0
ppred_PELACES
 0.76367 0.183285 0.0475348 0.00550694 3.02285e-06
 0.734862 0.225301 0.0313212 0.00763456 0.000881107
 0.610093 0.330644 0.0508798 0.00659771 0.00178539
 0.701997 0.213794 0.0722559 0.0102713 0.0016823
 0.693948 0.232501 0.0530205 0.0176199 0.00291126
 0.534506 0.357606 0.0822087 0.0185151 0.00716439
 0.68955 0.194956 0.089395 0.0198975 0.00620084
 0.635015 0.283314 0.0518372 0.0231021 0.00673164
 0.703123 0.219997 0.060296 0.0105384 0.0060457
 0.670951 0.259832 0.051908 0.0135845 0.00372389
 0.552166 0.349299 0.0785521 0.0149976 0.00498563
 0.568076 0.297134 0.106672 0.0224375 0.00568091
 0.736937 0.191776 0.0501435 0.0167501 0.0043937
 0.788353 0.189675 0.0165593 0.00381691 0.00159591
 0.861638 0.129392 0.00819732 0.000584037 0.000188205
 0.79071 0.196699 0.0119084 0.000625221 5.80895e-05
 0.658406 0.299331 0.0399179 0.0022186 0.000126529
 0.700074 0.229273 0.0623786 0.0078172 0.000457215
 0.653455 0.272588 0.0571246 0.0148663 0.00196577
 0.723888 0.206026 0.055571 0.0112176 0.00329666
 0.663845 0.266221 0.0526212 0.0137345 0.00357859
 0.649077 0.25875 0.0732879 0.0142149 0.00467076
 0.688324 0.227228 0.0626456 0.0173408 0.00446144
 0.615921 0.293566 0.0664631 0.01785 0.00620082
pobs_pel_tallas
 0 0 0 0 0 0 0 0 0 0 0 0 0 0 0 0 0 0 0 0 0 0 0 0 0 0 0 0 0 0 0 0 0 0 0 0
 0 0 0 0 0 0 0 0 0 0 0 0 0 0 0 0 0 0 0 0 0 0 0 0 0 0 0 0 0 0 0 0 0 0 0 0
 0 0 0 0 0 0 0 0 0 0 0 0 0 0 0 0 0 0 0 0 0 0 0 0 0 0 0 0 0 0 0 0 0 0 0 0
 0 0 0 0 0 0 0 0 0 0 0 0 0 0 0 0 0 0 0 0 0 0 0 0 0 0 0 0 0 0 0 0 0 0 0 0
 0 0 0 0 0 0 0 0 0 0 0 0 0 0 0 0 0 0 0 0 0 0 0 0 0 0 0 0 0 0 0 0 0 0 0 0
 0 0 0 0 0 0 0 0 0 0 0 0 0 0 0 0 0 0 0 0 0 0 0 0 0 0 0 0 0 0 0 0 0 0 0 0
 0 0 0 0 0 0 0 0 0 0 0 0 0 0 0 0 0 0 0 0 0 0 0 0 0 0 0 0 0 0 0 0 0 0 0 0
 0 0 0 0 0 0 0 0 0 0 0 0 0 0 0 0 0 0 0 0 0 0 0 0 0 0 0 0 0 0 0 0 0 0 0 0
 0 0 0 0 0 0 0 0 0 0 0 0 0 0 0 0 0 0 0 0 0 0 0 0 0 0 0 0 0 0 0 0 0 0 0 0
 0 0 0 0 0 0 0 0 0 0 0 0 0 0 0 0 0 0 0 0 0 0 0 0 0 0 0 0 0 0 0 0 0 0 0 0
 0 0 0 0 0 0 0 0 1.78061e-05 0.00172719 0.00360574 0.0105946 0.0120993 0.0124554 0.0147524 0.0171206 0.0266825 0.0428682 0.0675386 0.121331 0.153587 0.119568 0.100827 0.0573624 0.0630603 0.0341343 0.0324427 0.0444173 0.0211091 0.0280891 0.0125444 0.00206551 0 0 0 0
 0 0 0 0 0 0 0 0 0 0 0 0 0 0 0 0 0 0 0 0 0 0 0 0 0 0 0 0 0 0 0 0 0 0 0 0
 0 0 0 0 0 0 0.0133647 0.0140871 0.0187388 0.0205184 0.03894 0.0496705 0.03968 0.0493445 0.0407372 0.0367815 0.0215668 0.0243155 0.0234873 0.0199281 0.019796 0.0243948 0.0301388 0.0376714 0.0412746 0.0863199 0.0771752 0.113111 0.0741005 0.0525337 0.0229764 0.00759418 0.00175318 0 0 0
 0 0 0 0 0 0 0 0 0 0 0.00219441 0.00772107 0.0458388 0.0604681 0.0671733 0.0775358 0.0609151 0.0617685 0.073594 0.0568108 0.0755445 0.0548602 0.0670107 0.0636378 0.0643287 0.046367 0.0373049 0.0286899 0.0247887 0.0153202 0.00654259 0.00121912 0.000365735 0 0 0
 0 0 0 0 0 0 0 0 0 0 0 0 0.000112435 0.00938835 0.0111873 0.0202946 0.0414886 0.0713402 0.111592 0.104902 0.108894 0.110636 0.117776 0.105296 0.107544 0.0401394 0.0192827 0.0124803 0.00416011 0.0028671 0.000618394 0 0 0 0 0
 0 0 0 0 0 0 0 0 0 0 0.00291406 0.0102884 0.027416 0.0768956 0.0749926 0.110853 0.0956884 0.0897413 0.0766577 0.0534642 0.0500743 0.0551293 0.0594112 0.0620874 0.0668451 0.0424026 0.0208742 0.0120726 0.0048766 0.00582813 0.00118941 0.000297354 0 0 0 0
 0 0.00264628 0.0354308 0.0461629 0.0458689 0.0383711 0.0214643 0.0164657 0.0346957 0.0420465 0.0363128 0.0245516 0.0311673 0.0291091 0.0169068 0.0133784 0.00837989 0.0085269 0.0148486 0.0160247 0.0276389 0.0546898 0.0760071 0.122758 0.109233 0.0665981 0.0333725 0.0166128 0.00676272 0.00308733 0.000882094 0 0 0 0 0
 0 0 0 0 0 0 0 0.000805153 0.000690131 0.00759144 0.0133425 0.0154129 0.00931677 0.000345066 0.00356568 0.00563607 0.00851162 0.0253048 0.0502646 0.0516448 0.0657925 0.0565908 0.0611916 0.0827007 0.0866115 0.110766 0.145733 0.0935128 0.0569358 0.0249597 0.0138026 0.00621118 0.00161031 0.00115022 0 0
 0 0 0 0 0 0 0 0 0 0 0 0 0 0 0 0 0 0 0 0 0 0 0 0 0 0 0 0 0 0 0 0 0 0 0 0
 0.00147267 0.00158595 0.00478618 0.00569244 0.00954404 0.0108468 0.00647125 0.017049 0.0510054 0.094081 0.124002 0.0959785 0.0687766 0.0820023 0.061753 0.0591476 0.0492212 0.0479892 0.0443925 0.0268479 0.0217502 0.0140895 0.0121071 0.0120363 0.00920419 0.00665534 0.0049561 0.00860946 0.00930331 0.0156896 0.0114698 0.00855282 0.00243557 0.00046729 0 2.83206e-05
 0 0 0 0 0.000772559 0.00158375 0.000888443 0.00281984 0.00712685 0.0440552 0.0773331 0.111326 0.0921469 0.0852325 0.0710754 0.0886704 0.0786465 0.0553345 0.0373146 0.0185414 0.00753245 0.00457741 0.012979 0.0271748 0.0457355 0.0583668 0.034881 0.0177882 0.00938659 0.00492506 0.0015258 0.00185414 0.000309023 5.79419e-05 3.86279e-05 0
 0 0.00173294 0.00326652 0 0.00397197 0.00683976 0.00946217 0.0152591 0.00757587 0.0136028 0.0228656 0.0392903 0.0559909 0.0764795 0.0681675 0.0726916 0.0566044 0.0477403 0.0527397 0.0444891 0.0609904 0.0582453 0.0661739 0.0445044 0.0529084 0.0360697 0.0280645 0.0235558 0.0158879 0.00826598 0.00280645 0.00217768 0.000904811 0.00058276 9.20147e-05 0
 0 0 0 0 0 0 0 0 0 0 0 0 0 0 0 0 0 0 0 0 0 0 0 0 0 0 0 0 0 0 0 0 0 0 0 0
 0 0 0 0 0 0 0 0 0 0 0 0 0 0 0 0 0 0 0 0 0 0 0 0 0 0 0 0 0 0 0 0 0 0 0 0
ppred_pel_tallas
 1.00924e-16 3.33198e-05 0.000195561 0.000929608 0.00357904 0.0111609 0.0281916 0.0576838 0.0956174 0.128412 0.139739 0.123264 0.0882436 0.0515144 0.0250283 0.0110714 0.00600896 0.00555879 0.0070905 0.00943532 0.0120926 0.0147374 0.0170626 0.0187835 0.0196896 0.0196904 0.0188341 0.0172877 0.015291 0.0130979 0.0109257 0.00892554 0.0071766 0.00569903 0.00447572 0.00347323
 1.00822e-16 3.20653e-05 0.000188192 0.000894567 0.00344411 0.0107401 0.0271288 0.0555095 0.0920147 0.123578 0.13449 0.11866 0.0850057 0.0497411 0.0243845 0.0111556 0.00657555 0.00653489 0.00849896 0.0113181 0.0144617 0.0175477 0.0202021 0.0220798 0.0229325 0.0226654 0.0213586 0.0192407 0.0166286 0.0138518 0.011187 0.00881954 0.00683692 0.00524606 0.00400331 0.00304386
 1.01141e-16 2.66291e-05 0.000156267 0.000742769 0.00285962 0.00891737 0.0225248 0.0460902 0.0764053 0.102627 0.111724 0.0986561 0.0708555 0.0418241 0.0211801 0.0108309 0.00795232 0.00917714 0.0124046 0.0166222 0.0212588 0.0258029 0.0297139 0.0324856 0.0337518 0.0333713 0.0314593 0.0283495 0.0245057 0.0204113 0.0164738 0.0129677 0.0100246 0.00765823 0.0058078 0.00438048
 1.01527e-16 3.06318e-05 0.000179777 0.000854564 0.00329009 0.0102598 0.0259156 0.0530271 0.0878999 0.118052 0.128477 0.113357 0.081212 0.0475321 0.023323 0.0107093 0.00637357 0.00639803 0.00837155 0.0112076 0.0144109 0.0176261 0.0205002 0.0226996 0.0239724 0.0242024 0.0234302 0.021833 0.0196723 0.0172282 0.0147431 0.0123888 0.0102606 0.00839159 0.00677639 0.00539321
 1.0157e-16 3.02815e-05 0.000177719 0.000844776 0.0032524 0.0101423 0.0256187 0.0524198 0.0868938 0.116703 0.127013 0.112076 0.0803182 0.0470567 0.0231783 0.0107908 0.00662176 0.00680187 0.00894447 0.0119631 0.0153459 0.0187112 0.0216771 0.023886 0.0250736 0.0251277 0.0241104 0.0222327 0.0197958 0.0171159 0.0144609 0.0120136 0.00986558 0.00803513 0.00649615 0.00520533
 1.02255e-16 2.33343e-05 0.000136921 0.000650791 0.00250546 0.00781296 0.0197352 0.0403827 0.0669459 0.0899281 0.0979167 0.0865051 0.062219 0.0369085 0.0190286 0.0102848 0.00823811 0.00996653 0.0136398 0.0183528 0.0235532 0.0287086 0.0332411 0.0366012 0.0383829 0.0384145 0.0367935 0.033848 0.0300448 0.0258751 0.0217554 0.0179701 0.0146623 0.0118609 0.00952426 0.00758279
 1.02307e-16 3.00883e-05 0.000176588 0.000839407 0.00323174 0.0100779 0.0254559 0.0520865 0.0863404 0.115957 0.126194 0.111336 0.0797494 0.0466471 0.0228358 0.0103984 0.00607381 0.00601472 0.00785929 0.0105541 0.0136342 0.0167773 0.0196643 0.021989 0.0235131 0.0241139 0.023805 0.022719 0.0210636 0.0190662 0.0169265 0.0147895 0.0127426 0.0108277 0.00906108 0.00744985
 1.01937e-16 2.77138e-05 0.00016264 0.000773077 0.00297632 0.00928134 0.0234441 0.0479708 0.079521 0.106807 0.11626 0.102628 0.0736352 0.0433183 0.0216664 0.0106399 0.00727494 0.00805239 0.0107895 0.0144634 0.0185417 0.0225803 0.0261188 0.0287243 0.0300802 0.030057 0.028739 0.0263927 0.0233927 0.0201297 0.0169314 0.0140174 0.0114924 0.00936896 0.00760465 0.00613661
 1.01573e-16 3.06811e-05 0.000180066 0.000855937 0.00329538 0.0102763 0.0259572 0.0531123 0.0880414 0.118242 0.128685 0.113543 0.0813511 0.0476247 0.023389 0.0107735 0.00645648 0.00651371 0.00852801 0.0114063 0.0146453 0.0178798 0.0207477 0.0229084 0.0241086 0.0242368 0.0233451 0.0216266 0.0193597 0.0168394 0.0143173 0.0119673 0.00988024 0.0080793 0.00654677 0.00524847
 1.01463e-16 2.92799e-05 0.000171836 0.000816802 0.00314469 0.00980637 0.0247702 0.050684 0.0840175 0.112843 0.12282 0.108396 0.0777238 0.0456229 0.0226324 0.0108053 0.00699215 0.0074613 0.0099044 0.013255 0.0169843 0.0206746 0.0238997 0.0262609 0.0274657 0.0273943 0.026124 0.0239007 0.0210712 0.0179987 0.0149899 0.012253 0.0098902 0.00791797 0.00629976 0.00497777
 1.01978e-16 2.4104e-05 0.00014144 0.000672279 0.0025882 0.00807098 0.0203869 0.0417161 0.0691558 0.0928948 0.101142 0.0893424 0.0642337 0.0380511 0.019521 0.0103954 0.00814492 0.00974349 0.0132983 0.0178805 0.0229359 0.0279399 0.0323264 0.0355581 0.0372391 0.0372034 0.0355492 0.0326012 0.0288203 0.0246914 0.0206261 0.0169058 0.0136725 0.0109542 0.00870865 0.00686434
 1.02648e-16 2.47957e-05 0.000145506 0.000691618 0.00266268 0.00830324 0.0209735 0.042916 0.0711432 0.0955591 0.104029 0.0918598 0.065972 0.0389376 0.0197132 0.0100775 0.00740655 0.00857559 0.0116452 0.0156955 0.0202229 0.0247794 0.0288849 0.0320772 0.0340043 0.034499 0.0336091 0.0315691 0.0287292 0.0254654 0.022103 0.0188725 0.0159028 0.0132415 0.0108875 0.00882073
 1.01556e-16 3.21544e-05 0.000188718 0.000897076 0.00345378 0.0107703 0.0272049 0.0556651 0.0922717 0.12392 0.134855 0.118965 0.0851861 0.0497704 0.0242576 0.0108615 0.006083 0.00579639 0.00746655 0.00996287 0.0127924 0.0156251 0.0181439 0.0200528 0.0211315 0.0212831 0.0205522 0.0191053 0.0171824 0.0150367 0.0128832 0.0108694 0.00907092 0.00750575 0.00615797 0.00499903
 1.00503e-16 3.43962e-05 0.00020188 0.000959649 0.00369471 0.0115216 0.0291027 0.059548 0.0987075 0.132562 0.144254 0.127244 0.0910885 0.0531657 0.0258119 0.0113838 0.00612492 0.00560838 0.00711146 0.00941939 0.0120075 0.0145344 0.0166815 0.0181592 0.0187621 0.0184168 0.0171993 0.0153121 0.0130316 0.0106435 0.00838606 0.00641676 0.00480655 0.00355499 0.00261655 0.00192681
 1.00188e-16 3.75894e-05 0.000220632 0.00104881 0.00403802 0.0125922 0.0318069 0.0650806 0.107876 0.144868 0.157627 0.138995 0.0994032 0.057822 0.0277048 0.0115925 0.00534488 0.00409946 0.00487861 0.00638629 0.00811959 0.00981067 0.0112353 0.012195 0.0125509 0.012255 0.0113628 0.0100165 0.00840955 0.00674112 0.00517731 0.00382775 0.00274122 0.00191606 0.00131834 0.000900201
 1.00258e-16 3.44993e-05 0.000202484 0.000962521 0.00370576 0.0115561 0.0291898 0.0597262 0.0990031 0.132959 0.144688 0.12763 0.0913716 0.0533446 0.0259241 0.0114758 0.00623366 0.00575797 0.00731595 0.00968428 0.0123285 0.0148956 0.0170546 0.0185052 0.0190366 0.0185764 0.0172094 0.0151526 0.0127009 0.0101577 0.00777629 0.00572358 0.00407383 0.00282429 0.00192289 0.0012962
 1.00747e-16 2.87344e-05 0.00016863 0.000801553 0.00308596 0.00962322 0.0243077 0.0497378 0.0824503 0.110742 0.120544 0.10641 0.0763514 0.0449208 0.0224756 0.0110477 0.00756217 0.00836582 0.011188 0.0149569 0.019106 0.0231588 0.026623 0.02904 0.0300808 0.029622 0.0277744 0.0248484 0.0212728 0.0174937 0.0138864 0.0107033 0.0080642 0.00597859 0.00438572 0.00319399
 1.01251e-16 3.05486e-05 0.000179287 0.000852232 0.00328111 0.0102318 0.0258448 0.0528824 0.0876606 0.117732 0.128132 0.113061 0.0810178 0.0474543 0.0233515 0.0108336 0.00659731 0.00673793 0.00884792 0.0118335 0.0151825 0.0185159 0.021455 0.0236439 0.0248182 0.024863 0.0238355 0.0219416 0.0194776 0.0167582 0.0140528 0.0115494 0.00934743 0.00747357 0.00590901 0.00461507
 1.01503e-16 2.85175e-05 0.000167359 0.000795514 0.00306272 0.00955075 0.0241246 0.0493631 0.0818284 0.109904 0.119627 0.105589 0.0757362 0.0445066 0.0221723 0.010742 0.00715752 0.00779116 0.010396 0.0139262 0.0178499 0.0217341 0.0251325 0.0276263 0.0289075 0.0288489 0.0275295 0.0252055 0.0222391 0.0190103 0.0158411 0.0129508 0.0104484 0.0083537 0.00663081 0.00522142
 1.01396e-16 3.1586e-05 0.00018538 0.000881202 0.00339266 0.0105797 0.0267235 0.0546801 0.0906396 0.12173 0.132476 0.116876 0.0837125 0.048954 0.023943 0.010862 0.00628141 0.00615413 0.00799005 0.010671 0.0136962 0.0167165 0.0193912 0.0214011 0.0225091 0.0226112 0.021757 0.0201283 0.017987 0.0156107 0.0132362 0.0110273 0.00906965 0.00738521 0.00595715 0.00475281
 1.01473e-16 2.89703e-05 0.000170018 0.000808156 0.00311139 0.00970255 0.024508 0.0501475 0.0831285 0.11165 0.121524 0.107257 0.0769185 0.0451732 0.0224521 0.0107904 0.00707616 0.00762004 0.0101383 0.013572 0.0173897 0.0211655 0.0244634 0.0268746 0.0281 0.028017 0.0267054 0.024418 0.0215106 0.0183563 0.0152699 0.0124648 0.0100461 0.0080301 0.00637906 0.00503308
 1.01832e-16 2.83261e-05 0.000166236 0.000790179 0.00304218 0.00948671 0.0239628 0.049032 0.0812793 0.109166 0.118821 0.104872 0.0752099 0.0441733 0.0219624 0.0105688 0.00695233 0.00750976 0.0100133 0.013434 0.017259 0.0210779 0.0244679 0.0270286 0.0284607 0.0286317 0.0276008 0.025593 0.0229338 0.0199688 0.0169936 0.0142134 0.0117363 0.00959203 0.00776231 0.00620945
 1.01768e-16 3.00361e-05 0.000176279 0.000837929 0.00322604 0.0100601 0.025411 0.0519949 0.0861895 0.115756 0.125983 0.111166 0.0796634 0.0466681 0.0229781 0.0106835 0.00653883 0.00670698 0.00882321 0.0118141 0.0151777 0.018542 0.0215343 0.0238036 0.0250876 0.02527 0.0244024 0.0226809 0.0203891 0.0178275 0.0152522 0.01284 0.010683 0.00880547 0.00719069 0.00580643
 1.01943e-16 2.68817e-05 0.000157753 0.000749844 0.00288687 0.00900236 0.0227394 0.0465291 0.0771318 0.1036 0.112774 0.0995621 0.0714605 0.0420896 0.0211461 0.0105408 0.00740896 0.00834475 0.0112338 0.0150783 0.0193469 0.0235844 0.0273134 0.0300829 0.0315599 0.0316037 0.0302939 0.0278992 0.0248017 0.0214027 0.0180423 0.014952 0.0122477 0.00995183 0.00802988 0.00642515
pSPR Fmed_Fpbrs
0.513922   0.6 0.325
Fs Fmed_Fpbrs
0.64   0.443903 1.51255
SSBpbr Bo_Bmed_Bpbrs
843077  391122  463692 231846
Ro
35012.5
SPR SPRFo_SPRFmed_SPRFpbrs
720416 370237 234135
log_Ro
10.2835
likeval ReclasPelacesDesembMPH_pf_preclas_ppelaces_ptallas_desvR_qrecl_qpela
 63.2215 14.9259 0.00860543 0.000431609 303.559 172.901 46.5962 0 15.5902 5.17166e-06 7.68413e-05 7.49978e-15 0 0 0
q_reclas_q_pelaces
0.724515 3.48033
M
0.7
N
 36341 10921 3551.24 418.529 0.22995
 44149.9 16293.7 2786.48 689.954 79.6951
 22377.7 19965.9 4397.1 585.89 158.778
 33726.4 9451.12 3450.79 493.418 80.8404
 59861.9 16173.6 3738.39 1243.63 205.49
 43223.5 29545.9 7718.79 1755.37 679.591
 77349 20259.4 10069 2254.88 702.937
 76347 37038 7936.59 3579.68 1043.75
 99708.4 35301.5 11551.6 2046.27 1174.77
 114894 45704 10403.1 2749.58 754.137
 65296.1 53789.1 15456.9 3006.49 1000.44
 44931.1 29026.1 12979.1 2775.86 703.445
 47282.6 20205.4 7551.76 2591.87 680.861
 25005.2 19980.7 3504.86 851.748 357.145
 14834.4 9060.34 1271.98 96.2597 31.1205
 13368 5142.43 432.287 23.2679 2.16472
 9744.71 5723.62 971.616 54.9986 3.13972
 11933.2 4339.31 1396.72 177.28 10.3759
 12773.6 5492.56 1313.67 345.317 45.686
 20167.1 5975.6 1848.38 377.009 110.859
 26250.2 9413.87 1982.68 519.99 135.521
 34496.5 12667.1 3878 756.626 248.692
 52732.6 16539 5002.87 1394.61 358.939
 55221.5 25111.8 6250.55 1690.82 587.591
pred_Ctot
 2553.39 3965.74 1638.83 195.898 0.107712
 2851.46 5538.8 1212.76 304.735 35.2267
 2428.56 9929.44 2654.42 357.591 96.9649
 833.625 1401.14 693.296 101.017 16.567
 261.66 453.995 146.832 49.8941 8.25354
 1750.56 6811.8 2355.79 544.986 211.183
 1991.73 3118.22 2096.93 478.468 149.307
 3797.36 10174.2 2848.39 1305.64 381.019
 5542.88 10633.8 4509.5 811.348 466.18
 4745.22 10717.1 3225.56 867.169 238.057
 4954.01 20716.9 7511.46 1481.12 493.215
 3068.51 10309.9 5873.7 1274.37 323.191
 5115.01 10027.2 4550.84 1579.2 415.082
 4950.3 13953.7 2744.87 671.033 281.457
 3288.13 6643.01 1030.26 78.3639 25.3416
 1336.12 2418.71 249.194 13.5699 1.26325
 728.342 2179.52 467.494 26.8291 1.53272
 630.27 1253.13 524.731 67.6652 3.96367
 534.193 1301.91 411.425 110 14.5662
 873.232 1459.42 595.201 123.46 36.3355
 534.451 1166.42 335.153 89.6155 23.3798
 858.25 1889.19 783.616 155.794 51.2584
 1559.75 2887.11 1174.85 333.549 85.9312
 1668.54 4468.57 1494.87 411.809 143.25
F
 0.102171 0.665908 0.938428 0.959086 0.960198
 0.0935669 0.609831 0.859401 0.87832 0.879338
 0.161934 1.05542 1.48734 1.52009 1.52185
 0.0349023 0.227479 0.320573 0.32763 0.32801
 0.00609437 0.0397207 0.0559761 0.0572083 0.0572747
 0.0577647 0.376487 0.530562 0.542242 0.542871
 0.0363841 0.237137 0.334184 0.34154 0.341936
 0.0713633 0.465117 0.655464 0.669893 0.67067
 0.0800639 0.521825 0.735378 0.751566 0.752438
 0.0589369 0.384127 0.541329 0.553245 0.553887
 0.110736 0.721734 1.0171 1.03949 1.0407
 0.09918 0.646415 0.910957 0.93101 0.93209
 0.161379 1.0518 1.48224 1.51487 1.51663
 0.315176 2.05419 2.89486 2.95858 2.96201
 0.359423 2.34257 3.30126 3.37393 3.37784
 0.148263 0.966321 1.36178 1.39176 1.39337
 0.109009 0.710474 1.00123 1.02327 1.02446
 0.0759311 0.494889 0.697419 0.712771 0.713598
 0.0596975 0.389084 0.548315 0.560385 0.561035
 0.0618687 0.403235 0.568257 0.580766 0.58144
 0.0286707 0.186864 0.263337 0.269134 0.269446
 0.0351346 0.228993 0.322707 0.329811 0.330194
 0.0418949 0.273054 0.3848 0.39327 0.393726
 0.0428145 0.279048 0.393246 0.401903 0.402369
Np
 23904.3 11322.9 9589.85 3035.82 880.399
YTP_r0W_actual
 14696.8 92539.2 44603.2 16079.8 6836.34
YTP_p0W_proyectada
 6521.01 110066 76864.9 22189.9 8805.07
 6521.01 47435.7 78136.9 32159 10359.4
CTP_r0_actual
 1837.1 4870.48 1621.93 446.662 155.371
CTP_p0_proyectada
 795.246 5095.67 2447.93 553.364 197.867
 795.246 2196.1 2488.44 801.971 232.796
Wmedp
 8.2 21.6 31.4 40.1 44.5
nmprior
 10.8 10.6 4.6 0
nm_flota  nm_reclas  nm_pelaces    nm_pelaL
inf 20.7113 13.3595 22.4361
cv_recla  cv_pelaces  cv_mph
0.736138 0.454606 0.587611
 ------------------------------------------------
Talla a la edad & desviaci?n 
 7.2 14.2025 17.0495 18.207 18.6776
 1.08 2.13037 2.55742 2.73105 2.80164
