years
 1997 1998 1999 2000 2001 2002 2003 2004 2005 2006 2007 2008 2009 2010 2011 2012 2013 2014 2015 2016 2017 2018 2019
reclasobs
 0 0 0 370054 412103 1.49427e+06 250295 1.28982e+06 931140 785840 897777 1.04006e+06 184774 17550 25797 100020 73551 82996 120727 218422 84188 347160 605670
reclaspred
 479891 123832 313602 215553 349239 430249 948582 651646 740332 753527 633402 436584 270218 111300 67187.8 64622 76422.7 104514 114882 157518 237329 225665 383851
pelacesobs
 0 0 0 0 0 0 0 0 0 2.06254e+06 1.5e+06 0 1.87456e+06 323000 250000 174000 83755 137374 0 501740 490994 745055 786931
pelacespred
 1.98886e+06 445136 676784 746513 1.0677e+06 1.04156e+06 2.69138e+06 2.19556e+06 2.25505e+06 2.32625e+06 1.69117e+06 1.21036e+06 731890 234841 145772 153641 190172 273627 303292 408152 715236 657415 895398
mphobs
 0 0 0 0 0 0 112323 0 153150 637223 0 255016 313432 73983 77613 109348 50772 17779 17303 59886 28197 0 207744
mphpred
 171973 94515 105068 101819 118837 201415 288391 356749 308731 330476 341124 237557 147535 77537.3 33077.3 27059.1 30248 39281.7 50659.3 58287.5 87903.2 108408 136570
desembarqueobs
 350755 77701 442110 56441 14545 235359 269955 359681 431902 328805 639364 411747 362871 311530 167758 66681 60226 58785 57116 73181 50977 67692 138656
desembarquepred
 350761 77699.2 442086 56444 14545.3 235438 270019 359674 431943 328811 639310 411785 362948 311635 167588 66676.3 60252.6 58779.3 57100.7 73177.2 50978.8 67680.4 138651
Reclutas
 36330.5 44294.3 22546.3 34359 60775.3 43781.5 77881.5 76745.9 99994.9 114902 65663.6 45011.7 46976.6 24904.9 14768.5 13349.3 9800.65 12054 12839.9 20424 26827.4 34932.4 52871.7
log_desv_Rt
 0.0509547 0.249152 -0.426131 -0.00484054 0.565479 0.237507 0.813485 0.798796 1.06342 1.20237 0.642841 0.265218 0.307946 -0.32664 -0.849207 -0.95024 -1.25926 -1.05231 -0.989149 -0.524991 -0.25228 0.0117109 0.426164
SSB
 448881 246701 274247 265766 310186 525729 752752 931178 805843 862600 890394 620065 385092 202386 86337.7 70628.9 78952.7 102532 132230 152141 229443 282963 356471
BT
 1.54397e+06 376421 653372 485508 629480 743131 1.79784e+06 1.65663e+06 1.7316e+06 1.65881e+06 1.52547e+06 1.05493e+06 781864 427356 227486 145081 160446 207389 217376 296166 456027 420918 597975
Ftot
 0.966165 0.88401 1.52216 0.325854 0.0566099 0.534211 0.335937 0.661737 0.74397 0.549903 1.0353 0.923464 1.49813 2.93335 3.35471 1.39042 1.02489 0.710799 0.556228 0.57614 0.266101 0.324159 0.386918
BD_Bspro_t
 0.910399 0.63906 0.560294 0.378304 0.542271 0.719913 0.667404 0.685072 0.619367 0.590539 0.56752 0.40698 0.301718 0.205544 0.110901 0.111703 0.165903 0.268631 0.376734 0.4695 0.598917 0.707242 0.718943
BD_Bspro
 0.630766 0.346664 0.385372 0.373454 0.435873 0.738753 1.05777 1.30849 1.13237 1.21212 1.25118 0.871315 0.54113 0.284393 0.121322 0.0992476 0.110944 0.144078 0.185809 0.213788 0.322413 0.397619 0.500913
BD_Bo
 0.533851 0.2934 0.32616 0.316074 0.368902 0.625245 0.895242 1.10744 0.958383 1.02588 1.05894 0.737439 0.457987 0.240696 0.102681 0.0839985 0.0938979 0.121941 0.15726 0.18094 0.272875 0.336526 0.423949
BD_Brms
 0.970638 0.533454 0.593019 0.57468 0.670731 1.13681 1.62771 2.01353 1.74252 1.86524 1.92534 1.3408 0.832703 0.43763 0.186692 0.152725 0.170724 0.22171 0.285927 0.328982 0.496136 0.611866 0.770816
S_f
 0.105098 0.690534 0.976956 0.99876 0.999935
 0.105098 0.690534 0.976956 0.99876 0.999935
 0.105098 0.690534 0.976956 0.99876 0.999935
 0.105098 0.690534 0.976956 0.99876 0.999935
 0.105098 0.690534 0.976956 0.99876 0.999935
 0.105098 0.690534 0.976956 0.99876 0.999935
 0.105098 0.690534 0.976956 0.99876 0.999935
 0.105098 0.690534 0.976956 0.99876 0.999935
 0.105098 0.690534 0.976956 0.99876 0.999935
 0.105098 0.690534 0.976956 0.99876 0.999935
 0.105098 0.690534 0.976956 0.99876 0.999935
 0.105098 0.690534 0.976956 0.99876 0.999935
 0.105098 0.690534 0.976956 0.99876 0.999935
 0.105098 0.690534 0.976956 0.99876 0.999935
 0.105098 0.690534 0.976956 0.99876 0.999935
 0.105098 0.690534 0.976956 0.99876 0.999935
 0.105098 0.690534 0.976956 0.99876 0.999935
 0.105098 0.690534 0.976956 0.99876 0.999935
 0.105098 0.690534 0.976956 0.99876 0.999935
 0.105098 0.690534 0.976956 0.99876 0.999935
 0.105098 0.690534 0.976956 0.99876 0.999935
 0.105098 0.690534 0.976956 0.99876 0.999935
 0.105098 0.690534 0.976956 0.99876 0.999935
Scru_reclas
 0.707972 0.924247 0.983975 0.996774 0.999357
 0.707972 0.924247 0.983975 0.996774 0.999357
 0.707972 0.924247 0.983975 0.996774 0.999357
 0.707972 0.924247 0.983975 0.996774 0.999357
 0.707972 0.924247 0.983975 0.996774 0.999357
 0.707972 0.924247 0.983975 0.996774 0.999357
 0.707972 0.924247 0.983975 0.996774 0.999357
 0.707972 0.924247 0.983975 0.996774 0.999357
 0.707972 0.924247 0.983975 0.996774 0.999357
 0.707972 0.924247 0.983975 0.996774 0.999357
 0.707972 0.924247 0.983975 0.996774 0.999357
 0.707972 0.924247 0.983975 0.996774 0.999357
 0.707972 0.924247 0.983975 0.996774 0.999357
 0.707972 0.924247 0.983975 0.996774 0.999357
 0.707972 0.924247 0.983975 0.996774 0.999357
 0.707972 0.924247 0.983975 0.996774 0.999357
 0.707972 0.924247 0.983975 0.996774 0.999357
 0.707972 0.924247 0.983975 0.996774 0.999357
 0.707972 0.924247 0.983975 0.996774 0.999357
 0.707972 0.924247 0.983975 0.996774 0.999357
 0.707972 0.924247 0.983975 0.996774 0.999357
 0.707972 0.924247 0.983975 0.996774 0.999357
 0.707972 0.924247 0.983975 0.996774 0.999357
Scru_pelaces
 0.748792 1 1 1 1
 0.748792 1 1 1 1
 0.748792 1 1 1 1
 0.748792 1 1 1 1
 0.748792 1 1 1 1
 0.748792 1 1 1 1
 0.748792 1 1 1 1
 0.748792 1 1 1 1
 0.748792 1 1 1 1
 0.748792 1 1 1 1
 0.748792 1 1 1 1
 0.748792 1 1 1 1
 0.748792 1 1 1 1
 0.748792 1 1 1 1
 0.748792 1 1 1 1
 0.748792 1 1 1 1
 0.748792 1 1 1 1
 0.748792 1 1 1 1
 0.748792 1 1 1 1
 0.748792 1 1 1 1
 0.748792 1 1 1 1
 0.748792 1 1 1 1
 0.748792 1 1 1 1
pf_obs 
 0.256992 0.487395 0.22802 0.0275931 0
 0.321318 0.546541 0.124235 0.00734118 0.000564706
 0.182869 0.594174 0.210203 0.0122559 0.00049798
 0.330522 0.361315 0.267642 0.0388342 0.00168674
 0.649043 0.306663 0.0425973 0.00169635 0
 0.582887 0.30429 0.105238 0.00758474 0
 0.465427 0.430635 0.0974691 0.00646863 0
 0.296916 0.608066 0.0921331 0.00288517 0
 0.311714 0.524322 0.152257 0.0117073 0
 0.15457 0.633149 0.183074 0.0267441 0.00246327
 0.131901 0.49318 0.331252 0.0422183 0.00144891
 0.196976 0.569456 0.194076 0.0375587 0.00193317
 0.518974 0.381816 0.0799577 0.0180837 0.00116848
 0.0928022 0.601141 0.25162 0.0475244 0.00691264
 0.122501 0.610282 0.24278 0.0234846 0.000952079
 0.383417 0.481906 0.127806 0.00687128 0
 0.0376549 0.599619 0.316969 0.0457579 0
 0.0361596 0.667082 0.258105 0.0386534 0
 0.158088 0.579412 0.248529 0.0139706 0
 0.0477256 0.309471 0.559284 0.082774 0.000745712
 0.0406174 0.521527 0.379366 0.0568643 0.0016247
 0.151134 0.462217 0.34131 0.0453401 0
 0.294876 0.26143 0.354403 0.0886775 0.000613685
pf_pred 
 0.304136 0.4756 0.196726 0.0235247 1.27804e-05
 0.285882 0.557879 0.122178 0.0305318 0.00352878
 0.156416 0.642859 0.171555 0.0229766 0.00619287
 0.273676 0.459853 0.228128 0.0329757 0.00536652
 0.281962 0.495312 0.159657 0.0541888 0.00888042
 0.14803 0.583525 0.203597 0.0467732 0.0180745
 0.249748 0.39785 0.270955 0.0621943 0.0192532
 0.20204 0.548578 0.156025 0.0722051 0.0211514
 0.248504 0.483781 0.207853 0.0378768 0.0219847
 0.236271 0.541173 0.165195 0.044849 0.0125126
 0.139716 0.587471 0.21542 0.0429161 0.0144777
 0.144807 0.494537 0.282949 0.0618217 0.0158859
 0.230522 0.462438 0.213307 0.0740782 0.0196542
 0.215364 0.616307 0.124494 0.0308594 0.0129755
 0.292184 0.602121 0.0957808 0.00746512 0.00244861
 0.32886 0.603241 0.0639991 0.00355966 0.000340537
 0.213004 0.639684 0.138684 0.00815155 0.000476532
 0.252964 0.50604 0.211879 0.0274674 0.00164918
 0.222331 0.55043 0.174573 0.0464729 0.00619292
 0.281177 0.471553 0.194974 0.0404411 0.0118559
 0.248224 0.542452 0.156153 0.0421799 0.0109908
 0.22619 0.507787 0.210389 0.041761 0.013873
 0.253025 0.478284 0.198209 0.0560379 0.0144444
pobs_RECLAS
 0 0 0 0 0
 0 0 0 0 0
 0 0 0 0 0
 0 0 0 0 0
 0.835266 0.146461 0.0176864 0.000547809 3.91292e-05
 0.385257 0.428462 0.181853 0.0044286 0
 0.867414 0.0963971 0.0333333 0.00285562 0
 0.441836 0.489002 0.0689373 0.000224442 0
 0.779404 0.147425 0.0564933 0.0165055 0.000172143
 0.814271 0.122319 0.05973 0.00367925 0
 0.40263 0.566651 0.0304383 0.000280538 0
 0.475488 0.404961 0.113038 0.00651328 0
 0.955842 0.0263864 0.0167828 0.000988607 0
 0.975058 0.0227948 0.00214734 0 0
 0.738997 0.206755 0.0527124 0.00153531 0
 0.850938 0.134255 0.0134407 0.00136685 0
 0.542534 0.407297 0.0501686 0 0
 0.764087 0.199537 0.0359546 0.000420521 0
 0.470689 0.182191 0.310203 0.0369168 0
 0.84361 0.089868 0.0606195 0.00523954 0.000663233
 0.607945 0.314616 0.071237 0.00620181 0
 0.523733 0.453247 0.0230204 0 0
 0.530135 0.295979 0.169645 0.0042399 0
ppred_RECLAS
 0.71684 0.21185 0.0637706 0.00753534 4.09894e-06
 0.69129 0.256372 0.0410294 0.0101351 0.00117289
 0.524582 0.389938 0.0732112 0.00966119 0.00260686
 0.679363 0.223873 0.0829538 0.0118746 0.00193517
 0.682222 0.237649 0.0575857 0.0193656 0.00317809
 0.493693 0.377714 0.0977629 0.022229 0.00860155
 0.658605 0.205664 0.104588 0.0237735 0.00736963
 0.588889 0.308121 0.0646866 0.0296162 0.00868711
 0.655783 0.244806 0.0773638 0.0139434 0.00810373
 0.633211 0.281256 0.0636514 0.0171027 0.00477799
 0.486292 0.384549 0.102242 0.020121 0.00679629
 0.50232 0.325159 0.135683 0.0292994 0.00753846
 0.65233 0.237179 0.0770977 0.0263851 0.00700821
 0.659028 0.291731 0.0366541 0.00886011 0.00372745
 0.750649 0.225836 0.0213669 0.00161798 0.000530892
 0.734029 0.246308 0.0185486 0.00101729 9.74314e-05
 0.602561 0.340578 0.0535678 0.00311044 0.00018206
 0.658314 0.253036 0.0780411 0.0100073 0.000601645
 0.614837 0.295081 0.069368 0.0182757 0.00243868
 0.689364 0.223873 0.0685589 0.0140726 0.00413114
 0.643702 0.276623 0.0595764 0.0159389 0.00415895
 0.62024 0.273099 0.0845198 0.0166141 0.0055268
 0.656134 0.242538 0.0749362 0.0209775 0.00541459
pobs_PELACES
 0 0 0 0 0
 0 0 0 0 0
 0 0 0 0 0
 0 0 0 0 0
 0 0 0 0 0
 0 0 0 0 0
 0 0 0 0 0
 0 0 0 0 0
 0 0 0 0 0
 0 0 0 0 0
 0.450072 0.473896 0.0757376 0.000293798 0
 0 0 0 0 0
 0.463077 0.371075 0.160297 0.00555027 0
 0.529543 0.364841 0.0842815 0.0213345 0
 0.631943 0.363953 0.00410389 0 0
 0.735681 0.248677 0.0153453 0.000297389 0
 0.695825 0.281241 0.0229344 0 0
 0.275771 0.60734 0.115278 0.00161068 0
 0 0 0 0 0
 0.896147 0.0623911 0.0374545 0.00400742 0
 0.803859 0.145111 0.0509908 3.86294e-05 0
 0.739449 0.233085 0.0266225 0.000797448 4.60066e-05
 0.878498 0.100942 0.0204185 0.000141795 0
ppred_PELACES
 0.755809 0.189593 0.0489279 0.00566771 3.0739e-06
 0.726747 0.232428 0.0321388 0.00778729 0.000898551
 0.599746 0.339862 0.0519045 0.00668789 0.00179885
 0.694022 0.219685 0.0741417 0.0104524 0.00169877
 0.683488 0.240911 0.0545402 0.0180985 0.00296241
 0.52093 0.367731 0.0849996 0.0190056 0.0073337
 0.67636 0.202484 0.0936978 0.0209739 0.00648411
 0.621508 0.292739 0.0542267 0.024392 0.00713441
 0.69068 0.228446 0.0632069 0.0111855 0.00648223
 0.658374 0.269001 0.0542864 0.0143423 0.00399559
 0.540264 0.357818 0.0810304 0.015625 0.0052619
 0.553734 0.306762 0.110186 0.0233325 0.00598559
 0.722823 0.201285 0.0533437 0.0178282 0.00472039
 0.776676 0.199558 0.0178485 0.00417002 0.00174781
 0.852951 0.137302 0.00888633 0.000648423 0.000211935
 0.781472 0.205062 0.0127188 0.000681745 6.50906e-05
 0.648601 0.307658 0.0412562 0.00234742 0.00013699
 0.690614 0.236709 0.0641181 0.00807498 0.000484084
 0.640849 0.282575 0.0592002 0.0153351 0.00204056
 0.714639 0.212407 0.0578606 0.0116757 0.00341787
 0.654739 0.273408 0.0539359 0.0142173 0.00369977
 0.63568 0.268948 0.0758235 0.014679 0.00486984
 0.67426 0.236602 0.066199 0.0182428 0.00469585
pobs_pel_tallas
 0 0 0 0 0 0 0 0 0 0 0 0 0 0 0 0 0 0 0 0 0 0 0 0 0 0 0 0 0 0 0 0 0 0 0 0
 0 0 0 0 0 0 0 0 0 0 0 0 0 0 0 0 0 0 0 0 0 0 0 0 0 0 0 0 0 0 0 0 0 0 0 0
 0 0 0 0 0 0 0 0 0 0 0 0 0 0 0 0 0 0 0 0 0 0 0 0 0 0 0 0 0 0 0 0 0 0 0 0
 0 0 0 0 0 0 0 0 0 0 0 0 0 0 0 0 0 0 0 0 0 0 0 0 0 0 0 0 0 0 0 0 0 0 0 0
 0 0 0 0 0 0 0 0 0 0 0 0 0 0 0 0 0 0 0 0 0 0 0 0 0 0 0 0 0 0 0 0 0 0 0 0
 0 0 0 0 0 0 0 0 0 0 0 0 0 0 0 0 0 0 0 0 0 0 0 0 0 0 0 0 0 0 0 0 0 0 0 0
 0 0 0 0 0 0 0 0 0 0 0 0 0 0 0 0 0 0 0 0 0 0 0 0 0 0 0 0 0 0 0 0 0 0 0 0
 0 0 0 0 0 0 0 0 0 0 0 0 0 0 0 0 0 0 0 0 0 0 0 0 0 0 0 0 0 0 0 0 0 0 0 0
 0 0 0 0 0 0 0 0 0 0 0 0 0 0 0 0 0 0 0 0 0 0 0 0 0 0 0 0 0 0 0 0 0 0 0 0
 0 0 0 0 0 0 0 0 0 0 0 0 0 0 0 0 0 0 0 0 0 0 0 0 0 0 0 0 0 0 0 0 0 0 0 0
 0 0 0 0 0 0 0 0 1.78061e-05 0.00172719 0.00360574 0.0105946 0.0120993 0.0124554 0.0147524 0.0171206 0.0266825 0.0428682 0.0675386 0.121331 0.153587 0.119568 0.100827 0.0573624 0.0630603 0.0341343 0.0324427 0.0444173 0.0211091 0.0280891 0.0125444 0.00206551 0 0 0 0
 0 0 0 0 0 0 0 0 0 0 0 0 0 0 0 0 0 0 0 0 0 0 0 0 0 0 0 0 0 0 0 0 0 0 0 0
 0 0 0 0 0 0 0.0133647 0.0140871 0.0187388 0.0205184 0.03894 0.0496705 0.03968 0.0493445 0.0407372 0.0367815 0.0215668 0.0243155 0.0234873 0.0199281 0.019796 0.0243948 0.0301388 0.0376714 0.0412746 0.0863199 0.0771752 0.113111 0.0741005 0.0525337 0.0229764 0.00759418 0.00175318 0 0 0
 0 0 0 0 0 0 0 0 0 0 0.00219441 0.00772107 0.0458388 0.0604681 0.0671733 0.0775358 0.0609151 0.0617685 0.073594 0.0568108 0.0755445 0.0548602 0.0670107 0.0636378 0.0643287 0.046367 0.0373049 0.0286899 0.0247887 0.0153202 0.00654259 0.00121912 0.000365735 0 0 0
 0 0 0 0 0 0 0 0 0 0 0 0 0.000112435 0.00938835 0.0111873 0.0202946 0.0414886 0.0713402 0.111592 0.104902 0.108894 0.110636 0.117776 0.105296 0.107544 0.0401394 0.0192827 0.0124803 0.00416011 0.0028671 0.000618394 0 0 0 0 0
 0 0 0 0 0 0 0 0 0 0 0.00291406 0.0102884 0.027416 0.0768956 0.0749926 0.110853 0.0956884 0.0897413 0.0766577 0.0534642 0.0500743 0.0551293 0.0594112 0.0620874 0.0668451 0.0424026 0.0208742 0.0120726 0.0048766 0.00582813 0.00118941 0.000297354 0 0 0 0
 0 0.00264628 0.0354308 0.0461629 0.0458689 0.0383711 0.0214643 0.0164657 0.0346957 0.0420465 0.0363128 0.0245516 0.0311673 0.0291091 0.0169068 0.0133784 0.00837989 0.0085269 0.0148486 0.0160247 0.0276389 0.0546898 0.0760071 0.122758 0.109233 0.0665981 0.0333725 0.0166128 0.00676272 0.00308733 0.000882094 0 0 0 0 0
 0 0 0 0 0 0 0 0.000805153 0.000690131 0.00759144 0.0133425 0.0154129 0.00931677 0.000345066 0.00356568 0.00563607 0.00851162 0.0253048 0.0502646 0.0516448 0.0657925 0.0565908 0.0611916 0.0827007 0.0866115 0.110766 0.145733 0.0935128 0.0569358 0.0249597 0.0138026 0.00621118 0.00161031 0.00115022 0 0
 0 0 0 0 0 0 0 0 0 0 0 0 0 0 0 0 0 0 0 0 0 0 0 0 0 0 0 0 0 0 0 0 0 0 0 0
 0.00147267 0.00158595 0.00478618 0.00569244 0.00954404 0.0108468 0.00647125 0.017049 0.0510054 0.094081 0.124002 0.0959785 0.0687766 0.0820023 0.061753 0.0591476 0.0492212 0.0479892 0.0443925 0.0268479 0.0217502 0.0140895 0.0121071 0.0120363 0.00920419 0.00665534 0.0049561 0.00860946 0.00930331 0.0156896 0.0114698 0.00855282 0.00243557 0.00046729 0 2.83206e-05
 0 0 0 0 0.000772559 0.00158375 0.000888443 0.00281984 0.00712685 0.0440552 0.0773331 0.111326 0.0921469 0.0852325 0.0710754 0.0886704 0.0786465 0.0553345 0.0373146 0.0185414 0.00753245 0.00457741 0.012979 0.0271748 0.0457355 0.0583668 0.034881 0.0177882 0.00938659 0.00492506 0.0015258 0.00185414 0.000309023 5.79419e-05 3.86279e-05 0
 0 0.00173294 0.00326652 0 0.00397197 0.00683976 0.00946217 0.0152591 0.00757587 0.0136028 0.0228656 0.0392903 0.0559909 0.0764795 0.0681675 0.0726916 0.0566044 0.0477403 0.0527397 0.0444891 0.0609904 0.0582453 0.0661739 0.0445044 0.0529084 0.0360697 0.0280645 0.0235558 0.0158879 0.00826598 0.00280645 0.00217768 0.000904811 0.00058276 9.20147e-05 0
 0 0 0 0 0 0 0 0 0 0 0 0 0 0 0 0 0 0 0 0 0 0 0 0 0 0 0 0 0 0 0 0 0 0 0 0
ppred_pel_tallas
 1.00952e-16 3.29772e-05 0.000193549 0.000920043 0.00354221 0.0110461 0.0279015 0.0570902 0.0946339 0.127092 0.138305 0.122003 0.0873514 0.0510145 0.0248245 0.0110478 0.00609081 0.00571803 0.00732651 0.00975631 0.0125046 0.0152389 0.0176421 0.0194198 0.0203543 0.0203524 0.0194638 0.0178618 0.0157945 0.0135247 0.0112775 0.00920914 0.00740142 0.00587508 0.0046122 0.00357797
 1.00842e-16 3.17117e-05 0.000186115 0.000884694 0.00340609 0.0106216 0.0268293 0.0548969 0.0909995 0.122215 0.133009 0.117359 0.0840858 0.049227 0.0241775 0.0111368 0.00666883 0.00671222 0.00876053 0.0116729 0.0149155 0.0180977 0.0208342 0.0227691 0.0236461 0.0233678 0.0220168 0.0198294 0.0171325 0.0142663 0.0115164 0.0090741 0.00702963 0.00539005 0.00411015 0.00312289
 1.01162e-16 2.61783e-05 0.000153619 0.000730182 0.00281115 0.00876622 0.022143 0.0453091 0.075111 0.10089 0.109836 0.0969977 0.0696829 0.0411691 0.020917 0.0108084 0.00807326 0.0094062 0.0127423 0.0170799 0.0218442 0.026512 0.0305283 0.0333727 0.0346691 0.0342727 0.032302 0.0291007 0.0251458 0.0209346 0.0168862 0.0132828 0.0102597 0.00783084 0.00593325 0.00447116
 1.01563e-16 3.02843e-05 0.000177736 0.000844861 0.00325273 0.0101433 0.0256213 0.052425 0.0869022 0.116713 0.127022 0.112078 0.0803062 0.0470234 0.0231135 0.0106808 0.00644932 0.00654882 0.00859604 0.0115138 0.0148052 0.0181078 0.0210596 0.0233177 0.0246235 0.0248574 0.0240615 0.022418 0.0201956 0.0176825 0.0151279 0.0127084 0.0105219 0.0086024 0.0069443 0.00552504
 1.01614e-16 2.98258e-05 0.000175042 0.00083205 0.0032034 0.00998947 0.0252327 0.0516301 0.0855852 0.114946 0.125104 0.110399 0.0791311 0.0463915 0.0229071 0.0107593 0.00673053 0.00701349 0.00925801 0.0123894 0.0158929 0.0193767 0.0224456 0.0247293 0.0259541 0.0260039 0.0249435 0.0229922 0.0204622 0.0176819 0.0149291 0.0123934 0.0101696 0.00827647 0.00668665 0.00535479
 1.02323e-16 2.27427e-05 0.000133447 0.000634273 0.00244186 0.00761462 0.0192342 0.0393577 0.0652474 0.0876483 0.095439 0.0843274 0.0606771 0.0360428 0.0186723 0.0102368 0.008368 0.0102246 0.0140237 0.018876 0.0242265 0.0295307 0.0341948 0.0376539 0.0394901 0.0395269 0.0378639 0.0348383 0.0309298 0.026643 0.0224062 0.018512 0.0151076 0.012223 0.00981591 0.00781504
 1.0242e-16 2.95135e-05 0.000173212 0.000823357 0.00316994 0.00988515 0.0249692 0.0510906 0.08469 0.113741 0.123785 0.109218 0.0782473 0.0457986 0.0224767 0.0103301 0.00616614 0.00621538 0.00816263 0.0109714 0.0141767 0.0174482 0.0204553 0.02288 0.0244745 0.0251109 0.0248023 0.0236856 0.0219756 0.0199074 0.0176879 0.0154676 0.0133371 0.0113407 0.00949584 0.00781092
 1.02037e-16 2.71253e-05 0.000159183 0.000756644 0.00291305 0.00908401 0.0229457 0.0469511 0.0778311 0.104539 0.113795 0.100461 0.0720999 0.0424547 0.0213079 0.0105854 0.00739359 0.00829333 0.0111493 0.0149545 0.0191747 0.0233549 0.02702 0.0297232 0.0311367 0.0311264 0.0297785 0.0273676 0.0242796 0.0209171 0.0176181 0.0146087 0.0119972 0.00979682 0.0079643 0.0064356
 1.01659e-16 3.01389e-05 0.000176882 0.000840797 0.00323708 0.0100945 0.025498 0.0521729 0.0864845 0.116153 0.126414 0.111546 0.0799363 0.0468284 0.0230577 0.0107215 0.00656301 0.00673165 0.00885397 0.0118519 0.0152205 0.0185849 0.0215699 0.0238221 0.025078 0.0252216 0.0243063 0.0225319 0.0201867 0.0175761 0.014961 0.0125215 0.0103519 0.00847665 0.00687776 0.00552048
 1.01538e-16 2.87318e-05 0.000168618 0.0008015 0.00308576 0.00962262 0.0243061 0.0497345 0.0824439 0.110731 0.120525 0.106378 0.0762949 0.0448201 0.022301 0.0107586 0.00710894 0.00769505 0.0102526 0.0137297 0.0175956 0.0214213 0.0247668 0.0272192 0.0284754 0.0284112 0.027106 0.0248136 0.0218923 0.0187173 0.0156059 0.012773 0.0103245 0.00827777 0.00659539 0.00521818
 1.0205e-16 2.35854e-05 0.000138395 0.000657799 0.00253245 0.0078971 0.0199477 0.0408176 0.0676668 0.0908961 0.0989696 0.087433 0.0628812 0.0372909 0.0192065 0.0103498 0.00825327 0.0099615 0.0136233 0.0183241 0.0235074 0.0286389 0.0331389 0.0364575 0.0381885 0.0381618 0.0364773 0.0334668 0.0296018 0.0253783 0.0212173 0.0174069 0.0140924 0.0113028 0.00899528 0.00709731
 1.02746e-16 2.41707e-05 0.000141836 0.000674168 0.00259549 0.00809371 0.0204443 0.0418332 0.0693487 0.0931504 0.101411 0.0895582 0.0643412 0.0380195 0.0193307 0.0100167 0.00752788 0.00882466 0.012018 0.0162053 0.0208814 0.0255872 0.0298277 0.0331259 0.0351184 0.0356324 0.0347173 0.0326149 0.0296864 0.0263199 0.0228509 0.0195171 0.0164516 0.0137034 0.0112715 0.00913525
 1.01657e-16 3.15394e-05 0.000185106 0.000879904 0.00338766 0.0105641 0.0266841 0.0545995 0.0905058 0.12155 0.132279 0.1167 0.0835813 0.048867 0.0238813 0.0108018 0.0062026 0.00604177 0.00783368 0.0104648 0.0134406 0.0164199 0.0190711 0.0210836 0.022226 0.0223959 0.0216397 0.0201312 0.0181214 0.0158753 0.013618 0.0115042 0.00961303 0.00796397 0.00654087 0.00531455
 1.00544e-16 3.38875e-05 0.000198892 0.000945443 0.00364001 0.011351 0.0286718 0.0586665 0.0972467 0.130601 0.142124 0.125372 0.0897643 0.0524248 0.025512 0.0113533 0.00625346 0.00585512 0.00747607 0.00991431 0.0126413 0.0153037 0.0175673 0.0191274 0.0197679 0.0194112 0.0181369 0.0161575 0.0137633 0.0112545 0.00888131 0.00680931 0.00511315 0.00379263 0.00280018 0.00206851
 1.00204e-16 3.72109e-05 0.000218409 0.00103824 0.00399733 0.0124653 0.0314864 0.0644248 0.106789 0.143409 0.156042 0.137603 0.0984189 0.0572725 0.0274849 0.0115751 0.00544884 0.00429536 0.00516707 0.00677706 0.00861895 0.010415 0.0119284 0.0129488 0.0133287 0.0130171 0.0120727 0.0106462 0.0089426 0.00717326 0.00551423 0.00408182 0.00292784 0.00205063 0.00141435 0.000968399
 1.00274e-16 3.40968e-05 0.000200121 0.000951283 0.00366249 0.0114211 0.0288489 0.0590289 0.0978475 0.131408 0.143003 0.126149 0.0903249 0.0527602 0.0256899 0.0114569 0.00634358 0.00596534 0.00762139 0.0100981 0.0128575 0.015536 0.0177893 0.0193047 0.019862 0.0193859 0.0179641 0.0158229 0.0132692 0.0106194 0.00813705 0.00599633 0.00427467 0.00296942 0.00202653 0.00136976
 1.00773e-16 2.83073e-05 0.000166121 0.000789624 0.00304003 0.00947998 0.0239459 0.0489977 0.0812237 0.109095 0.118755 0.104838 0.0752395 0.0442988 0.022224 0.0110225 0.00767089 0.00857423 0.011496 0.015375 0.0196415 0.023809 0.0273717 0.0298587 0.0309313 0.0304628 0.0285669 0.0255623 0.0218895 0.0180068 0.0142997 0.0110278 0.00831398 0.00616833 0.00452855 0.00330074
 1.01288e-16 3.01364e-05 0.000176866 0.000840722 0.00323679 0.0100936 0.0254957 0.0521682 0.086477 0.116143 0.126406 0.111544 0.0799439 0.0468523 0.0231054 0.0108037 0.00669349 0.00692612 0.00912712 0.0122134 0.0156705 0.0191104 0.0221427 0.0244001 0.0256097 0.0256531 0.0245897 0.0226321 0.0200865 0.017278 0.0144849 0.0119013 0.00962966 0.00769739 0.00608484 0.00475181
 1.01555e-16 2.79682e-05 0.000164133 0.000780177 0.00300366 0.00936658 0.0236594 0.0484113 0.0802513 0.107788 0.117327 0.103568 0.0743054 0.0437045 0.0218447 0.0107029 0.00728659 0.00804324 0.0107698 0.0144347 0.0185028 0.022529 0.0260514 0.0286359 0.0299633 0.0299016 0.0285329 0.0261228 0.0230468 0.0196991 0.0164133 0.0134168 0.0108227 0.00865153 0.00686606 0.00540577
 1.01452e-16 3.1183e-05 0.000183013 0.000869949 0.00334933 0.0104446 0.0263822 0.0539818 0.0894823 0.120177 0.130788 0.115392 0.0826611 0.0483626 0.0236974 0.0108244 0.00636236 0.00631877 0.00823608 0.0110072 0.0141301 0.0172482 0.0200109 0.0220892 0.0232384 0.0233508 0.0224773 0.0208045 0.018602 0.0161553 0.0137084 0.0114301 0.00940865 0.00766712 0.00618863 0.00494011
 1.01517e-16 2.85735e-05 0.000167688 0.000797077 0.00306873 0.00956951 0.024172 0.04946 0.0819892 0.11012 0.119862 0.105797 0.0758849 0.0445937 0.0222152 0.0107617 0.00716874 0.00780113 0.0104069 0.0139373 0.0178587 0.0217364 0.0251233 0.0275996 0.028858 0.028773 0.0274264 0.0250777 0.0220927 0.0188541 0.0156853 0.0128055 0.0103223 0.00825266 0.00655749 0.00517531
 1.01896e-16 2.77423e-05 0.000162808 0.00077388 0.00297942 0.00929099 0.0234684 0.0480206 0.0796032 0.106916 0.116376 0.102723 0.0736886 0.0433196 0.0216119 0.0105232 0.00708343 0.00776869 0.0103981 0.0139581 0.0179329 0.0218998 0.0254202 0.028078 0.0295623 0.0297355 0.0286596 0.0265687 0.0238016 0.0207177 0.0176246 0.0147355 0.0121629 0.00993722 0.00803932 0.00642959
 1.01864e-16 2.94233e-05 0.00017268 0.000820818 0.00316015 0.00985461 0.0248921 0.0509331 0.0844298 0.113394 0.123416 0.108909 0.0780641 0.0457676 0.0226026 0.0106233 0.00665691 0.00694992 0.00918696 0.0123118 0.0158207 0.019331 0.0224557 0.0248291 0.0261779 0.0263803 0.0254891 0.0237076 0.02133 0.0186685 0.0159891 0.0134757 0.0112244 0.00926104 0.00756906 0.00611587
pSPR Fmed_Fpbrs
0.516075   0.6 0.325
Fs Fmed_Fpbrs
0.64   0.447454 1.53282
SSBpbr Bo_Bmed_Bpbrs
840836  391892  462460 231230
Ro
34525.7
SPR SPRFo_SPRFmed_SPRFpbrs
711644 367261 231284
log_Ro
10.2695
likeval ReclasPelacesDesembMPH_pf_preclas_ppelaces_ptallas_desvR_qrecl_qpela
 62.9755 14.9176 0.00854218 0.000429229 290.63 163.121 42.9035 0 15.2786 6.31955e-06 7.97391e-05 1.95317e-14 0 0 0
q_reclas_q_pelaces
0.700314 3.56236
M
0.7
N
 36330.5 10912.7 3543.39 417.698 0.226753
 44294.3 16299.2 2780.85 684.67 79.07
 22546.3 20044.4 4395.92 582.233 156.837
 34359 9540.99 3479.35 493.414 80.2175
 60775.3 16487.7 3783.25 1256.71 205.713
 43781.5 30001.1 7873.68 1777.63 686.292
 77881.5 20554.2 10302 2320.13 717.508
 76745.9 37333.2 8093.74 3684.55 1078.39
 99994.9 35550.4 11739.2 2105.6 1221.12
 114902 45921.3 10561.5 2818.22 785.544
 65663.6 53854.3 15598.9 3064.81 1033.15
 45011.7 29245.8 13083.8 2817.25 723.372
 46976.6 20284.7 7675.65 2635.81 698.907
 24904.9 19929.5 3579.99 882.012 370.742
 14768.5 9086.37 1305.55 101.227 33.194
 13349.3 5154.78 444.964 24.4585 2.33837
 9800.65 5727.81 979.994 56.8043 3.31827
 12054 4369.88 1401.6 178.801 10.7263
 12839.9 5554.96 1328.3 347.563 46.2734
 20424 6014.04 1878.73 383.082 112.204
 26827.4 9546.37 2006.22 531.386 138.318
 34932.4 12954.7 3944.84 768.19 254.933
 52871.7 16765.9 5142.88 1427.21 367.514
pred_Ctot
 2537.63 3968.28 1641.43 196.284 0.106636
 2841.44 5544.88 1214.35 303.462 35.0733
 2419.3 9943.18 2653.47 355.381 95.7858
 833.546 1400.59 694.819 100.435 16.345
 259.358 455.604 146.857 49.8446 8.16849
 1724.65 6798.44 2372.04 544.938 210.58
 1946.96 3101.51 2112.28 484.847 150.092
 3723 10108.7 2875.08 1330.53 389.757
 5433.12 10577 4544.34 828.111 480.658
 4655.81 10664 3255.22 883.766 246.565
 4899.23 20600 7553.83 1504.88 507.671
 3010.9 10282.7 5883.22 1285.43 330.309
 4966.55 9963.15 4595.67 1596 423.445
 4836.58 13840.8 2795.84 693.031 291.399
 3220.24 6636.13 1055.62 82.275 26.9868
 1316.26 2414.48 256.157 14.2476 1.363
 724.228 2174.97 471.537 27.7159 1.62024
 626.691 1253.66 524.907 68.0475 4.08566
 526.103 1302.49 413.093 109.969 14.6543
 866.022 1452.38 600.517 124.558 36.5161
 532.955 1164.68 335.271 90.5633 23.598
 843.116 1892.76 784.221 155.663 51.7111
 1518.74 2870.83 1189.72 336.359 86.7001
F
 0.101542 0.66717 0.943901 0.964967 0.966102
 0.0929076 0.610439 0.863639 0.882914 0.883952
 0.159976 1.0511 1.48708 1.52027 1.52206
 0.0342466 0.225013 0.318345 0.32545 0.325833
 0.00594958 0.0390911 0.0553054 0.0565397 0.0566062
 0.0561444 0.368891 0.521901 0.533549 0.534176
 0.0353062 0.231976 0.328195 0.33552 0.335915
 0.0695472 0.456952 0.646488 0.660917 0.661694
 0.0781897 0.513737 0.726826 0.743048 0.743921
 0.0577936 0.379726 0.537231 0.549221 0.549867
 0.108808 0.714909 1.01144 1.03401 1.03523
 0.0970541 0.637683 0.902184 0.922319 0.923404
 0.15745 1.03451 1.4636 1.49627 1.49803
 0.308289 2.02558 2.86575 2.92971 2.93316
 0.352572 2.31654 3.2774 3.35055 3.35449
 0.14613 0.960133 1.35838 1.3887 1.39033
 0.107714 0.707722 1.00127 1.02362 1.02482
 0.0747035 0.490831 0.69442 0.709918 0.710753
 0.0584584 0.384095 0.543411 0.555539 0.556192
 0.0605511 0.397844 0.562864 0.575426 0.576102
 0.0279667 0.183752 0.259969 0.265771 0.266084
 0.0340685 0.223843 0.31669 0.323758 0.324138
 0.0406643 0.26718 0.378002 0.386438 0.386893
Np
 24329.5 11526.7 9190.97 2044.23 732.284
YTP_r0W_actual
 11559.7 78948.9 44854 16545.7 5360.23
YTP_p0W_proyectada
 6608.85 105953 52259.3 18659.1 7627.07
 6608.85 48446.4 75359.7 21796.4 8672.96
CTP_r0_actual
 1751.47 3262.35 1342.93 379.488 97.8144
CTP_p0_proyectada
 805.958 4905.24 1664.31 465.315 171.395
 805.958 2242.89 2399.99 543.552 194.898
Wmedp
 8.2 21.6 31.4 40.1 44.5
nmprior
 10.8 10.6 4.6 0
nm_flota  nm_reclas  nm_pelaces    nm_pelaL
inf 18.3882 11.6321 14.867
cv_recla  cv_pelaces  cv_mph
0.752847 0.473038 0.598072
 ------------------------------------------------
Talla a la edad & desviaci?n 
 7.2 14.2025 17.0495 18.207 18.6776
 1.08 2.13037 2.55742 2.73105 2.80164
