years
 1997 1998 1999 2000 2001 2002 2003 2004 2005 2006 2007 2008 2009 2010 2011 2012 2013 2014 2015 2016 2017 2018 2019
reclasobs
 0 0 0 370054 412103 1.49427e+06 250295 1.28982e+06 931140 785840 897777 1.04006e+06 184774 17550 25797 100020 73551 82996 120727 218422 84188 347160 605670
reclaspred
 560099 141059 360559 220847 320974 370726 793631 573830 748144 808211 698518 481180 283824 117163 78011.8 70867 70011.4 91373.9 108101 151663 236221 245868 439966
pelacesobs
 0 0 0 0 0 0 0 0 0 2.06254e+06 1.5e+06 0 1.87456e+06 323000 250000 174000 83755 137374 0 501740 490994 745055 786931
pelacespred
 2.139e+06 526996 716514 754055 959339 857087 2.19919e+06 1.81003e+06 2.20438e+06 2.40709e+06 1.81325e+06 1.30482e+06 744431 236777 164189 163381 167272 226488 268590 373732 687819 681126 989198
mphobs
 0 0 0 0 0 0 112323 0 153150 637223 0 255016 313432 73983 77613 109348 50772 17779 17303 59886 28197 0 207744
mphpred
 194561 107138 115824 109066 111434 173196 237146 294478 279683 345002 359022 252955 151370 118729 52641.1 45332.1 41040.4 48742.7 29472.7 35404 56347.5 76022.6 103236
desembarqueobs
 350755 77701 442110 56441 14545 235359 269955 359681 431902 328805 639364 411747 362871 311530 167758 66681 60226 58785 57116 73181 50977 67692 138656
desembarquepred
 350758 77698.4 442082 56444 14545.3 235471 270007 359620 431836 328804 639295 411746 363049 311619 167591 66694.8 60273 58774.4 57088.9 73177.9 50976.8 67673.8 138653
Reclutas
 38106.3 46618 21888.6 29623.5 51541.9 34852.5 70663.4 74931.3 117279 120736 67045.9 45640.9 43217.1 27364.7 16243.1 11692.2 8022.35 11143 14084.7 18564.8 28320.6 42014.7 55145.2
log_desv_Rt
 0.11506 0.316669 -0.439351 -0.136751 0.417077 0.0258076 0.732609 0.791253 1.23924 1.26829 0.680059 0.295485 0.240918 -0.216065 -0.737648 -1.0664 -1.44309 -1.11451 -0.880228 -0.604053 -0.181728 0.212701 0.484652
SSB
 513781 282921 305858 288012 294266 457363 607790 767694 720070 891684 948076 667984 414076 201784 93976.3 80903.6 77279.2 86855 113302 143869 214863 282202 394370
BT
 1.66266e+06 419396 677604 486103 569090 643836 1.54905e+06 1.45841e+06 1.75992e+06 1.72084e+06 1.59267e+06 1.1096e+06 790208 434604 241749 149782 147706 183535 201529 275824 450028 437831 646679
Ftot
 0.629541 0.581164 1.00747 0.240858 0.0476809 0.496 0.350684 0.633854 0.657035 0.408526 0.755511 0.700769 1.13732 2.26407 2.19324 0.861049 0.805142 0.663515 0.49909 0.469492 0.219089 0.254185 0.270503
BD_Bspro_t
 0.924387 0.67049 0.588756 0.396143 0.528729 0.690428 0.619383 0.642245 0.591461 0.593573 0.576649 0.418137 0.311611 0.202024 0.118331 0.124435 0.161767 0.236103 0.341067 0.455308 0.580632 0.702884 0.735569
BD_Bspro
 0.733892 0.404128 0.436892 0.4114 0.420333 0.653303 0.868175 1.09658 1.02856 1.27369 1.35424 0.954157 0.591472 0.288231 0.134237 0.115564 0.110387 0.124065 0.161842 0.205504 0.306914 0.4031 0.563323
BD_Bo
 0.541626 0.298255 0.322434 0.303621 0.310214 0.48215 0.64073 0.8093 0.759095 0.940009 0.999458 0.704186 0.436518 0.21272 0.0990694 0.0852882 0.0814674 0.0915621 0.119443 0.151666 0.226508 0.297496 0.415743
BD_Brms
 0.984775 0.542281 0.586244 0.552038 0.564025 0.876636 1.16496 1.47145 1.38017 1.70911 1.8172 1.28034 0.793668 0.386763 0.180126 0.155069 0.148123 0.166477 0.217169 0.275756 0.411833 0.540901 0.755897
S_f
 0.150645 1 1 1 1
 0.150645 1 1 1 1
 0.150645 1 1 1 1
 0.150645 1 1 1 1
 0.150645 1 1 1 1
 0.150645 1 1 1 1
 0.150645 1 1 1 1
 0.150645 1 1 1 1
 0.150645 1 1 1 1
 0.150645 1 1 1 1
 0.150645 1 1 1 1
 0.150645 1 1 1 1
 0.150645 1 1 1 1
 0.150645 1 1 1 1
 0.150645 1 1 1 1
 0.150645 1 1 1 1
 0.150645 1 1 1 1
 0.150645 1 1 1 1
 0.150645 1 1 1 1
 0.150645 1 1 1 1
 0.150645 1 1 1 1
 0.150645 1 1 1 1
 0.150645 1 1 1 1
Scru_reclas
 0.708095 0.990594 0.999781 0.999995 1
 0.708095 0.990594 0.999781 0.999995 1
 0.708095 0.990594 0.999781 0.999995 1
 0.708095 0.990594 0.999781 0.999995 1
 0.708095 0.990594 0.999781 0.999995 1
 0.708095 0.990594 0.999781 0.999995 1
 0.708095 0.990594 0.999781 0.999995 1
 0.708095 0.990594 0.999781 0.999995 1
 0.708095 0.990594 0.999781 0.999995 1
 0.708095 0.990594 0.999781 0.999995 1
 0.708095 0.990594 0.999781 0.999995 1
 0.708095 0.990594 0.999781 0.999995 1
 0.708095 0.990594 0.999781 0.999995 1
 0.708095 0.990594 0.999781 0.999995 1
 0.708095 0.990594 0.999781 0.999995 1
 0.708095 0.990594 0.999781 0.999995 1
 0.708095 0.990594 0.999781 0.999995 1
 0.708095 0.990594 0.999781 0.999995 1
 0.708095 0.990594 0.999781 0.999995 1
 0.708095 0.990594 0.999781 0.999995 1
 0.708095 0.990594 0.999781 0.999995 1
 0.708095 0.990594 0.999781 0.999995 1
 0.708095 0.990594 0.999781 0.999995 1
Scru_pelaces
 0.714817 1 1 1 1
 0.714817 1 1 1 1
 0.714817 1 1 1 1
 0.714817 1 1 1 1
 0.714817 1 1 1 1
 0.714817 1 1 1 1
 0.714817 1 1 1 1
 0.714817 1 1 1 1
 0.714817 1 1 1 1
 0.714817 1 1 1 1
 0.714817 1 1 1 1
 0.714817 1 1 1 1
 0.714817 1 1 1 1
 0.714817 1 1 1 1
 0.714817 1 1 1 1
 0.714817 1 1 1 1
 0.714817 1 1 1 1
 0.714817 1 1 1 1
 0.714817 1 1 1 1
 0.714817 1 1 1 1
 0.714817 1 1 1 1
 0.714817 1 1 1 1
 0.714817 1 1 1 1
pf_obs 
 0.256992 0.487395 0.22802 0.0275931 0
 0.321318 0.546541 0.124235 0.00734118 0.000564706
 0.182869 0.594174 0.210203 0.0122559 0.00049798
 0.330522 0.361315 0.267642 0.0388342 0.00168674
 0.649043 0.306663 0.0425973 0.00169635 0
 0.582887 0.30429 0.105238 0.00758474 0
 0.465427 0.430635 0.0974691 0.00646863 0
 0.296916 0.608066 0.0921331 0.00288517 0
 0.311714 0.524322 0.152257 0.0117073 0
 0.15457 0.633149 0.183074 0.0267441 0.00246327
 0.131901 0.49318 0.331252 0.0422183 0.00144891
 0.196976 0.569456 0.194076 0.0375587 0.00193317
 0.518974 0.381816 0.0799577 0.0180837 0.00116848
 0.0928022 0.601141 0.25162 0.0475244 0.00691264
 0.122501 0.610282 0.24278 0.0234846 0.000952079
 0.383417 0.481906 0.127806 0.00687128 0
 0.0376549 0.599619 0.316969 0.0457579 0
 0.0361596 0.667082 0.258105 0.0386534 0
 0.158088 0.579412 0.248529 0.0139706 0
 0.0477256 0.309471 0.559284 0.082774 0.000745712
 0.0406174 0.521527 0.379366 0.0568643 0.0016247
 0.151134 0.462217 0.34131 0.0453401 0
 0.294876 0.26143 0.354403 0.0886775 0.000613685
pf_pred 
 0.29812 0.493088 0.186493 0.0222899 9.28895e-06
 0.284594 0.568164 0.103441 0.039123 0.00467799
 0.145312 0.665768 0.150037 0.0273161 0.0115667
 0.254513 0.487678 0.200823 0.0452573 0.0117287
 0.285735 0.512842 0.131765 0.0542604 0.015397
 0.152679 0.619329 0.163698 0.0420594 0.0222346
 0.312596 0.415453 0.198776 0.0525396 0.0206354
 0.248759 0.587274 0.0990986 0.0474142 0.0174545
 0.330506 0.502747 0.130353 0.0219962 0.0143984
 0.246639 0.617616 0.101936 0.0264301 0.00737929
 0.144591 0.621353 0.191882 0.0316696 0.010504
 0.155067 0.525008 0.232388 0.0717644 0.015773
 0.227883 0.489376 0.175684 0.0777643 0.0292928
 0.256507 0.579326 0.104051 0.0373539 0.0227624
 0.301077 0.621844 0.0600598 0.0107871 0.00623238
 0.26987 0.661482 0.061078 0.00589913 0.00167167
 0.198392 0.634506 0.15139 0.0139787 0.0017327
 0.299178 0.498696 0.159991 0.0381732 0.00396163
 0.287672 0.568361 0.102445 0.0328664 0.0086556
 0.282986 0.555134 0.129162 0.0232811 0.00943604
 0.292345 0.543124 0.127385 0.0296384 0.00750749
 0.277635 0.543919 0.136957 0.032122 0.0093669
 0.253227 0.554564 0.144728 0.0364419 0.0110395
pobs_RECLAS
 0 0 0 0 0
 0 0 0 0 0
 0 0 0 0 0
 0 0 0 0 0
 0.835266 0.146461 0.0176864 0.000547809 3.91292e-05
 0.385257 0.428462 0.181853 0.0044286 0
 0.867414 0.0963971 0.0333333 0.00285562 0
 0.441836 0.489002 0.0689373 0.000224442 0
 0.779404 0.147425 0.0564933 0.0165055 0.000172143
 0.814271 0.122319 0.05973 0.00367925 0
 0.40263 0.566651 0.0304383 0.000280538 0
 0.475488 0.404961 0.113038 0.00651328 0
 0.955842 0.0263864 0.0167828 0.000988607 0
 0.975058 0.0227948 0.00214734 0 0
 0.738997 0.206755 0.0527124 0.00153531 0
 0.850938 0.134255 0.0134407 0.00136685 0
 0.542534 0.407297 0.0501686 0 0
 0.764087 0.199537 0.0359546 0.000420521 0
 0.470689 0.182191 0.310203 0.0369168 0
 0.84361 0.089868 0.0606195 0.00523954 0.000663233
 0.607945 0.314616 0.071237 0.00620181 0
 0.523733 0.453247 0.0230204 0 0
 0.530135 0.295979 0.169645 0.0042399 0
ppred_RECLAS
 0.677977 0.225605 0.0861185 0.0102952 4.29038e-06
 0.662659 0.267397 0.0491345 0.0185873 0.00222252
 0.467994 0.41356 0.0940638 0.0171292 0.00725317
 0.62089 0.247207 0.102743 0.0231589 0.00600178
 0.654915 0.247119 0.0640817 0.0263942 0.0074897
 0.468759 0.387325 0.103326 0.0265533 0.0140374
 0.687291 0.1883 0.0909286 0.024039 0.00944156
 0.621672 0.29515 0.0502665 0.0240554 0.00885552
 0.710541 0.216861 0.0567496 0.00957816 0.00626978
 0.614304 0.315668 0.0525833 0.0136368 0.00380742
 0.459143 0.39187 0.122137 0.0201627 0.00668745
 0.47795 0.323239 0.144404 0.0446035 0.00980339
 0.607983 0.247616 0.0897179 0.0397209 0.0149624
 0.687523 0.242979 0.0440454 0.0158155 0.00963758
 0.730528 0.239508 0.023347 0.00419418 0.00242324
 0.652937 0.314156 0.0292767 0.00282825 0.000801463
 0.555648 0.351043 0.0845342 0.00780715 0.000967724
 0.679828 0.22722 0.0735725 0.0175578 0.00182217
 0.664362 0.267299 0.0486266 0.0156037 0.00410936
 0.658593 0.263773 0.061941 0.011167 0.00452613
 0.664538 0.25691 0.0608147 0.0141527 0.00358493
 0.648767 0.26386 0.0670552 0.0157305 0.00458711
 0.619968 0.281541 0.0741568 0.0186764 0.00565774
pobs_PELACES
 0 0 0 0 0
 0 0 0 0 0
 0 0 0 0 0
 0 0 0 0 0
 0 0 0 0 0
 0 0 0 0 0
 0 0 0 0 0
 0 0 0 0 0
 0 0 0 0 0
 0 0 0 0 0
 0.450072 0.473896 0.0757376 0.000293798 0
 0 0 0 0 0
 0.463077 0.371075 0.160297 0.00555027 0
 0.529543 0.364841 0.0842815 0.0213345 0
 0.631943 0.363953 0.00410389 0 0
 0.735681 0.248677 0.0153453 0.000297389 0
 0.695825 0.281241 0.0229344 0 0
 0.275771 0.60734 0.115278 0.00161068 0
 0 0 0 0 0
 0.896147 0.0623911 0.0374545 0.00400742 0
 0.803859 0.145111 0.0509908 3.86294e-05 0
 0.739449 0.233085 0.0266225 0.000797448 4.60066e-05
 0.878498 0.100942 0.0204185 0.000141795 0
ppred_PELACES
 0.715796 0.199661 0.0755145 0.00902561 3.76127e-06
 0.69846 0.239478 0.0436 0.0164901 0.00197175
 0.53898 0.359117 0.0809302 0.0147344 0.00623908
 0.63739 0.23721 0.0976819 0.0220135 0.0057049
 0.658521 0.245182 0.062995 0.0259411 0.00736108
 0.504101 0.362466 0.0958054 0.0246155 0.0130129
 0.708779 0.176008 0.0842121 0.0222586 0.00874224
 0.662924 0.263505 0.0444647 0.0212744 0.00783169
 0.747343 0.189729 0.0491933 0.00830104 0.00543376
 0.641441 0.293952 0.0485158 0.0125793 0.00351214
 0.512625 0.35402 0.109326 0.018044 0.0059847
 0.527892 0.293349 0.129847 0.0400985 0.00881319
 0.681578 0.201819 0.0724524 0.0320701 0.0120804
 0.806155 0.151043 0.0271284 0.00973901 0.00593468
 0.833837 0.147838 0.0142788 0.00256456 0.0014817
 0.705616 0.266705 0.0246262 0.00237849 0.000674007
 0.610906 0.307984 0.0734837 0.00678513 0.000841037
 0.71943 0.19965 0.0640515 0.0152824 0.00158601
 0.695204 0.243194 0.0438349 0.0140631 0.00370361
 0.687986 0.241571 0.056206 0.0101309 0.00410616
 0.678558 0.246706 0.0578627 0.0134628 0.00341017
 0.665336 0.251992 0.0634505 0.0148817 0.00433958
 0.638216 0.268666 0.0701153 0.0176548 0.00534823
pobs_pel_tallas
 0 0 0 0 0 0 0 0 0 0 0 0 0 0 0 0 0 0 0 0 0 0 0 0 0 0 0 0 0 0 0 0 0 0 0 0
 0 0 0 0 0 0 0 0 0 0 0 0 0 0 0 0 0 0 0 0 0 0 0 0 0 0 0 0 0 0 0 0 0 0 0 0
 0 0 0 0 0 0 0 0 0 0 0 0 0 0 0 0 0 0 0 0 0 0 0 0 0 0 0 0 0 0 0 0 0 0 0 0
 0 0 0 0 0 0 0 0 0 0 0 0 0 0 0 0 0 0 0 0 0 0 0 0 0 0 0 0 0 0 0 0 0 0 0 0
 0 0 0 0 0 0 0 0 0 0 0 0 0 0 0 0 0 0 0 0 0 0 0 0 0 0 0 0 0 0 0 0 0 0 0 0
 0 0 0 0 0 0 0 0 0 0 0 0 0 0 0 0 0 0 0 0 0 0 0 0 0 0 0 0 0 0 0 0 0 0 0 0
 0 0 0 0 0 0 0 0 0 0 0 0 0 0 0 0 0 0 0 0 0 0 0 0 0 0 0 0 0 0 0 0 0 0 0 0
 0 0 0 0 0 0 0 0 0 0 0 0 0 0 0 0 0 0 0 0 0 0 0 0 0 0 0 0 0 0 0 0 0 0 0 0
 0 0 0 0 0 0 0 0 0 0 0 0 0 0 0 0 0 0 0 0 0 0 0 0 0 0 0 0 0 0 0 0 0 0 0 0
 0 0 0 0 0 0 0 0 0 0 0 0 0 0 0 0 0 0 0 0 0 0 0 0 0 0 0 0 0 0 0 0 0 0 0 0
 0 0 0 0 0 0 0 0 1.78061e-05 0.00172719 0.00360574 0.0105946 0.0120993 0.0124554 0.0147524 0.0171206 0.0266825 0.0428682 0.0675386 0.121331 0.153587 0.119568 0.100827 0.0573624 0.0630603 0.0341343 0.0324427 0.0444173 0.0211091 0.0280891 0.0125444 0.00206551 0 0 0 0
 0 0 0 0 0 0 0 0 0 0 0 0 0 0 0 0 0 0 0 0 0 0 0 0 0 0 0 0 0 0 0 0 0 0 0 0
 0 0 0 0 0 0 0.0133647 0.0140871 0.0187388 0.0205184 0.03894 0.0496705 0.03968 0.0493445 0.0407372 0.0367815 0.0215668 0.0243155 0.0234873 0.0199281 0.019796 0.0243948 0.0301388 0.0376714 0.0412746 0.0863199 0.0771752 0.113111 0.0741005 0.0525337 0.0229764 0.00759418 0.00175318 0 0 0
 0 0 0 0 0 0 0 0 0 0 0.00219441 0.00772107 0.0458388 0.0604681 0.0671733 0.0775358 0.0609151 0.0617685 0.073594 0.0568108 0.0755445 0.0548602 0.0670107 0.0636378 0.0643287 0.046367 0.0373049 0.0286899 0.0247887 0.0153202 0.00654259 0.00121912 0.000365735 0 0 0
 0 0 0 0 0 0 0 0 0 0 0 0 0.000112435 0.00938835 0.0111873 0.0202946 0.0414886 0.0713402 0.111592 0.104902 0.108894 0.110636 0.117776 0.105296 0.107544 0.0401394 0.0192827 0.0124803 0.00416011 0.0028671 0.000618394 0 0 0 0 0
 0 0 0 0 0 0 0 0 0 0 0.00291406 0.0102884 0.027416 0.0768956 0.0749926 0.110853 0.0956884 0.0897413 0.0766577 0.0534642 0.0500743 0.0551293 0.0594112 0.0620874 0.0668451 0.0424026 0.0208742 0.0120726 0.0048766 0.00582813 0.00118941 0.000297354 0 0 0 0
 0 0.00264628 0.0354308 0.0461629 0.0458689 0.0383711 0.0214643 0.0164657 0.0346957 0.0420465 0.0363128 0.0245516 0.0311673 0.0291091 0.0169068 0.0133784 0.00837989 0.0085269 0.0148486 0.0160247 0.0276389 0.0546898 0.0760071 0.122758 0.109233 0.0665981 0.0333725 0.0166128 0.00676272 0.00308733 0.000882094 0 0 0 0 0
 0 0 0 0 0 0 0 0.000805153 0.000690131 0.00759144 0.0133425 0.0154129 0.00931677 0.000345066 0.00356568 0.00563607 0.00851162 0.0253048 0.0502646 0.0516448 0.0657925 0.0565908 0.0611916 0.0827007 0.0866115 0.110766 0.145733 0.0935128 0.0569358 0.0249597 0.0138026 0.00621118 0.00161031 0.00115022 0 0
 0 0 0 0 0 0 0 0 0 0 0 0 0 0 0 0 0 0 0 0 0 0 0 0 0 0 0 0 0 0 0 0 0 0 0 0
 0.00147267 0.00158595 0.00478618 0.00569244 0.00954404 0.0108468 0.00647125 0.017049 0.0510054 0.094081 0.124002 0.0959785 0.0687766 0.0820023 0.061753 0.0591476 0.0492212 0.0479892 0.0443925 0.0268479 0.0217502 0.0140895 0.0121071 0.0120363 0.00920419 0.00665534 0.0049561 0.00860946 0.00930331 0.0156896 0.0114698 0.00855282 0.00243557 0.00046729 0 2.83206e-05
 0 0 0 0 0.000772559 0.00158375 0.000888443 0.00281984 0.00712685 0.0440552 0.0773331 0.111326 0.0921469 0.0852325 0.0710754 0.0886704 0.0786465 0.0553345 0.0373146 0.0185414 0.00753245 0.00457741 0.012979 0.0271748 0.0457355 0.0583668 0.034881 0.0177882 0.00938659 0.00492506 0.0015258 0.00185414 0.000309023 5.79419e-05 3.86279e-05 0
 0 0.00173294 0.00326652 0 0.00397197 0.00683976 0.00946217 0.0152591 0.00757587 0.0136028 0.0228656 0.0392903 0.0559909 0.0764795 0.0681675 0.0726916 0.0566044 0.0477403 0.0527397 0.0444891 0.0609904 0.0582453 0.0661739 0.0445044 0.0529084 0.0360697 0.0280645 0.0235558 0.0158879 0.00826598 0.00280645 0.00217768 0.000904811 0.00058276 9.20147e-05 0
 0 0 0 0 0 0 0 0 0 0 0 0 0 0 0 0 0 0 0 0 0 0 0 0 0 0 0 0 0 0 0 0 0 0 0 0
ppred_pel_tallas
 1.01448e-16 3.12329e-05 0.000183307 0.000871351 0.00335473 0.0104614 0.0264247 0.0540688 0.0896261 0.120369 0.130994 0.115567 0.0827732 0.0484006 0.0236651 0.0107249 0.00618984 0.00606 0.00787711 0.0105414 0.013565 0.0166105 0.0193469 0.021461 0.0227144 0.0229937 0.0223312 0.0208861 0.018897 0.0166216 0.0142849 0.0120486 0.0100054 0.00819216 0.00661069 0.00524722
 1.01356e-16 3.04786e-05 0.000178875 0.000850271 0.00327356 0.0102083 0.0257853 0.0527608 0.0874593 0.117462 0.127841 0.112809 0.0808484 0.0473773 0.0233544 0.0109025 0.00672867 0.00693769 0.00912482 0.0121914 0.0156142 0.0189996 0.0219538 0.0241097 0.0251992 0.025114 0.0239274 0.0218682 0.0192577 0.0164313 0.0136717 0.0111691 0.00901585 0.00722423 0.00575797 0.00456161
 1.02064e-16 2.35294e-05 0.000138066 0.000656236 0.00252643 0.00787834 0.0199003 0.0407206 0.0675061 0.0906804 0.0987353 0.0872272 0.0627359 0.03721 0.0191746 0.0103482 0.00827012 0.00999259 0.0136688 0.0183853 0.0235852 0.0287322 0.0332449 0.0365712 0.038304 0.0382726 0.0365779 0.0335534 0.0296727 0.025434 0.0212598 0.0174394 0.0141181 0.0113246 0.00901525 0.00711669
 1.02487e-16 2.78157e-05 0.000163241 0.000775946 0.00298739 0.00931584 0.0235312 0.0481487 0.0798147 0.107198 0.116676 0.102971 0.0738307 0.0433315 0.0214858 0.0102453 0.00662211 0.0070789 0.00943557 0.0126972 0.016384 0.0201224 0.0235268 0.0262265 0.0279356 0.0285123 0.027983 0.0265209 0.024391 0.0218808 0.0192409 0.016651 0.0142159 0.0119805 0.00995502 0.00813685
 1.0221e-16 2.87373e-05 0.000168652 0.000801667 0.00308641 0.00962466 0.0243112 0.0497448 0.0824603 0.110751 0.120542 0.106381 0.0762699 0.0447518 0.0221681 0.0105316 0.0067502 0.00716285 0.00950929 0.0127532 0.0163912 0.0200322 0.0232775 0.0257504 0.0271699 0.0274117 0.0265318 0.0247406 0.0223416 0.0196544 0.0169493 0.0144107 0.0121317 0.0101334 0.00839509 0.00688183
 1.02932e-16 2.20087e-05 0.000129138 0.000613789 0.002363 0.00736867 0.018613 0.0380866 0.0631403 0.0848186 0.09236 0.0816119 0.0587343 0.0349112 0.0181279 0.0100064 0.00826061 0.0101468 0.0139444 0.0187953 0.0241619 0.0295127 0.0342654 0.0378629 0.0398891 0.0401612 0.0387645 0.0360146 0.0323665 0.0283002 0.0242237 0.0204166 0.0170221 0.0140742 0.0115416 0.009369
 1.02427e-16 3.0926e-05 0.000181508 0.000862799 0.00332181 0.0103588 0.0261654 0.053538 0.0887458 0.119185 0.129701 0.114416 0.081925 0.0478575 0.0233125 0.0104197 0.00581629 0.00553974 0.00716163 0.00960908 0.0124263 0.0153156 0.0179887 0.0201695 0.0216415 0.022291 0.0221251 0.0212565 0.0198648 0.018147 0.0162762 0.014378 0.0125285 0.010766 0.00910859 0.00756848
 1.01815e-16 2.893e-05 0.000169781 0.000807034 0.00310707 0.00968908 0.024474 0.0500779 0.083013 0.111494 0.121354 0.107106 0.0768068 0.0451011 0.0224041 0.0107471 0.00702111 0.00754122 0.0100268 0.0134216 0.0171978 0.0209348 0.0242028 0.0266001 0.0278334 0.0277848 0.0265352 0.0243354 0.0215362 0.0185026 0.0155397 0.0128509 0.0105313 0.00858991 0.00698362 0.00565091
 1.013e-16 3.26081e-05 0.000191382 0.000909739 0.00350254 0.0109223 0.027589 0.0564509 0.0935741 0.125669 0.136757 0.120639 0.0863784 0.0504533 0.0245648 0.0109552 0.00607296 0.00573169 0.00735888 0.0098082 0.0125822 0.0153508 0.0177986 0.0196321 0.0206338 0.0207092 0.019906 0.0183934 0.0164144 0.0142258 0.0120462 0.010026 0.00824275 0.00671474 0.00542416 0.00433869
 1.01381e-16 2.79945e-05 0.000164286 0.000780903 0.00300645 0.00937529 0.0236814 0.0484565 0.0803263 0.107889 0.11744 0.103673 0.0743926 0.0437795 0.0219257 0.0108134 0.0074507 0.00828237 0.0111006 0.0148649 0.0190264 0.0231223 0.0266718 0.0292252 0.0304557 0.0302344 0.0286581 0.026016 0.0227116 0.0191656 0.0157319 0.0126487 0.01003 0.00788837 0.00617357 0.0048096
 1.02567e-16 2.23801e-05 0.000131319 0.000624159 0.00240293 0.0074932 0.0189275 0.0387301 0.0642067 0.0862499 0.0939152 0.0829783 0.0597006 0.0354515 0.0183461 0.010028 0.00816701 0.00996958 0.0136869 0.0184534 0.0237355 0.029012 0.0337117 0.037286 0.0393224 0.0396341 0.0382956 0.0356076 0.0320091 0.027968 0.0238866 0.0200464 0.0165995 0.0135924 0.0110076 0.00880084
 1.03729e-16 2.30434e-05 0.000135219 0.000642711 0.00247438 0.00771603 0.0194903 0.0398811 0.0661129 0.0888044 0.0966808 0.0853839 0.0613489 0.0362651 0.018465 0.0096136 0.00728586 0.00859144 0.0117382 0.0158755 0.0205305 0.0252732 0.0296349 0.033158 0.0354856 0.0364343 0.0360244 0.0344541 0.0320327 0.029098 0.0259446 0.0227847 0.0197441 0.0168817 0.0142202 0.0117707
 1.02761e-16 2.97409e-05 0.000174548 0.000829707 0.00319439 0.00996139 0.0251617 0.0514846 0.085343 0.114618 0.124739 0.110056 0.0788433 0.0461374 0.022624 0.0103651 0.00614034 0.00614861 0.00805434 0.0108118 0.0139529 0.0171481 0.0200702 0.0224079 0.0239223 0.0244961 0.0241538 0.0230415 0.02138 0.019405 0.0173176 0.0152571 0.0132984 0.0114684 0.00976868 0.00819512
 1.01047e-16 3.51709e-05 0.000206432 0.000981296 0.00377807 0.0117816 0.0297593 0.0608911 0.100933 0.135546 0.147492 0.130077 0.0930665 0.054219 0.0261348 0.0112068 0.00557806 0.00471294 0.00583164 0.00771558 0.00987334 0.0120192 0.0138985 0.0152795 0.0159936 0.0159724 0.0152616 0.0140043 0.0124011 0.010661 0.00895908 0.00741225 0.00607584 0.00495567 0.00402789 0.0032578
 1.00409e-16 3.63778e-05 0.000213518 0.00101498 0.00390778 0.0121861 0.030781 0.0629816 0.104398 0.140199 0.152552 0.134533 0.0962413 0.0560414 0.0269617 0.0114718 0.00557564 0.00457555 0.00559154 0.00736134 0.00937896 0.0113556 0.0130387 0.0142017 0.0146839 0.0144274 0.0134903 0.0120295 0.0102593 0.00840175 0.00664193 0.00510276 0.00383998 0.0028541 0.00211067 0.00156056
 1.0055e-16 3.07917e-05 0.000180711 0.000858994 0.00330713 0.0103129 0.0260498 0.0533022 0.0883573 0.11867 0.129161 0.113986 0.0817177 0.0479389 0.0237275 0.0112359 0.00714343 0.00751654 0.00991863 0.0132209 0.0168637 0.0204084 0.0234139 0.0254733 0.0262973 0.0257827 0.0240366 0.0213448 0.0180982 0.0147011 0.0114913 0.00869375 0.00641073 0.00464357 0.00332894 0.00237574
 1.01416e-16 2.66637e-05 0.000156472 0.000743748 0.00286339 0.00892915 0.0225545 0.0461509 0.0765053 0.10276 0.111864 0.0987678 0.0709109 0.0418072 0.0210805 0.0106333 0.00763089 0.00869954 0.011741 0.015757 0.0202027 0.0246011 0.0284487 0.0312697 0.0327129 0.032631 0.0311104 0.0284387 0.0250257 0.0213035 0.0176415 0.0142946 0.0113943 0.00897042 0.00698829 0.00538497
 1.01574e-16 3.13914e-05 0.000184238 0.000875774 0.00337176 0.0105145 0.0265588 0.0543432 0.090081 0.12098 0.131658 0.116152 0.0831896 0.048639 0.023772 0.0107564 0.00618352 0.00603142 0.00782791 0.0104667 0.0134573 0.016462 0.0191508 0.0212132 0.0224152 0.0226492 0.0219538 0.0204943 0.0185136 0.0162711 0.0139901 0.0118273 0.00986813 0.0081405 0.00663764 0.00533881
 1.01358e-16 3.03367e-05 0.000178042 0.000846311 0.00325831 0.0101607 0.0256652 0.0525151 0.087052 0.116916 0.127247 0.112288 0.0804808 0.0471738 0.0232762 0.0109031 0.00677876 0.00702754 0.0092558 0.0123677 0.015838 0.019268 0.0222578 0.0244349 0.0255274 0.0254258 0.0242056 0.0221004 0.0194376 0.0165593 0.0137533 0.0112134 0.00903311 0.00722446 0.00574952 0.00455061
 1.01417e-16 3.0022e-05 0.000176194 0.000837525 0.00322448 0.0100552 0.0253988 0.0519699 0.0861484 0.115702 0.125927 0.111124 0.0796496 0.0466923 0.0230498 0.0108164 0.00675239 0.00702472 0.00926688 0.0123965 0.0158951 0.0193681 0.0224182 0.0246729 0.0258576 0.0258563 0.0247354 0.0227176 0.02012 0.0172761 0.0144695 0.0118946 0.00964979 0.00775542 0.00618368 0.00488688
 1.01524e-16 2.96111e-05 0.000173781 0.000826054 0.00318031 0.00991746 0.0250508 0.0512581 0.0849686 0.114119 0.124206 0.10961 0.0785753 0.0460847 0.0227911 0.0107643 0.00681314 0.00716016 0.00947221 0.0126791 0.0162625 0.0198228 0.0229549 0.0252788 0.0265136 0.0265401 0.0254248 0.0233933 0.020767 0.0178846 0.0150336 0.0124109 0.0101163 0.008171 0.00654749 0.00519884
 1.01697e-16 2.90348e-05 0.000170397 0.000809965 0.00311836 0.00972428 0.0245629 0.0502597 0.083314 0.111898 0.121791 0.107485 0.0770656 0.0452268 0.0224182 0.0106745 0.00687207 0.00731154 0.00970692 0.0130065 0.0166945 0.0203667 0.0236106 0.0260376 0.027359 0.0274505 0.0263758 0.0243603 0.0217275 0.0188185 0.0159238 0.0132431 0.0108786 0.00885419 0.00714563 0.00570956
 1.0194e-16 2.78529e-05 0.000163457 0.000776966 0.0029913 0.00932805 0.023562 0.0482121 0.0799206 0.107342 0.11684 0.103131 0.0739789 0.0434856 0.0216858 0.0105443 0.0070777 0.00774717 0.0103623 0.0139051 0.0178586 0.0218 0.0252914 0.0279186 0.0293733 0.0295206 0.0284258 0.0263258 0.0235615 0.0204931 0.0174271 0.0145747 0.0120446 0.00986309 0.00800678 0.0064326
pSPR Fmed_Fpbrs
0.455589   0.6 0.325
Fs Fmed_Fpbrs
0.64   0.358048 1.13013
SSBpbr Bo_Bmed_Bpbrs
948591  384738  521725 260862
Ro
33964.6
SPR SPRFo_SPRFmed_SPRFpbrs
700078 318948 227525
log_Ro
10.2531
likeval ReclasPelacesDesembMPH_pf_preclas_ppelaces_ptallas_desvR_qrecl_qpela
 64.1098 12.1061 0.0131459 30.9327 297.64 165.797 43.5622 0 16.5559 6.46802e-06 8.05036e-05 3.2776e-15 0 0 0
q_reclas_q_pelaces
0.697407 3.58407
M
0.7
N
 38106.3 11842.3 4478.93 535.328 0.223089
 46618 17210.9 3133.46 1185.12 141.706
 21888.6 21209.3 4779.7 870.205 368.477
 29623.5 9338.98 3845.75 866.674 224.603
 51541.9 14186.4 3644.94 1500.97 425.918
 34852.5 25411.8 6716.74 1725.74 912.31
 70663.4 16061.2 7684.56 2031.15 797.751
 74931.3 33284.7 5616.58 2687.28 989.263
 117279 33821.1 8769.19 1479.74 968.621
 120736 52750.6 8706.33 2257.39 630.265
 67045.9 56377.3 17410.1 2873.48 953.057
 45640.9 29712.4 13151.8 4061.44 892.659
 43217.1 20393.9 7321.35 3240.69 1220.73
 27364.7 18081.8 3247.61 1165.88 710.455
 16243.1 9661.83 933.173 167.604 96.8349
 11692.2 5796.59 535.229 51.6943 14.6489
 8022.35 5099.82 1216.8 112.353 13.9265
 11143 3528.74 1132.09 270.111 28.0322
 14084.7 5007.09 902.512 289.543 76.2532
 18564.8 6487.68 1509.48 272.079 110.276
 28320.6 8589.48 2014.58 468.731 118.731
 42014.7 13607 3426.19 803.582 234.328
 55145.2 20080.1 5240.41 1319.52 399.726
pred_Ctot
 2493.16 4123.66 1559.63 186.409 0.0776829
 2824.61 5639.05 1026.66 388.298 46.4293
 2236.12 10245.1 2308.83 420.351 177.992
 760.738 1457.67 600.26 135.274 35.0569
 265.405 476.353 122.39 50.3998 14.3015
 1812.38 7351.75 1943.19 499.266 263.936
 2622.99 3486.07 1667.93 440.86 173.151
 4934.69 11649.9 1965.84 940.568 346.25
 7993.86 12159.8 3152.81 532.016 348.251
 5201.03 13024.1 2149.58 557.348 155.612
 5221.18 22437.1 6928.86 1143.59 379.298
 3308.54 11201.6 4958.25 1531.18 336.535
 4942.38 10613.7 3810.29 1686.57 635.31
 5799.72 13098.8 2352.63 844.586 514.666
 3349.71 6918.48 668.211 120.015 69.3399
 1030.61 2526.14 233.252 22.5282 6.38397
 663.629 2122.45 506.407 46.7592 5.79594
 766.685 1277.98 410 97.8241 10.1522
 736.837 1455.79 262.401 84.1834 22.1703
 915.392 1795.72 417.808 75.3086 30.5233
 662.5 1230.8 288.674 67.1653 17.0131
 1137.65 2228.78 561.198 131.624 38.3821
 1587.33 3476.22 907.209 228.432 69.1997
F
 0.0948371 0.629541 0.629541 0.629541 0.629541
 0.0875493 0.581164 0.581164 0.581164 0.581164
 0.15177 1.00747 1.00747 1.00747 1.00747
 0.036284 0.240858 0.240858 0.240858 0.240858
 0.00718288 0.0476809 0.0476809 0.0476809 0.0476809
 0.0747198 0.496 0.496 0.496 0.496
 0.0528287 0.350684 0.350684 0.350684 0.350684
 0.0954868 0.633854 0.633854 0.633854 0.633854
 0.0989788 0.657035 0.657035 0.657035 0.657035
 0.0615423 0.408526 0.408526 0.408526 0.408526
 0.113814 0.755511 0.755511 0.755511 0.755511
 0.105567 0.700769 0.700769 0.700769 0.700769
 0.171331 1.13732 1.13732 1.13732 1.13732
 0.34107 2.26407 2.26407 2.26407 2.26407
 0.330401 2.19324 2.19324 2.19324 2.19324
 0.129713 0.861049 0.861049 0.861049 0.861049
 0.12129 0.805142 0.805142 0.805142 0.805142
 0.099955 0.663515 0.663515 0.663515 0.663515
 0.0751853 0.49909 0.49909 0.49909 0.49909
 0.0707265 0.469492 0.469492 0.469492 0.469492
 0.0330045 0.219089 0.219089 0.219089 0.219089
 0.0382917 0.254185 0.254185 0.254185 0.254185
 0.0407498 0.270503 0.270503 0.270503 0.270503
Np
 24343.1 11453.7 9126.41 2641.05 928.512
YTP_r0W_actual
 13787 107360 38669.8 12710.5 4839.53
YTP_p0W_proyectada
 7561.48 125464 52780.2 17590.8 6777.68
 7561.48 54658.7 63312.6 23398.2 9128.68
CTP_r0_actual
 2088.93 4436.35 1157.78 291.524 88.3126
CTP_p0_proyectada
 922.132 5808.51 1680.9 438.674 152.308
 922.132 2530.49 2016.32 583.495 205.139
Wmedp
 8.2 21.6 31.4 40.1 44.5
nmprior
 10.8 10.6 4.6 0
nm_flota  nm_reclas  nm_pelaces    nm_pelaL
inf 17.9509 12.5477 16.1593
cv_recla  cv_pelaces  cv_mph
0.759597 0.426136 0.481659
 ------------------------------------------------
Talla a la edad & desviaci?n 
 7.2 14.2025 17.0495 18.207 18.6776
 1.08 2.13037 2.55742 2.73105 2.80164
