years
 1997 1998 1999 2000 2001 2002 2003 2004 2005 2006 2007 2008 2009 2010 2011 2012 2013 2014 2015 2016 2017 2018 2019 2020 2021 2022
reclasobs
 0 0 0 370054 412103 1.49427e+06 250295 1.28982e+06 931140 785840 897777 1.04006e+06 184774 17550 25797 100020 73551 82996 120727 218422 84188 347160 605670 569463 516374 1.08416e+06
reclaspred
 591333 147468 377573 224605 320482 376270 797586 578065 749155 830710 730839 502039 290828 116279 77805.8 73529.2 72547.3 92462.8 109457 153581 239022 248109 446676 570328 701406 579580
pelacesobs
 0 0 0 0 0 0 0 0 0 2.06254e+06 1.5e+06 0 1.87456e+06 323000 250000 174000 83755 137374 0 501740 490994 745055 786931 1.00524e+06 1.33801e+06 1.41789e+06
pelacespred
 2.2871e+06 499217 712429 695170 900198 741606 2.191e+06 1.72019e+06 2.20342e+06 2.34948e+06 1.70761e+06 1.21431e+06 718704 234316 171981 160658 163766 220540 252461 355968 664187 616213 908292 1.36517e+06 1.53563e+06 1.38072e+06
mphobs
 0 0 0 0 0 0 112323 0 153150 637223 0 255016 313432 73983 77613 109348 50772 17779 17303 59886 28197 0 207744 136588 643089 65757
mphpred
 204878 112431 120381 109912 110056 170645 232272 295645 281354 350831 368300 254372 150235 115672 52244 46149.6 41700.1 48734.9 30078.4 36146.3 57705.7 77710.2 103087 153149 199242 177651
desembarqueobs
 350755 77701 442110 56441 14545 235359 269955 359681 431902 328805 639364 411747 362871 311530 167758 66681 60226 58785 57116 73181 50977 67692 138656 160484 209506 203330
desembarquepred
 350758 77698.3 442082 56444.4 14545.3 235480 270012 359613 431832 328802 639283 411748 363048 311630 167585 66692.9 60271.8 58772.4 57087.1 73177.5 50976.9 67673.6 138660 160486 209520 203327
Reclutas
 37732.3 45980.6 20762.9 27144 48262.4 32819.1 69670.2 72252.1 114451 119630 64536.1 45304.9 44549.6 28058 16380.7 11586.1 7769.61 10618 13634.4 17807.3 26977.6 38249.9 54519.3 74341.3 24764.4 30224.2
log_desv_Rt
 0.117593 0.315295 -0.479757 -0.211769 0.363729 -0.0219144 0.730848 0.767237 1.22722 1.27148 0.654301 0.30049 0.28368 -0.178651 -0.716819 -1.06312 -1.4627 -1.15038 -0.900326 -0.633318 -0.217917 0.131218 0.48563 0.795743 -0.303516 -0.104281
SSB
 506243 277811 297454 271588 271942 421655 556588 720892 677272 848115 910051 628539 385236 187743 89142.7 78529.8 74944.3 82872.1 106329 135247 202215 264994 362019 512185 732934 676473
BT
 1.64429e+06 412885 654387 455134 529007 599210 1.48001e+06 1.38832e+06 1.6916e+06 1.66626e+06 1.53643e+06 1.06447e+06 766826 424404 237760 146798 143600 175616 191743 262033 426328 408886 608499 908898 1.01239e+06 946801
Ftot
 0.643787 0.595352 1.0435 0.257449 0.0518611 0.544293 0.387414 0.67958 0.706863 0.432058 0.793197 0.752858 1.24207 2.47407 2.33865 0.893109 0.835097 0.703576 0.536395 0.502241 0.233831 0.27274 0.297461 0.292557 0.253974 0.311253
BD_Bspro_t
 0.922933 0.666372 0.581537 0.382533 0.509489 0.67262 0.599035 0.627416 0.575882 0.580778 0.565501 0.402645 0.295641 0.189778 0.112399 0.120227 0.156067 0.22574 0.325064 0.438693 0.565094 0.688941 0.718448 0.726059 0.73918 0.662924
BD_Bspro
 0.73064 0.400954 0.429304 0.391972 0.392484 0.608557 0.803302 1.04044 0.977481 1.22405 1.31344 0.907146 0.555996 0.270963 0.128656 0.113339 0.108164 0.119606 0.153461 0.195197 0.291849 0.382456 0.522488 0.739216 1.05782 0.976327
BD_Bo
 0.520026 0.285375 0.305553 0.278982 0.279346 0.433135 0.571742 0.740519 0.695712 0.871206 0.934828 0.645652 0.395725 0.192855 0.0915697 0.0806679 0.0769848 0.0851283 0.109224 0.13893 0.207721 0.272209 0.371876 0.52613 0.752889 0.694891
BD_Brms
 0.945501 0.518864 0.555551 0.50724 0.507902 0.787517 1.03953 1.3464 1.26493 1.58401 1.69969 1.17391 0.7195 0.350645 0.16649 0.146669 0.139972 0.154779 0.19859 0.252599 0.377674 0.494925 0.676138 0.956599 1.36889 1.26344
S_f
 0.146523 1 1 1 1
 0.146523 1 1 1 1
 0.146523 1 1 1 1
 0.146523 1 1 1 1
 0.146523 1 1 1 1
 0.146523 1 1 1 1
 0.146523 1 1 1 1
 0.146523 1 1 1 1
 0.146523 1 1 1 1
 0.146523 1 1 1 1
 0.146523 1 1 1 1
 0.146523 1 1 1 1
 0.146523 1 1 1 1
 0.146523 1 1 1 1
 0.146523 1 1 1 1
 0.146523 1 1 1 1
 0.146523 1 1 1 1
 0.146523 1 1 1 1
 0.146523 1 1 1 1
 0.146523 1 1 1 1
 0.146523 1 1 1 1
 0.146523 1 1 1 1
 0.146523 1 1 1 1
 0.146523 1 1 1 1
 0.146523 1 1 1 1
 0.146523 1 1 1 1
Scru_reclas
 0.578129 0.91094 0.987071 0.998248 0.999765
 0.578129 0.91094 0.987071 0.998248 0.999765
 0.578129 0.91094 0.987071 0.998248 0.999765
 0.578129 0.91094 0.987071 0.998248 0.999765
 0.578129 0.91094 0.987071 0.998248 0.999765
 0.578129 0.91094 0.987071 0.998248 0.999765
 0.578129 0.91094 0.987071 0.998248 0.999765
 0.578129 0.91094 0.987071 0.998248 0.999765
 0.578129 0.91094 0.987071 0.998248 0.999765
 0.578129 0.91094 0.987071 0.998248 0.999765
 0.578129 0.91094 0.987071 0.998248 0.999765
 0.578129 0.91094 0.987071 0.998248 0.999765
 0.578129 0.91094 0.987071 0.998248 0.999765
 0.578129 0.91094 0.987071 0.998248 0.999765
 0.578129 0.91094 0.987071 0.998248 0.999765
 0.578129 0.91094 0.987071 0.998248 0.999765
 0.578129 0.91094 0.987071 0.998248 0.999765
 0.578129 0.91094 0.987071 0.998248 0.999765
 0.578129 0.91094 0.987071 0.998248 0.999765
 0.578129 0.91094 0.987071 0.998248 0.999765
 0.578129 0.91094 0.987071 0.998248 0.999765
 0.578129 0.91094 0.987071 0.998248 0.999765
 0.578129 0.91094 0.987071 0.998248 0.999765
 0.578129 0.91094 0.987071 0.998248 0.999765
 0.578129 0.91094 0.987071 0.998248 0.999765
 0.578129 0.91094 0.987071 0.998248 0.999765
Scru_pelaces
 0.879582 1 1 1 1
 0.879582 1 1 1 1
 0.879582 1 1 1 1
 0.879582 1 1 1 1
 0.879582 1 1 1 1
 0.879582 1 1 1 1
 0.879582 1 1 1 1
 0.879582 1 1 1 1
 0.879582 1 1 1 1
 0.879582 1 1 1 1
 0.879582 1 1 1 1
 0.879582 1 1 1 1
 0.879582 1 1 1 1
 0.879582 1 1 1 1
 0.879582 1 1 1 1
 0.879582 1 1 1 1
 0.879582 1 1 1 1
 0.879582 1 1 1 1
 0.879582 1 1 1 1
 0.879582 1 1 1 1
 0.879582 1 1 1 1
 0.879582 1 1 1 1
 0.879582 1 1 1 1
 0.879582 1 1 1 1
 0.879582 1 1 1 1
 0.879582 1 1 1 1
pf_obs 
 0.256992 0.487395 0.22802 0.0275931 0
 0.321318 0.546541 0.124235 0.00734118 0.000564706
 0.182869 0.594174 0.210203 0.0122559 0.00049798
 0.330522 0.361315 0.267642 0.0388342 0.00168674
 0.649043 0.306663 0.0425973 0.00169635 0
 0.582887 0.30429 0.105238 0.00758474 0
 0.465427 0.430635 0.0974691 0.00646863 0
 0.296916 0.608066 0.0921331 0.00288517 0
 0.311714 0.524322 0.152257 0.0117073 0
 0.15457 0.633149 0.183074 0.0267441 0.00246327
 0.131901 0.49318 0.331252 0.0422183 0.00144891
 0.196976 0.569456 0.194076 0.0375587 0.00193317
 0.518974 0.381816 0.0799577 0.0180837 0.00116848
 0.0928022 0.601141 0.25162 0.0475244 0.00691264
 0.122501 0.610282 0.24278 0.0234846 0.000952079
 0.383417 0.481906 0.127806 0.00687128 0
 0.0376549 0.599619 0.316969 0.0457579 0
 0.0361596 0.667082 0.258105 0.0386534 0
 0.158088 0.579412 0.248529 0.0139706 0
 0.0477256 0.309471 0.559284 0.082774 0.000745712
 0.0406174 0.521527 0.379366 0.0568643 0.0016247
 0.151134 0.462217 0.34131 0.0453401 0
 0.294876 0.26143 0.354403 0.0886775 0.000613685
 0.281977 0.475581 0.204845 0.0348837 0.00271318
 0.0841818 0.532909 0.334909 0.0458182 0.00218182
 0.115287 0.27431 0.454777 0.147771 0.00785563
pf_pred 
 0.294489 0.49558 0.187503 0.022419 9.35559e-06
 0.280041 0.574035 0.102503 0.0387819 0.00463893
 0.139042 0.672724 0.150082 0.0267995 0.0113524
 0.244159 0.494219 0.204423 0.045606 0.0115934
 0.284039 0.511323 0.133806 0.0553459 0.0154863
 0.152835 0.622785 0.160247 0.0419344 0.0221986
 0.325214 0.416657 0.189761 0.048827 0.0195412
 0.247275 0.601545 0.0933484 0.0425143 0.0153173
 0.334236 0.505529 0.128053 0.0198714 0.0123108
 0.249167 0.623392 0.0967687 0.024512 0.00616035
 0.141278 0.632901 0.187492 0.0291042 0.00922504
 0.159298 0.526846 0.231321 0.0685268 0.0140091
 0.242021 0.495883 0.164249 0.0721162 0.0257313
 0.268448 0.590207 0.0924705 0.0306285 0.0182463
 0.308695 0.629251 0.0500643 0.00784381 0.0041458
 0.268399 0.672201 0.0540677 0.00430172 0.00103019
 0.193587 0.64353 0.149658 0.0120376 0.00118709
 0.294097 0.504517 0.160709 0.0373741 0.00330259
 0.289696 0.569715 0.10048 0.032007 0.00810122
 0.281218 0.563678 0.124405 0.0219412 0.00875814
 0.288709 0.550557 0.12605 0.0278194 0.006865
 0.265702 0.555337 0.13852 0.0317141 0.0087266
 0.264846 0.54272 0.145535 0.0363015 0.0105982
 0.257065 0.549599 0.142728 0.0382738 0.012334
 0.0761101 0.675775 0.183547 0.0476662 0.0169012
 0.140012 0.334362 0.384467 0.104425 0.0367341
pobs_RECLAS
 0 0 0 0 0
 0 0 0 0 0
 0 0 0 0 0
 0 0 0 0 0
 0.835266 0.146461 0.0176864 0.000547809 3.91292e-05
 0.385257 0.428462 0.181853 0.0044286 0
 0.867414 0.0963971 0.0333333 0.00285562 0
 0.441836 0.489002 0.0689373 0.000224442 0
 0.779404 0.147425 0.0564933 0.0165055 0.000172143
 0.814271 0.122319 0.05973 0.00367925 0
 0.40263 0.566651 0.0304383 0.000280538 0
 0.475488 0.404961 0.113038 0.00651328 0
 0.955842 0.0263864 0.0167828 0.000988607 0
 0.975058 0.0227948 0.00214734 0 0
 0.738997 0.206755 0.0527124 0.00153531 0
 0.850938 0.134255 0.0134407 0.00136685 0
 0.542534 0.407297 0.0501686 0 0
 0.764087 0.199537 0.0359546 0.000420521 0
 0.470689 0.182191 0.310203 0.0369168 0
 0.84361 0.089868 0.0606195 0.00523954 0.000663233
 0.607945 0.314616 0.071237 0.00620181 0
 0.523733 0.453247 0.0230204 0 0
 0.530135 0.295979 0.169645 0.0042399 0
 0.562478 0.366248 0.0663022 0.0049721 0
 0.250443 0.683176 0.0655157 0.000865301 0
 0.195077 0.31981 0.436473 0.0351445 0.0134964
ppred_RECLAS
 0.649138 0.240388 0.0985519 0.0119169 4.98056e-06
 0.633526 0.287117 0.0555539 0.0212568 0.00254652
 0.429824 0.437279 0.105708 0.0190896 0.00809877
 0.579756 0.266811 0.119584 0.0269808 0.00686912
 0.626965 0.25988 0.0736905 0.0308256 0.00863839
 0.442507 0.400579 0.111686 0.0295576 0.0156705
 0.674433 0.194555 0.0960129 0.0249846 0.0100144
 0.595481 0.317632 0.0534099 0.0246003 0.0088766
 0.692252 0.228932 0.0628361 0.00986139 0.00611866
 0.59313 0.332916 0.0559974 0.014345 0.00361067
 0.426171 0.413603 0.132766 0.0208426 0.00661644
 0.457542 0.329265 0.156652 0.0469323 0.00960903
 0.602158 0.252562 0.0906463 0.0402505 0.0143833
 0.68766 0.247778 0.0420649 0.0140907 0.00840698
 0.724302 0.249027 0.0214688 0.00340171 0.00180069
 0.629782 0.337836 0.0294445 0.00236918 0.000568244
 0.522583 0.374587 0.0943935 0.00767841 0.000758361
 0.650245 0.243983 0.0842134 0.0198063 0.00175286
 0.643296 0.28125 0.0537495 0.0173152 0.00438928
 0.632688 0.282797 0.06763 0.0120629 0.00482241
 0.636136 0.276253 0.0685339 0.0152969 0.00378054
 0.609431 0.289287 0.0781887 0.018104 0.00498915
 0.608429 0.282661 0.0821329 0.0207188 0.006058
 0.598708 0.290299 0.0816895 0.0221538 0.00715006
 0.261442 0.527898 0.155365 0.0408044 0.0144902
 0.405668 0.21941 0.273374 0.0750919 0.0264556
pobs_PELACES
 0 0 0 0 0
 0 0 0 0 0
 0 0 0 0 0
 0 0 0 0 0
 0 0 0 0 0
 0 0 0 0 0
 0 0 0 0 0
 0 0 0 0 0
 0 0 0 0 0
 0 0 0 0 0
 0.450072 0.473896 0.0757376 0.000293798 0
 0 0 0 0 0
 0.463077 0.371075 0.160297 0.00555027 0
 0.529543 0.364841 0.0842815 0.0213345 0
 0.631943 0.363953 0.00410389 0 0
 0.735681 0.248677 0.0153453 0.000297389 0
 0.695825 0.281241 0.0229344 0 0
 0.275771 0.60734 0.115278 0.00161068 0
 0 0 0 0 0
 0.896147 0.0623911 0.0374545 0.00400742 0
 0.803859 0.145111 0.0509908 3.86294e-05 0
 0.739449 0.233085 0.0266225 0.000797448 4.60066e-05
 0.878498 0.100942 0.0204185 0.000141795 0
 0.694673 0.275183 0.0284847 0.00165964 0
 0.469039 0.446079 0.0841089 0.000773354 0
 0.822795 0.102175 0.0682046 0.00682512 0
ppred_PELACES
 0.759125 0.1692 0.0640169 0.00765424 3.19417e-06
 0.742492 0.205316 0.0366623 0.0138712 0.00165921
 0.58816 0.321798 0.0717919 0.0128196 0.00543045
 0.6792 0.20976 0.0867628 0.0193565 0.00492055
 0.707862 0.208638 0.0545976 0.0225831 0.00631895
 0.567467 0.317973 0.0818168 0.0214103 0.0113339
 0.767904 0.143311 0.0652694 0.0167943 0.0067213
 0.71546 0.227392 0.0352869 0.016071 0.00579014
 0.795215 0.155497 0.0393883 0.00611232 0.00378673
 0.698376 0.250429 0.0388739 0.00984696 0.00247473
 0.568216 0.318236 0.0942748 0.0146342 0.00463855
 0.598708 0.251479 0.110416 0.0327098 0.00668693
 0.754127 0.160854 0.053279 0.023393 0.00834671
 0.861673 0.111601 0.017485 0.00579147 0.00345014
 0.876386 0.112518 0.00895211 0.00140257 0.000741321
 0.753255 0.226712 0.0182353 0.00145083 0.000347451
 0.661259 0.270321 0.0628653 0.0050565 0.000498649
 0.762948 0.169424 0.0539683 0.0125508 0.00110906
 0.747298 0.202686 0.0357475 0.011387 0.00288214
 0.736916 0.206314 0.0455339 0.00803079 0.00320561
 0.725154 0.212738 0.0487062 0.0107496 0.00265267
 0.704528 0.22346 0.0557387 0.0127614 0.00351147
 0.705431 0.217462 0.0583145 0.0145456 0.00424658
 0.696611 0.224437 0.058285 0.0156297 0.00503676
 0.350345 0.475187 0.129066 0.0335176 0.0118845
 0.520971 0.186246 0.214155 0.0581666 0.0204616
pobs_pel_tallas
 0 0 0 0 0 0 0 0 0 0 0 0 0 0 0 0 0 0 0 0 0 0 0 0 0 0 0 0 0 0 0 0 0 0 0 0
 0 0 0 0 0 0 0 0 0 0 0 0 0 0 0 0 0 0 0 0 0 0 0 0 0 0 0 0 0 0 0 0 0 0 0 0
 0 0 0 0 0 0 0 0 0 0 0 0 0 0 0 0 0 0 0 0 0 0 0 0 0 0 0 0 0 0 0 0 0 0 0 0
 0 0 0 0 0 0 0 0 0 0 0 0 0 0 0 0 0 0 0 0 0 0 0 0 0 0 0 0 0 0 0 0 0 0 0 0
 0 0 0 0 0 0 0 0 0 0 0 0 0 0 0 0 0 0 0 0 0 0 0 0 0 0 0 0 0 0 0 0 0 0 0 0
 0 0 0 0 0 0 0 0 0 0 0 0 0 0 0 0 0 0 0 0 0 0 0 0 0 0 0 0 0 0 0 0 0 0 0 0
 0 0 0 0 0 0 0 0 0 0 0 0 0 0 0 0 0 0 0 0 0 0 0 0 0 0 0 0 0 0 0 0 0 0 0 0
 0 0 0 0 0 0 0 0 0 0 0 0 0 0 0 0 0 0 0 0 0 0 0 0 0 0 0 0 0 0 0 0 0 0 0 0
 0 0 0 0 0 0 0 0 0 0 0 0 0 0 0 0 0 0 0 0 0 0 0 0 0 0 0 0 0 0 0 0 0 0 0 0
 0 0 0 0 0 0 0 0 0 0 0 0 0 0 0 0 0 0 0 0 0 0 0 0 0 0 0 0 0 0 0 0 0 0 0 0
 0 0 0 0 0 0 0 0 1.78061e-05 0.00172719 0.00360574 0.0105946 0.0120993 0.0124554 0.0147524 0.0171206 0.0266825 0.0428682 0.0675386 0.121331 0.153587 0.119568 0.100827 0.0573624 0.0630603 0.0341343 0.0324427 0.0444173 0.0211091 0.0280891 0.0125444 0.00206551 0 0 0 0
 0 0 0 0 0 0 0 0 0 0 0 0 0 0 0 0 0 0 0 0 0 0 0 0 0 0 0 0 0 0 0 0 0 0 0 0
 0 0 0 0 0 0 0.0133647 0.0140871 0.0187388 0.0205184 0.03894 0.0496705 0.03968 0.0493445 0.0407372 0.0367815 0.0215668 0.0243155 0.0234873 0.0199281 0.019796 0.0243948 0.0301388 0.0376714 0.0412746 0.0863199 0.0771752 0.113111 0.0741005 0.0525337 0.0229764 0.00759418 0.00175318 0 0 0
 0 0 0 0 0 0 0 0 0 0 0.00219441 0.00772107 0.0458388 0.0604681 0.0671733 0.0775358 0.0609151 0.0617685 0.073594 0.0568108 0.0755445 0.0548602 0.0670107 0.0636378 0.0643287 0.046367 0.0373049 0.0286899 0.0247887 0.0153202 0.00654259 0.00121912 0.000365735 0 0 0
 0 0 0 0 0 0 0 0 0 0 0 0 0.000112435 0.00938835 0.0111873 0.0202946 0.0414886 0.0713402 0.111592 0.104902 0.108894 0.110636 0.117776 0.105296 0.107544 0.0401394 0.0192827 0.0124803 0.00416011 0.0028671 0.000618394 0 0 0 0 0
 0 0 0 0 0 0 0 0 0 0 0.00291406 0.0102884 0.027416 0.0768956 0.0749926 0.110853 0.0956884 0.0897413 0.0766577 0.0534642 0.0500743 0.0551293 0.0594112 0.0620874 0.0668451 0.0424026 0.0208742 0.0120726 0.0048766 0.00582813 0.00118941 0.000297354 0 0 0 0
 0 0.00264628 0.0354308 0.0461629 0.0458689 0.0383711 0.0214643 0.0164657 0.0346957 0.0420465 0.0363128 0.0245516 0.0311673 0.0291091 0.0169068 0.0133784 0.00837989 0.0085269 0.0148486 0.0160247 0.0276389 0.0546898 0.0760071 0.122758 0.109233 0.0665981 0.0333725 0.0166128 0.00676272 0.00308733 0.000882094 0 0 0 0 0
 0 0 0 0 0 0 0 0.000805153 0.000690131 0.00759144 0.0133425 0.0154129 0.00931677 0.000345066 0.00356568 0.00563607 0.00851162 0.0253048 0.0502646 0.0516448 0.0657925 0.0565908 0.0611916 0.0827007 0.0866115 0.110766 0.145733 0.0935128 0.0569358 0.0249597 0.0138026 0.00621118 0.00161031 0.00115022 0 0
 0 0 0 0 0 0 0 0 0 0 0 0 0 0 0 0 0 0 0 0 0 0 0 0 0 0 0 0 0 0 0 0 0 0 0 0
 0.00147267 0.00158595 0.00478618 0.00569244 0.00954404 0.0108468 0.00647125 0.017049 0.0510054 0.094081 0.124002 0.0959785 0.0687766 0.0820023 0.061753 0.0591476 0.0492212 0.0479892 0.0443925 0.0268479 0.0217502 0.0140895 0.0121071 0.0120363 0.00920419 0.00665534 0.0049561 0.00860946 0.00930331 0.0156896 0.0114698 0.00855282 0.00243557 0.00046729 0 2.83206e-05
 0 0 0 0 0.000772559 0.00158375 0.000888443 0.00281984 0.00712685 0.0440552 0.0773331 0.111326 0.0921469 0.0852325 0.0710754 0.0886704 0.0786465 0.0553345 0.0373146 0.0185414 0.00753245 0.00457741 0.012979 0.0271748 0.0457355 0.0583668 0.034881 0.0177882 0.00938659 0.00492506 0.0015258 0.00185414 0.000309023 5.79419e-05 3.86279e-05 0
 0 0.00173294 0.00326652 0 0.00397197 0.00683976 0.00946217 0.0152591 0.00757587 0.0136028 0.0228656 0.0392903 0.0559909 0.0764795 0.0681675 0.0726916 0.0566044 0.0477403 0.0527397 0.0444891 0.0609904 0.0582453 0.0661739 0.0445044 0.0529084 0.0360697 0.0280645 0.0235558 0.0158879 0.00826598 0.00280645 0.00217768 0.000904811 0.00058276 9.20147e-05 0
 0 0 0 0 0 0 0 0 0 0 0 0 0 0 0 0 0 0 0 0 0 0 0 0 0 0 0 0 0 0 0 0 0 0 0 0
 0 0 0 0 0 0 0 0 0 0 0 0 0 0 0 0 0 0 0 0 0 0 0 0 0 0 0 0 0 0 0 0 0 0 0 0
 0 0 0 0 0 0 0 0 0 0 0 0 0 0 0 0 0 0 0 0 0 0 0 0 0 0 0 0 0 0 0 0 0 0 0 0
 0 0 0 0 0 0 0 0 0 0 0 0 0 0 0 0 0 0 0 0 0 0 0 0 0 0 0 0 0 0 0 0 0 0 0 0
ppred_pel_tallas
 1.01228e-16 3.31211e-05 0.000194395 0.00092407 0.00355772 0.0110944 0.0280236 0.0573401 0.0950474 0.127646 0.138903 0.122519 0.0876977 0.0511695 0.0248122 0.0108945 0.00580073 0.00527383 0.00670343 0.00893802 0.0114965 0.014077 0.0163961 0.018188 0.0192504 0.0194873 0.0189262 0.0177018 0.0160164 0.0140883 0.0121082 0.0102129 0.00848134 0.00694454 0.00560408 0.00444834
 1.01142e-16 3.23971e-05 0.000190142 0.000903842 0.00347983 0.0108515 0.0274101 0.056085 0.0929681 0.124857 0.135876 0.119871 0.0858474 0.0501813 0.024503 0.0110467 0.0062894 0.00607441 0.00784335 0.0104473 0.0133737 0.0162698 0.0187952 0.0206349 0.0215593 0.0214758 0.0204481 0.0186732 0.0164272 0.0139987 0.0116303 0.00948547 0.00764315 0.00611357 0.00486494 0.00384894
 1.01819e-16 2.56724e-05 0.000150651 0.000716072 0.00275683 0.00859684 0.0217151 0.0444335 0.0736592 0.0989394 0.107711 0.0951158 0.0683209 0.0403445 0.020462 0.0105166 0.00779091 0.00904513 0.0122606 0.0164672 0.0211188 0.0257237 0.0297588 0.032729 0.0342698 0.0342289 0.0326973 0.0299748 0.0264869 0.0226808 0.0189359 0.0155118 0.0125388 0.0100422 0.00798229 0.00629238
 1.02196e-16 2.96376e-05 0.00017394 0.000826817 0.00318326 0.00992668 0.0250741 0.0513053 0.085046 0.11422 0.124308 0.109681 0.078586 0.0460098 0.0226042 0.0104283 0.00627714 0.00636565 0.00836666 0.0112341 0.0144925 0.0177994 0.0208116 0.0232009 0.0247143 0.0252261 0.0247594 0.0234673 0.0215839 0.0193632 0.0170269 0.0147343 0.012578 0.0105981 0.008804 0.00719367
 1.01915e-16 3.08873e-05 0.000181278 0.000861699 0.00331757 0.0103455 0.026132 0.0534699 0.0886337 0.119037 0.129547 0.114296 0.0818749 0.0478997 0.0234653 0.0107099 0.00628429 0.00623451 0.00812784 0.0108705 0.013969 0.0170755 0.019848 0.0219653 0.023188 0.0234095 0.0226767 0.0211673 0.0191382 0.0168603 0.0145629 0.0124024 0.010458 0.00874837 0.00725676 0.00595453
 1.02531e-16 2.47699e-05 0.000145353 0.000690886 0.00265985 0.00829442 0.0209513 0.0428706 0.0710685 0.0954605 0.103926 0.091779 0.0659364 0.0389613 0.019807 0.0102572 0.00769624 0.00900452 0.0122393 0.0164671 0.0211599 0.0258382 0.0299886 0.0331222 0.0348749 0.0350876 0.0338372 0.0314026 0.0281849 0.0246071 0.0210282 0.0176937 0.0147287 0.0121614 0.00996278 0.00808201
 1.01865e-16 3.35028e-05 0.000196639 0.00093474 0.00359882 0.0112226 0.0283473 0.0580021 0.0961441 0.129116 0.140496 0.12391 0.0886602 0.0516648 0.024929 0.0107363 0.00541921 0.00466535 0.00583712 0.00778521 0.0100528 0.0123766 0.0145178 0.0162513 0.0174021 0.0178799 0.0176935 0.0169387 0.0157658 0.0143388 0.0128012 0.0112568 0.00976708 0.00836156 0.00705199 0.00584462
 1.01398e-16 3.12193e-05 0.000183225 0.000870954 0.0033532 0.0104566 0.0264126 0.0540443 0.0895862 0.120317 0.130944 0.115536 0.0827797 0.0484621 0.0238018 0.0109644 0.00656829 0.00661701 0.00864584 0.0115356 0.0147658 0.0179573 0.0207356 0.0227539 0.0237602 0.0236549 0.0225115 0.0205508 0.0180805 0.0154201 0.0128369 0.0105088 0.0085183 0.00687186 0.0055295 0.00443404
 1.00997e-16 3.46941e-05 0.000203632 0.000967985 0.00372681 0.0116217 0.0293556 0.0600651 0.0995638 0.133709 0.145495 0.12832 0.0918185 0.0535112 0.02583 0.0111391 0.00563806 0.0048562 0.00605343 0.00802683 0.0102872 0.0125443 0.014536 0.0160212 0.0168217 0.016861 0.0161792 0.0149166 0.0132739 0.0114634 0.00966556 0.00800483 0.00654505 0.00530102 0.00425729 0.00338607
 1.01088e-16 3.04753e-05 0.000178855 0.000850174 0.00327318 0.0102071 0.0257823 0.0527548 0.0874496 0.11745 0.12783 0.112805 0.0808578 0.0474073 0.0234145 0.0110059 0.00689213 0.00718005 0.00946295 0.012635 0.0161603 0.0196279 0.0226252 0.0247686 0.0257806 0.0255531 0.024171 0.0218836 0.0190376 0.0159942 0.0130571 0.0104302 0.00821045 0.00640747 0.00497621 0.00384919
 1.02162e-16 2.48026e-05 0.000145545 0.000691799 0.00266337 0.00830539 0.020979 0.0429273 0.0711625 0.0955867 0.104063 0.0919009 0.0660246 0.0390149 0.0198372 0.010278 0.0077188 0.0090367 0.0122872 0.0165362 0.0212551 0.025963 0.0301437 0.0333042 0.0350751 0.0352911 0.0340234 0.0315469 0.0282613 0.0245917 0.0209033 0.017451 0.014371 0.0117034 0.0094287 0.00750274
 1.03086e-16 2.61295e-05 0.000153341 0.000728876 0.00280615 0.00875066 0.0221036 0.0452279 0.0749739 0.100699 0.10961 0.0967534 0.0694115 0.0408169 0.0203864 0.00996844 0.00677219 0.00748811 0.0100742 0.0135901 0.0175652 0.0216145 0.0253329 0.0283278 0.0302934 0.0310732 0.0306863 0.0293046 0.027196 0.0246524 0.0219288 0.019209 0.0166017 0.0141576 0.0118948 0.00982143
 1.02003e-16 3.29027e-05 0.000193114 0.000917981 0.00353428 0.0110213 0.027839 0.0569623 0.0944209 0.126804 0.137985 0.121706 0.0871068 0.0508073 0.0246042 0.0107483 0.00564528 0.00506478 0.00641505 0.00855738 0.0110235 0.013527 0.0158026 0.0176015 0.0187349 0.0191127 0.0187589 0.0177959 0.0164056 0.0147818 0.0130892 0.0114415 0.00989863 0.00847996 0.00718272 0.00599837
 1.00645e-16 3.75902e-05 0.000220638 0.00104884 0.00403816 0.0125927 0.031808 0.0650827 0.107879 0.14487 0.157626 0.138985 0.0993762 0.0577666 0.0276043 0.011424 0.00507989 0.00370712 0.00433153 0.00566884 0.00723687 0.00879575 0.0101517 0.0111329 0.0116155 0.0115508 0.0109755 0.00999869 0.0087724 0.00745459 0.00617753 0.00502937 0.00405131 0.00324657 0.00259522 0.00206849
 1.00247e-16 3.82318e-05 0.000224405 0.00106675 0.00410711 0.0128077 0.0323511 0.0661939 0.109721 0.147343 0.160316 0.141356 0.101068 0.0587436 0.0280587 0.0115895 0.00511721 0.00369117 0.00428338 0.00558457 0.00710178 0.00858939 0.00985029 0.0107115 0.0110515 0.0108273 0.0100851 0.00894638 0.00757664 0.00614676 0.00479924 0.00362833 0.00267629 0.00194251 0.00139911 0.00100664
 1.00399e-16 3.28673e-05 0.0001929 0.000916952 0.0035303 0.0110089 0.0278077 0.0568986 0.0943171 0.12667 0.137853 0.121623 0.0871209 0.0509627 0.0249528 0.0113628 0.00662258 0.00651502 0.00843795 0.0112102 0.0142871 0.0172793 0.0198086 0.021529 0.0221955 0.0217221 0.0202024 0.0178821 0.0150963 0.0121912 0.00945566 0.00708151 0.00515524 0.00367638 0.00258878 0.00181226
 1.01178e-16 2.88577e-05 0.000169356 0.000805011 0.00309928 0.00966478 0.0244126 0.0499524 0.0828051 0.111216 0.121053 0.106845 0.0766298 0.0450178 0.0224012 0.01081 0.00714703 0.00773936 0.0103127 0.0138102 0.0176975 0.0215425 0.0249005 0.0273537 0.0285944 0.0284945 0.0271316 0.02476 0.0217417 0.018458 0.0152346 0.0122962 0.00975808 0.00764565 0.00592696 0.00454483
 1.01305e-16 3.32877e-05 0.000195374 0.000928721 0.00357563 0.0111503 0.0281647 0.0576287 0.0955258 0.128288 0.139601 0.123135 0.0881363 0.0514214 0.0249268 0.0109315 0.00580029 0.00525333 0.00666568 0.0088789 0.011409 0.0139532 0.0162283 0.0179705 0.0189813 0.0191696 0.0185688 0.0173197 0.0156294 0.0137186 0.0117776 0.00993985 0.008278 0.00681567 0.00554671 0.00445295
 1.011e-16 3.26066e-05 0.000191372 0.00090969 0.00350235 0.0109217 0.0275875 0.0564479 0.0935695 0.125664 0.136754 0.120643 0.086395 0.0504909 0.0246347 0.0110729 0.00625792 0.00600455 0.00773745 0.0103014 0.0131839 0.0160348 0.0185175 0.0203211 0.0212193 0.0211213 0.0200908 0.0183235 0.0160934 0.0136864 0.0113433 0.00922584 0.00741208 0.00591165 0.00469221 0.00370481
 1.0114e-16 3.21541e-05 0.000188715 0.000897057 0.00345371 0.01077 0.0272043 0.055664 0.0922703 0.12392 0.134858 0.118974 0.0852093 0.0498167 0.024341 0.0110012 0.00630272 0.00612209 0.00792144 0.0105607 0.0135299 0.016476 0.0190566 0.0209533 0.0219325 0.0218967 0.020905 0.0191501 0.0169056 0.0144589 0.012054 0.00985732 0.00795274 0.00635626 0.00504196 0.00396654
 1.01255e-16 3.16415e-05 0.000185705 0.000882746 0.0033986 0.0105982 0.0267703 0.0547759 0.0907985 0.121944 0.13271 0.117085 0.0838692 0.049059 0.0240188 0.0109371 0.00638001 0.00629345 0.00818122 0.0109185 0.0139956 0.0170529 0.0197382 0.0217233 0.0227665 0.022766 0.0217803 0.0200056 0.017721 0.0152202 0.0127525 0.0104886 0.00851474 0.00684847 0.00546509 0.00432257
 1.01467e-16 3.07425e-05 0.000180426 0.000857648 0.00330197 0.0102969 0.0260091 0.0532186 0.0882175 0.118479 0.128944 0.113773 0.0815184 0.0477286 0.0234511 0.0108202 0.00650842 0.00658353 0.00862245 0.0115274 0.0147901 0.0180397 0.0209081 0.0230502 0.0242104 0.0242787 0.0233123 0.021512 0.0191655 0.0165764 0.0140031 0.0116231 0.00952745 0.00773708 0.00623004 0.00496713
 1.01597e-16 3.07817e-05 0.000180656 0.000858744 0.00330619 0.01031 0.0260423 0.0532866 0.0883301 0.11863 0.129106 0.113913 0.0816117 0.0477689 0.0234444 0.0107729 0.00642049 0.00644903 0.00843333 0.0112781 0.0144815 0.0176818 0.020521 0.0226632 0.0238579 0.0239953 0.0231267 0.0214424 0.0192168 0.0167403 0.0142603 0.0119474 0.00989009 0.00811075 0.00659173 0.00529971
 1.01673e-16 3.03974e-05 0.0001784 0.000848014 0.00326487 0.0101812 0.0257169 0.0526207 0.0872266 0.117149 0.127497 0.112498 0.0806105 0.0472074 0.0232144 0.0107442 0.00650862 0.0066219 0.00868948 0.011626 0.0149272 0.0182231 0.0211452 0.023347 0.0245711 0.0247048 0.0238025 0.0220616 0.019766 0.0172158 0.0146661 0.0122921 0.0101839 0.00836289 0.00680943 0.00548781
 1.03694e-16 1.53089e-05 8.97935e-05 0.000426718 0.00164269 0.00512239 0.0129392 0.0264785 0.0439032 0.0589975 0.064298 0.056946 0.0412671 0.0250998 0.014082 0.00944512 0.00970431 0.0130288 0.0182365 0.0246493 0.0317002 0.0387247 0.0449646 0.0496891 0.0523512 0.0527091 0.0508727 0.0472541 0.0424488 0.0370869 0.0317048 0.0266721 0.0221804 0.0182784 0.0149289 0.0120618
 1.06056e-16 2.27374e-05 0.000133432 0.000634237 0.00244179 0.00761442 0.0192335 0.039355 0.0652379 0.087621 0.095371 0.0841762 0.0603704 0.0354654 0.0176529 0.00854201 0.00571118 0.00629884 0.00856189 0.0117336 0.0154713 0.0195136 0.0235724 0.0273425 0.0305476 0.0329844 0.0345454 0.0352143 0.0350417 0.0341137 0.032527 0.0303784 0.0277682 0.0248079 0.0216265 0.0183677
pSPR Fmed_Fpbrs
0.456111   0.6 0.325
Fs Fmed_Fpbrs
0.64   0.35884 1.13241
SSBpbr Bo_Bmed_Bpbrs
973495  395347  535422 267711
Ro
33546.2
SPR SPRFo_SPRFmed_SPRFpbrs
692875 316028 225185
log_Ro
10.2407
likeval ReclasPelacesDesembMPH_pf_preclas_ppelaces_ptallas_desvR_qrecl_qpela
 65.8091 12.5274 0.0139955 43.8291 337.625 200.14 56.5561 0 17.7121 1.4529e-06 7.1012e-05 1.15836e-15 0 0 0
q_reclas_q_pelaces
0.842986 3.31643
M
0.7
N
 37732.3 11671.8 4416.02 528.006 0.22034
 45980.6 17050.6 3044.65 1151.94 137.791
 20762.9 20925.9 4668.49 833.631 353.131
 27144 8848.7 3660.07 816.549 207.572
 48262.4 12980.3 3396.76 1405 393.13
 32819.1 23785 6120.06 1601.53 847.795
 69670.2 15048.2 6853.51 1763.46 705.76
 72252.1 32688 5072.56 2310.23 832.343
 114451 32478.8 8227.05 1276.68 790.936
 119630 51242.8 7954.39 2014.89 506.381
 64536.1 55762.2 16519.1 2564.25 812.78
 45304.9 28531.4 12527.2 3711.07 758.661
 44549.6 20148 6673.51 2930.12 1045.47
 28058 18441.7 2889.34 957.022 570.124
 16380.7 9696.52 771.471 120.87 63.8852
 11586.1 5774.44 464.46 36.9533 8.84973
 7769.61 5047.78 1173.9 94.4213 9.3114
 10618 3413.91 1087.47 252.899 22.3476
 13634.4 4756.24 838.856 267.209 67.6327
 17807.3 6258.9 1381.35 243.628 97.2477
 26977.6 8215.45 1880.93 415.124 102.44
 38249.9 12945.5 3229.04 739.288 203.426
 54519.3 18250.3 4893.98 1220.73 356.389
 74341.3 25918.8 6730.97 1804.97 581.663
 24764.4 35367.8 9606.24 2494.68 884.553
 30224.2 11848.4 13623.9 3700.39 1301.71
pred_Ctot
 2456.02 4133.12 1563.77 186.973 0.0780253
 2776.29 5690.92 1016.2 384.479 45.9898
 2135.83 10333.8 2305.42 411.669 174.386
 724.234 1465.97 606.369 135.279 34.3887
 262.861 473.199 123.829 51.2193 14.3316
 1817.57 7406.36 1905.71 498.698 263.993
 2774.03 3554.03 1618.64 416.488 166.684
 4953.12 12049.4 1869.84 851.596 306.818
 8146.85 12322 3121.23 484.356 300.071
 5297 13252.6 2057.19 521.096 130.962
 5126.7 22966.8 6803.72 1056.14 334.759
 3424.7 11326.5 4973.11 1473.24 301.178
 5387.18 11037.9 3656.04 1605.25 572.757
 6264.59 13773.3 2157.92 714.757 425.8
 3485.69 7105.3 565.31 88.5698 46.8131
 1029.79 2579.1 207.447 16.5048 3.95264
 648.093 2154.42 501.027 40.2996 3.97416
 752.449 1290.81 411.174 95.6217 8.44969
 744.513 1464.16 258.232 82.2572 20.82
 912.446 1828.92 403.646 71.1907 28.4168
 654.757 1248.6 285.866 63.0911 15.569
 1080.11 2257.5 563.099 128.921 35.4746
 1676.4 3435.26 921.197 229.778 67.0834
 2248.92 4808.15 1248.65 334.836 107.903
 651.973 5788.82 1572.3 408.317 144.779
 971.586 2320.24 2667.93 724.637 254.909
F
 0.0943295 0.643787 0.643787 0.643787 0.643787
 0.0872326 0.595352 0.595352 0.595352 0.595352
 0.152897 1.0435 1.0435 1.0435 1.0435
 0.0377221 0.257449 0.257449 0.257449 0.257449
 0.00759883 0.0518611 0.0518611 0.0518611 0.0518611
 0.0797513 0.544293 0.544293 0.544293 0.544293
 0.0567649 0.387414 0.387414 0.387414 0.387414
 0.0995739 0.67958 0.67958 0.67958 0.67958
 0.103572 0.706863 0.706863 0.706863 0.706863
 0.0633063 0.432058 0.432058 0.432058 0.432058
 0.116221 0.793197 0.793197 0.793197 0.793197
 0.110311 0.752858 0.752858 0.752858 0.752858
 0.181992 1.24207 1.24207 1.24207 1.24207
 0.362507 2.47407 2.47407 2.47407 2.47407
 0.342665 2.33865 2.33865 2.33865 2.33865
 0.130861 0.893109 0.893109 0.893109 0.893109
 0.122361 0.835097 0.835097 0.835097 0.835097
 0.10309 0.703576 0.703576 0.703576 0.703576
 0.0785941 0.536395 0.536395 0.536395 0.536395
 0.0735897 0.502241 0.502241 0.502241 0.502241
 0.0342616 0.233831 0.233831 0.233831 0.233831
 0.0399626 0.27274 0.27274 0.27274 0.27274
 0.0435848 0.297461 0.297461 0.297461 0.297461
 0.0428662 0.292557 0.292557 0.292557 0.292557
 0.037213 0.253974 0.253974 0.253974 0.253974
 0.0456057 0.311253 0.311253 0.311253 0.311253
Np
 22282.8 10498.5 4973.87 1494.96 2315.23
YTP_r0W_actual
 10050.4 66615.1 106452 33909.9 12965.9
YTP_p0W_proyectada
 6751.03 68560.7 29956.2 43988.9 18081.9
 6751.03 50195.1 34570.2 13269.5 22805.1
CTP_r0_actual
 1116.71 2622.64 3015.65 819.08 288.132
CTP_p0_proyectada
 823.297 3174.11 954.02 1096.98 406.334
 823.297 2323.85 1100.96 330.909 512.474
Wmedp
 8.2 21.6 31.4 40.1 44.5
nmprior
 10.8 10.6 4.6 0
nm_flota  nm_reclas  nm_pelaces    nm_pelaL
inf 19.272 16.5016 50.645
cv_recla  cv_pelaces  cv_mph
0.717654 0.387723 0.54055
 ------------------------------------------------
Talla a la edad & desviaci?n 
 7.2 14.2025 17.0495 18.207 18.6776
 1.08 2.13037 2.55742 2.73105 2.80164
