years
 1997 1998 1999 2000 2001 2002 2003 2004 2005 2006 2007 2008 2009 2010 2011 2012 2013 2014 2015 2016 2017 2018 2019 2020 2021 2022 2023
reclasobs
 0 0 0 370054 412103 1.49427e+06 250295 1.28982e+06 931140 785840 897777 1.04006e+06 184774 17550 25797 100020 73551 82996 120727 218422 84188 347160 605670 569463 516374 1.08416e+06 1.01767e+06
reclaspred
 547004 139011 334260 205963 314946 373836 798833 580034 749179 852887 760665 538464 308512 117789 80130.5 77640 75216.3 95079.6 114923 159523 248068 260677 468808 584434 734662 640099 535368
pelacesobs
 0 0 0 0 0 0 0 0 0 2.06254e+06 1.5e+06 0 1.87456e+06 323000 250000 174000 83755 137374 0 501740 490994 745055 786931 1.00524e+06 1.33801e+06 1.41789e+06 0
pelacespred
 2.14606e+06 431212 623804 609262 851461 685931 2.13088e+06 1.64542e+06 2.14426e+06 2.33267e+06 1.69935e+06 1.24964e+06 730982 236816 174727 164158 161266 219300 253514 351412 661950 618487 899380 1.32594e+06 1.52015e+06 1.42254e+06 1.1621e+06
mphobs
 0 0 0 0 0 0 112323 0 153150 637223 0 255016 313432 73983 77613 109348 50772 17779 17303 59886 28197 0 207744 136588 643089 65757 70829
mphpred
 188580 102379 109332 94463.8 102133 164094 222779 291830 277629 352379 370003 258172 155714 114098 53250.8 47409.7 41291 47652.3 27963.6 33395.4 53008 71633.9 94712.9 139124 178427 160677 132791
desembarqueobs
 350755 77701 442110 56441 14545 235359 269955 359681 431902 328805 639364 411747 362871 311530 167758 66681 60226 58785 57116 73181 50977 67692 138656 160484 209506 203330 245020
desembarquepred
 350759 77698.4 442081 56445.8 14545.5 235506 270040 359608 431838 328802 639288 411729 362997 311622 167560 66689.2 60272.1 58772.2 57082.6 73176.9 50979.1 67674.4 138663 160498 209538 203342 244999
Reclutas
 35013 41872 18949.1 25078.5 43732.8 29903.7 66154 67162.1 108202 113230 64732.8 47493.1 43099.8 27734.6 15849.9 11056.7 7323.87 10268.2 12932.4 16374.9 25081.9 35645.3 49679.7 66868.2 24113.7 34514.2 55122.7
log_desv_Rt
 0.0727774 0.251675 -0.541187 -0.260929 0.295157 -0.0849584 0.709043 0.724168 1.20106 1.24648 0.687327 0.377642 0.280577 -0.160262 -0.719779 -1.0799 -1.4918 -1.15389 -0.923209 -0.687191 -0.260794 0.0906748 0.422655 0.719782 -0.300159 0.0584308 0.52662
SSB
 419114 227535 242988 209944 226988 364694 479046 639263 599676 765309 822324 573781 360135 170912 83994.2 74352.7 68959.8 74936.3 97916.9 124247 183815 241479 329271 459436 651034 607701 470365
BT
 1.47664e+06 352395 575942 376030 457909 530377 1.35423e+06 1.26817e+06 1.56386e+06 1.54117e+06 1.44693e+06 1.02025e+06 736701 412255 231390 140481 135031 165044 179614 242627 392694 376437 556724 820971 918063 892705 813449
Ftot
 1.13511 1.04937 1.89779 0.449228 0.0824071 0.85546 0.597195 1.09716 1.14757 0.69263 1.20897 1.06939 1.74786 3.87129 3.83582 1.44222 1.31081 1.0921 0.833656 0.77061 0.35956 0.406237 0.442899 0.443891 0.380452 0.406514 0.680154
BD_Bspro_t
 0.901241 0.619738 0.527605 0.326346 0.466382 0.638886 0.563296 0.599028 0.546744 0.558078 0.541116 0.383326 0.283496 0.176204 0.107508 0.115752 0.146847 0.210395 0.309656 0.42027 0.544832 0.671706 0.701337 0.706339 0.719814 0.643984 0.580791
BD_Bspro
 0.623306 0.338389 0.361371 0.312228 0.337575 0.542373 0.712437 0.950711 0.891836 1.13817 1.22296 0.853326 0.535593 0.254181 0.124916 0.110577 0.102557 0.111445 0.145622 0.18478 0.273369 0.359127 0.489691 0.683272 0.968217 0.903771 0.699525
BD_Bo
 0.567262 0.307963 0.328879 0.284154 0.307223 0.493606 0.648379 0.865229 0.811648 1.03583 1.113 0.7766 0.487435 0.231326 0.113684 0.100635 0.0933356 0.101425 0.132528 0.168166 0.248789 0.326836 0.445661 0.621837 0.881161 0.82251 0.636628
BD_Brms
 1.03139 0.559933 0.597961 0.516645 0.558587 0.897466 1.17887 1.57314 1.47572 1.88333 2.02363 1.412 0.886246 0.420593 0.206699 0.182972 0.169701 0.184409 0.240961 0.305756 0.452344 0.594248 0.810293 1.13061 1.60211 1.49547 1.15751
S_f
 0.0863331 0.64226 0.971519 0.998459 0.999919
 0.0863331 0.64226 0.971519 0.998459 0.999919
 0.0863331 0.64226 0.971519 0.998459 0.999919
 0.0863331 0.64226 0.971519 0.998459 0.999919
 0.0863331 0.64226 0.971519 0.998459 0.999919
 0.0863331 0.64226 0.971519 0.998459 0.999919
 0.0863331 0.64226 0.971519 0.998459 0.999919
 0.0863331 0.64226 0.971519 0.998459 0.999919
 0.0863331 0.64226 0.971519 0.998459 0.999919
 0.0863331 0.64226 0.971519 0.998459 0.999919
 0.0863331 0.64226 0.971519 0.998459 0.999919
 0.0863331 0.64226 0.971519 0.998459 0.999919
 0.0863331 0.64226 0.971519 0.998459 0.999919
 0.0863331 0.64226 0.971519 0.998459 0.999919
 0.0863331 0.64226 0.971519 0.998459 0.999919
 0.0863331 0.64226 0.971519 0.998459 0.999919
 0.0863331 0.64226 0.971519 0.998459 0.999919
 0.0863331 0.64226 0.971519 0.998459 0.999919
 0.0863331 0.64226 0.971519 0.998459 0.999919
 0.0863331 0.64226 0.971519 0.998459 0.999919
 0.0863331 0.64226 0.971519 0.998459 0.999919
 0.0863331 0.64226 0.971519 0.998459 0.999919
 0.0863331 0.64226 0.971519 0.998459 0.999919
 0.0863331 0.64226 0.971519 0.998459 0.999919
 0.0863331 0.64226 0.971519 0.998459 0.999919
 0.0863331 0.64226 0.971519 0.998459 0.999919
 0.0863331 0.64226 0.971519 0.998459 0.999919
Scru_reclas
 0.480675 0.823262 0.959087 0.991595 0.998319
 0.480675 0.823262 0.959087 0.991595 0.998319
 0.480675 0.823262 0.959087 0.991595 0.998319
 0.480675 0.823262 0.959087 0.991595 0.998319
 0.480675 0.823262 0.959087 0.991595 0.998319
 0.480675 0.823262 0.959087 0.991595 0.998319
 0.480675 0.823262 0.959087 0.991595 0.998319
 0.480675 0.823262 0.959087 0.991595 0.998319
 0.480675 0.823262 0.959087 0.991595 0.998319
 0.480675 0.823262 0.959087 0.991595 0.998319
 0.480675 0.823262 0.959087 0.991595 0.998319
 0.480675 0.823262 0.959087 0.991595 0.998319
 0.480675 0.823262 0.959087 0.991595 0.998319
 0.480675 0.823262 0.959087 0.991595 0.998319
 0.480675 0.823262 0.959087 0.991595 0.998319
 0.480675 0.823262 0.959087 0.991595 0.998319
 0.480675 0.823262 0.959087 0.991595 0.998319
 0.480675 0.823262 0.959087 0.991595 0.998319
 0.480675 0.823262 0.959087 0.991595 0.998319
 0.480675 0.823262 0.959087 0.991595 0.998319
 0.480675 0.823262 0.959087 0.991595 0.998319
 0.480675 0.823262 0.959087 0.991595 0.998319
 0.480675 0.823262 0.959087 0.991595 0.998319
 0.480675 0.823262 0.959087 0.991595 0.998319
 0.480675 0.823262 0.959087 0.991595 0.998319
 0.480675 0.823262 0.959087 0.991595 0.998319
 0.480675 0.823262 0.959087 0.991595 0.998319
Scru_pelaces
 0.821599 1 1 1 1
 0.821599 1 1 1 1
 0.821599 1 1 1 1
 0.821599 1 1 1 1
 0.821599 1 1 1 1
 0.821599 1 1 1 1
 0.821599 1 1 1 1
 0.821599 1 1 1 1
 0.821599 1 1 1 1
 0.821599 1 1 1 1
 0.821599 1 1 1 1
 0.821599 1 1 1 1
 0.821599 1 1 1 1
 0.821599 1 1 1 1
 0.821599 1 1 1 1
 0.821599 1 1 1 1
 0.821599 1 1 1 1
 0.821599 1 1 1 1
 0.821599 1 1 1 1
 0.821599 1 1 1 1
 0.821599 1 1 1 1
 0.821599 1 1 1 1
 0.821599 1 1 1 1
 0.821599 1 1 1 1
 0.821599 1 1 1 1
 0.821599 1 1 1 1
 0.821599 1 1 1 1
pf_obs 
 0.256992 0.487395 0.22802 0.0275931 0
 0.321318 0.546541 0.124235 0.00734118 0.000564706
 0.182869 0.594174 0.210203 0.0122559 0.00049798
 0.330522 0.361315 0.267642 0.0388342 0.00168674
 0.649043 0.306663 0.0425973 0.00169635 0
 0.582887 0.30429 0.105238 0.00758474 0
 0.465427 0.430635 0.0974691 0.00646863 0
 0.296916 0.608066 0.0921331 0.00288517 0
 0.311714 0.524322 0.152257 0.0117073 0
 0.15457 0.633149 0.183074 0.0267441 0.00246327
 0.131901 0.49318 0.331252 0.0422183 0.00144891
 0.196976 0.569456 0.194076 0.0375587 0.00193317
 0.518974 0.381816 0.0799577 0.0180837 0.00116848
 0.0928022 0.601141 0.25162 0.0475244 0.00691264
 0.122501 0.610282 0.24278 0.0234846 0.000952079
 0.383417 0.481906 0.127806 0.00687128 0
 0.0376549 0.599619 0.316969 0.0457579 0
 0.0361596 0.667082 0.258105 0.0386534 0
 0.158088 0.579412 0.248529 0.0139706 0
 0.0477256 0.309471 0.559284 0.082774 0.000745712
 0.0406174 0.521527 0.379366 0.0568643 0.0016247
 0.151134 0.462217 0.34131 0.0453401 0
 0.294876 0.26143 0.354403 0.0886775 0.000613685
 0.281977 0.475581 0.204845 0.0348837 0.00271318
 0.0841818 0.532909 0.334909 0.0458182 0.00218182
 0.115287 0.27431 0.454777 0.147771 0.00785563
 0 0 0 0 0
pf_pred 
 0.287246 0.48504 0.203329 0.0243712 1.35053e-05
 0.264975 0.583696 0.121222 0.0270139 0.00309363
 0.134946 0.668126 0.172963 0.0193667 0.00459831
 0.231302 0.492396 0.244517 0.0281229 0.00366133
 0.250267 0.499844 0.185392 0.0572933 0.00720324
 0.133795 0.58857 0.208861 0.0513865 0.0173871
 0.292872 0.394526 0.247051 0.0498109 0.0157401
 0.22356 0.601561 0.118954 0.0445349 0.0113912
 0.310333 0.498686 0.165562 0.0175422 0.00787715
 0.227964 0.619576 0.1268 0.0223817 0.00327857
 0.130667 0.604959 0.231265 0.0277115 0.00539782
 0.143533 0.509928 0.282425 0.0564163 0.00769828
 0.200626 0.508723 0.213395 0.0634838 0.0137721
 0.249203 0.593975 0.124942 0.0237733 0.00810653
 0.289768 0.650613 0.0559703 0.00297038 0.000678343
 0.248483 0.685353 0.0646498 0.00143064 8.36213e-05
 0.172168 0.631469 0.18744 0.00872905 0.000193993
 0.267996 0.491513 0.207626 0.0314412 0.0014242
 0.259773 0.571346 0.133868 0.0304113 0.0046006
 0.244712 0.555078 0.171547 0.0229099 0.00575354
 0.254706 0.527265 0.180476 0.0323558 0.00519762
 0.231997 0.530512 0.188533 0.040746 0.00821096
 0.225458 0.519158 0.199822 0.0444048 0.0111574
 0.219195 0.520867 0.19947 0.0476542 0.0128129
 0.0680856 0.612789 0.244071 0.0580416 0.0170132
 0.126992 0.287795 0.441676 0.110613 0.032925
 0.222375 0.423355 0.156866 0.150187 0.0472168
pobs_RECLAS
 0 0 0 0 0
 0 0 0 0 0
 0 0 0 0 0
 0 0 0 0 0
 0.835266 0.146461 0.0176864 0.000547809 3.91292e-05
 0.385257 0.428462 0.181853 0.0044286 0
 0.867414 0.0963971 0.0333333 0.00285562 0
 0.441836 0.489002 0.0689373 0.000224442 0
 0.779404 0.147425 0.0564933 0.0165055 0.000172143
 0.814271 0.122319 0.05973 0.00367925 0
 0.40263 0.566651 0.0304383 0.000280538 0
 0.475488 0.404961 0.113038 0.00651328 0
 0.955842 0.0263864 0.0167828 0.000988607 0
 0.975058 0.0227948 0.00214734 0 0
 0.738997 0.206755 0.0527124 0.00153531 0
 0.850938 0.134255 0.0134407 0.00136685 0
 0.542534 0.407297 0.0501686 0 0
 0.764087 0.199537 0.0359546 0.000420521 0
 0.470689 0.182191 0.310203 0.0369168 0
 0.84361 0.089868 0.0606195 0.00523954 0.000663233
 0.607945 0.314616 0.071237 0.00620181 0
 0.523733 0.453247 0.0230204 0 0
 0.530135 0.295979 0.169645 0.0042399 0
 0.562478 0.366248 0.0663022 0.0049721 0
 0.250443 0.683176 0.0655157 0.000865301 0
 0.195077 0.31981 0.436473 0.0351445 0.0134964
 0.565238 0.351407 0.0832357 0.000118908 0
ppred_RECLAS
 0.669517 0.245785 0.0756149 0.0090776 5.05587e-06
 0.635381 0.306043 0.046898 0.0104729 0.00120547
 0.450582 0.456402 0.0817268 0.00911512 0.00217456
 0.592757 0.285402 0.107758 0.0124539 0.00162989
 0.611587 0.280441 0.0799713 0.0248588 0.00314197
 0.431641 0.420268 0.111284 0.0274653 0.00934104
 0.673946 0.203849 0.0964668 0.0195336 0.00620478
 0.584093 0.342575 0.0498352 0.0186915 0.00480524
 0.691025 0.241209 0.0587226 0.00623137 0.00281231
 0.581503 0.353075 0.0543685 0.00963416 0.00141859
 0.430836 0.431434 0.120451 0.0144495 0.00282876
 0.461995 0.358417 0.146292 0.0292805 0.00401581
 0.576003 0.302808 0.0890203 0.0264115 0.00575737
 0.692618 0.268386 0.0312141 0.00579714 0.00198402
 0.72177 0.264772 0.0126528 0.000655698 0.000150292
 0.614625 0.360386 0.0244178 0.000540116 3.17265e-05
 0.50888 0.400746 0.0862657 0.00401929 8.97713e-05
 0.647702 0.25901 0.0805164 0.0122152 0.00055613
 0.626899 0.30557 0.0534867 0.0121901 0.00185364
 0.609374 0.307453 0.0712184 0.00954488 0.00240949
 0.617839 0.290453 0.0758352 0.0136659 0.00220684
 0.589933 0.305718 0.0827378 0.0179709 0.00364046
 0.582713 0.303571 0.08886 0.0198431 0.00501205
 0.574088 0.308622 0.0898801 0.0215775 0.00583203
 0.259482 0.529872 0.160867 0.0384499 0.0113298
 0.432885 0.222321 0.259829 0.065397 0.0195684
 0.590143 0.251164 0.0700642 0.0673464 0.0212829
pobs_PELACES
 0 0 0 0 0
 0 0 0 0 0
 0 0 0 0 0
 0 0 0 0 0
 0 0 0 0 0
 0 0 0 0 0
 0 0 0 0 0
 0 0 0 0 0
 0 0 0 0 0
 0 0 0 0 0
 0.450072 0.473896 0.0757376 0.000293798 0
 0 0 0 0 0
 0.463077 0.371075 0.160297 0.00555027 0
 0.529543 0.364841 0.0842815 0.0213345 0
 0.631943 0.363953 0.00410389 0 0
 0.735681 0.248677 0.0153453 0.000297389 0
 0.695825 0.281241 0.0229344 0 0
 0.275771 0.60734 0.115278 0.00161068 0
 0 0 0 0 0
 0.896147 0.0623911 0.0374545 0.00400742 0
 0.803859 0.145111 0.0509908 3.86294e-05 0
 0.739449 0.233085 0.0266225 0.000797448 4.60066e-05
 0.878498 0.100942 0.0204185 0.000141795 0
 0.694673 0.275183 0.0284847 0.00165964 0
 0.469039 0.446079 0.0841089 0.000773354 0
 0.822795 0.102175 0.0682046 0.00682512 0
 0 0 0 0 0
ppred_PELACES
 0.789279 0.167201 0.0390307 0.00448654 2.48064e-06
 0.755633 0.213356 0.0250403 0.00535824 0.00061229
 0.632879 0.321621 0.0402241 0.00426659 0.00101008
 0.701958 0.221184 0.0682694 0.00760104 0.000987863
 0.701669 0.225218 0.054637 0.0164149 0.00206067
 0.570536 0.337429 0.0698876 0.0165567 0.00559075
 0.778346 0.149944 0.0570818 0.0111204 0.00350755
 0.716528 0.2442 0.0270665 0.00972364 0.00248162
 0.804186 0.161614 0.0298138 0.00302893 0.00135704
 0.696533 0.264683 0.032449 0.00552735 0.000808128
 0.586063 0.3341 0.0702108 0.00805938 0.00156624
 0.615295 0.278795 0.086963 0.0166758 0.00227051
 0.74232 0.201246 0.0420002 0.0118667 0.00256721
 0.872378 0.118082 0.00774059 0.00134343 0.000455828
 0.882868 0.11387 0.0030789 0.000149151 3.3894e-05
 0.74846 0.239371 0.0119024 0.000251403 1.46578e-05
 0.660615 0.290683 0.0465814 0.00207485 4.60009e-05
 0.77156 0.179454 0.042527 0.00618001 0.000279319
 0.741654 0.220469 0.0302568 0.00662051 0.000999534
 0.726023 0.225997 0.0413267 0.00532056 0.00133357
 0.717487 0.224398 0.0483646 0.00840294 0.00134758
 0.695938 0.23789 0.0528772 0.0110685 0.00222667
 0.692015 0.236204 0.0565604 0.0121683 0.00305217
 0.684624 0.241095 0.0574324 0.0132833 0.0035653
 0.3581 0.48463 0.12118 0.0279201 0.00817013
 0.566189 0.191794 0.184093 0.0446543 0.0132691
 0.71509 0.190908 0.0424568 0.039234 0.0123113
pobs_pel_tallas
 0 0 0 0 0 0 0 0 0 0 0 0 0 0 0 0 0 0 0 0 0 0 0 0 0 0 0 0 0 0 0 0 0 0 0 0
 0 0 0 0 0 0 0 0 0 0 0 0 0 0 0 0 0 0 0 0 0 0 0 0 0 0 0 0 0 0 0 0 0 0 0 0
 0 0 0 0 0 0 0 0 0 0 0 0 0 0 0 0 0 0 0 0 0 0 0 0 0 0 0 0 0 0 0 0 0 0 0 0
 0 0 0 0 0 0 0 0 0 0 0 0 0 0 0 0 0 0 0 0 0 0 0 0 0 0 0 0 0 0 0 0 0 0 0 0
 0 0 0 0 0 0 0 0 0 0 0 0 0 0 0 0 0 0 0 0 0 0 0 0 0 0 0 0 0 0 0 0 0 0 0 0
 0 0 0 0 0 0 0 0 0 0 0 0 0 0 0 0 0 0 0 0 0 0 0 0 0 0 0 0 0 0 0 0 0 0 0 0
 0 0 0 0 0 0 0 0 0 0 0 0 0 0 0 0 0 0 0 0 0 0 0 0 0 0 0 0 0 0 0 0 0 0 0 0
 0 0 0 0 0 0 0 0 0 0 0 0 0 0 0 0 0 0 0 0 0 0 0 0 0 0 0 0 0 0 0 0 0 0 0 0
 0 0 0 0 0 0 0 0 0 0 0 0 0 0 0 0 0 0 0 0 0 0 0 0 0 0 0 0 0 0 0 0 0 0 0 0
 0 0 0 0 0 0 0 0 0 0 0 0 0 0 0 0 0 0 0 0 0 0 0 0 0 0 0 0 0 0 0 0 0 0 0 0
 0 0 0 0 0 0 0 0 1.78061e-05 0.00172719 0.00360574 0.0105946 0.0120993 0.0124554 0.0147524 0.0171206 0.0266825 0.0428682 0.0675386 0.121331 0.153587 0.119568 0.100827 0.0573624 0.0630603 0.0341343 0.0324427 0.0444173 0.0211091 0.0280891 0.0125444 0.00206551 0 0 0 0
 0 0 0 0 0 0 0 0 0 0 0 0 0 0 0 0 0 0 0 0 0 0 0 0 0 0 0 0 0 0 0 0 0 0 0 0
 0 0 0 0 0 0 0.0133647 0.0140871 0.0187388 0.0205184 0.03894 0.0496705 0.03968 0.0493445 0.0407372 0.0367815 0.0215668 0.0243155 0.0234873 0.0199281 0.019796 0.0243948 0.0301388 0.0376714 0.0412746 0.0863199 0.0771752 0.113111 0.0741005 0.0525337 0.0229764 0.00759418 0.00175318 0 0 0
 0 0 0 0 0 0 0 0 0 0 0.00219441 0.00772107 0.0458388 0.0604681 0.0671733 0.0775358 0.0609151 0.0617685 0.073594 0.0568108 0.0755445 0.0548602 0.0670107 0.0636378 0.0643287 0.046367 0.0373049 0.0286899 0.0247887 0.0153202 0.00654259 0.00121912 0.000365735 0 0 0
 0 0 0 0 0 0 0 0 0 0 0 0 0.000112435 0.00938835 0.0111873 0.0202946 0.0414886 0.0713402 0.111592 0.104902 0.108894 0.110636 0.117776 0.105296 0.107544 0.0401394 0.0192827 0.0124803 0.00416011 0.0028671 0.000618394 0 0 0 0 0
 0 0 0 0 0 0 0 0 0 0 0.00291406 0.0102884 0.027416 0.0768956 0.0749926 0.110853 0.0956884 0.0897413 0.0766577 0.0534642 0.0500743 0.0551293 0.0594112 0.0620874 0.0668451 0.0424026 0.0208742 0.0120726 0.0048766 0.00582813 0.00118941 0.000297354 0 0 0 0
 0 0.00264628 0.0354308 0.0461629 0.0458689 0.0383711 0.0214643 0.0164657 0.0346957 0.0420465 0.0363128 0.0245516 0.0311673 0.0291091 0.0169068 0.0133784 0.00837989 0.0085269 0.0148486 0.0160247 0.0276389 0.0546898 0.0760071 0.122758 0.109233 0.0665981 0.0333725 0.0166128 0.00676272 0.00308733 0.000882094 0 0 0 0 0
 0 0 0 0 0 0 0 0.000805153 0.000690131 0.00759144 0.0133425 0.0154129 0.00931677 0.000345066 0.00356568 0.00563607 0.00851162 0.0253048 0.0502646 0.0516448 0.0657925 0.0565908 0.0611916 0.0827007 0.0866115 0.110766 0.145733 0.0935128 0.0569358 0.0249597 0.0138026 0.00621118 0.00161031 0.00115022 0 0
 0 0 0 0 0 0 0 0 0 0 0 0 0 0 0 0 0 0 0 0 0 0 0 0 0 0 0 0 0 0 0 0 0 0 0 0
 0.00147267 0.00158595 0.00478618 0.00569244 0.00954404 0.0108468 0.00647125 0.017049 0.0510054 0.094081 0.124002 0.0959785 0.0687766 0.0820023 0.061753 0.0591476 0.0492212 0.0479892 0.0443925 0.0268479 0.0217502 0.0140895 0.0121071 0.0120363 0.00920419 0.00665534 0.0049561 0.00860946 0.00930331 0.0156896 0.0114698 0.00855282 0.00243557 0.00046729 0 2.83206e-05
 0 0 0 0 0.000772559 0.00158375 0.000888443 0.00281984 0.00712685 0.0440552 0.0773331 0.111326 0.0921469 0.0852325 0.0710754 0.0886704 0.0786465 0.0553345 0.0373146 0.0185414 0.00753245 0.00457741 0.012979 0.0271748 0.0457355 0.0583668 0.034881 0.0177882 0.00938659 0.00492506 0.0015258 0.00185414 0.000309023 5.79419e-05 3.86279e-05 0
 0 0.00173294 0.00326652 0 0.00397197 0.00683976 0.00946217 0.0152591 0.00757587 0.0136028 0.0228656 0.0392903 0.0559909 0.0764795 0.0681675 0.0726916 0.0566044 0.0477403 0.0527397 0.0444891 0.0609904 0.0582453 0.0661739 0.0445044 0.0529084 0.0360697 0.0280645 0.0235558 0.0158879 0.00826598 0.00280645 0.00217768 0.000904811 0.00058276 9.20147e-05 0
 0 0 0 0 0 0 0 0 0 0 0 0 0 0 0 0 0 0 0 0 0 0 0 0 0 0 0 0 0 0 0 0 0 0 0 0
 0 0 0 0 0 0 0 0 0 0 0 0 0 0 0 0 0 0 0 0 0 0 0 0 0 0 0 0 0 0 0 0 0 0 0 0
 0 0 0 0 0 0 0 0 0 0 0 0 0 0 0 0 0 0 0 0 0 0 0 0 0 0 0 0 0 0 0 0 0 0 0 0
 0 0 0 0 0 0 0 0 0 0 0 0 0 0 0 0 0 0 0 0 0 0 0 0 0 0 0 0 0 0 0 0 0 0 0 0
 0 0 0 0 0 0 0 0 0 0 0 0 0 0 0 0 0 0 0 0 0 0 0 0 0 0 0 0 0 0 0 0 0 0 0 0
ppred_pel_tallas
 1.00763e-16 3.44358e-05 0.000202114 0.000960766 0.00369902 0.011535 0.0291366 0.0596172 0.0988217 0.132713 0.144414 0.127374 0.0911573 0.0531569 0.0257169 0.0111892 0.00580663 0.00513492 0.00645346 0.00856155 0.0109603 0.0133428 0.0154269 0.0169532 0.0177312 0.0176813 0.0168509 0.0153967 0.0135414 0.0115201 0.00953327 0.00771921 0.00614895 0.00483819 0.00376759 0.0029025
 1.00638e-16 3.29705e-05 0.000193507 0.00091984 0.00354142 0.0110436 0.0278953 0.0570777 0.0946137 0.127067 0.138282 0.121995 0.0873711 0.0510771 0.0249498 0.0112625 0.00642929 0.00621771 0.00801971 0.0106591 0.0136054 0.0164894 0.0189552 0.0206764 0.0214195 0.021098 0.019792 0.0177234 0.0151978 0.0125319 0.00999138 0.00775335 0.00590001 0.00443532 0.00331374 0.00246883
 1.0087e-16 2.76222e-05 0.000162098 0.000770496 0.00296637 0.0092503 0.0233657 0.0478107 0.0792568 0.106455 0.115886 0.102318 0.0734572 0.0433026 0.0218228 0.0109858 0.00785061 0.00891585 0.0119992 0.0160562 0.0205112 0.0248603 0.0285762 0.0311675 0.0322813 0.0317865 0.0298034 0.0266664 0.0228366 0.018793 0.0149377 0.0115403 0.00872689 0.00650565 0.00480924 0.00353795
 1.01349e-16 3.06304e-05 0.000179768 0.00085452 0.00328992 0.0102593 0.0259142 0.0530244 0.0878957 0.118047 0.128473 0.113357 0.0812204 0.0475534 0.0233639 0.0107789 0.00648324 0.00656048 0.00859802 0.0115045 0.014776 0.0180455 0.0209474 0.0231373 0.024357 0.0244907 0.0235871 0.0218372 0.0195196 0.0169317 0.01433 0.0118949 0.00972459 0.0078499 0.00625936 0.00492303
 1.0151e-16 3.06179e-05 0.000179695 0.00085417 0.00328857 0.0102551 0.0259036 0.0530027 0.0878598 0.117999 0.128422 0.113314 0.0811929 0.0475447 0.0233733 0.0108055 0.00652836 0.00662667 0.00868725 0.0116159 0.014904 0.0181791 0.0210706 0.0232311 0.0244034 0.024477 0.0235097 0.0217039 0.0193493 0.0167511 0.0141687 0.01178 0.00967539 0.0078753 0.00635708 0.00508124
 1.01933e-16 2.49045e-05 0.000146141 0.000694631 0.00267427 0.00833937 0.0210648 0.0431031 0.0714544 0.0959801 0.104495 0.0922906 0.0663229 0.0392277 0.0200119 0.0104748 0.00799139 0.00942654 0.0128225 0.0172276 0.0220892 0.0268965 0.0311021 0.0341882 0.0357746 0.0357043 0.0340759 0.0312069 0.0275457 0.0235626 0.0196554 0.0160942 0.0130128 0.0104339 0.00831175 0.00657326
 1.01406e-16 3.39584e-05 0.000199313 0.000947453 0.00364776 0.0113752 0.0287329 0.058791 0.0974518 0.130872 0.142408 0.125598 0.0898716 0.0523779 0.025286 0.0109113 0.00553605 0.00478793 0.00598994 0.00797114 0.0102601 0.0125799 0.014679 0.0163224 0.0173311 0.0176188 0.0172068 0.0162106 0.0148038 0.0131735 0.0114823 0.00984598 0.00833043 0.00696146 0.00574118 0.00466234
 1.00914e-16 3.12666e-05 0.000183501 0.000872263 0.00335823 0.0104723 0.0264523 0.0541255 0.0897213 0.1205 0.131146 0.115723 0.0829318 0.0485876 0.0239308 0.0111362 0.0068218 0.00698722 0.00916046 0.0122095 0.0155935 0.0189065 0.021745 0.0237367 0.024615 0.0242813 0.0228266 0.0205037 0.01766 0.0146549 0.0117887 0.00926061 0.00716145 0.00549357 0.00420397 0.00321725
 1.00644e-16 3.50855e-05 0.000205929 0.000978906 0.00376886 0.0117529 0.0296868 0.0607429 0.100687 0.135218 0.147137 0.12977 0.0928597 0.0541247 0.0261382 0.0112917 0.00574177 0.00496604 0.00619033 0.00819272 0.0104709 0.0127226 0.0146741 0.016076 0.0167471 0.0166156 0.0157336 0.0142599 0.0124167 0.0104367 0.00851683 0.00679087 0.00532457 0.00412766 0.00317442 0.00242394
 1.00775e-16 3.03955e-05 0.000178385 0.000847938 0.00326456 0.0101802 0.0257145 0.0526161 0.0872201 0.117143 0.127499 0.112521 0.0806708 0.0473315 0.0234396 0.0111215 0.00710136 0.0074986 0.00991029 0.0132242 0.0168889 0.0204718 0.0235357 0.0256762 0.026603 0.0262083 0.0245907 0.0220249 0.0188896 0.0155778 0.012419 0.00963375 0.00732498 0.00549856 0.00409897 0.0030445
 1.01456e-16 2.55815e-05 0.000150116 0.000713527 0.00274702 0.00856625 0.0216379 0.0442756 0.0733978 0.0985894 0.107333 0.0947892 0.0681019 0.0402465 0.0204699 0.010614 0.00797581 0.00932961 0.0126622 0.0169989 0.0217808 0.0264972 0.0306035 0.0335853 0.0350654 0.0348895 0.0331586 0.0301924 0.0264427 0.0223839 0.0184192 0.0148247 0.0117392 0.00918841 0.007127 0.00547859
 1.02005e-16 2.68539e-05 0.000157591 0.000749076 0.00288392 0.00899316 0.0227162 0.0464814 0.0770524 0.103492 0.112654 0.0994491 0.0713645 0.0420034 0.0210483 0.0104039 0.00720473 0.00804785 0.0108251 0.0145504 0.0187102 0.0228719 0.0265816 0.0294064 0.0310208 0.0312769 0.0302324 0.0281228 0.0252929 0.0221102 0.0188913 0.0158582 0.0131311 0.0107482 0.00869707 0.00694425
 1.0119e-16 3.23895e-05 0.000190097 0.000903631 0.00347902 0.010849 0.0274037 0.0560719 0.0929463 0.124827 0.135843 0.11984 0.0858209 0.0501574 0.0244758 0.0110085 0.00623221 0.0059911 0.0077284 0.0102983 0.0131932 0.0160666 0.0185845 0.0204372 0.0213975 0.0213712 0.0204163 0.018721 0.0165516 0.0141873 0.0118642 0.00974278 0.00790243 0.00635699 0.00507994 0.00402871
 1.00216e-16 3.80572e-05 0.00022338 0.00106188 0.00408833 0.0127491 0.0322032 0.0658913 0.10922 0.146671 0.159586 0.140715 0.100617 0.0584962 0.0279679 0.0115992 0.00519305 0.00382272 0.00447371 0.00583966 0.00742375 0.00897285 0.0102808 0.0111665 0.0115029 0.0112461 0.010446 0.00923155 0.00777835 0.00626716 0.00484854 0.00362181 0.00263102 0.00187462 0.00132196 0.000930052
 1.00088e-16 3.85145e-05 0.000226065 0.00107464 0.00413748 0.0129024 0.0325904 0.0666834 0.110532 0.148433 0.161502 0.142401 0.101815 0.0591767 0.0282636 0.0116701 0.00514564 0.00370159 0.00428597 0.00557777 0.00707813 0.00853754 0.00975602 0.0105592 0.0108263 0.0105179 0.00968592 0.00845972 0.00701333 0.00552534 0.00414392 0.00296607 0.00203357 0.00134242 0.000859237 0.000538004
 1.00257e-16 3.26587e-05 0.000191675 0.000911123 0.00350785 0.0109389 0.0276308 0.0565369 0.093718 0.125866 0.136982 0.120862 0.0865918 0.0506858 0.0248777 0.0114301 0.00680034 0.00680086 0.00884414 0.0117484 0.0149574 0.0180633 0.0206672 0.0224049 0.0230205 0.0224279 0.0207324 0.0182007 0.0151942 0.0120847 0.00918164 0.00668869 0.0046956 0.00319748 0.00212868 0.00139729
 1.0083e-16 2.88304e-05 0.000169194 0.000804238 0.0030963 0.00965547 0.0243891 0.0499044 0.0827262 0.111111 0.120944 0.106759 0.0765906 0.0450398 0.0224951 0.0109917 0.00744126 0.0081768 0.0109217 0.0146063 0.0186729 0.0226577 0.0260824 0.0285004 0.0295892 0.0292242 0.0275069 0.0247318 0.0213087 0.0176656 0.0141638 0.0110484 0.0084383 0.00634783 0.00472452 0.00348635
 1.00888e-16 3.36636e-05 0.00019758 0.000939207 0.003616 0.0112762 0.0284827 0.0582794 0.0966046 0.129737 0.14118 0.124531 0.0891429 0.0520236 0.0252461 0.011117 0.00596107 0.00544928 0.00692306 0.00920296 0.0117875 0.0143557 0.0166065 0.0182619 0.019117 0.0190858 0.0182182 0.0166808 0.014711 0.0125594 0.0104394 0.00849858 0.00681249 0.0053981 0.00423542 0.00328854
 1.00776e-16 3.23612e-05 0.00018993 0.000902831 0.00347593 0.0108394 0.0273794 0.0560223 0.0928645 0.124719 0.13573 0.11975 0.0857777 0.0501751 0.0245643 0.0111821 0.00651452 0.00641172 0.00831526 0.0110675 0.0141389 0.017153 0.0197433 0.021572 0.0223963 0.0221239 0.0208336 0.01875 0.0161841 0.0134591 0.0108464 0.00852814 0.00658985 0.00503816 0.00382986 0.0029008
 1.00906e-16 3.16799e-05 0.000185929 0.000883809 0.00340269 0.010611 0.0268025 0.054842 0.0909083 0.122093 0.132874 0.117237 0.0839921 0.0491594 0.024121 0.0110721 0.00657861 0.00658313 0.00858347 0.0114445 0.0146407 0.017791 0.0205206 0.0224817 0.0234213 0.0232389 0.0220075 0.019949 0.0173742 0.014608 0.0119257 0.00951411 0.00746486 0.00579144 0.00445787 0.00340697
 1.01112e-16 3.13076e-05 0.000183744 0.00087342 0.00336269 0.0104862 0.0264874 0.0541972 0.0898397 0.120658 0.131313 0.115861 0.0830088 0.0485896 0.0238521 0.0109673 0.0065434 0.00657264 0.00858448 0.0114591 0.0146785 0.0178666 0.020652 0.0226886 0.0237225 0.0236487 0.0225328 0.0205868 0.0181105 0.0154194 0.012781 0.0103786 0.00830426 0.00657565 0.00516375 0.00401985
 1.01313e-16 3.03685e-05 0.000178229 0.000847201 0.00326174 0.0101714 0.0256922 0.0525703 0.0871435 0.117038 0.127379 0.112402 0.0805567 0.0472067 0.0232713 0.0108657 0.00670958 0.0069228 0.00911061 0.0121799 0.0156112 0.0190135 0.0219949 0.0241889 0.0253256 0.0252923 0.0241565 0.0221397 0.0195564 0.0167376 0.013964 0.0114277 0.00922539 0.0073763 0.00585129 0.00460136
 1.01441e-16 3.01974e-05 0.000177225 0.000842426 0.00324335 0.0101141 0.0255474 0.052274 0.0866523 0.116379 0.126661 0.111768 0.0801031 0.0469417 0.0231422 0.0108084 0.00667899 0.00689663 0.00908123 0.0121474 0.0155801 0.0189922 0.021995 0.0242243 0.0254105 0.0254392 0.0243733 0.0224281 0.0199113 0.0171469 0.0144105 0.0118913 0.00968555 0.00781447 0.00625266 0.00495581
 1.01517e-16 2.98754e-05 0.000175334 0.000833434 0.00320873 0.0100061 0.0252747 0.051716 0.0857275 0.115137 0.125312 0.110582 0.0792625 0.0464681 0.0229442 0.0107756 0.00673919 0.00702136 0.00926797 0.0124025 0.0159092 0.0193954 0.0224652 0.0247467 0.0259652 0.0260038 0.0249265 0.0229528 0.020396 0.017586 0.0148032 0.0122397 0.00999322 0.00808478 0.00648835 0.00515893
 1.0322e-16 1.56474e-05 9.178e-05 0.00043616 0.00167904 0.00523575 0.0132255 0.0270644 0.0448746 0.0603027 0.0657197 0.0582035 0.0421746 0.0256441 0.0143732 0.00961841 0.00985919 0.0132208 0.0184908 0.0249725 0.0320824 0.039139 0.0453667 0.0500203 0.0525459 0.0527046 0.05062 0.0467269 0.0416486 0.0360428 0.0304689 0.0253114 0.0207674 0.0168822 0.0136085 0.0108618
 1.04831e-16 2.47093e-05 0.000145008 0.000689272 0.00265368 0.00827521 0.0209026 0.0427701 0.0708986 0.0952222 0.10364 0.0914643 0.0655747 0.0384764 0.0190638 0.0090745 0.00586317 0.00630458 0.0084894 0.0115722 0.0151739 0.0190113 0.0227817 0.0261734 0.0289153 0.0308236 0.0318239 0.0319439 0.0312827 0.0299722 0.0281449 0.0259178 0.0233935 0.0206687 0.0178438 0.0150251
 1.02589e-16 3.12017e-05 0.000183125 0.000870486 0.00335141 0.010451 0.0263985 0.0540151 0.0895369 0.120248 0.13086 0.115444 0.0826723 0.0483167 0.0235773 0.0106055 0.0060097 0.00579013 0.00749009 0.0100146 0.012886 0.0157831 0.0183962 0.0204356 0.0216853 0.0220486 0.0215657 0.0203927 0.0187537 0.016882 0.0149706 0.0131454 0.0114646 0.00993508 0.0085382 0.00725112
pSPR Fmed_Fpbrs
0.529694   0.6 0.325
Fs Fmed_Fpbrs
0.64   0.471693 1.66214
SSBpbr Bo_Bmed_Bpbrs
738837  354415  406360 203180
Ro
32555.3
SPR SPRFo_SPRFmed_SPRFpbrs
672406 356169 218532
log_Ro
10.2107
likeval ReclasPelacesDesembMPH_pf_preclas_ppelaces_ptallas_desvR_qrecl_qpela
 68.4597 11.9734 0.01646 45.1685 331.849 210.818 56.2573 0 18.0227 3.05809e-07 8.70685e-05 1.74397e-14 0 0 0
q_reclas_q_pelaces
1.08151 3.77171
M
0.7
N
 35013 10288.8 3275.32 386.173 0.213812
 41872 15763.9 2464.58 539.903 61.7736
 18949.1 18992.1 3989.84 441.55 104.774
 25078.5 7987.78 2787.51 313.491 40.7648
 43732.8 11979.9 2972.46 894.683 112.326
 29903.7 21563.1 5642.36 1362.51 460.561
 66154 13792.5 6181.47 1220.43 385.223
 67162.1 31200.3 4667.27 1718.36 439.134
 108202 30337.6 7658.1 798.246 358.134
 113230 48663.3 7209.13 1247.17 182.496
 64732.8 52964.5 15488.2 1826.58 355.492
 47493.1 28959.4 12099.3 2376.28 323.964
 43099.8 21504.4 7235.99 2125.94 460.894
 27734.6 18405 3475.3 657.699 224.208
 15849.9 9859.73 760.521 40.1414 9.16444
 11056.7 5651.97 416.806 9.09234 0.531047
 7323.87 4847.81 1111.51 50.982 1.1321
 10268.2 3247.78 1037.33 154.471 6.99089
 12932.4 4640.25 799.762 178.289 26.9444
 16374.9 5976.05 1348.97 176.691 44.328
 25081.9 7608.16 1809.1 316.853 50.8357
 35645.3 12074.6 2999.03 633.502 127.505
 49679.7 17090.9 4619.08 1003.63 251.875
 66868.2 23744.7 6385.87 1491.69 400.593
 24113.7 31957.3 8866.37 2060.28 603.168
 34514.2 11587.6 12429.2 3042.41 904.501
 55122.7 16548.2 4431.99 4158.34 1305.92
pred_Ctot
 2363.87 3991.6 1673.28 200.56 0.111141
 2621.84 5775.48 1199.45 267.294 30.6104
 2078.99 10293.2 2664.67 298.364 70.8418
 687.629 1463.83 726.917 83.6055 10.8846
 223.055 445.495 165.234 51.0637 6.42001
 1537.61 6763.97 2400.27 590.545 199.816
 2397.86 3230.15 2022.7 407.822 128.87
 4389.05 11810.2 2335.36 874.333 223.638
 7381.92 11862.3 3938.24 417.278 187.375
 4742.95 12890.7 2638.16 465.667 68.213
 4641.91 21490.9 8215.59 984.441 191.755
 3028.27 10758.5 5958.62 1190.28 162.419
 4379.37 11104.7 4658.08 1385.76 300.624
 5776.46 13768.2 2896.13 551.059 187.908
 3275.08 7353.51 632.601 33.5725 7.66693
 937.625 2586.11 243.949 5.39838 0.315536
 567.257 2080.56 617.575 28.7604 0.639165
 668.061 1225.25 517.57 78.3767 3.55026
 648.547 1426.41 334.213 75.9243 11.4858
 760.89 1725.92 533.395 71.2344 17.8897
 552.324 1143.36 391.357 70.1628 11.2709
 885.267 2024.36 719.416 155.481 31.3318
 1343.3 3093.18 1190.56 264.567 66.4765
 1812.04 4305.9 1648.98 393.948 105.921
 561.412 5052.86 2012.53 478.592 140.286
 857.753 1943.89 2983.26 747.124 222.389
 2268.45 4318.65 1600.19 1532.06 481.659
F
 0.0979976 0.729035 1.10278 1.13336 1.13502
 0.0905955 0.673969 1.01948 1.04775 1.04929
 0.163842 1.21887 1.84374 1.89486 1.89763
 0.0387833 0.288521 0.436434 0.448536 0.449192
 0.00711446 0.0529268 0.0800601 0.0822801 0.0824004
 0.0738545 0.549427 0.831095 0.854142 0.85539
 0.0515577 0.383554 0.580186 0.596275 0.597146
 0.0947214 0.704663 1.06591 1.09547 1.09707
 0.0990735 0.73704 1.11489 1.1458 1.14748
 0.059797 0.444849 0.672904 0.691563 0.692574
 0.104374 0.776475 1.17454 1.20711 1.20887
 0.0923238 0.686826 1.03893 1.06774 1.0693
 0.150898 1.12258 1.69808 1.74516 1.74771
 0.33422 2.48637 3.76103 3.86532 3.87097
 0.331158 2.46359 3.72657 3.82991 3.83551
 0.124512 0.926283 1.40115 1.44 1.44211
 0.113166 0.841879 1.27347 1.30879 1.3107
 0.0942847 0.701414 1.061 1.09042 1.09201
 0.0719721 0.535424 0.809913 0.832372 0.833588
 0.0665291 0.494932 0.748662 0.769422 0.770547
 0.031042 0.230931 0.34932 0.359006 0.359531
 0.0350718 0.26091 0.394667 0.405612 0.406205
 0.0382369 0.284456 0.430285 0.442217 0.442863
 0.0383225 0.285093 0.431248 0.443207 0.443855
 0.0328456 0.244349 0.369616 0.379866 0.380421
 0.0350957 0.261088 0.394936 0.405888 0.406481
 0.0587198 0.436836 0.660782 0.679106 0.680099
Np
 22506.9 10730.6 9467.76 1667.26 461.633
YTP_r0W_actual
 13002.3 68365.8 37769.1 46271.8 16145.2
YTP_p0W_proyectada
 5308.89 106638 45244.7 12647.8 16201.6
 5308.89 44331.5 80683.7 18552.4 5707.19
CTP_r0_actual
 1585.64 3165.08 1202.84 1153.91 362.813
CTP_p0_proyectada
 647.426 4936.94 1440.91 315.407 364.08
 647.426 2052.38 2569.54 462.653 128.252
Wmedp
 8.2 21.6 31.4 40.1 44.5
nmprior
 10.8 10.6 4.6 0
nm_flota  nm_reclas  nm_pelaces    nm_pelaL
inf 21.8855 18.5255 59.5494
cv_recla  cv_pelaces  cv_mph
0.716553 0.379052 0.538859
 ------------------------------------------------
Talla a la edad & desviaci?n 
 7.2 14.2025 17.0495 18.207 18.6776
 1.08 2.13037 2.55742 2.73105 2.80164
