years
 1997 1998 1999 2000 2001 2002 2003 2004 2005 2006 2007 2008 2009 2010 2011 2012 2013 2014 2015 2016 2017 2018 2019 2020 2021
reclasobs
 0 0 0 370054 412103 1.49427e+06 250295 1.28982e+06 931140 785840 897777 1.04006e+06 184774 17550 25797 100020 73551 82996 120727 218422 84188 347160 605670 569463 516374
reclaspred
 565331 142251 364389 221725 321718 373293 795771 577096 752506 817951 707401 485002 284934 117062 78269.3 71793.2 70225.4 88353.8 102415 143282 224777 231636 420910 547329 666643
pelacesobs
 0 0 0 0 0 0 0 0 0 2.06254e+06 1.5e+06 0 1.87456e+06 323000 250000 174000 83755 137374 0 501740 490994 745055 786931 1.00524e+06 1.33801e+06
pelacespred
 2.18069e+06 506712 714891 729329 936882 812328 2.19809e+06 1.77556e+06 2.21091e+06 2.3764e+06 1.76519e+06 1.26371e+06 731606 235461 167004 160983 163473 214471 244840 341766 639575 610433 907875 1.36901e+06 1.61245e+06
mphobs
 0 0 0 0 0 0 112323 0 153150 637223 0 255016 313432 73983 77613 109348 50772 17779 17303 59886 28197 0 207744 136588 643089
mphpred
 195474 107621 116193 109073 111064 172774 236241 294472 280065 346590 361310 253215 150892 118641 52639.7 45731.5 41312.2 48035.9 35278.2 41859.6 67072 90911.1 121726 183837 240548
desembarqueobs
 350755 77701 442110 56441 14545 235359 269955 359681 431902 328805 639364 411747 362871 311530 167758 66681 60226 58785 57116 73181 50977 67692 138656 160484 209506
desembarquepred
 350758 77698.5 442084 56444.1 14545.3 235472 270008 359620 431835 328803 639294 411750 363053 311626 167591 66693.9 60272.8 58775.4 57087.7 73176.1 50976.3 67673.7 138658 160478 209507
Reclutas
 38068 46475.3 21805.2 29213.8 51178.9 34489.9 70605.2 74646.5 117285 120984 66291.1 45383.3 43430.8 27422.4 16342.7 11684.3 7850.42 10429.3 13414.4 17761.6 27050.7 38615 56490.3 75427 28160.6
log_desv_Rt
 0.102974 0.302521 -0.454253 -0.16176 0.398926 0.0042649 0.720703 0.776363 1.2282 1.25926 0.657655 0.278744 0.234767 -0.225039 -0.74262 -1.07816 -1.47583 -1.19178 -0.940075 -0.659363 -0.238688 0.117241 0.497667 0.786764 -0.198479
SSB
 512155 281974 304434 285780 290996 452678 600675 761640 715362 888762 946658 663441 409649 199403 92951.9 80679.1 76931.9 84745.3 106298 133548 200331 264226 364309 524100 753710
BT
 1.65983e+06 418134 675023 481520 563758 637724 1.54039e+06 1.44972e+06 1.75471e+06 1.71891e+06 1.58667e+06 1.1031e+06 786668 432615 241252 149503 146276 176395 190715 259866 424704 408929 617633 926576 1.0573e+06
Ftot
 0.632282 0.583429 1.01345 0.242949 0.0482344 0.501804 0.355375 0.639152 0.661891 0.409929 0.75693 0.706504 1.15242 2.2974 2.22021 0.863668 0.810019 0.684456 0.536973 0.508086 0.235041 0.272518 0.294304 0.283789 0.246316
BD_Bspro_t
 0.924119 0.669732 0.587541 0.394305 0.525955 0.688167 0.616644 0.640395 0.589795 0.592675 0.576108 0.416334 0.309231 0.200071 0.11719 0.124035 0.160937 0.231337 0.326606 0.436933 0.563598 0.688635 0.719721 0.730228 0.744012
BD_Bspro
 0.725302 0.399326 0.431133 0.404715 0.412102 0.641073 0.850663 1.07862 1.01308 1.25865 1.34064 0.939551 0.580136 0.28239 0.131636 0.114256 0.108949 0.120014 0.150536 0.189128 0.283705 0.374192 0.515926 0.742219 1.06739
BD_Bo
 0.518134 0.285266 0.307988 0.289116 0.294393 0.457963 0.607687 0.770531 0.723714 0.899138 0.957709 0.671187 0.414431 0.201731 0.094037 0.081621 0.0778301 0.0857347 0.107538 0.135107 0.20267 0.267311 0.368562 0.530219 0.762509
BD_Brms
 0.942061 0.518665 0.559978 0.525666 0.53526 0.83266 1.10489 1.40097 1.31584 1.6348 1.74129 1.22034 0.753511 0.366784 0.170976 0.148402 0.141509 0.155881 0.195524 0.24565 0.368491 0.48602 0.670113 0.964034 1.38638
S_f
 0.150363 1 1 1 1
 0.150363 1 1 1 1
 0.150363 1 1 1 1
 0.150363 1 1 1 1
 0.150363 1 1 1 1
 0.150363 1 1 1 1
 0.150363 1 1 1 1
 0.150363 1 1 1 1
 0.150363 1 1 1 1
 0.150363 1 1 1 1
 0.150363 1 1 1 1
 0.150363 1 1 1 1
 0.150363 1 1 1 1
 0.150363 1 1 1 1
 0.150363 1 1 1 1
 0.150363 1 1 1 1
 0.150363 1 1 1 1
 0.150363 1 1 1 1
 0.150363 1 1 1 1
 0.150363 1 1 1 1
 0.150363 1 1 1 1
 0.150363 1 1 1 1
 0.150363 1 1 1 1
 0.150363 1 1 1 1
 0.150363 1 1 1 1
Scru_reclas
 0.694228 1 1 1 1
 0.694228 1 1 1 1
 0.694228 1 1 1 1
 0.694228 1 1 1 1
 0.694228 1 1 1 1
 0.694228 1 1 1 1
 0.694228 1 1 1 1
 0.694228 1 1 1 1
 0.694228 1 1 1 1
 0.694228 1 1 1 1
 0.694228 1 1 1 1
 0.694228 1 1 1 1
 0.694228 1 1 1 1
 0.694228 1 1 1 1
 0.694228 1 1 1 1
 0.694228 1 1 1 1
 0.694228 1 1 1 1
 0.694228 1 1 1 1
 0.694228 1 1 1 1
 0.694228 1 1 1 1
 0.694228 1 1 1 1
 0.694228 1 1 1 1
 0.694228 1 1 1 1
 0.694228 1 1 1 1
 0.694228 1 1 1 1
Scru_pelaces
 0.79505 1 1 1 1
 0.79505 1 1 1 1
 0.79505 1 1 1 1
 0.79505 1 1 1 1
 0.79505 1 1 1 1
 0.79505 1 1 1 1
 0.79505 1 1 1 1
 0.79505 1 1 1 1
 0.79505 1 1 1 1
 0.79505 1 1 1 1
 0.79505 1 1 1 1
 0.79505 1 1 1 1
 0.79505 1 1 1 1
 0.79505 1 1 1 1
 0.79505 1 1 1 1
 0.79505 1 1 1 1
 0.79505 1 1 1 1
 0.79505 1 1 1 1
 0.79505 1 1 1 1
 0.79505 1 1 1 1
 0.79505 1 1 1 1
 0.79505 1 1 1 1
 0.79505 1 1 1 1
 0.79505 1 1 1 1
 0.79505 1 1 1 1
pf_obs 
 0.256992 0.487395 0.22802 0.0275931 0
 0.321318 0.546541 0.124235 0.00734118 0.000564706
 0.182869 0.594174 0.210203 0.0122559 0.00049798
 0.330522 0.361315 0.267642 0.0388342 0.00168674
 0.649043 0.306663 0.0425973 0.00169635 0
 0.582887 0.30429 0.105238 0.00758474 0
 0.465427 0.430635 0.0974691 0.00646863 0
 0.296916 0.608066 0.0921331 0.00288517 0
 0.311714 0.524322 0.152257 0.0117073 0
 0.15457 0.633149 0.183074 0.0267441 0.00246327
 0.131901 0.49318 0.331252 0.0422183 0.00144891
 0.196976 0.569456 0.194076 0.0375587 0.00193317
 0.518974 0.381816 0.0799577 0.0180837 0.00116848
 0.0928022 0.601141 0.25162 0.0475244 0.00691264
 0.122501 0.610282 0.24278 0.0234846 0.000952079
 0.383417 0.481906 0.127806 0.00687128 0
 0.0376549 0.599619 0.316969 0.0457579 0
 0.0361596 0.667082 0.258105 0.0386534 0
 0.158088 0.579412 0.248529 0.0139706 0
 0.0477256 0.309471 0.559284 0.082774 0.000745712
 0.0406174 0.521527 0.379366 0.0568643 0.0016247
 0.151134 0.462217 0.34131 0.0453401 0
 0.294876 0.26143 0.354403 0.0886775 0.000613685
 0.281977 0.475581 0.204845 0.0348837 0.00271318
 0.0841818 0.532909 0.334909 0.0458182 0.00218182
pf_pred 
 0.298446 0.492906 0.186369 0.0222696 9.42061e-06
 0.284215 0.569045 0.103099 0.0389817 0.00465998
 0.14528 0.665982 0.150046 0.0271851 0.0115075
 0.252839 0.489629 0.200664 0.0452096 0.0116583
 0.286506 0.511435 0.132413 0.0542666 0.0153791
 0.152473 0.620465 0.162759 0.042139 0.022164
 0.31507 0.414505 0.197975 0.0519324 0.0205175
 0.248941 0.589144 0.0979875 0.0468006 0.0171269
 0.331765 0.502516 0.129993 0.0216208 0.0141055
 0.247202 0.618286 0.101153 0.0261669 0.00719148
 0.142984 0.623487 0.191802 0.0313793 0.0103483
 0.155304 0.522811 0.234174 0.0720386 0.0156724
 0.230779 0.488756 0.173589 0.0777528 0.0291226
 0.258556 0.581135 0.101859 0.0361766 0.0222733
 0.304557 0.621035 0.0583205 0.0102222 0.00586581
 0.26967 0.663845 0.0593712 0.00557547 0.00153802
 0.195139 0.637401 0.152215 0.0136134 0.00163107
 0.290104 0.502819 0.163993 0.0391624 0.00392215
 0.292823 0.560722 0.103734 0.0338326 0.00888859
 0.289443 0.55583 0.122684 0.0226967 0.00934722
 0.296505 0.546528 0.122786 0.0271015 0.00707869
 0.272803 0.551556 0.136452 0.030656 0.00853378
 0.275446 0.536224 0.142842 0.0353384 0.0101494
 0.258702 0.552031 0.140071 0.0373129 0.0118822
 0.0858092 0.664656 0.185824 0.0471506 0.01656
pobs_RECLAS
 0 0 0 0 0
 0 0 0 0 0
 0 0 0 0 0
 0 0 0 0 0
 0.835266 0.146461 0.0176864 0.000547809 3.91292e-05
 0.385257 0.428462 0.181853 0.0044286 0
 0.867414 0.0963971 0.0333333 0.00285562 0
 0.441836 0.489002 0.0689373 0.000224442 0
 0.779404 0.147425 0.0564933 0.0165055 0.000172143
 0.814271 0.122319 0.05973 0.00367925 0
 0.40263 0.566651 0.0304383 0.000280538 0
 0.475488 0.404961 0.113038 0.00651328 0
 0.955842 0.0263864 0.0167828 0.000988607 0
 0.975058 0.0227948 0.00214734 0 0
 0.738997 0.206755 0.0527124 0.00153531 0
 0.850938 0.134255 0.0134407 0.00136685 0
 0.542534 0.407297 0.0501686 0 0
 0.764087 0.199537 0.0359546 0.000420521 0
 0.470689 0.182191 0.310203 0.0369168 0
 0.84361 0.089868 0.0606195 0.00523954 0.000663233
 0.607945 0.314616 0.071237 0.00620181 0
 0.523733 0.453247 0.0230204 0 0
 0.530135 0.295979 0.169645 0.0042399 0
 0.562478 0.366248 0.0663022 0.0049721 0
 0.250443 0.683176 0.0655157 0.000865301 0
ppred_RECLAS
 0.672989 0.229756 0.0868709 0.0103804 4.39118e-06
 0.656581 0.273016 0.0494647 0.0187027 0.00223577
 0.461829 0.419333 0.0944758 0.017117 0.00724563
 0.613133 0.253522 0.1039 0.0234088 0.00603646
 0.650173 0.250758 0.0649222 0.026607 0.00754039
 0.462311 0.393636 0.103258 0.0267339 0.0140613
 0.684747 0.190784 0.0911222 0.023903 0.00944362
 0.616058 0.301171 0.0500913 0.0239245 0.0087553
 0.706648 0.220602 0.0570664 0.00949139 0.00619224
 0.608954 0.321173 0.0525448 0.0135926 0.00373566
 0.449797 0.400277 0.123136 0.0201455 0.00664357
 0.472609 0.32642 0.146208 0.0449777 0.00978515
 0.606675 0.249916 0.088761 0.0397573 0.0148913
 0.68587 0.246211 0.0431548 0.0153271 0.00943659
 0.729667 0.241409 0.0226704 0.00397356 0.00228016
 0.646754 0.321089 0.0287167 0.00269674 0.000743909
 0.544401 0.360807 0.0861628 0.007706 0.000923284
 0.665249 0.237104 0.0773305 0.018467 0.00184948
 0.665015 0.26561 0.0491382 0.0160263 0.00421046
 0.660776 0.265356 0.0585698 0.0108355 0.00446241
 0.663625 0.261321 0.05871 0.0129585 0.00338466
 0.637754 0.274752 0.067972 0.015271 0.00425101
 0.641175 0.265557 0.0707405 0.0175008 0.00502634
 0.621085 0.282172 0.0715975 0.0190725 0.0060736
 0.305412 0.504995 0.141187 0.0358243 0.012582
pobs_PELACES
 0 0 0 0 0
 0 0 0 0 0
 0 0 0 0 0
 0 0 0 0 0
 0 0 0 0 0
 0 0 0 0 0
 0 0 0 0 0
 0 0 0 0 0
 0 0 0 0 0
 0 0 0 0 0
 0.450072 0.473896 0.0757376 0.000293798 0
 0 0 0 0 0
 0.463077 0.371075 0.160297 0.00555027 0
 0.529543 0.364841 0.0842815 0.0213345 0
 0.631943 0.363953 0.00410389 0 0
 0.735681 0.248677 0.0153453 0.000297389 0
 0.695825 0.281241 0.0229344 0 0
 0.275771 0.60734 0.115278 0.00161068 0
 0 0 0 0 0
 0.896147 0.0623911 0.0374545 0.00400742 0
 0.803859 0.145111 0.0509908 3.86294e-05 0
 0.739449 0.233085 0.0266225 0.000797448 4.60066e-05
 0.878498 0.100942 0.0204185 0.000141795 0
 0.694673 0.275183 0.0284847 0.00165964 0
 0.469039 0.446079 0.0841089 0.000773354 0
ppred_PELACES
 0.73781 0.184213 0.069651 0.00832275 3.52074e-06
 0.720568 0.222147 0.0402482 0.0152179 0.00181919
 0.566301 0.33793 0.0761358 0.0137942 0.00583908
 0.660208 0.222672 0.0912574 0.0205603 0.00530192
 0.683289 0.22702 0.0587764 0.0240883 0.00682658
 0.531274 0.343149 0.0900142 0.0233051 0.0122578
 0.7332 0.161462 0.0771171 0.0202292 0.00799218
 0.687329 0.245265 0.0407929 0.0194834 0.00713006
 0.768587 0.174024 0.0450174 0.00748738 0.00488481
 0.666736 0.273716 0.0447806 0.0115841 0.00318367
 0.536521 0.337185 0.103728 0.0169701 0.00559641
 0.555772 0.274947 0.123153 0.0378852 0.00824215
 0.709319 0.184696 0.0655976 0.0293821 0.0110052
 0.826444 0.136031 0.0238429 0.00846815 0.00521369
 0.852084 0.13209 0.0124043 0.00217418 0.00124761
 0.727616 0.247588 0.0221431 0.00207943 0.00057362
 0.631996 0.291437 0.0695968 0.00622441 0.000745769
 0.733859 0.188508 0.0614811 0.014682 0.00147042
 0.725496 0.217655 0.0402665 0.0131328 0.00345028
 0.720072 0.218973 0.0483319 0.00894149 0.00368239
 0.707029 0.227602 0.0511344 0.0112865 0.00294793
 0.685172 0.238787 0.0590745 0.013272 0.00369456
 0.689673 0.229665 0.0611794 0.0151354 0.004347
 0.670253 0.245557 0.062307 0.0165977 0.00528549
 0.350466 0.472239 0.132028 0.0335006 0.0117659
pobs_pel_tallas
 0 0 0 0 0 0 0 0 0 0 0 0 0 0 0 0 0 0 0 0 0 0 0 0 0 0 0 0 0 0 0 0 0 0 0 0
 0 0 0 0 0 0 0 0 0 0 0 0 0 0 0 0 0 0 0 0 0 0 0 0 0 0 0 0 0 0 0 0 0 0 0 0
 0 0 0 0 0 0 0 0 0 0 0 0 0 0 0 0 0 0 0 0 0 0 0 0 0 0 0 0 0 0 0 0 0 0 0 0
 0 0 0 0 0 0 0 0 0 0 0 0 0 0 0 0 0 0 0 0 0 0 0 0 0 0 0 0 0 0 0 0 0 0 0 0
 0 0 0 0 0 0 0 0 0 0 0 0 0 0 0 0 0 0 0 0 0 0 0 0 0 0 0 0 0 0 0 0 0 0 0 0
 0 0 0 0 0 0 0 0 0 0 0 0 0 0 0 0 0 0 0 0 0 0 0 0 0 0 0 0 0 0 0 0 0 0 0 0
 0 0 0 0 0 0 0 0 0 0 0 0 0 0 0 0 0 0 0 0 0 0 0 0 0 0 0 0 0 0 0 0 0 0 0 0
 0 0 0 0 0 0 0 0 0 0 0 0 0 0 0 0 0 0 0 0 0 0 0 0 0 0 0 0 0 0 0 0 0 0 0 0
 0 0 0 0 0 0 0 0 0 0 0 0 0 0 0 0 0 0 0 0 0 0 0 0 0 0 0 0 0 0 0 0 0 0 0 0
 0 0 0 0 0 0 0 0 0 0 0 0 0 0 0 0 0 0 0 0 0 0 0 0 0 0 0 0 0 0 0 0 0 0 0 0
 0 0 0 0 0 0 0 0 1.78061e-05 0.00172719 0.00360574 0.0105946 0.0120993 0.0124554 0.0147524 0.0171206 0.0266825 0.0428682 0.0675386 0.121331 0.153587 0.119568 0.100827 0.0573624 0.0630603 0.0341343 0.0324427 0.0444173 0.0211091 0.0280891 0.0125444 0.00206551 0 0 0 0
 0 0 0 0 0 0 0 0 0 0 0 0 0 0 0 0 0 0 0 0 0 0 0 0 0 0 0 0 0 0 0 0 0 0 0 0
 0 0 0 0 0 0 0.0133647 0.0140871 0.0187388 0.0205184 0.03894 0.0496705 0.03968 0.0493445 0.0407372 0.0367815 0.0215668 0.0243155 0.0234873 0.0199281 0.019796 0.0243948 0.0301388 0.0376714 0.0412746 0.0863199 0.0771752 0.113111 0.0741005 0.0525337 0.0229764 0.00759418 0.00175318 0 0 0
 0 0 0 0 0 0 0 0 0 0 0.00219441 0.00772107 0.0458388 0.0604681 0.0671733 0.0775358 0.0609151 0.0617685 0.073594 0.0568108 0.0755445 0.0548602 0.0670107 0.0636378 0.0643287 0.046367 0.0373049 0.0286899 0.0247887 0.0153202 0.00654259 0.00121912 0.000365735 0 0 0
 0 0 0 0 0 0 0 0 0 0 0 0 0.000112435 0.00938835 0.0111873 0.0202946 0.0414886 0.0713402 0.111592 0.104902 0.108894 0.110636 0.117776 0.105296 0.107544 0.0401394 0.0192827 0.0124803 0.00416011 0.0028671 0.000618394 0 0 0 0 0
 0 0 0 0 0 0 0 0 0 0 0.00291406 0.0102884 0.027416 0.0768956 0.0749926 0.110853 0.0956884 0.0897413 0.0766577 0.0534642 0.0500743 0.0551293 0.0594112 0.0620874 0.0668451 0.0424026 0.0208742 0.0120726 0.0048766 0.00582813 0.00118941 0.000297354 0 0 0 0
 0 0.00264628 0.0354308 0.0461629 0.0458689 0.0383711 0.0214643 0.0164657 0.0346957 0.0420465 0.0363128 0.0245516 0.0311673 0.0291091 0.0169068 0.0133784 0.00837989 0.0085269 0.0148486 0.0160247 0.0276389 0.0546898 0.0760071 0.122758 0.109233 0.0665981 0.0333725 0.0166128 0.00676272 0.00308733 0.000882094 0 0 0 0 0
 0 0 0 0 0 0 0 0.000805153 0.000690131 0.00759144 0.0133425 0.0154129 0.00931677 0.000345066 0.00356568 0.00563607 0.00851162 0.0253048 0.0502646 0.0516448 0.0657925 0.0565908 0.0611916 0.0827007 0.0866115 0.110766 0.145733 0.0935128 0.0569358 0.0249597 0.0138026 0.00621118 0.00161031 0.00115022 0 0
 0 0 0 0 0 0 0 0 0 0 0 0 0 0 0 0 0 0 0 0 0 0 0 0 0 0 0 0 0 0 0 0 0 0 0 0
 0.00147267 0.00158595 0.00478618 0.00569244 0.00954404 0.0108468 0.00647125 0.017049 0.0510054 0.094081 0.124002 0.0959785 0.0687766 0.0820023 0.061753 0.0591476 0.0492212 0.0479892 0.0443925 0.0268479 0.0217502 0.0140895 0.0121071 0.0120363 0.00920419 0.00665534 0.0049561 0.00860946 0.00930331 0.0156896 0.0114698 0.00855282 0.00243557 0.00046729 0 2.83206e-05
 0 0 0 0 0.000772559 0.00158375 0.000888443 0.00281984 0.00712685 0.0440552 0.0773331 0.111326 0.0921469 0.0852325 0.0710754 0.0886704 0.0786465 0.0553345 0.0373146 0.0185414 0.00753245 0.00457741 0.012979 0.0271748 0.0457355 0.0583668 0.034881 0.0177882 0.00938659 0.00492506 0.0015258 0.00185414 0.000309023 5.79419e-05 3.86279e-05 0
 0 0.00173294 0.00326652 0 0.00397197 0.00683976 0.00946217 0.0152591 0.00757587 0.0136028 0.0228656 0.0392903 0.0559909 0.0764795 0.0681675 0.0726916 0.0566044 0.0477403 0.0527397 0.0444891 0.0609904 0.0582453 0.0661739 0.0445044 0.0529084 0.0360697 0.0280645 0.0235558 0.0158879 0.00826598 0.00280645 0.00217768 0.000904811 0.00058276 9.20147e-05 0
 0 0 0 0 0 0 0 0 0 0 0 0 0 0 0 0 0 0 0 0 0 0 0 0 0 0 0 0 0 0 0 0 0 0 0 0
 0 0 0 0 0 0 0 0 0 0 0 0 0 0 0 0 0 0 0 0 0 0 0 0 0 0 0 0 0 0 0 0 0 0 0 0
 0 0 0 0 0 0 0 0 0 0 0 0 0 0 0 0 0 0 0 0 0 0 0 0 0 0 0 0 0 0 0 0 0 0 0 0
ppred_pel_tallas
 1.01335e-16 3.21922e-05 0.000188941 0.000898136 0.00345786 0.010783 0.0272371 0.0557308 0.0923805 0.124066 0.135012 0.1191 0.0852752 0.0498075 0.024248 0.0108113 0.00599255 0.00566117 0.00728163 0.00972786 0.0125154 0.0153248 0.0178493 0.0197996 0.0209558 0.0212132 0.0206017 0.0192682 0.0174328 0.0153334 0.0131774 0.0111141 0.00922916 0.00755641 0.00609753 0.0048398
 1.01252e-16 3.14419e-05 0.000184532 0.000877169 0.00337713 0.0105312 0.0266011 0.0544299 0.0902252 0.121175 0.131875 0.116355 0.0833581 0.0487846 0.0239301 0.0109733 0.00650551 0.00650039 0.00847605 0.0113087 0.0144807 0.0176192 0.0203575 0.0223549 0.0233629 0.023281 0.0221773 0.0202645 0.0178407 0.0152173 0.0126567 0.0103354 0.00833898 0.00667879 0.005321 0.00421392
 1.01938e-16 2.47199e-05 0.000145057 0.000689476 0.00265442 0.00827748 0.0209085 0.0427832 0.0709242 0.0952684 0.103721 0.0916091 0.0658377 0.0389498 0.0198872 0.0104375 0.0079972 0.00945633 0.0128727 0.0173017 0.0221928 0.0270354 0.0312812 0.0344104 0.0360398 0.0360091 0.0344131 0.0315658 0.0279128 0.0239231 0.0199944 0.0163988 0.0132733 0.0106449 0.00847244 0.0066868
 1.02323e-16 2.881e-05 0.000169081 0.00080371 0.00309429 0.00964922 0.0243732 0.0498715 0.0826698 0.11103 0.120841 0.106634 0.0764267 0.0447946 0.0220986 0.0103492 0.00644013 0.0066989 0.00886505 0.0119154 0.015372 0.0188777 0.0220691 0.0245983 0.026197 0.0267322 0.0262293 0.0248512 0.0228474 0.0204879 0.0180084 0.0155777 0.0132941 0.0111994 0.00930305 0.00760196
 1.02056e-16 2.98165e-05 0.00017499 0.000831801 0.00320245 0.0099865 0.0252252 0.0516147 0.0855592 0.11491 0.125062 0.110354 0.0790838 0.0463326 0.0228203 0.0106229 0.00651914 0.00670103 0.00882169 0.0118158 0.0151849 0.0185592 0.021568 0.0238624 0.0251819 0.0254112 0.0246018 0.0229481 0.0207306 0.0182448 0.0157408 0.0133893 0.0112766 0.00942242 0.00780812 0.00640169
 1.02764e-16 2.31927e-05 0.000136091 0.00064685 0.0024903 0.00776566 0.0196157 0.0401381 0.0665402 0.0893821 0.0973196 0.0859717 0.0618224 0.0366473 0.0188466 0.0101118 0.00801519 0.00965191 0.0132062 0.0177878 0.0228635 0.0279244 0.0324181 0.0358172 0.037728 0.0379778 0.036648 0.0340381 0.0305792 0.0267265 0.0228664 0.0192639 0.0160541 0.0132689 0.0108782 0.00882889
 1.02216e-16 3.19903e-05 0.000187757 0.000892513 0.00343623 0.0107155 0.0270666 0.0553819 0.0918015 0.123287 0.134159 0.118336 0.0847051 0.0494268 0.0239743 0.0105408 0.00563702 0.00515603 0.00658317 0.0088147 0.0113956 0.0140441 0.016494 0.0184918 0.019839 0.0204313 0.0202754 0.019475 0.0181952 0.0166169 0.014899 0.0131571 0.0114609 0.00984548 0.00832738 0.00691754
 1.01662e-16 2.99934e-05 0.000176026 0.000836726 0.0032214 0.0100456 0.0253745 0.0519203 0.0860663 0.115593 0.125808 0.111021 0.0795788 0.0466576 0.0230449 0.010834 0.00678874 0.00707928 0.00933976 0.0124857 0.0159944 0.0194667 0.0225013 0.0247239 0.025862 0.0258059 0.0246319 0.022574 0.0199596 0.0171291 0.0143674 0.0118639 0.00970739 0.00790572 0.00641839 0.00518738
 1.01182e-16 3.35338e-05 0.000196818 0.000935586 0.00360206 0.0112327 0.0283729 0.0580547 0.096232 0.129237 0.140634 0.124047 0.0887916 0.0518086 0.0251233 0.0110318 0.00587217 0.00533161 0.00676341 0.00899644 0.0115375 0.0140751 0.0163182 0.0179975 0.0189133 0.0189793 0.0182392 0.0168484 0.0150302 0.0130201 0.0110191 0.00916516 0.00752954 0.00612901 0.00494712 0.00395406
 1.01272e-16 2.90966e-05 0.000170759 0.000811678 0.00312495 0.00974483 0.0246148 0.0503661 0.083491 0.112137 0.122056 0.107729 0.0772634 0.0453883 0.022582 0.0108905 0.00718924 0.00777296 0.0103456 0.0138383 0.017709 0.0215192 0.0248201 0.0271927 0.0283327 0.0281204 0.0266464 0.0241804 0.0210986 0.0177932 0.014594 0.0117231 0.0092864 0.00729567 0.00570364 0.00443912
 1.02427e-16 2.34214e-05 0.000137434 0.000653234 0.00251488 0.00784232 0.0198093 0.0405342 0.0671966 0.0902631 0.0982768 0.0868124 0.0624165 0.0369786 0.0189788 0.0101218 0.00795285 0.00953679 0.013041 0.0175713 0.022598 0.0276196 0.0320909 0.0354895 0.0374223 0.0377119 0.0364298 0.0338626 0.0304292 0.0265758 0.0226858 0.0190278 0.0157464 0.0128859 0.0104293 0.00833384
 1.03525e-16 2.42583e-05 0.000142353 0.000676633 0.00260499 0.00812335 0.0205191 0.041986 0.0696013 0.0934869 0.10177 0.0898583 0.0645198 0.0380509 0.0192105 0.00973508 0.00705503 0.00811473 0.0110241 0.0148983 0.0192678 0.0237233 0.0278243 0.0311417 0.0333405 0.0342477 0.033881 0.0324249 0.0301679 0.0274251 0.0244719 0.0215071 0.0186489 0.0159534 0.0134431 0.0111298
 1.02516e-16 3.09498e-05 0.000181647 0.00086346 0.00332435 0.0103667 0.0261854 0.0535791 0.088814 0.119277 0.129803 0.11451 0.0820004 0.0479183 0.0233727 0.0104975 0.00592895 0.00570143 0.00738176 0.00988959 0.0127585 0.0156777 0.0183463 0.0204791 0.0218577 0.0223752 0.0220547 0.0210304 0.019505 0.0176948 0.0157841 0.0139002 0.0121118 0.0104428 0.00889422 0.0074616
 1.00918e-16 3.6055e-05 0.000211623 0.00100598 0.00387312 0.012078 0.030508 0.062423 0.103471 0.138954 0.151195 0.133332 0.0953714 0.0555135 0.0266684 0.0112804 0.00538698 0.00433199 0.00526476 0.00694307 0.00887959 0.0108063 0.0124918 0.0137272 0.0143608 0.0143313 0.0136807 0.0125386 0.0110863 0.00951282 0.00797645 0.00658284 0.00538181 0.00437831 0.00355033 0.00286591
 1.00353e-16 3.71729e-05 0.000218187 0.00103719 0.00399326 0.0124526 0.0314543 0.0643592 0.10668 0.143263 0.155881 0.137459 0.0983103 0.0571983 0.0274288 0.0115166 0.0053702 0.00418322 0.00501234 0.00657557 0.00837319 0.0101359 0.0116358 0.0126704 0.013096 0.0128613 0.0120185 0.0107081 0.00912216 0.00745928 0.00588526 0.00451005 0.00338342 0.00250565 0.00184563 0.0013591
 1.00494e-16 3.17502e-05 0.00018634 0.000885758 0.00341019 0.0106343 0.0268616 0.054963 0.0911095 0.122364 0.133175 0.117512 0.0842118 0.0493332 0.0242897 0.0112885 0.00689343 0.00704004 0.00921537 0.0122669 0.0156426 0.0189277 0.0217111 0.0236151 0.0243712 0.0238842 0.0222542 0.0197471 0.0167267 0.0135687 0.0105874 0.00799153 0.00587605 0.00424172 0.00302914 0.00215303
 1.01332e-16 2.75826e-05 0.000161868 0.000769408 0.0029622 0.00923727 0.0233328 0.0477431 0.079144 0.106302 0.115712 0.10215 0.073305 0.0431495 0.0216293 0.0107001 0.00741693 0.00828069 0.0111195 0.0149112 0.0191162 0.0232775 0.0269175 0.0295857 0.03095 0.0308708 0.0294299 0.0268997 0.0236678 0.0201435 0.0166764 0.0135079 0.0107626 0.00846875 0.00659359 0.00507751
 1.01508e-16 3.20201e-05 0.00018793 0.000893328 0.00343935 0.0107253 0.0270913 0.0554325 0.0918862 0.123403 0.134291 0.118466 0.0848278 0.0495579 0.0241485 0.010804 0.00604003 0.00574917 0.00740879 0.00989606 0.012724 0.0155682 0.0181161 0.0200742 0.0212212 0.0214549 0.0208108 0.019444 0.0175826 0.015471 0.0133191 0.011275 0.00941936 0.00777927 0.00634919 0.00511056
 1.01256e-16 3.16565e-05 0.000185793 0.000883164 0.00340021 0.0106032 0.0267829 0.0548019 0.0908416 0.122002 0.132774 0.117144 0.0839163 0.0490962 0.0240549 0.0109831 0.00644649 0.0063892 0.0083123 0.0110868 0.0141971 0.0172759 0.0199636 0.0219263 0.0229202 0.0228466 0.0217721 0.0199044 0.0175352 0.0149694 0.0124635 0.0101907 0.0082345 0.00660627 0.00527302 0.00418435
 1.01237e-16 3.14201e-05 0.000184405 0.000876563 0.00337479 0.010524 0.0265828 0.0543923 0.0901628 0.121091 0.131783 0.116272 0.0832962 0.0487427 0.0238992 0.010942 0.00646449 0.00644303 0.00839864 0.0112107 0.0143658 0.0174957 0.0202384 0.0222562 0.0233011 0.0232698 0.0222246 0.0203697 0.017995 0.0154051 0.0128581 0.0105305 0.00851086 0.00681593 0.00541828 0.00427222
 1.01326e-16 3.08517e-05 0.000181067 0.000860694 0.00331369 0.0103334 0.0261015 0.0534076 0.0885309 0.1189 0.129403 0.114179 0.0818128 0.0479073 0.0235506 0.0108853 0.00657268 0.00666633 0.00873313 0.0116684 0.0149571 0.0182215 0.0210862 0.0232003 0.0243055 0.0242936 0.0232281 0.0213199 0.0188683 0.0161884 0.0135475 0.0111281 0.00902234 0.00724831 0.00577871 0.00456762
 1.01546e-16 2.98992e-05 0.000175473 0.000834099 0.00321129 0.0100141 0.0252949 0.0517573 0.0857959 0.115229 0.125412 0.110668 0.0793215 0.0464971 0.0229481 0.0107601 0.00670663 0.00697065 0.00919654 0.0123085 0.015793 0.0192608 0.0223198 0.0246015 0.0258328 0.0258967 0.0248546 0.022922 0.0204069 0.0176346 0.0148814 0.0123376 0.0101004 0.00819193 0.00658826 0.00524689
 1.01667e-16 3.0095e-05 0.000176624 0.000839573 0.00323237 0.0100798 0.0254609 0.0520969 0.0863586 0.115984 0.126231 0.111385 0.0798227 0.0467654 0.0230333 0.0107213 0.0065778 0.00675819 0.00889235 0.011903 0.0152845 0.0186605 0.021654 0.0239102 0.0251648 0.0253022 0.0243769 0.0225906 0.0202336 0.0176131 0.0149909 0.0125474 0.0103762 0.00850068 0.00690185 0.00554403
 1.01782e-16 2.92489e-05 0.000171655 0.000815945 0.00314139 0.0097961 0.0247443 0.0506308 0.0839289 0.112723 0.122687 0.108271 0.0776191 0.045531 0.0225307 0.0106644 0.00678176 0.00715377 0.0094777 0.0126978 0.0163027 0.0198969 0.0230785 0.0254692 0.0267876 0.0269117 0.0259021 0.0239767 0.0214478 0.0186454 0.0158495 0.0132527 0.0109531 0.0089737 0.00729144 0.00586574
 1.03729e-16 1.5314e-05 8.9824e-05 0.000426864 0.00164325 0.00512414 0.0129436 0.0264875 0.0439181 0.0590173 0.0643189 0.056963 0.041276 0.0250986 0.0140695 0.00941958 0.00966255 0.0129667 0.0181501 0.0245368 0.0315628 0.0385684 0.0447999 0.0495308 0.0522158 0.0526124 0.0508267 0.0472649 0.0425155 0.0372017 0.0318552 0.0268431 0.0223568 0.0184472 0.0150805 0.0121906
pSPR Fmed_Fpbrs
0.454485   0.6 0.325
Fs Fmed_Fpbrs
0.64   0.356873 1.12304
SSBpbr Bo_Bmed_Bpbrs
988460  399817  543653 271827
Ro
34343.1
SPR SPRFo_SPRFmed_SPRFpbrs
706126 320924 229491
log_Ro
10.2642
likeval ReclasPelacesDesembMPH_pf_preclas_ppelaces_ptallas_desvR_qrecl_qpela
 64.3708 12.5217 0.0133475 37.3009 323.143 185.203 51.7433 0 17.9635 5.8356e-06 7.33191e-05 1.21776e-15 0 0 0
q_reclas_q_pelaces
0.710125 3.38112
M
0.7
N
 38068 11802.5 4462.55 533.239 0.225574
 46475.3 17189.6 3114.38 1177.55 140.768
 21805.2 21140.6 4762.98 862.95 365.287
 29213.8 9297.66 3810.45 858.495 221.381
 51178.9 13986.8 3621.23 1484.08 420.588
 34489.9 25231 6618.55 1713.57 901.293
 70605.2 15882.4 7585.74 1989.88 786.163
 74646.5 33237.2 5528.07 2640.31 966.234
 117285 33671.8 8710.39 1448.73 945.158
 120984 52724.6 8625.89 2231.39 613.256
 66291.1 56487.4 17377.1 2842.94 937.546
 45383.3 29377.9 13158.8 4048 880.666
 43430.8 20265.4 7197.53 3223.87 1207.51
 27422.4 18135.8 3178.76 1128.98 695.094
 16342.7 9639.97 905.276 158.673 91.0516
 11684.3 5812.11 519.808 48.8144 13.4657
 7850.42 5095.61 1216.86 108.831 13.0394
 10429.3 3451.37 1125.65 268.812 26.9218
 13414.4 4672.54 864.429 281.93 74.0694
 17761.6 6144.67 1356.26 250.911 103.333
 27050.7 8171.41 1835.84 405.208 105.837
 38615 12966.5 3207.85 720.694 200.621
 56490.3 18405.8 4903.03 1212.98 348.376
 75427 26837.9 6809.79 1814.03 577.673
 28160.6 35891.3 10034.5 2546.12 894.237
pred_Ctot
 2496.56 4123.26 1559.01 186.29 0.0788053
 2821.43 5648.96 1023.47 386.975 46.2601
 2236.03 10250.2 2309.38 418.409 177.113
 755.231 1462.52 599.383 135.041 34.8233
 266.087 474.986 122.976 50.3991 14.283
 1810.53 7367.64 1932.67 500.376 263.184
 2650.21 3486.61 1665.27 436.83 172.583
 4946.42 11706.2 1946.99 929.92 340.309
 8036.38 12172.5 3148.85 523.723 341.68
 5219.57 13054.8 2135.81 552.502 151.845
 5162.41 22510.9 6924.97 1132.94 373.623
 3309.63 11141.5 4990.41 1535.19 333.99
 5019.16 10629.8 3775.34 1691.03 633.381
 5875.82 13206.6 2314.79 822.131 506.171
 3400.44 6933.98 651.16 114.133 65.493
 1031.04 2538.12 226.997 21.317 5.88039
 651.974 2129.61 508.563 45.4835 5.44954
 737.894 1278.95 417.124 99.6116 9.97619
 751.798 1439.61 266.33 86.8624 22.8207
 943.669 1812.17 399.985 73.9979 30.4747
 676.902 1247.69 280.313 61.871 16.1602
 1117.59 2259.55 558.999 125.588 34.9601
 1763.09 3432.3 914.314 226.196 64.965
 2271.59 4847.22 1229.92 327.633 104.334
 737.928 5715.8 1598.02 405.479 142.41
F
 0.0950716 0.632282 0.632282 0.632282 0.632282
 0.087726 0.583429 0.583429 0.583429 0.583429
 0.152385 1.01345 1.01345 1.01345 1.01345
 0.0365304 0.242949 0.242949 0.242949 0.242949
 0.00725266 0.0482344 0.0482344 0.0482344 0.0482344
 0.0754525 0.501804 0.501804 0.501804 0.501804
 0.0534351 0.355375 0.355375 0.355375 0.355375
 0.0961047 0.639152 0.639152 0.639152 0.639152
 0.0995237 0.661891 0.661891 0.661891 0.661891
 0.061638 0.409929 0.409929 0.409929 0.409929
 0.113814 0.75693 0.75693 0.75693 0.75693
 0.106232 0.706504 0.706504 0.706504 0.706504
 0.173281 1.15242 1.15242 1.15242 1.15242
 0.345444 2.2974 2.2974 2.2974 2.2974
 0.333837 2.22021 2.22021 2.22021 2.22021
 0.129863 0.863668 0.863668 0.863668 0.863668
 0.121797 0.810019 0.810019 0.810019 0.810019
 0.102917 0.684456 0.684456 0.684456 0.684456
 0.0807406 0.536973 0.536973 0.536973 0.536973
 0.0763971 0.508086 0.508086 0.508086 0.508086
 0.0353414 0.235041 0.235041 0.235041 0.235041
 0.0409765 0.272518 0.272518 0.272518 0.272518
 0.0442523 0.294304 0.294304 0.294304 0.294304
 0.0426713 0.283789 0.283789 0.283789 0.283789
 0.0370367 0.246316 0.246316 0.246316 0.246316
Np
 23174.4 10906.8 4683.35 4841.89 1824.16
YTP_r0W_actual
 11887.4 173962 72954.6 23055 8432.19
YTP_p0W_proyectada
 7162.26 64128 96379 34411.5 13450.7
 7162.26 51903.3 32398.9 42776.3 17884.1
CTP_r0_actual
 1061.38 7907.38 2210.74 560.949 197.014
CTP_p0_proyectada
 873.447 2968.89 3069.39 858.141 302.264
 873.447 2402.93 1031.81 1066.74 401.89
Wmedp
 8.2 21.6 31.4 40.1 44.5
nmprior
 10.8 10.6 4.6 0
nm_flota  nm_reclas  nm_pelaces    nm_pelaL
inf 18.5182 21.2398 53.1246
cv_recla  cv_pelaces  cv_mph
0.72572 0.40124 0.50817
 ------------------------------------------------
Talla a la edad & desviaci?n 
 7.2 14.2025 17.0495 18.207 18.6776
 1.08 2.13037 2.55742 2.73105 2.80164
