years
 1997 1998 1999 2000 2001 2002 2003 2004 2005 2006 2007 2008 2009 2010 2011 2012 2013 2014 2015 2016 2017 2018 2019 2020
reclasobs
 0 0 0 370054 412103 1.49427e+06 250295 1.28982e+06 931140 785840 897777 1.04006e+06 184774 17550 25797 100020 73551 82996 120727 218422 84188 347160 605670 569463
reclaspred
 570832 143249 365233 222675 323574 373705 798971 579216 756951 820246 708151 486515 287079 118494 79162.2 72188.8 71242.4 92456.3 109411 153563 237685 245363 430051 474503
pelacesobs
 0 0 0 0 0 0 0 0 0 2.06254e+06 1.5e+06 0 1.87456e+06 323000 250000 174000 83755 137374 0 501740 490994 745055 786931 1.00524e+06
pelacespred
 2.16797e+06 516141 713781 736815 942690 826539 2.18719e+06 1.78082e+06 2.20208e+06 2.38239e+06 1.78031e+06 1.27815e+06 736690 236156 165921 162116 166146 224798 264004 368863 676427 655696 932258 1.20397e+06
mphobs
 0 0 0 0 0 0 112323 0 153150 637223 0 255016 313432 73983 77613 109348 50772 17779 17303 59886 28197 0 207744 136588
mphpred
 196312 108009 116176 109033 111151 172809 236302 293681 279565 345820 360478 253302 151408 118474 52437.1 45384.2 41212 48777.3 29451.3 35445.4 56292.7 75400.6 101084 139570
desembarqueobs
 350755 77701 442110 56441 14545 235359 269955 359681 431902 328805 639364 411747 362871 311530 167758 66681 60226 58785 57116 73181 50977 67692 138656 160484
desembarquepred
 350758 77698.6 442084 56444.1 14545.3 235471 270007 359618 431834 328802 639290 411746 363049 311619 167590 66693.9 60272 58774 57088.6 73177.5 50976.8 67674 138657 160490
Reclutas
 38092.6 46393.9 21820.4 29335.4 51199.4 34643 70271.6 74762.9 117238 120853 66692 45599.5 43405.2 27378 16350 11746.3 7993.69 11057.9 14091.3 18485.7 27841.7 40960.5 51298 53690.6
log_desv_Rt
 0.102204 0.299352 -0.45497 -0.159022 0.397911 0.00728073 0.714552 0.776506 1.22639 1.25676 0.662269 0.28208 0.232764 -0.228074 -0.74359 -1.07428 -1.45916 -1.13467 -0.892258 -0.620819 -0.211281 0.174792 0.399836 0.445423
SSB
 515049 283376 304802 286061 291618 453386 601664 760631 715083 888003 945761 664569 411540 200798 93356.7 80760.2 77359.5 86670.9 112533 143165 213344 278174 383871 504832
BT
 1.6636e+06 419493 675547 482431 564543 638855 1.53749e+06 1.44915e+06 1.75375e+06 1.71719e+06 1.58784e+06 1.10549e+06 788304 433415 241527 149804 147589 182731 200684 274570 444910 430588 621985 815594
Ftot
 0.625561 0.579004 1.01037 0.242143 0.0479863 0.500338 0.353497 0.638207 0.659315 0.409114 0.756416 0.703891 1.14284 2.27062 2.19964 0.860418 0.802025 0.663373 0.501792 0.470554 0.220195 0.257897 0.278506 0.303837
BD_Bspro_t
 0.924725 0.670827 0.58781 0.39447 0.526431 0.688489 0.616929 0.640025 0.589708 0.592386 0.575786 0.416638 0.310128 0.20113 0.11755 0.124048 0.1616 0.235275 0.33903 0.453643 0.578483 0.699508 0.729979 0.722149
BD_Bspro
 0.727837 0.40045 0.430729 0.404245 0.412098 0.640699 0.850236 1.07488 1.01051 1.25487 1.33649 0.939129 0.581564 0.283756 0.131926 0.114125 0.10932 0.122478 0.159025 0.202313 0.301486 0.393099 0.542464 0.713399
BD_Bo
 0.536536 0.295197 0.317518 0.297995 0.303784 0.4723 0.626764 0.792363 0.744914 0.925048 0.985215 0.692293 0.428708 0.209175 0.0972513 0.0841293 0.0805867 0.0902866 0.117228 0.149138 0.222245 0.289779 0.399885 0.525892
BD_Brms
 0.97552 0.536722 0.577306 0.541809 0.552335 0.858728 1.13957 1.44066 1.35439 1.68191 1.7913 1.25871 0.77947 0.380317 0.176821 0.152962 0.146521 0.164157 0.213141 0.27116 0.404081 0.52687 0.727064 0.956168
S_f
 0.153424 1 1 1 1
 0.153424 1 1 1 1
 0.153424 1 1 1 1
 0.153424 1 1 1 1
 0.153424 1 1 1 1
 0.153424 1 1 1 1
 0.153424 1 1 1 1
 0.153424 1 1 1 1
 0.153424 1 1 1 1
 0.153424 1 1 1 1
 0.153424 1 1 1 1
 0.153424 1 1 1 1
 0.153424 1 1 1 1
 0.153424 1 1 1 1
 0.153424 1 1 1 1
 0.153424 1 1 1 1
 0.153424 1 1 1 1
 0.153424 1 1 1 1
 0.153424 1 1 1 1
 0.153424 1 1 1 1
 0.153424 1 1 1 1
 0.153424 1 1 1 1
 0.153424 1 1 1 1
 0.153424 1 1 1 1
Scru_reclas
 0.709782 1 1 1 1
 0.709782 1 1 1 1
 0.709782 1 1 1 1
 0.709782 1 1 1 1
 0.709782 1 1 1 1
 0.709782 1 1 1 1
 0.709782 1 1 1 1
 0.709782 1 1 1 1
 0.709782 1 1 1 1
 0.709782 1 1 1 1
 0.709782 1 1 1 1
 0.709782 1 1 1 1
 0.709782 1 1 1 1
 0.709782 1 1 1 1
 0.709782 1 1 1 1
 0.709782 1 1 1 1
 0.709782 1 1 1 1
 0.709782 1 1 1 1
 0.709782 1 1 1 1
 0.709782 1 1 1 1
 0.709782 1 1 1 1
 0.709782 1 1 1 1
 0.709782 1 1 1 1
 0.709782 1 1 1 1
Scru_pelaces
 0.763601 1 1 1 1
 0.763601 1 1 1 1
 0.763601 1 1 1 1
 0.763601 1 1 1 1
 0.763601 1 1 1 1
 0.763601 1 1 1 1
 0.763601 1 1 1 1
 0.763601 1 1 1 1
 0.763601 1 1 1 1
 0.763601 1 1 1 1
 0.763601 1 1 1 1
 0.763601 1 1 1 1
 0.763601 1 1 1 1
 0.763601 1 1 1 1
 0.763601 1 1 1 1
 0.763601 1 1 1 1
 0.763601 1 1 1 1
 0.763601 1 1 1 1
 0.763601 1 1 1 1
 0.763601 1 1 1 1
 0.763601 1 1 1 1
 0.763601 1 1 1 1
 0.763601 1 1 1 1
 0.763601 1 1 1 1
pf_obs 
 0.256992 0.487395 0.22802 0.0275931 0
 0.321318 0.546541 0.124235 0.00734118 0.000564706
 0.182869 0.594174 0.210203 0.0122559 0.00049798
 0.330522 0.361315 0.267642 0.0388342 0.00168674
 0.649043 0.306663 0.0425973 0.00169635 0
 0.582887 0.30429 0.105238 0.00758474 0
 0.465427 0.430635 0.0974691 0.00646863 0
 0.296916 0.608066 0.0921331 0.00288517 0
 0.311714 0.524322 0.152257 0.0117073 0
 0.15457 0.633149 0.183074 0.0267441 0.00246327
 0.131901 0.49318 0.331252 0.0422183 0.00144891
 0.196976 0.569456 0.194076 0.0375587 0.00193317
 0.518974 0.381816 0.0799577 0.0180837 0.00116848
 0.0928022 0.601141 0.25162 0.0475244 0.00691264
 0.122501 0.610282 0.24278 0.0234846 0.000952079
 0.383417 0.481906 0.127806 0.00687128 0
 0.0376549 0.599619 0.316969 0.0457579 0
 0.0361596 0.667082 0.258105 0.0386534 0
 0.158088 0.579412 0.248529 0.0139706 0
 0.0477256 0.309471 0.559284 0.082774 0.000745712
 0.0406174 0.521527 0.379366 0.0568643 0.0016247
 0.151134 0.462217 0.34131 0.0453401 0
 0.294876 0.26143 0.354403 0.0886775 0.000613685
 0.281977 0.475581 0.204845 0.0348837 0.00271318
pf_pred 
 0.300819 0.491272 0.185713 0.0221865 9.34147e-06
 0.287001 0.565262 0.103806 0.0392412 0.00468999
 0.147692 0.662662 0.150351 0.0276107 0.011685
 0.257426 0.485898 0.199563 0.0452787 0.0118341
 0.29015 0.50928 0.131242 0.0539024 0.0154263
 0.155395 0.617895 0.162652 0.0419156 0.0221419
 0.317543 0.413117 0.197044 0.0518688 0.0204276
 0.25343 0.584322 0.0982146 0.0468452 0.0171878
 0.335951 0.499629 0.128688 0.0216302 0.0141022
 0.250865 0.614857 0.101031 0.0260221 0.0072255
 0.146296 0.620792 0.191164 0.0314113 0.0103369
 0.158112 0.522071 0.232563 0.0716144 0.0156398
 0.232873 0.48716 0.173613 0.0773382 0.0290162
 0.260283 0.577796 0.102826 0.0366451 0.0224486
 0.307585 0.616179 0.0595482 0.0105974 0.00609025
 0.274504 0.658075 0.0599978 0.00579825 0.00162489
 0.20017 0.633549 0.150828 0.0137512 0.00170135
 0.301741 0.495426 0.160665 0.0382492 0.0039187
 0.293251 0.563087 0.101931 0.0330558 0.00867578
 0.286499 0.553583 0.127411 0.0230641 0.00944271
 0.293754 0.541888 0.12752 0.0293497 0.00748808
 0.279425 0.541056 0.137741 0.0324141 0.00936372
 0.248173 0.557174 0.146159 0.0372089 0.0112857
 0.211304 0.560846 0.168858 0.0442951 0.0146969
pobs_RECLAS
 0 0 0 0 0
 0 0 0 0 0
 0 0 0 0 0
 0 0 0 0 0
 0.835266 0.146461 0.0176864 0.000547809 3.91292e-05
 0.385257 0.428462 0.181853 0.0044286 0
 0.867414 0.0963971 0.0333333 0.00285562 0
 0.441836 0.489002 0.0689373 0.000224442 0
 0.779404 0.147425 0.0564933 0.0165055 0.000172143
 0.814271 0.122319 0.05973 0.00367925 0
 0.40263 0.566651 0.0304383 0.000280538 0
 0.475488 0.404961 0.113038 0.00651328 0
 0.955842 0.0263864 0.0167828 0.000988607 0
 0.975058 0.0227948 0.00214734 0 0
 0.738997 0.206755 0.0527124 0.00153531 0
 0.850938 0.134255 0.0134407 0.00136685 0
 0.542534 0.407297 0.0501686 0 0
 0.764087 0.199537 0.0359546 0.000420521 0
 0.470689 0.182191 0.310203 0.0369168 0
 0.84361 0.089868 0.0606195 0.00523954 0.000663233
 0.607945 0.314616 0.071237 0.00620181 0
 0.523733 0.453247 0.0230204 0 0
 0.530135 0.295979 0.169645 0.0042399 0
 0.562478 0.366248 0.0663022 0.0049721 0
ppred_RECLAS
 0.67574 0.227838 0.0861283 0.0102895 4.33231e-06
 0.659983 0.269563 0.0495033 0.0187134 0.00223658
 0.466975 0.414422 0.0940277 0.0172675 0.00730768
 0.61929 0.249115 0.102314 0.0232139 0.0060672
 0.65465 0.24777 0.0638507 0.0262241 0.00750505
 0.468335 0.388955 0.102387 0.0263851 0.013938
 0.687595 0.189111 0.0901997 0.0237437 0.00935104
 0.622107 0.295768 0.0497136 0.0237118 0.00869999
 0.710867 0.217543 0.0560318 0.00941799 0.00614025
 0.614049 0.316772 0.0520506 0.0134065 0.00372255
 0.456876 0.394946 0.121618 0.0199837 0.00657633
 0.478306 0.323512 0.144113 0.0443774 0.00969155
 0.609585 0.24793 0.0883572 0.0393598 0.0147672
 0.686925 0.244545 0.0435199 0.0155096 0.00950105
 0.731939 0.238547 0.0230534 0.00410265 0.00235777
 0.652639 0.315081 0.0287264 0.00277615 0.000777982
 0.552493 0.354472 0.0843886 0.00769385 0.00095191
 0.677514 0.228809 0.0742019 0.0176651 0.00180982
 0.665199 0.266745 0.0482866 0.0156592 0.00410989
 0.657244 0.265934 0.0612066 0.0110797 0.00453615
 0.660884 0.260197 0.061231 0.0140927 0.00359553
 0.645586 0.266117 0.0677479 0.0159428 0.00460553
 0.608276 0.290304 0.0761529 0.0193869 0.00588017
 0.558036 0.314283 0.0946235 0.0248218 0.00823573
pobs_PELACES
 0 0 0 0 0
 0 0 0 0 0
 0 0 0 0 0
 0 0 0 0 0
 0 0 0 0 0
 0 0 0 0 0
 0 0 0 0 0
 0 0 0 0 0
 0 0 0 0 0
 0 0 0 0 0
 0.450072 0.473896 0.0757376 0.000293798 0
 0 0 0 0 0
 0.463077 0.371075 0.160297 0.00555027 0
 0.529543 0.364841 0.0842815 0.0213345 0
 0.631943 0.363953 0.00410389 0 0
 0.735681 0.248677 0.0153453 0.000297389 0
 0.695825 0.281241 0.0229344 0 0
 0.275771 0.60734 0.115278 0.00161068 0
 0 0 0 0 0
 0.896147 0.0623911 0.0374545 0.00400742 0
 0.803859 0.145111 0.0509908 3.86294e-05 0
 0.739449 0.233085 0.0266225 0.000797448 4.60066e-05
 0.878498 0.100942 0.0204185 0.000141795 0
 0.694673 0.275183 0.0284847 0.00165964 0
ppred_PELACES
 0.727528 0.19145 0.0723728 0.00864614 3.64039e-06
 0.710552 0.229473 0.042141 0.0159303 0.00190394
 0.555536 0.345567 0.0784052 0.0143985 0.00609353
 0.651871 0.227796 0.0935581 0.0212273 0.00554798
 0.673935 0.233935 0.0602852 0.0247597 0.00708596
 0.521497 0.350063 0.092149 0.0237469 0.0125443
 0.723271 0.167515 0.0798991 0.0210323 0.00828317
 0.679153 0.251119 0.0422088 0.0201323 0.00738664
 0.760765 0.18 0.0463618 0.00779264 0.00508057
 0.657404 0.281188 0.0462036 0.0119005 0.00330438
 0.527842 0.343341 0.105727 0.0173726 0.00571705
 0.545599 0.281783 0.125524 0.0386532 0.00844144
 0.69803 0.191764 0.0683407 0.0304432 0.0114219
 0.81656 0.143286 0.0254996 0.0090875 0.00556694
 0.844498 0.138381 0.0133733 0.00237994 0.00136774
 0.719932 0.254041 0.0231614 0.00223834 0.000627267
 0.624314 0.297583 0.070845 0.00645906 0.000799137
 0.731213 0.190708 0.0618461 0.0147236 0.00150846
 0.710913 0.230323 0.0416935 0.013521 0.00354871
 0.701737 0.231413 0.0532614 0.00964145 0.00394731
 0.690368 0.237574 0.0559073 0.0128675 0.00328292
 0.678052 0.24174 0.061542 0.0144824 0.00418365
 0.643587 0.264135 0.0692883 0.0176394 0.00535012
 0.596563 0.286886 0.0863749 0.022658 0.00751779
pobs_pel_tallas
 0 0 0 0 0 0 0 0 0 0 0 0 0 0 0 0 0 0 0 0 0 0 0 0 0 0 0 0 0 0 0 0 0 0 0 0
 0 0 0 0 0 0 0 0 0 0 0 0 0 0 0 0 0 0 0 0 0 0 0 0 0 0 0 0 0 0 0 0 0 0 0 0
 0 0 0 0 0 0 0 0 0 0 0 0 0 0 0 0 0 0 0 0 0 0 0 0 0 0 0 0 0 0 0 0 0 0 0 0
 0 0 0 0 0 0 0 0 0 0 0 0 0 0 0 0 0 0 0 0 0 0 0 0 0 0 0 0 0 0 0 0 0 0 0 0
 0 0 0 0 0 0 0 0 0 0 0 0 0 0 0 0 0 0 0 0 0 0 0 0 0 0 0 0 0 0 0 0 0 0 0 0
 0 0 0 0 0 0 0 0 0 0 0 0 0 0 0 0 0 0 0 0 0 0 0 0 0 0 0 0 0 0 0 0 0 0 0 0
 0 0 0 0 0 0 0 0 0 0 0 0 0 0 0 0 0 0 0 0 0 0 0 0 0 0 0 0 0 0 0 0 0 0 0 0
 0 0 0 0 0 0 0 0 0 0 0 0 0 0 0 0 0 0 0 0 0 0 0 0 0 0 0 0 0 0 0 0 0 0 0 0
 0 0 0 0 0 0 0 0 0 0 0 0 0 0 0 0 0 0 0 0 0 0 0 0 0 0 0 0 0 0 0 0 0 0 0 0
 0 0 0 0 0 0 0 0 0 0 0 0 0 0 0 0 0 0 0 0 0 0 0 0 0 0 0 0 0 0 0 0 0 0 0 0
 0 0 0 0 0 0 0 0 1.78061e-05 0.00172719 0.00360574 0.0105946 0.0120993 0.0124554 0.0147524 0.0171206 0.0266825 0.0428682 0.0675386 0.121331 0.153587 0.119568 0.100827 0.0573624 0.0630603 0.0341343 0.0324427 0.0444173 0.0211091 0.0280891 0.0125444 0.00206551 0 0 0 0
 0 0 0 0 0 0 0 0 0 0 0 0 0 0 0 0 0 0 0 0 0 0 0 0 0 0 0 0 0 0 0 0 0 0 0 0
 0 0 0 0 0 0 0.0133647 0.0140871 0.0187388 0.0205184 0.03894 0.0496705 0.03968 0.0493445 0.0407372 0.0367815 0.0215668 0.0243155 0.0234873 0.0199281 0.019796 0.0243948 0.0301388 0.0376714 0.0412746 0.0863199 0.0771752 0.113111 0.0741005 0.0525337 0.0229764 0.00759418 0.00175318 0 0 0
 0 0 0 0 0 0 0 0 0 0 0.00219441 0.00772107 0.0458388 0.0604681 0.0671733 0.0775358 0.0609151 0.0617685 0.073594 0.0568108 0.0755445 0.0548602 0.0670107 0.0636378 0.0643287 0.046367 0.0373049 0.0286899 0.0247887 0.0153202 0.00654259 0.00121912 0.000365735 0 0 0
 0 0 0 0 0 0 0 0 0 0 0 0 0.000112435 0.00938835 0.0111873 0.0202946 0.0414886 0.0713402 0.111592 0.104902 0.108894 0.110636 0.117776 0.105296 0.107544 0.0401394 0.0192827 0.0124803 0.00416011 0.0028671 0.000618394 0 0 0 0 0
 0 0 0 0 0 0 0 0 0 0 0.00291406 0.0102884 0.027416 0.0768956 0.0749926 0.110853 0.0956884 0.0897413 0.0766577 0.0534642 0.0500743 0.0551293 0.0594112 0.0620874 0.0668451 0.0424026 0.0208742 0.0120726 0.0048766 0.00582813 0.00118941 0.000297354 0 0 0 0
 0 0.00264628 0.0354308 0.0461629 0.0458689 0.0383711 0.0214643 0.0164657 0.0346957 0.0420465 0.0363128 0.0245516 0.0311673 0.0291091 0.0169068 0.0133784 0.00837989 0.0085269 0.0148486 0.0160247 0.0276389 0.0546898 0.0760071 0.122758 0.109233 0.0665981 0.0333725 0.0166128 0.00676272 0.00308733 0.000882094 0 0 0 0 0
 0 0 0 0 0 0 0 0.000805153 0.000690131 0.00759144 0.0133425 0.0154129 0.00931677 0.000345066 0.00356568 0.00563607 0.00851162 0.0253048 0.0502646 0.0516448 0.0657925 0.0565908 0.0611916 0.0827007 0.0866115 0.110766 0.145733 0.0935128 0.0569358 0.0249597 0.0138026 0.00621118 0.00161031 0.00115022 0 0
 0 0 0 0 0 0 0 0 0 0 0 0 0 0 0 0 0 0 0 0 0 0 0 0 0 0 0 0 0 0 0 0 0 0 0 0
 0.00147267 0.00158595 0.00478618 0.00569244 0.00954404 0.0108468 0.00647125 0.017049 0.0510054 0.094081 0.124002 0.0959785 0.0687766 0.0820023 0.061753 0.0591476 0.0492212 0.0479892 0.0443925 0.0268479 0.0217502 0.0140895 0.0121071 0.0120363 0.00920419 0.00665534 0.0049561 0.00860946 0.00930331 0.0156896 0.0114698 0.00855282 0.00243557 0.00046729 0 2.83206e-05
 0 0 0 0 0.000772559 0.00158375 0.000888443 0.00281984 0.00712685 0.0440552 0.0773331 0.111326 0.0921469 0.0852325 0.0710754 0.0886704 0.0786465 0.0553345 0.0373146 0.0185414 0.00753245 0.00457741 0.012979 0.0271748 0.0457355 0.0583668 0.034881 0.0177882 0.00938659 0.00492506 0.0015258 0.00185414 0.000309023 5.79419e-05 3.86279e-05 0
 0 0.00173294 0.00326652 0 0.00397197 0.00683976 0.00946217 0.0152591 0.00757587 0.0136028 0.0228656 0.0392903 0.0559909 0.0764795 0.0681675 0.0726916 0.0566044 0.0477403 0.0527397 0.0444891 0.0609904 0.0582453 0.0661739 0.0445044 0.0529084 0.0360697 0.0280645 0.0235558 0.0158879 0.00826598 0.00280645 0.00217768 0.000904811 0.00058276 9.20147e-05 0
 0 0 0 0 0 0 0 0 0 0 0 0 0 0 0 0 0 0 0 0 0 0 0 0 0 0 0 0 0 0 0 0 0 0 0 0
 0 0 0 0 0 0 0 0 0 0 0 0 0 0 0 0 0 0 0 0 0 0 0 0 0 0 0 0 0 0 0 0 0 0 0 0
ppred_pel_tallas
 1.01388e-16 3.17442e-05 0.00018631 0.000885625 0.00340969 0.0106328 0.0268576 0.0549545 0.091094 0.122339 0.133135 0.11745 0.0841066 0.0491504 0.0239759 0.0107712 0.00608502 0.00584793 0.00756042 0.0101087 0.0130067 0.0159265 0.0185501 0.0205769 0.0217782 0.0220456 0.0214098 0.0200238 0.0181162 0.0159342 0.0136935 0.0115492 0.00959023 0.00785189 0.00633585 0.0050289
 1.0131e-16 3.10054e-05 0.000181969 0.000864982 0.0033302 0.0103849 0.0262315 0.0536737 0.088972 0.119493 0.130047 0.114748 0.0822201 0.0481453 0.0236663 0.0109363 0.00659893 0.00668715 0.00875417 0.0116879 0.0149689 0.0182156 0.02105 0.0231202 0.0241691 0.0240926 0.0229607 0.0209923 0.0184947 0.0157891 0.0131459 0.0107475 0.00868222 0.0069622 0.00555296 0.00440173
 1.02006e-16 2.42508e-05 0.000142303 0.000676379 0.00260399 0.00812021 0.0205113 0.0419705 0.0695774 0.0934605 0.101756 0.089882 0.0646143 0.038262 0.0196023 0.0103956 0.00809416 0.00965197 0.0131646 0.0177 0.0227063 0.0276636 0.0320118 0.0352196 0.0368949 0.0368732 0.035251 0.0323486 0.0286211 0.0245471 0.0205331 0.0168568 0.0136583 0.0109655 0.00873683 0.00690225
 1.02391e-16 2.84467e-05 0.000166947 0.000793565 0.00305523 0.00952741 0.0240656 0.049242 0.0816266 0.10963 0.119319 0.105295 0.0754778 0.0442594 0.0218736 0.0103094 0.00650363 0.00683329 0.00906724 0.0121928 0.0157315 0.0193204 0.0225885 0.0251799 0.02682 0.0273726 0.0268635 0.025459 0.0234137 0.0210038 0.0184698 0.0159844 0.0136478 0.011503 0.00955981 0.00781536
 1.02114e-16 2.94089e-05 0.000172596 0.00082042 0.00315862 0.00984984 0.02488 0.0509084 0.0843888 0.113339 0.123355 0.108854 0.0780211 0.0457357 0.0225743 0.0105889 0.00660714 0.00687653 0.00908287 0.0121718 0.0156428 0.019118 0.0222162 0.0245778 0.0259345 0.0261677 0.0253307 0.0236241 0.0213371 0.0187746 0.0161943 0.0137721 0.0115968 0.00968872 0.00802822 0.00658211
 1.02825e-16 2.27667e-05 0.000133589 0.000634954 0.00244449 0.00762282 0.0192549 0.0393999 0.0653169 0.0877401 0.0955351 0.0844029 0.0607112 0.0360225 0.0185878 0.0100735 0.00810299 0.00982923 0.0134708 0.018149 0.023329 0.0284941 0.0330809 0.0365515 0.0385041 0.0387625 0.0374092 0.0347496 0.0312233 0.0272943 0.0233567 0.0196808 0.0164045 0.0135607 0.0111187 0.00902467
 1.02299e-16 3.15576e-05 0.000185216 0.000880432 0.00338971 0.0105705 0.0267002 0.0546322 0.0905591 0.121619 0.132347 0.116743 0.083575 0.0487892 0.023706 0.0104929 0.00571193 0.00531503 0.00682252 0.00914311 0.0118214 0.0145687 0.0171098 0.0191817 0.0205786 0.0211924 0.0210299 0.020199 0.0188708 0.0172333 0.0154512 0.0136444 0.0118853 0.0102102 0.00863605 0.00717421
 1.01718e-16 2.96371e-05 0.000173934 0.000826779 0.0031831 0.00992618 0.0250728 0.0513031 0.0850434 0.11422 0.124316 0.109709 0.0786498 0.0461354 0.0228288 0.0108025 0.00686284 0.00722849 0.00956221 0.0127891 0.0163852 0.0199444 0.0230563 0.0253379 0.0265098 0.0264596 0.0252648 0.0231646 0.0204936 0.0175998 0.0147744 0.0122113 0.0100012 0.00815263 0.00662435 0.0053575
 1.01223e-16 3.31929e-05 0.000194816 0.00092607 0.00356542 0.0111184 0.0280843 0.0574642 0.0952535 0.127923 0.139207 0.122792 0.0879034 0.0513102 0.0249187 0.0110054 0.00594886 0.00548299 0.0069883 0.00930268 0.0119311 0.014555 0.016874 0.0186096 0.0195555 0.0196223 0.0188556 0.0174161 0.0155349 0.0134559 0.0113866 0.00947006 0.00777966 0.00633265 0.00511187 0.0040863
 1.01311e-16 2.869e-05 0.000168371 0.000800324 0.00308123 0.00960849 0.0242704 0.0496616 0.0823234 0.11057 0.120353 0.106233 0.0762043 0.0447948 0.0223399 0.0108621 0.00728585 0.00796113 0.0106245 0.0142175 0.0181957 0.0221114 0.0255042 0.0279435 0.0291169 0.0289013 0.0273895 0.0248583 0.021694 0.0182994 0.0150133 0.0120636 0.00955939 0.00751267 0.00587513 0.00457382
 1.02477e-16 2.30432e-05 0.000135213 0.000642674 0.00247422 0.00771552 0.019489 0.039879 0.0661107 0.0888055 0.0966927 0.0854199 0.0614302 0.0364241 0.0187492 0.0100881 0.00803125 0.00969488 0.0132769 0.0178933 0.0230132 0.0281277 0.032682 0.0361444 0.0381145 0.0384116 0.0371082 0.0344963 0.0310021 0.0270798 0.0231196 0.019395 0.0160533 0.0131396 0.0106365 0.00850092
 1.03597e-16 2.3815e-05 0.00013975 0.000664255 0.00255733 0.00797473 0.0201437 0.041218 0.0683284 0.0917784 0.0999131 0.0882258 0.063363 0.0373997 0.0189392 0.00969189 0.00714104 0.00829131 0.0112883 0.0152597 0.0197345 0.0242956 0.0284921 0.0318844 0.0341293 0.0350501 0.0346655 0.0331652 0.0308457 0.0280306 0.0250025 0.0219652 0.0190398 0.0162834 0.0137184 0.0113562
 1.02613e-16 3.04579e-05 0.000178758 0.000849724 0.00327147 0.0102018 0.0257688 0.0527268 0.0874015 0.117381 0.127742 0.112698 0.0807159 0.0471939 0.0230686 0.0104446 0.00601647 0.00588562 0.00765855 0.0102689 0.0132496 0.0162818 0.019054 0.0212701 0.0227032 0.0232424 0.0229111 0.021849 0.0202661 0.0183868 0.0164025 0.0144455 0.0125872 0.0108525 0.00924268 0.00775329
 1.00982e-16 3.56243e-05 0.000209094 0.000993956 0.00382681 0.0119336 0.0301433 0.0616767 0.102235 0.137294 0.149391 0.131747 0.0942485 0.0548827 0.0264081 0.011244 0.00547923 0.00451634 0.0055392 0.00731716 0.00936097 0.011394 0.0131738 0.0144803 0.0151535 0.0151289 0.01445 0.0132529 0.0117283 0.0100746 0.00845835 0.00699055 0.0057237 0.00466324 0.00378632 0.00305971
 1.00381e-16 3.68424e-05 0.000216246 0.00102796 0.00395772 0.0123418 0.0311744 0.0637865 0.105731 0.141989 0.154497 0.136242 0.0974497 0.0567165 0.0272332 0.0114956 0.00545186 0.0043408 0.00524544 0.00689219 0.008779 0.0106289 0.0122041 0.0132925 0.0137436 0.0135032 0.0126258 0.011258 0.00960076 0.00786164 0.00621408 0.00477312 0.00359097 0.00266811 0.0019723 0.00145755
 1.00518e-16 3.14154e-05 0.000184374 0.00087641 0.00337419 0.0105221 0.026578 0.0543829 0.0901481 0.121074 0.131772 0.11628 0.0833402 0.0488455 0.0240921 0.011268 0.00697746 0.00720162 0.00945425 0.0125913 0.0160583 0.0194325 0.0222927 0.0242513 0.0250328 0.0245391 0.0228725 0.0203055 0.0172107 0.0139734 0.0109156 0.00825156 0.00607861 0.00439785 0.00314871 0.00224416
 1.01362e-16 2.72479e-05 0.000159903 0.000760062 0.00292621 0.00912504 0.0230493 0.0471632 0.0781829 0.105012 0.11431 0.100918 0.0724331 0.0426609 0.02143 0.0106768 0.00749649 0.00843564 0.0113492 0.0152236 0.0195172 0.0237654 0.0274812 0.0302047 0.0315966 0.0315148 0.0300428 0.0274588 0.0241588 0.0205608 0.0170216 0.0137877 0.0109861 0.00864554 0.00673241 0.00518568
 1.01517e-16 3.19048e-05 0.000187253 0.00089011 0.00342696 0.0106867 0.0269937 0.0552328 0.0915552 0.122958 0.133809 0.118042 0.0845277 0.04939 0.0240804 0.0107967 0.00606865 0.00580433 0.00749039 0.0100069 0.0128661 0.0157407 0.018315 0.020292 0.0214479 0.0216795 0.0210232 0.0196361 0.0177497 0.0156111 0.0134333 0.0113659 0.00949065 0.00783462 0.00639192 0.0051434
 1.01298e-16 3.10212e-05 0.000182062 0.000865423 0.0033319 0.0103902 0.0262449 0.053701 0.0890173 0.119554 0.130114 0.114807 0.0822631 0.0481719 0.0236821 0.0109481 0.00661189 0.00670454 0.00877768 0.011718 0.0150049 0.0182553 0.0210897 0.0231548 0.0241934 0.0241013 0.0229501 0.0209604 0.0184423 0.0157193 0.0130636 0.0106588 0.00859332 0.00687857 0.00547883 0.00433977
 1.01348e-16 3.06211e-05 0.000179713 0.000854255 0.0032889 0.0102561 0.0259062 0.053008 0.0878688 0.118012 0.128437 0.11333 0.0812116 0.0475696 0.0234112 0.0108659 0.0066222 0.00676538 0.00888083 0.0118701 0.0152174 0.0185403 0.0214573 0.0236116 0.0247401 0.0247323 0.0236522 0.0217136 0.0192209 0.0164941 0.013805 0.0113399 0.00919292 0.00738319 0.00588355 0.00464777
 1.01467e-16 3.01257e-05 0.000176803 0.000840422 0.00323564 0.01009 0.0254866 0.0521496 0.0864462 0.116102 0.126361 0.111504 0.0799162 0.0468369 0.0230993 0.0108032 0.0066957 0.00692917 0.00912924 0.0122122 0.0156627 0.0190918 0.0221089 0.0243478 0.0255379 0.0255645 0.0244913 0.0225356 0.0200067 0.0172307 0.0144846 0.011958 0.00974712 0.00787242 0.00630765 0.0050077
 1.01646e-16 2.95888e-05 0.000173651 0.000825435 0.00317793 0.00991004 0.0250321 0.0512196 0.0849048 0.114033 0.124111 0.109524 0.0785086 0.0460353 0.0227476 0.0107124 0.00673938 0.00705359 0.00932477 0.0124869 0.0160279 0.0195558 0.0226743 0.0250102 0.0262867 0.0263837 0.0253618 0.0234366 0.0209176 0.0181316 0.0153566 0.0127839 0.010512 0.00856394 0.00691719 0.00553083
 1.01926e-16 2.80869e-05 0.000164831 0.000783501 0.00301647 0.00940652 0.0237602 0.0486176 0.0805926 0.108244 0.11782 0.103993 0.0745881 0.0438264 0.0218238 0.0105583 0.0070185 0.00763353 0.0101943 0.013677 0.0175662 0.0214449 0.0248822 0.027471 0.0289078 0.0290599 0.0279911 0.0259337 0.0232223 0.0202104 0.0171992 0.0143958 0.0119069 0.00975885 0.00792874 0.00637478
 1.0245e-16 2.60374e-05 0.000152797 0.000726282 0.00279615 0.00871947 0.0220249 0.045067 0.0747082 0.100345 0.109232 0.0964386 0.0692257 0.0407879 0.0205197 0.0102758 0.00728623 0.00825786 0.0111487 0.0149979 0.0192946 0.0235996 0.0274483 0.0303975 0.0321135 0.0324449 0.0314501 0.0293691 0.0265521 0.0233714 0.0201454 0.017095 0.0143373 0.0119068 0.00978858 0.00794904
pSPR Fmed_Fpbrs
0.45351   0.6 0.325
Fs Fmed_Fpbrs
0.64   0.355707 1.11727
SSBpbr Bo_Bmed_Bpbrs
959953  387350  527974 263987
Ro
34391.7
SPR SPRFo_SPRFmed_SPRFpbrs
707644 320923 229984
log_Ro
10.2656
likeval ReclasPelacesDesembMPH_pf_preclas_ppelaces_ptallas_desvR_qrecl_qpela
 64.4632 12.1121 0.0131048 31.0248 310.533 175.551 47.3718 0 16.7372 6.03174e-06 7.5974e-05 9.71902e-16 0 0 0
q_reclas_q_pelaces
0.706085 3.45585
M
0.7
N
 38092.6 11879.8 4490.86 536.508 0.225893
 46393.9 17185.1 3155.92 1193.01 142.585
 21820.4 21080.2 4782.87 878.337 371.717
 29335.4 9279.72 3811.28 864.736 226.008
 51199.4 14036.3 3617.16 1485.6 425.163
 34643 25238.3 6643.62 1712.07 904.402
 70271.6 15932.1 7599.08 2000.34 787.8
 74762.9 33053.7 5555.76 2649.92 972.271
 117238 33663.2 8670.5 1457.36 950.158
 120853 52617.8 8645.94 2226.9 618.339
 66692 56362.6 17356.1 2851.87 938.506
 45599.5 29489.5 13136.4 4045.18 883.424
 43405.2 20326 7243.77 3226.83 1210.66
 27378 18087.9 3218.97 1147.17 702.75
 16350 9596.28 927.395 165.042 94.8486
 11746.3 5793.58 528.21 51.0468 14.3052
 7993.69 5111.69 1216.93 110.95 13.7271
 11057.9 3509.95 1138.27 270.985 27.7629
 14091.3 4959.83 897.835 291.165 76.4187
 18485.7 6479.03 1491.2 269.938 110.516
 27841.7 8540.36 2009.76 462.562 118.015
 40960.5 13366.5 3402.83 800.774 231.326
 51298 19551.3 5128.72 1305.66 396.016
 53690.6 24408.3 7348.78 1927.74 639.614
pred_Ctot
 2520.94 4116.99 1556.32 185.929 0.078284
 2850.65 5614.49 1031.06 389.765 46.5836
 2273.64 10201.3 2314.57 425.053 179.884
 771.034 1455.35 597.727 135.618 35.4451
 270.202 474.266 122.219 50.1966 14.3657
 1849.11 7352.59 1935.46 498.77 263.476
 2676.23 3481.73 1660.67 437.147 172.163
 5043.53 11628.6 1954.58 932.27 342.055
 8159.06 12134.2 3125.37 525.322 342.494
 5306.87 13006.9 2137.23 550.478 152.85
 5290.63 22450.3 6913.24 1135.96 373.824
 3377.96 11153.7 4968.54 1529.99 334.134
 5071.31 10609 3780.81 1684.21 631.891
 5908.78 13116.8 2334.3 831.894 509.612
 3433.84 6878.95 664.789 118.308 67.9908
 1052.66 2523.57 230.079 22.235 6.23108
 670.338 2121.66 505.1 46.0508 5.69757
 774.089 1270.97 412.172 98.125 10.0531
 754.253 1448.28 262.17 85.0207 22.3144
 929.81 1796.61 413.503 74.8529 30.6456
 666.432 1229.36 289.301 66.5847 16.988
 1145.41 2217.88 564.625 132.871 38.3834
 1546.97 3473.11 911.072 231.94 70.3487
 1763.38 4680.38 1409.16 369.652 122.649
F
 0.0959758 0.625561 0.625561 0.625561 0.625561
 0.0888328 0.579004 0.579004 0.579004 0.579004
 0.155015 1.01037 1.01037 1.01037 1.01037
 0.0371504 0.242143 0.242143 0.242143 0.242143
 0.00736223 0.0479863 0.0479863 0.0479863 0.0479863
 0.0767636 0.500338 0.500338 0.500338 0.500338
 0.0542348 0.353497 0.353497 0.353497 0.353497
 0.097916 0.638207 0.638207 0.638207 0.638207
 0.101155 0.659315 0.659315 0.659315 0.659315
 0.0627677 0.409114 0.409114 0.409114 0.409114
 0.116052 0.756416 0.756416 0.756416 0.756416
 0.107994 0.703891 0.703891 0.703891 0.703891
 0.175339 1.14284 1.14284 1.14284 1.14284
 0.348366 2.27062 2.27062 2.27062 2.27062
 0.337476 2.19964 2.19964 2.19964 2.19964
 0.132008 0.860418 0.860418 0.860418 0.860418
 0.12305 0.802025 0.802025 0.802025 0.802025
 0.101777 0.663373 0.663373 0.663373 0.663373
 0.0769868 0.501792 0.501792 0.501792 0.501792
 0.072194 0.470554 0.470554 0.470554 0.470554
 0.033783 0.220195 0.220195 0.220195 0.220195
 0.0395674 0.257897 0.257897 0.257897 0.257897
 0.0427293 0.278506 0.278506 0.278506 0.278506
 0.0466158 0.303837 0.303837 0.303837 0.303837
Np
 23720.4 11153.6 8854.41 3112.35 1263.1
YTP_r0W_actual
 16457.9 101888 44399.8 15247 6183.06
YTP_p0W_proyectada
 7452.85 120763 61707.6 23726.4 9438.03
 7452.85 52930 61083.2 27419.9 12349
CTP_r0_actual
 2057.24 5362.53 1614.54 423.528 140.524
CTP_p0_proyectada
 908.885 5590.88 1965.21 591.681 212.091
 908.885 2450.46 1945.33 683.788 277.506
Wmedp
 8.2 21.6 31.4 40.1 44.5
nmprior
 10.8 10.6 4.6 0
nm_flota  nm_reclas  nm_pelaces    nm_pelaL
inf 20.3493 15.6875 27.206
cv_recla  cv_pelaces  cv_mph
0.743331 0.409519 0.472629
 ------------------------------------------------
Talla a la edad & desviaci?n 
 7.2 14.2025 17.0495 18.207 18.6776
 1.08 2.13037 2.55742 2.73105 2.80164
