years
 1997 1998 1999 2000 2001 2002 2003 2004 2005 2006 2007 2008 2009 2010 2011 2012 2013 2014 2015 2016 2017 2018 2019 2020 2021 2022 2023
reclasobs
 0 0 0 370054 412103 1.49427e+06 250295 1.28982e+06 931140 785840 897777 1.04006e+06 184774 17550 25797 100020 73551 82996 120727 218422 84188 347160 605670 569463 516374 1.08416e+06 1.01767e+06
reclaspred
 468909 128731 379631 239107 283737 292217 622188 459411 803557 786514 649211 451215 268774 133809 102064 83868.8 69154.7 91414.7 123805 178818 276956 330186 610644 684428 705487 566007 563602
pelacesobs
 0 0 0 0 0 0 0 0 0 2.06254e+06 1.5e+06 0 1.87456e+06 323000 250000 174000 83755 137374 0 501740 490994 745055 786931 1.00524e+06 1.33801e+06 1.41789e+06 0
pelacespred
 1.64e+06 377219 673764 667106 686285 558889 1.42017e+06 1.1812e+06 2.0014e+06 1.92318e+06 1.43173e+06 1.03889e+06 617671 258797 197989 172581 148885 191349 255927 365792 668914 710570 1.11423e+06 1.5145e+06 1.51734e+06 1.35394e+06 1.23945e+06
mphobs
 0 0 0 0 0 0 112323 0 153150 637223 0 255016 313432 73983 77613 109348 50772 17779 17303 59886 28197 0 207744 136588 643089 65757 70829
mphpred
 153645 97593.6 117135 135007 121016 152647 201489 236512 251331 382530 372348 270290 167338 110047 58733.6 51417.5 41102.5 41492.2 23122.2 33635.7 50856.8 69643.5 113583 161520 181318 155321 121514
desembarqueobs
 350755 77701 442110 56441 14545 235359 269955 359681 431902 328805 639364 411747 362871 311530 167758 66681 60226 58785 57116 73181 50977 67692 138656 160484 209506 203330 245020
desembarquepred
 350771 77707.9 442200 56446.1 14545.5 235546 270016 359710 431821 328858 639684 411952 363498 311940 167766 66730.8 60314.6 58798.7 57097.4 73193.4 50977.8 67680.4 138666 160488 209595 203404 245031
Reclutas
 53539.4 61876.6 34385.7 40736.5 55533 39891 77412.7 91209.9 205027 141217 69137.8 44839.4 38106.1 28784.4 19931.7 12433.5 8275.93 14878.2 27555.8 27474.8 49772.1 100920 101814 113289 30142.6 44059.8 116769
log_desv_Rt
 0.128172 0.272897 -0.314605 -0.14512 0.164732 -0.166094 0.496906 0.660919 1.4709 1.09805 0.383857 -0.0491578 -0.211871 -0.49241 -0.859933 -1.33185 -1.73889 -1.15235 -0.536033 -0.538975 0.0552108 0.762083 0.770904 0.8777 -0.446304 -0.066697 0.907956
SSB
 628245 399055 478960 552038 494828 624164 801315 956004 1.00621e+06 1.53583e+06 1.52251e+06 1.1052e+06 702302 360013 197291 174841 146645 142500 187659 285181 410754 549121 917458 1.25295e+06 1.52666e+06 1.34511e+06 994494
BT
 2.20873e+06 570840 1.02568e+06 838241 811930 842719 1.84522e+06 1.77659e+06 2.72565e+06 2.55155e+06 2.23943e+06 1.58916e+06 1.07739e+06 601298 372587 256922 227040 270898 346011 482746 822054 889139 1.38901e+06 1.90058e+06 1.93495e+06 1.76409e+06 1.66239e+06
Ftot
 0.496358 0.38473 0.583759 0.122096 0.0286072 0.358483 0.257281 0.486423 0.425474 0.225647 0.443215 0.401929 0.623255 1.1169 0.908279 0.371335 0.427826 0.38151 0.284392 0.220515 0.1123 0.122689 0.109299 0.119959 0.122398 0.155596 0.245521
BD_Bspro_t
 0.941779 0.741627 0.693507 0.551378 0.648935 0.751987 0.683381 0.696588 0.675979 0.716003 0.686918 0.542982 0.437678 0.324042 0.230602 0.249094 0.286269 0.358527 0.485169 0.640118 0.733275 0.825268 0.866765 0.865298 0.855247 0.799146 0.747619
BD_Bspro
 0.645819 0.410218 0.492358 0.567481 0.508671 0.641625 0.823732 0.982748 1.03436 1.5788 1.5651 1.13612 0.721949 0.370084 0.20281 0.179732 0.150747 0.146487 0.192908 0.293159 0.422245 0.564482 0.943124 1.288 1.56937 1.38273 1.02231
BD_Bo
 0.347943 0.22101 0.265264 0.305737 0.274053 0.345683 0.443795 0.529467 0.557271 0.850596 0.843217 0.612097 0.388959 0.199387 0.109266 0.0968327 0.0812168 0.0789216 0.103932 0.157943 0.227489 0.304121 0.508119 0.693925 0.845515 0.744965 0.550784
BD_Brms
 0.632624 0.401837 0.482298 0.555886 0.498278 0.628515 0.806901 0.962668 1.01322 1.54654 1.53312 1.1129 0.707197 0.362523 0.198666 0.176059 0.147667 0.143494 0.188967 0.287169 0.413617 0.552948 0.923853 1.26168 1.5373 1.35448 1.00143
S_f
 0.183512 1 1 1 1
 0.183512 1 1 1 1
 0.183512 1 1 1 1
 0.183512 1 1 1 1
 0.183512 1 1 1 1
 0.183512 1 1 1 1
 0.183512 1 1 1 1
 0.183512 1 1 1 1
 0.183512 1 1 1 1
 0.183512 1 1 1 1
 0.183512 1 1 1 1
 0.183512 1 1 1 1
 0.183512 1 1 1 1
 0.183512 1 1 1 1
 0.183512 1 1 1 1
 0.183512 1 1 1 1
 0.183512 1 1 1 1
 0.183512 1 1 1 1
 0.183512 1 1 1 1
 0.183512 1 1 1 1
 0.183512 1 1 1 1
 0.183512 1 1 1 1
 0.183512 1 1 1 1
 0.183512 1 1 1 1
 0.183512 1 1 1 1
 0.183512 1 1 1 1
 0.183512 1 1 1 1
Scru_reclas
 0.961363 1 1 1 1
 0.961363 1 1 1 1
 0.961363 1 1 1 1
 0.961363 1 1 1 1
 0.961363 1 1 1 1
 0.961363 1 1 1 1
 0.961363 1 1 1 1
 0.961363 1 1 1 1
 0.961363 1 1 1 1
 0.961363 1 1 1 1
 0.961363 1 1 1 1
 0.961363 1 1 1 1
 0.961363 1 1 1 1
 0.961363 1 1 1 1
 0.961363 1 1 1 1
 0.961363 1 1 1 1
 0.961363 1 1 1 1
 0.961363 1 1 1 1
 0.961363 1 1 1 1
 0.961363 1 1 1 1
 0.961363 1 1 1 1
 0.961363 1 1 1 1
 0.961363 1 1 1 1
 0.961363 1 1 1 1
 0.961363 1 1 1 1
 0.961363 1 1 1 1
 0.961363 1 1 1 1
Scru_pelaces
 1 1 1 1 1
 1 1 1 1 1
 1 1 1 1 1
 1 1 1 1 1
 1 1 1 1 1
 1 1 1 1 1
 1 1 1 1 1
 1 1 1 1 1
 1 1 1 1 1
 1 1 1 1 1
 1 1 1 1 1
 1 1 1 1 1
 1 1 1 1 1
 1 1 1 1 1
 1 1 1 1 1
 1 1 1 1 1
 1 1 1 1 1
 1 1 1 1 1
 1 1 1 1 1
 1 1 1 1 1
 1 1 1 1 1
 1 1 1 1 1
 1 1 1 1 1
 1 1 1 1 1
 1 1 1 1 1
 1 1 1 1 1
 1 1 1 1 1
pf_obs 
 0.256992 0.487395 0.22802 0.0275931 0
 0.321318 0.546541 0.124235 0.00734118 0.000564706
 0.182869 0.594174 0.210203 0.0122559 0.00049798
 0.330522 0.361315 0.267642 0.0388342 0.00168674
 0.649043 0.306663 0.0425973 0.00169635 0
 0.582887 0.30429 0.105238 0.00758474 0
 0.465427 0.430635 0.0974691 0.00646863 0
 0.296916 0.608066 0.0921331 0.00288517 0
 0.311714 0.524322 0.152257 0.0117073 0
 0.15457 0.633149 0.183074 0.0267441 0.00246327
 0.131901 0.49318 0.331252 0.0422183 0.00144891
 0.196976 0.569456 0.194076 0.0375587 0.00193317
 0.518974 0.381816 0.0799577 0.0180837 0.00116848
 0.0928022 0.601141 0.25162 0.0475244 0.00691264
 0.122501 0.610282 0.24278 0.0234846 0.000952079
 0.383417 0.481906 0.127806 0.00687128 0
 0.0376549 0.599619 0.316969 0.0457579 0
 0.0361596 0.667082 0.258105 0.0386534 0
 0.158088 0.579412 0.248529 0.0139706 0
 0.0477256 0.309471 0.559284 0.082774 0.000745712
 0.0406174 0.521527 0.379366 0.0568643 0.0016247
 0.151134 0.462217 0.34131 0.0453401 0
 0.294876 0.26143 0.354403 0.0886775 0.000613685
 0.281977 0.475581 0.204845 0.0348837 0.00271318
 0.0841818 0.532909 0.334909 0.0458182 0.00218182
 0.115287 0.27431 0.454777 0.147771 0.00785563
 0 0 0 0 0
pf_pred 
 0.378031 0.440455 0.162487 0.0190169 1.00448e-05
 0.301436 0.564019 0.0952793 0.0351492 0.00411592
 0.16541 0.615993 0.176495 0.0298152 0.012287
 0.230363 0.452607 0.233993 0.0670441 0.0159931
 0.247853 0.476161 0.162301 0.083908 0.0297765
 0.16319 0.539993 0.187906 0.0640483 0.0448629
 0.318311 0.379715 0.194864 0.0678083 0.0393021
 0.285586 0.529728 0.102874 0.0527935 0.0290189
 0.435255 0.41389 0.111856 0.0217228 0.0172754
 0.19961 0.669903 0.095631 0.0258448 0.00901068
 0.116675 0.531275 0.294655 0.0420631 0.0153311
 0.123151 0.412299 0.279403 0.154962 0.0301842
 0.166952 0.400268 0.203495 0.137903 0.0913815
 0.210155 0.470394 0.153492 0.0780348 0.0879243
 0.232374 0.550056 0.129574 0.0422805 0.0457148
 0.182401 0.588885 0.163889 0.0386066 0.0262182
 0.152869 0.501005 0.249301 0.0693816 0.0274432
 0.309343 0.37721 0.185377 0.0922437 0.0358261
 0.376575 0.464404 0.0868514 0.0426823 0.0294876
 0.248911 0.593251 0.117577 0.0219888 0.0182718
 0.326038 0.449344 0.177415 0.035162 0.0120402
 0.37006 0.463107 0.111231 0.0439177 0.0116845
 0.234362 0.591119 0.128299 0.0308155 0.015404
 0.218055 0.498012 0.219214 0.0475791 0.0171403
 0.0607693 0.578796 0.229557 0.101046 0.0298322
 0.136892 0.234481 0.387388 0.153643 0.0875966
 0.345959 0.314917 0.0921298 0.152209 0.0947852
pobs_RECLAS
 0 0 0 0 0
 0 0 0 0 0
 0 0 0 0 0
 0 0 0 0 0
 0.835266 0.146461 0.0176864 0.000547809 3.91292e-05
 0.385257 0.428462 0.181853 0.0044286 0
 0.867414 0.0963971 0.0333333 0.00285562 0
 0.441836 0.489002 0.0689373 0.000224442 0
 0.779404 0.147425 0.0564933 0.0165055 0.000172143
 0.814271 0.122319 0.05973 0.00367925 0
 0.40263 0.566651 0.0304383 0.000280538 0
 0.475488 0.404961 0.113038 0.00651328 0
 0.955842 0.0263864 0.0167828 0.000988607 0
 0.975058 0.0227948 0.00214734 0 0
 0.738997 0.206755 0.0527124 0.00153531 0
 0.850938 0.134255 0.0134407 0.00136685 0
 0.542534 0.407297 0.0501686 0 0
 0.764087 0.199537 0.0359546 0.000420521 0
 0.470689 0.182191 0.310203 0.0369168 0
 0.84361 0.089868 0.0606195 0.00523954 0.000663233
 0.607945 0.314616 0.071237 0.00620181 0
 0.523733 0.453247 0.0230204 0 0
 0.530135 0.295979 0.169645 0.0042399 0
 0.562478 0.366248 0.0663022 0.0049721 0
 0.250443 0.683176 0.0655157 0.000865301 0
 0.195077 0.31981 0.436473 0.0351445 0.0134964
 0.565238 0.351407 0.0832357 0.000118908 0
ppred_RECLAS
 0.766948 0.165039 0.0608839 0.00712565 3.76379e-06
 0.698367 0.243538 0.0411406 0.015177 0.00177721
 0.519567 0.354597 0.1016 0.0171632 0.00707303
 0.612103 0.228114 0.117933 0.0337903 0.00806052
 0.633523 0.232006 0.0790799 0.0408835 0.0145083
 0.51083 0.315661 0.109843 0.0374404 0.0262253
 0.71285 0.159949 0.0820832 0.0285631 0.0165554
 0.683803 0.234455 0.0455318 0.0233662 0.0128437
 0.805771 0.142346 0.0384699 0.00747096 0.0059414
 0.569543 0.36028 0.0514312 0.0138996 0.00484602
 0.415891 0.351312 0.194844 0.0278147 0.0101379
 0.430066 0.267986 0.181607 0.100722 0.0196191
 0.523265 0.229065 0.116456 0.078919 0.0522957
 0.606383 0.23442 0.0764921 0.0388884 0.0438168
 0.630778 0.264573 0.0623241 0.0203366 0.0219885
 0.544585 0.328018 0.0912887 0.0215044 0.0146039
 0.492779 0.299977 0.149269 0.0415423 0.0164316
 0.70611 0.160512 0.0788819 0.0392518 0.0152448
 0.762883 0.176634 0.0330336 0.016234 0.0112155
 0.637369 0.286426 0.0567669 0.0106164 0.00882176
 0.718233 0.18786 0.0741731 0.0147004 0.00503372
 0.755931 0.17943 0.0430964 0.0170158 0.00452715
 0.617243 0.295512 0.0641391 0.0154053 0.00770077
 0.595142 0.25785 0.1135 0.0246344 0.00887452
 0.254352 0.459502 0.182244 0.0802195 0.0236835
 0.45587 0.147824 0.244221 0.0968609 0.0552236
 0.737531 0.126377 0.036972 0.0610818 0.0380376
pobs_PELACES
 0 0 0 0 0
 0 0 0 0 0
 0 0 0 0 0
 0 0 0 0 0
 0 0 0 0 0
 0 0 0 0 0
 0 0 0 0 0
 0 0 0 0 0
 0 0 0 0 0
 0 0 0 0 0
 0.450072 0.473896 0.0757376 0.000293798 0
 0 0 0 0 0
 0.463077 0.371075 0.160297 0.00555027 0
 0.529543 0.364841 0.0842815 0.0213345 0
 0.631943 0.363953 0.00410389 0 0
 0.735681 0.248677 0.0153453 0.000297389 0
 0.695825 0.281241 0.0229344 0 0
 0.275771 0.60734 0.115278 0.00161068 0
 0 0 0 0 0
 0.896147 0.0623911 0.0374545 0.00400742 0
 0.803859 0.145111 0.0509908 3.86294e-05 0
 0.739449 0.233085 0.0266225 0.000797448 4.60066e-05
 0.878498 0.100942 0.0204185 0.000141795 0
 0.694673 0.275183 0.0284847 0.00165964 0
 0.469039 0.446079 0.0841089 0.000773354 0
 0.822795 0.102175 0.0682046 0.00682512 0
 0 0 0 0 0
ppred_PELACES
 0.796457 0.144141 0.0531746 0.00622339 3.28722e-06
 0.727624 0.219916 0.0371502 0.013705 0.00160483
 0.56832 0.318614 0.0912898 0.0154215 0.00635528
 0.629124 0.218104 0.112758 0.0323075 0.00770682
 0.64439 0.225126 0.0767349 0.0396712 0.0140781
 0.544711 0.293798 0.102235 0.0348473 0.0244089
 0.734581 0.147844 0.0758712 0.0264015 0.0153025
 0.719457 0.208019 0.0403977 0.0207315 0.0113954
 0.828752 0.125504 0.0339183 0.00658702 0.00523843
 0.593918 0.339879 0.0485188 0.0131125 0.00457161
 0.454913 0.327842 0.181828 0.0259565 0.00946061
 0.466579 0.250817 0.169972 0.0942696 0.0183622
 0.574555 0.204421 0.103927 0.0704284 0.0466694
 0.684056 0.188161 0.0613978 0.0312145 0.0351704
 0.69417 0.219148 0.0516237 0.016845 0.0182133
 0.578903 0.3033 0.0844097 0.019884 0.0135035
 0.531407 0.277133 0.137902 0.0383787 0.0151803
 0.734731 0.14488 0.0711997 0.0354291 0.0137601
 0.783228 0.161478 0.0301992 0.0148411 0.0102532
 0.659885 0.268642 0.0532422 0.00995719 0.00827401
 0.732114 0.178605 0.0705191 0.0139762 0.00478573
 0.76905 0.169785 0.0407798 0.0161012 0.00428379
 0.633373 0.283058 0.0614362 0.0147561 0.00737624
 0.612299 0.246922 0.10869 0.0235904 0.00849843
 0.268322 0.450893 0.178829 0.0787166 0.0232398
 0.476105 0.142327 0.235139 0.0932589 0.05317
 0.757447 0.116788 0.0341666 0.0564471 0.0351514
pobs_pel_tallas
 0 0 0 0 0 0 0 0 0 0 0 0 0 0 0 0 0 0 0 0 0 0 0 0 0 0 0 0 0 0 0 0 0 0 0 0
 0 0 0 0 0 0 0 0 0 0 0 0 0 0 0 0 0 0 0 0 0 0 0 0 0 0 0 0 0 0 0 0 0 0 0 0
 0 0 0 0 0 0 0 0 0 0 0 0 0 0 0 0 0 0 0 0 0 0 0 0 0 0 0 0 0 0 0 0 0 0 0 0
 0 0 0 0 0 0 0 0 0 0 0 0 0 0 0 0 0 0 0 0 0 0 0 0 0 0 0 0 0 0 0 0 0 0 0 0
 0 0 0 0 0 0 0 0 0 0 0 0 0 0 0 0 0 0 0 0 0 0 0 0 0 0 0 0 0 0 0 0 0 0 0 0
 0 0 0 0 0 0 0 0 0 0 0 0 0 0 0 0 0 0 0 0 0 0 0 0 0 0 0 0 0 0 0 0 0 0 0 0
 0 0 0 0 0 0 0 0 0 0 0 0 0 0 0 0 0 0 0 0 0 0 0 0 0 0 0 0 0 0 0 0 0 0 0 0
 0 0 0 0 0 0 0 0 0 0 0 0 0 0 0 0 0 0 0 0 0 0 0 0 0 0 0 0 0 0 0 0 0 0 0 0
 0 0 0 0 0 0 0 0 0 0 0 0 0 0 0 0 0 0 0 0 0 0 0 0 0 0 0 0 0 0 0 0 0 0 0 0
 0 0 0 0 0 0 0 0 0 0 0 0 0 0 0 0 0 0 0 0 0 0 0 0 0 0 0 0 0 0 0 0 0 0 0 0
 0 0 0 0 0 0 0 0 1.78061e-05 0.00172719 0.00360574 0.0105946 0.0120993 0.0124554 0.0147524 0.0171206 0.0266825 0.0428682 0.0675386 0.121331 0.153587 0.119568 0.100827 0.0573624 0.0630603 0.0341343 0.0324427 0.0444173 0.0211091 0.0280891 0.0125444 0.00206551 0 0 0 0
 0 0 0 0 0 0 0 0 0 0 0 0 0 0 0 0 0 0 0 0 0 0 0 0 0 0 0 0 0 0 0 0 0 0 0 0
 0 0 0 0 0 0 0.0133647 0.0140871 0.0187388 0.0205184 0.03894 0.0496705 0.03968 0.0493445 0.0407372 0.0367815 0.0215668 0.0243155 0.0234873 0.0199281 0.019796 0.0243948 0.0301388 0.0376714 0.0412746 0.0863199 0.0771752 0.113111 0.0741005 0.0525337 0.0229764 0.00759418 0.00175318 0 0 0
 0 0 0 0 0 0 0 0 0 0 0.00219441 0.00772107 0.0458388 0.0604681 0.0671733 0.0775358 0.0609151 0.0617685 0.073594 0.0568108 0.0755445 0.0548602 0.0670107 0.0636378 0.0643287 0.046367 0.0373049 0.0286899 0.0247887 0.0153202 0.00654259 0.00121912 0.000365735 0 0 0
 0 0 0 0 0 0 0 0 0 0 0 0 0.000112435 0.00938835 0.0111873 0.0202946 0.0414886 0.0713402 0.111592 0.104902 0.108894 0.110636 0.117776 0.105296 0.107544 0.0401394 0.0192827 0.0124803 0.00416011 0.0028671 0.000618394 0 0 0 0 0
 0 0 0 0 0 0 0 0 0 0 0.00291406 0.0102884 0.027416 0.0768956 0.0749926 0.110853 0.0956884 0.0897413 0.0766577 0.0534642 0.0500743 0.0551293 0.0594112 0.0620874 0.0668451 0.0424026 0.0208742 0.0120726 0.0048766 0.00582813 0.00118941 0.000297354 0 0 0 0
 0 0.00264628 0.0354308 0.0461629 0.0458689 0.0383711 0.0214643 0.0164657 0.0346957 0.0420465 0.0363128 0.0245516 0.0311673 0.0291091 0.0169068 0.0133784 0.00837989 0.0085269 0.0148486 0.0160247 0.0276389 0.0546898 0.0760071 0.122758 0.109233 0.0665981 0.0333725 0.0166128 0.00676272 0.00308733 0.000882094 0 0 0 0 0
 0 0 0 0 0 0 0 0.000805153 0.000690131 0.00759144 0.0133425 0.0154129 0.00931677 0.000345066 0.00356568 0.00563607 0.00851162 0.0253048 0.0502646 0.0516448 0.0657925 0.0565908 0.0611916 0.0827007 0.0866115 0.110766 0.145733 0.0935128 0.0569358 0.0249597 0.0138026 0.00621118 0.00161031 0.00115022 0 0
 0 0 0 0 0 0 0 0 0 0 0 0 0 0 0 0 0 0 0 0 0 0 0 0 0 0 0 0 0 0 0 0 0 0 0 0
 0.00147267 0.00158595 0.00478618 0.00569244 0.00954404 0.0108468 0.00647125 0.017049 0.0510054 0.094081 0.124002 0.0959785 0.0687766 0.0820023 0.061753 0.0591476 0.0492212 0.0479892 0.0443925 0.0268479 0.0217502 0.0140895 0.0121071 0.0120363 0.00920419 0.00665534 0.0049561 0.00860946 0.00930331 0.0156896 0.0114698 0.00855282 0.00243557 0.00046729 0 2.83206e-05
 0 0 0 0 0.000772559 0.00158375 0.000888443 0.00281984 0.00712685 0.0440552 0.0773331 0.111326 0.0921469 0.0852325 0.0710754 0.0886704 0.0786465 0.0553345 0.0373146 0.0185414 0.00753245 0.00457741 0.012979 0.0271748 0.0457355 0.0583668 0.034881 0.0177882 0.00938659 0.00492506 0.0015258 0.00185414 0.000309023 5.79419e-05 3.86279e-05 0
 0 0.00173294 0.00326652 0 0.00397197 0.00683976 0.00946217 0.0152591 0.00757587 0.0136028 0.0228656 0.0392903 0.0559909 0.0764795 0.0681675 0.0726916 0.0566044 0.0477403 0.0527397 0.0444891 0.0609904 0.0582453 0.0661739 0.0445044 0.0529084 0.0360697 0.0280645 0.0235558 0.0158879 0.00826598 0.00280645 0.00217768 0.000904811 0.00058276 9.20147e-05 0
 0 0 0 0 0 0 0 0 0 0 0 0 0 0 0 0 0 0 0 0 0 0 0 0 0 0 0 0 0 0 0 0 0 0 0 0
 0 0 0 0 0 0 0 0 0 0 0 0 0 0 0 0 0 0 0 0 0 0 0 0 0 0 0 0 0 0 0 0 0 0 0 0
 0 0 0 0 0 0 0 0 0 0 0 0 0 0 0 0 0 0 0 0 0 0 0 0 0 0 0 0 0 0 0 0 0 0 0 0
 0 0 0 0 0 0 0 0 0 0 0 0 0 0 0 0 0 0 0 0 0 0 0 0 0 0 0 0 0 0 0 0 0 0 0 0
 0 0 0 0 0 0 0 0 0 0 0 0 0 0 0 0 0 0 0 0 0 0 0 0 0 0 0 0 0 0 0 0 0 0 0 0
ppred_pel_tallas
 1.01016e-16 3.47479e-05 0.000203948 0.000969492 0.00373262 0.0116398 0.0294013 0.0601586 0.0997184 0.133915 0.145717 0.12851 0.0919426 0.0535588 0.0258071 0.0110516 0.00548269 0.00462189 0.00572753 0.00760272 0.00977081 0.0119587 0.0139219 0.0154338 0.0163225 0.0165072 0.0160124 0.0149543 0.0135065 0.0118563 0.0101669 0.00855509 0.0070877 0.00579042 0.00466338 0.0036953
 1.01145e-16 3.17494e-05 0.000186338 0.000885755 0.00341019 0.0106343 0.0268615 0.0549627 0.0911082 0.12236 0.133164 0.117489 0.0841647 0.0492443 0.0241326 0.0110269 0.00648297 0.00643281 0.00836923 0.0111582 0.01428 0.0173633 0.0200444 0.0219863 0.0229438 0.0228194 0.0216835 0.0197495 0.0173161 0.0146948 0.0121474 0.00985005 0.0078871 0.00626841 0.00495795 0.00390149
 1.02227e-16 2.48072e-05 0.000145571 0.000691925 0.00266385 0.0083069 0.0209828 0.0429351 0.0711754 0.0956041 0.104082 0.0919177 0.0660368 0.0390223 0.0198412 0.0102804 0.00772081 0.00903865 0.0122888 0.0165365 0.0212527 0.025956 0.0301299 0.0332818 0.035043 0.0352499 0.0339753 0.0314962 0.0282137 0.0245539 0.0208814 0.0174498 0.0143932 0.0117488 0.00949448 0.00758396
 1.03142e-16 2.74544e-05 0.000161122 0.000765877 0.00294862 0.00919497 0.0232258 0.0475238 0.0787784 0.105805 0.115156 0.101623 0.0728479 0.0427226 0.0211249 0.00997675 0.00632569 0.00668042 0.00889496 0.0120008 0.0155461 0.0191895 0.0225793 0.0253725 0.0272976 0.0282078 0.0281042 0.0271176 0.0254619 0.0233738 0.0210631 0.0186846 0.0163352 0.0140685 0.011915 0.00989913
 1.03184e-16 2.81203e-05 0.000165031 0.000784459 0.00302017 0.00941807 0.0237894 0.0486769 0.0806898 0.108372 0.11795 0.104087 0.074611 0.0437502 0.0216204 0.0101873 0.00642315 0.00674642 0.00895222 0.0120407 0.0155412 0.0190985 0.0223507 0.0249519 0.0266372 0.0272776 0.026902 0.0256747 0.023842 0.0216663 0.0193699 0.0171053 0.0149527 0.0129388 0.0110624 0.00931735
 1.03885e-16 2.37766e-05 0.000139524 0.000663179 0.00255318 0.00796179 0.020111 0.0411512 0.068218 0.091631 0.0997551 0.088092 0.0632793 0.0373751 0.018972 0.00978112 0.0072926 0.00851624 0.0115969 0.0156543 0.0202038 0.0248106 0.0290065 0.0323395 0.0344639 0.0352131 0.0346277 0.0329276 0.0304412 0.0275184 0.0244572 0.021463 0.0186447 0.0160382 0.01364 0.0114371
 1.02748e-16 3.20499e-05 0.000188109 0.000894187 0.00344268 0.0107357 0.0271174 0.0554857 0.0919732 0.123516 0.134406 0.118546 0.0848391 0.0494721 0.0239352 0.01042 0.00542582 0.00483531 0.00613094 0.0082152 0.010648 0.0131688 0.0155361 0.0175189 0.0189339 0.0196805 0.0197559 0.0192426 0.0182765 0.0170076 0.0155667 0.0140479 0.0125086 0.0109799 0.0094821 0.00803511
 1.01887e-16 3.13928e-05 0.000184245 0.000875809 0.0033719 0.0105149 0.0265599 0.0543455 0.0900849 0.120985 0.131666 0.116163 0.0832047 0.0486631 0.0238118 0.0108206 0.00628194 0.0061733 0.00801909 0.0107062 0.013734 0.0167528 0.0194215 0.0214228 0.0225237 0.0226265 0.0217885 0.0201984 0.0181226 0.0158385 0.0135777 0.0114939 0.00965905 0.00808088 0.00673009 0.00556572
 1.00994e-16 3.61552e-05 0.000212213 0.00100879 0.00388392 0.0121117 0.030593 0.0625969 0.103759 0.13934 0.151613 0.133695 0.0956189 0.0556335 0.0266812 0.0112095 0.0052413 0.00410625 0.00494778 0.00652719 0.00836798 0.0102176 0.0118616 0.0131051 0.0138036 0.0138936 0.0134046 0.012446 0.0111758 0.00976057 0.00834227 0.00701842 0.00583918 0.00481677 0.00394058 0.0031913
 1.01464e-16 2.59241e-05 0.000152127 0.000723089 0.00278384 0.00868106 0.0219279 0.044869 0.0743814 0.0999105 0.108771 0.0960586 0.0690126 0.0407818 0.0207364 0.0107415 0.00805575 0.00940734 0.0127521 0.0170976 0.0218728 0.0265566 0.0305958 0.0334716 0.0348093 0.0344647 0.0325562 0.0294255 0.0255463 0.0214111 0.0174329 0.0138879 0.0109057 0.00849596 0.00659393 0.00510435
 1.04022e-16 1.98627e-05 0.000116542 0.00055391 0.00213246 0.00664976 0.016797 0.0343708 0.0569806 0.0765452 0.0833539 0.0736611 0.0530281 0.0315524 0.0164469 0.00918577 0.0077201 0.00959229 0.0132715 0.0180064 0.023333 0.0287863 0.0338423 0.0379826 0.0407944 0.042054 0.0417619 0.040118 0.0374504 0.0341265 0.0304761 0.026748 0.023103 0.0196334 0.0163915 0.0134138
 1.06592e-16 2.03681e-05 0.000119516 0.000568069 0.002187 0.00681987 0.0172266 0.0352492 0.0584344 0.0784907 0.085453 0.0754697 0.0542293 0.0320651 0.0163451 0.00854681 0.00653732 0.00777806 0.0107083 0.0146065 0.0190902 0.0238147 0.0283942 0.0324368 0.0356147 0.0377237 0.0387094 0.0386498 0.037709 0.0360786 0.033931 0.0313975 0.0285728 0.0255325 0.0223555 0.0191347
 1.06143e-16 2.50743e-05 0.00014715 0.000699456 0.00269289 0.00839748 0.0212114 0.0434021 0.0719463 0.0966297 0.105173 0.0928185 0.066549 0.0390542 0.01936 0.0092284 0.00597153 0.00641154 0.00860053 0.0116665 0.0152089 0.0189264 0.0225051 0.0256351 0.0280648 0.0296479 0.0303628 0.0302943 0.0295915 0.0284162 0.0269023 0.0251382 0.0231722 0.0210321 0.0187485 0.0163693
 1.03649e-16 2.98483e-05 0.00017518 0.000832715 0.00320598 0.00999753 0.025253 0.0516713 0.0856519 0.115031 0.125185 0.110442 0.0791018 0.0462525 0.0226129 0.0102464 0.0059148 0.00579912 0.00755601 0.0101434 0.0131071 0.0161391 0.0189387 0.0212204 0.0227654 0.0234668 0.0233461 0.0225343 0.0212271 0.0196301 0.0179128 0.0161862 0.0145025 0.0128732 0.011292 0.00975508
 1.02235e-16 3.02906e-05 0.000177774 0.00084504 0.00325342 0.0101455 0.0256267 0.0524361 0.0869205 0.116737 0.127048 0.1121 0.0803192 0.0470256 0.0231043 0.0106584 0.0064097 0.00648502 0.00849881 0.0113725 0.0146092 0.0178488 0.0207338 0.0229294 0.0241869 0.0243987 0.0236183 0.0220365 0.0199264 0.0175732 0.0152163 0.0130158 0.0110488 0.00932735 0.00782662 0.00651042
 1.02612e-16 2.5268e-05 0.000148278 0.000704797 0.00271342 0.00846148 0.0213732 0.0437338 0.0724989 0.0973799 0.10601 0.0936083 0.0672249 0.039671 0.0200726 0.0102403 0.00749705 0.00865453 0.0117314 0.0157851 0.020297 0.0248073 0.0288263 0.0318869 0.0336396 0.0339287 0.032822 0.0305792 0.0275761 0.0242102 0.0208196 0.0176367 0.0147813 0.0122836 0.0101207 0.00825005
 1.04076e-16 2.3196e-05 0.000136116 0.00064698 0.00249082 0.00776731 0.0196198 0.040146 0.0665515 0.089392 0.0973164 0.0859357 0.0617245 0.0364453 0.01848 0.00949752 0.00705062 0.00822635 0.0112231 0.0151951 0.0196862 0.0242907 0.028567 0.0320817 0.0344923 0.0356158 0.0354575 0.0341878 0.0320816 0.0294418 0.0265348 0.0235551 0.0206218 0.0177978 0.0151163 0.0126033
 1.02919e-16 3.20563e-05 0.000188147 0.000894369 0.00344338 0.0107379 0.0271229 0.055497 0.0919918 0.123541 0.134432 0.118568 0.0848506 0.0494712 0.0239206 0.0103894 0.0053751 0.00475861 0.00602211 0.00806955 0.0104641 0.0129504 0.0152927 0.0172661 0.0186918 0.0194716 0.0196018 0.0191612 0.0182796 0.0170992 0.015743 0.0142979 0.0128158 0.0113245 0.00984292 0.00839225
 1.01471e-16 3.41716e-05 0.000200564 0.000953399 0.00367065 0.0114466 0.0289132 0.05916 0.0980637 0.131695 0.143305 0.126393 0.0904502 0.052734 0.0254927 0.0110583 0.0056912 0.00499053 0.00625768 0.00830485 0.0106436 0.0129785 0.0150408 0.0165838 0.0174268 0.0174952 0.0168343 0.0155919 0.0139757 0.0122019 0.0104506 0.00884096 0.007428 0.00621662 0.00518271 0.00429313
 1.01573e-16 2.87977e-05 0.000169004 0.000803338 0.00309284 0.00964469 0.0243619 0.0498485 0.082633 0.110984 0.120801 0.106621 0.0764676 0.0449186 0.0223445 0.0107703 0.00710428 0.00768057 0.0102292 0.0136961 0.0175496 0.0213611 0.024691 0.0271272 0.0283682 0.0282908 0.0269756 0.0246779 0.0217568 0.0185882 0.015489 0.0126739 0.0102472 0.00822465 0.00656669 0.00521217
 1.01764e-16 3.19436e-05 0.000187482 0.0008912 0.00343116 0.0106998 0.0270267 0.0553004 0.0916669 0.123107 0.133968 0.118177 0.0846104 0.0494109 0.0240398 0.0106933 0.00589286 0.00554023 0.00712129 0.00952282 0.0122706 0.0150559 0.0175832 0.019573 0.020811 0.0211927 0.0207414 0.0195914 0.0179465 0.0160268 0.014024 0.012075 0.0102583 0.00860589 0.00712256 0.00580237
 1.01388e-16 3.35538e-05 0.000196936 0.000936148 0.00360423 0.0112395 0.02839 0.0580896 0.0962897 0.129314 0.140717 0.124118 0.0888368 0.0518243 0.0251108 0.0109923 0.00580267 0.00522557 0.00661304 0.00879573 0.011285 0.0137763 0.0159868 0.017655 0.0185871 0.0186992 0.0180333 0.016739 0.0150307 0.0131338 0.0112388 0.00947529 0.00790806 0.00655054 0.00538578 0.00438594
 1.01817e-16 2.76423e-05 0.000162219 0.000771079 0.00296863 0.00925735 0.0233835 0.0478468 0.0793155 0.106531 0.11596 0.102364 0.0734471 0.0432106 0.0216183 0.010626 0.00727869 0.00806727 0.0108157 0.0145042 0.018602 0.0226655 0.0262333 0.0288709 0.0302582 0.0302616 0.0289607 0.0266175 0.0236037 0.0203092 0.0170635 0.0140908 0.0115019 0.00931656 0.00749872 0.00599042
 1.02832e-16 2.6722e-05 0.00015682 0.000745415 0.00286983 0.00894924 0.0226052 0.0462541 0.0766748 0.102982 0.112093 0.0989386 0.0709653 0.0417024 0.0207763 0.0100718 0.00672923 0.00735918 0.00987121 0.0133056 0.0171879 0.0211363 0.0247514 0.0276468 0.0295225 0.0302263 0.0297792 0.0283539 0.0262182 0.0236641 0.0209469 0.0182513 0.0156866 0.0133029 0.0111167 0.00913223
 1.06477e-16 1.17313e-05 6.87923e-05 0.00032688 0.0012583 0.00392368 0.00991134 0.0202831 0.0336339 0.0452065 0.0492918 0.0437125 0.0318007 0.0195895 0.011437 0.00833612 0.00920315 0.012683 0.017897 0.0243192 0.0314648 0.0387321 0.0454155 0.0508204 0.0544064 0.0559006 0.055342 0.0530399 0.0494697 0.0451436 0.0405015 0.0358519 0.0313677 0.02712 0.0231283 0.0194013
 1.09074e-16 2.07792e-05 0.000121939 0.000579611 0.00223148 0.00695859 0.0175769 0.0359651 0.059618 0.0800713 0.0871491 0.076909 0.0551361 0.0323461 0.0160204 0.00762539 0.00494821 0.0053816 0.00735288 0.0101971 0.0136519 0.0175397 0.0216576 0.0257727 0.0296489 0.0330761 0.0358884 0.0379662 0.0392288 0.0396257 0.0391336 0.0377628 0.0355691 0.0326619 0.0292048 0.0254022
 1.04106e-16 3.30455e-05 0.000193957 0.000921999 0.00354977 0.0110696 0.027961 0.0572114 0.0948327 0.127353 0.138572 0.122199 0.0874064 0.0508744 0.0244359 0.0103335 0.00494033 0.00399795 0.00490838 0.00655417 0.00851559 0.010577 0.012555 0.0142782 0.0156127 0.016487 0.0169004 0.0169113 0.0166097 0.0160859 0.0154071 0.0146074 0.0136938 0.0126605 0.0115058 0.0102441
pSPR Fmed_Fpbrs
0.445834   0.6 0.325
Fs Fmed_Fpbrs
0.64   0.347756 1.06845
SSBpbr Bo_Bmed_Bpbrs
1.8056e+06  714716  993078 496539
Ro
47098.7
SPR SPRFo_SPRFmed_SPRFpbrs
972787 433701 316156
log_Ro
10.58
likeval ReclasPelacesDesembMPH_pf_preclas_ppelaces_ptallas_desvR_qrecl_qpela
 79.3267 12.7139 0.046444 146.719 345.149 227.768 58.1632 0 21.0764 4.61987e-05 9.11596e-06 4.32082e-16 0 0 0
q_reclas_q_pelaces
0.381686 1.53657
M
0.7
N
 53539.4 13563.9 5003.81 585.629 0.309331
 61876.6 24272.1 4100.27 1512.62 177.125
 34385.7 28632.4 8203.81 1385.86 571.121
 40736.5 15340.7 7931 2272.41 542.073
 55533 19780.9 6742.4 3485.75 1236.99
 39891 27432.5 9545.89 3253.75 2279.1
 77412.7 18548 9518.56 3312.25 1919.8
 91209.9 36669.2 7121.25 3654.51 2008.77
 205027 41425.6 11195.5 2174.2 1729.06
 141217 94166.3 13442.6 3632.93 1266.6
 69137.8 67281.8 37315.7 5326.95 1941.56
 44839.4 31650.9 21448.9 11896 2317.15
 38106.1 20683.3 10515.4 7125.97 4722.02
 28784.4 16877.8 5507.29 2799.9 3154.73
 19931.7 11644.9 2743.14 895.097 967.802
 12433.5 8378.19 2331.69 549.264 373.012
 8275.93 5767.58 2869.96 798.722 315.926
 14878.2 3799.39 1867.17 929.109 360.852
 27555.8 6888.73 1288.31 633.127 437.404
 27474.8 12988 2574.09 481.398 400.022
 49772.1 13102.5 5173.28 1025.29 351.082
 100920 24212 5815.36 2296.09 610.885
 101814 48999.6 10635.1 2554.39 1276.89
 113289 49555.4 21813.2 4734.42 1705.57
 30142.6 55032.9 21826.7 9607.6 2836.49
 44059.8 14635.9 24180.2 9590.13 5467.65
 116769 21263.5 6220.71 10277.3 6400
pred_Ctot
 3369.9 3926.36 1448.46 169.523 0.0895428
 3045.84 5699.09 962.742 355.162 41.589
 2527.76 9413.48 2697.17 455.63 187.767
 649.958 1277.01 660.201 189.162 45.1238
 209.176 401.857 136.974 70.8143 25.1299
 1833.5 6067.02 2111.19 719.606 504.051
 2574.46 3071.1 1576.04 548.426 317.871
 5630.53 10444 2028.25 1040.86 572.13
 11124.8 10578.7 2858.96 555.217 441.544
 4129.41 13858.6 1978.36 534.663 186.408
 3902.31 17769 9855.02 1406.84 512.763
 2302.69 7709.2 5224.31 2897.5 564.387
 2981.41 7147.94 3634 2462.66 1631.88
 3881.91 8688.96 2835.24 1441.43 1624.11
 2221.98 5259.67 1238.99 404.289 437.128
 591.357 1909.21 531.34 125.165 85.0012
 451.451 1479.57 736.235 204.897 81.0452
 726.428 885.801 435.319 216.615 84.1301
 1010.76 1246.51 233.118 114.563 79.1476
 785.461 1872.05 371.023 69.3876 57.6582
 730.985 1007.44 397.769 78.834 26.9944
 1617.94 2024.75 486.315 192.013 51.0859
 1455.7 3671.62 796.904 191.405 95.6792
 1776.22 4056.68 1785.66 387.567 139.621
 482.109 4591.83 1821.17 801.639 236.671
 893.44 1530.36 2528.33 1002.76 571.709
 3709.32 3376.49 987.801 1631.96 1016.27
F
 0.0910877 0.496358 0.496358 0.496358 0.496358
 0.0706028 0.38473 0.38473 0.38473 0.38473
 0.107127 0.583759 0.583759 0.583759 0.583759
 0.0224062 0.122096 0.122096 0.122096 0.122096
 0.00524978 0.0286072 0.0286072 0.0286072 0.0286072
 0.0657861 0.358483 0.358483 0.358483 0.358483
 0.0472143 0.257281 0.257281 0.257281 0.257281
 0.0892646 0.486423 0.486423 0.486423 0.486423
 0.0780797 0.425474 0.425474 0.425474 0.425474
 0.041409 0.225647 0.225647 0.225647 0.225647
 0.0813353 0.443215 0.443215 0.443215 0.443215
 0.073759 0.401929 0.401929 0.401929 0.401929
 0.114375 0.623255 0.623255 0.623255 0.623255
 0.204964 1.1169 1.1169 1.1169 1.1169
 0.16668 0.908279 0.908279 0.908279 0.908279
 0.0681445 0.371335 0.371335 0.371335 0.371335
 0.0785113 0.427826 0.427826 0.427826 0.427826
 0.0700118 0.38151 0.38151 0.38151 0.38151
 0.0521894 0.284392 0.284392 0.284392 0.284392
 0.0404672 0.220515 0.220515 0.220515 0.220515
 0.0206084 0.1123 0.1123 0.1123 0.1123
 0.022515 0.122689 0.122689 0.122689 0.122689
 0.0200576 0.109299 0.109299 0.109299 0.109299
 0.022014 0.119959 0.119959 0.119959 0.119959
 0.0224616 0.122398 0.122398 0.122398 0.122398
 0.0285538 0.155596 0.155596 0.155596 0.155596
 0.0450561 0.245521 0.245521 0.245521 0.245521
Np
 36547.6 17027 19441.1 2897.12 1144.82
YTP_r0W_actual
 42729.6 98976.9 42093.4 88811.1 61374
YTP_p0W_proyectada
 13373.9 258020 55895.3 20883.1 53160.3
 13373.9 79256.6 131551 25035.4 10978.5
CTP_r0_actual
 5210.93 4582.26 1340.55 2214.74 1379.19
CTP_p0_proyectada
 1630.97 11945.4 1780.11 520.775 1194.61
 1630.97 3669.29 4189.53 624.325 246.707
Wmedp
 8.2 21.6 31.4 40.1 44.5
nmprior
 10.8 10.6 4.6 0
nm_flota  nm_reclas  nm_pelaces    nm_pelaL
inf 10.8177 12.4286 34.0558
cv_recla  cv_pelaces  cv_mph
0.77133 0.390598 0.48559
 ------------------------------------------------
Talla a la edad & desviaci?n 
 7.2 14.2025 17.0495 18.207 18.6776
 1.08 2.13037 2.55742 2.73105 2.80164
