years
 1997 1998 1999 2000 2001 2002 2003 2004 2005 2006 2007 2008 2009 2010 2011 2012 2013 2014 2015 2016 2017 2018 2019 2020 2021 2022 2023
reclasobs
 0 0 0 370054 412103 1.49427e+06 250295 1.28982e+06 931140 785840 897777 1.04006e+06 184774 17550 25797 100020 73551 82996 120727 218422 84188 347160 605670 569463 516374 1.08416e+06 1.01767e+06
reclaspred
 820268 184778 383236 188026 290995 308223 620915 457108 750969 1.02672e+06 921886 687375 407238 132914 107160 110249 79390.9 74145.1 104092 150818 214783 268864 562010 649382 789288 561333 301282
pelacesobs
 0 0 0 0 0 0 0 0 0 2.06254e+06 1.5e+06 0 1.87456e+06 323000 250000 174000 83755 137374 0 501740 490994 745055 786931 1.00524e+06 1.33801e+06 1.41789e+06 0
pelacespred
 2.5343e+06 568425 560743 500445 753489 476646 1.76404e+06 1.17496e+06 2.26064e+06 2.70604e+06 1.88098e+06 1.57205e+06 877342 265858 229062 217833 147551 158400 220418 286665 551364 594300 968524 1.3654e+06 1.43369e+06 1.04734e+06 529402
mphobs
 0 0 0 0 0 0 112323 0 153150 637223 0 255016 313432 73983 77613 109348 50772 17779 17303 59886 28197 0 207744 136588 643089 65757 70829
mphpred
 264892 130608 126766 83008.7 83067.1 138056 160535 235034 234032 409824 417933 283281 200876 111743 62128.3 60677.3 41009.9 32808.4 25431.9 37198.7 48505.9 72852.5 119495 167909 203796 144803 91393.7
desembarqueobs
 350755 77701 442110 56441 14545 235359 269955 359681 431902 328805 639364 411747 362871 311530 167758 66681 60226 58785 57116 73181 50977 67692 138656 160484 209506 203330 245020
desembarquepred
 350744 77683 441876 56440.1 14545.2 235465 269972 359245 431486 328758 639045 411408 362843 311089 167460 66698.1 60287.3 58728.2 57016.9 73177.8 50973.8 67642.3 138668 160460 209644 203372 244854
Reclutas
 29885.6 40231.3 12366.7 16010 33250 17724.7 56821.3 49396.8 122932 102333 59832.1 63184.7 36818.2 30071.3 17332 8805.88 4727.69 7771.8 13464.3 8970.16 19784.9 37065.3 37689.5 55009.9 10745.3 21567 27619.8
log_desv_Rt
 0.145132 0.4424 -0.737241 -0.479029 0.25181 -0.377284 0.787666 0.647642 1.55939 1.37599 0.839297 0.893817 0.353748 0.151326 -0.399688 -1.07682 -1.69881 -1.20174 -0.652206 -1.05834 -0.267325 0.360436 0.377137 0.755269 -0.877772 -0.181081 0.0662869
SSB
 444388 219111 212666 139257 139355 231605 257858 386547 379030 671034 701134 475239 351008 139965 81091.2 78464.3 58401 44794.8 58028.3 90638 108999 158280 268231 356572 483593 364011 215501
BT
 1.36502e+06 342017 462180 251444 311530 356029 998307 871942 1.42452e+06 1.3761e+06 1.28883e+06 1.00795e+06 692754 395432 236371 136223 108727 116081 137598 164065 271695 286907 447190 657814 646178 559114 420155
Ftot
 1.03437 1.1225 2.29346 0.720056 0.140521 1.55345 1.36003 2.14497 2.1283 0.875354 1.51511 1.41097 1.96446 4.95303 4.21249 1.42148 1.68009 2.12315 1.59626 1.15489 0.657214 0.667706 0.567722 0.603422 0.541784 0.720808 1.80192
BD_Bspro_t
 0.906025 0.609482 0.492276 0.24624 0.354997 0.526875 0.413461 0.470207 0.431392 0.519736 0.490193 0.333232 0.273171 0.144378 0.101557 0.117964 0.124592 0.134842 0.209167 0.344071 0.4116 0.567821 0.65183 0.645047 0.651642 0.515607 0.382229
BD_Bspro
 0.83238 0.410415 0.398343 0.260841 0.261025 0.433817 0.482991 0.724037 0.709958 1.25691 1.31329 0.890166 0.65747 0.262168 0.151891 0.146971 0.10939 0.0839048 0.108692 0.169773 0.204164 0.296474 0.502421 0.667892 0.905813 0.681826 0.403652
BD_Bo
 0.81975 0.404188 0.392299 0.256884 0.257064 0.427235 0.475663 0.713052 0.699186 1.23784 1.29336 0.876659 0.647495 0.25819 0.149587 0.144741 0.107731 0.0826317 0.107043 0.167197 0.201066 0.291975 0.494798 0.657758 0.89207 0.671481 0.397528
BD_Brms
 1.49046 0.734887 0.71327 0.467061 0.46739 0.776791 0.864842 1.29646 1.27125 2.25061 2.35157 1.59393 1.17726 0.469436 0.271976 0.263165 0.195874 0.15024 0.194624 0.303995 0.365575 0.530864 0.899633 1.19592 1.62194 1.22088 0.722778
S_f
 0.0790526 0.619906 0.968738 0.998304 0.999911
 0.0790526 0.619906 0.968738 0.998304 0.999911
 0.0790526 0.619906 0.968738 0.998304 0.999911
 0.0790526 0.619906 0.968738 0.998304 0.999911
 0.0790526 0.619906 0.968738 0.998304 0.999911
 0.0790526 0.619906 0.968738 0.998304 0.999911
 0.0790526 0.619906 0.968738 0.998304 0.999911
 0.0790526 0.619906 0.968738 0.998304 0.999911
 0.0790526 0.619906 0.968738 0.998304 0.999911
 0.0790526 0.619906 0.968738 0.998304 0.999911
 0.0790526 0.619906 0.968738 0.998304 0.999911
 0.0790526 0.619906 0.968738 0.998304 0.999911
 0.0790526 0.619906 0.968738 0.998304 0.999911
 0.0790526 0.619906 0.968738 0.998304 0.999911
 0.0790526 0.619906 0.968738 0.998304 0.999911
 0.0790526 0.619906 0.968738 0.998304 0.999911
 0.0790526 0.619906 0.968738 0.998304 0.999911
 0.0790526 0.619906 0.968738 0.998304 0.999911
 0.0790526 0.619906 0.968738 0.998304 0.999911
 0.0790526 0.619906 0.968738 0.998304 0.999911
 0.0790526 0.619906 0.968738 0.998304 0.999911
 0.0790526 0.619906 0.968738 0.998304 0.999911
 0.0790526 0.619906 0.968738 0.998304 0.999911
 0.0790526 0.619906 0.968738 0.998304 0.999911
 0.0790526 0.619906 0.968738 0.998304 0.999911
 0.0790526 0.619906 0.968738 0.998304 0.999911
 0.0790526 0.619906 0.968738 0.998304 0.999911
Scru_reclas
 0.323464 0.706417 0.923719 0.983856 0.99675
 0.323464 0.706417 0.923719 0.983856 0.99675
 0.323464 0.706417 0.923719 0.983856 0.99675
 0.323464 0.706417 0.923719 0.983856 0.99675
 0.323464 0.706417 0.923719 0.983856 0.99675
 0.323464 0.706417 0.923719 0.983856 0.99675
 0.323464 0.706417 0.923719 0.983856 0.99675
 0.323464 0.706417 0.923719 0.983856 0.99675
 0.323464 0.706417 0.923719 0.983856 0.99675
 0.323464 0.706417 0.923719 0.983856 0.99675
 0.323464 0.706417 0.923719 0.983856 0.99675
 0.323464 0.706417 0.923719 0.983856 0.99675
 0.323464 0.706417 0.923719 0.983856 0.99675
 0.323464 0.706417 0.923719 0.983856 0.99675
 0.323464 0.706417 0.923719 0.983856 0.99675
 0.323464 0.706417 0.923719 0.983856 0.99675
 0.323464 0.706417 0.923719 0.983856 0.99675
 0.323464 0.706417 0.923719 0.983856 0.99675
 0.323464 0.706417 0.923719 0.983856 0.99675
 0.323464 0.706417 0.923719 0.983856 0.99675
 0.323464 0.706417 0.923719 0.983856 0.99675
 0.323464 0.706417 0.923719 0.983856 0.99675
 0.323464 0.706417 0.923719 0.983856 0.99675
 0.323464 0.706417 0.923719 0.983856 0.99675
 0.323464 0.706417 0.923719 0.983856 0.99675
 0.323464 0.706417 0.923719 0.983856 0.99675
 0.323464 0.706417 0.923719 0.983856 0.99675
Scru_pelaces
 0.659394 1 1 1 1
 0.659394 1 1 1 1
 0.659394 1 1 1 1
 0.659394 1 1 1 1
 0.659394 1 1 1 1
 0.659394 1 1 1 1
 0.659394 1 1 1 1
 0.659394 1 1 1 1
 0.659394 1 1 1 1
 0.659394 1 1 1 1
 0.659394 1 1 1 1
 0.659394 1 1 1 1
 0.659394 1 1 1 1
 0.659394 1 1 1 1
 0.659394 1 1 1 1
 0.659394 1 1 1 1
 0.659394 1 1 1 1
 0.659394 1 1 1 1
 0.659394 1 1 1 1
 0.659394 1 1 1 1
 0.659394 1 1 1 1
 0.659394 1 1 1 1
 0.659394 1 1 1 1
 0.659394 1 1 1 1
 0.659394 1 1 1 1
 0.659394 1 1 1 1
 0.659394 1 1 1 1
pf_obs 
 0.256992 0.487395 0.22802 0.0275931 0
 0.321318 0.546541 0.124235 0.00734118 0.000564706
 0.182869 0.594174 0.210203 0.0122559 0.00049798
 0.330522 0.361315 0.267642 0.0388342 0.00168674
 0.649043 0.306663 0.0425973 0.00169635 0
 0.582887 0.30429 0.105238 0.00758474 0
 0.465427 0.430635 0.0974691 0.00646863 0
 0.296916 0.608066 0.0921331 0.00288517 0
 0.311714 0.524322 0.152257 0.0117073 0
 0.15457 0.633149 0.183074 0.0267441 0.00246327
 0.131901 0.49318 0.331252 0.0422183 0.00144891
 0.196976 0.569456 0.194076 0.0375587 0.00193317
 0.518974 0.381816 0.0799577 0.0180837 0.00116848
 0.0928022 0.601141 0.25162 0.0475244 0.00691264
 0.122501 0.610282 0.24278 0.0234846 0.000952079
 0.383417 0.481906 0.127806 0.00687128 0
 0.0376549 0.599619 0.316969 0.0457579 0
 0.0361596 0.667082 0.258105 0.0386534 0
 0.158088 0.579412 0.248529 0.0139706 0
 0.0477256 0.309471 0.559284 0.082774 0.000745712
 0.0406174 0.521527 0.379366 0.0568643 0.0016247
 0.151134 0.462217 0.34131 0.0453401 0
 0.294876 0.26143 0.354403 0.0886775 0.000613685
 0.281977 0.475581 0.204845 0.0348837 0.00271318
 0.0841818 0.532909 0.334909 0.0458182 0.00218182
 0.115287 0.27431 0.454777 0.147771 0.00785563
 0 0 0 0 0
pf_pred 
 0.217257 0.529236 0.22563 0.0278659 1.06843e-05
 0.259041 0.538058 0.162569 0.0360851 0.00424696
 0.098239 0.710802 0.160615 0.0245558 0.00578849
 0.220006 0.46838 0.283305 0.0240994 0.00421007
 0.286169 0.49028 0.162587 0.0556336 0.00533077
 0.12556 0.648568 0.175692 0.0368093 0.0133704
 0.43827 0.349687 0.183264 0.0226833 0.00609562
 0.260025 0.670143 0.0542405 0.0135768 0.0020147
 0.494131 0.419331 0.0832244 0.00261592 0.000697696
 0.222044 0.720365 0.0532763 0.0041613 0.000153815
 0.135485 0.606554 0.247341 0.0098578 0.000762901
 0.211766 0.509306 0.233275 0.0438772 0.00177534
 0.162237 0.64182 0.155988 0.0337214 0.00623268
 0.303117 0.526798 0.151602 0.0149231 0.00356053
 0.310483 0.661807 0.0263412 0.00123953 0.000129806
 0.18697 0.7536 0.0589152 0.000492048 2.24673e-05
 0.133815 0.605325 0.251512 0.00927135 7.6457e-05
 0.334818 0.446659 0.183752 0.0335991 0.00117221
 0.396669 0.534567 0.0578069 0.00931964 0.00163809
 0.179587 0.716209 0.0985225 0.0048221 0.000859584
 0.319222 0.442499 0.221924 0.0155058 0.000849472
 0.317741 0.538121 0.110341 0.0315634 0.0022331
 0.195508 0.623108 0.157569 0.018404 0.0054105
 0.222739 0.49457 0.241906 0.0356118 0.00517411
 0.0394655 0.661914 0.22478 0.0635452 0.0102951
 0.130488 0.205766 0.526223 0.1045 0.0330215
 0.245912 0.481718 0.097906 0.139533 0.0349309
pobs_RECLAS
 0 0 0 0 0
 0 0 0 0 0
 0 0 0 0 0
 0 0 0 0 0
 0.835266 0.146461 0.0176864 0.000547809 3.91292e-05
 0.385257 0.428462 0.181853 0.0044286 0
 0.867414 0.0963971 0.0333333 0.00285562 0
 0.441836 0.489002 0.0689373 0.000224442 0
 0.779404 0.147425 0.0564933 0.0165055 0.000172143
 0.814271 0.122319 0.05973 0.00367925 0
 0.40263 0.566651 0.0304383 0.000280538 0
 0.475488 0.404961 0.113038 0.00651328 0
 0.955842 0.0263864 0.0167828 0.000988607 0
 0.975058 0.0227948 0.00214734 0 0
 0.738997 0.206755 0.0527124 0.00153531 0
 0.850938 0.134255 0.0134407 0.00136685 0
 0.542534 0.407297 0.0501686 0 0
 0.764087 0.199537 0.0359546 0.000420521 0
 0.470689 0.182191 0.310203 0.0369168 0
 0.84361 0.089868 0.0606195 0.00523954 0.000663233
 0.607945 0.314616 0.071237 0.00620181 0
 0.523733 0.453247 0.0230204 0 0
 0.530135 0.295979 0.169645 0.0042399 0
 0.562478 0.366248 0.0663022 0.0049721 0
 0.250443 0.683176 0.0655157 0.000865301 0
 0.195077 0.31981 0.436473 0.0351445 0.0134964
 0.565238 0.351407 0.0832357 0.000118908 0
ppred_RECLAS
 0.527716 0.341057 0.116423 0.0147991 5.73805e-06
 0.583604 0.319817 0.0769244 0.0175643 0.00209038
 0.325451 0.56511 0.0917495 0.0142866 0.00340366
 0.529641 0.304624 0.150231 0.0131763 0.00232797
 0.603431 0.286571 0.0792589 0.0280227 0.0027159
 0.373296 0.49343 0.103015 0.0221315 0.00812765
 0.765805 0.158619 0.065059 0.00826975 0.00224703
 0.596959 0.374435 0.0221132 0.00564581 0.000846803
 0.807701 0.167076 0.024236 0.000777153 0.000209505
 0.519411 0.451349 0.0269871 0.0021716 8.11764e-05
 0.395695 0.454652 0.143335 0.00585969 0.000458499
 0.529438 0.329335 0.117592 0.022706 0.000928921
 0.45421 0.444506 0.080247 0.0177253 0.00331166
 0.742779 0.221232 0.0321228 0.00311655 0.000750169
 0.705846 0.287381 0.00644012 0.00030168 3.18894e-05
 0.474904 0.494701 0.0301248 0.000258262 1.19233e-05
 0.396349 0.454265 0.143907 0.00543395 4.53037e-05
 0.693432 0.225593 0.0678673 0.0126605 0.000446452
 0.725786 0.249466 0.0207163 0.00342362 0.000608394
 0.460511 0.483517 0.052833 0.00265944 0.000479382
 0.648695 0.243725 0.0999762 0.00720448 0.000399175
 0.641023 0.294095 0.0492977 0.0145434 0.00104063
 0.481669 0.417951 0.0868081 0.0104614 0.00311051
 0.529757 0.319687 0.128222 0.0194729 0.00286144
 0.137323 0.627834 0.175319 0.0511437 0.00838025
 0.391512 0.166782 0.347749 0.0712027 0.0227548
 0.586731 0.288313 0.0441942 0.0644506 0.0163109
pobs_PELACES
 0 0 0 0 0
 0 0 0 0 0
 0 0 0 0 0
 0 0 0 0 0
 0 0 0 0 0
 0 0 0 0 0
 0 0 0 0 0
 0 0 0 0 0
 0 0 0 0 0
 0 0 0 0 0
 0.450072 0.473896 0.0757376 0.000293798 0
 0 0 0 0 0
 0.463077 0.371075 0.160297 0.00555027 0
 0.529543 0.364841 0.0842815 0.0213345 0
 0.631943 0.363953 0.00410389 0 0
 0.735681 0.248677 0.0153453 0.000297389 0
 0.695825 0.281241 0.0229344 0 0
 0.275771 0.60734 0.115278 0.00161068 0
 0 0 0 0 0
 0.896147 0.0623911 0.0374545 0.00400742 0
 0.803859 0.145111 0.0509908 3.86294e-05 0
 0.739449 0.233085 0.0266225 0.000797448 4.60066e-05
 0.878498 0.100942 0.0204185 0.000141795 0
 0.694673 0.275183 0.0284847 0.00165964 0
 0.469039 0.446079 0.0841089 0.000773354 0
 0.822795 0.102175 0.0682046 0.00682512 0
 0 0 0 0 0
ppred_PELACES
 0.680349 0.253864 0.0588332 0.00695097 2.65877e-06
 0.727946 0.226722 0.0366488 0.00777102 0.000912345
 0.528939 0.423545 0.0403862 0.0057736 0.00135607
 0.673462 0.236538 0.0821143 0.00671447 0.00117051
 0.707786 0.227633 0.0473747 0.0157044 0.00150223
 0.551376 0.383554 0.0512106 0.0101741 0.00368501
 0.871372 0.0983194 0.0263706 0.00310564 0.000832336
 0.76317 0.226677 0.00799778 0.00187743 0.000277633
 0.903265 0.0887416 0.00770536 0.000227211 6.0391e-05
 0.649714 0.335345 0.0138642 0.00103853 3.83011e-05
 0.575656 0.350477 0.0709754 0.00268423 0.000207147
 0.700162 0.23511 0.0545752 0.00975854 0.000393772
 0.647671 0.309972 0.0341338 0.00694436 0.00127932
 0.916267 0.0782893 0.00491553 0.00042663 0.000101098
 0.881231 0.117471 0.00123963 5.23242e-05 5.44727e-06
 0.631454 0.354416 0.0140137 0.000111243 5.06557e-06
 0.58426 0.344531 0.0687903 0.00239911 1.97254e-05
 0.842126 0.130241 0.023467 0.00402587 0.000139972
 0.839842 0.150761 0.00796722 0.0012171 0.000213306
 0.610094 0.361967 0.0264817 0.0012375 0.000220047
 0.766699 0.177894 0.0517395 0.00347818 0.000190154
 0.754001 0.21323 0.0253121 0.00696542 0.000491777
 0.610764 0.332554 0.0494808 0.00556761 0.00163352
 0.666041 0.250609 0.071711 0.010165 0.0014739
 0.215353 0.620695 0.124537 0.0339292 0.00548604
 0.57548 0.149686 0.219677 0.0419343 0.0132229
 0.763026 0.188761 0.0179825 0.0241927 0.0060376
pobs_pel_tallas
 0 0 0 0 0 0 0 0 0 0 0 0 0 0 0 0 0 0 0 0 0 0 0 0 0 0 0 0 0 0 0 0 0 0 0 0
 0 0 0 0 0 0 0 0 0 0 0 0 0 0 0 0 0 0 0 0 0 0 0 0 0 0 0 0 0 0 0 0 0 0 0 0
 0 0 0 0 0 0 0 0 0 0 0 0 0 0 0 0 0 0 0 0 0 0 0 0 0 0 0 0 0 0 0 0 0 0 0 0
 0 0 0 0 0 0 0 0 0 0 0 0 0 0 0 0 0 0 0 0 0 0 0 0 0 0 0 0 0 0 0 0 0 0 0 0
 0 0 0 0 0 0 0 0 0 0 0 0 0 0 0 0 0 0 0 0 0 0 0 0 0 0 0 0 0 0 0 0 0 0 0 0
 0 0 0 0 0 0 0 0 0 0 0 0 0 0 0 0 0 0 0 0 0 0 0 0 0 0 0 0 0 0 0 0 0 0 0 0
 0 0 0 0 0 0 0 0 0 0 0 0 0 0 0 0 0 0 0 0 0 0 0 0 0 0 0 0 0 0 0 0 0 0 0 0
 0 0 0 0 0 0 0 0 0 0 0 0 0 0 0 0 0 0 0 0 0 0 0 0 0 0 0 0 0 0 0 0 0 0 0 0
 0 0 0 0 0 0 0 0 0 0 0 0 0 0 0 0 0 0 0 0 0 0 0 0 0 0 0 0 0 0 0 0 0 0 0 0
 0 0 0 0 0 0 0 0 0 0 0 0 0 0 0 0 0 0 0 0 0 0 0 0 0 0 0 0 0 0 0 0 0 0 0 0
 0 0 0 0 0 0 0 0 1.78061e-05 0.00172719 0.00360574 0.0105946 0.0120993 0.0124554 0.0147524 0.0171206 0.0266825 0.0428682 0.0675386 0.121331 0.153587 0.119568 0.100827 0.0573624 0.0630603 0.0341343 0.0324427 0.0444173 0.0211091 0.0280891 0.0125444 0.00206551 0 0 0 0
 0 0 0 0 0 0 0 0 0 0 0 0 0 0 0 0 0 0 0 0 0 0 0 0 0 0 0 0 0 0 0 0 0 0 0 0
 0 0 0 0 0 0 0.0133647 0.0140871 0.0187388 0.0205184 0.03894 0.0496705 0.03968 0.0493445 0.0407372 0.0367815 0.0215668 0.0243155 0.0234873 0.0199281 0.019796 0.0243948 0.0301388 0.0376714 0.0412746 0.0863199 0.0771752 0.113111 0.0741005 0.0525337 0.0229764 0.00759418 0.00175318 0 0 0
 0 0 0 0 0 0 0 0 0 0 0.00219441 0.00772107 0.0458388 0.0604681 0.0671733 0.0775358 0.0609151 0.0617685 0.073594 0.0568108 0.0755445 0.0548602 0.0670107 0.0636378 0.0643287 0.046367 0.0373049 0.0286899 0.0247887 0.0153202 0.00654259 0.00121912 0.000365735 0 0 0
 0 0 0 0 0 0 0 0 0 0 0 0 0.000112435 0.00938835 0.0111873 0.0202946 0.0414886 0.0713402 0.111592 0.104902 0.108894 0.110636 0.117776 0.105296 0.107544 0.0401394 0.0192827 0.0124803 0.00416011 0.0028671 0.000618394 0 0 0 0 0
 0 0 0 0 0 0 0 0 0 0 0.00291406 0.0102884 0.027416 0.0768956 0.0749926 0.110853 0.0956884 0.0897413 0.0766577 0.0534642 0.0500743 0.0551293 0.0594112 0.0620874 0.0668451 0.0424026 0.0208742 0.0120726 0.0048766 0.00582813 0.00118941 0.000297354 0 0 0 0
 0 0.00264628 0.0354308 0.0461629 0.0458689 0.0383711 0.0214643 0.0164657 0.0346957 0.0420465 0.0363128 0.0245516 0.0311673 0.0291091 0.0169068 0.0133784 0.00837989 0.0085269 0.0148486 0.0160247 0.0276389 0.0546898 0.0760071 0.122758 0.109233 0.0665981 0.0333725 0.0166128 0.00676272 0.00308733 0.000882094 0 0 0 0 0
 0 0 0 0 0 0 0 0.000805153 0.000690131 0.00759144 0.0133425 0.0154129 0.00931677 0.000345066 0.00356568 0.00563607 0.00851162 0.0253048 0.0502646 0.0516448 0.0657925 0.0565908 0.0611916 0.0827007 0.0866115 0.110766 0.145733 0.0935128 0.0569358 0.0249597 0.0138026 0.00621118 0.00161031 0.00115022 0 0
 0 0 0 0 0 0 0 0 0 0 0 0 0 0 0 0 0 0 0 0 0 0 0 0 0 0 0 0 0 0 0 0 0 0 0 0
 0.00147267 0.00158595 0.00478618 0.00569244 0.00954404 0.0108468 0.00647125 0.017049 0.0510054 0.094081 0.124002 0.0959785 0.0687766 0.0820023 0.061753 0.0591476 0.0492212 0.0479892 0.0443925 0.0268479 0.0217502 0.0140895 0.0121071 0.0120363 0.00920419 0.00665534 0.0049561 0.00860946 0.00930331 0.0156896 0.0114698 0.00855282 0.00243557 0.00046729 0 2.83206e-05
 0 0 0 0 0.000772559 0.00158375 0.000888443 0.00281984 0.00712685 0.0440552 0.0773331 0.111326 0.0921469 0.0852325 0.0710754 0.0886704 0.0786465 0.0553345 0.0373146 0.0185414 0.00753245 0.00457741 0.012979 0.0271748 0.0457355 0.0583668 0.034881 0.0177882 0.00938659 0.00492506 0.0015258 0.00185414 0.000309023 5.79419e-05 3.86279e-05 0
 0 0.00173294 0.00326652 0 0.00397197 0.00683976 0.00946217 0.0152591 0.00757587 0.0136028 0.0228656 0.0392903 0.0559909 0.0764795 0.0681675 0.0726916 0.0566044 0.0477403 0.0527397 0.0444891 0.0609904 0.0582453 0.0661739 0.0445044 0.0529084 0.0360697 0.0280645 0.0235558 0.0158879 0.00826598 0.00280645 0.00217768 0.000904811 0.00058276 9.20147e-05 0
 0 0 0 0 0 0 0 0 0 0 0 0 0 0 0 0 0 0 0 0 0 0 0 0 0 0 0 0 0 0 0 0 0 0 0 0
 0 0 0 0 0 0 0 0 0 0 0 0 0 0 0 0 0 0 0 0 0 0 0 0 0 0 0 0 0 0 0 0 0 0 0 0
 0 0 0 0 0 0 0 0 0 0 0 0 0 0 0 0 0 0 0 0 0 0 0 0 0 0 0 0 0 0 0 0 0 0 0 0
 0 0 0 0 0 0 0 0 0 0 0 0 0 0 0 0 0 0 0 0 0 0 0 0 0 0 0 0 0 0 0 0 0 0 0 0
 0 0 0 0 0 0 0 0 0 0 0 0 0 0 0 0 0 0 0 0 0 0 0 0 0 0 0 0 0 0 0 0 0 0 0 0
ppred_pel_tallas
 1.01157e-16 2.96895e-05 0.000174241 0.000828237 0.00318871 0.00994367 0.025117 0.0513936 0.0851935 0.114421 0.124536 0.109905 0.0787942 0.0462278 0.0228891 0.0108557 0.00692999 0.00732544 0.0097013 0.01298 0.0166338 0.0202508 0.0234128 0.0257273 0.0269054 0.0268265 0.0255628 0.0233526 0.0205343 0.0174651 0.0144493 0.0116969 0.00931546 0.00732861 0.00570663 0.0043966
 1.00904e-16 3.17638e-05 0.000186421 0.00088615 0.0034117 0.0106391 0.0268735 0.0549872 0.0911491 0.122416 0.133226 0.117547 0.0842139 0.0492884 0.0241825 0.0110971 0.0065886 0.00658807 0.00858602 0.0114435 0.0146327 0.0177713 0.0204834 0.022421 0.023332 0.0231182 0.0218558 0.0197705 0.0171765 0.0144019 0.0117228 0.00932569 0.00730009 0.00565629 0.00435466 0.00333463
 1.00974e-16 2.30941e-05 0.000135505 0.000644047 0.00247948 0.00773191 0.0195305 0.0399644 0.0662545 0.089005 0.0969266 0.085666 0.0616929 0.0367513 0.0192305 0.0108433 0.00919751 0.0114114 0.0156607 0.0210049 0.0268184 0.0324674 0.0372631 0.0405611 0.0419017 0.0411197 0.0383836 0.0341448 0.0290214 0.0236524 0.0185725 0.0141369 0.0105076 0.00768709 0.00557627 0.0040326
 1.01529e-16 2.93885e-05 0.000172476 0.000819847 0.00315642 0.00984296 0.0248626 0.0508729 0.08433 0.113261 0.12327 0.108781 0.0779741 0.0457182 0.0225845 0.0106258 0.00667426 0.00698213 0.00923809 0.0123881 0.0159293 0.0194785 0.0226462 0.0250626 0.0264483 0.0266742 0.0257856 0.0239794 0.0215468 0.0188005 0.0160121 0.0133752 0.0109984 0.00892044 0.00713654 0.00562215
 1.01357e-16 3.08848e-05 0.000181261 0.000861616 0.00331724 0.0103445 0.0261294 0.0534648 0.0886257 0.119028 0.129541 0.114301 0.0818995 0.0479569 0.0235726 0.0108915 0.00657071 0.00665928 0.00872109 0.01165 0.0149307 0.018185 0.021038 0.0231397 0.0242329 0.0242111 0.0231392 0.0212298 0.0187831 0.0161143 0.0134899 0.0110909 0.00900706 0.00725411 0.00580257 0.00460497
 1.01374e-16 2.40709e-05 0.000141243 0.000671334 0.00258456 0.00805959 0.0203582 0.0416576 0.0690597 0.0927685 0.101012 0.0892448 0.0642013 0.0381075 0.019688 0.0107044 0.00864077 0.0104793 0.0143223 0.0192189 0.0245753 0.0298138 0.0343112 0.0374824 0.0389057 0.0384214 0.0361682 0.0325379 0.0280725 0.023335 0.0187977 0.0147766 0.0114197 0.00873698 0.00665149 0.00505017
 1.00553e-16 3.80126e-05 0.000223119 0.00106064 0.00408359 0.0127343 0.0321658 0.0658147 0.109092 0.146498 0.159394 0.140536 0.100468 0.0583674 0.0278278 0.011407 0.00490727 0.00340606 0.0038971 0.00508931 0.0065097 0.00793602 0.00919491 0.0101323 0.0106349 0.0106535 0.0102131 0.00940196 0.00834745 0.00718438 0.00602824 0.00495928 0.0040197 0.0032205 0.00255319 0.00200083
 1.00265e-16 3.32996e-05 0.000195438 0.000929018 0.00357676 0.0111538 0.0281736 0.0576473 0.0955582 0.128336 0.139666 0.12322 0.0882594 0.0516178 0.0252532 0.0114645 0.00663176 0.00647978 0.00836979 0.011104 0.0141311 0.0170592 0.0195097 0.0211382 0.0217038 0.0211266 0.0195081 0.0171029 0.0142545 0.0113159 0.00857982 0.00623806 0.00437361 0.00297942 0.00199086 0.0013188
 1.0015e-16 3.94029e-05 0.000231283 0.00109945 0.00423302 0.0132004 0.0333429 0.068223 0.113084 0.151857 0.16522 0.145664 0.104115 0.0604462 0.0287439 0.0116509 0.00480756 0.00310306 0.0034164 0.00440967 0.00559984 0.00677084 0.00776283 0.00843856 0.00870175 0.00851843 0.00792489 0.00701707 0.00592594 0.0047869 0.0037132 0.00278013 0.00202195 0.00143891 0.00100945 0.000702517
 1.00344e-16 2.83568e-05 0.00016641 0.000790992 0.00304528 0.00949637 0.0239873 0.0490826 0.0813652 0.109288 0.118969 0.105041 0.075414 0.0444593 0.0224106 0.0112876 0.00806892 0.00915567 0.0123007 0.0164217 0.020916 0.0252538 0.0288837 0.0312971 0.0321369 0.0312841 0.0288879 0.0253244 0.0211015 0.0167416 0.0126787 0.00919779 0.00642341 0.00434678 0.00287371 0.00187324
 1.01224e-16 2.51283e-05 0.000147454 0.000700869 0.00269828 0.00841425 0.021254 0.0434902 0.0720964 0.0968433 0.105437 0.0931275 0.0669352 0.0396114 0.0202472 0.0106612 0.00820746 0.00972339 0.0132306 0.017761 0.0227435 0.0276445 0.0318919 0.0349458 0.0364115 0.03613 0.0342118 0.0309985 0.0269713 0.0226357 0.0184212 0.0146226 0.0113878 0.00874365 0.00663923 0.00498907
 1.01206e-16 3.05526e-05 0.00017931 0.000852341 0.00328153 0.0102331 0.0258481 0.0528892 0.087672 0.117748 0.128151 0.11308 0.0810375 0.047478 0.0233855 0.0108864 0.00667848 0.00685684 0.00901208 0.0120461 0.01544 0.0188056 0.0217551 0.0239251 0.0250481 0.0250117 0.0238813 0.0218754 0.0193049 0.0164973 0.0137317 0.0111999 0.0090001 0.00715343 0.0056331 0.00439182
 1.00884e-16 2.82668e-05 0.000165883 0.000788493 0.00303567 0.0094664 0.0239115 0.0489275 0.0811074 0.108939 0.118585 0.10469 0.0751359 0.0442432 0.0222061 0.0110298 0.00769576 0.00861441 0.0115516 0.0154459 0.0197254 0.0239005 0.0274627 0.0299392 0.0309919 0.0304966 0.0285718 0.0255422 0.0218539 0.0179692 0.014275 0.0110293 0.00835068 0.0062435 0.0046395 0.00343982
 1.00115e-16 3.99694e-05 0.000234609 0.00111527 0.00429393 0.0133903 0.0338227 0.0692046 0.11471 0.15404 0.167593 0.147749 0.10559 0.0612728 0.0290806 0.0116894 0.00467128 0.00283827 0.00302395 0.00387576 0.00491425 0.00593604 0.00679785 0.00737856 0.00759393 0.00741507 0.00687541 0.00606111 0.00508913 0.00408001 0.00313421 0.00231802 0.00166092 0.00116187 0.000800316 0.000547295
 1.00059e-16 3.84432e-05 0.000225646 0.00107265 0.00412982 0.0128785 0.03253 0.0665599 0.110328 0.148159 0.161204 0.14214 0.101633 0.0590798 0.0282338 0.0116862 0.00519554 0.00378321 0.00440237 0.0057323 0.00727097 0.00876378 0.0100049 0.0108148 0.0110696 0.0107298 0.00985072 0.00856745 0.00706131 0.00551799 0.00409123 0.00288126 0.00193059 0.00123388 0.000755068 0.000444878
 1.00319e-16 2.75614e-05 0.000161738 0.000768777 0.00295974 0.00922961 0.0233135 0.0477042 0.079081 0.106222 0.115639 0.102117 0.0733493 0.0433123 0.0219621 0.0112741 0.00832375 0.00962115 0.0129818 0.0173412 0.0220863 0.0266625 0.0304881 0.0330258 0.0338983 0.0329804 0.0304308 0.0266479 0.0221701 0.0175505 0.0132489 0.00956733 0.00663751 0.00444994 0.00290435 0.0018613
 1.01173e-16 2.55032e-05 0.000149656 0.000711337 0.00273859 0.00853995 0.0215715 0.0441398 0.0731729 0.0982883 0.107007 0.094508 0.0679132 0.0401616 0.0204756 0.010696 0.00813195 0.00956991 0.0130013 0.0174477 0.0223391 0.0271489 0.0313143 0.0343045 0.035732 0.035441 0.033541 0.0303691 0.0263993 0.0221295 0.0179828 0.0142492 0.011074 0.00848313 0.00642565 0.00481653
 1.00521e-16 3.67386e-05 0.000215637 0.00102507 0.0039466 0.0123071 0.0310868 0.0636071 0.105434 0.141589 0.15406 0.135853 0.0971637 0.0565342 0.0271164 0.0113968 0.00533311 0.0041774 0.00502339 0.0066071 0.00843766 0.0102513 0.0118237 0.0129534 0.0134946 0.0133894 0.0126799 0.011494 0.0100108 0.0084175 0.00687262 0.00548366 0.00430335 0.00333931 0.00257079 0.00196485
 1.00215e-16 3.66398e-05 0.000215055 0.00102229 0.00393592 0.0122738 0.0310027 0.0634352 0.105149 0.141208 0.153651 0.135503 0.0969361 0.056448 0.0271611 0.0115624 0.00562694 0.00462218 0.00564551 0.00742271 0.00944038 0.0114035 0.0130539 0.0141614 0.0145644 0.0142082 0.0131583 0.0115816 0.00970448 0.00775965 0.00594082 0.00437548 0.00311969 0.00217044 0.00148697 0.00101234
 1.00547e-16 2.66303e-05 0.000156271 0.000742786 0.00285967 0.00891753 0.0225252 0.0460913 0.076408 0.102633 0.111737 0.0986834 0.0709091 0.0419238 0.0213554 0.0111219 0.00840815 0.00985025 0.0133404 0.0178447 0.0227556 0.0275125 0.0315226 0.0342354 0.0352612 0.0344643 0.0319966 0.0282537 0.0237738 0.0191125 0.0147333 0.0109435 0.00788083 0.00554331 0.00383885 0.00263652
 1.00921e-16 3.34516e-05 0.000196335 0.00093329 0.00359322 0.0112051 0.0283033 0.0579123 0.0959961 0.12892 0.140291 0.123747 0.0885824 0.0516981 0.0250912 0.0110546 0.00593724 0.00543851 0.00691839 0.00920682 0.0118075 0.0144028 0.0166942 0.0184041 0.019326 0.0193693 0.0185767 0.0171064 0.0151876 0.0130641 0.0109461 0.00898105 0.00724832 0.00577126 0.00453759 0.00351902
 1.00692e-16 3.28993e-05 0.000193089 0.000917853 0.00353377 0.0110197 0.027835 0.0569544 0.0944094 0.126792 0.137984 0.121732 0.0871833 0.0509685 0.024899 0.0112435 0.00642408 0.00621781 0.00802255 0.0106649 0.0136156 0.0165061 0.0189811 0.0207145 0.0214727 0.0211688 0.0198822 0.0178335 0.0153266 0.0126769 0.0101483 0.00791708 0.00606477 0.00459535 0.00346387 0.00260493
 1.01079e-16 2.66584e-05 0.000156439 0.000743587 0.00286276 0.00892718 0.0225496 0.0461409 0.0764894 0.10274 0.111848 0.0987658 0.0709359 0.0418747 0.0212114 0.0108562 0.00798173 0.0092174 0.0124596 0.0166932 0.0213446 0.025899 0.0298126 0.0325762 0.0338223 0.03341 0.031457 0.0283011 0.0244112 0.0202755 0.0163055 0.0127783 0.00982618 0.00746214 0.00562334 0.00421441
 1.01518e-16 2.90655e-05 0.000170578 0.000810822 0.00312166 0.00973458 0.0245889 0.0503129 0.0834022 0.112016 0.121919 0.107598 0.0771452 0.0452709 0.0224353 0.010675 0.00686295 0.00729606 0.00968666 0.0129832 0.0166713 0.0203482 0.0236023 0.0260448 0.0273854 0.0274959 0.0264354 0.0244243 0.0217818 0.0188473 0.0159119 0.0131792 0.0107576 0.00867799 0.00692298 0.00545439
 1.03393e-16 9.42846e-06 5.5257e-05 0.000262498 0.00101035 0.00315043 0.00795837 0.0162885 0.0270174 0.0363362 0.0396798 0.0353306 0.0260113 0.0166345 0.0107915 0.00938697 0.011653 0.0165657 0.0234051 0.0316201 0.0405632 0.0493807 0.0570815 0.0627159 0.0655856 0.0654038 0.0623552 0.0570271 0.0502486 0.042888 0.0356797 0.0291224 0.0234621 0.0187394 0.0148684 0.0117113
 1.05226e-16 2.51128e-05 0.000147381 0.000700559 0.00269715 0.00841079 0.021245 0.0434704 0.0720582 0.0967759 0.105321 0.0929248 0.0665711 0.0389593 0.019115 0.00878802 0.00527493 0.00539236 0.00720715 0.00988754 0.0130976 0.0166166 0.0202099 0.0236232 0.0266163 0.028998 0.0306464 0.0315104 0.031595 0.030943 0.0296194 0.0277058 0.0253029 0.0225325 0.0195376 0.0164734
 1.01431e-16 3.32918e-05 0.000195396 0.000928825 0.00357603 0.0111515 0.0281679 0.0576353 0.0955371 0.128305 0.139623 0.123163 0.0881758 0.0514833 0.0250284 0.0110961 0.00605509 0.00562546 0.00717611 0.00953416 0.0121926 0.0148198 0.0171037 0.0187589 0.0195805 0.0194906 0.0185549 0.01696 0.0149625 0.0128258 0.0107666 0.00892497 0.00736032 0.00606871 0.0050094 0.00413021
pSPR Fmed_Fpbrs
0.536092   0.6 0.325
Fs Fmed_Fpbrs
0.64   0.483714 1.73141
SSBpbr Bo_Bmed_Bpbrs
542102  263511  298156 149078
Ro
25848.3
SPR SPRFo_SPRFmed_SPRFpbrs
533877 286207 173510
log_Ro
9.98
likeval ReclasPelacesDesembMPH_pf_preclas_ppelaces_ptallas_desvR_qrecl_qpela
 84.7891 9.72046 0.0780844 105.002 346.909 221.738 59.5548 0 23.7894 2.10548e-05 0.000147784 6.53212e-14 0 0 0
q_reclas_q_pelaces
1.91596 5.63798
M
0.7
N
 29885.6 11698.6 3657.79 443.267 0.169785
 40231.3 13675.5 3059.53 666.863 78.4093
 12366.7 18281.8 3386.39 512.145 120.658
 16010 5122.79 2190.61 182.319 31.8134
 33250 7510.43 1627.97 541.525 51.8102
 17724.7 16329.1 3418.44 705.538 256.072
 56821.3 7784.67 3095.51 376.928 101.203
 49396.8 25340.3 1663.74 411.661 61.0505
 122932 20703.9 3329.14 103.431 27.5694
 102333 51592.9 2748.28 210.336 7.76629
 59832.1 47419.7 14890.8 584.491 45.1976
 63184.7 26357.9 9205.6 1704.04 68.89
 36818.2 28064.9 5458.08 1165.27 215.233
 30071.3 15653.5 4123.65 404.158 96.407
 17332 10094.8 360.697 16.883 1.76752
 8805.88 6169.07 368.126 3.02599 0.138053
 4727.69 3908.09 1269.17 46.1264 0.380101
 7771.8 2055.71 684.922 123.786 4.31599
 13464.3 3263.05 273.752 43.49 7.63819
 8970.16 5893.5 602.378 28.9586 5.15722
 19784.9 4065.78 1430.36 97.719 5.34705
 37065.3 9327.48 1343.39 375.783 26.5549
 37689.5 17459.7 3061.94 349.366 102.581
 55009.9 17894.6 6098.01 877.285 127.306
 10745.3 26044.6 6113.12 1687.76 273.094
 21567 5112.27 9243.83 1796.05 566.882
 27619.8 10116.6 1623.87 2283.44 571.232
pred_Ctot
 1695.49 4130.2 1760.84 217.468 0.0833809
 2469.41 5129.25 1549.76 343.996 40.4858
 1490.22 10782.4 2436.43 372.495 87.8078
 639.189 1360.8 823.093 70.0166 12.2316
 264.329 452.862 150.178 51.3877 4.92393
 1483.56 7663.18 2075.9 434.922 157.978
 4191.42 3344.26 1752.66 216.933 58.2958
 5595.14 14419.9 1167.13 292.141 43.3518
 13824 11731.3 2328.31 73.1838 19.519
 4940.18 16027.1 1185.33 92.5833 3.42218
 4890.76 21895.5 8928.57 355.849 27.5393
 4826.98 11609.1 5317.25 1000.13 40.467
 3842.86 15202.6 3694.85 798.747 147.631
 7165.76 12453.6 3583.92 352.786 84.1719
 3598.58 7670.51 305.301 14.3665 1.50449
 677.489 2730.68 213.48 1.78294 0.0814107
 426.122 1927.61 800.92 29.5238 0.243471
 871.993 1163.27 478.559 87.5047 3.05287
 1156.33 1558.31 168.512 27.1676 4.77519
 565.851 2256.67 310.43 15.1937 2.70842
 722.53 1001.56 502.305 35.096 1.9227
 1374.71 2328.18 477.392 136.559 9.66153
 1192.66 3801.16 961.224 112.27 33.0058
 1847.93 4103.16 2006.95 295.45 42.9266
 324.787 5447.32 1849.86 522.955 84.7249
 861.923 1359.16 3475.9 690.264 218.119
 2658.91 5208.56 1058.61 1508.7 377.689
F
 0.0817692 0.641209 1.00203 1.03261 1.03427
 0.0887364 0.695844 1.08741 1.1206 1.1224
 0.181304 1.42173 2.22176 2.28957 2.29325
 0.0569223 0.446367 0.697546 0.718835 0.719992
 0.0111085 0.0871096 0.136128 0.140282 0.140508
 0.122804 0.962993 1.50489 1.55082 1.55331
 0.107514 0.843088 1.31751 1.35772 1.3599
 0.169566 1.32968 2.07792 2.14134 2.14478
 0.168247 1.31935 2.06176 2.12469 2.12811
 0.069199 0.542637 0.847989 0.87387 0.875276
 0.119773 0.939226 1.46774 1.51254 1.51497
 0.111541 0.874671 1.36686 1.40858 1.41085
 0.155296 1.21778 1.90305 1.96113 1.96428
 0.39155 3.07041 4.79819 4.94463 4.95259
 0.333008 2.61135 4.0808 4.20535 4.21212
 0.112372 0.881183 1.37704 1.41907 1.42135
 0.132816 1.0415 1.62757 1.67724 1.67994
 0.16784 1.31615 2.05677 2.11955 2.12296
 0.126189 0.989532 1.54636 1.59355 1.59612
 0.0912973 0.715925 1.11879 1.15294 1.15479
 0.0519545 0.407411 0.636668 0.6561 0.657155
 0.0527839 0.413915 0.646832 0.666574 0.667646
 0.0448799 0.351934 0.549974 0.566759 0.567671
 0.0477021 0.374065 0.584558 0.602399 0.603368
 0.0428294 0.335855 0.524847 0.540865 0.541736
 0.0569817 0.446833 0.698274 0.719586 0.720743
 0.142446 1.11702 1.74559 1.79886 1.80176
Np
 16475.7 7874.64 4376.41 510.977 56.3268
YTP_r0W_actual
 6124.2 41422 14091.4 25927.1 7207.01
YTP_p0W_proyectada
 3653.2 48701.7 14266.5 1598.12 2561.49
 3653.2 32242.2 37977.1 5801.85 710.653
CTP_r0_actual
 746.854 1917.68 448.771 646.562 161.955
CTP_p0_proyectada
 445.512 2254.71 454.349 39.8535 57.5616
 445.512 1492.69 1209.46 144.685 15.9697
Wmedp
 8.2 21.6 31.4 40.1 44.5
nmprior
 10.8 10.6 4.6 0
nm_flota  nm_reclas  nm_pelaces    nm_pelaL
inf 15.753 10.8564 28.1812
cv_recla  cv_pelaces  cv_mph
0.797445 0.341534 0.410795
 ------------------------------------------------
Talla a la edad & desviaci?n 
 7.2 14.2025 17.0495 18.207 18.6776
 1.08 2.13037 2.55742 2.73105 2.80164
