years
 1997 1998 1999 2000 2001 2002 2003 2004 2005 2006 2007 2008 2009 2010 2011 2012 2013 2014 2015 2016 2017 2018 2019 2020 2021 2022 2023
reclasobs
 0 0 0 370054 412103 1.49427e+06 250295 1.28982e+06 931140 785840 897777 1.04006e+06 184774 17550 25797 100020 73551 82996 120727 218422 84188 347160 605670 569463 516374 1.08416e+06 1.01767e+06
reclaspred
 548042 143552 348659 210581 294975 309767 636797 456303 768828 932204 825404 597327 327752 118001 99087.6 93609.6 68612.1 76079 109868 162729 245524 298076 594356 668172 752968 566394 474228
pelacesobs
 0 0 0 0 0 0 0 0 0 2.06254e+06 1.5e+06 0 1.87456e+06 323000 250000 174000 83755 137374 0 501740 490994 745055 786931 1.00524e+06 1.33801e+06 1.41789e+06 0
pelacespred
 2.22196e+06 422396 643818 593309 756059 516787 1.7241e+06 1.22086e+06 2.31928e+06 2.44896e+06 1.75349e+06 1.35118e+06 715008 241981 216110 186245 134797 170569 239479 329771 647003 674039 1.06674e+06 1.45492e+06 1.44102e+06 1.16775e+06 1.01594e+06
mphobs
 0 0 0 0 0 0 112323 0 153150 637223 0 255016 313432 73983 77613 109348 50772 17779 17303 59886 28197 0 207744 136588 643089 65757 70829
mphpred
 189772 106735 114614 100061 101544 145466 179025 234278 242742 401626 405703 282436 177742 105028 60314.6 59383.8 41510.6 36295.7 23279 35236.3 50721.6 73471 118558 167200 189348 148000 107442
desembarqueobs
 350755 77701 442110 56441 14545 235359 269955 359681 431902 328805 639364 411747 362871 311530 167758 66681 60226 58785 57116 73181 50977 67692 138656 160484 209506 203330 245020
desembarquepred
 350767 77705.6 442175 56449.7 14545.9 235626 270055 359556 431718 328850 639537 411733 363302 311786 167577 66726.8 60332.4 58778.4 57060 73201.2 50981.7 67668.2 138682 160497 209682 203467 245029
Reclutas
 36723.7 41567.5 19556.4 23195.9 35496.9 23506 57778.8 58441.7 137241 109195 62968 52630.9 34423.3 30649.1 18091.9 9047.95 5147.14 9286.8 16190.8 13110.8 26201.8 49346.5 51094.2 62110.6 15713.9 24345.1 66156.6
log_desv_Rt
 0.171177 0.295075 -0.45894 -0.288271 0.1372 -0.274987 0.624378 0.635784 1.48949 1.26089 0.710382 0.531058 0.106488 -0.00964208 -0.536783 -1.22971 -1.7938 -1.20365 -0.647798 -0.85881 -0.166418 0.466621 0.501426 0.696672 -0.677699 -0.239916 0.75978
SSB
 402061 226134 242828 211995 215137 308193 365494 487983 499019 832182 859545 598384 391145 156176 92841.7 90911.4 69154.9 57585.5 79607.2 127371 171385 241167 400517 538048 672684 548355 372917
BT
 1.5048e+06 350186 583669 368765 406739 453234 1.12939e+06 1.04331e+06 1.66335e+06 1.59302e+06 1.47733e+06 1.07823e+06 722749 412009 251766 150711 122961 139736 173793 227543 386975 411348 640293 890061 889212 776942 754438
Ftot
 1.23976 1.07619 1.92335 0.450815 0.0873215 1.04776 0.834893 1.54372 1.46726 0.660404 1.13747 1.01711 1.6011 4.19682 3.43252 1.14921 1.34002 1.49092 1.06721 0.759647 0.389442 0.408583 0.360581 0.379968 0.367116 0.453545 0.896117
BD_Bspro_t
 0.896588 0.618408 0.526515 0.327732 0.451821 0.595921 0.497059 0.532711 0.50416 0.576489 0.54692 0.389393 0.298254 0.162814 0.118545 0.138738 0.148614 0.170998 0.270715 0.429341 0.527043 0.669895 0.739098 0.735283 0.725362 0.621443 0.526252
BD_Bspro
 0.62904 0.353795 0.379914 0.331673 0.336589 0.48218 0.571829 0.763468 0.780734 1.30198 1.34479 0.936195 0.611961 0.244343 0.145254 0.142234 0.108195 0.0900947 0.124548 0.199276 0.268139 0.377315 0.626623 0.841796 1.05244 0.857922 0.583442
BD_Bo
 0.564966 0.317758 0.341216 0.297889 0.302305 0.433065 0.513583 0.685702 0.701209 1.16936 1.20781 0.840835 0.549627 0.219455 0.130459 0.127746 0.0971747 0.0809177 0.111862 0.178978 0.240826 0.338882 0.562796 0.756051 0.945239 0.770535 0.524013
BD_Brms
 1.02721 0.577742 0.620393 0.541617 0.549645 0.787392 0.933788 1.24673 1.27493 2.12611 2.19602 1.52879 0.999322 0.399009 0.237198 0.232266 0.176681 0.147123 0.203386 0.325415 0.437866 0.616149 1.02327 1.37464 1.71862 1.40097 0.952752
S_f
 0.0837964 0.634736 0.970603 0.998408 0.999916
 0.0837964 0.634736 0.970603 0.998408 0.999916
 0.0837964 0.634736 0.970603 0.998408 0.999916
 0.0837964 0.634736 0.970603 0.998408 0.999916
 0.0837964 0.634736 0.970603 0.998408 0.999916
 0.0837964 0.634736 0.970603 0.998408 0.999916
 0.0837964 0.634736 0.970603 0.998408 0.999916
 0.0837964 0.634736 0.970603 0.998408 0.999916
 0.0837964 0.634736 0.970603 0.998408 0.999916
 0.0837964 0.634736 0.970603 0.998408 0.999916
 0.0837964 0.634736 0.970603 0.998408 0.999916
 0.0837964 0.634736 0.970603 0.998408 0.999916
 0.0837964 0.634736 0.970603 0.998408 0.999916
 0.0837964 0.634736 0.970603 0.998408 0.999916
 0.0837964 0.634736 0.970603 0.998408 0.999916
 0.0837964 0.634736 0.970603 0.998408 0.999916
 0.0837964 0.634736 0.970603 0.998408 0.999916
 0.0837964 0.634736 0.970603 0.998408 0.999916
 0.0837964 0.634736 0.970603 0.998408 0.999916
 0.0837964 0.634736 0.970603 0.998408 0.999916
 0.0837964 0.634736 0.970603 0.998408 0.999916
 0.0837964 0.634736 0.970603 0.998408 0.999916
 0.0837964 0.634736 0.970603 0.998408 0.999916
 0.0837964 0.634736 0.970603 0.998408 0.999916
 0.0837964 0.634736 0.970603 0.998408 0.999916
 0.0837964 0.634736 0.970603 0.998408 0.999916
 0.0837964 0.634736 0.970603 0.998408 0.999916
Scru_reclas
 0.484077 0.825235 0.959619 0.991708 0.998341
 0.484077 0.825235 0.959619 0.991708 0.998341
 0.484077 0.825235 0.959619 0.991708 0.998341
 0.484077 0.825235 0.959619 0.991708 0.998341
 0.484077 0.825235 0.959619 0.991708 0.998341
 0.484077 0.825235 0.959619 0.991708 0.998341
 0.484077 0.825235 0.959619 0.991708 0.998341
 0.484077 0.825235 0.959619 0.991708 0.998341
 0.484077 0.825235 0.959619 0.991708 0.998341
 0.484077 0.825235 0.959619 0.991708 0.998341
 0.484077 0.825235 0.959619 0.991708 0.998341
 0.484077 0.825235 0.959619 0.991708 0.998341
 0.484077 0.825235 0.959619 0.991708 0.998341
 0.484077 0.825235 0.959619 0.991708 0.998341
 0.484077 0.825235 0.959619 0.991708 0.998341
 0.484077 0.825235 0.959619 0.991708 0.998341
 0.484077 0.825235 0.959619 0.991708 0.998341
 0.484077 0.825235 0.959619 0.991708 0.998341
 0.484077 0.825235 0.959619 0.991708 0.998341
 0.484077 0.825235 0.959619 0.991708 0.998341
 0.484077 0.825235 0.959619 0.991708 0.998341
 0.484077 0.825235 0.959619 0.991708 0.998341
 0.484077 0.825235 0.959619 0.991708 0.998341
 0.484077 0.825235 0.959619 0.991708 0.998341
 0.484077 0.825235 0.959619 0.991708 0.998341
 0.484077 0.825235 0.959619 0.991708 0.998341
 0.484077 0.825235 0.959619 0.991708 0.998341
Scru_pelaces
 0.874525 1 1 1 1
 0.874525 1 1 1 1
 0.874525 1 1 1 1
 0.874525 1 1 1 1
 0.874525 1 1 1 1
 0.874525 1 1 1 1
 0.874525 1 1 1 1
 0.874525 1 1 1 1
 0.874525 1 1 1 1
 0.874525 1 1 1 1
 0.874525 1 1 1 1
 0.874525 1 1 1 1
 0.874525 1 1 1 1
 0.874525 1 1 1 1
 0.874525 1 1 1 1
 0.874525 1 1 1 1
 0.874525 1 1 1 1
 0.874525 1 1 1 1
 0.874525 1 1 1 1
 0.874525 1 1 1 1
 0.874525 1 1 1 1
 0.874525 1 1 1 1
 0.874525 1 1 1 1
 0.874525 1 1 1 1
 0.874525 1 1 1 1
 0.874525 1 1 1 1
 0.874525 1 1 1 1
pf_obs 
 0.256992 0.487395 0.22802 0.0275931 0
 0.321318 0.546541 0.124235 0.00734118 0.000564706
 0.182869 0.594174 0.210203 0.0122559 0.00049798
 0.330522 0.361315 0.267642 0.0388342 0.00168674
 0.649043 0.306663 0.0425973 0.00169635 0
 0.582887 0.30429 0.105238 0.00758474 0
 0.465427 0.430635 0.0974691 0.00646863 0
 0.296916 0.608066 0.0921331 0.00288517 0
 0.311714 0.524322 0.152257 0.0117073 0
 0.15457 0.633149 0.183074 0.0267441 0.00246327
 0.131901 0.49318 0.331252 0.0422183 0.00144891
 0.196976 0.569456 0.194076 0.0375587 0.00193317
 0.518974 0.381816 0.0799577 0.0180837 0.00116848
 0.0928022 0.601141 0.25162 0.0475244 0.00691264
 0.122501 0.610282 0.24278 0.0234846 0.000952079
 0.383417 0.481906 0.127806 0.00687128 0
 0.0376549 0.599619 0.316969 0.0457579 0
 0.0361596 0.667082 0.258105 0.0386534 0
 0.158088 0.579412 0.248529 0.0139706 0
 0.0477256 0.309471 0.559284 0.082774 0.000745712
 0.0406174 0.521527 0.379366 0.0568643 0.0016247
 0.151134 0.462217 0.34131 0.0453401 0
 0.294876 0.26143 0.354403 0.0886775 0.000613685
 0.281977 0.475581 0.204845 0.0348837 0.00271318
 0.0841818 0.532909 0.334909 0.0458182 0.00218182
 0.115287 0.27431 0.454777 0.147771 0.00785563
 0 0 0 0 0
pf_pred 
 0.312405 0.468695 0.195715 0.0231712 1.32533e-05
 0.259114 0.608159 0.107265 0.0228834 0.00257918
 0.136953 0.66316 0.179399 0.0167051 0.00378338
 0.210852 0.511615 0.245651 0.0287997 0.0030826
 0.216781 0.502356 0.21082 0.0622381 0.00780444
 0.127186 0.565354 0.225502 0.0619591 0.0199997
 0.332256 0.384233 0.220173 0.0470223 0.0163154
 0.250615 0.619281 0.0923676 0.0295806 0.00815518
 0.434931 0.442844 0.111334 0.00785807 0.0030326
 0.197831 0.709072 0.0821462 0.0100232 0.000927869
 0.119191 0.569088 0.289675 0.0195406 0.00250608
 0.149522 0.485346 0.28396 0.0756816 0.00549029
 0.147886 0.550363 0.215635 0.0676428 0.0184732
 0.294338 0.504405 0.161107 0.0291655 0.0109834
 0.289767 0.670256 0.0367915 0.00261018 0.000575083
 0.17014 0.740714 0.0876796 0.00136 0.000106322
 0.126705 0.564672 0.29043 0.0179077 0.000285384
 0.315394 0.423177 0.205689 0.0526108 0.00312854
 0.360417 0.538785 0.0779179 0.0182099 0.00466978
 0.188018 0.669858 0.12935 0.00997799 0.00279637
 0.279732 0.450414 0.240661 0.0266632 0.00252872
 0.293421 0.514861 0.139901 0.0463762 0.00543993
 0.185387 0.597331 0.176916 0.0297234 0.0106423
 0.178722 0.490264 0.270063 0.0499318 0.0110192
 0.0436077 0.575543 0.268708 0.0920502 0.0200904
 0.102484 0.21676 0.48341 0.140595 0.0567511
 0.320481 0.347714 0.11462 0.15579 0.0613949
pobs_RECLAS
 0 0 0 0 0
 0 0 0 0 0
 0 0 0 0 0
 0 0 0 0 0
 0.835266 0.146461 0.0176864 0.000547809 3.91292e-05
 0.385257 0.428462 0.181853 0.0044286 0
 0.867414 0.0963971 0.0333333 0.00285562 0
 0.441836 0.489002 0.0689373 0.000224442 0
 0.779404 0.147425 0.0564933 0.0165055 0.000172143
 0.814271 0.122319 0.05973 0.00367925 0
 0.40263 0.566651 0.0304383 0.000280538 0
 0.475488 0.404961 0.113038 0.00651328 0
 0.955842 0.0263864 0.0167828 0.000988607 0
 0.975058 0.0227948 0.00214734 0 0
 0.738997 0.206755 0.0527124 0.00153531 0
 0.850938 0.134255 0.0134407 0.00136685 0
 0.542534 0.407297 0.0501686 0 0
 0.764087 0.199537 0.0359546 0.000420521 0
 0.470689 0.182191 0.310203 0.0369168 0
 0.84361 0.089868 0.0606195 0.00523954 0.000663233
 0.607945 0.314616 0.071237 0.00620181 0
 0.523733 0.453247 0.0230204 0 0
 0.530135 0.295979 0.169645 0.0042399 0
 0.562478 0.366248 0.0663022 0.0049721 0
 0.250443 0.683176 0.0655157 0.000865301 0
 0.195077 0.31981 0.436473 0.0351445 0.0134964
 0.565238 0.351407 0.0832357 0.000118908 0
ppred_RECLAS
 0.70265 0.222609 0.0668288 0.00790762 4.54504e-06
 0.632641 0.317058 0.0406434 0.00867479 0.000982564
 0.461616 0.446826 0.082215 0.0076114 0.00173175
 0.569771 0.305709 0.110165 0.0129606 0.00139433
 0.574386 0.298695 0.0951464 0.0282154 0.00355638
 0.429622 0.408533 0.118644 0.0326197 0.0105814
 0.720941 0.180699 0.0763331 0.016332 0.00569517
 0.630775 0.321745 0.0337252 0.0107712 0.00298371
 0.798281 0.168786 0.0300011 0.00211299 0.00081936
 0.53734 0.421485 0.0363178 0.00444309 0.000413389
 0.413562 0.419919 0.154735 0.010439 0.00134538
 0.481304 0.334872 0.142922 0.0381229 0.00277933
 0.48596 0.371607 0.101846 0.031848 0.00873891
 0.760135 0.198897 0.0329866 0.00579232 0.0021884
 0.711566 0.278885 0.00880221 0.000611301 0.000135189
 0.498595 0.461249 0.0394948 0.000612617 4.81288e-05
 0.435003 0.406441 0.14922 0.00918944 0.000147156
 0.714637 0.198751 0.0681747 0.0173974 0.0010395
 0.733753 0.234353 0.0246463 0.00576299 0.00148518
 0.527061 0.408734 0.058417 0.0045161 0.00127203
 0.658749 0.235201 0.0945351 0.0105124 0.00100209
 0.667691 0.25957 0.0530201 0.0176396 0.00207971
 0.523145 0.374246 0.0834668 0.0140763 0.00506577
 0.521384 0.317279 0.131517 0.0244068 0.00541377
 0.185498 0.543414 0.191003 0.0656775 0.0144079
 0.388899 0.181864 0.304367 0.0888296 0.0360392
 0.714854 0.167494 0.040565 0.0552176 0.0218693
pobs_PELACES
 0 0 0 0 0
 0 0 0 0 0
 0 0 0 0 0
 0 0 0 0 0
 0 0 0 0 0
 0 0 0 0 0
 0 0 0 0 0
 0 0 0 0 0
 0 0 0 0 0
 0 0 0 0 0
 0.450072 0.473896 0.0757376 0.000293798 0
 0 0 0 0 0
 0.463077 0.371075 0.160297 0.00555027 0
 0.529543 0.364841 0.0842815 0.0213345 0
 0.631943 0.363953 0.00410389 0 0
 0.735681 0.248677 0.0153453 0.000297389 0
 0.695825 0.281241 0.0229344 0 0
 0.275771 0.60734 0.115278 0.00161068 0
 0 0 0 0 0
 0.896147 0.0623911 0.0374545 0.00400742 0
 0.803859 0.145111 0.0509908 3.86294e-05 0
 0.739449 0.233085 0.0266225 0.000797448 4.60066e-05
 0.878498 0.100942 0.0204185 0.000141795 0
 0.694673 0.275183 0.0284847 0.00165964 0
 0.469039 0.446079 0.0841089 0.000773354 0
 0.822795 0.102175 0.0682046 0.00682512 0
 0 0 0 0 0
ppred_PELACES
 0.825007 0.139938 0.031489 0.00356463 2.03397e-06
 0.763581 0.211069 0.0206515 0.00422326 0.000474921
 0.656814 0.300606 0.0384334 0.00338277 0.000763806
 0.693683 0.230005 0.0678036 0.00768691 0.000821296
 0.681894 0.234105 0.0635112 0.0182101 0.00227992
 0.593378 0.312828 0.0695616 0.0183292 0.00590314
 0.829525 0.119819 0.0396804 0.00815248 0.00282281
 0.777806 0.200994 0.0152685 0.00465232 0.00127919
 0.889648 0.0966295 0.0125534 0.000844092 0.000324904
 0.665392 0.310477 0.0213824 0.00251598 0.000232456
 0.581458 0.322028 0.0899588 0.00581158 0.000743605
 0.645177 0.25026 0.08206 0.0209837 0.00151887
 0.672156 0.25769 0.0508591 0.0151649 0.00413022
 0.91675 0.0750198 0.00671968 0.00109864 0.000411459
 0.87438 0.123153 0.00228489 0.000148787 3.26297e-05
 0.650754 0.327664 0.0212419 0.000315485 2.46066e-05
 0.612415 0.300822 0.081868 0.00481895 7.66051e-05
 0.842457 0.119844 0.0299669 0.00729919 0.000432911
 0.837089 0.147703 0.0118681 0.00265913 0.00068037
 0.662637 0.300219 0.0339195 0.00251978 0.000704751
 0.765903 0.170886 0.056571 0.00606548 0.000574238
 0.770834 0.186613 0.0313286 0.0100479 0.00117654
 0.644956 0.28984 0.0534118 0.0086874 0.00310509
 0.649541 0.24743 0.0845635 0.0151326 0.00333368
 0.278787 0.512437 0.148716 0.0493158 0.0107447
 0.543433 0.156967 0.214836 0.0604191 0.0243444
 0.830186 0.110858 0.0209056 0.0273106 0.0107399
pobs_pel_tallas
 0 0 0 0 0 0 0 0 0 0 0 0 0 0 0 0 0 0 0 0 0 0 0 0 0 0 0 0 0 0 0 0 0 0 0 0
 0 0 0 0 0 0 0 0 0 0 0 0 0 0 0 0 0 0 0 0 0 0 0 0 0 0 0 0 0 0 0 0 0 0 0 0
 0 0 0 0 0 0 0 0 0 0 0 0 0 0 0 0 0 0 0 0 0 0 0 0 0 0 0 0 0 0 0 0 0 0 0 0
 0 0 0 0 0 0 0 0 0 0 0 0 0 0 0 0 0 0 0 0 0 0 0 0 0 0 0 0 0 0 0 0 0 0 0 0
 0 0 0 0 0 0 0 0 0 0 0 0 0 0 0 0 0 0 0 0 0 0 0 0 0 0 0 0 0 0 0 0 0 0 0 0
 0 0 0 0 0 0 0 0 0 0 0 0 0 0 0 0 0 0 0 0 0 0 0 0 0 0 0 0 0 0 0 0 0 0 0 0
 0 0 0 0 0 0 0 0 0 0 0 0 0 0 0 0 0 0 0 0 0 0 0 0 0 0 0 0 0 0 0 0 0 0 0 0
 0 0 0 0 0 0 0 0 0 0 0 0 0 0 0 0 0 0 0 0 0 0 0 0 0 0 0 0 0 0 0 0 0 0 0 0
 0 0 0 0 0 0 0 0 0 0 0 0 0 0 0 0 0 0 0 0 0 0 0 0 0 0 0 0 0 0 0 0 0 0 0 0
 0 0 0 0 0 0 0 0 0 0 0 0 0 0 0 0 0 0 0 0 0 0 0 0 0 0 0 0 0 0 0 0 0 0 0 0
 0 0 0 0 0 0 0 0 1.78061e-05 0.00172719 0.00360574 0.0105946 0.0120993 0.0124554 0.0147524 0.0171206 0.0266825 0.0428682 0.0675386 0.121331 0.153587 0.119568 0.100827 0.0573624 0.0630603 0.0341343 0.0324427 0.0444173 0.0211091 0.0280891 0.0125444 0.00206551 0 0 0 0
 0 0 0 0 0 0 0 0 0 0 0 0 0 0 0 0 0 0 0 0 0 0 0 0 0 0 0 0 0 0 0 0 0 0 0 0
 0 0 0 0 0 0 0.0133647 0.0140871 0.0187388 0.0205184 0.03894 0.0496705 0.03968 0.0493445 0.0407372 0.0367815 0.0215668 0.0243155 0.0234873 0.0199281 0.019796 0.0243948 0.0301388 0.0376714 0.0412746 0.0863199 0.0771752 0.113111 0.0741005 0.0525337 0.0229764 0.00759418 0.00175318 0 0 0
 0 0 0 0 0 0 0 0 0 0 0.00219441 0.00772107 0.0458388 0.0604681 0.0671733 0.0775358 0.0609151 0.0617685 0.073594 0.0568108 0.0755445 0.0548602 0.0670107 0.0636378 0.0643287 0.046367 0.0373049 0.0286899 0.0247887 0.0153202 0.00654259 0.00121912 0.000365735 0 0 0
 0 0 0 0 0 0 0 0 0 0 0 0 0.000112435 0.00938835 0.0111873 0.0202946 0.0414886 0.0713402 0.111592 0.104902 0.108894 0.110636 0.117776 0.105296 0.107544 0.0401394 0.0192827 0.0124803 0.00416011 0.0028671 0.000618394 0 0 0 0 0
 0 0 0 0 0 0 0 0 0 0 0.00291406 0.0102884 0.027416 0.0768956 0.0749926 0.110853 0.0956884 0.0897413 0.0766577 0.0534642 0.0500743 0.0551293 0.0594112 0.0620874 0.0668451 0.0424026 0.0208742 0.0120726 0.0048766 0.00582813 0.00118941 0.000297354 0 0 0 0
 0 0.00264628 0.0354308 0.0461629 0.0458689 0.0383711 0.0214643 0.0164657 0.0346957 0.0420465 0.0363128 0.0245516 0.0311673 0.0291091 0.0169068 0.0133784 0.00837989 0.0085269 0.0148486 0.0160247 0.0276389 0.0546898 0.0760071 0.122758 0.109233 0.0665981 0.0333725 0.0166128 0.00676272 0.00308733 0.000882094 0 0 0 0 0
 0 0 0 0 0 0 0 0.000805153 0.000690131 0.00759144 0.0133425 0.0154129 0.00931677 0.000345066 0.00356568 0.00563607 0.00851162 0.0253048 0.0502646 0.0516448 0.0657925 0.0565908 0.0611916 0.0827007 0.0866115 0.110766 0.145733 0.0935128 0.0569358 0.0249597 0.0138026 0.00621118 0.00161031 0.00115022 0 0
 0 0 0 0 0 0 0 0 0 0 0 0 0 0 0 0 0 0 0 0 0 0 0 0 0 0 0 0 0 0 0 0 0 0 0 0
 0.00147267 0.00158595 0.00478618 0.00569244 0.00954404 0.0108468 0.00647125 0.017049 0.0510054 0.094081 0.124002 0.0959785 0.0687766 0.0820023 0.061753 0.0591476 0.0492212 0.0479892 0.0443925 0.0268479 0.0217502 0.0140895 0.0121071 0.0120363 0.00920419 0.00665534 0.0049561 0.00860946 0.00930331 0.0156896 0.0114698 0.00855282 0.00243557 0.00046729 0 2.83206e-05
 0 0 0 0 0.000772559 0.00158375 0.000888443 0.00281984 0.00712685 0.0440552 0.0773331 0.111326 0.0921469 0.0852325 0.0710754 0.0886704 0.0786465 0.0553345 0.0373146 0.0185414 0.00753245 0.00457741 0.012979 0.0271748 0.0457355 0.0583668 0.034881 0.0177882 0.00938659 0.00492506 0.0015258 0.00185414 0.000309023 5.79419e-05 3.86279e-05 0
 0 0.00173294 0.00326652 0 0.00397197 0.00683976 0.00946217 0.0152591 0.00757587 0.0136028 0.0228656 0.0392903 0.0559909 0.0764795 0.0681675 0.0726916 0.0566044 0.0477403 0.0527397 0.0444891 0.0609904 0.0582453 0.0661739 0.0445044 0.0529084 0.0360697 0.0280645 0.0235558 0.0158879 0.00826598 0.00280645 0.00217768 0.000904811 0.00058276 9.20147e-05 0
 0 0 0 0 0 0 0 0 0 0 0 0 0 0 0 0 0 0 0 0 0 0 0 0 0 0 0 0 0 0 0 0 0 0 0 0
 0 0 0 0 0 0 0 0 0 0 0 0 0 0 0 0 0 0 0 0 0 0 0 0 0 0 0 0 0 0 0 0 0 0 0 0
 0 0 0 0 0 0 0 0 0 0 0 0 0 0 0 0 0 0 0 0 0 0 0 0 0 0 0 0 0 0 0 0 0 0 0 0
 0 0 0 0 0 0 0 0 0 0 0 0 0 0 0 0 0 0 0 0 0 0 0 0 0 0 0 0 0 0 0 0 0 0 0 0
 0 0 0 0 0 0 0 0 0 0 0 0 0 0 0 0 0 0 0 0 0 0 0 0 0 0 0 0 0 0 0 0 0 0 0 0
ppred_pel_tallas
 1.00616e-16 3.59925e-05 0.000211256 0.00100423 0.00386639 0.012057 0.030455 0.0623145 0.103292 0.138713 0.150935 0.133105 0.0952142 0.0554332 0.0266508 0.0113093 0.00545488 0.0044411 0.00542242 0.00715695 0.00915393 0.011139 0.012873 0.0141382 0.0147758 0.0147199 0.014011 0.0127816 0.0112192 0.00952148 0.00785685 0.00634126 0.00503384 0.00394699 0.0030635 0.00235325
 1.0053e-16 3.33169e-05 0.000195542 0.000929512 0.00357866 0.0111597 0.0281886 0.0576779 0.0956085 0.128402 0.139734 0.123273 0.0882801 0.0515956 0.0251788 0.0113244 0.00640628 0.00614498 0.00790387 0.0104951 0.0133855 0.0162072 0.0186075 0.0202641 0.0209473 0.0205743 0.0192282 0.0171328 0.0145947 0.0119313 0.00940768 0.00720023 0.0053894 0.00397666 0.00291332 0.00212943
 1.00796e-16 2.86651e-05 0.000168223 0.000799616 0.0030785 0.00959996 0.0242489 0.0496177 0.0822512 0.110474 0.120253 0.106155 0.0761705 0.0448191 0.0224336 0.0110415 0.00757641 0.0083943 0.01123 0.0150133 0.0191773 0.0232441 0.0267195 0.0291438 0.0301868 0.0297256 0.0278723 0.024939 0.0213566 0.0175728 0.0139637 0.0107817 0.00814553 0.00606338 0.00447295 0.00328145
 1.01341e-16 3.02699e-05 0.000177651 0.000844453 0.00325116 0.0101384 0.0256089 0.0523998 0.0868606 0.116658 0.126964 0.112032 0.080285 0.0470341 0.0231616 0.0107742 0.00660089 0.00677456 0.00891097 0.0119265 0.0153126 0.0186906 0.0216811 0.0239262 0.0251588 0.0252604 0.0242842 0.0224321 0.0199967 0.0172899 0.0145799 0.0120548 0.00981585 0.00789314 0.0062721 0.00491858
 1.01711e-16 2.9756e-05 0.000174633 0.000830107 0.00319592 0.00996615 0.0251738 0.0515095 0.0853852 0.114677 0.12481 0.110136 0.0789368 0.046265 0.0228216 0.0106813 0.00663264 0.00687716 0.00907226 0.0121507 0.0156067 0.0190594 0.0221248 0.0244412 0.0257387 0.0258981 0.0249736 0.0231691 0.0207788 0.0181144 0.0154418 0.0129448 0.0107191 0.00878996 0.00713965 0.00573373
 1.01996e-16 2.58995e-05 0.000151985 0.000722418 0.00278126 0.00867304 0.0219076 0.0448273 0.0743116 0.0998146 0.108661 0.0959481 0.0689043 0.0406599 0.0205684 0.0104842 0.00766087 0.00882678 0.0119458 0.0160449 0.020585 0.0250873 0.0290438 0.0319742 0.033524 0.0335443 0.0321213 0.0295432 0.0262191 0.0225787 0.0189858 0.0156884 0.0128103 0.0103748 0.00834409 0.00665617
 1.01015e-16 3.61888e-05 0.00021241 0.00100972 0.00388753 0.0121229 0.0306215 0.0626551 0.103856 0.139469 0.151752 0.133815 0.0956983 0.0556671 0.0266739 0.0111666 0.00516263 0.00398675 0.00478103 0.00630948 0.00810182 0.00991401 0.0115407 0.0127944 0.0135342 0.0136948 0.0132985 0.0124431 0.0112728 0.00994205 0.00858357 0.00729066 0.0061142 0.00507116 0.0041581 0.00336358
 1.00502e-16 3.39368e-05 0.000199182 0.000946819 0.00364531 0.0113675 0.0287136 0.0587519 0.0973883 0.130791 0.142331 0.125555 0.0898965 0.052504 0.0255542 0.0113781 0.00627522 0.00588166 0.00751072 0.00995753 0.0126911 0.0153556 0.0176144 0.019161 0.0197787 0.019391 0.0180801 0.0160624 0.0136328 0.0110951 0.00870268 0.00662247 0.00492884 0.00361997 0.00264585 0.00193637
 1.00255e-16 3.88094e-05 0.000227798 0.00108288 0.00416923 0.0130014 0.0328404 0.0671949 0.11138 0.149569 0.162734 0.143478 0.102564 0.0595707 0.0283739 0.0115819 0.00490518 0.00331369 0.00373455 0.00484726 0.00616862 0.00747402 0.00859153 0.0093714 0.00970727 0.00955948 0.00896398 0.00802105 0.00686915 0.00565218 0.0044911 0.00346714 0.00261858 0.00194817 0.001436 0.00105234
 1.00503e-16 2.90395e-05 0.00017042 0.00081006 0.00311871 0.00972535 0.0245656 0.0502658 0.0833257 0.111918 0.121825 0.107545 0.0771723 0.0454173 0.0227486 0.0112211 0.00772784 0.00857562 0.0114654 0.0153057 0.0195123 0.0235899 0.0270274 0.0293526 0.0302315 0.0295484 0.0274342 0.0242283 0.0203927 0.0164034 0.0126575 0.00941752 0.00680067 0.00480405 0.00334787 0.00231932
 1.01617e-16 2.53802e-05 0.000148935 0.000707916 0.00272543 0.0084989 0.0214678 0.0439274 0.0728204 0.0978131 0.106486 0.0940374 0.0675531 0.039905 0.0202651 0.0104587 0.00780274 0.00909771 0.0123505 0.0166027 0.0213127 0.0259895 0.0301079 0.0331683 0.0347986 0.0348371 0.0333641 0.0306695 0.0271714 0.0233138 0.0194788 0.0159333 0.0128199 0.0101783 0.00798313 0.00617963
 1.02039e-16 2.81557e-05 0.000165237 0.00078543 0.0030239 0.00942969 0.0238188 0.0487372 0.0807905 0.108509 0.118105 0.104237 0.0747475 0.0438884 0.0217962 0.010449 0.00682373 0.0073389 0.00978307 0.0131395 0.0169081 0.0206926 0.0240849 0.0266963 0.0282328 0.0285581 0.0277187 0.0259193 0.0234617 0.020669 0.017819 0.0151075 0.0126415 0.0104571 0.00854775 0.00688977
 1.01521e-16 2.93323e-05 0.000172144 0.000818267 0.00315033 0.00982396 0.0248147 0.0507749 0.0841681 0.113045 0.12304 0.108588 0.0778583 0.0456954 0.0226563 0.0107967 0.0069603 0.00740807 0.0098276 0.0131517 0.0168535 0.0205181 0.0237234 0.0260739 0.0272801 0.0272232 0.0259795 0.0237923 0.0210046 0.0179753 0.0150073 0.0123055 0.00997008 0.00801658 0.00640851 0.00508888
 1.00177e-16 3.99903e-05 0.000234733 0.00111586 0.00429619 0.0133973 0.0338405 0.069241 0.11477 0.154121 0.16768 0.147824 0.10564 0.0612943 0.0290768 0.0116638 0.00462384 0.00276579 0.00292216 0.0037418 0.00474874 0.0057446 0.00659156 0.0071733 0.00740831 0.00726756 0.00678114 0.00602929 0.0051217 0.00417168 0.00327389 0.00249109 0.0018517 0.00135579 0.000985449 0.000715107
 1.0008e-16 3.81447e-05 0.000223893 0.00106432 0.00409772 0.0127784 0.0322772 0.0660427 0.109471 0.147008 0.159954 0.141042 0.100856 0.0586448 0.0280572 0.0116673 0.00526953 0.0039259 0.00461347 0.00601909 0.00763868 0.00921064 0.0105202 0.0113792 0.0116573 0.0113126 0.0104021 0.00906667 0.00749538 0.00588212 0.0043876 0.00311676 0.00211445 0.00137569 0.000863483 0.000527121
 1.00421e-16 2.84019e-05 0.000166675 0.000792254 0.00305014 0.00951153 0.0240256 0.0491609 0.0814948 0.109461 0.119156 0.105202 0.0755206 0.0445042 0.0224002 0.0112288 0.00796124 0.00899197 0.0120718 0.0161223 0.0205488 0.0248331 0.0284364 0.0308603 0.031753 0.0309936 0.0287221 0.0252995 0.021216 0.0169773 0.0130049 0.00957748 0.00681959 0.00472768 0.00321601 0.0021632
 1.0143e-16 2.67292e-05 0.000156857 0.000745582 0.00287045 0.00895117 0.0226101 0.0462646 0.0766936 0.103012 0.112137 0.0990048 0.0710724 0.0418851 0.021088 0.0105855 0.00753368 0.00854935 0.0115307 0.015482 0.0198659 0.0242159 0.0280396 0.0308704 0.0323615 0.0323631 0.0309526 0.0284031 0.0251079 0.0214844 0.0178911 0.0145784 0.0116795 0.00923041 0.00720547 0.00555124
 1.00736e-16 3.67526e-05 0.00021572 0.00102546 0.00394813 0.0123119 0.0310988 0.0636318 0.105474 0.141642 0.154116 0.135898 0.0971838 0.0565228 0.0270678 0.0113027 0.00518068 0.00395048 0.00470692 0.00619247 0.00792822 0.0096665 0.0112007 0.0123443 0.01296 0.0129886 0.0124608 0.0114848 0.0102153 0.0088158 0.00742554 0.00614061 0.00501057 0.0040472 0.00323904 0.00256507
 1.0034e-16 3.65197e-05 0.00021435 0.00101894 0.00392302 0.0122336 0.030901 0.0632273 0.104805 0.140745 0.153147 0.135057 0.0966147 0.0562561 0.02706 0.0115047 0.00557808 0.00456334 0.00556859 0.00732627 0.00932838 0.0112854 0.0129448 0.0140803 0.0145324 0.0142446 0.0132771 0.0117889 0.00999684 0.00812463 0.0063589 0.00482305 0.00357243 0.00260633 0.00188841 0.00136734
 1.00699e-16 2.89189e-05 0.000169713 0.000806702 0.00310578 0.00968505 0.0244638 0.0500574 0.08298 0.111453 0.121317 0.107092 0.0768386 0.045203 0.0226084 0.0110987 0.00757792 0.00836808 0.0111827 0.014942 0.0190757 0.0231049 0.0265358 0.0289095 0.0298982 0.0293819 0.0274764 0.0244981 0.0208817 0.0170781 0.0134654 0.0102967 0.00768921 0.00564853 0.00410852 0.00297209
 1.01095e-16 3.34167e-05 0.00019613 0.000932319 0.00358948 0.0111935 0.0282738 0.057852 0.0958959 0.128785 0.140142 0.123612 0.0884789 0.0516229 0.0250273 0.0109803 0.00583274 0.00528787 0.00671006 0.00893528 0.0114759 0.0140257 0.0162979 0.0180251 0.0190064 0.01915 0.0184904 0.0171717 0.015406 0.0134202 0.011411 0.00951771 0.00781749 0.00633661 0.0050695 0.00399651
 1.00906e-16 3.36322e-05 0.000197395 0.000938327 0.00361261 0.0112656 0.028456 0.0582249 0.0965143 0.129617 0.14105 0.12442 0.0890711 0.051997 0.0252615 0.0111713 0.00605655 0.00559271 0.00712185 0.0094605 0.0120992 0.0147065 0.0169703 0.018604 0.0193998 0.0192752 0.0182907 0.0166287 0.014544 0.0123024 0.0101277 0.00817049 0.00650303 0.00513389 0.00403205 0.00315052
 1.01297e-16 2.81476e-05 0.000165186 0.000785179 0.00302292 0.00942664 0.0238111 0.0487218 0.080766 0.108479 0.118081 0.104236 0.0747899 0.0439999 0.0220114 0.0108153 0.00740085 0.00819239 0.0109703 0.0146915 0.0188093 0.0228663 0.0263875 0.0289281 0.0301639 0.029965 0.0284239 0.0258231 0.0225585 0.0190444 0.0156307 0.0125549 0.00993283 0.00778134 0.00605479 0.00468141
 1.01957e-16 2.83459e-05 0.000166353 0.000790739 0.00304434 0.00949344 0.0239798 0.0490666 0.0813365 0.109242 0.118901 0.104937 0.0752442 0.0441687 0.0219144 0.0104708 0.0067921 0.00727145 0.00968217 0.0130023 0.0167322 0.0204785 0.0238371 0.0264226 0.0279433 0.0282633 0.0274276 0.0256378 0.0231926 0.0204118 0.0175721 0.014869 0.0124108 0.0102353 0.0083377 0.00669537
 1.04475e-16 1.21901e-05 7.14802e-05 0.000339647 0.00130743 0.00407688 0.0102984 0.0210755 0.0349489 0.0469773 0.0512313 0.0454528 0.033111 0.0204836 0.0121109 0.00903734 0.010146 0.014029 0.0197575 0.0267476 0.034436 0.0421207 0.048988 0.0542499 0.0573125 0.0579071 0.0561399 0.0524404 0.0474344 0.0417854 0.0360594 0.0306477 0.0257556 0.0214408 0.0176738 0.0143935
 1.06315e-16 2.37156e-05 0.000139178 0.00066156 0.002547 0.00794252 0.0200622 0.0410503 0.0680472 0.0913907 0.099465 0.0877682 0.0628997 0.0368569 0.0181703 0.00850134 0.00530765 0.00559247 0.00753659 0.0103554 0.0137254 0.0174248 0.0212135 0.0248309 0.0280316 0.0306209 0.0324749 0.0335397 0.0338161 0.0333385 0.0321599 0.0303478 0.0279885 0.0251938 0.0221026 0.0188733
 1.01774e-16 3.62171e-05 0.000212578 0.00101052 0.00389061 0.0121326 0.0306458 0.0627047 0.103938 0.139578 0.151869 0.133912 0.0957559 0.0556765 0.0266331 0.0110711 0.00500067 0.0037398 0.00442826 0.00583363 0.00749529 0.00918451 0.010715 0.011919 0.0126725 0.0129208 0.0126874 0.0120624 0.0111737 0.010153 0.00910741 0.00810455 0.00717263 0.00631133 0.00550706 0.00474608
pSPR Fmed_Fpbrs
0.531862   0.6 0.325
Fs Fmed_Fpbrs
0.64   0.475709 1.68513
SSBpbr Bo_Bmed_Bpbrs
711655  342919  391410 195705
Ro
30946
SPR SPRFo_SPRFmed_SPRFpbrs
639166 339948 207729
log_Ro
10.16
likeval ReclasPelacesDesembMPH_pf_preclas_ppelaces_ptallas_desvR_qrecl_qpela
 74.7941 10.5562 0.0554716 121.777 341.871 220.725 58.9786 0 21.6743 6.27169e-07 8.29406e-05 4.57883e-14 0 0 0
q_reclas_q_pelaces
1.11876 3.65347
M
0.7
N
 36723.7 9602.96 3052.99 355.637 0.20324
 41567.5 16437 2170.91 455.118 51.2487
 19556.4 18861.8 4122.39 379.307 85.8512
 23195.9 8265.87 2763.01 316.519 33.8371
 35496.9 11091.7 3083.26 885.82 110.918
 23506 17498.7 5211 1406.68 453.634
 57778.8 10691.6 4468.59 935.95 324.413
 58441.7 26753.4 3125.27 986.811 271.855
 137241 25499.8 4986.86 346.866 133.76
 109195 60267.1 4989.55 596.114 55.1218
 62968 51305.4 19680 1305.2 167.241
 52630.9 28426.2 12376.5 3239.98 234.82
 34423.3 24000.4 7401.71 2290.08 624.963
 30649.1 14947.8 4313.71 776.999 292.532
 18091.9 10707.3 517.21 36.4562 8.02941
 9047.95 6738.45 601.807 9.17827 0.716898
 5147.14 4080.58 1613.47 97.9557 1.55978
 9286.8 2284.51 865.61 218.222 12.9668
 16190.8 4070.07 440.349 101.124 25.9083
 13110.8 7352.33 1026.61 77.6125 21.7279
 26201.8 6109.1 2254.31 243.886 23.1007
 49346.5 12593.7 2369.28 767.09 89.8667
 51094.2 23679.9 4825.19 791.373 282.984
 62110.6 24617.5 9353.54 1688.55 372.161
 15713.9 29876.6 9604.93 3212.2 700.181
 24345.1 7566.9 11752.4 3339.94 1346.51
 66156.6 11638.6 2817.64 3757.83 1479.43
pred_Ctot
 2621.68 3933.25 1642.43 194.451 0.111221
 2591.34 6082.06 1072.73 228.852 25.7938
 2113.05 10231.9 2767.97 257.745 58.3739
 619.773 1503.83 722.059 84.6531 9.06091
 186.192 431.471 181.073 53.456 6.70319
 1428.15 6348.28 2532.12 695.729 224.573
 2819.07 3260.07 1868.08 398.966 138.43
 5138.06 12696.4 1893.7 606.454 167.196
 11500.1 11709.3 2943.79 207.777 80.1855
 4241.25 15201.6 1761.11 214.885 19.8923
 4139.73 19765.5 10061 678.684 87.041
 3107.6 10087.2 5901.72 1572.94 114.108
 3132.4 11657.3 4567.38 1432.75 391.282
 6668.48 11427.7 3650.02 660.768 248.838
 3306.5 7648.22 419.824 29.7844 6.56221
 600.721 2615.27 309.574 4.80179 0.375396
 395.723 1763.57 907.065 55.9289 0.891306
 790.057 1060.05 515.247 131.789 7.83694
 1001.25 1496.76 216.458 50.5874 12.9728
 583.636 2079.34 401.523 30.9732 8.68036
 606.148 975.996 521.486 57.7761 5.47945
 1196.84 2100.07 570.645 189.165 22.189
 1095.57 3530.01 1045.51 175.655 62.8924
 1402.39 3846.99 2119.12 391.804 86.4648
 342.965 4526.53 2113.33 723.955 158.007
 654.353 1383.99 3086.53 897.684 362.351
 3456.78 3750.52 1236.32 1680.38 662.218
F
 0.103888 0.786923 1.20332 1.23779 1.23966
 0.0901812 0.6831 1.04456 1.07448 1.0761
 0.161169 1.22082 1.86681 1.92028 1.92318
 0.0377766 0.286148 0.437562 0.450097 0.450777
 0.00731722 0.0554261 0.0847545 0.0871825 0.0873142
 0.0877989 0.665054 1.01696 1.0461 1.04768
 0.069961 0.529937 0.81035 0.833565 0.834823
 0.129358 0.979854 1.49834 1.54126 1.54359
 0.122951 0.931325 1.42413 1.46493 1.46714
 0.0553395 0.419182 0.64099 0.659353 0.660349
 0.0953162 0.721996 1.10404 1.13566 1.13738
 0.0852305 0.645599 0.987214 1.0155 1.01703
 0.134166 1.01627 1.55403 1.59855 1.60096
 0.351678 2.66387 4.07344 4.19014 4.19647
 0.287632 2.17874 3.33161 3.42705 3.43223
 0.0962992 0.729442 1.11542 1.14738 1.14911
 0.112289 0.85056 1.30063 1.33789 1.33991
 0.124934 0.946341 1.44709 1.48855 1.49079
 0.0894284 0.677397 1.03584 1.06551 1.06712
 0.0636557 0.482176 0.737316 0.758438 0.759584
 0.0326338 0.247193 0.377994 0.388822 0.389409
 0.0342378 0.259342 0.396572 0.407933 0.408549
 0.0302153 0.228874 0.349981 0.360007 0.36055
 0.0318399 0.241179 0.368798 0.379363 0.379936
 0.030763 0.233022 0.356324 0.366531 0.367085
 0.0380054 0.287882 0.440213 0.452824 0.453507
 0.0750914 0.568798 0.869774 0.894691 0.896042
Np
 21178.9 10106.2 11189.6 1024.09 236.962
YTP_r0W_actual
 15281.1 47943.9 24159.4 42101.1 18416
YTP_p0W_proyectada
 4892 125542 28058.7 6568.98 11419
 4892 41631.3 95943.2 11473.4 2949.71
CTP_r0_actual
 1863.55 2219.63 769.408 1049.9 413.842
CTP_p0_proyectada
 596.585 5812.14 893.589 163.815 256.608
 596.585 1927.38 3055.52 286.12 66.2856
Wmedp
 8.2 21.6 31.4 40.1 44.5
nmprior
 10.8 10.6 4.6 0
nm_flota  nm_reclas  nm_pelaces    nm_pelaL
inf 15.2891 10.7767 27.892
cv_recla  cv_pelaces  cv_mph
0.74897 0.355913 0.442395
 ------------------------------------------------
Talla a la edad & desviaci?n 
 7.2 14.2025 17.0495 18.207 18.6776
 1.08 2.13037 2.55742 2.73105 2.80164
