years
 1997 1998 1999 2000 2001 2002 2003 2004 2005 2006 2007 2008 2009 2010 2011 2012 2013 2014 2015 2016 2017 2018 2019 2020 2021 2022 2023
reclasobs
 0 0 0 370054 412103 1.49427e+06 250295 1.28982e+06 931140 785840 897777 1.04006e+06 184774 17550 25797 100020 73551 82996 120727 218422 84188 347160 605670 569463 516374 1.08416e+06 1.01767e+06
reclaspred
 515285 138477 389533 236811 290055 300896 625164 456986 798259 852236 720166 497348 282804 128931 100008 84786.3 66232.1 84384.6 118621 173836 266459 319031 608624 677369 717954 556696 541436
pelacesobs
 0 0 0 0 0 0 0 0 0 2.06254e+06 1.5e+06 0 1.87456e+06 323000 250000 174000 83755 137374 0 501740 490994 745055 786931 1.00524e+06 1.33801e+06 1.41789e+06 0
pelacespred
 1.94715e+06 415093 707839 671988 728219 555624 1.53947e+06 1.20786e+06 2.1773e+06 2.14675e+06 1.57006e+06 1.13291e+06 638491 242334 198861 169971 139313 183083 252589 359654 679229 712430 1.11775e+06 1.51768e+06 1.49722e+06 1.29945e+06 1.21196e+06
mphobs
 0 0 0 0 0 0 112323 0 153150 637223 0 255016 313432 73983 77613 109348 50772 17779 17303 59886 28197 0 207744 136588 643089 65757 70829
mphpred
 173849 105487 121592 128070 116926 152254 194234 233702 248014 391784 390879 276999 167596 110794 58116.4 53720.2 41100.6 39866.5 22617.6 34073.9 51067.5 71320.5 115852 164244 183903 153021 117834
desembarqueobs
 350755 77701 442110 56441 14545 235359 269955 359681 431902 328805 639364 411747 362871 311530 167758 66681 60226 58785 57116 73181 50977 67692 138656 160484 209506 203330 245020
desembarquepred
 350771 77708.3 442208 56447.6 14545.7 235586 270028 359681 431790 328859 639638 411888 363494 311875 167705 66735.6 60331.8 58793.8 57087.7 73198.1 50978.4 67676.5 138671 160489 209625 203427 245033
Reclutas
 46232.5 52665.7 27636.8 31844.2 45459.8 31712.5 66159 75142.8 172980 127872 65375.4 45251.2 36396.9 30012.7 19288.4 10453.1 6595.21 12065.3 22126.7 20418.7 38242.3 75438.4 76902 87110 22964.6 34166.1 95279.8
log_desv_Rt
 0.161438 0.291719 -0.353095 -0.211388 0.144584 -0.215533 0.519816 0.647146 1.48093 1.17879 0.507902 0.139984 -0.0777619 -0.270625 -0.712739 -1.32535 -1.7859 -1.18191 -0.57546 -0.655793 -0.028302 0.651072 0.670287 0.794927 -0.538293 -0.141011 0.884573
SSB
 538861 326968 376886 396965 362422 471925 584060 714870 750734 1.19087e+06 1.21157e+06 858584 535455 252934 136913 127369 103348 95925.5 130199 205563 291896 397463 662236 899683 1.09865e+06 943649 684554
BT
 1.91098e+06 476838 827481 619325 617377 652649 1.4695e+06 1.39994e+06 2.20216e+06 2.09331e+06 1.87256e+06 1.31781e+06 885152 494662 302949 196210 168564 199863 256830 354605 606952 653234 1.01922e+06 1.39641e+06 1.41037e+06 1.26581e+06 1.22296e+06
Ftot
 0.603887 0.484377 0.778371 0.172536 0.0392307 0.48791 0.364874 0.674949 0.598075 0.29629 0.570882 0.529534 0.849755 1.70449 1.36885 0.520109 0.626859 0.592302 0.416996 0.310448 0.161183 0.172752 0.15319 0.168981 0.171473 0.225135 0.363873
BD_Bspro_t
 0.930133 0.701553 0.638878 0.471048 0.576373 0.695117 0.61132 0.629447 0.607193 0.660223 0.632983 0.477666 0.369083 0.246369 0.168438 0.18849 0.212392 0.262903 0.384381 0.553146 0.656389 0.770627 0.823345 0.821627 0.809542 0.735868 0.670511
BD_Bspro
 0.663181 0.402402 0.463837 0.488549 0.446036 0.580803 0.718808 0.879797 0.923935 1.46562 1.49109 1.05667 0.658989 0.311288 0.1685 0.156755 0.127191 0.118056 0.160238 0.252988 0.35924 0.489161 0.81502 1.10725 1.35212 1.16136 0.842487
BD_Bo
 0.406446 0.246621 0.284273 0.299418 0.273363 0.355958 0.440538 0.539203 0.566254 0.898237 0.913845 0.647602 0.403876 0.19078 0.103269 0.0960706 0.0779518 0.0723535 0.0982052 0.155049 0.220168 0.299794 0.499503 0.678602 0.828679 0.711764 0.516337
BD_Brms
 0.738992 0.448403 0.51686 0.544396 0.497024 0.647196 0.800977 0.98037 1.02955 1.63316 1.66154 1.17746 0.734321 0.346872 0.187762 0.174674 0.141731 0.131552 0.178555 0.281908 0.400306 0.545079 0.908187 1.23382 1.50669 1.29412 0.938794
S_f
 0.164408 1 1 1 1
 0.164408 1 1 1 1
 0.164408 1 1 1 1
 0.164408 1 1 1 1
 0.164408 1 1 1 1
 0.164408 1 1 1 1
 0.164408 1 1 1 1
 0.164408 1 1 1 1
 0.164408 1 1 1 1
 0.164408 1 1 1 1
 0.164408 1 1 1 1
 0.164408 1 1 1 1
 0.164408 1 1 1 1
 0.164408 1 1 1 1
 0.164408 1 1 1 1
 0.164408 1 1 1 1
 0.164408 1 1 1 1
 0.164408 1 1 1 1
 0.164408 1 1 1 1
 0.164408 1 1 1 1
 0.164408 1 1 1 1
 0.164408 1 1 1 1
 0.164408 1 1 1 1
 0.164408 1 1 1 1
 0.164408 1 1 1 1
 0.164408 1 1 1 1
 0.164408 1 1 1 1
Scru_reclas
 0.78747 1 1 1 1
 0.78747 1 1 1 1
 0.78747 1 1 1 1
 0.78747 1 1 1 1
 0.78747 1 1 1 1
 0.78747 1 1 1 1
 0.78747 1 1 1 1
 0.78747 1 1 1 1
 0.78747 1 1 1 1
 0.78747 1 1 1 1
 0.78747 1 1 1 1
 0.78747 1 1 1 1
 0.78747 1 1 1 1
 0.78747 1 1 1 1
 0.78747 1 1 1 1
 0.78747 1 1 1 1
 0.78747 1 1 1 1
 0.78747 1 1 1 1
 0.78747 1 1 1 1
 0.78747 1 1 1 1
 0.78747 1 1 1 1
 0.78747 1 1 1 1
 0.78747 1 1 1 1
 0.78747 1 1 1 1
 0.78747 1 1 1 1
 0.78747 1 1 1 1
 0.78747 1 1 1 1
Scru_pelaces
 1 1 1 1 1
 1 1 1 1 1
 1 1 1 1 1
 1 1 1 1 1
 1 1 1 1 1
 1 1 1 1 1
 1 1 1 1 1
 1 1 1 1 1
 1 1 1 1 1
 1 1 1 1 1
 1 1 1 1 1
 1 1 1 1 1
 1 1 1 1 1
 1 1 1 1 1
 1 1 1 1 1
 1 1 1 1 1
 1 1 1 1 1
 1 1 1 1 1
 1 1 1 1 1
 1 1 1 1 1
 1 1 1 1 1
 1 1 1 1 1
 1 1 1 1 1
 1 1 1 1 1
 1 1 1 1 1
 1 1 1 1 1
 1 1 1 1 1
pf_obs 
 0.256992 0.487395 0.22802 0.0275931 0
 0.321318 0.546541 0.124235 0.00734118 0.000564706
 0.182869 0.594174 0.210203 0.0122559 0.00049798
 0.330522 0.361315 0.267642 0.0388342 0.00168674
 0.649043 0.306663 0.0425973 0.00169635 0
 0.582887 0.30429 0.105238 0.00758474 0
 0.465427 0.430635 0.0974691 0.00646863 0
 0.296916 0.608066 0.0921331 0.00288517 0
 0.311714 0.524322 0.152257 0.0117073 0
 0.15457 0.633149 0.183074 0.0267441 0.00246327
 0.131901 0.49318 0.331252 0.0422183 0.00144891
 0.196976 0.569456 0.194076 0.0375587 0.00193317
 0.518974 0.381816 0.0799577 0.0180837 0.00116848
 0.0928022 0.601141 0.25162 0.0475244 0.00691264
 0.122501 0.610282 0.24278 0.0234846 0.000952079
 0.383417 0.481906 0.127806 0.00687128 0
 0.0376549 0.599619 0.316969 0.0457579 0
 0.0361596 0.667082 0.258105 0.0386534 0
 0.158088 0.579412 0.248529 0.0139706 0
 0.0477256 0.309471 0.559284 0.082774 0.000745712
 0.0406174 0.521527 0.379366 0.0568643 0.0016247
 0.151134 0.462217 0.34131 0.0453401 0
 0.294876 0.26143 0.354403 0.0886775 0.000613685
 0.281977 0.475581 0.204845 0.0348837 0.00271318
 0.0841818 0.532909 0.334909 0.0458182 0.00218182
 0.115287 0.27431 0.454777 0.147771 0.00785563
 0 0 0 0 0
pf_pred 
 0.359706 0.453446 0.167266 0.0195717 9.92206e-06
 0.288425 0.58434 0.0901058 0.0332379 0.00389112
 0.156488 0.638694 0.168194 0.0259357 0.0106871
 0.223642 0.484541 0.22096 0.0581877 0.0126698
 0.244292 0.495218 0.162577 0.0741381 0.0237747
 0.155364 0.563338 0.184336 0.0605163 0.0364463
 0.333132 0.391034 0.183969 0.0601987 0.0316651
 0.282866 0.561932 0.0910064 0.0428157 0.0213797
 0.446411 0.426176 0.0998384 0.0161691 0.0114056
 0.206718 0.688527 0.0806451 0.0188924 0.00521794
 0.12281 0.566793 0.269409 0.031555 0.00943393
 0.138168 0.456337 0.262009 0.124539 0.0189478
 0.177467 0.458879 0.192553 0.110556 0.0605446
 0.260849 0.493197 0.137215 0.0575775 0.0511627
 0.267882 0.615791 0.0776186 0.0215946 0.0171134
 0.180767 0.670867 0.124793 0.0157297 0.00784434
 0.15179 0.537337 0.254573 0.0473549 0.00894562
 0.329751 0.400022 0.171188 0.0811033 0.0179366
 0.38283 0.493691 0.0736952 0.0315376 0.0182459
 0.23104 0.631981 0.109573 0.0163564 0.0110493
 0.319786 0.462202 0.179176 0.0310656 0.00776992
 0.350329 0.490663 0.108045 0.0418843 0.00907821
 0.222746 0.606771 0.128757 0.0283524 0.0133733
 0.210497 0.514785 0.214461 0.0455087 0.0147478
 0.0573635 0.600678 0.22297 0.0928898 0.026099
 0.13599 0.24748 0.392873 0.145833 0.0778245
 0.359959 0.330152 0.0887621 0.140909 0.0802178
pobs_RECLAS
 0 0 0 0 0
 0 0 0 0 0
 0 0 0 0 0
 0 0 0 0 0
 0.835266 0.146461 0.0176864 0.000547809 3.91292e-05
 0.385257 0.428462 0.181853 0.0044286 0
 0.867414 0.0963971 0.0333333 0.00285562 0
 0.441836 0.489002 0.0689373 0.000224442 0
 0.779404 0.147425 0.0564933 0.0165055 0.000172143
 0.814271 0.122319 0.05973 0.00367925 0
 0.40263 0.566651 0.0304383 0.000280538 0
 0.475488 0.404961 0.113038 0.00651328 0
 0.955842 0.0263864 0.0167828 0.000988607 0
 0.975058 0.0227948 0.00214734 0 0
 0.738997 0.206755 0.0527124 0.00153531 0
 0.850938 0.134255 0.0134407 0.00136685 0
 0.542534 0.407297 0.0501686 0 0
 0.764087 0.199537 0.0359546 0.000420521 0
 0.470689 0.182191 0.310203 0.0369168 0
 0.84361 0.089868 0.0606195 0.00523954 0.000663233
 0.607945 0.314616 0.071237 0.00620181 0
 0.523733 0.453247 0.0230204 0 0
 0.530135 0.295979 0.169645 0.0042399 0
 0.562478 0.366248 0.0663022 0.0049721 0
 0.250443 0.683176 0.0655157 0.000865301 0
 0.195077 0.31981 0.436473 0.0351445 0.0134964
 0.565238 0.351407 0.0832357 0.000118908 0
ppred_RECLAS
 0.737539 0.185871 0.0685633 0.00802255 4.06712e-06
 0.667302 0.273209 0.0421291 0.0155404 0.0018193
 0.48574 0.38939 0.102542 0.0158121 0.00651554
 0.582105 0.260817 0.118937 0.0313211 0.00681988
 0.608055 0.256843 0.08432 0.0384515 0.0123307
 0.476573 0.349105 0.114234 0.0375024 0.022586
 0.709979 0.170061 0.0800084 0.0261804 0.0137712
 0.665187 0.262353 0.0424887 0.0199896 0.00998166
 0.80125 0.153006 0.0358441 0.00580505 0.00409484
 0.559571 0.382269 0.044774 0.010489 0.00289699
 0.411124 0.3805 0.18086 0.0211835 0.0063332
 0.443349 0.294745 0.16923 0.0804385 0.0122383
 0.52543 0.264756 0.111096 0.0637866 0.034932
 0.671604 0.219121 0.0609628 0.025581 0.022731
 0.667756 0.279454 0.0352242 0.0097999 0.00776625
 0.522737 0.390829 0.0727009 0.00916372 0.0045699
 0.472883 0.333926 0.158204 0.0294286 0.00555923
 0.710836 0.17258 0.073855 0.0349902 0.00773831
 0.753225 0.197402 0.029467 0.0126103 0.00729563
 0.594553 0.333223 0.0577742 0.00862418 0.00582592
 0.69435 0.207687 0.0805117 0.0139591 0.00349136
 0.722804 0.209352 0.0460996 0.0178709 0.00387342
 0.58056 0.32744 0.0694829 0.0153002 0.00721681
 0.563122 0.284861 0.118674 0.0251827 0.00816084
 0.227348 0.492359 0.182762 0.0761391 0.0213926
 0.432993 0.162409 0.257823 0.095703 0.0510724
 0.733746 0.137341 0.0369245 0.0586175 0.0333702
pobs_PELACES
 0 0 0 0 0
 0 0 0 0 0
 0 0 0 0 0
 0 0 0 0 0
 0 0 0 0 0
 0 0 0 0 0
 0 0 0 0 0
 0 0 0 0 0
 0 0 0 0 0
 0 0 0 0 0
 0.450072 0.473896 0.0757376 0.000293798 0
 0 0 0 0 0
 0.463077 0.371075 0.160297 0.00555027 0
 0.529543 0.364841 0.0842815 0.0213345 0
 0.631943 0.363953 0.00410389 0 0
 0.735681 0.248677 0.0153453 0.000297389 0
 0.695825 0.281241 0.0229344 0 0
 0.275771 0.60734 0.115278 0.00161068 0
 0 0 0 0 0
 0.896147 0.0623911 0.0374545 0.00400742 0
 0.803859 0.145111 0.0509908 3.86294e-05 0
 0.739449 0.233085 0.0266225 0.000797448 4.60066e-05
 0.878498 0.100942 0.0204185 0.000141795 0
 0.694673 0.275183 0.0284847 0.00165964 0
 0.469039 0.446079 0.0841089 0.000773354 0
 0.822795 0.102175 0.0682046 0.00682512 0
 0 0 0 0 0
ppred_PELACES
 0.808248 0.135796 0.0500919 0.00586122 2.97141e-06
 0.744312 0.209969 0.0323774 0.0119433 0.00139818
 0.597848 0.304504 0.0801882 0.0123651 0.00509516
 0.649747 0.2186 0.0996858 0.0262513 0.00571599
 0.66572 0.219055 0.0719143 0.0327943 0.0105165
 0.569471 0.287145 0.09396 0.0308465 0.0185774
 0.774662 0.132133 0.0621643 0.0203414 0.0106998
 0.752416 0.194002 0.0314191 0.0147817 0.00738113
 0.857902 0.109393 0.0256271 0.00415037 0.00292765
 0.636465 0.315529 0.036957 0.00865775 0.00239121
 0.509256 0.317092 0.150721 0.0176535 0.00527782
 0.53926 0.24396 0.140071 0.0665789 0.0101296
 0.639928 0.200879 0.0842921 0.0483969 0.026504
 0.806025 0.12943 0.0360092 0.0151101 0.0134266
 0.788255 0.178101 0.0224491 0.00624566 0.00494958
 0.616178 0.31431 0.0584671 0.00736959 0.00367518
 0.575226 0.269092 0.127487 0.0237148 0.00447986
 0.786122 0.127648 0.0546265 0.0258803 0.0057236
 0.813027 0.149565 0.0223261 0.00955438 0.00552764
 0.669816 0.271367 0.0470496 0.00702327 0.00474445
 0.750993 0.169199 0.0655915 0.0113723 0.00284435
 0.776429 0.168852 0.0371813 0.0144136 0.00312408
 0.647084 0.275508 0.0584629 0.0128736 0.00607222
 0.631665 0.240168 0.100055 0.0212317 0.00688045
 0.281479 0.457864 0.169958 0.0708049 0.0198939
 0.507839 0.140971 0.22379 0.08307 0.0443307
 0.794616 0.105943 0.028483 0.0452165 0.0257412
pobs_pel_tallas
 0 0 0 0 0 0 0 0 0 0 0 0 0 0 0 0 0 0 0 0 0 0 0 0 0 0 0 0 0 0 0 0 0 0 0 0
 0 0 0 0 0 0 0 0 0 0 0 0 0 0 0 0 0 0 0 0 0 0 0 0 0 0 0 0 0 0 0 0 0 0 0 0
 0 0 0 0 0 0 0 0 0 0 0 0 0 0 0 0 0 0 0 0 0 0 0 0 0 0 0 0 0 0 0 0 0 0 0 0
 0 0 0 0 0 0 0 0 0 0 0 0 0 0 0 0 0 0 0 0 0 0 0 0 0 0 0 0 0 0 0 0 0 0 0 0
 0 0 0 0 0 0 0 0 0 0 0 0 0 0 0 0 0 0 0 0 0 0 0 0 0 0 0 0 0 0 0 0 0 0 0 0
 0 0 0 0 0 0 0 0 0 0 0 0 0 0 0 0 0 0 0 0 0 0 0 0 0 0 0 0 0 0 0 0 0 0 0 0
 0 0 0 0 0 0 0 0 0 0 0 0 0 0 0 0 0 0 0 0 0 0 0 0 0 0 0 0 0 0 0 0 0 0 0 0
 0 0 0 0 0 0 0 0 0 0 0 0 0 0 0 0 0 0 0 0 0 0 0 0 0 0 0 0 0 0 0 0 0 0 0 0
 0 0 0 0 0 0 0 0 0 0 0 0 0 0 0 0 0 0 0 0 0 0 0 0 0 0 0 0 0 0 0 0 0 0 0 0
 0 0 0 0 0 0 0 0 0 0 0 0 0 0 0 0 0 0 0 0 0 0 0 0 0 0 0 0 0 0 0 0 0 0 0 0
 0 0 0 0 0 0 0 0 1.78061e-05 0.00172719 0.00360574 0.0105946 0.0120993 0.0124554 0.0147524 0.0171206 0.0266825 0.0428682 0.0675386 0.121331 0.153587 0.119568 0.100827 0.0573624 0.0630603 0.0341343 0.0324427 0.0444173 0.0211091 0.0280891 0.0125444 0.00206551 0 0 0 0
 0 0 0 0 0 0 0 0 0 0 0 0 0 0 0 0 0 0 0 0 0 0 0 0 0 0 0 0 0 0 0 0 0 0 0 0
 0 0 0 0 0 0 0.0133647 0.0140871 0.0187388 0.0205184 0.03894 0.0496705 0.03968 0.0493445 0.0407372 0.0367815 0.0215668 0.0243155 0.0234873 0.0199281 0.019796 0.0243948 0.0301388 0.0376714 0.0412746 0.0863199 0.0771752 0.113111 0.0741005 0.0525337 0.0229764 0.00759418 0.00175318 0 0 0
 0 0 0 0 0 0 0 0 0 0 0.00219441 0.00772107 0.0458388 0.0604681 0.0671733 0.0775358 0.0609151 0.0617685 0.073594 0.0568108 0.0755445 0.0548602 0.0670107 0.0636378 0.0643287 0.046367 0.0373049 0.0286899 0.0247887 0.0153202 0.00654259 0.00121912 0.000365735 0 0 0
 0 0 0 0 0 0 0 0 0 0 0 0 0.000112435 0.00938835 0.0111873 0.0202946 0.0414886 0.0713402 0.111592 0.104902 0.108894 0.110636 0.117776 0.105296 0.107544 0.0401394 0.0192827 0.0124803 0.00416011 0.0028671 0.000618394 0 0 0 0 0
 0 0 0 0 0 0 0 0 0 0 0.00291406 0.0102884 0.027416 0.0768956 0.0749926 0.110853 0.0956884 0.0897413 0.0766577 0.0534642 0.0500743 0.0551293 0.0594112 0.0620874 0.0668451 0.0424026 0.0208742 0.0120726 0.0048766 0.00582813 0.00118941 0.000297354 0 0 0 0
 0 0.00264628 0.0354308 0.0461629 0.0458689 0.0383711 0.0214643 0.0164657 0.0346957 0.0420465 0.0363128 0.0245516 0.0311673 0.0291091 0.0169068 0.0133784 0.00837989 0.0085269 0.0148486 0.0160247 0.0276389 0.0546898 0.0760071 0.122758 0.109233 0.0665981 0.0333725 0.0166128 0.00676272 0.00308733 0.000882094 0 0 0 0 0
 0 0 0 0 0 0 0 0.000805153 0.000690131 0.00759144 0.0133425 0.0154129 0.00931677 0.000345066 0.00356568 0.00563607 0.00851162 0.0253048 0.0502646 0.0516448 0.0657925 0.0565908 0.0611916 0.0827007 0.0866115 0.110766 0.145733 0.0935128 0.0569358 0.0249597 0.0138026 0.00621118 0.00161031 0.00115022 0 0
 0 0 0 0 0 0 0 0 0 0 0 0 0 0 0 0 0 0 0 0 0 0 0 0 0 0 0 0 0 0 0 0 0 0 0 0
 0.00147267 0.00158595 0.00478618 0.00569244 0.00954404 0.0108468 0.00647125 0.017049 0.0510054 0.094081 0.124002 0.0959785 0.0687766 0.0820023 0.061753 0.0591476 0.0492212 0.0479892 0.0443925 0.0268479 0.0217502 0.0140895 0.0121071 0.0120363 0.00920419 0.00665534 0.0049561 0.00860946 0.00930331 0.0156896 0.0114698 0.00855282 0.00243557 0.00046729 0 2.83206e-05
 0 0 0 0 0.000772559 0.00158375 0.000888443 0.00281984 0.00712685 0.0440552 0.0773331 0.111326 0.0921469 0.0852325 0.0710754 0.0886704 0.0786465 0.0553345 0.0373146 0.0185414 0.00753245 0.00457741 0.012979 0.0271748 0.0457355 0.0583668 0.034881 0.0177882 0.00938659 0.00492506 0.0015258 0.00185414 0.000309023 5.79419e-05 3.86279e-05 0
 0 0.00173294 0.00326652 0 0.00397197 0.00683976 0.00946217 0.0152591 0.00757587 0.0136028 0.0228656 0.0392903 0.0559909 0.0764795 0.0681675 0.0726916 0.0566044 0.0477403 0.0527397 0.0444891 0.0609904 0.0582453 0.0661739 0.0445044 0.0529084 0.0360697 0.0280645 0.0235558 0.0158879 0.00826598 0.00280645 0.00217768 0.000904811 0.00058276 9.20147e-05 0
 0 0 0 0 0 0 0 0 0 0 0 0 0 0 0 0 0 0 0 0 0 0 0 0 0 0 0 0 0 0 0 0 0 0 0 0
 0 0 0 0 0 0 0 0 0 0 0 0 0 0 0 0 0 0 0 0 0 0 0 0 0 0 0 0 0 0 0 0 0 0 0 0
 0 0 0 0 0 0 0 0 0 0 0 0 0 0 0 0 0 0 0 0 0 0 0 0 0 0 0 0 0 0 0 0 0 0 0 0
 0 0 0 0 0 0 0 0 0 0 0 0 0 0 0 0 0 0 0 0 0 0 0 0 0 0 0 0 0 0 0 0 0 0 0 0
 0 0 0 0 0 0 0 0 0 0 0 0 0 0 0 0 0 0 0 0 0 0 0 0 0 0 0 0 0 0 0 0 0 0 0 0
ppred_pel_tallas
 1.00957e-16 3.52617e-05 0.000206966 0.000983837 0.00378786 0.0118121 0.0298364 0.0610488 0.101194 0.135896 0.147869 0.130402 0.0932826 0.0543121 0.0261189 0.0110972 0.00537598 0.00440675 0.00540647 0.00716421 0.00920525 0.0112662 0.0131157 0.01454 0.0153772 0.0155512 0.0150849 0.014088 0.012724 0.0111694 0.0095777 0.00805923 0.00667682 0.00545469 0.00439295 0.00348098
 1.01004e-16 3.24767e-05 0.000190609 0.00090606 0.00348837 0.0108781 0.0274774 0.0562226 0.0931964 0.125163 0.136211 0.120168 0.0860646 0.0503166 0.0245848 0.0111095 0.00636037 0.00617046 0.00797373 0.0106151 0.0135753 0.016494 0.0190225 0.0208392 0.0217114 0.0215479 0.0204188 0.0185315 0.0161747 0.0136488 0.0112062 0.00901603 0.00715826 0.00564057 0.00442581 0.00345883
 1.01901e-16 2.60941e-05 0.000153128 0.000727855 0.0028022 0.00873832 0.0220725 0.0451646 0.0748705 0.100564 0.109475 0.0966613 0.0694044 0.0409308 0.020661 0.0104593 0.00755495 0.00864989 0.011694 0.0157128 0.0201741 0.0246103 0.0285259 0.0314506 0.0330346 0.0331263 0.0318022 0.0293348 0.0261161 0.0225606 0.0190224 0.0157463 0.0128599 0.0103948 0.00832372 0.00659474
 1.02656e-16 2.83537e-05 0.000166402 0.000790976 0.00304526 0.00949633 0.023987 0.0490813 0.0813599 0.109271 0.118927 0.104945 0.0752179 0.044089 0.0217565 0.0101998 0.00636394 0.00663694 0.00879742 0.0118423 0.0153055 0.0188389 0.0220876 0.0247091 0.0264361 0.0271309 0.0268078 0.0256144 0.0237817 0.0215631 0.0191803 0.0167946 0.0145027 0.0123512 0.0103588 0.00853466
 1.02711e-16 2.90501e-05 0.000170491 0.000810415 0.00312011 0.00972974 0.0245766 0.0502876 0.0833593 0.111956 0.121847 0.107517 0.0770514 0.0451435 0.0222384 0.0103597 0.00637169 0.00656773 0.00866667 0.0116376 0.0150028 0.0184103 0.0215053 0.0239505 0.0254889 0.025998 0.0255108 0.0241945 0.0222972 0.0200831 0.0177767 0.0155328 0.0134331 0.0115037 0.00974061 0.00813182
 1.03356e-16 2.4856e-05 0.000145861 0.000693309 0.0026692 0.00832357 0.0210248 0.0430209 0.0713168 0.0957914 0.104279 0.0920745 0.0661126 0.0389933 0.0196908 0.00998352 0.00723622 0.00831345 0.0112713 0.0151931 0.0195856 0.0240172 0.0280276 0.0311748 0.0331229 0.0337132 0.032993 0.0311863 0.0286246 0.0256608 0.0225951 0.0196346 0.0168886 0.0143907 0.0121327 0.0100937
 1.02125e-16 3.3797e-05 0.000198367 0.00094296 0.00363047 0.0113213 0.0285966 0.0585122 0.0969891 0.13025 0.141727 0.124989 0.0894165 0.0520747 0.025069 0.010698 0.00525637 0.00439066 0.00544044 0.00725229 0.00937788 0.0115698 0.0136085 0.0152873 0.0164442 0.0169936 0.0169393 0.0163632 0.0153958 0.0141797 0.0128392 0.011463 0.0101037 0.00878733 0.00752672 0.00633266
 1.01363e-16 3.28294e-05 0.000192681 0.000915916 0.00352632 0.0109965 0.0277763 0.0568342 0.0942095 0.126522 0.137686 0.121459 0.0869672 0.0508001 0.0247386 0.0110401 0.00612844 0.005787 0.00742302 0.00987821 0.0126466 0.0153907 0.0177892 0.0195459 0.0204457 0.0204022 0.0194764 0.0178536 0.0157932 0.013564 0.0113909 0.00942278 0.00772879 0.00631398 0.00514532 0.00417618
 1.00679e-16 3.74256e-05 0.000219673 0.00104425 0.00402049 0.0125376 0.0316688 0.0647978 0.107407 0.144236 0.156935 0.138376 0.0989397 0.0575109 0.0274787 0.0113666 0.0050473 0.003678 0.00429914 0.00563444 0.00720686 0.00878079 0.0101659 0.0111922 0.011735 0.0117417 0.0112423 0.0103372 0.00916941 0.00788958 0.00662549 0.0054646 0.00445105 0.00359382 0.00288026 0.00228893
 1.01037e-16 2.77783e-05 0.000163015 0.000774857 0.00298317 0.00930267 0.023498 0.0480813 0.0797051 0.107057 0.116539 0.10289 0.0738581 0.0435193 0.0218956 0.0109628 0.00776 0.00876362 0.0117793 0.0157603 0.0201358 0.0244106 0.0280681 0.0306274 0.0317432 0.0312875 0.0293784 0.0263429 0.0226317 0.0187115 0.0149733 0.0116776 0.00894458 0.00677944 0.0051147 0.00385269
 1.03097e-16 2.22318e-05 0.000130451 0.000620042 0.00238709 0.00744381 0.0188027 0.0384745 0.0637821 0.0856769 0.0932843 0.0824043 0.0592518 0.0351135 0.0180413 0.00965725 0.00763802 0.00920664 0.0126357 0.0170909 0.0220843 0.0271526 0.0317849 0.0354818 0.0378535 0.0387004 0.0380469 0.0361143 0.0332495 0.0298339 0.0262057 0.0226143 0.0192125 0.0160759 0.0132332 0.0106929
 1.04829e-16 2.3537e-05 0.000138121 0.000656522 0.00252757 0.00788192 0.0199092 0.040738 0.0675318 0.0907056 0.098738 0.0871709 0.062568 0.0368558 0.0185268 0.00926012 0.00655871 0.00745901 0.0101371 0.0137557 0.0178924 0.0221919 0.0262702 0.0297456 0.0323089 0.0337817 0.0341423 0.0335068 0.0320793 0.0300894 0.027741 0.0251853 0.0225215 0.0198136 0.0171132 0.0144747
 1.04164e-16 2.79247e-05 0.000163885 0.000779016 0.00299922 0.00935276 0.0236244 0.0483391 0.0801293 0.107617 0.117123 0.103346 0.0740552 0.0433742 0.021342 0.00990305 0.00604367 0.00620483 0.00820215 0.0110587 0.014335 0.0177155 0.020882 0.0235269 0.0254085 0.026399 0.0265035 0.0258412 0.0246007 0.0229842 0.0211625 0.0192517 0.0173143 0.015377 0.0134528 0.0115594
 1.01701e-16 3.51644e-05 0.000206395 0.000981127 0.00377742 0.0117796 0.0297542 0.0608806 0.100915 0.13552 0.147459 0.130037 0.0930136 0.0541396 0.0260061 0.0109979 0.00525189 0.00423028 0.0051579 0.00683054 0.00878201 0.0107607 0.0125496 0.0139499 0.0148128 0.0150701 0.0147465 0.0139459 0.0128192 0.0115252 0.0101966 0.00892254 0.00774633 0.00667693 0.00570496 0.00481696
 1.00823e-16 3.43915e-05 0.000201853 0.000959524 0.00369423 0.0115201 0.0290989 0.0595402 0.0986943 0.132543 0.144231 0.127218 0.0910571 0.0531216 0.0257426 0.0112725 0.00595173 0.00535246 0.00675465 0.00895135 0.0114314 0.0138718 0.0159737 0.0174649 0.0181501 0.0179556 0.0169453 0.0153003 0.0132704 0.0111142 0.00904773 0.0072144 0.00567973 0.00444599 0.00347632 0.00271836
 1.01358e-16 2.68938e-05 0.000157822 0.000750167 0.00288811 0.00900622 0.0227492 0.0465492 0.0771657 0.103647 0.11283 0.099622 0.0715265 0.0421745 0.0212735 0.0107424 0.00772164 0.00880669 0.0118781 0.0159242 0.020389 0.0247846 0.0285975 0.0313452 0.0326759 0.0324489 0.0307648 0.0279303 0.0243758 0.0205514 0.0168379 0.0134938 0.0106457 0.00831226 0.00644409 0.00496291
 1.02922e-16 2.51064e-05 0.000147333 0.000700307 0.00269615 0.00840761 0.0212371 0.0434551 0.072036 0.0967557 0.105325 0.0929874 0.066746 0.0393225 0.0197759 0.00989549 0.0070138 0.00796161 0.0107799 0.0145563 0.0188153 0.0231503 0.0271266 0.0303213 0.0324034 0.0332022 0.0327355 0.0311865 0.0288435 0.0260236 0.0230069 0.0199993 0.0171267 0.0144518 0.0120003 0.00978293
 1.01974e-16 3.42965e-05 0.0002013 0.000956904 0.00368416 0.0114887 0.0290196 0.0593775 0.0984232 0.132175 0.14382 0.12683 0.090725 0.0528182 0.0253921 0.0107756 0.0052047 0.00425835 0.00523504 0.00696528 0.00899838 0.0110909 0.01303 0.0146167 0.0156962 0.0161882 0.0160993 0.0155119 0.0145551 0.0133687 0.0120736 0.0107553 0.009463 0.00821929 0.0070338 0.00591411
 1.00953e-16 3.54705e-05 0.000208191 0.000989659 0.00381027 0.011882 0.0300129 0.0614101 0.101793 0.136701 0.148748 0.131183 0.0938533 0.0546687 0.0263353 0.0112646 0.00556476 0.00465969 0.00574472 0.00759076 0.00970356 0.0117978 0.0136209 0.0149438 0.0156015 0.0155288 0.0147748 0.0134855 0.0118637 0.0101196 0.00842896 0.00690797 0.00561015 0.00453854 0.00366572 0.00295317
 1.0122e-16 2.92309e-05 0.000171547 0.000815426 0.00313938 0.00978983 0.0247285 0.0505986 0.0838763 0.112654 0.122618 0.108223 0.0776134 0.0455851 0.0226636 0.0109026 0.00716201 0.00771813 0.0102644 0.0137285 0.0175691 0.0213503 0.0246266 0.0269818 0.0281135 0.0279023 0.026437 0.0239845 0.0209178 0.0176263 0.0144383 0.0115755 0.00914473 0.00715929 0.00557355 0.00431751
 1.0151e-16 3.27664e-05 0.000192313 0.000914172 0.00351961 0.0109756 0.0277235 0.0567259 0.0940294 0.126279 0.137416 0.121209 0.086763 0.0506303 0.0245626 0.0108055 0.00578378 0.00528756 0.00673594 0.0089907 0.0115761 0.0141927 0.0165588 0.0184089 0.0195406 0.019856 0.0193791 0.0182402 0.0166356 0.0147776 0.0128509 0.0109877 0.00926408 0.00771042 0.00633 0.00511493
 1.01225e-16 3.38755e-05 0.000198825 0.000945128 0.0036388 0.0113473 0.0286623 0.0586468 0.0972133 0.130554 0.142066 0.125305 0.0896829 0.0523097 0.0253307 0.0110621 0.00580059 0.00518679 0.00654597 0.00869717 0.011148 0.0135931 0.0157505 0.0173602 0.0182307 0.0182809 0.0175562 0.0162098 0.0144595 0.012534 0.0106264 0.0088674 0.00732189 0.00600168 0.0048869 0.00394587
 1.01646e-16 2.82398e-05 0.000165728 0.000787762 0.00303287 0.00945766 0.0238895 0.048882 0.0810312 0.108834 0.118464 0.104566 0.0750092 0.044094 0.021994 0.0107008 0.00718903 0.00786836 0.0105144 0.0140898 0.0180634 0.0219995 0.025448 0.0279856 0.0293013 0.0292661 0.0279593 0.0256386 0.0226686 0.0194317 0.0162513 0.0133473 0.0108287 0.0087143 0.00696783 0.00553073
 1.0255e-16 2.75661e-05 0.000161776 0.00076898 0.00296056 0.0092322 0.0233199 0.0477164 0.0790983 0.106236 0.11563 0.102052 0.0731782 0.0429622 0.0213282 0.0102129 0.00665772 0.0071594 0.00955805 0.0128663 0.0166047 0.0203966 0.023852 0.0265956 0.0283374 0.0289332 0.0284091 0.0269396 0.0247921 0.0222569 0.019587 0.0169646 0.0144956 0.0122259 0.0101668 0.00831604
 1.05925e-16 1.23053e-05 7.21616e-05 0.000342897 0.00131996 0.00411598 0.0103971 0.0212771 0.0352814 0.0474194 0.0517003 0.045838 0.0333247 0.0204836 0.0118792 0.00854387 0.00933047 0.0128081 0.0180488 0.0245003 0.031661 0.0389143 0.0455408 0.050835 0.0542528 0.0555258 0.0547073 0.0521283 0.0482906 0.0437323 0.038915 0.0341612 0.0296489 0.0254456 0.02156 0.0179854
 1.08149e-16 2.21629e-05 0.000130063 0.000618232 0.00238018 0.00742231 0.0187482 0.0383617 0.0635903 0.0854049 0.0929503 0.0820196 0.0587802 0.0344439 0.0169838 0.00795501 0.0049864 0.00528564 0.00716504 0.00990835 0.013234 0.0169567 0.0208715 0.0247464 0.0283504 0.0314833 0.0339934 0.0357791 0.0367801 0.0369663 0.0363321 0.0349008 0.0327338 0.0299382 0.0266676 0.0231101
 1.03196e-16 3.46659e-05 0.000203471 0.000967231 0.00372393 0.0116128 0.0293328 0.0600182 0.0994846 0.133598 0.145363 0.128177 0.091659 0.0533021 0.0255127 0.0106338 0.00485069 0.00368718 0.00441266 0.00585594 0.00758545 0.00939135 0.0111026 0.0125622 0.0136494 0.0143021 0.0145255 0.0143806 0.0139593 0.0133547 0.0126384 0.01185 0.0110015 0.0100892 0.00910926 0.00806819
pSPR Fmed_Fpbrs
0.450895   0.6 0.325
Fs Fmed_Fpbrs
0.64   0.353162 1.09885
SSBpbr Bo_Bmed_Bpbrs
1.32579e+06  531502  729184 364592
Ro
39340.1
SPR SPRFo_SPRFmed_SPRFpbrs
812540 366370 264075
log_Ro
10.4
likeval ReclasPelacesDesembMPH_pf_preclas_ppelaces_ptallas_desvR_qrecl_qpela
 76.8315 12.0658 0.052196 139.412 343.873 223.989 57.9614 0 21.0924 1.73854e-05 2.91387e-05 8.6961e-16 0 0 0
q_reclas_q_pelaces
0.553858 2.1554
M
0.7
N
 46232.5 11808.1 4355.73 509.661 0.258378
 52665.7 20788.5 3205.6 1182.47 138.43
 27636.8 24151.1 6359.96 980.711 404.112
 31844.2 12075.5 5506.66 1450.13 315.752
 45459.8 15371.1 5046.24 2301.18 737.944
 31712.5 22429.6 7339.42 2409.48 1451.12
 66159 14534.1 6837.82 2237.48 1176.94
 75142.8 30940.7 5010.93 2357.48 1177.19
 172980 33395.6 7823.43 1267.03 893.752
 127872 77854.8 9118.89 2136.24 590.015
 65375.4 60480.4 28747.6 3367.12 1006.66
 45251.2 29556.1 16969.8 8066.12 1227.21
 36396.9 20597.5 8643.05 4962.47 2717.64
 30012.7 15717.5 4372.85 1834.92 1630.49
 19288.4 11261.5 1419.47 394.919 312.966
 10453.1 7648.09 1422.68 179.324 89.4279
 6595.21 4765.42 2257.7 419.971 79.335
 12065.3 2954.36 1264.31 598.989 132.471
 22126.7 5435.51 811.38 347.227 200.887
 20418.7 10259.7 1778.83 265.533 179.377
 38242.3 9635.09 3735.12 647.595 161.972
 75438.4 18493.9 4072.38 1578.69 342.173
 76902 36412.6 7726.77 1701.44 802.538
 87110 37238.6 15513.7 3292.02 1066.83
 22964.6 42072.3 15617.1 6506.13 1828.01
 34166.1 11086.9 17600.3 6533.17 3486.46
 95279.8 16349.9 4395.69 6978.13 3972.56
pred_Ctot
 3160.55 3984.19 1469.68 171.966 0.0871799
 2912.61 5900.86 909.917 335.647 39.2938
 2405.14 9816.39 2585.06 398.618 164.255
 641.546 1389.97 633.853 166.919 36.3452
 210.265 426.24 139.932 63.8115 20.4631
 1766.17 6403.99 2095.52 687.945 414.319
 2779.89 3263.06 1535.17 502.339 264.235
 5712.39 11348 1837.84 864.648 431.756
 11716.3 11185.2 2620.32 424.367 299.346
 4384.62 14604.1 1710.54 400.72 110.676
 4234.91 19545 9290.16 1088.13 325.315
 2727.04 9006.79 5171.32 2458.04 373.976
 3440.53 8896.23 3733 2143.33 1173.77
 5360.65 10135.6 2819.87 1183.26 1051.43
 2831.91 6509.82 820.542 228.287 180.913
 619.152 2297.82 427.434 53.8767 26.868
 467.247 1654.06 783.64 145.77 27.5369
 809.655 982.195 420.327 199.138 44.0406
 1058.56 1365.11 203.775 87.2047 50.4519
 732.846 2004.61 347.559 51.8815 35.0477
 720.341 1041.14 403.607 69.9774 17.5023
 1521.69 2131.24 469.302 181.929 39.4321
 1377.5 3752.38 796.258 175.337 82.703
 1719.23 4204.49 1751.6 371.691 120.452
 459.838 4815.16 1787.37 744.624 209.215
 894.757 1628.32 2584.94 959.522 512.054
 3992.79 3662.16 984.58 1563.01 889.804
F
 0.0992837 0.603887 0.603887 0.603887 0.603887
 0.0796354 0.484377 0.484377 0.484377 0.484377
 0.12797 0.778371 0.778371 0.778371 0.778371
 0.0283662 0.172536 0.172536 0.172536 0.172536
 0.00644984 0.0392307 0.0392307 0.0392307 0.0392307
 0.0802162 0.48791 0.48791 0.48791 0.48791
 0.0599882 0.364874 0.364874 0.364874 0.364874
 0.110967 0.674949 0.674949 0.674949 0.674949
 0.0983283 0.598075 0.598075 0.598075 0.598075
 0.0487124 0.29629 0.29629 0.29629 0.29629
 0.0938575 0.570882 0.570882 0.570882 0.570882
 0.0870596 0.529534 0.529534 0.529534 0.529534
 0.139706 0.849755 0.849755 0.849755 0.849755
 0.280232 1.70449 1.70449 1.70449 1.70449
 0.225049 1.36885 1.36885 1.36885 1.36885
 0.0855099 0.520109 0.520109 0.520109 0.520109
 0.103061 0.626859 0.626859 0.626859 0.626859
 0.0973791 0.592302 0.592302 0.592302 0.592302
 0.0685574 0.416996 0.416996 0.416996 0.416996
 0.0510401 0.310448 0.310448 0.310448 0.310448
 0.0264998 0.161183 0.161183 0.161183 0.161183
 0.0284018 0.172752 0.172752 0.172752 0.172752
 0.0251856 0.15319 0.15319 0.15319 0.15319
 0.0277818 0.168981 0.168981 0.168981 0.168981
 0.0281915 0.171473 0.171473 0.171473 0.171473
 0.0370139 0.225135 0.225135 0.225135 0.225135
 0.0598235 0.363873 0.363873 0.363873 0.363873
Np
 29045.6 13610 15546.4 1968.33 713.788
YTP_r0W_actual
 31801.7 77115.1 30139 61102 38601.3
YTP_p0W_proyectada
 9694.6 210203 38688.4 13283.4 31477.3
 9694.6 64192.4 106594 17235.1 6935.86
CTP_r0_actual
 3878.25 3570.14 959.84 1523.74 867.446
CTP_p0_proyectada
 1182.27 9731.62 1232.12 331.257 707.354
 1182.27 2971.87 3394.71 429.803 155.862
Wmedp
 8.2 21.6 31.4 40.1 44.5
nmprior
 10.8 10.6 4.6 0
nm_flota  nm_reclas  nm_pelaces    nm_pelaL
inf 12.5762 11.351 29.9949
cv_recla  cv_pelaces  cv_mph
0.759102 0.380512 0.473345
 ------------------------------------------------
Talla a la edad & desviaci?n 
 7.2 14.2025 17.0495 18.207 18.6776
 1.08 2.13037 2.55742 2.73105 2.80164
