years
 1997 1998 1999 2000 2001 2002 2003 2004 2005 2006 2007 2008 2009 2010 2011 2012 2013 2014 2015 2016 2017 2018 2019 2020 2021 2022 2023
reclasobs
 0 0 0 370054 412103 1.49427e+06 250295 1.28982e+06 931140 785840 897777 1.04006e+06 184774 17550 25797 100020 73551 82996 120727 218422 84188 347160 605670 569463 516374 1.08416e+06 1.01767e+06
reclaspred
 399245 113641 365121 237137 268301 282693 605160 447105 743795 689943 572136 408322 256966 140856 109385 91672.1 78791.4 101284 127348 182702 284125 336868 619703 693688 721073 591521 563481
pelacesobs
 0 0 0 0 0 0 0 0 0 2.06254e+06 1.5e+06 0 1.87456e+06 323000 250000 174000 83755 137374 0 501740 490994 745055 786931 1.00524e+06 1.33801e+06 1.41789e+06 0
pelacespred
 1.27758e+06 330425 610821 631273 611473 533252 1.27977e+06 1.12761e+06 1.73643e+06 1.61363e+06 1.23602e+06 920287 593033 294396 219661 190517 169892 205457 257935 360869 642524 687382 1.07288e+06 1.46178e+06 1.48879e+06 1.36434e+06 1.20746e+06
mphobs
 0 0 0 0 0 0 112323 0 153150 637223 0 255016 313432 73983 77613 109348 50772 17779 17303 59886 28197 0 207744 136588 643089 65757 70829
mphpred
 132150 89521.1 112402 143760 123952 150949 208593 244161 257199 368438 346522 261681 169388 102368 60737.3 50932.5 41809.5 42807.4 24576.9 33287 50251.8 68082.4 110664 157568 177860 156950 124093
desembarqueobs
 350755 77701 442110 56441 14545 235359 269955 359681 431902 328805 639364 411747 362871 311530 167758 66681 60226 58785 57116 73181 50977 67692 138656 160484 209506 203330 245020
desembarquepred
 350767 77705.5 442168 56444 14545.3 235481 269995 359715 431851 328849 639680 411975 363401 311983 167830 66717.1 60280.8 58797.6 57107 73187.9 50977.2 67685 138661 160486 209558 203373 245027
Reclutas
 72574.1 86845.8 50712.8 61062.8 82408.1 59637.6 114314 132521 283975 176411 81562.2 49228.8 44994.4 31599.1 23697 18504.7 13323.4 22767.5 41270.9 45441.4 82538.1 166953 167138 183930 48857.3 69444.4 165725
log_desv_Rt
 0.0723627 0.25189 -0.286067 -0.100342 0.199439 -0.123958 0.526703 0.6745 1.43664 0.960571 0.189121 -0.315766 -0.405707 -0.759116 -1.04689 -1.29422 -1.62273 -1.08691 -0.492086 -0.395822 0.201016 0.905465 0.906574 1.00231 -0.323341 0.0282813 0.898082
SSB
 883469 598481 751446 961087 828661 1.00915e+06 1.36018e+06 1.61673e+06 1.68848e+06 2.42237e+06 2.31663e+06 1.74943e+06 1.15653e+06 651486 394166 336316 286612 284876 354780 500222 723592 958332 1.59363e+06 2.18425e+06 2.66235e+06 2.40828e+06 1.80551e+06
BT
 3.01169e+06 831667 1.53741e+06 1.39996e+06 1.30926e+06 1.32316e+06 2.90623e+06 2.79561e+06 4.07769e+06 3.73536e+06 3.19811e+06 2.33414e+06 1.61933e+06 931503 613620 461607 414701 484061 596161 823157 1.40557e+06 1.51891e+06 2.36673e+06 3.23687e+06 3.3253e+06 3.08066e+06 2.78199e+06
Ftot
 0.329455 0.246215 0.349334 0.0690436 0.0170006 0.214392 0.146354 0.274683 0.240754 0.140466 0.282875 0.247367 0.361179 0.570133 0.433694 0.190555 0.210873 0.183377 0.148975 0.124208 0.0621652 0.0685378 0.0620984 0.0677956 0.0694935 0.085548 0.132951
BD_Bspro_t
 0.960214 0.811549 0.781493 0.67976 0.75533 0.831902 0.786135 0.797282 0.778824 0.800158 0.772453 0.656109 0.566956 0.474564 0.383483 0.403324 0.456904 0.548368 0.657107 0.767203 0.833895 0.894405 0.9195 0.918109 0.911458 0.876968 0.843275
BD_Bspro
 0.633618 0.429227 0.538933 0.689286 0.594311 0.723757 0.97551 1.15951 1.21097 1.73731 1.66147 1.25468 0.829452 0.467241 0.282693 0.241204 0.205556 0.204311 0.254446 0.358756 0.518955 0.687309 1.14294 1.56653 1.90942 1.7272 1.2949
BD_Bo
 0.284924 0.193014 0.242346 0.309956 0.267248 0.325457 0.438665 0.521405 0.544545 0.781228 0.747125 0.564201 0.372986 0.210108 0.127121 0.108464 0.0924339 0.0918743 0.114419 0.161324 0.233363 0.309068 0.513955 0.704433 0.858623 0.776684 0.582289
BD_Brms
 0.518044 0.350934 0.440629 0.563557 0.485906 0.591741 0.797573 0.948009 0.990082 1.42041 1.35841 1.02582 0.678157 0.382014 0.231129 0.197207 0.168062 0.167044 0.208034 0.293317 0.424296 0.561941 0.934463 1.28079 1.56113 1.41215 1.05871
S_f
 0.213365 1 1 1 1
 0.213365 1 1 1 1
 0.213365 1 1 1 1
 0.213365 1 1 1 1
 0.213365 1 1 1 1
 0.213365 1 1 1 1
 0.213365 1 1 1 1
 0.213365 1 1 1 1
 0.213365 1 1 1 1
 0.213365 1 1 1 1
 0.213365 1 1 1 1
 0.213365 1 1 1 1
 0.213365 1 1 1 1
 0.213365 1 1 1 1
 0.213365 1 1 1 1
 0.213365 1 1 1 1
 0.213365 1 1 1 1
 0.213365 1 1 1 1
 0.213365 1 1 1 1
 0.213365 1 1 1 1
 0.213365 1 1 1 1
 0.213365 1 1 1 1
 0.213365 1 1 1 1
 0.213365 1 1 1 1
 0.213365 1 1 1 1
 0.213365 1 1 1 1
 0.213365 1 1 1 1
Scru_reclas
 1 1 1 1 1
 1 1 1 1 1
 1 1 1 1 1
 1 1 1 1 1
 1 1 1 1 1
 1 1 1 1 1
 1 1 1 1 1
 1 1 1 1 1
 1 1 1 1 1
 1 1 1 1 1
 1 1 1 1 1
 1 1 1 1 1
 1 1 1 1 1
 1 1 1 1 1
 1 1 1 1 1
 1 1 1 1 1
 1 1 1 1 1
 1 1 1 1 1
 1 1 1 1 1
 1 1 1 1 1
 1 1 1 1 1
 1 1 1 1 1
 1 1 1 1 1
 1 1 1 1 1
 1 1 1 1 1
 1 1 1 1 1
 1 1 1 1 1
Scru_pelaces
 1 1 1 1 1
 1 1 1 1 1
 1 1 1 1 1
 1 1 1 1 1
 1 1 1 1 1
 1 1 1 1 1
 1 1 1 1 1
 1 1 1 1 1
 1 1 1 1 1
 1 1 1 1 1
 1 1 1 1 1
 1 1 1 1 1
 1 1 1 1 1
 1 1 1 1 1
 1 1 1 1 1
 1 1 1 1 1
 1 1 1 1 1
 1 1 1 1 1
 1 1 1 1 1
 1 1 1 1 1
 1 1 1 1 1
 1 1 1 1 1
 1 1 1 1 1
 1 1 1 1 1
 1 1 1 1 1
 1 1 1 1 1
 1 1 1 1 1
pf_obs 
 0.256992 0.487395 0.22802 0.0275931 0
 0.321318 0.546541 0.124235 0.00734118 0.000564706
 0.182869 0.594174 0.210203 0.0122559 0.00049798
 0.330522 0.361315 0.267642 0.0388342 0.00168674
 0.649043 0.306663 0.0425973 0.00169635 0
 0.582887 0.30429 0.105238 0.00758474 0
 0.465427 0.430635 0.0974691 0.00646863 0
 0.296916 0.608066 0.0921331 0.00288517 0
 0.311714 0.524322 0.152257 0.0117073 0
 0.15457 0.633149 0.183074 0.0267441 0.00246327
 0.131901 0.49318 0.331252 0.0422183 0.00144891
 0.196976 0.569456 0.194076 0.0375587 0.00193317
 0.518974 0.381816 0.0799577 0.0180837 0.00116848
 0.0928022 0.601141 0.25162 0.0475244 0.00691264
 0.122501 0.610282 0.24278 0.0234846 0.000952079
 0.383417 0.481906 0.127806 0.00687128 0
 0.0376549 0.599619 0.316969 0.0457579 0
 0.0361596 0.667082 0.258105 0.0386534 0
 0.158088 0.579412 0.248529 0.0139706 0
 0.0477256 0.309471 0.559284 0.082774 0.000745712
 0.0406174 0.521527 0.379366 0.0568643 0.0016247
 0.151134 0.462217 0.34131 0.0453401 0
 0.294876 0.26143 0.354403 0.0886775 0.000613685
 0.281977 0.475581 0.204845 0.0348837 0.00271318
 0.0841818 0.532909 0.334909 0.0458182 0.00218182
 0.115287 0.27431 0.454777 0.147771 0.00785563
 0 0 0 0 0
pf_pred 
 0.394149 0.428199 0.158937 0.0187054 1.01058e-05
 0.318527 0.531307 0.106133 0.0393941 0.00463882
 0.174208 0.586176 0.186815 0.0373179 0.0154826
 0.234483 0.410775 0.251809 0.0802517 0.0226819
 0.261045 0.440994 0.159885 0.0980113 0.0400647
 0.173444 0.516763 0.184878 0.067029 0.0578858
 0.320254 0.353324 0.204079 0.0730118 0.0493311
 0.283571 0.502987 0.110945 0.0640813 0.038416
 0.417718 0.394379 0.131922 0.0290983 0.0268827
 0.188771 0.640273 0.115788 0.0387319 0.0164358
 0.107909 0.479246 0.325844 0.0589261 0.0280756
 0.104991 0.350544 0.292495 0.19887 0.0530992
 0.150908 0.323107 0.20601 0.171895 0.148079
 0.162734 0.414608 0.160835 0.102547 0.159276
 0.18553 0.441632 0.184627 0.0716205 0.116591
 0.181688 0.462645 0.192854 0.0806238 0.0821891
 0.155296 0.448678 0.2239 0.0933328 0.0787942
 0.284488 0.347983 0.195219 0.0974183 0.0748921
 0.363169 0.426118 0.102479 0.0574906 0.0507443
 0.274019 0.537698 0.125984 0.0302985 0.0320003
 0.34786 0.424853 0.16834 0.0394426 0.0195042
 0.393627 0.436499 0.110669 0.0438506 0.015355
 0.252682 0.566628 0.13007 0.0329778 0.0176424
 0.233068 0.47518 0.22121 0.0507791 0.019762
 0.0658917 0.555556 0.234546 0.109188 0.0348187
 0.139635 0.218736 0.381605 0.161107 0.0989165
 0.325394 0.297727 0.0958163 0.16716 0.113902
pobs_RECLAS
 0 0 0 0 0
 0 0 0 0 0
 0 0 0 0 0
 0 0 0 0 0
 0.835266 0.146461 0.0176864 0.000547809 3.91292e-05
 0.385257 0.428462 0.181853 0.0044286 0
 0.867414 0.0963971 0.0333333 0.00285562 0
 0.441836 0.489002 0.0689373 0.000224442 0
 0.779404 0.147425 0.0564933 0.0165055 0.000172143
 0.814271 0.122319 0.05973 0.00367925 0
 0.40263 0.566651 0.0304383 0.000280538 0
 0.475488 0.404961 0.113038 0.00651328 0
 0.955842 0.0263864 0.0167828 0.000988607 0
 0.975058 0.0227948 0.00214734 0 0
 0.738997 0.206755 0.0527124 0.00153531 0
 0.850938 0.134255 0.0134407 0.00136685 0
 0.542534 0.407297 0.0501686 0 0
 0.764087 0.199537 0.0359546 0.000420521 0
 0.470689 0.182191 0.310203 0.0369168 0
 0.84361 0.089868 0.0606195 0.00523954 0.000663233
 0.607945 0.314616 0.071237 0.00620181 0
 0.523733 0.453247 0.0230204 0 0
 0.530135 0.295979 0.169645 0.0042399 0
 0.562478 0.366248 0.0663022 0.0049721 0
 0.250443 0.683176 0.0655157 0.000865301 0
 0.195077 0.31981 0.436473 0.0351445 0.0134964
 0.565238 0.351407 0.0832357 0.000118908 0
ppred_RECLAS
 0.75658 0.172043 0.0638581 0.0075155 4.06035e-06
 0.689492 0.242086 0.0483588 0.0179496 0.00211364
 0.502313 0.353276 0.112589 0.0224907 0.00933101
 0.590228 0.219882 0.13479 0.0429577 0.0121414
 0.623632 0.224609 0.0814336 0.0499196 0.020406
 0.498718 0.313402 0.112123 0.0406511 0.0351061
 0.689896 0.161188 0.0931018 0.0333083 0.0225051
 0.653248 0.243446 0.0536973 0.0310154 0.0185934
 0.773082 0.153691 0.0514106 0.0113397 0.0104763
 0.523456 0.376119 0.0680179 0.0227524 0.00965498
 0.365499 0.340864 0.231757 0.0419113 0.0199688
 0.357879 0.251497 0.20985 0.142679 0.0380959
 0.459765 0.205577 0.131074 0.109368 0.0942154
 0.486276 0.254393 0.0986841 0.0629202 0.0977274
 0.52308 0.258601 0.10811 0.041938 0.0682708
 0.512466 0.275635 0.114899 0.048034 0.0489666
 0.465657 0.283825 0.141635 0.0590405 0.0498436
 0.652963 0.168778 0.0946848 0.0472497 0.0363241
 0.729237 0.181173 0.0435711 0.0244434 0.0215751
 0.640302 0.26641 0.0624208 0.0150118 0.015855
 0.714894 0.185739 0.0735958 0.0172437 0.00852697
 0.753239 0.177632 0.0450364 0.0178448 0.00624865
 0.613813 0.292813 0.0672156 0.0170417 0.00911695
 0.588302 0.255083 0.118748 0.0272589 0.0106085
 0.249089 0.4466 0.188547 0.087774 0.02799
 0.433056 0.144138 0.251462 0.106163 0.0651818
 0.694744 0.13472 0.0433563 0.0756392 0.0515401
pobs_PELACES
 0 0 0 0 0
 0 0 0 0 0
 0 0 0 0 0
 0 0 0 0 0
 0 0 0 0 0
 0 0 0 0 0
 0 0 0 0 0
 0 0 0 0 0
 0 0 0 0 0
 0 0 0 0 0
 0.450072 0.473896 0.0757376 0.000293798 0
 0 0 0 0 0
 0.463077 0.371075 0.160297 0.00555027 0
 0.529543 0.364841 0.0842815 0.0213345 0
 0.631943 0.363953 0.00410389 0 0
 0.735681 0.248677 0.0153453 0.000297389 0
 0.695825 0.281241 0.0229344 0 0
 0.275771 0.60734 0.115278 0.00161068 0
 0 0 0 0 0
 0.896147 0.0623911 0.0374545 0.00400742 0
 0.803859 0.145111 0.0509908 3.86294e-05 0
 0.739449 0.233085 0.0266225 0.000797448 4.60066e-05
 0.878498 0.100942 0.0204185 0.000141795 0
 0.694673 0.275183 0.0284847 0.00165964 0
 0.469039 0.446079 0.0841089 0.000773354 0
 0.822795 0.102175 0.0682046 0.00682512 0
 0 0 0 0 0
ppred_PELACES
 0.771983 0.161156 0.0598173 0.00703993 3.80342e-06
 0.703007 0.231549 0.0462539 0.0171683 0.00202164
 0.524964 0.337198 0.107465 0.0214671 0.00890635
 0.594556 0.21756 0.133367 0.042504 0.0120131
 0.624667 0.223991 0.0812096 0.0497823 0.0203498
 0.512629 0.304705 0.109012 0.0395231 0.0341319
 0.697965 0.156994 0.0906793 0.0324417 0.0219195
 0.669218 0.232234 0.0512242 0.0295869 0.017737
 0.783859 0.146392 0.0489692 0.0108012 0.0099788
 0.532543 0.368947 0.0667209 0.0223186 0.00947087
 0.382691 0.331628 0.225478 0.0407757 0.0194277
 0.372766 0.245666 0.204984 0.139371 0.0372126
 0.483124 0.196688 0.125407 0.10464 0.0901417
 0.523256 0.23608 0.0915804 0.058391 0.0906926
 0.551064 0.243428 0.101766 0.0394773 0.064265
 0.524815 0.268653 0.111988 0.0468174 0.0477263
 0.4793 0.276578 0.138018 0.057533 0.048571
 0.66367 0.163571 0.0917635 0.0457919 0.0352034
 0.736805 0.17611 0.0423533 0.0237602 0.020972
 0.647694 0.260935 0.061138 0.0147033 0.0155292
 0.718172 0.183604 0.0727497 0.0170455 0.00842894
 0.756531 0.175262 0.0444356 0.0176068 0.00616529
 0.617627 0.289921 0.0665518 0.0168734 0.00902691
 0.592558 0.252446 0.117521 0.0269771 0.0104988
 0.252478 0.444584 0.187696 0.0873778 0.0278637
 0.438516 0.14275 0.24904 0.10514 0.0645541
 0.702014 0.131512 0.0423238 0.0738378 0.0503127
pobs_pel_tallas
 0 0 0 0 0 0 0 0 0 0 0 0 0 0 0 0 0 0 0 0 0 0 0 0 0 0 0 0 0 0 0 0 0 0 0 0
 0 0 0 0 0 0 0 0 0 0 0 0 0 0 0 0 0 0 0 0 0 0 0 0 0 0 0 0 0 0 0 0 0 0 0 0
 0 0 0 0 0 0 0 0 0 0 0 0 0 0 0 0 0 0 0 0 0 0 0 0 0 0 0 0 0 0 0 0 0 0 0 0
 0 0 0 0 0 0 0 0 0 0 0 0 0 0 0 0 0 0 0 0 0 0 0 0 0 0 0 0 0 0 0 0 0 0 0 0
 0 0 0 0 0 0 0 0 0 0 0 0 0 0 0 0 0 0 0 0 0 0 0 0 0 0 0 0 0 0 0 0 0 0 0 0
 0 0 0 0 0 0 0 0 0 0 0 0 0 0 0 0 0 0 0 0 0 0 0 0 0 0 0 0 0 0 0 0 0 0 0 0
 0 0 0 0 0 0 0 0 0 0 0 0 0 0 0 0 0 0 0 0 0 0 0 0 0 0 0 0 0 0 0 0 0 0 0 0
 0 0 0 0 0 0 0 0 0 0 0 0 0 0 0 0 0 0 0 0 0 0 0 0 0 0 0 0 0 0 0 0 0 0 0 0
 0 0 0 0 0 0 0 0 0 0 0 0 0 0 0 0 0 0 0 0 0 0 0 0 0 0 0 0 0 0 0 0 0 0 0 0
 0 0 0 0 0 0 0 0 0 0 0 0 0 0 0 0 0 0 0 0 0 0 0 0 0 0 0 0 0 0 0 0 0 0 0 0
 0 0 0 0 0 0 0 0 1.78061e-05 0.00172719 0.00360574 0.0105946 0.0120993 0.0124554 0.0147524 0.0171206 0.0266825 0.0428682 0.0675386 0.121331 0.153587 0.119568 0.100827 0.0573624 0.0630603 0.0341343 0.0324427 0.0444173 0.0211091 0.0280891 0.0125444 0.00206551 0 0 0 0
 0 0 0 0 0 0 0 0 0 0 0 0 0 0 0 0 0 0 0 0 0 0 0 0 0 0 0 0 0 0 0 0 0 0 0 0
 0 0 0 0 0 0 0.0133647 0.0140871 0.0187388 0.0205184 0.03894 0.0496705 0.03968 0.0493445 0.0407372 0.0367815 0.0215668 0.0243155 0.0234873 0.0199281 0.019796 0.0243948 0.0301388 0.0376714 0.0412746 0.0863199 0.0771752 0.113111 0.0741005 0.0525337 0.0229764 0.00759418 0.00175318 0 0 0
 0 0 0 0 0 0 0 0 0 0 0.00219441 0.00772107 0.0458388 0.0604681 0.0671733 0.0775358 0.0609151 0.0617685 0.073594 0.0568108 0.0755445 0.0548602 0.0670107 0.0636378 0.0643287 0.046367 0.0373049 0.0286899 0.0247887 0.0153202 0.00654259 0.00121912 0.000365735 0 0 0
 0 0 0 0 0 0 0 0 0 0 0 0 0.000112435 0.00938835 0.0111873 0.0202946 0.0414886 0.0713402 0.111592 0.104902 0.108894 0.110636 0.117776 0.105296 0.107544 0.0401394 0.0192827 0.0124803 0.00416011 0.0028671 0.000618394 0 0 0 0 0
 0 0 0 0 0 0 0 0 0 0 0.00291406 0.0102884 0.027416 0.0768956 0.0749926 0.110853 0.0956884 0.0897413 0.0766577 0.0534642 0.0500743 0.0551293 0.0594112 0.0620874 0.0668451 0.0424026 0.0208742 0.0120726 0.0048766 0.00582813 0.00118941 0.000297354 0 0 0 0
 0 0.00264628 0.0354308 0.0461629 0.0458689 0.0383711 0.0214643 0.0164657 0.0346957 0.0420465 0.0363128 0.0245516 0.0311673 0.0291091 0.0169068 0.0133784 0.00837989 0.0085269 0.0148486 0.0160247 0.0276389 0.0546898 0.0760071 0.122758 0.109233 0.0665981 0.0333725 0.0166128 0.00676272 0.00308733 0.000882094 0 0 0 0 0
 0 0 0 0 0 0 0 0.000805153 0.000690131 0.00759144 0.0133425 0.0154129 0.00931677 0.000345066 0.00356568 0.00563607 0.00851162 0.0253048 0.0502646 0.0516448 0.0657925 0.0565908 0.0611916 0.0827007 0.0866115 0.110766 0.145733 0.0935128 0.0569358 0.0249597 0.0138026 0.00621118 0.00161031 0.00115022 0 0
 0 0 0 0 0 0 0 0 0 0 0 0 0 0 0 0 0 0 0 0 0 0 0 0 0 0 0 0 0 0 0 0 0 0 0 0
 0.00147267 0.00158595 0.00478618 0.00569244 0.00954404 0.0108468 0.00647125 0.017049 0.0510054 0.094081 0.124002 0.0959785 0.0687766 0.0820023 0.061753 0.0591476 0.0492212 0.0479892 0.0443925 0.0268479 0.0217502 0.0140895 0.0121071 0.0120363 0.00920419 0.00665534 0.0049561 0.00860946 0.00930331 0.0156896 0.0114698 0.00855282 0.00243557 0.00046729 0 2.83206e-05
 0 0 0 0 0.000772559 0.00158375 0.000888443 0.00281984 0.00712685 0.0440552 0.0773331 0.111326 0.0921469 0.0852325 0.0710754 0.0886704 0.0786465 0.0553345 0.0373146 0.0185414 0.00753245 0.00457741 0.012979 0.0271748 0.0457355 0.0583668 0.034881 0.0177882 0.00938659 0.00492506 0.0015258 0.00185414 0.000309023 5.79419e-05 3.86279e-05 0
 0 0.00173294 0.00326652 0 0.00397197 0.00683976 0.00946217 0.0152591 0.00757587 0.0136028 0.0228656 0.0392903 0.0559909 0.0764795 0.0681675 0.0726916 0.0566044 0.0477403 0.0527397 0.0444891 0.0609904 0.0582453 0.0661739 0.0445044 0.0529084 0.0360697 0.0280645 0.0235558 0.0158879 0.00826598 0.00280645 0.00217768 0.000904811 0.00058276 9.20147e-05 0
 0 0 0 0 0 0 0 0 0 0 0 0 0 0 0 0 0 0 0 0 0 0 0 0 0 0 0 0 0 0 0 0 0 0 0 0
 0 0 0 0 0 0 0 0 0 0 0 0 0 0 0 0 0 0 0 0 0 0 0 0 0 0 0 0 0 0 0 0 0 0 0 0
 0 0 0 0 0 0 0 0 0 0 0 0 0 0 0 0 0 0 0 0 0 0 0 0 0 0 0 0 0 0 0 0 0 0 0 0
 0 0 0 0 0 0 0 0 0 0 0 0 0 0 0 0 0 0 0 0 0 0 0 0 0 0 0 0 0 0 0 0 0 0 0 0
 0 0 0 0 0 0 0 0 0 0 0 0 0 0 0 0 0 0 0 0 0 0 0 0 0 0 0 0 0 0 0 0 0 0 0 0
ppred_pel_tallas
 1.01144e-16 3.36814e-05 0.000197685 0.000939714 0.00361796 0.0112823 0.0284981 0.0583108 0.0966562 0.129805 0.14125 0.124583 0.0891607 0.0519942 0.0251581 0.010954 0.00569971 0.00506187 0.0063848 0.00850095 0.0109301 0.0133793 0.0155777 0.0172719 0.01827 0.0184812 0.0179324 0.0167535 0.0151381 0.0132952 0.011407 0.00960423 0.00796154 0.00650792 0.00524383 0.00415703
 1.01417e-16 3.06765e-05 0.000180038 0.000855802 0.00329485 0.0102747 0.0259531 0.053104 0.0880278 0.118225 0.128669 0.113534 0.0813571 0.0476528 0.0234484 0.0108765 0.00661923 0.00675391 0.00886092 0.0118394 0.0151724 0.0184773 0.0213732 0.0235047 0.024611 0.0245845 0.0234924 0.0215516 0.0190682 0.0163628 0.0137057 0.01128 0.00917564 0.00740698 0.00594258 0.00473308
 1.0279e-16 2.29174e-05 0.000134475 0.000639168 0.00246072 0.00767343 0.0193827 0.0396614 0.0657498 0.0883205 0.0961638 0.0849507 0.0610884 0.0362128 0.0186249 0.00999668 0.007931 0.00955987 0.0130927 0.0176541 0.0227223 0.0277991 0.032341 0.0358263 0.0378606 0.0382631 0.0370999 0.0346505 0.0313252 0.0275616 0.0237355 0.0201098 0.0168264 0.01393 0.0114072 0.00922139
 1.03986e-16 2.59472e-05 0.000152273 0.000723807 0.00278664 0.00868983 0.0219499 0.0449132 0.0744514 0.0999946 0.108836 0.0960548 0.0688758 0.0404327 0.0200673 0.00960455 0.0062642 0.00675694 0.00906309 0.0122719 0.0159549 0.0197818 0.0234056 0.026483 0.0287353 0.0300014 0.0302608 0.0296179 0.0282577 0.0263908 0.0242064 0.021848 0.019412 0.0169623 0.0145482 0.0122185
 1.03888e-16 2.72602e-05 0.000159982 0.000760454 0.00292774 0.00912986 0.0230614 0.0471873 0.0782209 0.105056 0.114343 0.100909 0.0723423 0.0424392 0.0210088 0.00996106 0.0063655 0.00675527 0.00899704 0.012124 0.0156797 0.0193169 0.0226793 0.025424 0.0272861 0.028132 0.0279812 0.0269842 0.0253709 0.0233858 0.0212351 0.0190585 0.0169291 0.0148726 0.0128932 0.0109953
 1.046e-16 2.23782e-05 0.000131312 0.000624139 0.00240287 0.00749303 0.018927 0.0387287 0.064203 0.0862408 0.0938943 0.0829338 0.0596118 0.0352852 0.0180523 0.00953821 0.00739568 0.00882289 0.0120789 0.0163291 0.021097 0.0259404 0.0303772 0.0339402 0.0362703 0.0371918 0.0367412 0.0351381 0.0327129 0.0298173 0.0267494 0.0237129 0.020815 0.0180908 0.0155388 0.0131515
 1.03478e-16 3.04537e-05 0.000178737 0.000849629 0.00327111 0.0102007 0.025766 0.0527207 0.0873906 0.117364 0.127716 0.112657 0.0806483 0.0470776 0.0228694 0.0101161 0.00550219 0.0051253 0.00659945 0.00888162 0.0115452 0.0143261 0.0169715 0.0192363 0.0209225 0.0219158 0.0222024 0.0218558 0.0210052 0.0197952 0.0183525 0.0167695 0.0151049 0.0133956 0.0116716 0.00996639
 1.02649e-16 2.92031e-05 0.000171388 0.000814679 0.00313652 0.00978091 0.0247059 0.0505522 0.0837982 0.112546 0.122491 0.108092 0.0774746 0.0454147 0.0224147 0.010512 0.00655652 0.00682195 0.00901062 0.0120762 0.0155232 0.0189784 0.0220662 0.0244334 0.0258176 0.0261048 0.0253503 0.0237537 0.0215994 0.0191841 0.0167547 0.0144744 0.0124198 0.0106005 0.00898953 0.00755078
 1.01581e-16 3.41986e-05 0.000200723 0.000954159 0.00367358 0.0114557 0.0289363 0.0592072 0.0981414 0.131798 0.143414 0.126482 0.0904978 0.0527294 0.0254306 0.0109303 0.00548177 0.00467949 0.00582643 0.0077444 0.00996226 0.0122076 0.0142354 0.0158183 0.0167847 0.0170538 0.0166507 0.0156911 0.0143465 0.0127996 0.0112065 0.00967567 0.00826488 0.00699249 0.00585414 0.00483799
 1.02277e-16 2.32491e-05 0.00013642 0.000648406 0.00249628 0.00778432 0.0196628 0.0402348 0.066701 0.0896002 0.0975622 0.0861983 0.0620119 0.0368128 0.0190288 0.0103634 0.00839 0.0101989 0.0139638 0.0187746 0.0240671 0.029292 0.0338541 0.03719 0.0388876 0.0387804 0.0369816 0.0338429 0.0298582 0.0255424 0.0213282 0.0175061 0.0142151 0.0114721 0.00921926 0.00737066
 1.05618e-16 1.67137e-05 9.80536e-05 0.000466016 0.00179404 0.00559441 0.0141313 0.0289166 0.0479405 0.0644071 0.0701519 0.0620317 0.0447381 0.0267848 0.0142666 0.00845681 0.00766824 0.00986598 0.0137822 0.0187831 0.0244481 0.0303266 0.0358965 0.04063 0.0440945 0.0460351 0.0464118 0.0453771 0.0432109 0.0402372 0.0367537 0.0329931 0.0291197 0.0252475 0.0214659 0.0178577
 1.09518e-16 1.62772e-05 9.54996e-05 0.000453892 0.00174739 0.00544897 0.0137638 0.0281641 0.0466908 0.0627217 0.0682992 0.0603533 0.0434403 0.0258335 0.0134442 0.00748451 0.00628645 0.00785741 0.0109785 0.0150858 0.0198649 0.0250075 0.0301512 0.0349148 0.0389633 0.0420638 0.0441099 0.0451092 0.0451437 0.0443223 0.0427459 0.040496 0.0376456 0.0342799 0.0305147 0.0265019
 1.09652e-16 2.10871e-05 0.000123743 0.000588176 0.00226444 0.00706138 0.0178366 0.0364968 0.0605006 0.0812603 0.0884529 0.0780825 0.056027 0.0329677 0.0165094 0.00815333 0.0056629 0.00639055 0.00872057 0.0119353 0.0157029 0.0197628 0.0238314 0.027618 0.0308739 0.0334335 0.0352315 0.0362869 0.0366675 0.0364484 0.035683 0.0343962 0.0325986 0.0303105 0.0275842 0.0245154
 1.07621e-16 2.28386e-05 0.000134022 0.000637037 0.00245255 0.00764799 0.0193183 0.0395289 0.0655273 0.0880131 0.0958066 0.0845817 0.0607067 0.0357535 0.0179615 0.00895874 0.00632066 0.00717065 0.00973886 0.0132151 0.017195 0.0213439 0.0253045 0.0287269 0.0313347 0.0329784 0.0336556 0.0334873 0.0326647 0.0313856 0.0298047 0.0280122 0.0260409 0.0238932 0.0215722 0.0191042
 1.05884e-16 2.40515e-05 0.000141142 0.000670885 0.00258287 0.00805438 0.0203449 0.0416293 0.069009 0.0926888 0.100895 0.0890692 0.0639181 0.0376257 0.018866 0.00934888 0.00651559 0.0073303 0.00992272 0.0134337 0.0174324 0.0215627 0.0254465 0.0287146 0.0310774 0.0323817 0.0326337 0.0319758 0.0306313 0.0288375 0.0267907 0.0246197 0.0223881 0.0201176 0.0178167 0.0155037
 1.05516e-16 2.2908e-05 0.000134427 0.000638952 0.00245991 0.00767093 0.0193763 0.0396478 0.0657254 0.088282 0.0961066 0.0848642 0.0609478 0.0359725 0.0182139 0.00931778 0.00686462 0.00797607 0.0108733 0.0147248 0.0190879 0.023574 0.027763 0.0312446 0.0336972 0.034953 0.035023 0.0340726 0.0323602 0.0301622 0.0277114 0.0251657 0.0226084 0.020072 0.0175689 0.0151157
 1.06296e-16 2.09237e-05 0.000122776 0.000583563 0.00224665 0.00700587 0.0176964 0.0362107 0.0600287 0.0806335 0.087789 0.0775403 0.0557333 0.0329864 0.0168724 0.00891269 0.00691738 0.00827544 0.0113729 0.0154486 0.0200811 0.0248821 0.0294226 0.0332777 0.0361077 0.0377242 0.0381172 0.0374317 0.0359075 0.0338065 0.0313526 0.0287013 0.0259427 0.0231236 0.0202776 0.0174465
 1.04575e-16 2.89585e-05 0.000169958 0.000807893 0.00311042 0.00969953 0.0245002 0.0501309 0.0830981 0.1116 0.121448 0.107138 0.0767179 0.0448249 0.0218535 0.00980156 0.00552554 0.00532305 0.00693068 0.00935694 0.01219 0.0151661 0.018028 0.0205241 0.02245 0.0236853 0.0242104 0.0240924 0.0234521 0.0224232 0.0211194 0.0196197 0.0179715 0.016205 0.0143498 0.0124468
 1.02456e-16 3.21479e-05 0.000188682 0.000896907 0.00345314 0.0107683 0.0271998 0.0556545 0.0922538 0.123895 0.134824 0.118928 0.0851415 0.0497066 0.0241564 0.0106977 0.00582631 0.0054139 0.00692766 0.0092465 0.0118955 0.0145702 0.0169832 0.0188668 0.0200213 0.0203574 0.019912 0.0188293 0.0173167 0.01559 0.013828 0.0121478 0.0106032 0.00920056 0.00792189 0.00674499
 1.02184e-16 2.82658e-05 0.000165882 0.000788498 0.00303571 0.00946652 0.0239118 0.0489276 0.0811064 0.108934 0.118569 0.104651 0.0750533 0.0440858 0.0219269 0.0105646 0.00696547 0.00753348 0.0100445 0.0134694 0.0172936 0.0211043 0.0244772 0.0270124 0.0284137 0.0285544 0.0275019 0.0254896 0.0228501 0.0199324 0.0170307 0.0143439 0.0119698 0.00992585 0.00818179 0.00669049
 1.02073e-16 3.13359e-05 0.000183913 0.000874234 0.00336584 0.010496 0.0265122 0.0542477 0.0899222 0.120765 0.131421 0.115935 0.083017 0.0485034 0.0236414 0.0105898 0.00594098 0.00567832 0.0073374 0.00982453 0.0126688 0.015558 0.0181901 0.0202786 0.0216035 0.0220566 0.0216596 0.0205475 0.0189255 0.017015 0.0150078 0.0130404 0.0111902 0.00948841 0.00794031 0.00654203
 1.01582e-16 3.30081e-05 0.000193732 0.000920914 0.00354557 0.0110565 0.0279279 0.0571443 0.094723 0.12721 0.13843 0.122106 0.087408 0.0510131 0.0247598 0.0109106 0.00586354 0.00537613 0.00684485 0.0091174 0.0117071 0.0143043 0.0166185 0.0183798 0.0193875 0.0195533 0.0189177 0.0176321 0.0159137 0.0139917 0.0120595 0.0102489 0.00862603 0.00720538 0.00597141 0.00489829
 1.02041e-16 2.69559e-05 0.000158189 0.000751919 0.00289486 0.00902728 0.0228024 0.0466579 0.0773451 0.103886 0.113084 0.0998336 0.07165 0.0421905 0.0211768 0.0105234 0.00735566 0.00825736 0.0111084 0.0149107 0.0191358 0.0233338 0.0270336 0.02979 0.031274 0.031346 0.0300837 0.0277506 0.0247222 0.0213927 0.0180958 0.0150584 0.0123939 0.0101237 0.00821422 0.00661043
 1.03169e-16 2.58614e-05 0.000151767 0.000721391 0.00277733 0.00866079 0.0218766 0.0447634 0.074204 0.0996654 0.108486 0.0957637 0.0687069 0.0404136 0.0202056 0.00991463 0.00678099 0.00753145 0.0101465 0.0136954 0.0177104 0.0218068 0.0255778 0.0286282 0.0306489 0.0314797 0.0311357 0.0297853 0.0276936 0.0251509 0.0224123 0.0196629 0.0170142 0.0145205 0.0122043 0.0100775
 1.07114e-16 1.10402e-05 6.47354e-05 0.000307595 0.00118404 0.00369213 0.00932647 0.0190864 0.0316501 0.0425424 0.0463925 0.0411548 0.0299692 0.0185195 0.010916 0.00810509 0.00907977 0.0125765 0.0177755 0.0241809 0.0313259 0.0386234 0.0453812 0.0509143 0.0546861 0.0564183 0.0561357 0.0541253 0.0508362 0.046754 0.0422963 0.0377565 0.0333016 0.0290058 0.0248991 0.0210057
 1.10211e-16 1.91402e-05 0.000112317 0.000533864 0.00205534 0.00640931 0.0161894 0.0331263 0.0549128 0.0737534 0.080277 0.0708544 0.0508175 0.0298573 0.0148723 0.0072235 0.00488495 0.00546854 0.007538 0.0104899 0.0140862 0.0181597 0.022513 0.0269132 0.0311194 0.0349101 0.0381014 0.0405503 0.0421494 0.0428212 0.0425189 0.0412362 0.0390214 0.0359866 0.0323079 0.0282097
 1.05532e-16 3.0629e-05 0.000179769 0.000854542 0.00329004 0.0102597 0.0259151 0.0530255 0.087895 0.118038 0.128443 0.113283 0.0810617 0.0472487 0.0228213 0.00987102 0.00505086 0.00442695 0.00559922 0.00753132 0.00982276 0.0122518 0.0146188 0.0167338 0.0184451 0.0196673 0.0203905 0.0206663 0.020579 0.0202116 0.0196213 0.0188315 0.0178402 0.0166375 0.0152257 0.0136312
pSPR Fmed_Fpbrs
0.438047   0.6 0.325
Fs Fmed_Fpbrs
0.64   0.339688 1.02513
SSBpbr Bo_Bmed_Bpbrs
3.10072e+06  1.20322e+06  1.7054e+06 852698
Ro
67507.9
SPR SPRFo_SPRFmed_SPRFpbrs
1.39432e+06 610779 453155
log_Ro
10.94
likeval ReclasPelacesDesembMPH_pf_preclas_ppelaces_ptallas_desvR_qrecl_qpela
 84.2718 14.1925 0.0332553 151.841 352.266 236.308 60.369 0 21.3808 0.000112611 1.42695e-06 7.43596e-16 0 0 0
q_reclas_q_pelaces
0.222297 0.843708
M
0.7
N
 72574.1 18786.2 6972.99 820.655 0.44337
 86845.8 33592.9 6710.46 2490.76 293.298
 50712.8 40919.3 13041 2605.05 1080.79
 61062.8 23374.4 14328.7 4566.58 1290.68
 82408.1 29879.5 10833 6640.74 2714.58
 59637.6 40774.5 14587.6 5288.83 4567.4
 114314 28291 16340.8 5846.12 3949.99
 132521 55021.3 12136.2 7009.8 4202.29
 283975 62062.2 20760.2 4579.12 4230.46
 176411 133957 24224.9 8103.4 3438.67
 81562.2 85016.5 57803.6 10453.3 4980.51
 49228.8 38130.3 31816 21632 5775.84
 44994.4 23189.5 14785.4 12337 10627.7
 31599.1 20686.4 8024.66 5116.46 7946.87
 23697 13894.3 5808.61 2253.28 3668.11
 18504.7 10727.5 4471.79 1869.46 1905.75
 13323.4 8823.04 4402.88 1835.35 1549.45
 22767.5 6325.1 3548.39 1770.72 1361.27
 41270.9 10872.2 2614.7 1466.85 1294.72
 45441.4 19853.3 4651.71 1118.71 1181.55
 82538.1 21975.4 8707.32 2040.16 1008.85
 166953 40447.2 10254.9 4063.31 1422.83
 167138 81702.6 18755 4755.1 2543.88
 183930 81905.7 38129.5 8752.68 3406.33
 48857.3 90025.3 38007.1 17693.4 5642.21
 69444.4 23904.7 41704 17606.7 10810.2
 165725 33861.3 10897.4 19011.6 12954.4
pred_Ctot
 3557.28 3864.58 1434.44 168.82 0.0912074
 3206.09 5347.81 1068.27 396.517 46.6915
 2630.84 8852.25 2821.22 563.563 233.813
 642.726 1125.95 690.217 219.973 62.172
 214.629 362.582 131.457 80.5842 32.941
 1922.8 5728.83 2049.56 743.083 641.722
 2532.07 2793.55 1613.54 577.265 390.035
 5443.46 9655.39 2129.71 1230.11 737.437
 10256.2 9683.16 3239.08 714.45 660.051
 3752.4 12727.4 2301.64 769.915 326.713
 3447.54 15311.3 10410.3 1882.61 896.979
 1825.69 6095.59 5086.17 3458.14 923.337
 2410.68 5161.45 3290.9 2745.93 2365.48
 2621.22 6678.28 2590.64 1651.77 2565.53
 1514.3 3604.6 1506.92 584.566 951.614
 531.466 1353.31 564.128 235.837 240.416
 422.651 1221.12 609.363 254.013 214.445
 629.69 770.23 432.1 215.627 165.767
 930.297 1091.55 262.51 147.268 129.987
 856.005 1679.71 393.561 94.649 99.9655
 782.724 955.965 378.783 88.7502 43.8867
 1744.5 1934.5 490.47 194.339 68.051
 1583.31 3550.49 815.021 206.639 110.547
 1901.22 3876.2 1804.49 414.222 161.205
 517.584 4363.93 1842.38 857.68 273.503
 904.271 1416.52 2471.26 1043.32 640.579
 3338.85 3054.96 983.165 1715.22 1168.74
F
 0.0702941 0.329455 0.329455 0.329455 0.329455
 0.0525337 0.246215 0.246215 0.246215 0.246215
 0.0745355 0.349334 0.349334 0.349334 0.349334
 0.0147315 0.0690436 0.0690436 0.0690436 0.0690436
 0.00362734 0.0170006 0.0170006 0.0170006 0.0170006
 0.0457438 0.214392 0.214392 0.214392 0.214392
 0.0312269 0.146354 0.146354 0.146354 0.146354
 0.0586077 0.274683 0.274683 0.274683 0.274683
 0.0513685 0.240754 0.240754 0.240754 0.240754
 0.0299706 0.140466 0.140466 0.140466 0.140466
 0.0603556 0.282875 0.282875 0.282875 0.282875
 0.0527795 0.247367 0.247367 0.247367 0.247367
 0.077063 0.361179 0.361179 0.361179 0.361179
 0.121646 0.570133 0.570133 0.570133 0.570133
 0.0925351 0.433694 0.433694 0.433694 0.433694
 0.0406578 0.190555 0.190555 0.190555 0.190555
 0.0449929 0.210873 0.210873 0.210873 0.210873
 0.0391263 0.183377 0.183377 0.183377 0.183377
 0.0317859 0.148975 0.148975 0.148975 0.148975
 0.0265017 0.124208 0.124208 0.124208 0.124208
 0.0132639 0.0621652 0.0621652 0.0621652 0.0621652
 0.0146236 0.0685378 0.0685378 0.0685378 0.0685378
 0.0132496 0.0620984 0.0620984 0.0620984 0.0620984
 0.0144652 0.0677956 0.0677956 0.0677956 0.0677956
 0.0148275 0.0694935 0.0694935 0.0694935 0.0694935
 0.0182529 0.085548 0.085548 0.085548 0.085548
 0.0283671 0.132951 0.132951 0.132951 0.132951
Np
 56473 26083 28283.3 5205.07 2267.39
YTP_r0W_actual
 68613.1 154475 72269.7 161015 121753
YTP_p0W_proyectada
 23380.9 364936 97631.4 40125.9 111459
 23380.9 118991 187569 44083.2 21310.3
CTP_r0_actual
 8367.46 7151.64 2301.58 4015.33 2736.02
CTP_p0_proyectada
 2851.33 16895.2 3109.28 1000.65 2504.7
 2851.33 5508.84 5973.55 1099.33 478.882
Wmedp
 8.2 21.6 31.4 40.1 44.5
nmprior
 10.8 10.6 4.6 0
nm_flota  nm_reclas  nm_pelaces    nm_pelaL
inf 10.3388 12.1801 33.1062
cv_recla  cv_pelaces  cv_mph
0.795009 0.412687 0.493994
 ------------------------------------------------
Talla a la edad & desviaci?n 
 7.2 14.2025 17.0495 18.207 18.6776
 1.08 2.13037 2.55742 2.73105 2.80164
