years
 1997 1998 1999 2000 2001 2002 2003 2004 2005 2006 2007 2008 2009 2010 2011 2012 2013 2014 2015 2016 2017 2018 2019 2020 2021 2022 2023
reclasobs
 0 0 0 370054 412103 1.49427e+06 250295 1.28982e+06 931140 785840 897777 1.04006e+06 184774 17550 25797 100020 73551 82996 120727 218422 84188 347160 605670 569463 516374 1.08416e+06 1.01767e+06
reclaspred
 380465 109226 357722 234259 262968 279067 598676 442502 727096 668505 556757 401625 256738 144395 113379 95309.3 82141.5 103947 127856 182693 284202 336774 619954 693568 723012 594477 555792
pelacesobs
 0 0 0 0 0 0 0 0 0 2.06254e+06 1.5e+06 0 1.87456e+06 323000 250000 174000 83755 137374 0 501740 490994 745055 786931 1.00524e+06 1.33801e+06 1.41789e+06 0
pelacespred
 1.18929e+06 316669 588522 614469 589212 521882 1.24247e+06 1.1087e+06 1.67256e+06 1.54425e+06 1.19397e+06 898152 591611 306584 229657 197904 176343 208836 257434 356992 631714 676842 1.05584e+06 1.43968e+06 1.47019e+06 1.35254e+06 1.18149e+06
mphobs
 0 0 0 0 0 0 112323 0 153150 637223 0 255016 313432 73983 77613 109348 50772 17779 17303 59886 28197 0 207744 136588 643089 65757 70829
mphpred
 126666 86995.8 110224 144111 123404 149570 209082 245114 257988 364707 340689 260454 171001 100202 61440.8 51229 42011.2 42775.2 25050.8 33249.9 50056 67691.5 110044 156733 177137 157085 124101
desembarqueobs
 350755 77701 442110 56441 14545 235359 269955 359681 431902 328805 639364 411747 362871 311530 167758 66681 60226 58785 57116 73181 50977 67692 138656 160484 209506 203330 245020
desembarquepred
 350766 77704.8 442157 56443.5 14545.3 235464 269989 359711 431857 328845 639659 411963 363350 311959 167834 66712.6 60272.2 58796.4 57108.6 73186.7 50977.1 67685.9 138660 160485 209550 203366 245025
Reclutas
 79926.1 96842.3 57077.1 69344.9 93843.9 67792.2 130300 150073 317518 192295 87872.8 52431.9 48781.2 34004.3 25892.7 21261.2 15554.9 26124.8 46905.3 52857.6 96372.7 194876 194574 213829 56392.9 79444.5 182597
log_desv_Rt
 0.0488574 0.24084 -0.287841 -0.0931528 0.209388 -0.115798 0.537595 0.678874 1.42829 0.926784 0.143645 -0.37273 -0.4449 -0.805758 -1.07828 -1.27536 -1.58787 -1.06936 -0.484115 -0.364643 0.235978 0.940119 0.938567 1.03293 -0.299901 0.0428141 0.875035
SSB
 988083 678629 859828 1.12417e+06 962642 1.16675e+06 1.59175e+06 1.89457e+06 1.97745e+06 2.7989e+06 2.65761e+06 2.03173e+06 1.3608e+06 784361 489802 415880 353409 349932 428451 591565 854356 1.12972e+06 1.87839e+06 2.57655e+06 3.14112e+06 2.85365e+06 2.13916e+06
BT
 3.32901e+06 936681 1.73993e+06 1.62484e+06 1.51184e+06 1.52034e+06 3.35422e+06 3.22618e+06 4.65152e+06 4.24344e+06 3.61642e+06 2.66885e+06 1.8679e+06 1.08883e+06 733437 561610 503306 579861 704561 966600 1.6505e+06 1.78342e+06 2.77827e+06 3.80043e+06 3.90923e+06 3.62916e+06 3.22859e+06
Ftot
 0.289442 0.215166 0.301137 0.05883 0.0146078 0.183992 0.124119 0.232042 0.203398 0.121123 0.2449 0.211744 0.303664 0.465573 0.345924 0.153975 0.169842 0.148374 0.123362 0.104853 0.0523473 0.0577828 0.0525142 0.0572738 0.0587776 0.0719925 0.112043
BD_Bspro_t
 0.964732 0.830043 0.80389 0.712596 0.781964 0.851545 0.811495 0.822062 0.804977 0.82246 0.796307 0.689777 0.607604 0.523288 0.438182 0.458704 0.513449 0.603543 0.702089 0.798024 0.856775 0.909544 0.931028 0.929704 0.923889 0.894118 0.864369
BD_Bspro
 0.628513 0.431672 0.546931 0.715075 0.61233 0.742164 1.0125 1.20512 1.25784 1.78036 1.69049 1.29237 0.865598 0.498927 0.31156 0.264539 0.224801 0.222589 0.272535 0.376291 0.54345 0.718609 1.19483 1.63893 1.99804 1.81519 1.36071
BD_Bo
 0.270463 0.185758 0.235357 0.307713 0.2635 0.31937 0.435703 0.518592 0.541279 0.76613 0.727457 0.556135 0.372487 0.2147 0.134071 0.113837 0.096737 0.0957852 0.117278 0.161927 0.233859 0.309234 0.514162 0.705267 0.859804 0.781116 0.585543
BD_Brms
 0.491752 0.337742 0.427922 0.559478 0.47909 0.580673 0.792187 0.942895 0.984143 1.39296 1.32265 1.01115 0.677248 0.390363 0.243766 0.206976 0.175886 0.174155 0.213233 0.294412 0.425198 0.562243 0.93484 1.2823 1.56328 1.42021 1.06462
S_f
 0.221123 1 1 1 1
 0.221123 1 1 1 1
 0.221123 1 1 1 1
 0.221123 1 1 1 1
 0.221123 1 1 1 1
 0.221123 1 1 1 1
 0.221123 1 1 1 1
 0.221123 1 1 1 1
 0.221123 1 1 1 1
 0.221123 1 1 1 1
 0.221123 1 1 1 1
 0.221123 1 1 1 1
 0.221123 1 1 1 1
 0.221123 1 1 1 1
 0.221123 1 1 1 1
 0.221123 1 1 1 1
 0.221123 1 1 1 1
 0.221123 1 1 1 1
 0.221123 1 1 1 1
 0.221123 1 1 1 1
 0.221123 1 1 1 1
 0.221123 1 1 1 1
 0.221123 1 1 1 1
 0.221123 1 1 1 1
 0.221123 1 1 1 1
 0.221123 1 1 1 1
 0.221123 1 1 1 1
Scru_reclas
 1 1 1 1 1
 1 1 1 1 1
 1 1 1 1 1
 1 1 1 1 1
 1 1 1 1 1
 1 1 1 1 1
 1 1 1 1 1
 1 1 1 1 1
 1 1 1 1 1
 1 1 1 1 1
 1 1 1 1 1
 1 1 1 1 1
 1 1 1 1 1
 1 1 1 1 1
 1 1 1 1 1
 1 1 1 1 1
 1 1 1 1 1
 1 1 1 1 1
 1 1 1 1 1
 1 1 1 1 1
 1 1 1 1 1
 1 1 1 1 1
 1 1 1 1 1
 1 1 1 1 1
 1 1 1 1 1
 1 1 1 1 1
 1 1 1 1 1
Scru_pelaces
 1 1 1 1 1
 1 1 1 1 1
 1 1 1 1 1
 1 1 1 1 1
 1 1 1 1 1
 1 1 1 1 1
 1 1 1 1 1
 1 1 1 1 1
 1 1 1 1 1
 1 1 1 1 1
 1 1 1 1 1
 1 1 1 1 1
 1 1 1 1 1
 1 1 1 1 1
 1 1 1 1 1
 1 1 1 1 1
 1 1 1 1 1
 1 1 1 1 1
 1 1 1 1 1
 1 1 1 1 1
 1 1 1 1 1
 1 1 1 1 1
 1 1 1 1 1
 1 1 1 1 1
 1 1 1 1 1
 1 1 1 1 1
 1 1 1 1 1
pf_obs 
 0.256992 0.487395 0.22802 0.0275931 0
 0.321318 0.546541 0.124235 0.00734118 0.000564706
 0.182869 0.594174 0.210203 0.0122559 0.00049798
 0.330522 0.361315 0.267642 0.0388342 0.00168674
 0.649043 0.306663 0.0425973 0.00169635 0
 0.582887 0.30429 0.105238 0.00758474 0
 0.465427 0.430635 0.0974691 0.00646863 0
 0.296916 0.608066 0.0921331 0.00288517 0
 0.311714 0.524322 0.152257 0.0117073 0
 0.15457 0.633149 0.183074 0.0267441 0.00246327
 0.131901 0.49318 0.331252 0.0422183 0.00144891
 0.196976 0.569456 0.194076 0.0375587 0.00193317
 0.518974 0.381816 0.0799577 0.0180837 0.00116848
 0.0928022 0.601141 0.25162 0.0475244 0.00691264
 0.122501 0.610282 0.24278 0.0234846 0.000952079
 0.383417 0.481906 0.127806 0.00687128 0
 0.0376549 0.599619 0.316969 0.0457579 0
 0.0361596 0.667082 0.258105 0.0386534 0
 0.158088 0.579412 0.248529 0.0139706 0
 0.0477256 0.309471 0.559284 0.082774 0.000745712
 0.0406174 0.521527 0.379366 0.0568643 0.0016247
 0.151134 0.462217 0.34131 0.0453401 0
 0.294876 0.26143 0.354403 0.0886775 0.000613685
 0.281977 0.475581 0.204845 0.0348837 0.00271318
 0.0841818 0.532909 0.334909 0.0458182 0.00218182
 0.115287 0.27431 0.454777 0.147771 0.00785563
 0 0 0 0 0
pf_pred 
 0.395849 0.426671 0.158748 0.0187224 1.01671e-05
 0.322892 0.522201 0.1094 0.0407036 0.00480312
 0.176292 0.579439 0.188385 0.0394664 0.0164167
 0.236633 0.401074 0.254856 0.0828579 0.0245792
 0.265751 0.433125 0.158211 0.100533 0.0423805
 0.176049 0.512703 0.183602 0.0670656 0.0605809
 0.3224 0.34675 0.205871 0.0737237 0.0512554
 0.283499 0.497542 0.112048 0.0665251 0.0403856
 0.413836 0.389682 0.136438 0.0307264 0.0293175
 0.186009 0.632839 0.12043 0.0421659 0.0185564
 0.105798 0.466331 0.332648 0.0633034 0.0319184
 0.101148 0.335845 0.293612 0.209442 0.0599536
 0.146902 0.305857 0.20447 0.178757 0.164014
 0.154103 0.398743 0.160316 0.107173 0.179665
 0.175254 0.415844 0.19275 0.0774961 0.138656
 0.180233 0.433444 0.194787 0.0902871 0.101249
 0.15542 0.435395 0.216353 0.0972278 0.0956049
 0.278537 0.341133 0.196066 0.0974275 0.0868359
 0.359251 0.41701 0.105792 0.0608038 0.0571436
 0.280088 0.524112 0.12743 0.032328 0.0360424
 0.354134 0.418629 0.165433 0.0402226 0.0215808
 0.399907 0.43043 0.10997 0.0434577 0.0162352
 0.257282 0.561159 0.130228 0.0332716 0.0180602
 0.237167 0.469763 0.221429 0.0513867 0.0202551
 0.0668579 0.550962 0.235352 0.110936 0.0358926
 0.139791 0.214623 0.381178 0.162826 0.101582
 0.317838 0.294223 0.0967909 0.171905 0.119243
pobs_RECLAS
 0 0 0 0 0
 0 0 0 0 0
 0 0 0 0 0
 0 0 0 0 0
 0.835266 0.146461 0.0176864 0.000547809 3.91292e-05
 0.385257 0.428462 0.181853 0.0044286 0
 0.867414 0.0963971 0.0333333 0.00285562 0
 0.441836 0.489002 0.0689373 0.000224442 0
 0.779404 0.147425 0.0564933 0.0165055 0.000172143
 0.814271 0.122319 0.05973 0.00367925 0
 0.40263 0.566651 0.0304383 0.000280538 0
 0.475488 0.404961 0.113038 0.00651328 0
 0.955842 0.0263864 0.0167828 0.000988607 0
 0.975058 0.0227948 0.00214734 0 0
 0.738997 0.206755 0.0527124 0.00153531 0
 0.850938 0.134255 0.0134407 0.00136685 0
 0.542534 0.407297 0.0501686 0 0
 0.764087 0.199537 0.0359546 0.000420521 0
 0.470689 0.182191 0.310203 0.0369168 0
 0.84361 0.089868 0.0606195 0.00523954 0.000663233
 0.607945 0.314616 0.071237 0.00620181 0
 0.523733 0.453247 0.0230204 0 0
 0.530135 0.295979 0.169645 0.0042399 0
 0.562478 0.366248 0.0663022 0.0049721 0
 0.250443 0.683176 0.0655157 0.000865301 0
 0.195077 0.31981 0.436473 0.0351445 0.0134964
 0.565238 0.351407 0.0832357 0.000118908 0
ppred_RECLAS
 0.75073 0.176043 0.0654987 0.0077248 4.19491e-06
 0.68568 0.242411 0.0507847 0.018895 0.00222965
 0.496104 0.354467 0.115243 0.0241432 0.0100427
 0.584335 0.218391 0.138773 0.0451174 0.0133838
 0.620911 0.22362 0.0816835 0.0519045 0.0218809
 0.493821 0.314969 0.112792 0.0412005 0.0372168
 0.684053 0.16168 0.0959924 0.0343755 0.023899
 0.644372 0.24695 0.055614 0.033019 0.020045
 0.763446 0.157261 0.0550614 0.0124 0.0118315
 0.509725 0.381165 0.0725362 0.0253969 0.0111767
 0.351599 0.338145 0.241209 0.0459024 0.0231446
 0.33979 0.246679 0.215659 0.153836 0.0440361
 0.44205 0.200039 0.133729 0.116912 0.10727
 0.458973 0.255032 0.102537 0.0685471 0.114912
 0.495093 0.254578 0.118001 0.0474428 0.0848848
 0.50053 0.26409 0.118681 0.0550104 0.0616892
 0.456384 0.280243 0.139256 0.0625808 0.0615362
 0.637573 0.171369 0.0984938 0.0489428 0.0436221
 0.718406 0.183266 0.0464931 0.0267218 0.0251133
 0.6388 0.262961 0.0639352 0.0162198 0.0180835
 0.71312 0.185946 0.0734819 0.017866 0.00958572
 0.751367 0.178337 0.0455631 0.0180055 0.00672661
 0.610964 0.293936 0.0682133 0.0174277 0.00945995
 0.585033 0.255542 0.120453 0.0279534 0.0110184
 0.245239 0.445639 0.190361 0.0897293 0.0290313
 0.424447 0.143601 0.255041 0.108945 0.0679671
 0.679363 0.138294 0.0454947 0.0808004 0.056048
pobs_PELACES
 0 0 0 0 0
 0 0 0 0 0
 0 0 0 0 0
 0 0 0 0 0
 0 0 0 0 0
 0 0 0 0 0
 0 0 0 0 0
 0 0 0 0 0
 0 0 0 0 0
 0 0 0 0 0
 0.450072 0.473896 0.0757376 0.000293798 0
 0 0 0 0 0
 0.463077 0.371075 0.160297 0.00555027 0
 0.529543 0.364841 0.0842815 0.0213345 0
 0.631943 0.363953 0.00410389 0 0
 0.735681 0.248677 0.0153453 0.000297389 0
 0.695825 0.281241 0.0229344 0 0
 0.275771 0.60734 0.115278 0.00161068 0
 0 0 0 0 0
 0.896147 0.0623911 0.0374545 0.00400742 0
 0.803859 0.145111 0.0509908 3.86294e-05 0
 0.739449 0.233085 0.0266225 0.000797448 4.60066e-05
 0.878498 0.100942 0.0204185 0.000141795 0
 0.694673 0.275183 0.0284847 0.00165964 0
 0.469039 0.446079 0.0841089 0.000773354 0
 0.822795 0.102175 0.0682046 0.00682512 0
 0 0 0 0 0
ppred_PELACES
 0.76439 0.166395 0.0619091 0.00730146 3.96502e-06
 0.697475 0.233314 0.0488789 0.0181859 0.00214598
 0.51545 0.340858 0.110819 0.0232163 0.00965719
 0.588003 0.216464 0.137549 0.0447193 0.0132657
 0.621794 0.223099 0.0814931 0.0517836 0.0218299
 0.505643 0.307613 0.110158 0.0402382 0.0363475
 0.690907 0.158173 0.09391 0.0336297 0.0233806
 0.657919 0.237543 0.0534955 0.0317612 0.0192814
 0.772757 0.151071 0.0528941 0.0119119 0.0113658
 0.517502 0.375119 0.0713855 0.0249941 0.0109994
 0.36608 0.330593 0.235822 0.0448772 0.0226277
 0.352103 0.242078 0.211637 0.150967 0.0432148
 0.461378 0.19311 0.129096 0.112862 0.103554
 0.488799 0.240973 0.096884 0.0647682 0.108577
 0.517314 0.243374 0.112808 0.0453549 0.081149
 0.510423 0.258859 0.11633 0.0539208 0.0604673
 0.467234 0.274649 0.136477 0.0613318 0.0603081
 0.646338 0.167224 0.0961117 0.0477591 0.0425671
 0.724775 0.17912 0.0454415 0.0261174 0.0245452
 0.644995 0.258451 0.0628386 0.0159417 0.0177733
 0.715865 0.184167 0.0727789 0.0176951 0.00949401
 0.754132 0.176355 0.0450565 0.0178054 0.00665182
 0.614167 0.291515 0.0676516 0.0172842 0.00938205
 0.588602 0.253344 0.119417 0.027713 0.0109236
 0.248046 0.443982 0.189653 0.0893955 0.0289233
 0.428973 0.142471 0.253035 0.108088 0.0674326
 0.685603 0.135602 0.0446093 0.0792278 0.0549572
pobs_pel_tallas
 0 0 0 0 0 0 0 0 0 0 0 0 0 0 0 0 0 0 0 0 0 0 0 0 0 0 0 0 0 0 0 0 0 0 0 0
 0 0 0 0 0 0 0 0 0 0 0 0 0 0 0 0 0 0 0 0 0 0 0 0 0 0 0 0 0 0 0 0 0 0 0 0
 0 0 0 0 0 0 0 0 0 0 0 0 0 0 0 0 0 0 0 0 0 0 0 0 0 0 0 0 0 0 0 0 0 0 0 0
 0 0 0 0 0 0 0 0 0 0 0 0 0 0 0 0 0 0 0 0 0 0 0 0 0 0 0 0 0 0 0 0 0 0 0 0
 0 0 0 0 0 0 0 0 0 0 0 0 0 0 0 0 0 0 0 0 0 0 0 0 0 0 0 0 0 0 0 0 0 0 0 0
 0 0 0 0 0 0 0 0 0 0 0 0 0 0 0 0 0 0 0 0 0 0 0 0 0 0 0 0 0 0 0 0 0 0 0 0
 0 0 0 0 0 0 0 0 0 0 0 0 0 0 0 0 0 0 0 0 0 0 0 0 0 0 0 0 0 0 0 0 0 0 0 0
 0 0 0 0 0 0 0 0 0 0 0 0 0 0 0 0 0 0 0 0 0 0 0 0 0 0 0 0 0 0 0 0 0 0 0 0
 0 0 0 0 0 0 0 0 0 0 0 0 0 0 0 0 0 0 0 0 0 0 0 0 0 0 0 0 0 0 0 0 0 0 0 0
 0 0 0 0 0 0 0 0 0 0 0 0 0 0 0 0 0 0 0 0 0 0 0 0 0 0 0 0 0 0 0 0 0 0 0 0
 0 0 0 0 0 0 0 0 1.78061e-05 0.00172719 0.00360574 0.0105946 0.0120993 0.0124554 0.0147524 0.0171206 0.0266825 0.0428682 0.0675386 0.121331 0.153587 0.119568 0.100827 0.0573624 0.0630603 0.0341343 0.0324427 0.0444173 0.0211091 0.0280891 0.0125444 0.00206551 0 0 0 0
 0 0 0 0 0 0 0 0 0 0 0 0 0 0 0 0 0 0 0 0 0 0 0 0 0 0 0 0 0 0 0 0 0 0 0 0
 0 0 0 0 0 0 0.0133647 0.0140871 0.0187388 0.0205184 0.03894 0.0496705 0.03968 0.0493445 0.0407372 0.0367815 0.0215668 0.0243155 0.0234873 0.0199281 0.019796 0.0243948 0.0301388 0.0376714 0.0412746 0.0863199 0.0771752 0.113111 0.0741005 0.0525337 0.0229764 0.00759418 0.00175318 0 0 0
 0 0 0 0 0 0 0 0 0 0 0.00219441 0.00772107 0.0458388 0.0604681 0.0671733 0.0775358 0.0609151 0.0617685 0.073594 0.0568108 0.0755445 0.0548602 0.0670107 0.0636378 0.0643287 0.046367 0.0373049 0.0286899 0.0247887 0.0153202 0.00654259 0.00121912 0.000365735 0 0 0
 0 0 0 0 0 0 0 0 0 0 0 0 0.000112435 0.00938835 0.0111873 0.0202946 0.0414886 0.0713402 0.111592 0.104902 0.108894 0.110636 0.117776 0.105296 0.107544 0.0401394 0.0192827 0.0124803 0.00416011 0.0028671 0.000618394 0 0 0 0 0
 0 0 0 0 0 0 0 0 0 0 0.00291406 0.0102884 0.027416 0.0768956 0.0749926 0.110853 0.0956884 0.0897413 0.0766577 0.0534642 0.0500743 0.0551293 0.0594112 0.0620874 0.0668451 0.0424026 0.0208742 0.0120726 0.0048766 0.00582813 0.00118941 0.000297354 0 0 0 0
 0 0.00264628 0.0354308 0.0461629 0.0458689 0.0383711 0.0214643 0.0164657 0.0346957 0.0420465 0.0363128 0.0245516 0.0311673 0.0291091 0.0169068 0.0133784 0.00837989 0.0085269 0.0148486 0.0160247 0.0276389 0.0546898 0.0760071 0.122758 0.109233 0.0665981 0.0333725 0.0166128 0.00676272 0.00308733 0.000882094 0 0 0 0 0
 0 0 0 0 0 0 0 0.000805153 0.000690131 0.00759144 0.0133425 0.0154129 0.00931677 0.000345066 0.00356568 0.00563607 0.00851162 0.0253048 0.0502646 0.0516448 0.0657925 0.0565908 0.0611916 0.0827007 0.0866115 0.110766 0.145733 0.0935128 0.0569358 0.0249597 0.0138026 0.00621118 0.00161031 0.00115022 0 0
 0 0 0 0 0 0 0 0 0 0 0 0 0 0 0 0 0 0 0 0 0 0 0 0 0 0 0 0 0 0 0 0 0 0 0 0
 0.00147267 0.00158595 0.00478618 0.00569244 0.00954404 0.0108468 0.00647125 0.017049 0.0510054 0.094081 0.124002 0.0959785 0.0687766 0.0820023 0.061753 0.0591476 0.0492212 0.0479892 0.0443925 0.0268479 0.0217502 0.0140895 0.0121071 0.0120363 0.00920419 0.00665534 0.0049561 0.00860946 0.00930331 0.0156896 0.0114698 0.00855282 0.00243557 0.00046729 0 2.83206e-05
 0 0 0 0 0.000772559 0.00158375 0.000888443 0.00281984 0.00712685 0.0440552 0.0773331 0.111326 0.0921469 0.0852325 0.0710754 0.0886704 0.0786465 0.0553345 0.0373146 0.0185414 0.00753245 0.00457741 0.012979 0.0271748 0.0457355 0.0583668 0.034881 0.0177882 0.00938659 0.00492506 0.0015258 0.00185414 0.000309023 5.79419e-05 3.86279e-05 0
 0 0.00173294 0.00326652 0 0.00397197 0.00683976 0.00946217 0.0152591 0.00757587 0.0136028 0.0228656 0.0392903 0.0559909 0.0764795 0.0681675 0.0726916 0.0566044 0.0477403 0.0527397 0.0444891 0.0609904 0.0582453 0.0661739 0.0445044 0.0529084 0.0360697 0.0280645 0.0235558 0.0158879 0.00826598 0.00280645 0.00217768 0.000904811 0.00058276 9.20147e-05 0
 0 0 0 0 0 0 0 0 0 0 0 0 0 0 0 0 0 0 0 0 0 0 0 0 0 0 0 0 0 0 0 0 0 0 0 0
 0 0 0 0 0 0 0 0 0 0 0 0 0 0 0 0 0 0 0 0 0 0 0 0 0 0 0 0 0 0 0 0 0 0 0 0
 0 0 0 0 0 0 0 0 0 0 0 0 0 0 0 0 0 0 0 0 0 0 0 0 0 0 0 0 0 0 0 0 0 0 0 0
 0 0 0 0 0 0 0 0 0 0 0 0 0 0 0 0 0 0 0 0 0 0 0 0 0 0 0 0 0 0 0 0 0 0 0 0
 0 0 0 0 0 0 0 0 0 0 0 0 0 0 0 0 0 0 0 0 0 0 0 0 0 0 0 0 0 0 0 0 0 0 0 0
ppred_pel_tallas
 1.01185e-16 3.33505e-05 0.000195743 0.000930476 0.00358239 0.0111714 0.0282179 0.0577376 0.0957062 0.12853 0.139864 0.123365 0.0882976 0.0515087 0.0249565 0.0109234 0.00576646 0.00519751 0.00658752 0.00877807 0.0112878 0.0138179 0.0160891 0.01784 0.0188723 0.0190921 0.0185274 0.0173118 0.0156452 0.0137432 0.0117939 0.00993222 0.0082353 0.00673313 0.00542633 0.00430241
 1.01496e-16 3.04354e-05 0.000178622 0.00084907 0.00326893 0.0101938 0.0257489 0.0526862 0.0873355 0.117296 0.127658 0.112645 0.0807247 0.0472924 0.0232899 0.0108348 0.0066374 0.00680766 0.00894581 0.011959 0.0153318 0.0186806 0.021622 0.0237975 0.0249436 0.0249503 0.0238832 0.0219583 0.0194812 0.0167726 0.0141033 0.0116571 0.00952478 0.00772213 0.00621955 0.00496976
 1.02934e-16 2.25027e-05 0.00013204 0.000627591 0.00241614 0.00753442 0.0190316 0.038943 0.0645592 0.0867221 0.094426 0.0834215 0.0600018 0.0355949 0.0183554 0.00993014 0.00797037 0.00966418 0.0132549 0.0178806 0.0230214 0.028176 0.0327961 0.036354 0.0384504 0.0389009 0.0377698 0.0353365 0.0320125 0.0282368 0.0243868 0.0207266 0.0173993 0.0144511 0.0118705 0.00962321
 1.0418e-16 2.56613e-05 0.000150595 0.00071583 0.00275593 0.00859406 0.021708 0.0444182 0.073631 0.0988929 0.107638 0.0949983 0.068121 0.0399953 0.019861 0.00952434 0.00623738 0.00674895 0.00906351 0.0122819 0.0159812 0.0198348 0.0234984 0.0266302 0.0289511 0.0302973 0.0306432 0.0300867 0.028805 0.0270013 0.0248591 0.0225182 0.0200744 0.0175935 0.0151289 0.012735
 1.04029e-16 2.71349e-05 0.000159246 0.000756958 0.00291428 0.00908787 0.0229553 0.0469703 0.0778612 0.104573 0.113817 0.100445 0.0720105 0.0422457 0.0209152 0.0099206 0.00634526 0.00673888 0.00897868 0.012103 0.0156585 0.0193001 0.0226737 0.0254383 0.0273297 0.0282141 0.0281092 0.0271627 0.0256002 0.023662 0.0215502 0.0194014 0.0172866 0.0152308 0.0132391 0.0113177
 1.04745e-16 2.20737e-05 0.000129525 0.000615639 0.00237014 0.00739096 0.0186692 0.0382012 0.0633289 0.0850672 0.0926184 0.0818111 0.0588142 0.0348318 0.0178551 0.00949032 0.00742596 0.00890124 0.0122 0.0164971 0.0213173 0.026216 0.030707 0.0343192 0.0366901 0.0376419 0.0372111 0.0356182 0.0331953 0.0302957 0.0272184 0.0241676 0.0212501 0.0185006 0.0159175 0.0134939
 1.03633e-16 3.0146e-05 0.00017693 0.000841039 0.00323804 0.0100975 0.0255055 0.0521877 0.0865071 0.116177 0.126426 0.111521 0.0798394 0.0466141 0.0226606 0.010052 0.00550826 0.0051684 0.00667193 0.00898672 0.0116895 0.0145162 0.0172131 0.0195331 0.0212758 0.0223243 0.0226619 0.0223595 0.0215436 0.0203562 0.0189222 0.0173331 0.0156477 0.0139041 0.0121345 0.010376
 1.0283e-16 2.87107e-05 0.000168496 0.000800929 0.00308358 0.00961582 0.0242889 0.049699 0.0823842 0.110648 0.120428 0.106276 0.0761856 0.0446836 0.0220996 0.0104411 0.00661593 0.00696433 0.00922865 0.0123777 0.0159172 0.019469 0.02265 0.025099 0.0265474 0.0268776 0.0261445 0.0245497 0.0223817 0.019941 0.0174777 0.0151568 0.0130556 0.011184 0.00951556 0.00801517
 1.01741e-16 3.37147e-05 0.000197882 0.000940651 0.00362157 0.0112935 0.0285266 0.0583689 0.0967522 0.129933 0.141387 0.124698 0.0892305 0.0520097 0.0251185 0.0108566 0.00553389 0.00481036 0.00602851 0.00802543 0.0103319 0.0126712 0.0147918 0.0164591 0.017495 0.0178147 0.0174414 0.0164919 0.0151396 0.0135702 0.0119424 0.0103665 0.00890221 0.00756927 0.00636523 0.00528056
 1.02509e-16 2.25935e-05 0.00013257 0.000630105 0.00242581 0.00756456 0.0191078 0.0390991 0.0648189 0.0870735 0.0948152 0.0837811 0.0602947 0.035837 0.0186048 0.0102615 0.00845734 0.0103713 0.0142305 0.0191458 0.0245555 0.0299053 0.0345911 0.0380401 0.0398322 0.0397952 0.0380403 0.0349201 0.0309312 0.0265917 0.0223373 0.0184607 0.0151025 0.0122812 0.00994144 0.00800025
 1.06055e-16 1.59893e-05 9.38013e-05 0.0004458 0.0017162 0.00535168 0.0135182 0.0276621 0.0458612 0.0616151 0.0671147 0.0593554 0.0428281 0.0256819 0.0137539 0.00827048 0.00762692 0.0098853 0.0138386 0.0188812 0.0246048 0.0305652 0.036244 0.0411143 0.044741 0.0468621 0.0474268 0.0465735 0.0445666 0.0417157 0.0383071 0.0345673 0.0306597 0.0267033 0.0227967 0.0190352
 1.1029e-16 1.53761e-05 9.02095e-05 0.000428743 0.00165057 0.00514702 0.0130011 0.0266035 0.044104 0.0592481 0.06452 0.0570216 0.0410594 0.0244524 0.0127901 0.00722536 0.00619144 0.00781562 0.0109546 0.0150806 0.0198971 0.0251077 0.0303599 0.0352791 0.0395319 0.0428799 0.0452042 0.0464931 0.0468052 0.0462253 0.0448332 0.0426947 0.0398751 0.0364598 0.0325731 0.0283809
 1.10613e-16 2.01387e-05 0.000118176 0.000561709 0.00216254 0.00674359 0.0170339 0.0348544 0.0577782 0.0776045 0.0844754 0.074576 0.0535211 0.0315139 0.0158203 0.00787902 0.00556002 0.00634144 0.0086867 0.0119158 0.0157153 0.0198371 0.0240082 0.027946 0.0314048 0.0342159 0.036303 0.0376674 0.0383543 0.0384139 0.0378762 0.0367473 0.0350258 0.0327278 0.0299103 0.02668
 1.08753e-16 2.13362e-05 0.000125202 0.000595103 0.0022911 0.00714449 0.0180465 0.0369268 0.0612145 0.0822224 0.0895088 0.0790351 0.056755 0.0334852 0.0169321 0.00862813 0.00632138 0.00733602 0.0100258 0.0136336 0.0177717 0.0221085 0.0262846 0.0299456 0.0328091 0.0347187 0.0356635 0.0357544 0.0351703 0.0340948 0.0326676 0.0309647 0.0290086 0.026797 0.0243348 0.0216578
 1.07031e-16 2.25799e-05 0.000132503 0.00062981 0.00242473 0.00756121 0.0190991 0.0390805 0.0647844 0.0870162 0.0947241 0.0836325 0.0600395 0.035389 0.0178315 0.00898167 0.00644851 0.00739257 0.0100659 0.0136646 0.01778 0.0220664 0.0261512 0.0296673 0.0323219 0.0339532 0.0345525 0.0342418 0.0332206 0.0317011 0.0298571 0.0278 0.0255841 0.0232304 0.0207561 0.0181954
 1.06414e-16 2.228e-05 0.000130741 0.000621431 0.00239246 0.00746058 0.018845 0.0385605 0.063923 0.085861 0.093471 0.0825367 0.0592761 0.0349857 0.0177144 0.00906392 0.00668283 0.00777485 0.0106149 0.0144011 0.0187115 0.0231777 0.0273997 0.0309842 0.033619 0.0351348 0.035529 0.0349423 0.0336013 0.0317489 0.0295875 0.0272517 0.024812 0.0222981 0.0197288 0.017135
 1.06953e-16 2.03975e-05 0.000119687 0.000568877 0.00219011 0.00682954 0.0172511 0.0352994 0.0585182 0.078605 0.085582 0.0755945 0.0543425 0.0321789 0.0164886 0.0087578 0.00685567 0.00824056 0.0113421 0.0154197 0.0200618 0.0248874 0.0294738 0.0334017 0.0363347 0.0380847 0.0386379 0.0381311 0.036793 0.0348717 0.0325766 0.0300503 0.0273725 0.024584 0.0217171 0.0188174
 1.05049e-16 2.82029e-05 0.000165521 0.000786801 0.00302921 0.00944627 0.0238605 0.0488221 0.0809288 0.108688 0.118281 0.104349 0.0747325 0.0436884 0.0213436 0.00964845 0.00554683 0.00543764 0.00711961 0.00962723 0.0125558 0.015641 0.0186222 0.021243 0.0232939 0.0246501 0.0252878 0.0252701 0.0247142 0.0237492 0.0224848 0.0209958 0.0193269 0.0175076 0.0155698 0.0135589
 1.02748e-16 3.16235e-05 0.000185603 0.000882268 0.00339677 0.0105925 0.0267559 0.0547462 0.0907483 0.121874 0.132626 0.116993 0.0837645 0.0489195 0.0238054 0.0105964 0.00584895 0.00550519 0.00707539 0.00945625 0.0121772 0.0149327 0.0174321 0.0194035 0.020643 0.0210578 0.0206822 0.0196583 0.0181916 0.0164961 0.0147485 0.0130641 0.0114955 0.0100492 0.00870893 0.00745571
 1.02355e-16 2.8148e-05 0.000165191 0.000785211 0.00302305 0.00942706 0.0238121 0.0487237 0.0807683 0.10848 0.118074 0.104214 0.0747387 0.0438987 0.0218298 0.0105113 0.00692247 0.00748266 0.00997795 0.0133853 0.0171948 0.0209983 0.0243764 0.026933 0.0283742 0.0285727 0.0275924 0.0256605 0.0231021 0.0202586 0.0174172 0.0147723 0.0124195 0.0103761 0.00861427 0.00709041
 1.02145e-16 3.12353e-05 0.000183323 0.000871427 0.00335503 0.0104623 0.0264271 0.0540734 0.0896334 0.120377 0.131 0.115564 0.0827528 0.0483522 0.0235738 0.0105698 0.00594431 0.00569423 0.00736331 0.00986124 0.012718 0.0156211 0.0182681 0.0203719 0.021712 0.0221797 0.0217966 0.0206973 0.0190869 0.0171864 0.015187 0.0132242 0.0113747 0.00966945 0.00811336 0.0067029
 1.0162e-16 3.29035e-05 0.000193118 0.000917995 0.00353433 0.0110215 0.0278394 0.0569631 0.0944228 0.126807 0.137992 0.12172 0.0871342 0.0508578 0.0246927 0.0108953 0.00587574 0.00540576 0.00689033 0.00918039 0.0117895 0.0144072 0.0167412 0.01852 0.0195417 0.0197171 0.0190866 0.0178018 0.016081 0.0141538 0.0122145 0.0103951 0.00876213 0.00733011 0.00608366 0.00499725
 1.02088e-16 2.68051e-05 0.000157304 0.000747709 0.00287865 0.00897673 0.0226747 0.0463966 0.0769121 0.103305 0.112452 0.0992777 0.0712553 0.0419666 0.0210803 0.0105017 0.00737389 0.00830107 0.0111755 0.0150036 0.0192575 0.0234858 0.0272149 0.0299974 0.031502 0.031588 0.0303326 0.0279999 0.0249663 0.0216274 0.0183177 0.015265 0.0125831 0.0102941 0.0083647 0.00674042
 1.03241e-16 2.5689e-05 0.000150754 0.000716578 0.0027588 0.00860299 0.0217306 0.0444647 0.073709 0.0990007 0.107763 0.0951274 0.0682541 0.0401547 0.0200901 0.00988117 0.00678829 0.00756142 0.0101953 0.0137652 0.0178049 0.0219294 0.0257309 0.0288127 0.0308639 0.031723 0.0314033 0.0300722 0.0279936 0.0254573 0.0227176 0.0199596 0.0172952 0.0147795 0.0124365 0.0102798
 1.0726e-16 1.08469e-05 6.36007e-05 0.000302201 0.00116327 0.00362736 0.00916286 0.0187516 0.0310952 0.0417973 0.0455819 0.0404403 0.0294588 0.0182239 0.0107769 0.00805155 0.00906267 0.0125725 0.0177775 0.0241894 0.0313453 0.03866 0.0454433 0.0510111 0.0548267 0.0566104 0.0563842 0.0544312 0.0511955 0.0471581 0.0427325 0.0382097 0.0337552 0.029444 0.0253081 0.021375
 1.10504e-16 1.8724e-05 0.000109874 0.00052225 0.00201062 0.00626986 0.0158372 0.0324056 0.0537183 0.0721494 0.0785321 0.0693169 0.0497205 0.0292243 0.0145788 0.00711801 0.00486349 0.00548267 0.007574 0.0105499 0.0141791 0.0182976 0.0227097 0.0271835 0.0314767 0.035365 0.0386593 0.0412098 0.0429014 0.043649 0.0433992 0.0421411 0.039921 0.0368523 0.0331146 0.0289381
 1.05968e-16 2.99135e-05 0.000175568 0.000834571 0.00321314 0.0100199 0.0253094 0.0517863 0.0858411 0.115281 0.125445 0.110643 0.0791829 0.0461745 0.0223416 0.00973134 0.00507924 0.00454748 0.00579462 0.00780848 0.0101946 0.0127298 0.0152103 0.0174409 0.0192652 0.0205936 0.0214133 0.0217738 0.0217568 0.0214426 0.0208849 0.0201034 0.019093 0.0178425 0.0163554 0.0146619
pSPR Fmed_Fpbrs
0.436047   0.6 0.325
Fs Fmed_Fpbrs
0.64   0.337662 1.0146
SSBpbr Bo_Bmed_Bpbrs
3.65329e+06  1.41034e+06  2.00931e+06 1.00466e+06
Ro
76115
SPR SPRFo_SPRFmed_SPRFpbrs
1.5721e+06 685507 510931
log_Ro
11.06
likeval ReclasPelacesDesembMPH_pf_preclas_ppelaces_ptallas_desvR_qrecl_qpela
 86.4171 14.6513 0.0277459 151.904 354.717 238.913 61.1865 0 21.4319 0.000138237 6.13166e-06 7.12665e-16 0 0 0
q_reclas_q_pelaces
0.188987 0.703075
M
0.7
N
 79926.1 20978.6 7805.32 920.546 0.499898
 96842.3 37229.4 7799.51 2901.9 342.43
 57077.1 45856 14908.5 3123.32 1299.19
 69344.9 26517.8 16850.3 5478.31 1625.1
 93843.9 33990.6 12416 7889.55 3325.92
 67792.2 46451.2 16634.4 6076.19 5488.67
 130300 32322.4 19190.4 6872.2 4777.8
 150073 62953.3 14177.3 8417.32 5109.93
 317518 70796.5 24787.8 5582.3 5326.34
 192295 150740 28686.1 10043.8 4420.08
 87872.8 92967.1 66316.3 12620.1 6363.2
 52431.9 41336.1 36138 25778.4 7379.15
 48781.2 24845.9 16609.8 14521.1 13323.4
 34004.3 22650.9 9106.87 6088.06 10206
 25892.7 15234.1 7061.27 2839.01 5079.56
 21261.2 11911.1 5352.77 2481.1 2782.33
 15554.9 10204.6 5070.78 2278.78 2240.74
 26124.8 7439.6 4275.89 2124.74 1893.76
 46905.3 12554.5 3184.97 1830.55 1720.36
 52857.6 22665.7 5510.82 1398.05 1558.69
 96372.7 25646.7 10135 2464.18 1322.12
 194876 47306.5 12086.3 4776.23 1784.33
 194574 95543.9 22172.8 5664.88 3074.96
 213829 95507 45018.4 10447.4 4118.05
 56392.9 104848 44787.4 21111.1 6830.35
 79444.5 27642.3 49093.8 20971.2 13083.3
 182597 38827.9 12773.3 22685.8 15736.3
pred_Ctot
 3576.79 3855.28 1434.4 169.171 0.0918674
 3244.92 5247.9 1099.43 409.054 48.2693
 2654.48 8724.77 2836.56 594.256 247.19
 645.03 1093.27 694.704 225.86 66.9996
 217.687 354.789 129.597 82.3502 34.7155
 1948.3 5673.99 2031.89 742.203 670.438
 2540.89 2732.8 1622.51 581.031 403.953
 5414.06 9501.71 2139.82 1270.45 771.256
 10068.7 9481.05 3319.58 747.58 713.302
 3660.36 12453.3 2369.87 829.759 365.161
 3341.63 14729 10506.7 1999.43 1008.14
 1729.48 5742.45 5020.32 3581.15 1025.12
 2287.14 4761.93 3183.41 2783.09 2553.55
 2406.59 6227.06 2503.61 1673.7 2805.77
 1377.32 3268.12 1514.83 609.042 1089.7
 512.838 1233.33 554.251 256.904 288.095
 413.225 1157.61 575.232 258.506 254.191
 607.564 744.103 427.672 212.515 189.412
 909.16 1055.33 267.729 153.877 144.614
 872.387 1632.45 396.905 100.692 112.261
 798.159 943.52 372.859 90.655 48.6394
 1780.6 1916.51 489.645 193.497 72.2877
 1616.57 3525.92 818.256 209.055 113.477
 1936.66 3836.01 1808.15 419.615 165.4
 524.09 4318.91 1844.89 869.611 281.357
 903.151 1386.62 2462.69 1051.97 656.294
 3218.06 2978.96 979.992 1740.51 1207.32
F
 0.0640022 0.289442 0.289442 0.289442 0.289442
 0.0475781 0.215166 0.215166 0.215166 0.215166
 0.0665882 0.301137 0.301137 0.301137 0.301137
 0.0130087 0.05883 0.05883 0.05883 0.05883
 0.00323012 0.0146078 0.0146078 0.0146078 0.0146078
 0.0406848 0.183992 0.183992 0.183992 0.183992
 0.0274455 0.124119 0.124119 0.124119 0.124119
 0.0513097 0.232042 0.232042 0.232042 0.232042
 0.0449758 0.203398 0.203398 0.203398 0.203398
 0.026783 0.121123 0.121123 0.121123 0.121123
 0.054153 0.2449 0.2449 0.2449 0.2449
 0.0468214 0.211744 0.211744 0.211744 0.211744
 0.0671471 0.303664 0.303664 0.303664 0.303664
 0.102949 0.465573 0.465573 0.465573 0.465573
 0.0764917 0.345924 0.345924 0.345924 0.345924
 0.0340473 0.153975 0.153975 0.153975 0.153975
 0.037556 0.169842 0.169842 0.169842 0.169842
 0.0328089 0.148374 0.148374 0.148374 0.148374
 0.0272782 0.123362 0.123362 0.123362 0.123362
 0.0231855 0.104853 0.104853 0.104853 0.104853
 0.0115752 0.0523473 0.0523473 0.0523473 0.0523473
 0.0127771 0.0577828 0.0577828 0.0577828 0.0577828
 0.0116121 0.0525142 0.0525142 0.0525142 0.0525142
 0.0126645 0.0572738 0.0572738 0.0572738 0.0572738
 0.0129971 0.0587776 0.0587776 0.0587776 0.0587776
 0.0159192 0.0719925 0.0719925 0.0719925 0.0719925
 0.0247753 0.112043 0.112043 0.112043 0.112043
Np
 64790.6 29859.3 31338.3 6106.99 2720.78
YTP_r0W_actual
 77805.8 176225 84275.5 191148 147140
YTP_p0W_proyectada
 27607.8 401467 113731 47780.4 135979
 27607.8 135520 206764 51456.6 25440.4
CTP_r0_actual
 9488.52 8158.57 2683.93 4766.77 3306.52
CTP_p0_proyectada
 3366.8 18586.5 3622 1191.53 3055.7
 3366.8 6274.07 6584.84 1283.21 571.694
Wmedp
 8.2 21.6 31.4 40.1 44.5
nmprior
 10.8 10.6 4.6 0
nm_flota  nm_reclas  nm_pelaces    nm_pelaL
inf 9.79815 11.5116 30.5908
cv_recla  cv_pelaces  cv_mph
0.805064 0.419304 0.494097
 ------------------------------------------------
Talla a la edad & desviaci?n 
 7.2 14.2025 17.0495 18.207 18.6776
 1.08 2.13037 2.55742 2.73105 2.80164
