years
 1997 1998 1999 2000 2001 2002 2003 2004 2005 2006 2007 2008 2009 2010 2011 2012 2013 2014 2015 2016 2017 2018 2019 2020 2021 2022 2023
reclasobs
 0 0 0 370054 412103 1.49427e+06 250295 1.28982e+06 931140 785840 897777 1.04006e+06 184774 17550 25797 100020 73551 82996 120727 218422 84188 347160 605670 569463 516374 1.08416e+06 1.01767e+06
reclaspred
 6.13681e+06 1.01509e+06 1.21529e+06 225529 234782 308349 579146 471907 630505 1.07706e+06 1.06439e+06 714500 456499 139941 103115 124632 95362.7 74232.4 97571.3 146600 187484 245981 544776 630032 927871 646038 213883
pelacesobs
 0 0 0 0 0 0 0 0 0 2.06254e+06 1.5e+06 0 1.87456e+06 323000 250000 174000 83755 137374 0 501740 490994 745055 786931 1.00524e+06 1.33801e+06 1.41789e+06 0
pelacespred
 9.26897e+06 3.86207e+06 866586 388464 661820 429261 1.93494e+06 1.15301e+06 2.01412e+06 2.91148e+06 1.96418e+06 1.60049e+06 1.0027e+06 287482 227466 239925 167048 150650 205137 252010 473346 527236 865336 1.28841e+06 1.54597e+06 1.05225e+06 220654
mphobs
 0 0 0 0 0 0 112323 0 153150 637223 0 255016 313432 73983 77613 109348 50772 17779 17303 59886 28197 0 207744 136588 643089 65757 70829
mphpred
 1.25775e+06 529359 220279 73742.1 47333.2 143108 153947 275097 225864 423126 459059 275151 216436 118953 63407.9 60371.3 40202 30960.8 28160.1 40060.2 44646.5 72566.4 117164 156940 225274 131708 90371.1
desembarqueobs
 350755 77701 442110 56441 14545 235359 269955 359681 431902 328805 639364 411747 362871 311530 167758 66681 60226 58785 57116 73181 50977 67692 138656 160484 209506 203330 245020
desembarquepred
 350743 77677 441496 56407.1 14542.2 235151 269747 358809 430998 328623 638257 410902 362402 310408 167293 66661.1 60223.6 58635.6 56950.6 73124.8 50946.4 67588.6 138624 160368 209535 203142 244462
Reclutas
 9090.28 12986.4 1548.66 4408.12 37589.4 10543 62776.2 37533.6 106410 102737 51014.6 68695 44946.5 30491 15807.3 8575.92 4773.93 6757.19 11788.2 5930.75 16058.6 28131.3 25893.5 54286.6 4740.57 28364.4 1575.15
log_desv_Rt
 -0.625039 -0.268341 -2.39485 -1.3488 0.794477 -0.47678 1.30733 0.792991 1.83506 1.79992 1.09987 1.39743 0.973227 0.585187 -0.0717706 -0.683286 -1.26907 -0.921637 -0.365143 -1.05209 -0.0560006 0.504638 0.421747 1.16203 -1.27609 0.512891 -2.3779
SSB
 1.57406e+06 662486 275676 92287.4 59237 179098 183326 336605 270355 515125 574507 344348 284049 123140 69228.5 64901.9 48054.4 35747.5 43352.3 66749.4 67480.2 105213 176590 221328 360373 230885 146775
BT
 2.05383e+06 797351 397202 142900 241482 281487 983398 741954 1.18652e+06 1.20589e+06 1.10241e+06 901478 667420 384008 218942 120903 97433.1 99968.8 114276 121285 198932 204672 305084 503132 469260 447971 238177
Ftot
 0.179041 0.302602 1.31677 1.00231 0.299094 1.8092 1.99271 2.07161 2.70073 0.947629 1.64751 1.84349 2.21138 4.95303 4.11049 1.41781 1.75494 2.42429 1.83357 1.32238 0.973571 0.873159 0.733927 0.871494 0.623504 1.14595 2.49794
BD_Bspro_t
 0.975135 0.822166 0.562452 0.190544 0.233527 0.522501 0.358344 0.435907 0.345721 0.451605 0.436431 0.263027 0.230293 0.125621 0.0845281 0.0955555 0.100532 0.107111 0.161075 0.273906 0.299768 0.463516 0.548834 0.528288 0.57894 0.394108 0.286972
BD_Bspro
 4.48729 1.8886 0.78589 0.26309 0.168871 0.510568 0.522621 0.959584 0.770722 1.46851 1.63779 0.981658 0.80976 0.351045 0.197355 0.185021 0.136992 0.101908 0.123588 0.190287 0.192371 0.299938 0.503419 0.630956 1.02734 0.658201 0.418422
BD_Bo
 2.68539 1.13022 0.470311 0.157445 0.10106 0.305546 0.312759 0.574257 0.461234 0.878818 0.980124 0.587467 0.484596 0.210081 0.118106 0.110724 0.0819821 0.0609862 0.0739602 0.113876 0.115123 0.179496 0.301268 0.377592 0.614806 0.393896 0.250402
BD_Brms
 4.88253 2.05494 0.85511 0.286263 0.183745 0.555538 0.568653 1.0441 0.838607 1.59785 1.78204 1.06812 0.881083 0.381965 0.214738 0.201317 0.149058 0.110884 0.134473 0.207048 0.209315 0.326357 0.54776 0.68653 1.11783 0.716175 0.455277
S_f
 0.0877787 0.81589 0.995124 0.999894 0.999998
 0.0877787 0.81589 0.995124 0.999894 0.999998
 0.0877787 0.81589 0.995124 0.999894 0.999998
 0.0877787 0.81589 0.995124 0.999894 0.999998
 0.0877787 0.81589 0.995124 0.999894 0.999998
 0.0877787 0.81589 0.995124 0.999894 0.999998
 0.0877787 0.81589 0.995124 0.999894 0.999998
 0.0877787 0.81589 0.995124 0.999894 0.999998
 0.0877787 0.81589 0.995124 0.999894 0.999998
 0.0877787 0.81589 0.995124 0.999894 0.999998
 0.0877787 0.81589 0.995124 0.999894 0.999998
 0.0877787 0.81589 0.995124 0.999894 0.999998
 0.0877787 0.81589 0.995124 0.999894 0.999998
 0.0877787 0.81589 0.995124 0.999894 0.999998
 0.0877787 0.81589 0.995124 0.999894 0.999998
 0.0877787 0.81589 0.995124 0.999894 0.999998
 0.0877787 0.81589 0.995124 0.999894 0.999998
 0.0877787 0.81589 0.995124 0.999894 0.999998
 0.0877787 0.81589 0.995124 0.999894 0.999998
 0.0877787 0.81589 0.995124 0.999894 0.999998
 0.0877787 0.81589 0.995124 0.999894 0.999998
 0.0877787 0.81589 0.995124 0.999894 0.999998
 0.0877787 0.81589 0.995124 0.999894 0.999998
 0.0877787 0.81589 0.995124 0.999894 0.999998
 0.0877787 0.81589 0.995124 0.999894 0.999998
 0.0877787 0.81589 0.995124 0.999894 0.999998
 0.0877787 0.81589 0.995124 0.999894 0.999998
Scru_reclas
 0.127965 0.424793 0.787984 0.94925 0.989488
 0.127965 0.424793 0.787984 0.94925 0.989488
 0.127965 0.424793 0.787984 0.94925 0.989488
 0.127965 0.424793 0.787984 0.94925 0.989488
 0.127965 0.424793 0.787984 0.94925 0.989488
 0.127965 0.424793 0.787984 0.94925 0.989488
 0.127965 0.424793 0.787984 0.94925 0.989488
 0.127965 0.424793 0.787984 0.94925 0.989488
 0.127965 0.424793 0.787984 0.94925 0.989488
 0.127965 0.424793 0.787984 0.94925 0.989488
 0.127965 0.424793 0.787984 0.94925 0.989488
 0.127965 0.424793 0.787984 0.94925 0.989488
 0.127965 0.424793 0.787984 0.94925 0.989488
 0.127965 0.424793 0.787984 0.94925 0.989488
 0.127965 0.424793 0.787984 0.94925 0.989488
 0.127965 0.424793 0.787984 0.94925 0.989488
 0.127965 0.424793 0.787984 0.94925 0.989488
 0.127965 0.424793 0.787984 0.94925 0.989488
 0.127965 0.424793 0.787984 0.94925 0.989488
 0.127965 0.424793 0.787984 0.94925 0.989488
 0.127965 0.424793 0.787984 0.94925 0.989488
 0.127965 0.424793 0.787984 0.94925 0.989488
 0.127965 0.424793 0.787984 0.94925 0.989488
 0.127965 0.424793 0.787984 0.94925 0.989488
 0.127965 0.424793 0.787984 0.94925 0.989488
 0.127965 0.424793 0.787984 0.94925 0.989488
 0.127965 0.424793 0.787984 0.94925 0.989488
Scru_pelaces
 0.357738 0.737061 0.933807 0.986111 0.997209
 0.357738 0.737061 0.933807 0.986111 0.997209
 0.357738 0.737061 0.933807 0.986111 0.997209
 0.357738 0.737061 0.933807 0.986111 0.997209
 0.357738 0.737061 0.933807 0.986111 0.997209
 0.357738 0.737061 0.933807 0.986111 0.997209
 0.357738 0.737061 0.933807 0.986111 0.997209
 0.357738 0.737061 0.933807 0.986111 0.997209
 0.357738 0.737061 0.933807 0.986111 0.997209
 0.357738 0.737061 0.933807 0.986111 0.997209
 0.357738 0.737061 0.933807 0.986111 0.997209
 0.357738 0.737061 0.933807 0.986111 0.997209
 0.357738 0.737061 0.933807 0.986111 0.997209
 0.357738 0.737061 0.933807 0.986111 0.997209
 0.357738 0.737061 0.933807 0.986111 0.997209
 0.357738 0.737061 0.933807 0.986111 0.997209
 0.357738 0.737061 0.933807 0.986111 0.997209
 0.357738 0.737061 0.933807 0.986111 0.997209
 0.357738 0.737061 0.933807 0.986111 0.997209
 0.357738 0.737061 0.933807 0.986111 0.997209
 0.357738 0.737061 0.933807 0.986111 0.997209
 0.357738 0.737061 0.933807 0.986111 0.997209
 0.357738 0.737061 0.933807 0.986111 0.997209
 0.357738 0.737061 0.933807 0.986111 0.997209
 0.357738 0.737061 0.933807 0.986111 0.997209
 0.357738 0.737061 0.933807 0.986111 0.997209
 0.357738 0.737061 0.933807 0.986111 0.997209
pf_obs 
 0.256992 0.487395 0.22802 0.0275931 0
 0.321318 0.546541 0.124235 0.00734118 0.000564706
 0.182869 0.594174 0.210203 0.0122559 0.00049798
 0.330522 0.361315 0.267642 0.0388342 0.00168674
 0.649043 0.306663 0.0425973 0.00169635 0
 0.582887 0.30429 0.105238 0.00758474 0
 0.465427 0.430635 0.0974691 0.00646863 0
 0.296916 0.608066 0.0921331 0.00288517 0
 0.311714 0.524322 0.152257 0.0117073 0
 0.15457 0.633149 0.183074 0.0267441 0.00246327
 0.131901 0.49318 0.331252 0.0422183 0.00144891
 0.196976 0.569456 0.194076 0.0375587 0.00193317
 0.518974 0.381816 0.0799577 0.0180837 0.00116848
 0.0928022 0.601141 0.25162 0.0475244 0.00691264
 0.122501 0.610282 0.24278 0.0234846 0.000952079
 0.383417 0.481906 0.127806 0.00687128 0
 0.0376549 0.599619 0.316969 0.0457579 0
 0.0361596 0.667082 0.258105 0.0386534 0
 0.158088 0.579412 0.248529 0.0139706 0
 0.0477256 0.309471 0.559284 0.082774 0.000745712
 0.0406174 0.521527 0.379366 0.0568643 0.0016247
 0.151134 0.462217 0.34131 0.0453401 0
 0.294876 0.26143 0.354403 0.0886775 0.000613685
 0.281977 0.475581 0.204845 0.0348837 0.00271318
 0.0841818 0.532909 0.334909 0.0458182 0.00218182
 0.115287 0.27431 0.454777 0.147771 0.00785563
 0 0 0 0 0
pf_pred 
 0.0151403 0.638768 0.305742 0.0403473 1.97771e-06
 0.040324 0.116631 0.586376 0.226882 0.0297873
 0.0124286 0.320656 0.0988273 0.395801 0.172287
 0.148076 0.159034 0.282071 0.0613407 0.349479
 0.617228 0.278533 0.0248824 0.0324562 0.0468997
 0.0882917 0.859179 0.0405068 0.00288215 0.00914017
 0.63015 0.242591 0.122341 0.00380173 0.00111614
 0.208478 0.77277 0.0140292 0.00454285 0.000180533
 0.557187 0.379311 0.0625412 0.000720452 0.000239735
 0.255159 0.726211 0.0169857 0.00162009 2.45193e-05
 0.13102 0.706816 0.15915 0.00275088 0.000264336
 0.292894 0.52322 0.159256 0.0241766 0.000453445
 0.212831 0.708431 0.0640061 0.0127768 0.00195472
 0.308789 0.605043 0.0806142 0.00452471 0.00102863
 0.302312 0.685341 0.0116843 0.000621021 4.17504e-05
 0.196233 0.776561 0.0269823 0.000211935 1.17784e-05
 0.150251 0.676321 0.169302 0.00409194 3.36147e-05
 0.345738 0.512525 0.12112 0.0201304 0.000485415
 0.420866 0.543314 0.0307116 0.00437431 0.000734832
 0.14887 0.79478 0.0540121 0.00200684 0.000330267
 0.388335 0.441651 0.161922 0.0077589 0.000332756
 0.324248 0.604116 0.0558027 0.0150852 0.000748094
 0.186356 0.693168 0.110691 0.00763425 0.00215031
 0.312839 0.4976 0.167478 0.0203011 0.00178218
 0.0205707 0.832546 0.114368 0.0287517 0.00376351
 0.265239 0.138605 0.525054 0.0554421 0.0156596
 0.0216674 0.850655 0.0311782 0.0850743 0.0114252
pobs_RECLAS
 0 0 0 0 0
 0 0 0 0 0
 0 0 0 0 0
 0 0 0 0 0
 0.835266 0.146461 0.0176864 0.000547809 3.91292e-05
 0.385257 0.428462 0.181853 0.0044286 0
 0.867414 0.0963971 0.0333333 0.00285562 0
 0.441836 0.489002 0.0689373 0.000224442 0
 0.779404 0.147425 0.0564933 0.0165055 0.000172143
 0.814271 0.122319 0.05973 0.00367925 0
 0.40263 0.566651 0.0304383 0.000280538 0
 0.475488 0.404961 0.113038 0.00651328 0
 0.955842 0.0263864 0.0167828 0.000988607 0
 0.975058 0.0227948 0.00214734 0 0
 0.738997 0.206755 0.0527124 0.00153531 0
 0.850938 0.134255 0.0134407 0.00136685 0
 0.542534 0.407297 0.0501686 0 0
 0.764087 0.199537 0.0359546 0.000420521 0
 0.470689 0.182191 0.310203 0.0369168 0
 0.84361 0.089868 0.0606195 0.00523954 0.000663233
 0.607945 0.314616 0.071237 0.00620181 0
 0.523733 0.453247 0.0230204 0 0
 0.530135 0.295979 0.169645 0.0042399 0
 0.562478 0.366248 0.0663022 0.0049721 0
 0.250443 0.683176 0.0655157 0.000865301 0
 0.195077 0.31981 0.436473 0.0351445 0.0134964
 0.565238 0.351407 0.0832357 0.000118908 0
ppred_RECLAS
 0.035074 0.524071 0.380634 0.0602181 3.07652e-06
 0.0722138 0.0734714 0.559362 0.259449 0.0355032
 0.0253761 0.211499 0.0957124 0.459119 0.208293
 0.249427 0.0893423 0.235502 0.0613607 0.364368
 0.790876 0.125567 0.0169876 0.0265627 0.0400064
 0.236018 0.699319 0.0473146 0.00402957 0.0133188
 0.833136 0.0952651 0.0682831 0.00253909 0.000776934
 0.46991 0.511642 0.0131447 0.00509272 0.000210932
 0.817755 0.148307 0.0333209 0.000458774 0.000159104
 0.502237 0.479139 0.0166866 0.00190701 3.00815e-05
 0.309069 0.518271 0.168817 0.00349347 0.000349875
 0.549056 0.297297 0.129632 0.0235541 0.00046043
 0.473206 0.453363 0.0575093 0.0137324 0.00218964
 0.722246 0.238164 0.0365694 0.00244194 0.00057852
 0.679665 0.313307 0.00658148 0.000416926 2.92107e-05
 0.429372 0.542782 0.0275725 0.00025936 1.50231e-05
 0.345782 0.477274 0.171928 0.00497417 4.25884e-05
 0.634543 0.26209 0.0858714 0.0170662 0.000428902
 0.699342 0.274011 0.0221999 0.0037846 0.000662624
 0.344289 0.593423 0.0592011 0.00263454 0.000451891
 0.624929 0.237669 0.129628 0.00744237 0.000332671
 0.573103 0.360298 0.0496759 0.0160916 0.000831736
 0.383684 0.487221 0.116625 0.00963955 0.00282991
 0.540763 0.290279 0.145836 0.021183 0.0019382
 0.0531917 0.741279 0.153105 0.0461314 0.00629373
 0.436311 0.0749859 0.419944 0.0531212 0.0156382
 0.0694782 0.751194 0.0380003 0.123975 0.0173523
pobs_PELACES
 0 0 0 0 0
 0 0 0 0 0
 0 0 0 0 0
 0 0 0 0 0
 0 0 0 0 0
 0 0 0 0 0
 0 0 0 0 0
 0 0 0 0 0
 0 0 0 0 0
 0 0 0 0 0
 0.450072 0.473896 0.0757376 0.000293798 0
 0 0 0 0 0
 0.463077 0.371075 0.160297 0.00555027 0
 0.529543 0.364841 0.0842815 0.0213345 0
 0.631943 0.363953 0.00410389 0 0
 0.735681 0.248677 0.0153453 0.000297389 0
 0.695825 0.281241 0.0229344 0 0
 0.275771 0.60734 0.115278 0.00161068 0
 0 0 0 0 0
 0.896147 0.0623911 0.0374545 0.00400742 0
 0.803859 0.145111 0.0509908 3.86294e-05 0
 0.739449 0.233085 0.0266225 0.000797448 4.60066e-05
 0.878498 0.100942 0.0204185 0.000141795 0
 0.694673 0.275183 0.0284847 0.00165964 0
 0.469039 0.446079 0.0841089 0.000773354 0
 0.822795 0.102175 0.0682046 0.00682512 0
 0 0 0 0 0
ppred_PELACES
 0.0673487 0.598281 0.293655 0.0407136 2.0179e-06
 0.16759 0.0984065 0.50262 0.204266 0.0271168
 0.0808952 0.304968 0.0871973 0.365903 0.161037
 0.5186 0.0906166 0.153749 0.0350613 0.201973
 0.886442 0.0812946 0.00737985 0.0101109 0.0147731
 0.443344 0.527876 0.0219175 0.00163164 0.0052316
 0.939934 0.0413265 0.0179818 0.000584308 0.00017344
 0.704512 0.289414 0.00449264 0.00152087 6.1106e-05
 0.93752 0.0551505 0.00721347 8.66933e-05 2.91647e-05
 0.674207 0.317917 0.00714976 0.000715211 1.09445e-05
 0.542084 0.379754 0.07664 0.00138668 0.000134722
 0.77957 0.168234 0.0449258 0.00713499 0.000135299
 0.723325 0.252827 0.0192188 0.00400891 0.000620086
 0.936789 0.058322 0.00456308 0.000265031 6.09025e-05
 0.902665 0.0961886 0.00108219 5.97081e-05 4.05776e-06
 0.634502 0.354103 0.0112973 9.29473e-05 5.22281e-06
 0.591806 0.33256 0.0737533 0.00186536 1.5493e-05
 0.850435 0.121761 0.0236073 0.00409715 9.98844e-05
 0.857886 0.134285 0.00666692 0.000993448 0.000168731
 0.546488 0.425485 0.0268099 0.00104369 0.000173664
 0.79621 0.148741 0.0523072 0.00262854 0.000113981
 0.739063 0.233803 0.0209083 0.00592899 0.000297292
 0.56377 0.372497 0.058311 0.00422005 0.00120186
 0.729672 0.197174 0.0642578 0.00817069 0.000725249
 0.102449 0.762846 0.103715 0.0273671 0.00362211
 0.708372 0.0573744 0.205072 0.0226989 0.00648243
 0.194291 0.715399 0.0213222 0.0607401 0.00824693
pobs_pel_tallas
 0 0 0 0 0 0 0 0 0 0 0 0 0 0 0 0 0 0 0 0 0 0 0 0 0 0 0 0 0 0 0 0 0 0 0 0
 0 0 0 0 0 0 0 0 0 0 0 0 0 0 0 0 0 0 0 0 0 0 0 0 0 0 0 0 0 0 0 0 0 0 0 0
 0 0 0 0 0 0 0 0 0 0 0 0 0 0 0 0 0 0 0 0 0 0 0 0 0 0 0 0 0 0 0 0 0 0 0 0
 0 0 0 0 0 0 0 0 0 0 0 0 0 0 0 0 0 0 0 0 0 0 0 0 0 0 0 0 0 0 0 0 0 0 0 0
 0 0 0 0 0 0 0 0 0 0 0 0 0 0 0 0 0 0 0 0 0 0 0 0 0 0 0 0 0 0 0 0 0 0 0 0
 0 0 0 0 0 0 0 0 0 0 0 0 0 0 0 0 0 0 0 0 0 0 0 0 0 0 0 0 0 0 0 0 0 0 0 0
 0 0 0 0 0 0 0 0 0 0 0 0 0 0 0 0 0 0 0 0 0 0 0 0 0 0 0 0 0 0 0 0 0 0 0 0
 0 0 0 0 0 0 0 0 0 0 0 0 0 0 0 0 0 0 0 0 0 0 0 0 0 0 0 0 0 0 0 0 0 0 0 0
 0 0 0 0 0 0 0 0 0 0 0 0 0 0 0 0 0 0 0 0 0 0 0 0 0 0 0 0 0 0 0 0 0 0 0 0
 0 0 0 0 0 0 0 0 0 0 0 0 0 0 0 0 0 0 0 0 0 0 0 0 0 0 0 0 0 0 0 0 0 0 0 0
 0 0 0 0 0 0 0 0 1.78061e-05 0.00172719 0.00360574 0.0105946 0.0120993 0.0124554 0.0147524 0.0171206 0.0266825 0.0428682 0.0675386 0.121331 0.153587 0.119568 0.100827 0.0573624 0.0630603 0.0341343 0.0324427 0.0444173 0.0211091 0.0280891 0.0125444 0.00206551 0 0 0 0
 0 0 0 0 0 0 0 0 0 0 0 0 0 0 0 0 0 0 0 0 0 0 0 0 0 0 0 0 0 0 0 0 0 0 0 0
 0 0 0 0 0 0 0.0133647 0.0140871 0.0187388 0.0205184 0.03894 0.0496705 0.03968 0.0493445 0.0407372 0.0367815 0.0215668 0.0243155 0.0234873 0.0199281 0.019796 0.0243948 0.0301388 0.0376714 0.0412746 0.0863199 0.0771752 0.113111 0.0741005 0.0525337 0.0229764 0.00759418 0.00175318 0 0 0
 0 0 0 0 0 0 0 0 0 0 0.00219441 0.00772107 0.0458388 0.0604681 0.0671733 0.0775358 0.0609151 0.0617685 0.073594 0.0568108 0.0755445 0.0548602 0.0670107 0.0636378 0.0643287 0.046367 0.0373049 0.0286899 0.0247887 0.0153202 0.00654259 0.00121912 0.000365735 0 0 0
 0 0 0 0 0 0 0 0 0 0 0 0 0.000112435 0.00938835 0.0111873 0.0202946 0.0414886 0.0713402 0.111592 0.104902 0.108894 0.110636 0.117776 0.105296 0.107544 0.0401394 0.0192827 0.0124803 0.00416011 0.0028671 0.000618394 0 0 0 0 0
 0 0 0 0 0 0 0 0 0 0 0.00291406 0.0102884 0.027416 0.0768956 0.0749926 0.110853 0.0956884 0.0897413 0.0766577 0.0534642 0.0500743 0.0551293 0.0594112 0.0620874 0.0668451 0.0424026 0.0208742 0.0120726 0.0048766 0.00582813 0.00118941 0.000297354 0 0 0 0
 0 0.00264628 0.0354308 0.0461629 0.0458689 0.0383711 0.0214643 0.0164657 0.0346957 0.0420465 0.0363128 0.0245516 0.0311673 0.0291091 0.0169068 0.0133784 0.00837989 0.0085269 0.0148486 0.0160247 0.0276389 0.0546898 0.0760071 0.122758 0.109233 0.0665981 0.0333725 0.0166128 0.00676272 0.00308733 0.000882094 0 0 0 0 0
 0 0 0 0 0 0 0 0.000805153 0.000690131 0.00759144 0.0133425 0.0154129 0.00931677 0.000345066 0.00356568 0.00563607 0.00851162 0.0253048 0.0502646 0.0516448 0.0657925 0.0565908 0.0611916 0.0827007 0.0866115 0.110766 0.145733 0.0935128 0.0569358 0.0249597 0.0138026 0.00621118 0.00161031 0.00115022 0 0
 0 0 0 0 0 0 0 0 0 0 0 0 0 0 0 0 0 0 0 0 0 0 0 0 0 0 0 0 0 0 0 0 0 0 0 0
 0.00147267 0.00158595 0.00478618 0.00569244 0.00954404 0.0108468 0.00647125 0.017049 0.0510054 0.094081 0.124002 0.0959785 0.0687766 0.0820023 0.061753 0.0591476 0.0492212 0.0479892 0.0443925 0.0268479 0.0217502 0.0140895 0.0121071 0.0120363 0.00920419 0.00665534 0.0049561 0.00860946 0.00930331 0.0156896 0.0114698 0.00855282 0.00243557 0.00046729 0 2.83206e-05
 0 0 0 0 0.000772559 0.00158375 0.000888443 0.00281984 0.00712685 0.0440552 0.0773331 0.111326 0.0921469 0.0852325 0.0710754 0.0886704 0.0786465 0.0553345 0.0373146 0.0185414 0.00753245 0.00457741 0.012979 0.0271748 0.0457355 0.0583668 0.034881 0.0177882 0.00938659 0.00492506 0.0015258 0.00185414 0.000309023 5.79419e-05 3.86279e-05 0
 0 0.00173294 0.00326652 0 0.00397197 0.00683976 0.00946217 0.0152591 0.00757587 0.0136028 0.0228656 0.0392903 0.0559909 0.0764795 0.0681675 0.0726916 0.0566044 0.0477403 0.0527397 0.0444891 0.0609904 0.0582453 0.0661739 0.0445044 0.0529084 0.0360697 0.0280645 0.0235558 0.0158879 0.00826598 0.00280645 0.00217768 0.000904811 0.00058276 9.20147e-05 0
 0 0 0 0 0 0 0 0 0 0 0 0 0 0 0 0 0 0 0 0 0 0 0 0 0 0 0 0 0 0 0 0 0 0 0 0
 0 0 0 0 0 0 0 0 0 0 0 0 0 0 0 0 0 0 0 0 0 0 0 0 0 0 0 0 0 0 0 0 0 0 0 0
 0 0 0 0 0 0 0 0 0 0 0 0 0 0 0 0 0 0 0 0 0 0 0 0 0 0 0 0 0 0 0 0 0 0 0 0
 0 0 0 0 0 0 0 0 0 0 0 0 0 0 0 0 0 0 0 0 0 0 0 0 0 0 0 0 0 0 0 0 0 0 0 0
 0 0 0 0 0 0 0 0 0 0 0 0 0 0 0 0 0 0 0 0 0 0 0 0 0 0 0 0 0 0 0 0 0 0 0 0
ppred_pel_tallas
 1.05763e-16 2.97431e-06 1.73665e-05 8.2364e-05 0.000316791 0.000987595 0.00249524 0.00511042 0.00848948 0.0114568 0.0126142 0.0114761 0.00897822 0.00678198 0.00617965 0.00765723 0.0111827 0.0165997 0.0237384 0.0323125 0.0417997 0.0514199 0.060226 0.0672762 0.0718308 0.073507 0.0723426 0.0687472 0.0633676 0.0569188 0.050037 0.0431951 0.0366878 0.0306667 0.0251962 0.0203018
 1.15453e-16 7.32534e-06 4.29561e-05 0.000204121 0.000785754 0.00245016 0.00618896 0.0126644 0.0209965 0.0282098 0.0307298 0.0271823 0.0196264 0.0118 0.00639057 0.00398919 0.00391313 0.00535845 0.00789345 0.0113988 0.0158699 0.0212828 0.0275347 0.0344258 0.0416613 0.048864 0.0555987 0.0614044 0.0658374 0.0685226 0.0692053 0.0677949 0.0643892 0.0592668 0.0528528 0.0456575
 1.21435e-16 3.55182e-06 2.07872e-05 9.86933e-05 0.000379776 0.0011841 0.00299123 0.00612296 0.0101592 0.013673 0.0149567 0.0133781 0.0099813 0.00664503 0.00476624 0.00474852 0.00638114 0.00936547 0.0135161 0.0186985 0.0247189 0.0312751 0.0379794 0.0444257 0.0502675 0.0552754 0.0593515 0.062496 0.064746 0.0661119 0.0665415 0.0659271 0.0641487 0.0611329 0.0569072 0.0516248
 1.12855e-16 2.26296e-05 0.000132809 0.000631299 0.00243051 0.00757929 0.0191446 0.0391724 0.0649325 0.0872024 0.094893 0.0837015 0.0599147 0.0349658 0.0169746 0.00750288 0.00410312 0.00390477 0.00518176 0.00722567 0.00980348 0.0128113 0.0161466 0.0196845 0.0232861 0.0268098 0.0301171 0.0330718 0.0355358 0.0373699 0.038442 0.0386458 0.0379226 0.036281 0.0338052 0.0306508
 1.0117e-16 3.86689e-05 0.000226974 0.00107897 0.00415418 0.0129545 0.0327218 0.0669522 0.110977 0.149027 0.162141 0.142947 0.102167 0.0593048 0.0281814 0.0113897 0.00465055 0.0029494 0.00322699 0.0041773 0.00533686 0.00650694 0.00754493 0.00832837 0.00876988 0.00883545 0.008551 0.00799229 0.00726304 0.00646824 0.00569189 0.00498513 0.00436593 0.00382754 0.0033507 0.00291488
 1.00784e-16 1.93659e-05 0.000113608 0.000539924 0.00207854 0.00648158 0.0163724 0.0335035 0.0555484 0.0746381 0.0813215 0.0719701 0.0520392 0.0314202 0.0172083 0.0109127 0.010599 0.0138975 0.0192738 0.0258592 0.0329627 0.0398123 0.0455523 0.0493845 0.0507474 0.0494531 0.0457354 0.0401839 0.0335952 0.0267875 0.0204398 0.014997 0.0106517 0.0073881 0.00505744 0.00345472
 1.00298e-16 4.09999e-05 0.000240663 0.00114406 0.00440478 0.013736 0.0346958 0.0709907 0.11767 0.158011 0.171904 0.151529 0.108246 0.0627213 0.0295949 0.0115958 0.00416744 0.00197932 0.00178685 0.00222324 0.00283657 0.0034743 0.00405256 0.00450382 0.00477761 0.00484925 0.00472399 0.00443336 0.00402553 0.00355315 0.00306271 0.00258828 0.00215033 0.00175805 0.00141355 0.00111549
 1.00214e-16 3.07444e-05 0.000180431 0.00085766 0.00330199 0.0102969 0.0260093 0.0532195 0.0882208 0.118489 0.128968 0.113827 0.0816292 0.0479373 0.0238196 0.0114329 0.00746838 0.0080012 0.0105934 0.0141025 0.0179429 0.0216411 0.0247187 0.0267374 0.0273918 0.0265837 0.0244475 0.0213141 0.0176278 0.013844 0.0103398 0.007361 0.00501231 0.00328126 0.00208042 0.00129039
 1.00125e-16 4.08952e-05 0.000240047 0.00114113 0.00439349 0.0137008 0.0346069 0.0708089 0.117369 0.157608 0.171468 0.151152 0.107992 0.0626052 0.029598 0.0116976 0.00436311 0.00227971 0.00220833 0.00277671 0.00351834 0.00425994 0.004895 0.00533679 0.00552444 0.00543535 0.00509019 0.00454644 0.00388345 0.00318377 0.00251683 0.0019294 0.00144359 0.00106112 0.000770614 0.000554923
 1.00231e-16 2.94241e-05 0.000172677 0.000820791 0.00316003 0.00985419 0.0248911 0.0509317 0.0844297 0.113401 0.12344 0.108971 0.0781972 0.0460237 0.0230577 0.0113813 0.00784548 0.00870606 0.0116299 0.0155056 0.0197345 0.0238072 0.0271997 0.0294306 0.0301634 0.0292892 0.0269542 0.0235205 0.019475 0.0153172 0.0114612 0.0081778 0.00558301 0.00366476 0.00232869 0.00144515
 1.01266e-16 2.36656e-05 0.000138864 0.000660025 0.00254101 0.0079238 0.0200152 0.0409558 0.0678964 0.0912063 0.0993118 0.0877459 0.0631294 0.0374844 0.0193907 0.0105834 0.0085929 0.0104567 0.014313 0.0192299 0.0246245 0.0299267 0.0345179 0.0378132 0.0393852 0.0390618 0.0369637 0.0334622 0.0290801 0.0243664 0.0197881 0.0156655 0.0121597 0.00929962 0.00702975 0.00525646
 1.00945e-16 3.40125e-05 0.000199629 0.000948951 0.00365352 0.0113932 0.0287783 0.058884 0.0976065 0.131082 0.14264 0.125811 0.0900438 0.0525178 0.025427 0.0110966 0.00580813 0.00518435 0.00653992 0.00868961 0.0111398 0.0135846 0.0157413 0.0173483 0.0182116 0.0182473 0.0174976 0.0161134 0.0143123 0.0123244 0.0103472 0.00851761 0.00690792 0.00553709 0.00439088 0.00344077
 1.00522e-16 3.15633e-05 0.000185242 0.000880539 0.00339009 0.0105717 0.0267033 0.0546391 0.0905728 0.121644 0.132392 0.116825 0.0837276 0.0490656 0.0241876 0.0112906 0.00696146 0.00716106 0.00939091 0.012502 0.0159389 0.0192801 0.0221065 0.0240329 0.0247868 0.0242725 0.0225941 0.0200252 0.0169388 0.0137193 0.0106876 0.00805559 0.00591835 0.00427418 0.00305994 0.00218643
 1.00096e-16 4.08634e-05 0.00023986 0.00114024 0.00439006 0.0136901 0.0345799 0.0707538 0.117277 0.157485 0.171336 0.151037 0.107913 0.0625667 0.0295932 0.0117188 0.00440738 0.00234851 0.00230509 0.00290389 0.00367516 0.00444091 0.00508954 0.00552996 0.00569899 0.00557457 0.0051809 0.00458139 0.00386247 0.00311335 0.00240856 0.0017975 0.00130246 0.00092326 0.00064533 0.000447875
 1.0005e-16 3.9377e-05 0.00023113 0.00109873 0.00423022 0.0131916 0.0333209 0.068178 0.113009 0.151757 0.165113 0.145574 0.104059 0.0604299 0.0287667 0.0117129 0.00491353 0.00326224 0.0036384 0.00469996 0.00595556 0.00717777 0.00819456 0.00885847 0.00906793 0.00879056 0.00807159 0.00702157 0.00578892 0.0045256 0.00335748 0.00236659 0.00158777 0.0010167 0.000623893 0.000369073
 1.0028e-16 2.76943e-05 0.000162518 0.000772487 0.00297403 0.00927416 0.023426 0.0479344 0.0794626 0.106734 0.116196 0.102608 0.0736988 0.0435128 0.0220529 0.0113027 0.00832239 0.00960417 0.0129524 0.0172976 0.022025 0.0265798 0.0303808 0.0328912 0.0337354 0.0327897 0.030215 0.0264117 0.0219201 0.0172946 0.0129958 0.00932548 0.00641442 0.00425137 0.00273388 0.00172021
 1.01221e-16 2.58318e-05 0.000151586 0.000720516 0.00277393 0.00865017 0.0218499 0.0447093 0.0741165 0.0995544 0.108382 0.0957132 0.0687597 0.040623 0.0206388 0.0106649 0.00796939 0.00929333 0.0126033 0.0169164 0.0216719 0.0263594 0.0304353 0.033386 0.0348347 0.0346266 0.0328617 0.0298591 0.0260704 0.0219714 0.017968 0.0143401 0.0112306 0.0086693 0.0066131 0.00498629
 1.00521e-16 3.71006e-05 0.000217763 0.00103517 0.00398551 0.0124285 0.0313933 0.0642343 0.106473 0.142983 0.155576 0.137184 0.0981035 0.0570568 0.0273217 0.011405 0.00522049 0.00397058 0.00472049 0.00619812 0.00791701 0.00962423 0.0111091 0.0121828 0.0127082 0.0126303 0.0119869 0.010896 0.00952334 0.00804258 0.00660094 0.00529869 0.00418555 0.00326971 0.0025332 0.00194688
 1.00181e-16 3.74259e-05 0.000219672 0.00104425 0.00402045 0.0125374 0.0316685 0.0647974 0.107407 0.144238 0.156943 0.138395 0.0989805 0.0575892 0.0276178 0.0115982 0.00541044 0.00421446 0.00504525 0.00660965 0.00840153 0.0101465 0.0116126 0.0125942 0.0129479 0.0126251 0.0116844 0.0102751 0.00859914 0.00686423 0.00524319 0.00384965 0.00273345 0.00189167 0.00128762 0.000870153
 1.00564e-16 2.38594e-05 0.000139998 0.000665405 0.00256171 0.00798835 0.0201783 0.0412898 0.0684512 0.0919548 0.100136 0.0884941 0.063712 0.0379186 0.0197759 0.0110462 0.00925046 0.0114043 0.0156188 0.020923 0.0266773 0.0322399 0.0369172 0.040063 0.0412208 0.040234 0.0372847 0.032842 0.0275426 0.022043 0.0168902 0.0124457 0.00887061 0.00615959 0.00420081 0.00283627
 1.00887e-16 3.47373e-05 0.000203886 0.000969192 0.00373146 0.0116362 0.0293922 0.0601401 0.0996878 0.133875 0.145674 0.128475 0.0919223 0.0535576 0.0258262 0.0110934 0.00555224 0.00472622 0.00587375 0.00779537 0.0100092 0.012235 0.0142201 0.0157307 0.0165907 0.0167187 0.0161434 0.0149894 0.0134405 0.0116947 0.00992443 0.00825275 0.00674925 0.0054393 0.00432014 0.00337608
 1.00591e-16 3.22487e-05 0.000189268 0.000899683 0.00346381 0.0108015 0.0272839 0.055827 0.0925412 0.124286 0.135261 0.119344 0.0855027 0.0500459 0.0245596 0.0112782 0.00670408 0.00670412 0.00872628 0.0116082 0.0148062 0.0179242 0.0205735 0.0223977 0.0231433 0.0227195 0.0212195 0.0188923 0.0160785 0.0131301 0.0103408 0.00790548 0.00591208 0.00436093 0.00319673 0.00234078
 1.01151e-16 2.46109e-05 0.000144414 0.000686414 0.00264262 0.00824066 0.0208155 0.0425932 0.0706103 0.0948497 0.103273 0.0912319 0.065607 0.0388941 0.0200067 0.0107377 0.00850636 0.0102219 0.0139441 0.0187095 0.023929 0.0290384 0.0334305 0.0365345 0.0379377 0.037481 0.0352947 0.0317561 0.0273897 0.0227426 0.0182765 0.0143035 0.0109741 0.00830515 0.00622839 0.00463847
 1.01292e-16 3.18379e-05 0.000186859 0.000888238 0.00341975 0.0106642 0.0269369 0.0551167 0.0913629 0.122701 0.13353 0.1178 0.0843625 0.04931 0.0240723 0.0108452 0.0061684 0.00596021 0.00771187 0.010302 0.0132362 0.0161775 0.0187981 0.0207904 0.0219227 0.0220897 0.0213314 0.0198144 0.0177833 0.0154998 0.0131901 0.0110143 0.00906046 0.00735809 0.00590012 0.00466353
 1.02831e-16 4.51105e-06 2.63745e-05 0.000125158 0.000481508 0.00150122 0.0037928 0.00776648 0.0128961 0.0173867 0.0190983 0.0172697 0.0132865 0.00961894 0.00815299 0.00952682 0.013578 0.0199591 0.0283324 0.0382388 0.0489393 0.0593904 0.068372 0.0747232 0.0776043 0.0766959 0.0722702 0.0651023 0.0562659 0.0468763 0.0378693 0.0298717 0.0231776 0.0178084 0.0136147 0.0103758
 1.04013e-16 3.09038e-05 0.000181387 0.00086225 0.00331974 0.0103523 0.026149 0.0535036 0.0886855 0.119095 0.129578 0.114249 0.0816791 0.0474599 0.0226486 0.00933477 0.00412539 0.00304986 0.00370998 0.00511584 0.0069513 0.00910154 0.0114724 0.0139472 0.0163878 0.0186462 0.0205768 0.022048 0.0229521 0.0232158 0.0228092 0.0217537 0.0201243 0.0180436 0.0156688 0.013171
 1.03009e-16 8.51361e-06 4.98781e-05 0.000236908 0.000911791 0.00284306 0.0071821 0.0147008 0.0243883 0.0328135 0.0358674 0.0320178 0.0237486 0.0155322 0.0106615 0.0100126 0.0129471 0.0185714 0.0262181 0.0353046 0.0450858 0.0545693 0.0626146 0.0681488 0.0704133 0.0691481 0.0646543 0.0577047 0.049343 0.0406355 0.032459 0.0253771 0.0196222 0.0151592 0.0117904 0.00925839
pSPR Fmed_Fpbrs
0.499316   0.6 0.325
Fs Fmed_Fpbrs
0.64   0.418526 1.42589
SSBpbr Bo_Bmed_Bpbrs
586157  263370  322386 161193
Ro
16983.5
SPR SPRFo_SPRFmed_SPRFpbrs
350782 175151 114004
log_Ro
9.56
likeval ReclasPelacesDesembMPH_pf_preclas_ppelaces_ptallas_desvR_qrecl_qpela
 91.0845 10.941 0.344699 92.0409 408.022 239.669 62.6008 0 49.6904 0.000126397 0.000305102 4.90336e-15 0 0 0
q_reclas_q_pelaces
4.91913 12.0017
M
0.7
N
 9090.28 43672.2 17376 2282.93 0.111892
 12986.4 4443.71 18739.5 7220.5 947.892
 1548.66 6279.82 1723.92 6886.12 2997.26
 4408.12 685.099 1065.03 230.904 1315.45
 37589.4 2004.64 150.173 195.065 281.847
 10543 18182.6 779.922 55.3765 175.608
 62776.2 4466.72 2063.41 63.9956 18.7876
 37533.6 26171.2 436.41 141.051 5.60514
 106410 15539.6 2397.56 27.5794 9.17692
 102737 41688.9 852.055 81.016 1.22605
 51014.6 46945.4 9555.08 164.785 15.8337
 68695 21922.1 6078.76 920.901 17.2712
 44946.5 29016.3 2419.14 482.055 73.7469
 30491 18381.8 2371.72 133.029 30.2421
 15807.3 9802.74 160.451 8.52061 0.572818
 8575.92 5472.09 170.155 1.33315 0.0740862
 4773.93 3760.33 854.606 20.6108 0.169307
 6757.19 2032.21 446.046 74.0142 1.78469
 11788.2 2712.33 139.62 19.8451 3.33358
 5930.75 4983.6 301.742 11.1819 1.84012
 16058.6 2622.36 841.338 40.1909 1.72355
 28131.3 7321.28 588.457 158.566 7.86294
 25893.5 12938.9 1783.15 122.56 34.5185
 54286.6 12056.1 3530.48 426.576 37.4453
 4740.57 24972.6 2940.34 736.526 96.4015
 28364.4 2228.72 7456.37 785.105 221.739
 1575.15 12737.4 434.508 1183.77 158.971
pred_Ctot
 102.032 4304.71 2060.42 271.904 0.013328
 245.183 709.153 3565.36 1379.52 181.116
 122.384 3157.49 973.15 3897.44 1696.5
 268.357 288.217 511.198 111.168 633.361
 701.552 316.586 28.2818 36.8902 53.307
 1123.62 10934.1 515.498 36.6788 116.32
 7318.23 2817.32 1420.81 44.1512 12.9623
 4535.34 16811.2 305.198 98.8277 3.9274
 16373.7 11146.5 1837.85 21.1714 7.04491
 5925.56 16864.8 394.46 37.6235 0.569413
 4981.25 26872.5 6050.73 104.586 10.0498
 7450.25 13309 4050.96 614.972 11.5341
 5767.2 19196.7 1734.41 346.219 52.9682
 7926.41 15531.1 2069.31 116.146 26.4044
 3515.32 7969.21 135.867 7.2213 0.485478
 726.927 2876.7 99.9536 0.785093 0.043632
 494.531 2226.02 557.236 13.4681 0.110638
 942.978 1397.88 330.348 54.9041 1.32394
 1272.08 1642.18 92.8265 13.2215 2.22105
 470.578 2512.29 170.732 6.34358 1.04397
 950.629 1081.14 396.378 18.9935 0.814573
 1499.29 2793.38 258.027 69.7524 3.45912
 1166.17 4337.68 692.681 47.7733 13.4562
 2887.94 4593.53 1546.05 187.408 16.452
 182.151 7372.06 1012.71 254.592 33.3253
 1963.45 1026.03 3886.75 410.414 115.922
 225.872 8867.64 325.016 886.856 119.102
F
 0.015716 0.146078 0.178168 0.179022 0.179041
 0.026562 0.24689 0.301127 0.30257 0.302602
 0.115585 1.07434 1.31035 1.31663 1.31677
 0.0879813 0.817773 0.997421 1.0022 1.00231
 0.026254 0.244027 0.297635 0.299062 0.299093
 0.158809 1.47611 1.80038 1.80901 1.8092
 0.174917 1.62583 1.98299 1.99249 1.9927
 0.181844 1.69021 2.06151 2.07139 2.07161
 0.237066 2.2035 2.68756 2.70044 2.70072
 0.0831816 0.773161 0.943008 0.947528 0.947627
 0.144616 1.34419 1.63948 1.64733 1.64751
 0.161819 1.50408 1.8345 1.84329 1.84348
 0.194112 1.80424 2.2006 2.21115 2.21138
 0.434771 4.04113 4.92888 4.95251 4.95302
 0.360813 3.35371 4.09045 4.11005 4.11048
 0.124453 1.15678 1.4109 1.41766 1.41781
 0.154046 1.43184 1.74638 1.75475 1.75494
 0.212801 1.97795 2.41247 2.42403 2.42428
 0.160948 1.49599 1.82463 1.83337 1.83356
 0.116077 1.07892 1.31593 1.32224 1.32238
 0.0854587 0.794326 0.968824 0.973467 0.973568
 0.0766448 0.712402 0.868902 0.873066 0.873157
 0.0644232 0.598804 0.730349 0.733849 0.733926
 0.0764986 0.711043 0.867244 0.871401 0.871492
 0.0547304 0.508711 0.620464 0.623438 0.623503
 0.10059 0.934969 1.14036 1.14583 1.14595
 0.219266 2.03805 2.48576 2.49768 2.49794
Np
 11149 5336.71 221.709 269.824 7.78898
YTP_r0W_actual
 335.771 58370.1 3423.04 11956.9 1782.06
YTP_p0W_proyectada
 2376.6 2878.7 6491.99 181.463 564.32
 2376.6 24455.8 1746.62 2725.41 87.3142
CTP_r0_actual
 40.9477 2702.32 109.014 298.178 40.0463
CTP_p0_proyectada
 289.83 133.273 206.751 4.52527 12.6813
 289.83 1132.21 55.6248 67.9653 1.96212
Wmedp
 8.2 21.6 31.4 40.1 44.5
nmprior
 10.8 10.6 4.6 0
nm_flota  nm_reclas  nm_pelaces    nm_pelaL
inf 11.9888 13.1548 36.8739
cv_recla  cv_pelaces  cv_mph
0.826519 0.362343 0.384607
 ------------------------------------------------
Talla a la edad & desviaci?n 
 7.2 14.2025 17.0495 18.207 18.6776
 1.08 2.13037 2.55742 2.73105 2.80164
