years
 1997 1998 1999 2000 2001 2002 2003 2004 2005 2006 2007 2008 2009 2010 2011 2012 2013 2014 2015 2016 2017 2018 2019 2020 2021 2022 2023
reclasobs
 0 0 0 370054 412103 1.49427e+06 250295 1.28982e+06 931140 785840 897777 1.04006e+06 184774 17550 25797 100020 73551 82996 120727 218422 84188 347160 605670 569463 516374 1.08416e+06 1.01767e+06
reclaspred
 409401 115972 368492 238302 271030 284454 608439 449514 753275 702479 581360 412724 257608 139237 107567 89930 77079.2 99838.9 127016 182540 283799 336651 619117 693274 719327 589072 566509
pelacesobs
 0 0 0 0 0 0 0 0 0 2.06254e+06 1.5e+06 0 1.87456e+06 323000 250000 174000 83755 137374 0 501740 490994 745055 786931 1.00524e+06 1.33801e+06 1.41789e+06 0
pelacespred
 1.3267e+06 337609 622115 639334 623326 538868 1.30007e+06 1.13729e+06 1.77274e+06 1.65399e+06 1.26099e+06 934143 594841 288227 214858 186887 166485 203527 258035 362607 647802 692470 1.08132e+06 1.47269e+06 1.49732e+06 1.3686e+06 1.21912e+06
mphobs
 0 0 0 0 0 0 112323 0 153150 637223 0 255016 313432 73983 77613 109348 50772 17779 17303 59886 28197 0 207744 136588 643089 65757 70829
mphpred
 135076 90773.6 113378 143177 124003 151526 208071 243398 256600 370464 349893 262561 168711 103593 60376.8 50825.8 41694.6 42760.5 24330.4 33315.3 50353.6 68292.6 111027 158062 178287 156833 123986
desembarqueobs
 350755 77701 442110 56441 14545 235359 269955 359681 431902 328805 639364 411747 362871 311530 167758 66681 60226 58785 57116 73181 50977 67692 138656 160484 209506 203330 245020
desembarquepred
 350768 77705.9 442173 56444.3 14545.3 235491 269998 359716 431848 328851 639688 411979 363425 311989 167825 66719.5 60285.7 58798.2 57105.9 73188.6 50977.3 67684.4 138661 160486 209563 203377 245027
Reclutas
 69093.9 82170.5 47725.3 57250.4 77195.1 55895.1 107026 124529 268736 169358 78862 47962 43408.5 30665.2 22785.7 17272.5 12315.2 21232.7 38670.9 42024.9 76189.1 154201 154568 170254 45348 64751.9 157446
log_desv_Rt
 0.0832218 0.256552 -0.286783 -0.10481 0.194092 -0.128767 0.520832 0.67229 1.44148 0.97977 0.215454 -0.281835 -0.38159 -0.729117 -1.02611 -1.30313 -1.64141 -1.0967 -0.497156 -0.413983 0.180974 0.886014 0.888391 0.985045 -0.337878 0.0183188 0.906836
SSB
 834719 560946 700632 884780 766292 936373 1.25371e+06 1.48941e+06 1.55655e+06 2.25096e+06 2.1622e+06 1.62252e+06 1.06545e+06 592551 352452 301726 257262 255858 321517 458500 663553 879609 1.46324e+06 2.00468e+06 2.44319e+06 2.20393e+06 1.65146e+06
BT
 2.86241e+06 782529 1.4425e+06 1.29505e+06 1.21546e+06 1.2322e+06 2.70101e+06 2.59875e+06 3.81631e+06 3.50507e+06 3.00973e+06 2.18479e+06 1.5092e+06 862526 561695 418003 375614 441082 546960 757481 1.29314e+06 1.39761e+06 2.17826e+06 2.97895e+06 3.05763e+06 2.82849e+06 2.57369e+06
Ftot
 0.352132 0.264072 0.377664 0.0751413 0.0184004 0.232072 0.159478 0.299912 0.262802 0.151491 0.304245 0.267611 0.394469 0.63309 0.487673 0.212572 0.235938 0.204996 0.16445 0.135666 0.0680142 0.0749298 0.0677532 0.0740145 0.0758207 0.0936444 0.145545
BD_Bspro_t
 0.957678 0.801433 0.769133 0.661682 0.740597 0.82097 0.77203 0.78345 0.764387 0.78803 0.759701 0.63847 0.545997 0.449663 0.356225 0.375664 0.427865 0.518753 0.632215 0.749847 0.820798 0.885639 0.912834 0.911418 0.904298 0.867084 0.831139
BD_Bspro
 0.635674 0.427184 0.533561 0.673797 0.583563 0.713088 0.95475 1.13425 1.18538 1.7142 1.64661 1.23562 0.811382 0.451253 0.268407 0.229777 0.195916 0.194846 0.244848 0.349167 0.505324 0.66986 1.11432 1.52665 1.8606 1.67839 1.25766
BD_Bo
 0.292995 0.196898 0.245929 0.310567 0.268976 0.328677 0.440064 0.522799 0.546366 0.790111 0.758956 0.569523 0.373983 0.207992 0.123714 0.105909 0.0903015 0.0898087 0.112856 0.160938 0.232914 0.308752 0.513612 0.703664 0.857587 0.773602 0.57968
BD_Brms
 0.532718 0.357996 0.447144 0.564667 0.489048 0.597594 0.800116 0.950543 0.993392 1.43657 1.37992 1.0355 0.679968 0.378167 0.224935 0.192562 0.164185 0.163289 0.205192 0.292615 0.42348 0.561367 0.933839 1.27939 1.55925 1.40655 1.05396
S_f
 0.209083 1 1 1 1
 0.209083 1 1 1 1
 0.209083 1 1 1 1
 0.209083 1 1 1 1
 0.209083 1 1 1 1
 0.209083 1 1 1 1
 0.209083 1 1 1 1
 0.209083 1 1 1 1
 0.209083 1 1 1 1
 0.209083 1 1 1 1
 0.209083 1 1 1 1
 0.209083 1 1 1 1
 0.209083 1 1 1 1
 0.209083 1 1 1 1
 0.209083 1 1 1 1
 0.209083 1 1 1 1
 0.209083 1 1 1 1
 0.209083 1 1 1 1
 0.209083 1 1 1 1
 0.209083 1 1 1 1
 0.209083 1 1 1 1
 0.209083 1 1 1 1
 0.209083 1 1 1 1
 0.209083 1 1 1 1
 0.209083 1 1 1 1
 0.209083 1 1 1 1
 0.209083 1 1 1 1
Scru_reclas
 1 1 1 1 1
 1 1 1 1 1
 1 1 1 1 1
 1 1 1 1 1
 1 1 1 1 1
 1 1 1 1 1
 1 1 1 1 1
 1 1 1 1 1
 1 1 1 1 1
 1 1 1 1 1
 1 1 1 1 1
 1 1 1 1 1
 1 1 1 1 1
 1 1 1 1 1
 1 1 1 1 1
 1 1 1 1 1
 1 1 1 1 1
 1 1 1 1 1
 1 1 1 1 1
 1 1 1 1 1
 1 1 1 1 1
 1 1 1 1 1
 1 1 1 1 1
 1 1 1 1 1
 1 1 1 1 1
 1 1 1 1 1
 1 1 1 1 1
Scru_pelaces
 1 1 1 1 1
 1 1 1 1 1
 1 1 1 1 1
 1 1 1 1 1
 1 1 1 1 1
 1 1 1 1 1
 1 1 1 1 1
 1 1 1 1 1
 1 1 1 1 1
 1 1 1 1 1
 1 1 1 1 1
 1 1 1 1 1
 1 1 1 1 1
 1 1 1 1 1
 1 1 1 1 1
 1 1 1 1 1
 1 1 1 1 1
 1 1 1 1 1
 1 1 1 1 1
 1 1 1 1 1
 1 1 1 1 1
 1 1 1 1 1
 1 1 1 1 1
 1 1 1 1 1
 1 1 1 1 1
 1 1 1 1 1
 1 1 1 1 1
pf_obs 
 0.256992 0.487395 0.22802 0.0275931 0
 0.321318 0.546541 0.124235 0.00734118 0.000564706
 0.182869 0.594174 0.210203 0.0122559 0.00049798
 0.330522 0.361315 0.267642 0.0388342 0.00168674
 0.649043 0.306663 0.0425973 0.00169635 0
 0.582887 0.30429 0.105238 0.00758474 0
 0.465427 0.430635 0.0974691 0.00646863 0
 0.296916 0.608066 0.0921331 0.00288517 0
 0.311714 0.524322 0.152257 0.0117073 0
 0.15457 0.633149 0.183074 0.0267441 0.00246327
 0.131901 0.49318 0.331252 0.0422183 0.00144891
 0.196976 0.569456 0.194076 0.0375587 0.00193317
 0.518974 0.381816 0.0799577 0.0180837 0.00116848
 0.0928022 0.601141 0.25162 0.0475244 0.00691264
 0.122501 0.610282 0.24278 0.0234846 0.000952079
 0.383417 0.481906 0.127806 0.00687128 0
 0.0376549 0.599619 0.316969 0.0457579 0
 0.0361596 0.667082 0.258105 0.0386534 0
 0.158088 0.579412 0.248529 0.0139706 0
 0.0477256 0.309471 0.559284 0.082774 0.000745712
 0.0406174 0.521527 0.379366 0.0568643 0.0016247
 0.151134 0.462217 0.34131 0.0453401 0
 0.294876 0.26143 0.354403 0.0886775 0.000613685
 0.281977 0.475581 0.204845 0.0348837 0.00271318
 0.0841818 0.532909 0.334909 0.0458182 0.00218182
 0.115287 0.27431 0.454777 0.147771 0.00785563
 0 0 0 0 0
pf_pred 
 0.392832 0.429298 0.15915 0.0187101 1.00868e-05
 0.316127 0.536228 0.104393 0.0387006 0.00455219
 0.17306 0.590049 0.185748 0.0361613 0.0149827
 0.233547 0.416303 0.249843 0.078651 0.0216558
 0.258649 0.445618 0.160629 0.096401 0.038703
 0.172006 0.519305 0.18555 0.0668839 0.0562557
 0.319199 0.357071 0.203038 0.0725466 0.0481453
 0.283715 0.506125 0.110226 0.0626768 0.0372569
 0.419969 0.397054 0.129291 0.0281574 0.0255283
 0.190308 0.644418 0.113136 0.03684 0.0152972
 0.109109 0.486476 0.321866 0.056508 0.0260409
 0.107251 0.358905 0.291508 0.19287 0.0494653
 0.153173 0.333097 0.206531 0.167748 0.139451
 0.16802 0.423296 0.160755 0.0996734 0.148256
 0.19157 0.456456 0.179078 0.0680083 0.104888
 0.182263 0.479596 0.190921 0.0749027 0.0723172
 0.155108 0.456059 0.228047 0.0907828 0.0700028
 0.287809 0.351856 0.194503 0.0972588 0.0685728
 0.36524 0.431261 0.100538 0.0555767 0.0473843
 0.270596 0.545314 0.125072 0.0291577 0.0298602
 0.344417 0.428354 0.16988 0.0389633 0.0183857
 0.39024 0.439896 0.110988 0.0440165 0.0148593
 0.250103 0.569829 0.129906 0.032776 0.0173867
 0.230812 0.478251 0.221076 0.0503995 0.0194616
 0.0652811 0.558292 0.234047 0.10819 0.0341887
 0.139415 0.220969 0.382032 0.160155 0.0974281
 0.329064 0.299797 0.0952961 0.164757 0.111087
pobs_RECLAS
 0 0 0 0 0
 0 0 0 0 0
 0 0 0 0 0
 0 0 0 0 0
 0.835266 0.146461 0.0176864 0.000547809 3.91292e-05
 0.385257 0.428462 0.181853 0.0044286 0
 0.867414 0.0963971 0.0333333 0.00285562 0
 0.441836 0.489002 0.0689373 0.000224442 0
 0.779404 0.147425 0.0564933 0.0165055 0.000172143
 0.814271 0.122319 0.05973 0.00367925 0
 0.40263 0.566651 0.0304383 0.000280538 0
 0.475488 0.404961 0.113038 0.00651328 0
 0.955842 0.0263864 0.0167828 0.000988607 0
 0.975058 0.0227948 0.00214734 0 0
 0.738997 0.206755 0.0527124 0.00153531 0
 0.850938 0.134255 0.0134407 0.00136685 0
 0.542534 0.407297 0.0501686 0 0
 0.764087 0.199537 0.0359546 0.000420521 0
 0.470689 0.182191 0.310203 0.0369168 0
 0.84361 0.089868 0.0606195 0.00523954 0.000663233
 0.607945 0.314616 0.071237 0.00620181 0
 0.523733 0.453247 0.0230204 0 0
 0.530135 0.295979 0.169645 0.0042399 0
 0.562478 0.366248 0.0663022 0.0049721 0
 0.250443 0.683176 0.0655157 0.000865301 0
 0.195077 0.31981 0.436473 0.0351445 0.0134964
 0.565238 0.351407 0.0832357 0.000118908 0
ppred_RECLAS
 0.759601 0.169974 0.0630131 0.00740798 3.99372e-06
 0.69172 0.241724 0.0470587 0.0174457 0.00205206
 0.505925 0.352539 0.11098 0.0216054 0.00895174
 0.593943 0.220552 0.132364 0.0416683 0.011473
 0.625481 0.225119 0.0811472 0.0487003 0.0195521
 0.501562 0.312612 0.111698 0.0402629 0.033865
 0.693355 0.160831 0.0914521 0.0326763 0.0216855
 0.658386 0.241383 0.0525693 0.0298921 0.0177687
 0.778478 0.151641 0.049378 0.0107537 0.00974961
 0.531169 0.373134 0.0655087 0.0213313 0.00885743
 0.37347 0.34212 0.226356 0.0397399 0.0183136
 0.368398 0.253918 0.206236 0.136452 0.0349957
 0.469819 0.208545 0.129305 0.105023 0.0873075
 0.502393 0.253173 0.0961474 0.0596146 0.088672
 0.539077 0.260247 0.102101 0.0387747 0.0598016
 0.518844 0.282194 0.112338 0.0440727 0.0425515
 0.470755 0.285678 0.14285 0.0568668 0.0438502
 0.661499 0.167236 0.0924462 0.0462266 0.0325923
 0.735149 0.179942 0.0419493 0.0231892 0.0197709
 0.641146 0.268285 0.0615333 0.0143451 0.0146907
 0.715987 0.185572 0.0735956 0.0168797 0.00796506
 0.754427 0.177162 0.044699 0.0177271 0.0059844
 0.61544 0.292218 0.0666181 0.0168081 0.00891619
 0.590224 0.254783 0.117776 0.0268498 0.0103679
 0.251086 0.447314 0.187523 0.0866841 0.0273926
 0.437699 0.14438 0.249617 0.104645 0.0636589
 0.702678 0.132853 0.04223 0.073011 0.0492274
pobs_PELACES
 0 0 0 0 0
 0 0 0 0 0
 0 0 0 0 0
 0 0 0 0 0
 0 0 0 0 0
 0 0 0 0 0
 0 0 0 0 0
 0 0 0 0 0
 0 0 0 0 0
 0 0 0 0 0
 0.450072 0.473896 0.0757376 0.000293798 0
 0 0 0 0 0
 0.463077 0.371075 0.160297 0.00555027 0
 0.529543 0.364841 0.0842815 0.0213345 0
 0.631943 0.363953 0.00410389 0 0
 0.735681 0.248677 0.0153453 0.000297389 0
 0.695825 0.281241 0.0229344 0 0
 0.275771 0.60734 0.115278 0.00161068 0
 0 0 0 0 0
 0.896147 0.0623911 0.0374545 0.00400742 0
 0.803859 0.145111 0.0509908 3.86294e-05 0
 0.739449 0.233085 0.0266225 0.000797448 4.60066e-05
 0.878498 0.100942 0.0204185 0.000141795 0
 0.694673 0.275183 0.0284847 0.00165964 0
 0.469039 0.446079 0.0841089 0.000773354 0
 0.822795 0.102175 0.0682046 0.00682512 0
 0 0 0 0 0
ppred_PELACES
 0.775981 0.158392 0.0587194 0.0069032 3.72159e-06
 0.70622 0.230354 0.0448453 0.0166251 0.00195554
 0.53053 0.334982 0.105453 0.0205295 0.00850594
 0.598664 0.217987 0.130825 0.0411838 0.0113396
 0.626605 0.224444 0.0809036 0.0485541 0.0194935
 0.516699 0.303119 0.108306 0.0390402 0.0328365
 0.702133 0.156227 0.0888343 0.0317409 0.0210647
 0.675768 0.229102 0.0498945 0.0283712 0.0168646
 0.79008 0.143698 0.0467918 0.0101905 0.00923897
 0.541002 0.365308 0.0641348 0.0208839 0.00867165
 0.392229 0.331876 0.219579 0.0385501 0.0177652
 0.384795 0.247327 0.200882 0.132909 0.0340872
 0.495522 0.198435 0.123036 0.0999318 0.0830749
 0.543592 0.232212 0.088187 0.0546789 0.0813305
 0.570504 0.242502 0.0951389 0.0361309 0.0557241
 0.532676 0.274081 0.109108 0.0428057 0.0413282
 0.48612 0.277384 0.138703 0.0552158 0.0425771
 0.673374 0.161369 0.0892031 0.0446049 0.0314489
 0.743421 0.174322 0.0406391 0.0224649 0.0191534
 0.649252 0.262225 0.0601434 0.014021 0.0143589
 0.719583 0.183223 0.0726638 0.016666 0.00786421
 0.758032 0.174562 0.0440428 0.0174668 0.00589654
 0.619616 0.289044 0.0658946 0.0166255 0.00881935
 0.594888 0.251883 0.116435 0.0265442 0.0102499
 0.254826 0.44508 0.186587 0.0862513 0.0272558
 0.443723 0.142833 0.246943 0.103523 0.0629769
 0.710553 0.129335 0.0411115 0.0710772 0.0479236
pobs_pel_tallas
 0 0 0 0 0 0 0 0 0 0 0 0 0 0 0 0 0 0 0 0 0 0 0 0 0 0 0 0 0 0 0 0 0 0 0 0
 0 0 0 0 0 0 0 0 0 0 0 0 0 0 0 0 0 0 0 0 0 0 0 0 0 0 0 0 0 0 0 0 0 0 0 0
 0 0 0 0 0 0 0 0 0 0 0 0 0 0 0 0 0 0 0 0 0 0 0 0 0 0 0 0 0 0 0 0 0 0 0 0
 0 0 0 0 0 0 0 0 0 0 0 0 0 0 0 0 0 0 0 0 0 0 0 0 0 0 0 0 0 0 0 0 0 0 0 0
 0 0 0 0 0 0 0 0 0 0 0 0 0 0 0 0 0 0 0 0 0 0 0 0 0 0 0 0 0 0 0 0 0 0 0 0
 0 0 0 0 0 0 0 0 0 0 0 0 0 0 0 0 0 0 0 0 0 0 0 0 0 0 0 0 0 0 0 0 0 0 0 0
 0 0 0 0 0 0 0 0 0 0 0 0 0 0 0 0 0 0 0 0 0 0 0 0 0 0 0 0 0 0 0 0 0 0 0 0
 0 0 0 0 0 0 0 0 0 0 0 0 0 0 0 0 0 0 0 0 0 0 0 0 0 0 0 0 0 0 0 0 0 0 0 0
 0 0 0 0 0 0 0 0 0 0 0 0 0 0 0 0 0 0 0 0 0 0 0 0 0 0 0 0 0 0 0 0 0 0 0 0
 0 0 0 0 0 0 0 0 0 0 0 0 0 0 0 0 0 0 0 0 0 0 0 0 0 0 0 0 0 0 0 0 0 0 0 0
 0 0 0 0 0 0 0 0 1.78061e-05 0.00172719 0.00360574 0.0105946 0.0120993 0.0124554 0.0147524 0.0171206 0.0266825 0.0428682 0.0675386 0.121331 0.153587 0.119568 0.100827 0.0573624 0.0630603 0.0341343 0.0324427 0.0444173 0.0211091 0.0280891 0.0125444 0.00206551 0 0 0 0
 0 0 0 0 0 0 0 0 0 0 0 0 0 0 0 0 0 0 0 0 0 0 0 0 0 0 0 0 0 0 0 0 0 0 0 0
 0 0 0 0 0 0 0.0133647 0.0140871 0.0187388 0.0205184 0.03894 0.0496705 0.03968 0.0493445 0.0407372 0.0367815 0.0215668 0.0243155 0.0234873 0.0199281 0.019796 0.0243948 0.0301388 0.0376714 0.0412746 0.0863199 0.0771752 0.113111 0.0741005 0.0525337 0.0229764 0.00759418 0.00175318 0 0 0
 0 0 0 0 0 0 0 0 0 0 0.00219441 0.00772107 0.0458388 0.0604681 0.0671733 0.0775358 0.0609151 0.0617685 0.073594 0.0568108 0.0755445 0.0548602 0.0670107 0.0636378 0.0643287 0.046367 0.0373049 0.0286899 0.0247887 0.0153202 0.00654259 0.00121912 0.000365735 0 0 0
 0 0 0 0 0 0 0 0 0 0 0 0 0.000112435 0.00938835 0.0111873 0.0202946 0.0414886 0.0713402 0.111592 0.104902 0.108894 0.110636 0.117776 0.105296 0.107544 0.0401394 0.0192827 0.0124803 0.00416011 0.0028671 0.000618394 0 0 0 0 0
 0 0 0 0 0 0 0 0 0 0 0.00291406 0.0102884 0.027416 0.0768956 0.0749926 0.110853 0.0956884 0.0897413 0.0766577 0.0534642 0.0500743 0.0551293 0.0594112 0.0620874 0.0668451 0.0424026 0.0208742 0.0120726 0.0048766 0.00582813 0.00118941 0.000297354 0 0 0 0
 0 0.00264628 0.0354308 0.0461629 0.0458689 0.0383711 0.0214643 0.0164657 0.0346957 0.0420465 0.0363128 0.0245516 0.0311673 0.0291091 0.0169068 0.0133784 0.00837989 0.0085269 0.0148486 0.0160247 0.0276389 0.0546898 0.0760071 0.122758 0.109233 0.0665981 0.0333725 0.0166128 0.00676272 0.00308733 0.000882094 0 0 0 0 0
 0 0 0 0 0 0 0 0.000805153 0.000690131 0.00759144 0.0133425 0.0154129 0.00931677 0.000345066 0.00356568 0.00563607 0.00851162 0.0253048 0.0502646 0.0516448 0.0657925 0.0565908 0.0611916 0.0827007 0.0866115 0.110766 0.145733 0.0935128 0.0569358 0.0249597 0.0138026 0.00621118 0.00161031 0.00115022 0 0
 0 0 0 0 0 0 0 0 0 0 0 0 0 0 0 0 0 0 0 0 0 0 0 0 0 0 0 0 0 0 0 0 0 0 0 0
 0.00147267 0.00158595 0.00478618 0.00569244 0.00954404 0.0108468 0.00647125 0.017049 0.0510054 0.094081 0.124002 0.0959785 0.0687766 0.0820023 0.061753 0.0591476 0.0492212 0.0479892 0.0443925 0.0268479 0.0217502 0.0140895 0.0121071 0.0120363 0.00920419 0.00665534 0.0049561 0.00860946 0.00930331 0.0156896 0.0114698 0.00855282 0.00243557 0.00046729 0 2.83206e-05
 0 0 0 0 0.000772559 0.00158375 0.000888443 0.00281984 0.00712685 0.0440552 0.0773331 0.111326 0.0921469 0.0852325 0.0710754 0.0886704 0.0786465 0.0553345 0.0373146 0.0185414 0.00753245 0.00457741 0.012979 0.0271748 0.0457355 0.0583668 0.034881 0.0177882 0.00938659 0.00492506 0.0015258 0.00185414 0.000309023 5.79419e-05 3.86279e-05 0
 0 0.00173294 0.00326652 0 0.00397197 0.00683976 0.00946217 0.0152591 0.00757587 0.0136028 0.0228656 0.0392903 0.0559909 0.0764795 0.0681675 0.0726916 0.0566044 0.0477403 0.0527397 0.0444891 0.0609904 0.0582453 0.0661739 0.0445044 0.0529084 0.0360697 0.0280645 0.0235558 0.0158879 0.00826598 0.00280645 0.00217768 0.000904811 0.00058276 9.20147e-05 0
 0 0 0 0 0 0 0 0 0 0 0 0 0 0 0 0 0 0 0 0 0 0 0 0 0 0 0 0 0 0 0 0 0 0 0 0
 0 0 0 0 0 0 0 0 0 0 0 0 0 0 0 0 0 0 0 0 0 0 0 0 0 0 0 0 0 0 0 0 0 0 0 0
 0 0 0 0 0 0 0 0 0 0 0 0 0 0 0 0 0 0 0 0 0 0 0 0 0 0 0 0 0 0 0 0 0 0 0 0
 0 0 0 0 0 0 0 0 0 0 0 0 0 0 0 0 0 0 0 0 0 0 0 0 0 0 0 0 0 0 0 0 0 0 0 0
 0 0 0 0 0 0 0 0 0 0 0 0 0 0 0 0 0 0 0 0 0 0 0 0 0 0 0 0 0 0 0 0 0 0 0 0
ppred_pel_tallas
 1.01123e-16 3.38556e-05 0.000198709 0.000944579 0.00363669 0.0113407 0.0286457 0.0586127 0.0971565 0.130477 0.14198 0.125225 0.0896152 0.0522499 0.0252642 0.0109701 0.00566448 0.00499033 0.00627789 0.00835482 0.0107415 0.0131481 0.0153081 0.0169725 0.0179526 0.0181592 0.017619 0.0164595 0.0148711 0.0130594 0.0112035 0.0094318 0.00781769 0.00638963 0.00514801 0.00408072
 1.01375e-16 3.08166e-05 0.00018086 0.000859711 0.0033099 0.0103216 0.0260716 0.0533465 0.0884298 0.118765 0.129256 0.114051 0.0817241 0.0478616 0.0235395 0.0108992 0.00660619 0.00671902 0.00880651 0.0117632 0.0150716 0.0183498 0.0212188 0.023325 0.0244095 0.0243659 0.0232624 0.0213159 0.0188323 0.0161318 0.0134842 0.0110722 0.0089848 0.00723582 0.00579287 0.00460558
 1.02709e-16 2.316e-05 0.0001359 0.000645941 0.0024868 0.00775476 0.0195881 0.0400817 0.0664464 0.0892557 0.0971805 0.0858453 0.061724 0.0365741 0.0187821 0.0100348 0.00790674 0.00949702 0.0129952 0.0175182 0.0225431 0.0275735 0.0320693 0.0355119 0.0375102 0.0378855 0.0367049 0.0342478 0.0309238 0.0271692 0.023359 0.019755 0.0164984 0.0136331 0.0111444 0.00899442
 1.03874e-16 2.61263e-05 0.000153325 0.000728807 0.00280589 0.00874987 0.0221016 0.0452234 0.0749657 0.100685 0.109588 0.0967169 0.0693485 0.0407061 0.0201951 0.00965231 0.00627705 0.00675607 0.00905461 0.0122548 0.0159251 0.0197331 0.0233307 0.0263742 0.0285853 0.0298045 0.0300143 0.0293227 0.0279193 0.0260182 0.0238121 0.0214462 0.0190173 0.016588 0.0142053 0.0119146
 1.03801e-16 2.73448e-05 0.000160478 0.000762813 0.00293683 0.00915818 0.0231329 0.0473337 0.0784635 0.105382 0.114698 0.101221 0.0725659 0.0425692 0.021071 0.00998678 0.00637667 0.0067626 0.00900418 0.0121311 0.0156852 0.0193179 0.0226716 0.0254026 0.0272455 0.0280672 0.027888 0.0268607 0.0252172 0.0232046 0.0210316 0.0188397 0.0167031 0.0146479 0.0126776 0.0107954
 1.04512e-16 2.25556e-05 0.000132354 0.000629092 0.00242194 0.00755249 0.0190772 0.039036 0.0647124 0.0869246 0.0946377 0.0835879 0.0600767 0.0355497 0.0181679 0.00956716 0.00737968 0.00877967 0.0120118 0.0162356 0.0209741 0.0257862 0.0301918 0.0337261 0.0360317 0.036934 0.0364699 0.0348586 0.0324297 0.0295342 0.0264699 0.0234404 0.0205533 0.0178436 0.0153099 0.0129444
 1.03387e-16 3.06354e-05 0.000179803 0.000854701 0.00329064 0.0102616 0.0259199 0.0530355 0.0879122 0.118064 0.128477 0.113327 0.0811258 0.047351 0.0229923 0.0101533 0.00549758 0.00509833 0.00655454 0.00881681 0.0114567 0.0142099 0.0168248 0.0190572 0.0207105 0.0216722 0.0219299 0.0215586 0.0206891 0.0194669 0.01802 0.0164412 0.0147892 0.0131001 0.0114025 0.00972834
 1.02546e-16 2.94886e-05 0.000173064 0.000822648 0.00316721 0.0098766 0.0249476 0.0510467 0.0846178 0.113646 0.123688 0.109144 0.0782217 0.0458383 0.022597 0.0105526 0.00652122 0.00673814 0.00888244 0.0118991 0.0152918 0.0186906 0.0217241 0.0240438 0.025391 0.025654 0.0248881 0.0232916 0.0211466 0.0187473 0.0163387 0.014083 0.0120561 0.0102674 0.00868989 0.00728669
 1.01493e-16 3.44698e-05 0.000202316 0.00096173 0.00370273 0.0115467 0.0291659 0.059677 0.0989201 0.132843 0.144551 0.127482 0.0912079 0.0531326 0.0256051 0.0109709 0.00545146 0.00460452 0.00571091 0.00758392 0.00975143 0.0119434 0.0139189 0.0154546 0.0163824 0.0166242 0.0162056 0.0152419 0.0139033 0.0123705 0.0107982 0.00929354 0.00791338 0.00667517 0.00557357 0.00459549
 1.02153e-16 2.36178e-05 0.000138585 0.0006587 0.00253591 0.00790791 0.019975 0.0408735 0.0677596 0.0910213 0.0991072 0.0875576 0.0629774 0.0373611 0.0192663 0.0104191 0.00834956 0.0100982 0.0138085 0.0185589 0.0237837 0.0289371 0.0334287 0.0367011 0.0383467 0.0382022 0.0363816 0.0332361 0.0292576 0.0249587 0.0207702 0.0169812 0.0137295 0.0110311 0.00882699 0.00702964
 1.0538e-16 1.71296e-05 0.000100496 0.000477625 0.00183874 0.0057338 0.0144834 0.029637 0.0491346 0.0660104 0.0718959 0.0635684 0.0458344 0.027417 0.0145589 0.00856041 0.0076866 0.00984692 0.0137387 0.0187121 0.0243398 0.0301685 0.0356741 0.040329 0.0437026 0.0455439 0.0458188 0.0446875 0.0424379 0.0394014 0.0358816 0.0321143 0.0282641 0.0244419 0.020732 0.0172104
 1.09092e-16 1.68018e-05 9.85792e-05 0.000468533 0.00180376 0.00562475 0.0142078 0.0290726 0.0481967 0.0647438 0.0704991 0.0622925 0.0448255 0.0266359 0.0138222 0.00763095 0.00633475 0.00787129 0.0109777 0.0150693 0.0198217 0.0249203 0.029998 0.0346703 0.038602 0.0415633 0.0434553 0.044296 0.0441801 0.0432294 0.0415563 0.0392505 0.0363891 0.0330565 0.0293638 0.0254548
 1.09127e-16 2.16278e-05 0.000126917 0.000603266 0.00232254 0.00724256 0.0182942 0.0374332 0.0620527 0.0833446 0.0907204 0.0800814 0.0574551 0.0337956 0.0169004 0.00830656 0.00571653 0.00641104 0.00872924 0.0119321 0.0156778 0.0196991 0.0237067 0.0274062 0.0305474 0.0329668 0.0346053 0.0354916 0.035706 0.0353369 0.0344502 0.0330813 0.0312469 0.028969 0.0262974 0.0233213
 1.07007e-16 2.37252e-05 0.000139228 0.000661785 0.00254784 0.00794514 0.0200689 0.0410646 0.0680727 0.0914305 0.099523 0.0878543 0.0630372 0.0370888 0.0185631 0.00914382 0.00630441 0.00704945 0.00953627 0.0129241 0.0167996 0.020828 0.0246551 0.0279355 0.0303973 0.0318957 0.0324326 0.0321335 0.031195 0.0298209 0.0281727 0.0263468 0.0243812 0.0222805 0.0200465 0.0177005
 1.05275e-16 2.48992e-05 0.000146119 0.000694545 0.00267397 0.00833847 0.0210624 0.0430975 0.0714425 0.0959563 0.104448 0.0922 0.0661505 0.0389108 0.019456 0.00955061 0.00653877 0.00727139 0.00980782 0.0132576 0.0171783 0.0212094 0.0249712 0.0280953 0.0302947 0.0314219 0.031491 0.0306549 0.0291485 0.0272213 0.0250805 0.022863 0.020637 0.0184235 0.0162263 0.0140547
 1.05041e-16 2.32511e-05 0.00013644 0.000648523 0.00249676 0.00778584 0.0196666 0.0402417 0.06671 0.0896044 0.0975463 0.0861355 0.061861 0.0365117 0.018487 0.00945677 0.00696436 0.00808653 0.0110151 0.0149021 0.0192935 0.0237897 0.0279595 0.0313834 0.0337347 0.0348467 0.0347384 0.0335889 0.0316741 0.0292892 0.0266836 0.0240273 0.0214105 0.0188665 0.0164036 0.0140304
 1.05947e-16 2.12212e-05 0.000124522 0.000591864 0.00227861 0.00710554 0.0179482 0.0367259 0.0608826 0.0817801 0.0890365 0.0786399 0.056519 0.0334419 0.0170876 0.00899722 0.00694746 0.00828796 0.0113802 0.0154514 0.0200749 0.0248588 0.0293711 0.0331842 0.035957 0.0375011 0.0378087 0.0370288 0.0354073 0.0332131 0.0306775 0.027963 0.0251646 0.0223325 0.0195006 0.016709
 1.04322e-16 2.93816e-05 0.000172442 0.000819703 0.00315589 0.00984132 0.0248584 0.0508637 0.0843127 0.113231 0.123221 0.108699 0.0778291 0.0454607 0.0221381 0.00988559 0.00551095 0.00525488 0.00681922 0.00919799 0.0119756 0.0148887 0.0176826 0.0201084 0.0219647 0.0231341 0.023599 0.0234286 0.0227455 0.0216855 0.0203643 0.0188629 0.0172298 0.0154953 0.013688 0.0118458
 1.02301e-16 3.24364e-05 0.000190375 0.000904958 0.00348414 0.010865 0.027444 0.0561542 0.0930818 0.125007 0.136033 0.119993 0.0858986 0.0501391 0.0243486 0.0107521 0.00581176 0.00536056 0.006842 0.0091253 0.0117333 0.0143622 0.016727 0.0185623 0.0196707 0.019965 0.0194836 0.0183715 0.0168369 0.0150963 0.0133294 0.011654 0.0101243 0.00874678 0.00750238 0.00636718
 1.02092e-16 2.83338e-05 0.000166281 0.000790394 0.003043 0.00948928 0.0239693 0.0490453 0.0813014 0.109196 0.118854 0.104903 0.0752345 0.0441932 0.0219821 0.0105939 0.00698801 0.00755943 0.0100781 0.0135117 0.0173428 0.0211564 0.0245255 0.0270482 0.0284273 0.0285364 0.0274449 0.0253893 0.0227065 0.0197495 0.016816 0.0141076 0.0117231 0.0096798 0.00794628 0.00647338
 1.02032e-16 3.13974e-05 0.000184275 0.000875952 0.00337245 0.0105167 0.0265643 0.0543543 0.0900988 0.121002 0.131679 0.116162 0.0831785 0.0485957 0.0236826 0.0106017 0.00593825 0.00566756 0.00732009 0.0098001 0.0126362 0.0155164 0.0181389 0.0202178 0.0215335 0.021978 0.0215732 0.0204542 0.0188263 0.016911 0.0149006 0.0129316 0.011082 0.00938322 0.00784056 0.00644994
 1.01558e-16 3.30735e-05 0.000194116 0.000922741 0.00355261 0.0110785 0.0279834 0.0572577 0.0949109 0.127463 0.138705 0.122347 0.0875793 0.0511103 0.0248016 0.01092 0.00585564 0.00535718 0.00681582 0.00907723 0.0116545 0.0142388 0.0165405 0.0182907 0.0192898 0.0194497 0.0188113 0.0175255 0.0158091 0.0138907 0.0119635 0.0101587 0.00854243 0.00712909 0.00590303 0.00483825
 1.02013e-16 2.70427e-05 0.000158699 0.00075434 0.00290418 0.00905635 0.0228758 0.0468081 0.077594 0.10422 0.113448 0.100153 0.0718771 0.0423193 0.0212325 0.0105362 0.00734577 0.0082331 0.0110711 0.0148589 0.0190678 0.0232487 0.0269317 0.0296731 0.0311449 0.0312084 0.0299413 0.0276072 0.0245809 0.0212561 0.017966 0.014937 0.0122822 0.0100228 0.00812498 0.00653325
 1.03126e-16 2.5963e-05 0.000152363 0.000724227 0.00278825 0.00869483 0.0219626 0.0449393 0.0744957 0.100057 0.108912 0.0961385 0.0689736 0.040566 0.0202735 0.00993403 0.00677621 0.00751309 0.0101167 0.013653 0.0176532 0.0217327 0.0254857 0.0285177 0.0305207 0.0313353 0.0309776 0.0296164 0.0275176 0.0249719 0.0222343 0.0194902 0.0168509 0.01437 0.0120695 0.00995999
 1.07031e-16 1.11426e-05 6.53365e-05 0.000310453 0.00119505 0.00372644 0.00941313 0.0192637 0.031944 0.0429371 0.046822 0.0415334 0.0302398 0.0186766 0.0109907 0.00813514 0.00909149 0.0125825 0.0177799 0.0241836 0.0313246 0.0386143 0.0453593 0.0508739 0.0546213 0.0563239 0.0560082 0.0539638 0.0506425 0.046533 0.0420552 0.0375043 0.0330479 0.0287599 0.0246689 0.0207976
 1.10052e-16 1.93672e-05 0.00011365 0.000540201 0.00207974 0.0064854 0.0163816 0.0335196 0.0555647 0.0746287 0.081229 0.0716932 0.051416 0.0302025 0.0150321 0.00728045 0.00489571 0.00545943 0.00751642 0.0104546 0.0140325 0.0180811 0.022402 0.0267624 0.0309217 0.0346601 0.0377964 0.0401911 0.0417409 0.0423724 0.0420423 0.0407466 0.0385345 0.035518 0.0318709 0.0278149
 1.05308e-16 3.10012e-05 0.000181954 0.000864933 0.00333005 0.0103844 0.0262302 0.0536703 0.0889637 0.119473 0.130004 0.114656 0.0820393 0.0478076 0.0230705 0.0099432 0.00503531 0.00436307 0.0054959 0.00738491 0.00962655 0.0119998 0.0143075 0.0163622 0.0180151 0.0191826 0.0198564 0.0200893 0.0199666 0.0195728 0.0189667 0.0181736 0.0171928 0.0160154 0.014643 0.0131
pSPR Fmed_Fpbrs
0.439154   0.6 0.325
Fs Fmed_Fpbrs
0.64   0.340818 1.03106
SSBpbr Bo_Bmed_Bpbrs
2.84892e+06  1.10867e+06  1.56691e+06 783453
Ro
63576.6
SPR SPRFo_SPRFmed_SPRFpbrs
1.31312e+06 576665 426766
log_Ro
10.88
likeval ReclasPelacesDesembMPH_pf_preclas_ppelaces_ptallas_desvR_qrecl_qpela
 83.2494 13.9571 0.035958 151.609 350.995 234.92 59.9533 0 21.3404 0.000100465 2.8248e-07 2.21059e-15 0 0 0
q_reclas_q_pelaces
0.241634 0.927173
M
0.7
N
 69093.9 17771.1 6588.13 774.517 0.417551
 82170.5 31875.6 6205.53 2300.52 270.601
 47725.3 38612.8 12155.3 2366.4 980.465
 57250.4 21900.3 13143.4 4137.56 1139.24
 77195.1 27986.5 10088.1 6054.36 2430.7
 55895.1 38186.8 13644.3 4918.27 4136.73
 107026 26442 15035.5 5372.27 3565.29
 124529 51404.8 11195.1 6365.79 3784.01
 268736 58080.4 18912.4 4118.81 3734.23
 169358 126315 22176.3 7221.18 2998.46
 78862 81478.6 53908.5 9464.38 4361.52
 47962 36748.1 29847.3 19747.8 5064.72
 43408.5 22521.2 13963.9 11341.7 9428.51
 30665.2 19849.5 7538.24 4673.96 6952.14
 22785.7 13339.9 5233.54 1987.54 3065.35
 17272.5 10218.2 4067.73 1595.86 1540.78
 12315.2 8204.38 4102.5 1633.16 1259.33
 21232.7 5821.2 3217.9 1609.07 1134.48
 38670.9 10101.5 2354.93 1301.78 1109.89
 42024.9 18554.4 4255.59 992.092 1016
 76189.1 20285.3 8044.9 1845.16 870.678
 154201 37300.2 9411.03 3732.3 1259.97
 154568 75383.8 17185.5 4336 2300.12
 170254 75676.7 34982.2 7975.03 3079.52
 45348 83247.2 34898.9 16132.3 5097.89
 64751.9 22165 38320.8 16064.9 9772.81
 157446 31531.4 10022.9 17328.4 11683.6
pred_Ctot
 3542.01 3870.81 1434.99 168.701 0.0909488
 3184.48 5401.65 1051.59 389.847 45.8562
 2617.87 8925.66 2809.81 547.012 226.642
 642.38 1145.06 687.204 216.333 59.5652
 213.219 367.348 132.415 79.4687 31.905
 1909.28 5764.32 2059.62 742.416 624.443
 2529.04 2829.1 1608.69 574.793 381.459
 5463.09 9745.73 2122.46 1206.88 717.402
 10365.8 9800.19 3191.19 694.988 630.095
 3804.31 12882.1 2261.62 736.442 305.794
 3508.29 15642.2 10349.3 1816.96 837.319
 1883.04 6301.4 5118.09 3386.27 868.475
 2483.23 5400.16 3348.28 2719.52 2260.78
 2755.18 6941.18 2636.05 1634.44 2431.1
 1597.87 3807.26 1493.67 567.252 874.864
 541.386 1424.57 567.104 222.488 214.808
 427.522 1257.03 628.561 250.223 192.947
 642.243 785.164 434.031 217.032 153.019
 941.854 1112.1 259.261 143.317 122.191
 846.627 1706.16 391.32 91.2273 93.4254
 774.305 963.009 381.918 87.5958 41.3339
 1725.38 1944.93 490.717 194.612 65.6982
 1564.88 3565.38 812.815 205.078 108.787
 1881.88 3899.34 1802.5 410.924 158.676
 513.397 4390.64 1840.64 850.853 268.874
 903.917 1432.68 2476.95 1038.39 631.687
 3399.76 3097.37 984.561 1702.2 1147.7
F
 0.0736248 0.352132 0.352132 0.352132 0.352132
 0.0552131 0.264072 0.264072 0.264072 0.264072
 0.0789631 0.377664 0.377664 0.377664 0.377664
 0.0157108 0.0751413 0.0751413 0.0751413 0.0751413
 0.00384722 0.0184004 0.0184004 0.0184004 0.0184004
 0.0485225 0.232072 0.232072 0.232072 0.232072
 0.0333442 0.159478 0.159478 0.159478 0.159478
 0.0627066 0.299912 0.299912 0.299912 0.299912
 0.0549474 0.262802 0.262802 0.262802 0.262802
 0.0316743 0.151491 0.151491 0.151491 0.151491
 0.0636126 0.304245 0.304245 0.304245 0.304245
 0.055953 0.267611 0.267611 0.267611 0.267611
 0.0824767 0.394469 0.394469 0.394469 0.394469
 0.132369 0.63309 0.63309 0.63309 0.63309
 0.101964 0.487673 0.487673 0.487673 0.487673
 0.0444452 0.212572 0.212572 0.212572 0.212572
 0.0493307 0.235938 0.235938 0.235938 0.235938
 0.0428611 0.204996 0.204996 0.204996 0.204996
 0.0343837 0.16445 0.16445 0.16445 0.16445
 0.0283655 0.135666 0.135666 0.135666 0.135666
 0.0142206 0.0680142 0.0680142 0.0680142 0.0680142
 0.0156666 0.0749298 0.0749298 0.0749298 0.0749298
 0.0141661 0.0677532 0.0677532 0.0677532 0.0677532
 0.0154752 0.0740145 0.0740145 0.0740145 0.0740145
 0.0158528 0.0758207 0.0758207 0.0758207 0.0758207
 0.0195795 0.0936444 0.0936444 0.0936444 0.0936444
 0.030431 0.145545 0.145545 0.145545 0.145545
Np
 52653 24348.3 26784.7 4780.86 2056.39
YTP_r0W_actual
 64124.1 144257 66659.6 147179 110123
YTP_p0W_proyectada
 21444.3 346979 90032.3 36547.9 100225
 21444.3 111395 178139 40606.1 19382.4
CTP_r0_actual
 7820.01 6678.58 2122.92 3670.29 2474.68
CTP_p0_proyectada
 2615.16 16063.9 2867.27 911.418 2252.24
 2615.16 5157.15 5673.2 1012.62 435.559
Wmedp
 8.2 21.6 31.4 40.1 44.5
nmprior
 10.8 10.6 4.6 0
nm_flota  nm_reclas  nm_pelaces    nm_pelaL
inf 10.5606 12.4863 34.2772
cv_recla  cv_pelaces  cv_mph
0.790171 0.409249 0.493617
 ------------------------------------------------
Talla a la edad & desviaci?n 
 7.2 14.2025 17.0495 18.207 18.6776
 1.08 2.13037 2.55742 2.73105 2.80164
