years
 1997 1998 1999 2000 2001 2002 2003 2004 2005 2006 2007 2008 2009 2010 2011 2012 2013 2014 2015 2016 2017 2018 2019 2020 2021 2022 2023
reclasobs
 0 0 0 370054 412103 1.49427e+06 250295 1.28982e+06 931140 785840 897777 1.04006e+06 184774 17550 25797 100020 73551 82996 120727 218422 84188 347160 605670 569463 516374 1.08416e+06 1.01767e+06
reclaspred
 598604 152694 351337 204635 296751 311342 636111 458802 761795 963033 859048 629421 349086 118115 100294 98416.8 71472 74749.3 107470 158413 235892 288931 585315 661849 761613 561034 425341
pelacesobs
 0 0 0 0 0 0 0 0 0 2.06254e+06 1.5e+06 0 1.87456e+06 323000 250000 174000 83755 137374 0 501740 490994 745055 786931 1.00524e+06 1.33801e+06 1.41789e+06 0
pelacespred
 2.31872e+06 456243 619850 572524 764393 507143 1.7563e+06 1.21918e+06 2.31395e+06 2.54299e+06 1.8102e+06 1.4329e+06 758451 246642 220080 195950 138024 166495 233130 315692 619512 651427 1.03956e+06 1.42607e+06 1.43195e+06 1.11891e+06 880672
mphobs
 0 0 0 0 0 0 112323 0 153150 637223 0 255016 313432 73983 77613 109348 50772 17779 17303 59886 28197 0 207744 136588 643089 65757 70829
mphpred
 205296 112146 116503 94316.8 96479.1 142769 173159 234999 240704 404069 408906 283226 183684 104294 61151.2 60513.6 41628.8 35277.4 23991.3 35822.8 50254.5 73764.1 119196 167994 192644 146189 101953
desembarqueobs
 350755 77701 442110 56441 14545 235359 269955 359681 431902 328805 639364 411747 362871 311530 167758 66681 60226 58785 57116 73181 50977 67692 138656 160484 209506 203330 245020
desembarquepred
 350761 77700.6 442113 56448.6 14545.8 235601 270045 359475 431663 328831 639427 411649 363180 311674 167530 66719.6 60321.2 58765.3 57047.4 73197.6 50981.1 67662.5 138682 160492 209685 203459 245005
Reclutas
 34987.8 40411.7 17365.8 20908.4 34033.8 21542 57196.3 55241 130988 106002 62349.2 55793.4 34631.8 30733.8 17771.4 8912.5 4957.5 8710.98 14988.9 11503.6 23710.3 44197.5 45878.5 58078.4 13939.2 22397.1 55515.6
log_desv_Rt
 0.182753 0.326874 -0.517741 -0.332096 0.155109 -0.302239 0.674245 0.639462 1.50286 1.29122 0.760506 0.649411 0.172528 0.0531168 -0.494653 -1.18479 -1.77134 -1.20766 -0.664932 -0.929582 -0.206337 0.416424 0.453753 0.689549 -0.737543 -0.263314 0.64442
SSB
 399106 218018 226487 183357 187561 277551 323673 448688 453176 767663 794936 550607 371464 143235 87013.8 85418.6 64295.9 51974.2 70842.8 112190 146429 208490 347162 465043 591269 470182 306874
BT
 1.45489e+06 340073 539625 325263 369140 415270 1.07633e+06 979610 1.56756e+06 1.50406e+06 1.40468e+06 1.04568e+06 703560 402417 244630 144227 116611 130009 158698 201894 341427 361553 563132 791917 787055 680563 636867
Ftot
 1.27656 1.16192 2.16918 0.544328 0.103573 1.22564 1.00838 1.78613 1.73122 0.754024 1.29224 1.16495 1.78274 4.83026 3.9115 1.29122 1.50581 1.76296 1.27406 0.908296 0.476749 0.494629 0.432073 0.455143 0.432454 0.543348 1.15842
BD_Bspro_t
 0.894432 0.609405 0.507852 0.298039 0.420074 0.570215 0.467321 0.510323 0.47843 0.555863 0.525706 0.369055 0.286659 0.149703 0.110797 0.130127 0.138328 0.155644 0.246931 0.39715 0.487033 0.636224 0.710165 0.705519 0.698483 0.583588 0.475615
BD_Bspro
 0.663029 0.36219 0.376259 0.304608 0.311591 0.461092 0.537712 0.745398 0.752853 1.27531 1.32061 0.914714 0.617107 0.237954 0.144555 0.141904 0.106814 0.0863439 0.11769 0.18638 0.243261 0.346361 0.576734 0.772568 0.982265 0.781106 0.509804
BD_Bo
 0.629622 0.343941 0.357301 0.28926 0.295892 0.437859 0.510619 0.707841 0.71492 1.21105 1.25407 0.868626 0.586014 0.225965 0.137271 0.134755 0.101432 0.0819934 0.11176 0.176989 0.231004 0.328909 0.547675 0.733641 0.932773 0.74175 0.484118
BD_Brms
 1.14477 0.625348 0.649639 0.525927 0.537985 0.796108 0.928398 1.28698 1.29985 2.20191 2.28014 1.57932 1.06548 0.410845 0.249584 0.245008 0.184422 0.149079 0.2032 0.321798 0.420007 0.598017 0.995774 1.33389 1.69595 1.34864 0.880214
S_f
 0.0769569 0.613016 0.967843 0.998254 0.999908
 0.0769569 0.613016 0.967843 0.998254 0.999908
 0.0769569 0.613016 0.967843 0.998254 0.999908
 0.0769569 0.613016 0.967843 0.998254 0.999908
 0.0769569 0.613016 0.967843 0.998254 0.999908
 0.0769569 0.613016 0.967843 0.998254 0.999908
 0.0769569 0.613016 0.967843 0.998254 0.999908
 0.0769569 0.613016 0.967843 0.998254 0.999908
 0.0769569 0.613016 0.967843 0.998254 0.999908
 0.0769569 0.613016 0.967843 0.998254 0.999908
 0.0769569 0.613016 0.967843 0.998254 0.999908
 0.0769569 0.613016 0.967843 0.998254 0.999908
 0.0769569 0.613016 0.967843 0.998254 0.999908
 0.0769569 0.613016 0.967843 0.998254 0.999908
 0.0769569 0.613016 0.967843 0.998254 0.999908
 0.0769569 0.613016 0.967843 0.998254 0.999908
 0.0769569 0.613016 0.967843 0.998254 0.999908
 0.0769569 0.613016 0.967843 0.998254 0.999908
 0.0769569 0.613016 0.967843 0.998254 0.999908
 0.0769569 0.613016 0.967843 0.998254 0.999908
 0.0769569 0.613016 0.967843 0.998254 0.999908
 0.0769569 0.613016 0.967843 0.998254 0.999908
 0.0769569 0.613016 0.967843 0.998254 0.999908
 0.0769569 0.613016 0.967843 0.998254 0.999908
 0.0769569 0.613016 0.967843 0.998254 0.999908
 0.0769569 0.613016 0.967843 0.998254 0.999908
 0.0769569 0.613016 0.967843 0.998254 0.999908
Scru_reclas
 0.417769 0.78313 0.947844 0.989184 0.997832
 0.417769 0.78313 0.947844 0.989184 0.997832
 0.417769 0.78313 0.947844 0.989184 0.997832
 0.417769 0.78313 0.947844 0.989184 0.997832
 0.417769 0.78313 0.947844 0.989184 0.997832
 0.417769 0.78313 0.947844 0.989184 0.997832
 0.417769 0.78313 0.947844 0.989184 0.997832
 0.417769 0.78313 0.947844 0.989184 0.997832
 0.417769 0.78313 0.947844 0.989184 0.997832
 0.417769 0.78313 0.947844 0.989184 0.997832
 0.417769 0.78313 0.947844 0.989184 0.997832
 0.417769 0.78313 0.947844 0.989184 0.997832
 0.417769 0.78313 0.947844 0.989184 0.997832
 0.417769 0.78313 0.947844 0.989184 0.997832
 0.417769 0.78313 0.947844 0.989184 0.997832
 0.417769 0.78313 0.947844 0.989184 0.997832
 0.417769 0.78313 0.947844 0.989184 0.997832
 0.417769 0.78313 0.947844 0.989184 0.997832
 0.417769 0.78313 0.947844 0.989184 0.997832
 0.417769 0.78313 0.947844 0.989184 0.997832
 0.417769 0.78313 0.947844 0.989184 0.997832
 0.417769 0.78313 0.947844 0.989184 0.997832
 0.417769 0.78313 0.947844 0.989184 0.997832
 0.417769 0.78313 0.947844 0.989184 0.997832
 0.417769 0.78313 0.947844 0.989184 0.997832
 0.417769 0.78313 0.947844 0.989184 0.997832
 0.417769 0.78313 0.947844 0.989184 0.997832
Scru_pelaces
 0.794211 1 1 1 1
 0.794211 1 1 1 1
 0.794211 1 1 1 1
 0.794211 1 1 1 1
 0.794211 1 1 1 1
 0.794211 1 1 1 1
 0.794211 1 1 1 1
 0.794211 1 1 1 1
 0.794211 1 1 1 1
 0.794211 1 1 1 1
 0.794211 1 1 1 1
 0.794211 1 1 1 1
 0.794211 1 1 1 1
 0.794211 1 1 1 1
 0.794211 1 1 1 1
 0.794211 1 1 1 1
 0.794211 1 1 1 1
 0.794211 1 1 1 1
 0.794211 1 1 1 1
 0.794211 1 1 1 1
 0.794211 1 1 1 1
 0.794211 1 1 1 1
 0.794211 1 1 1 1
 0.794211 1 1 1 1
 0.794211 1 1 1 1
 0.794211 1 1 1 1
 0.794211 1 1 1 1
pf_obs 
 0.256992 0.487395 0.22802 0.0275931 0
 0.321318 0.546541 0.124235 0.00734118 0.000564706
 0.182869 0.594174 0.210203 0.0122559 0.00049798
 0.330522 0.361315 0.267642 0.0388342 0.00168674
 0.649043 0.306663 0.0425973 0.00169635 0
 0.582887 0.30429 0.105238 0.00758474 0
 0.465427 0.430635 0.0974691 0.00646863 0
 0.296916 0.608066 0.0921331 0.00288517 0
 0.311714 0.524322 0.152257 0.0117073 0
 0.15457 0.633149 0.183074 0.0267441 0.00246327
 0.131901 0.49318 0.331252 0.0422183 0.00144891
 0.196976 0.569456 0.194076 0.0375587 0.00193317
 0.518974 0.381816 0.0799577 0.0180837 0.00116848
 0.0928022 0.601141 0.25162 0.0475244 0.00691264
 0.122501 0.610282 0.24278 0.0234846 0.000952079
 0.383417 0.481906 0.127806 0.00687128 0
 0.0376549 0.599619 0.316969 0.0457579 0
 0.0361596 0.667082 0.258105 0.0386534 0
 0.158088 0.579412 0.248529 0.0139706 0
 0.0477256 0.309471 0.559284 0.082774 0.000745712
 0.0406174 0.521527 0.379366 0.0568643 0.0016247
 0.151134 0.462217 0.34131 0.0453401 0
 0.294876 0.26143 0.354403 0.0886775 0.000613685
 0.281977 0.475581 0.204845 0.0348837 0.00271318
 0.0841818 0.532909 0.334909 0.0458182 0.00218182
 0.115287 0.27431 0.454777 0.147771 0.00785563
 0 0 0 0 0
pf_pred 
 0.287734 0.483805 0.204065 0.0243841 1.29406e-05
 0.25209 0.606119 0.115549 0.0235747 0.00266678
 0.125943 0.678424 0.175526 0.0165448 0.00356192
 0.209744 0.514841 0.248183 0.0246207 0.00261082
 0.223155 0.507518 0.20558 0.0576651 0.00608211
 0.123554 0.585706 0.218163 0.0558132 0.0167628
 0.353218 0.382779 0.212859 0.0388948 0.0122491
 0.247285 0.642835 0.0813065 0.0232593 0.00531429
 0.442432 0.445795 0.104377 0.0055686 0.00182802
 0.199273 0.719081 0.0737066 0.00744581 0.000493635
 0.12159 0.58216 0.278961 0.0156738 0.00161517
 0.161848 0.501366 0.270643 0.062482 0.00366162
 0.146536 0.585987 0.20123 0.0537849 0.0124633
 0.302658 0.510114 0.157635 0.0226349 0.00695771
 0.293953 0.676423 0.0279683 0.00142587 0.000229674
 0.171306 0.754596 0.0733798 0.000682509 3.56526e-05
 0.125013 0.582316 0.279487 0.0130634 0.000120893
 0.31617 0.436681 0.201315 0.0438854 0.001948
 0.361482 0.549414 0.071968 0.014128 0.00300837
 0.180388 0.688009 0.122097 0.00775839 0.0017473
 0.282352 0.452846 0.240385 0.0227293 0.00168762
 0.289639 0.528874 0.13518 0.0421831 0.00412333
 0.182393 0.605649 0.17676 0.0264736 0.00872402
 0.182027 0.495454 0.267306 0.0463302 0.00888267
 0.0413679 0.595865 0.262441 0.0836873 0.0166392
 0.103056 0.216704 0.50111 0.130933 0.048198
 0.313698 0.37213 0.112693 0.149989 0.0514896
pobs_RECLAS
 0 0 0 0 0
 0 0 0 0 0
 0 0 0 0 0
 0 0 0 0 0
 0.835266 0.146461 0.0176864 0.000547809 3.91292e-05
 0.385257 0.428462 0.181853 0.0044286 0
 0.867414 0.0963971 0.0333333 0.00285562 0
 0.441836 0.489002 0.0689373 0.000224442 0
 0.779404 0.147425 0.0564933 0.0165055 0.000172143
 0.814271 0.122319 0.05973 0.00367925 0
 0.40263 0.566651 0.0304383 0.000280538 0
 0.475488 0.404961 0.113038 0.00651328 0
 0.955842 0.0263864 0.0167828 0.000988607 0
 0.975058 0.0227948 0.00214734 0 0
 0.738997 0.206755 0.0527124 0.00153531 0
 0.850938 0.134255 0.0134407 0.00136685 0
 0.542534 0.407297 0.0501686 0 0
 0.764087 0.199537 0.0359546 0.000420521 0
 0.470689 0.182191 0.310203 0.0369168 0
 0.84361 0.089868 0.0606195 0.00523954 0.000663233
 0.607945 0.314616 0.071237 0.00620181 0
 0.523733 0.453247 0.0230204 0 0
 0.530135 0.295979 0.169645 0.0042399 0
 0.562478 0.366248 0.0663022 0.0049721 0
 0.250443 0.683176 0.0655157 0.000865301 0
 0.195077 0.31981 0.436473 0.0351445 0.0134964
 0.565238 0.351407 0.0832357 0.000118908 0
ppred_RECLAS
 0.667645 0.247913 0.075378 0.00905943 4.84028e-06
 0.614957 0.329024 0.0455894 0.00936303 0.00106634
 0.431016 0.477378 0.0821985 0.00773191 0.0016751
 0.557566 0.315285 0.114455 0.0114695 0.00122474
 0.571262 0.304711 0.0943968 0.0267857 0.00284513
 0.411778 0.432562 0.116577 0.0300087 0.00907372
 0.731519 0.178112 0.0727308 0.0133915 0.00424623
 0.618095 0.341538 0.0298477 0.00855229 0.00196676
 0.798341 0.171748 0.027924 0.00149291 0.000493287
 0.52847 0.434707 0.0332114 0.00338564 0.000226013
 0.409272 0.432281 0.149145 0.00842765 0.000874318
 0.493564 0.340164 0.133434 0.031009 0.00182955
 0.471991 0.40131 0.0952501 0.0255005 0.00594758
 0.773198 0.193731 0.0279938 0.00387996 0.001198
 0.71521 0.278271 0.00616226 0.000307072 4.97177e-05
 0.490069 0.476254 0.0333485 0.000311946 1.64051e-05
 0.421544 0.426613 0.144976 0.0068036 6.33814e-05
 0.709499 0.208688 0.0666156 0.0145482 0.000649986
 0.727265 0.244148 0.023058 0.00455292 0.000976021
 0.504049 0.4345 0.0569726 0.00365013 0.00082772
 0.651687 0.241533 0.096836 0.00925164 0.00069173
 0.653118 0.275367 0.0531188 0.0167473 0.00164848
 0.506871 0.389719 0.0860613 0.0130262 0.00432269
 0.515454 0.324531 0.132358 0.0231818 0.00447566
 0.170169 0.567543 0.189134 0.0609505 0.0122035
 0.379755 0.183967 0.320375 0.0845586 0.0313445
 0.700787 0.185033 0.0407367 0.0545794 0.0188638
pobs_PELACES
 0 0 0 0 0
 0 0 0 0 0
 0 0 0 0 0
 0 0 0 0 0
 0 0 0 0 0
 0 0 0 0 0
 0 0 0 0 0
 0 0 0 0 0
 0 0 0 0 0
 0 0 0 0 0
 0.450072 0.473896 0.0757376 0.000293798 0
 0 0 0 0 0
 0.463077 0.371075 0.160297 0.00555027 0
 0.529543 0.364841 0.0842815 0.0213345 0
 0.631943 0.363953 0.00410389 0 0
 0.735681 0.248677 0.0153453 0.000297389 0
 0.695825 0.281241 0.0229344 0 0
 0.275771 0.60734 0.115278 0.00161068 0
 0 0 0 0 0
 0.896147 0.0623911 0.0374545 0.00400742 0
 0.803859 0.145111 0.0509908 3.86294e-05 0
 0.739449 0.233085 0.0266225 0.000797448 4.60066e-05
 0.878498 0.100942 0.0204185 0.000141795 0
 0.694673 0.275183 0.0284847 0.00165964 0
 0.469039 0.446079 0.0841089 0.000773354 0
 0.822795 0.102175 0.0682046 0.00682512 0
 0 0 0 0 0
ppred_PELACES
 0.801961 0.159588 0.0345244 0.00392535 2.07761e-06
 0.752915 0.220307 0.0220128 0.00428176 0.00048311
 0.637437 0.323089 0.0356543 0.00314442 0.000674529
 0.688575 0.237523 0.0668429 0.0063834 0.000675526
 0.681463 0.23972 0.0606184 0.0164649 0.00173361
 0.584 0.331744 0.0639939 0.0155916 0.00467043
 0.842275 0.115244 0.034551 0.0060344 0.00189579
 0.774174 0.209491 0.0122717 0.00330942 0.000753732
 0.893791 0.0950829 0.0104291 0.000525071 0.000171828
 0.660349 0.319292 0.0184515 0.00178879 0.000118329
 0.584475 0.329919 0.0808414 0.00432074 0.000444053
 0.663106 0.249802 0.0706365 0.0155465 0.000908725
 0.665111 0.277105 0.0441031 0.0111133 0.00256703
 0.928273 0.0664749 0.00450802 0.000570372 0.000174125
 0.883064 0.115528 0.00133704 6.13841e-05 9.83149e-06
 0.647027 0.336101 0.0167164 0.000147903 7.70531e-06
 0.606475 0.315853 0.0743479 0.00329313 3.03875e-05
 0.84579 0.12233 0.0262456 0.00539594 0.00023876
 0.836941 0.15064 0.0101255 0.00189143 0.000401678
 0.647388 0.319203 0.0310922 0.00189145 0.000424985
 0.764816 0.174998 0.054821 0.00499471 0.000370114
 0.76256 0.197861 0.0297605 0.00894625 0.000872731
 0.633975 0.303317 0.0526113 0.00759741 0.00249873
 0.6495 0.253422 0.0809638 0.0135258 0.00258813
 0.261882 0.543459 0.142247 0.0437346 0.00867856
 0.545885 0.161347 0.217844 0.0547944 0.0201294
 0.828824 0.119755 0.0190204 0.0241364 0.00826453
pobs_pel_tallas
 0 0 0 0 0 0 0 0 0 0 0 0 0 0 0 0 0 0 0 0 0 0 0 0 0 0 0 0 0 0 0 0 0 0 0 0
 0 0 0 0 0 0 0 0 0 0 0 0 0 0 0 0 0 0 0 0 0 0 0 0 0 0 0 0 0 0 0 0 0 0 0 0
 0 0 0 0 0 0 0 0 0 0 0 0 0 0 0 0 0 0 0 0 0 0 0 0 0 0 0 0 0 0 0 0 0 0 0 0
 0 0 0 0 0 0 0 0 0 0 0 0 0 0 0 0 0 0 0 0 0 0 0 0 0 0 0 0 0 0 0 0 0 0 0 0
 0 0 0 0 0 0 0 0 0 0 0 0 0 0 0 0 0 0 0 0 0 0 0 0 0 0 0 0 0 0 0 0 0 0 0 0
 0 0 0 0 0 0 0 0 0 0 0 0 0 0 0 0 0 0 0 0 0 0 0 0 0 0 0 0 0 0 0 0 0 0 0 0
 0 0 0 0 0 0 0 0 0 0 0 0 0 0 0 0 0 0 0 0 0 0 0 0 0 0 0 0 0 0 0 0 0 0 0 0
 0 0 0 0 0 0 0 0 0 0 0 0 0 0 0 0 0 0 0 0 0 0 0 0 0 0 0 0 0 0 0 0 0 0 0 0
 0 0 0 0 0 0 0 0 0 0 0 0 0 0 0 0 0 0 0 0 0 0 0 0 0 0 0 0 0 0 0 0 0 0 0 0
 0 0 0 0 0 0 0 0 0 0 0 0 0 0 0 0 0 0 0 0 0 0 0 0 0 0 0 0 0 0 0 0 0 0 0 0
 0 0 0 0 0 0 0 0 1.78061e-05 0.00172719 0.00360574 0.0105946 0.0120993 0.0124554 0.0147524 0.0171206 0.0266825 0.0428682 0.0675386 0.121331 0.153587 0.119568 0.100827 0.0573624 0.0630603 0.0341343 0.0324427 0.0444173 0.0211091 0.0280891 0.0125444 0.00206551 0 0 0 0
 0 0 0 0 0 0 0 0 0 0 0 0 0 0 0 0 0 0 0 0 0 0 0 0 0 0 0 0 0 0 0 0 0 0 0 0
 0 0 0 0 0 0 0.0133647 0.0140871 0.0187388 0.0205184 0.03894 0.0496705 0.03968 0.0493445 0.0407372 0.0367815 0.0215668 0.0243155 0.0234873 0.0199281 0.019796 0.0243948 0.0301388 0.0376714 0.0412746 0.0863199 0.0771752 0.113111 0.0741005 0.0525337 0.0229764 0.00759418 0.00175318 0 0 0
 0 0 0 0 0 0 0 0 0 0 0.00219441 0.00772107 0.0458388 0.0604681 0.0671733 0.0775358 0.0609151 0.0617685 0.073594 0.0568108 0.0755445 0.0548602 0.0670107 0.0636378 0.0643287 0.046367 0.0373049 0.0286899 0.0247887 0.0153202 0.00654259 0.00121912 0.000365735 0 0 0
 0 0 0 0 0 0 0 0 0 0 0 0 0.000112435 0.00938835 0.0111873 0.0202946 0.0414886 0.0713402 0.111592 0.104902 0.108894 0.110636 0.117776 0.105296 0.107544 0.0401394 0.0192827 0.0124803 0.00416011 0.0028671 0.000618394 0 0 0 0 0
 0 0 0 0 0 0 0 0 0 0 0.00291406 0.0102884 0.027416 0.0768956 0.0749926 0.110853 0.0956884 0.0897413 0.0766577 0.0534642 0.0500743 0.0551293 0.0594112 0.0620874 0.0668451 0.0424026 0.0208742 0.0120726 0.0048766 0.00582813 0.00118941 0.000297354 0 0 0 0
 0 0.00264628 0.0354308 0.0461629 0.0458689 0.0383711 0.0214643 0.0164657 0.0346957 0.0420465 0.0363128 0.0245516 0.0311673 0.0291091 0.0169068 0.0133784 0.00837989 0.0085269 0.0148486 0.0160247 0.0276389 0.0546898 0.0760071 0.122758 0.109233 0.0665981 0.0333725 0.0166128 0.00676272 0.00308733 0.000882094 0 0 0 0 0
 0 0 0 0 0 0 0 0.000805153 0.000690131 0.00759144 0.0133425 0.0154129 0.00931677 0.000345066 0.00356568 0.00563607 0.00851162 0.0253048 0.0502646 0.0516448 0.0657925 0.0565908 0.0611916 0.0827007 0.0866115 0.110766 0.145733 0.0935128 0.0569358 0.0249597 0.0138026 0.00621118 0.00161031 0.00115022 0 0
 0 0 0 0 0 0 0 0 0 0 0 0 0 0 0 0 0 0 0 0 0 0 0 0 0 0 0 0 0 0 0 0 0 0 0 0
 0.00147267 0.00158595 0.00478618 0.00569244 0.00954404 0.0108468 0.00647125 0.017049 0.0510054 0.094081 0.124002 0.0959785 0.0687766 0.0820023 0.061753 0.0591476 0.0492212 0.0479892 0.0443925 0.0268479 0.0217502 0.0140895 0.0121071 0.0120363 0.00920419 0.00665534 0.0049561 0.00860946 0.00930331 0.0156896 0.0114698 0.00855282 0.00243557 0.00046729 0 2.83206e-05
 0 0 0 0 0.000772559 0.00158375 0.000888443 0.00281984 0.00712685 0.0440552 0.0773331 0.111326 0.0921469 0.0852325 0.0710754 0.0886704 0.0786465 0.0553345 0.0373146 0.0185414 0.00753245 0.00457741 0.012979 0.0271748 0.0457355 0.0583668 0.034881 0.0177882 0.00938659 0.00492506 0.0015258 0.00185414 0.000309023 5.79419e-05 3.86279e-05 0
 0 0.00173294 0.00326652 0 0.00397197 0.00683976 0.00946217 0.0152591 0.00757587 0.0136028 0.0228656 0.0392903 0.0559909 0.0764795 0.0681675 0.0726916 0.0566044 0.0477403 0.0527397 0.0444891 0.0609904 0.0582453 0.0661739 0.0445044 0.0529084 0.0360697 0.0280645 0.0235558 0.0158879 0.00826598 0.00280645 0.00217768 0.000904811 0.00058276 9.20147e-05 0
 0 0 0 0 0 0 0 0 0 0 0 0 0 0 0 0 0 0 0 0 0 0 0 0 0 0 0 0 0 0 0 0 0 0 0 0
 0 0 0 0 0 0 0 0 0 0 0 0 0 0 0 0 0 0 0 0 0 0 0 0 0 0 0 0 0 0 0 0 0 0 0 0
 0 0 0 0 0 0 0 0 0 0 0 0 0 0 0 0 0 0 0 0 0 0 0 0 0 0 0 0 0 0 0 0 0 0 0 0
 0 0 0 0 0 0 0 0 0 0 0 0 0 0 0 0 0 0 0 0 0 0 0 0 0 0 0 0 0 0 0 0 0 0 0 0
 0 0 0 0 0 0 0 0 0 0 0 0 0 0 0 0 0 0 0 0 0 0 0 0 0 0 0 0 0 0 0 0 0 0 0 0
ppred_pel_tallas
 1.00678e-16 3.49884e-05 0.000205359 0.000976196 0.00375843 0.0117203 0.0296046 0.0605747 0.100408 0.134843 0.14673 0.12941 0.0926008 0.0539714 0.0260598 0.0112508 0.00571151 0.00493252 0.0061484 0.00814244 0.0104162 0.0126711 0.0146369 0.0160661 0.016778 0.0166983 0.0158745 0.0144588 0.0126665 0.0107241 0.0088243 0.00709941 0.00561651 0.00438886 0.00339568 0.00260126
 1.00555e-16 3.28522e-05 0.000192812 0.000916535 0.0035287 0.0110039 0.027795 0.0568727 0.0942741 0.126611 0.137788 0.121563 0.0870708 0.0509195 0.0249061 0.0112988 0.00652723 0.00637563 0.00824436 0.0109571 0.013977 0.0169246 0.0194329 0.0211652 0.0218818 0.0214959 0.020094 0.0179094 0.0152618 0.0124821 0.00984718 0.0075411 0.00564805 0.00416989 0.00305615 0.00223419
 1.00751e-16 2.78211e-05 0.000163266 0.000776045 0.00298774 0.00931692 0.023534 0.0481551 0.0798276 0.107222 0.11672 0.103054 0.0739834 0.0436089 0.0219697 0.0110472 0.00787805 0.00893416 0.0120163 0.0160713 0.0205188 0.0248514 0.0285389 0.0310881 0.0321466 0.0315855 0.02953 0.0263212 0.0224273 0.0183339 0.0144481 0.0110418 0.00824104 0.00605107 0.00440014 0.00318321
 1.01278e-16 3.00475e-05 0.000176344 0.00083824 0.00322724 0.0100638 0.0254205 0.0520143 0.0862218 0.115801 0.126033 0.111216 0.0797113 0.0467203 0.0230486 0.0107912 0.00670479 0.00695305 0.00916885 0.0122721 0.0157486 0.0192097 0.0222635 0.0245408 0.0257669 0.0258219 0.0247638 0.0228047 0.0202509 0.017428 0.0146157 0.0120094 0.00971341 0.00775711 0.00612246 0.0047706
 1.01586e-16 2.97375e-05 0.000174524 0.000829586 0.00319391 0.00995988 0.025158 0.0514772 0.0853317 0.114606 0.124734 0.110072 0.078897 0.0462547 0.0228404 0.0107298 0.00671525 0.00700146 0.00924623 0.0123793 0.0158886 0.0193846 0.0224738 0.0247861 0.0260468 0.026137 0.0251168 0.0232003 0.0206945 0.0179238 0.0151645 0.0126067 0.0103486 0.0084134 0.00677912 0.00540533
 1.01771e-16 2.54914e-05 0.000149587 0.000711015 0.00273735 0.00853609 0.0215617 0.0441197 0.0731393 0.0982421 0.106954 0.0944543 0.0678597 0.0401003 0.0203898 0.0105632 0.00792644 0.00926502 0.0125731 0.0168804 0.0216321 0.0263224 0.0304122 0.033393 0.0348927 0.0347599 0.0330958 0.0302174 0.0265708 0.0226227 0.0187671 0.0152711 0.0122653 0.00976952 0.00773479 0.00608446
 1.00825e-16 3.67445e-05 0.000215673 0.00102524 0.00394727 0.0123092 0.0310921 0.0636179 0.105451 0.141611 0.154081 0.135864 0.0971551 0.0564962 0.0270368 0.0112585 0.00511419 0.00385327 0.00457227 0.0060171 0.00771435 0.00942352 0.0109456 0.0121004 0.0127537 0.0128454 0.0124004 0.0115175 0.0103404 0.00902206 0.00769375 0.00644712 0.00533123 0.00436063 0.00352875 0.00282032
 1.00392e-16 3.37788e-05 0.000198253 0.000942403 0.0036283 0.0113145 0.0285796 0.0584778 0.0969343 0.130182 0.14167 0.124978 0.0894939 0.0522909 0.0254916 0.0114196 0.00639521 0.00607671 0.00778888 0.0103272 0.0131531 0.0158986 0.0182128 0.0197769 0.0203662 0.0199038 0.0184787 0.0163209 0.0137422 0.0110638 0.00855267 0.00638441 0.00463639 0.0033048 0.00233424 0.00164756
 1.00206e-16 3.899e-05 0.000228858 0.00108793 0.00418864 0.0130619 0.0329933 0.0675077 0.111898 0.150265 0.163491 0.144144 0.103038 0.0598398 0.0284912 0.0116109 0.00488793 0.00326799 0.00366332 0.00474753 0.00603649 0.00730685 0.00838892 0.00913556 0.00944282 0.00927291 0.00866287 0.00771334 0.00656251 0.00535367 0.00420698 0.00320275 0.00237823 0.001735 0.00125181 0.000897501
 1.00434e-16 2.88199e-05 0.00016913 0.000803927 0.00309509 0.00965171 0.0243796 0.0498853 0.0826952 0.111072 0.120907 0.10674 0.0766082 0.0451118 0.0226445 0.0112501 0.00784958 0.00877997 0.0117588 0.015697 0.0200036 0.0241707 0.0276729 0.0300252 0.0308855 0.0301371 0.0279176 0.02458 0.0206027 0.0164787 0.0126185 0.0092927 0.00662114 0.00459871 0.00314027 0.00212623
 1.01425e-16 2.5512e-05 0.000149709 0.000711591 0.00273957 0.00854302 0.0215792 0.0441555 0.0731986 0.0983216 0.107041 0.09453 0.067913 0.0401295 0.0204007 0.0105631 0.00792067 0.00925703 0.0125662 0.0168793 0.0216436 0.0263548 0.0304745 0.0334924 0.0350315 0.0349334 0.0332901 0.0304097 0.0267315 0.0227201 0.0187727 0.0151646 0.0120391 0.00942997 0.00730132 0.00558618
 1.01661e-16 2.89375e-05 0.000169826 0.00080725 0.00310791 0.00969169 0.0244805 0.0500912 0.0830348 0.111522 0.121382 0.107124 0.0768063 0.0450733 0.0223399 0.010634 0.00684283 0.00728002 0.00966866 0.0129625 0.0166499 0.0203306 0.023595 0.0260563 0.0274254 0.027574 0.0265597 0.0246002 0.0220108 0.0191263 0.0162336 0.0135324 0.0111285 0.00905165 0.00728493 0.00579196
 1.01219e-16 2.90259e-05 0.000170343 0.000809703 0.00311734 0.0097211 0.0245549 0.0502435 0.0832879 0.111864 0.12176 0.107471 0.0770827 0.0452918 0.0225519 0.0109055 0.00723745 0.00785222 0.0104591 0.0139896 0.0178987 0.0217434 0.0250689 0.027451 0.0285824 0.0283427 0.0268248 0.0243036 0.0211619 0.0177984 0.0145488 0.0116385 0.0091754 0.00717068 0.00557551 0.00431629
 1.00114e-16 4.04924e-05 0.000237681 0.00112988 0.00435017 0.0135657 0.0342657 0.0701109 0.116212 0.156055 0.169783 0.149673 0.106949 0.0620293 0.0293796 0.0117051 0.00451456 0.00254826 0.00259845 0.00330056 0.00418095 0.00505135 0.00578727 0.00628543 0.00647412 0.00632858 0.00587683 0.00519155 0.00437158 0.00351881 0.00271815 0.00202569 0.00146641 0.00103959 0.000728082 0.000507713
 1.0006e-16 3.8523e-05 0.000226115 0.00107488 0.0041384 0.0129053 0.0325976 0.0666983 0.110557 0.148466 0.161538 0.142434 0.10184 0.0591949 0.0282787 0.0116873 0.00516964 0.00373603 0.00433339 0.00563925 0.00715267 0.00862152 0.00984309 0.0106408 0.0108927 0.0105599 0.00969668 0.00843583 0.00695553 0.00543831 0.00403532 0.00284508 0.00190947 0.0012233 0.000751186 0.000444796
 1.00353e-16 2.82397e-05 0.000165722 0.000787722 0.00303269 0.0094571 0.0238881 0.0488797 0.0810289 0.108836 0.118478 0.104609 0.0751068 0.0442843 0.0223337 0.0112675 0.0080781 0.00918256 0.0123434 0.0164826 0.0209982 0.0253597 0.0290149 0.0314532 0.0323158 0.0314818 0.0290988 0.0255417 0.0213181 0.0169501 0.0128722 0.00937086 0.006572 0.00446883 0.00296913 0.00194376
 1.01273e-16 2.64708e-05 0.000155339 0.00073836 0.00284264 0.00886445 0.0223911 0.0458166 0.0759514 0.102017 0.111057 0.0980612 0.0704159 0.0415399 0.0209912 0.0106626 0.00774409 0.00888894 0.0120136 0.0161222 0.0206635 0.0251492 0.0290627 0.0319155 0.033348 0.0332103 0.0315935 0.0287958 0.0252415 0.0213781 0.0175883 0.0141366 0.0111597 0.00868835 0.00668551 0.00508382
 1.0061e-16 3.68981e-05 0.000216574 0.00102952 0.00396375 0.0123606 0.0312219 0.0638835 0.105892 0.142203 0.154727 0.136437 0.0975709 0.0567513 0.0271834 0.0113613 0.00522212 0.00399555 0.00476365 0.00626167 0.00800555 0.00974282 0.0112623 0.012374 0.0129395 0.0129013 0.0122953 0.0112367 0.00988895 0.00842365 0.00698654 0.00567734 0.00454619 0.00360272 0.00283122 0.00220531
 1.00277e-16 3.65133e-05 0.000214313 0.00101876 0.00392233 0.0122314 0.0308956 0.0632162 0.104786 0.140721 0.153121 0.135036 0.0966028 0.0562558 0.0270721 0.0115308 0.00562119 0.00462779 0.00565861 0.00744435 0.00947368 0.0114526 0.0131234 0.0142557 0.0146875 0.0143626 0.0133444 0.0117972 0.00994482 0.00801758 0.00620751 0.0046413 0.00337528 0.00240768 0.00169967 0.00119668
 1.00631e-16 2.82548e-05 0.000165812 0.000788153 0.00303436 0.00946231 0.0239012 0.0489064 0.0810728 0.108894 0.118538 0.104653 0.0751196 0.0442548 0.0222508 0.0111154 0.00783457 0.00882144 0.0118412 0.0158267 0.0201956 0.0244437 0.0280464 0.0305169 0.0315086 0.0308969 0.0288093 0.0255872 0.0216979 0.0176251 0.0137737 0.0104137 0.00766863 0.00554148 0.00395768 0.0028091
 1.01025e-16 3.33694e-05 0.000195853 0.000930998 0.0035844 0.0111776 0.0282337 0.05777 0.0957601 0.128603 0.139945 0.123441 0.0883611 0.0515642 0.0250175 0.0110076 0.00589192 0.00538066 0.00684126 0.00910874 0.0116914 0.0142768 0.0165714 0.0183017 0.0192631 0.0193638 0.0186419 0.0172488 0.0154052 0.0133469 0.0112776 0.00934111 0.007616 0.00612749 0.00486705 0.00381113
 1.00836e-16 3.32719e-05 0.000195278 0.000928263 0.00357386 0.0111447 0.0281508 0.0576004 0.0954796 0.128228 0.139542 0.123097 0.08814 0.0514856 0.025073 0.0111897 0.00621046 0.00586046 0.00750965 0.00998076 0.0127567 0.0154906 0.0178524 0.0195385 0.0203299 0.0201416 0.0190412 0.0172262 0.0149714 0.0125626 0.01024 0.00816485 0.00641366 0.00499362 0.00386869 0.00298506
 1.01224e-16 2.76693e-05 0.000162376 0.000771822 0.00297148 0.00926624 0.023406 0.0478929 0.0793926 0.106636 0.116079 0.102479 0.0735518 0.0433167 0.0217533 0.0108264 0.00758428 0.00851701 0.0114424 0.0153263 0.019614 0.0238297 0.027477 0.0300904 0.0313318 0.0310679 0.0293987 0.0266239 0.0231621 0.019451 0.0158599 0.0126388 0.00990923 0.00768704 0.00592157 0.0045339
 1.01818e-16 2.83443e-05 0.000166344 0.000790693 0.00304416 0.00949288 0.0239784 0.0490638 0.0813319 0.109236 0.118896 0.104936 0.07525 0.0441854 0.0219472 0.0105268 0.00688062 0.00740256 0.00986486 0.0132417 0.0170262 0.020816 0.0241965 0.0267737 0.0282509 0.0284928 0.0275508 0.025638 0.0230669 0.0201715 0.0172394 0.014473 0.0119828 0.00980452 0.00792814 0.00632437
 1.04105e-16 1.14542e-05 6.71571e-05 0.000319088 0.00122826 0.00383 0.0096748 0.0197999 0.0328353 0.0441419 0.0481538 0.0427572 0.0312228 0.0194651 0.0117722 0.00915196 0.0105814 0.0147552 0.0207998 0.0281388 0.0361839 0.0441891 0.0512896 0.0566508 0.0596485 0.060009 0.0578611 0.0536801 0.0481506 0.0419961 0.035832 0.0300815 0.0249625 0.0205285 0.0167342 0.0134962
 1.05969e-16 2.38228e-05 0.000139806 0.000664547 0.00255849 0.00797837 0.0201528 0.0412357 0.0683546 0.0918038 0.0999154 0.0881675 0.0631899 0.037035 0.0182731 0.00857425 0.00538564 0.00569725 0.00768055 0.0105443 0.0139585 0.0176934 0.0214998 0.0251088 0.0282691 0.0307839 0.0325321 0.0334673 0.033601 0.0329801 0.03167 0.0297488 0.0273104 0.0244708 0.0213694 0.018162
 1.01525e-16 3.61581e-05 0.00021223 0.00100887 0.00388424 0.0121127 0.0305956 0.0626021 0.103768 0.13935 0.151623 0.1337 0.095615 0.0556156 0.0266432 0.0111426 0.00513376 0.00394373 0.00471568 0.00621364 0.00796755 0.00973499 0.0113142 0.0125236 0.0132304 0.0133788 0.0129999 0.0121987 0.0111222 0.0099219 0.00872195 0.00760155 0.00659444 0.00570002 0.00489998 0.0041731
pSPR Fmed_Fpbrs
0.538039   0.6 0.325
Fs Fmed_Fpbrs
0.64   0.487477 1.75337
SSBpbr Bo_Bmed_Bpbrs
633883  309360  348636 174318
Ro
29143.9
SPR SPRFo_SPRFmed_SPRFpbrs
601944 323870 195632
log_Ro
10.1
likeval ReclasPelacesDesembMPH_pf_preclas_ppelaces_ptallas_desvR_qrecl_qpela
 75.9482 10.1932 0.0523959 115.776 343.461 220.815 59.5441 0 22.1288 4.6457e-06 0.000104572 9.21878e-14 0 0 0
q_reclas_q_pelaces
1.35721 4.28388
M
0.7
N
 34987.8 9758.15 3074.46 361.006 0.191409
 40411.7 15748.7 2215.66 443.802 50.1539
 17365.8 18351.3 3836.19 357.361 76.8883
 20908.4 7297.78 2410.8 233.413 24.7195
 34033.8 9956.83 2595.78 706.9 74.4411
 21542 16766.5 4640.25 1166.08 349.885
 57196.3 9734.58 3927.67 703.66 221.371
 55241 26282.1 2605.25 734.981 167.806
 130988 23908.9 4366.49 229.657 75.3334
 106002 56933.2 4108.19 405.923 26.8798
 62349.2 49671.7 17808 983.346 101.24
 55793.4 28030.8 11170.4 2531.88 148.23
 34631.8 25330.4 6815.28 1796.39 415.959
 30733.8 14992.9 4217.12 602.752 185.234
 17771.4 10523.8 385.409 19.5305 3.1449
 8912.5 6531.09 475.125 4.34308 0.226663
 4957.5 4007.18 1469.67 67.6185 0.625243
 8710.98 2192.45 790.572 169.933 7.53744
 14988.9 3776.93 369.463 71.2708 15.1621
 11503.6 6748.13 858.896 53.4615 12.0271
 23710.3 5326.86 1920.27 177.073 13.1299
 44197.5 11350 1974.88 601.125 58.6811
 45878.5 21128.1 4162.03 607.614 199.958
 58078.4 22037.5 8050.51 1360.46 260.483
 13939.2 27848.2 8279.12 2573.4 510.962
 22397.1 6695.41 10608.6 2705.23 994.543
 55515.6 10666.6 2382.95 3113.63 1067.83
pred_Ctot
 2367.76 3981.23 1679.25 200.656 0.106488
 2498.8 6008.05 1145.36 233.68 26.4339
 1938.66 10443.1 2701.9 254.677 54.8292
 618.362 1517.85 731.69 72.5862 7.69718
 194.402 442.125 179.091 50.2351 5.29845
 1402.07 6646.48 2475.67 633.358 190.221
 3085.14 3343.33 1859.19 339.721 106.988
 5142.68 13368.8 1690.9 483.714 110.519
 11841.1 11931.1 2793.51 149.036 48.9245
 4312.15 15560.5 1594.96 161.123 10.682
 4269.03 20439.7 9794.35 550.307 56.7089
 3458.55 10713.8 5783.41 1335.19 78.2457
 3218.31 12869.8 4419.53 1181.26 273.726
 7009.73 11814.5 3650.92 524.237 161.144
 3380.1 7778.02 321.601 16.3958 2.64097
 609.774 2686.02 261.2 2.42943 0.126907
 392.729 1829.36 878.014 41.039 0.379789
 801.047 1106.37 510.052 111.188 4.93544
 1012.46 1538.83 201.573 39.5707 8.42603
 560.792 2138.89 379.576 24.1193 5.43203
 615.574 987.28 524.081 49.5536 3.67929
 1189.79 2172.52 555.298 173.281 16.9379
 1081.13 3589.96 1047.74 156.921 51.7112
 1440.57 3921.03 2115.47 366.659 70.2977
 328.761 4735.49 2085.68 665.084 132.236
 661.221 1390.4 3215.19 840.081 309.245
 3422.79 4060.34 1229.61 1636.54 561.807
F
 0.0982399 0.78255 1.23551 1.27433 1.27644
 0.0894182 0.712279 1.12456 1.1599 1.16182
 0.166933 1.32974 2.09943 2.16539 2.16898
 0.0418898 0.333682 0.526824 0.543377 0.544277
 0.00797063 0.0634917 0.100242 0.103392 0.103563
 0.0943215 0.751337 1.18623 1.2235 1.22553
 0.0776021 0.618155 0.975956 1.00662 1.00829
 0.137455 1.09493 1.7287 1.78301 1.78597
 0.13323 1.06127 1.67555 1.7282 1.73106
 0.0580274 0.462229 0.729777 0.752708 0.753955
 0.099447 0.792166 1.25069 1.28999 1.29212
 0.0896512 0.714135 1.12749 1.16292 1.16485
 0.137195 1.09285 1.72542 1.77963 1.78258
 0.371722 2.96103 4.67493 4.82183 4.82981
 0.301017 2.39782 3.78572 3.90468 3.91114
 0.0993682 0.791538 1.2497 1.28896 1.2911
 0.115882 0.923085 1.45739 1.50318 1.50567
 0.135672 1.08072 1.70627 1.75988 1.7628
 0.0980477 0.781019 1.23309 1.27184 1.27394
 0.0698997 0.5568 0.879088 0.906711 0.908212
 0.0366891 0.292255 0.461418 0.475916 0.476705
 0.0380651 0.303216 0.478723 0.493766 0.494584
 0.0332511 0.264868 0.418179 0.431319 0.432034
 0.0350264 0.27901 0.440507 0.454348 0.455101
 0.0332803 0.265101 0.418547 0.431699 0.432414
 0.0418144 0.333081 0.525876 0.542399 0.543298
 0.0891487 0.710132 1.12117 1.1564 1.15832
Np
 19451.7 9303.79 9287.64 806.689 153.623
YTP_r0W_actual
 12080.4 43542.9 20793.1 35573.1 13556.6
YTP_p0W_proyectada
 4232.76 102940 22720.5 4406.01 7138.79
 4232.76 37979.7 81041.9 9216.39 1950.32
CTP_r0_actual
 1473.22 2015.88 662.202 887.111 304.643
CTP_p0_proyectada
 516.19 4765.74 723.582 109.876 160.422
 516.19 1758.32 2580.95 229.835 43.8273
Wmedp
 8.2 21.6 31.4 40.1 44.5
nmprior
 10.8 10.6 4.6 0
nm_flota  nm_reclas  nm_pelaces    nm_pelaL
inf 15.8002 10.5206 26.9684
cv_recla  cv_pelaces  cv_mph
0.754726 0.349741 0.431357
 ------------------------------------------------
Talla a la edad & desviaci?n 
 7.2 14.2025 17.0495 18.207 18.6776
 1.08 2.13037 2.55742 2.73105 2.80164
