years
 1997 1998 1999 2000 2001 2002 2003 2004 2005 2006 2007 2008 2009 2010 2011 2012 2013 2014 2015 2016 2017 2018 2019 2020 2021 2022 2023
reclasobs
 0 0 0 370054 412103 1.49427e+06 250295 1.28982e+06 931140 785840 897777 1.04006e+06 184774 17550 25797 100020 73551 82996 120727 218422 84188 347160 605670 569463 516374 1.08416e+06 1.01767e+06
reclaspred
 443410 123398 375760 239739 279014 288920 617654 456800 786798 748838 616542 431530 262555 135552 103554 85519.8 72081.5 95125.3 125622 181036 281046 334383 614616 689266 709607 575978 568784
pelacesobs
 0 0 0 0 0 0 0 0 0 2.06254e+06 1.5e+06 0 1.87456e+06 323000 250000 174000 83755 137374 0 501740 490994 745055 786931 1.00524e+06 1.33801e+06 1.41789e+06 0
pelacespred
 1.49541e+06 359630 653363 658549 660198 553218 1.36584e+06 1.16439e+06 1.90031e+06 1.80123e+06 1.35435e+06 989930 606368 270516 202865 177264 155932 196650 257264 365856 661045 704813 1.10345e+06 1.50117e+06 1.51491e+06 1.3683e+06 1.23935e+06
mphobs
 0 0 0 0 0 0 112323 0 153150 637223 0 255016 313432 73983 77613 109348 50772 17779 17303 59886 28197 0 207744 136588 643089 65757 70829
mphpred
 144870 94425.9 115543 139079 122800 152493 204911 239526 253723 377240 362173 266595 167568 107673 59361 50851.9 41307.3 42215.1 23587.2 33461.4 50657.4 68967.8 112392 159956 179938 156170 122939
desembarqueobs
 350755 77701 442110 56441 14545 235359 269955 359681 431902 328805 639364 411747 362871 311530 167758 66681 60226 58785 57116 73181 50977 67692 138656 160484 209506 203330 245020
desembarquepred
 350770 77707.2 442190 56445.3 14545.4 235522 270009 359716 431834 328856 639695 411973 363479 311975 167797 66726.4 60302.3 58799.2 57101.6 73191.2 50977.5 67682.3 138664 160487 209580 203391 245029
Reclutas
 59310.1 69305.8 39400.2 46976.7 63403.6 45863.5 87749.2 103410 228534 151352 72415.5 45517.4 39789.8 28948.5 20745 14127.3 9700.45 17160 31654.3 32834.2 59216.6 120407 121081 133947 35736.5 51737.5 132518
log_desv_Rt
 0.110534 0.266284 -0.298473 -0.122592 0.177276 -0.146576 0.502238 0.666459 1.45944 1.04736 0.310176 -0.154151 -0.288635 -0.606725 -0.939939 -1.32413 -1.70007 -1.12966 -0.51737 -0.480775 0.108957 0.818632 0.824212 0.925197 -0.396071 -0.0260617 0.914471
SSB
 702609 457958 560373 674523 595568 739578 967738 1.14931e+06 1.20629e+06 1.7976e+06 1.75651e+06 1.29297e+06 832456 443018 250061 217361 184385 182011 235097 347905 502972 668884 1.11604e+06 1.5269e+06 1.86028e+06 1.65818e+06 1.23535e+06
BT
 2.44855e+06 647813 1.17993e+06 1.00721e+06 960905 986690 2.1534e+06 2.07501e+06 3.12453e+06 2.89959e+06 2.51918e+06 1.80237e+06 1.23052e+06 691492 435731 311146 277951 330624 417945 582669 992522 1.07384e+06 1.6764e+06 2.2931e+06 2.34395e+06 2.1527e+06 2.00002e+06
Ftot
 0.432588 0.32977 0.486406 0.0992536 0.0237278 0.298447 0.209951 0.39713 0.347241 0.191276 0.379657 0.339899 0.516017 0.878387 0.70235 0.296618 0.334873 0.293272 0.225735 0.179728 0.0908037 0.0997266 0.0893716 0.0978593 0.100041 0.125363 0.196021
BD_Bspro_t
 0.948762 0.767147 0.726434 0.599429 0.689549 0.782847 0.722946 0.735098 0.714929 0.747445 0.718153 0.582909 0.481889 0.374716 0.278241 0.296609 0.341299 0.424212 0.548233 0.688986 0.773348 0.853206 0.888226 0.886787 0.878025 0.830717 0.786394
BD_Bspro
 0.64059 0.417535 0.51091 0.614984 0.542998 0.674297 0.882317 1.04786 1.09981 1.63893 1.60146 1.17884 0.758976 0.403913 0.227988 0.198175 0.168109 0.165945 0.214345 0.317196 0.458576 0.609843 1.01753 1.39212 1.69608 1.51181 1.12631
BD_Bo
 0.321815 0.209758 0.256667 0.308951 0.272788 0.338748 0.443252 0.526417 0.552517 0.823353 0.804532 0.592216 0.381289 0.202915 0.114535 0.0995577 0.0844535 0.0833662 0.107681 0.159351 0.230376 0.306368 0.511178 0.699363 0.852062 0.759493 0.565826
BD_Brms
 0.585118 0.381378 0.466668 0.561729 0.495978 0.615906 0.805913 0.957121 1.00458 1.49701 1.46279 1.07676 0.693253 0.368937 0.208246 0.181014 0.153552 0.151575 0.195784 0.289728 0.418865 0.557033 0.929414 1.27157 1.5492 1.3809 1.02877
S_f
 0.194618 1 1 1 1
 0.194618 1 1 1 1
 0.194618 1 1 1 1
 0.194618 1 1 1 1
 0.194618 1 1 1 1
 0.194618 1 1 1 1
 0.194618 1 1 1 1
 0.194618 1 1 1 1
 0.194618 1 1 1 1
 0.194618 1 1 1 1
 0.194618 1 1 1 1
 0.194618 1 1 1 1
 0.194618 1 1 1 1
 0.194618 1 1 1 1
 0.194618 1 1 1 1
 0.194618 1 1 1 1
 0.194618 1 1 1 1
 0.194618 1 1 1 1
 0.194618 1 1 1 1
 0.194618 1 1 1 1
 0.194618 1 1 1 1
 0.194618 1 1 1 1
 0.194618 1 1 1 1
 0.194618 1 1 1 1
 0.194618 1 1 1 1
 0.194618 1 1 1 1
 0.194618 1 1 1 1
Scru_reclas
 1 1 1 1 1
 1 1 1 1 1
 1 1 1 1 1
 1 1 1 1 1
 1 1 1 1 1
 1 1 1 1 1
 1 1 1 1 1
 1 1 1 1 1
 1 1 1 1 1
 1 1 1 1 1
 1 1 1 1 1
 1 1 1 1 1
 1 1 1 1 1
 1 1 1 1 1
 1 1 1 1 1
 1 1 1 1 1
 1 1 1 1 1
 1 1 1 1 1
 1 1 1 1 1
 1 1 1 1 1
 1 1 1 1 1
 1 1 1 1 1
 1 1 1 1 1
 1 1 1 1 1
 1 1 1 1 1
 1 1 1 1 1
 1 1 1 1 1
Scru_pelaces
 1 1 1 1 1
 1 1 1 1 1
 1 1 1 1 1
 1 1 1 1 1
 1 1 1 1 1
 1 1 1 1 1
 1 1 1 1 1
 1 1 1 1 1
 1 1 1 1 1
 1 1 1 1 1
 1 1 1 1 1
 1 1 1 1 1
 1 1 1 1 1
 1 1 1 1 1
 1 1 1 1 1
 1 1 1 1 1
 1 1 1 1 1
 1 1 1 1 1
 1 1 1 1 1
 1 1 1 1 1
 1 1 1 1 1
 1 1 1 1 1
 1 1 1 1 1
 1 1 1 1 1
 1 1 1 1 1
 1 1 1 1 1
 1 1 1 1 1
pf_obs 
 0.256992 0.487395 0.22802 0.0275931 0
 0.321318 0.546541 0.124235 0.00734118 0.000564706
 0.182869 0.594174 0.210203 0.0122559 0.00049798
 0.330522 0.361315 0.267642 0.0388342 0.00168674
 0.649043 0.306663 0.0425973 0.00169635 0
 0.582887 0.30429 0.105238 0.00758474 0
 0.465427 0.430635 0.0974691 0.00646863 0
 0.296916 0.608066 0.0921331 0.00288517 0
 0.311714 0.524322 0.152257 0.0117073 0
 0.15457 0.633149 0.183074 0.0267441 0.00246327
 0.131901 0.49318 0.331252 0.0422183 0.00144891
 0.196976 0.569456 0.194076 0.0375587 0.00193317
 0.518974 0.381816 0.0799577 0.0180837 0.00116848
 0.0928022 0.601141 0.25162 0.0475244 0.00691264
 0.122501 0.610282 0.24278 0.0234846 0.000952079
 0.383417 0.481906 0.127806 0.00687128 0
 0.0376549 0.599619 0.316969 0.0457579 0
 0.0361596 0.667082 0.258105 0.0386534 0
 0.158088 0.579412 0.248529 0.0139706 0
 0.0477256 0.309471 0.559284 0.082774 0.000745712
 0.0406174 0.521527 0.379366 0.0568643 0.0016247
 0.151134 0.462217 0.34131 0.0453401 0
 0.294876 0.26143 0.354403 0.0886775 0.000613685
 0.281977 0.475581 0.204845 0.0348837 0.00271318
 0.0841818 0.532909 0.334909 0.0458182 0.00218182
 0.115287 0.27431 0.454777 0.147771 0.00785563
 0 0 0 0 0
pf_pred 
 0.385862 0.434693 0.16061 0.0188247 1.0067e-05
 0.308046 0.552149 0.0989552 0.036562 0.00428761
 0.16911 0.604119 0.180954 0.0324302 0.0133875
 0.23194 0.436021 0.241417 0.0723124 0.0183096
 0.251781 0.462971 0.161933 0.0896594 0.0336559
 0.167199 0.529703 0.187546 0.0655978 0.0499541
 0.316664 0.370412 0.199036 0.0704702 0.0434185
 0.285059 0.517506 0.107022 0.0575068 0.0329056
 0.428463 0.406538 0.119433 0.0246991 0.0208659
 0.195564 0.658796 0.103595 0.030434 0.0116109
 0.113322 0.511474 0.307275 0.0483185 0.0196106
 0.115742 0.388373 0.286047 0.171847 0.0379901
 0.160892 0.369557 0.206231 0.151895 0.111426
 0.188933 0.451409 0.158399 0.0883944 0.112864
 0.213504 0.508489 0.154728 0.054294 0.0689848
 0.182995 0.539948 0.179124 0.0545057 0.043427
 0.153924 0.481301 0.241075 0.0799748 0.0437248
 0.299337 0.365626 0.19059 0.0954629 0.0489836
 0.371924 0.449276 0.0933035 0.0486363 0.036861
 0.258646 0.571869 0.121236 0.0251777 0.0230712
 0.332991 0.440587 0.174658 0.0370275 0.014736
 0.379407 0.451626 0.11161 0.0442447 0.0131128
 0.241247 0.581746 0.128814 0.0318337 0.0163597
 0.223353 0.489126 0.220446 0.0488126 0.0182623
 0.062803 0.568902 0.231949 0.104538 0.0318077
 0.13803 0.228305 0.38465 0.156827 0.092187
 0.338933 0.307748 0.0935818 0.157667 0.10207
pobs_RECLAS
 0 0 0 0 0
 0 0 0 0 0
 0 0 0 0 0
 0 0 0 0 0
 0.835266 0.146461 0.0176864 0.000547809 3.91292e-05
 0.385257 0.428462 0.181853 0.0044286 0
 0.867414 0.0963971 0.0333333 0.00285562 0
 0.441836 0.489002 0.0689373 0.000224442 0
 0.779404 0.147425 0.0564933 0.0165055 0.000172143
 0.814271 0.122319 0.05973 0.00367925 0
 0.40263 0.566651 0.0304383 0.000280538 0
 0.475488 0.404961 0.113038 0.00651328 0
 0.955842 0.0263864 0.0167828 0.000988607 0
 0.975058 0.0227948 0.00214734 0 0
 0.738997 0.206755 0.0527124 0.00153531 0
 0.850938 0.134255 0.0134407 0.00136685 0
 0.542534 0.407297 0.0501686 0 0
 0.764087 0.199537 0.0359546 0.000420521 0
 0.470689 0.182191 0.310203 0.0369168 0
 0.84361 0.089868 0.0606195 0.00523954 0.000663233
 0.607945 0.314616 0.071237 0.00620181 0
 0.523733 0.453247 0.0230204 0 0
 0.530135 0.295979 0.169645 0.0042399 0
 0.562478 0.366248 0.0663022 0.0049721 0
 0.250443 0.683176 0.0655157 0.000865301 0
 0.195077 0.31981 0.436473 0.0351445 0.0134964
 0.565238 0.351407 0.0832357 0.000118908 0
ppred_RECLAS
 0.768413 0.16392 0.060565 0.00709865 3.79621e-06
 0.699944 0.239431 0.0429105 0.0158546 0.00185926
 0.519132 0.349626 0.104725 0.0187686 0.00774784
 0.609292 0.221802 0.122808 0.036785 0.009314
 0.633836 0.226569 0.079247 0.0438776 0.0164706
 0.512115 0.310319 0.109871 0.0384295 0.0292649
 0.70663 0.159025 0.0854502 0.0302543 0.0186405
 0.677395 0.233516 0.0482919 0.025949 0.0148481
 0.797291 0.144188 0.0423597 0.00876013 0.00740057
 0.557939 0.362028 0.0569282 0.0167244 0.00638054
 0.401971 0.344969 0.207245 0.0325889 0.0132266
 0.407008 0.260447 0.191826 0.115242 0.0254765
 0.504857 0.218069 0.121693 0.0896304 0.0657506
 0.562196 0.243665 0.0855019 0.0477142 0.0609227
 0.594939 0.261882 0.0796881 0.0279625 0.0355285
 0.539361 0.304431 0.100993 0.0307311 0.0244848
 0.488133 0.291182 0.145848 0.0483839 0.026453
 0.690673 0.161416 0.0841413 0.0421448 0.0216252
 0.75496 0.175282 0.0364017 0.0189751 0.0143811
 0.64413 0.274513 0.0581966 0.012086 0.0110748
 0.720427 0.184669 0.073207 0.0155198 0.00617652
 0.759453 0.175054 0.0432609 0.0171496 0.00508262
 0.621362 0.290306 0.0642815 0.0158859 0.00816389
 0.597586 0.253437 0.114222 0.0252919 0.00946248
 0.257095 0.450962 0.183863 0.082866 0.0252136
 0.452996 0.144882 0.244098 0.0995221 0.0585017
 0.726968 0.127105 0.0386509 0.0651194 0.0421568
pobs_PELACES
 0 0 0 0 0
 0 0 0 0 0
 0 0 0 0 0
 0 0 0 0 0
 0 0 0 0 0
 0 0 0 0 0
 0 0 0 0 0
 0 0 0 0 0
 0 0 0 0 0
 0 0 0 0 0
 0.450072 0.473896 0.0757376 0.000293798 0
 0 0 0 0 0
 0.463077 0.371075 0.160297 0.00555027 0
 0.529543 0.364841 0.0842815 0.0213345 0
 0.631943 0.363953 0.00410389 0 0
 0.735681 0.248677 0.0153453 0.000297389 0
 0.695825 0.281241 0.0229344 0 0
 0.275771 0.60734 0.115278 0.00161068 0
 0 0 0 0 0
 0.896147 0.0623911 0.0374545 0.00400742 0
 0.803859 0.145111 0.0509908 3.86294e-05 0
 0.739449 0.233085 0.0266225 0.000797448 4.60066e-05
 0.878498 0.100942 0.0204185 0.000141795 0
 0.694673 0.275183 0.0284847 0.00165964 0
 0.469039 0.446079 0.0841089 0.000773354 0
 0.822795 0.102175 0.0682046 0.00682512 0
 0 0 0 0 0
ppred_PELACES
 0.788239 0.149887 0.0553801 0.00649094 3.47122e-06
 0.718023 0.225005 0.040325 0.0148993 0.00174724
 0.551279 0.326253 0.0977236 0.0175139 0.00722988
 0.615553 0.218247 0.12084 0.0361955 0.00916474
 0.635298 0.225664 0.0789305 0.0437024 0.0164048
 0.531904 0.297732 0.105415 0.0368708 0.0280779
 0.718062 0.152828 0.0821202 0.0290753 0.0179141
 0.700016 0.217142 0.0449057 0.0241295 0.013807
 0.811798 0.133869 0.0393282 0.0081332 0.00687094
 0.570438 0.351792 0.0553186 0.0162515 0.00620014
 0.426448 0.330849 0.198762 0.031255 0.0126852
 0.428981 0.250796 0.184718 0.110972 0.0245325
 0.539063 0.203004 0.113286 0.0834384 0.0612082
 0.618582 0.212283 0.0744899 0.041569 0.0530763
 0.639014 0.233386 0.0710171 0.0249198 0.0316626
 0.558877 0.291533 0.096714 0.0294291 0.0234475
 0.510379 0.278527 0.139509 0.0462811 0.0253033
 0.707073 0.152858 0.0796802 0.0399103 0.0204786
 0.765889 0.167465 0.0347783 0.0181289 0.0137397
 0.655002 0.266126 0.0564186 0.0117168 0.0107365
 0.725262 0.181476 0.071941 0.0152515 0.00606971
 0.764262 0.171554 0.0423961 0.0168067 0.00498102
 0.626934 0.286034 0.0633355 0.0156521 0.00804375
 0.603825 0.249508 0.112452 0.0248998 0.0093158
 0.262206 0.44786 0.182598 0.0822959 0.0250401
 0.461264 0.142692 0.240409 0.0980178 0.0576174
 0.737185 0.122349 0.0372045 0.0626825 0.0405792
pobs_pel_tallas
 0 0 0 0 0 0 0 0 0 0 0 0 0 0 0 0 0 0 0 0 0 0 0 0 0 0 0 0 0 0 0 0 0 0 0 0
 0 0 0 0 0 0 0 0 0 0 0 0 0 0 0 0 0 0 0 0 0 0 0 0 0 0 0 0 0 0 0 0 0 0 0 0
 0 0 0 0 0 0 0 0 0 0 0 0 0 0 0 0 0 0 0 0 0 0 0 0 0 0 0 0 0 0 0 0 0 0 0 0
 0 0 0 0 0 0 0 0 0 0 0 0 0 0 0 0 0 0 0 0 0 0 0 0 0 0 0 0 0 0 0 0 0 0 0 0
 0 0 0 0 0 0 0 0 0 0 0 0 0 0 0 0 0 0 0 0 0 0 0 0 0 0 0 0 0 0 0 0 0 0 0 0
 0 0 0 0 0 0 0 0 0 0 0 0 0 0 0 0 0 0 0 0 0 0 0 0 0 0 0 0 0 0 0 0 0 0 0 0
 0 0 0 0 0 0 0 0 0 0 0 0 0 0 0 0 0 0 0 0 0 0 0 0 0 0 0 0 0 0 0 0 0 0 0 0
 0 0 0 0 0 0 0 0 0 0 0 0 0 0 0 0 0 0 0 0 0 0 0 0 0 0 0 0 0 0 0 0 0 0 0 0
 0 0 0 0 0 0 0 0 0 0 0 0 0 0 0 0 0 0 0 0 0 0 0 0 0 0 0 0 0 0 0 0 0 0 0 0
 0 0 0 0 0 0 0 0 0 0 0 0 0 0 0 0 0 0 0 0 0 0 0 0 0 0 0 0 0 0 0 0 0 0 0 0
 0 0 0 0 0 0 0 0 1.78061e-05 0.00172719 0.00360574 0.0105946 0.0120993 0.0124554 0.0147524 0.0171206 0.0266825 0.0428682 0.0675386 0.121331 0.153587 0.119568 0.100827 0.0573624 0.0630603 0.0341343 0.0324427 0.0444173 0.0211091 0.0280891 0.0125444 0.00206551 0 0 0 0
 0 0 0 0 0 0 0 0 0 0 0 0 0 0 0 0 0 0 0 0 0 0 0 0 0 0 0 0 0 0 0 0 0 0 0 0
 0 0 0 0 0 0 0.0133647 0.0140871 0.0187388 0.0205184 0.03894 0.0496705 0.03968 0.0493445 0.0407372 0.0367815 0.0215668 0.0243155 0.0234873 0.0199281 0.019796 0.0243948 0.0301388 0.0376714 0.0412746 0.0863199 0.0771752 0.113111 0.0741005 0.0525337 0.0229764 0.00759418 0.00175318 0 0 0
 0 0 0 0 0 0 0 0 0 0 0.00219441 0.00772107 0.0458388 0.0604681 0.0671733 0.0775358 0.0609151 0.0617685 0.073594 0.0568108 0.0755445 0.0548602 0.0670107 0.0636378 0.0643287 0.046367 0.0373049 0.0286899 0.0247887 0.0153202 0.00654259 0.00121912 0.000365735 0 0 0
 0 0 0 0 0 0 0 0 0 0 0 0 0.000112435 0.00938835 0.0111873 0.0202946 0.0414886 0.0713402 0.111592 0.104902 0.108894 0.110636 0.117776 0.105296 0.107544 0.0401394 0.0192827 0.0124803 0.00416011 0.0028671 0.000618394 0 0 0 0 0
 0 0 0 0 0 0 0 0 0 0 0.00291406 0.0102884 0.027416 0.0768956 0.0749926 0.110853 0.0956884 0.0897413 0.0766577 0.0534642 0.0500743 0.0551293 0.0594112 0.0620874 0.0668451 0.0424026 0.0208742 0.0120726 0.0048766 0.00582813 0.00118941 0.000297354 0 0 0 0
 0 0.00264628 0.0354308 0.0461629 0.0458689 0.0383711 0.0214643 0.0164657 0.0346957 0.0420465 0.0363128 0.0245516 0.0311673 0.0291091 0.0169068 0.0133784 0.00837989 0.0085269 0.0148486 0.0160247 0.0276389 0.0546898 0.0760071 0.122758 0.109233 0.0665981 0.0333725 0.0166128 0.00676272 0.00308733 0.000882094 0 0 0 0 0
 0 0 0 0 0 0 0 0.000805153 0.000690131 0.00759144 0.0133425 0.0154129 0.00931677 0.000345066 0.00356568 0.00563607 0.00851162 0.0253048 0.0502646 0.0516448 0.0657925 0.0565908 0.0611916 0.0827007 0.0866115 0.110766 0.145733 0.0935128 0.0569358 0.0249597 0.0138026 0.00621118 0.00161031 0.00115022 0 0
 0 0 0 0 0 0 0 0 0 0 0 0 0 0 0 0 0 0 0 0 0 0 0 0 0 0 0 0 0 0 0 0 0 0 0 0
 0.00147267 0.00158595 0.00478618 0.00569244 0.00954404 0.0108468 0.00647125 0.017049 0.0510054 0.094081 0.124002 0.0959785 0.0687766 0.0820023 0.061753 0.0591476 0.0492212 0.0479892 0.0443925 0.0268479 0.0217502 0.0140895 0.0121071 0.0120363 0.00920419 0.00665534 0.0049561 0.00860946 0.00930331 0.0156896 0.0114698 0.00855282 0.00243557 0.00046729 0 2.83206e-05
 0 0 0 0 0.000772559 0.00158375 0.000888443 0.00281984 0.00712685 0.0440552 0.0773331 0.111326 0.0921469 0.0852325 0.0710754 0.0886704 0.0786465 0.0553345 0.0373146 0.0185414 0.00753245 0.00457741 0.012979 0.0271748 0.0457355 0.0583668 0.034881 0.0177882 0.00938659 0.00492506 0.0015258 0.00185414 0.000309023 5.79419e-05 3.86279e-05 0
 0 0.00173294 0.00326652 0 0.00397197 0.00683976 0.00946217 0.0152591 0.00757587 0.0136028 0.0228656 0.0392903 0.0559909 0.0764795 0.0681675 0.0726916 0.0566044 0.0477403 0.0527397 0.0444891 0.0609904 0.0582453 0.0661739 0.0445044 0.0529084 0.0360697 0.0280645 0.0235558 0.0158879 0.00826598 0.00280645 0.00217768 0.000904811 0.00058276 9.20147e-05 0
 0 0 0 0 0 0 0 0 0 0 0 0 0 0 0 0 0 0 0 0 0 0 0 0 0 0 0 0 0 0 0 0 0 0 0 0
 0 0 0 0 0 0 0 0 0 0 0 0 0 0 0 0 0 0 0 0 0 0 0 0 0 0 0 0 0 0 0 0 0 0 0 0
 0 0 0 0 0 0 0 0 0 0 0 0 0 0 0 0 0 0 0 0 0 0 0 0 0 0 0 0 0 0 0 0 0 0 0 0
 0 0 0 0 0 0 0 0 0 0 0 0 0 0 0 0 0 0 0 0 0 0 0 0 0 0 0 0 0 0 0 0 0 0 0 0
 0 0 0 0 0 0 0 0 0 0 0 0 0 0 0 0 0 0 0 0 0 0 0 0 0 0 0 0 0 0 0 0 0 0 0 0
ppred_pel_tallas
 1.01059e-16 3.43898e-05 0.000201845 0.000959492 0.00369412 0.0115198 0.029098 0.0595381 0.0986901 0.132535 0.144217 0.127192 0.0910085 0.0530335 0.0255893 0.0110191 0.00555602 0.00477032 0.00594919 0.00790558 0.0101616 0.0124374 0.0144797 0.0160528 0.016978 0.0171712 0.0166577 0.0155583 0.0140536 0.0123382 0.0105815 0.00890534 0.00737898 0.00602923 0.00485632 0.00384861
 1.0124e-16 3.1331e-05 0.000183881 0.000874073 0.00336521 0.0104941 0.0265072 0.0542378 0.0899069 0.120748 0.131411 0.115947 0.0830707 0.0486254 0.0238689 0.0109734 0.00654421 0.00657001 0.00857764 0.0114456 0.0146547 0.0178283 0.0205951 0.02261 0.0236214 0.0235279 0.0223992 0.0204513 0.017987 0.0153226 0.0127242 0.0103715 0.00835089 0.00667389 0.00530572 0.00419339
 1.02434e-16 2.40644e-05 0.00014121 0.00067119 0.00258402 0.00805793 0.0203539 0.0416484 0.0690431 0.0927415 0.10097 0.0891798 0.0640926 0.0379193 0.0193652 0.0101723 0.00780874 0.00925142 0.0126159 0.0169905 0.0218486 0.0267017 0.0310222 0.0343053 0.0361719 0.0364516 0.0352147 0.0327397 0.0294322 0.0257235 0.0219834 0.0184697 0.0153198 0.0125741 0.0102139 0.00819636
 1.03459e-16 2.68627e-05 0.000157648 0.000749361 0.00288503 0.00899666 0.0227249 0.0464989 0.0770797 0.103524 0.112675 0.0994374 0.0712892 0.0418248 0.0207118 0.00983417 0.00630712 0.00671874 0.00897258 0.0121226 0.0157257 0.0194442 0.0229277 0.0258326 0.0278841 0.0289296 0.0289621 0.0281026 0.0265544 0.0245449 0.0222765 0.0199 0.0175127 0.0151721 0.012916 0.0107782
 1.03463e-16 2.77239e-05 0.000162704 0.000773394 0.00297756 0.00928521 0.0234538 0.0479903 0.0795517 0.106844 0.116288 0.102623 0.0735671 0.0431495 0.0213448 0.0100937 0.00641332 0.00677541 0.00900785 0.0121253 0.0156626 0.0192662 0.0225752 0.025243 0.0270037 0.0277258 0.0274346 0.0262899 0.0245326 0.0224195 0.0201677 0.0179255 0.015771 0.0137306 0.0118056 0.00999364
 1.04173e-16 2.32184e-05 0.000136246 0.000647595 0.00249318 0.00777467 0.0196384 0.0401842 0.0666153 0.0894793 0.0974155 0.0860326 0.0618147 0.0365396 0.0186026 0.00968041 0.00732789 0.00863003 0.0117774 0.0159082 0.0205416 0.0252405 0.0295317 0.0329578 0.035168 0.0359917 0.0354676 0.0338143 0.03136 0.0284545 0.0253951 0.0223861 0.0195358 0.0168803 0.0144174 0.0121368
 1.03052e-16 3.13298e-05 0.000183881 0.000874086 0.00336528 0.0104943 0.0265078 0.0542384 0.0899059 0.120741 0.131388 0.11589 0.08295 0.0483947 0.0234593 0.010291 0.00547311 0.00498514 0.00636882 0.00855067 0.0110957 0.0137403 0.0162365 0.0183457 0.0198771 0.0207241 0.0208795 0.0204235 0.019491 0.0182313 0.0167752 0.0152171 0.0136152 0.0120034 0.0104054 0.00884661
 1.02183e-16 3.05454e-05 0.00017927 0.000852153 0.00328081 0.0102309 0.0258424 0.0528775 0.0876521 0.117719 0.128116 0.113039 0.0809869 0.0474053 0.0232698 0.010699 0.00638477 0.00641928 0.00839583 0.0112273 0.0144155 0.0176018 0.0204322 0.0225759 0.0237885 0.0239661 0.0231648 0.0215768 0.0194751 0.0171439 0.0148204 0.0126617 0.0107417 0.00906901 0.00761563 0.00634281
 1.01203e-16 3.54163e-05 0.000207874 0.000988157 0.00380449 0.011864 0.0299674 0.0613168 0.101638 0.136492 0.148517 0.130972 0.0936858 0.0545384 0.0262116 0.0111086 0.00533921 0.00433322 0.00529423 0.00700605 0.00899365 0.0109962 0.012787 0.0141581 0.0149543 0.0151058 0.0146407 0.013672 0.0123635 0.0108891 0.00939717 0.00798973 0.00672012 0.00560271 0.00462888 0.00378164
 1.01749e-16 2.49008e-05 0.000146118 0.000694518 0.00267383 0.00833799 0.0210614 0.0430961 0.0714432 0.0959662 0.104483 0.092287 0.0663357 0.039266 0.0200877 0.0106045 0.00819576 0.00972818 0.0132408 0.0177724 0.0227533 0.0276506 0.0318935 0.034945 0.0364152 0.0361514 0.0342706 0.0311198 0.0271823 0.0229608 0.0188776 0.0152155 0.0121082 0.00956811 0.00753277 0.00590972
 1.04596e-16 1.86216e-05 0.000109255 0.00051927 0.00199908 0.00623383 0.0157464 0.0322212 0.0534178 0.0717616 0.0781513 0.069079 0.0497635 0.0296784 0.0155965 0.00891329 0.00772297 0.00973476 0.0135212 0.0183764 0.0238516 0.029485 0.0347509 0.0391246 0.042184 0.043693 0.0436374 0.0422008 0.039696 0.0364768 0.0328632 0.0291001 0.0253508 0.0217161 0.0182623 0.0150428
 1.07664e-16 1.87287e-05 0.000109891 0.000522311 0.00201082 0.00627046 0.0158388 0.0324098 0.053728 0.0721713 0.0785791 0.0694134 0.0499091 0.0295747 0.0151949 0.0081419 0.00646964 0.00785883 0.0108855 0.0148899 0.0195147 0.0244264 0.0292446 0.0335783 0.0370943 0.0395761 0.0409497 0.041268 0.0406666 0.0393087 0.0373428 0.0348839 0.0320203 0.0288327 0.0254145 0.0218813
 1.07402e-16 2.35266e-05 0.000138064 0.00065626 0.00252658 0.00787884 0.0199014 0.0407216 0.0675035 0.0906639 0.0986831 0.0870998 0.0624676 0.0366972 0.0182635 0.00882778 0.00587813 0.00644287 0.00870288 0.0118452 0.015494 0.0193614 0.0231421 0.0265306 0.0292743 0.0312185 0.0323251 0.0326555 0.0323305 0.0314818 0.0302159 0.0285999 0.02667 0.0244524 0.0219869 0.0193395
 1.05035e-16 2.69943e-05 0.000158422 0.000753042 0.00289921 0.00904087 0.0228366 0.0467273 0.077458 0.104031 0.113225 0.0999168 0.0716202 0.0419934 0.020747 0.00976877 0.00615367 0.00646722 0.00859894 0.0115984 0.0150263 0.0185565 0.0218566 0.0246071 0.0265602 0.0275901 0.0277113 0.027058 0.0258338 0.0242517 0.0224856 0.0206458 0.0187818 0.0169036 0.0150084 0.0131022
 1.0342e-16 2.78862e-05 0.000163656 0.00077792 0.00299499 0.00933955 0.0235911 0.0482712 0.0800175 0.10747 0.11697 0.103228 0.0740068 0.0434193 0.0215 0.0102024 0.0065273 0.00692504 0.00920793 0.0123789 0.015961 0.0195878 0.0228849 0.0254962 0.0271518 0.0277252 0.0272551 0.0259216 0.0239891 0.0217357 0.0193946 0.0171216 0.0149935 0.0130276 0.0112107 0.00952455
 1.03575e-16 2.43942e-05 0.00014315 0.000680418 0.00261956 0.00816878 0.0206339 0.042221 0.0699911 0.0940116 0.102344 0.0903718 0.064903 0.0383058 0.0193918 0.00991113 0.00728258 0.00843302 0.0114561 0.0154497 0.0199224 0.0244389 0.0285327 0.0317556 0.0337662 0.034403 0.0337124 0.0319198 0.0293594 0.0263866 0.0233035 0.020318 0.0175395 0.0150015 0.0126956 0.0106021
 1.04844e-16 2.22791e-05 0.000130733 0.00062139 0.00239229 0.00746005 0.0188437 0.038558 0.0639194 0.085858 0.0934725 0.0825494 0.05931 0.0350555 0.0178418 0.00927909 0.0070247 0.0082879 0.0113427 0.0153766 0.0199456 0.0246484 0.0290452 0.0327029 0.0352775 0.0365825 0.0366174 0.0355439 0.0336261 0.031154 0.0283808 0.0254893 0.0225898 0.0197411 0.0169776 0.0143319
 1.0351e-16 3.08506e-05 0.000181067 0.000860711 0.00331378 0.0103337 0.0261021 0.0534084 0.0885303 0.118893 0.129379 0.11412 0.0816865 0.0476653 0.0231205 0.0101681 0.00544556 0.00499613 0.00640097 0.00860434 0.0111784 0.0138632 0.0164134 0.0185924 0.0202103 0.0211598 0.0214311 0.0210993 0.020292 0.0191498 0.0177937 0.0163092 0.0147474 0.0131382 0.0115049 0.00987651
 1.01814e-16 3.34158e-05 0.000196126 0.000932299 0.00358941 0.0111932 0.0282732 0.0578507 0.0958937 0.128782 0.140138 0.123606 0.0884683 0.0516051 0.0249967 0.0109289 0.00574992 0.00516095 0.00652519 0.00867942 0.0111396 0.0136063 0.0158026 0.0174731 0.0184297 0.0185917 0.018002 0.0168076 0.0152174 0.0134485 0.0116818 0.0100365 0.0085676 0.0072809 0.00615443 0.00515882
 1.01792e-16 2.85847e-05 0.000167754 0.000797394 0.00306996 0.00957333 0.0241816 0.0494797 0.0820216 0.110163 0.119907 0.105833 0.0759022 0.044587 0.0221807 0.0106936 0.00705766 0.007635 0.010174 0.0136301 0.0174779 0.0212941 0.0246444 0.0271205 0.0284224 0.0284254 0.0272052 0.0250092 0.0221871 0.0191055 0.0160734 0.0132999 0.0108876 0.00885272 0.00715951 0.005752
 1.01889e-16 3.1645e-05 0.000185728 0.000882862 0.00339906 0.0105996 0.0267739 0.0547831 0.0908095 0.121956 0.132717 0.117076 0.0838281 0.0489664 0.0238466 0.0106468 0.00592344 0.00561847 0.00724216 0.00969065 0.0124909 0.0153317 0.0179137 0.0199529 0.0212319 0.021644 0.0212119 0.0200706 0.0184256 0.0164987 0.0144825 0.0125146 0.0106736 0.00899163 0.00747384 0.00611521
 1.01469e-16 3.33451e-05 0.00019571 0.000930321 0.00358179 0.0111695 0.0282133 0.057728 0.0956905 0.128509 0.139842 0.123348 0.0882898 0.051513 0.0249747 0.010958 0.00582119 0.00527611 0.0066919 0.00890595 0.0114307 0.0139603 0.0162094 0.0179137 0.0188772 0.0190142 0.0183657 0.0170813 0.0153759 0.0134754 0.011571 0.00979252 0.00820538 0.00682353 0.00563084 0.00460065
 1.01906e-16 2.73616e-05 0.000160572 0.000763245 0.00293847 0.00916327 0.0231459 0.0473606 0.0785098 0.10545 0.114784 0.101329 0.0727125 0.042794 0.0214387 0.0105856 0.00731256 0.00814853 0.0109403 0.0146768 0.018828 0.0229475 0.0265697 0.0292554 0.0306809 0.03071 0.0294219 0.0270795 0.0240565 0.020745 0.0174764 0.0144761 0.0118561 0.00963665 0.00778242 0.00623647
 1.02969e-16 2.63526e-05 0.000154651 0.000735102 0.00283012 0.00882542 0.0222924 0.0456142 0.0756142 0.101559 0.110544 0.0975759 0.0699962 0.0411499 0.0205326 0.0100064 0.00675475 0.00743803 0.00999622 0.0134819 0.0174233 0.021437 0.0251201 0.028082 0.0300185 0.0307741 0.0303674 0.0289696 0.0268479 0.024294 0.0215636 0.0188418 0.0162391 0.0138074 0.0115656 0.00952114
 1.06736e-16 1.14645e-05 6.72262e-05 0.000319436 0.00122963 0.0038343 0.00968557 0.0198212 0.0328681 0.0441781 0.0481725 0.0427247 0.0310927 0.0191745 0.0112325 0.0082413 0.00914668 0.0126288 0.0178319 0.0242419 0.0313819 0.0386565 0.0453665 0.0508218 0.0544839 0.0560778 0.0556364 0.0534593 0.0500102 0.0457896 0.0412279 0.036627 0.0321572 0.0278912 0.0238528 0.0200576
 1.0952e-16 2.01321e-05 0.00011814 0.000561549 0.00216193 0.00674172 0.0170291 0.0348443 0.0577603 0.0775768 0.0844358 0.0745186 0.0534313 0.0313641 0.0155682 0.00746851 0.00492605 0.00542008 0.00743173 0.0103202 0.0138325 0.0177949 0.0220062 0.0262334 0.0302383 0.0338064 0.0367648 0.0389853 0.0403769 0.040879 0.0404595 0.039122 0.0369195 0.0339625 0.030419 0.0265012
 1.04619e-16 3.21622e-05 0.000188771 0.000897342 0.00345483 0.0107736 0.0272132 0.0556814 0.0922968 0.123948 0.13487 0.11894 0.0850877 0.0495498 0.0238468 0.0101663 0.0049836 0.00415903 0.0051669 0.0069193 0.00900332 0.0112008 0.0133221 0.0151886 0.0166599 0.0176592 0.0181826 0.0182863 0.0180585 0.0175874 0.0169369 0.0161375 0.015193 0.0140964 0.0128473 0.0114644
pSPR Fmed_Fpbrs
0.44292   0.6 0.325
Fs Fmed_Fpbrs
0.64   0.344703 1.05178
SSBpbr Bo_Bmed_Bpbrs
2.18327e+06  857848  1.2008e+06 600398
Ro
53103.6
SPR SPRFo_SPRFmed_SPRFpbrs
1.09681e+06 485800 356465
log_Ro
10.7
likeval ReclasPelacesDesembMPH_pf_preclas_ppelaces_ptallas_desvR_qrecl_qpela
 80.6964 13.2005 0.0426937 149.539 347.259 230.57 58.7791 0 21.1779 6.70999e-05 2.38649e-06 2.26107e-15 0 0 0
q_reclas_q_pelaces
0.313247 1.24581
M
0.7
N
 59310.1 15059.8 5564.28 652.174 0.348768
 69305.8 27074.4 4852.23 1792.8 210.242
 39400.2 32276.8 9667.98 1732.68 715.265
 46976.7 17798.4 9854.65 2951.8 747.398
 63403.6 22881.7 8003.31 4431.29 1663.4
 45863.5 31340.2 11096.3 3881.13 2955.56
 87749.2 21490 11547.3 4088.43 2518.99
 103410 41830.4 8650.65 4648.31 2659.78
 228534 47532.6 13964.1 2887.83 2439.64
 151352 106071 16679.4 4900.08 1869.43
 72415.5 72412.7 43502.9 6840.76 2776.39
 45517.4 33399.2 24599.4 14778.5 3267.06
 39789.8 21156.4 11806.3 8695.67 6378.92
 28948.5 17871.1 6270.94 3499.49 4468.24
 20745 12116.5 3686.94 1293.74 1643.8
 14127.3 8985.53 2980.89 907.055 722.69
 9700.45 6621.92 3316.79 1100.32 601.581
 17160 4513.17 2352.58 1178.36 604.638
 31654.3 8048.67 1671.51 871.307 660.357
 32834.2 15043.4 3189.2 662.319 606.907
 59216.6 15744.5 6241.46 1323.19 526.596
 120407 28891 7139.82 2830.38 838.84
 121081 58643 12985.1 3209 1649.14
 133947 59090.1 26631.6 5896.93 2206.23
 35736.5 65261.1 26607.8 11992 3648.79
 51737.5 17404.1 29322.5 11955.2 7027.56
 132518 25072.8 7624.3 12845.5 8315.87
pred_Ctot
 3460.77 3898.73 1440.5 168.837 0.0902906
 3109.86 5574.18 998.995 369.109 43.2853
 2573.29 9192.7 2753.52 493.481 203.713
 647.05 1216.38 673.489 201.732 51.0789
 210.134 386.391 135.148 74.8289 28.0889
 1867.47 5916.32 2094.72 732.669 557.943
 2532.53 2962.38 1591.8 563.588 347.241
 5556.12 10086.8 2085.98 1120.87 641.366
 10781.9 10230.2 3005.44 621.534 525.073
 3985.99 13427.6 2111.46 620.307 236.654
 3725.14 16813.3 10100.8 1588.34 644.645
 2103.36 7057.8 5198.27 3122.93 690.384
 2750.05 6316.65 3525 2596.26 1904.55
 3303.79 7893.6 2769.86 1545.71 1973.61
 1921.14 4575.47 1392.27 488.547 620.737
 571.798 1687.15 559.702 170.312 135.695
 441.818 1381.51 691.971 229.556 125.506
 686.907 839.025 437.358 219.064 112.406
 980.938 1184.95 246.085 128.277 97.2199
 813.314 1798.24 381.226 79.1714 72.5475
 746.741 988.028 391.676 83.0351 33.046
 1666.3 1983.48 490.176 194.316 57.5896
 1502.97 3624.3 802.515 198.325 101.921
 1819.26 3984.03 1795.58 397.589 148.75
 496.102 4493.95 1832.24 825.779 251.259
 898.075 1485.43 2502.67 1020.37 599.801
 3575.1 3246.16 987.113 1663.1 1076.65
F
 0.0841895 0.432588 0.432588 0.432588 0.432588
 0.0641793 0.32977 0.32977 0.32977 0.32977
 0.0946634 0.486406 0.486406 0.486406 0.486406
 0.0193166 0.0992536 0.0992536 0.0992536 0.0992536
 0.00461786 0.0237278 0.0237278 0.0237278 0.0237278
 0.0580833 0.298447 0.298447 0.298447 0.298447
 0.0408602 0.209951 0.209951 0.209951 0.209951
 0.0772886 0.39713 0.39713 0.39713 0.39713
 0.0675794 0.347241 0.347241 0.347241 0.347241
 0.0372258 0.191276 0.191276 0.191276 0.191276
 0.0738882 0.379657 0.379657 0.379657 0.379657
 0.0661504 0.339899 0.339899 0.339899 0.339899
 0.100426 0.516017 0.516017 0.516017 0.516017
 0.17095 0.878387 0.878387 0.878387 0.878387
 0.13669 0.70235 0.70235 0.70235 0.70235
 0.0577272 0.296618 0.296618 0.296618 0.296618
 0.0651723 0.334873 0.334873 0.334873 0.334873
 0.0570761 0.293272 0.293272 0.293272 0.293272
 0.0439322 0.225735 0.225735 0.225735 0.225735
 0.0349783 0.179728 0.179728 0.179728 0.179728
 0.017672 0.0908037 0.0908037 0.0908037 0.0908037
 0.0194086 0.0997266 0.0997266 0.0997266 0.0997266
 0.0173933 0.0893716 0.0893716 0.0893716 0.0893716
 0.0190452 0.0978593 0.0978593 0.0978593 0.0978593
 0.0194698 0.100041 0.100041 0.100041 0.100041
 0.024398 0.125363 0.125363 0.125363 0.125363
 0.0381493 0.196021 0.196021 0.196021 0.196021
Np
 42411.9 19694.6 22283.9 3600.46 1480.01
YTP_r0W_actual
 50902.7 115830 51202.7 110169 79146.4
YTP_p0W_proyectada
 16291.3 292628 68732 26691.3 70274.5
 16291.3 90983.7 149652 30879.2 14086
CTP_r0_actual
 6207.65 5362.49 1630.66 2747.35 1778.57
CTP_p0_proyectada
 1986.74 13547.6 2188.92 665.619 1579.2
 1986.74 4212.21 4766 770.054 316.54
Wmedp
 8.2 21.6 31.4 40.1 44.5
nmprior
 10.8 10.6 4.6 0
nm_flota  nm_reclas  nm_pelaces    nm_pelaL
inf 10.5075 12.8528 35.6942
cv_recla  cv_pelaces  cv_mph
0.777961 0.398002 0.490236
 ------------------------------------------------
Talla a la edad & desviaci?n 
 7.2 14.2025 17.0495 18.207 18.6776
 1.08 2.13037 2.55742 2.73105 2.80164
