years
 1997 1998 1999 2000 2001 2002 2003 2004 2005 2006 2007 2008 2009 2010 2011 2012 2013 2014 2015 2016 2017 2018 2019 2020 2021 2022 2023
reclasobs
 0 0 0 370054 412103 1.49427e+06 250295 1.28982e+06 931140 785840 897777 1.04006e+06 184774 17550 25797 100020 73551 82996 120727 218422 84188 347160 605670 569463 516374 1.08416e+06 1.01767e+06
reclaspred
 1.4877e+06 268115 523206 179636 268057 307167 599477 456742 707487 1.08148e+06 990825 720971 462107 147007 110679 121886 88933.2 74022.9 101490 147855 196547 252454 546979 636825 846753 593147 223504
pelacesobs
 0 0 0 0 0 0 0 0 0 2.06254e+06 1.5e+06 0 1.87456e+06 323000 250000 174000 83755 137374 0 501740 490994 745055 786931 1.00524e+06 1.33801e+06 1.41789e+06 0
pelacespred
 3.061e+06 864028 538947 416507 716257 442350 1.82578e+06 1.11791e+06 2.15848e+06 2.81833e+06 1.90893e+06 1.64834e+06 985477 283908 233153 233142 158278 152164 210098 261834 495821 542609 896939 1.31996e+06 1.46466e+06 1.07286e+06 282244
mphobs
 0 0 0 0 0 0 112323 0 153150 637223 0 255016 313432 73983 77613 109348 50772 17779 17303 59886 28197 0 207744 136588 643089 65757 70829
mphpred
 411996 172326 157641 74891.4 63950.9 138114 152460 247809 226257 418570 435352 278859 217609 119303 62723.3 60407.9 40493.5 30963.4 26793.8 38844.5 46092.3 71370.4 118486 162755 215437 139688 89195.2
desembarqueobs
 350755 77701 442110 56441 14545 235359 269955 359681 431902 328805 639364 411747 362871 311530 167758 66681 60226 58785 57116 73181 50977 67692 138656 160484 209506 203330 245020
desembarquepred
 350731 77665.1 441587 56423.5 14544 235266 269852 358976 431237 328665 638561 411119 362512 310506 167378 66672.9 60246.5 58677.8 56979 73145.9 50959.7 67612.1 138641 160409 209575 203242 244604
Reclutas
 19198.2 43930.6 5291.04 9312.5 35418.8 13469.1 59437.7 42152.8 116111 101536 54520.4 69576.4 40030.7 29568.6 16815.4 8762.06 4614.55 7113.9 12579.2 7041.64 17147 32111.1 30531.1 54683.5 7160.93 25747.3 5547.96
log_desv_Rt
 -0.117429 0.710367 -1.40623 -0.840887 0.494999 -0.471844 1.01268 0.669056 1.6823 1.54817 0.92633 1.17018 0.617401 0.314468 -0.24995 -0.901814 -1.54303 -1.11019 -0.540197 -1.1204 -0.230422 0.396956 0.346501 0.929317 -1.1036 0.176084 -1.35881
SSB
 595416 249046 227823 108233 92421.8 199602 210121 350541 314443 589582 629170 403006 328121 137248 75684.5 72100.2 53491 39442.7 48989.7 76372.9 82891.5 123588 212631 274794 409705 285699 170838
BT
 1.23953e+06 382748 387032 183798 268878 310737 975209 784861 1.3019e+06 1.28087e+06 1.18071e+06 968119 685123 390063 228595 129168 102564 106076 123666 137785 223853 235309 360894 564957 540357 494253 280627
Ftot
 0.634786 0.899883 1.94685 0.869017 0.207567 1.86246 1.77569 2.34758 2.55375 0.973456 1.69364 1.69425 2.12373 4.95303 4.37625 1.50616 1.79995 2.42671 1.86858 1.35476 0.868498 0.851067 0.705079 0.778868 0.635565 0.933935 2.40698
BD_Bspro_t
 0.931343 0.63741 0.515122 0.205342 0.276725 0.497017 0.370379 0.443446 0.383405 0.485291 0.459791 0.295759 0.258374 0.139947 0.0933179 0.106952 0.112885 0.118703 0.180322 0.303519 0.345122 0.504265 0.594894 0.58125 0.610501 0.450002 0.322453
BD_Bspro
 1.33522 0.558485 0.510892 0.242712 0.207256 0.447608 0.471197 0.786088 0.705138 1.32214 1.41091 0.903741 0.735812 0.307778 0.169722 0.161685 0.119953 0.0884502 0.109859 0.171266 0.185884 0.277146 0.476825 0.616225 0.918762 0.640679 0.383104
BD_Bo
 1.20965 0.505962 0.462845 0.219886 0.187764 0.405512 0.426883 0.71216 0.638823 1.1978 1.27822 0.818748 0.666612 0.278833 0.153761 0.146479 0.108672 0.0801319 0.0995275 0.155159 0.168403 0.251082 0.431982 0.558272 0.832357 0.580426 0.347075
BD_Brms
 2.19936 0.919931 0.841536 0.399793 0.34139 0.737295 0.776151 1.29484 1.1615 2.17781 2.32404 1.48863 1.21202 0.506969 0.279565 0.266325 0.197586 0.145694 0.180959 0.282108 0.306186 0.456513 0.785422 1.01504 1.51338 1.05532 0.631045
S_f
 0.0821652 0.654484 0.975658 0.998822 0.999944
 0.0821652 0.654484 0.975658 0.998822 0.999944
 0.0821652 0.654484 0.975658 0.998822 0.999944
 0.0821652 0.654484 0.975658 0.998822 0.999944
 0.0821652 0.654484 0.975658 0.998822 0.999944
 0.0821652 0.654484 0.975658 0.998822 0.999944
 0.0821652 0.654484 0.975658 0.998822 0.999944
 0.0821652 0.654484 0.975658 0.998822 0.999944
 0.0821652 0.654484 0.975658 0.998822 0.999944
 0.0821652 0.654484 0.975658 0.998822 0.999944
 0.0821652 0.654484 0.975658 0.998822 0.999944
 0.0821652 0.654484 0.975658 0.998822 0.999944
 0.0821652 0.654484 0.975658 0.998822 0.999944
 0.0821652 0.654484 0.975658 0.998822 0.999944
 0.0821652 0.654484 0.975658 0.998822 0.999944
 0.0821652 0.654484 0.975658 0.998822 0.999944
 0.0821652 0.654484 0.975658 0.998822 0.999944
 0.0821652 0.654484 0.975658 0.998822 0.999944
 0.0821652 0.654484 0.975658 0.998822 0.999944
 0.0821652 0.654484 0.975658 0.998822 0.999944
 0.0821652 0.654484 0.975658 0.998822 0.999944
 0.0821652 0.654484 0.975658 0.998822 0.999944
 0.0821652 0.654484 0.975658 0.998822 0.999944
 0.0821652 0.654484 0.975658 0.998822 0.999944
 0.0821652 0.654484 0.975658 0.998822 0.999944
 0.0821652 0.654484 0.975658 0.998822 0.999944
 0.0821652 0.654484 0.975658 0.998822 0.999944
Scru_reclas
 0.220748 0.58774 0.877673 0.973052 0.994527
 0.220748 0.58774 0.877673 0.973052 0.994527
 0.220748 0.58774 0.877673 0.973052 0.994527
 0.220748 0.58774 0.877673 0.973052 0.994527
 0.220748 0.58774 0.877673 0.973052 0.994527
 0.220748 0.58774 0.877673 0.973052 0.994527
 0.220748 0.58774 0.877673 0.973052 0.994527
 0.220748 0.58774 0.877673 0.973052 0.994527
 0.220748 0.58774 0.877673 0.973052 0.994527
 0.220748 0.58774 0.877673 0.973052 0.994527
 0.220748 0.58774 0.877673 0.973052 0.994527
 0.220748 0.58774 0.877673 0.973052 0.994527
 0.220748 0.58774 0.877673 0.973052 0.994527
 0.220748 0.58774 0.877673 0.973052 0.994527
 0.220748 0.58774 0.877673 0.973052 0.994527
 0.220748 0.58774 0.877673 0.973052 0.994527
 0.220748 0.58774 0.877673 0.973052 0.994527
 0.220748 0.58774 0.877673 0.973052 0.994527
 0.220748 0.58774 0.877673 0.973052 0.994527
 0.220748 0.58774 0.877673 0.973052 0.994527
 0.220748 0.58774 0.877673 0.973052 0.994527
 0.220748 0.58774 0.877673 0.973052 0.994527
 0.220748 0.58774 0.877673 0.973052 0.994527
 0.220748 0.58774 0.877673 0.973052 0.994527
 0.220748 0.58774 0.877673 0.973052 0.994527
 0.220748 0.58774 0.877673 0.973052 0.994527
 0.220748 0.58774 0.877673 0.973052 0.994527
Scru_pelaces
 0.468499 0.816048 0.95713 0.991179 0.998235
 0.468499 0.816048 0.95713 0.991179 0.998235
 0.468499 0.816048 0.95713 0.991179 0.998235
 0.468499 0.816048 0.95713 0.991179 0.998235
 0.468499 0.816048 0.95713 0.991179 0.998235
 0.468499 0.816048 0.95713 0.991179 0.998235
 0.468499 0.816048 0.95713 0.991179 0.998235
 0.468499 0.816048 0.95713 0.991179 0.998235
 0.468499 0.816048 0.95713 0.991179 0.998235
 0.468499 0.816048 0.95713 0.991179 0.998235
 0.468499 0.816048 0.95713 0.991179 0.998235
 0.468499 0.816048 0.95713 0.991179 0.998235
 0.468499 0.816048 0.95713 0.991179 0.998235
 0.468499 0.816048 0.95713 0.991179 0.998235
 0.468499 0.816048 0.95713 0.991179 0.998235
 0.468499 0.816048 0.95713 0.991179 0.998235
 0.468499 0.816048 0.95713 0.991179 0.998235
 0.468499 0.816048 0.95713 0.991179 0.998235
 0.468499 0.816048 0.95713 0.991179 0.998235
 0.468499 0.816048 0.95713 0.991179 0.998235
 0.468499 0.816048 0.95713 0.991179 0.998235
 0.468499 0.816048 0.95713 0.991179 0.998235
 0.468499 0.816048 0.95713 0.991179 0.998235
 0.468499 0.816048 0.95713 0.991179 0.998235
 0.468499 0.816048 0.95713 0.991179 0.998235
 0.468499 0.816048 0.95713 0.991179 0.998235
 0.468499 0.816048 0.95713 0.991179 0.998235
pf_obs 
 0.256992 0.487395 0.22802 0.0275931 0
 0.321318 0.546541 0.124235 0.00734118 0.000564706
 0.182869 0.594174 0.210203 0.0122559 0.00049798
 0.330522 0.361315 0.267642 0.0388342 0.00168674
 0.649043 0.306663 0.0425973 0.00169635 0
 0.582887 0.30429 0.105238 0.00758474 0
 0.465427 0.430635 0.0974691 0.00646863 0
 0.296916 0.608066 0.0921331 0.00288517 0
 0.311714 0.524322 0.152257 0.0117073 0
 0.15457 0.633149 0.183074 0.0267441 0.00246327
 0.131901 0.49318 0.331252 0.0422183 0.00144891
 0.196976 0.569456 0.194076 0.0375587 0.00193317
 0.518974 0.381816 0.0799577 0.0180837 0.00116848
 0.0928022 0.601141 0.25162 0.0475244 0.00691264
 0.122501 0.610282 0.24278 0.0234846 0.000952079
 0.383417 0.481906 0.127806 0.00687128 0
 0.0376549 0.599619 0.316969 0.0457579 0
 0.0361596 0.667082 0.258105 0.0386534 0
 0.158088 0.579412 0.248529 0.0139706 0
 0.0477256 0.309471 0.559284 0.082774 0.000745712
 0.0406174 0.521527 0.379366 0.0568643 0.0016247
 0.151134 0.462217 0.34131 0.0453401 0
 0.294876 0.26143 0.354403 0.0886775 0.000613685
 0.281977 0.475581 0.204845 0.0348837 0.00271318
 0.0841818 0.532909 0.334909 0.0458182 0.00218182
 0.115287 0.27431 0.454777 0.147771 0.00785563
 0 0 0 0 0
pf_pred 
 0.0981226 0.604783 0.262752 0.0343349 6.93063e-06
 0.265907 0.35222 0.294839 0.0772521 0.00978231
 0.0390353 0.774274 0.115974 0.0550464 0.0156705
 0.183437 0.285582 0.48029 0.0321384 0.0185533
 0.43054 0.395868 0.0838576 0.0814403 0.00829447
 0.11231 0.759037 0.100331 0.0138643 0.0144573
 0.549403 0.284049 0.154781 0.00928424 0.00248269
 0.246067 0.716238 0.0296762 0.00747935 0.000539881
 0.549559 0.378902 0.0700834 0.00116119 0.00029478
 0.246606 0.718263 0.0327729 0.00231345 4.49629e-05
 0.138765 0.644629 0.210858 0.00537523 0.000372674
 0.270309 0.497935 0.2 0.0309537 0.000802769
 0.182809 0.687827 0.106183 0.0201386 0.00304221
 0.300335 0.555669 0.13351 0.00869544 0.00179049
 0.320029 0.655076 0.0237378 0.00108151 7.54203e-05
 0.200594 0.753924 0.0450942 0.000371154 1.62848e-05
 0.142455 0.632464 0.218561 0.00646642 5.30383e-05
 0.350195 0.461435 0.161922 0.02572 0.000728478
 0.429433 0.519514 0.0440521 0.00607047 0.000930283
 0.169431 0.751494 0.0757202 0.00291565 0.000439365
 0.361588 0.427214 0.200354 0.0104028 0.000441234
 0.343429 0.551273 0.0820415 0.0221016 0.0011547
 0.199069 0.651511 0.134684 0.0115696 0.00316674
 0.278357 0.481276 0.21159 0.0260224 0.0027547
 0.0307591 0.747138 0.171943 0.0443315 0.00582807
 0.197044 0.164845 0.541719 0.0751557 0.0212372
 0.0710577 0.721789 0.065492 0.120927 0.020734
pobs_RECLAS
 0 0 0 0 0
 0 0 0 0 0
 0 0 0 0 0
 0 0 0 0 0
 0.835266 0.146461 0.0176864 0.000547809 3.91292e-05
 0.385257 0.428462 0.181853 0.0044286 0
 0.867414 0.0963971 0.0333333 0.00285562 0
 0.441836 0.489002 0.0689373 0.000224442 0
 0.779404 0.147425 0.0564933 0.0165055 0.000172143
 0.814271 0.122319 0.05973 0.00367925 0
 0.40263 0.566651 0.0304383 0.000280538 0
 0.475488 0.404961 0.113038 0.00651328 0
 0.955842 0.0263864 0.0167828 0.000988607 0
 0.975058 0.0227948 0.00214734 0 0
 0.738997 0.206755 0.0527124 0.00153531 0
 0.850938 0.134255 0.0134407 0.00136685 0
 0.542534 0.407297 0.0501686 0 0
 0.764087 0.199537 0.0359546 0.000420521 0
 0.470689 0.182191 0.310203 0.0369168 0
 0.84361 0.089868 0.0606195 0.00523954 0.000663233
 0.607945 0.314616 0.071237 0.00620181 0
 0.523733 0.453247 0.0230204 0 0
 0.530135 0.295979 0.169645 0.0042399 0
 0.562478 0.366248 0.0663022 0.0049721 0
 0.250443 0.683176 0.0655157 0.000865301 0
 0.195077 0.31981 0.436473 0.0351445 0.0134964
 0.565238 0.351407 0.0832357 0.000118908 0
ppred_RECLAS
 0.251324 0.503554 0.21477 0.0303452 6.25298e-06
 0.532595 0.22578 0.183107 0.0518195 0.00669825
 0.122821 0.717332 0.0964395 0.0491337 0.0142737
 0.415353 0.20735 0.338418 0.0244622 0.0144156
 0.692433 0.211196 0.0446022 0.0468933 0.0048758
 0.301285 0.604346 0.072238 0.0107213 0.0114091
 0.807909 0.124964 0.0620367 0.00399908 0.00109136
 0.537345 0.442238 0.0158319 0.00426978 0.000314471
 0.818954 0.156081 0.0244206 0.000432234 0.000111948
 0.507162 0.470515 0.0207137 0.00157877 3.13215e-05
 0.353058 0.494281 0.148308 0.00406531 0.000287652
 0.557235 0.309332 0.113965 0.018966 0.00050199
 0.440121 0.47922 0.0653296 0.0132821 0.0020474
 0.702475 0.255942 0.0384236 0.00261097 0.000547882
 0.687861 0.304294 0.00746285 0.000356919 2.53725e-05
 0.451348 0.519458 0.0289262 0.000256315 1.14781e-05
 0.362969 0.481049 0.151138 0.00480477 4.02185e-05
 0.666704 0.246276 0.0740737 0.0125825 0.00036361
 0.718874 0.257972 0.0197705 0.00292598 0.000457595
 0.398187 0.547402 0.0519252 0.0021545 0.000331378
 0.640452 0.242648 0.110438 0.00619431 0.000268195
 0.620108 0.319538 0.0461936 0.0134439 0.000716991
 0.434861 0.46084 0.093223 0.00865639 0.00241872
 0.545968 0.304355 0.130465 0.0173393 0.00187373
 0.0889406 0.702246 0.15865 0.0442276 0.00593561
 0.438589 0.117174 0.372357 0.0557882 0.016092
 0.217761 0.62144 0.0484281 0.0956399 0.0167312
pobs_PELACES
 0 0 0 0 0
 0 0 0 0 0
 0 0 0 0 0
 0 0 0 0 0
 0 0 0 0 0
 0 0 0 0 0
 0 0 0 0 0
 0 0 0 0 0
 0 0 0 0 0
 0 0 0 0 0
 0.450072 0.473896 0.0757376 0.000293798 0
 0 0 0 0 0
 0.463077 0.371075 0.160297 0.00555027 0
 0.529543 0.364841 0.0842815 0.0213345 0
 0.631943 0.363953 0.00410389 0 0
 0.735681 0.248677 0.0153453 0.000297389 0
 0.695825 0.281241 0.0229344 0 0
 0.275771 0.60734 0.115278 0.00161068 0
 0 0 0 0 0
 0.896147 0.0623911 0.0374545 0.00400742 0
 0.803859 0.145111 0.0509908 3.86294e-05 0
 0.739449 0.233085 0.0266225 0.000797448 4.60066e-05
 0.878498 0.100942 0.0204185 0.000141795 0
 0.694673 0.275183 0.0284847 0.00165964 0
 0.469039 0.446079 0.0841089 0.000773354 0
 0.822795 0.102175 0.0682046 0.00682512 0
 0 0 0 0 0
ppred_PELACES
 0.388399 0.451586 0.141435 0.0185757 3.77085e-06
 0.709433 0.165999 0.0961201 0.0252343 0.00321303
 0.249401 0.659747 0.056677 0.0265733 0.00760136
 0.611421 0.16946 0.198118 0.0132879 0.00771355
 0.795764 0.152681 0.0247748 0.0242914 0.00248859
 0.49648 0.458314 0.0353201 0.00482723 0.00505829
 0.911166 0.0659311 0.0212975 0.00126509 0.000339973
 0.737909 0.255016 0.00559107 0.00138341 0.000100311
 0.922223 0.0709868 0.00665492 0.000107896 2.75102e-05
 0.657076 0.331829 0.010349 0.000731319 1.42914e-05
 0.555647 0.369596 0.0727891 0.00183972 0.00012819
 0.74765 0.197167 0.0476762 0.00731576 0.000190681
 0.655086 0.312453 0.0267124 0.00499112 0.000757516
 0.908646 0.0849886 0.00592841 0.000362307 7.47764e-05
 0.886335 0.112242 0.00135968 5.87423e-05 4.1081e-06
 0.629792 0.356792 0.0133025 0.000108842 4.80007e-06
 0.5725 0.353326 0.072047 0.00211017 1.73933e-05
 0.843741 0.128935 0.0235516 0.00366811 0.000104357
 0.851511 0.140463 0.00693591 0.00094522 0.00014556
 0.573639 0.399442 0.0257795 0.000988833 0.00014979
 0.779622 0.164004 0.0534721 0.0027829 0.00011869
 0.754543 0.216596 0.0224721 0.00606933 0.000318853
 0.586106 0.355682 0.052443 0.00452416 0.0012453
 0.701397 0.220806 0.0684511 0.00844713 0.000899208
 0.152344 0.697916 0.115773 0.0300004 0.00396641
 0.65068 0.0953357 0.215527 0.0299477 0.00850905
 0.423643 0.502006 0.023808 0.0431172 0.00742596
pobs_pel_tallas
 0 0 0 0 0 0 0 0 0 0 0 0 0 0 0 0 0 0 0 0 0 0 0 0 0 0 0 0 0 0 0 0 0 0 0 0
 0 0 0 0 0 0 0 0 0 0 0 0 0 0 0 0 0 0 0 0 0 0 0 0 0 0 0 0 0 0 0 0 0 0 0 0
 0 0 0 0 0 0 0 0 0 0 0 0 0 0 0 0 0 0 0 0 0 0 0 0 0 0 0 0 0 0 0 0 0 0 0 0
 0 0 0 0 0 0 0 0 0 0 0 0 0 0 0 0 0 0 0 0 0 0 0 0 0 0 0 0 0 0 0 0 0 0 0 0
 0 0 0 0 0 0 0 0 0 0 0 0 0 0 0 0 0 0 0 0 0 0 0 0 0 0 0 0 0 0 0 0 0 0 0 0
 0 0 0 0 0 0 0 0 0 0 0 0 0 0 0 0 0 0 0 0 0 0 0 0 0 0 0 0 0 0 0 0 0 0 0 0
 0 0 0 0 0 0 0 0 0 0 0 0 0 0 0 0 0 0 0 0 0 0 0 0 0 0 0 0 0 0 0 0 0 0 0 0
 0 0 0 0 0 0 0 0 0 0 0 0 0 0 0 0 0 0 0 0 0 0 0 0 0 0 0 0 0 0 0 0 0 0 0 0
 0 0 0 0 0 0 0 0 0 0 0 0 0 0 0 0 0 0 0 0 0 0 0 0 0 0 0 0 0 0 0 0 0 0 0 0
 0 0 0 0 0 0 0 0 0 0 0 0 0 0 0 0 0 0 0 0 0 0 0 0 0 0 0 0 0 0 0 0 0 0 0 0
 0 0 0 0 0 0 0 0 1.78061e-05 0.00172719 0.00360574 0.0105946 0.0120993 0.0124554 0.0147524 0.0171206 0.0266825 0.0428682 0.0675386 0.121331 0.153587 0.119568 0.100827 0.0573624 0.0630603 0.0341343 0.0324427 0.0444173 0.0211091 0.0280891 0.0125444 0.00206551 0 0 0 0
 0 0 0 0 0 0 0 0 0 0 0 0 0 0 0 0 0 0 0 0 0 0 0 0 0 0 0 0 0 0 0 0 0 0 0 0
 0 0 0 0 0 0 0.0133647 0.0140871 0.0187388 0.0205184 0.03894 0.0496705 0.03968 0.0493445 0.0407372 0.0367815 0.0215668 0.0243155 0.0234873 0.0199281 0.019796 0.0243948 0.0301388 0.0376714 0.0412746 0.0863199 0.0771752 0.113111 0.0741005 0.0525337 0.0229764 0.00759418 0.00175318 0 0 0
 0 0 0 0 0 0 0 0 0 0 0.00219441 0.00772107 0.0458388 0.0604681 0.0671733 0.0775358 0.0609151 0.0617685 0.073594 0.0568108 0.0755445 0.0548602 0.0670107 0.0636378 0.0643287 0.046367 0.0373049 0.0286899 0.0247887 0.0153202 0.00654259 0.00121912 0.000365735 0 0 0
 0 0 0 0 0 0 0 0 0 0 0 0 0.000112435 0.00938835 0.0111873 0.0202946 0.0414886 0.0713402 0.111592 0.104902 0.108894 0.110636 0.117776 0.105296 0.107544 0.0401394 0.0192827 0.0124803 0.00416011 0.0028671 0.000618394 0 0 0 0 0
 0 0 0 0 0 0 0 0 0 0 0.00291406 0.0102884 0.027416 0.0768956 0.0749926 0.110853 0.0956884 0.0897413 0.0766577 0.0534642 0.0500743 0.0551293 0.0594112 0.0620874 0.0668451 0.0424026 0.0208742 0.0120726 0.0048766 0.00582813 0.00118941 0.000297354 0 0 0 0
 0 0.00264628 0.0354308 0.0461629 0.0458689 0.0383711 0.0214643 0.0164657 0.0346957 0.0420465 0.0363128 0.0245516 0.0311673 0.0291091 0.0169068 0.0133784 0.00837989 0.0085269 0.0148486 0.0160247 0.0276389 0.0546898 0.0760071 0.122758 0.109233 0.0665981 0.0333725 0.0166128 0.00676272 0.00308733 0.000882094 0 0 0 0 0
 0 0 0 0 0 0 0 0.000805153 0.000690131 0.00759144 0.0133425 0.0154129 0.00931677 0.000345066 0.00356568 0.00563607 0.00851162 0.0253048 0.0502646 0.0516448 0.0657925 0.0565908 0.0611916 0.0827007 0.0866115 0.110766 0.145733 0.0935128 0.0569358 0.0249597 0.0138026 0.00621118 0.00161031 0.00115022 0 0
 0 0 0 0 0 0 0 0 0 0 0 0 0 0 0 0 0 0 0 0 0 0 0 0 0 0 0 0 0 0 0 0 0 0 0 0
 0.00147267 0.00158595 0.00478618 0.00569244 0.00954404 0.0108468 0.00647125 0.017049 0.0510054 0.094081 0.124002 0.0959785 0.0687766 0.0820023 0.061753 0.0591476 0.0492212 0.0479892 0.0443925 0.0268479 0.0217502 0.0140895 0.0121071 0.0120363 0.00920419 0.00665534 0.0049561 0.00860946 0.00930331 0.0156896 0.0114698 0.00855282 0.00243557 0.00046729 0 2.83206e-05
 0 0 0 0 0.000772559 0.00158375 0.000888443 0.00281984 0.00712685 0.0440552 0.0773331 0.111326 0.0921469 0.0852325 0.0710754 0.0886704 0.0786465 0.0553345 0.0373146 0.0185414 0.00753245 0.00457741 0.012979 0.0271748 0.0457355 0.0583668 0.034881 0.0177882 0.00938659 0.00492506 0.0015258 0.00185414 0.000309023 5.79419e-05 3.86279e-05 0
 0 0.00173294 0.00326652 0 0.00397197 0.00683976 0.00946217 0.0152591 0.00757587 0.0136028 0.0228656 0.0392903 0.0559909 0.0764795 0.0681675 0.0726916 0.0566044 0.0477403 0.0527397 0.0444891 0.0609904 0.0582453 0.0661739 0.0445044 0.0529084 0.0360697 0.0280645 0.0235558 0.0158879 0.00826598 0.00280645 0.00217768 0.000904811 0.00058276 9.20147e-05 0
 0 0 0 0 0 0 0 0 0 0 0 0 0 0 0 0 0 0 0 0 0 0 0 0 0 0 0 0 0 0 0 0 0 0 0 0
 0 0 0 0 0 0 0 0 0 0 0 0 0 0 0 0 0 0 0 0 0 0 0 0 0 0 0 0 0 0 0 0 0 0 0 0
 0 0 0 0 0 0 0 0 0 0 0 0 0 0 0 0 0 0 0 0 0 0 0 0 0 0 0 0 0 0 0 0 0 0 0 0
 0 0 0 0 0 0 0 0 0 0 0 0 0 0 0 0 0 0 0 0 0 0 0 0 0 0 0 0 0 0 0 0 0 0 0 0
 0 0 0 0 0 0 0 0 0 0 0 0 0 0 0 0 0 0 0 0 0 0 0 0 0 0 0 0 0 0 0 0 0 0 0 0
ppred_pel_tallas
 1.02794e-16 1.69673e-05 9.9532e-05 0.00047302 0.00182097 0.00567836 0.0143435 0.0293516 0.0486648 0.0653893 0.0712457 0.0630559 0.0456005 0.0275476 0.0151181 0.00964293 0.00944162 0.0124598 0.017383 0.0234872 0.0302079 0.0369056 0.0428542 0.047353 0.0498744 0.0501801 0.0483672 0.0448231 0.0401139 0.0348443 0.0295363 0.0245578 0.0201099 0.0162571 0.0129786 0.0102161
 1.02436e-16 3.09542e-05 0.000181674 0.000863591 0.00332487 0.0103683 0.0261894 0.0535872 0.0888269 0.119293 0.129817 0.114513 0.0819837 0.0478703 0.0232789 0.0103379 0.0056787 0.00533442 0.00687687 0.00923925 0.0119772 0.0148082 0.0174596 0.0196682 0.0212228 0.0220058 0.0220098 0.0213263 0.0201101 0.0185358 0.0167607 0.0149035 0.0130431 0.0112277 0.00948958 0.00785634
 1.02288e-16 1.09145e-05 6.39784e-05 0.000303953 0.00116995 0.00364813 0.00921557 0.0188611 0.0312824 0.042066 0.0459202 0.0408475 0.0299873 0.0190082 0.0120408 0.0100975 0.0122507 0.0172802 0.0243316 0.0327698 0.0418785 0.0507348 0.0582809 0.0635184 0.0657341 0.0646709 0.0605881 0.0541824 0.0464057 0.0382397 0.0305012 0.023728 0.0181596 0.0137911 0.0104657 0.00796522
 1.03685e-16 2.66808e-05 0.000156584 0.000744311 0.0028656 0.00893608 0.0225719 0.0461854 0.0765588 0.102821 0.111901 0.0987318 0.0707355 0.0414044 0.0203281 0.009364 0.00563623 0.00575439 0.00765071 0.0104211 0.0136829 0.0171733 0.0206179 0.0237321 0.0262629 0.0280314 0.0289543 0.0290413 0.0283706 0.0270586 0.0252317 0.0230126 0.0205174 0.0178592 0.0151521 0.0125086
 1.01353e-16 3.47179e-05 0.000203772 0.000968651 0.00372938 0.0116297 0.0293758 0.0601065 0.0996321 0.1338 0.145593 0.128405 0.0918749 0.0535351 0.0258245 0.0111073 0.0055785 0.00476291 0.00591793 0.00784082 0.0100452 0.012246 0.0141884 0.0156394 0.0164291 0.0164876 0.0158586 0.0146823 0.0131555 0.011482 0.00983142 0.0083152 0.00698434 0.00584253 0.00486653 0.00402507
 1.01053e-16 2.16802e-05 0.000127201 0.00060456 0.00232743 0.00725775 0.0183329 0.0375142 0.0621942 0.083556 0.0910069 0.0804681 0.0580237 0.034714 0.0184359 0.0108235 0.00965647 0.0122467 0.0168807 0.0226484 0.0289049 0.0349716 0.0401047 0.0436088 0.0449902 0.0440751 0.0410522 0.0364168 0.0308437 0.0250289 0.0195523 0.0147969 0.0109335 0.00795823 0.00575617 0.0041656
 1.00384e-16 3.97465e-05 0.000233302 0.00110906 0.00427001 0.0133157 0.0336343 0.068819 0.114071 0.15318 0.166655 0.146917 0.104984 0.0608967 0.0288574 0.0115233 0.00448835 0.0025935 0.00269399 0.00345434 0.004413 0.00538706 0.00625391 0.00690863 0.00727373 0.00731426 0.00704434 0.00652063 0.00582606 0.0050494 0.00426746 0.00353462 0.00288088 0.00231612 0.00183754 0.00143659
 1.00215e-16 3.21993e-05 0.000188976 0.000898289 0.00345843 0.0107848 0.0272416 0.0557405 0.0923985 0.124096 0.135059 0.119176 0.0854064 0.0500371 0.0246433 0.0114632 0.00701144 0.00716364 0.0093673 0.0124475 0.0158366 0.0191057 0.0218307 0.0236251 0.0242191 0.0235249 0.02166 0.0189141 0.0156776 0.0123503 0.00926383 0.00663474 0.00455569 0.00301674 0.00194222 0.00122842
 1.00123e-16 4.02288e-05 0.000236133 0.00112252 0.00432183 0.0134773 0.0340424 0.0696541 0.115455 0.15504 0.168678 0.148702 0.106262 0.0616437 0.0292212 0.0116844 0.00457359 0.00266509 0.00277238 0.00353796 0.00448697 0.00542571 0.00622251 0.0067669 0.00698163 0.00683924 0.0063684 0.00564546 0.00477483 0.00386456 0.00300513 0.00225679 0.00164717 0.0011768 0.000828832 0.00057883
 1.00281e-16 2.86777e-05 0.000168294 0.00079995 0.00307977 0.00960393 0.024259 0.0496385 0.0822865 0.110524 0.120314 0.106224 0.0762535 0.044935 0.0226147 0.0113316 0.00802662 0.00905722 0.01215 0.0162129 0.0206421 0.0249115 0.0284751 0.0308301 0.0316242 0.0307419 0.0283336 0.0247746 0.0205707 0.0162413 0.0122175 0.00878173 0.0060561 0.00402988 0.00260697 0.00165464
 1.01223e-16 2.42566e-05 0.000142335 0.000676526 0.00260455 0.00812195 0.0205157 0.0419797 0.0695933 0.0934839 0.101787 0.0899215 0.0646697 0.0383489 0.0197459 0.0106301 0.00846116 0.0101958 0.0139248 0.0187004 0.0239427 0.0290935 0.0335505 0.0367446 0.0382603 0.0379314 0.0358765 0.0324582 0.0281867 0.023597 0.0191441 0.0151393 0.0117386 0.00896918 0.00677535 0.00506467
 1.01002e-16 3.26218e-05 0.000191461 0.000910117 0.00350399 0.0109269 0.0276004 0.0564743 0.0936132 0.125722 0.136816 0.120695 0.086427 0.0504985 0.024618 0.0110315 0.00618838 0.00590161 0.00759631 0.0101209 0.0129692 0.0157991 0.018282 0.0201124 0.0210651 0.0210449 0.0201056 0.0184291 0.0162752 0.0139182 0.011592 0.00945829 0.00760027 0.0060372 0.00474802 0.00369435
 1.00688e-16 2.85902e-05 0.000167782 0.000797518 0.00307042 0.00957476 0.0241853 0.0494875 0.0820358 0.110186 0.119942 0.105887 0.0759918 0.0447417 0.0224457 0.0111307 0.00774182 0.00864633 0.0115824 0.0154744 0.0197427 0.0238917 0.0274081 0.0298164 0.0307784 0.030174 0.0281299 0.0249813 0.0211865 0.0172187 0.0134732 0.0102117 0.00755274 0.00549604 0.00396611 0.00285534
 1.00128e-16 3.96373e-05 0.000232659 0.001106 0.00425823 0.013279 0.0335415 0.0686293 0.113757 0.15276 0.166202 0.146528 0.104726 0.0607901 0.0288863 0.011672 0.00475928 0.00300543 0.00327055 0.00421026 0.00534234 0.00645509 0.0073946 0.00802953 0.00826821 0.00807897 0.00749766 0.00661735 0.00556461 0.00447 0.00344241 0.00255391 0.00183675 0.00129021 0.000892454 0.000612521
 1.00059e-16 3.86656e-05 0.000226952 0.00107886 0.00415373 0.0129531 0.0327183 0.0669452 0.110966 0.149016 0.162135 0.142958 0.10221 0.0594008 0.0283598 0.0116911 0.00512608 0.00365576 0.00421573 0.00548032 0.00695024 0.00837759 0.00956485 0.0103404 0.0105857 0.0102629 0.00942481 0.00820027 0.0067624 0.00528849 0.00392535 0.00276874 0.00185935 0.00119219 0.000732915 0.000434638
 1.0031e-16 2.7489e-05 0.000161313 0.000766756 0.00295196 0.00920534 0.0232522 0.0475787 0.0788732 0.105943 0.115336 0.101851 0.0731625 0.0432099 0.0219248 0.0112787 0.00835597 0.00967681 0.0130622 0.0174488 0.0222219 0.0268236 0.0306686 0.0332159 0.034086 0.0331535 0.0305786 0.0267634 0.0222503 0.0175967 0.013266 0.00956215 0.00661751 0.004422 0.002874 0.00183242
 1.01212e-16 2.49908e-05 0.000146646 0.000697029 0.00268349 0.00836814 0.0211375 0.0432519 0.0717015 0.0963133 0.104861 0.0926216 0.0665775 0.0394118 0.0201674 0.0106552 0.00824588 0.00979568 0.0133372 0.0179058 0.0229291 0.0278699 0.0321514 0.0352293 0.0367055 0.0364193 0.0344822 0.0312385 0.0271735 0.0227969 0.0185424 0.0147073 0.0114417 0.0087728 0.00664976 0.00498649
 1.00508e-16 3.6809e-05 0.00021605 0.00102703 0.00395416 0.0123307 0.0311463 0.063729 0.105636 0.14186 0.154355 0.136112 0.0973469 0.056637 0.0271584 0.0114018 0.00531659 0.00414519 0.00497573 0.00654242 0.00835487 0.0101508 0.0117081 0.012827 0.0133631 0.0132588 0.012556 0.0113809 0.00991095 0.00833155 0.00679967 0.00542203 0.00425106 0.00329459 0.00253226 0.00193162
 1.00184e-16 3.71482e-05 0.000218041 0.00103649 0.00399058 0.0124443 0.0314333 0.0643161 0.106609 0.143168 0.15578 0.137374 0.0982588 0.0571872 0.0274585 0.0115889 0.00549223 0.00436636 0.00526826 0.00691124 0.00878618 0.0106109 0.0121434 0.013169 0.0135376 0.0131983 0.0122127 0.0107369 0.0089822 0.00716615 0.00546956 0.00401138 0.0028438 0.00196375 0.00133281 0.000897409
 1.00538e-16 2.50423e-05 0.000146945 0.000698437 0.0026889 0.00838499 0.0211801 0.0433394 0.0718478 0.0965134 0.105088 0.0928445 0.0667861 0.0396317 0.0204561 0.0110884 0.00890643 0.0107638 0.0146781 0.0196505 0.0250541 0.0302799 0.0346757 0.0376345 0.0387276 0.0378076 0.0350449 0.0308794 0.0259083 0.0207474 0.0159102 0.0117359 0.00837584 0.00582563 0.0039807 0.00269329
 1.00914e-16 3.40146e-05 0.000199641 0.000949012 0.00365376 0.0113939 0.0287801 0.0588878 0.0976126 0.13109 0.142648 0.125816 0.0900431 0.0525089 0.0254071 0.0110616 0.00575307 0.00510369 0.00642928 0.0085477 0.0109703 0.0133975 0.0155527 0.0171788 0.0180833 0.0181792 0.0175014 0.016191 0.0144545 0.0125133 0.010559 0.00872778 0.00709496 0.00568584 0.00449383 0.00349782
 1.00614e-16 3.29231e-05 0.000193229 0.000918515 0.00353632 0.0110277 0.0278551 0.0569956 0.0944776 0.126884 0.138084 0.121822 0.0872514 0.0510152 0.0249344 0.0112806 0.00647401 0.00628892 0.00812047 0.0107921 0.0137701 0.0166807 0.0191629 0.0208857 0.0216131 0.021259 0.0199071 0.0177849 0.0152049 0.0124904 0.00991202 0.00764948 0.00578517 0.00432127 0.00320923 0.00237919
 1.01074e-16 2.55841e-05 0.00015013 0.000713589 0.00274725 0.00856697 0.0216397 0.0442795 0.0734048 0.0986005 0.107349 0.0948146 0.0681435 0.0403177 0.0205915 0.0108142 0.00828861 0.00979113 0.0133034 0.017836 0.0228045 0.0276649 0.0318365 0.0347748 0.0360867 0.0356223 0.0335084 0.0301078 0.0259237 0.0214803 0.0172191 0.0134381 0.0102794 0.00775712 0.00580332 0.00431483
 1.01376e-16 3.06059e-05 0.000179624 0.000853837 0.00328729 0.0102511 0.0258935 0.052982 0.0878254 0.117953 0.12837 0.113267 0.0811553 0.047515 0.0233445 0.0107691 0.00647639 0.00655301 0.00858852 0.0114927 0.0147625 0.0180316 0.0209353 0.0231297 0.0243569 0.0245011 0.0236101 0.0218741 0.0195704 0.016995 0.0144032 0.0119745 0.00980695 0.00793124 0.00633641 0.0049932
 1.03087e-16 6.6841e-06 3.91381e-05 0.000185851 0.000715213 0.00223004 0.00563365 0.0115325 0.0191365 0.0257606 0.028193 0.0252496 0.0189065 0.0127129 0.00930775 0.00944637 0.0126982 0.0184168 0.0260959 0.0352375 0.0451453 0.0548631 0.0632752 0.0693167 0.0722114 0.0716535 0.0678733 0.0615585 0.0536691 0.0452068 0.037015 0.0296624 0.0234225 0.0183275 0.014259 0.0110362
 1.04518e-16 2.83897e-05 0.000166624 0.000792055 0.00304945 0.00950943 0.02402 0.0491478 0.081467 0.109405 0.119047 0.10499 0.075117 0.0437634 0.0211038 0.00907969 0.00459692 0.00402663 0.00517317 0.00711688 0.00953555 0.0122715 0.0151727 0.0180651 0.0207667 0.0231093 0.0249539 0.0261987 0.0267795 0.0266688 0.0258749 0.024445 0.0224667 0.0200657 0.017397 0.0146285
 1.02331e-16 1.85058e-05 0.00010856 0.000515934 0.00198618 0.00619357 0.0156449 0.0320148 0.0530801 0.0713216 0.0777082 0.0687728 0.0497285 0.0300275 0.0164507 0.0104422 0.0101566 0.0133347 0.0185178 0.024886 0.0317914 0.0385095 0.0442351 0.0482136 0.0499092 0.049134 0.0460916 0.0413155 0.0355291 0.029473 0.0237571 0.018775 0.0146915 0.011487 0.00902993 0.00714831
pSPR Fmed_Fpbrs
0.528631   0.6 0.325
Fs Fmed_Fpbrs
0.64   0.46943 1.66022
SSBpbr Bo_Bmed_Bpbrs
492222  235593  270722 135361
Ro
21590.3
SPR SPRFo_SPRFmed_SPRFpbrs
445931 235733 144928
log_Ro
9.8
likeval ReclasPelacesDesembMPH_pf_preclas_ppelaces_ptallas_desvR_qrecl_qpela
 93.7265 9.95864 0.21842 96.2478 361.44 229.077 60.2424 0 32.506 5.72435e-05 0.000228325 5.18113e-14 0 0 0
q_reclas_q_pelaces
2.92158 8.58279
M
0.7
N
 19198.2 17325 5479.3 703.445 0.141873
 43930.6 9049.03 5678.52 1464.69 185.333
 5291.04 20260.5 2493.53 1172 333.488
 9312.5 2239.05 2813.67 185.303 106.893
 35418.8 4305.76 629.577 598.473 60.8904
 13469.1 17291 1866.58 255.324 266.116
 59437.7 5739.49 2537.64 150.616 40.2559
 42152.8 25508.9 891.554 222.856 16.0802
 116111 17260.3 2725.28 44.8143 11.3725
 101536 46745.4 1611.26 112.027 2.17571
 54520.4 46545.7 12275.5 309.517 21.4482
 69576.4 23556.8 7629.13 1167.88 30.2727
 40030.7 30060.6 3859.57 725.396 109.534
 29568.6 16695.7 3718.32 241.358 49.6904
 16815.4 9774.2 324.155 14.7105 1.02567
 8762.06 5828.27 276.805 2.25128 0.0987214
 4614.55 3844.63 1080 31.6209 0.25923
 7113.9 1976.49 587.802 92.6266 2.62251
 12579.2 2894.06 200.504 27.351 4.18946
 7041.64 5357.6 423.037 16.0827 2.42206
 17147 3128.42 1096.2 56.0182 2.3742
 32111.1 7928.49 879.949 233.281 12.1785
 30531.1 14868.9 2255.68 190.474 52.0925
 54683.5 14307.9 4654.39 563.007 59.5524
 7160.93 25471.7 4267.62 1081.02 141.997
 25747.3 3375.08 8344.47 1139.93 321.878
 5547.96 11841.3 909.531 1665.95 285.534
pred_Ctot
 703.778 4337.77 1884.57 246.265 0.0497095
 2261.35 2995.38 2507.4 656.975 83.1918
 567.707 11260.6 1686.65 800.561 227.902
 463.436 721.493 1213.4 81.1944 46.873
 431.159 396.437 83.9782 81.5575 8.3064
 1386.66 9371.62 1238.76 171.179 178.5
 5851.99 3025.56 1648.65 98.8915 26.4445
 5377.48 15652.5 648.536 163.452 11.7984
 15997.4 11029.7 2040.1 33.8018 8.58094
 5639.09 16424.4 749.41 52.9012 1.02816
 5134.71 23853.1 7802.35 198.899 13.79
 6554.9 12074.7 4849.93 750.618 19.4669
 4656.25 17519.3 2704.53 512.941 77.4866
 7277.24 13464.1 3235.01 210.694 43.3843
 3728.57 7632.12 276.563 12.6003 0.878702
 738.754 2776.58 166.074 1.3669 0.0599741
 460.143 2042.91 705.972 20.8871 0.171318
 935.52 1232.69 432.563 68.7092 1.94607
 1299.02 1571.51 133.256 18.3629 2.81407
 536.903 2381.37 239.946 9.23927 1.39228
 852.825 1007.61 472.546 24.5357 1.04068
 1566 2513.75 374.101 100.781 5.26532
 1240.03 4058.36 838.969 72.0687 19.7261
 2446.92 4230.69 1860 228.752 24.2154
 262.825 6384.01 1469.19 378.795 49.7986
 1373.83 1149.33 3776.98 524.002 148.07
 724.16 7355.86 667.439 1232.39 211.304
F
 0.0521573 0.415457 0.619334 0.634038 0.63475
 0.0739391 0.588959 0.877978 0.898823 0.899833
 0.159963 1.27418 1.89946 1.94456 1.94674
 0.071403 0.568758 0.847864 0.867994 0.868969
 0.0170548 0.135849 0.202514 0.207322 0.207555
 0.15303 1.21895 1.81713 1.86027 1.86236
 0.1459 1.16216 1.73246 1.7736 1.77559
 0.19289 1.53646 2.29044 2.34482 2.34745
 0.20983 1.67139 2.49159 2.55075 2.55361
 0.0799842 0.637112 0.94976 0.97231 0.973402
 0.139158 1.10846 1.65241 1.69165 1.69355
 0.139209 1.10886 1.65301 1.69226 1.69416
 0.174496 1.38994 2.07203 2.12122 2.12361
 0.406967 3.24168 4.83247 4.9472 4.95276
 0.359575 2.86419 4.26972 4.3711 4.37601
 0.123754 0.985758 1.4695 1.50439 1.50608
 0.147894 1.17804 1.75614 1.79783 1.79985
 0.199391 1.58824 2.36764 2.42385 2.42657
 0.153532 1.22295 1.82309 1.86638 1.86847
 0.111314 0.886669 1.32178 1.35316 1.35468
 0.0713603 0.568418 0.847357 0.867475 0.86845
 0.0699281 0.55701 0.83035 0.850064 0.851019
 0.057933 0.461463 0.687916 0.704249 0.70504
 0.0639958 0.509757 0.759908 0.77795 0.778824
 0.0522213 0.415967 0.620094 0.634816 0.635529
 0.076737 0.611246 0.911201 0.932835 0.933883
 0.19777 1.57533 2.34839 2.40415 2.40685
Np
 13288.4 6349.16 825.659 382.226 17.5685
YTP_r0W_actual
 1240.66 49523.3 7747.44 18471.2 3516.42
YTP_p0W_proyectada
 2971.62 9454.71 10365.1 478.354 961.613
 2971.62 26553.8 7033.02 4237.92 216.36
CTP_r0_actual
 151.3 2292.75 246.734 460.629 79.0208
CTP_p0_proyectada
 362.393 437.718 330.1 11.929 21.6093
 362.393 1229.34 223.981 105.684 4.86203
Wmedp
 8.2 21.6 31.4 40.1 44.5
nmprior
 10.8 10.6 4.6 0
nm_flota  nm_reclas  nm_pelaces    nm_pelaL
inf 12.2294 10.9138 28.3902
cv_recla  cv_pelaces  cv_mph
0.838421 0.345693 0.393299
 ------------------------------------------------
Talla a la edad & desviaci?n 
 7.2 14.2025 17.0495 18.207 18.6776
 1.08 2.13037 2.55742 2.73105 2.80164
