years
 1997 1998 1999 2000 2001 2002 2003 2004 2005 2006 2007 2008 2009 2010 2011 2012 2013 2014 2015 2016 2017 2018 2019 2020 2021 2022 2023
reclasobs
 0 0 0 370054 412103 1.49427e+06 250295 1.28982e+06 931140 785840 897777 1.04006e+06 184774 17550 25797 100020 73551 82996 120727 218422 84188 347160 605670 569463 516374 1.08416e+06 1.01767e+06
reclaspred
 389606 111389 361495 235766 265603 280884 601888 444760 735086 678659 563972 404657 256699 142589 111340 93477.2 80485 102654 127626 182744 284245 336895 619959 693763 722267 593278 559832
pelacesobs
 0 0 0 0 0 0 0 0 0 2.06254e+06 1.5e+06 0 1.87456e+06 323000 250000 174000 83755 137374 0 501740 490994 745055 786931 1.00524e+06 1.33801e+06 1.41789e+06 0
pelacespred
 1.23182e+06 323426 599558 622907 600072 527545 1.26054e+06 1.11802e+06 1.70309e+06 1.57715e+06 1.21376e+06 908370 592000 300539 224630 194212 173185 207222 257724 358972 637119 682127 1.06433e+06 1.4507e+06 1.47964e+06 1.35885e+06 1.19473e+06
mphobs
 0 0 0 0 0 0 112323 0 153150 637223 0 255016 313432 73983 77613 109348 50772 17779 17303 59886 28197 0 207744 136588 643089 65757 70829
mphpred
 129350 88258.5 111342 144052 123740 150289 208917 244721 257654 366520 343464 260987 170160 101237 61093.8 51070.8 41915.1 42808.6 24817.6 33265.7 50152.3 67881.9 110338 157128 177479 157031 124124
desembarqueobs
 350755 77701 442110 56441 14545 235359 269955 359681 431902 328805 639364 411747 362871 311530 167758 66681 60226 58785 57116 73181 50977 67692 138656 160484 209506 203330 245020
desembarquepred
 350767 77705.1 442162 56443.8 14545.3 235472 269992 359713 431854 328847 639670 411970 363376 311972 167833 66714.8 60276.3 58797 57107.9 73187.3 50977.2 67685.5 138660 160486 209554 203369 245026
Reclutas
 76180 91731.3 53825.6 65089.5 87952 63598.7 122064 141027 300218 184046 84561.8 50718.9 46783.3 32712.7 24731.8 19833.2 14402.5 24396.7 44012.8 49048.7 89259.4 180498 180460 198442 52534.8 74336 174085
log_desv_Rt
 0.0608538 0.246618 -0.286496 -0.0964817 0.204546 -0.119651 0.532299 0.67671 1.43226 0.942939 0.165238 -0.345946 -0.426718 -0.784481 -1.06415 -1.28489 -1.60484 -1.0778 -0.487764 -0.379431 0.219303 0.923476 0.923267 1.01825 -0.310768 0.0363509 0.887302
SSB
 934566 637678 804458 1.0408e+06 894037 1.08586e+06 1.47273e+06 1.75163e+06 1.82863e+06 2.60481e+06 2.48157e+06 1.88567e+06 1.25487e+06 715348 439906 374334 318633 316209 390395 544535 787131 1.04162e+06 1.73188e+06 2.37469e+06 2.89477e+06 2.62465e+06 1.96791e+06
BT
 3.16707e+06 883010 1.63644e+06 1.50976e+06 1.40794e+06 1.4191e+06 3.12373e+06 3.00453e+06 4.35579e+06 3.9812e+06 3.4001e+06 2.49532e+06 1.73876e+06 1.00686e+06 670815 509435 457231 530283 648648 892797 1.52457e+06 1.64739e+06 2.56654e+06 3.51044e+06 3.6089e+06 3.34729e+06 3e+06
Ftot
 0.308616 0.229982 0.323974 0.0636447 0.0157432 0.198441 0.134634 0.252188 0.221059 0.130375 0.263137 0.22879 0.331005 0.514613 0.386759 0.171114 0.188981 0.164656 0.135371 0.113994 0.0569749 0.0628561 0.0570457 0.0622456 0.063843 0.0783768 0.121867
BD_Bspro_t
 0.96256 0.821071 0.793052 0.696695 0.769088 0.842071 0.799263 0.810125 0.792334 0.811626 0.784654 0.673225 0.587523 0.499153 0.410889 0.4311 0.485514 0.576669 0.680387 0.78323 0.845849 0.902341 0.925541 0.924181 0.917964 0.885945 0.854306
BD_Bspro
 0.631232 0.430705 0.543353 0.702982 0.603857 0.733419 0.994724 1.1831 1.23511 1.75936 1.67612 1.27363 0.84757 0.483166 0.297125 0.252835 0.215214 0.213576 0.263684 0.367794 0.53165 0.70354 1.16976 1.60393 1.95521 1.77276 1.32918
BD_Bo
 0.277437 0.189302 0.238812 0.308972 0.265405 0.322349 0.437197 0.519992 0.54285 0.773268 0.736681 0.559781 0.372521 0.212359 0.130591 0.111125 0.0945899 0.0938703 0.115893 0.161651 0.233669 0.309217 0.514128 0.704954 0.859346 0.779156 0.584196
BD_Brms
 0.50443 0.344185 0.434204 0.561767 0.482554 0.58609 0.794904 0.94544 0.986999 1.40594 1.33942 1.01778 0.677311 0.386107 0.237438 0.202046 0.171982 0.170673 0.210715 0.293912 0.424852 0.562213 0.934778 1.28173 1.56245 1.41665 1.06217
S_f
 0.217375 1 1 1 1
 0.217375 1 1 1 1
 0.217375 1 1 1 1
 0.217375 1 1 1 1
 0.217375 1 1 1 1
 0.217375 1 1 1 1
 0.217375 1 1 1 1
 0.217375 1 1 1 1
 0.217375 1 1 1 1
 0.217375 1 1 1 1
 0.217375 1 1 1 1
 0.217375 1 1 1 1
 0.217375 1 1 1 1
 0.217375 1 1 1 1
 0.217375 1 1 1 1
 0.217375 1 1 1 1
 0.217375 1 1 1 1
 0.217375 1 1 1 1
 0.217375 1 1 1 1
 0.217375 1 1 1 1
 0.217375 1 1 1 1
 0.217375 1 1 1 1
 0.217375 1 1 1 1
 0.217375 1 1 1 1
 0.217375 1 1 1 1
 0.217375 1 1 1 1
 0.217375 1 1 1 1
Scru_reclas
 1 1 1 1 1
 1 1 1 1 1
 1 1 1 1 1
 1 1 1 1 1
 1 1 1 1 1
 1 1 1 1 1
 1 1 1 1 1
 1 1 1 1 1
 1 1 1 1 1
 1 1 1 1 1
 1 1 1 1 1
 1 1 1 1 1
 1 1 1 1 1
 1 1 1 1 1
 1 1 1 1 1
 1 1 1 1 1
 1 1 1 1 1
 1 1 1 1 1
 1 1 1 1 1
 1 1 1 1 1
 1 1 1 1 1
 1 1 1 1 1
 1 1 1 1 1
 1 1 1 1 1
 1 1 1 1 1
 1 1 1 1 1
 1 1 1 1 1
Scru_pelaces
 1 1 1 1 1
 1 1 1 1 1
 1 1 1 1 1
 1 1 1 1 1
 1 1 1 1 1
 1 1 1 1 1
 1 1 1 1 1
 1 1 1 1 1
 1 1 1 1 1
 1 1 1 1 1
 1 1 1 1 1
 1 1 1 1 1
 1 1 1 1 1
 1 1 1 1 1
 1 1 1 1 1
 1 1 1 1 1
 1 1 1 1 1
 1 1 1 1 1
 1 1 1 1 1
 1 1 1 1 1
 1 1 1 1 1
 1 1 1 1 1
 1 1 1 1 1
 1 1 1 1 1
 1 1 1 1 1
 1 1 1 1 1
 1 1 1 1 1
pf_obs 
 0.256992 0.487395 0.22802 0.0275931 0
 0.321318 0.546541 0.124235 0.00734118 0.000564706
 0.182869 0.594174 0.210203 0.0122559 0.00049798
 0.330522 0.361315 0.267642 0.0388342 0.00168674
 0.649043 0.306663 0.0425973 0.00169635 0
 0.582887 0.30429 0.105238 0.00758474 0
 0.465427 0.430635 0.0974691 0.00646863 0
 0.296916 0.608066 0.0921331 0.00288517 0
 0.311714 0.524322 0.152257 0.0117073 0
 0.15457 0.633149 0.183074 0.0267441 0.00246327
 0.131901 0.49318 0.331252 0.0422183 0.00144891
 0.196976 0.569456 0.194076 0.0375587 0.00193317
 0.518974 0.381816 0.0799577 0.0180837 0.00116848
 0.0928022 0.601141 0.25162 0.0475244 0.00691264
 0.122501 0.610282 0.24278 0.0234846 0.000952079
 0.383417 0.481906 0.127806 0.00687128 0
 0.0376549 0.599619 0.316969 0.0457579 0
 0.0361596 0.667082 0.258105 0.0386534 0
 0.158088 0.579412 0.248529 0.0139706 0
 0.0477256 0.309471 0.559284 0.082774 0.000745712
 0.0406174 0.521527 0.379366 0.0568643 0.0016247
 0.151134 0.462217 0.34131 0.0453401 0
 0.294876 0.26143 0.354403 0.0886775 0.000613685
 0.281977 0.475581 0.204845 0.0348837 0.00271318
 0.0841818 0.532909 0.334909 0.0458182 0.00218182
 0.115287 0.27431 0.454777 0.147771 0.00785563
 0 0 0 0 0
pf_pred 
 0.395129 0.42734 0.15881 0.0187105 1.01327e-05
 0.32078 0.526628 0.107806 0.0400633 0.00472268
 0.175284 0.582652 0.187682 0.0384203 0.0159611
 0.235525 0.405712 0.253462 0.0816446 0.0236567
 0.263422 0.436848 0.159069 0.0993759 0.0412859
 0.174792 0.51458 0.184227 0.0670822 0.0593196
 0.32133 0.349892 0.205018 0.0733991 0.0503607
 0.283508 0.500135 0.111544 0.0653589 0.0394542
 0.415685 0.391927 0.134294 0.0299514 0.0281439
 0.187338 0.636421 0.118212 0.0405054 0.0175226
 0.106806 0.472539 0.329428 0.0611897 0.0300368
 0.102965 0.342871 0.293177 0.204387 0.0565996
 0.148818 0.314055 0.205305 0.175549 0.156274
 0.158125 0.406412 0.16067 0.105034 0.16976
 0.180105 0.428111 0.189132 0.074771 0.127881
 0.180999 0.447289 0.194091 0.0857458 0.0918752
 0.155395 0.441794 0.219991 0.0954601 0.0873598
 0.281401 0.344418 0.195726 0.0974616 0.0809938
 0.361172 0.421376 0.104223 0.0592279 0.0540017
 0.277178 0.530642 0.126763 0.0313535 0.034063
 0.351099 0.421617 0.166855 0.0398592 0.0205695
 0.396853 0.433347 0.110326 0.0436613 0.0158126
 0.255072 0.56375 0.130172 0.0331405 0.0178652
 0.235187 0.472357 0.221326 0.0511051 0.0200246
 0.0664134 0.553127 0.234976 0.1101 0.0353838
 0.139755 0.21662 0.381332 0.161995 0.100298
 0.321633 0.295881 0.0963146 0.16955 0.116622
pobs_RECLAS
 0 0 0 0 0
 0 0 0 0 0
 0 0 0 0 0
 0 0 0 0 0
 0.835266 0.146461 0.0176864 0.000547809 3.91292e-05
 0.385257 0.428462 0.181853 0.0044286 0
 0.867414 0.0963971 0.0333333 0.00285562 0
 0.441836 0.489002 0.0689373 0.000224442 0
 0.779404 0.147425 0.0564933 0.0165055 0.000172143
 0.814271 0.122319 0.05973 0.00367925 0
 0.40263 0.566651 0.0304383 0.000280538 0
 0.475488 0.404961 0.113038 0.00651328 0
 0.955842 0.0263864 0.0167828 0.000988607 0
 0.975058 0.0227948 0.00214734 0 0
 0.738997 0.206755 0.0527124 0.00153531 0
 0.850938 0.134255 0.0134407 0.00136685 0
 0.542534 0.407297 0.0501686 0 0
 0.764087 0.199537 0.0359546 0.000420521 0
 0.470689 0.182191 0.310203 0.0369168 0
 0.84361 0.089868 0.0606195 0.00523954 0.000663233
 0.607945 0.314616 0.071237 0.00620181 0
 0.523733 0.453247 0.0230204 0 0
 0.530135 0.295979 0.169645 0.0042399 0
 0.562478 0.366248 0.0663022 0.0049721 0
 0.250443 0.683176 0.0655157 0.000865301 0
 0.195077 0.31981 0.436473 0.0351445 0.0134964
 0.565238 0.351407 0.0832357 0.000118908 0
ppred_RECLAS
 0.753611 0.174073 0.0646901 0.00762156 4.12746e-06
 0.687487 0.242305 0.0496021 0.0184334 0.00217294
 0.499051 0.353915 0.114002 0.0233373 0.00969507
 0.587053 0.219153 0.136913 0.044102 0.0127787
 0.622128 0.224107 0.0816038 0.0509807 0.02118
 0.496148 0.31419 0.112484 0.0409587 0.0362191
 0.686813 0.161466 0.0946099 0.0338716 0.02324
 0.648596 0.245292 0.0547071 0.0320553 0.0193504
 0.768081 0.155558 0.053302 0.0118879 0.0111705
 0.516317 0.378787 0.070358 0.0241082 0.0104292
 0.358225 0.339527 0.236699 0.0439658 0.0215819
 0.348373 0.249069 0.212971 0.148471 0.0411152
 0.45052 0.202738 0.132534 0.113326 0.100882
 0.471854 0.25496 0.100795 0.0658922 0.106498
 0.508435 0.256673 0.113393 0.0448287 0.0766705
 0.506354 0.2696 0.116987 0.0516826 0.0553771
 0.460871 0.282006 0.140425 0.0609341 0.0557635
 0.644995 0.17015 0.0966931 0.0481483 0.0400128
 0.723659 0.182276 0.0450842 0.0256205 0.0233598
 0.639522 0.264636 0.0632178 0.0156363 0.0169875
 0.713946 0.185861 0.0735544 0.0175711 0.00906764
 0.752229 0.178018 0.0453215 0.017936 0.00649576
 0.612326 0.293386 0.067744 0.0172469 0.00929739
 0.586581 0.255332 0.119638 0.0276248 0.0108243
 0.247134 0.446054 0.18949 0.0887869 0.0285343
 0.428639 0.143875 0.253275 0.107595 0.0666163
 0.68696 0.136538 0.0444455 0.0782407 0.0538166
pobs_PELACES
 0 0 0 0 0
 0 0 0 0 0
 0 0 0 0 0
 0 0 0 0 0
 0 0 0 0 0
 0 0 0 0 0
 0 0 0 0 0
 0 0 0 0 0
 0 0 0 0 0
 0 0 0 0 0
 0.450072 0.473896 0.0757376 0.000293798 0
 0 0 0 0 0
 0.463077 0.371075 0.160297 0.00555027 0
 0.529543 0.364841 0.0842815 0.0213345 0
 0.631943 0.363953 0.00410389 0 0
 0.735681 0.248677 0.0153453 0.000297389 0
 0.695825 0.281241 0.0229344 0 0
 0.275771 0.60734 0.115278 0.00161068 0
 0 0 0 0 0
 0.896147 0.0623911 0.0374545 0.00400742 0
 0.803859 0.145111 0.0509908 3.86294e-05 0
 0.739449 0.233085 0.0266225 0.000797448 4.60066e-05
 0.878498 0.100942 0.0204185 0.000141795 0
 0.694673 0.275183 0.0284847 0.00165964 0
 0.469039 0.446079 0.0841089 0.000773354 0
 0.822795 0.102175 0.0682046 0.00682512 0
 0 0 0 0 0
ppred_PELACES
 0.76811 0.16383 0.0608834 0.00717307 3.88458e-06
 0.700104 0.232523 0.0475995 0.0176892 0.00208521
 0.519958 0.339144 0.109244 0.0223633 0.00929044
 0.591032 0.217042 0.135594 0.043677 0.0126555
 0.623084 0.22354 0.0813975 0.0508518 0.0211265
 0.50896 0.306201 0.109624 0.0399173 0.0352981
 0.694243 0.157635 0.0923652 0.033068 0.0226887
 0.663293 0.235032 0.052419 0.0307146 0.018541
 0.778095 0.148841 0.0510005 0.0113746 0.0106882
 0.524721 0.372206 0.0691356 0.0236893 0.010248
 0.373995 0.331185 0.230883 0.0428855 0.0210516
 0.361905 0.243897 0.208548 0.145388 0.0402615
 0.471759 0.194901 0.127411 0.108945 0.0969829
 0.505051 0.238934 0.0944598 0.0617505 0.099804
 0.533358 0.243659 0.107644 0.0425558 0.0727832
 0.517395 0.26357 0.11437 0.0505266 0.0541384
 0.473019 0.275652 0.137261 0.0595611 0.0545071
 0.654671 0.165513 0.0940576 0.046836 0.0389222
 0.730596 0.177701 0.0439525 0.0249773 0.0227734
 0.646281 0.259674 0.0620325 0.0153431 0.016669
 0.716942 0.183915 0.0727841 0.0173871 0.00897268
 0.755242 0.175853 0.0447704 0.0177178 0.00641676
 0.615817 0.290743 0.0671339 0.0170916 0.00921366
 0.590474 0.252928 0.118511 0.0273647 0.0107224
 0.250215 0.444229 0.188715 0.0884236 0.0284176
 0.433603 0.142625 0.251074 0.10666 0.0660375
 0.693688 0.133603 0.0434902 0.076559 0.0526599
pobs_pel_tallas
 0 0 0 0 0 0 0 0 0 0 0 0 0 0 0 0 0 0 0 0 0 0 0 0 0 0 0 0 0 0 0 0 0 0 0 0
 0 0 0 0 0 0 0 0 0 0 0 0 0 0 0 0 0 0 0 0 0 0 0 0 0 0 0 0 0 0 0 0 0 0 0 0
 0 0 0 0 0 0 0 0 0 0 0 0 0 0 0 0 0 0 0 0 0 0 0 0 0 0 0 0 0 0 0 0 0 0 0 0
 0 0 0 0 0 0 0 0 0 0 0 0 0 0 0 0 0 0 0 0 0 0 0 0 0 0 0 0 0 0 0 0 0 0 0 0
 0 0 0 0 0 0 0 0 0 0 0 0 0 0 0 0 0 0 0 0 0 0 0 0 0 0 0 0 0 0 0 0 0 0 0 0
 0 0 0 0 0 0 0 0 0 0 0 0 0 0 0 0 0 0 0 0 0 0 0 0 0 0 0 0 0 0 0 0 0 0 0 0
 0 0 0 0 0 0 0 0 0 0 0 0 0 0 0 0 0 0 0 0 0 0 0 0 0 0 0 0 0 0 0 0 0 0 0 0
 0 0 0 0 0 0 0 0 0 0 0 0 0 0 0 0 0 0 0 0 0 0 0 0 0 0 0 0 0 0 0 0 0 0 0 0
 0 0 0 0 0 0 0 0 0 0 0 0 0 0 0 0 0 0 0 0 0 0 0 0 0 0 0 0 0 0 0 0 0 0 0 0
 0 0 0 0 0 0 0 0 0 0 0 0 0 0 0 0 0 0 0 0 0 0 0 0 0 0 0 0 0 0 0 0 0 0 0 0
 0 0 0 0 0 0 0 0 1.78061e-05 0.00172719 0.00360574 0.0105946 0.0120993 0.0124554 0.0147524 0.0171206 0.0266825 0.0428682 0.0675386 0.121331 0.153587 0.119568 0.100827 0.0573624 0.0630603 0.0341343 0.0324427 0.0444173 0.0211091 0.0280891 0.0125444 0.00206551 0 0 0 0
 0 0 0 0 0 0 0 0 0 0 0 0 0 0 0 0 0 0 0 0 0 0 0 0 0 0 0 0 0 0 0 0 0 0 0 0
 0 0 0 0 0 0 0.0133647 0.0140871 0.0187388 0.0205184 0.03894 0.0496705 0.03968 0.0493445 0.0407372 0.0367815 0.0215668 0.0243155 0.0234873 0.0199281 0.019796 0.0243948 0.0301388 0.0376714 0.0412746 0.0863199 0.0771752 0.113111 0.0741005 0.0525337 0.0229764 0.00759418 0.00175318 0 0 0
 0 0 0 0 0 0 0 0 0 0 0.00219441 0.00772107 0.0458388 0.0604681 0.0671733 0.0775358 0.0609151 0.0617685 0.073594 0.0568108 0.0755445 0.0548602 0.0670107 0.0636378 0.0643287 0.046367 0.0373049 0.0286899 0.0247887 0.0153202 0.00654259 0.00121912 0.000365735 0 0 0
 0 0 0 0 0 0 0 0 0 0 0 0 0.000112435 0.00938835 0.0111873 0.0202946 0.0414886 0.0713402 0.111592 0.104902 0.108894 0.110636 0.117776 0.105296 0.107544 0.0401394 0.0192827 0.0124803 0.00416011 0.0028671 0.000618394 0 0 0 0 0
 0 0 0 0 0 0 0 0 0 0 0.00291406 0.0102884 0.027416 0.0768956 0.0749926 0.110853 0.0956884 0.0897413 0.0766577 0.0534642 0.0500743 0.0551293 0.0594112 0.0620874 0.0668451 0.0424026 0.0208742 0.0120726 0.0048766 0.00582813 0.00118941 0.000297354 0 0 0 0
 0 0.00264628 0.0354308 0.0461629 0.0458689 0.0383711 0.0214643 0.0164657 0.0346957 0.0420465 0.0363128 0.0245516 0.0311673 0.0291091 0.0169068 0.0133784 0.00837989 0.0085269 0.0148486 0.0160247 0.0276389 0.0546898 0.0760071 0.122758 0.109233 0.0665981 0.0333725 0.0166128 0.00676272 0.00308733 0.000882094 0 0 0 0 0
 0 0 0 0 0 0 0 0.000805153 0.000690131 0.00759144 0.0133425 0.0154129 0.00931677 0.000345066 0.00356568 0.00563607 0.00851162 0.0253048 0.0502646 0.0516448 0.0657925 0.0565908 0.0611916 0.0827007 0.0866115 0.110766 0.145733 0.0935128 0.0569358 0.0249597 0.0138026 0.00621118 0.00161031 0.00115022 0 0
 0 0 0 0 0 0 0 0 0 0 0 0 0 0 0 0 0 0 0 0 0 0 0 0 0 0 0 0 0 0 0 0 0 0 0 0
 0.00147267 0.00158595 0.00478618 0.00569244 0.00954404 0.0108468 0.00647125 0.017049 0.0510054 0.094081 0.124002 0.0959785 0.0687766 0.0820023 0.061753 0.0591476 0.0492212 0.0479892 0.0443925 0.0268479 0.0217502 0.0140895 0.0121071 0.0120363 0.00920419 0.00665534 0.0049561 0.00860946 0.00930331 0.0156896 0.0114698 0.00855282 0.00243557 0.00046729 0 2.83206e-05
 0 0 0 0 0.000772559 0.00158375 0.000888443 0.00281984 0.00712685 0.0440552 0.0773331 0.111326 0.0921469 0.0852325 0.0710754 0.0886704 0.0786465 0.0553345 0.0373146 0.0185414 0.00753245 0.00457741 0.012979 0.0271748 0.0457355 0.0583668 0.034881 0.0177882 0.00938659 0.00492506 0.0015258 0.00185414 0.000309023 5.79419e-05 3.86279e-05 0
 0 0.00173294 0.00326652 0 0.00397197 0.00683976 0.00946217 0.0152591 0.00757587 0.0136028 0.0228656 0.0392903 0.0559909 0.0764795 0.0681675 0.0726916 0.0566044 0.0477403 0.0527397 0.0444891 0.0609904 0.0582453 0.0661739 0.0445044 0.0529084 0.0360697 0.0280645 0.0235558 0.0158879 0.00826598 0.00280645 0.00217768 0.000904811 0.00058276 9.20147e-05 0
 0 0 0 0 0 0 0 0 0 0 0 0 0 0 0 0 0 0 0 0 0 0 0 0 0 0 0 0 0 0 0 0 0 0 0 0
 0 0 0 0 0 0 0 0 0 0 0 0 0 0 0 0 0 0 0 0 0 0 0 0 0 0 0 0 0 0 0 0 0 0 0 0
 0 0 0 0 0 0 0 0 0 0 0 0 0 0 0 0 0 0 0 0 0 0 0 0 0 0 0 0 0 0 0 0 0 0 0 0
 0 0 0 0 0 0 0 0 0 0 0 0 0 0 0 0 0 0 0 0 0 0 0 0 0 0 0 0 0 0 0 0 0 0 0 0
 0 0 0 0 0 0 0 0 0 0 0 0 0 0 0 0 0 0 0 0 0 0 0 0 0 0 0 0 0 0 0 0 0 0 0 0
ppred_pel_tallas
 1.01165e-16 3.35126e-05 0.000196694 0.000935001 0.00359981 0.0112257 0.0283552 0.0580184 0.0961716 0.129155 0.140543 0.123962 0.0887204 0.0517466 0.0250553 0.0109384 0.00573378 0.00513109 0.00648824 0.00864236 0.0111126 0.0136031 0.0158386 0.0175618 0.0185773 0.0187929 0.018236 0.0170383 0.0153967 0.0135237 0.0116043 0.00977146 0.0081011 0.00662272 0.00533684 0.00423112
 1.01457e-16 3.05499e-05 0.000179295 0.000852268 0.00328125 0.0102322 0.0258459 0.0528847 0.0876644 0.117737 0.128139 0.113068 0.0810252 0.0474638 0.0233655 0.0108551 0.00662946 0.00678315 0.0089069 0.011904 0.0152584 0.0185867 0.0215066 0.0236611 0.0247879 0.0247782 0.0236985 0.021765 0.0192839 0.0165759 0.0139118 0.0114749 0.00935559 0.00756911 0.00608487 0.00485455
 1.02864e-16 2.26992e-05 0.000133194 0.000633077 0.00243727 0.0076003 0.019198 0.0392834 0.0651235 0.0874796 0.0952495 0.0841462 0.0605168 0.0358878 0.0184833 0.00996189 0.00795205 0.00961525 0.0131787 0.0177742 0.0228808 0.0279988 0.032582 0.0361055 0.0381723 0.0385998 0.0374531 0.0350118 0.0316866 0.0279161 0.0240769 0.0204326 0.0171258 0.014202 0.0116486 0.00943053
 1.04088e-16 2.57935e-05 0.000151371 0.000719517 0.00277013 0.00863833 0.0218198 0.044647 0.0740102 0.0994022 0.108192 0.0954867 0.0684701 0.0401977 0.0199568 0.00956211 0.00625086 0.00675425 0.00906556 0.0122802 0.0159727 0.0198146 0.02346 0.0265666 0.0288554 0.0301637 0.0304683 0.0298703 0.0285508 0.0267164 0.0245533 0.0222033 0.0197626 0.0172958 0.0148547 0.0124908
 1.03963e-16 2.71912e-05 0.000159577 0.000758527 0.00292033 0.00910672 0.0230029 0.0470677 0.0780226 0.10479 0.114053 0.100653 0.0721595 0.0423327 0.0209575 0.00993919 0.00635502 0.00674725 0.00898836 0.0121143 0.0156704 0.0193105 0.0226793 0.0254351 0.0273131 0.0281798 0.0280536 0.0270834 0.025497 0.0235366 0.0214063 0.019244 0.017122 0.0150654 0.013079 0.0111681
 1.04677e-16 2.22182e-05 0.000130373 0.000619675 0.00238568 0.00743942 0.0187916 0.0384517 0.0637439 0.0856244 0.0932241 0.0823441 0.0591928 0.035047 0.0179486 0.00951275 0.00741111 0.00886334 0.0121415 0.016416 0.0212111 0.0260833 0.0305484 0.0341373 0.0364891 0.0374269 0.0369872 0.0353902 0.0329669 0.0300698 0.0269975 0.0239539 0.021046 0.0183085 0.0157401 0.0133335
 1.03559e-16 3.02914e-05 0.000177784 0.0008451 0.00325367 0.0101463 0.0256287 0.0524397 0.0869247 0.116738 0.127036 0.112058 0.0802218 0.0468332 0.0227594 0.0100824 0.00550566 0.00514843 0.00663823 0.00893778 0.0116222 0.0144273 0.0171 0.0193939 0.0211096 0.0221319 0.022445 0.0221213 0.0212886 0.0200902 0.0186519 0.0170655 0.0153899 0.0136625 0.0119146 0.0101814
 1.02743e-16 2.89449e-05 0.000169872 0.000807469 0.00310876 0.00969434 0.0244872 0.0501048 0.0830567 0.111551 0.121409 0.10714 0.0767987 0.0450314 0.0222495 0.010475 0.00658791 0.00689696 0.00912544 0.012235 0.0157306 0.0192366 0.0223734 0.0247834 0.0262013 0.0265108 0.0257673 0.0241713 0.0220095 0.0195805 0.017133 0.0148311 0.0127519 0.0109051 0.00926396 0.00779293
 1.01663e-16 3.39474e-05 0.000199248 0.000947146 0.00364658 0.0113715 0.0287236 0.058772 0.0974202 0.13083 0.142362 0.125556 0.0898399 0.0523559 0.0252687 0.0108922 0.00550913 0.00474789 0.00593198 0.00789114 0.0101552 0.0124495 0.0145256 0.0161523 0.0171546 0.0174497 0.0170617 0.0161069 0.0147579 0.0131989 0.0115874 0.0100329 0.00859414 0.00729024 0.00611781 0.00506618
 1.02396e-16 2.29081e-05 0.000134418 0.000638888 0.00245963 0.00767003 0.0193742 0.0396441 0.0657222 0.0882861 0.0961336 0.0849412 0.0611189 0.0363055 0.0188086 0.0103109 0.00842579 0.0102897 0.0141041 0.0189697 0.0243237 0.029614 0.0342406 0.0376353 0.0393817 0.0393104 0.0375335 0.0344034 0.0304153 0.0260862 0.0218501 0.017999 0.0146727 0.0118887 0.00959073 0.00769421
 1.05843e-16 1.63345e-05 9.58276e-05 0.000455433 0.00175329 0.00546734 0.0138103 0.0282599 0.046852 0.0629456 0.068562 0.0606308 0.0437384 0.0262078 0.0139988 0.00836024 0.00764813 0.00987835 0.0138149 0.0188387 0.0245353 0.0304576 0.0360849 0.04089 0.0444388 0.0464728 0.0469461 0.0460042 0.0439191 0.0410074 0.0375612 0.03381 0.0299177 0.0260009 0.0221539 0.0184659
 1.09917e-16 1.58035e-05 9.27189e-05 0.000440673 0.0016965 0.00529025 0.0133629 0.0273438 0.0453311 0.0608958 0.0663127 0.0586021 0.042189 0.0251079 0.0131011 0.0073495 0.00623843 0.00783831 0.01097 0.0150885 0.0198886 0.0250681 0.0302697 0.0351152 0.0392706 0.0424998 0.04469 0.0458388 0.0460161 0.0453186 0.0438361 0.0416422 0.0388061 0.0354131 0.0315835 0.0274766
 1.10148e-16 2.05914e-05 0.000120833 0.000574344 0.00221118 0.00689529 0.017417 0.0356384 0.0590778 0.0793497 0.0863742 0.07625 0.0547175 0.0322082 0.0161498 0.00801087 0.00561056 0.00636703 0.00870591 0.0119292 0.0157145 0.0198077 0.0239306 0.0277965 0.0311581 0.0338483 0.0357958 0.0370108 0.0375491 0.0374731 0.0368241 0.0356176 0.033858 0.0315634 0.0287886 0.0256352
 1.08204e-16 2.20449e-05 0.000129362 0.000614883 0.00236725 0.00738198 0.0186464 0.0381541 0.0632488 0.0849538 0.0924794 0.0816516 0.0586195 0.034556 0.0174193 0.00878683 0.0063254 0.00726451 0.00989961 0.0134484 0.0175149 0.0217657 0.0258418 0.0293907 0.0321322 0.0339132 0.034727 0.0346895 0.033986 0.0328075 0.0313014 0.0295508 0.0275834 0.0253994 0.0230027 0.0204246
 1.06471e-16 2.32795e-05 0.00013661 0.000649336 0.00249991 0.00779565 0.0196913 0.0402921 0.0667927 0.0897128 0.0976574 0.0862172 0.0618838 0.0364532 0.0183248 0.0091589 0.00648461 0.00736925 0.0100067 0.0135666 0.0176295 0.0218443 0.0258352 0.0292338 0.0317484 0.0332212 0.0336508 0.0331691 0.0319875 0.0303309 0.0283842 0.0262675 0.0240401 0.0217234 0.0193304 0.0168877
 1.05976e-16 2.25843e-05 0.000132527 0.00062992 0.00242514 0.00756249 0.0191024 0.0390873 0.0647963 0.0870339 0.0947479 0.0836643 0.060086 0.0354637 0.0179563 0.0091867 0.00677059 0.00787189 0.0107395 0.0145572 0.0188932 0.0233691 0.0275754 0.0311105 0.0336576 0.035048 0.0352858 0.0345233 0.0330025 0.0309824 0.0286802 0.0262417 0.0237438 0.0212177 0.0186793 0.0161527
 1.06632e-16 2.06498e-05 0.000121168 0.000575918 0.00221722 0.00691409 0.0174646 0.0357364 0.0592425 0.0795777 0.0866402 0.0765275 0.0550095 0.0325664 0.0166731 0.00883289 0.00688656 0.00825924 0.0113596 0.0154372 0.0200757 0.0248903 0.0294553 0.0333485 0.0362319 0.037917 0.038392 0.0377977 0.0363682 0.0343585 0.0319851 0.029397 0.0266788 0.0238745 0.021017 0.01815
 1.04818e-16 2.85662e-05 0.000167654 0.000796942 0.00306825 0.00956804 0.0241681 0.0494514 0.0819719 0.110088 0.119804 0.10569 0.0756871 0.044235 0.0215891 0.00972255 0.00553736 0.0053837 0.00703041 0.00949946 0.0123827 0.015416 0.0183401 0.0209012 0.0228918 0.0241894 0.0247721 0.0247052 0.0241074 0.0231103 0.0218256 0.0203302 0.0186703 0.0168756 0.0149771 0.013018
 1.02605e-16 3.18773e-05 0.000187093 0.000889351 0.00342405 0.0106776 0.0269707 0.0551857 0.0914767 0.122852 0.13369 0.11793 0.0844308 0.0493005 0.0239755 0.0106458 0.00583859 0.00546191 0.00700515 0.0093564 0.012043 0.0147597 0.0172175 0.0191465 0.0203447 0.0207209 0.0203109 0.0192577 0.0177679 0.0160563 0.0143009 0.0126179 0.0110604 0.00963491 0.00832432 0.00710809
 1.02272e-16 2.82042e-05 0.00016552 0.000786777 0.00302908 0.00944586 0.0238596 0.0488209 0.0809294 0.108696 0.11831 0.104422 0.0748887 0.043988 0.0218763 0.0105371 0.00694358 0.0075078 0.0100109 0.0134271 0.017244 0.0210513 0.0244272 0.0269736 0.0283956 0.0285661 0.0275506 0.0255795 0.0229816 0.0201017 0.0172308 0.0145652 0.0122017 0.0101578 0.00840432 0.00689609
 1.0211e-16 3.12822e-05 0.000183598 0.000872737 0.00336007 0.0104781 0.0264668 0.0541548 0.0897682 0.120558 0.131197 0.115737 0.0828761 0.0484228 0.0236054 0.0105793 0.00594294 0.00568709 0.00735162 0.00984465 0.0126957 0.0155925 0.0182326 0.0203294 0.0216624 0.0221231 0.0217333 0.0206278 0.0190117 0.0171061 0.0151027 0.0131374 0.0112873 0.00958341 0.0080309 0.00662606
 1.01602e-16 3.29519e-05 0.000193402 0.000919346 0.00353953 0.0110377 0.0278804 0.057047 0.0945617 0.126994 0.138195 0.121899 0.0872609 0.0509297 0.0247238 0.0109024 0.00587017 0.00539215 0.00686943 0.00915144 0.0117516 0.0143598 0.0166847 0.0184555 0.0194706 0.0196415 0.0190086 0.0177234 0.0160035 0.0140786 0.0121425 0.0103271 0.00869872 0.00727191 0.0060312 0.00495093
 1.02066e-16 2.68771e-05 0.000157726 0.000749717 0.00288638 0.00900084 0.0227356 0.0465212 0.0771186 0.103582 0.112754 0.0995429 0.0714436 0.0420733 0.0211263 0.0105119 0.00736503 0.00827997 0.0111432 0.0149589 0.0191989 0.0234126 0.0271277 0.0298978 0.0313927 0.0314721 0.0302136 0.027881 0.0248501 0.0215159 0.0182125 0.0151672 0.0124937 0.0102136 0.00829369 0.00667911
 1.03207e-16 2.57706e-05 0.000151233 0.000718856 0.00276757 0.00863034 0.0217997 0.044606 0.0739433 0.0993153 0.108105 0.0954285 0.0684684 0.0402773 0.0201448 0.00989709 0.00678496 0.00754743 0.0101724 0.0137325 0.0177606 0.0218718 0.0256589 0.0287258 0.0307626 0.0316081 0.0312768 0.0299364 0.0278514 0.025312 0.0225726 0.0198186 0.0171616 0.0146564 0.0123261 0.0101836
 1.0719e-16 1.09415e-05 6.41559e-05 0.00030484 0.00117344 0.00365906 0.00924291 0.0189155 0.0313667 0.0421619 0.0459786 0.0407898 0.0297085 0.0183684 0.0108447 0.00807729 0.00907032 0.0125734 0.017775 0.0241833 0.0313334 0.0386393 0.0454099 0.0509608 0.0547553 0.0565145 0.0562615 0.0542814 0.0510206 0.0469622 0.0425218 0.0379912 0.0335369 0.0292333 0.0251116 0.0211977
 1.10362e-16 1.89259e-05 0.000111059 0.000527885 0.00203232 0.00633752 0.0160081 0.0327553 0.0542978 0.0729277 0.0793787 0.0700629 0.0502527 0.0295315 0.0147213 0.00716936 0.00487417 0.0054762 0.00755708 0.0105215 0.0141349 0.0182317 0.0226153 0.0270533 0.0313042 0.0351448 0.0383888 0.0408896 0.042536 0.0432466 0.0429711 0.0417009 0.0394834 0.0364312 0.0327223 0.0285839
 1.05753e-16 3.0266e-05 0.000177637 0.000844409 0.00325103 0.010138 0.0256078 0.0523968 0.0868529 0.116639 0.126922 0.111943 0.0801085 0.0467038 0.022578 0.00980032 0.00506551 0.00448848 0.00569889 0.00767265 0.0100123 0.0124953 0.0149201 0.0170937 0.0188622 0.0201382 0.02091 0.0212284 0.0211764 0.0208356 0.0202615 0.0194756 0.0184743 0.0172472 0.0157972 0.0141525
pSPR Fmed_Fpbrs
0.437012   0.6 0.325
Fs Fmed_Fpbrs
0.64   0.338637 1.01965
SSBpbr Bo_Bmed_Bpbrs
3.36858e+06  1.30368e+06  1.85272e+06 926359
Ro
71682.4
SPR SPRFo_SPRFmed_SPRFpbrs
1.48054e+06 647015 481177
log_Ro
11
likeval ReclasPelacesDesembMPH_pf_preclas_ppelaces_ptallas_desvR_qrecl_qpela
 85.335 14.4237 0.0304904 151.926 353.512 237.642 60.782 0 21.4113 0.000125211 3.39564e-06 2.64862e-15 0 0 0
q_reclas_q_pelaces
0.204817 0.769385
M
0.7
N
 76180 19855.2 7378.69 869.331 0.470787
 91731.3 35375.3 7241.65 2691.18 317.237
 53825.6 43331.1 13957.7 2857.27 1187
 65089.5 24911.4 15563 5013.12 1452.56
 87952 31878.4 11607.8 7251.82 3012.78
 63598.7 43526.4 15583.1 5674.24 5017.63
 122064 30248.8 17724.1 6345.49 4353.77
 141027 58866.8 13129 7692.86 4643.83
 300218 66296.4 22716.5 5066.43 4760.68
 184046 142089 26392.4 9043.35 3912.14
 84561.8 88840.6 61934.7 11504.1 5647.12
 50718.9 39657.6 33909.9 23640.1 6546.5
 46783.3 23964.3 15666 13395.5 11924.6
 32712.7 21619 8546.83 5587.25 9030.37
 24731.8 14525.4 6417.06 2536.91 4338.87
 19833.2 11291.2 4899.53 2164.53 2319.26
 14402.5 9489.26 4725.18 2050.38 1876.4
 24396.7 6864.21 3900.79 1942.4 1614.2
 44012.8 11689.1 2891.18 1643 1498.03
 49048.7 21222.4 5069.72 1253.94 1362.31
 89259.4 23760.7 9403.3 2246.31 1159.22
 180498 43779.4 11145.8 4410.93 1597.48
 180460 88416.4 20415.7 5197.63 2801.92
 198442 88509.6 41471.7 9576.01 3752.19
 52534.8 97219.2 41300.1 19351.4 6219.17
 74336 25728.5 45291.8 19240.6 11912.6
 174085 36290.6 11813.3 20795.7 14304
pred_Ctot
 3568.57 3859.48 1434.28 168.982 0.0915123
 3226.21 5296.5 1084.24 402.932 47.4978
 2643.02 8785.51 2829.97 579.32 240.669
 643.662 1108.76 692.683 223.125 64.651
 216.133 358.426 130.513 81.5361 33.8743
 1935.84 5699.03 2040.33 742.943 656.972
 2536.16 2761.59 1618.14 579.316 397.481
 5427.4 9574.44 2135.38 1251.21 755.3
 10157.7 9577.17 3281.62 731.896 687.728
 3704.49 12584.8 2337.57 800.969 346.498
 3392.1 15007.5 10462.4 1943.34 953.948
 1774.76 5909.89 5053.35 3522.91 975.578
 2345.52 4949.79 3235.79 2766.82 2463.02
 2505.97 6440.85 2546.31 1664.58 2690.37
 1441.17 3425.68 1513.41 598.307 1023.28
 521.914 1289.76 559.663 247.249 264.924
 417.864 1188.01 591.567 256.697 234.915
 618.154 756.582 429.95 214.094 177.919
 919.407 1072.66 265.312 150.772 137.468
 864.574 1655.18 395.399 97.7979 106.249
 790.679 949.485 375.758 89.7633 46.3227
 1762.94 1925.06 490.1 193.957 70.2442
 1600.53 3537.42 816.807 207.95 112.101
 1919.49 3855.17 1806.36 417.097 163.432
 521.12 4340.17 1843.77 863.908 277.643
 903.979 1401.16 2466.57 1047.83 648.757
 3278.04 3015.58 981.626 1728.03 1188.6
F
 0.0670854 0.308616 0.308616 0.308616 0.308616
 0.0499923 0.229982 0.229982 0.229982 0.229982
 0.0704239 0.323974 0.323974 0.323974 0.323974
 0.0138348 0.0636447 0.0636447 0.0636447 0.0636447
 0.00342219 0.0157432 0.0157432 0.0157432 0.0157432
 0.0431362 0.198441 0.198441 0.198441 0.198441
 0.0292662 0.134634 0.134634 0.134634 0.134634
 0.0548193 0.252188 0.252188 0.252188 0.252188
 0.0480528 0.221059 0.221059 0.221059 0.221059
 0.0283402 0.130375 0.130375 0.130375 0.130375
 0.0571995 0.263137 0.263137 0.263137 0.263137
 0.0497333 0.22879 0.22879 0.22879 0.22879
 0.0719523 0.331005 0.331005 0.331005 0.331005
 0.111864 0.514613 0.514613 0.514613 0.514613
 0.0840719 0.386759 0.386759 0.386759 0.386759
 0.037196 0.171114 0.171114 0.171114 0.171114
 0.0410798 0.188981 0.188981 0.188981 0.188981
 0.0357921 0.164656 0.164656 0.164656 0.164656
 0.0294263 0.135371 0.135371 0.135371 0.135371
 0.0247796 0.113994 0.113994 0.113994 0.113994
 0.0123849 0.0569749 0.0569749 0.0569749 0.0569749
 0.0136634 0.0628561 0.0628561 0.0628561 0.0628561
 0.0124003 0.0570457 0.0570457 0.0570457 0.0570457
 0.0135307 0.0622456 0.0622456 0.0622456 0.0622456
 0.0138779 0.063843 0.063843 0.063843 0.063843
 0.0170372 0.0783768 0.0783768 0.0783768 0.0783768
 0.026491 0.121867 0.121867 0.121867 0.121867
Np
 60514.5 27918 29797.3 5646.6 2488.63
YTP_r0W_actual
 73166.1 165118 78134.9 175657 134080
YTP_p0W_proyectada
 25433.6 383046 105521 43865.9 123365
 25433.6 127024 197085 47695.5 23327.4
CTP_r0_actual
 8922.7 7644.34 2488.37 4380.47 3013.04
CTP_p0_proyectada
 3101.65 17733.6 3360.53 1093.91 2772.25
 3101.65 5880.72 6276.58 1189.41 524.212
Wmedp
 8.2 21.6 31.4 40.1 44.5
nmprior
 10.8 10.6 4.6 0
nm_flota  nm_reclas  nm_pelaces    nm_pelaL
inf 10.0592 11.8461 31.8425
cv_recla  cv_pelaces  cv_mph
0.800008 0.416034 0.494133
 ------------------------------------------------
Talla a la edad & desviaci?n 
 7.2 14.2025 17.0495 18.207 18.6776
 1.08 2.13037 2.55742 2.73105 2.80164
