years
 1997 1998 1999 2000 2001 2002 2003 2004 2005 2006 2007 2008 2009 2010 2011 2012 2013 2014 2015 2016 2017 2018 2019 2020 2021 2022 2023
reclasobs
 0 0 0 370054 412103 1.49427e+06 250295 1.28982e+06 931140 785840 897777 1.04006e+06 184774 17550 25797 100020 73551 82996 120727 218422 84188 347160 605670 569463 516374 1.08416e+06 1.01767e+06
reclaspred
 5.03593e+06 823718 1.02608e+06 213623 242238 308329 582784 467675 644058 1.07893e+06 1.05046e+06 715924 457715 140819 104411 124299 94175.7 74104 98279.5 146918 189376 247423 546032 632617 913213 636802 215629
pelacesobs
 0 0 0 0 0 0 0 0 0 2.06254e+06 1.5e+06 0 1.87456e+06 323000 250000 174000 83755 137374 0 501740 490994 745055 786931 1.00524e+06 1.33801e+06 1.41789e+06 0
pelacespred
 7.8692e+06 3.15279e+06 777282 394466 674704 429853 1.91397e+06 1.1428e+06 2.0431e+06 2.89509e+06 1.95191e+06 1.60931e+06 998034 286029 228724 238728 165257 150890 206161 253788 478224 530466 871970 1.29626e+06 1.52715e+06 1.058e+06 230112
mphobs
 0 0 0 0 0 0 112323 0 153150 637223 0 255016 313432 73983 77613 109348 50772 17779 17303 59886 28197 0 207744 136588 643089 65757 70829
mphpred
 1.08469e+06 459075 208198 74316.1 50649.7 141811 153625 269406 226153 422403 454552 275983 216329 118791 63251.9 60456.3 40296.1 30963.2 27881.9 39799.5 44945.9 72329.4 117443 158209 223008 133347 90108.1
desembarqueobs
 350755 77701 442110 56441 14545 235359 269955 359681 431902 328805 639364 411747 362871 311530 167758 66681 60226 58785 57116 73181 50977 67692 138656 160484 209506 203330 245020
desembarquepred
 350741 77675.4 441501 56410.4 14542.7 235173 269770 358843 431053 328632 638321 410950 362428 310435 167312 66664 60228.5 58644.1 56956.9 73130 50949.5 67593.6 138629 160377 209544 203164 244489
Reclutas
 11723.5 18200.5 2053.34 5249.88 37077.9 11174.5 62051.7 38354.4 108125 102444 51694.7 68751.6 44113.2 30438.6 16044.2 8608.5 4739.87 6826.73 11924.7 6133.54 16238.7 28816.5 26742.5 54220.2 5239.12 27912.3 2111.2
log_desv_Rt
 -0.430652 0.00920457 -2.17278 -1.23404 0.720777 -0.478611 1.23572 0.754625 1.79105 1.73707 1.05311 1.33826 0.894515 0.523465 -0.1169 -0.739495 -1.33623 -0.971399 -0.413631 -1.07847 -0.104848 0.468702 0.394009 1.10081 -1.23609 0.436823 -2.14499
SSB
 1.39214e+06 589200 267212 95381.1 65006.5 182008 187705 338123 277948 527582 583396 354211 290880 125164 70204.2 66128.2 48963.3 36328 44288.4 68339.5 70115.9 108328 182732 230597 368209 240261 150803
BT
 1.92252e+06 723480 393380 150183 245649 286111 979792 748345 1.20609e+06 1.21776e+06 1.11546e+06 911736 669413 384630 220624 122284 98213.8 100956 115808 124086 203116 209853 314751 513203 481274 455702 244598
Ftot
 0.209258 0.342801 1.37578 0.959787 0.273646 1.82143 1.93284 2.11334 2.64651 0.945819 1.65092 1.80603 2.19018 4.95303 4.13777 1.42493 1.7558 2.41608 1.82752 1.32183 0.945949 0.864303 0.724371 0.847313 0.625206 1.09788 2.47878
BD_Bspro_t
 0.971831 0.804489 0.554991 0.194095 0.243131 0.517109 0.360555 0.436638 0.352665 0.457435 0.440303 0.268672 0.234698 0.127694 0.085821 0.0973726 0.102456 0.108803 0.164109 0.278667 0.307701 0.470646 0.557196 0.53827 0.584091 0.404291 0.293056
BD_Bspro
 3.73756 1.58186 0.7174 0.256075 0.174527 0.488647 0.503943 0.907777 0.746223 1.41643 1.56628 0.950971 0.780943 0.336034 0.188481 0.177538 0.131455 0.0975318 0.118904 0.183475 0.188244 0.290835 0.49059 0.619098 0.988552 0.645043 0.40487
BD_Bo
 2.44923 1.03659 0.470113 0.167806 0.114367 0.320211 0.330234 0.594867 0.489001 0.928188 1.02638 0.623172 0.511753 0.220204 0.123512 0.116341 0.0861423 0.0639127 0.0779177 0.120231 0.123356 0.190584 0.321484 0.405696 0.647799 0.422697 0.265311
BD_Brms
 4.45314 1.88472 0.85475 0.305102 0.207941 0.582201 0.600425 1.08158 0.889092 1.68761 1.86615 1.13304 0.930459 0.40037 0.224567 0.211529 0.156622 0.116205 0.141668 0.218602 0.224285 0.346517 0.584517 0.737628 1.17782 0.768541 0.482384
S_f
 0.0880344 0.788846 0.993131 0.999821 0.999995
 0.0880344 0.788846 0.993131 0.999821 0.999995
 0.0880344 0.788846 0.993131 0.999821 0.999995
 0.0880344 0.788846 0.993131 0.999821 0.999995
 0.0880344 0.788846 0.993131 0.999821 0.999995
 0.0880344 0.788846 0.993131 0.999821 0.999995
 0.0880344 0.788846 0.993131 0.999821 0.999995
 0.0880344 0.788846 0.993131 0.999821 0.999995
 0.0880344 0.788846 0.993131 0.999821 0.999995
 0.0880344 0.788846 0.993131 0.999821 0.999995
 0.0880344 0.788846 0.993131 0.999821 0.999995
 0.0880344 0.788846 0.993131 0.999821 0.999995
 0.0880344 0.788846 0.993131 0.999821 0.999995
 0.0880344 0.788846 0.993131 0.999821 0.999995
 0.0880344 0.788846 0.993131 0.999821 0.999995
 0.0880344 0.788846 0.993131 0.999821 0.999995
 0.0880344 0.788846 0.993131 0.999821 0.999995
 0.0880344 0.788846 0.993131 0.999821 0.999995
 0.0880344 0.788846 0.993131 0.999821 0.999995
 0.0880344 0.788846 0.993131 0.999821 0.999995
 0.0880344 0.788846 0.993131 0.999821 0.999995
 0.0880344 0.788846 0.993131 0.999821 0.999995
 0.0880344 0.788846 0.993131 0.999821 0.999995
 0.0880344 0.788846 0.993131 0.999821 0.999995
 0.0880344 0.788846 0.993131 0.999821 0.999995
 0.0880344 0.788846 0.993131 0.999821 0.999995
 0.0880344 0.788846 0.993131 0.999821 0.999995
Scru_reclas
 0.141695 0.453797 0.806995 0.954633 0.990645
 0.141695 0.453797 0.806995 0.954633 0.990645
 0.141695 0.453797 0.806995 0.954633 0.990645
 0.141695 0.453797 0.806995 0.954633 0.990645
 0.141695 0.453797 0.806995 0.954633 0.990645
 0.141695 0.453797 0.806995 0.954633 0.990645
 0.141695 0.453797 0.806995 0.954633 0.990645
 0.141695 0.453797 0.806995 0.954633 0.990645
 0.141695 0.453797 0.806995 0.954633 0.990645
 0.141695 0.453797 0.806995 0.954633 0.990645
 0.141695 0.453797 0.806995 0.954633 0.990645
 0.141695 0.453797 0.806995 0.954633 0.990645
 0.141695 0.453797 0.806995 0.954633 0.990645
 0.141695 0.453797 0.806995 0.954633 0.990645
 0.141695 0.453797 0.806995 0.954633 0.990645
 0.141695 0.453797 0.806995 0.954633 0.990645
 0.141695 0.453797 0.806995 0.954633 0.990645
 0.141695 0.453797 0.806995 0.954633 0.990645
 0.141695 0.453797 0.806995 0.954633 0.990645
 0.141695 0.453797 0.806995 0.954633 0.990645
 0.141695 0.453797 0.806995 0.954633 0.990645
 0.141695 0.453797 0.806995 0.954633 0.990645
 0.141695 0.453797 0.806995 0.954633 0.990645
 0.141695 0.453797 0.806995 0.954633 0.990645
 0.141695 0.453797 0.806995 0.954633 0.990645
 0.141695 0.453797 0.806995 0.954633 0.990645
 0.141695 0.453797 0.806995 0.954633 0.990645
Scru_pelaces
 0.378158 0.753724 0.939033 0.987264 0.997443
 0.378158 0.753724 0.939033 0.987264 0.997443
 0.378158 0.753724 0.939033 0.987264 0.997443
 0.378158 0.753724 0.939033 0.987264 0.997443
 0.378158 0.753724 0.939033 0.987264 0.997443
 0.378158 0.753724 0.939033 0.987264 0.997443
 0.378158 0.753724 0.939033 0.987264 0.997443
 0.378158 0.753724 0.939033 0.987264 0.997443
 0.378158 0.753724 0.939033 0.987264 0.997443
 0.378158 0.753724 0.939033 0.987264 0.997443
 0.378158 0.753724 0.939033 0.987264 0.997443
 0.378158 0.753724 0.939033 0.987264 0.997443
 0.378158 0.753724 0.939033 0.987264 0.997443
 0.378158 0.753724 0.939033 0.987264 0.997443
 0.378158 0.753724 0.939033 0.987264 0.997443
 0.378158 0.753724 0.939033 0.987264 0.997443
 0.378158 0.753724 0.939033 0.987264 0.997443
 0.378158 0.753724 0.939033 0.987264 0.997443
 0.378158 0.753724 0.939033 0.987264 0.997443
 0.378158 0.753724 0.939033 0.987264 0.997443
 0.378158 0.753724 0.939033 0.987264 0.997443
 0.378158 0.753724 0.939033 0.987264 0.997443
 0.378158 0.753724 0.939033 0.987264 0.997443
 0.378158 0.753724 0.939033 0.987264 0.997443
 0.378158 0.753724 0.939033 0.987264 0.997443
 0.378158 0.753724 0.939033 0.987264 0.997443
 0.378158 0.753724 0.939033 0.987264 0.997443
pf_obs 
 0.256992 0.487395 0.22802 0.0275931 0
 0.321318 0.546541 0.124235 0.00734118 0.000564706
 0.182869 0.594174 0.210203 0.0122559 0.00049798
 0.330522 0.361315 0.267642 0.0388342 0.00168674
 0.649043 0.306663 0.0425973 0.00169635 0
 0.582887 0.30429 0.105238 0.00758474 0
 0.465427 0.430635 0.0974691 0.00646863 0
 0.296916 0.608066 0.0921331 0.00288517 0
 0.311714 0.524322 0.152257 0.0117073 0
 0.15457 0.633149 0.183074 0.0267441 0.00246327
 0.131901 0.49318 0.331252 0.0422183 0.00144891
 0.196976 0.569456 0.194076 0.0375587 0.00193317
 0.518974 0.381816 0.0799577 0.0180837 0.00116848
 0.0928022 0.601141 0.25162 0.0475244 0.00691264
 0.122501 0.610282 0.24278 0.0234846 0.000952079
 0.383417 0.481906 0.127806 0.00687128 0
 0.0376549 0.599619 0.316969 0.0457579 0
 0.0361596 0.667082 0.258105 0.0386534 0
 0.158088 0.579412 0.248529 0.0139706 0
 0.0477256 0.309471 0.559284 0.082774 0.000745712
 0.0406174 0.521527 0.379366 0.0568643 0.0016247
 0.151134 0.462217 0.34131 0.0453401 0
 0.294876 0.26143 0.354403 0.0886775 0.000613685
 0.281977 0.475581 0.204845 0.0348837 0.00271318
 0.0841818 0.532909 0.334909 0.0458182 0.00218182
 0.115287 0.27431 0.454777 0.147771 0.00785563
 0 0 0 0 0
pf_pred 
 0.0227003 0.639305 0.298589 0.0394036 2.40438e-06
 0.0616895 0.15655 0.553734 0.201614 0.0264124
 0.0159639 0.417547 0.117704 0.318622 0.130163
 0.156425 0.183221 0.348985 0.0653534 0.246015
 0.575929 0.30692 0.0331412 0.0446248 0.0393856
 0.094753 0.840517 0.0500705 0.00417031 0.0104893
 0.615803 0.252342 0.125875 0.00464092 0.00133809
 0.217147 0.761105 0.0165092 0.00500515 0.000234026
 0.55752 0.378268 0.0631523 0.000807868 0.000252133
 0.255123 0.723709 0.0193909 0.00174792 2.87641e-05
 0.133882 0.695208 0.167453 0.00316924 0.00028731
 0.290339 0.518787 0.165074 0.0252859 0.000514601
 0.209543 0.703877 0.0705195 0.0139177 0.00214292
 0.311049 0.594783 0.0878993 0.00512203 0.00114665
 0.308674 0.677489 0.0131113 0.000678879 4.67866e-05
 0.198391 0.771901 0.0294611 0.000234195 1.25934e-05
 0.150042 0.668184 0.177281 0.00445579 3.68434e-05
 0.34962 0.501536 0.127219 0.0210988 0.000526869
 0.424592 0.537394 0.032601 0.00463908 0.000774234
 0.154072 0.785968 0.0574508 0.00215687 0.000352769
 0.384979 0.43914 0.167336 0.00819182 0.000353414
 0.329891 0.59305 0.0600545 0.0161862 0.000817855
 0.190391 0.684701 0.114303 0.00828308 0.00232147
 0.307319 0.495328 0.1742 0.0212056 0.00194851
 0.0229913 0.817445 0.124124 0.0313186 0.00412078
 0.253533 0.146871 0.524184 0.0587818 0.0166299
 0.0290396 0.830006 0.0369444 0.0910584 0.0129511
pobs_RECLAS
 0 0 0 0 0
 0 0 0 0 0
 0 0 0 0 0
 0 0 0 0 0
 0.835266 0.146461 0.0176864 0.000547809 3.91292e-05
 0.385257 0.428462 0.181853 0.0044286 0
 0.867414 0.0963971 0.0333333 0.00285562 0
 0.441836 0.489002 0.0689373 0.000224442 0
 0.779404 0.147425 0.0564933 0.0165055 0.000172143
 0.814271 0.122319 0.05973 0.00367925 0
 0.40263 0.566651 0.0304383 0.000280538 0
 0.475488 0.404961 0.113038 0.00651328 0
 0.955842 0.0263864 0.0167828 0.000988607 0
 0.975058 0.0227948 0.00214734 0 0
 0.738997 0.206755 0.0527124 0.00153531 0
 0.850938 0.134255 0.0134407 0.00136685 0
 0.542534 0.407297 0.0501686 0 0
 0.764087 0.199537 0.0359546 0.000420521 0
 0.470689 0.182191 0.310203 0.0369168 0
 0.84361 0.089868 0.0606195 0.00523954 0.000663233
 0.607945 0.314616 0.071237 0.00620181 0
 0.523733 0.453247 0.0230204 0 0
 0.530135 0.295979 0.169645 0.0042399 0
 0.562478 0.366248 0.0663022 0.0049721 0
 0.250443 0.683176 0.0655157 0.000865301 0
 0.195077 0.31981 0.436473 0.0351445 0.0134964
 0.565238 0.351407 0.0832357 0.000118908 0
ppred_RECLAS
 0.0539278 0.537649 0.353595 0.0548242 3.47092e-06
 0.117995 0.105237 0.522765 0.223609 0.0303935
 0.0367052 0.310012 0.118301 0.375731 0.15925
 0.282316 0.111145 0.29181 0.0641569 0.250573
 0.767399 0.144284 0.0219116 0.0346632 0.031742
 0.249321 0.678423 0.0534265 0.00521657 0.0136127
 0.82666 0.102453 0.0671188 0.00290035 0.000867577
 0.481928 0.498787 0.0140517 0.00499107 0.00024211
 0.816456 0.151279 0.0316379 0.000473571 0.000153332
 0.501586 0.478816 0.0176936 0.00187253 3.19709e-05
 0.316301 0.514335 0.16535 0.00366988 0.000345168
 0.548616 0.301281 0.126844 0.0227784 0.000480946
 0.466724 0.458064 0.0593109 0.0137117 0.00219029
 0.719183 0.240991 0.0367581 0.00248981 0.000578146
 0.68113 0.311736 0.00670115 0.000404325 2.89049e-05
 0.431989 0.539909 0.0278283 0.000259528 1.4479e-05
 0.347654 0.478777 0.168559 0.00496721 4.26117e-05
 0.639849 0.259613 0.0838379 0.0162786 0.000421723
 0.701684 0.272221 0.0218237 0.00364054 0.000630356
 0.353433 0.58549 0.0580837 0.00255875 0.000434193
 0.6259 0.240256 0.126262 0.00725693 0.000324828
 0.580421 0.353557 0.0495265 0.0156738 0.000821678
 0.392241 0.483297 0.112143 0.0095436 0.00277513
 0.539142 0.294854 0.143532 0.0205162 0.0019559
 0.0597256 0.732868 0.155151 0.0459787 0.00627675
 0.436049 0.0838536 0.410246 0.0540007 0.0158504
 0.0912664 0.730943 0.0412419 0.118991 0.0175576
pobs_PELACES
 0 0 0 0 0
 0 0 0 0 0
 0 0 0 0 0
 0 0 0 0 0
 0 0 0 0 0
 0 0 0 0 0
 0 0 0 0 0
 0 0 0 0 0
 0 0 0 0 0
 0 0 0 0 0
 0.450072 0.473896 0.0757376 0.000293798 0
 0 0 0 0 0
 0.463077 0.371075 0.160297 0.00555027 0
 0.529543 0.364841 0.0842815 0.0213345 0
 0.631943 0.363953 0.00410389 0 0
 0.735681 0.248677 0.0153453 0.000297389 0
 0.695825 0.281241 0.0229344 0 0
 0.275771 0.60734 0.115278 0.00161068 0
 0 0 0 0 0
 0.896147 0.0623911 0.0374545 0.00400742 0
 0.803859 0.145111 0.0509908 3.86294e-05 0
 0.739449 0.233085 0.0266225 0.000797448 4.60066e-05
 0.878498 0.100942 0.0204185 0.000141795 0
 0.694673 0.275183 0.0284847 0.00165964 0
 0.469039 0.446079 0.0841089 0.000773354 0
 0.822795 0.102175 0.0682046 0.00682512 0
 0 0 0 0 0
ppred_PELACES
 0.10033 0.593107 0.269447 0.0371129 2.28752e-06
 0.249596 0.127981 0.435217 0.165328 0.0218777
 0.105713 0.404231 0.0984964 0.277189 0.114371
 0.540132 0.105995 0.18275 0.0356341 0.135489
 0.868207 0.0953601 0.00996027 0.0139955 0.0124773
 0.458269 0.509276 0.0248508 0.00214788 0.00545628
 0.934419 0.0460936 0.0185707 0.00071018 0.0002068
 0.712207 0.281392 0.00481626 0.00151333 7.14619e-05
 0.934296 0.0584187 0.00716072 9.47072e-05 2.98495e-05
 0.671107 0.320369 0.00778156 0.000730396 1.21404e-05
 0.545553 0.376876 0.0759417 0.00149256 0.000136661
 0.773158 0.174024 0.0454453 0.00722434 0.000148491
 0.712417 0.262213 0.0205211 0.00419606 0.000652486
 0.933029 0.061889 0.00473601 0.000282009 6.37359e-05
 0.900323 0.0984909 0.00112221 5.96312e-05 4.14939e-06
 0.633729 0.35454 0.0116298 9.60925e-05 5.21894e-06
 0.588423 0.336014 0.0736255 0.00192085 1.60413e-05
 0.849572 0.122692 0.0235858 0.00404852 0.000102099
 0.856582 0.135528 0.00672956 0.000993709 0.000167497
 0.552518 0.419593 0.0266761 0.00104139 0.000172032
 0.792528 0.152127 0.0525495 0.00267873 0.000116729
 0.742043 0.230339 0.0213256 0.00598679 0.000305544
 0.568611 0.368768 0.0570901 0.00431116 0.00122045
 0.72338 0.202395 0.0651918 0.00826639 0.000767215
 0.113273 0.748567 0.106442 0.0279965 0.00372082
 0.697979 0.0648025 0.206267 0.0240724 0.0068787
 0.239372 0.672531 0.0224933 0.057364 0.00823951
pobs_pel_tallas
 0 0 0 0 0 0 0 0 0 0 0 0 0 0 0 0 0 0 0 0 0 0 0 0 0 0 0 0 0 0 0 0 0 0 0 0
 0 0 0 0 0 0 0 0 0 0 0 0 0 0 0 0 0 0 0 0 0 0 0 0 0 0 0 0 0 0 0 0 0 0 0 0
 0 0 0 0 0 0 0 0 0 0 0 0 0 0 0 0 0 0 0 0 0 0 0 0 0 0 0 0 0 0 0 0 0 0 0 0
 0 0 0 0 0 0 0 0 0 0 0 0 0 0 0 0 0 0 0 0 0 0 0 0 0 0 0 0 0 0 0 0 0 0 0 0
 0 0 0 0 0 0 0 0 0 0 0 0 0 0 0 0 0 0 0 0 0 0 0 0 0 0 0 0 0 0 0 0 0 0 0 0
 0 0 0 0 0 0 0 0 0 0 0 0 0 0 0 0 0 0 0 0 0 0 0 0 0 0 0 0 0 0 0 0 0 0 0 0
 0 0 0 0 0 0 0 0 0 0 0 0 0 0 0 0 0 0 0 0 0 0 0 0 0 0 0 0 0 0 0 0 0 0 0 0
 0 0 0 0 0 0 0 0 0 0 0 0 0 0 0 0 0 0 0 0 0 0 0 0 0 0 0 0 0 0 0 0 0 0 0 0
 0 0 0 0 0 0 0 0 0 0 0 0 0 0 0 0 0 0 0 0 0 0 0 0 0 0 0 0 0 0 0 0 0 0 0 0
 0 0 0 0 0 0 0 0 0 0 0 0 0 0 0 0 0 0 0 0 0 0 0 0 0 0 0 0 0 0 0 0 0 0 0 0
 0 0 0 0 0 0 0 0 1.78061e-05 0.00172719 0.00360574 0.0105946 0.0120993 0.0124554 0.0147524 0.0171206 0.0266825 0.0428682 0.0675386 0.121331 0.153587 0.119568 0.100827 0.0573624 0.0630603 0.0341343 0.0324427 0.0444173 0.0211091 0.0280891 0.0125444 0.00206551 0 0 0 0
 0 0 0 0 0 0 0 0 0 0 0 0 0 0 0 0 0 0 0 0 0 0 0 0 0 0 0 0 0 0 0 0 0 0 0 0
 0 0 0 0 0 0 0.0133647 0.0140871 0.0187388 0.0205184 0.03894 0.0496705 0.03968 0.0493445 0.0407372 0.0367815 0.0215668 0.0243155 0.0234873 0.0199281 0.019796 0.0243948 0.0301388 0.0376714 0.0412746 0.0863199 0.0771752 0.113111 0.0741005 0.0525337 0.0229764 0.00759418 0.00175318 0 0 0
 0 0 0 0 0 0 0 0 0 0 0.00219441 0.00772107 0.0458388 0.0604681 0.0671733 0.0775358 0.0609151 0.0617685 0.073594 0.0568108 0.0755445 0.0548602 0.0670107 0.0636378 0.0643287 0.046367 0.0373049 0.0286899 0.0247887 0.0153202 0.00654259 0.00121912 0.000365735 0 0 0
 0 0 0 0 0 0 0 0 0 0 0 0 0.000112435 0.00938835 0.0111873 0.0202946 0.0414886 0.0713402 0.111592 0.104902 0.108894 0.110636 0.117776 0.105296 0.107544 0.0401394 0.0192827 0.0124803 0.00416011 0.0028671 0.000618394 0 0 0 0 0
 0 0 0 0 0 0 0 0 0 0 0.00291406 0.0102884 0.027416 0.0768956 0.0749926 0.110853 0.0956884 0.0897413 0.0766577 0.0534642 0.0500743 0.0551293 0.0594112 0.0620874 0.0668451 0.0424026 0.0208742 0.0120726 0.0048766 0.00582813 0.00118941 0.000297354 0 0 0 0
 0 0.00264628 0.0354308 0.0461629 0.0458689 0.0383711 0.0214643 0.0164657 0.0346957 0.0420465 0.0363128 0.0245516 0.0311673 0.0291091 0.0169068 0.0133784 0.00837989 0.0085269 0.0148486 0.0160247 0.0276389 0.0546898 0.0760071 0.122758 0.109233 0.0665981 0.0333725 0.0166128 0.00676272 0.00308733 0.000882094 0 0 0 0 0
 0 0 0 0 0 0 0 0.000805153 0.000690131 0.00759144 0.0133425 0.0154129 0.00931677 0.000345066 0.00356568 0.00563607 0.00851162 0.0253048 0.0502646 0.0516448 0.0657925 0.0565908 0.0611916 0.0827007 0.0866115 0.110766 0.145733 0.0935128 0.0569358 0.0249597 0.0138026 0.00621118 0.00161031 0.00115022 0 0
 0 0 0 0 0 0 0 0 0 0 0 0 0 0 0 0 0 0 0 0 0 0 0 0 0 0 0 0 0 0 0 0 0 0 0 0
 0.00147267 0.00158595 0.00478618 0.00569244 0.00954404 0.0108468 0.00647125 0.017049 0.0510054 0.094081 0.124002 0.0959785 0.0687766 0.0820023 0.061753 0.0591476 0.0492212 0.0479892 0.0443925 0.0268479 0.0217502 0.0140895 0.0121071 0.0120363 0.00920419 0.00665534 0.0049561 0.00860946 0.00930331 0.0156896 0.0114698 0.00855282 0.00243557 0.00046729 0 2.83206e-05
 0 0 0 0 0.000772559 0.00158375 0.000888443 0.00281984 0.00712685 0.0440552 0.0773331 0.111326 0.0921469 0.0852325 0.0710754 0.0886704 0.0786465 0.0553345 0.0373146 0.0185414 0.00753245 0.00457741 0.012979 0.0271748 0.0457355 0.0583668 0.034881 0.0177882 0.00938659 0.00492506 0.0015258 0.00185414 0.000309023 5.79419e-05 3.86279e-05 0
 0 0.00173294 0.00326652 0 0.00397197 0.00683976 0.00946217 0.0152591 0.00757587 0.0136028 0.0228656 0.0392903 0.0559909 0.0764795 0.0681675 0.0726916 0.0566044 0.0477403 0.0527397 0.0444891 0.0609904 0.0582453 0.0661739 0.0445044 0.0529084 0.0360697 0.0280645 0.0235558 0.0158879 0.00826598 0.00280645 0.00217768 0.000904811 0.00058276 9.20147e-05 0
 0 0 0 0 0 0 0 0 0 0 0 0 0 0 0 0 0 0 0 0 0 0 0 0 0 0 0 0 0 0 0 0 0 0 0 0
 0 0 0 0 0 0 0 0 0 0 0 0 0 0 0 0 0 0 0 0 0 0 0 0 0 0 0 0 0 0 0 0 0 0 0 0
 0 0 0 0 0 0 0 0 0 0 0 0 0 0 0 0 0 0 0 0 0 0 0 0 0 0 0 0 0 0 0 0 0 0 0 0
 0 0 0 0 0 0 0 0 0 0 0 0 0 0 0 0 0 0 0 0 0 0 0 0 0 0 0 0 0 0 0 0 0 0 0 0
 0 0 0 0 0 0 0 0 0 0 0 0 0 0 0 0 0 0 0 0 0 0 0 0 0 0 0 0 0 0 0 0 0 0 0 0
ppred_pel_tallas
 1.05294e-16 4.4122e-06 2.58088e-05 0.000122501 0.000471331 0.00146953 0.00371254 0.00760106 0.0126175 0.0169992 0.0186415 0.0167835 0.0127572 0.00894651 0.00715288 0.00795247 0.0111467 0.0163852 0.0233782 0.0317878 0.0410756 0.0504607 0.0590023 0.0657695 0.0700374 0.0714402 0.0700341 0.0662458 0.0607379 0.0542366 0.0473839 0.0406514 0.0343258 0.0285436 0.02335 0.0187494
 1.12923e-16 1.09023e-05 6.39534e-05 0.000303939 0.00117007 0.00364863 0.00921621 0.0188585 0.031264 0.0419987 0.0457345 0.0404167 0.029098 0.0173227 0.00905855 0.00513639 0.00447308 0.00578866 0.00834556 0.0118684 0.0162634 0.0214369 0.0272266 0.0333932 0.0396366 0.0456184 0.050987 0.0553999 0.0585487 0.0601871 0.0601611 0.0584376 0.0551226 0.0504574 0.0447945 0.0385515
 1.16399e-16 4.63825e-06 2.71557e-05 0.000128949 0.00049623 0.00154723 0.00390859 0.00800068 0.0132743 0.0178643 0.0195381 0.0174677 0.0130146 0.00862794 0.00612376 0.00601385 0.00799876 0.0116531 0.0166863 0.0228615 0.0298535 0.0371925 0.0443048 0.0506155 0.0556678 0.0592114 0.0612312 0.0619025 0.0614992 0.0602873 0.0584481 0.0560524 0.0530869 0.049511 0.0453188 0.0405794
 1.10184e-16 2.35693e-05 0.000138324 0.000657514 0.00253144 0.00789402 0.0199396 0.0407992 0.0676294 0.0908251 0.0988377 0.0871868 0.0624223 0.0364548 0.0177448 0.00792276 0.00444214 0.00431303 0.00573235 0.00794958 0.0107008 0.0138489 0.0172533 0.0207506 0.0241698 0.0273503 0.0301531 0.0324615 0.0341758 0.0352097 0.0354927 0.0349808 0.0336725 0.0316203 0.0289355 0.02578
 1.01237e-16 3.78744e-05 0.000222308 0.00105679 0.00406875 0.0126881 0.0320489 0.0655755 0.108695 0.145965 0.158813 0.140022 0.100097 0.0581434 0.0277054 0.0113294 0.00483151 0.00330556 0.00375592 0.00489746 0.00626244 0.00763531 0.00885152 0.00976713 0.0102788 0.0103458 0.00999772 0.00932316 0.00844399 0.00748432 0.00654438 0.00568642 0.00493408 0.00428193 0.00370941 0.00319366
 1.00848e-16 2.0016e-05 0.000117426 0.00055808 0.00214846 0.0066996 0.0169231 0.0346301 0.0574152 0.0771432 0.0840424 0.0743579 0.0537218 0.0323484 0.0175583 0.0108962 0.0103477 0.0134536 0.0186291 0.0249932 0.0318667 0.0385023 0.0440744 0.0478122 0.0491727 0.0479721 0.0444329 0.03912 0.0327982 0.0262534 0.0201385 0.0148819 0.01067 0.00748992 0.00520116 0.00360964
 1.00313e-16 4.07596e-05 0.000239252 0.00113735 0.00437894 0.0136554 0.0344923 0.0705744 0.11698 0.157085 0.170898 0.150645 0.107621 0.0623717 0.0294538 0.0115824 0.00422968 0.00209813 0.00196223 0.00246117 0.00314113 0.00384366 0.00447738 0.00496753 0.00525843 0.00532343 0.00516956 0.00483325 0.00436947 0.0038379 0.00329093 0.00276658 0.00228713 0.00186189 0.00149197 0.00117458
 1.00216e-16 3.10796e-05 0.0001824 0.000867022 0.00333804 0.0104093 0.0262933 0.0538004 0.0891834 0.119781 0.130372 0.11506 0.0824994 0.0484208 0.0240089 0.011439 0.00736169 0.00780614 0.010308 0.0137174 0.0174529 0.0210516 0.0240476 0.0260148 0.0266561 0.0258755 0.0238035 0.0207613 0.0171806 0.0135038 0.0100972 0.00719989 0.00491372 0.00322687 0.0020547 0.00128155
 1.00126e-16 4.07547e-05 0.000239222 0.0011372 0.00437838 0.0136537 0.0344879 0.0705655 0.116965 0.157066 0.17088 0.150636 0.107627 0.0624023 0.0295182 0.0116942 0.00440648 0.00235946 0.00232517 0.00293449 0.00371924 0.00450194 0.0051709 0.00563447 0.00582838 0.005729 0.00535857 0.00477844 0.00407305 0.00333018 0.00262358 0.00200277 0.00149104 0.00108991 0.000786909 0.000563449
 1.00241e-16 2.9289e-05 0.000171884 0.00081702 0.0031455 0.0098089 0.0247767 0.0506977 0.0840418 0.11288 0.122874 0.108474 0.0778454 0.0458265 0.0229772 0.0113717 0.00787731 0.0087682 0.011722 0.015631 0.0198956 0.0240035 0.0274267 0.0296802 0.0304246 0.0295498 0.0272027 0.0237476 0.0196748 0.0154872 0.0116017 0.00829131 0.00567307 0.0037352 0.0023831 0.00148663
 1.01259e-16 2.38168e-05 0.000139752 0.000664245 0.00255726 0.00797447 0.0201432 0.0412176 0.0683303 0.0917887 0.0999447 0.088302 0.0635229 0.0377046 0.01948 0.0105928 0.00855522 0.0103841 0.0142055 0.0190839 0.0244372 0.0296989 0.0342551 0.0375252 0.0390851 0.0387641 0.0366819 0.0332073 0.0288588 0.0241815 0.0196387 0.0155483 0.0120699 0.00923225 0.00698016 0.00522064
 1.00958e-16 3.37331e-05 0.000197988 0.00094115 0.00362348 0.0112995 0.0285416 0.0584 0.0968043 0.130005 0.14147 0.124784 0.0893172 0.0521121 0.0252644 0.0110833 0.00588413 0.00532787 0.00675132 0.00897605 0.0115059 0.0140279 0.0162499 0.0179016 0.018783 0.0188077 0.0180203 0.016578 0.0147067 0.0126453 0.0105986 0.00870855 0.00704943 0.00564029 0.00446551 0.00349459
 1.00552e-16 3.1088e-05 0.000182451 0.000867268 0.00333899 0.0104123 0.0263008 0.0538156 0.0892082 0.119813 0.130402 0.115077 0.0824909 0.0483739 0.0239084 0.0112637 0.00708408 0.00739534 0.00973685 0.0129714 0.0165399 0.0200092 0.0229454 0.0249492 0.0257374 0.0252106 0.0234763 0.0208177 0.017621 0.0142847 0.0111409 0.00840972 0.0061897 0.00447952 0.0032142 0.00230175
 1.00101e-16 4.06996e-05 0.000238898 0.00113566 0.00437245 0.0136352 0.0344412 0.07047 0.116807 0.156854 0.17065 0.150435 0.107488 0.0623294 0.0294988 0.0117126 0.00445445 0.00243635 0.00243419 0.00307856 0.00389806 0.00471019 0.00539768 0.00586406 0.00604235 0.0059092 0.00549038 0.00485329 0.0040897 0.00329438 0.00254644 0.00189833 0.00137364 0.000972135 0.000678251 0.000469829
 1.00051e-16 3.92749e-05 0.000230531 0.00109588 0.00421925 0.0131574 0.0332344 0.0680011 0.112716 0.151364 0.164686 0.145199 0.103794 0.0602823 0.0287084 0.0117098 0.00494401 0.00331868 0.0037212 0.00481188 0.00609822 0.00734985 0.0083911 0.00907102 0.00928562 0.00900175 0.00826569 0.00719065 0.00592857 0.00463505 0.00343895 0.0024243 0.00162676 0.0010419 0.000639557 0.000378501
 1.00285e-16 2.76606e-05 0.000162321 0.000771546 0.00297041 0.00926286 0.0233975 0.047876 0.0793658 0.106604 0.116055 0.102483 0.0736108 0.043463 0.0220318 0.0112987 0.00832784 0.00961601 0.0129703 0.0173222 0.0220571 0.0266196 0.0304278 0.0329443 0.0337927 0.0328493 0.0302746 0.0264695 0.0219744 0.0173444 0.0130404 0.00936458 0.00644802 0.00427963 0.00275712 0.00173884
 1.01222e-16 2.56845e-05 0.00015072 0.0007164 0.00275808 0.00860075 0.021725 0.0444539 0.0736934 0.0989865 0.107765 0.0951713 0.068377 0.0404102 0.0205552 0.0106615 0.00801519 0.00937745 0.0127265 0.0170827 0.0218836 0.0266143 0.0307257 0.0336991 0.0351541 0.0349347 0.0331429 0.0301017 0.0262683 0.0221238 0.0180788 0.014416 0.0112796 0.00869909 0.00663017 0.00499554
 1.00519e-16 3.7063e-05 0.000217542 0.00103412 0.00398147 0.0124159 0.0313615 0.0641692 0.106365 0.142839 0.155418 0.137046 0.098006 0.0570027 0.0273007 0.0114047 0.00523295 0.00399319 0.00475353 0.00624268 0.00797366 0.00969234 0.0111865 0.012266 0.0127927 0.0127113 0.0120602 0.0109584 0.00957306 0.00807954 0.00662625 0.00531431 0.00419377 0.00327276 0.00253301 0.00194492
 1.00182e-16 3.73691e-05 0.000219338 0.00104266 0.00401434 0.0125184 0.0316204 0.0646989 0.107244 0.144019 0.156705 0.138186 0.0988328 0.0575069 0.0275851 0.0115961 0.00542685 0.00424507 0.00509021 0.00667048 0.00847915 0.0102403 0.0117198 0.0127105 0.0130674 0.0127415 0.011792 0.0103695 0.00867792 0.00692685 0.00529072 0.00388421 0.00275766 0.00190809 0.00129849 0.000877236
 1.0056e-16 2.41221e-05 0.00014154 0.000672741 0.00258996 0.00807643 0.0204008 0.041745 0.0692055 0.0929672 0.101235 0.0894602 0.0643945 0.0382987 0.0199263 0.0110546 0.00917249 0.0112598 0.0154067 0.0206362 0.0263117 0.0317988 0.0364133 0.0395178 0.040662 0.0396915 0.0367856 0.0324066 0.0271823 0.0217598 0.0166785 0.012295 0.00876797 0.00609248 0.00415842 0.0028102
 1.00894e-16 3.45769e-05 0.000202944 0.000964713 0.00371422 0.0115825 0.0292563 0.0598621 0.0992272 0.133257 0.145002 0.127885 0.0915052 0.0533248 0.0257332 0.0110864 0.00559678 0.00480994 0.00599696 0.00796223 0.0102224 0.0124928 0.0145156 0.0160518 0.0169216 0.0170425 0.0164446 0.0152558 0.0136654 0.0118764 0.0100654 0.00835847 0.0068264 0.00549455 0.00435931 0.00340377
 1.00598e-16 3.23786e-05 0.000190031 0.000903308 0.00347777 0.0108451 0.0273939 0.0560519 0.092914 0.124786 0.135805 0.119821 0.085839 0.050232 0.0246309 0.0112772 0.00665759 0.00662094 0.00860514 0.0114452 0.0145996 0.0176765 0.0202932 0.0220982 0.0228414 0.0224331 0.0209642 0.0186796 0.0159138 0.0130132 0.0102667 0.00786597 0.005898 0.00436351 0.00320864 0.00235658
 1.01136e-16 2.48218e-05 0.000145653 0.000692302 0.00266529 0.00831137 0.0209941 0.0429587 0.0712159 0.0956625 0.104156 0.0920082 0.0661565 0.0392023 0.020133 0.0107534 0.00845792 0.0101267 0.0138027 0.0185168 0.0236812 0.028736 0.0330799 0.0361482 0.0375322 0.037075 0.0349059 0.0313989 0.0270738 0.0224725 0.0180522 0.0141217 0.0108297 0.00819256 0.00614214 0.00457365
 1.01312e-16 3.15637e-05 0.000185249 0.000880582 0.00339027 0.0105722 0.0267047 0.0546416 0.0905756 0.121644 0.132382 0.116791 0.0836487 0.0489104 0.0239101 0.0108279 0.00623635 0.00609126 0.00790573 0.0105653 0.0135739 0.0165878 0.0192712 0.0213085 0.0224622 0.0226245 0.0218374 0.0202725 0.0181816 0.015834 0.0134623 0.0112308 0.00922974 0.00748895 0.00600049 0.00473999
 1.02891e-16 4.98246e-06 2.91434e-05 0.000138325 0.000532207 0.00165933 0.00419215 0.00858347 0.0142499 0.0192033 0.0210712 0.0190007 0.0145053 0.0102895 0.0084024 0.00950754 0.0133843 0.0196203 0.0278413 0.0375799 0.0481067 0.0583973 0.0672547 0.0735389 0.0764244 0.0755946 0.0713123 0.0643336 0.0557067 0.046522 0.0376949 0.0298393 0.0232448 0.0179352 0.013768 0.0105313
 1.04098e-16 3.04509e-05 0.000178728 0.000849605 0.00327105 0.0102005 0.0257655 0.0527189 0.0873852 0.117349 0.127681 0.112582 0.080498 0.0467958 0.0223735 0.00929412 0.00421862 0.00323802 0.00399045 0.00549824 0.00744349 0.00970272 0.0121704 0.0147188 0.0172015 0.019467 0.0213717 0.0227907 0.0236255 0.0238124 0.0233295 0.0222031 0.0205104 0.0183742 0.0159506 0.013409
 1.02895e-16 1.04776e-05 6.14123e-05 0.000291752 0.00112297 0.00350162 0.00884551 0.018104 0.0300278 0.0403823 0.0440911 0.0392414 0.0288535 0.0183784 0.0117942 0.0100884 0.0123851 0.0175221 0.0246768 0.0332204 0.0424281 0.0513617 0.0589479 0.0641779 0.0663376 0.0651809 0.0609887 0.0544851 0.0466486 0.0384794 0.0308001 0.0241398 0.0187175 0.0145016 0.0113082 0.00889777
pSPR Fmed_Fpbrs
0.503596   0.6 0.325
Fs Fmed_Fpbrs
0.64   0.425522 1.45596
SSBpbr Bo_Bmed_Bpbrs
568400  257824  312620 156310
Ro
18033.7
SPR SPRFo_SPRFmed_SPRFpbrs
372473 187576 121054
log_Ro
9.62
likeval ReclasPelacesDesembMPH_pf_preclas_ppelaces_ptallas_desvR_qrecl_qpela
 91.4635 10.7448 0.314096 92.8782 396.023 236.933 62.1035 0 44.4654 0.000111073 0.00028913 1.26483e-15 0 0 0
q_reclas_q_pelaces
4.45238 11.2361
M
0.7
N
 11723.5 39271.7 14837.5 1946.1 0.118731
 18200.5 5715.44 16534.2 5985.48 784.01
 2053.34 8769.42 2165.72 5841.49 2386.14
 5249.88 903.348 1471.07 274.287 1032.41
 37077.9 2395.78 210.394 281.618 248.516
 11174.5 17974.1 958.722 79.6162 200.239
 62051.7 4726.97 2121.45 77.9977 22.487
 38354.4 25992.6 510.977 154.515 7.22417
 108125 15812.9 2436.85 31.109 9.70849
 102444 42534.2 973.494 87.3684 1.43759
 51694.7 46808 10016.2 188.966 17.1295
 68751.6 22198.3 6320.09 965.242 19.6424
 44113.2 29122.4 2652.06 522.101 80.3834
 30438.6 18064.5 2569.72 149.599 33.4893
 16044.2 9773.48 180.283 9.32354 0.642534
 8608.5 5534.93 185.558 1.46988 0.0790328
 4739.87 3770.87 893.177 22.3813 0.185049
 6826.73 2016.65 468.719 77.5592 1.93666
 11924.7 2740.52 148.901 21.1264 3.5256
 6133.54 5041.63 321.909 12.0409 1.96918
 16238.7 2711.24 882.506 43.0138 1.8555
 28816.5 7419.56 638.392 171.283 8.65352
 26742.5 13261.4 1863.24 134.369 37.6543
 54220.2 12459.5 3718.95 450.645 41.4032
 5239.12 24989.6 3171.12 796.083 104.732
 27912.3 2462.34 7578.15 846.346 239.414
 2111.2 12583.9 514.303 1264.83 179.884
pred_Ctot
 154.059 4338.74 2026.42 267.418 0.0163177
 389.787 989.168 3498.79 1273.9 166.887
 169.626 4436.7 1250.68 3385.56 1383.07
 307.401 360.06 685.812 128.43 483.46
 635.579 338.708 36.5738 49.2467 43.4649
 1201.67 10659.5 634.998 52.8882 133.026
 7051.25 2889.44 1441.33 53.1408 15.3218
 4733.15 16589.8 359.851 109.097 5.10106
 16379.4 11113.1 1855.35 23.7344 7.40741
 5914.39 16777.4 449.53 40.5211 0.666822
 5071.26 26333.6 6342.91 120.047 10.8829
 7335.07 13106.5 4170.4 638.817 13.0008
 5625.47 18896.5 1893.19 373.639 57.5297
 7931.73 15167 2241.43 130.612 29.2395
 3596.99 7894.83 152.787 7.91102 0.545207
 735.175 2860.43 109.174 0.867855 0.0466674
 492.564 2193.55 581.987 14.6277 0.120951
 952.263 1366.04 346.507 57.4669 1.43504
 1286.34 1628.08 98.7676 14.0545 2.34561
 487.821 2488.52 181.9 6.82907 1.11693
 937.628 1069.54 407.551 19.9514 0.860749
 1525.03 2741.57 277.622 74.8262 3.78081
 1192.53 4288.7 715.951 51.8819 14.5408
 2814.88 4536.94 1595.58 194.232 17.8473
 202.417 7196.82 1092.79 275.73 36.2795
 1859.67 1077.3 3844.89 431.164 121.98
 301.428 8615.38 383.48 945.177 134.431
F
 0.0184219 0.165072 0.20782 0.20922 0.209257
 0.0301783 0.270417 0.340447 0.34274 0.3428
 0.121116 1.08528 1.36633 1.37554 1.37578
 0.0844943 0.757124 0.953195 0.959616 0.959783
 0.0240903 0.215865 0.271766 0.273597 0.273645
 0.160349 1.43683 1.80892 1.82111 1.82142
 0.170157 1.52472 1.91957 1.9325 1.93283
 0.186047 1.6671 2.09883 2.11297 2.11334
 0.232984 2.08769 2.62833 2.64604 2.6465
 0.0832646 0.746105 0.939322 0.94565 0.945815
 0.145338 1.30232 1.63958 1.65063 1.65091
 0.158993 1.42468 1.79363 1.80571 1.80602
 0.192811 1.72771 2.17513 2.18978 2.19017
 0.436037 3.90718 4.91901 4.95215 4.95301
 0.364266 3.26406 4.10935 4.13703 4.13775
 0.125443 1.12405 1.41514 1.42467 1.42492
 0.154571 1.38506 1.74374 1.75549 1.7558
 0.212698 1.90591 2.39948 2.41564 2.41606
 0.160885 1.44164 1.81497 1.8272 1.82752
 0.116366 1.04272 1.31275 1.32159 1.32182
 0.0832761 0.746208 0.939452 0.94578 0.945945
 0.0760884 0.681801 0.858366 0.864148 0.864299
 0.0637696 0.571417 0.719395 0.724242 0.724368
 0.0745927 0.668399 0.841493 0.847162 0.847309
 0.0550396 0.493191 0.620912 0.625094 0.625203
 0.0966509 0.866055 1.09034 1.09768 1.09787
 0.218218 1.95538 2.46176 2.47834 2.47877
Np
 11595 5546.2 299.203 287.779 9.36175
YTP_r0W_actual
 458.751 56823.5 4100.89 12951.4 2044.35
YTP_p0W_proyectada
 2519.52 3805.98 7051.1 223.033 623.696
 2519.52 25044.3 2385.75 2946.76 106.395
CTP_r0_actual
 55.9453 2630.72 130.602 322.976 45.9405
CTP_p0_proyectada
 307.259 176.203 224.557 5.56193 14.0156
 307.259 1159.46 75.9793 73.4852 2.39089
Wmedp
 8.2 21.6 31.4 40.1 44.5
nmprior
 10.8 10.6 4.6 0
nm_flota  nm_reclas  nm_pelaces    nm_pelaL
inf 12.1495 12.5956 34.6982
cv_recla  cv_pelaces  cv_mph
0.828237 0.359079 0.386353
 ------------------------------------------------
Talla a la edad & desviaci?n 
 7.2 14.2025 17.0495 18.207 18.6776
 1.08 2.13037 2.55742 2.73105 2.80164
