years
 1997 1998 1999 2000 2001 2002 2003 2004 2005 2006 2007 2008 2009 2010 2011 2012 2013 2014 2015 2016 2017 2018 2019 2020 2021 2022 2023
reclasobs
 0 0 0 370054 412103 1.49427e+06 250295 1.28982e+06 931140 785840 897777 1.04006e+06 184774 17550 25797 100020 73551 82996 120727 218422 84188 347160 605670 569463 516374 1.08416e+06 1.01767e+06
reclaspred
 564576 147883 394135 231092 293255 305559 624291 455347 792317 907215 780655 539870 299285 125584 100166 88594.2 66355.5 79973.4 114633 169328 255794 309339 605620 672080 726515 542033 500373
pelacesobs
 0 0 0 0 0 0 0 0 0 2.06254e+06 1.5e+06 0 1.87456e+06 323000 250000 174000 83755 137374 0 501740 490994 745055 786931 1.00524e+06 1.33801e+06 1.41789e+06 0
pelacespred
 2.19875e+06 445162 714257 653966 748956 537700 1.63202e+06 1.2171e+06 2.30406e+06 2.32054e+06 1.67648e+06 1.22264e+06 669449 241756 208355 173578 135896 177827 247783 346446 670428 696359 1.09721e+06 1.4948e+06 1.4509e+06 1.21935e+06 1.12007e+06
mphobs
 0 0 0 0 0 0 112323 0 153150 637223 0 255016 313432 73983 77613 109348 50772 17779 17303 59886 28197 0 207744 136588 643089 65757 70829
mphpred
 193349 112430 124331 120031 111344 150269 186513 230868 244789 398231 405068 282723 170448 109646 58516.7 56019.3 41235.1 38241.1 22638.9 34553.5 50939 72290.3 117713 166769 186962 150652 112707
desembarqueobs
 350755 77701 442110 56441 14545 235359 269955 359681 431902 328805 639364 411747 362871 311530 167758 66681 60226 58785 57116 73181 50977 67692 138656 160484 209506 203330 245020
desembarquepred
 350768 77706.5 442188 56448.1 14545.7 235601 270029 359627 431750 328851 639551 411798 363420 311790 167642 66733 60334.5 58784 57077 73200.5 50978.5 67672 138674 160487 209646 203441 245029
Reclutas
 41715.7 47579.5 23340.9 26619.8 40207.7 27083.6 60661.6 66483.6 155212 120727 63744.5 47252.4 36213.3 31079.3 18902.5 9594.57 5802.4 10521 19019.6 16431.5 31655.4 61711.4 63310.3 73427.3 18734.3 28332.2 78464.9
log_desv_Rt
 0.178634 0.310157 -0.402039 -0.270589 0.141815 -0.253317 0.553065 0.644711 1.49255 1.24129 0.602638 0.303259 0.0371821 -0.115704 -0.612951 -1.29105 -1.79397 -1.19887 -0.606772 -0.753046 -0.0973367 0.570224 0.595804 0.744051 -0.621891 -0.208247 0.810407
SSB
 496718 288836 319409 308362 286045 386044 463705 584405 612683 1.00218e+06 1.04063e+06 726321 452881 200620 110817 106225 83701.8 74066.8 101230 162435 225692 311870 521526 706536 867840 724789 509401
BT
 1.74185e+06 427115 710587 493586 507716 545948 1.27018e+06 1.19765e+06 1.91673e+06 1.84378e+06 1.67462e+06 1.18369e+06 794883 447776 273216 169439 142014 165239 210284 284392 485998 521852 815880 1.12346e+06 1.1253e+06 992321 955115
Ftot
 0.670256 0.562448 0.955369 0.225547 0.0498312 0.611448 0.474522 0.851552 0.764007 0.357804 0.678748 0.638776 1.03508 2.26511 1.76236 0.636878 0.792879 0.80074 0.547636 0.398968 0.21214 0.223428 0.196186 0.21708 0.218544 0.297725 0.501632
BD_Bspro_t
 0.922501 0.674849 0.598512 0.410785 0.519456 0.650213 0.555477 0.57896 0.556163 0.619292 0.594572 0.434465 0.328642 0.202094 0.1384 0.15859 0.174792 0.210522 0.320847 0.489201 0.593105 0.722848 0.785015 0.783105 0.770198 0.680756 0.601296
BD_Bspro
 0.689256 0.400795 0.443218 0.42789 0.396922 0.535683 0.643446 0.810933 0.850171 1.39064 1.444 1.00786 0.628427 0.278384 0.153771 0.1474 0.116146 0.102777 0.140468 0.225398 0.313174 0.432757 0.72368 0.980403 1.20423 1.00573 0.706855
BD_Bo
 0.464449 0.270072 0.298659 0.28833 0.267463 0.360965 0.433581 0.54644 0.572881 0.937073 0.973026 0.679137 0.42346 0.187587 0.103618 0.0993245 0.0782642 0.0692551 0.0946535 0.151883 0.21103 0.29161 0.487646 0.660637 0.811462 0.677704 0.476308
BD_Brms
 0.844454 0.49104 0.543016 0.524236 0.486296 0.656301 0.788329 0.993527 1.0416 1.70377 1.76914 1.23479 0.769928 0.341067 0.188396 0.18059 0.142299 0.125918 0.172097 0.276151 0.383691 0.530199 0.886628 1.20116 1.47538 1.23219 0.866015
S_f
 0.151625 1 1 1 1
 0.151625 1 1 1 1
 0.151625 1 1 1 1
 0.151625 1 1 1 1
 0.151625 1 1 1 1
 0.151625 1 1 1 1
 0.151625 1 1 1 1
 0.151625 1 1 1 1
 0.151625 1 1 1 1
 0.151625 1 1 1 1
 0.151625 1 1 1 1
 0.151625 1 1 1 1
 0.151625 1 1 1 1
 0.151625 1 1 1 1
 0.151625 1 1 1 1
 0.151625 1 1 1 1
 0.151625 1 1 1 1
 0.151625 1 1 1 1
 0.151625 1 1 1 1
 0.151625 1 1 1 1
 0.151625 1 1 1 1
 0.151625 1 1 1 1
 0.151625 1 1 1 1
 0.151625 1 1 1 1
 0.151625 1 1 1 1
 0.151625 1 1 1 1
 0.151625 1 1 1 1
Scru_reclas
 0.674043 1 1 1 1
 0.674043 1 1 1 1
 0.674043 1 1 1 1
 0.674043 1 1 1 1
 0.674043 1 1 1 1
 0.674043 1 1 1 1
 0.674043 1 1 1 1
 0.674043 1 1 1 1
 0.674043 1 1 1 1
 0.674043 1 1 1 1
 0.674043 1 1 1 1
 0.674043 1 1 1 1
 0.674043 1 1 1 1
 0.674043 1 1 1 1
 0.674043 1 1 1 1
 0.674043 1 1 1 1
 0.674043 1 1 1 1
 0.674043 1 1 1 1
 0.674043 1 1 1 1
 0.674043 1 1 1 1
 0.674043 1 1 1 1
 0.674043 1 1 1 1
 0.674043 1 1 1 1
 0.674043 1 1 1 1
 0.674043 1 1 1 1
 0.674043 1 1 1 1
 0.674043 1 1 1 1
Scru_pelaces
 1 1 1 1 1
 1 1 1 1 1
 1 1 1 1 1
 1 1 1 1 1
 1 1 1 1 1
 1 1 1 1 1
 1 1 1 1 1
 1 1 1 1 1
 1 1 1 1 1
 1 1 1 1 1
 1 1 1 1 1
 1 1 1 1 1
 1 1 1 1 1
 1 1 1 1 1
 1 1 1 1 1
 1 1 1 1 1
 1 1 1 1 1
 1 1 1 1 1
 1 1 1 1 1
 1 1 1 1 1
 1 1 1 1 1
 1 1 1 1 1
 1 1 1 1 1
 1 1 1 1 1
 1 1 1 1 1
 1 1 1 1 1
 1 1 1 1 1
pf_obs 
 0.256992 0.487395 0.22802 0.0275931 0
 0.321318 0.546541 0.124235 0.00734118 0.000564706
 0.182869 0.594174 0.210203 0.0122559 0.00049798
 0.330522 0.361315 0.267642 0.0388342 0.00168674
 0.649043 0.306663 0.0425973 0.00169635 0
 0.582887 0.30429 0.105238 0.00758474 0
 0.465427 0.430635 0.0974691 0.00646863 0
 0.296916 0.608066 0.0921331 0.00288517 0
 0.311714 0.524322 0.152257 0.0117073 0
 0.15457 0.633149 0.183074 0.0267441 0.00246327
 0.131901 0.49318 0.331252 0.0422183 0.00144891
 0.196976 0.569456 0.194076 0.0375587 0.00193317
 0.518974 0.381816 0.0799577 0.0180837 0.00116848
 0.0928022 0.601141 0.25162 0.0475244 0.00691264
 0.122501 0.610282 0.24278 0.0234846 0.000952079
 0.383417 0.481906 0.127806 0.00687128 0
 0.0376549 0.599619 0.316969 0.0457579 0
 0.0361596 0.667082 0.258105 0.0386534 0
 0.158088 0.579412 0.248529 0.0139706 0
 0.0477256 0.309471 0.559284 0.082774 0.000745712
 0.0406174 0.521527 0.379366 0.0568643 0.0016247
 0.151134 0.462217 0.34131 0.0453401 0
 0.294876 0.26143 0.354403 0.0886775 0.000613685
 0.281977 0.475581 0.204845 0.0348837 0.00271318
 0.0841818 0.532909 0.334909 0.0458182 0.00218182
 0.115287 0.27431 0.454777 0.147771 0.00785563
 0 0 0 0 0
pf_pred 
 0.337745 0.468266 0.173583 0.0203958 9.68473e-06
 0.279394 0.5942 0.0893793 0.0331324 0.00389486
 0.148124 0.657318 0.160429 0.0241317 0.00999704
 0.221598 0.506896 0.209497 0.0511311 0.0108773
 0.247563 0.509186 0.158405 0.065468 0.0193777
 0.150489 0.585845 0.178427 0.0555077 0.0297312
 0.3526 0.396797 0.172822 0.0526353 0.0251452
 0.282797 0.587659 0.0793986 0.0345816 0.0155638
 0.457967 0.433672 0.0887886 0.0119962 0.00757639
 0.212842 0.70144 0.0685813 0.0140411 0.00309523
 0.127855 0.592883 0.248852 0.0243308 0.00607951
 0.153014 0.487678 0.244257 0.102523 0.0125285
 0.184661 0.506255 0.177964 0.0891349 0.0419847
 0.299199 0.502861 0.122903 0.0432044 0.0318318
 0.290908 0.644113 0.0466258 0.0113957 0.00695744
 0.181269 0.716329 0.0930181 0.00673337 0.00265044
 0.151322 0.566289 0.24707 0.032083 0.00323658
 0.34372 0.417953 0.159026 0.0693826 0.0099185
 0.387962 0.512889 0.0631434 0.0240253 0.0119806
 0.218614 0.660829 0.101027 0.0124377 0.0070923
 0.318412 0.471394 0.177764 0.0271763 0.00525361
 0.34034 0.510162 0.103394 0.0389904 0.0071131
 0.216022 0.620297 0.126586 0.0256552 0.0114396
 0.208378 0.527496 0.208981 0.0426474 0.0124974
 0.0543098 0.622652 0.215256 0.0852793 0.022503
 0.136089 0.255875 0.400337 0.1384 0.0692993
 0.365803 0.345967 0.0853686 0.133566 0.0692957
pobs_RECLAS
 0 0 0 0 0
 0 0 0 0 0
 0 0 0 0 0
 0 0 0 0 0
 0.835266 0.146461 0.0176864 0.000547809 3.91292e-05
 0.385257 0.428462 0.181853 0.0044286 0
 0.867414 0.0963971 0.0333333 0.00285562 0
 0.441836 0.489002 0.0689373 0.000224442 0
 0.779404 0.147425 0.0564933 0.0165055 0.000172143
 0.814271 0.122319 0.05973 0.00367925 0
 0.40263 0.566651 0.0304383 0.000280538 0
 0.475488 0.404961 0.113038 0.00651328 0
 0.955842 0.0263864 0.0167828 0.000988607 0
 0.975058 0.0227948 0.00214734 0 0
 0.738997 0.206755 0.0527124 0.00153531 0
 0.850938 0.134255 0.0134407 0.00136685 0
 0.542534 0.407297 0.0501686 0 0
 0.764087 0.199537 0.0359546 0.000420521 0
 0.470689 0.182191 0.310203 0.0369168 0
 0.84361 0.089868 0.0606195 0.00523954 0.000663233
 0.607945 0.314616 0.071237 0.00620181 0
 0.523733 0.453247 0.0230204 0 0
 0.530135 0.295979 0.169645 0.0042399 0
 0.562478 0.366248 0.0663022 0.0049721 0
 0.250443 0.683176 0.0655157 0.000865301 0
 0.195077 0.31981 0.436473 0.0351445 0.0134964
 0.565238 0.351407 0.0832357 0.000118908 0
ppred_RECLAS
 0.704524 0.208924 0.077447 0.00909992 4.321e-06
 0.642078 0.295136 0.0443943 0.0164567 0.00193456
 0.456264 0.419554 0.102399 0.0154028 0.00638092
 0.561828 0.285338 0.117929 0.0287823 0.00612298
 0.594542 0.27438 0.0853582 0.035278 0.0104418
 0.451584 0.378202 0.115186 0.0358339 0.0191935
 0.714304 0.175106 0.0762662 0.0232278 0.0110965
 0.652748 0.28453 0.0384429 0.0167436 0.00753561
 0.799558 0.16037 0.0328337 0.00443617 0.00280172
 0.551469 0.399688 0.0390783 0.00800077 0.0017637
 0.406874 0.403206 0.169239 0.0165468 0.00413454
 0.457107 0.312587 0.156562 0.0657139 0.00803039
 0.524685 0.295129 0.103747 0.0519626 0.0244756
 0.7188 0.201776 0.0493156 0.017336 0.0127727
 0.690659 0.280994 0.0203405 0.00497139 0.00303519
 0.5078 0.430639 0.0559202 0.00404793 0.00159338
 0.457834 0.361766 0.157837 0.0204958 0.00206764
 0.712858 0.182867 0.0695787 0.0303569 0.00433964
 0.745473 0.213294 0.0262593 0.00999136 0.00498235
 0.56069 0.37153 0.056799 0.00699272 0.00398742
 0.677651 0.22294 0.0840715 0.0128527 0.00248463
 0.699106 0.232703 0.0471618 0.0177849 0.00324454
 0.553305 0.353433 0.0721261 0.0146178 0.00651806
 0.542317 0.304977 0.120824 0.024657 0.00722549
 0.205427 0.523155 0.180859 0.0716521 0.0189072
 0.416254 0.172895 0.270509 0.0935172 0.0468256
 0.726334 0.14929 0.0368378 0.0576359 0.0299021
pobs_PELACES
 0 0 0 0 0
 0 0 0 0 0
 0 0 0 0 0
 0 0 0 0 0
 0 0 0 0 0
 0 0 0 0 0
 0 0 0 0 0
 0 0 0 0 0
 0 0 0 0 0
 0 0 0 0 0
 0.450072 0.473896 0.0757376 0.000293798 0
 0 0 0 0 0
 0.463077 0.371075 0.160297 0.00555027 0
 0.529543 0.364841 0.0842815 0.0213345 0
 0.631943 0.363953 0.00410389 0 0
 0.735681 0.248677 0.0153453 0.000297389 0
 0.695825 0.281241 0.0229344 0 0
 0.275771 0.60734 0.115278 0.00161068 0
 0 0 0 0 0
 0.896147 0.0623911 0.0374545 0.00400742 0
 0.803859 0.145111 0.0509908 3.86294e-05 0
 0.739449 0.233085 0.0266225 0.000797448 4.60066e-05
 0.878498 0.100942 0.0204185 0.000141795 0
 0.694673 0.275183 0.0284847 0.00165964 0
 0.469039 0.446079 0.0841089 0.000773354 0
 0.822795 0.102175 0.0682046 0.00682512 0
 0 0 0 0 0
ppred_PELACES
 0.810159 0.134232 0.0497591 0.00584663 2.77621e-06
 0.757004 0.200371 0.0301397 0.0111726 0.00131339
 0.61929 0.293761 0.0716969 0.0107846 0.00446775
 0.669559 0.215184 0.0889341 0.0217058 0.00461756
 0.688086 0.211077 0.065665 0.027139 0.00803278
 0.59179 0.281512 0.0857383 0.0266727 0.0142866
 0.809025 0.11705 0.0509804 0.0155267 0.00741751
 0.779715 0.180497 0.0243869 0.0106216 0.00478034
 0.879943 0.0960557 0.0196662 0.00265709 0.00167813
 0.668463 0.295434 0.0288852 0.00591387 0.00130366
 0.55171 0.304747 0.127912 0.0125062 0.00312492
 0.599 0.230888 0.115642 0.0485386 0.00593153
 0.686341 0.194755 0.0684625 0.03429 0.0161514
 0.877302 0.0880421 0.0215182 0.00756432 0.0055732
 0.844363 0.141375 0.0102338 0.00250122 0.00152707
 0.646563 0.309231 0.0401549 0.00290672 0.00114416
 0.610014 0.260222 0.113534 0.0147428 0.00148728
 0.821705 0.113547 0.0432034 0.0188495 0.0026946
 0.835125 0.138165 0.01701 0.00647211 0.00322743
 0.679205 0.271301 0.041476 0.00510626 0.00291172
 0.767964 0.160479 0.060517 0.00925176 0.00178851
 0.785845 0.165622 0.0335665 0.012658 0.00230923
 0.660028 0.268992 0.054894 0.0111253 0.00496078
 0.651334 0.232333 0.0920448 0.0187839 0.00550442
 0.289654 0.467699 0.161688 0.0640568 0.016903
 0.534854 0.137768 0.215549 0.0745172 0.037312
 0.81921 0.0986245 0.024336 0.0380757 0.0197541
pobs_pel_tallas
 0 0 0 0 0 0 0 0 0 0 0 0 0 0 0 0 0 0 0 0 0 0 0 0 0 0 0 0 0 0 0 0 0 0 0 0
 0 0 0 0 0 0 0 0 0 0 0 0 0 0 0 0 0 0 0 0 0 0 0 0 0 0 0 0 0 0 0 0 0 0 0 0
 0 0 0 0 0 0 0 0 0 0 0 0 0 0 0 0 0 0 0 0 0 0 0 0 0 0 0 0 0 0 0 0 0 0 0 0
 0 0 0 0 0 0 0 0 0 0 0 0 0 0 0 0 0 0 0 0 0 0 0 0 0 0 0 0 0 0 0 0 0 0 0 0
 0 0 0 0 0 0 0 0 0 0 0 0 0 0 0 0 0 0 0 0 0 0 0 0 0 0 0 0 0 0 0 0 0 0 0 0
 0 0 0 0 0 0 0 0 0 0 0 0 0 0 0 0 0 0 0 0 0 0 0 0 0 0 0 0 0 0 0 0 0 0 0 0
 0 0 0 0 0 0 0 0 0 0 0 0 0 0 0 0 0 0 0 0 0 0 0 0 0 0 0 0 0 0 0 0 0 0 0 0
 0 0 0 0 0 0 0 0 0 0 0 0 0 0 0 0 0 0 0 0 0 0 0 0 0 0 0 0 0 0 0 0 0 0 0 0
 0 0 0 0 0 0 0 0 0 0 0 0 0 0 0 0 0 0 0 0 0 0 0 0 0 0 0 0 0 0 0 0 0 0 0 0
 0 0 0 0 0 0 0 0 0 0 0 0 0 0 0 0 0 0 0 0 0 0 0 0 0 0 0 0 0 0 0 0 0 0 0 0
 0 0 0 0 0 0 0 0 1.78061e-05 0.00172719 0.00360574 0.0105946 0.0120993 0.0124554 0.0147524 0.0171206 0.0266825 0.0428682 0.0675386 0.121331 0.153587 0.119568 0.100827 0.0573624 0.0630603 0.0341343 0.0324427 0.0444173 0.0211091 0.0280891 0.0125444 0.00206551 0 0 0 0
 0 0 0 0 0 0 0 0 0 0 0 0 0 0 0 0 0 0 0 0 0 0 0 0 0 0 0 0 0 0 0 0 0 0 0 0
 0 0 0 0 0 0 0.0133647 0.0140871 0.0187388 0.0205184 0.03894 0.0496705 0.03968 0.0493445 0.0407372 0.0367815 0.0215668 0.0243155 0.0234873 0.0199281 0.019796 0.0243948 0.0301388 0.0376714 0.0412746 0.0863199 0.0771752 0.113111 0.0741005 0.0525337 0.0229764 0.00759418 0.00175318 0 0 0
 0 0 0 0 0 0 0 0 0 0 0.00219441 0.00772107 0.0458388 0.0604681 0.0671733 0.0775358 0.0609151 0.0617685 0.073594 0.0568108 0.0755445 0.0548602 0.0670107 0.0636378 0.0643287 0.046367 0.0373049 0.0286899 0.0247887 0.0153202 0.00654259 0.00121912 0.000365735 0 0 0
 0 0 0 0 0 0 0 0 0 0 0 0 0.000112435 0.00938835 0.0111873 0.0202946 0.0414886 0.0713402 0.111592 0.104902 0.108894 0.110636 0.117776 0.105296 0.107544 0.0401394 0.0192827 0.0124803 0.00416011 0.0028671 0.000618394 0 0 0 0 0
 0 0 0 0 0 0 0 0 0 0 0.00291406 0.0102884 0.027416 0.0768956 0.0749926 0.110853 0.0956884 0.0897413 0.0766577 0.0534642 0.0500743 0.0551293 0.0594112 0.0620874 0.0668451 0.0424026 0.0208742 0.0120726 0.0048766 0.00582813 0.00118941 0.000297354 0 0 0 0
 0 0.00264628 0.0354308 0.0461629 0.0458689 0.0383711 0.0214643 0.0164657 0.0346957 0.0420465 0.0363128 0.0245516 0.0311673 0.0291091 0.0169068 0.0133784 0.00837989 0.0085269 0.0148486 0.0160247 0.0276389 0.0546898 0.0760071 0.122758 0.109233 0.0665981 0.0333725 0.0166128 0.00676272 0.00308733 0.000882094 0 0 0 0 0
 0 0 0 0 0 0 0 0.000805153 0.000690131 0.00759144 0.0133425 0.0154129 0.00931677 0.000345066 0.00356568 0.00563607 0.00851162 0.0253048 0.0502646 0.0516448 0.0657925 0.0565908 0.0611916 0.0827007 0.0866115 0.110766 0.145733 0.0935128 0.0569358 0.0249597 0.0138026 0.00621118 0.00161031 0.00115022 0 0
 0 0 0 0 0 0 0 0 0 0 0 0 0 0 0 0 0 0 0 0 0 0 0 0 0 0 0 0 0 0 0 0 0 0 0 0
 0.00147267 0.00158595 0.00478618 0.00569244 0.00954404 0.0108468 0.00647125 0.017049 0.0510054 0.094081 0.124002 0.0959785 0.0687766 0.0820023 0.061753 0.0591476 0.0492212 0.0479892 0.0443925 0.0268479 0.0217502 0.0140895 0.0121071 0.0120363 0.00920419 0.00665534 0.0049561 0.00860946 0.00930331 0.0156896 0.0114698 0.00855282 0.00243557 0.00046729 0 2.83206e-05
 0 0 0 0 0.000772559 0.00158375 0.000888443 0.00281984 0.00712685 0.0440552 0.0773331 0.111326 0.0921469 0.0852325 0.0710754 0.0886704 0.0786465 0.0553345 0.0373146 0.0185414 0.00753245 0.00457741 0.012979 0.0271748 0.0457355 0.0583668 0.034881 0.0177882 0.00938659 0.00492506 0.0015258 0.00185414 0.000309023 5.79419e-05 3.86279e-05 0
 0 0.00173294 0.00326652 0 0.00397197 0.00683976 0.00946217 0.0152591 0.00757587 0.0136028 0.0228656 0.0392903 0.0559909 0.0764795 0.0681675 0.0726916 0.0566044 0.0477403 0.0527397 0.0444891 0.0609904 0.0582453 0.0661739 0.0445044 0.0529084 0.0360697 0.0280645 0.0235558 0.0158879 0.00826598 0.00280645 0.00217768 0.000904811 0.00058276 9.20147e-05 0
 0 0 0 0 0 0 0 0 0 0 0 0 0 0 0 0 0 0 0 0 0 0 0 0 0 0 0 0 0 0 0 0 0 0 0 0
 0 0 0 0 0 0 0 0 0 0 0 0 0 0 0 0 0 0 0 0 0 0 0 0 0 0 0 0 0 0 0 0 0 0 0 0
 0 0 0 0 0 0 0 0 0 0 0 0 0 0 0 0 0 0 0 0 0 0 0 0 0 0 0 0 0 0 0 0 0 0 0 0
 0 0 0 0 0 0 0 0 0 0 0 0 0 0 0 0 0 0 0 0 0 0 0 0 0 0 0 0 0 0 0 0 0 0 0 0
 0 0 0 0 0 0 0 0 0 0 0 0 0 0 0 0 0 0 0 0 0 0 0 0 0 0 0 0 0 0 0 0 0 0 0 0
ppred_pel_tallas
 1.00952e-16 3.53449e-05 0.000207455 0.000986162 0.00379681 0.01184 0.0299069 0.0611931 0.101433 0.136217 0.148218 0.130709 0.0934994 0.0544335 0.0261682 0.0111026 0.00535563 0.00436736 0.00534815 0.00708493 0.00910354 0.0111425 0.0129729 0.0143834 0.0152139 0.0153889 0.0149311 0.0139483 0.0126022 0.0110668 0.00949391 0.00799244 0.00662455 0.00541436 0.00436217 0.00345775
 1.00939e-16 3.30297e-05 0.000193856 0.000921502 0.00354783 0.0110636 0.0279457 0.0571808 0.0947843 0.127295 0.138527 0.122204 0.0875059 0.0511256 0.0249172 0.0111534 0.00623731 0.00592687 0.00761164 0.0101218 0.0129411 0.0157203 0.0181259 0.0198509 0.0206735 0.0205071 0.0194195 0.0176092 0.0153526 0.0129372 0.0106042 0.0085152 0.00674649 0.00530491 0.0041543 0.00324127
 1.01693e-16 2.70287e-05 0.000158616 0.000753945 0.00290266 0.00905161 0.0228638 0.0467836 0.0775536 0.104166 0.11339 0.100105 0.0718488 0.042315 0.0212531 0.0105839 0.00742621 0.00835521 0.0112446 0.0150914 0.0193617 0.0235987 0.027323 0.0300816 0.0315392 0.0315531 0.0302021 0.0277551 0.0245962 0.0211303 0.0177027 0.0145509 0.0117967 0.00946747 0.0075319 0.00593418
 1.02295e-16 2.92175e-05 0.000171473 0.000815086 0.00313809 0.00978582 0.0247183 0.0505774 0.0838397 0.1126 0.122547 0.108133 0.0774878 0.0453891 0.0223409 0.010377 0.00634238 0.00650884 0.00858328 0.011532 0.0148796 0.018278 0.0213757 0.0238364 0.0254004 0.0259387 0.0254743 0.0241634 0.0222452 0.0199793 0.0175918 0.0152452 0.0130342 0.0109997 0.00915172 0.0074888
 1.02309e-16 3.00251e-05 0.000176215 0.000837632 0.0032249 0.0100565 0.0254021 0.0519764 0.0861584 0.115713 0.125932 0.111113 0.0796073 0.0465987 0.0228763 0.0105236 0.00629101 0.00634043 0.00831089 0.0111398 0.0143442 0.0175777 0.0204964 0.0227747 0.0241664 0.0245565 0.023982 0.0226104 0.0206885 0.0184786 0.0162037 0.0140175 0.0120009 0.0101781 0.00854151 0.00707391
 1.02893e-16 2.5829e-05 0.000151574 0.00072047 0.00277378 0.00864969 0.0218486 0.0447063 0.0741102 0.0995417 0.108357 0.0956646 0.0686672 0.0404529 0.0203405 0.0101688 0.00718985 0.00813709 0.0109865 0.0147884 0.0190411 0.0233157 0.0271583 0.0301356 0.0319202 0.0323617 0.0315134 0.0296045 0.0269704 0.0239671 0.0208975 0.0179703 0.0152945 0.012901 0.0107761 0.00889129
 1.01643e-16 3.52948e-05 0.000207162 0.000984774 0.00379147 0.0118234 0.0298648 0.0611068 0.101289 0.136023 0.148003 0.13051 0.0933382 0.0543007 0.0260318 0.0109208 0.00508663 0.00397319 0.00479778 0.00636012 0.00820671 0.0101039 0.0118538 0.013273 0.0142194 0.0146203 0.0144836 0.0138878 0.0129551 0.0118183 0.0105925 0.00935987 0.00816791 0.00703818 0.00597847 0.00499306
 1.00994e-16 3.40192e-05 0.000199667 0.000949132 0.00365422 0.0113953 0.0287837 0.0588953 0.0976255 0.131108 0.142671 0.125844 0.09008 0.0525637 0.0254951 0.0112034 0.00597225 0.00542394 0.00686903 0.00911304 0.0116477 0.0141487 0.0163146 0.0178695 0.0186149 0.0184743 0.0175097 0.0159007 0.0138961 0.0117537 0.00968847 0.00784306 0.0062827 0.00501029 0.00399067 0.00317422
 1.00481e-16 3.83862e-05 0.000225313 0.00107107 0.00412375 0.0128596 0.0324822 0.0664619 0.110165 0.147938 0.160959 0.141914 0.101449 0.0589266 0.028075 0.0114742 0.00488296 0.00332801 0.00377208 0.00491121 0.00626931 0.0076254 0.00880948 0.00967201 0.0101046 0.0100631 0.00957647 0.00873642 0.00767227 0.00651965 0.00539341 0.00437179 0.00349358 0.00276536 0.00217353 0.00169609
 1.00771e-16 2.91728e-05 0.000171204 0.000813791 0.00313308 0.00977016 0.0246788 0.0504972 0.0837089 0.112431 0.12238 0.108026 0.0774991 0.0455722 0.0227571 0.0111121 0.00751058 0.00823949 0.0109918 0.0146811 0.0187387 0.0226918 0.0260547 0.0283772 0.0293382 0.0288218 0.026944 0.024018 0.0204725 0.0167513 0.0132249 0.0101398 0.00760804 0.00563154 0.00414202 0.00304169
 1.02491e-16 2.40824e-05 0.000141318 0.000671704 0.002586 0.00806413 0.0203695 0.0416803 0.0690953 0.09281 0.10104 0.0892313 0.064107 0.0378826 0.019264 0.00998764 0.0075143 0.00881706 0.0120158 0.0162136 0.0209089 0.0256457 0.0299302 0.0332839 0.0353387 0.0359139 0.0350486 0.0329739 0.030042 0.0266365 0.023094 0.0196593 0.0164768 0.0136098 0.011071 0.00885075
 1.03662e-16 2.61414e-05 0.000153413 0.000729221 0.00280749 0.00875483 0.0221141 0.0452492 0.0750087 0.100744 0.109654 0.096782 0.0694087 0.0407685 0.020276 0.00977297 0.00646068 0.00702501 0.00942683 0.0127388 0.016514 0.0204003 0.0240285 0.0270378 0.0291417 0.0301846 0.0301656 0.0292195 0.0275667 0.0254505 0.023085 0.0206263 0.0181711 0.0157727 0.0134633 0.0112717
 1.02969e-16 2.99483e-05 0.000175766 0.0008355 0.0032167 0.010031 0.0253374 0.0518441 0.0859386 0.115417 0.125606 0.110817 0.0793775 0.0464286 0.0227267 0.0103445 0.00603567 0.00596966 0.00779466 0.0104614 0.0135068 0.0166113 0.0194602 0.0217543 0.0232637 0.0238756 0.0236122 0.0226121 0.0210845 0.0192519 0.0173026 0.0153654 0.013508 0.0117531 0.0101011 0.00854926
 1.00855e-16 3.82707e-05 0.000224636 0.00106785 0.00411136 0.012821 0.0323846 0.0662622 0.109833 0.147493 0.160473 0.141482 0.101131 0.0587249 0.0279469 0.011367 0.00475424 0.00314957 0.00352668 0.00459105 0.00587763 0.00717902 0.00833994 0.00922382 0.00973019 0.00981524 0.00949994 0.0088606 0.00800663 0.00705281 0.00609573 0.0052005 0.00439909 0.00369747 0.00308662 0.00255274
 1.00349e-16 3.68366e-05 0.000216211 0.00102779 0.00395709 0.0123399 0.0311695 0.0637764 0.105715 0.141967 0.154474 0.136223 0.0974392 0.0567169 0.0272454 0.0115213 0.00549408 0.00440362 0.00533274 0.00700594 0.00891777 0.0107867 0.0123701 0.0134518 0.0138794 0.0135997 0.0126709 0.0112459 0.00953266 0.00774551 0.00606286 0.00460222 0.00341568 0.00250146 0.00182376 0.00133259
 1.00825e-16 2.82184e-05 0.0001656 0.000787144 0.00303048 0.0094502 0.0238706 0.0488438 0.0809687 0.108753 0.118383 0.104511 0.0750079 0.0441686 0.0221701 0.0110146 0.00768911 0.00861078 0.01155 0.015448 0.0197344 0.0239208 0.0274994 0.0299971 0.0310743 0.0306041 0.0287014 0.0256871 0.022004 0.0181124 0.0143992 0.0111241 0.00840936 0.00626381 0.00462374 0.00339403
 1.02273e-16 2.66229e-05 0.000156237 0.000742641 0.00285914 0.00891591 0.022521 0.046082 0.0763899 0.102601 0.111681 0.098583 0.0707272 0.0415968 0.0207872 0.010182 0.00693774 0.00768077 0.0103271 0.0139126 0.017949 0.0220337 0.0257429 0.0286674 0.0304908 0.0310558 0.0303909 0.0286878 0.0262414 0.0233737 0.0203683 0.0174322 0.0146893 0.0121962 0.00996815 0.00800261
 1.01424e-16 3.58475e-05 0.000210407 0.0010002 0.00385088 0.0120086 0.0303328 0.0620643 0.102876 0.138153 0.15032 0.132549 0.0947886 0.0551283 0.026398 0.0110213 0.00505251 0.00386106 0.00461859 0.00610609 0.00786576 0.00966594 0.0113136 0.0126312 0.0134831 0.0138019 0.0136001 0.0129589 0.0120024 0.0108637 0.00965791 0.00846567 0.00733234 0.00627608 0.00530041 0.0044048
 1.0066e-16 3.64336e-05 0.000213846 0.00101655 0.0039138 0.0122049 0.0308284 0.0630786 0.104558 0.140413 0.152783 0.134732 0.0963723 0.0560949 0.0269452 0.0113925 0.0054316 0.00435588 0.0052825 0.00695342 0.00887304 0.0107675 0.0124009 0.0135616 0.0140981 0.013953 0.0131761 0.0119073 0.0103399 0.00867413 0.00707688 0.00565874 0.00447014 0.00351262 0.0027576 0.00216475
 1.00989e-16 2.96403e-05 0.000173951 0.000826853 0.00318338 0.00992703 0.025075 0.0513077 0.0850516 0.114232 0.124334 0.109736 0.078692 0.0462064 0.0229497 0.0110018 0.00717562 0.00769279 0.0102124 0.0136466 0.017448 0.021178 0.0243902 0.0266689 0.0277136 0.0274088 0.0258489 0.0233075 0.0201649 0.016817 0.0135973 0.0107302 0.00832278 0.0063857 0.00486853 0.00369502
 1.01313e-16 3.35061e-05 0.000196657 0.000934822 0.00359913 0.0112235 0.0283498 0.0580073 0.096153 0.129129 0.140515 0.123935 0.0886976 0.0517255 0.0250307 0.0109033 0.00568066 0.00505278 0.00637857 0.0084975 0.0109327 0.0133937 0.0156115 0.0173342 0.0183705 0.0186287 0.0181339 0.0170122 0.0154531 0.013661 0.0118136 0.0100382 0.00840754 0.00694992 0.00566688 0.00454849
 1.01074e-16 3.42859e-05 0.000201234 0.000956585 0.00368292 0.0114849 0.0290098 0.0593578 0.0983916 0.132136 0.143786 0.126819 0.090759 0.0529226 0.0255996 0.0111316 0.00576736 0.00509203 0.0063972 0.00848847 0.010871 0.0132417 0.0153231 0.0168602 0.0176662 0.0176638 0.0169004 0.0155301 0.0137705 0.0118498 0.00996005 0.00823143 0.00672759 0.00545878 0.00440288 0.00352536
 1.01482e-16 2.8804e-05 0.000169041 0.000803512 0.00309351 0.00964679 0.0243672 0.0498594 0.0826509 0.111009 0.120827 0.106645 0.076485 0.0449298 0.0223519 0.010777 0.00711292 0.00769313 0.0102473 0.013721 0.0175822 0.0214016 0.0247385 0.0271798 0.0284226 0.0283425 0.0270194 0.0247083 0.0217684 0.0185765 0.0154513 0.0126092 0.0101571 0.00811258 0.00643816 0.00507388
 1.02285e-16 2.84235e-05 0.00016681 0.000792914 0.00305272 0.00951958 0.0240458 0.0492016 0.0815597 0.10954 0.119223 0.105213 0.0754241 0.0442386 0.0218832 0.010347 0.00657084 0.00693543 0.0092107 0.0123818 0.0159655 0.0195917 0.0228817 0.0254726 0.0270857 0.0275848 0.0269997 0.0255051 0.0233656 0.0208675 0.01826 0.0157213 0.0133538 0.0111998 0.00926567 0.00754428
 1.05439e-16 1.26621e-05 7.42556e-05 0.00035285 0.00135828 0.00423548 0.0106989 0.0218947 0.0363055 0.0487952 0.0531989 0.0471634 0.0342811 0.0210569 0.0121854 0.00872525 0.00949168 0.0130073 0.0183126 0.0248351 0.0320564 0.0393421 0.0459545 0.0511735 0.0544476 0.0555116 0.0544334 0.0515678 0.0474456 0.042634 0.0376185 0.0327371 0.0281732 0.0239907 0.0201874 0.016741
 1.07409e-16 2.33407e-05 0.000136978 0.000651109 0.00250676 0.00781706 0.0197453 0.0404018 0.0669716 0.0899449 0.097888 0.0863685 0.0618789 0.0362232 0.0177924 0.00821639 0.00498878 0.00515941 0.00694313 0.0095814 0.0127786 0.0163464 0.020081 0.0237545 0.027142 0.0300512 0.0323404 0.0339193 0.0347402 0.0347856 0.0340614 0.0325996 0.0304655 0.0277654 0.024646 0.021284
 1.0261e-16 3.5738e-05 0.000209766 0.000997158 0.00383916 0.0119721 0.0302405 0.0618753 0.102562 0.13773 0.149856 0.132133 0.0944724 0.0549079 0.0262241 0.0108308 0.00478865 0.00347743 0.00407875 0.00538592 0.00695973 0.00859437 0.0101274 0.0114117 0.0123352 0.0128427 0.012943 0.0126991 0.0122037 0.0115513 0.010816 0.0100407 0.00924019 0.00841184 0.00754986 0.00665574
pSPR Fmed_Fpbrs
0.454315   0.6 0.325
Fs Fmed_Fpbrs
0.64   0.356892 1.12053
SSBpbr Bo_Bmed_Bpbrs
1.06948e+06  432406  588212 294106
Ro
34891.6
SPR SPRFo_SPRFmed_SPRFpbrs
720658 327406 234214
log_Ro
10.28
likeval ReclasPelacesDesembMPH_pf_preclas_ppelaces_ptallas_desvR_qrecl_qpela
 76.0506 11.336 0.0507271 131.283 345.234 222.04 58.6356 0 21.3482 5.16731e-06 4.90345e-05 1.10298e-15 0 0 0
q_reclas_q_pelaces
0.724613 2.70808
M
0.7
N
 41715.7 11080.4 4107.45 482.62 0.229167
 47579.5 18713.6 2814.9 1043.46 122.664
 23340.9 21695.8 5295.21 796.504 329.968
 26619.8 10027.7 4144.37 1011.5 215.181
 40207.7 12774.6 3974.11 1642.48 486.151
 27083.6 19816.3 6035.31 1877.55 1005.66
 60661.6 12258.5 5339.09 1626.09 776.824
 66483.6 28032.4 3787.46 1649.6 742.421
 155212 29015.8 5940.59 802.634 506.915
 120727 68645 6711.56 1374.1 302.909
 63744.5 56785.6 23834.7 2330.37 582.288
 47252.4 28558.9 14303.9 6003.82 733.681
 36213.3 21298.8 7487.18 3750.01 1766.35
 31079.3 15371 3756.8 1320.63 973.007
 18902.5 10947.3 792.451 193.681 118.248
 9594.57 7185.57 933.075 67.5432 26.5868
 5802.4 4325.95 1887.39 245.086 24.7246
 10521 2555 972.147 424.144 60.633
 19019.6 4627.24 569.676 216.755 108.088
 16431.5 8692.29 1328.87 163.601 93.2894
 31655.4 7680.66 2896.4 442.798 85.5997
 61711.4 15222 3085.04 1163.38 212.238
 63310.3 29624.2 6045.5 1225.24 546.333
 73427.3 30517.6 12090.3 2467.31 723.021
 18734.3 35282.3 12197.4 4832.32 1275.13
 28332.2 8999.93 14081.2 4867.98 2437.48
 78464.9 13448.3 3318.43 5191.96 2693.65
pred_Ctot
 2916.13 4043.06 1498.74 176.1 0.083619
 2810.96 5978.19 899.237 333.342 39.1858
 2282.66 10129.5 2472.27 371.878 154.058
 644.904 1475.19 609.688 148.804 31.6557
 217.751 447.869 139.33 57.5842 17.0442
 1733.86 6749.83 2055.75 639.533 342.549
 3041.19 3422.39 1490.6 453.982 216.878
 5834.79 12124.8 1638.19 713.502 321.119
 12291.7 11639.7 2383.07 321.977 203.349
 4599.22 15157.1 1481.94 303.409 66.8836
 4509.99 20913.4 8778.04 858.247 214.45
 3154.56 10054 5035.64 2113.62 258.289
 3817.15 10464.8 3678.72 1842.52 867.869
 6626.36 11136.9 2721.94 956.846 704.979
 3237.09 7167.39 518.831 126.807 77.4192
 638.709 2524.01 327.753 23.7253 9.33891
 475.974 1781.23 777.143 100.915 10.1805
 871.152 1059.3 403.05 175.849 25.1383
 1095.14 1447.79 178.242 67.819 33.8191
 696.085 2104.13 321.677 39.6027 22.5825
 721.958 1068.82 403.057 61.6187 11.9119
 1481.21 2220.3 449.989 169.692 30.9573
 1336.73 3838.37 783.307 158.753 70.7877
 1713.07 4336.53 1718.03 350.603 102.741
 439.977 5044.26 1743.85 690.87 182.303
 901.701 1695.38 2652.57 917.017 459.166
 4151.04 3925.94 968.741 1515.68 786.35
F
 0.101628 0.670256 0.670256 0.670256 0.670256
 0.0852813 0.562448 0.562448 0.562448 0.562448
 0.144858 0.955369 0.955369 0.955369 0.955369
 0.0341986 0.225547 0.225547 0.225547 0.225547
 0.00755566 0.0498312 0.0498312 0.0498312 0.0498312
 0.0927108 0.611448 0.611448 0.611448 0.611448
 0.0719494 0.474522 0.474522 0.474522 0.474522
 0.129117 0.851552 0.851552 0.851552 0.851552
 0.115843 0.764007 0.764007 0.764007 0.764007
 0.054252 0.357804 0.357804 0.357804 0.357804
 0.102915 0.678748 0.678748 0.678748 0.678748
 0.0968545 0.638776 0.638776 0.638776 0.638776
 0.156944 1.03508 1.03508 1.03508 1.03508
 0.343447 2.26511 2.26511 2.26511 2.26511
 0.267218 1.76236 1.76236 1.76236 1.76236
 0.0965668 0.636878 0.636878 0.636878 0.636878
 0.12022 0.792879 0.792879 0.792879 0.792879
 0.121412 0.80074 0.80074 0.80074 0.80074
 0.0830354 0.547636 0.547636 0.547636 0.547636
 0.0604935 0.398968 0.398968 0.398968 0.398968
 0.0321658 0.21214 0.21214 0.21214 0.21214
 0.0338773 0.223428 0.223428 0.223428 0.223428
 0.0297466 0.196186 0.196186 0.196186 0.196186
 0.0329148 0.21708 0.21708 0.21708 0.21708
 0.0331367 0.218544 0.218544 0.218544 0.218544
 0.0451427 0.297725 0.297725 0.297725 0.297725
 0.07606 0.501632 0.501632 0.501632 0.501632
Np
 24751.5 11643.8 12549.7 1405.41 467.313
YTP_r0W_actual
 24450.4 64000.9 22957.6 45871.2 26409.8
YTP_p0W_proyectada
 7712.81 171852 27976.9 8816.15 19910
 7712.81 55413.1 86821.7 12416.9 4581.76
CTP_r0_actual
 2981.76 2963.01 731.133 1143.92 593.478
CTP_p0_proyectada
 940.586 7956.11 890.985 219.854 447.416
 940.586 2565.42 2765.02 309.648 102.961
Wmedp
 8.2 21.6 31.4 40.1 44.5
nmprior
 10.8 10.6 4.6 0
nm_flota  nm_reclas  nm_pelaces    nm_pelaL
inf 13.9532 10.9764 28.6182
cv_recla  cv_pelaces  cv_mph
0.755235 0.368826 0.459338
 ------------------------------------------------
Talla a la edad & desviaci?n 
 7.2 14.2025 17.0495 18.207 18.6776
 1.08 2.13037 2.55742 2.73105 2.80164
