years
 1997 1998 1999 2000 2001 2002 2003 2004 2005 2006 2007 2008 2009 2010 2011 2012 2013 2014 2015 2016 2017 2018 2019 2020 2021 2022 2023
reclasobs
 0 0 0 370054 412103 1.49427e+06 250295 1.28982e+06 931140 785840 897777 1.04006e+06 184774 17550 25797 100020 73551 82996 120727 218422 84188 347160 605670 569463 516374 1.08416e+06 1.01767e+06
reclaspred
 536998 142732 391952 234480 291819 303422 625092 456122 795479 878516 749118 517355 290045 127156 99897.7 86301.1 66017.2 82100.7 116657 171718 261573 314482 607389 674758 722115 550346 524284
pelacesobs
 0 0 0 0 0 0 0 0 0 2.06254e+06 1.5e+06 0 1.87456e+06 323000 250000 174000 83755 137374 0 501740 490994 745055 786931 1.00524e+06 1.33801e+06 1.41789e+06 0
pelacespred
 2.06781e+06 429320 713291 665651 739596 548581 1.58418e+06 1.21346e+06 2.24024e+06 2.2316e+06 1.62244e+06 1.17457e+06 651454 240573 202652 171149 137175 180363 250467 354164 676909 706616 1.11039e+06 1.50913e+06 1.47778e+06 1.26431e+06 1.17596e+06
mphobs
 0 0 0 0 0 0 112323 0 153150 637223 0 255016 313432 73983 77613 109348 50772 17779 17303 59886 28197 0 207744 136588 643089 65757 70829
mphpred
 182717 108698 122947 124408 114470 151456 190684 232352 246501 395005 397851 279790 168663 110339 58232.7 54819.2 41153.7 39099.4 22578.9 34289.8 51043.6 71840.3 116751 165426 185229 151916 115619
desembarqueobs
 350755 77701 442110 56441 14545 235359 269955 359681 431902 328805 639364 411747 362871 311530 167758 66681 60226 58785 57116 73181 50977 67692 138656 160484 209506 203330 245020
desembarquepred
 350770 77707.7 442202 56447.9 14545.7 235596 270030 359659 431773 328857 639603 411849 363467 311839 167676 66735.1 60334.5 58789.8 57083 73199.5 50978.5 67674.6 138673 160489 209636 203435 245032
Reclutas
 43945.3 49999 25478 29171.5 42677.4 29322.6 63198.6 70619.1 163745 124145 64504.7 46058.4 36189.1 30566.6 19100.6 9978.53 6166.84 11263.1 20519 18354.3 34841.2 68253 69809.5 79865.6 20792.5 31158.5 87187.2
log_desv_Rt
 0.170701 0.299758 -0.37443 -0.239051 0.141425 -0.233885 0.534037 0.645057 1.48607 1.2092 0.554493 0.217667 -0.0234874 -0.192336 -0.662525 -1.31181 -1.79306 -1.19071 -0.590892 -0.70238 -0.0614429 0.610976 0.633525 0.768101 -0.577653 -0.173158 0.855813
SSB
 515591 306724 346932 351054 323011 427379 521404 646569 678528 1.09249e+06 1.12266e+06 789512 491380 224816 122629 115897 92689 84127.6 114824 183014 257494 353129 588977 798925 977705 829227 593742
BT
 1.82316e+06 450447 767445 554336 560459 597257 1.36456e+06 1.29394e+06 2.05321e+06 1.96316e+06 1.76933e+06 1.24625e+06 836223 468974 286666 181627 154149 181352 232298 317991 544251 584981 913294 1.25357e+06 1.26126e+06 1.12299e+06 1.08668e+06
Ftot
 0.639228 0.522732 0.861901 0.196484 0.0440756 0.545148 0.414803 0.757417 0.674994 0.325451 0.622292 0.581419 0.939701 1.96911 1.55857 0.577264 0.707377 0.689104 0.477261 0.351162 0.184232 0.195837 0.172971 0.191115 0.193317 0.258026 0.424209
BD_Bspro_t
 0.926173 0.687952 0.618918 0.441449 0.548752 0.673321 0.584089 0.604631 0.582069 0.640047 0.613959 0.455942 0.348115 0.223154 0.152274 0.172507 0.192322 0.235253 0.351865 0.521544 0.625962 0.748016 0.805238 0.803422 0.790797 0.709698 0.637967
BD_Bspro
 0.67378 0.40083 0.453375 0.458762 0.422114 0.558504 0.681377 0.844945 0.886708 1.42768 1.4671 1.03174 0.642141 0.293792 0.160253 0.151456 0.121127 0.109939 0.150054 0.239164 0.336496 0.461474 0.769682 1.04404 1.27768 1.08364 0.775909
BD_Bo
 0.432802 0.257473 0.291225 0.294685 0.271145 0.358754 0.437681 0.542749 0.569576 0.917068 0.94239 0.662739 0.412479 0.188717 0.102938 0.0972873 0.0778058 0.0706191 0.0963869 0.153627 0.216148 0.296427 0.494404 0.670641 0.820714 0.696077 0.498404
BD_Brms
 0.786913 0.468132 0.5295 0.535791 0.49299 0.65228 0.795784 0.986816 1.03559 1.6674 1.71344 1.20498 0.749961 0.343122 0.18716 0.176886 0.141465 0.128398 0.175249 0.279322 0.392996 0.538958 0.898917 1.21935 1.49221 1.2656 0.90619
S_f
 0.157917 1 1 1 1
 0.157917 1 1 1 1
 0.157917 1 1 1 1
 0.157917 1 1 1 1
 0.157917 1 1 1 1
 0.157917 1 1 1 1
 0.157917 1 1 1 1
 0.157917 1 1 1 1
 0.157917 1 1 1 1
 0.157917 1 1 1 1
 0.157917 1 1 1 1
 0.157917 1 1 1 1
 0.157917 1 1 1 1
 0.157917 1 1 1 1
 0.157917 1 1 1 1
 0.157917 1 1 1 1
 0.157917 1 1 1 1
 0.157917 1 1 1 1
 0.157917 1 1 1 1
 0.157917 1 1 1 1
 0.157917 1 1 1 1
 0.157917 1 1 1 1
 0.157917 1 1 1 1
 0.157917 1 1 1 1
 0.157917 1 1 1 1
 0.157917 1 1 1 1
 0.157917 1 1 1 1
Scru_reclas
 0.729899 1 1 1 1
 0.729899 1 1 1 1
 0.729899 1 1 1 1
 0.729899 1 1 1 1
 0.729899 1 1 1 1
 0.729899 1 1 1 1
 0.729899 1 1 1 1
 0.729899 1 1 1 1
 0.729899 1 1 1 1
 0.729899 1 1 1 1
 0.729899 1 1 1 1
 0.729899 1 1 1 1
 0.729899 1 1 1 1
 0.729899 1 1 1 1
 0.729899 1 1 1 1
 0.729899 1 1 1 1
 0.729899 1 1 1 1
 0.729899 1 1 1 1
 0.729899 1 1 1 1
 0.729899 1 1 1 1
 0.729899 1 1 1 1
 0.729899 1 1 1 1
 0.729899 1 1 1 1
 0.729899 1 1 1 1
 0.729899 1 1 1 1
 0.729899 1 1 1 1
 0.729899 1 1 1 1
Scru_pelaces
 1 1 1 1 1
 1 1 1 1 1
 1 1 1 1 1
 1 1 1 1 1
 1 1 1 1 1
 1 1 1 1 1
 1 1 1 1 1
 1 1 1 1 1
 1 1 1 1 1
 1 1 1 1 1
 1 1 1 1 1
 1 1 1 1 1
 1 1 1 1 1
 1 1 1 1 1
 1 1 1 1 1
 1 1 1 1 1
 1 1 1 1 1
 1 1 1 1 1
 1 1 1 1 1
 1 1 1 1 1
 1 1 1 1 1
 1 1 1 1 1
 1 1 1 1 1
 1 1 1 1 1
 1 1 1 1 1
 1 1 1 1 1
 1 1 1 1 1
pf_obs 
 0.256992 0.487395 0.22802 0.0275931 0
 0.321318 0.546541 0.124235 0.00734118 0.000564706
 0.182869 0.594174 0.210203 0.0122559 0.00049798
 0.330522 0.361315 0.267642 0.0388342 0.00168674
 0.649043 0.306663 0.0425973 0.00169635 0
 0.582887 0.30429 0.105238 0.00758474 0
 0.465427 0.430635 0.0974691 0.00646863 0
 0.296916 0.608066 0.0921331 0.00288517 0
 0.311714 0.524322 0.152257 0.0117073 0
 0.15457 0.633149 0.183074 0.0267441 0.00246327
 0.131901 0.49318 0.331252 0.0422183 0.00144891
 0.196976 0.569456 0.194076 0.0375587 0.00193317
 0.518974 0.381816 0.0799577 0.0180837 0.00116848
 0.0928022 0.601141 0.25162 0.0475244 0.00691264
 0.122501 0.610282 0.24278 0.0234846 0.000952079
 0.383417 0.481906 0.127806 0.00687128 0
 0.0376549 0.599619 0.316969 0.0457579 0
 0.0361596 0.667082 0.258105 0.0386534 0
 0.158088 0.579412 0.248529 0.0139706 0
 0.0477256 0.309471 0.559284 0.082774 0.000745712
 0.0406174 0.521527 0.379366 0.0568643 0.0016247
 0.151134 0.462217 0.34131 0.0453401 0
 0.294876 0.26143 0.354403 0.0886775 0.000613685
 0.281977 0.475581 0.204845 0.0348837 0.00271318
 0.0841818 0.532909 0.334909 0.0458182 0.00218182
 0.115287 0.27431 0.454777 0.147771 0.00785563
 0 0 0 0 0
pf_pred 
 0.350059 0.460032 0.169982 0.0199176 9.82994e-06
 0.283853 0.590044 0.0892561 0.0329801 0.00386635
 0.152659 0.647638 0.164539 0.0248898 0.0102749
 0.222275 0.495953 0.215364 0.0547153 0.0116936
 0.24502 0.502296 0.161136 0.0699719 0.0215763
 0.152852 0.573722 0.181913 0.0583572 0.0331553
 0.341503 0.394389 0.178864 0.0567133 0.0285301
 0.282585 0.574436 0.0856337 0.0388368 0.0185089
 0.451606 0.430213 0.0946276 0.0141066 0.00944664
 0.20957 0.695066 0.0748126 0.0164554 0.00409582
 0.125223 0.579689 0.259487 0.0279295 0.00767232
 0.144928 0.4721 0.253784 0.113602 0.0155863
 0.180991 0.481845 0.186154 0.10007 0.0509403
 0.280222 0.498395 0.130246 0.0503187 0.0408191
 0.279612 0.632231 0.0610418 0.0159521 0.0111623
 0.180756 0.695107 0.108946 0.0105187 0.00467234
 0.151515 0.551437 0.252038 0.0395026 0.0055081
 0.336876 0.408806 0.165283 0.0755439 0.0134911
 0.385149 0.503656 0.0685498 0.0277152 0.0149297
 0.224791 0.646181 0.105693 0.0143853 0.00894911
 0.318612 0.466852 0.178828 0.0292503 0.00645772
 0.344733 0.500467 0.106061 0.0406267 0.00811224
 0.219144 0.613219 0.128034 0.0271335 0.0124689
 0.208898 0.521091 0.212044 0.0442728 0.013694
 0.0559161 0.610703 0.219595 0.0893583 0.024428
 0.135858 0.251848 0.396077 0.14242 0.0737972
 0.363474 0.337239 0.0872249 0.137177 0.0748848
pobs_RECLAS
 0 0 0 0 0
 0 0 0 0 0
 0 0 0 0 0
 0 0 0 0 0
 0.835266 0.146461 0.0176864 0.000547809 3.91292e-05
 0.385257 0.428462 0.181853 0.0044286 0
 0.867414 0.0963971 0.0333333 0.00285562 0
 0.441836 0.489002 0.0689373 0.000224442 0
 0.779404 0.147425 0.0564933 0.0165055 0.000172143
 0.814271 0.122319 0.05973 0.00367925 0
 0.40263 0.566651 0.0304383 0.000280538 0
 0.475488 0.404961 0.113038 0.00651328 0
 0.955842 0.0263864 0.0167828 0.000988607 0
 0.975058 0.0227948 0.00214734 0 0
 0.738997 0.206755 0.0527124 0.00153531 0
 0.850938 0.134255 0.0134407 0.00136685 0
 0.542534 0.407297 0.0501686 0 0
 0.764087 0.199537 0.0359546 0.000420521 0
 0.470689 0.182191 0.310203 0.0369168 0
 0.84361 0.089868 0.0606195 0.00523954 0.000663233
 0.607945 0.314616 0.071237 0.00620181 0
 0.523733 0.453247 0.0230204 0 0
 0.530135 0.295979 0.169645 0.0042399 0
 0.562478 0.366248 0.0663022 0.0049721 0
 0.250443 0.683176 0.0655157 0.000865301 0
 0.195077 0.31981 0.436473 0.0351445 0.0134964
 0.565238 0.351407 0.0832357 0.000118908 0
ppred_RECLAS
 0.722944 0.196102 0.0724596 0.00849045 4.1903e-06
 0.655105 0.284164 0.0429855 0.0158831 0.00186202
 0.471938 0.403607 0.10254 0.0155113 0.00640333
 0.571867 0.273019 0.118556 0.0301204 0.00643725
 0.600539 0.265766 0.0852571 0.0370223 0.0114161
 0.464212 0.362857 0.115053 0.0369087 0.0209695
 0.711194 0.172973 0.0784471 0.0248735 0.0125128
 0.658881 0.273135 0.0407174 0.0184663 0.00880066
 0.800154 0.156778 0.0344842 0.00514072 0.00344254
 0.555603 0.390781 0.0420612 0.00925158 0.00230276
 0.409113 0.391563 0.175276 0.0188656 0.00518243
 0.449523 0.303928 0.163381 0.0731345 0.0100341
 0.525227 0.279322 0.107912 0.0580098 0.0295297
 0.695555 0.210806 0.0550901 0.0212833 0.0172652
 0.679529 0.281254 0.027155 0.00709644 0.00496564
 0.515177 0.411359 0.0644733 0.00622489 0.00276505
 0.465547 0.347345 0.158756 0.0248823 0.0034695
 0.712103 0.177484 0.071758 0.0327975 0.0058572
 0.74937 0.205304 0.0279428 0.0112975 0.00608573
 0.578064 0.351708 0.0575276 0.00782975 0.00487089
 0.685894 0.215209 0.0824362 0.0134838 0.00297688
 0.710871 0.220825 0.0467981 0.0179261 0.00357943
 0.56704 0.340011 0.070991 0.0150447 0.00691359
 0.55231 0.294889 0.119997 0.0250543 0.00774956
 0.216763 0.506655 0.182182 0.074134 0.0202661
 0.424555 0.167709 0.263753 0.0948398 0.0491426
 0.730713 0.142671 0.0369011 0.0580339 0.0316806
pobs_PELACES
 0 0 0 0 0
 0 0 0 0 0
 0 0 0 0 0
 0 0 0 0 0
 0 0 0 0 0
 0 0 0 0 0
 0 0 0 0 0
 0 0 0 0 0
 0 0 0 0 0
 0 0 0 0 0
 0.450072 0.473896 0.0757376 0.000293798 0
 0 0 0 0 0
 0.463077 0.371075 0.160297 0.00555027 0
 0.529543 0.364841 0.0842815 0.0213345 0
 0.631943 0.363953 0.00410389 0 0
 0.735681 0.248677 0.0153453 0.000297389 0
 0.695825 0.281241 0.0229344 0 0
 0.275771 0.60734 0.115278 0.00161068 0
 0 0 0 0 0
 0.896147 0.0623911 0.0374545 0.00400742 0
 0.803859 0.145111 0.0509908 3.86294e-05 0
 0.739449 0.233085 0.0266225 0.000797448 4.60066e-05
 0.878498 0.100942 0.0204185 0.000141795 0
 0.694673 0.275183 0.0284847 0.00165964 0
 0.469039 0.446079 0.0841089 0.000773354 0
 0.822795 0.102175 0.0682046 0.00682512 0
 0 0 0 0 0
ppred_PELACES
 0.810244 0.134311 0.0496278 0.00581512 2.86994e-06
 0.750572 0.205507 0.0310871 0.0114867 0.00134661
 0.608734 0.299051 0.0759769 0.011493 0.00474452
 0.659018 0.217443 0.0944229 0.0239891 0.00512687
 0.67586 0.215654 0.0691814 0.0300415 0.0092635
 0.580041 0.284413 0.0901801 0.0289296 0.0164362
 0.791057 0.125141 0.0567543 0.0179953 0.00905268
 0.765601 0.187684 0.0279788 0.012689 0.00604735
 0.868719 0.102989 0.0226531 0.00337699 0.00226145
 0.652178 0.305858 0.0329207 0.00724107 0.00180233
 0.53 0.311455 0.139417 0.015006 0.00412218
 0.56803 0.238498 0.128208 0.05739 0.00787396
 0.663063 0.198229 0.0765831 0.0411684 0.0209566
 0.843995 0.108022 0.0282295 0.0109061 0.00884713
 0.81751 0.160158 0.0154633 0.00404103 0.00282765
 0.63088 0.313189 0.0490869 0.00473933 0.00210518
 0.592278 0.264981 0.121112 0.0189821 0.0026468
 0.804076 0.120784 0.048834 0.0223199 0.00398604
 0.823861 0.144284 0.0196377 0.00793968 0.00427696
 0.674204 0.271569 0.0444196 0.0060457 0.00376103
 0.758969 0.165142 0.0632578 0.0103468 0.00228432
 0.780552 0.167606 0.0355195 0.0136058 0.00271677
 0.653102 0.272425 0.0568798 0.0120542 0.00553935
 0.640599 0.236734 0.0963326 0.0201133 0.00622126
 0.285761 0.462022 0.166133 0.0676033 0.0184808
 0.520601 0.139717 0.219731 0.0790104 0.0409404
 0.807053 0.102225 0.02644 0.0415818 0.0226994
pobs_pel_tallas
 0 0 0 0 0 0 0 0 0 0 0 0 0 0 0 0 0 0 0 0 0 0 0 0 0 0 0 0 0 0 0 0 0 0 0 0
 0 0 0 0 0 0 0 0 0 0 0 0 0 0 0 0 0 0 0 0 0 0 0 0 0 0 0 0 0 0 0 0 0 0 0 0
 0 0 0 0 0 0 0 0 0 0 0 0 0 0 0 0 0 0 0 0 0 0 0 0 0 0 0 0 0 0 0 0 0 0 0 0
 0 0 0 0 0 0 0 0 0 0 0 0 0 0 0 0 0 0 0 0 0 0 0 0 0 0 0 0 0 0 0 0 0 0 0 0
 0 0 0 0 0 0 0 0 0 0 0 0 0 0 0 0 0 0 0 0 0 0 0 0 0 0 0 0 0 0 0 0 0 0 0 0
 0 0 0 0 0 0 0 0 0 0 0 0 0 0 0 0 0 0 0 0 0 0 0 0 0 0 0 0 0 0 0 0 0 0 0 0
 0 0 0 0 0 0 0 0 0 0 0 0 0 0 0 0 0 0 0 0 0 0 0 0 0 0 0 0 0 0 0 0 0 0 0 0
 0 0 0 0 0 0 0 0 0 0 0 0 0 0 0 0 0 0 0 0 0 0 0 0 0 0 0 0 0 0 0 0 0 0 0 0
 0 0 0 0 0 0 0 0 0 0 0 0 0 0 0 0 0 0 0 0 0 0 0 0 0 0 0 0 0 0 0 0 0 0 0 0
 0 0 0 0 0 0 0 0 0 0 0 0 0 0 0 0 0 0 0 0 0 0 0 0 0 0 0 0 0 0 0 0 0 0 0 0
 0 0 0 0 0 0 0 0 1.78061e-05 0.00172719 0.00360574 0.0105946 0.0120993 0.0124554 0.0147524 0.0171206 0.0266825 0.0428682 0.0675386 0.121331 0.153587 0.119568 0.100827 0.0573624 0.0630603 0.0341343 0.0324427 0.0444173 0.0211091 0.0280891 0.0125444 0.00206551 0 0 0 0
 0 0 0 0 0 0 0 0 0 0 0 0 0 0 0 0 0 0 0 0 0 0 0 0 0 0 0 0 0 0 0 0 0 0 0 0
 0 0 0 0 0 0 0.0133647 0.0140871 0.0187388 0.0205184 0.03894 0.0496705 0.03968 0.0493445 0.0407372 0.0367815 0.0215668 0.0243155 0.0234873 0.0199281 0.019796 0.0243948 0.0301388 0.0376714 0.0412746 0.0863199 0.0771752 0.113111 0.0741005 0.0525337 0.0229764 0.00759418 0.00175318 0 0 0
 0 0 0 0 0 0 0 0 0 0 0.00219441 0.00772107 0.0458388 0.0604681 0.0671733 0.0775358 0.0609151 0.0617685 0.073594 0.0568108 0.0755445 0.0548602 0.0670107 0.0636378 0.0643287 0.046367 0.0373049 0.0286899 0.0247887 0.0153202 0.00654259 0.00121912 0.000365735 0 0 0
 0 0 0 0 0 0 0 0 0 0 0 0 0.000112435 0.00938835 0.0111873 0.0202946 0.0414886 0.0713402 0.111592 0.104902 0.108894 0.110636 0.117776 0.105296 0.107544 0.0401394 0.0192827 0.0124803 0.00416011 0.0028671 0.000618394 0 0 0 0 0
 0 0 0 0 0 0 0 0 0 0 0.00291406 0.0102884 0.027416 0.0768956 0.0749926 0.110853 0.0956884 0.0897413 0.0766577 0.0534642 0.0500743 0.0551293 0.0594112 0.0620874 0.0668451 0.0424026 0.0208742 0.0120726 0.0048766 0.00582813 0.00118941 0.000297354 0 0 0 0
 0 0.00264628 0.0354308 0.0461629 0.0458689 0.0383711 0.0214643 0.0164657 0.0346957 0.0420465 0.0363128 0.0245516 0.0311673 0.0291091 0.0169068 0.0133784 0.00837989 0.0085269 0.0148486 0.0160247 0.0276389 0.0546898 0.0760071 0.122758 0.109233 0.0665981 0.0333725 0.0166128 0.00676272 0.00308733 0.000882094 0 0 0 0 0
 0 0 0 0 0 0 0 0.000805153 0.000690131 0.00759144 0.0133425 0.0154129 0.00931677 0.000345066 0.00356568 0.00563607 0.00851162 0.0253048 0.0502646 0.0516448 0.0657925 0.0565908 0.0611916 0.0827007 0.0866115 0.110766 0.145733 0.0935128 0.0569358 0.0249597 0.0138026 0.00621118 0.00161031 0.00115022 0 0
 0 0 0 0 0 0 0 0 0 0 0 0 0 0 0 0 0 0 0 0 0 0 0 0 0 0 0 0 0 0 0 0 0 0 0 0
 0.00147267 0.00158595 0.00478618 0.00569244 0.00954404 0.0108468 0.00647125 0.017049 0.0510054 0.094081 0.124002 0.0959785 0.0687766 0.0820023 0.061753 0.0591476 0.0492212 0.0479892 0.0443925 0.0268479 0.0217502 0.0140895 0.0121071 0.0120363 0.00920419 0.00665534 0.0049561 0.00860946 0.00930331 0.0156896 0.0114698 0.00855282 0.00243557 0.00046729 0 2.83206e-05
 0 0 0 0 0.000772559 0.00158375 0.000888443 0.00281984 0.00712685 0.0440552 0.0773331 0.111326 0.0921469 0.0852325 0.0710754 0.0886704 0.0786465 0.0553345 0.0373146 0.0185414 0.00753245 0.00457741 0.012979 0.0271748 0.0457355 0.0583668 0.034881 0.0177882 0.00938659 0.00492506 0.0015258 0.00185414 0.000309023 5.79419e-05 3.86279e-05 0
 0 0.00173294 0.00326652 0 0.00397197 0.00683976 0.00946217 0.0152591 0.00757587 0.0136028 0.0228656 0.0392903 0.0559909 0.0764795 0.0681675 0.0726916 0.0566044 0.0477403 0.0527397 0.0444891 0.0609904 0.0582453 0.0661739 0.0445044 0.0529084 0.0360697 0.0280645 0.0235558 0.0158879 0.00826598 0.00280645 0.00217768 0.000904811 0.00058276 9.20147e-05 0
 0 0 0 0 0 0 0 0 0 0 0 0 0 0 0 0 0 0 0 0 0 0 0 0 0 0 0 0 0 0 0 0 0 0 0 0
 0 0 0 0 0 0 0 0 0 0 0 0 0 0 0 0 0 0 0 0 0 0 0 0 0 0 0 0 0 0 0 0 0 0 0 0
 0 0 0 0 0 0 0 0 0 0 0 0 0 0 0 0 0 0 0 0 0 0 0 0 0 0 0 0 0 0 0 0 0 0 0 0
 0 0 0 0 0 0 0 0 0 0 0 0 0 0 0 0 0 0 0 0 0 0 0 0 0 0 0 0 0 0 0 0 0 0 0 0
 0 0 0 0 0 0 0 0 0 0 0 0 0 0 0 0 0 0 0 0 0 0 0 0 0 0 0 0 0 0 0 0 0 0 0 0
ppred_pel_tallas
 1.00949e-16 3.53486e-05 0.000207476 0.000986265 0.0037972 0.0118413 0.02991 0.0611994 0.101443 0.136231 0.148233 0.130722 0.0935092 0.0544393 0.0261712 0.0111042 0.00535687 0.00436878 0.00534996 0.00708717 0.00910607 0.0111451 0.0129751 0.0143847 0.0152137 0.0153869 0.0149267 0.0139417 0.0125933 0.0110561 0.00948203 0.00798 0.00661223 0.00540273 0.00435169 0.00344868
 1.00966e-16 3.27495e-05 0.000192211 0.000913677 0.0035177 0.0109696 0.0277084 0.0566953 0.0939796 0.126215 0.137354 0.121173 0.086776 0.0507166 0.0247503 0.0111337 0.00630367 0.00605622 0.00780335 0.0103825 0.0132757 0.0161274 0.0185962 0.0203673 0.0212129 0.0210444 0.0199309 0.0180761 0.015763 0.0132866 0.010894 0.00875109 0.00693603 0.00545598 0.00427402 0.00333554
 1.01793e-16 2.65686e-05 0.000155914 0.000741101 0.0028532 0.00889738 0.0224743 0.0459866 0.0762327 0.102393 0.111463 0.0984099 0.0706454 0.0416336 0.0209617 0.0105226 0.00748975 0.00850053 0.0114662 0.0153979 0.0197624 0.0240977 0.0279165 0.0307571 0.0322771 0.0323294 0.0309915 0.0285342 0.0253454 0.0218348 0.0183519 0.0151381 0.0123179 0.00992107 0.00791822 0.00625553
 1.02476e-16 2.87579e-05 0.000168775 0.000802259 0.00308871 0.00963181 0.0243292 0.0497814 0.0825204 0.110829 0.120621 0.106438 0.0762809 0.0446989 0.0220325 0.010287 0.00636042 0.00658672 0.00871077 0.0117149 0.0151281 0.0186015 0.0217813 0.024327 0.0259746 0.0265904 0.0261933 0.0249357 0.0230536 0.0208041 0.018412 0.0160397 0.0137829 0.0116857 0.00976226 0.00801627
 1.02518e-16 2.94921e-05 0.000173086 0.000822754 0.00316762 0.00987789 0.0249508 0.0510532 0.0846283 0.113659 0.123699 0.109148 0.0782105 0.045804 0.0225289 0.0104363 0.00633861 0.0064699 0.00851271 0.0114217 0.0147164 0.0180471 0.0210636 0.0234334 0.0249041 0.0253567 0.024826 0.0234797 0.0215657 0.0193479 0.0170507 0.0148287 0.0127636 0.0108806 0.0091742 0.00762991
 1.03135e-16 2.53168e-05 0.000148567 0.000706173 0.00271872 0.00847802 0.021415 0.0438191 0.0726398 0.0975675 0.10621 0.0937747 0.0673223 0.0396843 0.0199981 0.0100707 0.00721343 0.00822872 0.0111348 0.0149993 0.0193252 0.0236822 0.0276132 0.0306803 0.0325516 0.0330724 0.0322927 0.0304387 0.0278437 0.0248619 0.0217946 0.0188496 0.0161363 0.0136871 0.0114911 0.00952427
 1.01888e-16 3.45116e-05 0.000202563 0.000962909 0.00370728 0.0115608 0.0292017 0.0597501 0.0990408 0.133004 0.144721 0.127623 0.0912879 0.0531374 0.0255295 0.0108063 0.00517848 0.00419607 0.00514023 0.00683506 0.00882952 0.0108824 0.0127842 0.014339 0.0153942 0.0158701 0.0157728 0.015183 0.0142276 0.0130451 0.0117557 0.0104453 0.00916424 0.00793633 0.0067719 0.00567844
 1.01177e-16 3.34041e-05 0.000196055 0.000931959 0.00358809 0.0111891 0.0282629 0.0578297 0.0958594 0.128737 0.140094 0.123577 0.088471 0.0516526 0.0251052 0.011121 0.00605613 0.0056163 0.00716196 0.00951721 0.0121747 0.0148031 0.0170902 0.0187494 0.0195732 0.0194803 0.0185321 0.0169116 0.0148734 0.0126817 0.0105569 0.00864514 0.00701386 0.00566707 0.00457059 0.00367617
 1.00577e-16 3.78971e-05 0.000222441 0.00105742 0.00407116 0.0126956 0.032068 0.0656145 0.10876 0.146053 0.15891 0.140113 0.100171 0.0582062 0.0277722 0.0114208 0.0049688 0.00350942 0.00404493 0.00528536 0.00675398 0.00822211 0.0095092 0.010455 0.0109428 0.010924 0.0104283 0.00955214 0.00843207 0.00721169 0.00601273 0.00491832 0.00397005 0.00317573 0.00252214 0.00198744
 1.00901e-16 2.84631e-05 0.000167036 0.000793976 0.00305678 0.00953223 0.0240778 0.0492677 0.0816712 0.109696 0.119407 0.105412 0.0756464 0.044528 0.0223198 0.011038 0.00764049 0.00851065 0.0113987 0.0152384 0.0194597 0.0235781 0.0270918 0.0295346 0.0305731 0.030085 0.0281878 0.0252019 0.0215677 0.0177411 0.0141035 0.0109087 0.00827309 0.0062001 0.00462181 0.00344026
 1.02789e-16 2.31361e-05 0.000135761 0.000645286 0.00248428 0.00774692 0.0195683 0.0400409 0.0663783 0.0891624 0.0970743 0.0857405 0.0616249 0.0364679 0.018641 0.00982247 0.00758351 0.00902509 0.0123451 0.0166784 0.0215299 0.0264393 0.0309032 0.0344321 0.0366462 0.0373553 0.0365913 0.0345809 0.0316747 0.0282559 0.0246628 0.021143 0.0178456 0.0148399 0.0121466 0.0097648
 1.04238e-16 2.47913e-05 0.000145486 0.000691533 0.00266238 0.00830231 0.0209711 0.0429106 0.0711326 0.0955401 0.103996 0.0918003 0.0658639 0.0387429 0.0193741 0.00951527 0.00652434 0.00726907 0.0098217 0.0133011 0.0172722 0.0213796 0.0252452 0.0284959 0.0308326 0.0320878 0.0322506 0.0314475 0.0298922 0.0278231 0.0254505 0.0229294 0.0203583 0.0177961 0.0152846 0.0128653
 1.03546e-16 2.89334e-05 0.000169807 0.000807171 0.00310762 0.00969081 0.0244783 0.0500862 0.083025 0.111505 0.121352 0.10707 0.0767089 0.0448981 0.0220347 0.0101273 0.00604624 0.00609739 0.00801282 0.0107793 0.0139451 0.017192 0.0202029 0.0226735 0.0243676 0.0251647 0.0250785 0.0242385 0.0228445 0.0211097 0.0192146 0.0172823 0.0153786 0.0135282 0.0117381 0.0100155
 1.01225e-16 3.68192e-05 0.000216112 0.00102733 0.00395532 0.0123343 0.0311555 0.0637475 0.105666 0.141898 0.154392 0.136134 0.0973389 0.0565844 0.0270438 0.0112008 0.00499673 0.00366935 0.00430963 0.00566485 0.0072687 0.00889208 0.0103497 0.011475 0.012144 0.0123016 0.011971 0.0112423 0.0102459 0.00911853 0.0079751 0.00689279 0.00590949 0.00503266 0.00425286 0.00355597
 1.00543e-16 3.56664e-05 0.00020934 0.00099512 0.00383129 0.0119475 0.0301785 0.061749 0.102355 0.137457 0.149572 0.131914 0.0943868 0.0550001 0.0265331 0.0114137 0.00573114 0.00488442 0.00605049 0.00798584 0.0101809 0.0123324 0.0141687 0.015445 0.0159874 0.0157329 0.0147436 0.0131882 0.0112974 0.00930952 0.0074234 0.00577032 0.00440935 0.00334039 0.00252621 0.00191442
 1.01061e-16 2.75348e-05 0.000161585 0.000768059 0.00295699 0.00922105 0.0232918 0.0476595 0.0790059 0.106118 0.115517 0.101989 0.0732133 0.0431437 0.0217151 0.0108869 0.00772605 0.00874175 0.0117611 0.0157485 0.0201398 0.0244445 0.0281497 0.0307753 0.0319741 0.0316123 0.0297985 0.0268489 0.0232027 0.0193184 0.015582 0.0122545 0.00946123 0.00721573 0.00546081 0.00410872
 1.02582e-16 2.58498e-05 0.000151697 0.000721058 0.00277604 0.00865676 0.0218664 0.0447427 0.0741701 0.0996209 0.10844 0.0957304 0.0686979 0.0404382 0.0202732 0.0100387 0.00698085 0.00783047 0.0105673 0.0142533 0.0184066 0.0226221 0.02647 0.0295335 0.0314883 0.0321701 0.0316018 0.029971 0.0275697 0.024718 0.0216983 0.0187178 0.0159021 0.0133112 0.0109662 0.0088712
 1.01686e-16 3.50791e-05 0.000205895 0.000978751 0.00376828 0.0117511 0.0296822 0.0607331 0.10067 0.135191 0.1471 0.129716 0.0927758 0.0539846 0.0259012 0.010902 0.00513182 0.0040637 0.00493215 0.00654253 0.00844026 0.0103875 0.0121808 0.0136318 0.014595 0.0149965 0.0148461 0.0142261 0.0132635 0.0120955 0.0108403 0.00958159 0.00836672 0.00721615 0.00613632 0.00513054
 1.00799e-16 3.59427e-05 0.000210963 0.00100284 0.00386103 0.0120403 0.0304127 0.0622281 0.103149 0.138521 0.150727 0.132923 0.0950888 0.055369 0.0266361 0.0113303 0.00550419 0.00451773 0.00552788 0.00729115 0.00931228 0.0113111 0.0130426 0.0142858 0.014882 0.01477 0.0139992 0.0127134 0.0111113 0.00939896 0.00774842 0.0062736 0.00502667 0.00400993 0.00319522 0.00254286
 1.01103e-16 2.94222e-05 0.00017267 0.000820767 0.00315995 0.00985396 0.0248904 0.0509301 0.0844257 0.113392 0.12342 0.108931 0.078118 0.0458763 0.0227987 0.0109513 0.00717199 0.00771166 0.0102476 0.0137002 0.0175248 0.0212841 0.0245316 0.026851 0.0279407 0.0276828 0.026169 0.0236699 0.0205623 0.0172392 0.0140317 0.0111633 0.00874112 0.00677714 0.00522344 0.00400692
 1.01415e-16 3.31141e-05 0.000194355 0.000923877 0.00355698 0.0110921 0.0280178 0.0573281 0.0950275 0.127619 0.138872 0.122491 0.0876723 0.0511452 0.0247829 0.0108519 0.00573603 0.00517829 0.0065695 0.00876094 0.0112763 0.0138203 0.016117 0.0179074 0.0189941 0.0192822 0.0187961 0.0176643 0.0160799 0.0142515 0.0123608 0.0105378 0.00885684 0.00734763 0.00601258 0.00484286
 1.01154e-16 3.40552e-05 0.00019988 0.000950145 0.00365812 0.0114075 0.0288145 0.0589582 0.0977293 0.131246 0.142819 0.125968 0.0901545 0.0525786 0.0254495 0.0110941 0.00578857 0.00514903 0.00648603 0.00861262 0.0110351 0.013449 0.0155738 0.0171514 0.0179925 0.0180176 0.0172729 0.0159125 0.0141545 0.0122277 0.0103251 0.00857736 0.00704894 0.00575094 0.00466235 0.00375008
 1.0157e-16 2.85021e-05 0.000167268 0.000795084 0.00306106 0.00954559 0.0241115 0.0493364 0.0817842 0.109845 0.119562 0.105532 0.0756952 0.0444824 0.0221601 0.0107358 0.00715292 0.00778582 0.0103887 0.0139164 0.0178374 0.0217189 0.0251155 0.0276085 0.0288908 0.0288355 0.0275221 0.0252068 0.0222517 0.0190365 0.0158822 0.0130072 0.0105194 0.00843714 0.0067237 0.00531993
 1.02427e-16 2.79556e-05 0.000164063 0.000779852 0.00300242 0.00936273 0.0236496 0.048391 0.0802163 0.107737 0.117262 0.103488 0.0741985 0.0435424 0.021581 0.010275 0.0066201 0.00706038 0.00940406 0.0126512 0.0163204 0.020038 0.0234187 0.0260927 0.0277751 0.0283254 0.0277714 0.026288 0.0241415 0.0216207 0.0189773 0.0163916 0.0139681 0.0117509 0.00974893 0.00795775
 1.05696e-16 1.24922e-05 7.32582e-05 0.00034811 0.00134003 0.00417856 0.0105552 0.0216005 0.0358177 0.0481398 0.0524848 0.0465314 0.0338239 0.0207807 0.0120339 0.00862944 0.00940011 0.0128905 0.0181564 0.0246356 0.0318188 0.0390817 0.045697 0.050953 0.0543026 0.0554791 0.0545423 0.0518339 0.0478685 0.0431971 0.038292 0.0334827 0.0289494 0.0247581 0.0209125 0.017399
 1.07793e-16 2.27193e-05 0.00013333 0.000633763 0.00243998 0.00760879 0.0192192 0.0393254 0.0651877 0.0875496 0.095283 0.0840743 0.0602445 0.0352853 0.0173672 0.00808093 0.00499136 0.00523168 0.00706812 0.00976426 0.0130316 0.016683 0.0205137 0.024293 0.0277928 0.0308167 0.0332179 0.0349005 0.035811 0.0359256 0.0352449 0.0337964 0.0316435 0.0288928 0.0256945 0.022231
 1.02899e-16 3.5208e-05 0.000206654 0.000982365 0.0037822 0.0117945 0.0297918 0.0609573 0.101041 0.135688 0.147635 0.130177 0.0930817 0.0541141 0.0258723 0.0107333 0.00481913 0.00358084 0.00424344 0.0056178 0.00726852 0.00898779 0.010609 0.0119801 0.0129847 0.0135642 0.0137256 0.0135309 0.0130723 0.0124436 0.0117176 0.0109356 0.0101111 0.00924095 0.00832032 0.00735329
pSPR Fmed_Fpbrs
0.452628   0.6 0.325
Fs Fmed_Fpbrs
0.64   0.355045 1.10972
SSBpbr Bo_Bmed_Bpbrs
1.19129e+06  479645  655207 327604
Ro
37049.1
SPR SPRFo_SPRFmed_SPRFpbrs
765221 346361 248697
log_Ro
10.34
likeval ReclasPelacesDesembMPH_pf_preclas_ppelaces_ptallas_desvR_qrecl_qpela
 76.2859 11.7336 0.0521119 135.678 344.297 222.934 58.2105 0 21.1874 1.04585e-05 3.84671e-05 2.95154e-15 0 0 0
q_reclas_q_pelaces
0.632379 2.41665
M
0.7
N
 43945.3 11387.8 4207.78 493.046 0.243333
 49999 19727.2 2984.14 1102.64 129.265
 25478 22861.5 5808.19 878.606 362.704
 29171.5 11042 4794.9 1218.19 260.349
 42677.4 14043.6 4505.15 1956.33 603.247
 29322.6 21046 6673.13 2140.73 1216.24
 63198.6 13360.1 6059.1 1921.18 966.466
 70619.1 29393.6 4381.84 1987.26 947.091
 163745 31115.1 6843.92 1020.25 683.226
 124145 73092 7867.17 1730.42 430.71
 64504.7 58560.1 26213.3 2821.44 775.058
 46058.4 29034 15607.7 6986.48 958.552
 36189.1 20865.5 8061.09 4333.36 2205.88
 30566.6 15492.6 4048.69 1564.16 1268.86
 19100.6 11122.3 1073.86 280.632 196.368
 9978.53 7415.66 1162.27 112.217 49.8462
 6166.84 4523.46 2067.48 324.041 45.1832
 11263.1 2738.69 1107.27 506.087 90.3803
 20519 5016.38 682.751 276.041 148.698
 18354.3 9449.72 1545.66 210.37 130.871
 34841.2 8622.8 3302.98 540.256 119.275
 68253 16805.5 3561.49 1364.23 272.407
 69809.5 32861.3 6861.13 1454.03 668.184
 79865.6 33732.3 13726.4 2865.95 886.468
 20792.5 38481 13836.9 5630.56 1539.24
 31158.5 10014.8 15750.1 5663.39 2934.57
 87187.2 14855 3842.17 6042.53 3298.6
pred_Ctot
 3052.26 4011.15 1482.12 173.667 0.08571
 2862.64 5950.55 900.141 332.602 38.9918
 2350.01 9969.66 2532.89 383.15 158.171
 642.1 1432.69 622.135 158.06 33.78
 212.969 436.591 140.057 60.8189 18.7539
 1748.13 6561.52 2080.49 667.417 379.189
 2892.71 3340.68 1515.08 480.391 241.665
 5765 11719 1747.01 792.307 377.599
 11980 11412.6 2510.25 374.214 250.597
 4485.89 14878.1 1601.38 352.232 87.672
 4366.6 20214.1 9048.47 973.92 267.539
 2921.29 9516.05 5115.49 2289.86 314.171
 3620.07 9637.57 3723.34 2001.54 1018.88
 5980.8 10637.3 2779.85 1073.96 871.205
 3039.73 6873.12 663.598 173.419 121.347
 628.551 2417.13 378.843 36.5772 16.2473
 471.782 1717.05 784.789 123.002 17.1509
 840.451 1019.91 412.355 188.47 33.6582
 1075.96 1407.03 191.503 77.426 41.708
 714.346 2053.44 335.874 45.7139 28.4386
 719.688 1054.54 403.942 66.0713 14.5869
 1497.45 2173.93 460.706 176.474 35.2379
 1354.92 3791.39 791.606 167.76 77.0921
 1710.54 4266.9 1736.3 362.524 112.132
 450.388 4919.04 1768.77 719.756 196.761
 896.812 1662.48 2614.55 940.134 487.144
 4078.55 3784.15 978.75 1539.27 840.282
F
 0.100945 0.639228 0.639228 0.639228 0.639228
 0.0825483 0.522732 0.522732 0.522732 0.522732
 0.136109 0.861901 0.861901 0.861901 0.861901
 0.0310282 0.196484 0.196484 0.196484 0.196484
 0.00696029 0.0440756 0.0440756 0.0440756 0.0440756
 0.0860883 0.545148 0.545148 0.545148 0.545148
 0.0655046 0.414803 0.414803 0.414803 0.414803
 0.119609 0.757417 0.757417 0.757417 0.757417
 0.106593 0.674994 0.674994 0.674994 0.674994
 0.0513943 0.325451 0.325451 0.325451 0.325451
 0.0982706 0.622292 0.622292 0.622292 0.622292
 0.0918161 0.581419 0.581419 0.581419 0.581419
 0.148395 0.939701 0.939701 0.939701 0.939701
 0.310956 1.96911 1.96911 1.96911 1.96911
 0.246126 1.55857 1.55857 1.55857 1.55857
 0.0911599 0.577264 0.577264 0.577264 0.577264
 0.111707 0.707377 0.707377 0.707377 0.707377
 0.108821 0.689104 0.689104 0.689104 0.689104
 0.0753677 0.477261 0.477261 0.477261 0.477261
 0.0554544 0.351162 0.351162 0.351162 0.351162
 0.0290934 0.184232 0.184232 0.184232 0.184232
 0.030926 0.195837 0.195837 0.195837 0.195837
 0.0273151 0.172971 0.172971 0.172971 0.172971
 0.0301804 0.191115 0.191115 0.191115 0.191115
 0.030528 0.193317 0.193317 0.193317 0.193317
 0.0407467 0.258026 0.258026 0.258026 0.258026
 0.0669899 0.424209 0.424209 0.424209 0.424209
Np
 26830.4 12597.1 14097.9 1680.49 585.984
YTP_r0W_actual
 28125.2 70383.3 26463.6 53150.2 32198.2
YTP_p0W_proyectada
 8655.07 191844 33243.6 10980.6 25390.4
 8655.07 59685.2 97101.2 14781.6 5719.89
CTP_r0_actual
 3429.91 3258.49 842.789 1325.44 723.556
CTP_p0_proyectada
 1055.5 8881.68 1058.71 273.83 570.57
 1055.5 2763.2 3092.39 368.619 128.537
Wmedp
 8.2 21.6 31.4 40.1 44.5
nmprior
 10.8 10.6 4.6 0
nm_flota  nm_reclas  nm_pelaces    nm_pelaL
inf 13.2502 11.0912 29.0382
cv_recla  cv_pelaces  cv_mph
0.756402 0.375238 0.466962
 ------------------------------------------------
Talla a la edad & desviaci?n 
 7.2 14.2025 17.0495 18.207 18.6776
 1.08 2.13037 2.55742 2.73105 2.80164
