years
 1997 1998 1999 2000 2001 2002 2003 2004 2005 2006 2007 2008 2009 2010 2011 2012 2013 2014 2015 2016 2017 2018 2019 2020 2021 2022 2023
reclasobs
 0 0 0 370054 412103 1.49427e+06 250295 1.28982e+06 931140 785840 897777 1.04006e+06 184774 17550 25797 100020 73551 82996 120727 218422 84188 347160 605670 569463 516374 1.08416e+06 1.01767e+06
reclaspred
 3.42094e+06 555556 786380 198763 251048 308800 586938 464228 660408 1.0827e+06 1.03528e+06 717734 461271 143198 106360 124144 93026.1 74051.4 99161.7 147226 190972 248513 546285 633673 895260 623809 216578
pelacesobs
 0 0 0 0 0 0 0 0 0 2.06254e+06 1.5e+06 0 1.87456e+06 323000 250000 174000 83755 137374 0 501740 490994 745055 786931 1.00524e+06 1.33801e+06 1.41789e+06 0
pelacespred
 5.65325e+06 2.06139e+06 657200 396733 689097 432502 1.89069e+06 1.13256e+06 2.07356e+06 2.87846e+06 1.93938e+06 1.62139e+06 998125 285737 230174 237810 163601 151055 207086 255525 481921 532738 877668 1.30173e+06 1.50743e+06 1.06132e+06 240219
mphobs
 0 0 0 0 0 0 112323 0 153150 637223 0 255016 313432 73983 77613 109348 50772 17779 17303 59886 28197 0 207744 136588 643089 65757 70829
mphpred
 790596 331012 189548 74262.3 54441.6 140775 153029 263536 225939 421797 449726 276659 217157 119231 63085.9 60434 40351.1 30899.3 27599.6 39572.3 45208.4 72018 117773 159434 220951 134937 89834.9
desembarqueobs
 350755 77701 442110 56441 14545 235359 269955 359681 431902 328805 639364 411747 362871 311530 167758 66681 60226 58785 57116 73181 50977 67692 138656 160484 209506 203330 245020
desembarquepred
 350738 77670.4 441496 56413.9 14543.1 235193 269791 358874 431102 328639 638377 410992 362444 310437 167330 66665.9 60232.7 58652.5 56962.5 73133.9 50952.2 67598.2 138632 160385 209552 203185 244516
Reclutas
 14090.9 30107.2 2704.5 6186.6 36577.2 11714.9 61426.8 39160 110244 102203 52278.2 69111.1 43134.4 30194.6 16261.4 8652.93 4698.44 6892.81 12088.2 6337.26 16436.8 29622.5 27626.1 54295.3 5683.31 27424.9 2691.12
log_desv_Rt
 -0.306716 0.45252 -1.95733 -1.12986 0.64718 -0.491383 1.1656 0.71541 1.75045 1.67472 1.00433 1.28347 0.812076 0.455417 -0.163451 -0.794347 -1.40501 -1.02177 -0.460011 -1.1058 -0.152719 0.436289 0.366516 1.04219 -1.21471 0.359208 -1.96229
SSB
 1.0453e+06 437653 250614 98187.2 71980.9 186129 192691 340811 286393 542948 594613 365789 300443 128589 71597 67660.3 50132.3 37064.2 45382.7 70243.2 73037.6 111789 189793 240965 377739 250754 155417
BT
 1.60012e+06 572620 381325 157553 251218 291856 978293 755960 1.22991e+06 1.23323e+06 1.13066e+06 925911 673599 385980 222676 124053 99267.2 102134 117661 127252 207787 215758 325593 525206 494861 464619 251924
Ftot
 0.296565 0.470906 1.52604 0.924806 0.251351 1.84318 1.89805 2.18061 2.6285 0.954231 1.66633 1.78077 2.17456 4.95303 4.20452 1.44698 1.76843 2.42661 1.84389 1.33454 0.928491 0.865118 0.721355 0.831143 0.631265 1.05408 2.4767
BD_Bspro_t
 0.962142 0.753805 0.539997 0.19544 0.248347 0.504077 0.360261 0.437304 0.359891 0.464472 0.445119 0.275234 0.240869 0.131115 0.0876791 0.0997585 0.105069 0.111114 0.167883 0.284623 0.316543 0.478607 0.566639 0.549037 0.590405 0.415433 0.300033
BD_Bspro
 2.64295 1.10657 0.633655 0.248257 0.181997 0.470609 0.487202 0.86171 0.724118 1.37279 1.50342 0.924864 0.759642 0.325127 0.181027 0.171073 0.126755 0.0937134 0.114746 0.177604 0.184669 0.282649 0.479875 0.609259 0.955078 0.63401 0.392957
BD_Bo
 1.97363 0.826335 0.473186 0.185388 0.135907 0.35143 0.363821 0.643487 0.540739 1.02514 1.12269 0.690648 0.567267 0.24279 0.135183 0.12775 0.094655 0.069981 0.0856872 0.132627 0.137903 0.21107 0.358349 0.454968 0.71321 0.47345 0.293443
BD_Brms
 3.58843 1.50243 0.860338 0.337068 0.247104 0.638964 0.661492 1.16998 0.983162 1.86389 2.04125 1.25572 1.03139 0.441437 0.245787 0.232272 0.1721 0.127238 0.155795 0.241139 0.250732 0.383764 0.651545 0.827214 1.29675 0.860819 0.533533
S_f
 0.086539 0.750437 0.989631 0.99967 0.99999
 0.086539 0.750437 0.989631 0.99967 0.99999
 0.086539 0.750437 0.989631 0.99967 0.99999
 0.086539 0.750437 0.989631 0.99967 0.99999
 0.086539 0.750437 0.989631 0.99967 0.99999
 0.086539 0.750437 0.989631 0.99967 0.99999
 0.086539 0.750437 0.989631 0.99967 0.99999
 0.086539 0.750437 0.989631 0.99967 0.99999
 0.086539 0.750437 0.989631 0.99967 0.99999
 0.086539 0.750437 0.989631 0.99967 0.99999
 0.086539 0.750437 0.989631 0.99967 0.99999
 0.086539 0.750437 0.989631 0.99967 0.99999
 0.086539 0.750437 0.989631 0.99967 0.99999
 0.086539 0.750437 0.989631 0.99967 0.99999
 0.086539 0.750437 0.989631 0.99967 0.99999
 0.086539 0.750437 0.989631 0.99967 0.99999
 0.086539 0.750437 0.989631 0.99967 0.99999
 0.086539 0.750437 0.989631 0.99967 0.99999
 0.086539 0.750437 0.989631 0.99967 0.99999
 0.086539 0.750437 0.989631 0.99967 0.99999
 0.086539 0.750437 0.989631 0.99967 0.99999
 0.086539 0.750437 0.989631 0.99967 0.99999
 0.086539 0.750437 0.989631 0.99967 0.99999
 0.086539 0.750437 0.989631 0.99967 0.99999
 0.086539 0.750437 0.989631 0.99967 0.99999
 0.086539 0.750437 0.989631 0.99967 0.99999
 0.086539 0.750437 0.989631 0.99967 0.99999
Scru_reclas
 0.159942 0.489322 0.828243 0.960425 0.991879
 0.159942 0.489322 0.828243 0.960425 0.991879
 0.159942 0.489322 0.828243 0.960425 0.991879
 0.159942 0.489322 0.828243 0.960425 0.991879
 0.159942 0.489322 0.828243 0.960425 0.991879
 0.159942 0.489322 0.828243 0.960425 0.991879
 0.159942 0.489322 0.828243 0.960425 0.991879
 0.159942 0.489322 0.828243 0.960425 0.991879
 0.159942 0.489322 0.828243 0.960425 0.991879
 0.159942 0.489322 0.828243 0.960425 0.991879
 0.159942 0.489322 0.828243 0.960425 0.991879
 0.159942 0.489322 0.828243 0.960425 0.991879
 0.159942 0.489322 0.828243 0.960425 0.991879
 0.159942 0.489322 0.828243 0.960425 0.991879
 0.159942 0.489322 0.828243 0.960425 0.991879
 0.159942 0.489322 0.828243 0.960425 0.991879
 0.159942 0.489322 0.828243 0.960425 0.991879
 0.159942 0.489322 0.828243 0.960425 0.991879
 0.159942 0.489322 0.828243 0.960425 0.991879
 0.159942 0.489322 0.828243 0.960425 0.991879
 0.159942 0.489322 0.828243 0.960425 0.991879
 0.159942 0.489322 0.828243 0.960425 0.991879
 0.159942 0.489322 0.828243 0.960425 0.991879
 0.159942 0.489322 0.828243 0.960425 0.991879
 0.159942 0.489322 0.828243 0.960425 0.991879
 0.159942 0.489322 0.828243 0.960425 0.991879
 0.159942 0.489322 0.828243 0.960425 0.991879
Scru_pelaces
 0.400213 0.770542 0.944135 0.988379 0.997669
 0.400213 0.770542 0.944135 0.988379 0.997669
 0.400213 0.770542 0.944135 0.988379 0.997669
 0.400213 0.770542 0.944135 0.988379 0.997669
 0.400213 0.770542 0.944135 0.988379 0.997669
 0.400213 0.770542 0.944135 0.988379 0.997669
 0.400213 0.770542 0.944135 0.988379 0.997669
 0.400213 0.770542 0.944135 0.988379 0.997669
 0.400213 0.770542 0.944135 0.988379 0.997669
 0.400213 0.770542 0.944135 0.988379 0.997669
 0.400213 0.770542 0.944135 0.988379 0.997669
 0.400213 0.770542 0.944135 0.988379 0.997669
 0.400213 0.770542 0.944135 0.988379 0.997669
 0.400213 0.770542 0.944135 0.988379 0.997669
 0.400213 0.770542 0.944135 0.988379 0.997669
 0.400213 0.770542 0.944135 0.988379 0.997669
 0.400213 0.770542 0.944135 0.988379 0.997669
 0.400213 0.770542 0.944135 0.988379 0.997669
 0.400213 0.770542 0.944135 0.988379 0.997669
 0.400213 0.770542 0.944135 0.988379 0.997669
 0.400213 0.770542 0.944135 0.988379 0.997669
 0.400213 0.770542 0.944135 0.988379 0.997669
 0.400213 0.770542 0.944135 0.988379 0.997669
 0.400213 0.770542 0.944135 0.988379 0.997669
 0.400213 0.770542 0.944135 0.988379 0.997669
 0.400213 0.770542 0.944135 0.988379 0.997669
 0.400213 0.770542 0.944135 0.988379 0.997669
pf_obs 
 0.256992 0.487395 0.22802 0.0275931 0
 0.321318 0.546541 0.124235 0.00734118 0.000564706
 0.182869 0.594174 0.210203 0.0122559 0.00049798
 0.330522 0.361315 0.267642 0.0388342 0.00168674
 0.649043 0.306663 0.0425973 0.00169635 0
 0.582887 0.30429 0.105238 0.00758474 0
 0.465427 0.430635 0.0974691 0.00646863 0
 0.296916 0.608066 0.0921331 0.00288517 0
 0.311714 0.524322 0.152257 0.0117073 0
 0.15457 0.633149 0.183074 0.0267441 0.00246327
 0.131901 0.49318 0.331252 0.0422183 0.00144891
 0.196976 0.569456 0.194076 0.0375587 0.00193317
 0.518974 0.381816 0.0799577 0.0180837 0.00116848
 0.0928022 0.601141 0.25162 0.0475244 0.00691264
 0.122501 0.610282 0.24278 0.0234846 0.000952079
 0.383417 0.481906 0.127806 0.00687128 0
 0.0376549 0.599619 0.316969 0.0457579 0
 0.0361596 0.667082 0.258105 0.0386534 0
 0.158088 0.579412 0.248529 0.0139706 0
 0.0477256 0.309471 0.559284 0.082774 0.000745712
 0.0406174 0.521527 0.379366 0.0568643 0.0016247
 0.151134 0.462217 0.34131 0.0453401 0
 0.294876 0.26143 0.354403 0.0886775 0.000613685
 0.281977 0.475581 0.204845 0.0348837 0.00271318
 0.0841818 0.532909 0.334909 0.0458182 0.00218182
 0.115287 0.27431 0.454777 0.147771 0.00785563
 0 0 0 0 0
pf_pred 
 0.0374344 0.636475 0.287844 0.0382438 3.44241e-06
 0.125938 0.216521 0.478059 0.158644 0.0208375
 0.0196915 0.609192 0.117515 0.185021 0.0685808
 0.157331 0.201617 0.471131 0.0545565 0.115364
 0.531081 0.332136 0.0439562 0.0685094 0.0243169
 0.099548 0.820385 0.0615596 0.00599403 0.0125133
 0.600196 0.260154 0.132388 0.0056136 0.0016489
 0.224383 0.750488 0.019334 0.0055001 0.00029475
 0.557041 0.377092 0.0647265 0.000882587 0.000257843
 0.253257 0.722552 0.0222994 0.00186011 3.18203e-05
 0.13519 0.682432 0.178434 0.00363974 0.000303901
 0.286297 0.512648 0.173923 0.0265572 0.000574531
 0.20285 0.700941 0.0786381 0.0152447 0.00232575
 0.308078 0.585865 0.0989087 0.00587029 0.00127837
 0.312413 0.671158 0.0156062 0.000769749 5.28469e-05
 0.199307 0.767344 0.0330688 0.000266682 1.34529e-05
 0.147971 0.659225 0.187844 0.00491801 4.08509e-05
 0.35051 0.490507 0.136192 0.0222171 0.000573636
 0.426847 0.532106 0.0352927 0.00494818 0.000805464
 0.157989 0.777509 0.0618127 0.00231931 0.000369578
 0.379469 0.435641 0.175839 0.0086806 0.000370584
 0.334534 0.581786 0.0652698 0.0175227 0.00088786
 0.192841 0.676325 0.119333 0.00900064 0.00250022
 0.300177 0.491618 0.183789 0.0222976 0.00211819
 0.0249389 0.800356 0.135865 0.0343453 0.00449433
 0.238805 0.151757 0.529191 0.0625977 0.0176496
 0.0366192 0.807098 0.0433944 0.0982399 0.0146481
pobs_RECLAS
 0 0 0 0 0
 0 0 0 0 0
 0 0 0 0 0
 0 0 0 0 0
 0.835266 0.146461 0.0176864 0.000547809 3.91292e-05
 0.385257 0.428462 0.181853 0.0044286 0
 0.867414 0.0963971 0.0333333 0.00285562 0
 0.441836 0.489002 0.0689373 0.000224442 0
 0.779404 0.147425 0.0564933 0.0165055 0.000172143
 0.814271 0.122319 0.05973 0.00367925 0
 0.40263 0.566651 0.0304383 0.000280538 0
 0.475488 0.404961 0.113038 0.00651328 0
 0.955842 0.0263864 0.0167828 0.000988607 0
 0.975058 0.0227948 0.00214734 0 0
 0.738997 0.206755 0.0527124 0.00153531 0
 0.850938 0.134255 0.0134407 0.00136685 0
 0.542534 0.407297 0.0501686 0 0
 0.764087 0.199537 0.0359546 0.000420521 0
 0.470689 0.182191 0.310203 0.0369168 0
 0.84361 0.089868 0.0606195 0.00523954 0.000663233
 0.607945 0.314616 0.071237 0.00620181 0
 0.523733 0.453247 0.0230204 0 0
 0.530135 0.295979 0.169645 0.0042399 0
 0.562478 0.366248 0.0663022 0.0049721 0
 0.250443 0.683176 0.0655157 0.000865301 0
 0.195077 0.31981 0.436473 0.0351445 0.0134964
 0.565238 0.351407 0.0832357 0.000118908 0
ppred_RECLAS
 0.0921114 0.545191 0.314706 0.0479873 4.45945e-06
 0.25161 0.149138 0.418352 0.159298 0.0216014
 0.0532795 0.52128 0.121818 0.219594 0.0840278
 0.311842 0.133512 0.389877 0.0517645 0.113004
 0.743328 0.162202 0.0274279 0.0490636 0.0179792
 0.261756 0.658912 0.0587032 0.00653835 0.0140905
 0.82254 0.108208 0.0651354 0.00315879 0.000957808
 0.495095 0.485435 0.0144968 0.00471231 0.000260681
 0.817442 0.152644 0.02932 0.000456097 0.000137539
 0.50222 0.477594 0.0183957 0.00175928 3.107e-05
 0.32475 0.510779 0.160403 0.0037447 0.000322771
 0.551425 0.303765 0.122866 0.0214646 0.000479364
 0.458827 0.465137 0.0605191 0.0134059 0.00211122
 0.712264 0.247393 0.0372817 0.00249923 0.000561608
 0.682161 0.310452 0.00697011 0.000389639 2.76065e-05
 0.436216 0.535428 0.028083 0.000259354 1.35063e-05
 0.350479 0.481031 0.163549 0.00489914 4.20091e-05
 0.646626 0.256771 0.0810969 0.0151035 0.000402539
 0.706042 0.268824 0.0211685 0.00339494 0.00057048
 0.36383 0.577159 0.0561985 0.0024155 0.000397358
 0.629625 0.241424 0.121756 0.00689163 0.000303738
 0.590895 0.344921 0.0484796 0.0149245 0.000780698
 0.402647 0.479011 0.106488 0.00921244 0.00264195
 0.540802 0.298051 0.139791 0.0194489 0.00190741
 0.0663253 0.72648 0.155883 0.0452047 0.00610701
 0.438678 0.0921601 0.399267 0.0541369 0.0157581
 0.114709 0.712476 0.0434007 0.112153 0.0172616
pobs_PELACES
 0 0 0 0 0
 0 0 0 0 0
 0 0 0 0 0
 0 0 0 0 0
 0 0 0 0 0
 0 0 0 0 0
 0 0 0 0 0
 0 0 0 0 0
 0 0 0 0 0
 0 0 0 0 0
 0.450072 0.473896 0.0757376 0.000293798 0
 0 0 0 0 0
 0.463077 0.371075 0.160297 0.00555027 0
 0.529543 0.364841 0.0842815 0.0213345 0
 0.631943 0.363953 0.00410389 0 0
 0.735681 0.248677 0.0153453 0.000297389 0
 0.695825 0.281241 0.0229344 0 0
 0.275771 0.60734 0.115278 0.00161068 0
 0 0 0 0 0
 0.896147 0.0623911 0.0374545 0.00400742 0
 0.803859 0.145111 0.0509908 3.86294e-05 0
 0.739449 0.233085 0.0266225 0.000797448 4.60066e-05
 0.878498 0.100942 0.0204185 0.000141795 0
 0.694673 0.275183 0.0284847 0.00165964 0
 0.469039 0.446079 0.0841089 0.000773354 0
 0.822795 0.102175 0.0682046 0.00682512 0
 0 0 0 0 0
ppred_PELACES
 0.163632 0.571159 0.233143 0.0320628 2.91213e-06
 0.444323 0.149495 0.292489 0.100389 0.0133046
 0.132647 0.584627 0.0876761 0.141964 0.0530858
 0.551186 0.121272 0.238309 0.0284773 0.0607558
 0.847643 0.110165 0.0132202 0.0213319 0.00764004
 0.46835 0.495449 0.0276263 0.00276096 0.00581438
 0.929136 0.0507526 0.0190381 0.000828286 0.000245425
 0.718504 0.274956 0.00500411 0.00145792 7.88093e-05
 0.931386 0.0615359 0.00695312 9.68e-05 2.85227e-05
 0.667015 0.323876 0.00837527 0.000720826 1.24411e-05
 0.547305 0.376042 0.0749494 0.00157094 0.000132321
 0.766897 0.17998 0.0457876 0.00717895 0.000156671
 0.696954 0.276123 0.021905 0.00434914 0.000669281
 0.926188 0.0683985 0.00504703 0.000300472 6.59587e-05
 0.896534 0.10221 0.00119201 5.93251e-05 4.10642e-06
 0.632186 0.355663 0.0120462 9.99549e-05 5.08687e-06
 0.583021 0.341825 0.0731696 0.00196718 1.64836e-05
 0.847948 0.124522 0.0235068 0.00392068 0.000102105
 0.855296 0.136831 0.00674326 0.000970385 0.000159344
 0.557219 0.415256 0.0263434 0.0010177 0.000163606
 0.789115 0.15537 0.0527135 0.00268536 0.000115666
 0.74559 0.226604 0.021534 0.00596766 0.000305082
 0.572705 0.366091 0.055653 0.00433621 0.00121533
 0.717548 0.207441 0.0659576 0.00826172 0.00079186
 0.122666 0.736338 0.108814 0.028428 0.00375345
 0.687164 0.0721167 0.208111 0.025386 0.00722146
 0.279829 0.635745 0.0230558 0.0533477 0.00802309
pobs_pel_tallas
 0 0 0 0 0 0 0 0 0 0 0 0 0 0 0 0 0 0 0 0 0 0 0 0 0 0 0 0 0 0 0 0 0 0 0 0
 0 0 0 0 0 0 0 0 0 0 0 0 0 0 0 0 0 0 0 0 0 0 0 0 0 0 0 0 0 0 0 0 0 0 0 0
 0 0 0 0 0 0 0 0 0 0 0 0 0 0 0 0 0 0 0 0 0 0 0 0 0 0 0 0 0 0 0 0 0 0 0 0
 0 0 0 0 0 0 0 0 0 0 0 0 0 0 0 0 0 0 0 0 0 0 0 0 0 0 0 0 0 0 0 0 0 0 0 0
 0 0 0 0 0 0 0 0 0 0 0 0 0 0 0 0 0 0 0 0 0 0 0 0 0 0 0 0 0 0 0 0 0 0 0 0
 0 0 0 0 0 0 0 0 0 0 0 0 0 0 0 0 0 0 0 0 0 0 0 0 0 0 0 0 0 0 0 0 0 0 0 0
 0 0 0 0 0 0 0 0 0 0 0 0 0 0 0 0 0 0 0 0 0 0 0 0 0 0 0 0 0 0 0 0 0 0 0 0
 0 0 0 0 0 0 0 0 0 0 0 0 0 0 0 0 0 0 0 0 0 0 0 0 0 0 0 0 0 0 0 0 0 0 0 0
 0 0 0 0 0 0 0 0 0 0 0 0 0 0 0 0 0 0 0 0 0 0 0 0 0 0 0 0 0 0 0 0 0 0 0 0
 0 0 0 0 0 0 0 0 0 0 0 0 0 0 0 0 0 0 0 0 0 0 0 0 0 0 0 0 0 0 0 0 0 0 0 0
 0 0 0 0 0 0 0 0 1.78061e-05 0.00172719 0.00360574 0.0105946 0.0120993 0.0124554 0.0147524 0.0171206 0.0266825 0.0428682 0.0675386 0.121331 0.153587 0.119568 0.100827 0.0573624 0.0630603 0.0341343 0.0324427 0.0444173 0.0211091 0.0280891 0.0125444 0.00206551 0 0 0 0
 0 0 0 0 0 0 0 0 0 0 0 0 0 0 0 0 0 0 0 0 0 0 0 0 0 0 0 0 0 0 0 0 0 0 0 0
 0 0 0 0 0 0 0.0133647 0.0140871 0.0187388 0.0205184 0.03894 0.0496705 0.03968 0.0493445 0.0407372 0.0367815 0.0215668 0.0243155 0.0234873 0.0199281 0.019796 0.0243948 0.0301388 0.0376714 0.0412746 0.0863199 0.0771752 0.113111 0.0741005 0.0525337 0.0229764 0.00759418 0.00175318 0 0 0
 0 0 0 0 0 0 0 0 0 0 0.00219441 0.00772107 0.0458388 0.0604681 0.0671733 0.0775358 0.0609151 0.0617685 0.073594 0.0568108 0.0755445 0.0548602 0.0670107 0.0636378 0.0643287 0.046367 0.0373049 0.0286899 0.0247887 0.0153202 0.00654259 0.00121912 0.000365735 0 0 0
 0 0 0 0 0 0 0 0 0 0 0 0 0.000112435 0.00938835 0.0111873 0.0202946 0.0414886 0.0713402 0.111592 0.104902 0.108894 0.110636 0.117776 0.105296 0.107544 0.0401394 0.0192827 0.0124803 0.00416011 0.0028671 0.000618394 0 0 0 0 0
 0 0 0 0 0 0 0 0 0 0 0.00291406 0.0102884 0.027416 0.0768956 0.0749926 0.110853 0.0956884 0.0897413 0.0766577 0.0534642 0.0500743 0.0551293 0.0594112 0.0620874 0.0668451 0.0424026 0.0208742 0.0120726 0.0048766 0.00582813 0.00118941 0.000297354 0 0 0 0
 0 0.00264628 0.0354308 0.0461629 0.0458689 0.0383711 0.0214643 0.0164657 0.0346957 0.0420465 0.0363128 0.0245516 0.0311673 0.0291091 0.0169068 0.0133784 0.00837989 0.0085269 0.0148486 0.0160247 0.0276389 0.0546898 0.0760071 0.122758 0.109233 0.0665981 0.0333725 0.0166128 0.00676272 0.00308733 0.000882094 0 0 0 0 0
 0 0 0 0 0 0 0 0.000805153 0.000690131 0.00759144 0.0133425 0.0154129 0.00931677 0.000345066 0.00356568 0.00563607 0.00851162 0.0253048 0.0502646 0.0516448 0.0657925 0.0565908 0.0611916 0.0827007 0.0866115 0.110766 0.145733 0.0935128 0.0569358 0.0249597 0.0138026 0.00621118 0.00161031 0.00115022 0 0
 0 0 0 0 0 0 0 0 0 0 0 0 0 0 0 0 0 0 0 0 0 0 0 0 0 0 0 0 0 0 0 0 0 0 0 0
 0.00147267 0.00158595 0.00478618 0.00569244 0.00954404 0.0108468 0.00647125 0.017049 0.0510054 0.094081 0.124002 0.0959785 0.0687766 0.0820023 0.061753 0.0591476 0.0492212 0.0479892 0.0443925 0.0268479 0.0217502 0.0140895 0.0121071 0.0120363 0.00920419 0.00665534 0.0049561 0.00860946 0.00930331 0.0156896 0.0114698 0.00855282 0.00243557 0.00046729 0 2.83206e-05
 0 0 0 0 0.000772559 0.00158375 0.000888443 0.00281984 0.00712685 0.0440552 0.0773331 0.111326 0.0921469 0.0852325 0.0710754 0.0886704 0.0786465 0.0553345 0.0373146 0.0185414 0.00753245 0.00457741 0.012979 0.0271748 0.0457355 0.0583668 0.034881 0.0177882 0.00938659 0.00492506 0.0015258 0.00185414 0.000309023 5.79419e-05 3.86279e-05 0
 0 0.00173294 0.00326652 0 0.00397197 0.00683976 0.00946217 0.0152591 0.00757587 0.0136028 0.0228656 0.0392903 0.0559909 0.0764795 0.0681675 0.0726916 0.0566044 0.0477403 0.0527397 0.0444891 0.0609904 0.0582453 0.0661739 0.0445044 0.0529084 0.0360697 0.0280645 0.0235558 0.0158879 0.00826598 0.00280645 0.00217768 0.000904811 0.00058276 9.20147e-05 0
 0 0 0 0 0 0 0 0 0 0 0 0 0 0 0 0 0 0 0 0 0 0 0 0 0 0 0 0 0 0 0 0 0 0 0 0
 0 0 0 0 0 0 0 0 0 0 0 0 0 0 0 0 0 0 0 0 0 0 0 0 0 0 0 0 0 0 0 0 0 0 0 0
 0 0 0 0 0 0 0 0 0 0 0 0 0 0 0 0 0 0 0 0 0 0 0 0 0 0 0 0 0 0 0 0 0 0 0 0
 0 0 0 0 0 0 0 0 0 0 0 0 0 0 0 0 0 0 0 0 0 0 0 0 0 0 0 0 0 0 0 0 0 0 0 0
 0 0 0 0 0 0 0 0 0 0 0 0 0 0 0 0 0 0 0 0 0 0 0 0 0 0 0 0 0 0 0 0 0 0 0 0
ppred_pel_tallas
 1.04598e-16 7.17146e-06 4.20103e-05 0.00019953 0.00076792 0.00239443 0.00604874 0.0123809 0.0205394 0.0276343 0.0302048 0.0269595 0.0199899 0.0130628 0.00895392 0.00840812 0.0109038 0.015717 0.0223307 0.0303158 0.0391175 0.0479718 0.0559698 0.0622187 0.0660305 0.0670694 0.065412 0.0614948 0.055981 0.0495912 0.042957 0.0365361 0.0305972 0.0252555 0.0205318 0.016405
 1.08272e-16 1.93938e-05 0.000113805 0.000540936 0.00208257 0.00649421 0.0164039 0.0335652 0.0556405 0.0747314 0.081343 0.071799 0.0515032 0.030277 0.0151128 0.00739303 0.00506863 0.0057227 0.0079009 0.0109893 0.0147394 0.0189687 0.0234585 0.0279502 0.0321755 0.0358882 0.0388866 0.041021 0.0421913 0.0423424 0.0414639 0.0395958 0.0368376 0.0333502 0.0293485 0.0250807
 1.08794e-16 5.82027e-06 3.40779e-05 0.000161819 0.000622726 0.00194165 0.00490508 0.0100409 0.016661 0.0224269 0.0245411 0.021971 0.0164345 0.0110187 0.00801775 0.00808714 0.0108541 0.0157656 0.0224035 0.0303718 0.0391183 0.0478762 0.0557428 0.0618484 0.0655485 0.0665681 0.0650523 0.061498 0.056603 0.0510817 0.0455125 0.0402567 0.035459 0.0311048 0.0271035 0.0233608
 1.0724e-16 2.40523e-05 0.000141157 0.000670978 0.00258327 0.00805564 0.0203479 0.0416347 0.0690147 0.092687 0.100867 0.0889856 0.0637285 0.0372548 0.0182039 0.00824645 0.00479055 0.00478974 0.00640374 0.00885864 0.0118671 0.0152606 0.0188585 0.022453 0.0258301 0.0287963 0.0311958 0.0329152 0.033881 0.0340536 0.0334258 0.0320268 0.0299288 0.0272503 0.0241509 0.0208176
 1.01314e-16 3.69783e-05 0.000217046 0.00103177 0.00397241 0.0123876 0.0312901 0.064023 0.106123 0.142512 0.15506 0.136723 0.0977604 0.0568302 0.0271626 0.0112516 0.00502028 0.00368464 0.00432106 0.00566877 0.00725642 0.00885121 0.0102656 0.011333 0.0119327 0.0120162 0.011616 0.0108326 0.00980578 0.00867856 0.00756738 0.00654589 0.00564401 0.00485858 0.004169 0.0035515
 1.00921e-16 2.0455e-05 0.000120005 0.000570342 0.00219567 0.00684684 0.017295 0.035391 0.0586759 0.0788349 0.0858795 0.0759695 0.054856 0.0329711 0.0177876 0.0108732 0.0101593 0.0131263 0.0181553 0.0243579 0.0310646 0.0375466 0.0430007 0.0466767 0.0480448 0.0469242 0.043528 0.0384023 0.0322872 0.0259441 0.0200059 0.0148883 0.0107732 0.00765 0.00538499 0.00379284
 1.00327e-16 4.05294e-05 0.0002379 0.00113092 0.00435419 0.0135782 0.0342973 0.0701756 0.116319 0.156198 0.169934 0.149798 0.107022 0.062037 0.0293191 0.0115703 0.00429062 0.00221387 0.00213292 0.00269258 0.00343713 0.0042023 0.00488939 0.00541656 0.00572308 0.00578047 0.00559755 0.00521566 0.00469651 0.00410672 0.00350448 0.00293168 0.00241235 0.00195582 0.00156212 0.00122698
 1.00215e-16 3.13539e-05 0.000184011 0.000874681 0.00336753 0.0105013 0.0265256 0.0542757 0.089971 0.120838 0.13152 0.116068 0.0832116 0.0488169 0.0241644 0.0114452 0.00727628 0.00764932 0.0100784 0.0134074 0.0170583 0.0205764 0.0235062 0.025431 0.0260605 0.0253008 0.0232791 0.0203089 0.016812 0.0132202 0.00989157 0.00705962 0.00482396 0.00317326 0.00202505 0.00126657
 1.00124e-16 4.06279e-05 0.000238477 0.00113366 0.00436475 0.0136111 0.0343805 0.0703458 0.116601 0.156578 0.17035 0.15017 0.107298 0.0622197 0.0294471 0.0116926 0.00444801 0.00243498 0.00243553 0.0030833 0.00390838 0.00472925 0.00542926 0.00591211 0.00611034 0.0059994 0.00560323 0.00498693 0.00424001 0.0034553 0.00271075 0.00205855 0.00152303 0.00110541 0.000792072 0.000562903
 1.0025e-16 2.91108e-05 0.000170837 0.000812042 0.00312634 0.00974913 0.0246257 0.0503888 0.08353 0.112193 0.122127 0.107818 0.0773815 0.045567 0.0228724 0.0113615 0.00792322 0.00885598 0.0118517 0.015807 0.020121 0.024277 0.0277417 0.0300243 0.030782 0.0299028 0.0275349 0.0240462 0.019932 0.0157001 0.0117722 0.00842395 0.00577399 0.0038107 0.00243887 0.00152739
 1.01247e-16 2.38931e-05 0.0001402 0.000666377 0.00256547 0.00800007 0.0202078 0.0413499 0.0685496 0.092083 0.100265 0.0885835 0.0637227 0.0378178 0.0195285 0.0106032 0.00854501 0.0103604 0.0141693 0.0190336 0.0243711 0.0296163 0.0341564 0.0374122 0.0389609 0.0386328 0.0365478 0.0330744 0.0287311 0.0240618 0.0195294 0.0154508 0.0119851 0.00916045 0.00692107 0.00517348
 1.00963e-16 3.34603e-05 0.000196386 0.000933533 0.00359416 0.011208 0.0283106 0.0579273 0.0960211 0.128954 0.140328 0.12378 0.0886083 0.0517169 0.0251073 0.0110731 0.00596282 0.00547461 0.00696696 0.00926782 0.0118783 0.0144777 0.0167646 0.0184597 0.0193565 0.0193665 0.0185369 0.0170316 0.0150853 0.0129463 0.0108271 0.00887471 0.00716569 0.005719 0.00451741 0.00352815
 1.00582e-16 3.04143e-05 0.000178495 0.000848455 0.00326655 0.0101864 0.0257302 0.0526482 0.0872736 0.117216 0.127581 0.112598 0.0807385 0.0473954 0.0235158 0.0112312 0.0072667 0.00774046 0.0102453 0.0136605 0.0174209 0.021076 0.0241698 0.0262819 0.0271143 0.0265618 0.0247375 0.0219395 0.0185743 0.0150611 0.0117501 0.00887266 0.00653293 0.00472968 0.00339471 0.00243138
 1.00108e-16 4.04016e-05 0.000237148 0.00112734 0.00434041 0.0135352 0.0341887 0.0699535 0.115951 0.155706 0.169402 0.149339 0.106713 0.0618976 0.0293271 0.0117015 0.00454039 0.00259663 0.00266969 0.00339718 0.00430463 0.00520129 0.00595957 0.00647319 0.0066682 0.00651894 0.00605403 0.00534812 0.00450283 0.00362303 0.00279625 0.00208044 0.00150165 0.00105949 0.000736606 0.00050833
 1.00053e-16 3.91099e-05 0.000229561 0.00109127 0.0042015 0.0131021 0.0330946 0.0677151 0.112242 0.150728 0.163995 0.144592 0.103365 0.0600435 0.0286139 0.0117046 0.00499325 0.00340987 0.00385499 0.00499273 0.00632875 0.00762794 0.00870872 0.00941455 0.00963751 0.00934319 0.00857958 0.00746415 0.00615456 0.00481227 0.00357099 0.00251793 0.0016901 0.00108294 0.000665141 0.00039396
 1.00291e-16 2.75933e-05 0.000161926 0.000769669 0.00296318 0.00924032 0.0233406 0.0477595 0.0791728 0.106345 0.115773 0.102236 0.0734355 0.0433646 0.0219912 0.0112931 0.0083423 0.0096449 0.0130134 0.017381 0.0221328 0.0267122 0.0305354 0.0330634 0.0339184 0.032976 0.030397 0.0265832 0.0220764 0.0174331 0.0131156 0.00942708 0.00649902 0.0043206 0.0027895 0.00176399
 1.01219e-16 2.54491e-05 0.000149338 0.000709828 0.00273278 0.00852184 0.0215257 0.0440461 0.0730176 0.0980796 0.10678 0.0943063 0.0677664 0.0400713 0.0204233 0.0106588 0.00809259 0.00951807 0.0129319 0.0173597 0.0222355 0.0270371 0.0312061 0.0342152 0.0356779 0.0354367 0.0335967 0.030488 0.0265771 0.0223548 0.0182394 0.0145185 0.0113382 0.00872745 0.00663972 0.00499484
 1.00514e-16 3.69923e-05 0.000217127 0.00103215 0.00397387 0.0123922 0.0313016 0.0640466 0.106162 0.142566 0.155122 0.136786 0.0978226 0.0569012 0.0272616 0.0114047 0.00525758 0.0040375 0.00481816 0.00632974 0.00808421 0.00982504 0.0113371 0.0124274 0.012956 0.012867 0.0121998 0.0110758 0.009665 0.0081459 0.00666942 0.00533835 0.00420341 0.00327261 0.002527 0.00193608
 1.00182e-16 3.73131e-05 0.00021901 0.0010411 0.00400832 0.0124996 0.0315729 0.0646019 0.107083 0.143803 0.156471 0.13798 0.0986874 0.057426 0.0275533 0.0115948 0.00544419 0.00427693 0.00513691 0.00673355 0.00855948 0.0103371 0.0118302 0.0128297 0.0131891 0.0128591 0.0118996 0.0104625 0.00875384 0.00698534 0.00533314 0.00391305 0.00277588 0.00191862 0.00130384 0.000879373
 1.00552e-16 2.43269e-05 0.000142743 0.000678461 0.00261198 0.00814511 0.0205742 0.0420999 0.0697937 0.0937565 0.102093 0.0902136 0.0649271 0.0385959 0.0200451 0.0110635 0.00911541 0.0111525 0.0152489 0.0204225 0.0260387 0.0314687 0.0360349 0.0391066 0.0402384 0.0392771 0.0364004 0.032066 0.0268951 0.0215282 0.0164993 0.0121611 0.00867086 0.00602352 0.00411008 0.00277653
 1.00897e-16 3.44282e-05 0.000202071 0.000960562 0.00369823 0.0115326 0.0291304 0.0596045 0.0988003 0.132684 0.14438 0.127338 0.0911188 0.0531094 0.0256475 0.0110808 0.00563959 0.0048898 0.00611432 0.00812102 0.010425 0.0127376 0.0147957 0.0163555 0.0172337 0.0173466 0.0167257 0.0155028 0.0138716 0.0120405 0.0101902 0.0084495 0.00689043 0.00553825 0.00438849 0.00342299
 1.00599e-16 3.25331e-05 0.000190938 0.000907623 0.00349438 0.0108969 0.0275247 0.0563197 0.0933576 0.125381 0.136452 0.120389 0.0862401 0.0504547 0.024718 0.0112797 0.00660789 0.00653027 0.00847254 0.0112663 0.0143721 0.017403 0.0199821 0.0217634 0.0225009 0.0221058 0.0206672 0.0184253 0.0157089 0.0128581 0.0101569 0.00779386 0.00585461 0.00434024 0.00319825 0.00235359
 1.01116e-16 2.50002e-05 0.000146701 0.000697284 0.00268447 0.00837119 0.0211452 0.0432678 0.0717282 0.0963501 0.104904 0.0926653 0.0666221 0.0394645 0.0202424 0.0107712 0.00842384 0.0100563 0.0136972 0.0183723 0.0234941 0.0285059 0.0328107 0.0358477 0.0372117 0.0367477 0.0345847 0.0310949 0.0267952 0.0222242 0.017836 0.0139374 0.0106755 0.00806593 0.00604019 0.00449335
 1.01325e-16 3.13097e-05 0.000183757 0.000873487 0.00336295 0.010487 0.0264895 0.0542014 0.0898461 0.120665 0.131318 0.115856 0.0829875 0.0485407 0.023761 0.0108138 0.00630241 0.00621728 0.00809178 0.0108178 0.0138971 0.0169799 0.0197223 0.021801 0.022973 0.0231284 0.0223109 0.0206972 0.0185465 0.0161354 0.0137028 0.0114173 0.00937128 0.00759466 0.0060786 0.00479724
 1.02937e-16 5.39153e-06 3.15461e-05 0.00014975 0.000576202 0.00179653 0.00453869 0.00929242 0.0154246 0.0207797 0.0227833 0.0205029 0.0155633 0.0108719 0.00861979 0.00949242 0.0132187 0.01933 0.0274205 0.0370152 0.0473929 0.0575456 0.066296 0.0725222 0.0754105 0.0746469 0.0704862 0.0636679 0.055219 0.0462083 0.037534 0.0297991 0.0232893 0.0180306 0.0138864 0.0106524
 1.04188e-16 2.99796e-05 0.00017596 0.000836446 0.00322038 0.0100425 0.0253664 0.0519024 0.086032 0.115533 0.125707 0.110846 0.0792682 0.0461035 0.022085 0.00924818 0.00430995 0.00342547 0.00427079 0.00588129 0.00793767 0.0103082 0.012876 0.0155024 0.0180326 0.0203112 0.0221964 0.0235688 0.0243389 0.0244517 0.0238931 0.0226943 0.0209351 0.0187388 0.0162606 0.0136696
 1.02743e-16 1.22402e-05 7.17638e-05 0.000340972 0.00131249 0.00409264 0.0103383 0.0211581 0.035089 0.0471752 0.0514721 0.0457257 0.0334378 0.0209382 0.0128205 0.0101727 0.0119063 0.0166183 0.0233464 0.0314195 0.0401289 0.0485821 0.0557637 0.0607194 0.0627735 0.0616926 0.0577409 0.0516017 0.044199 0.0364776 0.0292148 0.0229112 0.0177746 0.0137763 0.0107437 0.00845182
pSPR Fmed_Fpbrs
0.510398   0.6 0.325
Fs Fmed_Fpbrs
0.64   0.436858 1.50769
SSBpbr Bo_Bmed_Bpbrs
529632  243841  291298 145649
Ro
19148.9
SPR SPRFo_SPRFmed_SPRFpbrs
395506 201865 128539
log_Ro
9.68
likeval ReclasPelacesDesembMPH_pf_preclas_ppelaces_ptallas_desvR_qrecl_qpela
 92.4097 10.5336 0.290758 93.6023 382.625 234.791 61.5567 0 40.7339 9.47122e-05 0.000272523 2.24617e-14 0 0 0
q_reclas_q_pelaces
3.9712 10.4712
M
0.7
N
 14090.9 30081.2 10629 1399.76 0.125961
 30107.2 6820.04 11957.4 3935.73 516.813
 2704.5 14353.8 2378.52 3725.95 1380.86
 6186.6 1176.87 2267.81 260.868 551.51
 36577.2 2835.88 291.956 450.948 160.015
 11714.9 17772.9 1166.18 113.053 235.98
 61426.8 4959.75 2213.29 93.4489 27.4453
 39160 25883.1 592.73 167.983 9.00114
 110244 16102.1 2502.23 34.0129 9.93571
 102203 43607.6 1112.29 92.1752 1.57649
 52278.2 46730 10581.9 214.829 17.9345
 69111.1 22474.4 6645.3 1010.14 21.85
 43134.4 29418.1 2932.99 566.434 86.4055
 30194.6 17745.6 2856.91 169.316 36.8701
 16261.4 9767.22 214.209 10.5468 0.724046
 8652.93 5612.18 206.76 1.65869 0.0836596
 4698.44 3791.18 940.89 24.5223 0.203663
 6892.81 2002.09 499.366 81.1854 2.09595
 12088.2 2774.53 160.924 22.4635 3.6561
 6337.26 5117.5 345.335 12.8863 2.05304
 16436.8 2803.75 933.494 45.7785 1.95392
 29622.5 7532.11 693.63 184.947 9.36908
 27626.1 13649 1954.16 146.319 40.6355
 54295.3 12888.5 3944.55 475.249 45.1369
 5683.31 25091 3430.19 860.545 112.582
 27424.9 2672.21 7758.48 912.01 257.092
 2691.12 12431.5 601.628 1357.49 202.387
pred_Ctot
 257.147 4372.12 1977.28 262.707 0.0236469
 866.66 1490.02 3289.84 1091.73 143.396
 242.461 7500.99 1446.97 2278.17 844.437
 343.785 440.554 1029.47 119.212 252.082
 566.711 354.419 46.9052 73.1057 25.9483
 1253.62 10331.2 775.228 75.4836 157.581
 6755.24 2928.04 1490.03 63.1813 18.5584
 4896.1 16375.9 421.873 120.014 6.43154
 16343.1 11063.6 1899.02 25.8944 7.5649
 5853.58 16700.5 515.41 42.9931 0.735471
 5090.94 25698.8 6719.42 137.064 11.4442
 7161.79 12824 4350.72 664.334 14.372
 5379.25 18587.8 2085.35 404.264 61.6749
 7757.88 14753 2490.68 147.823 32.1912
 3642.2 7824.55 181.942 8.97395 0.616103
 737.729 2840.3 122.403 0.987114 0.0497954
 483.734 2155.08 614.084 16.0775 0.133546
 950.358 1329.94 369.265 60.2386 1.55533
 1294.03 1613.14 106.994 15.0009 2.44185
 500.416 2462.68 195.786 7.3462 1.1706
 916.897 1052.62 424.873 20.9746 0.895429
 1543.33 2684 301.115 80.839 4.09604
 1206.67 4232.01 746.71 56.3203 15.6448
 2721.18 4456.64 1666.1 202.134 19.2019
 217.979 6995.56 1187.54 300.197 39.283
 1728.58 1098.49 3830.54 453.112 127.756
 378.006 8331.35 447.943 1014.09 151.206
F
 0.0256644 0.222553 0.29349 0.296467 0.296562
 0.0407518 0.353386 0.466024 0.470751 0.470902
 0.132062 1.1452 1.51022 1.52554 1.52603
 0.0800318 0.694009 0.915217 0.924501 0.924796
 0.0217516 0.188623 0.248745 0.251268 0.251348
 0.159507 1.38319 1.82407 1.84257 1.84316
 0.164256 1.42437 1.87837 1.89743 1.89803
 0.188708 1.63641 2.158 2.17989 2.18059
 0.227468 1.97252 2.60125 2.62763 2.62847
 0.0825782 0.71609 0.944337 0.953916 0.954221
 0.144203 1.25048 1.64905 1.66578 1.66631
 0.154106 1.33635 1.7623 1.78018 1.78075
 0.188184 1.63187 2.15201 2.17384 2.17453
 0.428631 3.71694 4.90168 4.9514 4.95298
 0.363855 3.15523 4.16092 4.20313 4.20447
 0.12522 1.08587 1.43198 1.4465 1.44697
 0.153038 1.32709 1.75009 1.76784 1.76841
 0.209996 1.82102 2.40145 2.42581 2.42658
 0.159568 1.38372 1.82477 1.84328 1.84387
 0.115489 1.00149 1.3207 1.3341 1.33452
 0.0803507 0.696774 0.918863 0.928184 0.928481
 0.0748664 0.649217 0.856148 0.864832 0.865109
 0.0624253 0.541331 0.713875 0.721117 0.721347
 0.0719263 0.623721 0.822525 0.830869 0.831135
 0.054629 0.473725 0.624719 0.631056 0.631258
 0.0912191 0.791022 1.04315 1.05373 1.05407
 0.214332 1.85861 2.45102 2.47589 2.47668
Np
 11999.5 5737.72 385.888 310.148 10.9152
YTP_r0W_actual
 590.056 55003.7 4888.19 14202.9 2350.47
YTP_p0W_proyectada
 2631.02 4772.13 7819.03 269.462 685.787
 2631.02 25386.8 3135.31 3244.97 126.766
CTP_r0_actual
 71.958 2546.47 155.675 354.188 52.8196
CTP_p0_proyectada
 320.856 220.932 249.014 6.71975 15.411
 320.856 1175.32 99.8508 80.922 2.84868
Wmedp
 8.2 21.6 31.4 40.1 44.5
nmprior
 10.8 10.6 4.6 0
nm_flota  nm_reclas  nm_pelaces    nm_pelaL
inf 12.0648 11.9265 32.1454
cv_recla  cv_pelaces  cv_mph
0.83251 0.355533 0.387856
 ------------------------------------------------
Talla a la edad & desviaci?n 
 7.2 14.2025 17.0495 18.207 18.6776
 1.08 2.13037 2.55742 2.73105 2.80164
