years
 1997 1998 1999 2000 2001 2002 2003 2004 2005 2006 2007 2008 2009 2010 2011 2012 2013 2014 2015 2016 2017 2018 2019 2020 2021 2022 2023
reclasobs
 0 0 0 370054 412103 1.49427e+06 250295 1.28982e+06 931140 785840 897777 1.04006e+06 184774 17550 25797 100020 73551 82996 120727 218422 84188 347160 605670 569463 516374 1.08416e+06 1.01767e+06
reclaspred
 688189 166480 361875 196689 295406 310127 629880 458831 758274 996256 892166 661296 378115 124963 103747 104328 75316.8 74280.4 105446 153866 224674 278121 572226 653839 770309 554585 361288
pelacesobs
 0 0 0 0 0 0 0 0 0 2.06254e+06 1.5e+06 0 1.87456e+06 323000 250000 174000 83755 137374 0 501740 490994 745055 786931 1.00524e+06 1.33801e+06 1.41789e+06 0
pelacespred
 2.42005e+06 506146 589629 540897 763620 493263 1.76219e+06 1.20093e+06 2.29224e+06 2.63196e+06 1.85614e+06 1.51239e+06 818825 256107 224845 207345 142877 162186 226080 300034 584310 622224 1.00391e+06 1.39367e+06 1.42704e+06 1.07136e+06 702933
mphobs
 0 0 0 0 0 0 112323 0 153150 637223 0 255016 313432 73983 77613 109348 50772 17779 17303 59886 28197 0 207744 136588 643089 65757 70829
mphpred
 230336 120201 120344 88383.8 90100.4 139971 166424 234364 237472 406648 412948 283732 192146 107718 61725.3 60710.9 41330.4 33971.9 24778.8 36528.8 49511.6 73549.6 119624 168516 197857 145096 95747.1
desembarqueobs
 350755 77701 442110 56441 14545 235359 269955 359681 431902 328805 639364 411747 362871 311530 167758 66681 60226 58785 57116 73181 50977 67692 138656 160484 209506 203330 245020
desembarquepred
 350753 77692.4 442006 56445.2 14545.6 235543 270014 359366 431581 328798 639251 411533 363013 311392 167495 66709.5 60305.4 58748 57032.7 73189.3 50978.2 67653.4 138677 160478 209671 203425 244948
Reclutas
 32746.6 39932.5 14956.1 18504.3 33292 19605.9 56755 52305.6 126449 103809 61372.8 59550.6 35652.5 30423.1 17523.3 8843.02 4826.05 8183.26 14078.4 10100.7 21506.8 40097.4 41400.8 55796.1 12236.1 21205.4 42074.5
log_desv_Rt
 0.176555 0.374945 -0.607123 -0.394244 0.193072 -0.336416 0.726499 0.644859 1.5276 1.33031 0.804722 0.774582 0.261574 0.102957 -0.448715 -1.13262 -1.73822 -1.21015 -0.667606 -0.999637 -0.243875 0.379066 0.411056 0.709458 -0.807857 -0.257988 0.427198
SSB
 414569 216342 216600 159077 162167 251925 287385 413887 413251 714777 743242 510673 360020 140514 83656.5 81553.9 60970 47922.9 63605.1 99801.4 125270 180219 302445 404003 528119 408098 252140
BT
 1.41061e+06 337957 499095 286045 337284 382695 1.03063e+06 921610 1.4893e+06 1.43307e+06 1.34324e+06 1.02478e+06 696567 398226 239995 139741 112168 122167 146559 180431 302113 319311 498000 714172 705579 605931 520315
Ftot
 1.17992 1.16245 2.28028 0.633078 0.120685 1.39201 1.18134 1.98016 1.9378 0.819718 1.41104 1.28962 1.88541 4.95303 4.10167 1.36689 1.60532 1.95919 1.44572 1.03958 0.566457 0.581455 0.501314 0.529763 0.49156 0.636035 1.4769
BD_Bspro_t
 0.898583 0.607072 0.496289 0.270463 0.387423 0.546656 0.438676 0.488634 0.454005 0.536798 0.506774 0.350527 0.279208 0.145959 0.105652 0.123462 0.1307 0.144047 0.226053 0.3678 0.446961 0.600605 0.67981 0.674295 0.672791 0.546522 0.423766
BD_Bspro
 0.731305 0.38163 0.382085 0.280614 0.286064 0.444399 0.50695 0.730101 0.728979 1.26088 1.31109 0.900833 0.63508 0.247868 0.147571 0.143862 0.107552 0.0845365 0.1122 0.176051 0.220977 0.317909 0.533516 0.712666 0.931608 0.719889 0.444779
BD_Bo
 0.714318 0.372766 0.373211 0.274096 0.279419 0.434076 0.495175 0.713142 0.712047 1.23159 1.28063 0.879909 0.620328 0.242111 0.144143 0.14052 0.105054 0.082573 0.109594 0.171962 0.215844 0.310525 0.521124 0.696112 0.909969 0.703168 0.434447
BD_Brms
 1.29876 0.677756 0.678565 0.498356 0.508035 0.78923 0.900318 1.29662 1.29463 2.23925 2.32843 1.59983 1.12787 0.440201 0.262079 0.255492 0.191007 0.150133 0.199262 0.312657 0.392444 0.56459 0.947498 1.26566 1.65449 1.27849 0.789904
S_f
 0.0773196 0.614224 0.968001 0.998263 0.999908
 0.0773196 0.614224 0.968001 0.998263 0.999908
 0.0773196 0.614224 0.968001 0.998263 0.999908
 0.0773196 0.614224 0.968001 0.998263 0.999908
 0.0773196 0.614224 0.968001 0.998263 0.999908
 0.0773196 0.614224 0.968001 0.998263 0.999908
 0.0773196 0.614224 0.968001 0.998263 0.999908
 0.0773196 0.614224 0.968001 0.998263 0.999908
 0.0773196 0.614224 0.968001 0.998263 0.999908
 0.0773196 0.614224 0.968001 0.998263 0.999908
 0.0773196 0.614224 0.968001 0.998263 0.999908
 0.0773196 0.614224 0.968001 0.998263 0.999908
 0.0773196 0.614224 0.968001 0.998263 0.999908
 0.0773196 0.614224 0.968001 0.998263 0.999908
 0.0773196 0.614224 0.968001 0.998263 0.999908
 0.0773196 0.614224 0.968001 0.998263 0.999908
 0.0773196 0.614224 0.968001 0.998263 0.999908
 0.0773196 0.614224 0.968001 0.998263 0.999908
 0.0773196 0.614224 0.968001 0.998263 0.999908
 0.0773196 0.614224 0.968001 0.998263 0.999908
 0.0773196 0.614224 0.968001 0.998263 0.999908
 0.0773196 0.614224 0.968001 0.998263 0.999908
 0.0773196 0.614224 0.968001 0.998263 0.999908
 0.0773196 0.614224 0.968001 0.998263 0.999908
 0.0773196 0.614224 0.968001 0.998263 0.999908
 0.0773196 0.614224 0.968001 0.998263 0.999908
 0.0773196 0.614224 0.968001 0.998263 0.999908
Scru_reclas
 0.368112 0.745664 0.936527 0.986712 0.997331
 0.368112 0.745664 0.936527 0.986712 0.997331
 0.368112 0.745664 0.936527 0.986712 0.997331
 0.368112 0.745664 0.936527 0.986712 0.997331
 0.368112 0.745664 0.936527 0.986712 0.997331
 0.368112 0.745664 0.936527 0.986712 0.997331
 0.368112 0.745664 0.936527 0.986712 0.997331
 0.368112 0.745664 0.936527 0.986712 0.997331
 0.368112 0.745664 0.936527 0.986712 0.997331
 0.368112 0.745664 0.936527 0.986712 0.997331
 0.368112 0.745664 0.936527 0.986712 0.997331
 0.368112 0.745664 0.936527 0.986712 0.997331
 0.368112 0.745664 0.936527 0.986712 0.997331
 0.368112 0.745664 0.936527 0.986712 0.997331
 0.368112 0.745664 0.936527 0.986712 0.997331
 0.368112 0.745664 0.936527 0.986712 0.997331
 0.368112 0.745664 0.936527 0.986712 0.997331
 0.368112 0.745664 0.936527 0.986712 0.997331
 0.368112 0.745664 0.936527 0.986712 0.997331
 0.368112 0.745664 0.936527 0.986712 0.997331
 0.368112 0.745664 0.936527 0.986712 0.997331
 0.368112 0.745664 0.936527 0.986712 0.997331
 0.368112 0.745664 0.936527 0.986712 0.997331
 0.368112 0.745664 0.936527 0.986712 0.997331
 0.368112 0.745664 0.936527 0.986712 0.997331
 0.368112 0.745664 0.936527 0.986712 0.997331
 0.368112 0.745664 0.936527 0.986712 0.997331
Scru_pelaces
 0.719095 1 1 1 1
 0.719095 1 1 1 1
 0.719095 1 1 1 1
 0.719095 1 1 1 1
 0.719095 1 1 1 1
 0.719095 1 1 1 1
 0.719095 1 1 1 1
 0.719095 1 1 1 1
 0.719095 1 1 1 1
 0.719095 1 1 1 1
 0.719095 1 1 1 1
 0.719095 1 1 1 1
 0.719095 1 1 1 1
 0.719095 1 1 1 1
 0.719095 1 1 1 1
 0.719095 1 1 1 1
 0.719095 1 1 1 1
 0.719095 1 1 1 1
 0.719095 1 1 1 1
 0.719095 1 1 1 1
 0.719095 1 1 1 1
 0.719095 1 1 1 1
 0.719095 1 1 1 1
 0.719095 1 1 1 1
 0.719095 1 1 1 1
 0.719095 1 1 1 1
 0.719095 1 1 1 1
pf_obs 
 0.256992 0.487395 0.22802 0.0275931 0
 0.321318 0.546541 0.124235 0.00734118 0.000564706
 0.182869 0.594174 0.210203 0.0122559 0.00049798
 0.330522 0.361315 0.267642 0.0388342 0.00168674
 0.649043 0.306663 0.0425973 0.00169635 0
 0.582887 0.30429 0.105238 0.00758474 0
 0.465427 0.430635 0.0974691 0.00646863 0
 0.296916 0.608066 0.0921331 0.00288517 0
 0.311714 0.524322 0.152257 0.0117073 0
 0.15457 0.633149 0.183074 0.0267441 0.00246327
 0.131901 0.49318 0.331252 0.0422183 0.00144891
 0.196976 0.569456 0.194076 0.0375587 0.00193317
 0.518974 0.381816 0.0799577 0.0180837 0.00116848
 0.0928022 0.601141 0.25162 0.0475244 0.00691264
 0.122501 0.610282 0.24278 0.0234846 0.000952079
 0.383417 0.481906 0.127806 0.00687128 0
 0.0376549 0.599619 0.316969 0.0457579 0
 0.0361596 0.667082 0.258105 0.0386534 0
 0.158088 0.579412 0.248529 0.0139706 0
 0.0477256 0.309471 0.559284 0.082774 0.000745712
 0.0406174 0.521527 0.379366 0.0568643 0.0016247
 0.151134 0.462217 0.34131 0.0453401 0
 0.294876 0.26143 0.354403 0.0886775 0.000613685
 0.281977 0.475581 0.204845 0.0348837 0.00271318
 0.0841818 0.532909 0.334909 0.0458182 0.00218182
 0.115287 0.27431 0.454777 0.147771 0.00785563
 0 0 0 0 0
pf_pred 
 0.25684 0.503687 0.213574 0.0258874 1.19289e-05
 0.254141 0.580981 0.13352 0.0281232 0.00323467
 0.114691 0.692587 0.169175 0.0192585 0.00428862
 0.216311 0.500519 0.256805 0.0233622 0.00300255
 0.248537 0.50437 0.186895 0.0547991 0.00539931
 0.125105 0.613878 0.199842 0.0466304 0.0145445
 0.392533 0.370439 0.197925 0.0303417 0.00876097
 0.254298 0.657256 0.0673497 0.0177691 0.00332635
 0.466511 0.435462 0.0930898 0.00382351 0.00111378
 0.209715 0.721289 0.063199 0.00552489 0.000272855
 0.128883 0.594577 0.262992 0.0124565 0.00109197
 0.185088 0.509118 0.251235 0.052031 0.00252837
 0.153548 0.616387 0.178892 0.0424534 0.00871938
 0.303662 0.518309 0.154819 0.018326 0.0048843
 0.302017 0.670115 0.0264478 0.00125806 0.000161397
 0.178653 0.755707 0.0650684 0.000545852 2.57325e-05
 0.128981 0.595058 0.265088 0.0107832 8.94387e-05
 0.324773 0.443198 0.192544 0.0380197 0.00146427
 0.377513 0.54431 0.0646492 0.0113587 0.00216873
 0.180012 0.7027 0.110013 0.00607639 0.00119817
 0.299322 0.449495 0.231285 0.0187199 0.00117749
 0.301897 0.535279 0.123221 0.0365791 0.0030236
 0.188703 0.614248 0.167932 0.022248 0.00686828
 0.199556 0.497596 0.25518 0.0408558 0.00681235
 0.0406829 0.627351 0.245502 0.0733001 0.0131639
 0.112983 0.214184 0.514742 0.118084 0.0400077
 0.298491 0.410854 0.105574 0.142982 0.0420988
pobs_RECLAS
 0 0 0 0 0
 0 0 0 0 0
 0 0 0 0 0
 0 0 0 0 0
 0.835266 0.146461 0.0176864 0.000547809 3.91292e-05
 0.385257 0.428462 0.181853 0.0044286 0
 0.867414 0.0963971 0.0333333 0.00285562 0
 0.441836 0.489002 0.0689373 0.000224442 0
 0.779404 0.147425 0.0564933 0.0165055 0.000172143
 0.814271 0.122319 0.05973 0.00367925 0
 0.40263 0.566651 0.0304383 0.000280538 0
 0.475488 0.404961 0.113038 0.00651328 0
 0.955842 0.0263864 0.0167828 0.000988607 0
 0.975058 0.0227948 0.00214734 0 0
 0.738997 0.206755 0.0527124 0.00153531 0
 0.850938 0.134255 0.0134407 0.00136685 0
 0.542534 0.407297 0.0501686 0 0
 0.764087 0.199537 0.0359546 0.000420521 0
 0.470689 0.182191 0.310203 0.0369168 0
 0.84361 0.089868 0.0606195 0.00523954 0.000663233
 0.607945 0.314616 0.071237 0.00620181 0
 0.523733 0.453247 0.0230204 0 0
 0.530135 0.295979 0.169645 0.0042399 0
 0.562478 0.366248 0.0663022 0.0049721 0
 0.250443 0.683176 0.0655157 0.000865301 0
 0.195077 0.31981 0.436473 0.0351445 0.0134964
 0.565238 0.351407 0.0832357 0.000118908 0
ppred_RECLAS
 0.609015 0.287602 0.09204 0.0113382 5.27065e-06
 0.598909 0.330073 0.0573223 0.0122721 0.00142395
 0.386906 0.514971 0.0860488 0.00985975 0.00221381
 0.546677 0.31438 0.125765 0.0116649 0.00151266
 0.582352 0.300155 0.0883903 0.0264713 0.00263189
 0.394646 0.459595 0.111158 0.0263194 0.00828092
 0.747783 0.169919 0.0685141 0.0106743 0.00310929
 0.609327 0.356724 0.0257848 0.006868 0.00129653
 0.802523 0.170306 0.0257869 0.00106972 0.000314244
 0.523816 0.443383 0.0299965 0.00267105 0.000133092
 0.404703 0.442503 0.145199 0.00697758 0.000617005
 0.51175 0.336487 0.124332 0.0261488 0.0012818
 0.462764 0.424222 0.0876442 0.021017 0.00435327
 0.761239 0.205207 0.0292768 0.00337256 0.000904631
 0.711817 0.281832 0.00603277 0.000282545 3.65038e-05
 0.482915 0.485678 0.0311296 0.000265042 1.26037e-05
 0.409366 0.441182 0.14349 0.00591271 4.94645e-05
 0.70202 0.217395 0.0667575 0.0133107 0.000516975
 0.726117 0.247512 0.0217486 0.00387585 0.000746457
 0.483281 0.45836 0.0546759 0.00307205 0.00061113
 0.650043 0.243403 0.0979554 0.00808585 0.00051318
 0.646272 0.28551 0.0513698 0.0155513 0.00129703
 0.495133 0.403101 0.0864433 0.0116829 0.0036392
 0.52062 0.324254 0.130271 0.0212748 0.00357935
 0.154567 0.596397 0.183142 0.0557848 0.0101087
 0.380135 0.179073 0.3355 0.0784686 0.0268247
 0.668496 0.217039 0.0411558 0.0565224 0.0167866
pobs_PELACES
 0 0 0 0 0
 0 0 0 0 0
 0 0 0 0 0
 0 0 0 0 0
 0 0 0 0 0
 0 0 0 0 0
 0 0 0 0 0
 0 0 0 0 0
 0 0 0 0 0
 0 0 0 0 0
 0.450072 0.473896 0.0757376 0.000293798 0
 0 0 0 0 0
 0.463077 0.371075 0.160297 0.00555027 0
 0.529543 0.364841 0.0842815 0.0213345 0
 0.631943 0.363953 0.00410389 0 0
 0.735681 0.248677 0.0153453 0.000297389 0
 0.695825 0.281241 0.0229344 0 0
 0.275771 0.60734 0.115278 0.00161068 0
 0 0 0 0 0
 0.896147 0.0623911 0.0374545 0.00400742 0
 0.803859 0.145111 0.0509908 3.86294e-05 0
 0.739449 0.233085 0.0266225 0.000797448 4.60066e-05
 0.878498 0.100942 0.0204185 0.000141795 0
 0.694673 0.275183 0.0284847 0.00165964 0
 0.469039 0.446079 0.0841089 0.000773354 0
 0.822795 0.102175 0.0682046 0.00682512 0
 0 0 0 0 0
ppred_PELACES
 0.752904 0.198044 0.0439689 0.00508071 2.33517e-06
 0.738864 0.227519 0.0274672 0.00551695 0.000632925
 0.595124 0.363056 0.037012 0.00393463 0.000872954
 0.68138 0.240465 0.0711346 0.00622278 0.000798084
 0.68899 0.238637 0.0551697 0.0156631 0.00154061
 0.56924 0.355633 0.0582122 0.0129015 0.00401297
 0.855734 0.108282 0.0302844 0.00442574 0.00127462
 0.769402 0.21773 0.00994428 0.0024648 0.000459853
 0.897841 0.0927927 0.00892186 0.00034455 0.000100033
 0.65389 0.32861 0.0160855 0.0013484 6.64429e-05
 0.581239 0.339789 0.07529 0.00338601 0.000295999
 0.680792 0.244536 0.0618861 0.0121954 0.000591036
 0.655265 0.295273 0.0389746 0.00870526 0.0017821
 0.923791 0.071084 0.00452893 0.000471281 0.000124731
 0.882711 0.116005 0.00122479 5.22606e-05 6.66514e-06
 0.638687 0.346129 0.0150585 0.000120039 5.64333e-06
 0.594927 0.331203 0.0711099 0.00273691 2.26329e-05
 0.843812 0.126777 0.0246592 0.00457629 0.000175659
 0.837548 0.151707 0.00896523 0.00149471 0.000284581
 0.628924 0.340614 0.0286527 0.00151224 0.000297461
 0.764513 0.177759 0.0533135 0.00415344 0.000260717
 0.756689 0.20703 0.0277116 0.00791642 0.000653017
 0.622079 0.318136 0.0512313 0.00653897 0.00201464
 0.654719 0.254863 0.0766357 0.0118163 0.00196628
 0.23931 0.581042 0.13414 0.0385909 0.00691671
 0.553338 0.159879 0.221426 0.0488432 0.0165137
 0.813275 0.139535 0.0177303 0.0227736 0.00668616
pobs_pel_tallas
 0 0 0 0 0 0 0 0 0 0 0 0 0 0 0 0 0 0 0 0 0 0 0 0 0 0 0 0 0 0 0 0 0 0 0 0
 0 0 0 0 0 0 0 0 0 0 0 0 0 0 0 0 0 0 0 0 0 0 0 0 0 0 0 0 0 0 0 0 0 0 0 0
 0 0 0 0 0 0 0 0 0 0 0 0 0 0 0 0 0 0 0 0 0 0 0 0 0 0 0 0 0 0 0 0 0 0 0 0
 0 0 0 0 0 0 0 0 0 0 0 0 0 0 0 0 0 0 0 0 0 0 0 0 0 0 0 0 0 0 0 0 0 0 0 0
 0 0 0 0 0 0 0 0 0 0 0 0 0 0 0 0 0 0 0 0 0 0 0 0 0 0 0 0 0 0 0 0 0 0 0 0
 0 0 0 0 0 0 0 0 0 0 0 0 0 0 0 0 0 0 0 0 0 0 0 0 0 0 0 0 0 0 0 0 0 0 0 0
 0 0 0 0 0 0 0 0 0 0 0 0 0 0 0 0 0 0 0 0 0 0 0 0 0 0 0 0 0 0 0 0 0 0 0 0
 0 0 0 0 0 0 0 0 0 0 0 0 0 0 0 0 0 0 0 0 0 0 0 0 0 0 0 0 0 0 0 0 0 0 0 0
 0 0 0 0 0 0 0 0 0 0 0 0 0 0 0 0 0 0 0 0 0 0 0 0 0 0 0 0 0 0 0 0 0 0 0 0
 0 0 0 0 0 0 0 0 0 0 0 0 0 0 0 0 0 0 0 0 0 0 0 0 0 0 0 0 0 0 0 0 0 0 0 0
 0 0 0 0 0 0 0 0 1.78061e-05 0.00172719 0.00360574 0.0105946 0.0120993 0.0124554 0.0147524 0.0171206 0.0266825 0.0428682 0.0675386 0.121331 0.153587 0.119568 0.100827 0.0573624 0.0630603 0.0341343 0.0324427 0.0444173 0.0211091 0.0280891 0.0125444 0.00206551 0 0 0 0
 0 0 0 0 0 0 0 0 0 0 0 0 0 0 0 0 0 0 0 0 0 0 0 0 0 0 0 0 0 0 0 0 0 0 0 0
 0 0 0 0 0 0 0.0133647 0.0140871 0.0187388 0.0205184 0.03894 0.0496705 0.03968 0.0493445 0.0407372 0.0367815 0.0215668 0.0243155 0.0234873 0.0199281 0.019796 0.0243948 0.0301388 0.0376714 0.0412746 0.0863199 0.0771752 0.113111 0.0741005 0.0525337 0.0229764 0.00759418 0.00175318 0 0 0
 0 0 0 0 0 0 0 0 0 0 0.00219441 0.00772107 0.0458388 0.0604681 0.0671733 0.0775358 0.0609151 0.0617685 0.073594 0.0568108 0.0755445 0.0548602 0.0670107 0.0636378 0.0643287 0.046367 0.0373049 0.0286899 0.0247887 0.0153202 0.00654259 0.00121912 0.000365735 0 0 0
 0 0 0 0 0 0 0 0 0 0 0 0 0.000112435 0.00938835 0.0111873 0.0202946 0.0414886 0.0713402 0.111592 0.104902 0.108894 0.110636 0.117776 0.105296 0.107544 0.0401394 0.0192827 0.0124803 0.00416011 0.0028671 0.000618394 0 0 0 0 0
 0 0 0 0 0 0 0 0 0 0 0.00291406 0.0102884 0.027416 0.0768956 0.0749926 0.110853 0.0956884 0.0897413 0.0766577 0.0534642 0.0500743 0.0551293 0.0594112 0.0620874 0.0668451 0.0424026 0.0208742 0.0120726 0.0048766 0.00582813 0.00118941 0.000297354 0 0 0 0
 0 0.00264628 0.0354308 0.0461629 0.0458689 0.0383711 0.0214643 0.0164657 0.0346957 0.0420465 0.0363128 0.0245516 0.0311673 0.0291091 0.0169068 0.0133784 0.00837989 0.0085269 0.0148486 0.0160247 0.0276389 0.0546898 0.0760071 0.122758 0.109233 0.0665981 0.0333725 0.0166128 0.00676272 0.00308733 0.000882094 0 0 0 0 0
 0 0 0 0 0 0 0 0.000805153 0.000690131 0.00759144 0.0133425 0.0154129 0.00931677 0.000345066 0.00356568 0.00563607 0.00851162 0.0253048 0.0502646 0.0516448 0.0657925 0.0565908 0.0611916 0.0827007 0.0866115 0.110766 0.145733 0.0935128 0.0569358 0.0249597 0.0138026 0.00621118 0.00161031 0.00115022 0 0
 0 0 0 0 0 0 0 0 0 0 0 0 0 0 0 0 0 0 0 0 0 0 0 0 0 0 0 0 0 0 0 0 0 0 0 0
 0.00147267 0.00158595 0.00478618 0.00569244 0.00954404 0.0108468 0.00647125 0.017049 0.0510054 0.094081 0.124002 0.0959785 0.0687766 0.0820023 0.061753 0.0591476 0.0492212 0.0479892 0.0443925 0.0268479 0.0217502 0.0140895 0.0121071 0.0120363 0.00920419 0.00665534 0.0049561 0.00860946 0.00930331 0.0156896 0.0114698 0.00855282 0.00243557 0.00046729 0 2.83206e-05
 0 0 0 0 0.000772559 0.00158375 0.000888443 0.00281984 0.00712685 0.0440552 0.0773331 0.111326 0.0921469 0.0852325 0.0710754 0.0886704 0.0786465 0.0553345 0.0373146 0.0185414 0.00753245 0.00457741 0.012979 0.0271748 0.0457355 0.0583668 0.034881 0.0177882 0.00938659 0.00492506 0.0015258 0.00185414 0.000309023 5.79419e-05 3.86279e-05 0
 0 0.00173294 0.00326652 0 0.00397197 0.00683976 0.00946217 0.0152591 0.00757587 0.0136028 0.0228656 0.0392903 0.0559909 0.0764795 0.0681675 0.0726916 0.0566044 0.0477403 0.0527397 0.0444891 0.0609904 0.0582453 0.0661739 0.0445044 0.0529084 0.0360697 0.0280645 0.0235558 0.0158879 0.00826598 0.00280645 0.00217768 0.000904811 0.00058276 9.20147e-05 0
 0 0 0 0 0 0 0 0 0 0 0 0 0 0 0 0 0 0 0 0 0 0 0 0 0 0 0 0 0 0 0 0 0 0 0 0
 0 0 0 0 0 0 0 0 0 0 0 0 0 0 0 0 0 0 0 0 0 0 0 0 0 0 0 0 0 0 0 0 0 0 0 0
 0 0 0 0 0 0 0 0 0 0 0 0 0 0 0 0 0 0 0 0 0 0 0 0 0 0 0 0 0 0 0 0 0 0 0 0
 0 0 0 0 0 0 0 0 0 0 0 0 0 0 0 0 0 0 0 0 0 0 0 0 0 0 0 0 0 0 0 0 0 0 0 0
 0 0 0 0 0 0 0 0 0 0 0 0 0 0 0 0 0 0 0 0 0 0 0 0 0 0 0 0 0 0 0 0 0 0 0 0
ppred_pel_tallas
 1.00864e-16 3.28509e-05 0.000192807 0.000916511 0.00352861 0.0110036 0.0277944 0.0568711 0.0942709 0.126605 0.137777 0.121542 0.0870321 0.0508491 0.0247832 0.0110954 0.0062092 0.0059069 0.00759425 0.0101104 0.0129445 0.0157517 0.0182013 0.0199867 0.0208833 0.0207982 0.0197895 0.0180447 0.01583 0.0134255 0.0110698 0.00892678 0.00708009 0.00554683 0.00430219 0.00330297
 1.00684e-16 3.22398e-05 0.000189217 0.000899438 0.00346287 0.0107986 0.0272765 0.0558118 0.0925158 0.124251 0.135223 0.119306 0.0854693 0.0500131 0.024519 0.0112188 0.00661418 0.00657259 0.00854425 0.0113714 0.0145181 0.0175977 0.0202321 0.0220731 0.0228714 0.0225344 0.0211471 0.0189456 0.016255 0.0134129 0.0107024 0.00831253 0.00633123 0.00476329 0.00356074 0.00265332
 1.0082e-16 2.59777e-05 0.000152439 0.000724568 0.00278952 0.00869879 0.0219727 0.0449608 0.0745343 0.100118 0.109001 0.0962734 0.0691916 0.0409371 0.020906 0.0109751 0.00840429 0.0099175 0.0134616 0.0180268 0.0230142 0.0278658 0.0319883 0.0348284 0.035991 0.0353334 0.0329984 0.0293717 0.0249817 0.0203758 0.0160122 0.0121963 0.00906841 0.00663235 0.00480505 0.00346593
 1.0134e-16 2.97339e-05 0.000174503 0.000829485 0.00319352 0.00995867 0.0251549 0.051471 0.0853214 0.114592 0.124719 0.11006 0.07889 0.046254 0.0228466 0.0107439 0.00673948 0.00703953 0.0093027 0.0124589 0.0159955 0.019521 0.022639 0.0249754 0.0262508 0.0263415 0.0253037 0.0233492 0.0207851 0.0179388 0.0150921 0.0124429 0.010098 0.00808917 0.0064011 0.00499743
 1.01472e-16 3.00656e-05 0.000176451 0.000838745 0.00322918 0.0100699 0.0254358 0.0520456 0.0862738 0.115871 0.126109 0.111283 0.0797596 0.046749 0.0230631 0.0107982 0.00670868 0.00695498 0.00916754 0.0122642 0.0157293 0.0191727 0.0222023 0.0244503 0.0256453 0.025672 0.0245949 0.022632 0.0200942 0.0173086 0.0145532 0.0120179 0.00979912 0.00791702 0.00634511 0.00503818
 1.01574e-16 2.48487e-05 0.000145812 0.000693063 0.00266822 0.00832052 0.0210172 0.0430058 0.0712936 0.0957658 0.104266 0.0920978 0.0662054 0.0392002 0.020075 0.0106315 0.00825663 0.00982482 0.0133791 0.0179577 0.0229876 0.0279298 0.0322064 0.0352734 0.0367358 0.0364384 0.0344997 0.0312713 0.0272436 0.022928 0.0187549 0.0150141 0.0118446 0.00926181 0.00720395 0.00557754
 1.00677e-16 3.73311e-05 0.000219118 0.00104162 0.00401033 0.0125059 0.0315887 0.064634 0.107135 0.143871 0.156539 0.138026 0.0986891 0.0573645 0.0274076 0.0113354 0.00503134 0.00366544 0.00428649 0.00562271 0.00719987 0.00878455 0.0101881 0.0112412 0.0118186 0.0118651 0.0114068 0.0105392 0.00940038 0.008137 0.00687463 0.00570068 0.00466137 0.00376934 0.00301643 0.00238565
 1.00319e-16 3.3571e-05 0.000197032 0.000936598 0.00360595 0.0112448 0.0284035 0.0581177 0.0963376 0.129382 0.140801 0.124216 0.0889598 0.0520015 0.0253926 0.0114465 0.0065094 0.00626867 0.00806471 0.0106954 0.0136157 0.016446 0.0188222 0.0204131 0.0209864 0.0204638 0.0189409 0.0166596 0.0139475 0.0111412 0.00852038 0.00626861 0.00446595 0.0031069 0.00213138 0.00145616
 1.00174e-16 3.91665e-05 0.000229894 0.00109285 0.00420761 0.0131211 0.0331427 0.0678135 0.112405 0.150946 0.16423 0.144794 0.103499 0.0601003 0.0286016 0.0116319 0.00485967 0.00320649 0.00357029 0.00461945 0.00586984 0.00710055 0.00814542 0.00886093 0.0091461 0.00896485 0.00835442 0.00741426 0.00628047 0.00509394 0.00397262 0.00299511 0.00219744 0.00158041 0.00112222 0.000791218
 1.00385e-16 2.85386e-05 0.000167478 0.00079607 0.00306484 0.00955735 0.0241413 0.0493977 0.0818874 0.109988 0.11973 0.105708 0.0758821 0.0447141 0.0225001 0.0112689 0.00797662 0.00899905 0.0120753 0.0161207 0.0205377 0.0248057 0.0283843 0.0307747 0.0316261 0.0308201 0.0285009 0.0250346 0.0209166 0.0166567 0.0126788 0.00926202 0.00652897 0.00447261 0.00300278 0.00199358
 1.0131e-16 2.53713e-05 0.000148882 0.000707658 0.00272442 0.00849578 0.0214599 0.0439114 0.0727943 0.0977796 0.106453 0.0940173 0.0675581 0.0399467 0.0203574 0.0106206 0.00805961 0.0094779 0.0128791 0.0172931 0.0221576 0.0269539 0.0311275 0.034154 0.0356481 0.0354516 0.0336662 0.0306168 0.0267639 0.0225921 0.0185148 0.0148168 0.0116434 0.00902445 0.00691627 0.00524216
 1.01405e-16 2.97084e-05 0.000174353 0.000828771 0.00319077 0.00995009 0.0251332 0.0514267 0.0852481 0.114494 0.124613 0.109968 0.0788287 0.0462266 0.0228488 0.0107709 0.00679012 0.00711609 0.00940827 0.0125945 0.0161576 0.0197003 0.0228206 0.0251402 0.0263789 0.0264162 0.0253154 0.0232979 0.020681 0.0178001 0.0149416 0.0123034 0.00998827 0.00802118 0.00637888 0.00501781
 1.01032e-16 2.85973e-05 0.000167825 0.000797728 0.00307123 0.00957731 0.0241917 0.0495005 0.0820569 0.110213 0.119968 0.105901 0.075983 0.0446986 0.0223546 0.0109722 0.00749081 0.00827461 0.011065 0.0147976 0.0189129 0.0229419 0.0264003 0.0288369 0.0299273 0.0295486 0.0278078 0.0250069 0.0215637 0.0179117 0.0144151 0.0113173 0.00873229 0.00666786 0.00506471 0.00383555
 1.0011e-16 4.02971e-05 0.000236534 0.00112443 0.00432918 0.0135002 0.0341003 0.0697726 0.115651 0.155303 0.168965 0.148955 0.106442 0.0617475 0.0292691 0.0117011 0.00457599 0.00266084 0.0027633 0.00352315 0.00446435 0.00539267 0.00617627 0.00670494 0.00690211 0.00674152 0.00625342 0.0055159 0.00463505 0.00372017 0.00286234 0.00212168 0.00152492 0.00107113 0.000741717 0.000510489
 1.00058e-16 3.85077e-05 0.000226025 0.00107445 0.00413675 0.0129001 0.0325846 0.0666716 0.110513 0.148407 0.161474 0.142377 0.101801 0.0591731 0.0282706 0.0116881 0.00517611 0.00374731 0.00434972 0.00566114 0.0071803 0.00865444 0.00988006 0.0106799 0.0109315 0.010596 0.00972791 0.00846068 0.00697337 0.00544933 0.0040404 0.00284553 0.00190673 0.00121872 0.000745868 0.000439532
 1.00331e-16 2.78765e-05 0.000163589 0.000777577 0.00299363 0.00933528 0.0235804 0.0482502 0.0799858 0.107436 0.116958 0.103275 0.074166 0.0437644 0.0221359 0.0112731 0.00821279 0.00942207 0.0126917 0.0169508 0.0215911 0.026069 0.029816 0.0323071 0.0331732 0.0322913 0.0298152 0.0261329 0.0217689 0.0172624 0.0130619 0.00946235 0.00659284 0.00444497 0.00292194 0.00188881
 1.01213e-16 2.59678e-05 0.000152385 0.000724313 0.00278855 0.00869577 0.021965 0.0449449 0.0745071 0.100079 0.108952 0.0962146 0.0691157 0.0408248 0.0207257 0.0106841 0.00795214 0.00925243 0.0125403 0.0168284 0.0215556 0.0262128 0.0302586 0.033182 0.0346085 0.0343852 0.0326133 0.0296121 0.0258329 0.0217503 0.0177688 0.0141666 0.011085 0.00855204 0.00652294 0.00492063
 1.00557e-16 3.6812e-05 0.000216068 0.00102711 0.00395449 0.0123317 0.0311489 0.0637343 0.105644 0.141871 0.154367 0.136122 0.0973513 0.0566347 0.0271482 0.0113821 0.00528467 0.00409762 0.00490931 0.00645528 0.00824759 0.0100274 0.0115761 0.0126974 0.0132485 0.0131718 0.0125068 0.0113758 0.00995108 0.00841322 0.00691509 0.00556085 0.00440211 0.00344737 0.00267804 0.00206403
 1.00242e-16 3.65398e-05 0.000214468 0.0010195 0.00392518 0.0122403 0.030918 0.0632621 0.104862 0.140823 0.153232 0.135135 0.0966743 0.0562994 0.0270966 0.0115472 0.00563768 0.00464921 0.00568732 0.00748097 0.00951717 0.0115001 0.0131702 0.0142956 0.0147136 0.0143684 0.013325 0.0117504 0.00987119 0.0079208 0.00609346 0.00451715 0.00324847 0.00228493 0.00158634 0.0010964
 1.00584e-16 2.74505e-05 0.000161089 0.000765691 0.00294787 0.00919258 0.02322 0.0475126 0.0787632 0.105794 0.115171 0.101698 0.0730354 0.0431015 0.0218088 0.0111209 0.00812206 0.009336 0.0125907 0.0168353 0.0214747 0.0259763 0.0297816 0.0323717 0.0333785 0.032672 0.030392 0.0269072 0.0227205 0.0183518 0.0142355 0.0106602 0.00775678 0.00552547 0.00388285 0.00270926
 1.0097e-16 3.33563e-05 0.000195776 0.000930631 0.00358298 0.0111732 0.0282226 0.0577472 0.0957225 0.128553 0.139891 0.123395 0.0883312 0.051553 0.0250239 0.0110304 0.00593219 0.00544166 0.00692675 0.00922112 0.01183 0.0144368 0.0167433 0.0184719 0.0194158 0.0194832 0.0187152 0.0172682 0.0153692 0.0132602 0.0111498 0.00918494 0.00744509 0.00595449 0.00470235 0.00366216
 1.00764e-16 3.30163e-05 0.000193777 0.000921122 0.00354636 0.011059 0.0279342 0.0571573 0.0947455 0.127243 0.138473 0.122159 0.0874815 0.0511266 0.024946 0.0112138 0.00633693 0.00607594 0.00782024 0.0103962 0.0132798 0.0161117 0.0185466 0.0202676 0.0210467 0.0207973 0.0195936 0.0176462 0.0152466 0.0126977 0.0102536 0.00808428 0.00626938 0.00481456 0.00367899 0.00280257
 1.0115e-16 2.71512e-05 0.000159333 0.000757351 0.00291576 0.00909246 0.022967 0.046995 0.0779046 0.10464 0.11391 0.100576 0.0722108 0.0425771 0.0214747 0.0108402 0.0077857 0.00887262 0.0119591 0.0160209 0.0204937 0.0248821 0.0286656 0.0313566 0.0326019 0.0322642 0.0304525 0.0274855 0.0238072 0.0198809 0.0160972 0.0127199 0.00987601 0.0075802 0.00577577 0.00437562
 1.01669e-16 2.8572e-05 0.00016768 0.000797045 0.00306862 0.00956915 0.024171 0.049458 0.0819853 0.110114 0.119851 0.105778 0.0758519 0.0445353 0.0221144 0.0105955 0.00690946 0.00741985 0.00987953 0.013253 0.0170283 0.0207992 0.0241483 0.0266796 0.0280966 0.0282665 0.0272457 0.0252539 0.0226113 0.0196589 0.0166899 0.0139096 0.0114287 0.00928061 0.00745096 0.00590501
 1.03743e-16 1.04715e-05 6.13843e-05 0.000291636 0.00112255 0.00350033 0.00884215 0.0180965 0.030013 0.0403553 0.044043 0.0391547 0.0286949 0.0180925 0.0112973 0.00926747 0.0111037 0.0156371 0.022069 0.0298349 0.0383177 0.0467192 0.0541127 0.0596076 0.0625435 0.06264 0.0600528 0.0553118 0.0491716 0.0424265 0.0357498 0.029602 0.0242151 0.0196369 0.0158025 0.0126024
 1.05646e-16 2.41477e-05 0.000141714 0.000673616 0.00259341 0.00808727 0.0204278 0.0417985 0.0692873 0.0930562 0.101277 0.089367 0.0640444 0.0375253 0.0184952 0.00864505 0.00538476 0.00566114 0.00761931 0.0104571 0.0138414 0.017542 0.0213104 0.024878 0.0279936 0.0304598 0.0321551 0.0330332 0.0331066 0.032425 0.0310579 0.0290887 0.026617 0.0237632 0.0206695 0.0174919
 1.01393e-16 3.54809e-05 0.000208253 0.000989956 0.00381141 0.0118856 0.0300219 0.0614285 0.101823 0.136741 0.148789 0.131213 0.0938632 0.0546505 0.0262818 0.0111652 0.00540426 0.0044194 0.00540647 0.00714216 0.00914367 0.0111419 0.0129031 0.0142156 0.0149263 0.0149741 0.0144014 0.0133387 0.0119668 0.0104719 0.00900675 0.00766975 0.00650282 0.00550435 0.00464861 0.00390376
pSPR Fmed_Fpbrs
0.537698   0.6 0.325
Fs Fmed_Fpbrs
0.64   0.486815 1.7495
SSBpbr Bo_Bmed_Bpbrs
580370  283046  319204 159602
Ro
27446.7
SPR SPRFo_SPRFmed_SPRFpbrs
566890 304816 184239
log_Ro
10.04
likeval ReclasPelacesDesembMPH_pf_preclas_ppelaces_ptallas_desvR_qrecl_qpela
 79.8981 9.86291 0.0544796 109.927 344.724 221.084 59.5774 0 22.7943 1.15464e-05 0.000126892 3.9194e-14 0 0 0
q_reclas_q_pelaces
1.61852 4.96601
M
0.7
N
 32746.6 10479.3 3289.89 391.59 0.180271
 39932.5 14843.6 2521.02 521.365 59.9079
 14956.1 18125.3 3609.49 406.332 90.4316
 18504.3 6226.48 2218.22 197.158 25.3078
 33292 8749.98 2095.85 596.835 58.7139
 19605.9 16378.8 4034.67 926.016 288.582
 56755 8742.52 3459 520.719 150.21
 52305.6 25723.4 2101.37 547.408 102.405
 126449 22286.9 3785.36 153.477 44.6767
 103809 54055.6 3366.1 288.041 14.2092
 61372.8 48384.1 16224.5 755.987 66.2145
 59550.6 27326.7 10099.4 2055.74 99.8044
 35652.5 26765.5 6145.67 1439.25 295.396
 30423.1 15302.8 4174.72 491.972 131.091
 17523.3 10300.9 362.68 17.1545 2.20011
 8843.02 6336.9 411.844 3.3977 0.160032
 4826.05 3950.89 1359.09 54.4615 0.451358
 8183.26 2116.8 731.917 142.681 5.49144
 14078.4 3492.46 315.538 54.5529 10.407
 10100.7 6251.71 713.631 38.6605 7.61544
 21506.8 4628.48 1639.38 129.548 8.13818
 40097.4 10222.3 1623.03 470.476 38.8399
 41400.8 19036.4 3551.71 459.07 141.535
 55796.1 19777.4 6947.86 1085.62 180.784
 12236.1 26595.5 7093.27 2066.02 370.544
 21205.4 5849.64 9765.09 2188.72 740.639
 42074.5 10025 1965.43 2619.89 770.734
pred_Ctot
 2064.26 4048.2 1716.52 208.06 0.0958742
 2481.42 5672.69 1303.69 274.595 31.5832
 1756.38 10606.3 2590.74 294.924 65.6757
 637.514 1475.13 756.858 68.8532 8.84914
 222.494 451.52 167.311 49.057 4.83355
 1447.72 7103.82 2312.58 539.609 168.31
 3581.83 3380.22 1806.05 276.865 79.943
 5387.41 13924.2 1426.83 376.445 70.4701
 12763.5 11914 2546.88 104.609 30.4723
 4601.69 15827 1386.75 121.231 5.98716
 4590.84 21179 9367.85 443.703 38.8963
 4087.85 11244.4 5548.77 1149.16 55.8416
 3507.48 14080 4086.39 969.755 199.175
 7115.74 12145.6 3627.9 429.435 114.454
 3487.86 7738.85 305.434 14.5287 1.8639
 641.733 2714.55 233.73 1.96074 0.0924327
 408.046 1882.53 838.632 34.1138 0.282949
 834.519 1138.82 494.751 97.6932 3.76251
 1077.73 1553.9 184.561 32.427 6.19132
 563.648 2200.27 344.468 19.0262 3.75167
 664.483 997.86 513.444 41.5575 2.61397
 1271.02 2253.58 518.776 154.002 12.7297
 1134.54 3693.05 1009.66 133.762 41.2942
 1614.24 4025.12 2064.18 330.488 55.106
 328.9 5071.79 1984.76 592.592 106.423
 733.913 1391.29 3343.65 767.044 259.881
 3286.94 4524.25 1162.56 1574.5 463.584
F
 0.0912307 0.724733 1.14216 1.17787 1.17981
 0.08988 0.714004 1.12525 1.16043 1.16234
 0.17631 1.4006 2.20732 2.27632 2.28007
 0.0489493 0.388852 0.61282 0.631978 0.63302
 0.00933129 0.0741274 0.116823 0.120475 0.120674
 0.10763 0.855007 1.34747 1.38959 1.39188
 0.0913408 0.725608 1.14354 1.17929 1.18123
 0.153105 1.21626 1.9168 1.97672 1.97998
 0.14983 1.19024 1.87579 1.93443 1.93762
 0.0633803 0.50349 0.793488 0.818294 0.819643
 0.109101 0.866693 1.36589 1.40859 1.41091
 0.0997132 0.792118 1.24836 1.28738 1.28951
 0.145779 1.15807 1.82508 1.88214 1.88524
 0.382967 3.04227 4.79454 4.94443 4.95258
 0.31714 2.51935 3.97042 4.09455 4.10129
 0.105687 0.839577 1.32315 1.36452 1.36676
 0.124123 0.986028 1.55395 1.60253 1.60518
 0.151484 1.20338 1.8965 1.95579 1.95901
 0.111783 0.887997 1.39946 1.44321 1.44559
 0.08038 0.638536 1.00632 1.03778 1.03949
 0.0437982 0.347931 0.548331 0.565473 0.566405
 0.0449579 0.357144 0.562849 0.580445 0.581402
 0.0387614 0.307919 0.485273 0.500443 0.501268
 0.0409611 0.325393 0.512812 0.528843 0.529715
 0.0380072 0.301928 0.475831 0.490706 0.491515
 0.049178 0.390668 0.615682 0.63493 0.635976
 0.114194 0.90715 1.42965 1.47434 1.47677
Np
 17868.2 8545.31 6863.62 622.937 93.1502
YTP_r0W_actual
 9185.7 40945.6 17133.4 29899.7 9774.14
YTP_p0W_proyectada
 3900.98 76127.8 17518.3 2666.54 4205.4
 3900.98 34902.1 59832.6 7109.32 1181.29
CTP_r0_actual
 1120.21 1895.63 545.649 745.628 219.644
CTP_p0_proyectada
 475.729 3524.43 557.906 66.4973 94.5034
 475.729 1615.84 1905.5 177.29 26.5459
Wmedp
 8.2 21.6 31.4 40.1 44.5
nmprior
 10.8 10.6 4.6 0
nm_flota  nm_reclas  nm_pelaces    nm_pelaL
inf 15.7204 10.5831 27.1929
cv_recla  cv_pelaces  cv_mph
0.774103 0.344028 0.42032
 ------------------------------------------------
Talla a la edad & desviaci?n 
 7.2 14.2025 17.0495 18.207 18.6776
 1.08 2.13037 2.55742 2.73105 2.80164
