years
 1997 1998 1999 2000 2001 2002 2003 2004 2005 2006 2007 2008 2009 2010 2011 2012 2013 2014 2015 2016 2017 2018 2019 2020 2021 2022 2023
reclasobs
 0 0 0 370054 412103 1.49427e+06 250295 1.28982e+06 931140 785840 897777 1.04006e+06 184774 17550 25797 100020 73551 82996 120727 218422 84188 347160 605670 569463 516374 1.08416e+06 1.01767e+06
reclaspred
 1.20205e+06 232740 462292 177540 276295 306488 606020 454951 727725 1.07054e+06 968801 717121 451236 145067 111163 119190 86185.1 74083.2 102511 148413 201129 256317 549762 640749 826772 582856 235048
pelacesobs
 0 0 0 0 0 0 0 0 0 2.06254e+06 1.5e+06 0 1.87456e+06 323000 250000 174000 83755 137374 0 501740 490994 745055 786931 1.00524e+06 1.33801e+06 1.41789e+06 0
pelacespred
 2.81362e+06 733398 529773 434670 728275 450257 1.79508e+06 1.1249e+06 2.19655e+06 2.78291e+06 1.89882e+06 1.64167e+06 961158 280066 233256 229278 154936 153461 212506 267496 508337 553708 913674 1.33285e+06 1.45245e+06 1.07209e+06 324728
mphobs
 0 0 0 0 0 0 112323 0 153150 637223 0 255016 313432 73983 77613 109348 50772 17779 17303 59886 28197 0 207744 136588 643089 65757 70829
mphpred
 353159 155037 145543 76089.5 69684 137263 153643 241289 227908 415982 428701 280525 214422 117865 62560.7 60481 40601.8 31300.9 26356 38348.9 46730.1 71449.2 118746 164528 212314 142177 89149.5
desembarqueobs
 350755 77701 442110 56441 14545 235359 269955 359681 431902 328805 639364 411747 362871 311530 167758 66681 60226 58785 57116 73181 50977 67692 138656 160484 209506 203330 245020
desembarquepred
 350733 77668.9 441658 56428.5 14544.4 235320 269888 359048 431313 328688 638693 411199 362586 310630 167403 66679 60257.1 58693 56989.8 73154.7 50964.2 67621 138649 160424 209593 203276 244668
Reclutas
 22869.5 42761.7 7392.07 11413.5 34619.1 14684.4 58277.5 44291.6 118569 101398 56214.5 68466 38701.5 29533.2 17058.3 8790.42 4614.56 7275.65 12836.9 7539.24 17724.5 33508.9 32468.1 54852.4 8205.37 24544.8 9005.69
log_desv_Rt
 -0.00243908 0.623397 -1.13184 -0.697448 0.41216 -0.445461 0.932972 0.65855 1.64325 1.4868 0.89693 1.09409 0.523633 0.253272 -0.295606 -0.958582 -1.60303 -1.14771 -0.579921 -1.11212 -0.257294 0.379568 0.348014 0.872402 -1.02746 0.0682536 -0.934388
SSB
 534470 234633 220265 115154 105460 207733 221975 357574 332157 613886 648794 424546 338273 139531 77522.7 74208.6 55062.5 40871.4 51305.1 80109 89511.6 131948 227048 296479 429892 307951 181227
BT
 1.27247e+06 364351 406282 201837 279826 322608 975032 806185 1.33906e+06 1.30702e+06 1.2116e+06 984544 688648 391784 231342 131532 104337 108631 127322 144605 235331 248248 383536 589964 569736 512512 306215
Ftot
 0.763161 0.995303 2.12171 0.844559 0.185517 1.81053 1.66765 2.3586 2.45285 0.961681 1.66982 1.62103 2.08711 4.95303 4.38768 1.50721 1.78946 2.37125 1.82521 1.32525 0.814508 0.812984 0.676756 0.733781 0.618717 0.866622 2.27987
BD_Bspro_t
 0.922952 0.624238 0.504502 0.21465 0.300306 0.504033 0.38116 0.449061 0.397539 0.495802 0.468122 0.30721 0.264726 0.142581 0.0960006 0.110482 0.116599 0.123103 0.187941 0.314501 0.363087 0.52098 0.611069 0.599896 0.622356 0.470089 0.336957
BD_Bspro
 1.12875 0.495523 0.465178 0.243194 0.222721 0.438712 0.468791 0.755163 0.701485 1.29647 1.37019 0.8966 0.714401 0.294676 0.163721 0.156722 0.116287 0.0863165 0.108351 0.169183 0.18904 0.278662 0.479504 0.626135 0.907891 0.650364 0.382735
BD_Bo
 1.06867 0.469147 0.440417 0.230249 0.210865 0.41536 0.443838 0.714967 0.664146 1.22746 1.29726 0.848875 0.676374 0.278991 0.155006 0.148379 0.110097 0.081722 0.102584 0.160177 0.178978 0.263829 0.453981 0.592807 0.859565 0.615746 0.362363
BD_Brms
 1.94303 0.852994 0.800759 0.418634 0.383392 0.755201 0.806978 1.29994 1.20754 2.23174 2.35865 1.54341 1.22977 0.507257 0.281829 0.269781 0.200176 0.148585 0.186516 0.291231 0.325414 0.479689 0.825419 1.07783 1.56284 1.11954 0.658841
S_f
 0.0812052 0.626763 0.96961 0.998353 0.999913
 0.0812052 0.626763 0.96961 0.998353 0.999913
 0.0812052 0.626763 0.96961 0.998353 0.999913
 0.0812052 0.626763 0.96961 0.998353 0.999913
 0.0812052 0.626763 0.96961 0.998353 0.999913
 0.0812052 0.626763 0.96961 0.998353 0.999913
 0.0812052 0.626763 0.96961 0.998353 0.999913
 0.0812052 0.626763 0.96961 0.998353 0.999913
 0.0812052 0.626763 0.96961 0.998353 0.999913
 0.0812052 0.626763 0.96961 0.998353 0.999913
 0.0812052 0.626763 0.96961 0.998353 0.999913
 0.0812052 0.626763 0.96961 0.998353 0.999913
 0.0812052 0.626763 0.96961 0.998353 0.999913
 0.0812052 0.626763 0.96961 0.998353 0.999913
 0.0812052 0.626763 0.96961 0.998353 0.999913
 0.0812052 0.626763 0.96961 0.998353 0.999913
 0.0812052 0.626763 0.96961 0.998353 0.999913
 0.0812052 0.626763 0.96961 0.998353 0.999913
 0.0812052 0.626763 0.96961 0.998353 0.999913
 0.0812052 0.626763 0.96961 0.998353 0.999913
 0.0812052 0.626763 0.96961 0.998353 0.999913
 0.0812052 0.626763 0.96961 0.998353 0.999913
 0.0812052 0.626763 0.96961 0.998353 0.999913
 0.0812052 0.626763 0.96961 0.998353 0.999913
 0.0812052 0.626763 0.96961 0.998353 0.999913
 0.0812052 0.626763 0.96961 0.998353 0.999913
 0.0812052 0.626763 0.96961 0.998353 0.999913
Scru_reclas
 0.254254 0.631787 0.896213 0.977506 0.995448
 0.254254 0.631787 0.896213 0.977506 0.995448
 0.254254 0.631787 0.896213 0.977506 0.995448
 0.254254 0.631787 0.896213 0.977506 0.995448
 0.254254 0.631787 0.896213 0.977506 0.995448
 0.254254 0.631787 0.896213 0.977506 0.995448
 0.254254 0.631787 0.896213 0.977506 0.995448
 0.254254 0.631787 0.896213 0.977506 0.995448
 0.254254 0.631787 0.896213 0.977506 0.995448
 0.254254 0.631787 0.896213 0.977506 0.995448
 0.254254 0.631787 0.896213 0.977506 0.995448
 0.254254 0.631787 0.896213 0.977506 0.995448
 0.254254 0.631787 0.896213 0.977506 0.995448
 0.254254 0.631787 0.896213 0.977506 0.995448
 0.254254 0.631787 0.896213 0.977506 0.995448
 0.254254 0.631787 0.896213 0.977506 0.995448
 0.254254 0.631787 0.896213 0.977506 0.995448
 0.254254 0.631787 0.896213 0.977506 0.995448
 0.254254 0.631787 0.896213 0.977506 0.995448
 0.254254 0.631787 0.896213 0.977506 0.995448
 0.254254 0.631787 0.896213 0.977506 0.995448
 0.254254 0.631787 0.896213 0.977506 0.995448
 0.254254 0.631787 0.896213 0.977506 0.995448
 0.254254 0.631787 0.896213 0.977506 0.995448
 0.254254 0.631787 0.896213 0.977506 0.995448
 0.254254 0.631787 0.896213 0.977506 0.995448
 0.254254 0.631787 0.896213 0.977506 0.995448
Scru_pelaces
 0.520831 0.865533 0.974436 0.995589 0.999252
 0.520831 0.865533 0.974436 0.995589 0.999252
 0.520831 0.865533 0.974436 0.995589 0.999252
 0.520831 0.865533 0.974436 0.995589 0.999252
 0.520831 0.865533 0.974436 0.995589 0.999252
 0.520831 0.865533 0.974436 0.995589 0.999252
 0.520831 0.865533 0.974436 0.995589 0.999252
 0.520831 0.865533 0.974436 0.995589 0.999252
 0.520831 0.865533 0.974436 0.995589 0.999252
 0.520831 0.865533 0.974436 0.995589 0.999252
 0.520831 0.865533 0.974436 0.995589 0.999252
 0.520831 0.865533 0.974436 0.995589 0.999252
 0.520831 0.865533 0.974436 0.995589 0.999252
 0.520831 0.865533 0.974436 0.995589 0.999252
 0.520831 0.865533 0.974436 0.995589 0.999252
 0.520831 0.865533 0.974436 0.995589 0.999252
 0.520831 0.865533 0.974436 0.995589 0.999252
 0.520831 0.865533 0.974436 0.995589 0.999252
 0.520831 0.865533 0.974436 0.995589 0.999252
 0.520831 0.865533 0.974436 0.995589 0.999252
 0.520831 0.865533 0.974436 0.995589 0.999252
 0.520831 0.865533 0.974436 0.995589 0.999252
 0.520831 0.865533 0.974436 0.995589 0.999252
 0.520831 0.865533 0.974436 0.995589 0.999252
 0.520831 0.865533 0.974436 0.995589 0.999252
 0.520831 0.865533 0.974436 0.995589 0.999252
 0.520831 0.865533 0.974436 0.995589 0.999252
pf_obs 
 0.256992 0.487395 0.22802 0.0275931 0
 0.321318 0.546541 0.124235 0.00734118 0.000564706
 0.182869 0.594174 0.210203 0.0122559 0.00049798
 0.330522 0.361315 0.267642 0.0388342 0.00168674
 0.649043 0.306663 0.0425973 0.00169635 0
 0.582887 0.30429 0.105238 0.00758474 0
 0.465427 0.430635 0.0974691 0.00646863 0
 0.296916 0.608066 0.0921331 0.00288517 0
 0.311714 0.524322 0.152257 0.0117073 0
 0.15457 0.633149 0.183074 0.0267441 0.00246327
 0.131901 0.49318 0.331252 0.0422183 0.00144891
 0.196976 0.569456 0.194076 0.0375587 0.00193317
 0.518974 0.381816 0.0799577 0.0180837 0.00116848
 0.0928022 0.601141 0.25162 0.0475244 0.00691264
 0.122501 0.610282 0.24278 0.0234846 0.000952079
 0.383417 0.481906 0.127806 0.00687128 0
 0.0376549 0.599619 0.316969 0.0457579 0
 0.0361596 0.667082 0.258105 0.0386534 0
 0.158088 0.579412 0.248529 0.0139706 0
 0.0477256 0.309471 0.559284 0.082774 0.000745712
 0.0406174 0.521527 0.379366 0.0568643 0.0016247
 0.151134 0.462217 0.34131 0.0453401 0
 0.294876 0.26143 0.354403 0.0886775 0.000613685
 0.281977 0.475581 0.204845 0.0348837 0.00271318
 0.0841818 0.532909 0.334909 0.0458182 0.00218182
 0.115287 0.27431 0.454777 0.147771 0.00785563
 0 0 0 0 0
pf_pred 
 0.134826 0.581673 0.251241 0.0322514 8.20624e-06
 0.269731 0.415057 0.247679 0.0601278 0.00740479
 0.0575318 0.754617 0.134384 0.0424293 0.0110374
 0.20404 0.351619 0.404697 0.0289327 0.0107109
 0.381352 0.430484 0.110657 0.0708605 0.00664567
 0.119328 0.721232 0.125296 0.0203408 0.0138021
 0.518233 0.301442 0.164754 0.0124057 0.0031655
 0.257086 0.696558 0.0365956 0.00896411 0.000796354
 0.539294 0.385899 0.0730256 0.00142869 0.000352504
 0.242286 0.715712 0.0392236 0.00271718 6.1168e-05
 0.140711 0.627466 0.224792 0.00658563 0.000445516
 0.256779 0.496719 0.211438 0.0340618 0.00100207
 0.175877 0.674715 0.122115 0.0236062 0.00368598
 0.300885 0.541048 0.145388 0.0104954 0.00218315
 0.322241 0.650016 0.0264521 0.00119998 9.02768e-05
 0.19981 0.748999 0.0507517 0.000421567 1.80428e-05
 0.140809 0.620141 0.231641 0.00734845 6.00875e-05
 0.349219 0.450619 0.171508 0.0278189 0.000834536
 0.426282 0.517251 0.0485298 0.0068751 0.00106264
 0.175624 0.737429 0.0830572 0.00337238 0.000516896
 0.35134 0.426966 0.209534 0.0116436 0.000516805
 0.342669 0.539956 0.0911088 0.0248818 0.00138358
 0.201732 0.639021 0.142181 0.0133725 0.00369399
 0.264777 0.480338 0.223093 0.028506 0.00328606
 0.0343452 0.718404 0.190232 0.0501593 0.0068593
 0.175825 0.175863 0.541089 0.0832338 0.0239889
 0.108179 0.656877 0.0784938 0.131528 0.0249231
pobs_RECLAS
 0 0 0 0 0
 0 0 0 0 0
 0 0 0 0 0
 0 0 0 0 0
 0.835266 0.146461 0.0176864 0.000547809 3.91292e-05
 0.385257 0.428462 0.181853 0.0044286 0
 0.867414 0.0963971 0.0333333 0.00285562 0
 0.441836 0.489002 0.0689373 0.000224442 0
 0.779404 0.147425 0.0564933 0.0165055 0.000172143
 0.814271 0.122319 0.05973 0.00367925 0
 0.40263 0.566651 0.0304383 0.000280538 0
 0.475488 0.404961 0.113038 0.00651328 0
 0.955842 0.0263864 0.0167828 0.000988607 0
 0.975058 0.0227948 0.00214734 0 0
 0.738997 0.206755 0.0527124 0.00153531 0
 0.850938 0.134255 0.0134407 0.00136685 0
 0.542534 0.407297 0.0501686 0 0
 0.764087 0.199537 0.0359546 0.000420521 0
 0.470689 0.182191 0.310203 0.0369168 0
 0.84361 0.089868 0.0606195 0.00523954 0.000663233
 0.607945 0.314616 0.071237 0.00620181 0
 0.523733 0.453247 0.0230204 0 0
 0.530135 0.295979 0.169645 0.0042399 0
 0.562478 0.366248 0.0663022 0.0049721 0
 0.250443 0.683176 0.0655157 0.000865301 0
 0.195077 0.31981 0.436473 0.0351445 0.0134964
 0.565238 0.351407 0.0832357 0.000118908 0
ppred_RECLAS
 0.341118 0.45836 0.176568 0.0239485 6.19488e-06
 0.55782 0.263736 0.138517 0.0354851 0.00444236
 0.183854 0.678587 0.0970399 0.0320487 0.00847094
 0.467937 0.250008 0.255503 0.0192921 0.00726056
 0.662786 0.239337 0.056163 0.0380827 0.0036314
 0.325488 0.569197 0.081784 0.0139272 0.0096035
 0.796159 0.135593 0.062067 0.00490835 0.00127284
 0.560416 0.417598 0.0171941 0.00439537 0.000396698
 0.816805 0.159223 0.0233757 0.000476816 0.000119514
 0.51105 0.464804 0.0224656 0.0016426 3.75902e-05
 0.36902 0.481719 0.144509 0.00444626 0.000305687
 0.553261 0.314538 0.112578 0.0190542 0.0005697
 0.438993 0.475424 0.0693333 0.0140243 0.00222504
 0.708696 0.250495 0.0374941 0.00273777 0.000577574
 0.693059 0.299206 0.00736923 0.000340662 2.60032e-05
 0.459547 0.510809 0.0293761 0.000256597 1.11618e-05
 0.372453 0.475447 0.147161 0.00489799 4.07003e-05
 0.676396 0.239736 0.0714127 0.0120868 0.000368367
 0.723338 0.253628 0.0196549 0.00292047 0.000458718
 0.418341 0.52795 0.0511797 0.00218819 0.000340903
 0.644224 0.24314 0.106126 0.00622941 0.000281087
 0.630814 0.308728 0.0463357 0.013367 0.000755633
 0.451694 0.447713 0.0892312 0.00887107 0.00249133
 0.544626 0.30822 0.127865 0.0172653 0.00202338
 0.103928 0.682263 0.162278 0.0452408 0.00628977
 0.428767 0.132792 0.362336 0.0588597 0.0172455
 0.3151 0.530317 0.0500754 0.0876366 0.0168715
pobs_PELACES
 0 0 0 0 0
 0 0 0 0 0
 0 0 0 0 0
 0 0 0 0 0
 0 0 0 0 0
 0 0 0 0 0
 0 0 0 0 0
 0 0 0 0 0
 0 0 0 0 0
 0 0 0 0 0
 0.450072 0.473896 0.0757376 0.000293798 0
 0 0 0 0 0
 0.463077 0.371075 0.160297 0.00555027 0
 0.529543 0.364841 0.0842815 0.0213345 0
 0.631943 0.363953 0.00410389 0 0
 0.735681 0.248677 0.0153453 0.000297389 0
 0.695825 0.281241 0.0229344 0 0
 0.275771 0.60734 0.115278 0.00161068 0
 0 0 0 0 0
 0.896147 0.0623911 0.0374545 0.00400742 0
 0.803859 0.145111 0.0509908 3.86294e-05 0
 0.739449 0.233085 0.0266225 0.000797448 4.60066e-05
 0.878498 0.100942 0.0204185 0.000141795 0
 0.694673 0.275183 0.0284847 0.00165964 0
 0.469039 0.446079 0.0841089 0.000773354 0
 0.822795 0.102175 0.0682046 0.00682512 0
 0 0 0 0 0
ppred_PELACES
 0.492452 0.385728 0.108172 0.0136445 3.47727e-06
 0.719912 0.190291 0.070872 0.0168476 0.00207768
 0.345712 0.582425 0.0519951 0.0157652 0.00410245
 0.643118 0.197382 0.145506 0.0102095 0.00378531
 0.765866 0.178883 0.0326229 0.0206849 0.00194381
 0.51459 0.434421 0.0403631 0.00632909 0.00429731
 0.899233 0.0758584 0.02282 0.00166394 0.000424913
 0.748413 0.243927 0.00610404 0.00142934 0.00012699
 0.916254 0.0768075 0.00678062 0.000126581 3.1231e-05
 0.65343 0.334271 0.0115007 0.000780539 1.75961e-05
 0.562555 0.363608 0.0716667 0.00203309 0.000137645
 0.734259 0.208512 0.0493049 0.00769785 0.000226651
 0.644062 0.320368 0.0292811 0.00543936 0.000849636
 0.905798 0.0877784 0.00595401 0.00038856 8.05858e-05
 0.882867 0.115695 0.00137659 5.71809e-05 4.29209e-06
 0.62944 0.356716 0.0137287 0.000110738 4.74394e-06
 0.572564 0.354181 0.0710589 0.00217816 1.78224e-05
 0.842389 0.130295 0.0235551 0.00365151 0.000109548
 0.848462 0.14324 0.00716611 0.000980316 0.000151616
 0.584489 0.388602 0.0257349 0.00101781 0.000156176
 0.774732 0.168877 0.0533509 0.00291093 0.000129402
 0.756338 0.21385 0.0232344 0.00623047 0.000346985
 0.59418 0.348694 0.0510903 0.00472746 0.00130806
 0.691458 0.229319 0.0694874 0.00872819 0.00100776
 0.171734 0.674503 0.118719 0.030822 0.00422204
 0.627836 0.111255 0.218428 0.0329658 0.00951531
 0.53408 0.398768 0.0230895 0.0370427 0.00702033
pobs_pel_tallas
 0 0 0 0 0 0 0 0 0 0 0 0 0 0 0 0 0 0 0 0 0 0 0 0 0 0 0 0 0 0 0 0 0 0 0 0
 0 0 0 0 0 0 0 0 0 0 0 0 0 0 0 0 0 0 0 0 0 0 0 0 0 0 0 0 0 0 0 0 0 0 0 0
 0 0 0 0 0 0 0 0 0 0 0 0 0 0 0 0 0 0 0 0 0 0 0 0 0 0 0 0 0 0 0 0 0 0 0 0
 0 0 0 0 0 0 0 0 0 0 0 0 0 0 0 0 0 0 0 0 0 0 0 0 0 0 0 0 0 0 0 0 0 0 0 0
 0 0 0 0 0 0 0 0 0 0 0 0 0 0 0 0 0 0 0 0 0 0 0 0 0 0 0 0 0 0 0 0 0 0 0 0
 0 0 0 0 0 0 0 0 0 0 0 0 0 0 0 0 0 0 0 0 0 0 0 0 0 0 0 0 0 0 0 0 0 0 0 0
 0 0 0 0 0 0 0 0 0 0 0 0 0 0 0 0 0 0 0 0 0 0 0 0 0 0 0 0 0 0 0 0 0 0 0 0
 0 0 0 0 0 0 0 0 0 0 0 0 0 0 0 0 0 0 0 0 0 0 0 0 0 0 0 0 0 0 0 0 0 0 0 0
 0 0 0 0 0 0 0 0 0 0 0 0 0 0 0 0 0 0 0 0 0 0 0 0 0 0 0 0 0 0 0 0 0 0 0 0
 0 0 0 0 0 0 0 0 0 0 0 0 0 0 0 0 0 0 0 0 0 0 0 0 0 0 0 0 0 0 0 0 0 0 0 0
 0 0 0 0 0 0 0 0 1.78061e-05 0.00172719 0.00360574 0.0105946 0.0120993 0.0124554 0.0147524 0.0171206 0.0266825 0.0428682 0.0675386 0.121331 0.153587 0.119568 0.100827 0.0573624 0.0630603 0.0341343 0.0324427 0.0444173 0.0211091 0.0280891 0.0125444 0.00206551 0 0 0 0
 0 0 0 0 0 0 0 0 0 0 0 0 0 0 0 0 0 0 0 0 0 0 0 0 0 0 0 0 0 0 0 0 0 0 0 0
 0 0 0 0 0 0 0.0133647 0.0140871 0.0187388 0.0205184 0.03894 0.0496705 0.03968 0.0493445 0.0407372 0.0367815 0.0215668 0.0243155 0.0234873 0.0199281 0.019796 0.0243948 0.0301388 0.0376714 0.0412746 0.0863199 0.0771752 0.113111 0.0741005 0.0525337 0.0229764 0.00759418 0.00175318 0 0 0
 0 0 0 0 0 0 0 0 0 0 0.00219441 0.00772107 0.0458388 0.0604681 0.0671733 0.0775358 0.0609151 0.0617685 0.073594 0.0568108 0.0755445 0.0548602 0.0670107 0.0636378 0.0643287 0.046367 0.0373049 0.0286899 0.0247887 0.0153202 0.00654259 0.00121912 0.000365735 0 0 0
 0 0 0 0 0 0 0 0 0 0 0 0 0.000112435 0.00938835 0.0111873 0.0202946 0.0414886 0.0713402 0.111592 0.104902 0.108894 0.110636 0.117776 0.105296 0.107544 0.0401394 0.0192827 0.0124803 0.00416011 0.0028671 0.000618394 0 0 0 0 0
 0 0 0 0 0 0 0 0 0 0 0.00291406 0.0102884 0.027416 0.0768956 0.0749926 0.110853 0.0956884 0.0897413 0.0766577 0.0534642 0.0500743 0.0551293 0.0594112 0.0620874 0.0668451 0.0424026 0.0208742 0.0120726 0.0048766 0.00582813 0.00118941 0.000297354 0 0 0 0
 0 0.00264628 0.0354308 0.0461629 0.0458689 0.0383711 0.0214643 0.0164657 0.0346957 0.0420465 0.0363128 0.0245516 0.0311673 0.0291091 0.0169068 0.0133784 0.00837989 0.0085269 0.0148486 0.0160247 0.0276389 0.0546898 0.0760071 0.122758 0.109233 0.0665981 0.0333725 0.0166128 0.00676272 0.00308733 0.000882094 0 0 0 0 0
 0 0 0 0 0 0 0 0.000805153 0.000690131 0.00759144 0.0133425 0.0154129 0.00931677 0.000345066 0.00356568 0.00563607 0.00851162 0.0253048 0.0502646 0.0516448 0.0657925 0.0565908 0.0611916 0.0827007 0.0866115 0.110766 0.145733 0.0935128 0.0569358 0.0249597 0.0138026 0.00621118 0.00161031 0.00115022 0 0
 0 0 0 0 0 0 0 0 0 0 0 0 0 0 0 0 0 0 0 0 0 0 0 0 0 0 0 0 0 0 0 0 0 0 0 0
 0.00147267 0.00158595 0.00478618 0.00569244 0.00954404 0.0108468 0.00647125 0.017049 0.0510054 0.094081 0.124002 0.0959785 0.0687766 0.0820023 0.061753 0.0591476 0.0492212 0.0479892 0.0443925 0.0268479 0.0217502 0.0140895 0.0121071 0.0120363 0.00920419 0.00665534 0.0049561 0.00860946 0.00930331 0.0156896 0.0114698 0.00855282 0.00243557 0.00046729 0 2.83206e-05
 0 0 0 0 0.000772559 0.00158375 0.000888443 0.00281984 0.00712685 0.0440552 0.0773331 0.111326 0.0921469 0.0852325 0.0710754 0.0886704 0.0786465 0.0553345 0.0373146 0.0185414 0.00753245 0.00457741 0.012979 0.0271748 0.0457355 0.0583668 0.034881 0.0177882 0.00938659 0.00492506 0.0015258 0.00185414 0.000309023 5.79419e-05 3.86279e-05 0
 0 0.00173294 0.00326652 0 0.00397197 0.00683976 0.00946217 0.0152591 0.00757587 0.0136028 0.0228656 0.0392903 0.0559909 0.0764795 0.0681675 0.0726916 0.0566044 0.0477403 0.0527397 0.0444891 0.0609904 0.0582453 0.0661739 0.0445044 0.0529084 0.0360697 0.0280645 0.0235558 0.0158879 0.00826598 0.00280645 0.00217768 0.000904811 0.00058276 9.20147e-05 0
 0 0 0 0 0 0 0 0 0 0 0 0 0 0 0 0 0 0 0 0 0 0 0 0 0 0 0 0 0 0 0 0 0 0 0 0
 0 0 0 0 0 0 0 0 0 0 0 0 0 0 0 0 0 0 0 0 0 0 0 0 0 0 0 0 0 0 0 0 0 0 0 0
 0 0 0 0 0 0 0 0 0 0 0 0 0 0 0 0 0 0 0 0 0 0 0 0 0 0 0 0 0 0 0 0 0 0 0 0
 0 0 0 0 0 0 0 0 0 0 0 0 0 0 0 0 0 0 0 0 0 0 0 0 0 0 0 0 0 0 0 0 0 0 0 0
 0 0 0 0 0 0 0 0 0 0 0 0 0 0 0 0 0 0 0 0 0 0 0 0 0 0 0 0 0 0 0 0 0 0 0 0
ppred_pel_tallas
 1.02131e-16 2.15017e-05 0.000126159 0.000599624 0.00230845 0.00719857 0.0181833 0.0372077 0.0616842 0.0828655 0.0902407 0.0797573 0.0574388 0.03422 0.0179134 0.0101178 0.00861322 0.0107284 0.0147821 0.0199211 0.0255885 0.031219 0.0361883 0.0398993 0.0419059 0.0420129 0.0403141 0.0371527 0.0330249 0.0284577 0.0239037 0.0196791 0.0159525 0.0127712 0.0101064 0.00789593
 1.01745e-16 3.1412e-05 0.00018436 0.000876355 0.003374 0.0105215 0.0265765 0.0543793 0.0901405 0.121059 0.131742 0.116222 0.0832289 0.0486411 0.0237342 0.0106745 0.00604782 0.00582867 0.0075451 0.0100964 0.0130027 0.0159407 0.0185961 0.0206717 0.0219406 0.022294 0.0217598 0.0204853 0.0186914 0.0166166 0.0144673 0.0123907 0.0104701 0.00873793 0.00719621 0.00583522
 1.01662e-16 1.5111e-05 8.86226e-05 0.00042113 0.00162114 0.00505516 0.0127695 0.0261321 0.0433319 0.058239 0.0634956 0.0562929 0.0409185 0.0251352 0.0145424 0.0103953 0.0112631 0.0153538 0.0214785 0.0288941 0.036911 0.0446992 0.0513207 0.0558922 0.057783 0.0567667 0.0530742 0.0473241 0.0403622 0.033062 0.026152 0.0201139 0.0151647 0.0113034 0.0083921 0.00623576
 1.02658e-16 2.80639e-05 0.000164702 0.000782899 0.00301417 0.00939937 0.0237421 0.04858 0.0805286 0.108153 0.117707 0.103861 0.0744231 0.0435885 0.0214461 0.00995103 0.00607647 0.00624894 0.00827781 0.0111868 0.0145393 0.0180207 0.0213084 0.0240824 0.0260805 0.0271472 0.0272566 0.0265008 0.0250515 0.0231108 0.0208686 0.0184785 0.0160527 0.0136714 0.0113954 0.00927602
 1.01324e-16 3.34153e-05 0.000196122 0.000932276 0.00358932 0.011193 0.0282725 0.0578494 0.0958918 0.12878 0.140138 0.123612 0.0884862 0.0516419 0.0250636 0.0110413 0.00592725 0.00542457 0.0068947 0.00916729 0.0117452 0.0143107 0.0165667 0.0182392 0.0191278 0.01915 0.0183572 0.0169154 0.0150581 0.0130289 0.0110317 0.00920287 0.00760741 0.00625331 0.00511501 0.0041552
 1.01133e-16 2.24688e-05 0.000131833 0.000626588 0.00241225 0.00752227 0.019001 0.0388811 0.0644591 0.0865952 0.0943076 0.0833641 0.060063 0.035836 0.0188535 0.0107917 0.00933316 0.0116811 0.0160611 0.0215492 0.0275163 0.033316 0.038243 0.0416369 0.043027 0.0422444 0.0394616 0.0351413 0.0299162 0.0244403 0.0192594 0.0147355 0.0110326 0.0081511 0.00598835 0.00439796
 1.00426e-16 3.92265e-05 0.000230248 0.00109454 0.00421411 0.0131414 0.0331939 0.0679181 0.112578 0.151176 0.164478 0.145004 0.10363 0.0601389 0.0285499 0.0114905 0.00461732 0.00284214 0.00306174 0.00395382 0.00505315 0.00616468 0.0071502 0.0078897 0.00829469 0.00832598 0.00800104 0.00738643 0.00657887 0.00568144 0.00478299 0.00394602 0.00320435 0.00256824 0.00203309 0.00158766
 1.00222e-16 3.26568e-05 0.000191663 0.000911067 0.00350763 0.0109382 0.0276291 0.0565334 0.0937124 0.125859 0.136975 0.120858 0.0865939 0.0506966 0.0249008 0.0114702 0.00686374 0.00689431 0.00897343 0.0119162 0.015161 0.0182931 0.0209063 0.0226305 0.0232075 0.0225528 0.0207779 0.0181596 0.0150701 0.0118916 0.00894065 0.00642432 0.00443142 0.00295293 0.0019171 0.00122545
 1.00128e-16 3.99687e-05 0.000234606 0.00111526 0.00429387 0.0133901 0.0338222 0.0692036 0.114708 0.154037 0.16759 0.147746 0.105586 0.0612674 0.0290722 0.011676 0.00465058 0.00280789 0.00298196 0.0038213 0.00484821 0.00586159 0.00672051 0.00730576 0.00753394 0.00737557 0.00686202 0.00607626 0.00513163 0.00414531 0.00321534 0.00240696 0.00174988 0.00124443 0.000872017 0.000605832
 1.003e-16 2.85188e-05 0.000167361 0.000795514 0.00306269 0.00955067 0.0241244 0.0493632 0.0818303 0.109912 0.119648 0.105639 0.075839 0.0447016 0.0225175 0.0113163 0.00805771 0.00912093 0.0122454 0.0163434 0.020811 0.0251188 0.0287173 0.0310998 0.0319111 0.031034 0.0286193 0.025044 0.0208167 0.0164598 0.0124071 0.00894302 0.00619098 0.0041408 0.0026966 0.00172565
 1.01213e-16 2.45576e-05 0.000144102 0.00068493 0.00263691 0.00822286 0.0207706 0.0425012 0.0704575 0.0946438 0.103047 0.0910288 0.0654529 0.0387867 0.0199224 0.0106465 0.00838245 0.0100458 0.0137034 0.0183999 0.0235578 0.0286265 0.033013 0.0361575 0.0376512 0.0373305 0.0353119 0.0319521 0.0277526 0.0232397 0.0188606 0.0149216 0.011576 0.00885056 0.00669058 0.00500528
 1.01044e-16 3.20383e-05 0.000188035 0.000893825 0.00344126 0.0107312 0.0271063 0.0554634 0.0919379 0.123474 0.134373 0.118548 0.0849083 0.0496488 0.0242741 0.0109967 0.00633619 0.00618519 0.00801536 0.0106898 0.0136979 0.0166837 0.0193006 0.0212259 0.0222221 0.0221888 0.0211841 0.0194013 0.0171161 0.0146194 0.0121589 0.00990574 0.00794755 0.00630393 0.0049517 0.00384924
 1.00747e-16 2.81098e-05 0.000164961 0.000784106 0.00301878 0.00941371 0.0237785 0.0486553 0.0806565 0.108335 0.11793 0.104118 0.0747392 0.0440377 0.0221547 0.0110889 0.00784292 0.00884941 0.0118852 0.0158876 0.0202753 0.0245432 0.0281657 0.030655 0.0316639 0.0310679 0.0289951 0.0257875 0.0219131 0.0178554 0.0140186 0.0106708 0.00793387 0.00580877 0.00421969 0.00305816
 1.00131e-16 3.95133e-05 0.000231931 0.00110254 0.00424489 0.0132374 0.0334364 0.0684143 0.1134 0.152282 0.165683 0.146071 0.104404 0.0606106 0.0288153 0.0116681 0.00479616 0.00307378 0.00337084 0.00434582 0.00551514 0.00666352 0.00763265 0.00828699 0.00853195 0.00833489 0.00773299 0.0068225 0.00573429 0.0046033 0.00354206 0.00262499 0.00188533 0.00132223 0.000913009 0.000625532
 1.0006e-16 3.85144e-05 0.000226064 0.00107464 0.00413748 0.0129024 0.0325903 0.0666834 0.110532 0.148433 0.161502 0.142402 0.101818 0.0591824 0.0282736 0.0116868 0.00517185 0.00374026 0.00433963 0.00564773 0.00716354 0.00863473 0.00985831 0.0106575 0.01091 0.010577 0.00971285 0.00845039 0.00696809 0.00544871 0.0040436 0.00285147 0.00191425 0.00122677 0.00075363 0.000446463
 1.00316e-16 2.74737e-05 0.000161223 0.000766328 0.00295031 0.0092002 0.0232392 0.0475522 0.0788292 0.105884 0.115272 0.101795 0.073122 0.0431864 0.0219137 0.0112744 0.00835452 0.00967641 0.0130624 0.0174496 0.0222237 0.0268272 0.0306748 0.0332254 0.0340998 0.033172 0.030602 0.0267913 0.022282 0.017631 0.0133014 0.00959704 0.00665046 0.00445184 0.00289993 0.00185406
 1.012e-16 2.49937e-05 0.000146663 0.000697108 0.0026838 0.00836909 0.0211399 0.0432568 0.0717097 0.0963244 0.104873 0.0926328 0.0665864 0.0394188 0.0201741 0.0106637 0.00825807 0.00981331 0.0133615 0.0179373 0.0229673 0.0279129 0.032196 0.0352711 0.0367396 0.0364412 0.0344883 0.0312274 0.0271456 0.0227548 0.01849 0.0146495 0.0113829 0.00871717 0.00660014 0.00494455
 1.00508e-16 3.67501e-05 0.000215704 0.00102538 0.00394783 0.012311 0.0310964 0.0636269 0.105467 0.141633 0.154108 0.135896 0.097194 0.0565519 0.0271248 0.0114003 0.00533464 0.00417844 0.00502446 0.00660825 0.00843871 0.0102519 0.0118233 0.0129514 0.0134902 0.0133818 0.0126686 0.0114784 0.00999084 0.00839343 0.00684496 0.0054533 0.00427139 0.00330698 0.0025393 0.00193528
 1.0019e-16 3.70154e-05 0.000217261 0.00103278 0.0039763 0.0123998 0.0313208 0.064086 0.106228 0.142656 0.155224 0.136885 0.0979134 0.0569944 0.0273813 0.0115828 0.00552872 0.00443511 0.00536949 0.00704838 0.00896142 0.0108229 0.0123866 0.0134335 0.0138104 0.0134656 0.0124617 0.0109577 0.00916914 0.00731771 0.00558776 0.00410056 0.00290938 0.00201113 0.00136671 0.000921579
 1.00535e-16 2.55149e-05 0.000149721 0.000711637 0.00273973 0.00854349 0.0215805 0.0441585 0.0732051 0.098335 0.107067 0.0945826 0.0680137 0.0403149 0.0207255 0.0111013 0.00876267 0.0104986 0.0142893 0.0191253 0.0243849 0.0294733 0.0337552 0.0366402 0.0377108 0.0368233 0.0341429 0.0300968 0.0252656 0.0202478 0.0155425 0.0114799 0.00820726 0.0057207 0.0039191 0.00265929
 1.00919e-16 3.38015e-05 0.00019839 0.000943063 0.00363085 0.0113225 0.0285997 0.0585187 0.0970009 0.130269 0.141756 0.125033 0.0894898 0.0522009 0.0252855 0.0110556 0.00581748 0.00522263 0.00660365 0.00878324 0.0112703 0.013759 0.0159651 0.0176242 0.0185387 0.01862 0.0179054 0.0165417 0.0147431 0.0127385 0.010726 0.0088457 0.00717471 0.00573789 0.00452708 0.00351901
 1.0063e-16 3.30012e-05 0.000193688 0.000920698 0.00354473 0.0110539 0.0279213 0.057131 0.094702 0.127185 0.138411 0.122109 0.0874528 0.0511252 0.0249736 0.0112739 0.0064364 0.00622463 0.00802778 0.0106682 0.0136141 0.0164956 0.0189559 0.0206684 0.0213995 0.0210635 0.019742 0.0176588 0.0151212 0.0124475 0.00990408 0.00766839 0.00582191 0.00436743 0.00325791 0.00242546
 1.01063e-16 2.59359e-05 0.000152196 0.000723412 0.00278508 0.00868493 0.0219377 0.0448891 0.074415 0.0999563 0.108823 0.096109 0.0690589 0.0408294 0.0207978 0.0108334 0.00819674 0.009616 0.0130448 0.0174849 0.0223549 0.0271193 0.0312084 0.0340886 0.0353746 0.0349196 0.032848 0.0295155 0.0254155 0.0210618 0.0168872 0.0131833 0.0100894 0.00761889 0.00570503 0.00424649
 1.01409e-16 3.01729e-05 0.000177081 0.000841745 0.00324073 0.0101059 0.0255268 0.0522317 0.086582 0.116284 0.126557 0.111673 0.0800282 0.0468846 0.0230898 0.0107441 0.00658731 0.00676525 0.00890197 0.011918 0.015307 0.0186922 0.0216954 0.0239598 0.0252183 0.0253514 0.0244103 0.0225937 0.0201911 0.017511 0.014819 0.0123019 0.0100606 0.0081261 0.00648564 0.00510739
 1.03162e-16 7.52864e-06 4.40985e-05 0.000209438 0.000806036 0.00251327 0.00634905 0.0129961 0.0215617 0.0290151 0.031728 0.0283522 0.0210935 0.0139209 0.00976653 0.00943175 0.0123824 0.0178557 0.02528 0.0341405 0.0437556 0.0531999 0.0613956 0.0673124 0.0701977 0.0697515 0.06619 0.0601706 0.0526137 0.0444809 0.0365829 0.0294674 0.0234002 0.0184161 0.0144069 0.0112048
 1.04715e-16 2.73942e-05 0.000160778 0.00076426 0.00294243 0.00917568 0.023177 0.0474231 0.0786087 0.105568 0.114877 0.101324 0.07252 0.0423024 0.0204969 0.00898651 0.00479583 0.00443131 0.00577726 0.0079412 0.0105975 0.0135701 0.0166827 0.0197373 0.0225344 0.0248979 0.0266929 0.0278314 0.0282685 0.0279968 0.0270414 0.0254599 0.0233448 0.0208221 0.0180444 0.0151774
 1.02059e-16 2.33172e-05 0.000136817 0.00065029 0.00250353 0.0078069 0.0197199 0.0403518 0.0668957 0.0898639 0.0978551 0.0864706 0.0622372 0.0370052 0.0192347 0.010643 0.00880314 0.0107983 0.0147886 0.0198401 0.0253524 0.0307308 0.0353327 0.038558 0.0399795 0.0394448 0.0371111 0.0333962 0.0288686 0.0241107 0.019602 0.0156524 0.0123923 0.00980799 0.00779886 0.00623353
pSPR Fmed_Fpbrs
0.534142   0.6 0.325
Fs Fmed_Fpbrs
0.64   0.479997 1.70984
SSBpbr Bo_Bmed_Bpbrs
500127  242133  275070 137535
Ro
22925.4
SPR SPRFo_SPRFmed_SPRFpbrs
473506 252920 153890
log_Ro
9.86
likeval ReclasPelacesDesembMPH_pf_preclas_ppelaces_ptallas_desvR_qrecl_qpela
 92.4572 9.7506 0.17076 98.4293 354.685 225.973 59.8022 0 28.5715 4.30302e-05 0.00020188 3.80532e-14 0 0 0
q_reclas_q_pelaces
2.53335 7.54913
M
0.7
N
 22869.5 15228.8 4713.53 592.609 0.15062
 42761.7 10674.2 4687.35 1116.8 137.398
 7392.07 19586.1 2840.6 886.754 230.539
 11413.5 3089.83 2572.84 180.285 66.6709
 34619.1 5292.09 903.731 563.334 52.7565
 14684.4 16934.3 2339.5 374.897 254.209
 58277.5 6295.02 2703.55 200.775 51.1934
 44291.6 25274.5 1099.15 266.492 23.6619
 118569 18160.8 2861.97 55.4436 13.6726
 101398 48245.7 1938.48 131.756 2.96305
 56214.5 46570 13112.4 378.874 25.612
 68466 24375.5 8120.38 1289.8 37.9166
 38701.5 29805.7 4382.3 837.451 130.684
 29533.2 16222.4 4001.14 287.623 59.8155
 17058.3 9809.04 361.322 16.3107 1.22677
 8790.42 5931.85 311.382 2.5483 0.10898
 4614.56 3862.32 1145.31 35.8597 0.293018
 7275.65 1981.6 624.816 100.318 3.00783
 12836.9 2980.15 222.616 31.1331 4.80877
 7539.24 5496.48 471.424 18.8349 2.88441
 17724.5 3361.89 1189.45 64.7662 2.87157
 33508.9 8238.42 1002 268.135 14.8938
 32468.1 15577 2457.78 226.213 62.417
 54852.4 15261 5061.32 633.225 72.9138
 8205.37 25663.2 4784.57 1233.86 168.531
 24544.8 3875 8647.5 1304.06 375.448
 9005.69 11360.3 1117.82 1853.33 350.99
pred_Ctot
 991.866 4279.14 1848.28 237.261 0.0603701
 2398.93 3691.42 2202.8 534.763 65.8565
 849.771 11146 1984.92 626.7 163.027
 546.228 941.306 1083.4 77.4546 28.6739
 372.583 420.586 108.113 69.2312 6.49286
 1456.2 8801.44 1529.03 248.226 168.432
 5349.81 3111.84 1700.78 128.066 32.678
 5613.78 15210.2 799.107 195.742 17.3893
 15577.7 11146.8 2109.37 41.2682 10.1822
 5502.78 16255.2 890.845 61.7124 1.38925
 5166.72 23039.6 8254.02 241.815 16.3587
 6119.37 11837.5 5038.84 811.737 23.8806
 4381.72 16809.5 3042.32 588.113 91.8307
 7197.62 12942.7 3477.9 251.065 52.2242
 3753.08 7570.62 308.083 13.976 1.05144
 733.428 2749.3 186.291 1.54742 0.0662283
 452.619 1993.38 744.59 23.6209 0.193146
 926.696 1195.78 455.12 73.8209 2.21455
 1282.66 1556.38 146.023 20.6868 3.19742
 556.642 2337.29 263.25 10.6888 1.63831
 818.952 995.233 488.411 27.1405 1.20464
 1545.45 2435.22 410.903 112.217 6.23996
 1252.57 3967.72 882.809 83.0304 22.9362
 2289.78 4153.95 1929.3 246.519 28.4177
 290.001 6065.99 1606.27 423.531 57.9179
 1204.41 1204.67 3706.48 570.155 164.325
 1106.35 6717.9 802.759 1345.14 254.89
F
 0.0619726 0.478321 0.739969 0.761904 0.763094
 0.0808238 0.623819 0.965056 0.993664 0.995217
 0.172294 1.32981 2.05723 2.11821 2.12152
 0.0685826 0.529339 0.818893 0.843168 0.844486
 0.015065 0.116276 0.17988 0.185212 0.185501
 0.147024 1.13477 1.75551 1.80755 1.81037
 0.135422 1.04522 1.61698 1.66491 1.66751
 0.191531 1.47828 2.28692 2.35472 2.3584
 0.199185 1.53736 2.37831 2.44882 2.45264
 0.0780934 0.602746 0.932455 0.960097 0.961597
 0.135598 1.04658 1.61907 1.66707 1.66967
 0.131636 1.016 1.57177 1.61836 1.62089
 0.169484 1.30812 2.02368 2.08367 2.08692
 0.402212 3.10438 4.80251 4.94488 4.9526
 0.356303 2.75004 4.25434 4.38046 4.3873
 0.122393 0.944665 1.46141 1.50473 1.50708
 0.145313 1.12157 1.73508 1.78651 1.7893
 0.192558 1.48621 2.29919 2.36734 2.37104
 0.148216 1.14397 1.76974 1.8222 1.82505
 0.107617 0.830617 1.28498 1.32307 1.32513
 0.0661423 0.510503 0.789755 0.813166 0.814437
 0.0660185 0.509548 0.788278 0.811645 0.812913
 0.0549561 0.424166 0.656189 0.675641 0.676697
 0.0595868 0.459907 0.711481 0.732572 0.733717
 0.0502431 0.387789 0.599915 0.617698 0.618664
 0.0703742 0.543167 0.840286 0.865195 0.866547
 0.185137 1.42894 2.21058 2.27611 2.27967
Np
 14177.3 6771.08 1365.98 421.379 24.4664
YTP_r0W_actual
 2034.81 46647.9 9646.64 20913.9 4400.89
YTP_p0W_proyectada
 3203.31 15259.8 11663 686.758 1245.12
 3203.31 27803.6 11788.3 4755.05 306.772
CTP_r0_actual
 248.147 2159.62 307.218 521.545 98.8963
CTP_p0_proyectada
 390.647 706.473 371.432 17.1261 27.9803
 390.647 1287.2 375.423 118.58 6.89375
Wmedp
 8.2 21.6 31.4 40.1 44.5
nmprior
 10.8 10.6 4.6 0
nm_flota  nm_reclas  nm_pelaces    nm_pelaL
inf 12.892 10.8112 28.0171
cv_recla  cv_pelaces  cv_mph
0.832724 0.342063 0.397731
 ------------------------------------------------
Talla a la edad & desviaci?n 
 7.2 14.2025 17.0495 18.207 18.6776
 1.08 2.13037 2.55742 2.73105 2.80164
