years
 1997 1998 1999 2000 2001 2002 2003 2004 2005 2006 2007 2008 2009 2010 2011 2012 2013 2014 2015 2016 2017 2018 2019 2020 2021 2022 2023
reclasobs
 0 0 0 370054 412103 1.49427e+06 250295 1.28982e+06 931140 785840 897777 1.04006e+06 184774 17550 25797 100020 73551 82996 120727 218422 84188 347160 605670 569463 516374 1.08416e+06 1.01767e+06
reclaspred
 497475 134839 386674 238250 288067 298109 624628 457863 800587 828259 693924 479810 277102 130690 100440 83945.7 66894.2 86744.5 120485 175704 270573 323104 609489 679855 713795 561217 552930
pelacesobs
 0 0 0 0 0 0 0 0 0 2.06254e+06 1.5e+06 0 1.87456e+06 323000 250000 174000 83755 137374 0 501740 490994 745055 786931 1.00524e+06 1.33801e+06 1.41789e+06 0
pelacespred
 1.83595e+06 401838 698804 673748 715200 559291 1.49731e+06 1.2004e+06 2.11606e+06 2.06673e+06 1.52047e+06 1.09694e+06 629240 246396 196929 169918 142106 185880 254161 363185 678125 714491 1.12016e+06 1.52083e+06 1.50959e+06 1.32522e+06 1.23194e+06
mphobs
 0 0 0 0 0 0 112323 0 153150 637223 0 255016 313432 73983 77613 109348 50772 17779 17303 59886 28197 0 207744 136588 643089 65757 70829
mphpred
 166244 102627 120180 131016 118777 152681 197175 234846 249313 388602 384256 274460 167111 110903 58177.3 52771.3 41075.9 40525.5 22734.8 33897.5 51033.1 70765.6 115024 163211 182861 153949 119473
desembarqueobs
 350755 77701 442110 56441 14545 235359 269955 359681 431902 328805 639364 411747 362871 311530 167758 66681 60226 58785 57116 73181 50977 67692 138656 160484 209506 203330 245020
desembarquepred
 350772 77708.4 442208 56447.1 14545.6 235573 270025 359696 431803 328860 639662 411917 363506 311903 167729 66734.8 60327.2 58796.4 57091.6 73196.5 50978.2 67678.1 138669 160489 209615 203419 245033
Reclutas
 48589.4 55548.2 29833 34655.2 48537.8 34265.6 69524.4 80076.9 182933 131943 66417.6 44803.5 36803.2 29487.6 19477 11021.1 7089.49 12932.3 23836.2 22625.6 41860.9 83274.4 84596.2 95113.7 25246.2 37324.4 102822
log_desv_Rt
 0.15116 0.285006 -0.33663 -0.186798 0.150098 -0.198104 0.509433 0.650742 1.47688 1.15012 0.463718 0.0700413 -0.126659 -0.348275 -0.76301 -1.33244 -1.77363 -1.17252 -0.561038 -0.613162 0.00210663 0.689897 0.705644 0.822829 -0.50357 -0.112597 0.900756
SSB
 565763 349261 409000 445875 404223 519606 651623 789246 829402 1.29751e+06 1.30771e+06 934047 585302 284909 153976 140878 115822 109557 147435 230094 328893 444877 741354 1.00888e+06 1.23051e+06 1.06782e+06 781611
BT
 2.00479e+06 505898 890580 688390 678329 712056 1.58473e+06 1.51573e+06 2.36384e+06 2.23462e+06 1.98505e+06 1.39876e+06 941741 525161 322472 213466 185435 220908 283934 394249 674111 726636 1.13375e+06 1.55187e+06 1.57241e+06 1.42036e+06 1.36399e+06
Ftot
 0.567153 0.448347 0.70473 0.152677 0.0351239 0.438468 0.322915 0.603103 0.531777 0.270096 0.524128 0.482569 0.766598 1.4753 1.19633 0.466338 0.552943 0.50969 0.365559 0.275729 0.142001 0.153302 0.136286 0.150076 0.152639 0.197782 0.315989
BD_Bspro_t
 0.934144 0.715215 0.658064 0.499317 0.602266 0.7155 0.636989 0.65314 0.631318 0.67968 0.651549 0.49953 0.391246 0.27125 0.186959 0.206616 0.234916 0.293076 0.417848 0.583626 0.68437 0.790891 0.839511 0.837885 0.826455 0.759359 0.699331
BD_Bspro
 0.655741 0.404807 0.474046 0.516786 0.46851 0.602243 0.755256 0.914766 0.961309 1.50387 1.51568 1.0826 0.678387 0.33022 0.178464 0.163282 0.134242 0.126981 0.170883 0.266687 0.381199 0.515629 0.859258 1.16933 1.42621 1.23765 0.905917
BD_Bo
 0.384085 0.237106 0.277662 0.302695 0.274419 0.35275 0.442373 0.535803 0.563064 0.880855 0.887776 0.634106 0.397349 0.193419 0.104531 0.0956389 0.0786288 0.0743763 0.100091 0.156206 0.223279 0.302018 0.50329 0.68491 0.835367 0.724922 0.53062
BD_Brms
 0.698336 0.431102 0.504839 0.550355 0.498944 0.641363 0.804315 0.974187 1.02375 1.60156 1.61414 1.15292 0.722453 0.35167 0.190056 0.173889 0.142962 0.13523 0.181983 0.284011 0.405961 0.549123 0.915073 1.24529 1.51885 1.31804 0.964763
S_f
 0.170928 1 1 1 1
 0.170928 1 1 1 1
 0.170928 1 1 1 1
 0.170928 1 1 1 1
 0.170928 1 1 1 1
 0.170928 1 1 1 1
 0.170928 1 1 1 1
 0.170928 1 1 1 1
 0.170928 1 1 1 1
 0.170928 1 1 1 1
 0.170928 1 1 1 1
 0.170928 1 1 1 1
 0.170928 1 1 1 1
 0.170928 1 1 1 1
 0.170928 1 1 1 1
 0.170928 1 1 1 1
 0.170928 1 1 1 1
 0.170928 1 1 1 1
 0.170928 1 1 1 1
 0.170928 1 1 1 1
 0.170928 1 1 1 1
 0.170928 1 1 1 1
 0.170928 1 1 1 1
 0.170928 1 1 1 1
 0.170928 1 1 1 1
 0.170928 1 1 1 1
 0.170928 1 1 1 1
Scru_reclas
 0.845866 1 1 1 1
 0.845866 1 1 1 1
 0.845866 1 1 1 1
 0.845866 1 1 1 1
 0.845866 1 1 1 1
 0.845866 1 1 1 1
 0.845866 1 1 1 1
 0.845866 1 1 1 1
 0.845866 1 1 1 1
 0.845866 1 1 1 1
 0.845866 1 1 1 1
 0.845866 1 1 1 1
 0.845866 1 1 1 1
 0.845866 1 1 1 1
 0.845866 1 1 1 1
 0.845866 1 1 1 1
 0.845866 1 1 1 1
 0.845866 1 1 1 1
 0.845866 1 1 1 1
 0.845866 1 1 1 1
 0.845866 1 1 1 1
 0.845866 1 1 1 1
 0.845866 1 1 1 1
 0.845866 1 1 1 1
 0.845866 1 1 1 1
 0.845866 1 1 1 1
 0.845866 1 1 1 1
Scru_pelaces
 1 1 1 1 1
 1 1 1 1 1
 1 1 1 1 1
 1 1 1 1 1
 1 1 1 1 1
 1 1 1 1 1
 1 1 1 1 1
 1 1 1 1 1
 1 1 1 1 1
 1 1 1 1 1
 1 1 1 1 1
 1 1 1 1 1
 1 1 1 1 1
 1 1 1 1 1
 1 1 1 1 1
 1 1 1 1 1
 1 1 1 1 1
 1 1 1 1 1
 1 1 1 1 1
 1 1 1 1 1
 1 1 1 1 1
 1 1 1 1 1
 1 1 1 1 1
 1 1 1 1 1
 1 1 1 1 1
 1 1 1 1 1
 1 1 1 1 1
pf_obs 
 0.256992 0.487395 0.22802 0.0275931 0
 0.321318 0.546541 0.124235 0.00734118 0.000564706
 0.182869 0.594174 0.210203 0.0122559 0.00049798
 0.330522 0.361315 0.267642 0.0388342 0.00168674
 0.649043 0.306663 0.0425973 0.00169635 0
 0.582887 0.30429 0.105238 0.00758474 0
 0.465427 0.430635 0.0974691 0.00646863 0
 0.296916 0.608066 0.0921331 0.00288517 0
 0.311714 0.524322 0.152257 0.0117073 0
 0.15457 0.633149 0.183074 0.0267441 0.00246327
 0.131901 0.49318 0.331252 0.0422183 0.00144891
 0.196976 0.569456 0.194076 0.0375587 0.00193317
 0.518974 0.381816 0.0799577 0.0180837 0.00116848
 0.0928022 0.601141 0.25162 0.0475244 0.00691264
 0.122501 0.610282 0.24278 0.0234846 0.000952079
 0.383417 0.481906 0.127806 0.00687128 0
 0.0376549 0.599619 0.316969 0.0457579 0
 0.0361596 0.667082 0.258105 0.0386534 0
 0.158088 0.579412 0.248529 0.0139706 0
 0.0477256 0.309471 0.559284 0.082774 0.000745712
 0.0406174 0.521527 0.379366 0.0568643 0.0016247
 0.151134 0.462217 0.34131 0.0453401 0
 0.294876 0.26143 0.354403 0.0886775 0.000613685
 0.281977 0.475581 0.204845 0.0348837 0.00271318
 0.0841818 0.532909 0.334909 0.0458182 0.00218182
 0.115287 0.27431 0.454777 0.147771 0.00785563
 0 0 0 0 0
pf_pred 
 0.367289 0.448163 0.165215 0.0193225 9.97939e-06
 0.292951 0.577797 0.0915518 0.0337506 0.00394929
 0.159819 0.630452 0.171389 0.0271566 0.0111827
 0.22555 0.473294 0.22598 0.0614329 0.0137424
 0.244787 0.488374 0.163075 0.0778622 0.0259019
 0.157969 0.554398 0.186004 0.0621095 0.03952
 0.326808 0.387268 0.188254 0.0631605 0.0345098
 0.283542 0.55027 0.0956032 0.0464735 0.0241115
 0.442098 0.421953 0.104415 0.0181409 0.0133937
 0.204158 0.682058 0.0860572 0.0212954 0.00643147
 0.120599 0.554344 0.278582 0.0351495 0.0113249
 0.13243 0.440908 0.268953 0.135161 0.0225481
 0.173969 0.437589 0.19741 0.12042 0.0706118
 0.242241 0.48682 0.14353 0.064751 0.0626587
 0.255921 0.595712 0.0953175 0.0281027 0.0249463
 0.181157 0.644422 0.139642 0.0223435 0.0124353
 0.152123 0.524204 0.254728 0.0551976 0.0137474
 0.322631 0.391771 0.176572 0.0858022 0.0232234
 0.380718 0.483569 0.0784923 0.0353767 0.0218435
 0.237223 0.618354 0.112774 0.0183053 0.0133444
 0.321586 0.457657 0.17896 0.0326382 0.00915983
 0.356656 0.481041 0.109489 0.042814 0.00999969
 0.226599 0.600954 0.128942 0.0293482 0.0141565
 0.212746 0.508775 0.216386 0.0464281 0.0156648
 0.0586521 0.592202 0.225641 0.0959668 0.0275381
 0.136277 0.243028 0.390479 0.14878 0.0814352
 0.35569 0.324243 0.0900581 0.144699 0.0853102
pobs_RECLAS
 0 0 0 0 0
 0 0 0 0 0
 0 0 0 0 0
 0 0 0 0 0
 0.835266 0.146461 0.0176864 0.000547809 3.91292e-05
 0.385257 0.428462 0.181853 0.0044286 0
 0.867414 0.0963971 0.0333333 0.00285562 0
 0.441836 0.489002 0.0689373 0.000224442 0
 0.779404 0.147425 0.0564933 0.0165055 0.000172143
 0.814271 0.122319 0.05973 0.00367925 0
 0.40263 0.566651 0.0304383 0.000280538 0
 0.475488 0.404961 0.113038 0.00651328 0
 0.955842 0.0263864 0.0167828 0.000988607 0
 0.975058 0.0227948 0.00214734 0 0
 0.738997 0.206755 0.0527124 0.00153531 0
 0.850938 0.134255 0.0134407 0.00136685 0
 0.542534 0.407297 0.0501686 0 0
 0.764087 0.199537 0.0359546 0.000420521 0
 0.470689 0.182191 0.310203 0.0369168 0
 0.84361 0.089868 0.0606195 0.00523954 0.000663233
 0.607945 0.314616 0.071237 0.00620181 0
 0.523733 0.453247 0.0230204 0 0
 0.530135 0.295979 0.169645 0.0042399 0
 0.562478 0.366248 0.0663022 0.0049721 0
 0.250443 0.683176 0.0655157 0.000865301 0
 0.195077 0.31981 0.436473 0.0351445 0.0134964
 0.565238 0.351407 0.0832357 0.000118908 0
ppred_RECLAS
 0.749315 0.177566 0.0654596 0.00765574 3.95392e-06
 0.678606 0.262642 0.0416155 0.0153416 0.00179518
 0.49814 0.376584 0.102375 0.0162213 0.00667971
 0.592365 0.249121 0.118946 0.0323355 0.00723336
 0.616387 0.248071 0.0828346 0.0395504 0.013157
 0.488561 0.336734 0.112977 0.0377246 0.024004
 0.710134 0.166751 0.0810592 0.0271959 0.0148594
 0.671551 0.252263 0.0438278 0.0213051 0.0110535
 0.802656 0.149255 0.0369342 0.0064169 0.00473767
 0.563266 0.374293 0.0472256 0.0116863 0.0035294
 0.412942 0.370061 0.185972 0.0234646 0.00756011
 0.438242 0.285491 0.174149 0.0875175 0.0146001
 0.525184 0.251533 0.113475 0.0692192 0.0405888
 0.648195 0.226016 0.0666367 0.0300619 0.0290906
 0.65556 0.27576 0.0441232 0.0130089 0.0115479
 0.530323 0.369632 0.0800965 0.0128159 0.00713271
 0.479882 0.321566 0.156259 0.0338602 0.00843313
 0.709298 0.168134 0.0757785 0.0368232 0.00996662
 0.75683 0.18988 0.0308211 0.0138912 0.00857717
 0.610011 0.316149 0.0576583 0.00935902 0.00682266
 0.702709 0.200552 0.0784228 0.0143025 0.00401397
 0.734483 0.198532 0.0451876 0.0176699 0.00412701
 0.593578 0.315802 0.0677588 0.0154225 0.00743927
 0.574138 0.27522 0.117053 0.0251151 0.00847381
 0.237157 0.479905 0.182853 0.0777689 0.0223161
 0.441169 0.15724 0.252641 0.0962613 0.0526888
 0.735764 0.132974 0.0369334 0.0593418 0.0349863
pobs_PELACES
 0 0 0 0 0
 0 0 0 0 0
 0 0 0 0 0
 0 0 0 0 0
 0 0 0 0 0
 0 0 0 0 0
 0 0 0 0 0
 0 0 0 0 0
 0 0 0 0 0
 0 0 0 0 0
 0.450072 0.473896 0.0757376 0.000293798 0
 0 0 0 0 0
 0.463077 0.371075 0.160297 0.00555027 0
 0.529543 0.364841 0.0842815 0.0213345 0
 0.631943 0.363953 0.00410389 0 0
 0.735681 0.248677 0.0153453 0.000297389 0
 0.695825 0.281241 0.0229344 0 0
 0.275771 0.60734 0.115278 0.00161068 0
 0 0 0 0 0
 0.896147 0.0623911 0.0374545 0.00400742 0
 0.803859 0.145111 0.0509908 3.86294e-05 0
 0.739449 0.233085 0.0266225 0.000797448 4.60066e-05
 0.878498 0.100942 0.0204185 0.000141795 0
 0.694673 0.275183 0.0284847 0.00165964 0
 0.469039 0.446079 0.0841089 0.000773354 0
 0.822795 0.102175 0.0682046 0.00682512 0
 0 0 0 0 0
ppred_PELACES
 0.80495 0.138158 0.050932 0.00595668 3.07641e-06
 0.738354 0.213816 0.033879 0.0124895 0.00146145
 0.587288 0.30969 0.0841895 0.0133398 0.00549316
 0.641738 0.218947 0.104539 0.028419 0.00635725
 0.657291 0.22162 0.0740021 0.0353332 0.0117541
 0.560105 0.289629 0.0971724 0.0324473 0.0206461
 0.759835 0.13816 0.0671606 0.0225328 0.0123116
 0.740315 0.199449 0.034652 0.0168446 0.00873936
 0.847595 0.115267 0.0285236 0.00495564 0.00365881
 0.621452 0.324425 0.0409336 0.0101293 0.00305917
 0.489745 0.321647 0.161642 0.0203948 0.00657104
 0.512778 0.247612 0.151042 0.0759054 0.0126629
 0.617264 0.202754 0.0914688 0.0557957 0.0327175
 0.765332 0.150761 0.0444493 0.0200525 0.0194045
 0.757362 0.194257 0.0310822 0.00916403 0.00813479
 0.602627 0.312729 0.0677662 0.010843 0.00603467
 0.55926 0.27249 0.132412 0.0286926 0.00714611
 0.768315 0.134 0.0603944 0.0293476 0.00794326
 0.802626 0.15412 0.0250166 0.0112751 0.00696185
 0.66601 0.270753 0.0493792 0.00801516 0.00584299
 0.743926 0.172747 0.06755 0.0123196 0.00345747
 0.773263 0.169536 0.0385879 0.0150892 0.00352425
 0.641862 0.278283 0.0597088 0.0135902 0.00655546
 0.624151 0.242898 0.103306 0.0221656 0.00747864
 0.277043 0.454812 0.173293 0.0737027 0.0211493
 0.496272 0.141735 0.22773 0.0867696 0.0474935
 0.782095 0.109659 0.0304576 0.048937 0.0288519
pobs_pel_tallas
 0 0 0 0 0 0 0 0 0 0 0 0 0 0 0 0 0 0 0 0 0 0 0 0 0 0 0 0 0 0 0 0 0 0 0 0
 0 0 0 0 0 0 0 0 0 0 0 0 0 0 0 0 0 0 0 0 0 0 0 0 0 0 0 0 0 0 0 0 0 0 0 0
 0 0 0 0 0 0 0 0 0 0 0 0 0 0 0 0 0 0 0 0 0 0 0 0 0 0 0 0 0 0 0 0 0 0 0 0
 0 0 0 0 0 0 0 0 0 0 0 0 0 0 0 0 0 0 0 0 0 0 0 0 0 0 0 0 0 0 0 0 0 0 0 0
 0 0 0 0 0 0 0 0 0 0 0 0 0 0 0 0 0 0 0 0 0 0 0 0 0 0 0 0 0 0 0 0 0 0 0 0
 0 0 0 0 0 0 0 0 0 0 0 0 0 0 0 0 0 0 0 0 0 0 0 0 0 0 0 0 0 0 0 0 0 0 0 0
 0 0 0 0 0 0 0 0 0 0 0 0 0 0 0 0 0 0 0 0 0 0 0 0 0 0 0 0 0 0 0 0 0 0 0 0
 0 0 0 0 0 0 0 0 0 0 0 0 0 0 0 0 0 0 0 0 0 0 0 0 0 0 0 0 0 0 0 0 0 0 0 0
 0 0 0 0 0 0 0 0 0 0 0 0 0 0 0 0 0 0 0 0 0 0 0 0 0 0 0 0 0 0 0 0 0 0 0 0
 0 0 0 0 0 0 0 0 0 0 0 0 0 0 0 0 0 0 0 0 0 0 0 0 0 0 0 0 0 0 0 0 0 0 0 0
 0 0 0 0 0 0 0 0 1.78061e-05 0.00172719 0.00360574 0.0105946 0.0120993 0.0124554 0.0147524 0.0171206 0.0266825 0.0428682 0.0675386 0.121331 0.153587 0.119568 0.100827 0.0573624 0.0630603 0.0341343 0.0324427 0.0444173 0.0211091 0.0280891 0.0125444 0.00206551 0 0 0 0
 0 0 0 0 0 0 0 0 0 0 0 0 0 0 0 0 0 0 0 0 0 0 0 0 0 0 0 0 0 0 0 0 0 0 0 0
 0 0 0 0 0 0 0.0133647 0.0140871 0.0187388 0.0205184 0.03894 0.0496705 0.03968 0.0493445 0.0407372 0.0367815 0.0215668 0.0243155 0.0234873 0.0199281 0.019796 0.0243948 0.0301388 0.0376714 0.0412746 0.0863199 0.0771752 0.113111 0.0741005 0.0525337 0.0229764 0.00759418 0.00175318 0 0 0
 0 0 0 0 0 0 0 0 0 0 0.00219441 0.00772107 0.0458388 0.0604681 0.0671733 0.0775358 0.0609151 0.0617685 0.073594 0.0568108 0.0755445 0.0548602 0.0670107 0.0636378 0.0643287 0.046367 0.0373049 0.0286899 0.0247887 0.0153202 0.00654259 0.00121912 0.000365735 0 0 0
 0 0 0 0 0 0 0 0 0 0 0 0 0.000112435 0.00938835 0.0111873 0.0202946 0.0414886 0.0713402 0.111592 0.104902 0.108894 0.110636 0.117776 0.105296 0.107544 0.0401394 0.0192827 0.0124803 0.00416011 0.0028671 0.000618394 0 0 0 0 0
 0 0 0 0 0 0 0 0 0 0 0.00291406 0.0102884 0.027416 0.0768956 0.0749926 0.110853 0.0956884 0.0897413 0.0766577 0.0534642 0.0500743 0.0551293 0.0594112 0.0620874 0.0668451 0.0424026 0.0208742 0.0120726 0.0048766 0.00582813 0.00118941 0.000297354 0 0 0 0
 0 0.00264628 0.0354308 0.0461629 0.0458689 0.0383711 0.0214643 0.0164657 0.0346957 0.0420465 0.0363128 0.0245516 0.0311673 0.0291091 0.0169068 0.0133784 0.00837989 0.0085269 0.0148486 0.0160247 0.0276389 0.0546898 0.0760071 0.122758 0.109233 0.0665981 0.0333725 0.0166128 0.00676272 0.00308733 0.000882094 0 0 0 0 0
 0 0 0 0 0 0 0 0.000805153 0.000690131 0.00759144 0.0133425 0.0154129 0.00931677 0.000345066 0.00356568 0.00563607 0.00851162 0.0253048 0.0502646 0.0516448 0.0657925 0.0565908 0.0611916 0.0827007 0.0866115 0.110766 0.145733 0.0935128 0.0569358 0.0249597 0.0138026 0.00621118 0.00161031 0.00115022 0 0
 0 0 0 0 0 0 0 0 0 0 0 0 0 0 0 0 0 0 0 0 0 0 0 0 0 0 0 0 0 0 0 0 0 0 0 0
 0.00147267 0.00158595 0.00478618 0.00569244 0.00954404 0.0108468 0.00647125 0.017049 0.0510054 0.094081 0.124002 0.0959785 0.0687766 0.0820023 0.061753 0.0591476 0.0492212 0.0479892 0.0443925 0.0268479 0.0217502 0.0140895 0.0121071 0.0120363 0.00920419 0.00665534 0.0049561 0.00860946 0.00930331 0.0156896 0.0114698 0.00855282 0.00243557 0.00046729 0 2.83206e-05
 0 0 0 0 0.000772559 0.00158375 0.000888443 0.00281984 0.00712685 0.0440552 0.0773331 0.111326 0.0921469 0.0852325 0.0710754 0.0886704 0.0786465 0.0553345 0.0373146 0.0185414 0.00753245 0.00457741 0.012979 0.0271748 0.0457355 0.0583668 0.034881 0.0177882 0.00938659 0.00492506 0.0015258 0.00185414 0.000309023 5.79419e-05 3.86279e-05 0
 0 0.00173294 0.00326652 0 0.00397197 0.00683976 0.00946217 0.0152591 0.00757587 0.0136028 0.0228656 0.0392903 0.0559909 0.0764795 0.0681675 0.0726916 0.0566044 0.0477403 0.0527397 0.0444891 0.0609904 0.0582453 0.0661739 0.0445044 0.0529084 0.0360697 0.0280645 0.0235558 0.0158879 0.00826598 0.00280645 0.00217768 0.000904811 0.00058276 9.20147e-05 0
 0 0 0 0 0 0 0 0 0 0 0 0 0 0 0 0 0 0 0 0 0 0 0 0 0 0 0 0 0 0 0 0 0 0 0 0
 0 0 0 0 0 0 0 0 0 0 0 0 0 0 0 0 0 0 0 0 0 0 0 0 0 0 0 0 0 0 0 0 0 0 0 0
 0 0 0 0 0 0 0 0 0 0 0 0 0 0 0 0 0 0 0 0 0 0 0 0 0 0 0 0 0 0 0 0 0 0 0 0
 0 0 0 0 0 0 0 0 0 0 0 0 0 0 0 0 0 0 0 0 0 0 0 0 0 0 0 0 0 0 0 0 0 0 0 0
 0 0 0 0 0 0 0 0 0 0 0 0 0 0 0 0 0 0 0 0 0 0 0 0 0 0 0 0 0 0 0 0 0 0 0 0
ppred_pel_tallas
 1.00973e-16 3.5118e-05 0.000206122 0.000979825 0.00377241 0.0117639 0.0297147 0.0607998 0.100781 0.135342 0.147267 0.129873 0.0929078 0.0541015 0.0260318 0.0110847 0.00540624 0.00446753 0.00549711 0.00728796 0.00936478 0.0114614 0.0133428 0.0147915 0.015643 0.0158196 0.0153448 0.0143302 0.0129422 0.0113604 0.00974094 0.00819613 0.00678985 0.00554673 0.00446686 0.0035394
 1.01049e-16 3.22171e-05 0.000189084 0.000898811 0.00346046 0.0107911 0.0272575 0.0557728 0.0924509 0.124163 0.135124 0.119212 0.0853868 0.0499348 0.024425 0.0110828 0.00640847 0.00627052 0.00812383 0.0108206 0.0138412 0.0168207 0.0194047 0.0212656 0.022166 0.0220126 0.0208758 0.0189658 0.0165755 0.0140101 0.0115257 0.00929439 0.00739775 0.00584411 0.00459644 0.00359956
 1.02012e-16 2.56339e-05 0.000150426 0.000715005 0.00275272 0.00858404 0.0216828 0.0443673 0.0735491 0.0987905 0.107546 0.094965 0.0682003 0.0402488 0.0203687 0.0103967 0.00761648 0.00879222 0.0119114 0.0160135 0.0205675 0.0251005 0.0291092 0.0321152 0.0337618 0.033893 0.0325841 0.0301093 0.0268644 0.0232682 0.0196789 0.0163449 0.0133958 0.0108657 0.00872896 0.00693554
 1.02829e-16 2.80045e-05 0.000164352 0.000781229 0.00300773 0.0093793 0.0236914 0.0484765 0.0803575 0.107925 0.117463 0.103656 0.0742985 0.0435602 0.0215143 0.0101184 0.0063572 0.00666584 0.00885207 0.0119259 0.0154261 0.0190064 0.0223121 0.0249998 0.0268 0.0275715 0.027324 0.0261995 0.0244238 0.0222448 0.0198809 0.0174913 0.0151733 0.0129759 0.0109223 0.00902669
 1.02887e-16 2.86827e-05 0.000168333 0.000800158 0.00308061 0.00960657 0.0242655 0.0496511 0.0823044 0.110539 0.120307 0.106162 0.0760873 0.0445935 0.0219952 0.0102934 0.00639486 0.00664259 0.00878552 0.0118049 0.0152257 0.0186943 0.0218528 0.0243601 0.0259559 0.0265151 0.0260689 0.0247837 0.0229072 0.0207033 0.0183961 0.0161397 0.0140158 0.0120506 0.0102415 0.00857876
 1.03554e-16 2.44478e-05 0.000143464 0.000681913 0.00262532 0.00818673 0.0206792 0.0423137 0.0701448 0.0942178 0.102568 0.0905681 0.0650409 0.0383811 0.0194187 0.00990672 0.00725717 0.00838962 0.0113937 0.0153667 0.0198184 0.0243163 0.028397 0.0316148 0.0336299 0.0342809 0.0336123 0.0318464 0.0293136 0.0263653 0.0233011 0.0203274 0.0175533 0.0150136 0.0127017 0.0106
 1.02348e-16 3.31507e-05 0.000194572 0.000924918 0.003561 0.0111047 0.0280494 0.0573926 0.0951337 0.127759 0.139019 0.122606 0.0877237 0.0511127 0.0246509 0.0105972 0.00532232 0.00455999 0.00570263 0.00761739 0.0098587 0.012174 0.0143352 0.0161263 0.0173773 0.0179969 0.0179867 0.0174292 0.0164575 0.0152174 0.0138359 0.0124041 0.0109765 0.00958091 0.00823286 0.00694632
 1.01545e-16 3.2302e-05 0.000189584 0.00090119 0.00346962 0.0108197 0.0273297 0.0559204 0.0926951 0.124489 0.135476 0.119515 0.0855863 0.0500165 0.0244001 0.0109625 0.00618941 0.00593568 0.00765145 0.0101948 0.0130615 0.0159089 0.018408 0.0202544 0.0212261 0.0212325 0.0203335 0.0187163 0.0166433 0.0143875 0.0121765 0.0101617 0.00841326 0.00693735 0.00570209 0.0046627
 1.00784e-16 3.69765e-05 0.000217035 0.00103171 0.0039722 0.012387 0.0312884 0.0640196 0.106117 0.142505 0.155054 0.136721 0.0977659 0.0568477 0.0271978 0.0113128 0.00511862 0.00383345 0.00453414 0.00595754 0.00762662 0.0092995 0.010777 0.01188 0.0124767 0.0125107 0.0120118 0.011084 0.00987589 0.0085443 0.00722233 0.00600124 0.00492744 0.00401108 0.00324012 0.00259373
 1.01178e-16 2.71241e-05 0.000159174 0.000756591 0.00291284 0.00908334 0.022944 0.0469479 0.0778267 0.104535 0.113798 0.10048 0.0721489 0.0425544 0.0214883 0.0108876 0.00786897 0.0089976 0.0121321 0.0162447 0.0207642 0.0251857 0.0289793 0.03165 0.0328421 0.0324217 0.0305073 0.0274318 0.0236545 0.0196521 0.0158238 0.0124361 0.0096128 0.00736051 0.00561256 0.00427185
 1.03408e-16 2.13812e-05 0.000125457 0.000596299 0.00229567 0.00715873 0.0180826 0.0370012 0.0613402 0.0823985 0.0897193 0.0792659 0.0570185 0.0338373 0.0174729 0.00949467 0.00767801 0.00936069 0.0128858 0.0174482 0.022568 0.02778 0.0325674 0.0364229 0.0389479 0.0399341 0.0393979 0.0375542 0.0347448 0.0313477 0.0276994 0.0240499 0.0205554 0.0172975 0.0143128 0.0116191
 1.05425e-16 2.23825e-05 0.000131343 0.000624294 0.00240348 0.00749496 0.0189318 0.0387381 0.0642171 0.0862552 0.093898 0.0829085 0.0595318 0.0351141 0.0177387 0.00901169 0.00656898 0.00760211 0.0103829 0.0141155 0.0183907 0.0228552 0.0271222 0.0308046 0.0335849 0.0352752 0.0358427 0.0353916 0.0341139 0.0322281 0.0299291 0.0273627 0.0246275 0.021792 0.0189174 0.0160712
 1.04811e-16 2.69365e-05 0.000158084 0.000751434 0.00289302 0.00902158 0.0227879 0.0466275 0.0772924 0.103808 0.11298 0.099697 0.0714541 0.0418788 0.0206589 0.00967591 0.00602934 0.00629245 0.00836276 0.0112994 0.0146755 0.0181796 0.0214936 0.0243079 0.0263765 0.027565 0.0278694 0.0273979 0.0263266 0.0248454 0.0231138 0.0212394 0.0192811 0.0172661 0.0152139 0.0131525
 1.02276e-16 3.33909e-05 0.000195981 0.000931614 0.00358678 0.011185 0.0282525 0.0578082 0.0958227 0.128685 0.140029 0.123501 0.0883754 0.0515141 0.0248844 0.0107644 0.00550026 0.00479413 0.0060147 0.00801075 0.0103181 0.0126635 0.014799 0.0164939 0.0175742 0.0179583 0.0176712 0.0168286 0.0156003 0.0141647 0.0126704 0.0112166 0.00985117 0.00858438 0.0074074 0.00630872
 1.012e-16 3.30451e-05 0.000193947 0.000921935 0.0035495 0.0110688 0.0279589 0.0572077 0.0948286 0.127354 0.13859 0.122256 0.0875361 0.0511288 0.0248919 0.0110968 0.00614273 0.00578456 0.00741151 0.00985701 0.0126115 0.0153356 0.0177064 0.0194271 0.0202824 0.0201872 0.0192046 0.0175236 0.0154076 0.0131304 0.0109209 0.00893149 0.00723317 0.00583125 0.00469116 0.00376338
 1.01719e-16 2.63028e-05 0.000154353 0.000733674 0.0028246 0.00880819 0.022249 0.0455258 0.0754693 0.101369 0.110352 0.0974379 0.069967 0.0412725 0.0208513 0.0105838 0.00767765 0.00880732 0.0119032 0.0159771 0.0204839 0.0249421 0.0288424 0.031704 0.0331732 0.0331037 0.031586 0.0289136 0.0255027 0.0217898 0.0181453 0.0148218 0.0119457 0.00954014 0.00756439 0.00595133
 1.03289e-16 2.44103e-05 0.000143246 0.000680877 0.00262133 0.00817431 0.0206478 0.0422494 0.0700377 0.0940727 0.102407 0.0904185 0.0649173 0.038276 0.019307 0.00975609 0.00703616 0.00807159 0.0109608 0.0148153 0.0191662 0.0236065 0.0276979 0.0310125 0.0332141 0.0341269 0.0337638 0.0323036 0.0300306 0.0272578 0.0242617 0.0212457 0.0183346 0.0155925 0.0130486 0.0107196
 1.02281e-16 3.35203e-05 0.000196742 0.000935235 0.00360073 0.0112285 0.0283624 0.0580329 0.0961947 0.129183 0.140567 0.123968 0.0886902 0.0516598 0.0248845 0.0106456 0.00526984 0.00444077 0.00552052 0.00736482 0.00952737 0.0117599 0.0138411 0.0155622 0.0167597 0.0173469 0.0173271 0.0167821 0.0158418 0.014648 0.013323 0.0119535 0.01059 0.00925706 0.00796762 0.00673376
 1.01119e-16 3.50172e-05 0.000205529 0.000977003 0.00376154 0.01173 0.0296291 0.0606248 0.100491 0.134954 0.146849 0.129512 0.0926662 0.0539948 0.0260436 0.0111965 0.00561503 0.00478428 0.00593653 0.00785685 0.0100525 0.0122341 0.0141427 0.0155424 0.0162623 0.0162338 0.0155053 0.0142237 0.0125946 0.0108313 0.00911175 0.0075538 0.00621185 0.00508959 0.00416061 0.00338793
 1.01338e-16 2.90649e-05 0.000170572 0.000810793 0.00312154 0.0097342 0.024588 0.0503112 0.0833998 0.112014 0.121922 0.10761 0.0771751 0.0453311 0.0225438 0.0108562 0.00714657 0.00771367 0.0102648 0.0137344 0.0175844 0.0213809 0.0246799 0.0270662 0.0282372 0.0280718 0.0266564 0.0242538 0.0212328 0.0179787 0.0148162 0.0119649 0.00953129 0.00752941 0.00591591 0.00462381
 1.01601e-16 3.24584e-05 0.000190505 0.000905573 0.0034865 0.0108723 0.0274627 0.0561923 0.0931451 0.125092 0.136125 0.120074 0.0859573 0.050174 0.0243671 0.0107639 0.0058252 0.00538303 0.00688147 0.00919165 0.0118384 0.0145187 0.0169456 0.0188483 0.0200198 0.0203599 0.0198921 0.0187482 0.0171273 0.0152448 0.0132881 0.0113913 0.00963134 0.00803953 0.00661974 0.00536486
 1.01287e-16 3.37375e-05 0.000198014 0.000941275 0.00362397 0.011301 0.0285454 0.0584077 0.096817 0.130022 0.141487 0.124796 0.0893203 0.0521023 0.025238 0.0110349 0.00580574 0.00520973 0.00658354 0.008751 0.011221 0.0136881 0.0158695 0.0175039 0.0183989 0.018472 0.0177675 0.0164375 0.0146991 0.0127801 0.0108732 0.00910883 0.00755205 0.00621531 0.00507975 0.00411508
 1.01712e-16 2.80122e-05 0.000164392 0.000781408 0.0030084 0.00938137 0.0236968 0.0484877 0.0803778 0.107957 0.11751 0.103727 0.0744141 0.0437572 0.0218503 0.0106714 0.00722177 0.00794205 0.0106263 0.0142439 0.018264 0.022248 0.0257417 0.0283177 0.0296615 0.0296424 0.0283396 0.0260123 0.0230275 0.0197702 0.0165661 0.0136365 0.0110911 0.00894938 0.00717504 0.00570995
 1.02657e-16 2.72386e-05 0.000159853 0.000759837 0.00292536 0.00912242 0.0230426 0.0471491 0.078158 0.104974 0.114258 0.100844 0.0723198 0.0424738 0.0211147 0.0101591 0.00668705 0.00723925 0.0096828 0.013041 0.0168362 0.0206895 0.0242072 0.0270095 0.0288024 0.0294386 0.0289425 0.027488 0.0253429 0.0227983 0.0201086 0.0174569 0.0149503 0.0126365 0.0105286 0.00862673
 1.06129e-16 1.21118e-05 7.10255e-05 0.000337497 0.00129917 0.00405115 0.0102333 0.0209419 0.0347259 0.0466732 0.050888 0.0451208 0.0328097 0.0201799 0.0117261 0.00846715 0.00927706 0.0127504 0.017976 0.0244108 0.0315599 0.0388127 0.0454556 0.0507879 0.0542674 0.0556241 0.0549058 0.0524348 0.0487024 0.0442363 0.0394895 0.034779 0.0302806 0.0260633 0.0221399 0.0185097
 1.0848e-16 2.16585e-05 0.000127102 0.000604155 0.00232598 0.00725328 0.0183212 0.0374881 0.0621424 0.0834608 0.0908359 0.080157 0.0574524 0.0336801 0.0166341 0.00783739 0.00497644 0.00532648 0.00724166 0.0100243 0.0133994 0.0171842 0.021174 0.0251359 0.0288371 0.0320738 0.0346892 0.0365759 0.0376667 0.0379246 0.0373382 0.0359263 0.0337482 0.030912 0.0275745 0.0239295
 1.03498e-16 3.412e-05 0.000200266 0.000951993 0.00366526 0.0114298 0.0288707 0.0590727 0.0979174 0.131494 0.143075 0.126163 0.0902265 0.0524845 0.0251503 0.0105333 0.00488195 0.00379346 0.00458189 0.00609414 0.00790255 0.00979523 0.0115968 0.0131454 0.0143156 0.0150422 0.0153285 0.0152346 0.0148519 0.0142727 0.0135673 0.0127736 0.0119019 0.0109481 0.00990885 0.00879346
pSPR Fmed_Fpbrs
0.449161   0.6 0.325
Fs Fmed_Fpbrs
0.64   0.351295 1.08822
SSBpbr Bo_Bmed_Bpbrs
1.47302e+06  587970  810159 405079
Ro
41772.8
SPR SPRFo_SPRFmed_SPRFpbrs
862784 387529 280405
log_Ro
10.46
likeval ReclasPelacesDesembMPH_pf_preclas_ppelaces_ptallas_desvR_qrecl_qpela
 77.5673 12.3289 0.0510622 142.469 343.92 225.173 57.8843 0 21.0496 2.57732e-05 2.11217e-05 8.79783e-16 0 0 0
q_reclas_q_pelaces
0.487047 1.92293
M
0.7
N
 48589.4 12320.9 4542.1 531.215 0.274354
 55548.2 21899.5 3469.97 1279.2 149.685
 29833 25549.4 6945.65 1100.54 453.187
 34655.2 13133.4 6270.68 1704.69 381.335
 48537.8 16765.9 5598.39 2673.02 889.216
 34265.6 23958.9 8038.37 2684.13 1707.9
 69524.4 15787.1 7674.25 2574.76 1406.81
 80076.9 32670.8 5676.19 2759.24 1431.56
 182933 35869.9 8876.26 1542.15 1138.59
 131943 82949 10465.9 2589.86 782.168
 66417.6 62564.7 31441.5 3967.06 1278.15
 44803.5 30155.7 18394.9 9244.25 1542.17
 36803.2 20487.2 9242.44 5637.86 3305.93
 29487.6 16031.4 4726.59 2132.31 2063.41
 19477 11379.4 1820.77 536.82 476.528
 11021.1 7883.32 1708.26 273.331 152.123
 7089.49 5053.58 2455.7 532.131 132.531
 12932.3 3203.04 1443.62 701.501 189.869
 23836.2 5886.16 955.434 430.617 265.887
 22625.6 11119.8 2027.99 329.181 239.97
 41860.9 10718.3 4191.23 764.385 214.523
 83274.4 20289 4617.95 1805.78 421.76
 84596.2 40283.3 8643.24 1967.28 948.945
 95113.7 41041.9 17455.5 3745.26 1263.65
 25246.2 46035.9 17540.6 7460.15 2140.72
 37324.4 12214 19624.6 7477.35 4092.74
 102822 17918.6 4976.88 7996.47 4714.49
pred_Ctot
 3246.63 3961.51 1460.41 170.8 0.0882122
 2960.15 5838.4 925.093 341.036 39.9059
 2451.8 9671.84 2629.3 416.612 171.556
 642.958 1349.18 644.183 175.122 39.1743
 209.012 417 139.242 66.483 22.1165
 1787.08 6271.84 2104.25 702.638 447.086
 2693.53 3191.83 1551.57 520.564 284.427
 5674.55 11012.6 1913.32 930.079 482.546
 11490.9 10967.3 2713.94 471.516 348.126
 4292.57 14340.8 1809.42 447.753 135.227
 4114.34 18911.9 9504.08 1199.16 386.358
 2563.26 8534.05 5205.74 2616.12 436.432
 3275.19 8238.17 3716.5 2267.05 1329.36
 4795.73 9637.75 2841.52 1281.9 1240.48
 2621.1 6101.16 976.223 287.822 255.495
 610.058 2170.13 470.251 75.243 41.8766
 462.323 1593.13 774.153 167.753 41.7802
 779.877 947.004 426.818 207.404 56.1364
 1042.09 1323.62 214.847 96.8324 59.7897
 751.127 1957.92 357.08 57.9607 42.2529
 722.921 1028.81 402.299 73.3703 20.5912
 1551.24 2092.25 476.213 186.216 43.4928
 1402.74 3720.15 798.201 181.677 87.6348
 1734.93 4149.03 1764.62 378.618 127.745
 468.279 4728.14 1801.52 766.199 219.864
 894.023 1594.35 2561.68 976.05 534.242
 3900.13 3555.31 987.484 1586.61 935.424
F
 0.0969422 0.567153 0.567153 0.567153 0.567153
 0.0766351 0.448347 0.448347 0.448347 0.448347
 0.120458 0.70473 0.70473 0.70473 0.70473
 0.0260967 0.152677 0.152677 0.152677 0.152677
 0.00600366 0.0351239 0.0351239 0.0351239 0.0351239
 0.0749465 0.438468 0.438468 0.438468 0.438468
 0.0551951 0.322915 0.322915 0.322915 0.322915
 0.103087 0.603103 0.603103 0.603103 0.603103
 0.0908956 0.531777 0.531777 0.531777 0.531777
 0.046167 0.270096 0.270096 0.270096 0.270096
 0.0895881 0.524128 0.524128 0.524128 0.524128
 0.0824845 0.482569 0.482569 0.482569 0.482569
 0.131033 0.766598 0.766598 0.766598 0.766598
 0.252169 1.4753 1.4753 1.4753 1.4753
 0.204486 1.19633 1.19633 1.19633 1.19633
 0.0797102 0.466338 0.466338 0.466338 0.466338
 0.0945134 0.552943 0.552943 0.552943 0.552943
 0.0871202 0.50969 0.50969 0.50969 0.50969
 0.0624842 0.365559 0.365559 0.365559 0.365559
 0.0471298 0.275729 0.275729 0.275729 0.275729
 0.024272 0.142001 0.142001 0.142001 0.142001
 0.0262036 0.153302 0.153302 0.153302 0.153302
 0.023295 0.136286 0.136286 0.136286 0.136286
 0.0256522 0.150076 0.150076 0.150076 0.150076
 0.0260903 0.152639 0.152639 0.152639 0.152639
 0.0338064 0.197782 0.197782 0.197782 0.197782
 0.0540113 0.315989 0.315989 0.315989 0.315989
Np
 31399.9 14684 16906.4 2267.23 849.797
YTP_r0W_actual
 35460.7 84132.5 33969.7 69702.4 45603.7
YTP_p0W_proyectada
 10829 227134 44279.3 15706.1 38143.1
 10829 68945 115395 19762.6 8220.16
CTP_r0_actual
 4324.47 3895.02 1081.84 1738.21 1024.8
CTP_p0_proyectada
 1320.61 10515.5 1410.17 391.673 857.149
 1320.61 3191.9 3675 492.833 184.723
Wmedp
 8.2 21.6 31.4 40.1 44.5
nmprior
 10.8 10.6 4.6 0
nm_flota  nm_reclas  nm_pelaces    nm_pelaL
inf 11.9395 11.6981 31.2868
cv_recla  cv_pelaces  cv_mph
0.762729 0.384639 0.478507
 ------------------------------------------------
Talla a la edad & desviaci?n 
 7.2 14.2025 17.0495 18.207 18.6776
 1.08 2.13037 2.55742 2.73105 2.80164
