years
 1997 1998 1999 2000 2001 2002 2003 2004 2005 2006 2007 2008 2009 2010 2011 2012 2013 2014 2015 2016 2017 2018 2019 2020 2021 2022 2023
reclasobs
 0 0 0 370054 412103 1.49427e+06 250295 1.28982e+06 931140 785840 897777 1.04006e+06 184774 17550 25797 100020 73551 82996 120727 218422 84188 347160 605670 569463 516374 1.08416e+06 1.01767e+06
reclaspred
 456253 126027 376743 239222 281466 289931 620283 459134 799813 767629 631129 440111 265496 134896 102923 84489 70568.7 93470.4 125012 180080 279328 332908 611921 686772 704470 569107 565952
pelacesobs
 0 0 0 0 0 0 0 0 0 2.06254e+06 1.5e+06 0 1.87456e+06 323000 250000 174000 83755 137374 0 501740 490994 745055 786931 1.00524e+06 1.33801e+06 1.41789e+06 0
pelacespred
 1.55933e+06 366947 661651 661976 672287 556320 1.38866e+06 1.17169e+06 1.94907e+06 1.85979e+06 1.39213e+06 1.01419e+06 612774 265305 200239 174827 152469 193984 256499 365849 663774 707102 1.10864e+06 1.50786e+06 1.5163e+06 1.36147e+06 1.23743e+06
mphobs
 0 0 0 0 0 0 112323 0 153150 637223 0 255016 313432 73983 77613 109348 50772 17779 17303 59886 28197 0 207744 136588 643089 65757 70829
mphpred
 148645 95630.6 115939 136730 121808 152474 203187 237587 252343 379753 367076 268484 167603 109066 59088.3 51036.7 41172.1 41853.4 23353 33539.3 50750.1 69198.4 112959 160762 180656 155803 122221
desembarqueobs
 350755 77701 442110 56441 14545 235359 269955 359681 431902 328805 639364 411747 362871 311530 167758 66681 60226 58785 57116 73181 50977 67692 138656 160484 209506 203330 245020
desembarquepred
 350771 77707.5 442195 56445.7 14545.5 235533 270012 359713 431827 328856 639689 411963 363487 311956 167781 66728.4 60308.1 58799 57099.6 73192.1 50977.6 67681.4 138665 160488 209587 203397 245030
Reclutas
 56252 65392.9 36805.4 43906.1 59387.6 42887.2 82138.9 97266.4 216815 146283 70760.7 45164.9 38929.8 28731.2 20268.6 13256.2 8961.48 15971 29559.6 30101 54207.7 110547 111248 123351 32816.4 47725.6 124028
log_desv_Rt
 0.117597 0.26817 -0.3066 -0.130192 0.171841 -0.153672 0.496167 0.665209 1.4668 1.07329 0.347058 -0.101924 -0.250485 -0.554262 -0.90317 -1.32778 -1.71931 -1.14147 -0.525836 -0.507685 0.0805776 0.793196 0.799515 0.902792 -0.421316 -0.0467772 0.908261
SSB
 663586 426919 517583 610396 543783 680680 882801 1.04895e+06 1.1037e+06 1.66519e+06 1.63872e+06 1.19858e+06 767126 401471 222988 195232 164823 161580 210541 315638 455576 606607 1.01411e+06 1.3868e+06 1.68953e+06 1.49749e+06 1.11102e+06
BT
 2.32185e+06 607229 1.09931e+06 919744 884462 913365 1.99215e+06 1.92129e+06 2.92244e+06 2.72383e+06 2.37825e+06 1.69507e+06 1.15348e+06 645587 402944 282960 251545 299668 380829 531393 903804 978503 1.52907e+06 2.09222e+06 2.13425e+06 1.95288e+06 1.82417e+06
Ftot
 0.463696 0.356551 0.533125 0.109998 0.0260012 0.326285 0.231672 0.43897 0.38329 0.20721 0.409143 0.36844 0.564762 0.983746 0.794998 0.331261 0.377372 0.33311 0.252683 0.198601 0.100726 0.110473 0.0985748 0.10804 0.110362 0.139265 0.218853
BD_Bspro_t
 0.945327 0.754367 0.710075 0.575637 0.669909 0.768107 0.704025 0.71639 0.696228 0.732464 0.70323 0.563707 0.460548 0.350238 0.254486 0.27262 0.313809 0.391897 0.517573 0.6656 0.754357 0.839893 0.878152 0.876726 0.867337 0.815857 0.767988
BD_Bspro
 0.642424 0.413304 0.501077 0.59093 0.526442 0.658973 0.854648 1.0155 1.06851 1.61209 1.58646 1.16035 0.742662 0.388668 0.215877 0.189007 0.159567 0.156428 0.203827 0.305572 0.441047 0.587262 0.981772 1.34257 1.63565 1.44974 1.07559
BD_Bo
 0.333538 0.214582 0.260152 0.306803 0.273322 0.34213 0.443722 0.527233 0.554755 0.836973 0.82367 0.602441 0.38558 0.201791 0.11208 0.0981296 0.0828451 0.0812151 0.105824 0.158649 0.228986 0.304899 0.509723 0.697045 0.849209 0.752685 0.55843
BD_Brms
 0.606433 0.390149 0.473004 0.557824 0.496949 0.622055 0.806767 0.958606 1.00864 1.52177 1.49758 1.09535 0.701055 0.366893 0.203782 0.178418 0.150627 0.147664 0.192408 0.288453 0.416338 0.554361 0.926769 1.26735 1.54402 1.36852 1.01533
S_f
 0.189304 1 1 1 1
 0.189304 1 1 1 1
 0.189304 1 1 1 1
 0.189304 1 1 1 1
 0.189304 1 1 1 1
 0.189304 1 1 1 1
 0.189304 1 1 1 1
 0.189304 1 1 1 1
 0.189304 1 1 1 1
 0.189304 1 1 1 1
 0.189304 1 1 1 1
 0.189304 1 1 1 1
 0.189304 1 1 1 1
 0.189304 1 1 1 1
 0.189304 1 1 1 1
 0.189304 1 1 1 1
 0.189304 1 1 1 1
 0.189304 1 1 1 1
 0.189304 1 1 1 1
 0.189304 1 1 1 1
 0.189304 1 1 1 1
 0.189304 1 1 1 1
 0.189304 1 1 1 1
 0.189304 1 1 1 1
 0.189304 1 1 1 1
 0.189304 1 1 1 1
 0.189304 1 1 1 1
Scru_reclas
 1 1 1 1 1
 1 1 1 1 1
 1 1 1 1 1
 1 1 1 1 1
 1 1 1 1 1
 1 1 1 1 1
 1 1 1 1 1
 1 1 1 1 1
 1 1 1 1 1
 1 1 1 1 1
 1 1 1 1 1
 1 1 1 1 1
 1 1 1 1 1
 1 1 1 1 1
 1 1 1 1 1
 1 1 1 1 1
 1 1 1 1 1
 1 1 1 1 1
 1 1 1 1 1
 1 1 1 1 1
 1 1 1 1 1
 1 1 1 1 1
 1 1 1 1 1
 1 1 1 1 1
 1 1 1 1 1
 1 1 1 1 1
 1 1 1 1 1
Scru_pelaces
 1 1 1 1 1
 1 1 1 1 1
 1 1 1 1 1
 1 1 1 1 1
 1 1 1 1 1
 1 1 1 1 1
 1 1 1 1 1
 1 1 1 1 1
 1 1 1 1 1
 1 1 1 1 1
 1 1 1 1 1
 1 1 1 1 1
 1 1 1 1 1
 1 1 1 1 1
 1 1 1 1 1
 1 1 1 1 1
 1 1 1 1 1
 1 1 1 1 1
 1 1 1 1 1
 1 1 1 1 1
 1 1 1 1 1
 1 1 1 1 1
 1 1 1 1 1
 1 1 1 1 1
 1 1 1 1 1
 1 1 1 1 1
 1 1 1 1 1
pf_obs 
 0.256992 0.487395 0.22802 0.0275931 0
 0.321318 0.546541 0.124235 0.00734118 0.000564706
 0.182869 0.594174 0.210203 0.0122559 0.00049798
 0.330522 0.361315 0.267642 0.0388342 0.00168674
 0.649043 0.306663 0.0425973 0.00169635 0
 0.582887 0.30429 0.105238 0.00758474 0
 0.465427 0.430635 0.0974691 0.00646863 0
 0.296916 0.608066 0.0921331 0.00288517 0
 0.311714 0.524322 0.152257 0.0117073 0
 0.15457 0.633149 0.183074 0.0267441 0.00246327
 0.131901 0.49318 0.331252 0.0422183 0.00144891
 0.196976 0.569456 0.194076 0.0375587 0.00193317
 0.518974 0.381816 0.0799577 0.0180837 0.00116848
 0.0928022 0.601141 0.25162 0.0475244 0.00691264
 0.122501 0.610282 0.24278 0.0234846 0.000952079
 0.383417 0.481906 0.127806 0.00687128 0
 0.0376549 0.599619 0.316969 0.0457579 0
 0.0361596 0.667082 0.258105 0.0386534 0
 0.158088 0.579412 0.248529 0.0139706 0
 0.0477256 0.309471 0.559284 0.082774 0.000745712
 0.0406174 0.521527 0.379366 0.0568643 0.0016247
 0.151134 0.462217 0.34131 0.0453401 0
 0.294876 0.26143 0.354403 0.0886775 0.000613685
 0.281977 0.475581 0.204845 0.0348837 0.00271318
 0.0841818 0.532909 0.334909 0.0458182 0.00218182
 0.115287 0.27431 0.454777 0.147771 0.00785563
 0 0 0 0 0
pf_pred 
 0.382097 0.437468 0.161509 0.018916 1.00644e-05
 0.305074 0.557655 0.0971866 0.0358803 0.00420455
 0.167583 0.609745 0.178687 0.031141 0.0128442
 0.232064 0.443692 0.237508 0.0696022 0.0171332
 0.249815 0.470114 0.161817 0.0866208 0.0316329
 0.165478 0.53433 0.18812 0.0647525 0.0473202
 0.316295 0.3756 0.197274 0.0694537 0.0413772
 0.286024 0.522017 0.105454 0.0553874 0.0311172
 0.432068 0.410186 0.115335 0.0232992 0.0191124
 0.197538 0.664268 0.0998096 0.0280642 0.0103199
 0.114932 0.52092 0.301437 0.0452924 0.0174182
 0.119279 0.399658 0.283137 0.16384 0.0340852
 0.163688 0.384158 0.205181 0.14536 0.101613
 0.197921 0.460962 0.156691 0.0836897 0.100736
 0.221968 0.527874 0.143768 0.0488701 0.0575201
 0.182868 0.562734 0.172602 0.0470087 0.034787
 0.153323 0.490799 0.245082 0.0751716 0.0356237
 0.303763 0.371031 0.188515 0.0941354 0.0425562
 0.374349 0.456145 0.0903313 0.0458958 0.033279
 0.254109 0.582037 0.119461 0.0236571 0.0207353
 0.328923 0.445261 0.176209 0.0361663 0.0134396
 0.37576 0.456024 0.111612 0.0441697 0.0124345
 0.237973 0.586619 0.128141 0.0313624 0.0159055
 0.220746 0.493345 0.220096 0.0480777 0.0177347
 0.0617286 0.57348 0.230949 0.103033 0.0308087
 0.137308 0.230913 0.386149 0.155508 0.0901217
 0.341658 0.311136 0.0929349 0.155413 0.0988582
pobs_RECLAS
 0 0 0 0 0
 0 0 0 0 0
 0 0 0 0 0
 0 0 0 0 0
 0.835266 0.146461 0.0176864 0.000547809 3.91292e-05
 0.385257 0.428462 0.181853 0.0044286 0
 0.867414 0.0963971 0.0333333 0.00285562 0
 0.441836 0.489002 0.0689373 0.000224442 0
 0.779404 0.147425 0.0564933 0.0165055 0.000172143
 0.814271 0.122319 0.05973 0.00367925 0
 0.40263 0.566651 0.0304383 0.000280538 0
 0.475488 0.404961 0.113038 0.00651328 0
 0.955842 0.0263864 0.0167828 0.000988607 0
 0.975058 0.0227948 0.00214734 0 0
 0.738997 0.206755 0.0527124 0.00153531 0
 0.850938 0.134255 0.0134407 0.00136685 0
 0.542534 0.407297 0.0501686 0 0
 0.764087 0.199537 0.0359546 0.000420521 0
 0.470689 0.182191 0.310203 0.0369168 0
 0.84361 0.089868 0.0606195 0.00523954 0.000663233
 0.607945 0.314616 0.071237 0.00620181 0
 0.523733 0.453247 0.0230204 0 0
 0.530135 0.295979 0.169645 0.0042399 0
 0.562478 0.366248 0.0663022 0.0049721 0
 0.250443 0.683176 0.0655157 0.000865301 0
 0.195077 0.31981 0.436473 0.0351445 0.0134964
 0.565238 0.351407 0.0832357 0.000118908 0
ppred_RECLAS
 0.770974 0.162147 0.0598631 0.00701121 3.73038e-06
 0.703248 0.238133 0.0415012 0.0153218 0.00179546
 0.524364 0.348403 0.1021 0.0177937 0.00733905
 0.616175 0.221764 0.11871 0.0347881 0.00856339
 0.637851 0.226945 0.0781167 0.0418158 0.0152707
 0.51645 0.309609 0.109003 0.0375198 0.0274189
 0.712286 0.158059 0.0830164 0.0292273 0.0174122
 0.685181 0.230177 0.0464988 0.0244224 0.0137208
 0.8045 0.141198 0.0397018 0.00802029 0.00657907
 0.568086 0.357533 0.0537211 0.0151052 0.00555455
 0.413084 0.345439 0.199892 0.0300348 0.0115506
 0.42255 0.262038 0.18564 0.107423 0.0223482
 0.518033 0.22139 0.118246 0.0837709 0.0585597
 0.586133 0.237853 0.0808516 0.0431833 0.051979
 0.615776 0.260685 0.0709986 0.024134 0.0284058
 0.546657 0.312204 0.0957591 0.0260804 0.0192998
 0.494715 0.292902 0.146262 0.0448614 0.0212597
 0.701593 0.159024 0.0807971 0.0403463 0.0182395
 0.762265 0.173326 0.0343241 0.0174395 0.0126453
 0.6453 0.276781 0.0568084 0.0112499 0.00986043
 0.722414 0.184179 0.0728877 0.0149599 0.0055592
 0.761782 0.174024 0.0425925 0.0168557 0.00474516
 0.62377 0.289627 0.0632659 0.0154843 0.00785291
 0.600753 0.252763 0.112765 0.0246324 0.00908628
 0.258988 0.452913 0.182395 0.0813719 0.0243316
 0.458561 0.144924 0.242353 0.0975995 0.0565618
 0.735093 0.125196 0.0373955 0.0625357 0.039779
pobs_PELACES
 0 0 0 0 0
 0 0 0 0 0
 0 0 0 0 0
 0 0 0 0 0
 0 0 0 0 0
 0 0 0 0 0
 0 0 0 0 0
 0 0 0 0 0
 0 0 0 0 0
 0 0 0 0 0
 0.450072 0.473896 0.0757376 0.000293798 0
 0 0 0 0 0
 0.463077 0.371075 0.160297 0.00555027 0
 0.529543 0.364841 0.0842815 0.0213345 0
 0.631943 0.363953 0.00410389 0 0
 0.735681 0.248677 0.0153453 0.000297389 0
 0.695825 0.281241 0.0229344 0 0
 0.275771 0.60734 0.115278 0.00161068 0
 0 0 0 0 0
 0.896147 0.0623911 0.0374545 0.00400742 0
 0.803859 0.145111 0.0509908 3.86294e-05 0
 0.739449 0.233085 0.0266225 0.000797448 4.60066e-05
 0.878498 0.100942 0.0204185 0.000141795 0
 0.694673 0.275183 0.0284847 0.00165964 0
 0.469039 0.446079 0.0841089 0.000773354 0
 0.822795 0.102175 0.0682046 0.00682512 0
 0 0 0 0 0
ppred_PELACES
 0.79214 0.147162 0.0543308 0.00636326 3.38563e-06
 0.722762 0.222474 0.0387722 0.0143143 0.00167739
 0.559754 0.32248 0.0945033 0.0164698 0.006793
 0.62311 0.217757 0.116565 0.0341595 0.00840866
 0.639457 0.225939 0.0777704 0.0416305 0.015203
 0.538204 0.29568 0.104099 0.0358318 0.0261854
 0.724818 0.151174 0.0794002 0.0279541 0.0166537
 0.709946 0.21207 0.042841 0.0225012 0.0126414
 0.820127 0.129913 0.0365285 0.00737924 0.00605321
 0.581633 0.346319 0.0520361 0.0146314 0.00538033
 0.439849 0.329686 0.190776 0.0286651 0.0110238
 0.446766 0.25105 0.177855 0.102918 0.021411
 0.555583 0.204142 0.109033 0.0772443 0.0539973
 0.648211 0.202176 0.0687244 0.036706 0.0441825
 0.664708 0.227487 0.0619569 0.0210605 0.0247882
 0.568515 0.297151 0.0911421 0.0248229 0.0183692
 0.519944 0.278277 0.138959 0.0426214 0.0201982
 0.71991 0.149263 0.0758377 0.0378699 0.01712
 0.774297 0.164554 0.0325869 0.0165568 0.0120053
 0.657365 0.267367 0.0548761 0.0108672 0.00952503
 0.727785 0.180615 0.0714773 0.0146705 0.00545163
 0.767104 0.170137 0.041641 0.0164791 0.00463916
 0.629938 0.284878 0.0622287 0.0152305 0.00772416
 0.607665 0.248387 0.110813 0.0242059 0.00892897
 0.264694 0.449426 0.180991 0.0807453 0.0241442
 0.467825 0.142445 0.238207 0.0959296 0.0555941
 0.746337 0.119883 0.0358084 0.0598814 0.0380906
pobs_pel_tallas
 0 0 0 0 0 0 0 0 0 0 0 0 0 0 0 0 0 0 0 0 0 0 0 0 0 0 0 0 0 0 0 0 0 0 0 0
 0 0 0 0 0 0 0 0 0 0 0 0 0 0 0 0 0 0 0 0 0 0 0 0 0 0 0 0 0 0 0 0 0 0 0 0
 0 0 0 0 0 0 0 0 0 0 0 0 0 0 0 0 0 0 0 0 0 0 0 0 0 0 0 0 0 0 0 0 0 0 0 0
 0 0 0 0 0 0 0 0 0 0 0 0 0 0 0 0 0 0 0 0 0 0 0 0 0 0 0 0 0 0 0 0 0 0 0 0
 0 0 0 0 0 0 0 0 0 0 0 0 0 0 0 0 0 0 0 0 0 0 0 0 0 0 0 0 0 0 0 0 0 0 0 0
 0 0 0 0 0 0 0 0 0 0 0 0 0 0 0 0 0 0 0 0 0 0 0 0 0 0 0 0 0 0 0 0 0 0 0 0
 0 0 0 0 0 0 0 0 0 0 0 0 0 0 0 0 0 0 0 0 0 0 0 0 0 0 0 0 0 0 0 0 0 0 0 0
 0 0 0 0 0 0 0 0 0 0 0 0 0 0 0 0 0 0 0 0 0 0 0 0 0 0 0 0 0 0 0 0 0 0 0 0
 0 0 0 0 0 0 0 0 0 0 0 0 0 0 0 0 0 0 0 0 0 0 0 0 0 0 0 0 0 0 0 0 0 0 0 0
 0 0 0 0 0 0 0 0 0 0 0 0 0 0 0 0 0 0 0 0 0 0 0 0 0 0 0 0 0 0 0 0 0 0 0 0
 0 0 0 0 0 0 0 0 1.78061e-05 0.00172719 0.00360574 0.0105946 0.0120993 0.0124554 0.0147524 0.0171206 0.0266825 0.0428682 0.0675386 0.121331 0.153587 0.119568 0.100827 0.0573624 0.0630603 0.0341343 0.0324427 0.0444173 0.0211091 0.0280891 0.0125444 0.00206551 0 0 0 0
 0 0 0 0 0 0 0 0 0 0 0 0 0 0 0 0 0 0 0 0 0 0 0 0 0 0 0 0 0 0 0 0 0 0 0 0
 0 0 0 0 0 0 0.0133647 0.0140871 0.0187388 0.0205184 0.03894 0.0496705 0.03968 0.0493445 0.0407372 0.0367815 0.0215668 0.0243155 0.0234873 0.0199281 0.019796 0.0243948 0.0301388 0.0376714 0.0412746 0.0863199 0.0771752 0.113111 0.0741005 0.0525337 0.0229764 0.00759418 0.00175318 0 0 0
 0 0 0 0 0 0 0 0 0 0 0.00219441 0.00772107 0.0458388 0.0604681 0.0671733 0.0775358 0.0609151 0.0617685 0.073594 0.0568108 0.0755445 0.0548602 0.0670107 0.0636378 0.0643287 0.046367 0.0373049 0.0286899 0.0247887 0.0153202 0.00654259 0.00121912 0.000365735 0 0 0
 0 0 0 0 0 0 0 0 0 0 0 0 0.000112435 0.00938835 0.0111873 0.0202946 0.0414886 0.0713402 0.111592 0.104902 0.108894 0.110636 0.117776 0.105296 0.107544 0.0401394 0.0192827 0.0124803 0.00416011 0.0028671 0.000618394 0 0 0 0 0
 0 0 0 0 0 0 0 0 0 0 0.00291406 0.0102884 0.027416 0.0768956 0.0749926 0.110853 0.0956884 0.0897413 0.0766577 0.0534642 0.0500743 0.0551293 0.0594112 0.0620874 0.0668451 0.0424026 0.0208742 0.0120726 0.0048766 0.00582813 0.00118941 0.000297354 0 0 0 0
 0 0.00264628 0.0354308 0.0461629 0.0458689 0.0383711 0.0214643 0.0164657 0.0346957 0.0420465 0.0363128 0.0245516 0.0311673 0.0291091 0.0169068 0.0133784 0.00837989 0.0085269 0.0148486 0.0160247 0.0276389 0.0546898 0.0760071 0.122758 0.109233 0.0665981 0.0333725 0.0166128 0.00676272 0.00308733 0.000882094 0 0 0 0 0
 0 0 0 0 0 0 0 0.000805153 0.000690131 0.00759144 0.0133425 0.0154129 0.00931677 0.000345066 0.00356568 0.00563607 0.00851162 0.0253048 0.0502646 0.0516448 0.0657925 0.0565908 0.0611916 0.0827007 0.0866115 0.110766 0.145733 0.0935128 0.0569358 0.0249597 0.0138026 0.00621118 0.00161031 0.00115022 0 0
 0 0 0 0 0 0 0 0 0 0 0 0 0 0 0 0 0 0 0 0 0 0 0 0 0 0 0 0 0 0 0 0 0 0 0 0
 0.00147267 0.00158595 0.00478618 0.00569244 0.00954404 0.0108468 0.00647125 0.017049 0.0510054 0.094081 0.124002 0.0959785 0.0687766 0.0820023 0.061753 0.0591476 0.0492212 0.0479892 0.0443925 0.0268479 0.0217502 0.0140895 0.0121071 0.0120363 0.00920419 0.00665534 0.0049561 0.00860946 0.00930331 0.0156896 0.0114698 0.00855282 0.00243557 0.00046729 0 2.83206e-05
 0 0 0 0 0.000772559 0.00158375 0.000888443 0.00281984 0.00712685 0.0440552 0.0773331 0.111326 0.0921469 0.0852325 0.0710754 0.0886704 0.0786465 0.0553345 0.0373146 0.0185414 0.00753245 0.00457741 0.012979 0.0271748 0.0457355 0.0583668 0.034881 0.0177882 0.00938659 0.00492506 0.0015258 0.00185414 0.000309023 5.79419e-05 3.86279e-05 0
 0 0.00173294 0.00326652 0 0.00397197 0.00683976 0.00946217 0.0152591 0.00757587 0.0136028 0.0228656 0.0392903 0.0559909 0.0764795 0.0681675 0.0726916 0.0566044 0.0477403 0.0527397 0.0444891 0.0609904 0.0582453 0.0661739 0.0445044 0.0529084 0.0360697 0.0280645 0.0235558 0.0158879 0.00826598 0.00280645 0.00217768 0.000904811 0.00058276 9.20147e-05 0
 0 0 0 0 0 0 0 0 0 0 0 0 0 0 0 0 0 0 0 0 0 0 0 0 0 0 0 0 0 0 0 0 0 0 0 0
 0 0 0 0 0 0 0 0 0 0 0 0 0 0 0 0 0 0 0 0 0 0 0 0 0 0 0 0 0 0 0 0 0 0 0 0
 0 0 0 0 0 0 0 0 0 0 0 0 0 0 0 0 0 0 0 0 0 0 0 0 0 0 0 0 0 0 0 0 0 0 0 0
 0 0 0 0 0 0 0 0 0 0 0 0 0 0 0 0 0 0 0 0 0 0 0 0 0 0 0 0 0 0 0 0 0 0 0 0
 0 0 0 0 0 0 0 0 0 0 0 0 0 0 0 0 0 0 0 0 0 0 0 0 0 0 0 0 0 0 0 0 0 0 0 0
ppred_pel_tallas
 1.01039e-16 3.45598e-05 0.000202844 0.000964239 0.00371239 0.0115768 0.029242 0.0598327 0.0991782 0.13319 0.144929 0.127818 0.0914519 0.0532829 0.0256927 0.0110345 0.00552126 0.00469993 0.00584406 0.00776193 0.00997625 0.0122103 0.0142151 0.0157591 0.016667 0.0168561 0.0163514 0.0152716 0.0137939 0.0121093 0.0103845 0.00873889 0.00724051 0.00591567 0.00476455 0.00377567
 1.01194e-16 3.15375e-05 0.000185094 0.000879839 0.00338741 0.0105633 0.0266821 0.0545955 0.0904998 0.121544 0.132277 0.116708 0.0836106 0.0489308 0.0239989 0.0109996 0.00651371 0.00650189 0.00847421 0.011303 0.0144689 0.0175978 0.0203222 0.0223011 0.0232861 0.0231776 0.0220456 0.020105 0.0176563 0.0150135 0.0124406 0.0101154 0.0081233 0.00647506 0.00513529 0.0040504
 1.0233e-16 2.44338e-05 0.000143379 0.000681501 0.00262372 0.00818174 0.0206666 0.0422883 0.0701035 0.0941651 0.102518 0.0905413 0.0650595 0.0384679 0.0196021 0.0102263 0.0077654 0.00914617 0.012454 0.0167658 0.0215535 0.0263323 0.03058 0.0337978 0.0356118 0.0358549 0.0345988 0.0321212 0.0288256 0.0251407 0.0214339 0.0179608 0.0148572 0.0121619 0.00985449 0.00789036
 1.03293e-16 2.71922e-05 0.000159583 0.000758558 0.00292044 0.00910709 0.0230039 0.0470696 0.0780257 0.104794 0.114057 0.100654 0.0721565 0.0423234 0.0209395 0.00990968 0.00631136 0.00668837 0.00891676 0.0120383 0.0156054 0.0192791 0.0227088 0.0255521 0.0275361 0.0285117 0.0284757 0.0275539 0.0259546 0.0239094 0.021624 0.0192509 0.016887 0.0145879 0.0123876 0.0103151
 1.03319e-16 2.79052e-05 0.000163768 0.000778455 0.00299705 0.00934598 0.0236073 0.0483043 0.0800723 0.107543 0.117048 0.103293 0.0740455 0.043426 0.0214739 0.0101415 0.00642573 0.0067739 0.00899881 0.0121082 0.0156337 0.0192203 0.0225056 0.0251426 0.0268653 0.0275434 0.0272043 0.0260106 0.0242072 0.0220545 0.019773 0.0175136 0.0153559 0.0133261 0.0114242 0.00964563
 1.04029e-16 2.3493e-05 0.000137858 0.000655261 0.0025227 0.00786671 0.0198709 0.0406599 0.0674037 0.0905377 0.0985663 0.0870456 0.062535 0.0369503 0.0187837 0.00972899 0.00730904 0.00857188 0.0116856 0.0157795 0.0203709 0.0250241 0.0292685 0.0326495 0.0348187 0.0356075 0.0350552 0.0333809 0.0309125 0.0279996 0.0249397 0.0219376 0.0191022 0.0164693 0.0140367 0.0117928
 1.02916e-16 3.16244e-05 0.00018561 0.000882308 0.00339693 0.010593 0.0267571 0.0547485 0.0907515 0.121876 0.132623 0.116977 0.0837233 0.0488366 0.0236562 0.0103475 0.00545957 0.00493245 0.00628352 0.00842923 0.010932 0.013529 0.0159742 0.0180314 0.0195126 0.0203136 0.0204294 0.0199419 0.0189872 0.0177158 0.0162592 0.0147122 0.013133 0.0115541 0.00999773 0.00848662
 1.02042e-16 3.09783e-05 0.000181811 0.000864236 0.00332734 0.010376 0.0262089 0.0536273 0.0888947 0.119388 0.129929 0.114634 0.0821191 0.0480465 0.0235443 0.0107572 0.00632614 0.00628461 0.00819082 0.0109447 0.0140472 0.0171449 0.0198911 0.0219627 0.0231212 0.023266 0.0224533 0.0208727 0.0187929 0.0164938 0.0142088 0.0120928 0.0102186 0.00859449 0.00719213 0.0059721
 1.01098e-16 3.57793e-05 0.000210005 0.00099829 0.00384351 0.0119856 0.0302747 0.0619456 0.10268 0.137891 0.150038 0.13231 0.0946357 0.0550768 0.0264431 0.0111595 0.0052933 0.00422495 0.00512852 0.00677666 0.00869344 0.0106219 0.012341 0.0136491 0.0143961 0.0145153 0.0140358 0.013069 0.0117763 0.0103284 0.00887058 0.00750298 0.00627733 0.00520685 0.00428179 0.00348381
 1.01606e-16 2.53887e-05 0.000148983 0.00070814 0.00272628 0.00850156 0.0214745 0.0439414 0.0728441 0.0978469 0.106528 0.0940855 0.0676124 0.0399894 0.0203982 0.0106718 0.00813218 0.00957991 0.0130144 0.0174593 0.0223442 0.0271414 0.0312881 0.0342557 0.0356614 0.0353565 0.0334588 0.0303131 0.0263986 0.0222138 0.0181769 0.0145677 0.0115183 0.00903966 0.00706816 0.00550981
 1.04316e-16 1.92059e-05 0.000112686 0.000535578 0.00206188 0.00642965 0.016241 0.0332332 0.0550952 0.0740137 0.0806008 0.0712365 0.0513009 0.0305615 0.0159984 0.00904406 0.00772554 0.00967351 0.0134118 0.018213 0.0236208 0.0291716 0.03434 0.0386038 0.0415452 0.0429336 0.0427621 0.0412225 0.0386351 0.0353608 0.0317248 0.0279742 0.0242713 0.020713 0.0173589 0.0142542
 1.07144e-16 1.95042e-05 0.000114444 0.000543956 0.00209416 0.00653035 0.0164953 0.0337529 0.0559543 0.0751607 0.0818308 0.0722784 0.0519531 0.0307536 0.0157405 0.00833594 0.00650561 0.00782653 0.01081 0.0147669 0.0193277 0.0241533 0.0288602 0.0330565 0.0364114 0.038714 0.0398996 0.0400335 0.0392653 0.0377722 0.0357144 0.0332153 0.0303663 0.0272461 0.0239412 0.0205561
 1.06792e-16 2.4247e-05 0.000142294 0.000676366 0.00260399 0.00812025 0.0205112 0.0419693 0.0695715 0.0934408 0.101704 0.0897621 0.0643682 0.0377959 0.0187768 0.0090191 0.00592926 0.00643969 0.00867127 0.0117833 0.0153878 0.0191899 0.0228795 0.0261482 0.0287431 0.0305136 0.0314292 0.0315631 0.0310503 0.0300377 0.0286455 0.0269516 0.0249982 0.0228129 0.0204307 0.0179092
 1.04368e-16 2.82859e-05 0.000166006 0.000789097 0.00303803 0.00947379 0.0239301 0.0489646 0.0811661 0.109009 0.118638 0.104681 0.0750073 0.0439235 0.0215963 0.00999311 0.0060585 0.00618415 0.00815407 0.0109759 0.0142026 0.017515 0.0205935 0.0231326 0.0248967 0.0257682 0.0257654 0.0250222 0.0237403 0.0221313 0.020369 0.0185651 0.0167716 0.0149994 0.0132441 0.0115067
 1.02836e-16 2.90063e-05 0.000170233 0.000809187 0.00311538 0.00971498 0.0245393 0.0502114 0.0832332 0.111787 0.121665 0.107361 0.0769487 0.0451017 0.0222517 0.0104221 0.006484 0.00673714 0.00890155 0.0119417 0.0153706 0.0188235 0.0219327 0.0243506 0.0258164 0.0262124 0.0255846 0.0241194 0.0220866 0.0197696 0.0174058 0.0151544 0.0130928 0.0112362 0.00956574 0.00805424
 1.03102e-16 2.48147e-05 0.000145618 0.000692151 0.00266473 0.00830965 0.0209897 0.0429491 0.071198 0.0956326 0.104109 0.0919294 0.0660204 0.0389628 0.0197194 0.0100694 0.00738561 0.0085394 0.0115884 0.0156111 0.020103 0.024617 0.0286756 0.0318214 0.033709 0.0341795 0.0332893 0.0312802 0.0285062 0.0253428 0.0221096 0.0190264 0.0162079 0.0136863 0.0114466 0.00945842
 1.04472e-16 2.26962e-05 0.000133182 0.00063303 0.00243711 0.00759981 0.0191967 0.0392803 0.0651167 0.0874656 0.0952212 0.0840901 0.060409 0.035689 0.0181344 0.00938244 0.0070428 0.00826932 0.0113016 0.0153117 0.0198498 0.0245117 0.0288564 0.0324497 0.034948 0.036166 0.036106 0.0349344 0.0329208 0.0303621 0.0275183 0.0245783 0.0216571 0.0188153 0.0160872 0.0135021
 1.03227e-16 3.14102e-05 0.000184353 0.000876332 0.00337393 0.0105213 0.0265759 0.0543778 0.0901368 0.12105 0.131724 0.116184 0.0831552 0.0485039 0.0234925 0.010272 0.0054147 0.00488866 0.00622905 0.00836138 0.0108535 0.0134474 0.0159021 0.017986 0.0195143 0.0203839 0.0205878 0.0202029 0.019358 0.0181949 0.0168354 0.0153663 0.0138391 0.0122828 0.0107189 0.00917272
 1.01647e-16 3.37823e-05 0.000198278 0.000942531 0.00362881 0.0113161 0.0285836 0.0584857 0.096946 0.130194 0.141674 0.124958 0.0894294 0.0521525 0.0252372 0.0109916 0.00572137 0.0050782 0.00639533 0.00849761 0.0108989 0.0133017 0.0154331 0.0170418 0.0179435 0.0180603 0.0174362 0.0162186 0.0146158 0.0128445 0.0110852 0.00945688 0.00801485 0.00676439 0.00568253 0.00473811
 1.01685e-16 2.86878e-05 0.000168359 0.000800271 0.00308103 0.00960787 0.0242688 0.0496582 0.0823175 0.110561 0.12034 0.106214 0.0761759 0.0447476 0.0222601 0.0107309 0.00708058 0.00765759 0.0102014 0.013663 0.0175138 0.0213279 0.0246685 0.0271253 0.0283976 0.0283613 0.0270948 0.0248491 0.0219786 0.0188543 0.0157893 0.0129953 0.0105758 0.00854674 0.00687059 0.0054888
 1.01833e-16 3.17549e-05 0.000186374 0.000885933 0.00341088 0.0106365 0.026867 0.0549736 0.0911253 0.12238 0.133178 0.117481 0.0841165 0.0491307 0.023919 0.0106659 0.00591534 0.00559436 0.00720426 0.00963761 0.0124207 0.015243 0.017806 0.0198272 0.0210901 0.0214886 0.0210458 0.0198969 0.018247 0.0163178 0.0143021 0.0123374 0.0105026 0.00882992 0.00732431 0.0059803
 1.0143e-16 3.34689e-05 0.000196438 0.00093378 0.00359511 0.011211 0.0283181 0.0579426 0.0960461 0.128987 0.140361 0.123804 0.0886139 0.0516966 0.0250534 0.0109749 0.00580474 0.00523803 0.00663383 0.00882576 0.0113261 0.0138302 0.016055 0.0177384 0.0186859 0.0188129 0.0181606 0.016878 0.0151787 0.0132875 0.0113945 0.00962898 0.00805582 0.00668877 0.0055115 0.00449705
 1.01861e-16 2.74926e-05 0.00016134 0.0007669 0.00295254 0.00920716 0.0232567 0.0475875 0.0788858 0.105954 0.115333 0.101812 0.0730556 0.0429891 0.0215238 0.0106065 0.00730009 0.00811553 0.010889 0.0146052 0.0187334 0.0228283 0.0264257 0.0290885 0.0304943 0.0305083 0.0292101 0.0268627 0.0238395 0.0205319 0.017271 0.0142818 0.0116757 0.00947263 0.00763667 0.00611007
 1.02903e-16 2.652e-05 0.000155634 0.000739776 0.00284812 0.00888153 0.0224342 0.0459042 0.0760948 0.102204 0.111246 0.0981935 0.0704355 0.0414005 0.0206433 0.0100366 0.00674406 0.0074036 0.00994142 0.0134045 0.0173198 0.0213045 0.0249571 0.027889 0.0297978 0.0305293 0.0301034 0.0286919 0.0265624 0.0240068 0.0212809 0.0185697 0.0159832 0.0135726 0.0113557 0.00933844
 1.06619e-16 1.15731e-05 6.78634e-05 0.000322465 0.00124129 0.00387067 0.00977743 0.0200091 0.0331796 0.0445965 0.048628 0.0431268 0.0313813 0.0193445 0.0113176 0.00828311 0.00917475 0.0126584 0.017869 0.0242873 0.0314329 0.0387073 0.045408 0.0508427 0.0544717 0.0560209 0.0555258 0.0532907 0.0497848 0.045514 0.0409134 0.0362879 0.0318092 0.0275492 0.0235301 0.0197641
 1.09322e-16 2.04181e-05 0.00011982 0.000569533 0.00219268 0.00683759 0.0172712 0.0353397 0.0585815 0.0786795 0.0856352 0.0755752 0.0541848 0.0317979 0.0157676 0.00753712 0.00493469 0.00540137 0.00739454 0.0102627 0.0137491 0.017678 0.021848 0.026026 0.0299748 0.0334818 0.0363772 0.0385361 0.0398722 0.0403289 0.0398779 0.0385259 0.036327 0.0333913 0.0298852 0.0260174
 1.04385e-16 3.25612e-05 0.000191113 0.000908479 0.00349771 0.0109073 0.0275509 0.0563725 0.0934422 0.125486 0.136542 0.120412 0.0861351 0.0501482 0.0241131 0.0102423 0.00496474 0.00408729 0.00505155 0.00675625 0.00878533 0.0109217 0.0129785 0.0147802 0.0161894 0.0171317 0.0176046 0.0176654 0.0174033 0.0169075 0.0162433 0.0154432 0.0145123 0.0134441 0.0122378 0.0109099
pSPR Fmed_Fpbrs
0.444312   0.6 0.325
Fs Fmed_Fpbrs
0.64   0.346156 1.05967
SSBpbr Bo_Bmed_Bpbrs
1.98954e+06  784497  1.09424e+06 547122
Ro
50011.1
SPR SPRFo_SPRFmed_SPRFpbrs
1.03294e+06 458947 335706
log_Ro
10.64
likeval ReclasPelacesDesembMPH_pf_preclas_ppelaces_ptallas_desvR_qrecl_qpela
 80.1233 12.9168 0.0441289 148.194 346.149 229.13 58.4519 0 21.124 5.71403e-05 5.12336e-06 9.73548e-16 0 0 0
q_reclas_q_pelaces
0.342611 1.37992
M
0.7
N
 56252 14277 5270.92 617.334 0.328458
 65392.9 25586.4 4459.13 1646.27 192.914
 36805.4 30353.7 8895.19 1550.23 639.396
 43906.1 16522.5 8844.47 2591.89 638.015
 59387.6 21353.8 7350.17 3934.54 1436.85
 42887.2 29346.2 10331.8 3556.31 2598.89
 82138.9 20021.5 10515.8 3702.26 2205.63
 97266.4 39038.8 7886.35 4142.11 2327.08
 216815 44449.6 12498.2 2524.81 2071.11
 146283 100132 15045.3 4230.4 1555.62
 70760.7 69847.5 40418.1 6073.02 2335.52
 45164.9 32519.9 23038.6 13331.6 2773.48
 38929.8 20917.2 11172 7914.78 5532.79
 28731.2 17371.8 5905.07 3153.93 3796.33
 20268.6 11843.2 3225.55 1096.44 1290.51
 13256.2 8658.82 2655.83 723.326 535.269
 8961.48 6182.72 3087.36 946.955 448.761
 15971 4143.32 2105.15 1051.21 475.226
 29559.6 7446.28 1474.6 749.219 543.257
 30101 13993.2 2872.07 568.76 498.514
 54207.7 14396.2 5697.19 1169.33 434.529
 110547 26410.3 6463.93 2558.05 720.136
 111248 53759.9 11743.3 2874.17 1457.64
 123351 54222.7 24190.3 5284.13 1949.18
 32816.4 60014.4 24168.7 10782.4 3224.11
 47725.6 15959.2 26688.2 10747.8 6228.65
 124028 23083.2 6894.83 11530.1 7334.28
pred_Ctot
 3416.95 3912.12 1444.31 169.159 0.0900026
 3081.48 5632.74 981.659 362.418 42.4692
 2555.81 9299.22 2725.15 474.932 195.887
 651.489 1245.61 666.773 195.399 48.099
 209.764 394.744 135.874 72.7335 26.5614
 1854.04 5986.72 2107.72 725.497 530.182
 2541.1 3017.56 1584.9 557.989 332.423
 5604.66 10229 2066.39 1085.32 609.745
 10958.8 10403.8 2925.32 590.954 484.761
 4055.88 13638.8 2049.3 576.217 211.89
 3809.67 17267 9991.73 1501.31 577.363
 2197.09 7361.57 5215.29 3017.89 627.838
 2856.32 6703.48 3580.36 2536.5 1773.13
 3548.74 8265.09 2809.49 1500.56 1806.21
 2054.37 4885.6 1330.61 452.305 532.363
 581.574 1789.66 548.924 149.502 110.633
 446.179 1428.25 713.204 218.754 103.667
 704.479 860.487 437.198 218.317 98.6952
 995.672 1213.23 240.258 122.071 88.5136
 800.49 1833.52 376.324 74.5242 65.3199
 737.116 997.829 394.884 81.0486 30.1181
 1647.33 1999.21 489.307 193.64 54.5129
 1480.7 3650.02 797.308 195.141 98.9663
 1798.02 4018.4 1792.73 391.603 144.453
 488.53 4538.62 1827.77 815.424 243.825
 894.397 1504.12 2515.3 1012.95 587.035
 3628.56 3304.41 987.01 1650.55 1049.92
F
 0.0877794 0.463696 0.463696 0.463696 0.463696
 0.0674964 0.356551 0.356551 0.356551 0.356551
 0.100923 0.533125 0.533125 0.533125 0.533125
 0.0208231 0.109998 0.109998 0.109998 0.109998
 0.00492212 0.0260012 0.0260012 0.0260012 0.0260012
 0.0617669 0.326285 0.326285 0.326285 0.326285
 0.0438564 0.231672 0.231672 0.231672 0.231672
 0.0830985 0.43897 0.43897 0.43897 0.43897
 0.0725582 0.38329 0.38329 0.38329 0.38329
 0.0392256 0.20721 0.20721 0.20721 0.20721
 0.0774522 0.409143 0.409143 0.409143 0.409143
 0.069747 0.36844 0.36844 0.36844 0.36844
 0.106912 0.564762 0.564762 0.564762 0.564762
 0.186227 0.983746 0.983746 0.983746 0.983746
 0.150496 0.794998 0.794998 0.794998 0.794998
 0.0627089 0.331261 0.331261 0.331261 0.331261
 0.0714379 0.377372 0.377372 0.377372 0.377372
 0.063059 0.33311 0.33311 0.33311 0.33311
 0.0478338 0.252683 0.252683 0.252683 0.252683
 0.0375959 0.198601 0.198601 0.198601 0.198601
 0.0190679 0.100726 0.100726 0.100726 0.100726
 0.0209129 0.110473 0.110473 0.110473 0.110473
 0.0186606 0.0985748 0.0985748 0.0985748 0.0985748
 0.0204524 0.10804 0.10804 0.10804 0.10804
 0.0208918 0.110362 0.110362 0.110362 0.110362
 0.0263634 0.139265 0.139265 0.139265 0.139265
 0.0414297 0.218853 0.218853 0.218853 0.218853
Np
 39373.4 18312.1 20757.8 3235.21 1305.8
YTP_r0W_actual
 46567.7 107023 46471 99244.1 70056.2
YTP_p0W_proyectada
 14783.2 273970 62072.8 23678 61472.1
 14783.2 84902.6 139907 27846.9 12472.9
CTP_r0_actual
 5678.99 4954.78 1479.97 2474.92 1574.3
CTP_p0_proyectada
 1802.83 12683.8 1976.84 590.473 1381.4
 1802.83 3930.68 4455.64 694.436 280.29
Wmedp
 8.2 21.6 31.4 40.1 44.5
nmprior
 10.8 10.6 4.6 0
nm_flota  nm_reclas  nm_pelaces    nm_pelaL
inf 10.4828 12.6924 35.0721
cv_recla  cv_pelaces  cv_mph
0.775193 0.393703 0.488026
 ------------------------------------------------
Talla a la edad & desviaci?n 
 7.2 14.2025 17.0495 18.207 18.6776
 1.08 2.13037 2.55742 2.73105 2.80164
