years
 1997 1998 1999 2000 2001 2002 2003 2004 2005 2006 2007 2008 2009 2010 2011 2012 2013 2014 2015 2016 2017 2018 2019 2020 2021 2022 2023
reclasobs
 0 0 0 370054 412103 1.49427e+06 250295 1.28982e+06 931140 785840 897777 1.04006e+06 184774 17550 25797 100020 73551 82996 120727 218422 84188 347160 605670 569463 516374 1.08416e+06 1.01767e+06
reclaspred
 420104 118377 371483 239183 273753 286117 611661 451955 763573 716390 591762 417976 258700 137779 105945 88292.2 75371.2 98324.6 126621 182230 283216 336199 618128 692448 716915 585778 568636
pelacesobs
 0 0 0 0 0 0 0 0 0 2.06254e+06 1.5e+06 0 1.87456e+06 323000 250000 174000 83755 137374 0 501740 490994 745055 786931 1.00524e+06 1.33801e+06 1.41789e+06 0
pelacespred
 1.37928e+06 344914 633189 646806 635509 544218 1.32131e+06 1.14684e+06 1.81212e+06 1.69854e+06 1.28891e+06 950191 597566 282117 210352 183404 162995 201422 257986 364095 652791 697220 1.08943e+06 1.48314e+06 1.50484e+06 1.3711e+06 1.22896e+06
mphobs
 0 0 0 0 0 0 112323 0 153150 637223 0 255016 313432 73983 77613 109348 50772 17779 17303 59886 28197 0 207744 136588 643089 65757 70829
mphpred
 138147 92008.5 114243 142244 123855 151993 207312 242397 255835 372602 353606 263656 168160 104901 60020.1 50765.2 41571.4 42655.3 24080.9 33352.3 50456.3 68511.6 111432 158619 178769 156672 123780
desembarqueobs
 350755 77701 442110 56441 14545 235359 269955 359681 431902 328805 639364 411747 362871 311530 167758 66681 60226 58785 57116 73181 50977 67692 138656 160484 209506 203330 245020
desembarquepred
 350769 77706.4 442179 56444.6 14545.4 235501 270001 359717 431844 328853 639694 411980 363446 311991 167818 66721.9 60290.9 58798.7 57104.7 73189.4 50977.4 67683.8 138662 160487 209568 203381 245028
Reclutas
 65728 77693.3 44851 53639.4 72298.2 52358.9 100181 117025 254448 162854 76447.8 46919.8 42018.4 29912.3 21994 16133.7 11376.3 19788.5 36205.4 38789.9 70195.4 142211 142720 157381 41996.7 60243.9 149186
log_desv_Rt
 0.0932804 0.260524 -0.288898 -0.109961 0.188555 -0.134123 0.514733 0.670146 1.44685 1.00061 0.244364 -0.243806 -0.354137 -0.693975 -1.00147 -1.31134 -1.66071 -1.10714 -0.503036 -0.434084 0.159037 0.865069 0.868638 0.966422 -0.354653 0.00615603 0.912952
SSB
 788294 525017 651891 811668 706742 867301 1.15299e+06 1.36929e+06 1.43244e+06 2.09004e+06 2.01774e+06 1.50447e+06 981295 538319 314628 270455 230501 229084 290526 419265 606857 805242 1.34037e+06 1.83552e+06 2.23676e+06 2.01107e+06 1.50531e+06
BT
 2.71889e+06 735516 1.35141e+06 1.19476e+06 1.12627e+06 1.14595e+06 2.50746e+06 2.41336e+06 3.57082e+06 3.28951e+06 2.83424e+06 2.04673e+06 1.40797e+06 799698 514871 378491 339866 401244 500924 695601 1.18699e+06 1.28318e+06 2.00066e+06 2.73604e+06 2.80521e+06 2.59012e+06 2.37433e+06
Ftot
 0.376806 0.283783 0.409503 0.0820813 0.0199673 0.251752 0.174247 0.328339 0.287583 0.163554 0.327391 0.289671 0.431168 0.704583 0.549722 0.237433 0.264635 0.230059 0.182127 0.148571 0.074638 0.0821546 0.0741053 0.0810097 0.0829326 0.102834 0.159966
BD_Bspro_t
 0.954933 0.790679 0.755892 0.642345 0.724791 0.809202 0.756858 0.768537 0.748964 0.775216 0.746398 0.620354 0.524751 0.424607 0.3294 0.348439 0.39869 0.488007 0.60572 0.731072 0.80643 0.875935 0.905461 0.904028 0.896402 0.856173 0.817741
BD_Bspro
 0.637441 0.424547 0.527141 0.656342 0.571495 0.701328 0.932344 1.10725 1.15832 1.69007 1.63161 1.21656 0.793508 0.435303 0.254419 0.218699 0.186391 0.185245 0.234929 0.339032 0.490725 0.651146 1.08386 1.48426 1.80872 1.62622 1.21725
BD_Bo
 0.301743 0.200966 0.24953 0.31069 0.270526 0.331985 0.44134 0.524134 0.548307 0.800023 0.772348 0.575879 0.375619 0.206057 0.120433 0.103524 0.0882311 0.0876888 0.111207 0.160486 0.232292 0.30823 0.513064 0.7026 0.856186 0.769797 0.576202
BD_Brms
 0.548623 0.365392 0.453692 0.56489 0.491866 0.603609 0.802436 0.952971 0.996923 1.45459 1.40427 1.04705 0.682944 0.37465 0.218969 0.188226 0.16042 0.159434 0.202195 0.291793 0.422349 0.560418 0.932844 1.27745 1.5567 1.39963 1.04764
S_f
 0.204527 1 1 1 1
 0.204527 1 1 1 1
 0.204527 1 1 1 1
 0.204527 1 1 1 1
 0.204527 1 1 1 1
 0.204527 1 1 1 1
 0.204527 1 1 1 1
 0.204527 1 1 1 1
 0.204527 1 1 1 1
 0.204527 1 1 1 1
 0.204527 1 1 1 1
 0.204527 1 1 1 1
 0.204527 1 1 1 1
 0.204527 1 1 1 1
 0.204527 1 1 1 1
 0.204527 1 1 1 1
 0.204527 1 1 1 1
 0.204527 1 1 1 1
 0.204527 1 1 1 1
 0.204527 1 1 1 1
 0.204527 1 1 1 1
 0.204527 1 1 1 1
 0.204527 1 1 1 1
 0.204527 1 1 1 1
 0.204527 1 1 1 1
 0.204527 1 1 1 1
 0.204527 1 1 1 1
Scru_reclas
 1 1 1 1 1
 1 1 1 1 1
 1 1 1 1 1
 1 1 1 1 1
 1 1 1 1 1
 1 1 1 1 1
 1 1 1 1 1
 1 1 1 1 1
 1 1 1 1 1
 1 1 1 1 1
 1 1 1 1 1
 1 1 1 1 1
 1 1 1 1 1
 1 1 1 1 1
 1 1 1 1 1
 1 1 1 1 1
 1 1 1 1 1
 1 1 1 1 1
 1 1 1 1 1
 1 1 1 1 1
 1 1 1 1 1
 1 1 1 1 1
 1 1 1 1 1
 1 1 1 1 1
 1 1 1 1 1
 1 1 1 1 1
 1 1 1 1 1
Scru_pelaces
 1 1 1 1 1
 1 1 1 1 1
 1 1 1 1 1
 1 1 1 1 1
 1 1 1 1 1
 1 1 1 1 1
 1 1 1 1 1
 1 1 1 1 1
 1 1 1 1 1
 1 1 1 1 1
 1 1 1 1 1
 1 1 1 1 1
 1 1 1 1 1
 1 1 1 1 1
 1 1 1 1 1
 1 1 1 1 1
 1 1 1 1 1
 1 1 1 1 1
 1 1 1 1 1
 1 1 1 1 1
 1 1 1 1 1
 1 1 1 1 1
 1 1 1 1 1
 1 1 1 1 1
 1 1 1 1 1
 1 1 1 1 1
 1 1 1 1 1
pf_obs 
 0.256992 0.487395 0.22802 0.0275931 0
 0.321318 0.546541 0.124235 0.00734118 0.000564706
 0.182869 0.594174 0.210203 0.0122559 0.00049798
 0.330522 0.361315 0.267642 0.0388342 0.00168674
 0.649043 0.306663 0.0425973 0.00169635 0
 0.582887 0.30429 0.105238 0.00758474 0
 0.465427 0.430635 0.0974691 0.00646863 0
 0.296916 0.608066 0.0921331 0.00288517 0
 0.311714 0.524322 0.152257 0.0117073 0
 0.15457 0.633149 0.183074 0.0267441 0.00246327
 0.131901 0.49318 0.331252 0.0422183 0.00144891
 0.196976 0.569456 0.194076 0.0375587 0.00193317
 0.518974 0.381816 0.0799577 0.0180837 0.00116848
 0.0928022 0.601141 0.25162 0.0475244 0.00691264
 0.122501 0.610282 0.24278 0.0234846 0.000952079
 0.383417 0.481906 0.127806 0.00687128 0
 0.0376549 0.599619 0.316969 0.0457579 0
 0.0361596 0.667082 0.258105 0.0386534 0
 0.158088 0.579412 0.248529 0.0139706 0
 0.0477256 0.309471 0.559284 0.082774 0.000745712
 0.0406174 0.521527 0.379366 0.0568643 0.0016247
 0.151134 0.462217 0.34131 0.0453401 0
 0.294876 0.26143 0.354403 0.0886775 0.000613685
 0.281977 0.475581 0.204845 0.0348837 0.00271318
 0.0841818 0.532909 0.334909 0.0458182 0.00218182
 0.115287 0.27431 0.454777 0.147771 0.00785563
 0 0 0 0 0
pf_pred 
 0.391088 0.430697 0.159476 0.0187282 1.00751e-05
 0.313579 0.541369 0.102599 0.0379898 0.00446377
 0.171833 0.594305 0.184443 0.0349553 0.0144638
 0.232767 0.422334 0.247504 0.0768132 0.0205811
 0.256272 0.450781 0.161257 0.0945028 0.0371873
 0.17048 0.522265 0.186231 0.0666199 0.054405
 0.318208 0.361155 0.201873 0.0719845 0.0467802
 0.283977 0.509576 0.109358 0.0611272 0.035962
 0.422478 0.399967 0.126362 0.0271179 0.0240756
 0.191952 0.648876 0.110235 0.0348266 0.0141095
 0.11041 0.49425 0.317465 0.0539329 0.0239421
 0.109773 0.367987 0.290153 0.18637 0.0457171
 0.155604 0.344111 0.206799 0.163059 0.130427
 0.17408 0.432404 0.160367 0.0963752 0.136774
 0.19825 0.47259 0.172329 0.0639121 0.0929184
 0.18269 0.498174 0.188115 0.0685955 0.0624264
 0.154821 0.463949 0.23237 0.0877451 0.0611145
 0.291379 0.356068 0.193529 0.0969297 0.0620944
 0.367385 0.436826 0.0983796 0.0534711 0.0439375
 0.266895 0.553528 0.123999 0.0279264 0.0276508
 0.340777 0.432136 0.171461 0.03841 0.0172156
 0.386714 0.44355 0.111267 0.0441478 0.0143225
 0.247332 0.57339 0.12966 0.0325259 0.0170923
 0.228426 0.481589 0.220913 0.0499549 0.0191167
 0.0645701 0.561387 0.233464 0.107094 0.0334845
 0.139081 0.223315 0.38265 0.159133 0.0958206
 0.332583 0.302127 0.0947532 0.162359 0.108177
pobs_RECLAS
 0 0 0 0 0
 0 0 0 0 0
 0 0 0 0 0
 0 0 0 0 0
 0.835266 0.146461 0.0176864 0.000547809 3.91292e-05
 0.385257 0.428462 0.181853 0.0044286 0
 0.867414 0.0963971 0.0333333 0.00285562 0
 0.441836 0.489002 0.0689373 0.000224442 0
 0.779404 0.147425 0.0564933 0.0165055 0.000172143
 0.814271 0.122319 0.05973 0.00367925 0
 0.40263 0.566651 0.0304383 0.000280538 0
 0.475488 0.404961 0.113038 0.00651328 0
 0.955842 0.0263864 0.0167828 0.000988607 0
 0.975058 0.0227948 0.00214734 0 0
 0.738997 0.206755 0.0527124 0.00153531 0
 0.850938 0.134255 0.0134407 0.00136685 0
 0.542534 0.407297 0.0501686 0 0
 0.764087 0.199537 0.0359546 0.000420521 0
 0.470689 0.182191 0.310203 0.0369168 0
 0.84361 0.089868 0.0606195 0.00523954 0.000663233
 0.607945 0.314616 0.071237 0.00620181 0
 0.523733 0.453247 0.0230204 0 0
 0.530135 0.295979 0.169645 0.0042399 0
 0.562478 0.366248 0.0663022 0.0049721 0
 0.250443 0.683176 0.0655157 0.000865301 0
 0.195077 0.31981 0.436473 0.0351445 0.0134964
 0.565238 0.351407 0.0832357 0.000118908 0
ppred_RECLAS
 0.762627 0.1679 0.062169 0.00730087 3.9276e-06
 0.694192 0.241186 0.045709 0.0169249 0.00198866
 0.509917 0.351691 0.109148 0.0206854 0.00855925
 0.59829 0.221127 0.129589 0.0402181 0.0107759
 0.627744 0.225628 0.0807133 0.0473012 0.0186133
 0.504716 0.31183 0.111193 0.0397769 0.0324838
 0.697249 0.160371 0.089642 0.0319649 0.0207728
 0.664076 0.239069 0.0513055 0.028678 0.0168717
 0.784296 0.149387 0.0471959 0.0101285 0.00899221
 0.539479 0.369806 0.0628251 0.0198483 0.00804124
 0.382182 0.343255 0.220478 0.0374563 0.0166277
 0.380029 0.256273 0.202068 0.129792 0.0318383
 0.480697 0.211628 0.127182 0.100281 0.0802125
 0.520351 0.251117 0.0931323 0.0559694 0.0794307
 0.55643 0.261462 0.0953414 0.0353595 0.0514073
 0.525462 0.289244 0.109221 0.0398272 0.0362453
 0.476184 0.287541 0.144016 0.0543817 0.0378768
 0.670622 0.165506 0.0899554 0.0450544 0.0288625
 0.741403 0.178564 0.0402151 0.0218576 0.0179606
 0.64206 0.270261 0.0605428 0.0136351 0.0135005
 0.717253 0.185348 0.0735414 0.0164744 0.00738394
 0.75583 0.176592 0.044299 0.0175767 0.00570227
 0.617225 0.291602 0.0659396 0.0165413 0.00869239
 0.592382 0.254421 0.116707 0.0263909 0.0100992
 0.253106 0.44824 0.18641 0.0855094 0.0267357
 0.442569 0.144593 0.24776 0.103036 0.0620423
 0.710721 0.130951 0.041069 0.0703716 0.0468874
pobs_PELACES
 0 0 0 0 0
 0 0 0 0 0
 0 0 0 0 0
 0 0 0 0 0
 0 0 0 0 0
 0 0 0 0 0
 0 0 0 0 0
 0 0 0 0 0
 0 0 0 0 0
 0 0 0 0 0
 0.450072 0.473896 0.0757376 0.000293798 0
 0 0 0 0 0
 0.463077 0.371075 0.160297 0.00555027 0
 0.529543 0.364841 0.0842815 0.0213345 0
 0.631943 0.363953 0.00410389 0 0
 0.735681 0.248677 0.0153453 0.000297389 0
 0.695825 0.281241 0.0229344 0 0
 0.275771 0.60734 0.115278 0.00161068 0
 0 0 0 0 0
 0.896147 0.0623911 0.0374545 0.00400742 0
 0.803859 0.145111 0.0509908 3.86294e-05 0
 0.739449 0.233085 0.0266225 0.000797448 4.60066e-05
 0.878498 0.100942 0.0204185 0.000141795 0
 0.694673 0.275183 0.0284847 0.00165964 0
 0.469039 0.446079 0.0841089 0.000773354 0
 0.822795 0.102175 0.0682046 0.00682512 0
 0 0 0 0 0
ppred_PELACES
 0.780065 0.155565 0.0576017 0.0067645 3.63906e-06
 0.709774 0.228896 0.04338 0.0160625 0.00188733
 0.536726 0.332452 0.103177 0.0195539 0.00809103
 0.603457 0.218283 0.127922 0.0397007 0.0106373
 0.628968 0.224886 0.0804479 0.0471456 0.018552
 0.521225 0.301436 0.107487 0.0384511 0.031401
 0.706816 0.155303 0.0868091 0.0309547 0.0201164
 0.683023 0.225584 0.0484116 0.0270604 0.01592
 0.796793 0.140732 0.0444615 0.00954168 0.00847122
 0.550126 0.361257 0.0613726 0.0193894 0.00785533
 0.40267 0.331873 0.213167 0.0362142 0.0160763
 0.398101 0.248803 0.196178 0.126008 0.0309102
 0.508982 0.200101 0.120254 0.0948189 0.0758435
 0.56621 0.227107 0.0842279 0.0506181 0.0718363
 0.591698 0.240673 0.0877607 0.0325481 0.0473199
 0.540974 0.279789 0.105651 0.0385253 0.0350605
 0.493533 0.278018 0.139246 0.0525805 0.0366223
 0.683822 0.158873 0.0863504 0.0432489 0.0277058
 0.750463 0.172308 0.0388062 0.0210919 0.0173313
 0.650973 0.263532 0.0590353 0.0132956 0.0131644
 0.721209 0.182754 0.0725123 0.0162439 0.00728062
 0.759788 0.17373 0.0435809 0.0172918 0.00560984
 0.621811 0.288108 0.0651497 0.0163431 0.00858826
 0.597506 0.251222 0.11524 0.0260591 0.00997227
 0.257243 0.445756 0.185377 0.0850357 0.0265876
 0.449238 0.142863 0.244795 0.101803 0.0613
 0.719277 0.127078 0.0398543 0.0682901 0.0455006
pobs_pel_tallas
 0 0 0 0 0 0 0 0 0 0 0 0 0 0 0 0 0 0 0 0 0 0 0 0 0 0 0 0 0 0 0 0 0 0 0 0
 0 0 0 0 0 0 0 0 0 0 0 0 0 0 0 0 0 0 0 0 0 0 0 0 0 0 0 0 0 0 0 0 0 0 0 0
 0 0 0 0 0 0 0 0 0 0 0 0 0 0 0 0 0 0 0 0 0 0 0 0 0 0 0 0 0 0 0 0 0 0 0 0
 0 0 0 0 0 0 0 0 0 0 0 0 0 0 0 0 0 0 0 0 0 0 0 0 0 0 0 0 0 0 0 0 0 0 0 0
 0 0 0 0 0 0 0 0 0 0 0 0 0 0 0 0 0 0 0 0 0 0 0 0 0 0 0 0 0 0 0 0 0 0 0 0
 0 0 0 0 0 0 0 0 0 0 0 0 0 0 0 0 0 0 0 0 0 0 0 0 0 0 0 0 0 0 0 0 0 0 0 0
 0 0 0 0 0 0 0 0 0 0 0 0 0 0 0 0 0 0 0 0 0 0 0 0 0 0 0 0 0 0 0 0 0 0 0 0
 0 0 0 0 0 0 0 0 0 0 0 0 0 0 0 0 0 0 0 0 0 0 0 0 0 0 0 0 0 0 0 0 0 0 0 0
 0 0 0 0 0 0 0 0 0 0 0 0 0 0 0 0 0 0 0 0 0 0 0 0 0 0 0 0 0 0 0 0 0 0 0 0
 0 0 0 0 0 0 0 0 0 0 0 0 0 0 0 0 0 0 0 0 0 0 0 0 0 0 0 0 0 0 0 0 0 0 0 0
 0 0 0 0 0 0 0 0 1.78061e-05 0.00172719 0.00360574 0.0105946 0.0120993 0.0124554 0.0147524 0.0171206 0.0266825 0.0428682 0.0675386 0.121331 0.153587 0.119568 0.100827 0.0573624 0.0630603 0.0341343 0.0324427 0.0444173 0.0211091 0.0280891 0.0125444 0.00206551 0 0 0 0
 0 0 0 0 0 0 0 0 0 0 0 0 0 0 0 0 0 0 0 0 0 0 0 0 0 0 0 0 0 0 0 0 0 0 0 0
 0 0 0 0 0 0 0.0133647 0.0140871 0.0187388 0.0205184 0.03894 0.0496705 0.03968 0.0493445 0.0407372 0.0367815 0.0215668 0.0243155 0.0234873 0.0199281 0.019796 0.0243948 0.0301388 0.0376714 0.0412746 0.0863199 0.0771752 0.113111 0.0741005 0.0525337 0.0229764 0.00759418 0.00175318 0 0 0
 0 0 0 0 0 0 0 0 0 0 0.00219441 0.00772107 0.0458388 0.0604681 0.0671733 0.0775358 0.0609151 0.0617685 0.073594 0.0568108 0.0755445 0.0548602 0.0670107 0.0636378 0.0643287 0.046367 0.0373049 0.0286899 0.0247887 0.0153202 0.00654259 0.00121912 0.000365735 0 0 0
 0 0 0 0 0 0 0 0 0 0 0 0 0.000112435 0.00938835 0.0111873 0.0202946 0.0414886 0.0713402 0.111592 0.104902 0.108894 0.110636 0.117776 0.105296 0.107544 0.0401394 0.0192827 0.0124803 0.00416011 0.0028671 0.000618394 0 0 0 0 0
 0 0 0 0 0 0 0 0 0 0 0.00291406 0.0102884 0.027416 0.0768956 0.0749926 0.110853 0.0956884 0.0897413 0.0766577 0.0534642 0.0500743 0.0551293 0.0594112 0.0620874 0.0668451 0.0424026 0.0208742 0.0120726 0.0048766 0.00582813 0.00118941 0.000297354 0 0 0 0
 0 0.00264628 0.0354308 0.0461629 0.0458689 0.0383711 0.0214643 0.0164657 0.0346957 0.0420465 0.0363128 0.0245516 0.0311673 0.0291091 0.0169068 0.0133784 0.00837989 0.0085269 0.0148486 0.0160247 0.0276389 0.0546898 0.0760071 0.122758 0.109233 0.0665981 0.0333725 0.0166128 0.00676272 0.00308733 0.000882094 0 0 0 0 0
 0 0 0 0 0 0 0 0.000805153 0.000690131 0.00759144 0.0133425 0.0154129 0.00931677 0.000345066 0.00356568 0.00563607 0.00851162 0.0253048 0.0502646 0.0516448 0.0657925 0.0565908 0.0611916 0.0827007 0.0866115 0.110766 0.145733 0.0935128 0.0569358 0.0249597 0.0138026 0.00621118 0.00161031 0.00115022 0 0
 0 0 0 0 0 0 0 0 0 0 0 0 0 0 0 0 0 0 0 0 0 0 0 0 0 0 0 0 0 0 0 0 0 0 0 0
 0.00147267 0.00158595 0.00478618 0.00569244 0.00954404 0.0108468 0.00647125 0.017049 0.0510054 0.094081 0.124002 0.0959785 0.0687766 0.0820023 0.061753 0.0591476 0.0492212 0.0479892 0.0443925 0.0268479 0.0217502 0.0140895 0.0121071 0.0120363 0.00920419 0.00665534 0.0049561 0.00860946 0.00930331 0.0156896 0.0114698 0.00855282 0.00243557 0.00046729 0 2.83206e-05
 0 0 0 0 0.000772559 0.00158375 0.000888443 0.00281984 0.00712685 0.0440552 0.0773331 0.111326 0.0921469 0.0852325 0.0710754 0.0886704 0.0786465 0.0553345 0.0373146 0.0185414 0.00753245 0.00457741 0.012979 0.0271748 0.0457355 0.0583668 0.034881 0.0177882 0.00938659 0.00492506 0.0015258 0.00185414 0.000309023 5.79419e-05 3.86279e-05 0
 0 0.00173294 0.00326652 0 0.00397197 0.00683976 0.00946217 0.0152591 0.00757587 0.0136028 0.0228656 0.0392903 0.0559909 0.0764795 0.0681675 0.0726916 0.0566044 0.0477403 0.0527397 0.0444891 0.0609904 0.0582453 0.0661739 0.0445044 0.0529084 0.0360697 0.0280645 0.0235558 0.0158879 0.00826598 0.00280645 0.00217768 0.000904811 0.00058276 9.20147e-05 0
 0 0 0 0 0 0 0 0 0 0 0 0 0 0 0 0 0 0 0 0 0 0 0 0 0 0 0 0 0 0 0 0 0 0 0 0
 0 0 0 0 0 0 0 0 0 0 0 0 0 0 0 0 0 0 0 0 0 0 0 0 0 0 0 0 0 0 0 0 0 0 0 0
 0 0 0 0 0 0 0 0 0 0 0 0 0 0 0 0 0 0 0 0 0 0 0 0 0 0 0 0 0 0 0 0 0 0 0 0
 0 0 0 0 0 0 0 0 0 0 0 0 0 0 0 0 0 0 0 0 0 0 0 0 0 0 0 0 0 0 0 0 0 0 0 0
 0 0 0 0 0 0 0 0 0 0 0 0 0 0 0 0 0 0 0 0 0 0 0 0 0 0 0 0 0 0 0 0 0 0 0 0
ppred_pel_tallas
 1.01102e-16 3.40336e-05 0.000199754 0.000949548 0.00365582 0.0114004 0.0287964 0.058921 0.0976675 0.131163 0.142725 0.12588 0.0900795 0.052511 0.0253726 0.0109865 0.00562844 0.00491717 0.00616856 0.00820539 0.0105486 0.0129117 0.0150325 0.0166664 0.0176282 0.0178302 0.0172988 0.0161592 0.0145986 0.0128189 0.0109959 0.00925598 0.00767108 0.00626912 0.00505042 0.00400303
 1.01331e-16 3.09715e-05 0.00018177 0.000864035 0.00332655 0.0103735 0.0262028 0.0536149 0.0888746 0.119362 0.129905 0.114622 0.0821298 0.048092 0.0236395 0.010923 0.00658977 0.00667746 0.00874221 0.0116736 0.0149535 0.0182013 0.02104 0.0231185 0.0241798 0.0241191 0.0230053 0.0210553 0.0185743 0.0158818 0.0132469 0.0108512 0.00878323 0.00705597 0.00563619 0.00447252
 1.02623e-16 2.34301e-05 0.000137486 0.000653481 0.00251583 0.00784529 0.0198168 0.0405495 0.0672218 0.0902966 0.0983122 0.0868411 0.0624314 0.0369761 0.0189567 0.0100767 0.00787872 0.00942553 0.0128845 0.0173641 0.02234 0.0273182 0.0317621 0.0351572 0.0371157 0.0374616 0.0362628 0.0337986 0.0304775 0.0267347 0.0229436 0.0193652 0.0161394 0.0133092 0.0108586 0.00874844
 1.03749e-16 2.63353e-05 0.000154552 0.00073464 0.00282835 0.00881991 0.0222785 0.0455854 0.0755656 0.101491 0.110464 0.0974892 0.0698997 0.0410243 0.020343 0.00970606 0.00628895 0.00675047 0.00903831 0.0122265 0.0158798 0.0196642 0.0232305 0.0262345 0.0283988 0.0295659 0.0297214 0.0289775 0.027528 0.0255915 0.0233637 0.0209918 0.0185729 0.0161681 0.0138216 0.0115754
 1.03703e-16 2.74478e-05 0.000161083 0.00076569 0.0029479 0.00919271 0.0232202 0.0475122 0.0787593 0.10578 0.11513 0.101602 0.0728383 0.0427274 0.0211461 0.010017 0.00638847 0.00676883 0.00900905 0.0121347 0.0156855 0.0193115 0.0226538 0.0253679 0.027188 0.0279813 0.0277697 0.0267078 0.0250304 0.0229874 0.0207901 0.018582 0.0164386 0.0143861 0.0124276 0.0105646
 1.04413e-16 2.27529e-05 0.000133513 0.000634599 0.00244314 0.00761863 0.0192442 0.0393778 0.0652788 0.087685 0.0954645 0.0843156 0.0605939 0.0358441 0.0182968 0.00960012 0.00736309 0.00873339 0.0119396 0.016135 0.0208415 0.0256193 0.0299906 0.0334928 0.0357706 0.0366505 0.03617 0.0345478 0.032113 0.0292161 0.0261544 0.0231319 0.0202561 0.0175625 0.0150496 0.0127088
 1.03287e-16 3.08396e-05 0.000181002 0.0008604 0.00331259 0.01033 0.0260927 0.0533891 0.0884984 0.118851 0.129333 0.114081 0.0816623 0.0476581 0.02313 0.0101945 0.0054915 0.0050667 0.00650223 0.00874157 0.0113542 0.0140761 0.0166563 0.0188524 0.0204693 0.0213963 0.0216225 0.0212248 0.0203352 0.0191006 0.0176498 0.0160762 0.0144386 0.0127722 0.0111042 0.00946439
 1.02435e-16 2.98049e-05 0.000174921 0.000831477 0.0032012 0.00998261 0.0252154 0.0515945 0.0855258 0.114865 0.125013 0.11031 0.0790493 0.0463074 0.0227987 0.010597 0.00648136 0.00664417 0.00873886 0.0117008 0.0150329 0.0183687 0.0213417 0.0236088 0.0249154 0.0251521 0.0243745 0.0227792 0.0206456 0.0182653 0.0158808 0.0136531 0.0116574 0.00990304 0.00836259 0.00699861
 1.01401e-16 3.47623e-05 0.000204034 0.000969898 0.00373418 0.0116447 0.0294136 0.0601838 0.0997601 0.133971 0.145777 0.128561 0.0919739 0.0535673 0.025793 0.0110142 0.00541786 0.00452229 0.00558439 0.0074083 0.00952091 0.011655 0.0135736 0.0150584 0.0159451 0.016158 0.0157238 0.014757 0.0134261 0.0119098 0.0103611 0.00888546 0.00753886 0.00633774 0.00527572 0.00433843
 1.02023e-16 2.40155e-05 0.00014092 0.000669802 0.00257866 0.00804122 0.0203118 0.0415624 0.0689014 0.0925541 0.100774 0.0890237 0.0640186 0.037952 0.0195217 0.0104779 0.00830401 0.00998662 0.0136369 0.0183209 0.0234715 0.0285466 0.0329618 0.0361656 0.037756 0.0375728 0.035731 0.032581 0.028612 0.0243341 0.0201756 0.016424 0.0132158 0.010566 0.00841433 0.00667168
 1.0513e-16 1.75848e-05 0.000103168 0.000490331 0.00188766 0.00588636 0.0148687 0.0304255 0.0504414 0.0677652 0.0738046 0.06525 0.0470337 0.028108 0.0148773 0.0086711 0.00770245 0.00981976 0.0136822 0.0186227 0.024207 0.0299786 0.0354126 0.0399816 0.0432574 0.0449933 0.0451619 0.0439308 0.0415962 0.0384972 0.0349429 0.0311724 0.0273501 0.0235838 0.0199523 0.0165243
 1.0864e-16 1.73821e-05 0.000101986 0.000484727 0.00186612 0.0058192 0.014699 0.0300775 0.0498624 0.0669806 0.0729325 0.0644372 0.0463571 0.0275224 0.0142382 0.00778922 0.00638232 0.00787791 0.0109645 0.0150346 0.0197534 0.0247999 0.0298022 0.034373 0.0381773 0.040989 0.042717 0.0433906 0.0431175 0.0420332 0.0402619 0.0379016 0.0350334 0.0317408 0.0281296 0.0243346
 1.08575e-16 2.22148e-05 0.000130363 0.000619648 0.00238562 0.00743925 0.018791 0.0384497 0.0637378 0.0856073 0.0931821 0.0822513 0.0590051 0.0346935 0.0173234 0.00847042 0.00577083 0.00642738 0.00873029 0.0119176 0.0156365 0.0196131 0.0235528 0.0271569 0.0301743 0.0324441 0.0339135 0.0346218 0.0346623 0.0341372 0.0331259 0.0316738 0.0298044 0.0275412 0.0249311 0.0220561
 1.06366e-16 2.47113e-05 0.000145017 0.000689311 0.00265382 0.00827564 0.0209037 0.0427726 0.0709036 0.0952313 0.103656 0.0914934 0.0656277 0.0385713 0.0192273 0.00934152 0.00627344 0.00689544 0.00928393 0.0125645 0.016315 0.0202017 0.0238754 0.0269969 0.0293005 0.0306467 0.0310419 0.0306156 0.0295683 0.0281089 0.0264044 0.024557 0.0226094 0.0205682 0.0184336 0.0162221
 1.04654e-16 2.58233e-05 0.000151544 0.000720338 0.00277328 0.00864816 0.0218447 0.044698 0.0740953 0.0995182 0.108323 0.0956124 0.0685827 0.0403089 0.0200943 0.00976222 0.00655093 0.00718762 0.00965507 0.0130293 0.0168559 0.020771 0.0243948 0.0273609 0.0293866 0.0303305 0.0302151 0.029203 0.0275406 0.0254884 0.0232639 0.0210115 0.0188029 0.0166587 0.014577 0.012558
 1.04553e-16 2.36131e-05 0.000138565 0.000658624 0.00253565 0.00790712 0.0199729 0.0408686 0.0677491 0.0910002 0.0990659 0.0874774 0.0628248 0.0370806 0.0187748 0.00960287 0.00706868 0.00820161 0.0111624 0.0150859 0.0195061 0.0240116 0.0281597 0.0315214 0.0337649 0.0347248 0.0344287 0.0330704 0.0309447 0.028366 0.0256012 0.0228329 0.0201579 0.0176103 0.0151933 0.0129068
 1.05586e-16 2.15445e-05 0.00012642 0.000600887 0.00231335 0.00721387 0.0182218 0.0372857 0.0618106 0.0830263 0.0903922 0.0798349 0.0573724 0.033936 0.0173199 0.00908647 0.00697601 0.00829536 0.0113792 0.0154427 0.0200532 0.0248158 0.0292953 0.0330621 0.0357735 0.0372416 0.0374607 0.0365841 0.0348637 0.0325756 0.0299584 0.0271816 0.0243455 0.0215031 0.0186891 0.015941
 1.04059e-16 2.9837e-05 0.000175116 0.000832416 0.00320484 0.00999398 0.025244 0.0516526 0.0856203 0.114987 0.12513 0.110379 0.0790253 0.0461447 0.0224436 0.00997472 0.0054931 0.00517829 0.0066947 0.00902082 0.0117371 0.0145811 0.0173006 0.0196503 0.0214322 0.0225319 0.0229342 0.0227103 0.0219848 0.020895 0.0195588 0.0180589 0.0164449 0.0147469 0.0129922 0.011216
 1.02142e-16 3.27434e-05 0.000192178 0.000913527 0.00351713 0.0109679 0.0277039 0.0566859 0.0939632 0.12619 0.137319 0.121125 0.0867043 0.050599 0.0245526 0.0108089 0.00579451 0.00530117 0.00674716 0.00899144 0.0115545 0.0141339 0.0164466 0.0182303 0.0192904 0.0195416 0.0190237 0.0178829 0.0163276 0.0145749 0.0128052 0.0111368 0.00962454 0.00827453 0.00706684 0.00597577
 1.01996e-16 2.84089e-05 0.000166722 0.000792489 0.00305107 0.00951444 0.0240328 0.0491753 0.081517 0.109485 0.119169 0.105181 0.0754346 0.0443116 0.0220423 0.0106252 0.00701105 0.00758531 0.0101114 0.0135531 0.0173908 0.0212064 0.0245707 0.0270795 0.0284346 0.0285103 0.0273778 0.0252771 0.0225492 0.0195516 0.0165857 0.0138553 0.0114608 0.00941915 0.00769749 0.00624457
 1.01988e-16 3.14683e-05 0.000184691 0.00087793 0.00338007 0.0105404 0.0266243 0.054477 0.0903023 0.121275 0.131976 0.116424 0.0833646 0.048702 0.0237298 0.0106149 0.00593459 0.00565437 0.00729901 0.00977042 0.0125967 0.0154661 0.0180773 0.020145 0.0214502 0.0218851 0.0214719 0.0203457 0.0187118 0.0167921 0.0147789 0.0128092 0.0109611 0.00926644 0.00773047 0.00634883
 1.01532e-16 3.31501e-05 0.000194565 0.000924877 0.00356083 0.0111041 0.0280481 0.0573902 0.0951306 0.127758 0.139025 0.122629 0.0877795 0.0512238 0.0248505 0.0109309 0.00584618 0.00533471 0.00678142 0.00902966 0.0115923 0.0141613 0.0164483 0.0181856 0.0191746 0.0193279 0.0186864 0.0174006 0.0156869 0.0137732 0.011852 0.0100543 0.00844598 0.00704135 0.00582462 0.00476959
 1.01982e-16 2.71383e-05 0.00015926 0.00075701 0.00291446 0.00908841 0.0229568 0.0469738 0.0778686 0.104589 0.113848 0.100506 0.0721275 0.0424615 0.0212942 0.0105507 0.00733533 0.00820702 0.0110309 0.014803 0.0189943 0.0231565 0.0268212 0.029546 0.0310041 0.0310577 0.029785 0.0274491 0.0244244 0.0211042 0.017821 0.014801 0.0121568 0.00990938 0.00802447 0.00644623
 1.0308e-16 2.60771e-05 0.000153033 0.000727413 0.00280052 0.00873309 0.0220592 0.0451371 0.0748234 0.100497 0.10939 0.0965597 0.0692733 0.0407372 0.0203496 0.00995557 0.00677043 0.00749185 0.0100825 0.0136042 0.0175875 0.021648 0.0253806 0.028392 0.0303752 0.0311721 0.0307994 0.0294268 0.0273206 0.0247718 0.0220358 0.019298 0.0166692 0.0142028 0.0119196 0.00982944
 1.06941e-16 1.1248e-05 6.59555e-05 0.000313395 0.00120637 0.00376177 0.00950236 0.0194463 0.0322467 0.0433435 0.0472642 0.0419234 0.0305188 0.0188389 0.0110685 0.00816767 0.00910604 0.0125924 0.0177897 0.0241931 0.0313316 0.0386145 0.0453471 0.0508425 0.0545635 0.0562336 0.0558809 0.0537979 0.0504399 0.0462988 0.0417975 0.0372331 0.032774 0.0284936 0.0244194 0.0205717
 1.09884e-16 1.96077e-05 0.000115062 0.000546913 0.00210558 0.00656599 0.0165852 0.0339361 0.056255 0.0755556 0.0822373 0.0725816 0.0520497 0.0305679 0.0152011 0.00734024 0.00490629 0.00544858 0.0074919 0.0104151 0.0139729 0.0179948 0.0222815 0.0265997 0.0307098 0.0343936 0.0374727 0.0398112 0.04131 0.0418996 0.0415406 0.0402314 0.0380224 0.0350249 0.0314109 0.027399
 1.0508e-16 3.13815e-05 0.000184187 0.000875549 0.00337092 0.0105119 0.0265522 0.0543291 0.0900555 0.120939 0.131598 0.11606 0.0830379 0.0483784 0.023325 0.0100166 0.0050189 0.00429702 0.00538924 0.00723386 0.00942424 0.0117403 0.0139871 0.0159802 0.0175734 0.0186855 0.0193094 0.0194993 0.0193413 0.0189213 0.0182999 0.017504 0.0165346 0.0153834 0.0140512 0.0125607
pSPR Fmed_Fpbrs
0.440337   0.6 0.325
Fs Fmed_Fpbrs
0.64   0.342031 1.03747
SSBpbr Bo_Bmed_Bpbrs
2.61247e+06  1.01974e+06  1.43686e+06 718430
Ro
59874.1
SPR SPRFo_SPRFmed_SPRFpbrs
1.23665e+06 544544 401913
log_Ro
10.82
likeval ReclasPelacesDesembMPH_pf_preclas_ppelaces_ptallas_desvR_qrecl_qpela
 82.293 13.7155 0.0385023 151.185 349.719 233.49 59.5428 0 21.2912 8.88051e-05 2.14346e-08 5.67943e-16 0 0 0
q_reclas_q_pelaces
0.263061 1.02105
M
0.7
N
 65728 16810.3 6224.43 730.972 0.393236
 77693.3 30218.6 5726.97 2120.55 249.163
 44851 36405.8 11298.6 2141.28 886.022
 53639.4 20482.9 12003.8 3725.39 998.17
 72298.2 26193.1 9369.98 5491.18 2160.81
 52358.9 35755.9 12750 4561.01 3724.74
 100181 24695.8 13804.1 4922.3 3198.83
 117025 48006.7 10302.5 5758.73 3387.94
 254448 54338.7 17167.2 3684.17 3270.85
 162854 119138 20239.9 6394.37 2590.58
 76447.8 78210.3 50235.6 8534.36 3788.6
 46919.8 35504.1 27994.6 17981.3 4410.88
 42018.4 21959.4 13196.8 10405.6 8323.16
 29912.3 19104.5 7085.33 4258.04 6042.94
 21994 12860.5 4689.56 1739.23 2528.57
 16133.7 9760.45 3685.63 1343.96 1223.09
 11376.3 7631.98 3822.5 1443.41 1005.34
 19788.5 5351.65 2908.72 1456.84 933.272
 36205.4 9375.02 2111.39 1147.58 942.972
 38789.9 17321.7 3880.34 873.908 865.282
 70195.4 18686 7414.13 1660.89 744.419
 142211 34329.9 8611.82 3416.96 1108.53
 142720 69443.4 15703.2 3939.21 2070.05
 157381 69806.4 32021.5 7240.98 2770.97
 41996.7 76868.6 31967.4 14664 4584.91
 60243.9 20504.2 35133.9 14611.1 8797.98
 149186 29293.6 9187.06 15742 10488.6
pred_Ctot
 3521.71 3878.39 1436.07 168.646 0.0907254
 3161.28 5457.7 1034.33 382.987 45.0006
 2604.05 9006.44 2795.16 529.732 219.193
 642.818 1166.33 683.516 212.13 56.8374
 211.954 372.826 133.37 78.1601 30.7564
 1895.4 5806.57 2070.53 740.684 604.879
 2527.59 2868.73 1603.52 571.789 371.586
 5487.4 9846.75 2113.17 1181.19 694.909
 10488.4 9929.53 3137.03 673.224 597.696
 3860.41 13049.8 2216.98 700.409 283.76
 3574.64 16001.9 10278.2 1746.13 775.15
 1947.71 6529.2 5148.2 3306.76 811.159
 2563.71 5669.54 3407.21 2686.54 2148.9
 2911.09 7230.97 2681.77 1611.65 2287.23
 1693.01 4035.81 1471.65 545.795 793.502
 551.532 1503.96 567.909 207.087 188.462
 432.399 1295.76 648.988 245.063 170.687
 655.898 801.512 435.636 218.19 139.775
 954.111 1134.45 255.495 138.866 114.107
 836.398 1734.65 388.59 87.516 86.6522
 765.456 970.667 385.137 86.2768 38.6698
 1705.78 1956.48 490.793 194.735 63.1761
 1545.28 3582.41 810.087 203.214 106.789
 1861.62 3924.83 1800.39 407.12 155.796
 508.473 4420.78 1838.47 843.34 263.682
 902.814 1449.6 2483.88 1032.97 621.997
 3459.97 3143.12 985.747 1689.07 1125.4
F
 0.0770671 0.376806 0.376806 0.376806 0.376806
 0.0580414 0.283783 0.283783 0.283783 0.283783
 0.0837545 0.409503 0.409503 0.409503 0.409503
 0.0167879 0.0820813 0.0820813 0.0820813 0.0820813
 0.00408385 0.0199673 0.0199673 0.0199673 0.0199673
 0.0514901 0.251752 0.251752 0.251752 0.251752
 0.0356381 0.174247 0.174247 0.174247 0.174247
 0.0671543 0.328339 0.328339 0.328339 0.328339
 0.0588184 0.287583 0.287583 0.287583 0.287583
 0.0334512 0.163554 0.163554 0.163554 0.163554
 0.0669604 0.327391 0.327391 0.327391 0.327391
 0.0592455 0.289671 0.289671 0.289671 0.289671
 0.0881855 0.431168 0.431168 0.431168 0.431168
 0.144106 0.704583 0.704583 0.704583 0.704583
 0.112433 0.549722 0.549722 0.549722 0.549722
 0.0485615 0.237433 0.237433 0.237433 0.237433
 0.054125 0.264635 0.264635 0.264635 0.264635
 0.0470534 0.230059 0.230059 0.230059 0.230059
 0.0372499 0.182127 0.182127 0.182127 0.182127
 0.0303868 0.148571 0.148571 0.148571 0.148571
 0.0152655 0.074638 0.074638 0.074638 0.074638
 0.0168028 0.0821546 0.0821546 0.0821546 0.0821546
 0.0151566 0.0741053 0.0741053 0.0741053 0.0741053
 0.0165687 0.0810097 0.0810097 0.0810097 0.0810097
 0.016962 0.0829326 0.0829326 0.0829326 0.0829326
 0.0210324 0.102834 0.102834 0.102834 0.102834
 0.0327174 0.159966 0.159966 0.159966 0.159966
Np
 49042.8 22708.5 25291 4372.66 1855.08
YTP_r0W_actual
 59681.6 134428 61287.4 134112 99161.6
YTP_p0W_proyectada
 19619.4 329028 82696.7 33121.3 89632.3
 19619.4 104209 168718 37252.5 17538.3
CTP_r0_actual
 7278.25 6223.54 1951.83 3344.45 2228.35
CTP_p0_proyectada
 2392.62 15232.8 2633.65 825.967 2014.21
 2392.62 4824.51 5373.17 928.989 394.12
Wmedp
 8.2 21.6 31.4 40.1 44.5
nmprior
 10.8 10.6 4.6 0
nm_flota  nm_reclas  nm_pelaces    nm_pelaL
inf 10.6242 12.7271 35.2062
cv_recla  cv_pelaces  cv_mph
0.785619 0.405692 0.492926
 ------------------------------------------------
Talla a la edad & desviaci?n 
 7.2 14.2025 17.0495 18.207 18.6776
 1.08 2.13037 2.55742 2.73105 2.80164
