years
 1997 1998 1999 2000 2001 2002 2003 2004 2005 2006 2007 2008 2009 2010 2011 2012 2013 2014 2015 2016 2017 2018 2019 2020 2021 2022 2023
reclasobs
 0 0 0 370054 412103 1.49427e+06 250295 1.28982e+06 931140 785840 897777 1.04006e+06 184774 17550 25797 100020 73551 82996 120727 218422 84188 347160 605670 569463 516374 1.08416e+06 1.01767e+06
reclaspred
 482292 131632 383355 238966 285941 295184 623601 458687 802370 806413 670330 464523 272524 132322 101139 83673.1 67899.2 89107 122219 177355 274037 326801 610132 682211 709627 564216 559967
pelacesobs
 0 0 0 0 0 0 0 0 0 2.06254e+06 1.5e+06 0 1.87456e+06 323000 250000 174000 83755 137374 0 501740 490994 745055 786931 1.00524e+06 1.33801e+06 1.41789e+06 0
pelacespred
 1.73372e+06 389253 687155 671830 701054 560175 1.45755e+06 1.19139e+06 2.05724e+06 1.99212e+06 1.47427e+06 1.06586e+06 622565 252077 196709 170840 145353 188661 255247 365113 674433 713617 1.11865e+06 1.51943e+06 1.5159e+06 1.34289e+06 1.23995e+06
mphobs
 0 0 0 0 0 0 112323 0 153150 637223 0 255016 313432 73983 77613 109348 50772 17779 17303 59886 28197 0 207744 136588 643089 65757 70829
mphpred
 159580 100016 118692 133302 120111 152791 199569 235778 250413 385505 378065 272222 167065 110639 58395.6 52001.7 41077.7 41067.6 22909.3 33753.4 50958.2 70200.8 114269 162309 182017 154708 120664
desembarqueobs
 350755 77701 442110 56441 14545 235359 269955 359681 431902 328805 639364 411747 362871 311530 167758 66681 60226 58785 57116 73181 50977 67692 138656 160484 209506 203330 245020
desembarquepred
 350772 77708.2 442205 56446.6 14545.6 235560 270021 359705 431813 328859 639676 411938 363507 311924 167749 66733.1 60321.3 58797.9 57094.8 73194.9 50978 67679.4 138668 160489 209605 203411 245032
Reclutas
 51023.3 58623.7 32079.1 37616.1 51898.1 36989.7 73279.6 85430.9 193613 136383 67665.5 44677.9 37378.4 29060.9 19684.1 11682 7649.96 13868.7 25645.6 24976.8 45702 91766.2 92898.1 103846 27637.9 40622.6 109941
log_desv_Rt
 0.140039 0.278894 -0.32404 -0.164813 0.157038 -0.181606 0.502038 0.655463 1.47362 1.12322 0.422331 0.00723374 -0.171151 -0.422851 -0.812436 -1.3342 -1.75754 -1.16261 -0.547872 -0.574297 0.0298965 0.726999 0.739258 0.850665 -0.473057 -0.0879193 0.907703
SSB
 595703 373352 443071 497606 448367 570360 724045 869634 914554 1.41248e+06 1.41129e+06 1.01619e+06 640925 320621 174045 156635 130222 125074 166579 256625 368500 495409 826399 1.1266e+06 1.37318e+06 1.20164e+06 884895
BT
 2.10416e+06 537311 956660 761392 743201 775420 1.71002e+06 1.64128e+06 2.53832e+06 2.3873e+06 2.10724e+06 1.48921e+06 1.00586e+06 560662 345583 233632 204892 244570 313651 436950 745784 805243 1.25697e+06 1.71992e+06 1.74726e+06 1.58646e+06 1.51026e+06
Ftot
 0.530943 0.415097 0.640212 0.136082 0.0316191 0.395668 0.28745 0.540672 0.474689 0.246635 0.481689 0.440152 0.691056 1.2807 1.04275 0.41663 0.486535 0.439981 0.321734 0.246029 0.125909 0.136796 0.121787 0.133883 0.136409 0.174892 0.277299
BD_Bspro_t
 0.938054 0.728637 0.676299 0.52611 0.626436 0.734445 0.661011 0.675547 0.654279 0.698298 0.669554 0.52136 0.414229 0.297285 0.20775 0.226857 0.259653 0.325177 0.451646 0.612686 0.709962 0.809032 0.853922 0.85238 0.841642 0.780372 0.72489
BD_Bspro
 0.650234 0.407529 0.48363 0.543158 0.489411 0.622571 0.790325 0.949241 0.998273 1.54178 1.54048 1.10921 0.699596 0.349971 0.189977 0.170973 0.142142 0.136523 0.181828 0.280117 0.402233 0.54076 0.902049 1.22974 1.49888 1.31164 0.965899
BD_Bo
 0.364803 0.228638 0.271333 0.30473 0.274576 0.349284 0.443399 0.532556 0.560065 0.864989 0.864263 0.622304 0.392497 0.196345 0.106584 0.0959219 0.0797466 0.0765939 0.102012 0.157155 0.225666 0.303384 0.50608 0.689923 0.840923 0.735875 0.541902
BD_Brms
 0.663278 0.415705 0.493333 0.554054 0.499229 0.635061 0.80618 0.968284 1.0183 1.57271 1.57139 1.13146 0.713631 0.356992 0.193789 0.174403 0.144994 0.139262 0.185475 0.285736 0.410302 0.551608 0.920145 1.25441 1.52895 1.33795 0.985276
S_f
 0.17733 1 1 1 1
 0.17733 1 1 1 1
 0.17733 1 1 1 1
 0.17733 1 1 1 1
 0.17733 1 1 1 1
 0.17733 1 1 1 1
 0.17733 1 1 1 1
 0.17733 1 1 1 1
 0.17733 1 1 1 1
 0.17733 1 1 1 1
 0.17733 1 1 1 1
 0.17733 1 1 1 1
 0.17733 1 1 1 1
 0.17733 1 1 1 1
 0.17733 1 1 1 1
 0.17733 1 1 1 1
 0.17733 1 1 1 1
 0.17733 1 1 1 1
 0.17733 1 1 1 1
 0.17733 1 1 1 1
 0.17733 1 1 1 1
 0.17733 1 1 1 1
 0.17733 1 1 1 1
 0.17733 1 1 1 1
 0.17733 1 1 1 1
 0.17733 1 1 1 1
 0.17733 1 1 1 1
Scru_reclas
 0.904113 1 1 1 1
 0.904113 1 1 1 1
 0.904113 1 1 1 1
 0.904113 1 1 1 1
 0.904113 1 1 1 1
 0.904113 1 1 1 1
 0.904113 1 1 1 1
 0.904113 1 1 1 1
 0.904113 1 1 1 1
 0.904113 1 1 1 1
 0.904113 1 1 1 1
 0.904113 1 1 1 1
 0.904113 1 1 1 1
 0.904113 1 1 1 1
 0.904113 1 1 1 1
 0.904113 1 1 1 1
 0.904113 1 1 1 1
 0.904113 1 1 1 1
 0.904113 1 1 1 1
 0.904113 1 1 1 1
 0.904113 1 1 1 1
 0.904113 1 1 1 1
 0.904113 1 1 1 1
 0.904113 1 1 1 1
 0.904113 1 1 1 1
 0.904113 1 1 1 1
 0.904113 1 1 1 1
Scru_pelaces
 1 1 1 1 1
 1 1 1 1 1
 1 1 1 1 1
 1 1 1 1 1
 1 1 1 1 1
 1 1 1 1 1
 1 1 1 1 1
 1 1 1 1 1
 1 1 1 1 1
 1 1 1 1 1
 1 1 1 1 1
 1 1 1 1 1
 1 1 1 1 1
 1 1 1 1 1
 1 1 1 1 1
 1 1 1 1 1
 1 1 1 1 1
 1 1 1 1 1
 1 1 1 1 1
 1 1 1 1 1
 1 1 1 1 1
 1 1 1 1 1
 1 1 1 1 1
 1 1 1 1 1
 1 1 1 1 1
 1 1 1 1 1
 1 1 1 1 1
pf_obs 
 0.256992 0.487395 0.22802 0.0275931 0
 0.321318 0.546541 0.124235 0.00734118 0.000564706
 0.182869 0.594174 0.210203 0.0122559 0.00049798
 0.330522 0.361315 0.267642 0.0388342 0.00168674
 0.649043 0.306663 0.0425973 0.00169635 0
 0.582887 0.30429 0.105238 0.00758474 0
 0.465427 0.430635 0.0974691 0.00646863 0
 0.296916 0.608066 0.0921331 0.00288517 0
 0.311714 0.524322 0.152257 0.0117073 0
 0.15457 0.633149 0.183074 0.0267441 0.00246327
 0.131901 0.49318 0.331252 0.0422183 0.00144891
 0.196976 0.569456 0.194076 0.0375587 0.00193317
 0.518974 0.381816 0.0799577 0.0180837 0.00116848
 0.0928022 0.601141 0.25162 0.0475244 0.00691264
 0.122501 0.610282 0.24278 0.0234846 0.000952079
 0.383417 0.481906 0.127806 0.00687128 0
 0.0376549 0.599619 0.316969 0.0457579 0
 0.0361596 0.667082 0.258105 0.0386534 0
 0.158088 0.579412 0.248529 0.0139706 0
 0.0477256 0.309471 0.559284 0.082774 0.000745712
 0.0406174 0.521527 0.379366 0.0568643 0.0016247
 0.151134 0.462217 0.34131 0.0453401 0
 0.294876 0.26143 0.354403 0.0886775 0.000613685
 0.281977 0.475581 0.204845 0.0348837 0.00271318
 0.0841818 0.532909 0.334909 0.0458182 0.00218182
 0.115287 0.27431 0.454777 0.147771 0.00785563
 0 0 0 0 0
pf_pred 
 0.373277 0.443905 0.163664 0.019144 1.00167e-05
 0.297312 0.570916 0.0933336 0.0344113 0.00402724
 0.162768 0.622894 0.174144 0.0284691 0.0117247
 0.227836 0.462588 0.230322 0.0643917 0.0148621
 0.246072 0.481989 0.162913 0.0811141 0.0279113
 0.160597 0.546677 0.187141 0.0632539 0.0423311
 0.321999 0.383429 0.191845 0.0656734 0.0370529
 0.284484 0.53953 0.0995255 0.0497966 0.0266643
 0.438435 0.417807 0.1084 0.0199962 0.0153622
 0.201804 0.67582 0.0910476 0.0236223 0.00770522
 0.118562 0.542476 0.286994 0.0386643 0.0133035
 0.12748 0.426163 0.274708 0.145333 0.0263163
 0.170456 0.418061 0.20098 0.129553 0.0809502
 0.225216 0.479157 0.148986 0.0716239 0.0750178
 0.24399 0.573352 0.112963 0.0351239 0.0345713
 0.181758 0.616764 0.1528 0.0301049 0.0185739
 0.152491 0.512111 0.252812 0.0626327 0.0199535
 0.315772 0.384157 0.181319 0.089511 0.0292406
 0.378653 0.47372 0.0828844 0.0391208 0.0256215
 0.24321 0.605417 0.115408 0.0201924 0.0157726
 0.323733 0.453349 0.17833 0.0339942 0.0105937
 0.363325 0.471814 0.110518 0.0434735 0.0108697
 0.230515 0.595751 0.128748 0.030158 0.0148291
 0.215333 0.50317 0.21794 0.047099 0.0164574
 0.0597847 0.584984 0.227793 0.0986652 0.028773
 0.136599 0.238662 0.3887 0.15136 0.0846781
 0.350956 0.319229 0.0911678 0.148482 0.0901657
pobs_RECLAS
 0 0 0 0 0
 0 0 0 0 0
 0 0 0 0 0
 0 0 0 0 0
 0.835266 0.146461 0.0176864 0.000547809 3.91292e-05
 0.385257 0.428462 0.181853 0.0044286 0
 0.867414 0.0963971 0.0333333 0.00285562 0
 0.441836 0.489002 0.0689373 0.000224442 0
 0.779404 0.147425 0.0564933 0.0165055 0.000172143
 0.814271 0.122319 0.05973 0.00367925 0
 0.40263 0.566651 0.0304383 0.000280538 0
 0.475488 0.404961 0.113038 0.00651328 0
 0.955842 0.0263864 0.0167828 0.000988607 0
 0.975058 0.0227948 0.00214734 0 0
 0.738997 0.206755 0.0527124 0.00153531 0
 0.850938 0.134255 0.0134407 0.00136685 0
 0.542534 0.407297 0.0501686 0 0
 0.764087 0.199537 0.0359546 0.000420521 0
 0.470689 0.182191 0.310203 0.0369168 0
 0.84361 0.089868 0.0606195 0.00523954 0.000663233
 0.607945 0.314616 0.071237 0.00620181 0
 0.523733 0.453247 0.0230204 0 0
 0.530135 0.295979 0.169645 0.0042399 0
 0.562478 0.366248 0.0663022 0.0049721 0
 0.250443 0.683176 0.0655157 0.000865301 0
 0.195077 0.31981 0.436473 0.0351445 0.0134964
 0.565238 0.351407 0.0832357 0.000118908 0
ppred_RECLAS
 0.758957 0.17073 0.0629464 0.00736294 3.85252e-06
 0.688964 0.252709 0.041313 0.0152317 0.00178261
 0.509372 0.365024 0.10205 0.0166833 0.00687083
 0.602423 0.238181 0.11859 0.0331544 0.00765232
 0.624997 0.239741 0.0810327 0.0403461 0.0138831
 0.50002 0.325621 0.111468 0.0376764 0.025214
 0.711207 0.163321 0.0817161 0.0279735 0.0157826
 0.677802 0.242951 0.0448165 0.0224235 0.012007
 0.804204 0.145673 0.0377948 0.0069719 0.0053562
 0.566603 0.366951 0.0494362 0.0128262 0.00418371
 0.414539 0.360319 0.190625 0.0256813 0.00883636
 0.433891 0.276504 0.178236 0.0942948 0.0170746
 0.524449 0.239661 0.115216 0.0742687 0.0464062
 0.626279 0.231124 0.071864 0.0345482 0.0361852
 0.643155 0.270628 0.0533197 0.0165788 0.016318
 0.53769 0.348474 0.0863324 0.0170094 0.0104943
 0.486529 0.310267 0.153168 0.0379466 0.012089
 0.707681 0.164121 0.0774639 0.0382413 0.0124923
 0.760064 0.182929 0.0320063 0.0151067 0.00989387
 0.624305 0.300549 0.0572923 0.0100242 0.00783002
 0.710721 0.193924 0.0762821 0.0145413 0.00453156
 0.745589 0.188534 0.0441624 0.0173717 0.00434346
 0.605852 0.305157 0.0659474 0.0154476 0.00759577
 0.584905 0.266181 0.115292 0.0249158 0.00870608
 0.24616 0.469024 0.182639 0.0791071 0.0230695
 0.448838 0.152353 0.248131 0.0966227 0.0540552
 0.736975 0.129367 0.0369457 0.0601723 0.0365396
pobs_PELACES
 0 0 0 0 0
 0 0 0 0 0
 0 0 0 0 0
 0 0 0 0 0
 0 0 0 0 0
 0 0 0 0 0
 0 0 0 0 0
 0 0 0 0 0
 0 0 0 0 0
 0 0 0 0 0
 0.450072 0.473896 0.0757376 0.000293798 0
 0 0 0 0 0
 0.463077 0.371075 0.160297 0.00555027 0
 0.529543 0.364841 0.0842815 0.0213345 0
 0.631943 0.363953 0.00410389 0 0
 0.735681 0.248677 0.0153453 0.000297389 0
 0.695825 0.281241 0.0229344 0 0
 0.275771 0.60734 0.115278 0.00161068 0
 0 0 0 0 0
 0.896147 0.0623911 0.0374545 0.00400742 0
 0.803859 0.145111 0.0509908 3.86294e-05 0
 0.739449 0.233085 0.0266225 0.000797448 4.60066e-05
 0.878498 0.100942 0.0204185 0.000141795 0
 0.694673 0.275183 0.0284847 0.00165964 0
 0.469039 0.446079 0.0841089 0.000773354 0
 0.822795 0.102175 0.0682046 0.00682512 0
 0 0 0 0 0
ppred_PELACES
 0.800897 0.141023 0.0519941 0.00608182 3.1822e-06
 0.73278 0.21711 0.0354932 0.013086 0.00153149
 0.577397 0.314413 0.0879012 0.0143701 0.00591819
 0.634904 0.218722 0.108901 0.0304457 0.00702713
 0.650264 0.223588 0.075573 0.0376277 0.0129477
 0.551887 0.291842 0.0999048 0.0337679 0.0225984
 0.746511 0.143355 0.0717265 0.0245538 0.0138532
 0.729339 0.20409 0.0376479 0.0188367 0.0100864
 0.837868 0.120627 0.0312966 0.00577319 0.00443529
 0.607249 0.332536 0.0447999 0.0116233 0.00379134
 0.471615 0.325192 0.172041 0.0231776 0.00797491
 0.488577 0.249793 0.161018 0.0851859 0.0154252
 0.595387 0.20391 0.0980287 0.0631899 0.0394837
 0.724077 0.170642 0.0530582 0.0255074 0.026716
 0.725711 0.208018 0.0409842 0.0127433 0.0125428
 0.59024 0.308864 0.0765193 0.015076 0.00930147
 0.544628 0.27516 0.135837 0.033653 0.0107211
 0.751083 0.139754 0.0659626 0.0325635 0.0106375
 0.792683 0.15806 0.027655 0.0130529 0.00854879
 0.662723 0.269815 0.0514336 0.00899909 0.00702932
 0.737665 0.175861 0.0691768 0.0131869 0.00410947
 0.770858 0.169808 0.039776 0.0156463 0.00391206
 0.637326 0.28079 0.0606814 0.0142141 0.00698924
 0.617769 0.245107 0.106164 0.0229431 0.0080168
 0.272621 0.452561 0.176228 0.0763303 0.0222597
 0.485733 0.142154 0.231522 0.0901548 0.0504368
 0.769659 0.113292 0.0323548 0.0526951 0.0319991
pobs_pel_tallas
 0 0 0 0 0 0 0 0 0 0 0 0 0 0 0 0 0 0 0 0 0 0 0 0 0 0 0 0 0 0 0 0 0 0 0 0
 0 0 0 0 0 0 0 0 0 0 0 0 0 0 0 0 0 0 0 0 0 0 0 0 0 0 0 0 0 0 0 0 0 0 0 0
 0 0 0 0 0 0 0 0 0 0 0 0 0 0 0 0 0 0 0 0 0 0 0 0 0 0 0 0 0 0 0 0 0 0 0 0
 0 0 0 0 0 0 0 0 0 0 0 0 0 0 0 0 0 0 0 0 0 0 0 0 0 0 0 0 0 0 0 0 0 0 0 0
 0 0 0 0 0 0 0 0 0 0 0 0 0 0 0 0 0 0 0 0 0 0 0 0 0 0 0 0 0 0 0 0 0 0 0 0
 0 0 0 0 0 0 0 0 0 0 0 0 0 0 0 0 0 0 0 0 0 0 0 0 0 0 0 0 0 0 0 0 0 0 0 0
 0 0 0 0 0 0 0 0 0 0 0 0 0 0 0 0 0 0 0 0 0 0 0 0 0 0 0 0 0 0 0 0 0 0 0 0
 0 0 0 0 0 0 0 0 0 0 0 0 0 0 0 0 0 0 0 0 0 0 0 0 0 0 0 0 0 0 0 0 0 0 0 0
 0 0 0 0 0 0 0 0 0 0 0 0 0 0 0 0 0 0 0 0 0 0 0 0 0 0 0 0 0 0 0 0 0 0 0 0
 0 0 0 0 0 0 0 0 0 0 0 0 0 0 0 0 0 0 0 0 0 0 0 0 0 0 0 0 0 0 0 0 0 0 0 0
 0 0 0 0 0 0 0 0 1.78061e-05 0.00172719 0.00360574 0.0105946 0.0120993 0.0124554 0.0147524 0.0171206 0.0266825 0.0428682 0.0675386 0.121331 0.153587 0.119568 0.100827 0.0573624 0.0630603 0.0341343 0.0324427 0.0444173 0.0211091 0.0280891 0.0125444 0.00206551 0 0 0 0
 0 0 0 0 0 0 0 0 0 0 0 0 0 0 0 0 0 0 0 0 0 0 0 0 0 0 0 0 0 0 0 0 0 0 0 0
 0 0 0 0 0 0 0.0133647 0.0140871 0.0187388 0.0205184 0.03894 0.0496705 0.03968 0.0493445 0.0407372 0.0367815 0.0215668 0.0243155 0.0234873 0.0199281 0.019796 0.0243948 0.0301388 0.0376714 0.0412746 0.0863199 0.0771752 0.113111 0.0741005 0.0525337 0.0229764 0.00759418 0.00175318 0 0 0
 0 0 0 0 0 0 0 0 0 0 0.00219441 0.00772107 0.0458388 0.0604681 0.0671733 0.0775358 0.0609151 0.0617685 0.073594 0.0568108 0.0755445 0.0548602 0.0670107 0.0636378 0.0643287 0.046367 0.0373049 0.0286899 0.0247887 0.0153202 0.00654259 0.00121912 0.000365735 0 0 0
 0 0 0 0 0 0 0 0 0 0 0 0 0.000112435 0.00938835 0.0111873 0.0202946 0.0414886 0.0713402 0.111592 0.104902 0.108894 0.110636 0.117776 0.105296 0.107544 0.0401394 0.0192827 0.0124803 0.00416011 0.0028671 0.000618394 0 0 0 0 0
 0 0 0 0 0 0 0 0 0 0 0.00291406 0.0102884 0.027416 0.0768956 0.0749926 0.110853 0.0956884 0.0897413 0.0766577 0.0534642 0.0500743 0.0551293 0.0594112 0.0620874 0.0668451 0.0424026 0.0208742 0.0120726 0.0048766 0.00582813 0.00118941 0.000297354 0 0 0 0
 0 0.00264628 0.0354308 0.0461629 0.0458689 0.0383711 0.0214643 0.0164657 0.0346957 0.0420465 0.0363128 0.0245516 0.0311673 0.0291091 0.0169068 0.0133784 0.00837989 0.0085269 0.0148486 0.0160247 0.0276389 0.0546898 0.0760071 0.122758 0.109233 0.0665981 0.0333725 0.0166128 0.00676272 0.00308733 0.000882094 0 0 0 0 0
 0 0 0 0 0 0 0 0.000805153 0.000690131 0.00759144 0.0133425 0.0154129 0.00931677 0.000345066 0.00356568 0.00563607 0.00851162 0.0253048 0.0502646 0.0516448 0.0657925 0.0565908 0.0611916 0.0827007 0.0866115 0.110766 0.145733 0.0935128 0.0569358 0.0249597 0.0138026 0.00621118 0.00161031 0.00115022 0 0
 0 0 0 0 0 0 0 0 0 0 0 0 0 0 0 0 0 0 0 0 0 0 0 0 0 0 0 0 0 0 0 0 0 0 0 0
 0.00147267 0.00158595 0.00478618 0.00569244 0.00954404 0.0108468 0.00647125 0.017049 0.0510054 0.094081 0.124002 0.0959785 0.0687766 0.0820023 0.061753 0.0591476 0.0492212 0.0479892 0.0443925 0.0268479 0.0217502 0.0140895 0.0121071 0.0120363 0.00920419 0.00665534 0.0049561 0.00860946 0.00930331 0.0156896 0.0114698 0.00855282 0.00243557 0.00046729 0 2.83206e-05
 0 0 0 0 0.000772559 0.00158375 0.000888443 0.00281984 0.00712685 0.0440552 0.0773331 0.111326 0.0921469 0.0852325 0.0710754 0.0886704 0.0786465 0.0553345 0.0373146 0.0185414 0.00753245 0.00457741 0.012979 0.0271748 0.0457355 0.0583668 0.034881 0.0177882 0.00938659 0.00492506 0.0015258 0.00185414 0.000309023 5.79419e-05 3.86279e-05 0
 0 0.00173294 0.00326652 0 0.00397197 0.00683976 0.00946217 0.0152591 0.00757587 0.0136028 0.0228656 0.0392903 0.0559909 0.0764795 0.0681675 0.0726916 0.0566044 0.0477403 0.0527397 0.0444891 0.0609904 0.0582453 0.0661739 0.0445044 0.0529084 0.0360697 0.0280645 0.0235558 0.0158879 0.00826598 0.00280645 0.00217768 0.000904811 0.00058276 9.20147e-05 0
 0 0 0 0 0 0 0 0 0 0 0 0 0 0 0 0 0 0 0 0 0 0 0 0 0 0 0 0 0 0 0 0 0 0 0 0
 0 0 0 0 0 0 0 0 0 0 0 0 0 0 0 0 0 0 0 0 0 0 0 0 0 0 0 0 0 0 0 0 0 0 0 0
 0 0 0 0 0 0 0 0 0 0 0 0 0 0 0 0 0 0 0 0 0 0 0 0 0 0 0 0 0 0 0 0 0 0 0 0
 0 0 0 0 0 0 0 0 0 0 0 0 0 0 0 0 0 0 0 0 0 0 0 0 0 0 0 0 0 0 0 0 0 0 0 0
 0 0 0 0 0 0 0 0 0 0 0 0 0 0 0 0 0 0 0 0 0 0 0 0 0 0 0 0 0 0 0 0 0 0 0 0
ppred_pel_tallas
 1.00994e-16 3.49414e-05 0.000205085 0.000974894 0.00375342 0.0117047 0.0295651 0.0604938 0.100274 0.134661 0.146528 0.129223 0.0924472 0.0538425 0.0259246 0.011069 0.00544287 0.00454141 0.00560737 0.00743856 0.00955902 0.0116993 0.0136198 0.0150986 0.0159677 0.0161481 0.0156635 0.014628 0.0132113 0.0115966 0.00994363 0.00836677 0.00693129 0.00566234 0.00456001 0.00361324
 1.01096e-16 3.19741e-05 0.000187657 0.000892028 0.00343434 0.0107097 0.0270518 0.0553519 0.0917534 0.123226 0.134106 0.118317 0.0847521 0.0495765 0.0242738 0.0110549 0.00644901 0.00635754 0.00825508 0.0110009 0.0140752 0.0171095 0.0197444 0.0216471 0.0225763 0.0224363 0.0212977 0.0193727 0.0169575 0.0143607 0.0118417 0.00957489 0.00764324 0.00605585 0.00477609 0.00374912
 1.02121e-16 2.52028e-05 0.000147895 0.00070297 0.00270638 0.00843953 0.0213178 0.0436205 0.0723114 0.097129 0.10574 0.0933761 0.0670723 0.0396095 0.0200941 0.0103368 0.00767199 0.00892236 0.0121105 0.0162893 0.0209286 0.025551 0.0296462 0.0327284 0.0344343 0.0346041 0.0333118 0.0308332 0.027567 0.0239359 0.0203018 0.0169157 0.0139098 0.0113197 0.00912158 0.00726737
 1.02992e-16 2.77065e-05 0.000162602 0.000772912 0.00297571 0.00927944 0.0234392 0.0479604 0.0795021 0.106776 0.116213 0.102555 0.073513 0.0431072 0.0213047 0.0100439 0.00634362 0.0066789 0.00888252 0.011976 0.0155028 0.0191191 0.0224713 0.0252159 0.0270822 0.0279259 0.0277522 0.0266976 0.0249817 0.0228473 0.0205082 0.0181217 0.015785 0.0135496 0.0114423 0.00948286
 1.03044e-16 2.83764e-05 0.000166535 0.000791606 0.00304769 0.00950389 0.0240062 0.0491204 0.0814249 0.109359 0.119023 0.105032 0.0752833 0.0441344 0.0217914 0.0102363 0.00641129 0.00670069 0.0088785 0.0119363 0.0154012 0.0189188 0.0221289 0.0246876 0.026332 0.0269348 0.026526 0.0252708 0.0234165 0.021226 0.0189229 0.0166604 0.0145194 0.0125267 0.0106804 0.00897273
 1.0373e-16 2.40895e-05 0.000141361 0.000671912 0.00258681 0.00806664 0.0203759 0.0416931 0.0691162 0.0928368 0.101066 0.0892463 0.0641005 0.037844 0.0191802 0.00983958 0.00727594 0.00845701 0.0115019 0.0155199 0.0200237 0.0245798 0.028722 0.0320014 0.0340751 0.0347787 0.0341548 0.0324242 0.0299162 0.0269816 0.023919 0.0209341 0.0181362 0.0155605 0.0132022 0.0110461
 1.02556e-16 3.25699e-05 0.000191162 0.000908705 0.00349857 0.01091 0.0275577 0.0563865 0.0934662 0.12552 0.136585 0.120464 0.0862019 0.0502474 0.0242738 0.0105045 0.00537824 0.00470719 0.00593131 0.00793636 0.0102795 0.0127039 0.0149742 0.0168664 0.0182034 0.0188889 0.0189223 0.0183863 0.0174156 0.0161585 0.0147441 0.0132653 0.011778 0.010312 0.00888507 0.00751431
 1.0172e-16 3.18236e-05 0.000186775 0.000887834 0.0034182 0.0106593 0.0269246 0.0550917 0.0913216 0.122646 0.133471 0.117751 0.0843333 0.0493048 0.0240913 0.0108891 0.00624012 0.00606371 0.0078491 0.0104694 0.0134222 0.0163609 0.0189498 0.0208777 0.0219165 0.021972 0.0211028 0.019497 0.0174195 0.0151459 0.0129063 0.0108533 0.00905822 0.00752801 0.00623208 0.00512754
 1.0089e-16 3.65525e-05 0.000214546 0.00101988 0.00392663 0.0122449 0.0309295 0.0632852 0.1049 0.140871 0.153278 0.135159 0.0966577 0.0562212 0.0269316 0.0112602 0.00518311 0.003976 0.00475008 0.00625479 0.00801327 0.00977802 0.0113419 0.0125174 0.0131661 0.0132281 0.0127329 0.0117876 0.0105457 0.00916928 0.00779613 0.00652087 0.0053919 0.00442046 0.00359519 0.00289601
 1.01321e-16 2.65051e-05 0.000155539 0.000739309 0.00284629 0.00887582 0.0224198 0.0458755 0.0760495 0.10215 0.111205 0.0981993 0.0705313 0.0416405 0.0211012 0.0108136 0.00796744 0.0092121 0.0124563 0.0166905 0.0213432 0.0259011 0.029822 0.0325984 0.0338647 0.0334816 0.0315678 0.0284608 0.0246278 0.020554 0.0166459 0.0131753 0.0102688 0.00793494 0.00610773 0.00469096
 1.03718e-16 2.05908e-05 0.000120817 0.000574236 0.00221072 0.00689381 0.0174135 0.0356321 0.0590711 0.079352 0.0864063 0.0763489 0.0549421 0.0326491 0.0169407 0.00933697 0.00770476 0.00948842 0.0130966 0.017752 0.0229825 0.0283226 0.0332512 0.0372547 0.0399268 0.0410512 0.0406364 0.0388899 0.0361472 0.0327815 0.0291264 0.0254318 0.0218565 0.0184875 0.0153695 0.0125297
 1.06015e-16 2.13273e-05 0.000125148 0.000594842 0.00229008 0.00714132 0.0180386 0.0369105 0.061188 0.082188 0.0894744 0.0790123 0.0567551 0.0335186 0.0170117 0.00877319 0.0065603 0.00770604 0.0105699 0.0143945 0.0187842 0.0233895 0.0278229 0.0316942 0.0346798 0.0365833 0.0373607 0.0371035 0.0359902 0.0342263 0.031996 0.0294384 0.0266505 0.0237047 0.0206713 0.0176307
 1.05475e-16 2.59827e-05 0.000152483 0.00072481 0.00279051 0.0087019 0.0219804 0.0449754 0.074554 0.100131 0.108981 0.096174 0.0689421 0.040433 0.0199955 0.00944985 0.00600473 0.00636093 0.0084951 0.0115015 0.0149663 0.0185829 0.0220347 0.0250113 0.0272635 0.0286507 0.0291598 0.0288876 0.027997 0.0266642 0.0250362 0.0232116 0.021244 0.0191615 0.0169891 0.014765
 1.02934e-16 3.15927e-05 0.000185423 0.000881413 0.00339349 0.0105823 0.02673 0.0546931 0.0906601 0.121755 0.132495 0.116873 0.0836697 0.0488463 0.0237368 0.0105104 0.00572475 0.00532519 0.00682643 0.00913208 0.011782 0.0144839 0.0169614 0.0189545 0.0202655 0.0207997 0.0205809 0.0197342 0.0184444 0.0169058 0.0152795 0.0136721 0.0121346 0.0106781 0.00929486 0.0079766
 1.01674e-16 3.16655e-05 0.000185847 0.000883421 0.0034012 0.0106063 0.0267908 0.0548178 0.0908678 0.122037 0.13281 0.11717 0.0839237 0.0490779 0.0240041 0.0108898 0.00629619 0.00616469 0.00799705 0.01067 0.0136787 0.0166715 0.0193058 0.0212637 0.022312 0.0223542 0.0214497 0.0197908 0.0176485 0.0153055 0.0129985 0.0108855 0.00904136 0.00747483 0.00615547 0.00503927
 1.0214e-16 2.57625e-05 0.000151181 0.000718597 0.00276655 0.00862716 0.0217917 0.0445902 0.0739184 0.0992864 0.108085 0.0954393 0.0685371 0.0404399 0.020451 0.010415 0.00759997 0.00875226 0.0118482 0.0159227 0.0204433 0.0249382 0.0289062 0.0318721 0.0334831 0.0335879 0.0322657 0.0297942 0.0265708 0.0230142 0.0194801 0.0162123 0.0133347 0.0108745 0.00879995 0.00705604
 1.03676e-16 2.37724e-05 0.0001395 0.000663071 0.00255277 0.00796051 0.0201078 0.0411445 0.0682064 0.091614 0.0997329 0.0880639 0.0632406 0.0373153 0.0188742 0.00962303 0.00704817 0.00815955 0.0111081 0.0150277 0.0194559 0.023986 0.0281773 0.0315987 0.03391 0.0349314 0.0346715 0.033305 0.0311116 0.0283995 0.0254407 0.0224346 0.0195038 0.0167123 0.0140918 0.0116642
 1.02598e-16 3.27691e-05 0.000192332 0.000914267 0.00351999 0.0109768 0.0277264 0.0567317 0.0940382 0.126288 0.137419 0.121197 0.0867204 0.0505374 0.024391 0.0105159 0.0053266 0.00460796 0.00578367 0.0077341 0.0100176 0.012382 0.0145983 0.0164491 0.0177628 0.0184469 0.018501 0.0180057 0.0170912 0.0158999 0.0145548 0.013143 0.011716 0.0103001 0.00891132 0.00756632
 1.01293e-16 3.45838e-05 0.000202984 0.000964904 0.00371495 0.0115847 0.0292621 0.059874 0.099247 0.133283 0.145032 0.127913 0.0915306 0.0533491 0.0257622 0.0111273 0.00565668 0.00489387 0.00610657 0.00809365 0.0103644 0.012626 0.0146142 0.0160873 0.0168693 0.0168884 0.0161916 0.0149264 0.0133 0.0115275 0.00978834 0.00820126 0.00682117 0.00565238 0.00466958 0.00383764
 1.01456e-16 2.89215e-05 0.000169731 0.000806793 0.00310614 0.00968617 0.0244666 0.0500629 0.0829884 0.111462 0.12132 0.10708 0.0767958 0.0451104 0.022438 0.010812 0.0071269 0.0077004 0.010252 0.0137222 0.017576 0.0213822 0.0246988 0.0271119 0.0283193 0.0281987 0.0268336 0.024483 0.0215111 0.0182984 0.015166 0.0123311 0.00989914 0.00788513 0.00624772 0.00492289
 1.01685e-16 3.21856e-05 0.000188902 0.000897955 0.00345717 0.0107809 0.0272316 0.0557196 0.0923617 0.12404 0.134982 0.119069 0.0852435 0.0497696 0.0241937 0.0107266 0.00586129 0.00546669 0.00700908 0.00936786 0.0120683 0.0148046 0.0172849 0.0192338 0.0204407 0.0208028 0.0203435 0.0191961 0.017562 0.0156592 0.0136774 0.0117523 0.00996159 0.00833714 0.00688327 0.00559355
 1.01341e-16 3.36326e-05 0.000197399 0.000938348 0.0036127 0.0112659 0.0284567 0.0582261 0.096516 0.129617 0.141047 0.124409 0.0890445 0.051944 0.0251662 0.0110118 0.00580593 0.00522165 0.0066044 0.00878181 0.0112641 0.0137459 0.0159445 0.017598 0.0185133 0.018607 0.0179223 0.0166099 0.0148859 0.0129769 0.0110746 0.00930916 0.00774553 0.00639668 0.00524476 0.00426074
 1.01768e-16 2.78145e-05 0.000163231 0.000775888 0.00298715 0.00931509 0.0235293 0.0481452 0.0798101 0.107195 0.116682 0.102999 0.0738973 0.043465 0.0217261 0.0106467 0.00725155 0.00800802 0.0107262 0.0143813 0.0184426 0.0224688 0.026002 0.028611 0.0299784 0.029972 0.028671 0.0263361 0.0233366 0.0200602 0.0168344 0.013882 0.0113135 0.00914827 0.00735038 0.00586181
 1.0275e-16 2.69604e-05 0.00015822 0.000752071 0.00289546 0.00902916 0.0228071 0.0466672 0.0773593 0.103901 0.113092 0.099818 0.0715905 0.0420585 0.0209327 0.0101125 0.00671036 0.00730472 0.00978549 0.0131851 0.0170275 0.0209323 0.0245026 0.0273549 0.0291921 0.0298641 0.0293937 0.0279541 0.0258132 0.0232628 0.0205577 0.017882 0.015344 0.0129927 0.0108428 0.00889677
 1.06312e-16 1.19189e-05 6.98932e-05 0.000332114 0.00127845 0.00398652 0.0100701 0.0206079 0.0341722 0.0459295 0.0500786 0.0444065 0.0322977 0.0198797 0.011578 0.0083982 0.00923564 0.0127103 0.0179278 0.0243537 0.0314985 0.0387567 0.0454191 0.0507885 0.0543238 0.0557537 0.0551211 0.0527412 0.0490967 0.0447069 0.0400175 0.035341 0.0308515 0.0266191 0.0226604 0.0189795
 1.08788e-16 2.1199e-05 0.000124404 0.000591328 0.00227659 0.00709928 0.0179322 0.0366922 0.0608232 0.0816895 0.0889092 0.0784597 0.0562421 0.0329833 0.016314 0.00772763 0.00496329 0.00535766 0.00730309 0.0101189 0.0135367 0.017376 0.0214332 0.025475 0.0292668 0.0326016 0.035318 0.0373023 0.0384806 0.0388091 0.0382704 0.0368789 0.0346921 0.0318188 0.0284193 0.0246926
 1.03803e-16 3.35779e-05 0.000197083 0.00093686 0.00360699 0.0112481 0.0284117 0.0581336 0.0963611 0.129405 0.140803 0.124163 0.0888038 0.0516723 0.0247901 0.0104329 0.004912 0.00389752 0.00474787 0.00632792 0.00821396 0.0101922 0.012083 0.0137197 0.0149727 0.0157734 0.0161232 0.0160813 0.0157385 0.0151863 0.0144933 0.0136958 0.0128024 0.011808 0.0107104 0.0095212
pSPR Fmed_Fpbrs
0.447465   0.6 0.325
Fs Fmed_Fpbrs
0.64   0.349484 1.07804
SSBpbr Bo_Bmed_Bpbrs
1.63294e+06  649037  898119 449059
Ro
44355.9
SPR SPRFo_SPRFmed_SPRFpbrs
916136 409939 297744
log_Ro
10.52
likeval ReclasPelacesDesembMPH_pf_preclas_ppelaces_ptallas_desvR_qrecl_qpela
 78.4137 12.5384 0.0490339 144.883 344.372 226.445 57.9607 0 21.0477 3.54368e-05 1.44502e-05 1.0411e-15 0 0 0
q_reclas_q_pelaces
0.430181 1.71741
M
0.7
N
 51023.3 12910.1 4759.85 556.767 0.291318
 58623.7 23060.7 3769.98 1389.96 162.67
 32079.1 27045.7 7561.23 1236.11 509.081
 37616.1 14220.4 7080.31 1979.46 456.875
 51898.1 18234.2 6163.19 3068.64 1055.92
 36989.7 25627.8 8773.02 2965.29 1984.45
 73279.6 17123.9 8567.77 2932.96 1654.78
 85430.9 34581.2 6379.08 3191.71 1709.05
 193613 38545.1 10000.5 1844.77 1417.25
 136383 88383.5 11907.2 3089.31 1007.69
 67665.5 64827.7 34296.7 4620.51 1589.82
 44677.9 30850.6 19886.5 10520.9 1905.08
 37378.4 20520.5 9865.12 6359.12 3973.45
 29060.9 16420.8 5105.77 2454.57 2570.87
 19684.1 11499.3 2265.61 704.453 693.37
 11682 8124.61 2012.83 396.571 244.674
 7649.96 5387.95 2659.85 658.963 209.932
 13868.7 3484.84 1644.82 811.99 265.253
 25645.6 6370.06 1114.54 526.054 344.529
 24976.8 12029 2293.03 401.201 313.384
 45702 11873.6 4670.61 890.338 277.459
 91766.2 22193.8 5198.71 2044.96 511.304
 92898.1 44477.6 9612.05 2251.54 1107.11
 103846 45146.2 19554.4 4225.89 1476.61
 27637.9 50358.5 19609.7 8493.63 2476.94
 40622.6 13396.6 21818.5 8496.16 4753.14
 109941 19556.6 5585.12 9096.29 5523.73
pred_Ctot
 3315.17 3942.43 1453.54 170.022 0.0889611
 3004.66 5769.72 943.237 347.763 40.6996
 2492.21 9537.37 2666.38 435.902 179.522
 645.895 1311.4 652.944 182.545 42.1329
 208.755 408.894 138.207 68.8129 23.6785
 1809.83 6160.71 2108.96 712.832 477.046
 2626.73 3127.85 1564.99 535.735 302.262
 5648.22 10712 1976.01 988.677 529.402
 11295.8 10764.3 2792.8 515.18 395.79
 4207.87 14091.7 1898.46 492.554 160.663
 4003.8 18319.2 9691.7 1305.68 449.256
 2423.41 8101.4 5222.22 2762.79 500.275
 3122.33 7657.83 3681.45 2373.09 1482.81
 4301.96 9152.61 2845.85 1368.12 1432.95
 2415.45 5676.09 1118.31 347.72 342.249
 600.879 2038.98 505.146 99.5247 61.4041
 457.034 1534.86 757.708 187.718 59.803
 751.979 914.83 431.792 213.161 69.6335
 1026.18 1283.82 224.623 106.02 69.4362
 768.761 1913.66 364.792 63.8259 49.8554
 726.649 1017.58 400.277 76.3031 23.7786
 1583.87 2056.82 481.792 189.518 47.3853
 1429.16 3693.57 798.216 186.975 91.938
 1754.6 4099.99 1775.84 383.777 134.1
 475.691 4654.56 1812.49 785.053 228.94
 893.739 1561.51 2543.19 990.32 554.031
 3804.71 3460.76 988.35 1609.69 977.486
F
 0.0941524 0.530943 0.530943 0.530943 0.530943
 0.0736094 0.415097 0.415097 0.415097 0.415097
 0.113529 0.640212 0.640212 0.640212 0.640212
 0.0241315 0.136082 0.136082 0.136082 0.136082
 0.00560703 0.0316191 0.0316191 0.0316191 0.0316191
 0.070164 0.395668 0.395668 0.395668 0.395668
 0.0509737 0.28745 0.28745 0.28745 0.28745
 0.0958777 0.540672 0.540672 0.540672 0.540672
 0.0841769 0.474689 0.474689 0.474689 0.474689
 0.0437359 0.246635 0.246635 0.246635 0.246635
 0.0854182 0.481689 0.481689 0.481689 0.481689
 0.0780524 0.440152 0.440152 0.440152 0.440152
 0.122545 0.691056 0.691056 0.691056 0.691056
 0.227108 1.2807 1.2807 1.2807 1.2807
 0.18491 1.04275 1.04275 1.04275 1.04275
 0.0738811 0.41663 0.41663 0.41663 0.41663
 0.0862775 0.486535 0.486535 0.486535 0.486535
 0.0780221 0.439981 0.439981 0.439981 0.439981
 0.0570533 0.321734 0.321734 0.321734 0.321734
 0.0436285 0.246029 0.246029 0.246029 0.246029
 0.0223275 0.125909 0.125909 0.125909 0.125909
 0.0242582 0.136796 0.136796 0.136796 0.136796
 0.0215965 0.121787 0.121787 0.121787 0.121787
 0.0237415 0.133883 0.133883 0.133883 0.133883
 0.0241895 0.136409 0.136409 0.136409 0.136409
 0.0310136 0.174892 0.174892 0.174892 0.174892
 0.0491735 0.277299 0.277299 0.277299 0.277299
Np
 33898.4 15821.9 18197.6 2576.75 993.536
YTP_r0W_actual
 39100.4 91418.2 37953.2 78939.6 53195.9
YTP_p0W_proyectada
 12055.9 242963 50011.9 18240.1 45372.9
 12055.9 73960 123660 22361.6 9568.19
CTP_r0_actual
 4768.35 4232.32 1208.7 1968.57 1195.41
CTP_p0_proyectada
 1470.23 11248.3 1592.73 454.866 1019.62
 1470.23 3424.08 3938.22 557.645 215.015
Wmedp
 8.2 21.6 31.4 40.1 44.5
nmprior
 10.8 10.6 4.6 0
nm_flota  nm_reclas  nm_pelaces    nm_pelaL
inf 11.3504 12.0784 32.7198
cv_recla  cv_pelaces  cv_mph
0.766879 0.387893 0.482542
 ------------------------------------------------
Talla a la edad & desviaci?n 
 7.2 14.2025 17.0495 18.207 18.6776
 1.08 2.13037 2.55742 2.73105 2.80164
