years
 1997 1998 1999 2000 2001 2002 2003 2004 2005 2006 2007 2008 2009 2010 2011 2012 2013 2014 2015 2016 2017 2018 2019 2020 2021 2022 2023
reclasobs
 0 0 0 370054 412103 1.49427e+06 250295 1.28982e+06 931140 785840 897777 1.04006e+06 184774 17550 25797 100020 73551 82996 120727 218422 84188 347160 605670 569463 516374 1.08416e+06 1.01767e+06
reclaspred
 512859 136868 349257 215794 292950 307793 635871 454866 774157 903562 792384 566157 309879 118541 98102.3 89686.4 66621.8 77728.8 112444 167020 254130 306399 602416 674872 748584 573920 514989
pelacesobs
 0 0 0 0 0 0 0 0 0 2.06254e+06 1.5e+06 0 1.87456e+06 323000 250000 174000 83755 137374 0 501740 490994 745055 786931 1.00524e+06 1.33801e+06 1.41789e+06 0
pelacespred
 2.13466e+06 397601 664125 609585 746906 524370 1.69226e+06 1.22274e+06 2.31372e+06 2.35937e+06 1.69254e+06 1.27341e+06 679062 238382 211935 178376 133011 174779 245753 342813 669981 693204 1.0896e+06 1.48148e+06 1.45507e+06 1.21558e+06 1.12813e+06
mphobs
 0 0 0 0 0 0 112323 0 153150 637223 0 255016 313432 73983 77613 109348 50772 17779 17303 59886 28197 0 207744 136588 643089 65757 70829
mphpred
 177910 102568 113640 105684 106003 148031 184586 234651 244769 399293 402044 280874 172913 105914 59477.2 58148.5 41430.9 37345.6 22744.2 34771.7 51010.8 73003.8 117778 166214 187042 149894 112150
desembarqueobs
 350755 77701 442110 56441 14545 235359 269955 359681 431902 328805 639364 411747 362871 311530 167758 66681 60226 58785 57116 73181 50977 67692 138656 160484 209506 203330 245020
desembarquepred
 350772 77708.9 442214 56450 14545.9 235635 270059 359618 431757 328862 639616 411803 363403 311872 167619 66732.2 60339.4 58787.8 57069.9 73202.4 50981.6 67672.2 138680 160499 209672 203464 245039
Reclutas
 38432.2 43154.9 21684.5 25490.7 37356.2 25487.4 58930.1 61814.8 144066 112644 63350.7 49860.8 34370.1 30502.9 18396.3 9250.15 5387.82 9918.56 17560 14856.7 28934.2 55131 56836.2 67231.7 17643.8 26796.6 76268.8
log_desv_Rt
 0.156652 0.272552 -0.415646 -0.253933 0.128253 -0.25406 0.584108 0.631898 1.47803 1.23199 0.656441 0.41699 0.0449419 -0.0744241 -0.580095 -1.26761 -1.8081 -1.19784 -0.626619 -0.793795 -0.12722 0.517468 0.547928 0.7159 -0.62186 -0.203969 0.84202
SSB
 411179 237052 262641 244254 244991 342125 411880 533700 549864 903163 929192 649148 414438 171768 99783.3 97274.4 74990.9 64334.7 89748.6 144627 199151 277205 459781 619234 766415 638160 447934
BT
 1.56061e+06 364129 630827 416416 448708 495085 1.19433e+06 1.11532e+06 1.76916e+06 1.69064e+06 1.55457e+06 1.11668e+06 746716 424017 260105 158435 130706 151163 191227 256321 437403 466571 725862 1.00191e+06 1.00614e+06 889013 880436
Ftot
 1.1734 0.982113 1.68371 0.374789 0.074302 0.900347 0.698463 1.3294 1.24444 0.578511 1.00442 0.894145 1.43427 3.60246 2.98157 1.01676 1.18267 1.25189 0.892906 0.636902 0.32143 0.340748 0.303068 0.319667 0.312239 0.380395 0.7083
BD_Bspro_t
 0.900509 0.629697 0.547345 0.358171 0.482501 0.621145 0.526503 0.556335 0.52981 0.597044 0.567756 0.409652 0.311472 0.178111 0.127488 0.148471 0.160654 0.188892 0.29671 0.462272 0.565006 0.700598 0.765114 0.761941 0.750776 0.657005 0.572839
BD_Bspro
 0.605842 0.349278 0.386982 0.359891 0.360976 0.504096 0.606875 0.786368 0.810184 1.33074 1.3691 0.956472 0.610644 0.253088 0.147023 0.143327 0.110494 0.0947925 0.132238 0.213097 0.293435 0.408441 0.677453 0.912395 1.12926 0.940282 0.659997
BD_Bo
 0.513059 0.295787 0.327717 0.304775 0.305693 0.426895 0.513934 0.665938 0.686106 1.12694 1.15942 0.809991 0.517126 0.214328 0.124507 0.121377 0.0935718 0.0802753 0.111986 0.180462 0.248496 0.345889 0.573703 0.772664 0.956313 0.79628 0.55892
BD_Brms
 0.932835 0.537795 0.595849 0.554136 0.555806 0.776172 0.934425 1.2108 1.24747 2.04899 2.10804 1.47271 0.940228 0.389687 0.226376 0.220685 0.170131 0.145955 0.203611 0.328113 0.451811 0.628889 1.0431 1.40484 1.73875 1.44778 1.01622
S_f
 0.0917463 0.657448 0.973309 0.998559 0.999924
 0.0917463 0.657448 0.973309 0.998559 0.999924
 0.0917463 0.657448 0.973309 0.998559 0.999924
 0.0917463 0.657448 0.973309 0.998559 0.999924
 0.0917463 0.657448 0.973309 0.998559 0.999924
 0.0917463 0.657448 0.973309 0.998559 0.999924
 0.0917463 0.657448 0.973309 0.998559 0.999924
 0.0917463 0.657448 0.973309 0.998559 0.999924
 0.0917463 0.657448 0.973309 0.998559 0.999924
 0.0917463 0.657448 0.973309 0.998559 0.999924
 0.0917463 0.657448 0.973309 0.998559 0.999924
 0.0917463 0.657448 0.973309 0.998559 0.999924
 0.0917463 0.657448 0.973309 0.998559 0.999924
 0.0917463 0.657448 0.973309 0.998559 0.999924
 0.0917463 0.657448 0.973309 0.998559 0.999924
 0.0917463 0.657448 0.973309 0.998559 0.999924
 0.0917463 0.657448 0.973309 0.998559 0.999924
 0.0917463 0.657448 0.973309 0.998559 0.999924
 0.0917463 0.657448 0.973309 0.998559 0.999924
 0.0917463 0.657448 0.973309 0.998559 0.999924
 0.0917463 0.657448 0.973309 0.998559 0.999924
 0.0917463 0.657448 0.973309 0.998559 0.999924
 0.0917463 0.657448 0.973309 0.998559 0.999924
 0.0917463 0.657448 0.973309 0.998559 0.999924
 0.0917463 0.657448 0.973309 0.998559 0.999924
 0.0917463 0.657448 0.973309 0.998559 0.999924
 0.0917463 0.657448 0.973309 0.998559 0.999924
Scru_reclas
 0.551402 0.86084 0.968878 0.993658 0.998733
 0.551402 0.86084 0.968878 0.993658 0.998733
 0.551402 0.86084 0.968878 0.993658 0.998733
 0.551402 0.86084 0.968878 0.993658 0.998733
 0.551402 0.86084 0.968878 0.993658 0.998733
 0.551402 0.86084 0.968878 0.993658 0.998733
 0.551402 0.86084 0.968878 0.993658 0.998733
 0.551402 0.86084 0.968878 0.993658 0.998733
 0.551402 0.86084 0.968878 0.993658 0.998733
 0.551402 0.86084 0.968878 0.993658 0.998733
 0.551402 0.86084 0.968878 0.993658 0.998733
 0.551402 0.86084 0.968878 0.993658 0.998733
 0.551402 0.86084 0.968878 0.993658 0.998733
 0.551402 0.86084 0.968878 0.993658 0.998733
 0.551402 0.86084 0.968878 0.993658 0.998733
 0.551402 0.86084 0.968878 0.993658 0.998733
 0.551402 0.86084 0.968878 0.993658 0.998733
 0.551402 0.86084 0.968878 0.993658 0.998733
 0.551402 0.86084 0.968878 0.993658 0.998733
 0.551402 0.86084 0.968878 0.993658 0.998733
 0.551402 0.86084 0.968878 0.993658 0.998733
 0.551402 0.86084 0.968878 0.993658 0.998733
 0.551402 0.86084 0.968878 0.993658 0.998733
 0.551402 0.86084 0.968878 0.993658 0.998733
 0.551402 0.86084 0.968878 0.993658 0.998733
 0.551402 0.86084 0.968878 0.993658 0.998733
 0.551402 0.86084 0.968878 0.993658 0.998733
Scru_pelaces
 0.950916 1 1 1 1
 0.950916 1 1 1 1
 0.950916 1 1 1 1
 0.950916 1 1 1 1
 0.950916 1 1 1 1
 0.950916 1 1 1 1
 0.950916 1 1 1 1
 0.950916 1 1 1 1
 0.950916 1 1 1 1
 0.950916 1 1 1 1
 0.950916 1 1 1 1
 0.950916 1 1 1 1
 0.950916 1 1 1 1
 0.950916 1 1 1 1
 0.950916 1 1 1 1
 0.950916 1 1 1 1
 0.950916 1 1 1 1
 0.950916 1 1 1 1
 0.950916 1 1 1 1
 0.950916 1 1 1 1
 0.950916 1 1 1 1
 0.950916 1 1 1 1
 0.950916 1 1 1 1
 0.950916 1 1 1 1
 0.950916 1 1 1 1
 0.950916 1 1 1 1
 0.950916 1 1 1 1
pf_obs 
 0.256992 0.487395 0.22802 0.0275931 0
 0.321318 0.546541 0.124235 0.00734118 0.000564706
 0.182869 0.594174 0.210203 0.0122559 0.00049798
 0.330522 0.361315 0.267642 0.0388342 0.00168674
 0.649043 0.306663 0.0425973 0.00169635 0
 0.582887 0.30429 0.105238 0.00758474 0
 0.465427 0.430635 0.0974691 0.00646863 0
 0.296916 0.608066 0.0921331 0.00288517 0
 0.311714 0.524322 0.152257 0.0117073 0
 0.15457 0.633149 0.183074 0.0267441 0.00246327
 0.131901 0.49318 0.331252 0.0422183 0.00144891
 0.196976 0.569456 0.194076 0.0375587 0.00193317
 0.518974 0.381816 0.0799577 0.0180837 0.00116848
 0.0928022 0.601141 0.25162 0.0475244 0.00691264
 0.122501 0.610282 0.24278 0.0234846 0.000952079
 0.383417 0.481906 0.127806 0.00687128 0
 0.0376549 0.599619 0.316969 0.0457579 0
 0.0361596 0.667082 0.258105 0.0386534 0
 0.158088 0.579412 0.248529 0.0139706 0
 0.0477256 0.309471 0.559284 0.082774 0.000745712
 0.0406174 0.521527 0.379366 0.0568643 0.0016247
 0.151134 0.462217 0.34131 0.0453401 0
 0.294876 0.26143 0.354403 0.0886775 0.000613685
 0.281977 0.475581 0.204845 0.0348837 0.00271318
 0.0841818 0.532909 0.334909 0.0458182 0.00218182
 0.115287 0.27431 0.454777 0.147771 0.00785563
 0 0 0 0 0
pf_pred 
 0.332714 0.456388 0.188693 0.0221909 1.34095e-05
 0.267156 0.604435 0.102734 0.0230769 0.00259894
 0.145859 0.649446 0.182952 0.0175361 0.00420709
 0.212469 0.503011 0.246936 0.0337804 0.0038038
 0.214997 0.495171 0.212464 0.0674104 0.00995662
 0.131091 0.549648 0.228991 0.0666291 0.0236411
 0.318337 0.381948 0.225025 0.0541629 0.020526
 0.25412 0.597308 0.101315 0.0357979 0.0114594
 0.43027 0.437224 0.117436 0.0104307 0.00463951
 0.197637 0.698305 0.0895674 0.0129076 0.00158226
 0.117281 0.556809 0.298633 0.0235882 0.00368935
 0.140054 0.468051 0.294861 0.0892136 0.00782081
 0.150094 0.516113 0.225961 0.0819131 0.0259197
 0.284771 0.498407 0.163952 0.0363632 0.0165066
 0.284945 0.660815 0.0483005 0.00459591 0.00134403
 0.170197 0.723012 0.103862 0.00263112 0.000297985
 0.129155 0.547479 0.298629 0.0240853 0.000651734
 0.31471 0.409713 0.208997 0.0616916 0.00488916
 0.361732 0.525502 0.0831936 0.0226717 0.0069014
 0.196175 0.652761 0.134521 0.0123297 0.00421438
 0.280441 0.446781 0.239036 0.0301589 0.00358269
 0.30035 0.501133 0.142193 0.0495338 0.00678984
 0.190015 0.590219 0.17512 0.0322465 0.0124
 0.179187 0.484825 0.270543 0.0524579 0.0129876
 0.0459722 0.560811 0.271381 0.0986624 0.0231742
 0.10401 0.215857 0.468072 0.147679 0.0643822
 0.324335 0.330831 0.11484 0.159793 0.0702005
pobs_RECLAS
 0 0 0 0 0
 0 0 0 0 0
 0 0 0 0 0
 0 0 0 0 0
 0.835266 0.146461 0.0176864 0.000547809 3.91292e-05
 0.385257 0.428462 0.181853 0.0044286 0
 0.867414 0.0963971 0.0333333 0.00285562 0
 0.441836 0.489002 0.0689373 0.000224442 0
 0.779404 0.147425 0.0564933 0.0165055 0.000172143
 0.814271 0.122319 0.05973 0.00367925 0
 0.40263 0.566651 0.0304383 0.000280538 0
 0.475488 0.404961 0.113038 0.00651328 0
 0.955842 0.0263864 0.0167828 0.000988607 0
 0.975058 0.0227948 0.00214734 0 0
 0.738997 0.206755 0.0527124 0.00153531 0
 0.850938 0.134255 0.0134407 0.00136685 0
 0.542534 0.407297 0.0501686 0 0
 0.764087 0.199537 0.0359546 0.000420521 0
 0.470689 0.182191 0.310203 0.0369168 0
 0.84361 0.089868 0.0606195 0.00523954 0.000663233
 0.607945 0.314616 0.071237 0.00620181 0
 0.523733 0.453247 0.0230204 0 0
 0.530135 0.295979 0.169645 0.0042399 0
 0.562478 0.366248 0.0663022 0.0049721 0
 0.250443 0.683176 0.0655157 0.000865301 0
 0.195077 0.31981 0.436473 0.0351445 0.0134964
 0.565238 0.351407 0.0832357 0.000118908 0
ppred_RECLAS
 0.727304 0.204364 0.0611682 0.00715985 4.34168e-06
 0.648257 0.304413 0.0378915 0.00848043 0.000958469
 0.483521 0.423433 0.0832275 0.00791359 0.00190485
 0.579816 0.2947 0.10892 0.0148824 0.001682
 0.58042 0.290501 0.0946228 0.0300075 0.00444868
 0.444758 0.389088 0.119252 0.0345861 0.0123156
 0.713734 0.180842 0.0791791 0.0190137 0.00723171
 0.640764 0.304969 0.0370621 0.0130217 0.00418279
 0.798541 0.165363 0.0320058 0.00282826 0.00126237
 0.545073 0.409363 0.0392278 0.00564262 0.000694219
 0.41579 0.409114 0.160485 0.0126286 0.00198221
 0.47013 0.327944 0.152038 0.0458532 0.00403406
 0.498096 0.343974 0.1071 0.0385807 0.0122497
 0.743653 0.20558 0.0386202 0.00834781 0.00379827
 0.705498 0.280386 0.0125959 0.00117557 0.000344713
 0.50642 0.445492 0.0467734 0.00118037 0.000134156
 0.446742 0.387657 0.152987 0.0122804 0.000333461
 0.717637 0.190288 0.0699119 0.0205304 0.00163272
 0.740129 0.224446 0.0261508 0.00710372 0.00217016
 0.547447 0.385992 0.0592798 0.00542208 0.00186004
 0.666357 0.228456 0.0921825 0.0116185 0.00138532
 0.682198 0.244742 0.052341 0.0182135 0.00250584
 0.538517 0.360257 0.0806602 0.0148382 0.00572693
 0.530038 0.308647 0.129901 0.0251618 0.00625261
 0.19939 0.52365 0.191163 0.0694288 0.016368
 0.399699 0.178043 0.290608 0.091578 0.0400718
 0.723676 0.155797 0.0401731 0.0557655 0.0245878
pobs_PELACES
 0 0 0 0 0
 0 0 0 0 0
 0 0 0 0 0
 0 0 0 0 0
 0 0 0 0 0
 0 0 0 0 0
 0 0 0 0 0
 0 0 0 0 0
 0 0 0 0 0
 0 0 0 0 0
 0.450072 0.473896 0.0757376 0.000293798 0
 0 0 0 0 0
 0.463077 0.371075 0.160297 0.00555027 0
 0.529543 0.364841 0.0842815 0.0213345 0
 0.631943 0.363953 0.00410389 0 0
 0.735681 0.248677 0.0153453 0.000297389 0
 0.695825 0.281241 0.0229344 0 0
 0.275771 0.60734 0.115278 0.00161068 0
 0 0 0 0 0
 0.896147 0.0623911 0.0374545 0.00400742 0
 0.803859 0.145111 0.0509908 3.86294e-05 0
 0.739449 0.233085 0.0266225 0.000797448 4.60066e-05
 0.878498 0.100942 0.0204185 0.000141795 0
 0.694673 0.275183 0.0284847 0.00165964 0
 0.469039 0.446079 0.0841089 0.000773354 0
 0.822795 0.102175 0.0682046 0.00682512 0
 0 0 0 0 0
ppred_PELACES
 0.839021 0.127565 0.0300185 0.00339276 2.04581e-06
 0.771637 0.203193 0.0202853 0.00439072 0.000493505
 0.666194 0.28699 0.0420517 0.00384441 0.000919972
 0.696892 0.222471 0.0702568 0.00933104 0.00104905
 0.684071 0.227451 0.0653167 0.0201847 0.00297712
 0.599322 0.298534 0.074013 0.0207739 0.00735671
 0.818746 0.122656 0.0443644 0.0103275 0.00390679
 0.778717 0.194787 0.0183108 0.00620392 0.00198149
 0.885479 0.0979106 0.0147891 0.00126113 0.000559719
 0.668357 0.303503 0.0243284 0.00339578 0.000415556
 0.575669 0.316311 0.0992864 0.00755454 0.00117921
 0.627263 0.249427 0.0935992 0.0273204 0.0023904
 0.675946 0.240573 0.0573107 0.0198911 0.00627944
 0.901564 0.0856925 0.00982541 0.00200958 0.000908241
 0.863229 0.132453 0.00387452 0.000343937 0.000100205
 0.652589 0.319845 0.0268364 0.000654782 7.40075e-05
 0.615169 0.28834 0.0893773 0.00692686 0.000187037
 0.837323 0.118388 0.0339179 0.00961118 0.000760035
 0.836955 0.144717 0.0136498 0.00358861 0.0010903
 0.674785 0.284557 0.0363345 0.00322334 0.00109983
 0.767323 0.166886 0.0578584 0.00709151 0.000841124
 0.778607 0.176561 0.0323784 0.0109548 0.00149929
 0.654347 0.278647 0.0537074 0.00960929 0.00368944
 0.651646 0.240799 0.0870939 0.0164056 0.00405542
 0.292283 0.487788 0.153149 0.0540942 0.0126862
 0.543391 0.151868 0.211682 0.064837 0.0282217
 0.828894 0.105316 0.0224108 0.0301549 0.013224
pobs_pel_tallas
 0 0 0 0 0 0 0 0 0 0 0 0 0 0 0 0 0 0 0 0 0 0 0 0 0 0 0 0 0 0 0 0 0 0 0 0
 0 0 0 0 0 0 0 0 0 0 0 0 0 0 0 0 0 0 0 0 0 0 0 0 0 0 0 0 0 0 0 0 0 0 0 0
 0 0 0 0 0 0 0 0 0 0 0 0 0 0 0 0 0 0 0 0 0 0 0 0 0 0 0 0 0 0 0 0 0 0 0 0
 0 0 0 0 0 0 0 0 0 0 0 0 0 0 0 0 0 0 0 0 0 0 0 0 0 0 0 0 0 0 0 0 0 0 0 0
 0 0 0 0 0 0 0 0 0 0 0 0 0 0 0 0 0 0 0 0 0 0 0 0 0 0 0 0 0 0 0 0 0 0 0 0
 0 0 0 0 0 0 0 0 0 0 0 0 0 0 0 0 0 0 0 0 0 0 0 0 0 0 0 0 0 0 0 0 0 0 0 0
 0 0 0 0 0 0 0 0 0 0 0 0 0 0 0 0 0 0 0 0 0 0 0 0 0 0 0 0 0 0 0 0 0 0 0 0
 0 0 0 0 0 0 0 0 0 0 0 0 0 0 0 0 0 0 0 0 0 0 0 0 0 0 0 0 0 0 0 0 0 0 0 0
 0 0 0 0 0 0 0 0 0 0 0 0 0 0 0 0 0 0 0 0 0 0 0 0 0 0 0 0 0 0 0 0 0 0 0 0
 0 0 0 0 0 0 0 0 0 0 0 0 0 0 0 0 0 0 0 0 0 0 0 0 0 0 0 0 0 0 0 0 0 0 0 0
 0 0 0 0 0 0 0 0 1.78061e-05 0.00172719 0.00360574 0.0105946 0.0120993 0.0124554 0.0147524 0.0171206 0.0266825 0.0428682 0.0675386 0.121331 0.153587 0.119568 0.100827 0.0573624 0.0630603 0.0341343 0.0324427 0.0444173 0.0211091 0.0280891 0.0125444 0.00206551 0 0 0 0
 0 0 0 0 0 0 0 0 0 0 0 0 0 0 0 0 0 0 0 0 0 0 0 0 0 0 0 0 0 0 0 0 0 0 0 0
 0 0 0 0 0 0 0.0133647 0.0140871 0.0187388 0.0205184 0.03894 0.0496705 0.03968 0.0493445 0.0407372 0.0367815 0.0215668 0.0243155 0.0234873 0.0199281 0.019796 0.0243948 0.0301388 0.0376714 0.0412746 0.0863199 0.0771752 0.113111 0.0741005 0.0525337 0.0229764 0.00759418 0.00175318 0 0 0
 0 0 0 0 0 0 0 0 0 0 0.00219441 0.00772107 0.0458388 0.0604681 0.0671733 0.0775358 0.0609151 0.0617685 0.073594 0.0568108 0.0755445 0.0548602 0.0670107 0.0636378 0.0643287 0.046367 0.0373049 0.0286899 0.0247887 0.0153202 0.00654259 0.00121912 0.000365735 0 0 0
 0 0 0 0 0 0 0 0 0 0 0 0 0.000112435 0.00938835 0.0111873 0.0202946 0.0414886 0.0713402 0.111592 0.104902 0.108894 0.110636 0.117776 0.105296 0.107544 0.0401394 0.0192827 0.0124803 0.00416011 0.0028671 0.000618394 0 0 0 0 0
 0 0 0 0 0 0 0 0 0 0 0.00291406 0.0102884 0.027416 0.0768956 0.0749926 0.110853 0.0956884 0.0897413 0.0766577 0.0534642 0.0500743 0.0551293 0.0594112 0.0620874 0.0668451 0.0424026 0.0208742 0.0120726 0.0048766 0.00582813 0.00118941 0.000297354 0 0 0 0
 0 0.00264628 0.0354308 0.0461629 0.0458689 0.0383711 0.0214643 0.0164657 0.0346957 0.0420465 0.0363128 0.0245516 0.0311673 0.0291091 0.0169068 0.0133784 0.00837989 0.0085269 0.0148486 0.0160247 0.0276389 0.0546898 0.0760071 0.122758 0.109233 0.0665981 0.0333725 0.0166128 0.00676272 0.00308733 0.000882094 0 0 0 0 0
 0 0 0 0 0 0 0 0.000805153 0.000690131 0.00759144 0.0133425 0.0154129 0.00931677 0.000345066 0.00356568 0.00563607 0.00851162 0.0253048 0.0502646 0.0516448 0.0657925 0.0565908 0.0611916 0.0827007 0.0866115 0.110766 0.145733 0.0935128 0.0569358 0.0249597 0.0138026 0.00621118 0.00161031 0.00115022 0 0
 0 0 0 0 0 0 0 0 0 0 0 0 0 0 0 0 0 0 0 0 0 0 0 0 0 0 0 0 0 0 0 0 0 0 0 0
 0.00147267 0.00158595 0.00478618 0.00569244 0.00954404 0.0108468 0.00647125 0.017049 0.0510054 0.094081 0.124002 0.0959785 0.0687766 0.0820023 0.061753 0.0591476 0.0492212 0.0479892 0.0443925 0.0268479 0.0217502 0.0140895 0.0121071 0.0120363 0.00920419 0.00665534 0.0049561 0.00860946 0.00930331 0.0156896 0.0114698 0.00855282 0.00243557 0.00046729 0 2.83206e-05
 0 0 0 0 0.000772559 0.00158375 0.000888443 0.00281984 0.00712685 0.0440552 0.0773331 0.111326 0.0921469 0.0852325 0.0710754 0.0886704 0.0786465 0.0553345 0.0373146 0.0185414 0.00753245 0.00457741 0.012979 0.0271748 0.0457355 0.0583668 0.034881 0.0177882 0.00938659 0.00492506 0.0015258 0.00185414 0.000309023 5.79419e-05 3.86279e-05 0
 0 0.00173294 0.00326652 0 0.00397197 0.00683976 0.00946217 0.0152591 0.00757587 0.0136028 0.0228656 0.0392903 0.0559909 0.0764795 0.0681675 0.0726916 0.0566044 0.0477403 0.0527397 0.0444891 0.0609904 0.0582453 0.0661739 0.0445044 0.0529084 0.0360697 0.0280645 0.0235558 0.0158879 0.00826598 0.00280645 0.00217768 0.000904811 0.00058276 9.20147e-05 0
 0 0 0 0 0 0 0 0 0 0 0 0 0 0 0 0 0 0 0 0 0 0 0 0 0 0 0 0 0 0 0 0 0 0 0 0
 0 0 0 0 0 0 0 0 0 0 0 0 0 0 0 0 0 0 0 0 0 0 0 0 0 0 0 0 0 0 0 0 0 0 0 0
 0 0 0 0 0 0 0 0 0 0 0 0 0 0 0 0 0 0 0 0 0 0 0 0 0 0 0 0 0 0 0 0 0 0 0 0
 0 0 0 0 0 0 0 0 0 0 0 0 0 0 0 0 0 0 0 0 0 0 0 0 0 0 0 0 0 0 0 0 0 0 0 0
 0 0 0 0 0 0 0 0 0 0 0 0 0 0 0 0 0 0 0 0 0 0 0 0 0 0 0 0 0 0 0 0 0 0 0 0
ppred_pel_tallas
 1.00585e-16 3.66031e-05 0.000214842 0.00102129 0.00393204 0.0122617 0.0309721 0.0633725 0.105045 0.141066 0.153491 0.135351 0.0968027 0.0563208 0.0270079 0.0113409 0.00529273 0.00413328 0.00496845 0.00654139 0.00836645 0.0101847 0.0117764 0.0129429 0.0135387 0.0135028 0.0128714 0.0117636 0.0103494 0.00880787 0.00729189 0.005907 0.0047075 0.00370552 0.00288649 0.00222419
 1.00529e-16 3.36679e-05 0.000197603 0.000939313 0.0036164 0.0112774 0.0284859 0.0582861 0.0966163 0.129755 0.141204 0.124564 0.0891919 0.0521034 0.0253797 0.0113355 0.00630182 0.00595139 0.00761975 0.0101109 0.0128956 0.015616 0.0179319 0.0195328 0.0201977 0.0198463 0.0185583 0.0165485 0.0141116 0.0115524 0.00912577 0.00700119 0.00525611 0.00389214 0.00286281 0.00210129
 1.00866e-16 2.90735e-05 0.000170622 0.000811025 0.00312243 0.00973697 0.024595 0.0503256 0.0834242 0.112048 0.121962 0.107654 0.0772247 0.0453964 0.0226429 0.0110135 0.0073908 0.00807453 0.0107682 0.0143951 0.0183982 0.0223181 0.0256826 0.0280518 0.0291086 0.0287323 0.0270252 0.0242802 0.0209035 0.0173181 0.0138805 0.0108307 0.0082835 0.00625003 0.00467538 0.00347609
 1.0144e-16 3.04096e-05 0.000178471 0.000848355 0.00326618 0.0101853 0.0257272 0.0526419 0.0872617 0.117196 0.127548 0.112542 0.0806406 0.0472222 0.0232167 0.0107371 0.0064943 0.00660136 0.00866396 0.0115983 0.0149022 0.0182083 0.0211493 0.0233787 0.0246363 0.0248043 0.0239297 0.0222023 0.0198997 0.0173186 0.0147148 0.0122687 0.0100788 0.00817678 0.00655284 0.00517906
 1.01835e-16 2.98507e-05 0.00017519 0.000832753 0.00320611 0.00999793 0.0252541 0.0516738 0.0856571 0.115042 0.125205 0.110481 0.0791753 0.0463875 0.0228499 0.010641 0.00653646 0.00672423 0.00885506 0.0118625 0.0152472 0.018638 0.0216623 0.0239683 0.0252924 0.0255162 0.0246884 0.0230021 0.0207377 0.0181931 0.0156226 0.0132023 0.0110249 0.00911664 0.00746368 0.00603714
 1.02206e-16 2.61581e-05 0.000153505 0.000729646 0.0028091 0.00875984 0.0221268 0.0452758 0.0750545 0.100811 0.109742 0.096893 0.0695624 0.0410072 0.0206683 0.010412 0.00745779 0.00849752 0.0114764 0.0154209 0.0198049 0.02417 0.0280324 0.0309328 0.0325303 0.0326771 0.0314482 0.029109 0.0260399 0.0226419 0.0192552 0.0161126 0.0133322 0.0109401 0.00890713 0.00718269
 1.01208e-16 3.57188e-05 0.000209651 0.000996607 0.00383702 0.0119654 0.0302237 0.0618411 0.102507 0.137657 0.149783 0.132081 0.0944649 0.0549628 0.0263612 0.0110789 0.00518796 0.00407643 0.00492514 0.00651411 0.00837686 0.010268 0.0119786 0.0133167 0.0141366 0.0143688 0.0140321 0.0132217 0.0120802 0.0107605 0.00939469 0.00807604 0.00685641 0.00575488 0.00477132 0.00389853
 1.0063e-16 3.39763e-05 0.000199414 0.000947924 0.00364956 0.0113808 0.0287471 0.0588204 0.0975017 0.130943 0.142495 0.125696 0.0899903 0.0525442 0.0255467 0.0113291 0.00618465 0.00574328 0.00731629 0.00970145 0.0123745 0.0149889 0.0172185 0.0187662 0.0194205 0.0191048 0.0178953 0.015997 0.0136912 0.0112681 0.00896972 0.00695608 0.00529922 0.00399912 0.00301047 0.00226945
 1.00312e-16 3.86277e-05 0.000226731 0.00107781 0.00414969 0.0129405 0.0326865 0.0668801 0.110858 0.148869 0.161972 0.142808 0.102088 0.059299 0.0282542 0.0115502 0.00491839 0.00335351 0.00379762 0.00493628 0.0062876 0.00762611 0.00877808 0.0095916 0.00995812 0.00983613 0.00926017 0.00832971 0.00718281 0.00596338 0.00479263 0.00375235 0.0028817 0.00218465 0.00164281 0.00122812
 1.00581e-16 2.91685e-05 0.000171178 0.000813665 0.00313259 0.00976865 0.024675 0.0504895 0.0836963 0.112415 0.122364 0.108016 0.0775009 0.0455912 0.0227997 0.0111872 0.00762998 0.00841663 0.0112388 0.0150048 0.0191368 0.0231492 0.0265425 0.0288547 0.029758 0.029137 0.0271165 0.0240247 0.0203094 0.0164327 0.0127805 0.00960857 0.00703208 0.00505018 0.0035879 0.00253853
 1.01828e-16 2.51276e-05 0.000147453 0.000700868 0.00269829 0.00841428 0.021254 0.04349 0.0720952 0.096839 0.105425 0.0931 0.0668785 0.039504 0.0200572 0.0103453 0.00771252 0.00899278 0.0122155 0.0164357 0.0211225 0.0257953 0.0299389 0.0330612 0.0347925 0.0349669 0.0336539 0.0311272 0.0277865 0.0240588 0.0203128 0.016809 0.0136899 0.0110012 0.00872721 0.00682503
 1.02461e-16 2.73746e-05 0.000160651 0.000763628 0.00293995 0.00916792 0.0231575 0.0473843 0.0785481 0.105498 0.114829 0.101351 0.0726882 0.0427001 0.0212454 0.0102516 0.00678473 0.00736817 0.00985601 0.0132619 0.0170984 0.0209761 0.0244899 0.0272516 0.0289636 0.0294818 0.0288404 0.027229 0.024933 0.0222604 0.0194778 0.0167748 0.0142587 0.011972 0.00991895 0.00808988
 1.01869e-16 2.94969e-05 0.000173112 0.000822871 0.00316806 0.00987927 0.0249543 0.0510606 0.0846411 0.113679 0.123725 0.109184 0.0782639 0.0458907 0.0226742 0.0106743 0.00671098 0.00702069 0.00928073 0.012429 0.0159561 0.0194728 0.0225861 0.0249263 0.0262192 0.0263468 0.0253699 0.0235025 0.0210508 0.0183368 0.0156326 0.0131236 0.0109028 0.00898902 0.00735734 0.00596653
 1.0028e-16 3.93286e-05 0.000230847 0.00109738 0.00422505 0.0131755 0.0332801 0.0680945 0.11287 0.15157 0.164908 0.145388 0.103914 0.0603236 0.0286744 0.0116036 0.00475892 0.00303923 0.00333028 0.00429899 0.005467 0.00662353 0.00761428 0.00830658 0.00860659 0.00847967 0.00795812 0.00713106 0.00612111 0.00505531 0.00403997 0.00314586 0.00240555 0.00182025 0.00137137 0.00103208
 1.00115e-16 3.76588e-05 0.00022104 0.00105075 0.00404548 0.0126155 0.0318657 0.0652008 0.108075 0.145136 0.157919 0.139254 0.099591 0.0579367 0.0277701 0.0116371 0.0053906 0.00415909 0.00495835 0.00648755 0.00823913 0.0099401 0.011361 0.0122996 0.0126152 0.0122617 0.0112993 0.00987808 0.00820001 0.00647245 0.00486746 0.00349771 0.00241176 0.00160513 0.00103923 0.000660899
 1.00512e-16 2.84816e-05 0.000167144 0.000794484 0.00305873 0.00953832 0.0240932 0.0492992 0.0817239 0.109768 0.119489 0.105491 0.0757182 0.0446009 0.0224127 0.0111761 0.00785102 0.00882043 0.0118303 0.0158043 0.0201559 0.0243784 0.0279458 0.0303708 0.0313074 0.0306339 0.0284821 0.0251986 0.0212565 0.0171447 0.013272 0.00991006 0.00718215 0.00508868 0.00355113 0.00245666
 1.0161e-16 2.68488e-05 0.00015756 0.000748927 0.00288334 0.00899136 0.0227116 0.0464722 0.0770373 0.103473 0.112635 0.0994375 0.0713674 0.0420276 0.021102 0.0104984 0.00735563 0.008273 0.0111414 0.0149691 0.0192314 0.0234804 0.0272446 0.0300751 0.0316353 0.0317747 0.0305578 0.0282353 0.0251731 0.0217618 0.0183388 0.0151421 0.0123017 0.00985906 0.00779898 0.00608116
 1.00886e-16 3.65287e-05 0.000214406 0.00101921 0.00392407 0.0122369 0.0309093 0.063244 0.104832 0.140779 0.153177 0.135069 0.0965915 0.0561783 0.026903 0.0112346 0.00515142 0.00393211 0.00469054 0.00617867 0.0079227 0.00967873 0.0112432 0.0124315 0.0131063 0.0132061 0.0127569 0.01186 0.0106627 0.00932134 0.00796964 0.00670049 0.00556302 0.0045712 0.00371773 0.00298691
 1.00416e-16 3.65137e-05 0.000214315 0.00101878 0.00392238 0.0122316 0.030896 0.063217 0.104788 0.140722 0.153121 0.135033 0.096594 0.0562376 0.0270389 0.0114751 0.0055336 0.00449818 0.00547804 0.00720782 0.0091831 0.0111191 0.0127684 0.0139091 0.0143841 0.0141367 0.0132238 0.0117986 0.0100709 0.00825743 0.00653903 0.00503558 0.00380132 0.00283652 0.00210742 0.00156609
 1.00771e-16 2.94481e-05 0.000172821 0.00082148 0.00316269 0.0098625 0.024912 0.0509744 0.0844995 0.113492 0.123532 0.109035 0.0782072 0.0459567 0.0228902 0.0110801 0.00736528 0.00799477 0.0106411 0.0142148 0.0181559 0.0220066 0.025298 0.0275949 0.0285849 0.0281515 0.0264007 0.023628 0.020241 0.0166633 0.0132505 0.0102413 0.00774784 0.00577764 0.00427168 0.00314217
 1.01159e-16 3.34784e-05 0.000196493 0.000934046 0.00359613 0.0112142 0.0283262 0.0579591 0.0960734 0.129023 0.1404 0.123838 0.0886352 0.0517039 0.0250479 0.0109575 0.00577545 0.00519622 0.00657978 0.00876242 0.0112603 0.0137729 0.0160202 0.017741 0.0187379 0.0189194 0.0183167 0.0170673 0.0153752 0.0134591 0.0115088 0.00965919 0.00798593 0.00651605 0.00524649 0.00416099
 1.00964e-16 3.39708e-05 0.000199383 0.000947782 0.00364902 0.0113791 0.0287428 0.0588115 0.0974865 0.130921 0.142467 0.125663 0.0899465 0.052479 0.0254414 0.0111587 0.0059194 0.00535215 0.00677278 0.00899166 0.0115059 0.0139975 0.0161708 0.0177543 0.0185501 0.0184785 0.0175938 0.0160651 0.01413 0.0120365 0.00999374 0.00814296 0.00655257 0.00523205 0.00415459 0.00327894
 1.01356e-16 2.85566e-05 0.000167588 0.000796603 0.00306691 0.00956381 0.0241576 0.0494306 0.0819406 0.110056 0.119793 0.105738 0.0758492 0.0445852 0.022234 0.0108087 0.00724866 0.00792165 0.0105762 0.0141609 0.0181362 0.0220592 0.0254734 0.0279509 0.0291788 0.029031 0.0275936 0.0251352 0.022033 0.0186822 0.0154167 0.0124631 0.00993299 0.00784335 0.00615251 0.00479431
 1.02069e-16 2.84374e-05 0.000166891 0.000793299 0.0030542 0.00952419 0.0240574 0.0492255 0.0815996 0.109595 0.119283 0.105271 0.0754747 0.0442867 0.021941 0.0104304 0.00669699 0.00712055 0.00946814 0.0127188 0.016379 0.0200655 0.0233851 0.0259622 0.0275112 0.0278967 0.0271576 0.0254848 0.0231628 0.020498 0.0177555 0.0151238 0.0127085 0.0105491 0.00864502 0.00697958
 1.04785e-16 1.27776e-05 7.49317e-05 0.000356061 0.00137063 0.004274 0.0107962 0.022094 0.0366363 0.0492411 0.0536883 0.047605 0.0346185 0.0212969 0.0123818 0.00894642 0.00979929 0.0134504 0.0189267 0.0256383 0.0330417 0.0404697 0.0471496 0.0523304 0.0554425 0.0562217 0.0547566 0.0514407 0.0468529 0.0416093 0.0362366 0.0310999 0.0263941 0.0221795 0.0184388 0.0151283
 1.06601e-16 2.37136e-05 0.000139166 0.000661506 0.00254679 0.00794188 0.0200606 0.041047 0.0680415 0.0913826 0.099455 0.0877565 0.0628853 0.0368361 0.0181372 0.00844785 0.00522378 0.00546747 0.00736043 0.0101211 0.013432 0.0170796 0.0208335 0.0244425 0.0276679 0.0303175 0.0322651 0.0334494 0.0338606 0.0335205 0.0324703 0.0307673 0.0284907 0.0257482 0.0226781 0.0194413
 1.02007e-16 3.61606e-05 0.000212246 0.00100895 0.00388455 0.0121137 0.030598 0.0626069 0.103775 0.13936 0.15163 0.133699 0.0955975 0.0555724 0.026561 0.011003 0.00491317 0.00361615 0.00425742 0.00561023 0.00722127 0.008871 0.0103831 0.0115988 0.0123994 0.0127303 0.0126097 0.0121172 0.0113672 0.0104775 0.00954316 0.00862308 0.00774128 0.00689731 0.00608084 0.00528372
pSPR Fmed_Fpbrs
0.525265   0.6 0.325
Fs Fmed_Fpbrs
0.64   0.463667 1.61666
SSBpbr Bo_Bmed_Bpbrs
801427  380890  440785 220392
Ro
32859.6
SPR SPRFo_SPRFmed_SPRFpbrs
678690 356492 220574
log_Ro
10.22
likeval ReclasPelacesDesembMPH_pf_preclas_ppelaces_ptallas_desvR_qrecl_qpela
 74.2955 11.0543 0.0603851 127.475 340.887 220.945 58.4695 0 21.3561 2.23551e-07 6.45667e-05 1.56193e-14 0 0 0
q_reclas_q_pelaces
0.935196 3.13675
M
0.7
N
 38432.2 9639.87 3085.51 357.414 0.215804
 43154.9 17137 2213.24 489.015 55.0251
 21684.5 19583.6 4461.81 422.553 101.31
 25490.7 9226.91 3214.72 430.324 48.4002
 37356.2 12230.4 3581.28 1108.44 163.502
 25487.4 18424.5 5783.89 1654.34 586.453
 58930.1 11653.2 5061.94 1195.73 452.693
 61814.8 27447.4 3656.03 1273.7 407.426
 144066 27171.7 5687.42 497.806 221.25
 112644 63822.2 5953.74 841.163 103.004
 63350.7 53045.8 21666.3 1683.63 263.102
 49860.8 28689.6 13610 4047.71 354.515
 34370.1 22810 7914.37 2830.7 895.079
 30502.9 14963.3 4411.63 973.064 441.581
 18396.3 10884.2 695.701 65.7387 19.2177
 9250.15 6949.03 761.156 18.9714 2.14674
 5387.82 4184.37 1768.5 140.501 3.79884
 9918.56 2400.4 954.865 277.769 21.9966
 17560 4390.98 523.396 140.203 42.6399
 14856.7 8034.18 1212.29 108.991 37.2156
 28934.2 6958.87 2624.72 323.878 38.4291
 55131 13950.8 2797.41 953.252 130.514
 56836.2 26534.6 5537.32 997.045 382.942
 67231.7 27450 10796.3 2047.32 506.277
 17643.8 32421.3 11047.5 3927.74 921.466
 26796.6 8514.22 13112.1 4048.31 1762.87
 76268.8 12850.4 3292.5 4496.48 1973.44
pred_Ctot
 2838.51 3893.62 1609.82 189.319 0.114402
 2688.12 6081.83 1033.71 232.2 26.1505
 2252.12 10027.7 2824.85 270.763 64.959
 620.872 1469.89 721.591 98.7124 11.1154
 182.587 420.526 180.436 57.2486 8.45569
 1460.2 6122.4 2550.68 742.166 263.333
 2640.37 3167.97 1866.42 449.24 170.247
 5140.53 12082.8 2049.48 724.149 231.81
 11252.8 11434.6 3071.28 272.792 121.336
 4200.43 14841.2 1903.59 274.328 33.6281
 4032.15 19143.2 10267.1 810.97 126.841
 2837.59 9483.05 5974.09 1807.53 158.455
 3070.89 10559.6 4623.11 1675.92 530.311
 6292.24 11012.7 3622.66 803.475 364.727
 3216.46 7459.28 545.216 51.8786 15.1714
 595.697 2530.58 363.522 9.20906 1.04296
 400.926 1699.49 927.007 74.7659 2.02312
 779.128 1014.33 517.413 152.73 12.1041
 998.011 1449.85 229.529 62.5507 19.0408
 608.486 2024.71 417.251 38.2439 13.072
 605.713 964.985 516.285 65.1391 7.73812
 1222.53 2039.79 578.776 201.62 27.637
 1122.68 3487.23 1034.67 190.525 73.2635
 1399.82 3787.48 2113.5 409.804 101.46
 358.929 4378.54 2118.81 770.309 180.933
 662.295 1374.5 2980.51 940.362 409.962
 3464 3533.37 1226.53 1706.63 749.762
F
 0.107655 0.771449 1.14208 1.17171 1.17331
 0.0901052 0.645688 0.955899 0.980697 0.982038
 0.154474 1.10695 1.63877 1.68128 1.68358
 0.0343855 0.246404 0.364785 0.374249 0.37476
 0.00681693 0.0488497 0.0723188 0.0741949 0.0742963
 0.0826036 0.591932 0.876316 0.89905 0.900279
 0.0640814 0.459203 0.67982 0.697456 0.69841
 0.121968 0.874015 1.29392 1.32749 1.3293
 0.114173 0.818155 1.21123 1.24265 1.24435
 0.0530762 0.380341 0.56307 0.577677 0.578467
 0.0921515 0.660352 0.977608 1.00297 1.00434
 0.0820345 0.587854 0.870279 0.892856 0.894077
 0.131589 0.942956 1.39599 1.4322 1.43416
 0.330513 2.36843 3.50631 3.59727 3.60219
 0.273548 1.96023 2.90199 2.97727 2.98134
 0.0932842 0.668468 0.989624 1.0153 1.01668
 0.108505 0.777541 1.1511 1.18096 1.18258
 0.114856 0.823052 1.21847 1.25008 1.25179
 0.0819208 0.587039 0.869073 0.891619 0.892838
 0.0584334 0.41873 0.619902 0.635984 0.636854
 0.02949 0.211323 0.312851 0.320967 0.321405
 0.0312623 0.224024 0.331653 0.340257 0.340722
 0.0278054 0.199252 0.294979 0.302631 0.303045
 0.0293282 0.210164 0.311134 0.319206 0.319642
 0.0286467 0.205281 0.303905 0.311789 0.312215
 0.0348998 0.25009 0.370242 0.379847 0.380366
 0.0649839 0.465671 0.689395 0.707279 0.708246
Np
 23060.2 10974.4 12993.4 1266.7 336.578
YTP_r0W_actual
 18777.9 53377.8 27710.1 49346.9 24060.8
YTP_p0W_proyectada
 5677.57 147422 33712 9005.48 16703.4
 5677.57 45585.3 109354 13901.5 4103.65
CTP_r0_actual
 2289.99 2471.19 882.488 1230.6 540.691
CTP_p0_proyectada
 692.386 6825.09 1073.63 224.576 375.356
 692.386 2110.43 3482.62 346.67 92.2169
Wmedp
 8.2 21.6 31.4 40.1 44.5
nmprior
 10.8 10.6 4.6 0
nm_flota  nm_reclas  nm_pelaces    nm_pelaL
inf 14.6455 11.14 29.2173
cv_recla  cv_pelaces  cv_mph
0.746469 0.364213 0.452626
 ------------------------------------------------
Talla a la edad & desviaci?n 
 7.2 14.2025 17.0495 18.207 18.6776
 1.08 2.13037 2.55742 2.73105 2.80164
