years
 1997 1998 1999 2000 2001 2002 2003 2004 2005 2006 2007 2008 2009 2010 2011 2012 2013 2014 2015 2016 2017 2018 2019 2020 2021 2022 2023
reclasobs
 0 0 0 370054 412103 1.49427e+06 250295 1.28982e+06 931140 785840 897777 1.04006e+06 184774 17550 25797 100020 73551 82996 120727 218422 84188 347160 605670 569463 516374 1.08416e+06 1.01767e+06
reclaspred
 7.05631e+06 1.18126e+06 1.38602e+06 235925 228322 308692 576052 476265 618990 1.07595e+06 1.07731e+06 713164 455804 139595 102162 124960 96440 74373.2 96979.5 146330 185611 244501 543223 626965 940629 653358 212074
pelacesobs
 0 0 0 0 0 0 0 0 0 2.06254e+06 1.5e+06 0 1.87456e+06 323000 250000 174000 83755 137374 0 501740 490994 745055 786931 1.00524e+06 1.33801e+06 1.41789e+06 0
pelacespred
 1.04143e+07 4.44674e+06 944123 381435 650481 429947 1.95437e+06 1.16283e+06 1.98821e+06 2.92708e+06 1.97638e+06 1.59294e+06 1.00802e+06 289149 226416 241068 168708 150397 204207 250439 468423 523972 858858 1.28041e+06 1.56437e+06 1.04583e+06 212725
mphobs
 0 0 0 0 0 0 112323 0 153150 637223 0 255016 313432 73983 77613 109348 50772 17779 17303 59886 28197 0 207744 136588 643089 65757 70829
mphpred
 1.38765e+06 580629 229550 72996.6 44483.6 144570 154183 280509 225340 423942 463424 274334 216833 119277 63551.9 60261.6 40103 30938.9 28409.6 40322 44347.1 72757.2 116925 155710 227618 130168 90616.4
desembarqueobs
 350755 77701 442110 56441 14545 235359 269955 359681 431902 328805 639364 411747 362871 311530 167758 66681 60226 58785 57116 73181 50977 67692 138656 160484 209506 203330 245020
desembarquepred
 350744 77677.8 441489 56404 14541.8 235130 269724 358776 430941 328614 638192 410854 362372 310374 167275 66657.9 60218.4 58627.4 56944.3 73119.4 50943.1 67583.5 138619 160358 209525 203120 244435
Reclutas
 6920.43 9656.68 1168.68 3682.21 38079 9897.06 63513.7 36737 105005 103069 50325.9 68730.9 45648.8 30486.3 15591.8 8550.12 4802.84 6692.5 11678.8 5745.26 15902.6 27557.6 25120.9 54452.1 4245.96 28756.5 1159.65
log_desv_Rt
 -0.837767 -0.504595 -2.61637 -1.46873 0.867418 -0.480007 1.37901 0.83154 1.88177 1.86315 1.14627 1.45795 1.04873 0.645034 -0.0255012 -0.6263 -1.20304 -0.871257 -0.314469 -1.02387 -0.0057593 0.544033 0.451455 1.22508 -1.32628 0.586618 -2.62413
SSB
 1.69895e+06 710890 281048 89372.9 54463.2 177003 179545 335733 263579 504752 567391 335879 278628 121687 68457.9 63874.1 47301.1 35263 42545.3 65425.4 65185.2 102508 171352 213280 354078 222804 143333
BT
 2.13413e+06 846337 398940 136368 238327 277699 987884 736339 1.17009e+06 1.19652e+06 1.09123e+06 893310 666186 383626 217529 119759 96801.4 99120.7 113004 118871 195309 200240 296689 494874 459004 441407 232917
Ftot
 0.162184 0.280976 1.28536 1.04688 0.325811 1.79839 2.05873 2.03973 2.76388 0.9525 1.64706 1.88278 2.23309 4.95303 4.09701 1.41633 1.75821 2.43736 1.84628 1.32662 1.00331 0.884348 0.744931 0.897355 0.622663 1.19337 2.52021
BD_Bspro_t
 0.976978 0.832177 0.567033 0.186697 0.22379 0.526087 0.355787 0.435426 0.339347 0.44665 0.433287 0.258111 0.226782 0.124117 0.0835171 0.0940647 0.0989746 0.10574 0.158508 0.269973 0.292751 0.457215 0.541474 0.519261 0.574759 0.385061 0.28172
BD_Bspro
 5.14283 2.1519 0.850747 0.270537 0.164863 0.535799 0.543491 1.01628 0.797869 1.52791 1.71752 1.01673 0.843421 0.368355 0.207226 0.19335 0.143183 0.106743 0.128787 0.198046 0.197319 0.310299 0.518691 0.645609 1.07182 0.67444 0.433878
BD_Bo
 2.8449 1.19038 0.470613 0.149655 0.0911986 0.296392 0.300647 0.562185 0.441363 0.845205 0.950094 0.562429 0.466561 0.203765 0.114633 0.106957 0.0792055 0.0590478 0.071242 0.109555 0.109152 0.17165 0.286928 0.357136 0.592903 0.373084 0.240011
BD_Brms
 5.17254 2.16433 0.855661 0.2721 0.165816 0.538894 0.546631 1.02215 0.802478 1.53674 1.72744 1.0226 0.848293 0.370482 0.208423 0.194467 0.14401 0.10736 0.129531 0.19919 0.198459 0.312091 0.521687 0.649338 1.07801 0.678335 0.436384
S_f
 0.087128 0.836927 0.996389 0.999933 0.999999
 0.087128 0.836927 0.996389 0.999933 0.999999
 0.087128 0.836927 0.996389 0.999933 0.999999
 0.087128 0.836927 0.996389 0.999933 0.999999
 0.087128 0.836927 0.996389 0.999933 0.999999
 0.087128 0.836927 0.996389 0.999933 0.999999
 0.087128 0.836927 0.996389 0.999933 0.999999
 0.087128 0.836927 0.996389 0.999933 0.999999
 0.087128 0.836927 0.996389 0.999933 0.999999
 0.087128 0.836927 0.996389 0.999933 0.999999
 0.087128 0.836927 0.996389 0.999933 0.999999
 0.087128 0.836927 0.996389 0.999933 0.999999
 0.087128 0.836927 0.996389 0.999933 0.999999
 0.087128 0.836927 0.996389 0.999933 0.999999
 0.087128 0.836927 0.996389 0.999933 0.999999
 0.087128 0.836927 0.996389 0.999933 0.999999
 0.087128 0.836927 0.996389 0.999933 0.999999
 0.087128 0.836927 0.996389 0.999933 0.999999
 0.087128 0.836927 0.996389 0.999933 0.999999
 0.087128 0.836927 0.996389 0.999933 0.999999
 0.087128 0.836927 0.996389 0.999933 0.999999
 0.087128 0.836927 0.996389 0.999933 0.999999
 0.087128 0.836927 0.996389 0.999933 0.999999
 0.087128 0.836927 0.996389 0.999933 0.999999
 0.087128 0.836927 0.996389 0.999933 0.999999
 0.087128 0.836927 0.996389 0.999933 0.999999
 0.087128 0.836927 0.996389 0.999933 0.999999
Scru_reclas
 0.117199 0.400523 0.770769 0.944202 0.988394
 0.117199 0.400523 0.770769 0.944202 0.988394
 0.117199 0.400523 0.770769 0.944202 0.988394
 0.117199 0.400523 0.770769 0.944202 0.988394
 0.117199 0.400523 0.770769 0.944202 0.988394
 0.117199 0.400523 0.770769 0.944202 0.988394
 0.117199 0.400523 0.770769 0.944202 0.988394
 0.117199 0.400523 0.770769 0.944202 0.988394
 0.117199 0.400523 0.770769 0.944202 0.988394
 0.117199 0.400523 0.770769 0.944202 0.988394
 0.117199 0.400523 0.770769 0.944202 0.988394
 0.117199 0.400523 0.770769 0.944202 0.988394
 0.117199 0.400523 0.770769 0.944202 0.988394
 0.117199 0.400523 0.770769 0.944202 0.988394
 0.117199 0.400523 0.770769 0.944202 0.988394
 0.117199 0.400523 0.770769 0.944202 0.988394
 0.117199 0.400523 0.770769 0.944202 0.988394
 0.117199 0.400523 0.770769 0.944202 0.988394
 0.117199 0.400523 0.770769 0.944202 0.988394
 0.117199 0.400523 0.770769 0.944202 0.988394
 0.117199 0.400523 0.770769 0.944202 0.988394
 0.117199 0.400523 0.770769 0.944202 0.988394
 0.117199 0.400523 0.770769 0.944202 0.988394
 0.117199 0.400523 0.770769 0.944202 0.988394
 0.117199 0.400523 0.770769 0.944202 0.988394
 0.117199 0.400523 0.770769 0.944202 0.988394
 0.117199 0.400523 0.770769 0.944202 0.988394
Scru_pelaces
 0.339981 0.721631 0.928807 0.984998 0.996983
 0.339981 0.721631 0.928807 0.984998 0.996983
 0.339981 0.721631 0.928807 0.984998 0.996983
 0.339981 0.721631 0.928807 0.984998 0.996983
 0.339981 0.721631 0.928807 0.984998 0.996983
 0.339981 0.721631 0.928807 0.984998 0.996983
 0.339981 0.721631 0.928807 0.984998 0.996983
 0.339981 0.721631 0.928807 0.984998 0.996983
 0.339981 0.721631 0.928807 0.984998 0.996983
 0.339981 0.721631 0.928807 0.984998 0.996983
 0.339981 0.721631 0.928807 0.984998 0.996983
 0.339981 0.721631 0.928807 0.984998 0.996983
 0.339981 0.721631 0.928807 0.984998 0.996983
 0.339981 0.721631 0.928807 0.984998 0.996983
 0.339981 0.721631 0.928807 0.984998 0.996983
 0.339981 0.721631 0.928807 0.984998 0.996983
 0.339981 0.721631 0.928807 0.984998 0.996983
 0.339981 0.721631 0.928807 0.984998 0.996983
 0.339981 0.721631 0.928807 0.984998 0.996983
 0.339981 0.721631 0.928807 0.984998 0.996983
 0.339981 0.721631 0.928807 0.984998 0.996983
 0.339981 0.721631 0.928807 0.984998 0.996983
 0.339981 0.721631 0.928807 0.984998 0.996983
 0.339981 0.721631 0.928807 0.984998 0.996983
 0.339981 0.721631 0.928807 0.984998 0.996983
 0.339981 0.721631 0.928807 0.984998 0.996983
 0.339981 0.721631 0.928807 0.984998 0.996983
pf_obs 
 0.256992 0.487395 0.22802 0.0275931 0
 0.321318 0.546541 0.124235 0.00734118 0.000564706
 0.182869 0.594174 0.210203 0.0122559 0.00049798
 0.330522 0.361315 0.267642 0.0388342 0.00168674
 0.649043 0.306663 0.0425973 0.00169635 0
 0.582887 0.30429 0.105238 0.00758474 0
 0.465427 0.430635 0.0974691 0.00646863 0
 0.296916 0.608066 0.0921331 0.00288517 0
 0.311714 0.524322 0.152257 0.0117073 0
 0.15457 0.633149 0.183074 0.0267441 0.00246327
 0.131901 0.49318 0.331252 0.0422183 0.00144891
 0.196976 0.569456 0.194076 0.0375587 0.00193317
 0.518974 0.381816 0.0799577 0.0180837 0.00116848
 0.0928022 0.601141 0.25162 0.0475244 0.00691264
 0.122501 0.610282 0.24278 0.0234846 0.000952079
 0.383417 0.481906 0.127806 0.00687128 0
 0.0376549 0.599619 0.316969 0.0457579 0
 0.0361596 0.667082 0.258105 0.0386534 0
 0.158088 0.579412 0.248529 0.0139706 0
 0.0477256 0.309471 0.559284 0.082774 0.000745712
 0.0406174 0.521527 0.379366 0.0568643 0.0016247
 0.151134 0.462217 0.34131 0.0453401 0
 0.294876 0.26143 0.354403 0.0886775 0.000613685
 0.281977 0.475581 0.204845 0.0348837 0.00271318
 0.0841818 0.532909 0.334909 0.0458182 0.00218182
 0.115287 0.27431 0.454777 0.147771 0.00785563
 0 0 0 0 0
pf_pred 
 0.010422 0.63716 0.31129 0.0411267 1.70882e-06
 0.0283678 0.0873021 0.606111 0.245859 0.0323597
 0.00959983 0.252217 0.0794053 0.452102 0.206676
 0.137216 0.135275 0.231334 0.0536847 0.44249
 0.656724 0.248942 0.0186403 0.0241669 0.0515262
 0.0817058 0.875582 0.0326484 0.00199538 0.00806836
 0.644234 0.231491 0.120223 0.00310283 0.000948784
 0.200193 0.783586 0.0119331 0.00414972 0.000138637
 0.557486 0.379278 0.062372 0.000637341 0.000227073
 0.25506 0.728413 0.0150017 0.00150447 2.06257e-05
 0.127973 0.716974 0.152409 0.00240143 0.000242757
 0.295232 0.526023 0.15509 0.0232545 0.000400433
 0.214996 0.712738 0.0586368 0.0118384 0.00179096
 0.305528 0.614376 0.0751233 0.00404162 0.0009308
 0.296153 0.692522 0.0107084 0.000578482 3.76029e-05
 0.19419 0.780481 0.0251224 0.000195472 1.10771e-05
 0.150084 0.683257 0.162827 0.00380185 3.1044e-05
 0.341621 0.522252 0.116386 0.0192904 0.000450558
 0.41763 0.548291 0.0292317 0.00415019 0.000697071
 0.143892 0.802756 0.0511654 0.00187779 0.000308878
 0.391394 0.442939 0.157967 0.00738615 0.000313581
 0.319256 0.613719 0.0521731 0.0141654 0.000686485
 0.182348 0.700791 0.107791 0.00706914 0.00200136
 0.318254 0.498397 0.162182 0.019531 0.00163506
 0.0181802 0.845739 0.106043 0.0265868 0.00345075
 0.275564 0.128679 0.528424 0.0525262 0.0148063
 0.0159103 0.867699 0.0261958 0.0800574 0.010137
pobs_RECLAS
 0 0 0 0 0
 0 0 0 0 0
 0 0 0 0 0
 0 0 0 0 0
 0.835266 0.146461 0.0176864 0.000547809 3.91292e-05
 0.385257 0.428462 0.181853 0.0044286 0
 0.867414 0.0963971 0.0333333 0.00285562 0
 0.441836 0.489002 0.0689373 0.000224442 0
 0.779404 0.147425 0.0564933 0.0165055 0.000172143
 0.814271 0.122319 0.05973 0.00367925 0
 0.40263 0.566651 0.0304383 0.000280538 0
 0.475488 0.404961 0.113038 0.00651328 0
 0.955842 0.0263864 0.0167828 0.000988607 0
 0.975058 0.0227948 0.00214734 0 0
 0.738997 0.206755 0.0527124 0.00153531 0
 0.850938 0.134255 0.0134407 0.00136685 0
 0.542534 0.407297 0.0501686 0 0
 0.764087 0.199537 0.0359546 0.000420521 0
 0.470689 0.182191 0.310203 0.0369168 0
 0.84361 0.089868 0.0606195 0.00523954 0.000663233
 0.607945 0.314616 0.071237 0.00620181 0
 0.523733 0.453247 0.0230204 0 0
 0.530135 0.295979 0.169645 0.0042399 0
 0.562478 0.366248 0.0663022 0.0049721 0
 0.250443 0.683176 0.0655157 0.000865301 0
 0.195077 0.31981 0.436473 0.0351445 0.0134964
 0.565238 0.351407 0.0832357 0.000118908 0
ppred_RECLAS
 0.0236188 0.509748 0.40183 0.0648011 2.81833e-06
 0.0477396 0.0515226 0.576171 0.285266 0.039301
 0.0177098 0.149669 0.0738902 0.513175 0.245556
 0.21731 0.0706774 0.191101 0.0541065 0.466805
 0.812833 0.107761 0.0129874 0.0205518 0.0458661
 0.222652 0.720058 0.0412193 0.00307143 0.0129995
 0.840196 0.0877955 0.0691371 0.00217486 0.000696089
 0.45884 0.523744 0.0121054 0.00513102 0.000179428
 0.820066 0.144628 0.0347132 0.000431957 0.000161084
 0.503583 0.478838 0.0156385 0.00191357 2.74602e-05
 0.302667 0.522141 0.171547 0.00329598 0.000348751
 0.550764 0.292705 0.131972 0.0241235 0.0004348
 0.478924 0.449636 0.0555961 0.0136782 0.00216592
 0.724057 0.236516 0.0364715 0.00238148 0.000574034
 0.678339 0.314684 0.00652005 0.000428083 2.91246e-05
 0.427701 0.544668 0.0273556 0.000259604 1.53987e-05
 0.344563 0.475973 0.174455 0.00496645 4.24478e-05
 0.630292 0.264106 0.087502 0.0176688 0.000431954
 0.698184 0.274806 0.022443 0.0038846 0.000682939
 0.33627 0.600644 0.0599409 0.00268331 0.000461999
 0.625274 0.234453 0.132386 0.00755236 0.00033562
 0.56772 0.365687 0.049398 0.0163651 0.000830146
 0.376413 0.490703 0.120394 0.00963505 0.00285526
 0.543977 0.285107 0.147365 0.021654 0.0018975
 0.0470698 0.750144 0.150487 0.0460444 0.00625546
 0.437446 0.0663743 0.428836 0.0520008 0.015343
 0.0521367 0.768712 0.034345 0.127861 0.0169458
pobs_PELACES
 0 0 0 0 0
 0 0 0 0 0
 0 0 0 0 0
 0 0 0 0 0
 0 0 0 0 0
 0 0 0 0 0
 0 0 0 0 0
 0 0 0 0 0
 0 0 0 0 0
 0 0 0 0 0
 0.450072 0.473896 0.0757376 0.000293798 0
 0 0 0 0 0
 0.463077 0.371075 0.160297 0.00555027 0
 0.529543 0.364841 0.0842815 0.0213345 0
 0.631943 0.363953 0.00410389 0 0
 0.735681 0.248677 0.0153453 0.000297389 0
 0.695825 0.281241 0.0229344 0 0
 0.275771 0.60734 0.115278 0.00161068 0
 0 0 0 0 0
 0.896147 0.0623911 0.0374545 0.00400742 0
 0.803859 0.145111 0.0509908 3.86294e-05 0
 0.739449 0.233085 0.0266225 0.000797448 4.60066e-05
 0.878498 0.100942 0.0204185 0.000141795 0
 0.694673 0.275183 0.0284847 0.00165964 0
 0.469039 0.446079 0.0841089 0.000773354 0
 0.822795 0.102175 0.0682046 0.00682512 0
 0 0 0 0 0
ppred_PELACES
 0.0464069 0.597595 0.312393 0.0436041 1.83367e-06
 0.118051 0.0738159 0.543995 0.233088 0.0310498
 0.0611763 0.233633 0.0720989 0.432836 0.200255
 0.491895 0.0766888 0.131251 0.0321312 0.268034
 0.902517 0.0685585 0.00543238 0.00743909 0.0160526
 0.426126 0.548508 0.0191042 0.00122977 0.00503247
 0.945107 0.0368552 0.0174182 0.000473202 0.000146436
 0.696294 0.298002 0.00413786 0.00151473 5.1214e-05
 0.940678 0.0519991 0.00721752 7.74996e-05 2.79429e-05
 0.676908 0.315827 0.00656148 0.000694283 9.63324e-06
 0.537896 0.38343 0.0772598 0.00128259 0.000131217
 0.785656 0.162754 0.0444497 0.00701842 0.000122309
 0.731909 0.245608 0.0180595 0.00383639 0.00058736
 0.939296 0.0559497 0.00444642 0.000249894 5.82355e-05
 0.904333 0.0945477 0.00105611 5.97414e-05 3.92967e-06
 0.635064 0.353808 0.0110313 9.04779e-05 5.18906e-06
 0.59436 0.330052 0.073759 0.00181407 1.49911e-05
 0.850995 0.121172 0.0236186 0.00411693 9.73126e-05
 0.859232 0.133022 0.00659321 0.000985813 0.000167571
 0.540265 0.431654 0.0268681 0.00103963 0.000173071
 0.79992 0.145336 0.0520647 0.0025683 0.000110354
 0.736652 0.23679 0.0204205 0.00585051 0.000286952
 0.558942 0.376381 0.0593885 0.00411095 0.00117792
 0.736091 0.191905 0.0632816 0.00804148 0.00068133
 0.0916037 0.777249 0.100925 0.0267134 0.00350908
 0.717794 0.0503493 0.204327 0.0214194 0.0061106
 0.153781 0.754849 0.019755 0.0634805 0.00813448
pobs_pel_tallas
 0 0 0 0 0 0 0 0 0 0 0 0 0 0 0 0 0 0 0 0 0 0 0 0 0 0 0 0 0 0 0 0 0 0 0 0
 0 0 0 0 0 0 0 0 0 0 0 0 0 0 0 0 0 0 0 0 0 0 0 0 0 0 0 0 0 0 0 0 0 0 0 0
 0 0 0 0 0 0 0 0 0 0 0 0 0 0 0 0 0 0 0 0 0 0 0 0 0 0 0 0 0 0 0 0 0 0 0 0
 0 0 0 0 0 0 0 0 0 0 0 0 0 0 0 0 0 0 0 0 0 0 0 0 0 0 0 0 0 0 0 0 0 0 0 0
 0 0 0 0 0 0 0 0 0 0 0 0 0 0 0 0 0 0 0 0 0 0 0 0 0 0 0 0 0 0 0 0 0 0 0 0
 0 0 0 0 0 0 0 0 0 0 0 0 0 0 0 0 0 0 0 0 0 0 0 0 0 0 0 0 0 0 0 0 0 0 0 0
 0 0 0 0 0 0 0 0 0 0 0 0 0 0 0 0 0 0 0 0 0 0 0 0 0 0 0 0 0 0 0 0 0 0 0 0
 0 0 0 0 0 0 0 0 0 0 0 0 0 0 0 0 0 0 0 0 0 0 0 0 0 0 0 0 0 0 0 0 0 0 0 0
 0 0 0 0 0 0 0 0 0 0 0 0 0 0 0 0 0 0 0 0 0 0 0 0 0 0 0 0 0 0 0 0 0 0 0 0
 0 0 0 0 0 0 0 0 0 0 0 0 0 0 0 0 0 0 0 0 0 0 0 0 0 0 0 0 0 0 0 0 0 0 0 0
 0 0 0 0 0 0 0 0 1.78061e-05 0.00172719 0.00360574 0.0105946 0.0120993 0.0124554 0.0147524 0.0171206 0.0266825 0.0428682 0.0675386 0.121331 0.153587 0.119568 0.100827 0.0573624 0.0630603 0.0341343 0.0324427 0.0444173 0.0211091 0.0280891 0.0125444 0.00206551 0 0 0 0
 0 0 0 0 0 0 0 0 0 0 0 0 0 0 0 0 0 0 0 0 0 0 0 0 0 0 0 0 0 0 0 0 0 0 0 0
 0 0 0 0 0 0 0.0133647 0.0140871 0.0187388 0.0205184 0.03894 0.0496705 0.03968 0.0493445 0.0407372 0.0367815 0.0215668 0.0243155 0.0234873 0.0199281 0.019796 0.0243948 0.0301388 0.0376714 0.0412746 0.0863199 0.0771752 0.113111 0.0741005 0.0525337 0.0229764 0.00759418 0.00175318 0 0 0
 0 0 0 0 0 0 0 0 0 0 0.00219441 0.00772107 0.0458388 0.0604681 0.0671733 0.0775358 0.0609151 0.0617685 0.073594 0.0568108 0.0755445 0.0548602 0.0670107 0.0636378 0.0643287 0.046367 0.0373049 0.0286899 0.0247887 0.0153202 0.00654259 0.00121912 0.000365735 0 0 0
 0 0 0 0 0 0 0 0 0 0 0 0 0.000112435 0.00938835 0.0111873 0.0202946 0.0414886 0.0713402 0.111592 0.104902 0.108894 0.110636 0.117776 0.105296 0.107544 0.0401394 0.0192827 0.0124803 0.00416011 0.0028671 0.000618394 0 0 0 0 0
 0 0 0 0 0 0 0 0 0 0 0.00291406 0.0102884 0.027416 0.0768956 0.0749926 0.110853 0.0956884 0.0897413 0.0766577 0.0534642 0.0500743 0.0551293 0.0594112 0.0620874 0.0668451 0.0424026 0.0208742 0.0120726 0.0048766 0.00582813 0.00118941 0.000297354 0 0 0 0
 0 0.00264628 0.0354308 0.0461629 0.0458689 0.0383711 0.0214643 0.0164657 0.0346957 0.0420465 0.0363128 0.0245516 0.0311673 0.0291091 0.0169068 0.0133784 0.00837989 0.0085269 0.0148486 0.0160247 0.0276389 0.0546898 0.0760071 0.122758 0.109233 0.0665981 0.0333725 0.0166128 0.00676272 0.00308733 0.000882094 0 0 0 0 0
 0 0 0 0 0 0 0 0.000805153 0.000690131 0.00759144 0.0133425 0.0154129 0.00931677 0.000345066 0.00356568 0.00563607 0.00851162 0.0253048 0.0502646 0.0516448 0.0657925 0.0565908 0.0611916 0.0827007 0.0866115 0.110766 0.145733 0.0935128 0.0569358 0.0249597 0.0138026 0.00621118 0.00161031 0.00115022 0 0
 0 0 0 0 0 0 0 0 0 0 0 0 0 0 0 0 0 0 0 0 0 0 0 0 0 0 0 0 0 0 0 0 0 0 0 0
 0.00147267 0.00158595 0.00478618 0.00569244 0.00954404 0.0108468 0.00647125 0.017049 0.0510054 0.094081 0.124002 0.0959785 0.0687766 0.0820023 0.061753 0.0591476 0.0492212 0.0479892 0.0443925 0.0268479 0.0217502 0.0140895 0.0121071 0.0120363 0.00920419 0.00665534 0.0049561 0.00860946 0.00930331 0.0156896 0.0114698 0.00855282 0.00243557 0.00046729 0 2.83206e-05
 0 0 0 0 0.000772559 0.00158375 0.000888443 0.00281984 0.00712685 0.0440552 0.0773331 0.111326 0.0921469 0.0852325 0.0710754 0.0886704 0.0786465 0.0553345 0.0373146 0.0185414 0.00753245 0.00457741 0.012979 0.0271748 0.0457355 0.0583668 0.034881 0.0177882 0.00938659 0.00492506 0.0015258 0.00185414 0.000309023 5.79419e-05 3.86279e-05 0
 0 0.00173294 0.00326652 0 0.00397197 0.00683976 0.00946217 0.0152591 0.00757587 0.0136028 0.0228656 0.0392903 0.0559909 0.0764795 0.0681675 0.0726916 0.0566044 0.0477403 0.0527397 0.0444891 0.0609904 0.0582453 0.0661739 0.0445044 0.0529084 0.0360697 0.0280645 0.0235558 0.0158879 0.00826598 0.00280645 0.00217768 0.000904811 0.00058276 9.20147e-05 0
 0 0 0 0 0 0 0 0 0 0 0 0 0 0 0 0 0 0 0 0 0 0 0 0 0 0 0 0 0 0 0 0 0 0 0 0
 0 0 0 0 0 0 0 0 0 0 0 0 0 0 0 0 0 0 0 0 0 0 0 0 0 0 0 0 0 0 0 0 0 0 0 0
 0 0 0 0 0 0 0 0 0 0 0 0 0 0 0 0 0 0 0 0 0 0 0 0 0 0 0 0 0 0 0 0 0 0 0 0
 0 0 0 0 0 0 0 0 0 0 0 0 0 0 0 0 0 0 0 0 0 0 0 0 0 0 0 0 0 0 0 0 0 0 0 0
 0 0 0 0 0 0 0 0 0 0 0 0 0 0 0 0 0 0 0 0 0 0 0 0 0 0 0 0 0 0 0 0 0 0 0 0
ppred_pel_tallas
 1.06128e-16 2.06117e-06 1.20055e-05 5.68771e-05 0.000218659 0.000681576 0.00172226 0.00352886 0.00586806 0.00793694 0.00878547 0.00810281 0.00657197 0.00539504 0.0055396 0.00743311 0.0111482 0.0166511 0.0238494 0.032492 0.0420717 0.0518149 0.0607772 0.0680152 0.072783 0.0746858 0.0737454 0.070352 0.0651333 0.058788 0.0519414 0.0450634 0.0384534 0.0322745 0.0266077 0.021497
 1.17207e-16 5.16423e-06 3.02706e-05 0.000143817 0.000553578 0.00172614 0.00436011 0.00892226 0.0147934 0.0198786 0.0216625 0.0191812 0.0138925 0.00844131 0.00473934 0.00323037 0.00347138 0.00494496 0.00740538 0.0108319 0.0152816 0.0207834 0.0272825 0.0346137 0.0424918 0.0505175 0.058199 0.0649918 0.0703554 0.0738207 0.0750584 0.0739333 0.0705333 0.0651595 0.0582841 0.0504796
 1.2533e-16 2.68888e-06 1.57281e-05 7.46575e-05 0.000287259 0.000895608 0.00226244 0.00463126 0.00768469 0.0103442 0.0113197 0.0101351 0.00758399 0.0050933 0.00372944 0.00381256 0.00520452 0.00770816 0.0112197 0.0156811 0.0209937 0.0269771 0.0333787 0.039916 0.0463252 0.0523948 0.0579705 0.0629289 0.0671372 0.0704199 0.072553 0.0732944 0.0724396 0.0698851 0.0656764 0.0600233
 1.15517e-16 2.14644e-05 0.00012597 0.000598789 0.00230535 0.00718897 0.0181587 0.037155 0.0615882 0.0827105 0.0900033 0.0793845 0.0568159 0.0331401 0.0160566 0.00704497 0.00378301 0.00355028 0.00471664 0.00662361 0.00907082 0.0119866 0.0153039 0.018933 0.0227628 0.0266668 0.0305038 0.0341152 0.0373233 0.0399358 0.041761 0.0426323 0.0424388 0.041149 0.038825 0.0356199
 1.01106e-16 3.93694e-05 0.000231088 0.00109853 0.00422949 0.0131893 0.033315 0.0681658 0.112988 0.151727 0.165074 0.145525 0.103992 0.0603277 0.0285993 0.01144 0.00448641 0.00262867 0.0027514 0.00353042 0.00450643 0.00549605 0.00637656 0.00704483 0.0074277 0.00749698 0.00727471 0.00682461 0.00623348 0.00558861 0.00495916 0.00438623 0.00388292 0.00344175 0.00304521 0.00267547
 1.00728e-16 1.8616e-05 0.000109203 0.00051898 0.00199789 0.00623007 0.0157372 0.0322039 0.0533949 0.0717481 0.0781824 0.0692149 0.0500969 0.0303469 0.0167999 0.010924 0.0108767 0.0143916 0.0199925 0.0268256 0.0341872 0.0412778 0.0472087 0.0511513 0.0525231 0.0511315 0.0472225 0.0414126 0.0345332 0.0274375 0.0208334 0.0151839 0.0106884 0.00732821 0.00494579 0.00332448
 1.00283e-16 4.12253e-05 0.000241986 0.00115035 0.00442901 0.0138115 0.0348867 0.0713813 0.118317 0.158879 0.172848 0.152358 0.108832 0.0630493 0.0297272 0.0116085 0.00410905 0.00186787 0.00162232 0.00200001 0.00255084 0.00312776 0.00365396 0.00406871 0.00432643 0.00440428 0.00430587 0.00405811 0.00370281 0.00328602 0.00284868 0.00242118 0.00202223 0.00166096 0.00134037 0.00106049
 1.00211e-16 3.03864e-05 0.000178329 0.000847663 0.00326349 0.0101769 0.0257061 0.0525991 0.0871928 0.117109 0.127469 0.112511 0.0807 0.047421 0.0236177 0.0114265 0.00758264 0.00820999 0.0108989 0.0145147 0.0184672 0.0222719 0.0254366 0.0275103 0.0281787 0.0273409 0.0251357 0.0219043 0.0181048 0.0142064 0.0105975 0.00753151 0.00511593 0.00333767 0.00210628 0.00129836
 1.00124e-16 4.10327e-05 0.000240855 0.00114497 0.00440828 0.0137469 0.0347234 0.0710473 0.117764 0.158138 0.172044 0.151658 0.108349 0.0628041 0.0296764 0.0117014 0.00432135 0.00220265 0.00209535 0.00262407 0.00332389 0.00402554 0.00462754 0.00504789 0.00522901 0.00514934 0.00482804 0.00431894 0.00369651 0.00303828 0.00240957 0.00185444 0.00139389 0.00102982 0.000751832 0.000544136
 1.00221e-16 2.95418e-05 0.000173369 0.000824078 0.00317268 0.00989365 0.0249908 0.0511357 0.0847676 0.113854 0.123933 0.109404 0.0785039 0.0461957 0.0231281 0.01139 0.00781841 0.0086529 0.0115509 0.0153981 0.0195963 0.0236386 0.0270045 0.0292156 0.029938 0.0290637 0.0267384 0.0233223 0.0192997 0.0151672 0.0113363 0.00807596 0.00550145 0.00360035 0.00227849 0.00140656
 1.01272e-16 2.34832e-05 0.000137792 0.00065493 0.00252139 0.00786262 0.0198606 0.0406396 0.0673725 0.090503 0.0985477 0.0870746 0.0626547 0.0372191 0.0192839 0.0105738 0.00864125 0.0105485 0.0144485 0.0194137 0.0248598 0.0302121 0.0348461 0.0381714 0.0397563 0.0394273 0.0373064 0.0337686 0.029342 0.0245811 0.0199576 0.0157949 0.0122556 0.00936914 0.00707909 0.00529083
 1.00931e-16 3.42776e-05 0.000201186 0.000956354 0.00368203 0.0114821 0.0290028 0.0593434 0.0983678 0.132103 0.14375 0.126787 0.0907334 0.0529029 0.0255815 0.0111094 0.00573625 0.00504854 0.00633983 0.00841849 0.0107932 0.0131651 0.0152599 0.0168243 0.0176704 0.0177164 0.0170021 0.0156728 0.0139379 0.0120193 0.0101075 0.00833508 0.00677203 0.00543739 0.00431824 0.0033879
 1.00496e-16 3.19373e-05 0.000187439 0.000890983 0.0034303 0.0106971 0.02702 0.0552871 0.0916467 0.123086 0.133959 0.118202 0.0847013 0.0496104 0.0244083 0.0113134 0.00686739 0.00698026 0.00912363 0.012139 0.0154738 0.0187153 0.0214558 0.0233211 0.0240467 0.0235399 0.0219025 0.0194009 0.0163979 0.0132674 0.0103215 0.00776617 0.00569346 0.00410143 0.00292821 0.00208654
 1.00093e-16 4.09726e-05 0.000240501 0.00114329 0.00440181 0.0137267 0.0346724 0.070943 0.117591 0.157906 0.171793 0.151439 0.108197 0.062725 0.0296562 0.011723 0.00437609 0.00229007 0.00221921 0.00278768 0.00352684 0.00426173 0.00488448 0.00530758 0.0054704 0.00535171 0.0049747 0.00440013 0.00371085 0.00299241 0.00231628 0.00172985 0.00125453 0.000890185 0.000622903 0.000432791
 1.00049e-16 3.94496e-05 0.000231556 0.00110075 0.00423803 0.013216 0.0333824 0.0683038 0.113218 0.152037 0.165418 0.145841 0.104247 0.060535 0.0288083 0.0117151 0.0048918 0.00322202 0.0035794 0.00462022 0.00585392 0.00705517 0.00805456 0.00870708 0.0089129 0.0086402 0.00793342 0.00690126 0.0056896 0.00444781 0.00329962 0.00232566 0.00156018 0.000998913 0.000612872 0.000362471
 1.00276e-16 2.77188e-05 0.000162662 0.000773171 0.00297666 0.00928238 0.0234468 0.0479768 0.079533 0.106829 0.116299 0.102698 0.0737629 0.043549 0.0220683 0.0113058 0.00831877 0.00959607 0.0129401 0.0172805 0.0220027 0.0265521 0.0303479 0.0328539 0.0336947 0.0327471 0.0301719 0.0263696 0.02188 0.0172574 0.012962 0.00929552 0.00638841 0.0042293 0.00271561 0.00170549
 1.01218e-16 2.59431e-05 0.000152239 0.000723622 0.00278589 0.00868747 0.0219441 0.044902 0.074436 0.0999831 0.108848 0.0961222 0.0690487 0.0407839 0.0207025 0.0106684 0.00793625 0.00923195 0.0125132 0.0167947 0.0215168 0.0261724 0.0302217 0.0331551 0.0345983 0.0343972 0.0326509 0.0296754 0.0259186 0.0218522 0.0178789 0.0142764 0.011187 0.0086404 0.00659435 0.0049742
 1.00521e-16 3.7125e-05 0.000217906 0.00103585 0.00398814 0.0124367 0.031414 0.0642766 0.106543 0.143077 0.155678 0.137274 0.0981668 0.057092 0.0273355 0.0114054 0.00521263 0.00395624 0.00469952 0.00616983 0.00788101 0.00958093 0.0110598 0.0121297 0.0126542 0.0125783 0.0119397 0.0108556 0.00949077 0.00801797 0.0065836 0.00528744 0.00417898 0.00326644 0.00253206 0.00194698
 1.00179e-16 3.74846e-05 0.000220016 0.00104588 0.00402675 0.0125571 0.0317182 0.064899 0.107575 0.144464 0.157188 0.138611 0.0991329 0.0576742 0.0276517 0.0116006 0.00539379 0.00418331 0.00499944 0.00654765 0.00832238 0.0100509 0.011503 0.0124754 0.0128256 0.0125058 0.0115739 0.0101778 0.00851748 0.00679887 0.00519309 0.0038127 0.00270707 0.0018733 0.00127503 0.00086159
 1.00566e-16 2.35883e-05 0.000138405 0.000657835 0.00253256 0.00789744 0.0199487 0.04082 0.0676728 0.0909101 0.0990005 0.0874972 0.0630078 0.0375266 0.0196211 0.0110384 0.0093322 0.0115554 0.0158403 0.0212223 0.0270587 0.0326999 0.0374423 0.0406305 0.0418015 0.0407967 0.0378011 0.0332909 0.0279123 0.0223315 0.0171037 0.0125957 0.0089707 0.00622316 0.00423933 0.00285863
 1.0088e-16 3.48989e-05 0.000204835 0.000973707 0.00374885 0.0116905 0.0295291 0.0604202 0.100152 0.134498 0.146351 0.129069 0.0923427 0.0537922 0.0259201 0.0111007 0.0055075 0.00464204 0.00574986 0.00762759 0.0097949 0.0119757 0.0139229 0.0154077 0.0162576 0.0163927 0.0158402 0.0147209 0.0132136 0.0115113 0.00978182 0.00814554 0.00667074 0.0053828 0.00427986 0.00334741
 1.00582e-16 3.21438e-05 0.000188652 0.000896751 0.00345252 0.0107663 0.027195 0.0556451 0.0922397 0.123881 0.134822 0.118958 0.0852309 0.0498959 0.024503 0.0112806 0.00674437 0.00677536 0.00882978 0.0117472 0.0149822 0.0181345 0.0208108 0.0226502 0.0233963 0.0229576 0.021429 0.0190637 0.0162073 0.0132169 0.0103905 0.00792551 0.00591089 0.0043465 0.00317566 0.00231791
 1.01162e-16 2.44005e-05 0.000143179 0.000680539 0.00262 0.00817012 0.0206374 0.0422288 0.0700063 0.0940389 0.102392 0.0904577 0.0650591 0.0385872 0.0198817 0.0107234 0.00855706 0.0103203 0.01409 0.018908 0.024184 0.0293489 0.0337894 0.0369289 0.0383498 0.0378915 0.0356851 0.0321116 0.0277008 0.0230052 0.0184912 0.0144745 0.0111072 0.00840673 0.00630452 0.00469446
 1.0127e-16 3.21176e-05 0.000188502 0.000896047 0.00344982 0.0107579 0.0271737 0.0556012 0.0921659 0.123778 0.134701 0.118829 0.0850907 0.0497178 0.024238 0.0108634 0.00609993 0.00582779 0.00751586 0.0100356 0.0128946 0.0157622 0.018319 0.0202653 0.0213755 0.0215464 0.0208165 0.0193472 0.0173758 0.0151566 0.0129093 0.0107896 0.00888357 0.00722032 0.00579363 0.00458178
 1.02768e-16 4.03871e-06 2.36002e-05 0.000111966 0.000430708 0.0013428 0.00339267 0.00694788 0.0115397 0.0155666 0.0171216 0.0155354 0.0120654 0.00894735 0.00790362 0.00954703 0.0137735 0.0203007 0.0288274 0.0389027 0.0497782 0.0603907 0.0694972 0.0759153 0.0787913 0.077803 0.0732318 0.0658726 0.0568242 0.0472275 0.0380388 0.0298979 0.0231034 0.0176745 0.0134546 0.0102141
 1.03939e-16 3.13143e-05 0.000183798 0.000873713 0.00336388 0.01049 0.0264966 0.0542149 0.0898644 0.120677 0.131298 0.115761 0.0827494 0.048061 0.0228964 0.009369 0.00403678 0.00287326 0.00344738 0.00475832 0.00649193 0.00854163 0.010824 0.0132329 0.0156379 0.0178938 0.019853 0.0213771 0.0223495 0.0226873 0.0223533 0.0213639 0.0197919 0.0177605 0.0154281 0.0129675
 1.03088e-16 6.74876e-06 3.95132e-05 0.000187625 0.000722024 0.00225127 0.00568733 0.0116427 0.0193206 0.0260121 0.0284778 0.0255273 0.0191628 0.0129776 0.00964894 0.00995319 0.0134659 0.0195346 0.0276316 0.0372148 0.0475198 0.0575043 0.0659655 0.0717719 0.0741239 0.0727491 0.0679677 0.0605981 0.0517447 0.0425356 0.0338976 0.0264266 0.0203675 0.0156817 0.0121584 0.0095231
pSPR Fmed_Fpbrs
0.496181   0.6 0.325
Fs Fmed_Fpbrs
0.64   0.413473 1.40483
SSBpbr Bo_Bmed_Bpbrs
597194  266457  328457 164228
Ro
15994.5
SPR SPRFo_SPRFmed_SPRFpbrs
330354 163915 107365
log_Ro
9.5
likeval ReclasPelacesDesembMPH_pf_preclas_ppelaces_ptallas_desvR_qrecl_qpela
 90.9158 11.126 0.377947 91.1759 419.771 242.708 63.0828 0 55.8877 0.00014071 0.000319912 6.16429e-16 0 0 0
q_reclas_q_pelaces
5.37044 12.7388
M
0.7
N
 6920.43 46444.2 19272.5 2537.83 0.105441
 9656.68 3388.36 20136.1 8142.36 1071.63
 1168.68 4679.39 1330.02 7557.6 3454.79
 3682.21 518.864 792.483 183.502 1512.43
 38079 1669.13 107.284 138.667 295.634
 9897.06 18380.2 631.045 38.5073 155.7
 63513.7 4201.95 2026.19 52.2209 15.9677
 36737 26360.9 372.522 129.362 4.32172
 105005 15272.7 2374.47 24.2381 8.63545
 103069 40984.8 750.439 75.0857 1.02935
 50325.9 47106.2 9170.83 144.257 14.5823
 68730.9 21650.2 5894.03 882.426 15.1946
 45648.8 28967 2223.9 448.41 67.8356
 30486.3 18660.6 2219.37 119.342 27.4846
 15591.8 9832.87 146.766 7.92348 0.515041
 8550.12 5418.28 158.315 1.22952 0.069673
 4802.84 3752.95 822.353 19.1705 0.156532
 6692.5 2046.27 427.863 70.8316 1.65435
 11678.8 2687.54 132.143 18.7322 3.1462
 5745.26 4937.77 284.627 10.4257 1.71486
 15902.6 2541.59 807.86 37.6885 1.60001
 27557.6 7236.01 545.036 147.629 7.15413
 25120.9 12669.9 1714.18 112.134 31.745
 54452.1 11690.7 3372.9 405.227 33.9226
 4245.96 25006.5 2739.5 684.997 88.9026
 28756.5 1997.14 7374.39 731.514 206.194
 1159.65 12869.8 365.295 1115.1 141.193
pred_Ctot
 69.8903 4272.83 2087.53 275.798 0.0114595
 168.187 517.597 3593.52 1457.65 191.855
 89.624 2354.69 741.328 4220.82 1929.53
 232.072 228.79 391.254 90.7966 748.381
 767.714 291.015 21.7906 28.2512 60.2344
 1041.64 11162.6 416.226 25.4386 102.861
 7578.37 2723.12 1414.23 36.4998 11.1609
 4346.04 17011.1 259.058 90.0873 3.00971
 16386.8 11148.5 1833.37 18.7341 6.67463
 5931.47 16939.4 348.867 34.9868 0.479655
 4878.57 27332.5 5810.14 91.5471 9.25438
 7549.4 13451 3965.82 594.642 10.2395
 5869.84 19459.2 1600.91 323.213 48.897
 7876.78 15839.1 1936.74 104.196 23.9968
 3435.85 8034.36 124.234 6.71131 0.436253
 718.944 2889.55 93.0097 0.723688 0.0410104
 494.94 2253.22 536.965 12.5376 0.102376
 932.198 1425.1 317.59 52.6386 1.22946
 1259.64 1653.74 88.168 12.5177 2.10249
 454.027 2532.95 161.443 5.92503 0.97461
 962.139 1088.85 388.32 18.1569 0.770857
 1476.25 2837.86 241.25 65.501 3.17433
 1139.59 4379.62 673.645 44.1789 12.5076
 2958.42 4632.98 1507.61 181.556 15.1992
 161.752 7524.64 943.48 236.545 30.7017
 2054.58 959.421 3939.89 391.631 110.394
 166.506 9080.75 274.147 837.826 106.087
F
 0.0141308 0.135736 0.161599 0.162173 0.162184
 0.0244809 0.235157 0.279962 0.280957 0.280976
 0.111991 1.07575 1.28072 1.28527 1.28536
 0.0912124 0.87616 1.0431 1.04681 1.04688
 0.0283872 0.27268 0.324634 0.325789 0.32581
 0.15669 1.50512 1.79189 1.79826 1.79838
 0.179373 1.72301 2.0513 2.05859 2.05873
 0.177718 1.70711 2.03237 2.0396 2.03973
 0.240811 2.31316 2.7539 2.76369 2.76388
 0.0829894 0.797173 0.949061 0.952436 0.952499
 0.143505 1.37846 1.64111 1.64694 1.64705
 0.164043 1.57575 1.87599 1.88266 1.88278
 0.194565 1.86893 2.22503 2.23294 2.23309
 0.431548 4.14533 4.93515 4.9527 4.95303
 0.356964 3.4289 4.08222 4.09673 4.097
 0.123402 1.18536 1.41122 1.41623 1.41633
 0.15319 1.4715 1.75186 1.75809 1.75821
 0.212362 2.03989 2.42856 2.43719 2.43735
 0.160863 1.5452 1.83961 1.84615 1.84628
 0.115585 1.11028 1.32183 1.32653 1.32661
 0.0874161 0.839694 0.999684 1.00324 1.00331
 0.0770515 0.740135 0.881155 0.884289 0.884347
 0.0649044 0.623453 0.742242 0.744881 0.74493
 0.0781847 0.75102 0.894115 0.897294 0.897354
 0.0542514 0.521123 0.620415 0.622621 0.622662
 0.103976 0.998767 1.18907 1.19329 1.19337
 0.219581 2.10923 2.51111 2.52004 2.5202
Np
 10710.4 5130.42 162.429 255.043 6.42463
YTP_r0W_actual
 242.481 59653.8 2851.91 11150.7 1566.9
YTP_p0W_proyectada
 2239.53 2143 6053.86 147.253 514.173
 2239.53 23780.3 1268.11 2550.36 71.2977
CTP_r0_actual
 29.5708 2761.75 90.825 278.073 35.2111
CTP_p0_proyectada
 273.113 99.2129 192.798 3.67215 11.5544
 273.113 1100.94 40.3856 63.6 1.6022
Wmedp
 8.2 21.6 31.4 40.1 44.5
nmprior
 10.8 10.6 4.6 0
nm_flota  nm_reclas  nm_pelaces    nm_pelaL
inf 11.5451 13.669 38.9072
cv_recla  cv_pelaces  cv_mph
0.825754 0.365393 0.382796
 ------------------------------------------------
Talla a la edad & desviaci?n 
 7.2 14.2025 17.0495 18.207 18.6776
 1.08 2.13037 2.55742 2.73105 2.80164
