years
 1997 1998 1999 2000 2001 2002 2003 2004 2005 2006 2007 2008 2009 2010 2011 2012 2013 2014 2015 2016 2017 2018 2019 2020 2021 2022 2023
reclasobs
 0 0 0 370054 412103 1.49427e+06 250295 1.28982e+06 931140 785840 897777 1.04006e+06 184774 17550 25797 100020 73551 82996 120727 218422 84188 347160 605670 569463 516374 1.08416e+06 1.01767e+06
reclaspred
 990514 206690 417082 181209 284316 306996 612596 455592 739937 1.05137e+06 947384 705606 431758 139621 109578 115247 83070.7 74124.9 103237 149283 207169 261849 555118 645708 810262 574221 259128
pelacesobs
 0 0 0 0 0 0 0 0 0 2.06254e+06 1.5e+06 0 1.87456e+06 323000 250000 174000 83755 137374 0 501740 490994 745055 786931 1.00524e+06 1.33801e+06 1.41789e+06 0
pelacespred
 2.65986e+06 640995 539460 462987 740686 461517 1.77532e+06 1.14715e+06 2.22597e+06 2.74953e+06 1.8919e+06 1.61297e+06 923896 273664 231573 224512 151482 155545 215849 275754 526517 571219 937906 1.34709e+06 1.44489e+06 1.0587e+06 400815
mphobs
 0 0 0 0 0 0 112323 0 153150 637223 0 255016 313432 73983 77613 109348 50772 17779 17303 59886 28197 0 207744 136588 643089 65757 70829
mphpred
 305913 142173 135383 78905.4 76162.4 137234 156360 237561 230812 412999 423356 282143 208347 115110 62391.1 60592.2 40775.7 31941.5 25934.1 37784.6 47524.9 72038.1 119049 166297 208611 143987 89668.5
desembarqueobs
 350755 77701 442110 56441 14545 235359 269955 359681 431902 328805 639364 411747 362871 311530 167758 66681 60226 58785 57116 73181 50977 67692 138656 160484 209506 203330 245020
desembarquepred
 350737 77674.8 441756 56434.3 14544.8 235388 269929 359137 431395 328720 638856 411295 362700 310835 167429 66687.7 60270.9 58709.5 57002.4 73165.9 50969 67631.2 138658 160441 209616 203319 244753
Reclutas
 26560.8 41292.2 9810.09 13629.2 33777.3 16081.7 57413.8 46708.7 120390 101638 58032.2 66131.9 37833.4 29769.6 17178.7 8792.11 4659.47 7485.81 13082.4 8148.38 18573.9 34988.2 34772.3 54877.7 9417.85 23067.4 15823
log_desv_Rt
 0.0871933 0.528428 -0.908834 -0.580028 0.327545 -0.414561 0.85804 0.651685 1.59849 1.42917 0.868752 0.999407 0.440947 0.201242 -0.348575 -1.01839 -1.65334 -1.17924 -0.62098 -1.09443 -0.270486 0.362766 0.356575 0.812862 -0.949638 -0.0538237 -0.430783
SSB
 484680 225254 214497 125015 120669 217429 236792 368739 352564 638322 670753 447018 343977 139718 79107.9 76090.4 56508.1 42538.1 54138.1 84458.4 97654.8 142901 244268 322149 452914 332785 194612
BT
 1.31843e+06 351063 431387 223749 293011 336614 981609 834456 1.37573e+06 1.3357e+06 1.24571e+06 994943 690354 393380 233569 133585 106216 111787 131566 152733 250437 264327 410549 618762 603297 532298 348705
Ftot
 0.89162 1.06521 2.23047 0.792839 0.162355 1.69507 1.52581 2.27133 2.30272 0.92312 1.60154 1.52243 2.03154 4.95303 4.30869 1.46824 1.74081 2.26012 1.72212 1.24942 0.740598 0.745748 0.626513 0.671847 0.583317 0.795472 2.06747
BD_Bspro_t
 0.914443 0.615352 0.495884 0.227835 0.325907 0.512968 0.394607 0.457434 0.412701 0.506275 0.477591 0.318939 0.268487 0.143347 0.098441 0.113773 0.120068 0.128124 0.197012 0.327051 0.384278 0.541612 0.629217 0.620471 0.635464 0.491156 0.355318
BD_Bspro
 0.963988 0.448011 0.426617 0.248645 0.240001 0.432448 0.470959 0.733391 0.70122 1.26957 1.33407 0.889082 0.684141 0.277888 0.157339 0.151338 0.11239 0.0846048 0.107676 0.167981 0.194227 0.284217 0.485828 0.640727 0.900808 0.661881 0.387067
BD_Bo
 0.938176 0.436015 0.415193 0.241987 0.233575 0.420869 0.458349 0.713754 0.682444 1.23558 1.29835 0.865275 0.665822 0.270447 0.153126 0.147285 0.109381 0.0823394 0.104793 0.163483 0.189027 0.276607 0.472819 0.623571 0.876688 0.644158 0.376703
BD_Brms
 1.70577 0.792755 0.754897 0.439977 0.424682 0.765216 0.833361 1.29773 1.24081 2.2465 2.36064 1.57323 1.21059 0.491722 0.278411 0.267791 0.198874 0.149708 0.190533 0.297242 0.343685 0.502922 0.859672 1.13376 1.59398 1.1712 0.684915
S_f
 0.080218 0.623645 0.969216 0.998331 0.999912
 0.080218 0.623645 0.969216 0.998331 0.999912
 0.080218 0.623645 0.969216 0.998331 0.999912
 0.080218 0.623645 0.969216 0.998331 0.999912
 0.080218 0.623645 0.969216 0.998331 0.999912
 0.080218 0.623645 0.969216 0.998331 0.999912
 0.080218 0.623645 0.969216 0.998331 0.999912
 0.080218 0.623645 0.969216 0.998331 0.999912
 0.080218 0.623645 0.969216 0.998331 0.999912
 0.080218 0.623645 0.969216 0.998331 0.999912
 0.080218 0.623645 0.969216 0.998331 0.999912
 0.080218 0.623645 0.969216 0.998331 0.999912
 0.080218 0.623645 0.969216 0.998331 0.999912
 0.080218 0.623645 0.969216 0.998331 0.999912
 0.080218 0.623645 0.969216 0.998331 0.999912
 0.080218 0.623645 0.969216 0.998331 0.999912
 0.080218 0.623645 0.969216 0.998331 0.999912
 0.080218 0.623645 0.969216 0.998331 0.999912
 0.080218 0.623645 0.969216 0.998331 0.999912
 0.080218 0.623645 0.969216 0.998331 0.999912
 0.080218 0.623645 0.969216 0.998331 0.999912
 0.080218 0.623645 0.969216 0.998331 0.999912
 0.080218 0.623645 0.969216 0.998331 0.999912
 0.080218 0.623645 0.969216 0.998331 0.999912
 0.080218 0.623645 0.969216 0.998331 0.999912
 0.080218 0.623645 0.969216 0.998331 0.999912
 0.080218 0.623645 0.969216 0.998331 0.999912
Scru_reclas
 0.285233 0.667587 0.909967 0.980719 0.996109
 0.285233 0.667587 0.909967 0.980719 0.996109
 0.285233 0.667587 0.909967 0.980719 0.996109
 0.285233 0.667587 0.909967 0.980719 0.996109
 0.285233 0.667587 0.909967 0.980719 0.996109
 0.285233 0.667587 0.909967 0.980719 0.996109
 0.285233 0.667587 0.909967 0.980719 0.996109
 0.285233 0.667587 0.909967 0.980719 0.996109
 0.285233 0.667587 0.909967 0.980719 0.996109
 0.285233 0.667587 0.909967 0.980719 0.996109
 0.285233 0.667587 0.909967 0.980719 0.996109
 0.285233 0.667587 0.909967 0.980719 0.996109
 0.285233 0.667587 0.909967 0.980719 0.996109
 0.285233 0.667587 0.909967 0.980719 0.996109
 0.285233 0.667587 0.909967 0.980719 0.996109
 0.285233 0.667587 0.909967 0.980719 0.996109
 0.285233 0.667587 0.909967 0.980719 0.996109
 0.285233 0.667587 0.909967 0.980719 0.996109
 0.285233 0.667587 0.909967 0.980719 0.996109
 0.285233 0.667587 0.909967 0.980719 0.996109
 0.285233 0.667587 0.909967 0.980719 0.996109
 0.285233 0.667587 0.909967 0.980719 0.996109
 0.285233 0.667587 0.909967 0.980719 0.996109
 0.285233 0.667587 0.909967 0.980719 0.996109
 0.285233 0.667587 0.909967 0.980719 0.996109
 0.285233 0.667587 0.909967 0.980719 0.996109
 0.285233 0.667587 0.909967 0.980719 0.996109
Scru_pelaces
 0.589134 0.942468 0.994685 0.999533 0.999959
 0.589134 0.942468 0.994685 0.999533 0.999959
 0.589134 0.942468 0.994685 0.999533 0.999959
 0.589134 0.942468 0.994685 0.999533 0.999959
 0.589134 0.942468 0.994685 0.999533 0.999959
 0.589134 0.942468 0.994685 0.999533 0.999959
 0.589134 0.942468 0.994685 0.999533 0.999959
 0.589134 0.942468 0.994685 0.999533 0.999959
 0.589134 0.942468 0.994685 0.999533 0.999959
 0.589134 0.942468 0.994685 0.999533 0.999959
 0.589134 0.942468 0.994685 0.999533 0.999959
 0.589134 0.942468 0.994685 0.999533 0.999959
 0.589134 0.942468 0.994685 0.999533 0.999959
 0.589134 0.942468 0.994685 0.999533 0.999959
 0.589134 0.942468 0.994685 0.999533 0.999959
 0.589134 0.942468 0.994685 0.999533 0.999959
 0.589134 0.942468 0.994685 0.999533 0.999959
 0.589134 0.942468 0.994685 0.999533 0.999959
 0.589134 0.942468 0.994685 0.999533 0.999959
 0.589134 0.942468 0.994685 0.999533 0.999959
 0.589134 0.942468 0.994685 0.999533 0.999959
 0.589134 0.942468 0.994685 0.999533 0.999959
 0.589134 0.942468 0.994685 0.999533 0.999959
 0.589134 0.942468 0.994685 0.999533 0.999959
 0.589134 0.942468 0.994685 0.999533 0.999959
 0.589134 0.942468 0.994685 0.999533 0.999959
 0.589134 0.942468 0.994685 0.999533 0.999959
pf_obs 
 0.256992 0.487395 0.22802 0.0275931 0
 0.321318 0.546541 0.124235 0.00734118 0.000564706
 0.182869 0.594174 0.210203 0.0122559 0.00049798
 0.330522 0.361315 0.267642 0.0388342 0.00168674
 0.649043 0.306663 0.0425973 0.00169635 0
 0.582887 0.30429 0.105238 0.00758474 0
 0.465427 0.430635 0.0974691 0.00646863 0
 0.296916 0.608066 0.0921331 0.00288517 0
 0.311714 0.524322 0.152257 0.0117073 0
 0.15457 0.633149 0.183074 0.0267441 0.00246327
 0.131901 0.49318 0.331252 0.0422183 0.00144891
 0.196976 0.569456 0.194076 0.0375587 0.00193317
 0.518974 0.381816 0.0799577 0.0180837 0.00116848
 0.0928022 0.601141 0.25162 0.0475244 0.00691264
 0.122501 0.610282 0.24278 0.0234846 0.000952079
 0.383417 0.481906 0.127806 0.00687128 0
 0.0376549 0.599619 0.316969 0.0457579 0
 0.0361596 0.667082 0.258105 0.0386534 0
 0.158088 0.579412 0.248529 0.0139706 0
 0.0477256 0.309471 0.559284 0.082774 0.000745712
 0.0406174 0.521527 0.379366 0.0568643 0.0016247
 0.151134 0.462217 0.34131 0.0453401 0
 0.294876 0.26143 0.354403 0.0886775 0.000613685
 0.281977 0.475581 0.204845 0.0348837 0.00271318
 0.0841818 0.532909 0.334909 0.0458182 0.00218182
 0.115287 0.27431 0.454777 0.147771 0.00785563
 0 0 0 0 0
pf_pred 
 0.174933 0.556326 0.238665 0.030066 9.42604e-06
 0.264595 0.481861 0.201104 0.0468013 0.00563883
 0.0779539 0.732675 0.149188 0.0321914 0.00799194
 0.215663 0.418206 0.33333 0.0262464 0.00655457
 0.330765 0.465201 0.137082 0.0611837 0.00576796
 0.123227 0.685338 0.150224 0.0279746 0.0132365
 0.480665 0.325706 0.172526 0.0167823 0.00432061
 0.260283 0.683568 0.044119 0.0107869 0.00124326
 0.518278 0.402473 0.0768963 0.00187844 0.000474349
 0.232842 0.718408 0.0453753 0.00328211 9.29353e-05
 0.13905 0.617649 0.234781 0.00795444 0.000565171
 0.235648 0.504353 0.220577 0.0381192 0.00130204
 0.169504 0.660841 0.137221 0.0277567 0.00467751
 0.301822 0.534552 0.148516 0.0123848 0.00272554
 0.316894 0.655372 0.0264064 0.0012207 0.000106933
 0.193841 0.751368 0.0543187 0.000452201 1.99576e-05
 0.137551 0.613569 0.240642 0.00817059 6.70535e-05
 0.342775 0.448939 0.176997 0.0303162 0.000973716
 0.412615 0.52564 0.0525601 0.00789147 0.00129293
 0.177748 0.727809 0.089826 0.00396586 0.000650414
 0.336215 0.434808 0.215066 0.0132643 0.000646758
 0.331282 0.539426 0.0997799 0.0277884 0.00172378
 0.199447 0.631603 0.149026 0.0155212 0.00440237
 0.244846 0.488061 0.231474 0.0315639 0.00405447
 0.0371837 0.692564 0.206026 0.0559579 0.00826826
 0.152951 0.191891 0.534682 0.0926872 0.0277885
 0.168132 0.575769 0.0893594 0.13716 0.0295789
pobs_RECLAS
 0 0 0 0 0
 0 0 0 0 0
 0 0 0 0 0
 0 0 0 0 0
 0.835266 0.146461 0.0176864 0.000547809 3.91292e-05
 0.385257 0.428462 0.181853 0.0044286 0
 0.867414 0.0963971 0.0333333 0.00285562 0
 0.441836 0.489002 0.0689373 0.000224442 0
 0.779404 0.147425 0.0564933 0.0165055 0.000172143
 0.814271 0.122319 0.05973 0.00367925 0
 0.40263 0.566651 0.0304383 0.000280538 0
 0.475488 0.404961 0.113038 0.00651328 0
 0.955842 0.0263864 0.0167828 0.000988607 0
 0.975058 0.0227948 0.00214734 0 0
 0.738997 0.206755 0.0527124 0.00153531 0
 0.850938 0.134255 0.0134407 0.00136685 0
 0.542534 0.407297 0.0501686 0 0
 0.764087 0.199537 0.0359546 0.000420521 0
 0.470689 0.182191 0.310203 0.0369168 0
 0.84361 0.089868 0.0606195 0.00523954 0.000663233
 0.607945 0.314616 0.071237 0.00620181 0
 0.523733 0.453247 0.0230204 0 0
 0.530135 0.295979 0.169645 0.0042399 0
 0.562478 0.366248 0.0663022 0.0049721 0
 0.250443 0.683176 0.0655157 0.000865301 0
 0.195077 0.31981 0.436473 0.0351445 0.0134964
 0.565238 0.351407 0.0832357 0.000118908 0
ppred_RECLAS
 0.435216 0.400257 0.145416 0.0191047 6.07283e-06
 0.570484 0.297275 0.103957 0.025205 0.00307887
 0.254177 0.622758 0.0962433 0.0214305 0.00539126
 0.503492 0.283944 0.19272 0.0158341 0.00400939
 0.630936 0.265677 0.0684011 0.0319329 0.00305275
 0.349351 0.5311 0.0929819 0.017956 0.00861152
 0.782141 0.146825 0.0630089 0.00636476 0.001661
 0.579858 0.395421 0.0192882 0.00486452 0.000568124
 0.812431 0.16332 0.0235053 0.000592109 0.000151506
 0.514977 0.458637 0.0244867 0.00184683 5.30211e-05
 0.382874 0.468379 0.143343 0.00504016 0.000362991
 0.542797 0.321922 0.114096 0.0204761 0.000708964
 0.445927 0.461672 0.0742262 0.0155236 0.00265112
 0.724739 0.236774 0.034931 0.00290854 0.000647446
 0.699192 0.293552 0.00690634 0.000321522 2.85023e-05
 0.466729 0.503383 0.0296195 0.000256176 1.14609e-05
 0.383554 0.46592 0.145367 0.0051164 4.25584e-05
 0.684679 0.233098 0.0695361 0.0122871 0.000399894
 0.724551 0.251749 0.0200585 0.00312238 0.000518513
 0.438224 0.507202 0.0517985 0.0023797 0.000395657
 0.646308 0.243775 0.102961 0.00662784 0.000327677
 0.635768 0.301843 0.0476634 0.0138542 0.000871395
 0.46647 0.433414 0.0878173 0.00955134 0.00274696
 0.537991 0.313911 0.12757 0.0181621 0.00236556
 0.119967 0.657003 0.168173 0.0477087 0.00714798
 0.410776 0.149854 0.355516 0.0643056 0.019548
 0.44948 0.407419 0.048787 0.0773985 0.0169149
pobs_PELACES
 0 0 0 0 0
 0 0 0 0 0
 0 0 0 0 0
 0 0 0 0 0
 0 0 0 0 0
 0 0 0 0 0
 0 0 0 0 0
 0 0 0 0 0
 0 0 0 0 0
 0 0 0 0 0
 0.450072 0.473896 0.0757376 0.000293798 0
 0 0 0 0 0
 0.463077 0.371075 0.160297 0.00555027 0
 0.529543 0.364841 0.0842815 0.0213345 0
 0.631943 0.363953 0.00410389 0 0
 0.735681 0.248677 0.0153453 0.000297389 0
 0.695825 0.281241 0.0229344 0 0
 0.275771 0.60734 0.115278 0.00161068 0
 0 0 0 0 0
 0.896147 0.0623911 0.0374545 0.00400742 0
 0.803859 0.145111 0.0509908 3.86294e-05 0
 0.739449 0.233085 0.0266225 0.000797448 4.60066e-05
 0.878498 0.100942 0.0204185 0.000141795 0
 0.694673 0.275183 0.0284847 0.00165964 0
 0.469039 0.446079 0.0841089 0.000773354 0
 0.822795 0.102175 0.0682046 0.00682512 0
 0 0 0 0 0
ppred_PELACES
 0.592281 0.317296 0.0806271 0.00979221 3.06445e-06
 0.723338 0.212833 0.0510364 0.0114199 0.00137324
 0.443826 0.498226 0.0462287 0.0093942 0.00232507
 0.662183 0.221419 0.106303 0.00808154 0.00201475
 0.735145 0.205514 0.0402171 0.0174784 0.00164566
 0.533408 0.408981 0.0456958 0.00809479 0.00382046
 0.886507 0.0865179 0.024157 0.00224207 0.000575856
 0.756704 0.2347 0.00684156 0.00157405 0.000180855
 0.909972 0.0827338 0.00709034 0.000162887 4.10031e-05
 0.65086 0.335752 0.0124929 0.000870764 2.46114e-05
 0.569622 0.357388 0.070551 0.00227761 0.000161433
 0.718479 0.221666 0.0511354 0.00843214 0.000287338
 0.644762 0.316951 0.031297 0.00598484 0.00100566
 0.910443 0.0836365 0.00543085 0.000402028 8.79198e-05
 0.88179 0.116849 0.00130226 5.42342e-05 4.72487e-06
 0.629505 0.356637 0.0137433 0.000109274 4.8116e-06
 0.577393 0.35085 0.0694963 0.00224279 1.83586e-05
 0.842133 0.130663 0.0233233 0.00376001 0.000120392
 0.844097 0.147202 0.00746198 0.00106524 0.000174082
 0.596021 0.376863 0.0258429 0.00109377 0.000179004
 0.770518 0.173939 0.0522761 0.00311533 0.000151647
 0.754787 0.214274 0.0240626 0.00647469 0.000400965
 0.601971 0.341668 0.0499061 0.00503056 0.00142458
 0.679381 0.240196 0.070006 0.00923297 0.00118408
 0.19285 0.650188 0.12057 0.0317132 0.0046786
 0.603219 0.130416 0.218789 0.0366174 0.0109593
 0.66045 0.282419 0.0206854 0.0299956 0.00644985
pobs_pel_tallas
 0 0 0 0 0 0 0 0 0 0 0 0 0 0 0 0 0 0 0 0 0 0 0 0 0 0 0 0 0 0 0 0 0 0 0 0
 0 0 0 0 0 0 0 0 0 0 0 0 0 0 0 0 0 0 0 0 0 0 0 0 0 0 0 0 0 0 0 0 0 0 0 0
 0 0 0 0 0 0 0 0 0 0 0 0 0 0 0 0 0 0 0 0 0 0 0 0 0 0 0 0 0 0 0 0 0 0 0 0
 0 0 0 0 0 0 0 0 0 0 0 0 0 0 0 0 0 0 0 0 0 0 0 0 0 0 0 0 0 0 0 0 0 0 0 0
 0 0 0 0 0 0 0 0 0 0 0 0 0 0 0 0 0 0 0 0 0 0 0 0 0 0 0 0 0 0 0 0 0 0 0 0
 0 0 0 0 0 0 0 0 0 0 0 0 0 0 0 0 0 0 0 0 0 0 0 0 0 0 0 0 0 0 0 0 0 0 0 0
 0 0 0 0 0 0 0 0 0 0 0 0 0 0 0 0 0 0 0 0 0 0 0 0 0 0 0 0 0 0 0 0 0 0 0 0
 0 0 0 0 0 0 0 0 0 0 0 0 0 0 0 0 0 0 0 0 0 0 0 0 0 0 0 0 0 0 0 0 0 0 0 0
 0 0 0 0 0 0 0 0 0 0 0 0 0 0 0 0 0 0 0 0 0 0 0 0 0 0 0 0 0 0 0 0 0 0 0 0
 0 0 0 0 0 0 0 0 0 0 0 0 0 0 0 0 0 0 0 0 0 0 0 0 0 0 0 0 0 0 0 0 0 0 0 0
 0 0 0 0 0 0 0 0 1.78061e-05 0.00172719 0.00360574 0.0105946 0.0120993 0.0124554 0.0147524 0.0171206 0.0266825 0.0428682 0.0675386 0.121331 0.153587 0.119568 0.100827 0.0573624 0.0630603 0.0341343 0.0324427 0.0444173 0.0211091 0.0280891 0.0125444 0.00206551 0 0 0 0
 0 0 0 0 0 0 0 0 0 0 0 0 0 0 0 0 0 0 0 0 0 0 0 0 0 0 0 0 0 0 0 0 0 0 0 0
 0 0 0 0 0 0 0.0133647 0.0140871 0.0187388 0.0205184 0.03894 0.0496705 0.03968 0.0493445 0.0407372 0.0367815 0.0215668 0.0243155 0.0234873 0.0199281 0.019796 0.0243948 0.0301388 0.0376714 0.0412746 0.0863199 0.0771752 0.113111 0.0741005 0.0525337 0.0229764 0.00759418 0.00175318 0 0 0
 0 0 0 0 0 0 0 0 0 0 0.00219441 0.00772107 0.0458388 0.0604681 0.0671733 0.0775358 0.0609151 0.0617685 0.073594 0.0568108 0.0755445 0.0548602 0.0670107 0.0636378 0.0643287 0.046367 0.0373049 0.0286899 0.0247887 0.0153202 0.00654259 0.00121912 0.000365735 0 0 0
 0 0 0 0 0 0 0 0 0 0 0 0 0.000112435 0.00938835 0.0111873 0.0202946 0.0414886 0.0713402 0.111592 0.104902 0.108894 0.110636 0.117776 0.105296 0.107544 0.0401394 0.0192827 0.0124803 0.00416011 0.0028671 0.000618394 0 0 0 0 0
 0 0 0 0 0 0 0 0 0 0 0.00291406 0.0102884 0.027416 0.0768956 0.0749926 0.110853 0.0956884 0.0897413 0.0766577 0.0534642 0.0500743 0.0551293 0.0594112 0.0620874 0.0668451 0.0424026 0.0208742 0.0120726 0.0048766 0.00582813 0.00118941 0.000297354 0 0 0 0
 0 0.00264628 0.0354308 0.0461629 0.0458689 0.0383711 0.0214643 0.0164657 0.0346957 0.0420465 0.0363128 0.0245516 0.0311673 0.0291091 0.0169068 0.0133784 0.00837989 0.0085269 0.0148486 0.0160247 0.0276389 0.0546898 0.0760071 0.122758 0.109233 0.0665981 0.0333725 0.0166128 0.00676272 0.00308733 0.000882094 0 0 0 0 0
 0 0 0 0 0 0 0 0.000805153 0.000690131 0.00759144 0.0133425 0.0154129 0.00931677 0.000345066 0.00356568 0.00563607 0.00851162 0.0253048 0.0502646 0.0516448 0.0657925 0.0565908 0.0611916 0.0827007 0.0866115 0.110766 0.145733 0.0935128 0.0569358 0.0249597 0.0138026 0.00621118 0.00161031 0.00115022 0 0
 0 0 0 0 0 0 0 0 0 0 0 0 0 0 0 0 0 0 0 0 0 0 0 0 0 0 0 0 0 0 0 0 0 0 0 0
 0.00147267 0.00158595 0.00478618 0.00569244 0.00954404 0.0108468 0.00647125 0.017049 0.0510054 0.094081 0.124002 0.0959785 0.0687766 0.0820023 0.061753 0.0591476 0.0492212 0.0479892 0.0443925 0.0268479 0.0217502 0.0140895 0.0121071 0.0120363 0.00920419 0.00665534 0.0049561 0.00860946 0.00930331 0.0156896 0.0114698 0.00855282 0.00243557 0.00046729 0 2.83206e-05
 0 0 0 0 0.000772559 0.00158375 0.000888443 0.00281984 0.00712685 0.0440552 0.0773331 0.111326 0.0921469 0.0852325 0.0710754 0.0886704 0.0786465 0.0553345 0.0373146 0.0185414 0.00753245 0.00457741 0.012979 0.0271748 0.0457355 0.0583668 0.034881 0.0177882 0.00938659 0.00492506 0.0015258 0.00185414 0.000309023 5.79419e-05 3.86279e-05 0
 0 0.00173294 0.00326652 0 0.00397197 0.00683976 0.00946217 0.0152591 0.00757587 0.0136028 0.0228656 0.0392903 0.0559909 0.0764795 0.0681675 0.0726916 0.0566044 0.0477403 0.0527397 0.0444891 0.0609904 0.0582453 0.0661739 0.0445044 0.0529084 0.0360697 0.0280645 0.0235558 0.0158879 0.00826598 0.00280645 0.00217768 0.000904811 0.00058276 9.20147e-05 0
 0 0 0 0 0 0 0 0 0 0 0 0 0 0 0 0 0 0 0 0 0 0 0 0 0 0 0 0 0 0 0 0 0 0 0 0
 0 0 0 0 0 0 0 0 0 0 0 0 0 0 0 0 0 0 0 0 0 0 0 0 0 0 0 0 0 0 0 0 0 0 0 0
 0 0 0 0 0 0 0 0 0 0 0 0 0 0 0 0 0 0 0 0 0 0 0 0 0 0 0 0 0 0 0 0 0 0 0 0
 0 0 0 0 0 0 0 0 0 0 0 0 0 0 0 0 0 0 0 0 0 0 0 0 0 0 0 0 0 0 0 0 0 0 0 0
 0 0 0 0 0 0 0 0 0 0 0 0 0 0 0 0 0 0 0 0 0 0 0 0 0 0 0 0 0 0 0 0 0 0 0 0
ppred_pel_tallas
 1.01585e-16 2.58519e-05 0.000151705 0.000721086 0.00277613 0.00865704 0.0218672 0.0447446 0.0741747 0.0996313 0.108463 0.0957762 0.0687876 0.0406049 0.0205661 0.0105249 0.00774251 0.00895524 0.0121311 0.0162965 0.0209082 0.0254798 0.0294938 0.0324596 0.0340133 0.0339998 0.0325034 0.0298146 0.0263498 0.0225495 0.0187904 0.0153339 0.0123165 0.00977194 0.0076693 0.0059493
 1.01251e-16 3.15623e-05 0.00018524 0.000880536 0.00339009 0.0105717 0.0267032 0.0546388 0.0905712 0.121639 0.132378 0.116793 0.0836609 0.0489394 0.0239647 0.0109199 0.0063806 0.00630342 0.00819886 0.0109451 0.0140337 0.0171053 0.0198074 0.0218113 0.0228741 0.0228926 0.0219234 0.0201611 0.0178831 0.015382 0.0129069 0.0106289 0.00863562 0.00694659 0.00553926 0.00437369
 1.0125e-16 1.93858e-05 0.000113727 0.000540498 0.00208076 0.0064885 0.0163899 0.033539 0.0556065 0.0747137 0.0813975 0.0720224 0.0520444 0.0313584 0.0170582 0.0106442 0.0101712 0.0132639 0.018393 0.0247091 0.031556 0.0382073 0.0438567 0.0477472 0.0493388 0.0484374 0.045241 0.0402799 0.0342801 0.0279914 0.0220407 0.0168436 0.0125887 0.00927749 0.00679262 0.00496673
 1.01954e-16 2.88961e-05 0.000169586 0.000806113 0.00310354 0.00967807 0.0244461 0.0500206 0.0829169 0.111362 0.121202 0.106952 0.0766532 0.0449248 0.0221583 0.0103699 0.0064441 0.00669789 0.00886494 0.0119205 0.015387 0.0189077 0.0221187 0.0246696 0.0262878 0.0268339 0.0263263 0.0249215 0.022865 0.0204271 0.0178482 0.0153063 0.0129116 0.0107187 0.00874793 0.00700369
 1.01316e-16 3.20768e-05 0.000188261 0.000894901 0.00344541 0.0107442 0.027139 0.0555302 0.0920485 0.123622 0.134533 0.118688 0.0850037 0.0496955 0.0242799 0.0109703 0.00628045 0.00609671 0.00788737 0.0105155 0.0134734 0.0164099 0.0189854 0.0208843 0.0218755 0.0218635 0.0209079 0.0192007 0.0170127 0.0146274 0.0122834 0.0101419 0.00828153 0.00671428 0.00541197 0.00433108
 1.01239e-16 2.32884e-05 0.000136647 0.000649479 0.0025004 0.00779715 0.0196953 0.0403015 0.0668127 0.0897534 0.0977374 0.086373 0.062181 0.0369999 0.0192838 0.0107526 0.00898774 0.0110793 0.0151898 0.020381 0.0260412 0.0315584 0.0362681 0.0395476 0.0409507 0.0403133 0.037791 0.0338114 0.0289621 0.0238519 0.0189901 0.0147161 0.0111858 0.00840461 0.00628256 0.00468974
 1.00476e-16 3.86721e-05 0.000226992 0.00107906 0.00415449 0.0129555 0.0327243 0.0669574 0.110986 0.14904 0.162156 0.142963 0.102187 0.059331 0.0282223 0.0114561 0.00475562 0.00310838 0.00345535 0.00448822 0.00573776 0.00699586 0.00810758 0.0089368 0.00938334 0.00940356 0.00901875 0.00830624 0.00737763 0.00635145 0.00532944 0.00438264 0.0035488 0.00283835 0.00224452 0.00175301
 1.00237e-16 3.3018e-05 0.000193784 0.000921153 0.00354647 0.0110593 0.0279351 0.0571593 0.0947495 0.127251 0.138487 0.122186 0.0875304 0.0512157 0.0251014 0.0114713 0.0067402 0.00667145 0.00864826 0.0114781 0.0146047 0.0176255 0.0201488 0.0218185 0.0223856 0.0217683 0.020073 0.0175649 0.0146014 0.011549 0.008712 0.00628926 0.00436648 0.00293553 0.00192823 0.0012508
 1.00136e-16 3.9695e-05 0.000232998 0.00110761 0.00426444 0.0132983 0.0335904 0.0687293 0.113923 0.152983 0.166444 0.146739 0.104875 0.0608707 0.0289142 0.0116653 0.00472873 0.00295393 0.00319664 0.00411181 0.00521901 0.00630962 0.00723335 0.00786203 0.00810593 0.00793343 0.00737846 0.00653059 0.00551204 0.00444916 0.00344763 0.00257768 0.00187125 0.00132854 0.000929346 0.00064462
 1.00318e-16 2.84068e-05 0.000166703 0.000792387 0.00305065 0.00951312 0.0240296 0.0491692 0.0815087 0.10948 0.119179 0.105226 0.0755463 0.0445364 0.0224477 0.0113033 0.00807611 0.00916067 0.0123054 0.0164261 0.0209184 0.0252518 0.0288742 0.0312765 0.0321017 0.0312316 0.0288166 0.0252346 0.0209957 0.0166238 0.0125541 0.00907234 0.00630262 0.00423535 0.00277504 0.00178924
 1.01204e-16 2.48655e-05 0.00014591 0.000693528 0.00267001 0.0083261 0.0210313 0.0430347 0.0713416 0.0958304 0.104337 0.0921616 0.0662539 0.0392343 0.0201024 0.0106624 0.00830053 0.0098903 0.0134739 0.0180887 0.0231593 0.0281433 0.0324573 0.0355511 0.037023 0.0367119 0.0347321 0.031434 0.0273103 0.0228778 0.0185759 0.0147054 0.0114169 0.0087366 0.00661104 0.00495117
 1.01102e-16 3.13508e-05 0.000183997 0.000874626 0.00336734 0.0105007 0.026524 0.0542721 0.0899637 0.120824 0.131494 0.116018 0.0831183 0.0486469 0.0238676 0.0109535 0.00650695 0.00651427 0.00850201 0.0113507 0.0145448 0.0177122 0.0204858 0.0225229 0.0235713 0.0235254 0.0224475 0.0205442 0.0181097 0.0154536 0.0128397 0.0104496 0.00837609 0.00663904 0.00521278 0.00405206
 1.00801e-16 2.81402e-05 0.00016514 0.000784956 0.00302205 0.00942392 0.0238043 0.048708 0.0807439 0.108452 0.118056 0.104228 0.0748137 0.0440731 0.0221568 0.0110644 0.00779397 0.00877369 0.0117786 0.0157472 0.0201016 0.0243419 0.0279483 0.0304377 0.0314658 0.030908 0.0288887 0.025744 0.0219342 0.0179355 0.0141462 0.010831 0.00811091 0.00598811 0.00438969 0.00321075
 1.00123e-16 3.97156e-05 0.000233119 0.00110819 0.00426665 0.0133052 0.0336078 0.0687649 0.113982 0.153062 0.16653 0.146816 0.104931 0.0609046 0.0289334 0.0116782 0.00474173 0.00297074 0.00321894 0.00413988 0.00525173 0.0063444 0.00726611 0.00788763 0.00811893 0.00792903 0.00735355 0.00648438 0.0054464 0.00436831 0.0033574 0.00248455 0.00178133 0.00124678 0.000859071 0.000587397
 1.00059e-16 3.84675e-05 0.000225789 0.00107333 0.00413243 0.0128867 0.0325506 0.0666021 0.110398 0.148252 0.161306 0.14223 0.101696 0.0591148 0.0282473 0.0116863 0.00518723 0.00376822 0.00438049 0.00570282 0.00723356 0.00871889 0.00995397 0.0107602 0.0110144 0.0106772 0.00980344 0.00852758 0.00702989 0.005495 0.00407583 0.00287207 0.00192602 0.00123242 0.000755452 0.000446167
 1.00316e-16 2.74765e-05 0.00016124 0.000766407 0.00295062 0.00920115 0.0232416 0.0475571 0.0788373 0.105895 0.115284 0.101805 0.0731293 0.0431904 0.0219153 0.0112743 0.00835348 0.00967454 0.0130596 0.0174459 0.0222191 0.0268217 0.0306685 0.0332188 0.0340931 0.0331657 0.0305964 0.0267867 0.0222785 0.0176286 0.0132999 0.00959631 0.00665027 0.00445199 0.00290026 0.00185444
 1.01179e-16 2.52041e-05 0.000147899 0.000702983 0.00270642 0.00843963 0.0213181 0.0436214 0.0723138 0.0971353 0.105755 0.0934075 0.0671353 0.0397275 0.0203022 0.010683 0.00821535 0.00972661 0.0132319 0.0177601 0.0227384 0.0276321 0.0318683 0.0349069 0.0363532 0.0360491 0.0341065 0.0308694 0.0268211 0.0224691 0.0182447 0.0144434 0.011213 0.00857965 0.00649091 0.00485961
 1.00509e-16 3.67389e-05 0.000215639 0.00102507 0.00394663 0.0123072 0.031087 0.0636077 0.105435 0.14159 0.154062 0.135855 0.0971652 0.0565361 0.0271191 0.0114009 0.00533949 0.00418682 0.00503653 0.00662435 0.00845892 0.0102758 0.0118499 0.0129792 0.0135174 0.0134066 0.0126895 0.0114946 0.010002 0.00840001 0.00684787 0.00545368 0.00427039 0.00330557 0.00253815 0.00193476
 1.00199e-16 3.68252e-05 0.000216144 0.00102747 0.00395585 0.012336 0.0311597 0.0637565 0.105682 0.141923 0.154427 0.136185 0.0974188 0.0567182 0.0272707 0.0115739 0.00558071 0.00453316 0.00551387 0.00724396 0.00921135 0.0111254 0.0127335 0.0138108 0.0141997 0.0138472 0.0128172 0.0112733 0.00943673 0.00753516 0.00575797 0.00422974 0.00300518 0.00208118 0.00141765 0.000958655
 1.00536e-16 2.60173e-05 0.000152671 0.000725666 0.00279375 0.00871195 0.022006 0.045029 0.0746477 0.100271 0.109171 0.0964298 0.0693182 0.0410404 0.0210106 0.011113 0.00860671 0.0102121 0.0138695 0.0185584 0.0236632 0.0286039 0.0327642 0.0355711 0.0366195 0.0357693 0.0331802 0.0292655 0.0245875 0.0197257 0.0151639 0.011222 0.00804318 0.00562419 0.00386769 0.00263572
 1.00913e-16 3.3618e-05 0.000197312 0.000937937 0.00361111 0.0112609 0.0284442 0.0582006 0.0964739 0.129561 0.140987 0.124359 0.0890144 0.0519382 0.0251855 0.0110582 0.00588517 0.00534306 0.00677875 0.00901851 0.0115681 0.0141151 0.016367 0.0180522 0.0189681 0.019025 0.0182636 0.0168372 0.0149687 0.0128956 0.0108229 0.00889491 0.00719007 0.00573229 0.00451091 0.00349965
 1.00653e-16 3.29336e-05 0.000193291 0.000918811 0.00353746 0.0110312 0.0278641 0.0570139 0.094508 0.126925 0.138128 0.121859 0.0872754 0.051024 0.0249288 0.0112615 0.0064405 0.00623825 0.00804957 0.0106991 0.0136557 0.016549 0.019022 0.0207469 0.0214898 0.0211641 0.0198508 0.0177734 0.0152388 0.0125653 0.0100193 0.00777827 0.00592399 0.00445972 0.00333903 0.00249472
 1.0106e-16 2.62753e-05 0.000154189 0.00073289 0.00282157 0.00879874 0.0222251 0.0454772 0.0753895 0.101264 0.110244 0.0973576 0.0699416 0.0413222 0.0209952 0.0108493 0.00810383 0.00944071 0.0127865 0.0171347 0.0219069 0.0265764 0.0305849 0.0334093 0.0346723 0.03423 0.0322042 0.0289434 0.0249308 0.0206694 0.016583 0.0129571 0.00992757 0.00750752 0.00563146 0.00420019
 1.01445e-16 2.96467e-05 0.000173991 0.000827053 0.00318416 0.00992947 0.0250811 0.05132 0.0850712 0.114256 0.124354 0.109737 0.0786597 0.0461203 0.0227831 0.0107183 0.00672942 0.00703393 0.00929772 0.0124541 0.015992 0.0195211 0.022646 0.0249937 0.0262855 0.0263978 0.0253864 0.0234619 0.0209297 0.0181146 0.0152958 0.012669 0.0103386 0.00833553 0.0066439 0.00522801
 1.03232e-16 8.4484e-06 4.95005e-05 0.000235125 0.000904944 0.00282172 0.00712812 0.01459 0.0242029 0.0325595 0.0355781 0.0317319 0.0234772 0.0152402 0.0102726 0.00942646 0.012055 0.0172693 0.0244254 0.0329898 0.0422955 0.0514491 0.0594116 0.0651893 0.0680545 0.0677136 0.0643694 0.0586488 0.051432 0.0436394 0.036048 0.029184 0.0233041 0.0184455 0.0145092 0.0113401
 1.04919e-16 2.63216e-05 0.000154479 0.000734309 0.00282711 0.00881604 0.0222686 0.0455646 0.0755289 0.101435 0.110385 0.097376 0.0697249 0.0407341 0.0198535 0.0089038 0.00503779 0.00490795 0.00648421 0.00890194 0.0118294 0.0150678 0.0184115 0.0216342 0.0245164 0.0268745 0.028581 0.029567 0.0298136 0.0293395 0.0281908 0.026438 0.0241781 0.0215352 0.0186568 0.0157024
 1.01718e-16 2.88228e-05 0.00016915 0.000804031 0.00309551 0.009653 0.0243829 0.0498916 0.0827047 0.111082 0.120909 0.106723 0.0765536 0.0449952 0.0224302 0.0108891 0.00728014 0.00793398 0.0105742 0.0141352 0.0180686 0.0219257 0.025247 0.0276066 0.0287005 0.0284172 0.0268628 0.0243266 0.021204 0.0179001 0.014749 0.0119661 0.00964276 0.0077709 0.0062835 0.00509344
pSPR Fmed_Fpbrs
0.53503   0.6 0.325
Fs Fmed_Fpbrs
0.64   0.481684 1.71961
SSBpbr Bo_Bmed_Bpbrs
516619  250576  284141 142070
Ro
24343
SPR SPRFo_SPRFmed_SPRFpbrs
502786 269006 163406
log_Ro
9.92
likeval ReclasPelacesDesembMPH_pf_preclas_ppelaces_ptallas_desvR_qrecl_qpela
 89.1638 9.68603 0.120187 101.337 350.191 223.313 59.6367 0 25.5897 3.1889e-05 0.000173384 8.46112e-14 0 0 0
q_reclas_q_pelaces
2.226 6.51002
M
0.7
N
 26560.8 13297.9 4134.71 510.612 0.159914
 41292.2 12279.3 3786.91 865.234 104.146
 9810.09 18825.7 3138.04 669.736 166.175
 13629.2 4073.44 2326.12 179.388 44.7493
 33777.3 6351.03 1233.72 535.674 50.4252
 16081.7 16556.3 2850.13 523.447 247.493
 57413.8 6970.65 2856.64 273.756 70.4226
 46708.7 25226.3 1336.62 323.293 37.2406
 120390 19331.4 3038.56 73.4416 18.5353
 101638 49700.4 2283.36 161.953 4.58105
 58032.2 46869.4 13878.1 463.451 32.9036
 66131.9 25343.6 8572.61 1459.47 49.812
 37833.4 29064.7 4869.88 973.37 163.927
 29769.6 15962.2 4065.61 337.587 74.2767
 17178.7 9936 361.061 16.606 1.45429
 8792.11 6037.77 335.904 2.75383 0.12144
 4659.47 3880.93 1200.06 40.1966 0.329644
 7485.81 2012.26 650.785 110.267 3.53961
 13082.4 3100.94 244.081 36.1485 5.91824
 8148.38 5658.28 526.088 22.8372 3.74203
 18573.9 3660.48 1289.08 77.8289 3.79058
 34988.2 8691.53 1145.36 312.274 19.3492
 34772.3 16365.7 2710.86 276.079 78.2124
 54877.7 16421 5498.45 733.477 94.1071
 9417.85 25821.6 5363.24 1423.76 210.117
 23067.4 4462.97 8912.27 1513.17 453.161
 15823 10746.8 1349.48 2047.14 441.197
pred_Ctot
 1323.97 4210.51 1806.32 227.552 0.0713402
 2444.13 4451.08 1857.66 432.317 52.0874
 1167.82 10976.1 2234.96 482.255 119.726
 606.198 1175.52 936.943 73.7748 18.424
 314.551 442.397 130.362 58.1844 5.48521
 1481.95 8241.99 1806.61 336.427 159.184
 4790.47 3246.1 1719.45 167.258 43.0606
 5654.25 14849.5 958.42 234.328 27.0079
 14759.1 11461.3 2189.79 53.4927 13.5081
 5239.51 16165.9 1021.05 73.8554 2.09127
 5069.07 22516.3 8558.91 289.978 20.6033
 5506.3 11785 5154.14 890.715 30.4243
 4130.24 16102.5 3343.6 676.337 113.975
 7181.41 12718.9 3533.73 294.677 64.8502
 3682.63 7616.07 306.869 14.1857 1.24267
 707.324 2741.73 198.208 1.65007 0.0728251
 440.269 1963.88 770.237 26.1521 0.214622
 902.058 1181.44 465.791 79.7811 2.56247
 1223.65 1558.84 155.873 23.403 3.83432
 562.096 2301.56 284.058 12.5413 2.05681
 773.108 999.815 494.532 30.5005 1.48718
 1466.19 2387.39 441.605 122.986 7.6291
 1229.3 3892.91 918.526 95.6655 27.1341
 2077.15 4140.46 1963.71 267.772 34.3961
 310.463 5782.51 1720.2 467.216 69.0352
 1029.3 1291.35 3598.21 623.749 187.006
 1755.76 6012.61 933.157 1432.33 308.885
F
 0.071524 0.556055 0.864173 0.890132 0.891542
 0.0854493 0.664316 1.03242 1.06344 1.06512
 0.178924 1.39102 2.1618 2.22674 2.23027
 0.0635999 0.49445 0.768432 0.791515 0.792769
 0.0130237 0.101252 0.157357 0.162084 0.16234
 0.135975 1.05712 1.64288 1.69224 1.69492
 0.122398 0.951566 1.47884 1.52327 1.52568
 0.182201 1.4165 2.20141 2.26754 2.27113
 0.184719 1.43608 2.23183 2.29888 2.30252
 0.0740508 0.575699 0.894703 0.921579 0.923039
 0.128472 0.998794 1.55224 1.59887 1.6014
 0.122126 0.949456 1.47556 1.51989 1.5223
 0.162966 1.26696 1.969 2.02815 2.03136
 0.397322 3.08894 4.80056 4.94477 4.9526
 0.345634 2.6871 4.17605 4.3015 4.30831
 0.117779 0.915662 1.42304 1.46579 1.46811
 0.139645 1.08565 1.68722 1.73791 1.74066
 0.181302 1.40951 2.19055 2.25635 2.25992
 0.138145 1.07399 1.66911 1.71925 1.72197
 0.100226 0.779194 1.21096 1.24733 1.24931
 0.0594092 0.46187 0.717799 0.739362 0.740532
 0.0598224 0.465082 0.722791 0.744504 0.745683
 0.0502576 0.390722 0.607227 0.625468 0.626458
 0.0538942 0.418994 0.651165 0.670726 0.671788
 0.0467925 0.363783 0.56536 0.582344 0.583266
 0.0638112 0.496092 0.770984 0.794144 0.795402
 0.165849 1.28937 2.00383 2.06402 2.06729
Np
 15240.8 7281.51 2447.86 457.666 36.246
YTP_r0W_actual
 3544.62 44071.8 11675.2 23166 5547.6
YTP_p0W_proyectada
 3414.21 27298.3 12717.6 1022.38 1724.58
 3414.21 29860.8 21177.9 5179.07 455.757
CTP_r0_actual
 432.271 2040.36 371.822 577.706 124.665
CTP_p0_proyectada
 416.367 1263.81 405.018 25.4958 38.7547
 416.367 1382.45 674.456 129.154 10.2417
Wmedp
 8.2 21.6 31.4 40.1 44.5
nmprior
 10.8 10.6 4.6 0
nm_flota  nm_reclas  nm_pelaces    nm_pelaL
inf 14.3985 10.8998 28.339
cv_recla  cv_pelaces  cv_mph
0.817758 0.340929 0.403562
 ------------------------------------------------
Talla a la edad & desviaci?n 
 7.2 14.2025 17.0495 18.207 18.6776
 1.08 2.13037 2.55742 2.73105 2.80164
