years
 1997 1998 1999 2000 2001 2002 2003 2004 2005 2006 2007 2008 2009 2010 2011 2012 2013 2014 2015 2016 2017 2018 2019 2020 2021 2022 2023
reclasobs
 0 0 0 370054 412103 1.49427e+06 250295 1.28982e+06 931140 785840 897777 1.04006e+06 184774 17550 25797 100020 73551 82996 120727 218422 84188 347160 605670 569463 516374 1.08416e+06 1.01767e+06
reclaspred
 431409 120852 373955 239693 276428 287627 614758 454396 774733 731801 603453 424200 260321 136532 104585 86805.3 73694.6 96749.3 126158 181740 282319 335461 616656 691136 713716 581473 569526
pelacesobs
 0 0 0 0 0 0 0 0 0 2.06254e+06 1.5e+06 0 1.87456e+06 323000 250000 174000 83755 137374 0 501740 490994 745055 786931 1.00524e+06 1.33801e+06 1.41789e+06 0
pelacespred
 1.43547e+06 352273 643729 653344 647864 549086 1.3433e+06 1.15598e+06 1.85464e+06 1.74754e+06 1.31997e+06 968695 601357 276172 206298 180161 159461 199131 257744 365221 657286 701419 1.09692e+06 1.49277e+06 1.51089e+06 1.37124e+06 1.23608e+06
mphobs
 0 0 0 0 0 0 112323 0 153150 637223 0 255016 313432 73983 77613 109348 50772 17779 17303 59886 28197 0 207744 136588 643089 65757 70829
mphpred
 141395 93224 114972 140898 123468 152324 206272 241118 254882 374859 357690 264992 167767 106271 59677.1 50767.7 41441.4 42478.1 23831.8 33400.1 50558.4 68737.5 111885 159246 179315 156455 123444
desembarqueobs
 350755 77701 442110 56441 14545 235359 269955 359681 431902 328805 639364 411747 362871 311530 167758 66681 60226 58785 57116 73181 50977 67692 138656 160484 209506 203330 245020
desembarquepred
 350770 77706.8 442185 56445 14545.4 235511 270005 359717 431840 328855 639696 411979 363465 311986 167809 66724.2 60296.5 58799 57103.3 73190.3 50977.5 67683.1 138663 160487 209574 203386 245029
Reclutas
 62468.3 73406.2 42079.2 50218.2 67704.5 49018.1 93759.8 109992 241063 156864 74304.8 46103.9 40815.5 29340.7 21316.5 15086 10505.1 18431.8 33868.2 35728.6 64542.1 130955 131565 145285 38795.1 55908.5 140892
log_desv_Rt
 0.102414 0.263764 -0.292691 -0.115867 0.182908 -0.140055 0.508491 0.668161 1.45281 1.02313 0.27593 -0.201348 -0.323182 -0.65327 -0.972763 -1.31848 -1.68039 -1.11817 -0.509767 -0.456294 0.135073 0.842606 0.847255 0.946452 -0.373952 -0.00852789 0.91575
SSB
 744227 490679 605148 741608 649868 801750 1.05774e+06 1.25601e+06 1.31579e+06 1.93907e+06 1.88268e+06 1.39477e+06 903740 488554 280550 242381 206241 204490 261740 382425 553367 735052 1.22472e+06 1.67637e+06 2.04258e+06 1.82928e+06 1.36671e+06
BT
 2.58094e+06 690602 1.26393e+06 1.09886e+06 1.04147e+06 1.06417e+06 2.32506e+06 2.23892e+06 3.34046e+06 3.08793e+06 2.67095e+06 1.91943e+06 1.31521e+06 742772 472956 342927 307350 364454 457949 637371 1.08686e+06 1.17534e+06 1.83349e+06 2.50758e+06 2.56747e+06 2.365e+06 2.18328e+06
Ftot
 0.403605 0.305597 0.445496 0.0900433 0.021731 0.273751 0.190952 0.360521 0.31555 0.176772 0.35247 0.313707 0.471582 0.78587 0.620921 0.265383 0.297449 0.259225 0.2024 0.163163 0.0821774 0.0903603 0.0812673 0.088908 0.0909563 0.113323 0.176618
BD_Bspro_t
 0.951964 0.779255 0.741684 0.621632 0.70781 0.796521 0.740528 0.752451 0.732495 0.761693 0.732546 0.601814 0.503338 0.399566 0.303306 0.321979 0.369715 0.456383 0.577684 0.710803 0.79066 0.865169 0.897293 0.895851 0.887677 0.8441 0.802897
BD_Bspro
 0.63902 0.421315 0.519602 0.636772 0.558 0.688412 0.908215 1.07846 1.12978 1.66496 1.61654 1.1976 0.775984 0.41949 0.240891 0.208117 0.177086 0.175583 0.224739 0.328364 0.475141 0.631142 1.05159 1.4394 1.75384 1.57068 1.1735
BD_Bo
 0.311293 0.20524 0.253119 0.310197 0.271824 0.335353 0.442428 0.52536 0.550362 0.811069 0.787481 0.583401 0.378013 0.204351 0.117348 0.101382 0.0862659 0.0855335 0.10948 0.15996 0.23146 0.307455 0.51227 0.701188 0.854365 0.765143 0.571661
BD_Brms
 0.565987 0.373163 0.460217 0.563995 0.494226 0.609733 0.804415 0.9552 1.00066 1.47467 1.43178 1.06073 0.687297 0.371547 0.213359 0.184331 0.156847 0.155516 0.199054 0.290835 0.420837 0.559009 0.9314 1.27489 1.55339 1.39117 1.03938
S_f
 0.199701 1 1 1 1
 0.199701 1 1 1 1
 0.199701 1 1 1 1
 0.199701 1 1 1 1
 0.199701 1 1 1 1
 0.199701 1 1 1 1
 0.199701 1 1 1 1
 0.199701 1 1 1 1
 0.199701 1 1 1 1
 0.199701 1 1 1 1
 0.199701 1 1 1 1
 0.199701 1 1 1 1
 0.199701 1 1 1 1
 0.199701 1 1 1 1
 0.199701 1 1 1 1
 0.199701 1 1 1 1
 0.199701 1 1 1 1
 0.199701 1 1 1 1
 0.199701 1 1 1 1
 0.199701 1 1 1 1
 0.199701 1 1 1 1
 0.199701 1 1 1 1
 0.199701 1 1 1 1
 0.199701 1 1 1 1
 0.199701 1 1 1 1
 0.199701 1 1 1 1
 0.199701 1 1 1 1
Scru_reclas
 1 1 1 1 1
 1 1 1 1 1
 1 1 1 1 1
 1 1 1 1 1
 1 1 1 1 1
 1 1 1 1 1
 1 1 1 1 1
 1 1 1 1 1
 1 1 1 1 1
 1 1 1 1 1
 1 1 1 1 1
 1 1 1 1 1
 1 1 1 1 1
 1 1 1 1 1
 1 1 1 1 1
 1 1 1 1 1
 1 1 1 1 1
 1 1 1 1 1
 1 1 1 1 1
 1 1 1 1 1
 1 1 1 1 1
 1 1 1 1 1
 1 1 1 1 1
 1 1 1 1 1
 1 1 1 1 1
 1 1 1 1 1
 1 1 1 1 1
Scru_pelaces
 1 1 1 1 1
 1 1 1 1 1
 1 1 1 1 1
 1 1 1 1 1
 1 1 1 1 1
 1 1 1 1 1
 1 1 1 1 1
 1 1 1 1 1
 1 1 1 1 1
 1 1 1 1 1
 1 1 1 1 1
 1 1 1 1 1
 1 1 1 1 1
 1 1 1 1 1
 1 1 1 1 1
 1 1 1 1 1
 1 1 1 1 1
 1 1 1 1 1
 1 1 1 1 1
 1 1 1 1 1
 1 1 1 1 1
 1 1 1 1 1
 1 1 1 1 1
 1 1 1 1 1
 1 1 1 1 1
 1 1 1 1 1
 1 1 1 1 1
pf_obs 
 0.256992 0.487395 0.22802 0.0275931 0
 0.321318 0.546541 0.124235 0.00734118 0.000564706
 0.182869 0.594174 0.210203 0.0122559 0.00049798
 0.330522 0.361315 0.267642 0.0388342 0.00168674
 0.649043 0.306663 0.0425973 0.00169635 0
 0.582887 0.30429 0.105238 0.00758474 0
 0.465427 0.430635 0.0974691 0.00646863 0
 0.296916 0.608066 0.0921331 0.00288517 0
 0.311714 0.524322 0.152257 0.0117073 0
 0.15457 0.633149 0.183074 0.0267441 0.00246327
 0.131901 0.49318 0.331252 0.0422183 0.00144891
 0.196976 0.569456 0.194076 0.0375587 0.00193317
 0.518974 0.381816 0.0799577 0.0180837 0.00116848
 0.0928022 0.601141 0.25162 0.0475244 0.00691264
 0.122501 0.610282 0.24278 0.0234846 0.000952079
 0.383417 0.481906 0.127806 0.00687128 0
 0.0376549 0.599619 0.316969 0.0457579 0
 0.0361596 0.667082 0.258105 0.0386534 0
 0.158088 0.579412 0.248529 0.0139706 0
 0.0477256 0.309471 0.559284 0.082774 0.000745712
 0.0406174 0.521527 0.379366 0.0568643 0.0016247
 0.151134 0.462217 0.34131 0.0453401 0
 0.294876 0.26143 0.354403 0.0886775 0.000613685
 0.281977 0.475581 0.204845 0.0348837 0.00271318
 0.0841818 0.532909 0.334909 0.0458182 0.00218182
 0.115287 0.27431 0.454777 0.147771 0.00785563
 0 0 0 0 0
pf_pred 
 0.388808 0.432468 0.15995 0.0187645 1.00693e-05
 0.310884 0.546693 0.100775 0.0372721 0.00437493
 0.17052 0.598983 0.182859 0.0337075 0.0139302
 0.232206 0.4289 0.244722 0.0747091 0.0194629
 0.253961 0.456545 0.161715 0.0922713 0.0355072
 0.168873 0.525707 0.186904 0.0662043 0.052311
 0.317337 0.365597 0.200552 0.071302 0.0452124
 0.284404 0.513364 0.108305 0.0594117 0.0345163
 0.42529 0.403128 0.123091 0.0259688 0.0225215
 0.193704 0.653666 0.107062 0.0326905 0.012878
 0.111814 0.502582 0.31261 0.0512016 0.0217927
 0.11259 0.377809 0.288359 0.179361 0.0418809
 0.158185 0.356236 0.206732 0.157786 0.121061
 0.181017 0.441826 0.159604 0.0926219 0.124932
 0.205573 0.489981 0.164243 0.0593308 0.0808727
 0.182939 0.518339 0.184244 0.0617592 0.0527197
 0.154426 0.472359 0.236765 0.0841585 0.0522914
 0.295215 0.360647 0.192244 0.0963604 0.0555332
 0.369609 0.44283 0.095977 0.0511607 0.0404226
 0.262912 0.562371 0.122733 0.0266007 0.0253829
 0.336958 0.436212 0.173063 0.0377697 0.0159973
 0.383085 0.447461 0.111483 0.0442299 0.0137413
 0.244375 0.577349 0.129307 0.0322162 0.0167524
 0.22593 0.485209 0.22071 0.0494315 0.0187198
 0.0637474 0.5649 0.232774 0.105883 0.0326949
 0.138622 0.225765 0.383505 0.158028 0.0940795
 0.335891 0.304762 0.094184 0.159989 0.105173
pobs_RECLAS
 0 0 0 0 0
 0 0 0 0 0
 0 0 0 0 0
 0 0 0 0 0
 0.835266 0.146461 0.0176864 0.000547809 3.91292e-05
 0.385257 0.428462 0.181853 0.0044286 0
 0.867414 0.0963971 0.0333333 0.00285562 0
 0.441836 0.489002 0.0689373 0.000224442 0
 0.779404 0.147425 0.0564933 0.0165055 0.000172143
 0.814271 0.122319 0.05973 0.00367925 0
 0.40263 0.566651 0.0304383 0.000280538 0
 0.475488 0.404961 0.113038 0.00651328 0
 0.955842 0.0263864 0.0167828 0.000988607 0
 0.975058 0.0227948 0.00214734 0 0
 0.738997 0.206755 0.0527124 0.00153531 0
 0.850938 0.134255 0.0134407 0.00136685 0
 0.542534 0.407297 0.0501686 0 0
 0.764087 0.199537 0.0359546 0.000420521 0
 0.470689 0.182191 0.310203 0.0369168 0
 0.84361 0.089868 0.0606195 0.00523954 0.000663233
 0.607945 0.314616 0.071237 0.00620181 0
 0.523733 0.453247 0.0230204 0 0
 0.530135 0.295979 0.169645 0.0042399 0
 0.562478 0.366248 0.0663022 0.0049721 0
 0.250443 0.683176 0.0655157 0.000865301 0
 0.195077 0.31981 0.436473 0.0351445 0.0134964
 0.565238 0.351407 0.0832357 0.000118908 0
ppred_RECLAS
 0.765592 0.165862 0.0613447 0.00719666 3.86184e-06
 0.696928 0.240435 0.0443208 0.0163922 0.00192408
 0.514314 0.350723 0.107069 0.0197368 0.00815653
 0.603369 0.221563 0.126419 0.0385936 0.0100543
 0.6305 0.226119 0.0800947 0.0457004 0.0175861
 0.508219 0.311063 0.110592 0.0391733 0.0309526
 0.701647 0.159781 0.0876496 0.031162 0.0197597
 0.670386 0.236462 0.0498868 0.0273658 0.0158987
 0.79056 0.146911 0.0448578 0.0094637 0.00820745
 0.548401 0.366112 0.0599646 0.0183096 0.00721284
 0.391674 0.344223 0.214109 0.0350684 0.014926
 0.392867 0.258483 0.197285 0.122713 0.0286534
 0.492388 0.214809 0.124659 0.0951446 0.0729994
 0.540264 0.248019 0.0895937 0.0519933 0.0701303
 0.575091 0.262072 0.0878475 0.0317338 0.0432558
 0.532303 0.296704 0.105464 0.0353518 0.0301775
 0.481967 0.289386 0.145052 0.0515589 0.0320358
 0.680345 0.163572 0.0871921 0.0437042 0.0251871
 0.748006 0.177018 0.0383661 0.0204511 0.0161586
 0.643052 0.272338 0.0594357 0.0128818 0.0122921
 0.718721 0.185052 0.0734178 0.0160229 0.00678648
 0.757489 0.175898 0.0438243 0.0173869 0.00540174
 0.619191 0.290964 0.0651662 0.0162359 0.00844266
 0.594818 0.253979 0.115529 0.0258746 0.00979875
 0.25512 0.449433 0.185195 0.0842405 0.026012
 0.447667 0.144765 0.245911 0.101331 0.0603257
 0.71883 0.12903 0.0398755 0.0677361 0.0445282
pobs_PELACES
 0 0 0 0 0
 0 0 0 0 0
 0 0 0 0 0
 0 0 0 0 0
 0 0 0 0 0
 0 0 0 0 0
 0 0 0 0 0
 0 0 0 0 0
 0 0 0 0 0
 0 0 0 0 0
 0.450072 0.473896 0.0757376 0.000293798 0
 0 0 0 0 0
 0.463077 0.371075 0.160297 0.00555027 0
 0.529543 0.364841 0.0842815 0.0213345 0
 0.631943 0.363953 0.00410389 0 0
 0.735681 0.248677 0.0153453 0.000297389 0
 0.695825 0.281241 0.0229344 0 0
 0.275771 0.60734 0.115278 0.00161068 0
 0 0 0 0 0
 0.896147 0.0623911 0.0374545 0.00400742 0
 0.803859 0.145111 0.0509908 3.86294e-05 0
 0.739449 0.233085 0.0266225 0.000797448 4.60066e-05
 0.878498 0.100942 0.0204185 0.000141795 0
 0.694673 0.275183 0.0284847 0.00165964 0
 0.469039 0.446079 0.0841089 0.000773354 0
 0.822795 0.102175 0.0682046 0.00682512 0
 0 0 0 0 0
ppred_PELACES
 0.784178 0.152712 0.0564809 0.00662607 3.55565e-06
 0.7137 0.227129 0.0418682 0.0154851 0.00181761
 0.543621 0.32956 0.100609 0.0185459 0.00766436
 0.609046 0.218392 0.12461 0.0380412 0.00991035
 0.631836 0.225301 0.0798051 0.0455351 0.0175225
 0.52627 0.299645 0.106533 0.0377355 0.0298165
 0.712096 0.154186 0.0845801 0.0300707 0.0190677
 0.691074 0.221621 0.0467557 0.0256483 0.0149008
 0.804025 0.137466 0.0419739 0.00885529 0.0076798
 0.559935 0.356762 0.0584331 0.017842 0.00702863
 0.414063 0.331554 0.206229 0.0337777 0.0143767
 0.412794 0.249999 0.190809 0.118685 0.0277129
 0.523506 0.201641 0.117017 0.089312 0.0685243
 0.591206 0.220537 0.0796661 0.0462321 0.0623594
 0.614587 0.237712 0.0796818 0.028784 0.039235
 0.549705 0.285665 0.10154 0.0340364 0.0290546
 0.501598 0.27842 0.139555 0.0496051 0.0308218
 0.695046 0.156049 0.083182 0.0416942 0.0240287
 0.757947 0.170035 0.0368525 0.0196443 0.0155212
 0.652881 0.264839 0.0577991 0.0125271 0.0119536
 0.723087 0.18218 0.0722781 0.0157742 0.00668112
 0.761845 0.172738 0.043037 0.0170745 0.0053047
 0.624239 0.287108 0.0643024 0.0160207 0.00833075
 0.600464 0.25044 0.113919 0.025514 0.0096622
 0.259712 0.446662 0.184053 0.0837212 0.0258517
 0.455078 0.142823 0.242612 0.0999713 0.0595162
 0.728161 0.124748 0.0385523 0.0654883 0.0430506
pobs_pel_tallas
 0 0 0 0 0 0 0 0 0 0 0 0 0 0 0 0 0 0 0 0 0 0 0 0 0 0 0 0 0 0 0 0 0 0 0 0
 0 0 0 0 0 0 0 0 0 0 0 0 0 0 0 0 0 0 0 0 0 0 0 0 0 0 0 0 0 0 0 0 0 0 0 0
 0 0 0 0 0 0 0 0 0 0 0 0 0 0 0 0 0 0 0 0 0 0 0 0 0 0 0 0 0 0 0 0 0 0 0 0
 0 0 0 0 0 0 0 0 0 0 0 0 0 0 0 0 0 0 0 0 0 0 0 0 0 0 0 0 0 0 0 0 0 0 0 0
 0 0 0 0 0 0 0 0 0 0 0 0 0 0 0 0 0 0 0 0 0 0 0 0 0 0 0 0 0 0 0 0 0 0 0 0
 0 0 0 0 0 0 0 0 0 0 0 0 0 0 0 0 0 0 0 0 0 0 0 0 0 0 0 0 0 0 0 0 0 0 0 0
 0 0 0 0 0 0 0 0 0 0 0 0 0 0 0 0 0 0 0 0 0 0 0 0 0 0 0 0 0 0 0 0 0 0 0 0
 0 0 0 0 0 0 0 0 0 0 0 0 0 0 0 0 0 0 0 0 0 0 0 0 0 0 0 0 0 0 0 0 0 0 0 0
 0 0 0 0 0 0 0 0 0 0 0 0 0 0 0 0 0 0 0 0 0 0 0 0 0 0 0 0 0 0 0 0 0 0 0 0
 0 0 0 0 0 0 0 0 0 0 0 0 0 0 0 0 0 0 0 0 0 0 0 0 0 0 0 0 0 0 0 0 0 0 0 0
 0 0 0 0 0 0 0 0 1.78061e-05 0.00172719 0.00360574 0.0105946 0.0120993 0.0124554 0.0147524 0.0171206 0.0266825 0.0428682 0.0675386 0.121331 0.153587 0.119568 0.100827 0.0573624 0.0630603 0.0341343 0.0324427 0.0444173 0.0211091 0.0280891 0.0125444 0.00206551 0 0 0 0
 0 0 0 0 0 0 0 0 0 0 0 0 0 0 0 0 0 0 0 0 0 0 0 0 0 0 0 0 0 0 0 0 0 0 0 0
 0 0 0 0 0 0 0.0133647 0.0140871 0.0187388 0.0205184 0.03894 0.0496705 0.03968 0.0493445 0.0407372 0.0367815 0.0215668 0.0243155 0.0234873 0.0199281 0.019796 0.0243948 0.0301388 0.0376714 0.0412746 0.0863199 0.0771752 0.113111 0.0741005 0.0525337 0.0229764 0.00759418 0.00175318 0 0 0
 0 0 0 0 0 0 0 0 0 0 0.00219441 0.00772107 0.0458388 0.0604681 0.0671733 0.0775358 0.0609151 0.0617685 0.073594 0.0568108 0.0755445 0.0548602 0.0670107 0.0636378 0.0643287 0.046367 0.0373049 0.0286899 0.0247887 0.0153202 0.00654259 0.00121912 0.000365735 0 0 0
 0 0 0 0 0 0 0 0 0 0 0 0 0.000112435 0.00938835 0.0111873 0.0202946 0.0414886 0.0713402 0.111592 0.104902 0.108894 0.110636 0.117776 0.105296 0.107544 0.0401394 0.0192827 0.0124803 0.00416011 0.0028671 0.000618394 0 0 0 0 0
 0 0 0 0 0 0 0 0 0 0 0.00291406 0.0102884 0.027416 0.0768956 0.0749926 0.110853 0.0956884 0.0897413 0.0766577 0.0534642 0.0500743 0.0551293 0.0594112 0.0620874 0.0668451 0.0424026 0.0208742 0.0120726 0.0048766 0.00582813 0.00118941 0.000297354 0 0 0 0
 0 0.00264628 0.0354308 0.0461629 0.0458689 0.0383711 0.0214643 0.0164657 0.0346957 0.0420465 0.0363128 0.0245516 0.0311673 0.0291091 0.0169068 0.0133784 0.00837989 0.0085269 0.0148486 0.0160247 0.0276389 0.0546898 0.0760071 0.122758 0.109233 0.0665981 0.0333725 0.0166128 0.00676272 0.00308733 0.000882094 0 0 0 0 0
 0 0 0 0 0 0 0 0.000805153 0.000690131 0.00759144 0.0133425 0.0154129 0.00931677 0.000345066 0.00356568 0.00563607 0.00851162 0.0253048 0.0502646 0.0516448 0.0657925 0.0565908 0.0611916 0.0827007 0.0866115 0.110766 0.145733 0.0935128 0.0569358 0.0249597 0.0138026 0.00621118 0.00161031 0.00115022 0 0
 0 0 0 0 0 0 0 0 0 0 0 0 0 0 0 0 0 0 0 0 0 0 0 0 0 0 0 0 0 0 0 0 0 0 0 0
 0.00147267 0.00158595 0.00478618 0.00569244 0.00954404 0.0108468 0.00647125 0.017049 0.0510054 0.094081 0.124002 0.0959785 0.0687766 0.0820023 0.061753 0.0591476 0.0492212 0.0479892 0.0443925 0.0268479 0.0217502 0.0140895 0.0121071 0.0120363 0.00920419 0.00665534 0.0049561 0.00860946 0.00930331 0.0156896 0.0114698 0.00855282 0.00243557 0.00046729 0 2.83206e-05
 0 0 0 0 0.000772559 0.00158375 0.000888443 0.00281984 0.00712685 0.0440552 0.0773331 0.111326 0.0921469 0.0852325 0.0710754 0.0886704 0.0786465 0.0553345 0.0373146 0.0185414 0.00753245 0.00457741 0.012979 0.0271748 0.0457355 0.0583668 0.034881 0.0177882 0.00938659 0.00492506 0.0015258 0.00185414 0.000309023 5.79419e-05 3.86279e-05 0
 0 0.00173294 0.00326652 0 0.00397197 0.00683976 0.00946217 0.0152591 0.00757587 0.0136028 0.0228656 0.0392903 0.0559909 0.0764795 0.0681675 0.0726916 0.0566044 0.0477403 0.0527397 0.0444891 0.0609904 0.0582453 0.0661739 0.0445044 0.0529084 0.0360697 0.0280645 0.0235558 0.0158879 0.00826598 0.00280645 0.00217768 0.000904811 0.00058276 9.20147e-05 0
 0 0 0 0 0 0 0 0 0 0 0 0 0 0 0 0 0 0 0 0 0 0 0 0 0 0 0 0 0 0 0 0 0 0 0 0
 0 0 0 0 0 0 0 0 0 0 0 0 0 0 0 0 0 0 0 0 0 0 0 0 0 0 0 0 0 0 0 0 0 0 0 0
 0 0 0 0 0 0 0 0 0 0 0 0 0 0 0 0 0 0 0 0 0 0 0 0 0 0 0 0 0 0 0 0 0 0 0 0
 0 0 0 0 0 0 0 0 0 0 0 0 0 0 0 0 0 0 0 0 0 0 0 0 0 0 0 0 0 0 0 0 0 0 0 0
 0 0 0 0 0 0 0 0 0 0 0 0 0 0 0 0 0 0 0 0 0 0 0 0 0 0 0 0 0 0 0 0 0 0 0 0
ppred_pel_tallas
 1.0108e-16 3.42128e-05 0.000200806 0.000954551 0.00367509 0.0114604 0.0289481 0.0592315 0.098182 0.131853 0.143476 0.12654 0.0905469 0.0527739 0.0254816 0.0110029 0.00559206 0.00484337 0.00605831 0.0080547 0.0103541 0.0126733 0.0147546 0.0163579 0.0173012 0.0174988 0.0169763 0.0158569 0.0143243 0.0125769 0.0107872 0.00907932 0.00752386 0.00614817 0.00495253 0.00392513
 1.01286e-16 3.11426e-05 0.000182775 0.000868812 0.00334495 0.0104309 0.0263477 0.0539113 0.0893659 0.120021 0.130622 0.115253 0.0825777 0.0483461 0.0237491 0.0109478 0.00656934 0.00662816 0.00866645 0.0115685 0.0148154 0.0180285 0.0208333 0.0228813 0.0239182 0.0238408 0.0227185 0.0207677 0.0182929 0.0156122 0.0129934 0.0106173 0.00857153 0.00686822 0.00547336 0.00433471
 1.02531e-16 2.37306e-05 0.00013925 0.000661871 0.00254813 0.00794603 0.0200713 0.0410702 0.0680847 0.0914549 0.0995715 0.0879491 0.0632185 0.0374231 0.0191505 0.0101224 0.00784628 0.0093441 0.0127587 0.0171891 0.0221097 0.0270291 0.0314147 0.0347568 0.0366716 0.0369855 0.0357678 0.0332975 0.0299818 0.026254 0.022486 0.0189374 0.015747 0.0129565 0.0105487 0.00848253
 1.03611e-16 2.6579e-05 0.000155983 0.000741442 0.00285454 0.00890158 0.0224848 0.0460075 0.0762652 0.10243 0.111486 0.0983895 0.0705419 0.0413946 0.0205142 0.00976647 0.00629926 0.00673865 0.00901191 0.0121837 0.015815 0.01957 0.0230986 0.0260567 0.0281681 0.0292774 0.0293738 0.0285738 0.0270759 0.025103 0.0228542 0.0204785 0.0180731 0.0156976 0.0133931 0.0111976
 1.0359e-16 2.75729e-05 0.000161817 0.00076918 0.00296134 0.00923462 0.023326 0.0477288 0.0791184 0.106262 0.115654 0.102065 0.0731686 0.0429188 0.0212365 0.0100524 0.00640076 0.00677336 0.0090107 0.0121334 0.0156788 0.0192953 0.0226229 0.0253162 0.0271091 0.0278694 0.0276206 0.0265197 0.0248044 0.022728 0.0205043 0.0182793 0.0161299 0.0140822 0.0121385 0.0102987
 1.043e-16 2.29728e-05 0.000134804 0.000640739 0.00246678 0.00769235 0.0194305 0.0397588 0.0659102 0.0885327 0.0963862 0.0851267 0.0611706 0.0361725 0.0184411 0.00963767 0.00734586 0.00868367 0.0118617 0.0160262 0.0206978 0.025438 0.0297714 0.0332377 0.0354839 0.0363378 0.0358374 0.0342014 0.0317583 0.028858 0.025798 0.0227822 0.0199187 0.017243 0.0147535 0.0124409
 1.03176e-16 3.10697e-05 0.000182353 0.000866825 0.00333732 0.0104071 0.0262876 0.0537878 0.0891592 0.119738 0.130298 0.11493 0.0822669 0.048004 0.0232848 0.0102402 0.00548352 0.00502939 0.00644096 0.00865373 0.011235 0.013921 0.0164619 0.0186172 0.0201936 0.0210824 0.0212746 0.0208486 0.0199379 0.0186907 0.0172367 0.0156699 0.0140489 0.012408 0.010773 0.00917152
 1.02314e-16 3.01557e-05 0.000176982 0.000841273 0.00323892 0.0101002 0.0255125 0.0522024 0.0865332 0.116217 0.126483 0.111603 0.0799674 0.0468277 0.0230221 0.0106457 0.00643617 0.00653847 0.00857753 0.011478 0.0147424 0.0180076 0.0209133 0.0231219 0.0243838 0.024592 0.0238025 0.0222099 0.0200906 0.0177326 0.0153763 0.0131806 0.0112204 0.00950446 0.00800522 0.00668456
 1.01304e-16 3.50775e-05 0.000205885 0.000978698 0.00376807 0.0117504 0.0296805 0.0607299 0.100665 0.135186 0.147097 0.129723 0.092799 0.0540355 0.025995 0.0110601 0.00538058 0.0044321 0.00544585 0.00721614 0.00926891 0.0113399 0.0131972 0.0146271 0.0154699 0.0156527 0.0152029 0.0142343 0.0129132 0.0114163 0.00989416 0.00845085 0.007141 0.00598009 0.00496062 0.00406693
 1.01888e-16 2.4443e-05 0.00014343 0.000681738 0.00262462 0.00818454 0.0206737 0.042303 0.0701289 0.0942019 0.102565 0.0905997 0.0651377 0.0385868 0.0197955 0.0105398 0.00825289 0.00986353 0.0134481 0.0180592 0.0231286 0.0281185 0.0324508 0.035581 0.0371129 0.0368898 0.0350279 0.0318758 0.0279203 0.023668 0.0195445 0.015835 0.0126749 0.0100777 0.00798234 0.00629781
 1.04868e-16 1.80816e-05 0.000106085 0.000504197 0.00194105 0.00605285 0.0152893 0.0312859 0.0518676 0.0696801 0.0758874 0.0670848 0.048342 0.028861 0.0152229 0.00878881 0.00771491 0.00978293 0.0136105 0.0185118 0.0240456 0.0297524 0.0351067 0.039582 0.042753 0.0443781 0.0444361 0.0431029 0.0406829 0.0375225 0.0339366 0.0301672 0.0263783 0.0226744 0.0191282 0.0158009
 1.08164e-16 1.80228e-05 0.000105747 0.00050261 0.00193497 0.00603391 0.0152413 0.0311872 0.0517017 0.0694504 0.0756193 0.0668051 0.0480476 0.0284997 0.0146949 0.00795955 0.00642785 0.00787476 0.0109353 0.0149768 0.0196536 0.0246384 0.0295546 0.0340128 0.0376786 0.0403304 0.0418853 0.0423842 0.0419486 0.0407279 0.0388583 0.0364464 0.033577 0.0303323 0.0268123 0.0231425
 1.07998e-16 2.28482e-05 0.000134082 0.000637326 0.00245368 0.0076515 0.0193272 0.0395467 0.065556 0.0880488 0.0958382 0.0845924 0.0606772 0.0356614 0.0177782 0.00864445 0.00582499 0.00643839 0.00872206 0.0118893 0.0155762 0.0195016 0.0233656 0.0268661 0.0297509 0.031862 0.0331537 0.0336762 0.0335363 0.0328508 0.0317125 0.0301776 0.028276 0.0260327 0.0234912 0.0207258
 1.05706e-16 2.58009e-05 0.000151415 0.000719728 0.00277094 0.00864087 0.0218262 0.0446601 0.0740319 0.0994313 0.108223 0.0955141 0.0684887 0.0402063 0.0199557 0.00955054 0.00622433 0.00670306 0.00897388 0.0121258 0.0157278 0.0194491 0.0229476 0.0258925 0.0280261 0.0292153 0.0294707 0.0289247 0.0277804 0.0262499 0.0245046 0.0226514 0.0207367 0.0187692 0.0167475 0.0146827
 1.04031e-16 2.68212e-05 0.000157404 0.000748193 0.00288053 0.00898262 0.0226895 0.0464265 0.0769602 0.103365 0.112506 0.0992968 0.0712077 0.0418155 0.0207777 0.00998082 0.00654839 0.00707383 0.00945734 0.0127392 0.0164536 0.0202343 0.0237032 0.026498 0.0283415 0.0290993 0.0288022 0.0276222 0.0258154 0.0236525 0.0213594 0.0190873 0.0169106 0.0148487 0.0128941 0.0110377
 1.04062e-16 2.39941e-05 0.000140801 0.000669253 0.00257657 0.00803473 0.0202953 0.0415281 0.0688425 0.0924688 0.100665 0.0888891 0.0638386 0.0376787 0.0190767 0.00975489 0.00717568 0.0083185 0.0113114 0.0152711 0.019719 0.0242318 0.028355 0.0316497 0.0337794 0.0345802 0.034089 0.0325151 0.0301727 0.0273966 0.0244714 0.0215922 0.0188625 0.0163163 0.0139515 0.0117583
 1.05217e-16 2.18962e-05 0.000128485 0.000610702 0.00235114 0.00733172 0.0185195 0.0378948 0.0628202 0.0843819 0.0918669 0.0811346 0.0583003 0.0344725 0.0175708 0.00918043 0.00700209 0.00829596 0.0113677 0.015419 0.0200118 0.0247477 0.0291891 0.0329043 0.0355498 0.0369382 0.0370662 0.0360914 0.0342718 0.0318904 0.0291935 0.026357 0.0234866 0.0206383 0.0178466 0.0151469
 1.03788e-16 3.03263e-05 0.000177989 0.000846076 0.00325743 0.010158 0.0256583 0.0525002 0.0870251 0.116873 0.127181 0.112185 0.0803102 0.0468791 0.0227709 0.0100689 0.0054715 0.00509237 0.00655575 0.00882357 0.0114722 0.0142402 0.0168786 0.0191462 0.0208486 0.0218749 0.0222126 0.0219347 0.0211675 0.0200501 0.018702 0.0172074 0.015617 0.0139606 0.0122638 0.0105588
 1.01979e-16 3.30696e-05 0.000194093 0.000922635 0.0035522 0.0110772 0.0279801 0.0572511 0.0948998 0.127447 0.138687 0.122329 0.0875603 0.0510874 0.0247685 0.0108679 0.00577408 0.00523494 0.00664198 0.00884339 0.0113574 0.0138827 0.0161394 0.0178682 0.0188776 0.0190846 0.0185305 0.017362 0.0157879 0.0140256 0.0122557 0.0105972 0.00910503 0.00778522 0.00661682 0.00557229
 1.01896e-16 2.84922e-05 0.000167211 0.000794812 0.00306002 0.00954233 0.0241033 0.0493195 0.081756 0.109806 0.119519 0.10549 0.0756562 0.0444423 0.0221083 0.0106584 0.00703436 0.00761068 0.0101436 0.013593 0.0174363 0.0212529 0.024611 0.0271043 0.0284338 0.0284741 0.0272986 0.0251511 0.0223767 0.0193374 0.0163385 0.0135864 0.0111825 0.00914353 0.00743523 0.00600406
 1.0194e-16 3.15502e-05 0.000185171 0.000880216 0.00338887 0.0105679 0.0266936 0.0546188 0.0905373 0.121591 0.132319 0.116726 0.0835794 0.0488245 0.023784 0.0106299 0.00592975 0.00563822 0.00727335 0.00973439 0.0125489 0.0154052 0.0180031 0.0200577 0.0213507 0.0217749 0.0213525 0.0202189 0.0185794 0.0166557 0.0146404 0.0126709 0.0108256 0.00913649 0.00760871 0.00623764
 1.01502e-16 3.32397e-05 0.000195092 0.000927381 0.00357047 0.0111342 0.0281241 0.0575456 0.0953881 0.128103 0.139401 0.12296 0.0880142 0.0513568 0.0249077 0.0109435 0.00583483 0.00530798 0.00674056 0.00897317 0.0115185 0.0140695 0.0163391 0.0180613 0.0190384 0.0191841 0.0185392 0.0172539 0.0155438 0.0136359 0.0117222 0.00993318 0.00833447 0.00694023 0.00573451 0.00469091
 1.01947e-16 2.72441e-05 0.000159882 0.000759964 0.00292583 0.00912388 0.0230464 0.0471571 0.0781724 0.104997 0.114292 0.100896 0.0724047 0.042619 0.0213626 0.0105671 0.00732428 0.00817892 0.0109874 0.0147425 0.0189146 0.0230565 0.026701 0.0294073 0.0308501 0.0308923 0.0296126 0.027274 0.0242505 0.0209347 0.0176587 0.0146482 0.0120155 0.00978139 0.00791094 0.00634788
 1.03027e-16 2.62061e-05 0.00015379 0.000731013 0.00281438 0.00877632 0.0221684 0.0453605 0.0751936 0.100994 0.10993 0.0970355 0.0696118 0.0409305 0.0204354 0.00997958 0.00676339 0.0074671 0.0100427 0.0135478 0.0175116 0.0215504 0.0252598 0.028248 0.0302092 0.0309865 0.0305975 0.0292127 0.0270988 0.0245473 0.0218136 0.0190831 0.0164664 0.0140163 0.0117526 0.00968392
 1.06843e-16 1.13557e-05 6.65875e-05 0.000316399 0.00121794 0.00379784 0.00959348 0.0196328 0.0325557 0.0437585 0.0477159 0.0423218 0.030804 0.0190054 0.0111493 0.00820295 0.00912415 0.0126074 0.0178063 0.0242117 0.0313495 0.0386273 0.0453481 0.0508236 0.0545163 0.0561503 0.055756 0.0536291 0.0502289 0.0460511 0.0415222 0.0369413 0.0324779 0.0282049 0.0241482 0.0203258
 1.09707e-16 1.98623e-05 0.000116557 0.00055402 0.00213295 0.00665132 0.0168007 0.0343771 0.056986 0.0765371 0.0833049 0.0735223 0.0527207 0.0309547 0.0153796 0.00740291 0.00491648 0.00543562 0.0074639 0.0103706 0.0139067 0.0178999 0.0221501 0.026424 0.0304826 0.0341096 0.0371294 0.0394097 0.0408557 0.0414022 0.0410133 0.0396902 0.0374843 0.0345066 0.0309272 0.0269614
 1.0485e-16 3.17688e-05 0.000186461 0.00088636 0.00341255 0.0106417 0.0268801 0.055 0.0911674 0.122432 0.133221 0.117489 0.0840548 0.0489595 0.023584 0.010091 0.00500165 0.00422896 0.0052795 0.00707856 0.00921637 0.0114738 0.0136584 0.0155888 0.0171214 0.0181773 0.0187511 0.0188979 0.0187048 0.018259 0.0176227 0.0168248 0.0158675 0.0147431 0.0134521 0.0120151
pSPR Fmed_Fpbrs
0.441593   0.6 0.325
Fs Fmed_Fpbrs
0.64   0.343326 1.04437
SSBpbr Bo_Bmed_Bpbrs
2.39076e+06  936205  1.31492e+06 657460
Ro
56387.3
SPR SPRFo_SPRFmed_SPRFpbrs
1.16464e+06 514295 378507
log_Ro
10.76
likeval ReclasPelacesDesembMPH_pf_preclas_ppelaces_ptallas_desvR_qrecl_qpela
 81.4314 13.4648 0.0407833 150.515 348.462 232.033 59.1474 0 21.2356 7.76697e-05 7.0351e-07 5.20791e-16 0 0 0
q_reclas_q_pelaces
0.286836 1.12674
M
0.7
N
 62468.3 15905.6 5882.72 690.133 0.370336
 73406.2 28618.6 5275.45 1951.14 229.021
 42079.2 34294.3 10469.4 1929.9 797.56
 50218.2 19117.2 10907.9 3329.98 867.513
 67704.5 24493.2 8675.86 4950.27 1904.93
 49018.1 33475.5 11901.5 4215.69 3331.01
 93759.8 23046.7 12642.5 4494.77 2850.12
 109992 44817.7 9455.24 5186.76 3013.35
 241063 50826 15519.3 3274.12 2839.49
 156864 112398 18409.4 5621.12 2214.37
 74304.8 75194.2 46771.4 7660.58 3260.54
 46103.9 34390.7 26248.4 16326.7 3812.28
 40815.5 21504.2 12479.4 9524.78 7307.86
 29340.7 18446.7 6663.65 3867.07 5216.04
 21316.5 12453.9 4174.59 1508.02 2055.56
 15086 9351 3323.82 1114.16 951.08
 10505.1 7104.79 3561.21 1265.83 786.519
 18431.8 4915.81 2620.38 1313.44 756.948
 33868.2 8691.19 1883.69 1004.1 793.352
 35728.6 16152.2 3525.1 764.015 729.039
 64542.1 17173.5 6813.42 1486.98 629.808
 130955 31529 7855.31 3116.52 968.238
 131565 63867.2 14304.1 3563.81 1853.18
 145285 64281.4 29240 6548.78 2480.03
 38795.1 70876.7 29205.7 13284.9 4102.16
 55908.5 18918.3 32136.3 13242.2 7883.5
 140892 27142.1 8388.03 14248.6 9366.75
pred_Ctot
 3495.12 3887.6 1437.84 168.68 0.0905165
 3136.44 5515.46 1016.7 376.029 44.1376
 2589.26 9095.25 2776.62 511.832 211.522
 644.278 1190.03 679.004 207.288 54.0018
 210.898 379.131 134.294 76.6253 29.4864
 1881.38 5856.78 2082.26 737.567 582.785
 2528.44 2912.97 1597.94 568.113 360.239
 5517.8 9959.92 2101.26 1152.66 669.662
 10626.2 10072.5 3075.53 648.848 562.717
 3920.91 13231.4 2167.13 661.714 260.674
 3646.86 16391.9 10195.9 1669.96 710.777
 2020.74 6780.79 5175.37 3219.12 751.664
 2652.55 5973.59 3466.61 2645.86 2030.02
 3092.62 7548.48 2726.79 1582.42 2134.42
 1800.62 4291.76 1438.61 519.68 708.367
 561.73 1591.61 565.738 189.637 161.881
 437.195 1337.29 670.306 238.261 148.042
 670.75 819.415 436.791 218.937 126.175
 967.116 1158.71 251.132 133.867 105.769
 825.294 1765.31 385.266 83.5008 79.6782
 756.235 978.99 388.405 84.7666 35.9028
 1685.96 1969.28 490.639 194.656 60.4757
 1524.59 3601.91 806.707 200.988 104.514
 1840.63 3952.95 1798.1 402.714 152.508
 502.731 4454.97 1835.73 835.027 257.842
 900.882 1467.22 2492.34 1027 611.408
 3518.68 3192.58 986.638 1675.99 1101.76
F
 0.0806004 0.403605 0.403605 0.403605 0.403605
 0.061028 0.305597 0.305597 0.305597 0.305597
 0.088966 0.445496 0.445496 0.445496 0.445496
 0.0179817 0.0900433 0.0900433 0.0900433 0.0900433
 0.00433971 0.021731 0.021731 0.021731 0.021731
 0.0546683 0.273751 0.273751 0.273751 0.273751
 0.0381334 0.190952 0.190952 0.190952 0.190952
 0.0719964 0.360521 0.360521 0.360521 0.360521
 0.0630156 0.31555 0.31555 0.31555 0.31555
 0.0353015 0.176772 0.176772 0.176772 0.176772
 0.0703887 0.35247 0.35247 0.35247 0.35247
 0.0626476 0.313707 0.313707 0.313707 0.313707
 0.0941754 0.471582 0.471582 0.471582 0.471582
 0.156939 0.78587 0.78587 0.78587 0.78587
 0.123999 0.620921 0.620921 0.620921 0.620921
 0.0529972 0.265383 0.265383 0.265383 0.265383
 0.0594008 0.297449 0.297449 0.297449 0.297449
 0.0517676 0.259225 0.259225 0.259225 0.259225
 0.0404195 0.2024 0.2024 0.2024 0.2024
 0.0325839 0.163163 0.163163 0.163163 0.163163
 0.0164109 0.0821774 0.0821774 0.0821774 0.0821774
 0.018045 0.0903603 0.0903603 0.0903603 0.0903603
 0.0162292 0.0812673 0.0812673 0.0812673 0.0812673
 0.017755 0.088908 0.088908 0.088908 0.088908
 0.0181641 0.0909563 0.0909563 0.0909563 0.0909563
 0.0226307 0.113323 0.113323 0.113323 0.113323
 0.0352708 0.176618 0.176618 0.176618 0.176618
Np
 45632.2 21158.7 23793.1 3979.44 1663.05
YTP_r0W_actual
 55275.5 124960 56138.7 121784 88842.7
YTP_p0W_proyectada
 17902.7 310949 75602.4 29837.8 79655.8
 17902.7 97412.8 159241 34012.6 15773.9
CTP_r0_actual
 6740.91 5785.18 1787.86 3037.01 1996.47
CTP_p0_proyectada
 2183.25 14395.8 2407.72 744.085 1790.02
 2183.25 4509.85 5071.37 848.195 354.47
Wmedp
 8.2 21.6 31.4 40.1 44.5
nmprior
 10.8 10.6 4.6 0
nm_flota  nm_reclas  nm_pelaces    nm_pelaL
inf 10.5705 12.8606 35.7243
cv_recla  cv_pelaces  cv_mph
0.781496 0.401967 0.491833
 ------------------------------------------------
Talla a la edad & desviaci?n 
 7.2 14.2025 17.0495 18.207 18.6776
 1.08 2.13037 2.55742 2.73105 2.80164
