years
 1997 1998 1999 2000 2001 2002 2003 2004 2005 2006 2007 2008 2009 2010 2011 2012 2013 2014 2015 2016 2017 2018 2019 2020 2021 2022 2023
reclasobs
 0 0 0 370054 412103 1.49427e+06 250295 1.28982e+06 931140 785840 897777 1.04006e+06 184774 17550 25797 100020 73551 82996 120727 218422 84188 347160 605670 569463 516374 1.08416e+06 1.01767e+06
reclaspred
 1.93914e+06 327047 599883 186332 260053 308392 592586 460770 682831 1.08513e+06 1.01389e+06 719987 465268 146328 108814 123549 91352.4 74040.1 100299 147447 193068 249855 545874 634121 870503 606721 218187
pelacesobs
 0 0 0 0 0 0 0 0 0 2.06254e+06 1.5e+06 0 1.87456e+06 323000 250000 174000 83755 137374 0 501740 490994 745055 786931 1.00524e+06 1.33801e+06 1.41789e+06 0
pelacespred
 3.54675e+06 1.08764e+06 566055 403283 703332 437116 1.85965e+06 1.12355e+06 2.11256e+06 2.85274e+06 1.92349e+06 1.63807e+06 998679 285948 231737 236264 161433 151412 208225 257945 486822 535858 885132 1.30783e+06 1.48409e+06 1.06527e+06 256010
mphobs
 0 0 0 0 0 0 112323 0 153150 637223 0 255016 313432 73983 77613 109348 50772 17779 17303 59886 28197 0 207744 136588 643089 65757 70829
mphpred
 498836 202131 170236 74343.5 58926.7 139464 152344 256044 225686 420547 442791 277462 218394 119841 62898.6 60347 40396.5 30843.4 27243.7 39265.3 45565 71643.3 118156 160972 218376 137053 89497.1
desembarqueobs
 350755 77701 442110 56441 14545 235359 269955 359681 431902 328805 639364 411747 362871 311530 167758 66681 60226 58785 57116 73181 50977 67692 138656 160484 209506 203330 245020
desembarquepred
 350732 77663.6 441532 56418.8 14543.5 235223 269819 358917 431162 328649 638454 411047 362465 310441 167353 66668.5 60238.3 58663.8 56969.5 73138.7 50955.6 67604.2 138635 160396 209561 203211 244554
Reclutas
 15829.8 43160.9 3718.35 7501.82 36069.9 12430.7 60629 40401 113107 101879 53135.8 69677.5 41690.9 29765.4 16487.7 8711.41 4649.91 6983.29 12308.1 6627.48 16738 30753 28879 54469.1 6289.91 26715.3 3654.34
log_desv_Rt
 -0.250349 0.752691 -1.69896 -0.997099 0.573214 -0.492073 1.09253 0.686611 1.71609 1.61155 0.960607 1.23163 0.718037 0.381101 -0.209633 -0.847611 -1.4754 -1.06872 -0.50199 -1.12102 -0.194561 0.413744 0.350868 0.985389 -1.1733 0.27299 -1.71633
SSB
 688146 278840 234841 102557 81289.5 192391 200239 345594 298888 565117 610832 382759 314761 133603 73698.2 69838.1 51808.6 38185.9 47017.3 73016.3 77302.4 116892 199975 255884 391904 266038 162183
BT
 1.25027e+06 415301 374432 168624 259373 300383 977940 768769 1.26404e+06 1.2559e+06 1.15312e+06 947373 680437 388328 225528 126587 100879 103935 120386 131864 214723 224365 341197 542829 514728 477734 263296
Ftot
 0.503132 0.771572 1.76771 0.892115 0.229888 1.86786 1.86198 2.27698 2.62283 0.970133 1.68974 1.75107 2.15411 4.95303 4.31118 1.4828 1.78974 2.4443 1.87323 1.35502 0.908832 0.867844 0.719164 0.812717 0.638549 0.999675 2.4681
BD_Bspro_t
 0.941153 0.662267 0.524441 0.198083 0.256261 0.492443 0.361744 0.439433 0.370237 0.474517 0.452077 0.284755 0.250036 0.136121 0.0905317 0.103305 0.108997 0.114789 0.173711 0.293511 0.329407 0.49023 0.579863 0.563901 0.599709 0.431159 0.310145
BD_Bspro
 1.63859 0.663965 0.559194 0.244206 0.193564 0.458115 0.476802 0.822917 0.711702 1.34564 1.45449 0.911414 0.749498 0.31813 0.175488 0.166296 0.123365 0.0909269 0.111956 0.173864 0.18407 0.278339 0.476174 0.609302 0.93319 0.63348 0.386185
BD_Bo
 1.39741 0.566239 0.476889 0.208262 0.165074 0.390687 0.406623 0.701795 0.606949 1.14758 1.24041 0.777267 0.639183 0.271306 0.149658 0.14182 0.105207 0.0775437 0.0954776 0.148274 0.156977 0.237372 0.406088 0.519621 0.795837 0.540241 0.329344
BD_Brms
 2.54075 1.02953 0.867071 0.378658 0.300135 0.710339 0.739315 1.27599 1.10354 2.08651 2.25529 1.41321 1.16215 0.493283 0.272106 0.257854 0.191286 0.140989 0.173596 0.269589 0.285414 0.431585 0.738342 0.944766 1.44698 0.982256 0.598807
S_f
 0.0831366 0.698677 0.983414 0.999341 0.999974
 0.0831366 0.698677 0.983414 0.999341 0.999974
 0.0831366 0.698677 0.983414 0.999341 0.999974
 0.0831366 0.698677 0.983414 0.999341 0.999974
 0.0831366 0.698677 0.983414 0.999341 0.999974
 0.0831366 0.698677 0.983414 0.999341 0.999974
 0.0831366 0.698677 0.983414 0.999341 0.999974
 0.0831366 0.698677 0.983414 0.999341 0.999974
 0.0831366 0.698677 0.983414 0.999341 0.999974
 0.0831366 0.698677 0.983414 0.999341 0.999974
 0.0831366 0.698677 0.983414 0.999341 0.999974
 0.0831366 0.698677 0.983414 0.999341 0.999974
 0.0831366 0.698677 0.983414 0.999341 0.999974
 0.0831366 0.698677 0.983414 0.999341 0.999974
 0.0831366 0.698677 0.983414 0.999341 0.999974
 0.0831366 0.698677 0.983414 0.999341 0.999974
 0.0831366 0.698677 0.983414 0.999341 0.999974
 0.0831366 0.698677 0.983414 0.999341 0.999974
 0.0831366 0.698677 0.983414 0.999341 0.999974
 0.0831366 0.698677 0.983414 0.999341 0.999974
 0.0831366 0.698677 0.983414 0.999341 0.999974
 0.0831366 0.698677 0.983414 0.999341 0.999974
 0.0831366 0.698677 0.983414 0.999341 0.999974
 0.0831366 0.698677 0.983414 0.999341 0.999974
 0.0831366 0.698677 0.983414 0.999341 0.999974
 0.0831366 0.698677 0.983414 0.999341 0.999974
 0.0831366 0.698677 0.983414 0.999341 0.999974
Scru_reclas
 0.187775 0.53778 0.854128 0.967178 0.993302
 0.187775 0.53778 0.854128 0.967178 0.993302
 0.187775 0.53778 0.854128 0.967178 0.993302
 0.187775 0.53778 0.854128 0.967178 0.993302
 0.187775 0.53778 0.854128 0.967178 0.993302
 0.187775 0.53778 0.854128 0.967178 0.993302
 0.187775 0.53778 0.854128 0.967178 0.993302
 0.187775 0.53778 0.854128 0.967178 0.993302
 0.187775 0.53778 0.854128 0.967178 0.993302
 0.187775 0.53778 0.854128 0.967178 0.993302
 0.187775 0.53778 0.854128 0.967178 0.993302
 0.187775 0.53778 0.854128 0.967178 0.993302
 0.187775 0.53778 0.854128 0.967178 0.993302
 0.187775 0.53778 0.854128 0.967178 0.993302
 0.187775 0.53778 0.854128 0.967178 0.993302
 0.187775 0.53778 0.854128 0.967178 0.993302
 0.187775 0.53778 0.854128 0.967178 0.993302
 0.187775 0.53778 0.854128 0.967178 0.993302
 0.187775 0.53778 0.854128 0.967178 0.993302
 0.187775 0.53778 0.854128 0.967178 0.993302
 0.187775 0.53778 0.854128 0.967178 0.993302
 0.187775 0.53778 0.854128 0.967178 0.993302
 0.187775 0.53778 0.854128 0.967178 0.993302
 0.187775 0.53778 0.854128 0.967178 0.993302
 0.187775 0.53778 0.854128 0.967178 0.993302
 0.187775 0.53778 0.854128 0.967178 0.993302
 0.187775 0.53778 0.854128 0.967178 0.993302
Scru_pelaces
 0.430269 0.791699 0.950318 0.989719 0.99794
 0.430269 0.791699 0.950318 0.989719 0.99794
 0.430269 0.791699 0.950318 0.989719 0.99794
 0.430269 0.791699 0.950318 0.989719 0.99794
 0.430269 0.791699 0.950318 0.989719 0.99794
 0.430269 0.791699 0.950318 0.989719 0.99794
 0.430269 0.791699 0.950318 0.989719 0.99794
 0.430269 0.791699 0.950318 0.989719 0.99794
 0.430269 0.791699 0.950318 0.989719 0.99794
 0.430269 0.791699 0.950318 0.989719 0.99794
 0.430269 0.791699 0.950318 0.989719 0.99794
 0.430269 0.791699 0.950318 0.989719 0.99794
 0.430269 0.791699 0.950318 0.989719 0.99794
 0.430269 0.791699 0.950318 0.989719 0.99794
 0.430269 0.791699 0.950318 0.989719 0.99794
 0.430269 0.791699 0.950318 0.989719 0.99794
 0.430269 0.791699 0.950318 0.989719 0.99794
 0.430269 0.791699 0.950318 0.989719 0.99794
 0.430269 0.791699 0.950318 0.989719 0.99794
 0.430269 0.791699 0.950318 0.989719 0.99794
 0.430269 0.791699 0.950318 0.989719 0.99794
 0.430269 0.791699 0.950318 0.989719 0.99794
 0.430269 0.791699 0.950318 0.989719 0.99794
 0.430269 0.791699 0.950318 0.989719 0.99794
 0.430269 0.791699 0.950318 0.989719 0.99794
 0.430269 0.791699 0.950318 0.989719 0.99794
 0.430269 0.791699 0.950318 0.989719 0.99794
pf_obs 
 0.256992 0.487395 0.22802 0.0275931 0
 0.321318 0.546541 0.124235 0.00734118 0.000564706
 0.182869 0.594174 0.210203 0.0122559 0.00049798
 0.330522 0.361315 0.267642 0.0388342 0.00168674
 0.649043 0.306663 0.0425973 0.00169635 0
 0.582887 0.30429 0.105238 0.00758474 0
 0.465427 0.430635 0.0974691 0.00646863 0
 0.296916 0.608066 0.0921331 0.00288517 0
 0.311714 0.524322 0.152257 0.0117073 0
 0.15457 0.633149 0.183074 0.0267441 0.00246327
 0.131901 0.49318 0.331252 0.0422183 0.00144891
 0.196976 0.569456 0.194076 0.0375587 0.00193317
 0.518974 0.381816 0.0799577 0.0180837 0.00116848
 0.0928022 0.601141 0.25162 0.0475244 0.00691264
 0.122501 0.610282 0.24278 0.0234846 0.000952079
 0.383417 0.481906 0.127806 0.00687128 0
 0.0376549 0.599619 0.316969 0.0457579 0
 0.0361596 0.667082 0.258105 0.0386534 0
 0.158088 0.579412 0.248529 0.0139706 0
 0.0477256 0.309471 0.559284 0.082774 0.000745712
 0.0406174 0.521527 0.379366 0.0568643 0.0016247
 0.151134 0.462217 0.34131 0.0453401 0
 0.294876 0.26143 0.354403 0.0886775 0.000613685
 0.281977 0.475581 0.204845 0.0348837 0.00271318
 0.0841818 0.532909 0.334909 0.0458182 0.00218182
 0.115287 0.27431 0.454777 0.147771 0.00785563
 0 0 0 0 0
pf_pred 
 0.066625 0.623142 0.273832 0.0363959 5.57341e-06
 0.242294 0.291627 0.350991 0.101826 0.0132626
 0.025994 0.774129 0.100203 0.0754941 0.0241797
 0.162318 0.230891 0.536927 0.0356407 0.0342225
 0.478315 0.362476 0.0608809 0.0872545 0.0110743
 0.104105 0.794201 0.0782672 0.00905787 0.0143686
 0.575848 0.271217 0.143811 0.00708234 0.00204225
 0.232125 0.737605 0.0236258 0.00626128 0.000382956
 0.552507 0.378622 0.0676207 0.000984685 0.000265543
 0.248182 0.722992 0.026776 0.00201501 3.55531e-05
 0.135321 0.665518 0.194494 0.00434241 0.000324158
 0.277984 0.505666 0.187247 0.0284436 0.000659502
 0.190916 0.69823 0.0910002 0.0172628 0.00259089
 0.30007 0.574848 0.116516 0.00708238 0.0014838
 0.31325 0.665998 0.0197675 0.000921773 6.24558e-05
 0.198394 0.762526 0.0387497 0.000315643 1.4635e-05
 0.143591 0.647607 0.203148 0.00560773 4.63092e-05
 0.347782 0.478007 0.149728 0.023842 0.000640447
 0.42606 0.528108 0.0395556 0.00542755 0.000849187
 0.161514 0.767182 0.0683532 0.00255997 0.000391622
 0.369033 0.432255 0.188895 0.00942202 0.000394818
 0.337256 0.569061 0.0731291 0.0195613 0.000991729
 0.193986 0.666125 0.127044 0.0100798 0.00276496
 0.28806 0.487408 0.198175 0.0239863 0.00237034
 0.0271278 0.776258 0.1528 0.0387778 0.00503645
 0.216989 0.157006 0.538634 0.0682309 0.01914
 0.0481716 0.77285 0.053013 0.108777 0.0171884
pobs_RECLAS
 0 0 0 0 0
 0 0 0 0 0
 0 0 0 0 0
 0 0 0 0 0
 0.835266 0.146461 0.0176864 0.000547809 3.91292e-05
 0.385257 0.428462 0.181853 0.0044286 0
 0.867414 0.0963971 0.0333333 0.00285562 0
 0.441836 0.489002 0.0689373 0.000224442 0
 0.779404 0.147425 0.0564933 0.0165055 0.000172143
 0.814271 0.122319 0.05973 0.00367925 0
 0.40263 0.566651 0.0304383 0.000280538 0
 0.475488 0.404961 0.113038 0.00651328 0
 0.955842 0.0263864 0.0167828 0.000988607 0
 0.975058 0.0227948 0.00214734 0 0
 0.738997 0.206755 0.0527124 0.00153531 0
 0.850938 0.134255 0.0134407 0.00136685 0
 0.542534 0.407297 0.0501686 0 0
 0.764087 0.199537 0.0359546 0.000420521 0
 0.470689 0.182191 0.310203 0.0369168 0
 0.84361 0.089868 0.0606195 0.00523954 0.000663233
 0.607945 0.314616 0.071237 0.00620181 0
 0.523733 0.453247 0.0230204 0 0
 0.530135 0.295979 0.169645 0.0042399 0
 0.562478 0.366248 0.0663022 0.0049721 0
 0.250443 0.683176 0.0655157 0.000865301 0
 0.195077 0.31981 0.436473 0.0351445 0.0134964
 0.565238 0.351407 0.0832357 0.000118908 0
ppred_RECLAS
 0.170481 0.531123 0.259924 0.0384664 6.04556e-06
 0.474159 0.187057 0.24802 0.080062 0.0107022
 0.079815 0.717217 0.0962107 0.0803494 0.0264076
 0.355468 0.164391 0.418754 0.0309182 0.0304683
 0.718782 0.183926 0.0346908 0.0553868 0.00721486
 0.27877 0.635173 0.0643682 0.00825344 0.0134346
 0.817684 0.115092 0.0627843 0.00342583 0.00101367
 0.51414 0.466396 0.0148423 0.00434883 0.000272911
 0.819391 0.153663 0.0264044 0.000424261 0.000117381
 0.504241 0.474933 0.0191912 0.00160602 2.90814e-05
 0.337472 0.50468 0.15375 0.00380648 0.000291584
 0.556341 0.305869 0.117528 0.0197912 0.000470883
 0.448211 0.474621 0.0621227 0.0130377 0.00200777
 0.703628 0.255165 0.0381476 0.00251836 0.000540966
 0.683738 0.30855 0.00731407 0.000372147 2.58583e-05
 0.443183 0.528155 0.0283937 0.000256704 1.2214e-05
 0.355605 0.482853 0.156707 0.00479452 4.06285e-05
 0.656256 0.252399 0.0773629 0.0136069 0.000375014
 0.712501 0.263622 0.0202961 0.00308542 0.000495352
 0.379083 0.564659 0.0536749 0.00223233 0.000350454
 0.6358 0.241838 0.115669 0.00641717 0.000275971
 0.605626 0.33279 0.0469018 0.0139558 0.000726136
 0.417705 0.471713 0.0993413 0.0087714 0.00246934
 0.544354 0.301077 0.134605 0.018126 0.00183832
 0.0758708 0.717543 0.156489 0.0442052 0.00589245
 0.441669 0.103102 0.38533 0.0542744 0.0156249
 0.152307 0.681782 0.0456611 0.103474 0.0167754
pobs_PELACES
 0 0 0 0 0
 0 0 0 0 0
 0 0 0 0 0
 0 0 0 0 0
 0 0 0 0 0
 0 0 0 0 0
 0 0 0 0 0
 0 0 0 0 0
 0 0 0 0 0
 0 0 0 0 0
 0.450072 0.473896 0.0757376 0.000293798 0
 0 0 0 0 0
 0.463077 0.371075 0.160297 0.00555027 0
 0.529543 0.364841 0.0842815 0.0213345 0
 0.631943 0.363953 0.00410389 0 0
 0.735681 0.248677 0.0153453 0.000297389 0
 0.695825 0.281241 0.0229344 0 0
 0.275771 0.60734 0.115278 0.00161068 0
 0 0 0 0 0
 0.896147 0.0623911 0.0374545 0.00400742 0
 0.803859 0.145111 0.0509908 3.86294e-05 0
 0.739449 0.233085 0.0266225 0.000797448 4.60066e-05
 0.878498 0.100942 0.0204185 0.000141795 0
 0.694673 0.275183 0.0284847 0.00165964 0
 0.469039 0.446079 0.0841089 0.000773354 0
 0.822795 0.102175 0.0682046 0.00682512 0
 0 0 0 0 0
ppred_PELACES
 0.28319 0.511758 0.18054 0.0245087 3.78135e-06
 0.672859 0.145801 0.135887 0.0401805 0.00527242
 0.174636 0.704062 0.0604557 0.0460067 0.0148397
 0.573048 0.142043 0.25147 0.0169967 0.0164413
 0.82305 0.129135 0.0180146 0.0264211 0.00337886
 0.47949 0.480285 0.0308635 0.00360416 0.0057576
 0.921856 0.0571104 0.0197664 0.000982319 0.000285255
 0.726674 0.266684 0.00517864 0.00137895 8.49196e-05
 0.927616 0.0656022 0.00665864 9.70541e-05 2.63487e-05
 0.661451 0.328672 0.00916292 0.000701662 1.24716e-05
 0.549809 0.374781 0.0736229 0.00166159 0.000124919
 0.758701 0.187777 0.0462573 0.00709863 0.000165758
 0.674532 0.296271 0.0239375 0.0045685 0.000690411
 0.916031 0.0780364 0.00553619 0.000327503 6.89978e-05
 0.891039 0.107613 0.00128575 5.88209e-05 4.00906e-06
 0.630228 0.357043 0.0126201 0.000104123 4.86247e-06
 0.576123 0.349404 0.0724366 0.00201924 1.6793e-05
 0.845575 0.127171 0.0234141 0.00373925 0.000101127
 0.853477 0.138672 0.00676655 0.000936812 0.000147605
 0.563475 0.409488 0.0259013 0.000983728 0.00015158
 0.784816 0.159459 0.0529232 0.00268755 0.000113452
 0.749988 0.221979 0.0217925 0.00593677 0.000303217
 0.578094 0.362423 0.0539152 0.00436182 0.0012054
 0.710042 0.213913 0.0669646 0.00825829 0.000822155
 0.134989 0.720433 0.111831 0.028957 0.0037891
 0.671496 0.0822013 0.211367 0.0272382 0.00769713
 0.335721 0.584825 0.0234747 0.0482957 0.00768328
pobs_pel_tallas
 0 0 0 0 0 0 0 0 0 0 0 0 0 0 0 0 0 0 0 0 0 0 0 0 0 0 0 0 0 0 0 0 0 0 0 0
 0 0 0 0 0 0 0 0 0 0 0 0 0 0 0 0 0 0 0 0 0 0 0 0 0 0 0 0 0 0 0 0 0 0 0 0
 0 0 0 0 0 0 0 0 0 0 0 0 0 0 0 0 0 0 0 0 0 0 0 0 0 0 0 0 0 0 0 0 0 0 0 0
 0 0 0 0 0 0 0 0 0 0 0 0 0 0 0 0 0 0 0 0 0 0 0 0 0 0 0 0 0 0 0 0 0 0 0 0
 0 0 0 0 0 0 0 0 0 0 0 0 0 0 0 0 0 0 0 0 0 0 0 0 0 0 0 0 0 0 0 0 0 0 0 0
 0 0 0 0 0 0 0 0 0 0 0 0 0 0 0 0 0 0 0 0 0 0 0 0 0 0 0 0 0 0 0 0 0 0 0 0
 0 0 0 0 0 0 0 0 0 0 0 0 0 0 0 0 0 0 0 0 0 0 0 0 0 0 0 0 0 0 0 0 0 0 0 0
 0 0 0 0 0 0 0 0 0 0 0 0 0 0 0 0 0 0 0 0 0 0 0 0 0 0 0 0 0 0 0 0 0 0 0 0
 0 0 0 0 0 0 0 0 0 0 0 0 0 0 0 0 0 0 0 0 0 0 0 0 0 0 0 0 0 0 0 0 0 0 0 0
 0 0 0 0 0 0 0 0 0 0 0 0 0 0 0 0 0 0 0 0 0 0 0 0 0 0 0 0 0 0 0 0 0 0 0 0
 0 0 0 0 0 0 0 0 1.78061e-05 0.00172719 0.00360574 0.0105946 0.0120993 0.0124554 0.0147524 0.0171206 0.0266825 0.0428682 0.0675386 0.121331 0.153587 0.119568 0.100827 0.0573624 0.0630603 0.0341343 0.0324427 0.0444173 0.0211091 0.0280891 0.0125444 0.00206551 0 0 0 0
 0 0 0 0 0 0 0 0 0 0 0 0 0 0 0 0 0 0 0 0 0 0 0 0 0 0 0 0 0 0 0 0 0 0 0 0
 0 0 0 0 0 0 0.0133647 0.0140871 0.0187388 0.0205184 0.03894 0.0496705 0.03968 0.0493445 0.0407372 0.0367815 0.0215668 0.0243155 0.0234873 0.0199281 0.019796 0.0243948 0.0301388 0.0376714 0.0412746 0.0863199 0.0771752 0.113111 0.0741005 0.0525337 0.0229764 0.00759418 0.00175318 0 0 0
 0 0 0 0 0 0 0 0 0 0 0.00219441 0.00772107 0.0458388 0.0604681 0.0671733 0.0775358 0.0609151 0.0617685 0.073594 0.0568108 0.0755445 0.0548602 0.0670107 0.0636378 0.0643287 0.046367 0.0373049 0.0286899 0.0247887 0.0153202 0.00654259 0.00121912 0.000365735 0 0 0
 0 0 0 0 0 0 0 0 0 0 0 0 0.000112435 0.00938835 0.0111873 0.0202946 0.0414886 0.0713402 0.111592 0.104902 0.108894 0.110636 0.117776 0.105296 0.107544 0.0401394 0.0192827 0.0124803 0.00416011 0.0028671 0.000618394 0 0 0 0 0
 0 0 0 0 0 0 0 0 0 0 0.00291406 0.0102884 0.027416 0.0768956 0.0749926 0.110853 0.0956884 0.0897413 0.0766577 0.0534642 0.0500743 0.0551293 0.0594112 0.0620874 0.0668451 0.0424026 0.0208742 0.0120726 0.0048766 0.00582813 0.00118941 0.000297354 0 0 0 0
 0 0.00264628 0.0354308 0.0461629 0.0458689 0.0383711 0.0214643 0.0164657 0.0346957 0.0420465 0.0363128 0.0245516 0.0311673 0.0291091 0.0169068 0.0133784 0.00837989 0.0085269 0.0148486 0.0160247 0.0276389 0.0546898 0.0760071 0.122758 0.109233 0.0665981 0.0333725 0.0166128 0.00676272 0.00308733 0.000882094 0 0 0 0 0
 0 0 0 0 0 0 0 0.000805153 0.000690131 0.00759144 0.0133425 0.0154129 0.00931677 0.000345066 0.00356568 0.00563607 0.00851162 0.0253048 0.0502646 0.0516448 0.0657925 0.0565908 0.0611916 0.0827007 0.0866115 0.110766 0.145733 0.0935128 0.0569358 0.0249597 0.0138026 0.00621118 0.00161031 0.00115022 0 0
 0 0 0 0 0 0 0 0 0 0 0 0 0 0 0 0 0 0 0 0 0 0 0 0 0 0 0 0 0 0 0 0 0 0 0 0
 0.00147267 0.00158595 0.00478618 0.00569244 0.00954404 0.0108468 0.00647125 0.017049 0.0510054 0.094081 0.124002 0.0959785 0.0687766 0.0820023 0.061753 0.0591476 0.0492212 0.0479892 0.0443925 0.0268479 0.0217502 0.0140895 0.0121071 0.0120363 0.00920419 0.00665534 0.0049561 0.00860946 0.00930331 0.0156896 0.0114698 0.00855282 0.00243557 0.00046729 0 2.83206e-05
 0 0 0 0 0.000772559 0.00158375 0.000888443 0.00281984 0.00712685 0.0440552 0.0773331 0.111326 0.0921469 0.0852325 0.0710754 0.0886704 0.0786465 0.0553345 0.0373146 0.0185414 0.00753245 0.00457741 0.012979 0.0271748 0.0457355 0.0583668 0.034881 0.0177882 0.00938659 0.00492506 0.0015258 0.00185414 0.000309023 5.79419e-05 3.86279e-05 0
 0 0.00173294 0.00326652 0 0.00397197 0.00683976 0.00946217 0.0152591 0.00757587 0.0136028 0.0228656 0.0392903 0.0559909 0.0764795 0.0681675 0.0726916 0.0566044 0.0477403 0.0527397 0.0444891 0.0609904 0.0582453 0.0661739 0.0445044 0.0529084 0.0360697 0.0280645 0.0235558 0.0158879 0.00826598 0.00280645 0.00217768 0.000904811 0.00058276 9.20147e-05 0
 0 0 0 0 0 0 0 0 0 0 0 0 0 0 0 0 0 0 0 0 0 0 0 0 0 0 0 0 0 0 0 0 0 0 0 0
 0 0 0 0 0 0 0 0 0 0 0 0 0 0 0 0 0 0 0 0 0 0 0 0 0 0 0 0 0 0 0 0 0 0 0 0
 0 0 0 0 0 0 0 0 0 0 0 0 0 0 0 0 0 0 0 0 0 0 0 0 0 0 0 0 0 0 0 0 0 0 0 0
 0 0 0 0 0 0 0 0 0 0 0 0 0 0 0 0 0 0 0 0 0 0 0 0 0 0 0 0 0 0 0 0 0 0 0 0
 0 0 0 0 0 0 0 0 0 0 0 0 0 0 0 0 0 0 0 0 0 0 0 0 0 0 0 0 0 0 0 0 0 0 0 0
ppred_pel_tallas
 1.03572e-16 1.23822e-05 7.26078e-05 0.000345007 0.00132806 0.00414124 0.0104609 0.0214081 0.0355002 0.0477177 0.0520369 0.0461635 0.0336198 0.0207808 0.012256 0.00910355 0.0101865 0.0140736 0.0198226 0.0268449 0.0345753 0.0423097 0.0492295 0.0545383 0.0576303 0.0582228 0.0564084 0.0526059 0.0474371 0.0415705 0.0355867 0.0298996 0.0247424 0.0202007 0.0162686 0.0128998
 1.03604e-16 2.93586e-05 0.000172308 0.00081907 0.00315345 0.00983374 0.0248392 0.0508244 0.0842472 0.113142 0.123122 0.108605 0.077748 0.0453859 0.0220515 0.00976425 0.00533225 0.00500046 0.00647903 0.00877574 0.0114943 0.0143937 0.0172393 0.0197939 0.0218525 0.023277 0.0240127 0.0240828 0.0235646 0.0225596 0.021169 0.0194817 0.0175746 0.0155195 0.0133913 0.0112691
 1.03362e-16 7.6562e-06 4.48451e-05 0.000212983 0.000819675 0.0025558 0.0064565 0.0132161 0.0219272 0.029508 0.0322699 0.0288432 0.0214733 0.0141991 0.0100058 0.00971128 0.0127733 0.0184128 0.0260381 0.0351077 0.0449029 0.0544535 0.0626374 0.0683922 0.0709572 0.0700544 0.0659525 0.059382 0.0513419 0.0428607 0.0347909 0.0276895 0.0218002 0.0171128 0.0134626 0.0106263
 1.04969e-16 2.50066e-05 0.000146757 0.000697597 0.00268575 0.00837523 0.0211552 0.0432865 0.0717533 0.0963661 0.104874 0.0925278 0.0662814 0.0387792 0.0190077 0.00870815 0.00518857 0.00528056 0.00706317 0.00971507 0.0129111 0.0164417 0.0200814 0.0235803 0.0266948 0.0292212 0.0310174 0.0320079 0.0321747 0.0315441 0.0301756 0.0281571 0.0256056 0.022666 0.0195051 0.0162987
 1.01364e-16 3.59067e-05 0.000210754 0.00100185 0.0038572 0.0120284 0.0303826 0.0621664 0.103046 0.138382 0.150572 0.132779 0.0949683 0.0552642 0.0265212 0.0111714 0.00526626 0.00416807 0.00503919 0.00664712 0.00851475 0.0103865 0.0120451 0.0132945 0.013992 0.0140791 0.0135926 0.0126499 0.0114149 0.0100563 0.00871305 0.00747473 0.00638016 0.00542927 0.00460091 0.00386903
 1.00988e-16 2.09402e-05 0.000122854 0.000583892 0.00224785 0.00700956 0.017706 0.0362318 0.0600692 0.0807044 0.0879098 0.0777506 0.0561096 0.0336598 0.0180417 0.0108491 0.00995325 0.0127677 0.0176362 0.0236621 0.0301861 0.0365 0.041825 0.0454333 0.0468097 0.0457763 0.0425361 0.0376142 0.0317239 0.0255996 0.0198522 0.014884 0.0108722 0.00780891 0.00556813 0.00397432
 1.00347e-16 4.02122e-05 0.000236037 0.00112206 0.00432009 0.0134719 0.0340287 0.069626 0.115408 0.154975 0.168606 0.148631 0.106196 0.0615757 0.0291332 0.0115532 0.00437372 0.0023721 0.00236637 0.00300921 0.00384227 0.00469343 0.00545394 0.00603233 0.00636093 0.00640869 0.00618684 0.00574334 0.00514899 0.00447988 0.00380209 0.00316278 0.00258841 0.00208843 0.00166147 0.00130126
 1.00212e-16 3.17098e-05 0.000186101 0.000884621 0.0034058 0.0106207 0.026827 0.0548924 0.0909931 0.12221 0.13301 0.117377 0.0841359 0.049331 0.0243667 0.0114539 0.00716659 0.00744752 0.00978274 0.0130081 0.01655 0.0199641 0.0228081 0.0246779 0.0252915 0.0245578 0.0225998 0.0197216 0.0163317 0.0128489 0.00962035 0.00687253 0.00470217 0.0030985 0.00198178 0.00124294
 1.00121e-16 4.04637e-05 0.000237513 0.00112908 0.00434709 0.0135561 0.0342414 0.0700612 0.11613 0.155945 0.169662 0.149566 0.106872 0.0619833 0.0293551 0.0116909 0.00450223 0.00253341 0.00257933 0.00327715 0.00415472 0.00502522 0.00576553 0.00627329 0.00647688 0.00635061 0.00592057 0.00525687 0.00445558 0.00361618 0.0028221 0.002129 0.00156258 0.00112365 0.000797081 0.000560732
 1.00262e-16 2.88683e-05 0.000169414 0.000805273 0.00310027 0.00966785 0.0244204 0.0499688 0.0828339 0.111259 0.121112 0.106926 0.0767506 0.0452143 0.02273 0.0113479 0.00798604 0.00897591 0.0120288 0.0160474 0.0204288 0.0246505 0.0281715 0.0304939 0.0312692 0.0303836 0.0279871 0.0244522 0.020281 0.0159887 0.0120026 0.00860263 0.00590942 0.00391158 0.00251305 0.00158135
 1.01231e-16 2.40023e-05 0.000140841 0.000669424 0.0025772 0.00803666 0.0203002 0.041539 0.068863 0.0925037 0.100722 0.0889857 0.0640081 0.0379793 0.0195975 0.0106174 0.00852946 0.0103252 0.0141156 0.0189592 0.0242737 0.0294948 0.0340117 0.0372474 0.0387808 0.0384433 0.0363554 0.0328853 0.0285504 0.0238938 0.0193768 0.0153154 0.0118679 0.00906152 0.00683978 0.00510863
 1.0097e-16 3.31033e-05 0.000194289 0.000923562 0.00355576 0.0110883 0.0280082 0.0573086 0.0949958 0.127578 0.138833 0.122467 0.0876803 0.0511996 0.0249016 0.0110599 0.00606587 0.00566678 0.00724934 0.00964991 0.0123659 0.0150668 0.0174387 0.0191906 0.0201076 0.0200984 0.0192136 0.0176256 0.015581 0.0133404 0.0111261 0.00909191 0.00731739 0.00582139 0.0045846 0.00357129
 1.00626e-16 2.94375e-05 0.000172758 0.000821177 0.00316152 0.00985885 0.0249028 0.0509556 0.0844687 0.113451 0.12349 0.109005 0.0781977 0.0459764 0.0229466 0.0111838 0.00753122 0.00824046 0.010982 0.0146589 0.0186974 0.0226216 0.025944 0.0282134 0.0291098 0.0285203 0.026566 0.0235663 0.019957 0.0161879 0.0126344 0.00954507 0.00703176 0.00509346 0.00365735 0.00262006
 1.00119e-16 3.9959e-05 0.000234549 0.00111498 0.00429282 0.0133868 0.033814 0.0691867 0.114681 0.154 0.167549 0.147711 0.105563 0.0612564 0.0290721 0.0116847 0.0046676 0.00283403 0.00301856 0.00386923 0.00490703 0.00592904 0.00679236 0.00737617 0.00759623 0.0074234 0.00689052 0.00608298 0.00511691 0.00411213 0.0031686 0.00235248 0.00169342 0.00119082 0.000824716 0.000566747
 1.00056e-16 3.88705e-05 0.000228155 0.00108458 0.00417576 0.0130218 0.0328918 0.0673003 0.111555 0.149805 0.162993 0.143711 0.102743 0.0596972 0.028477 0.0116973 0.00506478 0.0035423 0.00404928 0.00525535 0.00666349 0.00803172 0.00916987 0.00991326 0.0101483 0.00983869 0.00903498 0.00786082 0.00648217 0.005069 0.0037621 0.00265327 0.00178149 0.00114199 0.000701824 0.000416017
 1.003e-16 2.7508e-05 0.000161425 0.000767287 0.00295401 0.00921172 0.0232683 0.0476117 0.0789279 0.106017 0.115416 0.101922 0.073213 0.0432395 0.0219394 0.0112855 0.00836 0.0096806 0.0130667 0.0174538 0.0222268 0.0268274 0.0306696 0.0332122 0.0340759 0.0331355 0.0305518 0.0267278 0.0222069 0.0175476 0.0132136 0.00950915 0.00656657 0.0043753 0.00283305 0.00179802
 1.01213e-16 2.51486e-05 0.000147573 0.000701437 0.00270047 0.00842107 0.0212712 0.0435254 0.0721547 0.0969216 0.105522 0.0932018 0.066987 0.0396391 0.0202558 0.0106569 0.0081937 0.00970097 0.0131989 0.0177194 0.0226923 0.0275855 0.0318285 0.0348827 0.0363539 0.0360828 0.0341784 0.0309804 0.0269675 0.0226432 0.0184357 0.0146394 0.0114028 0.00875374 0.00664288 0.00498613
 1.00508e-16 3.68889e-05 0.00021652 0.00102926 0.00396275 0.0123575 0.031214 0.0638674 0.105865 0.142168 0.154689 0.136406 0.0975545 0.0567526 0.0272042 0.0114045 0.0052932 0.00410169 0.00491183 0.00645597 0.00824455 0.0100176 0.0115556 0.0126618 0.0131934 0.0130937 0.0124036 0.0112475 0.00980008 0.00824405 0.00673405 0.00537522 0.00421932 0.00327416 0.00251985 0.00192459
 1.00181e-16 3.72339e-05 0.000218544 0.00103888 0.0039998 0.012473 0.0315058 0.0644646 0.106855 0.143498 0.156139 0.137689 0.0984816 0.0573115 0.0275083 0.0115929 0.00546868 0.00432198 0.00520291 0.00682271 0.00867304 0.0104739 0.0119863 0.0129982 0.0133613 0.0130256 0.0120518 0.0105941 0.00886139 0.00706828 0.00539335 0.00395405 0.00280186 0.0019337 0.00131158 0.000882522
 1.00542e-16 2.45994e-05 0.000144344 0.000686071 0.00264129 0.00823651 0.0208051 0.0425721 0.0705763 0.0948069 0.103234 0.0912162 0.0656358 0.0389913 0.0202031 0.0110754 0.0090395 0.0110099 0.015039 0.0201383 0.0256757 0.0310296 0.0355316 0.0385598 0.0396747 0.0387257 0.0358879 0.0316127 0.0265129 0.02122 0.0162607 0.0119828 0.0085414 0.00593149 0.00404551 0.00273147
 1.00901e-16 3.42409e-05 0.000200971 0.000955332 0.00367809 0.0114698 0.0289718 0.05928 0.0982625 0.131962 0.143595 0.126649 0.090632 0.0528381 0.0255397 0.0110738 0.00569359 0.00499052 0.00626232 0.00832126 0.0106805 0.0130462 0.0151489 0.0167384 0.0176272 0.01773 0.0170801 0.0158139 0.0141314 0.0122472 0.0103472 0.00856387 0.00697069 0.00559287 0.0044248 0.00344676
 1.006e-16 3.27247e-05 0.000192063 0.000912974 0.00351498 0.0109611 0.027687 0.0566517 0.0939078 0.12612 0.137254 0.121093 0.0867373 0.050731 0.0248259 0.0112828 0.0065464 0.00641803 0.00830838 0.0110449 0.0140905 0.0170643 0.0195968 0.0213488 0.0220792 0.0217004 0.0202992 0.0181101 0.0154547 0.0126655 0.0100203 0.00770382 0.00580011 0.00431066 0.00318463 0.00234919
 1.0109e-16 2.52351e-05 0.00014808 0.000703841 0.00270972 0.00844993 0.0213441 0.0436747 0.0724025 0.0972552 0.105888 0.0935301 0.0672348 0.0398093 0.0203857 0.0107933 0.00837696 0.00996074 0.0135542 0.0181766 0.0232413 0.0281957 0.0324484 0.0354446 0.0367837 0.0363125 0.0341601 0.0306958 0.0264322 0.0219033 0.0175592 0.0137035 0.0104815 0.0079078 0.00591363 0.00439412
 1.01343e-16 3.09826e-05 0.000181837 0.000864355 0.00332779 0.0103774 0.0262125 0.0536347 0.088907 0.119404 0.129948 0.114653 0.0821364 0.0480649 0.0235689 0.0107955 0.00638713 0.00637902 0.0083306 0.0111419 0.0143121 0.0174834 0.0203017 0.0224338 0.0236295 0.0237763 0.02292 0.0212441 0.0190167 0.0165243 0.0140136 0.0116588 0.00955492 0.00773214 0.00618041 0.00487201
 1.02995e-16 5.92825e-06 3.46986e-05 0.000164741 0.000633924 0.00197654 0.00499335 0.0102226 0.0169659 0.0228479 0.0250296 0.0224739 0.0169516 0.0116366 0.0089058 0.00947388 0.0130035 0.0189522 0.0268725 0.0362797 0.0464631 0.0564359 0.0650465 0.0711962 0.0740871 0.0734085 0.0694048 0.0627942 0.054576 0.0457911 0.0373152 0.0297372 0.0233379 0.0181461 0.0140325 0.0108029
 1.04323e-16 2.92968e-05 0.000171951 0.000817382 0.00314697 0.00981355 0.0247882 0.0507194 0.0840716 0.112901 0.122847 0.108331 0.0774856 0.0450989 0.0216644 0.009177 0.00443505 0.00368641 0.00466223 0.00641711 0.0086304 0.011159 0.0138708 0.0166115 0.0192148 0.0215196 0.0233853 0.0247003 0.0253861 0.0253999 0.0247374 0.023437 0.0215819 0.0192965 0.016736 0.014069
 1.02543e-16 1.46753e-05 8.60647e-05 0.00040897 0.00157432 0.00490916 0.0124007 0.0253775 0.0420812 0.0565598 0.061669 0.0546838 0.039771 0.0244743 0.0142377 0.0102879 0.0112428 0.0153667 0.0215043 0.0289258 0.0369451 0.0447332 0.0513545 0.0559305 0.0578389 0.0568635 0.053246 0.0476132 0.0408134 0.0337147 0.0270316 0.0212248 0.0164863 0.0127912 0.00998246 0.00785468
pSPR Fmed_Fpbrs
0.520338   0.6 0.325
Fs Fmed_Fpbrs
0.64   0.454138 1.5898
SSBpbr Bo_Bmed_Bpbrs
492443  231615  270844 135422
Ro
20333
SPR SPRFo_SPRFmed_SPRFpbrs
419962 218523 136488
log_Ro
9.74
likeval ReclasPelacesDesembMPH_pf_preclas_ppelaces_ptallas_desvR_qrecl_qpela
 93.5665 10.2485 0.260762 94.6683 370.206 232.251 60.8686 0 37.0532 7.50842e-05 0.000251322 1.77155e-14 0 0 0
q_reclas_q_pelaces
3.41399 9.53932
M
0.7
N
 15829.8 20103.8 6654.55 873.193 0.133647
 43160.9 7538.83 7024.34 2014.79 262.305
 3718.35 20101.4 2183.63 1633.31 522.976
 7501.82 1594.12 2902.96 190.633 182.97
 36069.9 3459 424.442 599.544 76.05
 12430.7 17572.7 1462.81 168.124 266.624
 60629 5285.06 2366.27 115.727 33.3618
 40401 25789.7 714.594 188.287 11.5135
 113107 16602.5 2609.36 37.8074 10.1936
 101879 45163.2 1319.23 98.2518 1.73286
 53135.8 46671.6 11387 252.335 18.8311
 69677.5 22928.3 7117.51 1073.33 24.8793
 41690.9 29913.2 3349.93 631.617 94.7736
 29765.4 17308.5 3297.86 200 41.8974
 16487.7 9792.01 269.99 12.5554 0.850612
 8711.41 5721.29 239.176 1.93229 0.0895631
 4649.91 3824.24 1008.23 27.6326 0.228129
 6983.29 1989.84 543.846 86.1337 2.31324
 12308.1 2830.09 179.116 24.408 3.81781
 6627.48 5230.57 379.662 14.0957 2.15561
 16738 2940.48 1007.83 49.736 2.08325
 30753 7706.98 773.827 204.751 10.3761
 28879 14208.5 2087.12 163.678 44.8772
 54469.1 13508.6 4268.98 510.966 50.4718
 6289.91 25281.4 3801.89 953.266 123.751
 26715.3 2961.99 8035.97 1007.57 282.528
 3654.34 12208.4 731.55 1493.07 235.878
pred_Ctot
 467.495 4372.47 1921.43 255.383 0.0391076
 1935.72 2329.86 2804.12 813.502 105.957
 368.589 10977 1420.86 1070.49 342.862
 387.314 550.939 1281.18 85.0437 81.6597
 491.606 372.548 62.5727 89.6791 11.382
 1297.38 9897.53 975.385 112.881 179.065
 6309.19 2971.54 1575.64 77.5966 22.3756
 5065.85 16097.3 515.604 136.645 8.35754
 16137.8 11058.9 1975.09 28.761 7.75607
 5703.82 16616.1 615.378 46.3099 0.817095
 5048.93 24831.1 7256.75 162.019 12.0946
 6845.98 12453.2 4611.38 700.49 16.2417
 4967.12 18166.1 2367.58 449.133 67.4081
 7397.69 14171.8 2872.5 174.603 36.5805
 3645.87 7751.45 230.071 10.7284 0.726913
 731.791 2812.63 142.931 1.16427 0.053982
 466.308 2103.09 659.719 18.211 0.150388
 934.415 1284.3 402.288 64.0584 1.72074
 1288.03 1596.53 119.581 16.4081 2.56719
 511.103 2427.71 216.301 8.10092 1.23927
 879.833 1030.56 450.354 22.4636 0.941306
 1545.92 2608.47 335.21 89.6655 4.5459
 1209.52 4153.33 792.128 62.8485 17.2397
 2569.31 4347.37 1767.6 213.943 21.1419
 234.593 6712.83 1321.36 335.338 43.5537
 1539.58 1113.98 3821.71 484.11 135.802
 493.323 7914.71 542.903 1113.98 176.026
F
 0.0418287 0.351526 0.494787 0.5028 0.503119
 0.0641459 0.53908 0.758775 0.771064 0.771552
 0.146962 1.23506 1.73839 1.76655 1.76767
 0.0741674 0.6233 0.877318 0.891527 0.892092
 0.0191121 0.160617 0.226075 0.229736 0.229882
 0.155288 1.30503 1.83688 1.86663 1.86781
 0.154799 1.30092 1.8311 1.86076 1.86194
 0.1893 1.59087 2.23921 2.27548 2.27692
 0.218053 1.83251 2.57933 2.6211 2.62276
 0.0806536 0.677809 0.954043 0.969494 0.970108
 0.140479 1.18058 1.66171 1.68862 1.68969
 0.145578 1.22343 1.72203 1.74992 1.75103
 0.179085 1.50502 2.11838 2.15269 2.15405
 0.411778 3.46057 4.87088 4.94977 4.9529
 0.358417 3.01212 4.23968 4.30834 4.31107
 0.123275 1.036 1.4582 1.48182 1.48276
 0.148793 1.25045 1.76005 1.78856 1.78969
 0.203211 1.70777 2.40376 2.44269 2.44423
 0.155734 1.30879 1.84217 1.872 1.87319
 0.112652 0.946724 1.33255 1.35413 1.35499
 0.0755572 0.634979 0.893758 0.908233 0.908808
 0.0721496 0.606342 0.85345 0.867272 0.867822
 0.0597888 0.502463 0.707236 0.71869 0.719145
 0.0675665 0.567826 0.799237 0.812181 0.812696
 0.0530868 0.446139 0.627958 0.638128 0.638532
 0.0831096 0.69845 0.983095 0.999016 0.99965
 0.20519 1.7244 2.42716 2.46647 2.46804
Np
 12537.7 5995.35 534.421 343.391 13.3065
YTP_r0W_actual
 800.213 52510 6104.51 16121.4 2827.82
YTP_p0W_proyectada
 2745.46 6357.3 9019.04 346.303 786.256
 2745.46 25786.8 4459.54 3707.76 159.524
CTP_r0_actual
 97.587 2431.02 194.411 402.029 63.5464
CTP_p0_proyectada
 334.812 294.319 287.231 8.63599 17.6687
 334.812 1193.83 142.024 92.4629 3.58481
Wmedp
 8.2 21.6 31.4 40.1 44.5
nmprior
 10.8 10.6 4.6 0
nm_flota  nm_reclas  nm_pelaces    nm_pelaL
inf 12 11.349 29.9875
cv_recla  cv_pelaces  cv_mph
0.837704 0.350687 0.390058
 ------------------------------------------------
Talla a la edad & desviaci?n 
 7.2 14.2025 17.0495 18.207 18.6776
 1.08 2.13037 2.55742 2.73105 2.80164
